Watch,strike,open_interest.yt,open_interest.td,OI_Dollar.yt,OI_Dollar.td,Date.td,expiry,stkClose,diff_oi,diff_oi_d,totalOI,totalOIdiff,OI_pct,cum_sep_OI,pct
494.35,500,225594,225880,113022594,127622200,2024-08-23,2024-12-20,556.22,286,14599606,592449013,78717254,21.5414655438037,21.5414655438037,0.114397071982774
528.36,540,30707,39842,31597503,46376088,2024-08-23,2024-12-20,556.22,9135,14778585,592449013,78717254,7.827861466958,29.3693270107617,0.318668211083264
541.17,550,40465,50878,29296660,44925274,2024-08-23,2024-10-18,556.22,10413,15628614,371743374,99656101,12.0850234710572,12.0850234710572,0.347880215488502
520.46,530,35703,35781,30061926,34135074,2024-08-23,2024-12-20,556.22,78,4073148,592449013,78717254,5.76168974054819,35.1310167513099,0.119324422733052
514.1,520,54503,54453,27905536,32127270,2024-08-23,2024-11-15,556.22,-50,4221734,285665071,41499673,11.2464817233466,11.2464817233466,0.131406558976222
536.14,540,83699,80497,25026001,31071842,2024-08-23,2024-09-20,556.22,-3202,6045841,379033498,91846104,8.19765064669825,8.19765064669825,0.194576201822859
541.9,560,15540,15743,23900520,28494830,2024-08-23,2024-12-20,556.22,203,4594310,592449013,78717254,4.80966789964084,39.9406846509507,0.161233107900626
543.95,550,34408,44442,16171760,26887410,2024-08-23,2024-09-20,556.22,10034,10715650,379033498,91846104,7.09367645389485,15.2913271005931,0.398537828671486
533.55,540,30325,38176,16041925,24623520,2024-08-23,2024-10-18,556.22,7851,8581595,371743374,99656101,6.62379526366488,18.7088187347221,0.348512113621448
537.67,550,20386,19472,20691790,24008976,2024-08-23,2024-11-15,556.22,-914,3317186,285665071,41499673,8.40458930311435,19.6510710264609,0.138164409844052
535.96,550,15585,15332,19418910,21526128,2024-08-23,2024-12-20,556.22,-253,2107218,592449013,78717254,3.63341444202895,43.5740990929797,0.0978911767132482
485.19,490,44443,44703,19821578,21502143,2024-08-23,2024-12-20,556.22,260,1680565,592449013,78717254,3.62936599237781,47.2034650853575,0.078158023597927
527.41,530,76232,76685,15170168,19861415,2024-08-23,2024-09-20,556.22,453,4691247,379033498,91846104,5.24001575185315,20.5313428524462,0.23619903214348
471.03,475,49061,49121,16582618,19501037,2024-08-23,2024-12-20,556.22,60,2918419,592449013,78717254,3.29159751676386,50.4950626021214,0.149654554268063
541.7,555,15231,14043,17500419,18677190,2024-08-23,2024-11-15,556.22,-1188,1176771,285665071,41499673,6.53814270488813,26.1892137313491,0.0630057840606646
486.68,490,46288,56255,13145792,18676660,2024-08-23,2024-11-15,556.22,9967,5530868,285665071,41499673,6.53795717292997,32.727170904279,0.296137960427614
511.8,520,21191,21240,14854891,17416800,2024-08-23,2024-12-20,556.22,49,2561909,592449013,78717254,2.93979728513785,53.4348598872592,0.147094127509072
518.21,520,93203,95379,12862014,17072841,2024-08-23,2024-09-20,556.22,2176,4210827,379033498,91846104,4.50430927347746,25.0356521259237,0.246638916159297
531.85,545,13291,12836,14939084,16879340,2024-08-23,2024-12-20,556.22,-455,1940256,592449013,78717254,2.84907892993654,56.2839388171958,0.114948570264003
498.72,505,26742,26764,14520906,16807792,2024-08-23,2024-12-20,556.22,22,2286886,592449013,78717254,2.83700227887796,59.1209410960737,0.136061060251103
540.17,545,27497,32385,10173890,15641955,2024-08-23,2024-09-20,556.22,4888,5468065,379033498,91846104,4.12680015949408,29.1624522854178,0.349576827193276
515.94,525,16777,17051,13169945,15448206,2024-08-23,2024-12-20,556.22,274,2278261,592449013,78717254,2.607516539149,61.7284576352227,0.147477383457989
547.7,560,11563,12118,11782697,14905140,2024-08-23,2024-10-18,556.22,555,3122443,371743374,99656101,4.00952405408576,22.7183427888079,0.209487666670692
522.61,530,22588,19748,14298204,14593772,2024-08-23,2024-11-15,556.22,-2840,295568,285665071,41499673,5.10870018126927,37.8358710855483,0.0202530230018668
496.01,500,24782,35348,8525008,14103852,2024-08-23,2024-11-15,556.22,10566,5578844,285665071,41499673,4.93719863987152,42.7730697254198,0.395554632876182
524.52,535,13306,13208,12308050,13841984,2024-08-23,2024-12-20,556.22,-98,1533934,592449013,78717254,2.33640088788535,64.0648585231081,0.110817495526653
520.79,525,24086,32361,8406014,13623981,2024-08-23,2024-10-18,556.22,8275,5217967,371743374,99656101,3.6648887250913,26.3832315138992,0.382998699132067
524.32,529,8916,28989,3459408,13566852,2024-08-23,2024-10-18,556.22,20073,10107444,371743374,99656101,3.64952086543444,30.0327523793336,0.745010264724639
536.82,541,30713,30393,9306039,12704274,2024-08-23,2024-09-20,556.22,-320,3398235,379033498,91846104,3.35175494172286,32.5142072271406,0.267487540019996
547.46,555,16157,16602,9516473,12517908,2024-08-23,2024-09-20,556.22,445,3001435,379033498,91846104,3.30258620044184,35.8167934275825,0.239771294053288
549.59,565,7594,8030,9279868,12374230,2024-08-23,2024-10-18,556.22,436,3094362,371743374,99656101,3.32870223532216,33.3614546146558,0.250065014146335
503.06,510,17803,17805,10877633,12356670,2024-08-23,2024-12-20,556.22,2,1479037,592449013,78717254,2.08569340632862,66.1505519294367,0.11969543574442
516.29,520,32152,33139,9774208,12294569,2024-08-23,2024-10-18,556.22,987,2520361,371743374,99656101,3.30727320509013,36.6687278197459,0.204997914119641
544.75,560,8157,7918,10759083,12074950,2024-08-23,2024-11-15,556.22,-239,1315867,285665071,41499673,4.22696060030384,47.0000303257237,0.108974943995627
513.46,515,74225,75227,8832775,11584958,2024-08-23,2024-09-20,556.22,1002,2752183,379033498,91846104,3.0564470056417,38.8732404332242,0.23756521171678
498.99,500,112917,113198,9033360,11432998,2024-08-23,2024-09-20,556.22,281,2399638,379033498,91846104,3.01635556232552,41.8895959955497,0.209887030505909
529.89,536,7101,18624,3365874,11379264,2024-08-23,2024-10-18,556.22,11523,8013390,371743374,99656101,3.06105361813389,39.7297814378798,0.704209868054735
526.78,535,13778,13783,10126830,11329626,2024-08-23,2024-11-15,556.22,5,1202796,285665071,41499673,3.9660522584506,50.9660825841743,0.106163786871694
488.04,490,55716,57001,8747412,11172196,2024-08-23,2024-10-18,556.22,1285,2424784,371743374,99656101,3.00535175107116,42.7351331889509,0.217037366691383
531.82,535,34378,34892,8319476,11095656,2024-08-23,2024-09-20,556.22,514,2776180,379033498,91846104,2.92735498538971,44.8169509809394,0.250204224067509
544.52,555,12369,10350,10637340,10846800,2024-08-23,2024-10-18,556.22,-2019,209460,371743374,99656101,2.91781932339163,45.6529525123426,0.0193107644650957
539.31,555,6848,6886,9422848,10804134,2024-08-23,2024-12-20,556.22,38,1381286,592449013,78717254,1.82363946313132,67.974191392568,0.127847914511242
497.7,500,45446,46239,8907416,10634970,2024-08-23,2024-10-18,556.22,793,1727554,371743374,99656101,2.86083646510402,48.5137889774466,0.162440890759447
489.74,495,20126,20056,9298212,10549456,2024-08-23,2024-12-20,556.22,-70,1251244,592449013,78717254,1.78065213520746,69.7548435277755,0.118607442886155
500.45,505,23029,23147,9303716,10531885,2024-08-23,2024-11-15,556.22,118,1228169,285665071,41499673,3.68679480593551,54.6528773901098,0.116614357258933
537.53,545,14719,14016,9066904,10469952,2024-08-23,2024-10-18,556.22,-703,1403048,371743374,99656101,2.81644616482122,51.3302351422678,0.134007109106135
475.88,480,29532,25179,10720116,10373748,2024-08-23,2024-12-20,556.22,-4353,-346368,592449013,78717254,1.75099422437556,71.505837752151,-0.0333888966649277
534,545,9418,9367,8570380,10303700,2024-08-23,2024-11-15,556.22,-51,1733320,285665071,41499673,3.60691629674249,58.2597936868523,0.168223065500742
508.69,510,74927,78483,7717481,10281273,2024-08-23,2024-09-20,556.22,3556,2563792,379033498,91846104,2.71249719464109,47.5294481755805,0.24936522938356
398.55,400,69838,69891,9078940,10134195,2024-08-23,2024-12-20,556.22,53,1055255,592449013,78717254,1.71055985876037,73.2163976109114,0.104128152260737
438.48,440,65312,65330,9208992,9930160,2024-08-23,2024-11-15,556.22,18,721168,285665071,41499673,3.47615477287386,61.7359484597261,0.0726240060583113
504.95,510,18355,19107,7690745,9649035,2024-08-23,2024-11-15,556.22,752,1958290,285665071,41499673,3.37774407148293,65.113692531209,0.202951901407757
530.75,540,9362,10403,7498962,9622775,2024-08-23,2024-11-15,556.22,1041,2123813,285665071,41499673,3.36855148804664,68.4822440192557,0.220706916663852
550.42,560,10541,9946,7958455,9528268,2024-08-23,2024-09-20,556.22,-595,1569813,379033498,91846104,2.5138326955999,50.0432808711804,0.164753237419434
458.89,460,84599,85686,8206103,9511146,2024-08-23,2024-10-18,556.22,1087,1305043,371743374,99656101,2.55852468805537,53.8887598303232,0.137211961629019
522.84,525,48684,43243,8032860,9340488,2024-08-23,2024-09-20,556.22,-5441,1307628,379033498,91846104,2.46429090022012,52.5075717714005,0.139995683309052
507.11,510,32089,31924,7701360,9226036,2024-08-23,2024-10-18,556.22,-165,1524676,371743374,99656101,2.48182930625685,56.37058913658,0.165257972112834
526.87,532,23411,17640,9856031,9049320,2024-08-23,2024-10-18,556.22,-5771,-806711,371743374,99656101,2.43429221148673,58.8048813480668,-0.0891460352822091
409.43,410,151756,151664,7284288,8644848,2024-08-23,2024-10-18,556.22,-92,1360560,371743374,99656101,2.32548812019982,61.1303694682666,0.157383912360287
389.16,390,101155,101116,7687780,8493744,2024-08-23,2024-11-15,556.22,-39,805964,285665071,41499673,2.97332255927082,71.4555665785265,0.0948891325191812
509.46,515,15040,15035,7264320,8329390,2024-08-23,2024-11-15,556.22,-5,1065070,285665071,41499673,2.9157887489857,74.3713553275122,0.127868907567061
447.29,450,30524,30492,7569952,8263332,2024-08-23,2024-12-20,556.22,-32,693379.999999999,592449013,78717254,1.39477521587161,74.611172826783,0.0839104613005987
507.41,515,10620,10818,6828660,8210862,2024-08-23,2024-12-20,556.22,198,1382202,592449013,78717254,1.38591875753534,75.9970915843183,0.168338232940707
479.34,480,122539,122367,6739645,8076222,2024-08-23,2024-09-20,556.22,-172,1336577,379033498,91846104,2.13074096158118,54.6383127329817,0.165495326899137
452.08,455,27416,27417,6963664,8005764,2024-08-23,2024-12-20,556.22,1,1042100,592449013,78717254,1.35130008225704,77.3483916665754,0.130168713441965
538.62,547,6609,8992,4401594,7535296,2024-08-23,2024-10-18,556.22,2383,3133702,371743374,99656101,2.02701555078693,63.1573850190535,0.415869794630496
511.7,515,22357,22053,6058747,7277490,2024-08-23,2024-10-18,556.22,-304,1218743,371743374,99656101,1.95766502081621,65.1150500398697,0.167467492226028
502.41,505,27230,27090,5827220,7016310,2024-08-23,2024-10-18,556.22,-140,1189090,371743374,99656101,1.88740687547534,67.0024569153451,0.169475122963495
525.15,530,14323,14131,5700554,6853535,2024-08-23,2024-10-18,556.22,-192,1152981,371743374,99656101,1.84361994842173,68.8460768637668,0.168231576843191
530.05,533,20602,21542,4614848,6354890,2024-08-23,2024-09-20,556.22,940,1740042,379033498,91846104,1.67660379188966,56.3149165248714,0.273811505785309
399.51,400,130262,129524,5601266,6346676,2024-08-23,2024-10-18,556.22,-738,745410,371743374,99656101,1.70727346978887,70.5533503335557,0.117448881902905
548.17,561,4621,4897,4819703,6282851,2024-08-23,2024-10-18,556.22,276,1463148,371743374,99656101,1.69010436753608,72.2434547010917,0.232879627417553
551.78,568,3845,3856,5363775,6254432,2024-08-23,2024-10-18,556.22,11,890656.999999999,371743374,99656101,1.68245957761173,73.9259142787035,0.142404138377394
503.86,505,52689,53853,4742010,6139242,2024-08-23,2024-09-20,556.22,1164,1397232,379033498,91846104,1.61970961205123,57.9346261369226,0.227590311637821
547.45,570,2730,2711,5408130,6113305,2024-08-23,2024-12-20,556.22,-19,705175,592449013,78717254,1.03187023116874,78.3802618977441,0.115350861767898
529.39,535,9482,10824,4266900,6072264,2024-08-23,2024-10-18,556.22,1342,1805364,371743374,99656101,1.6334558797005,75.559370158404,0.297313160297378
456.91,460,19644,19630,5362812,6065670,2024-08-23,2024-12-20,556.22,-14,702858,592449013,78717254,1.02382987681676,79.4040917745609,0.115874750851926
449.06,450,59316,59241,4923228,5568654,2024-08-23,2024-10-18,556.22,-75,645425.999999999,371743374,99656101,1.49798339109065,77.0573535494946,0.115903412206971
466.46,470,15652,15465,4930380,5474610,2024-08-23,2024-12-20,556.22,-187,544230,592449013,78717254,0.924064329566197,80.3281561041271,0.0994098209735488
429.69,430,175606,175597,4214544,5443507,2024-08-23,2024-09-20,556.22,-9,1228963,379033498,91846104,1.43615459549699,59.3707807324196,0.225766771311216
504.34,505,80873,80775,4286269,5331150,2024-08-23,2024-09-13,556.22,-98,1044881,41756314,9731594,12.7672907144055,12.7672907144055,0.195995423126342
543.1,558,3554,3561,4428284,5305890,2024-08-23,2024-11-15,556.22,7,877606,285665071,41499673,1.85738143673855,76.2287367642508,0.165402222812761
536.53,544,6990,7057,4138080,5271579,2024-08-23,2024-10-18,556.22,67,1133499,371743374,99656101,1.41806939106331,78.4754229405579,0.215020774610416
547.97,556,6215,6414,3847085,5150442,2024-08-23,2024-09-20,556.22,199,1303357,379033498,91846104,1.35883557183645,60.729616304256,0.253057310421125
518.29,525,7621,7603,4374454,5101613,2024-08-23,2024-11-15,556.22,-18,727159,285665071,41499673,1.78587216915995,78.0146089334107,0.142535115854535
539.14,540,58399,57705,3679137,4962630,2024-08-23,2024-08-30,556.22,-694,1283493,53277899,17340961,9.31461280032833,9.31461280032833,0.258631612673119
520.08,522,24967,24417,3745050,4688064,2024-08-23,2024-09-20,556.22,-550,943014,379033498,91846104,1.23684688153869,61.9664631857947,0.201152117377237
462.75,465,20770,20755,4133230,4669875,2024-08-23,2024-11-15,556.22,-15,536645,285665071,41499673,1.63473783604437,79.6493467694551,0.114916352150753
437.62,440,19148,19202,4116820,4570076,2024-08-23,2024-12-20,556.22,54,453256,592449013,78717254,0.771387224844613,81.0995433289717,0.099179094614619
480.55,485,10209,10185,4134645,4532325,2024-08-23,2024-12-20,556.22,-24,397680.000000001,592449013,78717254,0.76501519971306,81.8645585286847,0.0877430457877581
494.12,495,41701,50489,2919070,4443032,2024-08-23,2024-09-20,556.22,8788,1523962,379033498,91846104,1.17220035259258,63.1386635383873,0.343000455544772
489.21,490,61053,56222,3846339,4441538,2024-08-23,2024-09-20,556.22,-4831,595199,379033498,91846104,1.17180619217988,64.3104697305672,0.134007409145211
418.18,420,23943,23948,3902709,4358536,2024-08-23,2024-12-20,556.22,5,455827.000000001,592449013,78717254,0.735681198611432,82.6002397272962,0.104582593788373
477.13,480,14898,15062,3575520,4322794,2024-08-23,2024-11-15,556.22,164,747274.000000001,285665071,41499673,1.51323855761141,81.1625853270665,0.172868288426421
542.5,548,7262,7833,3050040,4308150,2024-08-23,2024-09-20,556.22,571,1258110,379033498,91846104,1.1366145796433,65.4470843102105,0.292030221788935
530.73,543,3492,3492,3897072,4284684,2024-08-23,2024-12-20,556.22,0,387612,592449013,78717254,0.723215653327454,83.3234553806236,0.0904645476772616
442.43,445,16525,16668,3718125,4283676,2024-08-23,2024-12-20,556.22,143,565550.999999999,592449013,78717254,0.723045512103841,84.0465008927275,0.132024690943012
520.99,523,20628,20869,3403620,4194669,2024-08-23,2024-09-20,556.22,241,791049,379033498,91846104,1.10667500950008,66.5537593197106,0.188584367443534
474.41,475,76805,71032,3840250,4190888,2024-08-23,2024-09-20,556.22,-5773,350638,379033498,91846104,1.10567747233781,67.6594367920484,0.0836667551125202
454.56,455,95217,95246,3332595,4190824,2024-08-23,2024-09-20,556.22,29,858229.000000001,379033498,91846104,1.10566058728667,68.7650973793351,0.204787650352294
546.32,550,3334,11351,853504,4177168,2024-08-23,2024-09-06,556.22,8017,3323664,32959601,12276914,12.6736000232527,12.6736000232527,0.795674006886963
454.74,455,153226,153214,3370972,3983564,2024-08-23,2024-09-13,556.22,-12,612592,41756314,9731594,9.54002788656106,22.3073186009666,0.15377988153322
544.64,556,3445,3495,3024710,3970320,2024-08-23,2024-10-18,556.22,50,945610,371743374,99656101,1.06802710624776,79.5434500468057,0.238169719317335
543.16,549,5915,6741,2596685,3936744,2024-08-23,2024-09-20,556.22,826,1340059,379033498,91846104,1.03862693423472,69.8037243135698,0.340397800822202
523.73,526,17033,17294,2946709,3925738,2024-08-23,2024-09-20,556.22,261,979029,379033498,91846104,1.03572323309535,70.8394475466651,0.249387248970767
461.67,465,11594,11633,3385448,3873789,2024-08-23,2024-12-20,556.22,39,488341.000000001,592449013,78717254,0.653860317934229,84.7003612106617,0.126062880554413
523.63,525,27676,27130,2850628,3716810,2024-08-23,2024-09-13,556.22,-546,866182,41756314,9731594,8.90119276332676,31.2085113642933,0.233044465549759
553.32,555,18151,22111,1742496,3714648,2024-08-23,2024-08-23,556.22,3960,1972152,30683628,15994277,12.1062867793861,12.1062867793861,0.530912215639274
483.23,485,19929,20970,2809989,3711690,2024-08-23,2024-10-18,556.22,1041,901701,371743374,99656101,0.998454917988666,80.5419049647943,0.242935428335879
529.2,532,15169,13024,3246166,3646720,2024-08-23,2024-09-20,556.22,-2145,400553.999999999,379033498,91846104,0.96211021433256,71.8015577609977,0.109839527027027
555.7,560,8560,8446,2045840,3631780,2024-08-23,2024-08-23,556.22,-114,1585940,30683628,15994277,11.8362144137584,23.9425011931444,0.436683940106504
552.33,575,1581,1583,3622071,3588661,2024-08-23,2024-12-20,556.22,2,-33410,592449013,78717254,0.60573330721373,85.3060945178754,-0.00930987908860714
432.81,435,16339,16333,3316817,3576927,2024-08-23,2024-12-20,556.22,-6,260110,592449013,78717254,0.603752714834888,85.9098472327103,0.0727188449750301
514.42,516,22360,22590,2795000,3569220,2024-08-23,2024-09-20,556.22,230,774220.000000001,379033498,91846104,0.941663472709739,72.7432212337074,0.216915740694045
547.53,550,13620,13857,2220060,3422679,2024-08-23,2024-08-30,556.22,237,1202619,53277899,17340961,6.4242003987432,15.7388131990715,0.351367744389702
551.01,555,6304,8515,1689472,3397485,2024-08-23,2024-08-30,556.22,2211,1708013,53277899,17340961,6.37691249799471,22.1157256970662,0.502728636035185
546.5,563,2047,2049,3021372,3380850,2024-08-23,2024-11-15,556.22,2,359478,285665071,41499673,1.18350135988449,82.346086686951,0.106327698655664
523.35,528,7204,7151,2723112,3325215,2024-08-23,2024-10-18,556.22,-53,602103,371743374,99656101,0.894492069682458,81.4363970344768,0.181071900613945
553.63,560,3840,5192,1662720,3307304,2024-08-23,2024-08-30,556.22,1352,1644584,53277899,17340961,6.20764718969117,28.3233728867574,0.497258189752137
505.73,507,25410,25431,2617230,3229737,2024-08-23,2024-09-20,556.22,21,612507,379033498,91846104,0.852098038047286,73.5953192717547,0.18964609192637
484.28,485,44226,44148,2520882,3178656,2024-08-23,2024-09-20,556.22,-78,657774.000000001,379033498,91846104,0.838621392771992,74.4339406645267,0.206934628975265
478.45,480,20638,20252,2682940,3139060,2024-08-23,2024-10-18,556.22,-386,456120,371743374,99656101,0.84441585769865,82.2808128921755,0.145304645339688
548.77,563,2100,2191,2362500,3117793,2024-08-23,2024-10-18,556.22,91,755293,371743374,99656101,0.838694975636607,83.1195078678121,0.242252452295582
423.1,425,16159,16158,2892461,3070020,2024-08-23,2024-12-20,556.22,-1,177559,592449013,78717254,0.518191427892547,86.4280386606029,0.0578364310330225
546.54,558,2338,2675,2204734,3065550,2024-08-23,2024-10-18,556.22,337,860816.000000001,371743374,99656101,0.824641463548991,83.9441493313611,0.280803118526855
529.83,542,2452,2456,2640804,2988952,2024-08-23,2024-12-20,556.22,4,348148.000000001,592449013,78717254,0.504507887499848,86.9325465481027,0.116478284027311
546.02,553,4376,4258,2314904,2972084,2024-08-23,2024-09-20,556.22,-118,657180,379033498,91846104,0.784121724249291,75.218062388776,0.221117572720017
378.85,380,25929,25836,2748474,2971140,2024-08-23,2024-12-20,556.22,-93,222666,592449013,78717254,0.501501384052437,87.4340479321552,0.0749429511904522
492.94,495,13484,14222,2346216,2929732,2024-08-23,2024-10-18,556.22,738,583516,371743374,99656101,0.788106044359516,84.7322553757206,0.19917043606719
404.79,405,139137,138977,2365329,2918517,2024-08-23,2024-09-20,556.22,-160,553188,379033498,91846104,0.769989200268521,75.9880515890445,0.189544210295845
529.54,539,2936,2959,2375224,2799214,2024-08-23,2024-11-15,556.22,23,423990.000000001,285665071,41499673,0.979893688157626,83.3259803751086,0.151467519096432
540.95,546,3745,5514,1434335,2784570,2024-08-23,2024-09-20,556.22,1769,1350235,379033498,91846104,0.734650107363334,76.7227016964078,0.484898925148228
469.46,470,52190,51337,2244170,2772198,2024-08-23,2024-09-20,556.22,-853,528028.000000001,379033498,91846104,0.731386015913559,77.4540877123214,0.190472686294413
467.63,470,11639,11576,2374356,2743512,2024-08-23,2024-11-15,556.22,-63,369156.000000001,285665071,41499673,0.960394629415509,84.2863750045241,0.134555999755059
545.56,565,1353,1406,2398869,2733264,2024-08-23,2024-12-20,556.22,53,334395.000000001,592449013,78717254,0.461350080770579,87.8953980129257,0.122342737474317
517.24,519,15296,15383,2156736,2707408,2024-08-23,2024-09-20,556.22,87,550672,379033498,91846104,0.714292539916881,78.1683802522383,0.203394538244698
555.36,559,6087,7421,1217400,2701244,2024-08-23,2024-08-23,556.22,1334,1483844,30683628,15994277,8.80353522732058,32.746036420465,0.549318758320241
556.33,562,1708,4764,568764,2701188,2024-08-23,2024-08-23,556.22,3056,2132424,30683628,15994277,8.80335271956758,41.5493891400326,0.789439313368784
531,537,4405,4472,2145235,2683200,2024-08-23,2024-10-18,556.22,67,537965,371743374,99656101,0.721788251698603,85.4540436274192,0.200493813357185
481.88,485,8564,8541,2252332,2664792,2024-08-23,2024-11-15,556.22,-23,412460,285665071,41499673,0.932837882724556,85.2192128872487,0.154781311261817
537.32,552,1496,1815,1988184,2664420,2024-08-23,2024-12-20,556.22,319,676236,592449013,78717254,0.449729840295978,88.3451278532217,0.253802328461729
535.94,543,1576,3746,906200,2644676,2024-08-23,2024-10-18,556.22,2170,1738476,371743374,99656101,0.711425188710963,86.1654688161301,0.657349331260238
388.75,390,20913,20900,2425908,2612500,2024-08-23,2024-12-20,556.22,-13,186592,592449013,78717254,0.440966216952749,88.7860940701745,0.0714227751196172
427.87,430,12174,12184,2288712,2595192,2024-08-23,2024-12-20,556.22,10,306480,592449013,78717254,0.438044784117144,89.2241388542916,0.118095308555205
448.21,450,14240,14269,2178720,2554151,2024-08-23,2024-11-15,556.22,29,375431,285665071,41499673,0.89410686124801,86.1133197484967,0.146988568804272
543.55,545,13523,17391,1352300,2521695,2024-08-23,2024-08-30,556.22,3868,1169395,53277899,17340961,4.73309767714376,33.0564705639012,0.463733718788355
522.66,533,1534,2409,1417416,2490906,2024-08-23,2024-12-20,556.22,875,1073490,592449013,78717254,0.420442256690872,89.6445811109825,0.430963673458573
544.5,564,1062,1275,1807524,2486250,2024-08-23,2024-12-20,556.22,213,678726,592449013,78717254,0.419656366277042,90.0642374772595,0.27299185520362
545.35,552,3648,3738,1864128,2485770,2024-08-23,2024-09-20,556.22,90,621642,379033498,91846104,0.655818024822703,78.824198277061,0.25008025682183
491.34,495,6507,6626,2036691,2425116,2024-08-23,2024-11-15,556.22,119,388425,285665071,41499673,0.848936830642483,86.9622565791391,0.160167596106743
550.5,562,1800,2102,1524600,2417300,2024-08-23,2024-09-20,556.22,302,892700,379033498,91846104,0.637753658385096,79.4619519354461,0.36929632234311
546.56,554,3113,3240,1758845,2410560,2024-08-23,2024-09-20,556.22,127,651715,379033498,91846104,0.635975451436221,80.0979273868823,0.270358339970795
499.43,500,42064,41969,1977008,2392233,2024-08-23,2024-09-13,556.22,-95,415225,41756314,9731594,5.72903297929985,36.9375443435932,0.173572139503134
408.4,410,14786,14786,2217900,2365760,2024-08-23,2024-12-20,556.22,0,147860,592449013,78717254,0.399318751164837,90.4635562284243,0.0625
549.81,559,2410,2563,1730380,2355397,2024-08-23,2024-09-20,556.22,153,625017,379033498,91846104,0.621421856492483,80.7193492433748,0.265355267073873
339.54,340,51016,51017,2244704,2346782,2024-08-23,2024-11-15,556.22,1,102078,285665071,41499673,0.821515207226718,87.7837717863659,0.0434970099480906
359.7,360,78121,78116,1718662,2343480,2024-08-23,2024-10-18,556.22,-5,624818,371743374,99656101,0.63040262823891,86.7958714443691,0.26661972792599
541.74,547,3307,4392,1345949,2310192,2024-08-23,2024-09-20,556.22,1085,964243,379033498,91846104,0.609495469975585,81.3288447133504,0.417386520254594
548.96,552,6570,7580,1281150,2304320,2024-08-23,2024-08-30,556.22,1010,1023170,53277899,17340961,4.32509547720716,37.3815660411083,0.444022531592834
403.43,405,14444,14605,1978828,2292985,2024-08-23,2024-12-20,556.22,161,314157,592449013,78717254,0.387034993676325,90.8505912221007,0.137007874015748
537.67,542,7063,5198,2330790,2250734,2024-08-23,2024-09-20,556.22,-1865,-80056,379033498,91846104,0.593808729802557,81.9226534431529,-0.0355688410980596
499.98,501,22017,22047,1717326,2248794,2024-08-23,2024-09-20,556.22,30,531468,379033498,91846104,0.593296901689676,82.5159503448426,0.236334675386007
548.4,562,1356,1647,1544484,2239920,2024-08-23,2024-10-18,556.22,291,695436,371743374,99656101,0.602544700635337,87.3984161450044,0.310473588342441
516.31,518,12904,13111,1677520,2215759,2024-08-23,2024-09-20,556.22,207,538239,379033498,91846104,0.584581313179871,83.1005316580225,0.242914053378549
552.67,554,15979,16512,1230383,2196096,2024-08-23,2024-08-23,556.22,533,965713.000000001,30683628,15994277,7.15722404143343,48.706613181466,0.439740794573644
548.46,558,2456,2254,1692184,2150316,2024-08-23,2024-09-20,556.22,-202,458132,379033498,91846104,0.567315556895713,83.6678472149182,0.21305333727694
449.59,450,52175,51821,1721775,2124661,2024-08-23,2024-09-20,556.22,-354,402886,379033498,91846104,0.560547025846249,84.2283942407644,0.189623662316012
551.6,570,342,1154,500688,2123360,2024-08-23,2024-10-18,556.22,812,1622672,371743374,99656101,0.571189736928573,87.969605881933,0.764200135634089
502.88,504,18854,18908,1602590,2117696,2024-08-23,2024-09-20,556.22,54,515106.000000001,379033498,91846104,0.558709457389436,84.7871036981539,0.243238878479253
538.51,543,4915,4714,1656355,2116586,2024-08-23,2024-09-20,556.22,-201,460231,379033498,91846104,0.558416607283613,85.3455203054375,0.217440255203427
413.24,415,11957,11957,1937034,2104432,2024-08-23,2024-12-20,556.22,0,167398,592449013,78717254,0.355208963779639,91.2058001858803,0.0795454545454545
550.71,561,1535,2024,1197300,2082696,2024-08-23,2024-09-20,556.22,489,885396,379033498,91846104,0.549475445043646,85.8949957504811,0.425120132751011
525.95,531,4110,4097,1664550,2068985,2024-08-23,2024-10-18,556.22,-13,404435,371743374,99656101,0.556562710920034,88.526168592853,0.195475075943035
545.35,557,1681,1774,1534753,2066710,2024-08-23,2024-10-18,556.22,93,531957,371743374,99656101,0.555950729601975,89.082119322455,0.257393151433922
464.73,465,76223,76223,1981798,2058021,2024-08-23,2024-09-13,556.22,0,76223.0000000002,41756314,9731594,4.92864624018298,41.8661905837762,0.0370370370370372
539.92,549,1369,2242,971990,2035736,2024-08-23,2024-10-18,556.22,873,1063746,371743374,99656101,0.547618637581957,89.6297379600369,0.522536321016085
533.5,537,5712,5788,1485120,2025800,2024-08-23,2024-09-20,556.22,76,540680,379033498,91846104,0.53446463457433,86.4294603850555,0.266897028334485
539.39,544,5256,4343,1834344,2002123,2024-08-23,2024-09-20,556.22,-913,167779,379033498,91846104,0.528217957136865,86.9576783421923,0.0838005457207174
517.65,527,1795,2137,1471900,1998095,2024-08-23,2024-12-20,556.22,342,526195,592449013,78717254,0.337260246224767,91.5430604321051,0.263348339293177
522.52,527,4343,4385,1598224,1964480,2024-08-23,2024-10-18,556.22,42,366256,371743374,99656101,0.528450575692037,90.158188535729,0.186439159472227
526.44,529,8116,7663,1542040,1961728,2024-08-23,2024-09-20,556.22,-453,419688,379033498,91846104,0.517560587745202,87.4752389299375,0.213937915959807
546.95,565,1101,1086,1665813,1960230,2024-08-23,2024-11-15,556.22,-15,294417,285665071,41499673,0.686198698755159,88.469970485121,0.150195130163297
532.74,536,6399,6004,1638144,1957304,2024-08-23,2024-09-20,556.22,-395,319160,379033498,91846104,0.516393408584694,87.9916323385222,0.163061026800129
512.51,514,13119,13131,1639875,1956519,2024-08-23,2024-09-20,556.22,12,316644,379033498,91846104,0.516186302879225,88.5078186414014,0.161840493243357
540.28,557,1155,1166,1675905,1949552,2024-08-23,2024-12-20,556.22,11,273647,592449013,78717254,0.329066629738819,91.8721270618439,0.140364042610815
504.66,505,57102,57107,1655958,1941638,2024-08-23,2024-09-06,556.22,5,285680,32959601,12276914,5.89096330383369,18.5645633270864,0.14713350274356
554.95,558,6189,6340,1045941,1933700,2024-08-23,2024-08-23,556.22,151,887759,30683628,15994277,6.30205789224143,55.0086710737075,0.459098619227388
545.29,550,4100,4050,1422700,1907550,2024-08-23,2024-09-13,556.22,-50,484850,41756314,9731594,4.56829115711698,46.4344817408931,0.254174202511074
319.4,320,31786,31788,1843588,1907280,2024-08-23,2024-12-20,556.22,2,63692.0000000002,592449013,78717254,0.321931500964455,92.1940585628083,0.0333941529298269
544.68,551,2532,3012,1225488,1903584,2024-08-23,2024-09-20,556.22,480,678096,379033498,91846104,0.502220518778528,89.01003916018,0.356220686872762
536.53,551,1263,1311,1614114,1897017,2024-08-23,2024-12-20,556.22,48,282903,592449013,78717254,0.320199199994279,92.5142577628026,0.149130450596911
550.61,574,810,810,1894590,1894590,2024-08-23,2024-11-15,556.22,0,0,285665071,41499673,0.663220740767428,89.1331912258885,0
546.41,559,1411,1486,1381369,1870874,2024-08-23,2024-10-18,556.22,75,489505.000000001,371743374,99656101,0.503270301732399,90.6614588374614,0.261645092079959
544.92,563,940,1022,1595180,1847776,2024-08-23,2024-12-20,556.22,82,252596,592449013,78717254,0.311887767462615,92.8261455302652,0.136702717212476
535.3,539,5176,4953,1485512,1832610,2024-08-23,2024-09-20,556.22,-223,347098,379033498,91846104,0.48349552471481,89.4935346848948,0.189400909085949
554.43,557,5363,7125,750820,1831125,2024-08-23,2024-08-23,556.22,1762,1080305,30683628,15994277,5.96775909289475,60.9764301666022,0.589967915898696
548.73,557,2275,2193,1462825,1813611,2024-08-23,2024-09-20,556.22,-82,350786,379033498,91846104,0.478483038984591,89.9720177238794,0.193418544550072
459.53,460,39283,38565,1532037,1812555,2024-08-23,2024-09-20,556.22,-718,280518,379033498,91846104,0.478204435640673,90.4502221595201,0.154763855441628
349.17,350,21732,21730,1651632,1803590,2024-08-23,2024-12-20,556.22,-2,151958,592449013,78717254,0.304429572912463,93.1305751031777,0.0842530730376637
528.3,530,9875,10529,1244250,1789930,2024-08-23,2024-09-13,556.22,654,545680,41756314,9731594,4.28660920597541,50.7210909468686,0.304861083953004
543.44,554,1211,1673,1014818,1766688,2024-08-23,2024-10-18,556.22,462,751870,371743374,99656101,0.475243978390318,91.1367028158517,0.42558165335362
383.76,385,14044,14049,1558884,1742076,2024-08-23,2024-12-20,556.22,5,183192,592449013,78717254,0.294046569708776,93.4246216728865,0.105157295089307
542.64,561,936,942,1471392,1729512,2024-08-23,2024-12-20,556.22,6,258120,592449013,78717254,0.291925880885888,93.7165475537724,0.149244411140252
534.45,535,31064,31372,1304688,1725460,2024-08-23,2024-08-30,556.22,308,420772,53277899,17340961,3.23860368442832,40.6201697255367,0.243860767563432
548.99,560,1473,1555,1224063,1712055,2024-08-23,2024-09-27,556.22,82,487992,13405843,4202849,12.7709611398552,12.7709611398552,0.285032899059902
553.91,556,3880,7988,446200,1669492,2024-08-23,2024-08-23,556.22,4108,1223292,30683628,15994277,5.44098631361324,66.4174164802154,0.732733070898213
552.66,558,2429,3125,864724,1668750,2024-08-23,2024-08-30,556.22,696,804026,53277899,17340961,3.13216179939828,43.752331524935,0.481813333333333
443.37,445,9784,9785,1438248,1594955,2024-08-23,2024-11-15,556.22,1,156707,285665071,41499673,0.558330423252901,89.6915216491414,0.098251674812142
545.18,547,7855,8710,950455,1585220,2024-08-23,2024-08-30,556.22,855,634765,53277899,17340961,2.97538009147095,46.7277116164059,0.400427070059676
534.41,538,4151,4402,1149827,1580318,2024-08-23,2024-09-20,556.22,251,430491,379033498,91846104,0.416933597779265,90.8671557572993,0.272407831841439
537.23,540,5568,5659,1135872,1567543,2024-08-23,2024-09-13,556.22,91,431671,41756314,9731594,3.7540262773194,54.475117224188,0.275380643465602
472.47,475,6155,6194,1421805,1567082,2024-08-23,2024-11-15,556.22,39,145277,285665071,41499673,0.548573192555277,90.2400948416966,0.0927054232005726
549.19,564,990,1056,1185030,1563936,2024-08-23,2024-10-18,556.22,66,378906,371743374,99656101,0.420703127313844,91.5574059431655,0.242277177582714
531.54,538,2327,2392,1156519,1545232,2024-08-23,2024-10-18,556.22,65,388713,371743374,99656101,0.415671699369684,91.9730776425352,0.251556400592274
541.33,551,1610,1562,1220380,1510454,2024-08-23,2024-10-18,556.22,-48,290074,371743374,99656101,0.406316320785317,92.3793939633205,0.192044246299457
414.9,415,150896,150896,1659856,1508960,2024-08-23,2024-09-13,556.22,0,-150896,41756314,9731594,3.61372893210833,58.0888461562963,-0.1
538.9,551,1242,1241,1331424,1501610,2024-08-23,2024-11-15,556.22,-1,170186,285665071,41499673,0.52565404469768,90.7657488863943,0.113335686363303
543.79,548,2799,3562,870489,1499602,2024-08-23,2024-09-13,556.22,763,629113,41756314,9731594,3.59131795014282,61.6801641064391,0.419519979301175
468.66,470,11237,11154,1269781,1494636,2024-08-23,2024-10-18,556.22,-83,224855,371743374,99656101,0.402061234856065,92.7814551981766,0.150441311463125
543.03,553,1455,1498,1177095,1493506,2024-08-23,2024-10-18,556.22,43,316411,371743374,99656101,0.401757261717865,93.1832124598944,0.211857870005209
496.14,497,17398,17364,1287452,1493304,2024-08-23,2024-09-20,556.22,-34,205852,379033498,91846104,0.393976787771935,91.2611325450712,0.137850029197002
492.18,493,18098,18206,1321154,1492892,2024-08-23,2024-09-20,556.22,108,171738,379033498,91846104,0.393868090255178,91.6550006353264,0.11503712257819
393.66,395,11120,11120,1412240,1490080,2024-08-23,2024-12-20,556.22,0,77840,592449013,78717254,0.251511938969168,93.9680594927415,0.0522388059701493
539.6,556,884,895,1348100,1467800,2024-08-23,2024-12-20,556.22,11,119700,592449013,78717254,0.247751277796457,94.215810770538,0.0815506199754734
453.94,455,13203,13624,1161864,1444144,2024-08-23,2024-10-18,556.22,421,282280,371743374,99656101,0.388478746631272,93.5716912065257,0.195465272161225
544.88,548,4645,4625,1026545,1443000,2024-08-23,2024-09-06,556.22,-20,416455,32959601,12276914,4.37808697987576,22.9426503069622,0.288603603603604
519.13,521,6767,7688,987982,1437656,2024-08-23,2024-09-20,556.22,921,449674,379033498,91846104,0.379295235799977,92.0342958711264,0.312782751923965
528.3,531,5056,5261,1087040,1420470,2024-08-23,2024-09-20,556.22,205,333430,379033498,91846104,0.37476107190927,92.4090569430357,0.234732166114033
539.33,548,1740,1637,1176240,1419279,2024-08-23,2024-10-18,556.22,-103,243039,371743374,99656101,0.381789992576976,93.9534811991027,0.171241172454465
554.42,562,1091,1822,567320,1381076,2024-08-23,2024-08-30,556.22,731,813756,53277899,17340961,2.5922118287735,49.3199234451794,0.589218840961685
527.43,536,1598,1607,1230460,1377199,2024-08-23,2024-11-15,556.22,9,146739,285665071,41499673,0.482102692912008,91.2478515793063,0.106548872022126
536.35,537,21238,21115,998186,1372475,2024-08-23,2024-08-30,556.22,-123,374289,53277899,17340961,2.5760681741598,51.8959916193392,0.272710978342046
556.04,561,2099,2722,587720,1350112,2024-08-23,2024-08-23,556.22,623,762392,30683628,15994277,4.40010548948123,70.8175219696967,0.564687966627954
454.87,455,103134,103051,1237608,1339663,2024-08-23,2024-09-06,556.22,-83,102055,32959601,12276914,4.06456073300159,27.0072110399637,0.07617960636369
525.59,528,5416,5447,991128,1312727,2024-08-23,2024-09-20,556.22,31,321599,379033498,91846104,0.346335352132914,92.7553922951686,0.244985438708886
373.87,375,11510,11581,1139490,1308653,2024-08-23,2024-12-20,556.22,71,169163,592449013,78717254,0.220888713000523,94.4366994835385,0.129264977041278
542.45,552,1553,1368,1194257,1306440,2024-08-23,2024-10-18,556.22,-185,112183,371743374,99656101,0.351435988204056,94.3049171873067,0.0858692324178686
349.75,350,52251,52250,1201773,1306250,2024-08-23,2024-10-18,556.22,-1,104477,371743374,99656101,0.351384877676394,94.6563020649831,0.0799823923444974
521.92,524,6051,6255,956058,1301040,2024-08-23,2024-09-20,556.22,204,344982,379033498,91846104,0.343251983496192,93.0986442786648,0.265158642316916
549.56,550,26252,29537,813812,1299628,2024-08-23,2024-08-23,556.22,3285,485816,30683628,15994277,4.23557475015666,75.0530967198533,0.37381158300683
368.98,370,12559,12561,1142869,1281222,2024-08-23,2024-12-20,556.22,2,138353,592449013,78717254,0.216258609920243,94.6529580934587,0.107985189139743
533.31,544,1195,1194,1087450,1276386,2024-08-23,2024-11-15,556.22,-1,188936,285665071,41499673,0.44681206404825,91.6946636433546,0.148024187040597
548.44,553,1292,2774,401812,1264944,2024-08-23,2024-09-06,556.22,1482,863132,32959601,12276914,3.83786199353566,30.8450730334994,0.682347993270848
546,548,6231,6291,810030,1258200,2024-08-23,2024-08-30,556.22,60,448170,53277899,17340961,2.36157961108789,54.2575712304271,0.35619933237959
537.5,549,1074,1074,1106220,1235100,2024-08-23,2024-11-15,556.22,0,128880,285665071,41499673,0.432359474568034,92.1270231179226,0.104347826086957
521.84,532,1213,1213,1090487,1232408,2024-08-23,2024-12-20,556.22,0,141921,592449013,78717254,0.20801925110136,94.8609773445601,0.115157480314961
550.4,556,607,2197,237337,1230320,2024-08-23,2024-09-06,556.22,1590,992983,32959601,12276914,3.73281217815713,34.5778852116565,0.807093276545939
473.6,475,8166,8713,979920,1219820,2024-08-23,2024-10-18,556.22,547,239900,371743374,99656101,0.328134967645718,94.9844370326289,0.196668360905708
439.65,440,34633,34605,1038990,1211175,2024-08-23,2024-09-20,556.22,-28,172185,379033498,91846104,0.319542997226066,93.4181872758908,0.142163601461391
379.86,380,85240,85948,937640,1203272,2024-08-23,2024-09-20,556.22,708,265632,379033498,91846104,0.317457957238386,93.7356452331292,0.220758066339115
553.15,561,1285,1531,611660,1201835,2024-08-23,2024-08-30,556.22,246,590175,53277899,17340961,2.25578527411526,56.5133565045424,0.491061584992948
519.42,529,1053,1253,864513,1200374,2024-08-23,2024-12-20,556.22,200,335861,592449013,78717254,0.202612203524761,95.0635895480849,0.279796963279778
519.16,526,1725,1726,1041900,1180584,2024-08-23,2024-11-15,556.22,1,138684,285665071,41499673,0.413275587339833,92.5402987052624,0.117470675530077
464.5,465,22941,22987,963522,1149350,2024-08-23,2024-09-20,556.22,46,185828,379033498,91846104,0.303231773989538,94.0388770071188,0.161680950102232
552.46,565,943,911,897736,1142394,2024-08-23,2024-09-20,556.22,-32,244658,379033498,91846104,0.301396579993043,94.3402735871118,0.214162539369079
399.06,400,11209,12068,919138,1134392,2024-08-23,2024-11-15,556.22,859,215254,285665071,41499673,0.397105602035609,92.937404307298,0.189752748608947
556.42,563,481,1709,193843,1124522,2024-08-23,2024-08-23,556.22,1228,930679,30683628,15994277,3.66489256094488,78.7179892807982,0.827621869558799
551.97,553,10203,10905,642789,1123215,2024-08-23,2024-08-23,556.22,702,480426,30683628,15994277,3.66063296035267,82.3786222411509,0.427723988728783
530.95,534,3680,3668,868480,1118740,2024-08-23,2024-09-20,556.22,-12,250260,379033498,91846104,0.295155970620834,94.6354295577327,0.223698088921465
463.8,465,9338,9152,952476,1098240,2024-08-23,2024-10-18,556.22,-186,145764,371743374,99656101,0.295429609997568,95.2798666426264,0.132725087412587
444.62,445,28706,28866,918592,1096908,2024-08-23,2024-09-20,556.22,160,178316,379033498,91846104,0.289396057548455,94.9248256152811,0.162562402680991
299.5,300,21756,21753,979020,1087650,2024-08-23,2024-12-20,556.22,-3,108630,592449013,78717254,0.183585418514319,95.2471749665992,0.0998758791890773
497.07,498,11972,11691,957760,1087263,2024-08-23,2024-09-20,556.22,-281,129503,379033498,91846104,0.286851427574879,95.211677042856,0.119109175976742
359.07,360,11674,11674,1015638,1085682,2024-08-23,2024-12-20,556.22,0,70044.0000000001,592449013,78717254,0.183253238030122,95.4304282046293,0.0645161290322582
528.41,534,1880,1929,840360,1078311,2024-08-23,2024-10-18,556.22,49,237951,371743374,99656101,0.290068653651376,95.5699352962778,0.22067010352301
501.92,503,9873,9937,849078,1073196,2024-08-23,2024-09-20,556.22,64,224118,379033498,91846104,0.283140146098644,95.4948171889546,0.208832310221059
519.9,527,1487,1502,898148,1066420,2024-08-23,2024-11-15,556.22,15,168272,285665071,41499673,0.373311303431983,93.31071561073,0.157791489281896
537.97,553,701,702,956865,1055106,2024-08-23,2024-12-20,556.22,1,98241,592449013,78717254,0.178092287580535,95.6085204922099,0.0931100761440083
537.78,546,1056,1282,671616,1053804,2024-08-23,2024-10-18,556.22,226,382188,371743374,99656101,0.283476202591307,95.8534114988691,0.36267465297152
329.32,330,15420,15422,986880,1048696,2024-08-23,2024-12-20,556.22,2,61815.9999999999,592449013,78717254,0.177010337934346,95.7855308301442,0.0589455857560245
540.94,542,9898,9888,742350,1048128,2024-08-23,2024-08-30,556.22,-10,305778,53277899,17340961,1.96728478350845,58.4806412880508,0.291737268730537
551.83,559,1441,1461,714736,1047537,2024-08-23,2024-09-06,556.22,20,332801,32959601,12276914,3.1782453919876,37.7561306036441,0.317698563392033
534.23,541,1510,1540,835030,1042580,2024-08-23,2024-10-18,556.22,30,207550,371743374,99656101,0.280456915420367,96.1338684142895,0.199073452396938
524.66,527,4530,4406,828990,1031004,2024-08-23,2024-09-20,556.22,-124,202014,379033498,91846104,0.272008676130256,95.7668258650849,0.195939104018995
553.17,559,1986,1755,778512,1023165,2024-08-23,2024-08-30,556.22,-231,244653,53277899,17340961,1.92043045841579,60.4010717464666,0.239113925906379
434.7,435,33889,33889,915003,1016670,2024-08-23,2024-09-20,556.22,0,101667,379033498,91846104,0.268226952331269,96.0350528174162,0.0999999999999998
534.74,542,1396,1377,791532,999702,2024-08-23,2024-10-18,556.22,-19,208170,371743374,99656101,0.268922614340935,96.4027910286304,0.208232053151839
532.74,539,1270,1584,656590,991584,2024-08-23,2024-10-18,556.22,314,334994,371743374,99656101,0.266738849795881,96.6695298784263,0.337837238196663
552.5,560,1266,1321,672246,990750,2024-08-23,2024-09-06,556.22,55,318504,32959601,12276914,3.0059526509438,40.7620832545879,0.321477668433005
554.68,557.5,2299,3486,354046,983052,2024-08-23,2024-08-23,556.22,1187,629006,30683628,15994277,3.20383234994245,85.5824545910934,0.639850180865305
540.62,558,526,542,772694,941996,2024-08-23,2024-12-20,556.22,16,169302,592449013,78717254,0.159000349284066,95.9445311794283,0.179726877821137
527.67,533,1677,1747,726141,931151,2024-08-23,2024-10-18,556.22,70,205010,371743374,99656101,0.250482204963255,96.9200120833896,0.220168372261857
521.04,531,887,934,784995,930264,2024-08-23,2024-12-20,556.22,47,145269,592449013,78717254,0.157020094487017,96.1015512739153,0.156158896829287
541.46,559,516,526,814248,922604,2024-08-23,2024-12-20,556.22,10,108356,592449013,78717254,0.155727156220277,96.2572784301356,0.117445838084378
419.36,420,14341,14412,774414,922368,2024-08-23,2024-10-18,556.22,71,147954,371743374,99656101,0.248119553571384,97.168131636961,0.160406692339717
547.85,557,929,1003,660519,917745,2024-08-23,2024-09-27,556.22,74,257226,13405843,4202849,6.84585818288339,19.6168193227386,0.280280470065214
546.79,549,2145,4151,315315,917371,2024-08-23,2024-08-30,556.22,2006,602056,53277899,17340961,1.72186031585067,62.1229320623173,0.656284098799722
545.98,566,454,454,824464,908908,2024-08-23,2024-12-20,556.22,0,84444,592449013,78717254,0.153415396102618,96.4106938262382,0.0929070929070929
546.32,567,448,438,814912,905784,2024-08-23,2024-12-20,556.22,-10,90871.9999999999,592449013,78717254,0.152888093342135,96.5635819195803,0.100324139088348
551.53,558,1220,1377,551440,890919,2024-08-23,2024-09-06,556.22,157,339479,32959601,12276914,2.70306366876225,43.4651469233502,0.381043619004646
542.3,545,3022,3272,595334,883440,2024-08-23,2024-09-06,556.22,250,288106,32959601,12276914,2.68037225329275,46.145519176643,0.326118355519334
550.99,557,1335,1466,562035,881066,2024-08-23,2024-09-06,556.22,131,319031,32959601,12276914,2.67316949619627,48.8186886728392,0.362096596622727
529.65,530,25856,25150,801536,880250,2024-08-23,2024-08-30,556.22,-706,78714,53277899,17340961,1.65218602182492,63.7751180841422,0.0894223232036353
547.74,552,2149,2064,636104,879264,2024-08-23,2024-09-06,556.22,-85,243160,32959601,12276914,2.66770219700172,51.4863908698409,0.276549477745023
538.17,554,541,552,748203,873816,2024-08-23,2024-12-20,556.22,11,125613,592449013,78717254,0.147492185964702,96.711074105545,0.14375223159109
551.08,563,537,730,472023,870160,2024-08-23,2024-09-20,556.22,193,398137,379033498,91846104,0.229573376651791,96.2646261940679,0.457544589500782
546.99,569,390,387,756600,851787,2024-08-23,2024-12-20,556.22,-3,95187.0000000002,592449013,78717254,0.143773891306998,96.854847996852,0.111749768428023
521.56,529,1158,1144,720276,851136,2024-08-23,2024-11-15,556.22,-14,130860,285665071,41499673,0.297948922148764,93.6086645328788,0.153747462215204
549.66,553,2656,2537,563072,847358,2024-08-23,2024-08-30,556.22,-119,284286,53277899,17340961,1.59044935311732,65.3655674372595,0.335496921018035
551.66,564,500,680,466500,839120,2024-08-23,2024-09-20,556.22,180,372620,379033498,91846104,0.221384126845696,96.4860103209136,0.444060444274955
536.57,548,708,715,727116,817245,2024-08-23,2024-11-15,556.22,7,90129,285665071,41499673,0.2860850285753,93.8947495614541,0.110283941780005
548.7,559,724,788,579924,811640,2024-08-23,2024-09-27,556.22,64,231716,13405843,4202849,6.05437494680491,25.6711942695435,0.285491104430536
479.92,480,100548,100542,904932,804336,2024-08-23,2024-08-30,556.22,-6,-100596,53277899,17340961,1.50969917188364,66.8752666091431,-0.125067136122218
339.23,340,10434,10431,719946,803187,2024-08-23,2024-12-20,556.22,-3,83241.0000000001,592449013,78717254,0.135570653739953,96.990418650592,0.10363838060128
550.33,554,2275,2167,550550,795289,2024-08-23,2024-08-30,556.22,-108,244739,53277899,17340961,1.49271839717253,68.3679850063157,0.307735929957537
457.99,460,3892,3922,688884,788322,2024-08-23,2024-11-15,556.22,30,99437.9999999999,285665071,41499673,0.275960234564344,94.1707097960184,0.126138811297921
511.54,513,4931,5368,562134,783728,2024-08-23,2024-09-20,556.22,437,221594,379033498,91846104,0.206770115078325,96.692780435992,0.282743502847927
548.27,551,3225,2864,577275,781872,2024-08-23,2024-08-30,556.22,-361,204597,53277899,17340961,1.46753534706765,69.8355203533833,0.261675824175824
354.15,355,9066,9068,752478,770780,2024-08-23,2024-12-20,556.22,2,18302,592449013,78717254,0.130100647158982,97.1205192977509,0.0237447780170736
526.88,534,1082,1082,770384,770384,2024-08-23,2024-11-15,556.22,0,0,285665071,41499673,0.269680852931439,94.4403906489499,0
551.21,552,8322,9644,407778,761876,2024-08-23,2024-08-23,556.22,1322,354098,30683628,15994277,2.48300494322249,88.0654595343158,0.464771170111672
552.13,557,1553,1563,495407,761181,2024-08-23,2024-08-30,556.22,10,265774,53277899,17340961,1.42869935618144,71.2642197095648,0.349160055229965
539.55,552,588,611,652092,760695,2024-08-23,2024-11-15,556.22,23,108603,285665071,41499673,0.26628911870013,94.70667976765,0.142768126515884
404.9,405,75434,75434,754340,754340,2024-08-23,2024-09-13,556.22,0,0,41756314,9731594,1.80652918741822,63.4866932938573,0
518.89,520,7509,6783,623247,752913,2024-08-23,2024-09-13,556.22,-726,129666,41756314,9731594,1.80311174017898,65.2898050340363,0.172219101011671
551.46,556,1168,1650,359744,749100,2024-08-23,2024-08-30,556.22,482,389356,53277899,17340961,1.40602391246697,72.6702436220317,0.519765051395007
442.12,443,8509,8500,621157,748000,2024-08-23,2024-10-18,556.22,-9,126843,371743374,99656101,0.201214077322061,97.369345714283,0.169576203208556
525.11,533,874,946,617918,746394,2024-08-23,2024-11-15,556.22,72,128476,285665071,41499673,0.261282906372547,94.9679626740225,0.172128929225047
519.8,520,37011,37186,703209,743720,2024-08-23,2024-08-30,556.22,175,40511.0000000001,53277899,17340961,1.39592591667325,74.066169538705,0.0544707685688164
550.1,558,772,940,426144,742600,2024-08-23,2024-09-13,556.22,168,316456,41756314,9731594,1.77841367894685,67.0682187129831,0.426145973606248
521.67,526,1676,1698,600008,735234,2024-08-23,2024-10-18,556.22,22,135226,371743374,99656101,0.197779987868728,97.5671257021517,0.183922397495219
274.65,275,20847,20847,708798,729645,2024-08-23,2024-12-20,556.22,0,20847,592449013,78717254,0.123157433633871,97.2436767313848,0.0285714285714286
553.07,561,624,915,360048,725595,2024-08-23,2024-09-06,556.22,291,365547,32959601,12276914,2.20146779082672,53.6878586606677,0.503789303950551
554.62,563,315,863,180495,723194,2024-08-23,2024-08-30,556.22,548,542699,53277899,17340961,1.35739962268407,75.423569161389,0.750419666092363
534.79,549,516,507,632100,720447,2024-08-23,2024-12-20,556.22,-9,88347,592449013,78717254,0.121604894968405,97.3652816263532,0.122628035094879
503.49,505,3513,4769,435612,720119,2024-08-23,2024-09-27,556.22,1256,284507,13405843,4202849,5.37168009501529,31.0428743645588,0.395083312619164
533.57,547,535,531,627020,713133,2024-08-23,2024-12-20,556.22,-4,86112.9999999999,592449013,78717254,0.120370358351833,97.4856519847051,0.120753071306474
517.18,526,740,803,560920,708246,2024-08-23,2024-12-20,556.22,63,147326,592449013,78717254,0.119545477240925,97.605197461946,0.208015294120969
498.61,500,3785,5076,389855,705564,2024-08-23,2024-09-27,556.22,1291,315709,13405843,4202849,5.26310803431011,36.3059823988689,0.447456219421626
546,555,725,783,479950,704700,2024-08-23,2024-09-27,556.22,58,224750,13405843,4202849,5.25666308340326,41.5626454822722,0.318930041152263
539.69,542,3329,3046,486034,703626,2024-08-23,2024-09-06,556.22,-283,217592,32959601,12276914,2.13481346451979,55.8226721251874,0.309243831239892
540.59,543,1311,2918,209760,703238,2024-08-23,2024-09-06,556.22,1607,493478,32959601,12276914,2.1336362658031,57.9563083909905,0.701722603158532
364.09,365,7715,7715,586340,702065,2024-08-23,2024-12-20,556.22,0,115725,592449013,78717254,0.118502180710022,97.723699642656,0.164835164835165
504.83,506,5924,5992,545008,701064,2024-08-23,2024-09-20,556.22,68,156056,379033498,91846104,0.184960960891114,96.8777413968831,0.222598792692251
550.91,559,787,836,464330,676324,2024-08-23,2024-09-13,556.22,49,211994,41756314,9731594,1.61969277269062,68.6879114856738,0.313450358112384
515.36,517,4055,4123,510930,676172,2024-08-23,2024-09-20,556.22,68,165242,379033498,91846104,0.178393731310788,97.0561351281939,0.244378649219429
549.79,555,1289,1281,476930,667401,2024-08-23,2024-09-06,556.22,-8,190471,32959601,12276914,2.02490618742624,59.9812145784168,0.285392140557176
419.73,420,24792,24508,495840,661716,2024-08-23,2024-09-20,556.22,-284,165876,379033498,91846104,0.174579820383052,97.2307149485769,0.250675516384673
354.9,355,65444,65463,523552,654630,2024-08-23,2024-09-20,556.22,19,131078,379033498,91846104,0.172710328626416,97.4034252772033,0.200232192230726
525.28,526,9074,9059,535366,652248,2024-08-23,2024-09-06,556.22,-15,116882,32959601,12276914,1.97893172311158,61.9601463015284,0.179198709693246
428.81,430,4735,5470,568200,650930,2024-08-23,2024-11-15,556.22,735,82729.9999999999,285665071,41499673,0.227864750044992,95.1958274240675,0.12709507934801
541.77,543,4968,5277,397440,649071,2024-08-23,2024-08-30,556.22,309,251631,53277899,17340961,1.21827439178861,76.6418435531777,0.387678697707955
399.8,400,31651,32290,474765,645800,2024-08-23,2024-09-20,556.22,639,171035,379033498,91846104,0.170380719226035,97.5738059964294,0.2648420563642
543.22,546,2231,2320,468510,644960,2024-08-23,2024-09-06,556.22,89,176450,32959601,12276914,1.95681980494849,63.9169661064768,0.27358285785165
553,577,267,266,645873,638400,2024-08-23,2024-12-20,556.22,-1,-7473,592449013,78717254,0.10775610828809,97.8314557509441,-0.0117058270676692
546.77,561,443,446,598050,634658,2024-08-23,2024-11-15,556.22,3,36608,285665071,41499673,0.222168568869241,95.4179959929368,0.0576814599359025
543.25,550,800,900,428000,607500,2024-08-23,2024-09-27,556.22,100,179500,13405843,4202849,4.53160610638212,46.0942515886543,0.295473251028807
510.61,512,4503,4369,481821,607291,2024-08-23,2024-09-20,556.22,-134,125470,379033498,91846104,0.160220931185349,97.7340269276147,0.20660605870991
550.41,551,7371,10235,287469,603865,2024-08-23,2024-08-23,556.22,2864,316396,30683628,15994277,1.9680365046793,90.0334960389951,0.52395154546132
542.68,544,2686,4472,247112,590304,2024-08-23,2024-08-30,556.22,1786,343192,53277899,17340961,1.10797161877573,77.7498151719534,0.581381796498076
544.15,559,347,397,458387,589545,2024-08-23,2024-11-15,556.22,50,131158,285665071,41499673,0.206376298627003,95.6243722915638,0.222473263279309
532.97,546,457,450,526007,586350,2024-08-23,2024-12-20,556.22,-7,60343,592449013,78717254,0.0989705421283232,97.9304262930724,0.102912935959751
543.78,562,315,320,522270,583040,2024-08-23,2024-12-20,556.22,5,60770,592449013,78717254,0.0984118442611027,98.0288381373335,0.104229555433589
423.8,425,4757,4758,580354,570960,2024-08-23,2024-11-15,556.22,1,-9394,285665071,41499673,0.199870427981025,95.8242427195448,-0.0164529914529915
553.9,567,189,435,199017,569850,2024-08-23,2024-09-20,556.22,246,370833,379033498,91846104,0.150342912435671,97.8843698400504,0.650755461963675
551.5,567,105,367,139755,568850,2024-08-23,2024-10-18,556.22,262,429095,371743374,99656101,0.153022229792319,97.720147931944,0.754320119539422
537.29,538,7938,7997,412776,567787,2024-08-23,2024-08-30,556.22,59,155011,53277899,17340961,1.06570831556252,78.8155234875159,0.273009068541548
540.8,554,430,427,503100,563640,2024-08-23,2024-11-15,556.22,-3,60540,285665071,41499673,0.197307986596653,96.0215507061415,0.107408984458165
540.33,553,433,443,483661,561281,2024-08-23,2024-11-15,556.22,10,77620.0000000001,285665071,41499673,0.196482194352701,96.2180329004942,0.13829080264609
528.86,538,611,612,476580,559368,2024-08-23,2024-11-15,556.22,1,82788,285665071,41499673,0.195812529001839,96.413845429496,0.148002745956151
551.76,560,699,678,434079,558672,2024-08-23,2024-09-13,556.22,-21,124593,41756314,9731594,1.33793418643226,70.025845672106,0.223016367385514
553.53,563,422,589,278098,557783,2024-08-23,2024-09-06,556.22,167,279685,32959601,12276914,1.69232327782123,65.6092893842981,0.501422596242625
324.36,325,8707,8708,531127,557312,2024-08-23,2024-12-20,556.22,1,26185,592449013,78717254,0.0940691920774624,98.122907329411,0.0469844539503905
546.72,551,1260,1287,350280,550836,2024-08-23,2024-09-06,556.22,27,200556,32959601,12276914,1.67124595956122,67.2805353438593,0.364093850075159
520.85,528,840,769,536760,549835,2024-08-23,2024-11-15,556.22,-71,13075,285665071,41499673,0.192475404177083,96.6063208336731,0.0237798612310966
424.31,425,7360,7959,441600,549171,2024-08-23,2024-10-18,556.22,599,107571,371743374,99656101,0.147728524140419,97.8678764560845,0.195878879256188
524.74,525,21444,21061,514656,547586,2024-08-23,2024-08-30,556.22,-383,32930.0000000001,53277899,17340961,1.02779203061292,79.8433155181288,0.0601366725957202
542.33,556,371,399,461524,545433,2024-08-23,2024-11-15,556.22,28,83909,285665071,41499673,0.190934438743475,96.7972552724166,0.153839243316778
532.51,543,527,515,452166,540235,2024-08-23,2024-11-15,556.22,-12,88069,285665071,41499673,0.189114825312332,96.9863700977289,0.16301979694022
519.55,528,617,631,502238,533195,2024-08-23,2024-12-20,556.22,14,30957,592449013,78717254,0.0899984620279889,98.212905791439,0.0580594341657367
526.55,538,461,465,467915,532425,2024-08-23,2024-12-20,556.22,4,64509.9999999999,592449013,78717254,0.0898684930377291,98.3027742844767,0.121162605061746
542.22,557,401,360,491225,532080,2024-08-23,2024-11-15,556.22,-41,40855,285665071,41499673,0.186260083578787,97.1726301813077,0.0767835663809953
554.52,564,528,550,411312,521400,2024-08-23,2024-09-06,556.22,22,110088,32959601,12276914,1.58193662599253,68.8624719698518,0.211139240506329
525.49,527,3299,3428,362890,517628,2024-08-23,2024-09-13,556.22,129,154738,41756314,9731594,1.23964006976286,71.2654857418689,0.298936688123517
453.08,455,2437,2693,409416,517056,2024-08-23,2024-11-15,556.22,256,107640,285665071,41499673,0.181000777655452,97.3536309589631,0.208178611214259
541.41,545,2636,1435,701176,515165,2024-08-23,2024-09-13,556.22,-1201,-186011,41756314,9731594,1.23374156061763,72.4992273024865,-0.361070724913377
550.7,571,250,250,507500,507500,2024-08-23,2024-12-20,556.22,0,0,592449013,78717254,0.0856613799439311,98.3884356644206,0
551.8,562,111,494,79143,503880,2024-08-23,2024-09-13,556.22,383,424737,41756314,9731594,1.20671570771309,73.7059430101996,0.842932841152655
535.71,547,444,445,438228,502405,2024-08-23,2024-11-15,556.22,1,64177,285665071,41499673,0.175872044223426,97.5295030031866,0.127739572655527
547.52,554,792,772,336600,500256,2024-08-23,2024-09-13,556.22,-20,163656,41756314,9731594,1.19803678073692,74.9039797909365,0.327144502014968
553.64,570,259,301,331520,492436,2024-08-23,2024-09-20,556.22,42,160916,379033498,91846104,0.129918860100328,98.0142887001507,0.32677545914596
408.96,410,4717,4725,391511,491400,2024-08-23,2024-11-15,556.22,8,99889.0000000001,285665071,41499673,0.172019630639407,97.701522633826,0.203274318274318
548.76,555,753,779,350898,486096,2024-08-23,2024-09-13,556.22,26,135198,41756314,9731594,1.16412574155851,76.068105532495,0.278130245877358
551.59,552.5,2355,5300,127170,482300,2024-08-23,2024-08-23,556.22,2945,355130,30683628,15994277,1.57184802266538,91.6053440616605,0.736325938212731
528.36,537,554,555,409960,479520,2024-08-23,2024-11-15,556.22,1,69560,285665071,41499673,0.167860914294279,97.8693835481202,0.145061728395062
534.41,548,359,352,430800,478368,2024-08-23,2024-12-20,556.22,-7,47568,592449013,78717254,0.0807441635488048,98.4691798279695,0.0994380895043147
532.8,535,2128,2169,340480,477180,2024-08-23,2024-09-13,556.22,41,136700,41756314,9731594,1.14277328214363,77.2108788146387,0.286474705561843
524.3,532,670,618,462300,475860,2024-08-23,2024-11-15,556.22,-52,13560.0000000001,285665071,41499673,0.166579693602093,98.0359632417223,0.0284957760685917
334.31,335,6842,6842,444730,472098,2024-08-23,2024-12-20,556.22,0,27367.9999999999,592449013,78717254,0.0796858446281182,98.5488656725976,0.0579710144927535
551.2,566,208,315,264784,466200,2024-08-23,2024-10-18,556.22,107,201416,371743374,99656101,0.125409094715969,97.9932855508004,0.432037752037752
531.31,544,368,367,422464,465723,2024-08-23,2024-12-20,556.22,-1,43258.9999999999,592449013,78717254,0.0786098026633053,98.6274754752609,0.0928856852678521
540.03,541,4360,4712,300840,457064,2024-08-23,2024-08-30,556.22,352,156224,53277899,17340961,0.857886682055537,80.7012022001844,0.341798960320656
553.4,566,433,358,438629,451080,2024-08-23,2024-09-20,556.22,-75,12451,379033498,91846104,0.119007951112543,98.1332966512633,0.0276026425467766
535.1,540,739,914,263084,447860,2024-08-23,2024-09-27,556.22,175,184776,13405843,4202849,3.34078207539802,49.4350336640523,0.41257535837092
555.46,565,295,466,198240,444564,2024-08-23,2024-08-30,556.22,171,246324,53277899,17340961,0.834424795917722,81.5356269961021,0.554079952492779
525.31,536,405,411,392850,439359,2024-08-23,2024-12-20,556.22,6,46509.0000000001,592449013,78717254,0.0741597994695284,98.7016352747304,0.105856486381297
556.72,571,1,303,1147,432684,2024-08-23,2024-08-30,556.22,302,431537,53277899,17340961,0.812126619332343,82.3477536154344,0.997349104658365
528.99,541,370,360,396640,432360,2024-08-23,2024-12-20,556.22,-10,35720.0000000001,592449013,78717254,0.0729784319853361,98.7746137067157,0.0826163382366548
506.76,508,3487,3485,352187,432140,2024-08-23,2024-09-20,556.22,-2,79953,379033498,91846104,0.114011031288849,98.2473076825521,0.185016429860693
549.35,566,259,259,404817,431235,2024-08-23,2024-11-15,556.22,0,26417.9999999999,285665071,41499673,0.15095825278548,98.1869214945078,0.0612612612612611
554.48,565,341,409,276210,430268,2024-08-23,2024-09-06,556.22,68,154058,32959601,12276914,1.30544056039999,70.1679125302518,0.358051261074493
549.97,570,210,210,378000,420630,2024-08-23,2024-11-15,556.22,0,42630,285665071,41499673,0.147245863320826,98.3341673578286,0.101347978032951
544.91,545,38859,46521,388590,418689,2024-08-23,2024-08-23,556.22,7662,30098.9999999999,30683628,15994277,1.36453551059868,92.9698795722592,0.0718886810974254
523.65,534,402,402,378282,416070,2024-08-23,2024-12-20,556.22,0,37788,592449013,78717254,0.0702288282823082,98.844842534998,0.0908212560386473
554.53,564,203,431,132356,408157,2024-08-23,2024-08-30,556.22,228,275801,53277899,17340961,0.766090644828168,83.1138442602626,0.675722822345323
535.53,546,395,386,362610,404142,2024-08-23,2024-11-15,556.22,-9,41532,285665071,41499673,0.141474069120617,98.4756414269493,0.102765859524623
543.68,547,1180,1211,240720,402052,2024-08-23,2024-09-06,556.22,31,161332,32959601,12276914,1.2198327279508,71.3877452582026,0.401271477321342
344.21,345,5073,5073,304380,400767,2024-08-23,2024-12-20,556.22,0,96387,592449013,78717254,0.0676458211940679,98.9124883561921,0.240506329113924
526.22,537,356,361,342472,389158,2024-08-23,2024-12-20,556.22,5,46686,592449013,78717254,0.0656863276772815,98.9781746838694,0.119966697331161
546.66,568,182,181,340158,386254,2024-08-23,2024-12-20,556.22,-1,46095.9999999999,592449013,78717254,0.0651961589140161,99.0433708427834,0.119341158926509
514.82,515,22011,21330,396198,383940,2024-08-23,2024-08-30,556.22,-681,-12258.0000000001,53277899,17340961,0.720636525100211,83.8344807853628,-0.0319268635724334
524.28,525,8899,5332,489445,383904,2024-08-23,2024-09-06,556.22,-3567,-105541,32959601,12276914,1.16477138178948,72.5525166399921,-0.274915082937401
548.85,556,390,535,202020,382525,2024-08-23,2024-09-13,556.22,145,180505,41756314,9731594,0.916089001533996,78.1269678161727,0.471877655055225
523.14,531,489,484,326652,380424,2024-08-23,2024-11-15,556.22,-5,53772,285665071,41499673,0.133171338962893,98.6088127659121,0.141347549050533
555.11,575,177,191,282315,379899,2024-08-23,2024-09-20,556.22,14,97584,379033498,91846104,0.100228344461523,98.3475360270136,0.256868272883056
538.14,540,1879,2033,246149,378138,2024-08-23,2024-09-06,556.22,154,131989,32959601,12276914,1.14727723797385,73.699793877966,0.349049817791388
364.95,365,75494,75492,226482,377460,2024-08-23,2024-09-13,556.22,-2,150978,41756314,9731594,0.903959099454995,79.0309269156277,0.39998410427595
249.72,250,13450,13452,336250,376656,2024-08-23,2024-12-20,556.22,2,40406.0000000001,592449013,78717254,0.0635761038899731,99.1069469466734,0.1072756042649
527.44,539,312,325,321672,375700,2024-08-23,2024-12-20,556.22,13,54028,592449013,78717254,0.0634147397929752,99.1703616864664,0.143806228373702
554.15,568,77,271,91245,375335,2024-08-23,2024-09-20,556.22,194,284090,379033498,91846104,0.099024229251632,98.4465602562653,0.756897171859805
509.85,510,25210,24986,352940,374790,2024-08-23,2024-08-30,556.22,-224,21849.9999999999,53277899,17340961,0.70346242444733,84.5379432098101,0.0582993142826647
546.82,553,663,597,274482,368946,2024-08-23,2024-09-13,556.22,-66,94464,41756314,9731594,0.883569368694756,79.9144962843224,0.256037468897888
545.71,551,507,692,200265,366068,2024-08-23,2024-09-13,556.22,185,165803,41756314,9731594,0.876676997878692,80.7911732822011,0.452929510364195
542.64,547,524,837,165060,364932,2024-08-23,2024-09-13,556.22,313,199872,41756314,9731594,0.873956451232741,81.6651297334339,0.547696557166815
541.32,544,1381,1348,233389,361264,2024-08-23,2024-09-06,556.22,-33,127875,32959601,12276914,1.09608122986683,74.7958751078328,0.353965521059392
546.4,552,600,645,232800,361200,2024-08-23,2024-09-13,556.22,45,128400,41756314,9731594,0.865018880737414,82.5301486141713,0.355481727574751
555.24,564,251,408,106675,357408,2024-08-23,2024-08-23,556.22,157,250733,30683628,15994277,1.16481662468337,94.1346961969425,0.701531582952816
552.98,562,253,393,154077,354486,2024-08-23,2024-09-06,556.22,140,200409,32959601,12276914,1.07551666053239,75.8713917683652,0.5653509588531
464.95,465,70545,70470,423270,352350,2024-08-23,2024-08-30,556.22,-75,-70920,53277899,17340961,0.661343646452725,85.1992868562629,-0.201277139208174
514.09,515,4086,3854,281934,350714,2024-08-23,2024-09-13,556.22,-232,68780.0000000001,41756314,9731594,0.839906510905153,83.3700551250764,0.196114212720337
539.42,545,544,628,240992,350424,2024-08-23,2024-09-27,556.22,84,109432,13405843,4202849,2.61396467197177,52.0489983360241,0.312284546720544
530.92,535,893,856,288439,349248,2024-08-23,2024-09-27,556.22,-37,60809,13405843,4202849,2.60519237768188,54.654190713706,0.174114096573209
531.29,541,366,358,311466,347618,2024-08-23,2024-11-15,556.22,-8,36152,285665071,41499673,0.121687260813206,98.7305000267254,0.103999217531888
548.67,549,4254,10396,102096,343068,2024-08-23,2024-08-23,556.22,6142,240972,30683628,15994277,1.1180816036487,95.2527778005913,0.702403022141383
528.06,529,3528,3517,268128,330598,2024-08-23,2024-09-06,556.22,-11,62470,32959601,12276914,1.00304005500552,76.8744318233707,0.188960610771995
556,570,231,235,233310,329000,2024-08-23,2024-08-30,556.22,4,95690,53277899,17340961,0.617516843147287,85.8168036994102,0.290851063829787
509.64,511,2221,2392,239868,325312,2024-08-23,2024-09-20,556.22,171,85444,379033498,91846104,0.0858267149781047,98.5323869712434,0.262652469014362
553.37,563,232,337,175160,324531,2024-08-23,2024-09-13,556.22,105,149371,41756314,9731594,0.777202221441289,84.1472573465177,0.460267278010421
523.32,524,4687,4746,290594,322728,2024-08-23,2024-09-06,556.22,59,32134,32959601,12276914,0.97916233876739,77.8535941621381,0.0995699164621601
294.75,295,12831,12831,307944,320775,2024-08-23,2024-11-15,556.22,0,12831,285665071,41499673,0.112290592222946,98.8427906189483,0.04
545.36,549,788,870,185968,316680,2024-08-23,2024-09-06,556.22,82,130712,32959601,12276914,0.960812602070031,78.8144067642081,0.412757357584944
495.04,496,3264,3288,241536,315648,2024-08-23,2024-09-20,556.22,24,74112,379033498,91846104,0.0832770722549699,98.6156640434984,0.234793187347932
426.31,427,4573,4526,265234,312294,2024-08-23,2024-10-18,556.22,-47,47060,371743374,99656101,0.0840079532930693,98.0772935040935,0.150691335728512
526.8,530,535,968,131610,309760,2024-08-23,2024-09-27,556.22,433,178150,13405843,4202849,2.31063425105008,56.964824964756,0.575122675619835
424.85,425,20561,20562,246732,308430,2024-08-23,2024-09-13,556.22,1,61698,41756314,9731594,0.738642783460245,84.885900129978,0.200038906721136
553.91,578,128,128,308352,308352,2024-08-23,2024-12-20,556.22,0,0,592449013,78717254,0.0520470104994504,99.2224086969658,0
535.26,538,1076,1123,205516,307702,2024-08-23,2024-09-13,556.22,47,102186,41756314,9731594,0.736899334553333,85.6227994645313,0.33209403903777
429.98,430,152825,152836,611300,305672,2024-08-23,2024-08-30,556.22,11,-305628,53277899,17340961,0.573731332761452,86.3905350321716,-0.999856054856186
550.19,562,83,257,74119,303517,2024-08-23,2024-09-27,556.22,174,229398,13405843,4202849,2.26406500508771,59.2288899698438,0.755799510406336
529.05,530,4580,3096,325180,294120,2024-08-23,2024-09-06,556.22,-1484,-31060,32959601,12276914,0.892365171532265,79.7067719357404,-0.105603155174759
507.72,509,2151,2265,215100,289920,2024-08-23,2024-09-20,556.22,114,74820,379033498,91846104,0.0764892816940417,98.6921533251924,0.25807119205298
544.36,546,2098,1750,239172,287000,2024-08-23,2024-08-30,556.22,-348,47828,53277899,17340961,0.538684905724229,86.9292199378958,0.166648083623693
549.6,557,379,386,198975,285640,2024-08-23,2024-09-13,556.22,7,86665,41756314,9731594,0.684064211223242,86.3068636757545,0.303406385660272
547.77,548,3943,12379,74917,284717,2024-08-23,2024-08-23,556.22,8436,209800,30683628,15994277,0.927911784095414,96.1806895846867,0.736872051897147
414.75,415,11816,11377,236320,284425,2024-08-23,2024-09-20,556.22,-439,48105,379033498,91846104,0.0750395417557527,98.7671928669482,0.169130702294102
439.16,440,3384,3384,240264,284256,2024-08-23,2024-10-18,556.22,0,43992,371743374,99656101,0.0764656534268181,98.1537591575203,0.154761904761905
544.37,552,373,370,225292,282310,2024-08-23,2024-09-27,556.22,-3,57018,13405843,4202849,2.10587278994689,61.3347627597906,0.20196946618965
269.65,270,8069,8066,258208,282310,2024-08-23,2024-12-20,556.22,-3,24102,592449013,78717254,0.0476513579743275,99.2700600549401,0.0853742339980872
498.04,499,2733,2904,224106,278784,2024-08-23,2024-09-20,556.22,171,54677.9999999999,379033498,91846104,0.0735512827945355,98.8407441497427,0.196130337465565
530.62,531,7741,7315,247712,277970,2024-08-23,2024-08-30,556.22,-426,30258,53277899,17340961,0.521736039178272,87.4509559770741,0.10885347339641
553.3,569,6,177,7662,277890,2024-08-23,2024-09-20,556.22,171,270228,379033498,91846104,0.0733154197363316,98.914059569479,0.972427939112599
542.13,546,798,712,238602,275544,2024-08-23,2024-09-13,556.22,-86,36942,41756314,9731594,0.659885831876827,86.9667495076314,0.134069331939727
531.94,542,265,272,228960,273632,2024-08-23,2024-11-15,556.22,7,44672,285665071,41499673,0.0957876995749333,98.9385783185232,0.163255759560285
523.74,524,10519,10477,241937,272402,2024-08-23,2024-08-30,556.22,-42,30465,53277899,17340961,0.511285176617044,87.9622411536911,0.111838385914935
499.9,500,27160,27147,298760,271470,2024-08-23,2024-08-30,556.22,-13,-27290,53277899,17340961,0.509535858386608,88.4717770120778,-0.100526761704792
530.97,533,1334,1333,193430,270599,2024-08-23,2024-09-13,556.22,-1,77169,41756314,9731594,0.648043311485779,87.6147928191171,0.28517843746651
409.79,410,12939,12838,232902,269598,2024-08-23,2024-09-20,556.22,-101,36696,379033498,91846104,0.0711277502971518,98.9851873197762,0.136113769389981
526.69,527,6831,8631,170775,267561,2024-08-23,2024-08-30,556.22,1800,96786,53277899,17340961,0.502198857353591,88.9739758694313,0.361734333479095
500.95,502,2543,2544,208526,267120,2024-08-23,2024-09-20,556.22,1,58594,379033498,91846104,0.0704739822230699,99.0556613019992,0.219354597184786
389.57,390,6136,6142,220896,264106,2024-08-23,2024-10-18,556.22,6,43210,371743374,99656101,0.0710452474668721,98.2248044049872,0.163608551112054
546.67,556,205,283,150060,264039,2024-08-23,2024-09-27,556.22,78,113979,13405843,4202849,1.96958147279511,63.3043442325858,0.431674866212946
546.55,564,143,151,216216,263495,2024-08-23,2024-11-15,556.22,8,47279,285665071,41499673,0.092239138329936,99.0308174568532,0.179430349722006
536.35,538,1625,1577,183625,260205,2024-08-23,2024-09-06,556.22,-48,76580,32959601,12276914,0.789466474427284,80.4962384101677,0.294306412251878
514.54,515,5685,5638,221715,259348,2024-08-23,2024-09-06,556.22,-47,37633,32959601,12276914,0.786866321591696,81.2831047317594,0.145106189367182
531.74,533,687,2047,58395,257922,2024-08-23,2024-09-06,556.22,1360,199527,32959601,12276914,0.782539812906109,82.0656445446655,0.773594342475632
424.72,425,10438,9187,240074,257236,2024-08-23,2024-09-20,556.22,-1251,17162,379033498,91846104,0.0678662971366188,99.1235275991358,0.0667169447511234
404.95,405,50602,50603,253010,253015,2024-08-23,2024-09-06,556.22,1,4.9999999999709,32959601,12276914,0.767651889960682,82.8332964346261,1.9761674208924e-05
532.49,533,4403,4936,162911,251736,2024-08-23,2024-08-30,556.22,533,88825,53277899,17340961,0.472496109503117,89.4464719789345,0.35284981091302
400.52,401,4288,5233,167232,251184,2024-08-23,2024-10-18,556.22,945,83951.9999999999,371743374,99656101,0.0675691935803004,98.2923735985675,0.33422510987961
543.51,547.5,139,629,44897,250971,2024-08-23,2024-09-13,556.22,490,206074,41756314,9731594,0.601037246726327,88.2158300658435,0.821106821106821
389.83,390,14639,14555,190307,247435,2024-08-23,2024-09-20,556.22,-84,57128,379033498,91846104,0.0652805098508734,99.1888081089867,0.230880837391638
527.65,528,6877,7047,185679,246645,2024-08-23,2024-08-30,556.22,170,60965.9999999999,53277899,17340961,0.462940552516908,89.9094125314514,0.247181171319102
551.02,579,88,88,246224,246224,2024-08-23,2024-12-20,556.22,0,0,592449013,78717254,0.0415603696853488,99.3116204246255,0
549.11,554,757,492,255109,240588,2024-08-23,2024-09-06,556.22,-265,-14521,32959601,12276914,0.729948156836001,83.5632445914621,-0.0603562937469867
537.2,539,1268,1331,152160,239580,2024-08-23,2024-09-06,556.22,63,87420,32959601,12276914,0.726889867386441,84.2901344588486,0.3648885549712
493.15,494,2779,2813,211204,239105,2024-08-23,2024-09-20,556.22,34,27901,379033498,91846104,0.0630828149125754,99.2518909238993,0.116689320591372
536,541,470,476,183770,238000,2024-08-23,2024-09-27,556.22,6,54230,13405843,4202849,1.775345272953,65.0796895055387,0.227857142857143
535.06,539,746,601,255878,236794,2024-08-23,2024-09-27,556.22,-145,-19084,13405843,4202849,1.76634919564551,66.8460387011843,-0.0805932582751253
484.77,485,10342,10249,217182,235727,2024-08-23,2024-09-06,556.22,-93,18545,32959601,12276914,0.715199798686883,85.0053342575355,0.0786715140819678
264.68,265,7329,7329,234528,234528,2024-08-23,2024-12-20,556.22,0,0,592449013,78717254,0.039586191360572,99.351206615986,0
538.02,541,712,781,152368,232738,2024-08-23,2024-09-13,556.22,69,80370,41756314,9731594,0.557371994089325,88.7732020599328,0.345323926475264
548.2,558,134,236,108138,231280,2024-08-23,2024-09-27,556.22,102,123142,13405843,4202849,1.72521787701079,68.5712565781951,0.532436873054306
540.15,542.5,975,967,147225,227245,2024-08-23,2024-09-06,556.22,-8,80020,32959601,12276914,0.689465263854378,85.6947995213898,0.352130959977117
553,565,130,189,112970,226800,2024-08-23,2024-09-13,556.22,59,113830,41756314,9731594,0.543151390230469,89.3163534501633,0.50189594356261
544.23,547.5,691,693,163767,226611,2024-08-23,2024-09-06,556.22,2,62844,32959601,12276914,0.687541696879158,86.382341218269,0.27732104796325
494.89,495,20422,20407,183798,224477,2024-08-23,2024-08-30,556.22,-15,40679,53277899,17340961,0.421332305164661,90.330744836616,0.181216783902137
542.45,549,254,338,128270,221390,2024-08-23,2024-09-27,556.22,84,93120,13405843,4202849,1.65144407554228,70.2227006537373,0.420615203938751
530.11,532,1230,1148,182040,216972,2024-08-23,2024-09-13,556.22,-82,34932,41756314,9731594,0.519614829987149,89.8359682801504,0.160997732426304
309.44,310,3869,3869,158629,216664,2024-08-23,2024-12-20,556.22,0,58035,592449013,78717254,0.0365709107865456,99.3877775267726,0.267857142857143
554.09,575,49,103,85505,215373,2024-08-23,2024-10-18,556.22,54,129868,371743374,99656101,0.0579359351271181,98.3503095336946,0.602991089876633
418.84,420,1826,1842,191730,213672,2024-08-23,2024-11-15,556.22,16,21941.9999999999,285665071,41499673,0.0747980840821803,99.1056155409354,0.102690104459171
557.78,573,134,140,213998,213080,2024-08-23,2024-09-20,556.22,6,-917.999999999971,379033498,91846104,0.05621666716117,99.3081075910605,-0.00430824103623039
556.94,578,99,101,193743,212706,2024-08-23,2024-10-18,556.22,2,18963,371743374,99656101,0.0572185047204096,98.407528038415,0.0891512228145892
528.63,529,5739,5741,172170,212417,2024-08-23,2024-08-30,556.22,2,40247,53277899,17340961,0.398696277418897,90.7294411140349,0.189471652457195
374.87,375,15777,16323,173547,212199,2024-08-23,2024-09-20,556.22,546,38652,379033498,91846104,0.0559842338789803,99.3640918249394,0.182149774504121
394.54,395,4613,4613,179907,212198,2024-08-23,2024-10-18,556.22,0,32291,371743374,99656101,0.057081851309608,98.4646098897246,0.152173913043478
289.58,290,5045,5048,186665,212016,2024-08-23,2024-12-20,556.22,3,25351,592449013,78717254,0.0357863706998867,99.4235638974725,0.11957116444042
544.32,549,404,449,138976,210132,2024-08-23,2024-09-13,556.22,45,71156,41756314,9731594,0.503234073773849,90.3392023539243,0.338625245084042
551.25,580,71,73,179062,209875,2024-08-23,2024-12-20,556.22,2,30813,592449013,78717254,0.035424989390606,99.4589888868631,0.146815961882073
414.98,415,104408,104139,208816,208278,2024-08-23,2024-08-30,556.22,-269,-537.999999999971,53277899,17340961,0.390927577680944,91.1203686917159,-0.00258308606765943
491.18,492,2534,2512,202720,205984,2024-08-23,2024-09-20,556.22,-22,3263.99999999997,379033498,91846104,0.0543445371152921,99.4184363620547,0.0158458909429857
394.12,395,2337,2337,184623,205656,2024-08-23,2024-11-15,556.22,0,21033,285665071,41499673,0.0719920007301138,99.1776075416655,0.102272727272727
548.75,568,101,106,168771,204050,2024-08-23,2024-11-15,556.22,5,35279,285665071,41499673,0.0714298038908649,99.2490373455563,0.172893898554276
552.65,576,86,86,200810,200810,2024-08-23,2024-12-20,556.22,0,0,592449013,78717254,0.0338948999143661,99.4928837867775,0
379.61,380,5147,5146,154410,200694,2024-08-23,2024-10-18,556.22,-1,46284,371743374,99656101,0.0539872433610612,98.5185971330857,0.230619749469341
513.83,514,12309,11760,196944,199920,2024-08-23,2024-08-30,556.22,-549,2976,53277899,17340961,0.375240022133756,91.4956087138496,0.0148859543817527
444.1,445,2260,2220,174020,199800,2024-08-23,2024-10-18,556.22,-40,25780,371743374,99656101,0.0537467548782726,98.572343887964,0.129029029029029
539.7,543,617,605,144378,199650,2024-08-23,2024-09-13,556.22,-12,55272,41756314,9731594,0.478131283331187,90.8173336372554,0.276844477836213
494.74,495,7632,7629,190800,198354,2024-08-23,2024-09-06,556.22,-3,7554,32959601,12276914,0.601809469720219,86.9841506879892,0.0380834266009256
379.27,380,2673,2686,176418,196078,2024-08-23,2024-11-15,556.22,13,19660,285665071,41499673,0.0686391231919285,99.3176764687483,0.100266220585685
299.76,300,8125,8126,211250,195024,2024-08-23,2024-11-15,556.22,1,-16226,285665071,41499673,0.0682701596374028,99.3859466283857,-0.0832000164082369
369.67,370,5896,5895,170984,194535,2024-08-23,2024-10-18,556.22,-1,23551,371743374,99656101,0.0523304552564802,98.6246743432204,0.121063047780605
531.92,534,939,926,142728,192608,2024-08-23,2024-09-13,556.22,-13,49880,41756314,9731594,0.461266767943167,91.2786004051986,0.258971589965111
259.67,260,5719,5722,177289,188826,2024-08-23,2024-12-20,556.22,3,11537,592449013,78717254,0.0318721098114143,99.5247558965889,0.0610985775264
545.23,553,243,243,145071,188811,2024-08-23,2024-09-27,556.22,0,43740,13405843,4202849,1.40842317786356,71.6311238316009,0.231660231660232
314.41,315,3196,3198,169388,188682,2024-08-23,2024-12-20,556.22,2,19294,592449013,78717254,0.0318478039223267,99.5566037005112,0.102256707052077
555.5,580,73,77,144540,188650,2024-08-23,2024-09-20,556.22,4,44110,379033498,91846104,0.0497713265438085,99.4682076885985,0.233819241982507
519.43,520,3228,3249,151716,185193,2024-08-23,2024-09-06,556.22,21,33477,32959601,12276914,0.561878767889211,87.5460294558784,0.180768171583159
530.94,532,1666,1726,136612,182956,2024-08-23,2024-09-06,556.22,60,46344,32959601,12276914,0.555091671164345,88.1011211270428,0.253306806008002
374.66,375,5373,5369,166563,182546,2024-08-23,2024-10-18,556.22,-4,15983,371743374,99656101,0.0491053809610067,98.6737797241815,0.0875560132788448
551.65,561,174,193,113796,180455,2024-08-23,2024-09-13,556.22,19,66659,41756314,9731594,0.432162187495764,91.7107625926944,0.369394031753069
284.57,285,4197,4185,134304,179955,2024-08-23,2024-12-20,556.22,-12,45651,592449013,78717254,0.030374765769084,99.5869784662803,0.253680086688339
490.23,491,2420,2315,154880,178255,2024-08-23,2024-09-20,556.22,-105,23375,379033498,91846104,0.0470288248771089,99.5152365134756,0.131132366553533
541.5,548,266,274,131670,178100,2024-08-23,2024-09-27,556.22,8,46430,13405843,4202849,1.32852518114676,72.9596490127477,0.260696238068501
506.86,507,12670,12667,177380,177338,2024-08-23,2024-08-30,556.22,-3,-42.0000000000291,53277899,17340961,0.332854717112625,91.8284634309622,-0.000236835872740355
550.78,557.5,266,263,118636,176736,2024-08-23,2024-09-06,556.22,-3,58100,32959601,12276914,0.536220083489482,88.6373412105323,0.328738910012674
536.32,539,827,654,162092,175272,2024-08-23,2024-09-13,556.22,-173,13180,41756314,9731594,0.41974969342361,92.130512286118,0.0751974074581222
532.8,534,1464,1452,127368,174240,2024-08-23,2024-09-06,556.22,-12,46872,32959601,12276914,0.528647176281048,89.1659883868133,0.26900826446281
304.88,305,14370,14383,172440,172596,2024-08-23,2024-10-18,556.22,13,156,371743374,99656101,0.0464288033281798,98.7202085275096,0.000903844816797608
535.42,536,2988,2958,137448,171564,2024-08-23,2024-08-30,556.22,-30,34116,53277899,17340961,0.322017202667845,92.1504806336301,0.198852906204099
538.96,541,839,836,116621,170544,2024-08-23,2024-09-06,556.22,-3,53923,32959601,12276914,0.517433448299329,89.6834218351126,0.31618233417769
433.61,435,1207,1211,155703,168329,2024-08-23,2024-11-15,556.22,4,12626,285665071,41499673,0.058925299971308,99.444871928357,0.0750078714897611
539.77,546,300,270,135000,168210,2024-08-23,2024-09-27,556.22,-30,33210,13405843,4202849,1.25475137967825,74.2144003924259,0.197431781701445
384.85,385,11175,11202,134100,168030,2024-08-23,2024-09-20,556.22,27,33930,379033498,91846104,0.0443311741275174,99.5595676876032,0.201928227102303
550.5,557.5,246,239,132840,167300,2024-08-23,2024-09-13,556.22,-7,34460,41756314,9731594,0.400657969953957,92.5311702560719,0.205977286312014
304.49,305,3269,3269,166719,166719,2024-08-23,2024-12-20,556.22,0,0,592449013,78717254,0.0281406494637877,99.6151191157441,0
538.21,539,2169,2073,123633,163767,2024-08-23,2024-08-30,556.22,-96,40134,53277899,17340961,0.307382616570522,92.4578632502006,0.245067687629376
536.87,542,316,319,127032,163647,2024-08-23,2024-09-27,556.22,3,36615,13405843,4202849,1.22071398270142,75.4351143751273,0.223743789986984
515.49,516,3194,3199,137342,163149,2024-08-23,2024-09-06,556.22,5,25807,32959601,12276914,0.494996890283957,90.1784187253966,0.158180558875629
552.65,565,123,132,128535,163020,2024-08-23,2024-09-27,556.22,9,34485,13405843,4202849,1.2160369176336,76.6511512927609,0.211538461538462
489.92,490,20256,20325,162048,162600,2024-08-23,2024-08-30,556.22,69,552,53277899,17340961,0.305192214880696,92.7630554650813,0.00339483394833948
531.58,532,3849,3858,134715,162036,2024-08-23,2024-08-30,556.22,9,27321,53277899,17340961,0.304133614578157,93.0671890796595,0.168610679108346
394.82,395,8998,8982,89980,161676,2024-08-23,2024-09-20,556.22,-16,71696,379033498,91846104,0.0426548051433702,99.6022224927465,0.44345481085628
545.19,562,93,94,130758,158014,2024-08-23,2024-11-15,556.22,1,27256,285665071,41499673,0.0553144279931935,99.5001863563502,0.17249104509727
329.94,330,26078,26098,130390,156588,2024-08-23,2024-09-20,556.22,20,26198,379033498,91846104,0.0413124435772165,99.6435349363237,0.16730528520704
506.65,507,4474,4472,165538,156520,2024-08-23,2024-09-06,556.22,-2,-9018.00000000003,32959601,12276914,0.474884389528866,90.6533031149254,-0.0576156401737799
533.71,535,1135,1210,107825,156090,2024-08-23,2024-09-06,556.22,75,48265,32959601,12276914,0.473579762085105,91.1268828770106,0.309212633736947
560.3,610,30,30,149100,149100,2024-08-23,2024-12-20,556.22,0,0,592449013,78717254,0.0251667226593894,99.6402858384035,0
556.63,585,53,52,128631,147524,2024-08-23,2024-09-20,556.22,-1,18893,379033498,91846104,0.038921098208581,99.6824560345323,0.128067297524471
548.03,552.5,346,330,105530,147510,2024-08-23,2024-09-06,556.22,-16,41980,32959601,12276914,0.447547893556114,91.5744307705667,0.284590875194902
358.76,359,6112,6112,146688,146688,2024-08-23,2024-10-18,556.22,0,0,371743374,99656101,0.0394594793772975,98.7596680068869,0
540.56,544,426,426,106074,146544,2024-08-23,2024-09-13,556.22,0,40470,41756314,9731594,0.350950517327751,92.8821207733997,0.276162790697674
294.62,295,3824,3824,145312,145312,2024-08-23,2024-12-20,556.22,0,0,592449013,78717254,0.02452734274367,99.6648131811471,0
349.91,350,16193,16010,129544,144090,2024-08-23,2024-09-20,556.22,-183,14546,379033498,91846104,0.0380151096829969,99.7204711442153,0.100950794642237
533.5,534,2863,2830,108794,141500,2024-08-23,2024-08-30,556.22,-33,32706,53277899,17340961,0.265588551080064,93.3327776307395,0.231137809187279
537.95,543,270,280,107460,141400,2024-08-23,2024-09-27,556.22,10,33940,13405843,4202849,1.05476395628384,77.7059152490448,0.24002828854314
535.03,537.5,650,567,117000,140049,2024-08-23,2024-09-13,556.22,-83,23049,41756314,9731594,0.335395983467315,93.217516756867,0.164578111946533
419.92,420,17366,17369,121562,138952,2024-08-23,2024-09-06,556.22,3,17390,32959601,12276914,0.421582773407967,91.9960135439746,0.125151131325925
556.31,569,109,109,103768,138321,2024-08-23,2024-08-30,556.22,0,34553,53277899,17340961,0.259621724197495,93.592399354937,0.249802994483846
524.57,526,347,965,40252,137995,2024-08-23,2024-09-13,556.22,618,97743,41756314,9731594,0.330476966908526,93.5479937237755,0.708308272038842
516.81,517,7278,7243,123726,137617,2024-08-23,2024-08-30,556.22,-35,13891,53277899,17340961,0.258300350770213,93.8506997057072,0.100939564152685
508.3,510,647,809,95109,137530,2024-08-23,2024-09-27,556.22,162,42421,13405843,4202849,1.02589594701355,78.7318111960583,0.308449065658402
538.58,544,216,253,89640,137126,2024-08-23,2024-09-27,556.22,37,47486,13405843,4202849,1.02288233570988,79.7546935317682,0.346294648717238
556.46,585,27,48,69525,136992,2024-08-23,2024-10-18,556.22,21,67467,371743374,99656101,0.0368512284498714,98.7965192353368,0.492488612473721
550.66,572,64,64,136576,136576,2024-08-23,2024-12-20,556.22,0,0,592449013,78717254,0.0230527854723593,99.6878659666195,0
395.53,396,2223,2902,80028,136394,2024-08-23,2024-10-18,556.22,679,56366,371743374,99656101,0.0366903647891247,98.8332096001259,0.413258647741103
119.97,120,44822,44847,89644,134541,2024-08-23,2024-12-20,556.22,25,44897,592449013,78717254,0.0227092959981014,99.7105752626176,0.333704967259051
549.71,561,106,119,101548,134351,2024-08-23,2024-09-27,556.22,13,32803,13405843,4202849,1.00218240658197,80.7568759383502,0.24415895676251
556.03,570,51,96,50796,134112,2024-08-23,2024-09-06,556.22,45,83316,32959601,12276914,0.406898129622382,92.402911673597,0.621241947029349
497.89,498,12016,12149,132176,133639,2024-08-23,2024-08-30,556.22,133,1463,53277899,17340961,0.250833840125715,94.101533545833,0.0109474030784427
531.28,532.5,1198,1088,97038,132736,2024-08-23,2024-09-06,556.22,-110,35698,32959601,12276914,0.402723321802348,92.8056349953994,0.268939850530376
555.1,580,45,53,96930,131970,2024-08-23,2024-10-18,556.22,8,35040,371743374,99656101,0.0355002965029311,98.8687098966289,0.26551488974767
279.64,280,3658,3658,131688,131688,2024-08-23,2024-12-20,556.22,0,0,592449013,78717254,0.0222277355705545,99.7328029981881,0
309.86,310,9267,9320,120471,130480,2024-08-23,2024-10-18,556.22,53,10009,371743374,99656101,0.03509948236495,98.9038093789938,0.0767090741876151
521.76,523,852,1049,84348,130076,2024-08-23,2024-09-13,556.22,197,45728,41756314,9731594,0.311512170351052,93.8595058941266,0.351548325594268
509.62,510,3409,3390,109088,128820,2024-08-23,2024-09-06,556.22,-19,19732,32959601,12276914,0.390842110012193,93.1964771054116,0.153174972830306
434.21,435,1600,1630,97600,128770,2024-08-23,2024-10-18,556.22,30,31170,371743374,99656101,0.0346394876159918,98.9384488666098,0.242059485905102
559.8,600,2,32,8040,128640,2024-08-23,2024-09-27,556.22,30,120600,13405843,4202849,0.959581579465014,81.7164575178152,0.9375
351.76,352,5303,5303,121969,127272,2024-08-23,2024-10-18,556.22,0,5303,371743374,99656101,0.0342365214557933,98.9726853880656,0.0416666666666667
199.86,200,8915,8950,124810,125300,2024-08-23,2024-12-20,556.22,35,490.000000000015,592449013,78717254,0.0211494993240878,99.7539524975122,0.00391061452513978
534.58,537,414,513,72450,124146,2024-08-23,2024-09-13,556.22,99,51696,41756314,9731594,0.297310725271392,94.156816619398,0.416412933159345
499.69,500,3986,3960,107622,122760,2024-08-23,2024-09-06,556.22,-26,15138,32959601,12276914,0.372455965107102,93.5689330705187,0.123313782991202
364.89,365,10049,11049,90441,121539,2024-08-23,2024-09-20,556.22,1000,31098,379033498,91846104,0.0320655036141423,99.7525366478295,0.255868486658604
533.72,538,284,282,95708,120696,2024-08-23,2024-09-27,556.22,-2,24988,13405843,4202849,0.900323836404768,82.61678135422,0.2070325445748
527.15,528,1381,1411,92527,119935,2024-08-23,2024-09-06,556.22,30,27408,32959601,12276914,0.363884866203326,93.932817936722,0.228523783716179
551.25,573,55,55,119625,119625,2024-08-23,2024-12-20,556.22,0,0,592449013,78717254,0.0201916109867838,99.774144108499,0
474.94,475,19588,19580,137116,117480,2024-08-23,2024-08-30,556.22,-8,-19636,53277899,17340961,0.220504190677639,94.3220377365106,-0.167143343547838
219.82,220,6416,6430,115488,115740,2024-08-23,2024-12-20,556.22,14,252,592449013,78717254,0.0195358583541095,99.7936799668531,0.00217729393468118
551.01,564,89,89,85885,115611,2024-08-23,2024-09-27,556.22,0,29726,13405843,4202849,0.862392614921717,83.4791739691417,0.257120862201694
522.75,523,4691,4605,98511,115125,2024-08-23,2024-08-30,556.22,-86,16614,53277899,17340961,0.216083971329275,94.5381217078399,0.144312703583062
509.23,510,1487,1473,89220,113421,2024-08-23,2024-09-13,556.22,-14,24201,41756314,9731594,0.271625986910626,94.4284426063086,0.213373184859947
532.76,537,218,266,73248,112784,2024-08-23,2024-09-27,556.22,48,39536,13405843,4202849,0.841304795229961,84.3204787643716,0.350546176762661
515.82,518,510,515,87720,112270,2024-08-23,2024-09-27,556.22,5,24550,13405843,4202849,0.837470646195096,85.1579494105667,0.218669279415694
512.9,515,313,534,52271,112140,2024-08-23,2024-09-27,556.22,221,59869,13405843,4202849,0.8365009197855,85.9944503303522,0.533877296236847
469.94,470,18644,18618,111864,111708,2024-08-23,2024-08-30,556.22,-26,-155.999999999985,53277899,17340961,0.209670430134642,94.7477921379745,-0.00139649801267578
539.97,540,36209,36917,181045,110751,2024-08-23,2024-08-23,556.22,708,-70294,30683628,15994277,0.360944931283876,96.5416345159705,-0.634703072658486
527.38,529,543,681,74391,110322,2024-08-23,2024-09-13,556.22,138,35931,41756314,9731594,0.26420435481925,94.6926469611279,0.325692065045956
504.88,505,9152,9133,118976,109596,2024-08-23,2024-08-30,556.22,-19,-9380,53277899,17340961,0.205706309852797,94.9534984478273,-0.0855870652213585
497.72,498,3901,3897,105327,109116,2024-08-23,2024-09-06,556.22,-4,3789.00000000002,32959601,12276914,0.331059832914846,94.2638777696368,0.0347245133619269
375.67,376,3295,3293,98850,108669,2024-08-23,2024-10-18,556.22,-2,9819,371743374,99656101,0.0292322627921271,99.0019176508577,0.0903569555254948
556.06,575,57,57,85614,107958,2024-08-23,2024-09-13,556.22,0,22344,41756314,9731594,0.258542935566583,94.9511898966944,0.206969376979937
526.43,528,315,684,41580,107388,2024-08-23,2024-09-13,556.22,369,65808,41756314,9731594,0.257177872548808,95.2083677692432,0.61280590010057
415.5,416,2142,2142,107100,107100,2024-08-23,2024-10-18,556.22,0,0,371743374,99656101,0.0288101974347497,99.0307278482925,0
540.9,547,172,175,83936,106750,2024-08-23,2024-09-27,556.22,3,22814,13405843,4202849,0.796294570956858,86.7907449013091,0.213714285714286
510.85,511,7130,7105,106950,106575,2024-08-23,2024-08-30,556.22,-25,-375,53277899,17340961,0.20003604121101,95.1535344890383,-0.00351864883884588
484.91,485,11748,11706,93984,105354,2024-08-23,2024-08-30,556.22,-42,11370,53277899,17340961,0.197744284173068,95.3512787732114,0.107921863431858
546.84,547,2745,6569,43920,105104,2024-08-23,2024-08-23,556.22,3824,61184,30683628,15994277,0.342540979834588,96.8841754958051,0.582128177804841
551.69,575,47,45,93295,104895,2024-08-23,2024-11-15,556.22,-2,11600,285665071,41499673,0.0367195750018734,99.536905931352,0.110586777253444
545.35,554,119,119,79135,102935,2024-08-23,2024-09-27,556.22,0,23800,13405843,4202849,0.767836830552171,87.5585817318613,0.23121387283237
529.22,531,571,572,82795,101816,2024-08-23,2024-09-13,556.22,1,19021,41756314,9731594,0.243833782838207,95.4522015520815,0.186817396087059
521.81,522,5329,5329,106580,101251,2024-08-23,2024-08-30,556.22,0,-5329,53277899,17340961,0.190043154667191,95.5413219278786,-0.0526315789473684
530.04,534,270,254,75600,100584,2024-08-23,2024-09-27,556.22,-16,24984,13405843,4202849,0.75029970140632,88.3088814332676,0.248389405869721
505.84,506,6240,6240,81120,99840,2024-08-23,2024-08-30,556.22,0,18720,53277899,17340961,0.187394776959955,95.7287167048385,0.1875
520.78,521,4491,4490,107784,98780,2024-08-23,2024-08-30,556.22,-1,-9003.99999999999,53277899,17340961,0.185405209015468,95.914121913854,-0.0911520550718767
554.99,566,49,89,35770,97989,2024-08-23,2024-08-30,556.22,40,62219,53277899,17340961,0.183920540860667,96.0980424547147,0.634959026013124
349.46,350,1807,1807,84929,97578,2024-08-23,2024-11-15,556.22,0,12649,285665071,41499673,0.0341581837983966,99.5710641151504,0.12962962962963
538.87,542,357,309,86751,96717,2024-08-23,2024-09-13,556.22,-48,9965.99999999999,41756314,9731594,0.23162245594762,95.6838240080291,0.103042898352926
555.79,565,402,105,201000,96705,2024-08-23,2024-08-23,556.22,-297,-104295,30683628,15994277,0.315168075952426,97.1993435717576,-1.07848611757407
479.62,480,2554,2544,79174,96672,2024-08-23,2024-09-13,556.22,-10,17498,41756314,9731594,0.231514687814638,95.9153386958437,0.181003806686528
403.48,404,1162,1847,39508,96044,2024-08-23,2024-10-18,556.22,685,56536,371743374,99656101,0.0258361027303744,99.0565639510228,0.588646870184499
553.34,585,3,30,8640,94980,2024-08-23,2024-12-20,556.22,27,86340,592449013,78717254,0.0160317593439893,99.8097117261971,0.909033480732786
549.64,567,54,54,93744,93744,2024-08-23,2024-11-15,556.22,0,0,285665071,41499673,0.0328160526142869,99.6038801677647,0
522.34,523,1260,1420,70560,93720,2024-08-23,2024-09-06,556.22,160,23160,32959601,12276914,0.284348102393594,94.5482258720304,0.247119078104994
525.97,527.5,311,612,40119,93636,2024-08-23,2024-09-13,556.22,301,53517,41756314,9731594,0.224243931109437,96.1395826269531,0.571542996283481
555.8,568,97,76,84099,92720,2024-08-23,2024-08-30,556.22,-21,8621,53277899,17340961,0.174030886615855,96.2720733413305,0.0929788610871441
551.6,574,41,41,91840,91840,2024-08-23,2024-12-20,556.22,0,0,592449013,78717254,0.0155017559291638,99.8252134821263,0
534.62,536,922,658,92200,90804,2024-08-23,2024-09-06,556.22,-264,-1396,32959601,12276914,0.27550090791451,94.8237267799449,-0.0153737720805251
517.67,520,356,389,63724,90637,2024-08-23,2024-09-27,556.22,33,26913,13405843,4202849,0.676100712204372,88.9849821454719,0.296931716627867
525.71,526,2265,3105,52095,90045,2024-08-23,2024-08-30,556.22,840,37950,53277899,17340961,0.169010042982363,96.4410833843129,0.421455938697318
533.71,536,393,393,74670,89997,2024-08-23,2024-09-13,556.22,0,15327,41756314,9731594,0.215529081422273,96.3551117083754,0.170305676855895
554,580,27,34,63747,88400,2024-08-23,2024-11-15,556.22,7,24653,285665071,41499673,0.0309453303795759,99.6348254981443,0.278880090497738
516.49,517,1715,1728,73745,88128,2024-08-23,2024-09-06,556.22,13,14383,32959601,12276914,0.267381877590084,95.091108657535,0.16320579157589
558.7,575,7,54,10563,88020,2024-08-23,2024-09-06,556.22,47,77457,32959601,12276914,0.267054203720488,95.3581628612555,0.879993183367417
335.85,336,5853,5853,87795,87795,2024-08-23,2024-10-18,556.22,0,0,371743374,99656101,0.0236170988215112,99.0801810498444,0
557.34,571,64,64,87424,87424,2024-08-23,2024-09-20,556.22,0,0,379033498,91846104,0.0230649798662386,99.7756016276957,0
524.11,527,300,300,74700,86700,2024-08-23,2024-09-27,556.22,0,12000,13405843,4202849,0.646732920861448,89.6317150663334,0.13840830449827
398.52,399,1095,1803,41610,86544,2024-08-23,2024-10-18,556.22,708,44934,371743374,99656101,0.0232805763472734,99.1034616261916,0.51920410427066
543.45,551,96,114,52800,86070,2024-08-23,2024-09-27,556.22,18,33270,13405843,4202849,0.642033477491867,90.2737485438253,0.38654583478564
344.52,345,1791,1790,78804,85920,2024-08-23,2024-11-15,556.22,-1,7116,285665071,41499673,0.0300771808395154,99.6649026789838,0.0828212290502793
339.81,340,4509,4507,81162,85633,2024-08-23,2024-10-18,556.22,-2,4471,371743374,99656101,0.0230355148172728,99.1264971410089,0.0522111802692887
557.2,590,4,26,12000,85280,2024-08-23,2024-10-18,556.22,22,73280,371743374,99656101,0.0229405568369324,99.1494376978458,0.859287054409006
543.94,544,8550,14138,85500,84828,2024-08-23,2024-08-23,556.22,5588,-672,30683628,15994277,0.276460136982498,97.47580370874,-0.00792191257603622
444.96,445,20977,20975,83908,83900,2024-08-23,2024-08-30,556.22,-2,-8,53277899,17340961,0.157476179757013,96.5985595640699,-9.53516090584029e-05
490.89,491,7547,7543,75470,82973,2024-08-23,2024-08-30,556.22,-4,7503,53277899,17340961,0.155736246281033,96.7542958103509,0.0904270063755679
522.14,525,282,290,60348,82940,2024-08-23,2024-09-27,556.22,8,22592,13405843,4202849,0.618685449322359,90.8924339931476,0.272389679286231
432.23,433,1215,1074,72900,82698,2024-08-23,2024-10-18,556.22,-141,9798,371743374,99656101,0.0222459916662832,99.1716836895121,0.118479286077051
526.13,527,926,948,60190,82476,2024-08-23,2024-09-06,556.22,22,22286,32959601,12276914,0.250233611747909,95.6083964730034,0.27021194044328
427.3,428,1107,1169,54243,81830,2024-08-23,2024-10-18,556.22,62,27587,371743374,99656101,0.0220124972557009,99.1936961867678,0.337125748502994
545.89,546,4697,7428,61061,81708,2024-08-23,2024-08-23,556.22,2731,20647,30683628,15994277,0.266291847887088,97.7420955566271,0.252692514808831
529.89,531,742,735,55650,81585,2024-08-23,2024-09-06,556.22,-7,25935,32959601,12276914,0.247530302323745,95.8559267753272,0.317889317889318
522.7,524,580,627,55680,81510,2024-08-23,2024-09-13,556.22,47,25830,41756314,9731594,0.195204011541823,96.5503157199172,0.316893632683106
299.88,300,6656,6670,73216,80040,2024-08-23,2024-10-18,556.22,14,6824,371743374,99656101,0.0215309822845693,99.2152271690524,0.0852573713143428
369.89,370,8442,7270,75978,79970,2024-08-23,2024-09-20,556.22,-1172,3992,379033498,91846104,0.0210983990655095,99.7967000267612,0.0499187195198199
299.96,300,19924,19939,59772,79756,2024-08-23,2024-09-20,556.22,15,19984,379033498,91846104,0.0210419396757381,99.817741966437,0.250564220873665
515.83,516,4610,4606,82980,78302,2024-08-23,2024-08-30,556.22,-4,-4677.99999999999,53277899,17340961,0.146969008669054,96.90126481902,-0.0597430461546319
239.78,240,3558,3558,78276,78276,2024-08-23,2024-12-20,556.22,0,0,592449013,78717254,0.0132122762098348,99.8384257583361,0
513.59,514,1908,1905,74412,78105,2024-08-23,2024-09-06,556.22,-3,3693,32959601,12276914,0.236971922081217,96.0928986974084,0.0472825043211062
429.28,430,1178,1079,75392,77688,2024-08-23,2024-10-18,556.22,-99,2296,371743374,99656101,0.0208982877526689,99.2361254568051,0.0295541138914633
379.99,380,77015,77117,154030,77117,2024-08-23,2024-08-30,556.22,102,-76913,53277899,17340961,0.144744821863189,97.0460096408832,-0.997354668879754
521.31,522,1079,1111,52871,76659,2024-08-23,2024-09-06,556.22,32,23788,32959601,12276914,0.232584733049408,96.3254834304578,0.310309291798745
129.96,130,19107,19110,76428,76440,2024-08-23,2024-12-20,556.22,3,12,592449013,78717254,0.0129023761239687,99.8513281344601,0.000156985871271586
486.9,487,7638,7638,76380,76380,2024-08-23,2024-08-30,556.22,0,0,53277899,17340961,0.143361509056504,97.1893711499397,0
391.63,392,1953,2058,74214,76146,2024-08-23,2024-10-18,556.22,105,1932,371743374,99656101,0.020483485470275,99.2566089422753,0.0253723110865968
189.89,190,6879,6889,75669,75779,2024-08-23,2024-12-20,556.22,10,110,592449013,78717254,0.012790805341421,99.8641189398015,0.00145158949049209
204.85,205,5004,5019,70056,75285,2024-08-23,2024-12-20,556.22,15,5229,592449013,78717254,0.012707422638579,99.8768263624401,0.0694560669456067
518.8,519,3770,3764,67860,75280,2024-08-23,2024-08-30,556.22,-6,7420,53277899,17340961,0.141296863076376,97.3306680130161,0.0985653560042508
557.48,590,23,23,74796,74796,2024-08-23,2024-11-15,556.22,0,0,285665071,41499673,0.0261831100799859,99.6910857890638,0
547.3,547.5,1698,3728,28866,74560,2024-08-23,2024-08-23,556.22,2030,45694,30683628,15994277,0.242996036844144,97.9850915934713,0.612848712446352
535.95,537.5,403,477,48763,73935,2024-08-23,2024-09-06,556.22,74,25172,32959601,12276914,0.22432006989405,96.5498035003518,0.340461215932914
552.92,562.5,18,77,14094,73766,2024-08-23,2024-09-13,556.22,59,59672,41756314,9731594,0.17665831327928,96.7269740331965,0.80893636634764
524.86,528,229,231,57250,72534,2024-08-23,2024-09-27,556.22,2,15284,13405843,4202849,0.541062579951145,91.4334965730988,0.210714975046185
554,570,45,45,59535,72000,2024-08-23,2024-09-27,556.22,0,12465,13405843,4202849,0.537079242237881,91.9705758153366,0.173125
229.8,230,3527,3537,67013,70740,2024-08-23,2024-12-20,556.22,10,3727.00000000001,592449013,78717254,0.0119402680142536,99.8887666304543,0.0526858919988693
404.5,405,1227,1405,49080,70250,2024-08-23,2024-10-18,556.22,178,21170,371743374,99656101,0.0188974450960893,99.2755063873714,0.30135231316726
397.54,398,1147,1515,43586,69690,2024-08-23,2024-10-18,556.22,368,26104,371743374,99656101,0.0187468035408749,99.2942531909123,0.374573109484862
364.44,365,1244,1244,69664,69664,2024-08-23,2024-11-15,556.22,0,0,285665071,41499673,0.0243866006285382,99.7154723896923,0
380.7,381,2294,2294,68820,68820,2024-08-23,2024-10-18,556.22,0,0,371743374,99656101,0.0185127711247383,99.312765962037,0
411.41,412,1156,1163,56644,68617,2024-08-23,2024-10-18,556.22,7,11973,371743374,99656101,0.0184581635609731,99.331224125598,0.174490286663655
539.37,542.5,141,216,32007,67608,2024-08-23,2024-09-13,556.22,75,35601,41756314,9731594,0.161910842992511,96.888884876189,0.526579694710685
512.8,513,3380,3380,57460,67600,2024-08-23,2024-08-30,556.22,0,10140,53277899,17340961,0.126881880233303,97.4575498932494,0.15
392.55,393,1424,1488,54112,66960,2024-08-23,2024-10-18,556.22,64,12848,371743374,99656101,0.0180124259592049,99.3492365515572,0.191875746714456
555.22,570,45,45,50445,66510,2024-08-23,2024-09-13,556.22,0,16065,41756314,9731594,0.159281300547745,97.0481661767368,0.241542625169147
413.42,414,1145,1145,50380,66410,2024-08-23,2024-10-18,556.22,0,16030,371743374,99656101,0.0178644744317622,99.367101025989,0.241379310344827
439.78,440,2973,2977,50541,65494,2024-08-23,2024-09-13,556.22,4,14953,41756314,9731594,0.156848135589746,97.2050143123265,0.228310990319724
454.95,455,12948,12948,77688,64740,2024-08-23,2024-08-30,556.22,0,-12948,53277899,17340961,0.121513800684971,97.5790636939343,-0.2
304.7,305,2125,2144,57375,64320,2024-08-23,2024-11-15,556.22,19,6944.99999999999,285665071,41499673,0.0225158783938272,99.7379882680862,0.107975746268657
334.93,335,9146,9148,45730,64036,2024-08-23,2024-09-20,556.22,2,18306,379033498,91846104,0.0168945489878575,99.8346365154248,0.285870447873071
508.86,509,4526,4533,63364,63462,2024-08-23,2024-08-30,556.22,7,97.9999999999927,53277899,17340961,0.119115057446241,97.6981787513806,0.00154423119346999
551.36,573,28,29,55160,62756,2024-08-23,2024-11-15,556.22,1,7596.00000000001,285665071,41499673,0.0219683840871116,99.7599566521733,0.121040219261903
441.21,442,793,793,62647,62647,2024-08-23,2024-10-18,556.22,0,0,371743374,99656101,0.016852216981277,99.3839532429702,0
546.64,552.5,102,105,46920,61530,2024-08-23,2024-09-13,556.22,3,14610,41756314,9731594,0.147354960497711,97.3523692728242,0.237445148707947
535.38,537,345,375,40020,60750,2024-08-23,2024-09-06,556.22,30,20730,32959601,12276914,0.184316551647576,96.7341200519994,0.341234567901235
494.51,495,1449,1226,60858,60074,2024-08-23,2024-09-13,556.22,-223,-783.999999999993,41756314,9731594,0.143868062683885,97.4962373355081,-0.0130505709624795
507.86,508,4154,4173,58156,58422,2024-08-23,2024-08-30,556.22,19,265.999999999993,53277899,17340961,0.109655224955474,97.8078339763361,0.00455307931943433
433.22,434,745,740,38740,57720,2024-08-23,2024-10-18,556.22,-5,18980,371743374,99656101,0.0155268402981676,99.3994800832684,0.328828828828829
443.13,444,651,655,41664,56985,2024-08-23,2024-10-18,556.22,4,15321,371743374,99656101,0.0153291232569488,99.4148092065254,0.268860226375362
437.19,438,699,702,51027,56862,2024-08-23,2024-10-18,556.22,3,5835,371743374,99656101,0.015296035915357,99.4301052424407,0.102616861876121
438.24,439,753,748,51957,56848,2024-08-23,2024-10-18,556.22,-5,4891.00000000001,371743374,99656101,0.0152922698764767,99.4453975123172,0.0860364480720519
329.58,330,1342,1338,52338,56196,2024-08-23,2024-11-15,556.22,-4,3857.99999999999,285665071,41499673,0.0196719885295322,99.7796286407028,0.068652573136878
359.9,360,5636,5600,45088,56000,2024-08-23,2024-09-20,556.22,-36,10912,379033498,91846104,0.0147744197532641,99.8494109351781,0.194857142857143
388.64,389,1555,1555,49760,55980,2024-08-23,2024-10-18,556.22,0,6219.99999999999,371743374,99656101,0.0150587754658944,99.4604562877831,0.111111111111111
149.94,150,9361,9325,56166,55950,2024-08-23,2024-12-20,556.22,-36,-216,592449013,78717254,0.00944385065588758,99.8982104811102,-0.00386058981233244
517.81,518,2952,2936,53136,55784,2024-08-23,2024-08-30,556.22,-16,2648,53277899,17340961,0.104703828504949,97.912537804841,0.0474688082604331
513.8,516,250,253,39750,55660,2024-08-23,2024-09-27,556.22,3,15910,13405843,4202849,0.415192091985562,92.3857679073222,0.285842615882142
560.3,600,14,14,55580,55580,2024-08-23,2024-11-15,556.22,0,0,285665071,41499673,0.0194563513857107,99.7990849920885,0
421.34,422,845,838,47320,55308,2024-08-23,2024-10-18,556.22,-7,7988,371743374,99656101,0.0148780055996371,99.4753342933827,0.144427569248572
326.87,327,4214,4214,54782,54782,2024-08-23,2024-10-18,556.22,0,0,371743374,99656101,0.0147365101388465,99.4900708035216,0
356.74,357,2088,2088,43848,54288,2024-08-23,2024-10-18,556.22,0,10440,371743374,99656101,0.0146036227669252,99.5046744262885,0.192307692307692
558.2,590,7,17,22407,54060,2024-08-23,2024-12-20,556.22,10,31653,592449013,78717254,0.00912483586161363,99.9073353169718,0.585516093229745
555.1,600,11,12,44814,53880,2024-08-23,2024-12-20,556.22,1,9065.99999999999,592449013,78717254,0.00909445350025421,99.9164297704721,0.16826280623608
488.94,490,494,508,43966,53848,2024-08-23,2024-09-27,556.22,14,9882,13405843,4202849,0.401675597722575,92.7874435050448,0.183516565146338
475.93,476,7674,7674,61392,53718,2024-08-23,2024-08-30,556.22,0,-7673.99999999999,53277899,17340961,0.100826047964091,98.0133638528051,-0.142857142857143
344.92,345,6705,6704,40230,53632,2024-08-23,2024-09-20,556.22,-1,13402,379033498,91846104,0.0141496728608404,99.8635606080389,0.249888126491647
489.53,490,1267,1136,48146,53392,2024-08-23,2024-09-13,556.22,-131,5245.99999999999,41756314,9731594,0.127865692359723,97.6241030278678,0.0982544201378482
214.83,215,3026,3047,51442,51799,2024-08-23,2024-12-20,556.22,21,356.999999999993,592449013,78717254,0.00874319964475998,99.9251729701169,0.00689202494256632
484.58,485,1237,1229,42058,51618,2024-08-23,2024-09-13,556.22,-8,9559.99999999999,41756314,9731594,0.123617233072823,97.7477202609407,0.185206710837305
364.99,365,51516,51554,51516,51554,2024-08-23,2024-08-30,556.22,38,38,53277899,17340961,0.0967643262359126,98.110128179041,0.000737091205338092
440.29,441,705,714,52170,50694,2024-08-23,2024-10-18,556.22,9,-1476.00000000001,371743374,99656101,0.0136368267857815,99.5183112530743,-0.0291158717007931
517.92,519,614,464,49120,50112,2024-08-23,2024-09-13,556.22,-150,991.999999999993,41756314,9731594,0.120010592889018,97.8677308538297,0.0197956577266921
519.52,522,199,200,42188,49600,2024-08-23,2024-09-27,556.22,1,7412,13405843,4202849,0.36998792243054,93.1574314274753,0.149435483870968
527.57,533,84,90,24444,48870,2024-08-23,2024-09-27,556.22,6,24426,13405843,4202849,0.364542535668962,93.5219739631443,0.499815837937385
553.28,569,30,31,52500,48732,2024-08-23,2024-11-15,556.22,1,-3768,285665071,41499673,0.0170591384621888,99.8161441305507,-0.0773208569317902
378.64,379,1351,1349,37828,48564,2024-08-23,2024-10-18,556.22,-2,10736,371743374,99656101,0.0130638508704126,99.5313751039447,0.221069104686599
552.97,564,48,44,38880,48532,2024-08-23,2024-09-13,556.22,-4,9652.00000000001,41756314,9731594,0.116226733997642,97.9839575878273,0.198879090084893
319.95,320,7690,9683,30760,48415,2024-08-23,2024-09-20,556.22,1993,17655,379033498,91846104,0.0127732773634693,99.8763338854024,0.364659712898895
224.8,225,2410,2410,43380,48200,2024-08-23,2024-12-20,556.22,0,4820,592449013,78717254,0.00813572120846794,99.9333086913253,0.1
527.56,531,138,140,38916,48160,2024-08-23,2024-09-27,556.22,2,9244,13405843,4202849,0.359246337585783,93.8812203007301,0.191943521594684
531.91,536,114,116,36822,47444,2024-08-23,2024-09-27,556.22,2,10622,13405843,4202849,0.353905382899084,94.2351256836291,0.223885001264649
503.86,504,3324,3328,39888,46592,2024-08-23,2024-08-30,556.22,4,6704.00000000001,53277899,17340961,0.0874508959146456,98.1975790749556,0.143887362637363
553.78,574,4,23,7032,46506,2024-08-23,2024-10-18,556.22,19,39474,371743374,99656101,0.0125102431549997,99.5438853470997,0.848793704038189
384.28,385,641,641,46152,46152,2024-08-23,2024-11-15,556.22,0,0,285665071,41499673,0.0161559828922872,99.832300113443,0
209.84,210,2865,2880,42975,46080,2024-08-23,2024-12-20,556.22,15,3105,592449013,78717254,0.00777788450801251,99.9410865758333,0.0673828125
139.96,140,11464,11464,45856,45856,2024-08-23,2024-12-20,556.22,0,0,592449013,78717254,0.00774007534720967,99.9488266511805,0
556.09,567,30,42,25560,45822,2024-08-23,2024-08-30,556.22,12,20262,53277899,17340961,0.0860056437285562,98.2835847186842,0.44218934136441
405.46,406,449,848,17960,45792,2024-08-23,2024-10-18,556.22,399,27832,371743374,99656101,0.0123181751721014,99.5562035222718,0.607791754018169
314.95,315,6868,9131,27472,45655,2024-08-23,2024-09-20,556.22,2263,18183,379033498,91846104,0.0120451095327727,99.8883789949352,0.398269630927609
369.36,370,708,713,45312,45632,2024-08-23,2024-11-15,556.22,5,320,285665071,41499673,0.0159739515371132,99.8482740649801,0.00701262272089762
520.21,522.5,196,199,40572,45571,2024-08-23,2024-09-27,556.22,3,4999,13405843,4202849,0.339933863166979,94.5750595467961,0.109696956397709
502.87,503,3348,3493,40176,45409,2024-08-23,2024-08-30,556.22,145,5233,53277899,17340961,0.0852304630105628,98.3688151816948,0.115241471954899
294.88,295,3818,3779,30544,45348,2024-08-23,2024-10-18,556.22,-39,14804,371743374,99656101,0.0121987379390386,99.5684022602108,0.326453206315604
360.71,361,1556,1559,42012,45211,2024-08-23,2024-10-18,556.22,3,3198.99999999999,371743374,99656101,0.0121618845585665,99.5805641447694,0.0707571166309083
339.95,340,9033,9033,45165,45165,2024-08-23,2024-09-20,556.22,0,0,379033498,91846104,0.0119158333599317,99.9002948282951,0
331.84,332,2795,2795,41925,44720,2024-08-23,2024-10-18,556.22,0,2795,371743374,99656101,0.0120298041949767,99.5925939489644,0.0625
517.5,518,909,879,44541,43950,2024-08-23,2024-09-06,556.22,-30,-591,32959601,12276914,0.13334506082158,96.867465112821,-0.0134470989761092
169.92,170,5292,5476,37044,43808,2024-08-23,2024-12-20,556.22,184,6763.99999999999,592449013,78717254,0.007394391591298,99.9562210427718,0.154401022644266
269.92,270,5374,5354,37618,42832,2024-08-23,2024-10-18,556.22,-20,5213.99999999999,371743374,99656101,0.0115219269516825,99.6041158759161,0.121731415763915
408.46,409,774,793,37926,42822,2024-08-23,2024-10-18,556.22,19,4896,371743374,99656101,0.0115192369239108,99.61563511284,0.114333753678016
508.25,509,408,565,24888,42375,2024-08-23,2024-09-13,556.22,157,17487,41756314,9731594,0.101481658558272,98.0854392463856,0.412672566371681
519.84,521,214,365,19474,42340,2024-08-23,2024-09-13,556.22,151,22866,41756314,9731594,0.101397838899286,98.1868370852849,0.540056683986774
489.76,490,1749,1741,36729,41784,2024-08-23,2024-09-06,556.22,-8,5055,32959601,12276914,0.126773379325799,96.9942384921468,0.120979322228604
343.81,344,2199,2199,39582,41781,2024-08-23,2024-10-18,556.22,0,2199,371743374,99656101,0.0112392050328784,99.6268743178729,0.0526315789473684
412.43,413,840,733,43680,41781,2024-08-23,2024-10-18,556.22,-107,-1899.00000000001,371743374,99656101,0.0112392050328784,99.6381135229057,-0.0454512816830619
476.93,477,5964,5964,41748,41748,2024-08-23,2024-08-30,556.22,0,0,53277899,17340961,0.0783589457985196,98.4471741274933,0
512.56,513,937,936,35606,41184,2024-08-23,2024-09-06,556.22,-1,5578,32959601,12276914,0.124952968939157,97.119191461086,0.135440947940948
324.88,325,3422,3422,41064,41064,2024-08-23,2024-10-18,556.22,0,0,371743374,99656101,0.0110463300416486,99.6491598529474,0
324.65,325,1124,1173,35968,41055,2024-08-23,2024-11-15,556.22,49,5086.99999999999,285665071,41499673,0.0143717255512838,99.8626457905314,0.123906954085982
314.85,315,2711,2731,40665,40965,2024-08-23,2024-10-18,556.22,20,300,371743374,99656101,0.0110196987667089,99.6601795517141,0.00732332478945441
511.84,512,2577,2557,38655,40912,2024-08-23,2024-08-30,556.22,-20,2257,53277899,17340961,0.0767898148536225,98.5239639423469,0.0551671881110677
516.95,518,275,387,22825,40635,2024-08-23,2024-09-13,556.22,112,17810,41756314,9731594,0.097314624082959,98.2841517093678,0.438292112710717
516,517,417,405,31275,40500,2024-08-23,2024-09-13,556.22,-12,9225,41756314,9731594,0.0969913196840123,98.3811430290518,0.227777777777778
436.21,437,486,512,31104,40448,2024-08-23,2024-10-18,556.22,26,9344,371743374,99656101,0.0108806243309128,99.671060176045,0.231012658227848
518.47,519,732,762,32208,40386,2024-08-23,2024-09-06,556.22,30,8178,32959601,12276914,0.122531823124922,97.2417232842109,0.202495914425791
459.95,460,8003,7957,40015,39785,2024-08-23,2024-08-30,556.22,-46,-230,53277899,17340961,0.0746744911994371,98.5986384335463,-0.00578107326881991
244.76,245,1645,1642,41125,39408,2024-08-23,2024-12-20,556.22,-3,-1717,592449013,78717254,0.00665171164695653,99.9628727544188,-0.0435698335363378
374.36,375,614,614,39296,39296,2024-08-23,2024-11-15,556.22,0,0,285665071,41499673,0.013755969486378,99.8764017600178,0
498.9,499,3927,3909,51051,39090,2024-08-23,2024-08-30,556.22,-18,-11961,53277899,17340961,0.0733700103301746,98.6720084438765,-0.305986185725249
469.66,470,1138,1130,31864,38420,2024-08-23,2024-09-13,556.22,-8,6556,41756314,9731594,0.0920100370928334,98.4731530661447,0.170640291514836
467.94,468,6399,6399,38394,38394,2024-08-23,2024-08-30,556.22,0,0,53277899,17340961,0.0720636525100211,98.7440720963865,0
430.3,431,544,544,38080,38080,2024-08-23,2024-10-18,556.22,0,0,371743374,99656101,0.0102436257545777,99.6813038017996,0
555.02,570,77,25,72380,37450,2024-08-23,2024-08-23,556.22,-52,-34930,30683628,15994277,0.122052059815091,98.1071436532864,-0.932710280373832
264.84,265,2339,2339,32746,37424,2024-08-23,2024-11-15,556.22,0,4678,285665071,41499673,0.0131006566077517,99.8895024166255,0.125
506.54,508,256,256,37376,37376,2024-08-23,2024-09-27,556.22,0,0,13405843,4202849,0.27880380219282,94.853863348989,0
520.36,521,581,582,27307,37248,2024-08-23,2024-09-06,556.22,1,9941,32959601,12276914,0.11301107680278,97.3547343610137,0.266886812714777
512.14,513,175,433,12425,37238,2024-08-23,2024-09-13,556.22,258,24813,41756314,9731594,0.0891793274665,98.5623323936112,0.666335463773565
493.86,495,311,324,30789,36936,2024-08-23,2024-09-27,556.22,13,6146.99999999999,13405843,4202849,0.275521651268033,95.129385000257,0.166423001949318
551.02,571,15,18,0,35964,2024-08-23,2024-11-15,556.22,3,35964,285665071,41499673,0.0125895685720709,99.9020919851976,1
500.89,501,3234,3240,38808,35640,2024-08-23,2024-08-30,556.22,6,-3168,53277899,17340961,0.0668945297561377,98.8109666261427,-0.0888888888888889
474.65,475,1020,1014,30600,35490,2024-08-23,2024-09-13,556.22,-6,4890,41756314,9731594,0.0849931342119901,98.6473255278232,0.137785291631445
264.92,265,4608,4399,27648,35192,2024-08-23,2024-10-18,556.22,-209,7544,371743374,99656101,0.00946674573411495,99.6907705475337,0.214366901568538
390.63,391,939,942,34743,34854,2024-08-23,2024-10-18,556.22,3,111,371743374,99656101,0.00937582279543199,99.7001463703291,0.00318471337579618
510.65,511,993,995,33762,34825,2024-08-23,2024-09-06,556.22,2,1063,32959601,12276914,0.105659652858055,97.4603940138717,0.0305240488155061
514.9,517,160,163,26400,34230,2024-08-23,2024-09-27,556.22,3,7830,13405843,4202849,0.255336423080593,95.3847214233376,0.22874671340929
402.49,403,373,665,14547,33915,2024-08-23,2024-10-18,556.22,292,19368,371743374,99656101,0.00912322918767074,99.7092695995168,0.571074745687749
511.59,512,828,827,30636,33907,2024-08-23,2024-09-06,556.22,-1,3271,32959601,12276914,0.102874424966492,97.5632684388382,0.0964697555077123
556.3,571,22,23,26004,33810,2024-08-23,2024-09-06,556.22,1,7806,32959601,12276914,0.102580125287318,97.6658485641255,0.230878438331854
553.91,720,2,2,33218,33218,2024-08-23,2024-12-20,556.22,0,0,592449013,78717254,0.00560689599798523,99.9684796504168,0
425.3,426,298,472,16092,33040,2024-08-23,2024-10-18,556.22,174,16948,371743374,99656101,0.00888785175764827,99.7181574512744,0.512953995157385
428.29,429,476,458,30464,32518,2024-08-23,2024-10-18,556.22,-18,2054,371743374,99656101,0.0087474323079663,99.7269048835824,0.0631650162986654
449.77,450,1414,1410,29694,32430,2024-08-23,2024-09-13,556.22,-4,2736,41756314,9731594,0.077664901169198,98.7249904289924,0.0843663274745606
516.5,517.5,125,322,11000,32200,2024-08-23,2024-09-13,556.22,197,21200,41756314,9731594,0.0771140862672888,98.8021045152597,0.658385093167702
528.39,532,90,89,26190,32129,2024-08-23,2024-09-27,556.22,-1,5938.99999999999,13405843,4202849,0.239664152414734,95.6243855757523,0.18484857916524
487.9,488,3192,3197,31920,31970,2024-08-23,2024-08-30,556.22,5,50,53277899,17340961,0.0600061199860753,98.8709727461288,0.00156396621832968
414.44,415,668,568,26720,31808,2024-08-23,2024-10-18,556.22,-100,5088,371743374,99656101,0.00855644033617665,99.7354613239186,0.159959758551308
556.37,660,0,3,0,31089,2024-08-23,2024-09-20,556.22,3,31089,379033498,91846104,0.00820217742337908,99.9084970057185,1
304.96,305,7700,7708,23100,30832,2024-08-23,2024-09-20,556.22,8,7732,379033498,91846104,0.00813437338986856,99.9166313791083,0.25077841203944
414,415,299,305,29302,30500,2024-08-23,2024-11-15,556.22,6,1198,285665071,41499673,0.0106768391015505,99.9127688242991,0.0392786885245902
444.78,445,1277,1386,25540,30492,2024-08-23,2024-09-13,556.22,109,4952,41756314,9731594,0.0730236869087631,98.8751282021684,0.162403253312344
506.77,507.5,419,416,30168,30368,2024-08-23,2024-09-13,556.22,-3,200,41756314,9731594,0.072726725831212,98.9478549279996,0.00658587987355111
254.75,255,1211,1211,30275,30275,2024-08-23,2024-12-20,556.22,0,0,592449013,78717254,0.00511014438975865,99.9735897948065,0
514.98,515,14714,14972,29428,29944,2024-08-23,2024-08-23,556.22,258,515.999999999996,30683628,15994277,0.0975895027797886,98.2047331560662,0.0172321667111941
434.86,435,2094,2104,33504,29456,2024-08-23,2024-09-13,556.22,10,-4048,41756314,9731594,0.070542625002772,99.0183975530024,-0.137425312330255
520.77,522,261,239,23751,29397,2024-08-23,2024-09-13,556.22,-22,5645.99999999999,41756314,9731594,0.0704013290061953,99.0887988820086,0.192060414327992
459.73,460,1097,1084,26328,29268,2024-08-23,2024-09-13,556.22,-13,2940,41756314,9731594,0.0700923936916462,99.1588912757003,0.100451004510045
521.34,524,104,110,21112,29260,2024-08-23,2024-09-27,556.22,6,8148.00000000001,13405843,4202849,0.218263036498339,95.8426486122506,0.278468899521531
542.95,543,4422,5763,35376,28815,2024-08-23,2024-08-23,556.22,1341,-6561,30683628,15994277,0.0939100161167382,98.2986431721829,-0.227693909422176
496.9,497,2706,2879,29766,28790,2024-08-23,2024-08-30,556.22,173,-976,53277899,17340961,0.0540374161526152,98.9250101622814,-0.033900659951372
396.55,397,428,638,15836,28710,2024-08-23,2024-10-18,556.22,210,12874,371743374,99656101,0.00772306973250853,99.7431843936511,0.448415186346221
419.85,420,1898,1908,22776,28620,2024-08-23,2024-09-13,556.22,10,5844,41756314,9731594,0.0685405325767021,99.2274318082769,0.2041928721174
563.05,620,4,5,26196,28475,2024-08-23,2024-12-20,556.22,1,2279,592449013,78717254,0.00480632077616441,99.9783961155827,0.0800351185250221
481.92,482,3443,3513,30987,28104,2024-08-23,2024-08-30,556.22,70,-2883,53277899,17340961,0.0527498278413719,98.9777599901227,-0.102583262169086
555.8,568,12,23,11244,28060,2024-08-23,2024-09-06,556.22,11,16816,32959601,12276914,0.0851345257486582,97.7509830898742,0.599287241625089
184.9,185,2757,2762,27570,27620,2024-08-23,2024-12-20,556.22,5,50,592449013,78717254,0.00466200455970715,99.9830581201424,0.00181028240405503
520.52,523,106,111,21200,27528,2024-08-23,2024-09-27,556.22,5,6328,13405843,4202849,0.20534329694895,96.0479919091996,0.229875036326649
459.85,460,1806,1835,23478,27525,2024-08-23,2024-09-06,556.22,29,4047,32959601,12276914,0.0835113264872351,97.8344944163614,0.147029972752044
522.98,526,89,91,21894,27482,2024-08-23,2024-09-27,556.22,2,5588,13405843,4202849,0.205000162988631,96.2529920721882,0.203333090750309
407.45,408,417,498,18348,27390,2024-08-23,2024-10-18,556.22,81,9042,371743374,99656101,0.00736798606664608,99.7505523797177,0.330120481927711
508.62,509,714,720,25704,27360,2024-08-23,2024-09-06,556.22,6,1656.00000000001,32959601,12276914,0.0830107136309083,97.9175051299923,0.0605263157894739
444.88,445,2223,2233,22230,26796,2024-08-23,2024-09-06,556.22,10,4566,32959601,12276914,0.0812995278674642,97.9988046578598,0.170398566950291
524.99,525,25929,26762,51858,26762,2024-08-23,2024-08-23,556.22,833,-25096,30683628,15994277,0.0872191515292781,98.3858623237122,-0.937747552499813
294.97,295,8745,8835,17490,26505,2024-08-23,2024-09-20,556.22,90,9015,379033498,91846104,0.00699278563500475,99.9236241647434,0.340124504810413
501.89,502,2367,2388,33138,26268,2024-08-23,2024-08-30,556.22,21,-6870.00000000001,53277899,17340961,0.0493037460054497,99.0270637361282,-0.261534947464596
556.7,582,53,10,121900,25300,2024-08-23,2024-09-20,556.22,-43,-96600,379033498,91846104,0.0066748717813854,99.9302990365247,-3.81818181818182
354.56,355,575,575,25300,25300,2024-08-23,2024-11-15,556.22,0,0,285665071,41499673,0.00885652554981074,99.921625349849,0
329.85,330,1686,1686,25290,25290,2024-08-23,2024-10-18,556.22,0,0,371743374,99656101,0.00680308023459216,99.7573554599523,0
505.71,506,867,867,25143,25143,2024-08-23,2024-09-06,556.22,0,0,32959601,12276914,0.0762842972522634,98.0750889551121,0
552.35,567,8,17,9304,24905,2024-08-23,2024-09-27,556.22,9,15601,13405843,4202849,0.185777201776867,96.4387692739651,0.62642039751054
553,572,7,13,11200,24700,2024-08-23,2024-10-18,556.22,6,13500,371743374,99656101,0.00664436859606272,99.7639998285484,0.546558704453441
505.96,507.5,158,159,20540,24486,2024-08-23,2024-09-27,556.22,1,3946,13405843,4202849,0.182651698964399,96.6214209729295,0.161153312096708
479.17,480,295,295,21535,24485,2024-08-23,2024-09-27,556.22,0,2950,13405843,4202849,0.182644239530479,96.80406521246,0.120481927710843
555.69,572,2,15,2600,24465,2024-08-23,2024-09-06,556.22,13,21865,32959601,12276914,0.0742272335153572,98.1493161886274,0.893725730635602
234.78,235,1113,1111,21147,24442,2024-08-23,2024-12-20,556.22,-2,3295,592449013,78717254,0.00412558709081688,99.9871837072332,0.134808935438998
429.85,430,1629,1629,24435,24435,2024-08-23,2024-09-13,556.22,0,0,41756314,9731594,0.0585180962093541,99.2859499044863,0
534.98,535,11628,12144,46512,24288,2024-08-23,2024-08-23,556.22,516,-22224,30683628,15994277,0.0791562197273412,98.4650185434395,-0.91501976284585
521.27,522.5,190,196,19000,24108,2024-08-23,2024-09-13,556.22,6,5108,41756314,9731594,0.0577349811096832,99.343684885596,0.21187987390078
289.79,290,1145,1148,25190,24108,2024-08-23,2024-11-15,556.22,3,-1082,285665071,41499673,0.00843925367410425,99.930064603523,-0.0448813671810188
538.98,539,8429,11899,42145,23798,2024-08-23,2024-08-23,556.22,3470,-18347,30683628,15994277,0.0775592768886391,98.5425778203282,-0.770947138414993
344.77,345,1034,1034,18612,23782,2024-08-23,2024-10-18,556.22,0,5170,371743374,99656101,0.00639742404662201,99.770397252595,0.217391304347826
493.89,494,2141,2152,19269,23672,2024-08-23,2024-08-30,556.22,11,4403,53277899,17340961,0.0444311814923483,99.0714949176205,0.186000337952011
416.52,417,493,493,20213,23664,2024-08-23,2024-10-18,556.22,0,3451,371743374,99656101,0.00636568171891613,99.7767629343139,0.145833333333333
555.94,569,7,18,5579,23508,2024-08-23,2024-08-23,556.22,11,17929,30683628,15994277,0.0766141474534889,98.6191919677817,0.762676535647439
383.62,384,615,615,20910,23370,2024-08-23,2024-10-18,556.22,0,2460,371743374,99656101,0.00628659490242858,99.7830495292164,0.105263157894737
179.9,180,2327,2336,18616,23360,2024-08-23,2024-12-20,556.22,9,4744,592449013,78717254,0.00394295534086745,99.9911266625741,0.203082191780822
503.68,504,716,727,20764,23264,2024-08-23,2024-09-06,556.22,11,2500,32959601,12276914,0.0705833787247607,98.2198995673522,0.107462173314993
435.23,436,301,301,16254,23177,2024-08-23,2024-10-18,556.22,0,6923,371743374,99656101,0.00623467736643505,99.7892842065828,0.298701298701299
491.91,492,2453,2574,26983,23166,2024-08-23,2024-08-30,556.22,121,-3817,53277899,17340961,0.0434814443414895,99.114976361962,-0.164767331433998
479.83,480,1362,1362,25878,23154,2024-08-23,2024-09-06,556.22,0,-2724,32959601,12276914,0.0702496368205428,98.2901492041727,-0.117647058823529
525.83,529,80,73,22640,23141,2024-08-23,2024-09-27,556.22,-7,501,13405843,4202849,0.172618760342039,96.976683972802,0.0216498854846377
399.89,400,2049,2092,20490,23012,2024-08-23,2024-09-13,556.22,43,2522,41756314,9731594,0.0551102283597159,99.3987951139557,0.109594993916218
466.95,467,4574,4575,27444,22875,2024-08-23,2024-08-30,556.22,1,-4569,53277899,17340961,0.0429352516322012,99.1579116135942,-0.199737704918033
159.93,160,3267,3257,19602,22799,2024-08-23,2024-12-20,556.22,-10,3197,592449013,78717254,0.00384826364796391,99.9949749262221,0.140225448484583
401.49,402,446,446,18286,22746,2024-08-23,2024-10-18,556.22,0,4460,371743374,99656101,0.00611873716947541,99.7954029437523,0.196078431372549
194.87,195,1719,1749,20628,22737,2024-08-23,2024-12-20,556.22,30,2109,592449013,78717254,0.00383779861238456,99.9988127248344,0.0927563003034701
417.47,418,426,427,18318,22631,2024-08-23,2024-10-18,556.22,1,4313,371743374,99656101,0.00608780185010103,99.8014907456024,0.190579293888913
274.93,275,3145,3231,18870,22617,2024-08-23,2024-10-18,556.22,86,3747,371743374,99656101,0.00608403581122067,99.8075747814136,0.165671839766547
406.46,407,158,418,7584,22572,2024-08-23,2024-10-18,556.22,260,14988,371743374,99656101,0.00607193068624809,99.8136467120998,0.664008506113769
377.66,378,640,648,18560,22032,2024-08-23,2024-10-18,556.22,8,3472,371743374,99656101,0.00592666918657708,99.8195733812864,0.15758896151053
509.2,511,116,120,15892,21600,2024-08-23,2024-09-27,556.22,4,5708,13405843,4202849,0.161123772671364,97.1378077454734,0.264259259259259
423.31,424,281,312,16017,21528,2024-08-23,2024-10-18,556.22,31,5511,371743374,99656101,0.00579109178688414,99.8253644730733,0.255992196209587
419.98,420,10585,10698,21170,21396,2024-08-23,2024-08-30,556.22,113,226,53277899,17340961,0.0401592412643749,99.1980708548586,0.0105627220041129
359.48,360,410,410,21320,21320,2024-08-23,2024-11-15,556.22,0,0,285665071,41499673,0.00746328556213301,99.9375278890852,0
444.56,445,481,481,13949,21164,2024-08-23,2024-09-27,556.22,0,7215,13405843,4202849,0.157871459482257,97.2956792049556,0.340909090909091
517.18,519,116,116,20648,21112,2024-08-23,2024-09-27,556.22,0,464,13405843,4202849,0.157483568918419,97.4531627738741,0.021978021978022
513.13,514,131,242,9301,21054,2024-08-23,2024-09-13,556.22,111,11753,41756314,9731594,0.0504211171512888,99.449216231107,0.558231214971027
498.76,499,875,875,22750,21000,2024-08-23,2024-09-06,556.22,0,-1750,32959601,12276914,0.0637143635324954,98.3538635677052,-0.0833333333333333
483.92,484,2607,2609,26070,20872,2024-08-23,2024-08-30,556.22,2,-5198,53277899,17340961,0.0391757189974777,99.2372465738561,-0.24904177845918
420.35,421,321,321,17334,20865,2024-08-23,2024-10-18,556.22,0,3531,371743374,99656101,0.00561274294562141,99.8309772160189,0.169230769230769
454.99,455,20834,20834,20834,20834,2024-08-23,2024-08-23,556.22,0,0,30683628,15994277,0.0678994022480002,98.6870913700297,0
340.79,341,977,979,16609,20559,2024-08-23,2024-10-18,556.22,2,3950,371743374,99656101,0.00553042809580784,99.8365076441147,0.192129967410866
515.74,517.5,116,116,20532,20416,2024-08-23,2024-09-27,556.22,0,-116,13405843,4202849,0.152291802910119,97.6054545767842,-0.00568181818181818
357.73,358,754,754,18096,20358,2024-08-23,2024-10-18,556.22,0,2262,371743374,99656101,0.00547635853759696,99.8419840026523,0.111111111111111
518.61,521,83,85,16849,20315,2024-08-23,2024-09-27,556.22,2,3466,13405843,4202849,0.151538400084202,97.7569929768684,0.17061284764952
552.32,563,17,19,16728,20292,2024-08-23,2024-09-27,556.22,2,3564,13405843,4202849,0.151366833104043,97.9083598099724,0.175635718509758
399.98,400,10123,10142,20246,20284,2024-08-23,2024-08-30,556.22,19,38,53277899,17340961,0.0380720718735549,99.2753186457296,0.0018733977519227
510.2,511,136,253,8840,20240,2024-08-23,2024-09-13,556.22,117,11400,41756314,9731594,0.0484717113680101,99.497687942475,0.563241106719368
389.89,390,1833,1834,12831,20174,2024-08-23,2024-09-13,556.22,1,7343,41756314,9731594,0.0483136514396362,99.5460015939146,0.363983344899375
559.85,580,0,10,0,20150,2024-08-23,2024-08-23,556.22,10,20150,30683628,15994277,0.0656702004078527,98.7527615704375,1
552.22,569,11,12,17072,20136,2024-08-23,2024-10-18,556.22,1,3064,371743374,99656101,0.00541663992106555,99.8474006425734,0.152165276122368
461.94,462,3355,3355,20130,20130,2024-08-23,2024-08-30,556.22,0,0,53277899,17340961,0.037783021436337,99.313101667166,0
529.03,532.5,58,58,16704,20126,2024-08-23,2024-09-27,556.22,0,3422,13405843,4202849,0.150128567073328,98.0584883770458,0.170028818443804
334.58,335,479,479,20118,20118,2024-08-23,2024-11-15,556.22,0,0,285665071,41499673,0.00704251308344239,99.9445704021687,0
507.6,508,498,498,17430,19920,2024-08-23,2024-09-06,556.22,0,2490,32959601,12276914,0.0604376248365385,98.4143011925418,0.125
264.98,265,9938,9936,9938,19872,2024-08-23,2024-09-20,556.22,-2,9934,379033498,91846104,0.00524280838101544,99.9355418449058,0.499899355877617
457.95,458,3974,3974,23844,19870,2024-08-23,2024-08-30,556.22,0,-3974,53277899,17340961,0.0372950142046705,99.3503966813707,-0.2
556.63,569,11,16,11033,19792,2024-08-23,2024-09-06,556.22,5,8759,32959601,12276914,0.0600492706207214,98.4743504631625,0.442552546483428
558.23,578,10,10,20000,19770,2024-08-23,2024-09-27,556.22,0,-230,13405843,4202849,0.147473008597818,98.2059613856436,-0.0116337885685382
259.86,260,1385,1405,20775,19670,2024-08-23,2024-11-15,556.22,20,-1105,285665071,41499673,0.00688568606975404,99.9514560882384,-0.056176919166243
371.66,372,578,577,17340,19618,2024-08-23,2024-10-18,556.22,-1,2278,371743374,99656101,0.00527729648249225,99.8526779390559,0.116117850953206
449.48,450,372,376,15624,19552,2024-08-23,2024-09-27,556.22,4,3928,13405843,4202849,0.145846852003265,98.3518082376468,0.200900163666121
404.02,405,199,199,16517,19502,2024-08-23,2024-11-15,556.22,0,2985,285665071,41499673,0.00682687593962092,99.958282964178,0.153061224489796
439.9,440,1931,1932,19310,19320,2024-08-23,2024-09-06,556.22,1,9.99999999999636,32959601,12276914,0.0586172144498958,98.5329676776124,0.000517598343685112
333.87,334,1485,1485,19305,19305,2024-08-23,2024-10-18,556.22,0,0,371743374,99656101,0.0051930986132385,99.8578710376691,0
478.93,479,2756,2756,22048,19292,2024-08-23,2024-08-30,556.22,0,-2756,53277899,17340961,0.0362101365896579,99.3866068179603,-0.142857142857143
480.92,481,2381,2402,21429,19216,2024-08-23,2024-08-30,556.22,21,-2213,53277899,17340961,0.03606748832194,99.4226743062822,-0.115164446294754
364.71,365,656,656,17712,19024,2024-08-23,2024-10-18,556.22,0,1312,371743374,99656101,0.00511750883285414,99.862988546502,0.0689655172413791
387.57,388,383,441,12256,18963,2024-08-23,2024-10-18,556.22,58,6707,371743374,99656101,0.00510109966344686,99.8680896461654,0.353688762326636
491.77,492,824,824,18952,18952,2024-08-23,2024-09-06,556.22,0,0,32959601,12276914,0.0575006960794216,98.5904683736918,0
367.7,368,621,631,13041,18930,2024-08-23,2024-10-18,556.22,10,5889,371743374,99656101,0.0050922225718003,99.8731818687372,0.311093502377179
555.49,566,71,18,40541,18918,2024-08-23,2024-08-23,556.22,-53,-21623,30683628,15994277,0.0616550298419731,98.8144166002795,-1.14298551643937
555.66,650,3,2,27384,18868,2024-08-23,2024-10-18,556.22,-1,-8516,371743374,99656101,0.00507554439961585,99.8782574131369,-0.451346194615222
560.49,575,15,13,21720,18863,2024-08-23,2024-08-30,556.22,-2,-2857,53277899,17340961,0.0354049246574081,99.4580792309397,-0.151460531198643
557.47,595,0,5,0,18765,2024-08-23,2024-10-18,556.22,5,18765,371743374,99656101,0.00504783711356749,99.8833052502504,1
468.86,469,1062,1332,14868,18648,2024-08-23,2024-09-06,556.22,270,3780,32959601,12276914,0.0565783548168559,98.6470467285086,0.202702702702703
490.75,491,744,744,18600,18600,2024-08-23,2024-09-06,556.22,0,0,32959601,12276914,0.0564327219859245,98.7034794504946,0
557.41,576,9,10,17172,18590,2024-08-23,2024-10-18,556.22,1,1418,371743374,99656101,0.005000761627563,99.888306011878,0.0762775685852611
489.99,490,18577,18575,37154,18575,2024-08-23,2024-08-23,556.22,-2,-18579,30683628,15994277,0.0605371698548816,98.8749537701344,-1.00021534320323
324.96,325,4586,4586,18344,18344,2024-08-23,2024-09-20,556.22,0,0,379033498,91846104,0.00483967778489066,99.9403815226906,0
524.9,527.5,69,70,16767,18200,2024-08-23,2024-09-27,556.22,1,1433,13405843,4202849,0.135761697343464,98.4875699349903,0.0787362637362637
558.65,575,11,11,17985,17985,2024-08-23,2024-09-27,556.22,0,0,13405843,4202849,0.134157919050671,98.621727854041,0
511.37,513,110,110,17050,17930,2024-08-23,2024-09-27,556.22,0,880,13405843,4202849,0.133747650185072,98.755475504226,0.049079754601227
458.95,459,3470,3567,17350,17835,2024-08-23,2024-08-30,556.22,97,485.000000000004,53277899,17340961,0.0334754191414342,99.4915546500811,0.0271937202130644
555.11,567,15,15,14115,17835,2024-08-23,2024-09-13,556.22,0,3720,41756314,9731594,0.0427121033719595,99.5887136972866,0.208578637510513
556.37,600,3,4,11700,17452,2024-08-23,2024-10-18,556.22,1,5752,371743374,99656101,0.00469463646714521,99.8930006483451,0.329589731835893
556.51,600,4,4,15284,17396,2024-08-23,2024-09-13,556.22,0,2112,41756314,9731594,0.0416607653635328,99.6303744626501,0.121407220050586
507.32,508,183,251,12261,17068,2024-08-23,2024-09-13,556.22,68,4807,41756314,9731594,0.0408752554164623,99.6712497180666,0.281638153269276
422.36,423,260,265,11960,16960,2024-08-23,2024-10-18,556.22,5,5000,371743374,99656101,0.00456228710077829,99.8975629354459,0.294811320754717
488.9,489,1698,1689,16980,16890,2024-08-23,2024-08-30,556.22,-9,-90,53277899,17340961,0.0317017005494154,99.5232563506305,-0.00532859680284192
365.7,366,419,563,10056,16890,2024-08-23,2024-10-18,556.22,144,6834,371743374,99656101,0.00454345690637649,99.9021063923523,0.40461811722913
319.67,320,510,510,16830,16830,2024-08-23,2024-11-15,556.22,0,0,285665071,41499673,0.00589151482226541,99.9641744790003,0
249.98,250,8125,8157,8125,16314,2024-08-23,2024-09-20,556.22,32,8189,379033498,91846104,0.00430410506883484,99.9446856277595,0.501961505455437
529.99,530,15699,16226,47097,16226,2024-08-23,2024-08-23,556.22,527,-30871,30683628,15994277,0.0528816214301647,98.9278353915645,-1.90256378651547
492.9,493,1619,1619,16190,16190,2024-08-23,2024-08-30,556.22,0,0,53277899,17340961,0.0303878349256978,99.5536441855562,0
469.82,470,900,897,13500,16146,2024-08-23,2024-09-06,556.22,-3,2646,32959601,12276914,0.0489872435045558,98.7524666939991,0.163879598662207
424.98,425,8045,8047,24135,16094,2024-08-23,2024-08-30,556.22,2,-8041,53277899,17340961,0.0302076476401594,99.5838518331963,-0.499627190257239
279.81,280,827,841,11578,15979,2024-08-23,2024-11-15,556.22,14,4401,285665071,41499673,0.00559361350831723,99.9697680925086,0.275423993992115
284.79,285,751,752,13518,15792,2024-08-23,2024-11-15,556.22,1,2274,285665071,41499673,0.00552815223251428,99.9752962447411,0.143996960486322
515.05,516,145,166,11165,15770,2024-08-23,2024-09-13,556.22,21,4605,41756314,9731594,0.0377667434917747,99.7090164615584,0.292010145846544
431.24,432,568,207,36352,15732,2024-08-23,2024-10-18,556.22,-361,-20620,371743374,99656101,0.00423195169041534,99.9063383440427,-1.31070429697432
393.62,394,378,412,13230,15656,2024-08-23,2024-10-18,556.22,34,2426,371743374,99656101,0.00421150747935053,99.910549851522,0.154956566172713
478.8,479,768,767,12288,15340,2024-08-23,2024-09-06,556.22,-1,3052,32959601,12276914,0.0465418255518324,98.799008519551,0.198956975228162
541.96,542,3331,3826,23317,15304,2024-08-23,2024-08-23,556.22,495,-8013,30683628,15994277,0.0498767616397904,98.9777121532043,-0.523588604286461
553.89,630,2,2,15222,15222,2024-08-23,2024-09-27,556.22,0,0,13405843,4202849,0.113547503129792,98.8690230073558,0
510.24,512,81,86,11988,15136,2024-08-23,2024-09-27,556.22,5,3148,13405843,4202849,0.112905991812675,98.9819289991685,0.207980972515856
439.96,440,3777,3773,18885,15092,2024-08-23,2024-08-30,556.22,-4,-3793,53277899,17340961,0.0283269428473521,99.6121787760437,-0.251325205406838
477.93,478,2124,2129,16992,14903,2024-08-23,2024-08-30,556.22,5,-2089,53277899,17340961,0.0279721991289484,99.6401509751727,-0.14017311950614
454.55,455,331,331,14895,14895,2024-08-23,2024-09-27,556.22,0,0,13405843,4202849,0.111108268237962,99.0930372674065,0
499.99,500,14804,14790,29608,14790,2024-08-23,2024-08-23,556.22,-14,-14818,30683628,15994277,0.0482016011926621,99.025913754397,-1.00189317106153
557.35,566,16,17,14000,14705,2024-08-23,2024-09-06,556.22,1,705.000000000002,32959601,12276914,0.0446152245593022,98.8436237441103,0.0479428765725945
473.92,474,1836,1836,14688,14688,2024-08-23,2024-08-30,556.22,0,0,53277899,17340961,0.027568654687378,99.66771962986,0
384.92,385,1833,1833,14664,14664,2024-08-23,2024-09-13,556.22,0,0,41756314,9731594,0.0351180422678113,99.7441345038262,0
474.21,475,178,183,11214,14457,2024-08-23,2024-09-27,556.22,5,3243,13405843,4202849,0.107841036181015,99.2008783035875,0.224320398422909
511.13,512,181,166,11765,14442,2024-08-23,2024-09-13,556.22,-15,2677,41756314,9731594,0.0345863861450989,99.7787208899713,0.185362138208004
352.8,353,696,711,13920,14220,2024-08-23,2024-10-18,556.22,15,300,371743374,99656101,0.00382521949133652,99.9143750710134,0.0210970464135021
502.71,503,488,490,14152,14210,2024-08-23,2024-09-06,556.22,2,58.0000000000018,32959601,12276914,0.0431133859903219,98.8867371301006,0.00408163265306135
507.52,509,94,96,13160,14208,2024-08-23,2024-09-27,556.22,2,1048,13405843,4202849,0.105983637134942,99.3068619407224,0.0737612612612612
553,573,2,7,3424,14000,2024-08-23,2024-10-18,556.22,5,10576,371743374,99656101,0.00376603888035944,99.9181411098937,0.755428571428571
555.5,571,2,9,2084,13950,2024-08-23,2024-08-23,556.22,7,11866,30683628,15994277,0.0454639848977442,99.0713777392947,0.850609318996416
449.96,450,3575,3473,14300,13892,2024-08-23,2024-08-30,556.22,-102,-407.999999999998,53277899,17340961,0.0260746017781219,99.6937942316382,-0.02936942124964
369.93,370,1947,1949,7788,13643,2024-08-23,2024-09-13,556.22,2,5855,41756314,9731594,0.0326729030728143,99.8113937930441,0.429157809865865
556.52,567,25,13,16600,13624,2024-08-23,2024-08-23,556.22,-12,-2976,30683628,15994277,0.0444015290499546,99.1157792683447,-0.218438050499119
319.84,320,807,832,12105,13312,2024-08-23,2024-10-18,556.22,25,1207,371743374,99656101,0.00358096496966749,99.9217220748634,0.0906700721153846
554.85,577,9,6,19260,13290,2024-08-23,2024-09-20,556.22,-3,-5970,379033498,91846104,0.00350628640215858,99.9481919141616,-0.44920993227991
359.94,360,1314,2187,6570,13122,2024-08-23,2024-09-13,556.22,873,6552,41756314,9731594,0.03142518757762,99.8428189806217,0.499314128943759
309.73,310,486,486,13122,13122,2024-08-23,2024-11-15,556.22,0,0,285665071,41499673,0.0045934912357556,99.9798897359769,0
279.93,280,1863,1864,13041,13048,2024-08-23,2024-10-18,556.22,1,7,371743374,99656101,0.003509948236495,99.9252320230999,0.000536480686695279
553.99,567,4,10,4000,13010,2024-08-23,2024-09-06,556.22,6,9010,32959601,12276914,0.0394725652170365,98.9262096953176,0.692544196771714
485.93,486,1827,1836,16443,12852,2024-08-23,2024-08-30,556.22,9,-3591,53277899,17340961,0.0241225728514557,99.7179168044896,-0.279411764705882
149.99,150,12839,12839,12839,12839,2024-08-23,2024-09-20,556.22,0,0,379033498,91846104,0.00338729955735997,99.951579213719,0
289.9,290,1272,1277,6360,12770,2024-08-23,2024-10-18,556.22,5,6410,371743374,99656101,0.00343516546444215,99.9286671885643,0.50195771339076
471.94,472,2119,2120,14833,12720,2024-08-23,2024-08-30,556.22,1,-2113,53277899,17340961,0.0238748153338404,99.7417916198235,-0.166116352201258
384.66,385,361,374,11552,12716,2024-08-23,2024-10-18,556.22,13,1164,371743374,99656101,0.00342063931447505,99.9320878278788,0.0915382195659014
381.64,382,352,351,8800,12636,2024-08-23,2024-10-18,556.22,-1,3836,371743374,99656101,0.00339911909230156,99.9354869469711,0.303577081354859
470.94,471,2048,2088,14336,12528,2024-08-23,2024-08-30,556.22,40,-1808,53277899,17340961,0.0235144407627636,99.7653060605862,-0.144316730523627
269.84,270,777,782,13986,12512,2024-08-23,2024-11-15,556.22,5,-1474,285665071,41499673,0.00437995445372459,99.9842696904306,-0.117806905370844
418.52,419,259,259,12432,12432,2024-08-23,2024-10-18,556.22,0,0,371743374,99656101,0.00334424252575918,99.9388311894969,0
460.85,461,826,826,9086,12390,2024-08-23,2024-09-06,556.22,0,3304,32959601,12276914,0.0375914744841723,98.9638011698018,0.266666666666667
554.4,572,7,7,13090,12320,2024-08-23,2024-11-15,556.22,0,-769.999999999998,285665071,41499673,0.00431274287642958,99.988582433307,-0.0624999999999998
449.88,450,1020,1025,11220,12300,2024-08-23,2024-09-06,556.22,5,1080,32959601,12276914,0.0373184129261759,99.001119582728,0.0878048780487805
471.78,472,558,558,12276,12276,2024-08-23,2024-09-06,556.22,0,0,32959601,12276914,0.0372455965107102,99.0383651792387,0
501.67,502,371,372,10017,12276,2024-08-23,2024-09-06,556.22,1,2259,32959601,12276914,0.0372455965107102,99.0756107757494,0.184017595307918
449.99,450,12234,12238,12234,12238,2024-08-23,2024-08-23,556.22,4,4,30683628,15994277,0.03988446216334,99.155663730508,0.000326850792613172
309.96,310,3024,3044,9072,12176,2024-08-23,2024-09-20,556.22,20,3104,379033498,91846104,0.00321238098063829,99.9547915946996,0.254927726675427
496.71,497,417,416,10008,12064,2024-08-23,2024-09-06,556.22,-1,2056,32959601,12276914,0.0366023848407631,99.1122131605901,0.170424403183024
482.92,483,1437,1506,11496,12048,2024-08-23,2024-08-30,556.22,69,552,53277899,17340961,0.0226135043350715,99.7879195649213,0.0458167330677291
370.67,371,290,361,7830,11913,2024-08-23,2024-10-18,556.22,71,4083,371743374,99656101,0.00320463008440871,99.9420358195813,0.34273482749937
474.81,475,625,627,10625,11913,2024-08-23,2024-09-06,556.22,2,1288,32959601,12276914,0.0361442482267913,99.1483574088169,0.108117182909427
554.1,571,5,7,7650,11830,2024-08-23,2024-10-18,556.22,2,4180,371743374,99656101,0.00318230285390373,99.9452181224352,0.353338968723584
462.94,463,1952,1952,11712,11712,2024-08-23,2024-08-30,556.22,0,0,53277899,17340961,0.021982848835687,99.809902413757,0
410.43,411,151,205,7097,11685,2024-08-23,2024-10-18,556.22,54,4588,371743374,99656101,0.00314329745121429,99.9483614198864,0.392640136927685
495.72,496,345,415,9315,11620,2024-08-23,2024-09-06,556.22,70,2305,32959601,12276914,0.0352552811546475,99.1836126899716,0.198364888123924
511.66,512.5,53,137,4028,11508,2024-08-23,2024-09-13,556.22,84,7480,41756314,9731594,0.0275599038746571,99.8703788844964,0.649982620785541
244.98,245,5025,5562,5025,11124,2024-08-23,2024-09-20,556.22,537,6099,379033498,91846104,0.00293483295241625,99.9577264276521,0.548274002157497
540.97,541,3705,3674,18525,11022,2024-08-23,2024-08-23,556.22,-31,-7503,30683628,15994277,0.0359214366697445,99.1915851671778,-0.680729450190528
224.99,225,11010,11010,11010,11010,2024-08-23,2024-09-20,556.22,0,0,379033498,91846104,0.00290475645506139,99.9606311841071,0
389.96,390,2652,2752,7956,11008,2024-08-23,2024-09-06,556.22,100,3052,32959601,12276914,0.0333984625602719,99.2170111525319,0.277252906976744
469.27,470,119,149,6664,10877,2024-08-23,2024-09-27,556.22,30,4213,13405843,4202849,0.0811362627475199,99.3879982034699,0.387331065551163
463.87,464,833,833,10829,10829,2024-08-23,2024-09-06,556.22,0,0,32959601,12276914,0.0328553734615902,99.2498665259934,0
542.46,542.5,1378,2707,9646,10828,2024-08-23,2024-08-23,556.22,1329,1182,30683628,15994277,0.0352891776682992,99.2268743448461,0.10916143332102
519.99,520,10839,10793,32517,10793,2024-08-23,2024-08-23,556.22,-46,-21724,30683628,15994277,0.0351751103226776,99.2620494551687,-2.01278606504216
484.05,485,104,112,7904,10640,2024-08-23,2024-09-27,556.22,8,2736,13405843,4202849,0.0793683769084869,99.4673665803784,0.257142857142857
279.98,280,5167,5291,5167,10582,2024-08-23,2024-09-20,556.22,124,5415,379033498,91846104,0.00279183767551859,99.9634230217826,0.511718011718012
465.95,466,2071,2068,12426,10340,2024-08-23,2024-08-30,556.22,-3,-2086,53277899,17340961,0.0194076722132004,99.8293100859702,-0.20174081237911
483.78,484,404,462,7272,10164,2024-08-23,2024-09-06,556.22,58,2892,32959601,12276914,0.0308377519497278,99.2807042779432,0.284533648170012
554.1,579,4,4,8336,9960,2024-08-23,2024-10-18,556.22,0,1624,371743374,99656101,0.00267926766059857,99.951040687547,0.163052208835341
404.81,405,524,524,9956,9956,2024-08-23,2024-09-27,556.22,0,0,13405843,4202849,0.074266124107227,99.5416327044857,0
394.96,395,2459,2459,9836,9836,2024-08-23,2024-09-06,556.22,0,0,32959601,12276914,0.0298425942716964,99.3105468722149,0
385.66,386,290,289,9860,9826,2024-08-23,2024-10-18,556.22,-1,-34,371743374,99656101,0.00264322128845799,99.9536839088355,-0.00346020761245675
464.83,465,533,568,7462,9656,2024-08-23,2024-09-06,556.22,35,2194,32959601,12276914,0.0292964711557036,99.3398433433706,0.227216238608119
325.84,326,595,596,8925,9536,2024-08-23,2024-10-18,556.22,1,611,371743374,99656101,0.00256521048307911,99.9562491193185,0.0640729865771812
429.91,430,1022,1058,8176,9522,2024-08-23,2024-09-06,556.22,36,1346,32959601,12276914,0.0288899128360201,99.3687332562066,0.141356857802982
500.77,501,414,414,11178,9522,2024-08-23,2024-09-06,556.22,0,-1656,32959601,12276914,0.0288899128360201,99.3976231690426,-0.173913043478261
459.4,460,155,158,7285,9480,2024-08-23,2024-09-27,556.22,3,2195,13405843,4202849,0.070715433561321,99.612348138047,0.231540084388186
475.82,476,523,523,9414,9414,2024-08-23,2024-09-06,556.22,0,0,32959601,12276914,0.0285622389664244,99.426185408009,0
510.99,511,9370,9373,28110,9373,2024-08-23,2024-08-23,556.22,3,-18737,30683628,15994277,0.0305472351574592,99.2925966903262,-1.9990397951563
434.91,435,1037,1037,9333,9333,2024-08-23,2024-09-06,556.22,0,0,32959601,12276914,0.0283164835642276,99.4545018915733,0
484.99,485,9445,9325,9445,9325,2024-08-23,2024-08-23,556.22,-120,-120,30683628,15994277,0.0303907999406068,99.3229874902668,-0.0128686327077748
424.78,425,418,418,9196,9196,2024-08-23,2024-09-27,556.22,0,0,13405843,4202849,0.0685969543280493,99.680945092375,0
269.98,270,4556,4585,4556,9170,2024-08-23,2024-09-20,556.22,29,4614,379033498,91846104,0.002419311234597,99.9658423330172,0.503162486368593
284.91,285,1013,1018,9117,9162,2024-08-23,2024-10-18,556.22,5,44.9999999999982,371743374,99656101,0.00246460344441808,99.958713722763,0.00491159135559902
488.76,489,379,378,10233,9072,2024-08-23,2024-09-06,556.22,-1,-1161,32959601,12276914,0.027524605046038,99.4820264966193,-0.127976190476191
556.32,579,16,4,31904,9072,2024-08-23,2024-09-06,556.22,-12,-22832,32959601,12276914,0.027524605046038,99.5095511016653,-2.51675485008818
409.94,410,1501,1501,9006,9006,2024-08-23,2024-09-06,556.22,0,0,32959601,12276914,0.0273243599035073,99.5368754615689,0
379.99,380,8896,8896,8896,8896,2024-08-23,2024-08-23,556.22,0,0,30683628,15994277,0.028992660189988,99.3519801504568,0
494.99,495,8867,8867,8867,8867,2024-08-23,2024-08-23,556.22,0,0,30683628,15994277,0.0288981472464729,99.3808782977032,0
368.7,369,282,295,8460,8850,2024-08-23,2024-10-18,556.22,13,390,371743374,99656101,0.0023806745779415,99.9610943973409,0.0440677966101695
259.98,260,4350,4406,8700,8812,2024-08-23,2024-09-20,556.22,56,112,379033498,91846104,0.00232486047974578,99.968167193497,0.0127099409895597
274.98,275,4383,4406,4383,8812,2024-08-23,2024-09-20,556.22,23,4429,379033498,91846104,0.00232486047974578,99.9704920539767,0.502610077167499
414.95,415,1759,1759,8795,8795,2024-08-23,2024-09-06,556.22,0,0,32959601,12276914,0.0266841822508713,99.5635596438197,0
379.94,380,1463,1463,8778,8778,2024-08-23,2024-09-13,556.22,0,0,41756314,9731594,0.0210219704737348,99.8914008549701,0
532.4,620,1,1,8760,8760,2024-08-23,2024-11-15,556.22,0,0,285665071,41499673,0.00306652821408467,99.9916489615211,0
470.85,471,582,582,8730,8730,2024-08-23,2024-09-06,556.22,0,0,32959601,12276914,0.0264869711256517,99.5900466149454,0
555.53,568,26,7,17550,8729,2024-08-23,2024-08-23,556.22,-19,-8821,30683628,15994277,0.0284483959980221,99.4093266937013,-1.01053958070798
476.81,477,458,458,16030,8702,2024-08-23,2024-09-06,556.22,0,-7328,32959601,12276914,0.0264020186409417,99.6164486335863,-0.842105263157895
509.99,510,8720,8676,17440,8676,2024-08-23,2024-08-23,556.22,-44,-8764,30683628,15994277,0.0282756654460809,99.4376023591474,-1.01014292300599
556.29,585,2,3,5234,8613,2024-08-23,2024-08-23,556.22,1,3379,30683628,15994277,0.028070344223962,99.4656727033713,0.392313944038082
361.78,362,390,390,8580,8580,2024-08-23,2024-10-18,556.22,0,0,371743374,99656101,0.002308043828106,99.963402441169,0
495.89,496,840,778,8400,8558,2024-08-23,2024-08-30,556.22,-62,158,53277899,17340961,0.0160629457253936,99.8453730316956,0.0184622575368077
362.7,363,274,282,7124,8460,2024-08-23,2024-10-18,556.22,8,1336,371743374,99656101,0.00227576349484578,99.9656782046639,0.157919621749409
507.99,508,8373,8321,16746,8321,2024-08-23,2024-08-23,556.22,-52,-8425,30683628,15994277,0.0271186966547763,99.4927914000261,-1.01249849777671
274.82,275,460,460,7360,8280,2024-08-23,2024-11-15,556.22,0,919.999999999999,285665071,41499673,0.00289849927084715,99.9945474607919,0.111111111111111
553.2,635,1,1,8180,8180,2024-08-23,2024-09-20,556.22,0,0,379033498,91846104,0.00215812059967322,99.9726501745764,0
559.83,600,2,2,8000,8034,2024-08-23,2024-09-20,556.22,0,34,379033498,91846104,0.00211960157674507,99.9747697761531,0.00423201394075181
558.31,585,3,3,8007,8007,2024-08-23,2024-11-15,556.22,0,0,285665071,41499673,0.00280293280938082,99.9973503936013,0
289.97,290,2629,2669,5258,8007,2024-08-23,2024-09-20,556.22,40,2749,379033498,91846104,0.00211247819579261,99.9768822543489,0.34332459098289
350.78,351,361,362,6137,7964,2024-08-23,2024-10-18,556.22,1,1827,371743374,99656101,0.00214233811737018,99.9678205427812,0.229407332998493
214.99,215,7954,7954,7954,7954,2024-08-23,2024-09-20,556.22,0,0,379033498,91846104,0.00209849526281184,99.9789807496117,0
556.1,572,5,5,7385,7950,2024-08-23,2024-09-20,556.22,0,565.000000000001,379033498,91846104,0.00209743994711518,99.9810781895589,0.0710691823899372
486.8,487,395,393,8295,7860,2024-08-23,2024-09-06,556.22,-2,-434.999999999999,32959601,12276914,0.0238473760650197,99.6402960096513,-0.0553435114503816
460.94,461,1261,1261,7566,7566,2024-08-23,2024-08-30,556.22,0,0,53277899,17340961,0.0142010104414966,99.8595740421371,0
376.7,377,250,252,7500,7560,2024-08-23,2024-10-18,556.22,2,59.9999999999991,371743374,99656101,0.0020336609953941,99.9698542037766,0.00793650793650782
284.97,285,2651,2476,5302,7428,2024-08-23,2024-09-20,556.22,-175,2126,379033498,91846104,0.00195972124870082,99.9830379108076,0.286214324178783
374.94,375,1216,1216,7296,7296,2024-08-23,2024-09-13,556.22,0,0,41756314,9731594,0.0174728066275198,99.9088736615976,0
468.94,469,1335,1215,8010,7290,2024-08-23,2024-08-30,556.22,-120,-720,53277899,17340961,0.0136829719955736,99.8732570141326,-0.0987654320987654
537.98,538,2905,3616,14525,7232,2024-08-23,2024-08-23,556.22,711,-7293,30683628,15994277,0.0235695726724363,99.5163609726985,-1.00843473451327
525.99,526,6642,7188,19926,7188,2024-08-23,2024-08-23,556.22,546,-12738,30683628,15994277,0.0234261737236548,99.5397871464222,-1.77212020033389
209.99,210,7181,7182,7181,7182,2024-08-23,2024-09-20,556.22,1,1.00000000000091,379033498,91846104,0.00189481933335613,99.9849327301409,0.000139236981342371
461.84,462,448,448,7168,7168,2024-08-23,2024-09-06,556.22,0,0,32959601,12276914,0.0217478360857584,99.6620438457371,0
512.6,514,50,51,9150,7140,2024-08-23,2024-09-27,556.22,1,-2010,13405843,4202849,0.0532603581885899,99.7342054505636,-0.281512605042017
532.98,533,3557,3521,10671,7042,2024-08-23,2024-08-23,556.22,-36,-3629,30683628,15994277,0.022950349939062,99.5627374963613,-0.515336552115876
559.83,595,2,2,7034,7034,2024-08-23,2024-12-20,556.22,0,0,592449013,78717254,0.00118727516556771,100,0
481.79,482,335,334,7705,7014,2024-08-23,2024-09-06,556.22,-1,-691,32959601,12276914,0.0212805974198535,99.683324443157,-0.098517251211862
404.98,405,3445,3445,6890,6890,2024-08-23,2024-08-30,556.22,0,0,53277899,17340961,0.0129321916391636,99.8861892057718,0
332.84,333,430,430,6880,6880,2024-08-23,2024-10-18,556.22,0,0,371743374,99656101,0.0018507391069195,99.9717049428835,0
334.89,335,614,614,6754,6754,2024-08-23,2024-10-18,556.22,0,0,371743374,99656101,0.00181684475699626,99.9735217876405,0
467.87,468,499,519,7984,6747,2024-08-23,2024-09-06,556.22,20,-1237,32959601,12276914,0.0204705147977975,99.7037949579548,-0.183340744034386
354.78,355,304,304,6688,6688,2024-08-23,2024-10-18,556.22,0,0,371743374,99656101,0.00179909057370314,99.9753208782142,0
492.75,493,266,266,6650,6650,2024-08-23,2024-09-06,556.22,0,0,32959601,12276914,0.0201762151186236,99.7239711730734,0
480.8,481,332,332,6640,6640,2024-08-23,2024-09-06,556.22,0,0,32959601,12276914,0.0201458749455128,99.7441170480189,0
472.93,473,1091,948,6546,6636,2024-08-23,2024-08-30,556.22,-143,90.0000000000009,53277899,17340961,0.0124554461128432,99.8986446518846,0.0135623869801086
341.81,342,349,349,6631,6631,2024-08-23,2024-10-18,556.22,0,0,371743374,99656101,0.00178375741540453,99.9771046356296,0
555.04,568,5,5,5345,6480,2024-08-23,2024-09-13,556.22,0,1135,41756314,9731594,0.015518611149442,99.9243922727471,0.175154320987654
399.95,400,1293,1293,6465,6465,2024-08-23,2024-09-06,556.22,0,0,32959601,12276914,0.0196149219160754,99.763731969935,0
510.99,512.5,42,42,6342,6342,2024-08-23,2024-09-27,556.22,0,0,13405843,4202849,0.0473077299204533,99.7815131804841,0
363.72,364,224,225,5376,6300,2024-08-23,2024-10-18,556.22,1,924.000000000001,371743374,99656101,0.00169471749616175,99.9787993531258,0.146666666666667
434.96,435,1298,1565,5192,6260,2024-08-23,2024-08-30,556.22,267,1068,53277899,17340961,0.0117497125778177,99.9103943644625,0.170607028753994
487.75,488,247,247,5187,6175,2024-08-23,2024-09-06,556.22,0,988,32959601,12276914,0.0187350568958647,99.7824670268308,0.16
334.99,335,6168,6168,6168,6168,2024-08-23,2024-08-30,556.22,0,0,53277899,17340961,0.0115770330958434,99.9219713975583,0
337.84,338,379,379,7580,6064,2024-08-23,2024-10-18,556.22,0,-1516,371743374,99656101,0.00163123284074997,99.9804305859666,-0.25
482.79,483,227,282,4767,5922,2024-08-23,2024-09-06,556.22,55,1155,32959601,12276914,0.0179674505161637,99.800434477347,0.195035460992908
199.99,200,5732,5732,5732,5732,2024-08-23,2024-09-20,556.22,0,0,379033498,91846104,0.00151226739331625,99.9864449975342,0
474.99,475,5697,5697,5697,5697,2024-08-23,2024-08-23,556.22,0,0,30683628,15994277,0.0185669048001755,99.5813044011614,0
345.81,346,289,290,5202,5510,2024-08-23,2024-10-18,556.22,1,308,371743374,99656101,0.00148220530219861,99.9819127912687,0.0558983666061706
477.8,478,266,274,3990,5480,2024-08-23,2024-09-06,556.22,8,1490,32959601,12276914,0.0166264148646702,99.8170608922117,0.271897810218978
372.67,373,91,165,2457,5445,2024-08-23,2024-10-18,556.22,74,2988,371743374,99656101,0.00146472012168265,99.9833775113904,0.548760330578512
561.87,580,3,3,6099,5439,2024-08-23,2024-09-27,556.22,0,-659.999999999999,13405843,4202849,0.0405718610907199,99.8220850415748,-0.12134583563155
559.52,573,4,4,5100,5392,2024-08-23,2024-08-23,556.22,0,292,30683628,15994277,0.0175728893597589,99.5988772905212,0.0541543026706232
364.97,365,1771,1772,3542,5316,2024-08-23,2024-09-06,556.22,1,1774,32959601,12276914,0.0161288360256546,99.8331897282373,0.333709556057186
386.65,387,152,151,5016,5285,2024-08-23,2024-10-18,556.22,-1,268.999999999999,371743374,99656101,0.00142167967733569,99.9847991910678,0.050898770104068
558.65,576,3,3,5064,5205,2024-08-23,2024-09-13,556.22,0,141,41756314,9731594,0.0124651807149453,99.936857453462,0.0270893371757925
479.99,480,5166,5126,5166,5126,2024-08-23,2024-08-23,556.22,-40,-40,30683628,15994277,0.0167059775330349,99.6155832680542,-0.00780335544284042
473.82,474,283,283,3962,5094,2024-08-23,2024-09-06,556.22,0,1132,32959601,12276914,0.0154552841825967,99.8486450124199,0.222222222222222
259.93,260,715,717,2860,5019,2024-08-23,2024-10-18,556.22,2,2159,371743374,99656101,0.00135012493860886,99.9861493160064,0.430165371587966
239.99,240,4956,4989,4956,4989,2024-08-23,2024-09-20,556.22,33,33,379033498,91846104,0.00131624250266133,99.9877612400369,0.00661455201443175
535.98,536,2282,2479,9128,4958,2024-08-23,2024-08-23,556.22,197,-4170,30683628,15994277,0.0161584542740513,99.6317417223283,-0.841064945542558
348.78,349,218,218,4796,4796,2024-08-23,2024-10-18,556.22,0,0,371743374,99656101,0.00129013731930028,99.9874394533257,0
502.99,503,578,4749,1156,4749,2024-08-23,2024-08-23,556.22,4171,3593,30683628,15994277,0.0154773092673396,99.6472190315956,0.756580332701621
558.43,574,3,3,4521,4671,2024-08-23,2024-09-06,556.22,0,150,32959601,12276914,0.0141718948600136,99.8628169072799,0.0321130378933847
556.65,580,1,2,2012,4670,2024-08-23,2024-09-13,556.22,1,2658,41756314,9731594,0.0111839373561565,99.9480413908182,0.569164882226981
355.77,356,201,202,4824,4646,2024-08-23,2024-10-18,556.22,1,-177.999999999999,371743374,99656101,0.001249786902725,99.9886892402284,-0.0383125269048642
520.99,521,4641,4629,13923,4629,2024-08-23,2024-08-23,556.22,-12,-9294,30683628,15994277,0.0150862212252084,99.6623052528208,-2.00777705767984
254.98,255,2215,2314,2215,4628,2024-08-23,2024-09-20,556.22,99,2413,379033498,91846104,0.00122100026103761,99.9889822402979,0.521391529818496
463.94,464,765,765,4590,4590,2024-08-23,2024-08-30,556.22,0,0,53277899,17340961,0.00861520458980562,99.9305866021481,0
558.85,574,3,3,4545,4545,2024-08-23,2024-09-20,556.22,0,0,379033498,91846104,0.00119910246033188,99.9901813427583,0
359.91,360,505,505,4040,4545,2024-08-23,2024-09-27,556.22,0,505,13405843,4202849,0.0339031271662662,99.8559881687411,0.111111111111111
496.98,497,2162,2162,4324,4324,2024-08-23,2024-08-23,556.22,0,0,30683628,15994277,0.0140922057847918,99.6763974586056,0
346.78,347,193,195,3667,4290,2024-08-23,2024-10-18,556.22,2,623,371743374,99656101,0.001154021914053,99.9898432621425,0.145221445221445
555.69,577,2,2,4262,4262,2024-08-23,2024-10-18,556.22,0,0,371743374,99656101,0.00114648983629228,99.9909897519787,0
559.81,574,1,3,1403,4257,2024-08-23,2024-08-30,556.22,2,2854,53277899,17340961,0.00799017994309423,99.9385767820912,0.670425182053089
526.99,527,3897,4255,11691,4255,2024-08-23,2024-08-23,556.22,358,-7436,30683628,15994277,0.0138673301605664,99.6902647887662,-1.7475910693302
382.76,383,176,176,4224,4224,2024-08-23,2024-10-18,556.22,0,0,371743374,99656101,0.00113626773075988,99.9921260197095,0
314.69,315,136,136,4216,4216,2024-08-23,2024-11-15,556.22,0,0,285665071,41499673,0.00147585421810285,99.9988262478194,0
379.96,380,1040,1040,4160,4160,2024-08-23,2024-09-06,556.22,0,0,32959601,12276914,0.0126215120140562,99.875438419294,0
528.99,529,4196,4154,8392,4154,2024-08-23,2024-08-23,556.22,-42,-4238,30683628,15994277,0.0135381643917727,99.703802953158,-1.02022147327877
234.99,235,4070,4146,4070,4146,2024-08-23,2024-09-20,556.22,76,75.9999999999996,379033498,91846104,0.00109383471958988,99.9912751774779,0.0183309213699951
174.99,175,4067,4067,4067,4067,2024-08-23,2024-09-20,556.22,0,0,379033498,91846104,0.00107299223458081,99.9923481697124,0
330.85,331,269,269,4035,4035,2024-08-23,2024-10-18,556.22,0,0,371743374,99656101,0.00108542620587502,99.9932114459154,0
536.98,537,2004,2002,8016,4004,2024-08-23,2024-08-23,556.22,-2,-4012,30683628,15994277,0.0130493043391088,99.7168522574971,-1.001998001998
485.77,486,296,166,6512,3818,2024-08-23,2024-09-06,556.22,-130,-2694,32959601,12276914,0.0115838780936699,99.8870222973876,-0.705605028810896
537.48,537.5,1736,1905,10416,3810,2024-08-23,2024-08-23,556.22,169,-6606,30683628,15994277,0.0124170453376635,99.7292693028347,-1.73385826771654
409.87,410,272,290,3264,3770,2024-08-23,2024-09-13,556.22,18,506.000000000001,41756314,9731594,0.00902857469651177,99.9570699655147,0.1342175066313
327.85,328,251,251,3765,3765,2024-08-23,2024-10-18,556.22,0,0,371743374,99656101,0.00101279545603952,99.9942242413714,0
522.99,523,3692,3695,11076,3695,2024-08-23,2024-08-23,556.22,3,-7381,30683628,15994277,0.0120422526306211,99.7413115554654,-1.99756427604871
384.97,385,1222,1231,9776,3693,2024-08-23,2024-09-06,556.22,9,-6083,32959601,12276914,0.011204625929786,99.8982269233174,-1.64717032223125
553.76,566,2,3,1904,3672,2024-08-23,2024-09-13,556.22,1,1768,41756314,9731594,0.00879387965135045,99.965863845166,0.481481481481482
323.85,324,244,244,3660,3660,2024-08-23,2024-10-18,556.22,0,0,371743374,99656101,0.000984550164436825,99.9952087915359,0
349.98,350,1793,1799,3586,3598,2024-08-23,2024-09-06,556.22,6,12.0000000000005,32959601,12276914,0.0109163942852342,99.9091433176027,0.00333518621456377
533.99,534,3438,3574,13752,3574,2024-08-23,2024-08-23,556.22,136,-10178,30683628,15994277,0.0116479055214722,99.7529594609868,-2.84778959149413
194.98,195,1782,1782,3564,3564,2024-08-23,2024-09-20,556.22,0,0,379033498,91846104,0.000940286285725596,99.9932884559982,0
527.98,528,1226,1778,3678,3556,2024-08-23,2024-08-23,556.22,552,-122,30683628,15994277,0.0115892423151526,99.764548703302,-0.0343082114735658
344.98,345,1776,1776,3552,3552,2024-08-23,2024-08-30,556.22,0,0,53277899,17340961,0.00666692956492147,99.9452437116561,0
384.82,385,196,196,3528,3528,2024-08-23,2024-09-27,556.22,0,0,13405843,4202849,0.0263168828696562,99.8823050516107,0
557.6,575,1,2,1499,3480,2024-08-23,2024-08-23,556.22,1,1981,30683628,15994277,0.0113415532218028,99.7758902565238,0.569252873563218
354.95,355,693,694,2079,3470,2024-08-23,2024-09-13,556.22,1,1391,41756314,9731594,0.00831012047663019,99.9741739656427,0.400864553314121
179.99,180,3445,3445,3445,3445,2024-08-23,2024-09-20,556.22,0,0,379033498,91846104,0.00090889064374991,99.9941973466419,0
462.85,463,227,227,2951,3405,2024-08-23,2024-09-06,556.22,0,454,32959601,12276914,0.0103308289441975,99.9194741465469,0.133333333333333
556.03,573,52,2,74048,3394,2024-08-23,2024-08-30,556.22,-50,-70654,53277899,17340961,0.00637037132413949,99.9516140829803,-20.8173246906305
472.82,473,162,187,3564,3366,2024-08-23,2024-09-06,556.22,25,-198,32959601,12276914,0.0102125022690657,99.9296866488159,-0.0588235294117649
504.99,505,3356,3360,6712,3360,2024-08-23,2024-08-23,556.22,4,-3352,30683628,15994277,0.0109504651796717,99.7868407217035,-0.997619047619048
399.99,400,3354,3358,3354,3358,2024-08-23,2024-08-23,556.22,4,4,30683628,15994277,0.0109439470456362,99.7977846687491,0.00119118522930316
561.47,595,1,1,3353,3353,2024-08-23,2024-11-15,556.22,0,0,285665071,41499673,0.00117375218057373,100,0
555.42,572,2,2,2482,3316,2024-08-23,2024-08-30,556.22,0,834,53277899,17340961,0.00622396915463953,99.9578380521349,0.251507840772014
530.99,531,3257,3255,9771,3255,2024-08-23,2024-08-23,556.22,-2,-6516,30683628,15994277,0.010608263142807,99.8083929318919,-2.00184331797235
409.98,410,1432,1555,2864,3110,2024-08-23,2024-08-30,556.22,123,246,53277899,17340961,0.00583731727108834,99.963675369406,0.0790996784565917
219.99,220,3073,3073,3073,3073,2024-08-23,2024-09-20,556.22,0,0,379033498,91846104,0.000810746283960369,99.9950080929259,0
328.81,329,148,161,2220,3059,2024-08-23,2024-10-18,556.22,13,839,371743374,99656101,0.000822879495358537,99.9960316710312,0.274272638117032
516.99,517,3052,3052,6104,3052,2024-08-23,2024-08-23,556.22,0,-3052,30683628,15994277,0.00994667253820181,99.8183396044301,-1
369.97,370,965,1005,1930,3015,2024-08-23,2024-09-06,556.22,40,1085,32959601,12276914,0.0091475621928797,99.9388342110088,0.359867330016584
512.98,513,1488,1468,4464,2936,2024-08-23,2024-08-23,556.22,-20,-1528,30683628,15994277,0.00956862076414171,99.8279082251942,-0.520435967302452
424.95,425,587,587,2935,2935,2024-08-23,2024-09-06,556.22,0,0,32959601,12276914,0.008904840807994,99.9477390518168,0
204.98,205,1454,1454,2908,2908,2024-08-23,2024-09-20,556.22,0,0,379033498,91846104,0.000767214511473073,99.9957753074374,0
556.39,585,1,1,2529,2861,2024-08-23,2024-08-30,556.22,0,332,53277899,17340961,0.00536995649922306,99.9690453259052,0.11604334148899
464.36,465,41,44,2460,2816,2024-08-23,2024-09-27,556.22,3,356,13405843,4202849,0.0210057659186371,99.9033108175293,0.126420454545455
558.93,573,2,2,2814,2814,2024-08-23,2024-09-13,556.22,0,0,41756314,9731594,0.00673910058248915,99.9809130662251,0
464.99,465,2787,2812,2787,2812,2024-08-23,2024-08-23,556.22,25,25,30683628,15994277,0.00916449645393954,99.8370727216482,0.00889046941678521
518.99,519,2746,2745,10984,2745,2024-08-23,2024-08-23,556.22,-1,-8239,30683628,15994277,0.00894613896374966,99.8460188606119,-3.00145719489982
562.63,590,2,1,6310,2737,2024-08-23,2024-09-20,556.22,-1,-3573,379033498,91846104,0.000722099765440784,99.9964974072028,-1.30544391669711
342.8,343,111,133,1887,2660,2024-08-23,2024-10-18,556.22,22,773,371743374,99656101,0.000715547387268293,99.9967472184185,0.290601503759399
336.8,337,130,132,2210,2640,2024-08-23,2024-10-18,556.22,2,430,371743374,99656101,0.000710167331724923,99.9974573857502,0.162878787878788
374.97,375,872,872,2616,2616,2024-08-23,2024-09-06,556.22,0,0,32959601,12276914,0.00793698928576229,99.9556760411026,0
515.98,516,1047,1257,3141,2514,2024-08-23,2024-08-23,556.22,210,-627,30683628,15994277,0.00819329448264723,99.8542121550946,-0.249403341288783
229.99,230,2465,2429,2465,2429,2024-08-23,2024-09-20,556.22,-36,-36,379033498,91846104,0.000640840456797832,99.9971382476596,-0.0148209139563606
373.71,374,83,83,1826,2407,2024-08-23,2024-10-18,556.22,0,580.999999999999,371743374,99656101,0.000647489684644655,99.9981048754348,0.241379310344827
493.75,494,96,96,2400,2400,2024-08-23,2024-09-06,556.22,0,0,32959601,12276914,0.00728164154657091,99.9629576826491,0
556.36,580,4,1,7704,2364,2024-08-23,2024-09-06,556.22,-3,-5340,32959601,12276914,0.00717241692337234,99.9701300995725,-2.25888324873096
366.75,367,93,93,2325,2325,2024-08-23,2024-10-18,556.22,0,0,371743374,99656101,0.000625431456916835,99.9987303068918,0
561.52,573,2,2,2620,2296,2024-08-23,2024-09-06,556.22,0,-324,32959601,12276914,0.0069661037462195,99.9770962033187,-0.141114982578397
169.99,170,2271,2271,2271,2271,2024-08-23,2024-09-20,556.22,0,0,379033498,91846104,0.000599155486779694,99.9977374031464,0
556.4,567.5,9,2,6552,2220,2024-08-23,2024-08-23,556.22,-7,-4332,30683628,15994277,0.00723512877942595,99.861447283874,-1.95135135135135
329.98,330,1103,1103,2206,2206,2024-08-23,2024-09-13,556.22,0,0,41756314,9731594,0.00528303336352917,99.9861960995887,0
444.99,445,2184,2178,2184,2178,2024-08-23,2024-08-23,556.22,-6,-6,30683628,15994277,0.00709824796468006,99.8685455318387,-0.00275482093663912
389.85,390,142,142,2130,2130,2024-08-23,2024-09-27,556.22,0,0,13405843,4202849,0.0158885942495373,99.9191994117789,0
521.99,522,2121,2106,4242,2106,2024-08-23,2024-08-23,556.22,-15,-2136,30683628,15994277,0.00686359513940138,99.8754091269781,-1.01424501424501
439.58,440,40,50,1520,2100,2024-08-23,2024-09-27,556.22,10,580,13405843,4202849,0.0156648112319382,99.9348642230108,0.276190476190476
394.84,395,135,131,2430,2096,2024-08-23,2024-09-27,556.22,-4,-334,13405843,4202849,0.0156349734962583,99.9504991965071,-0.159351145038168
559.11,580,0,1,0,2089,2024-08-23,2024-08-30,556.22,1,2089,53277899,17340961,0.00392095041135162,99.9729662763166,1
359.98,360,1034,1034,2068,2068,2024-08-23,2024-09-06,556.22,0,0,32959601,12276914,0.00627434779929527,99.983370551118,0
556.43,577,20,1,32880,2057,2024-08-23,2024-08-30,556.22,-19,-30823,53277899,17340961,0.00386088798283881,99.9768271642994,-14.9844433641225
354.97,355,665,665,1995,1995,2024-08-23,2024-09-06,556.22,0,0,32959601,12276914,0.00605286453558707,99.9894234156536,0
338.87,339,153,153,1989,1989,2024-08-23,2024-10-18,556.22,0,0,371743374,99656101,0.000535046523788209,99.9992653534156,0
189.99,190,1984,1984,1984,1984,2024-08-23,2024-09-20,556.22,0,0,379033498,91846104,0.000523436585544215,99.9982608397319,0
439.99,440,1972,1972,1972,1972,2024-08-23,2024-08-23,556.22,0,0,30683628,15994277,0.00642688015902161,99.8818360071371,0
513.99,514,1914,1908,3828,1908,2024-08-23,2024-08-23,556.22,-6,-1920,30683628,15994277,0.00621829986988501,99.888054307007,-1.0062893081761
364.99,365,1898,1898,1898,1898,2024-08-23,2024-08-23,556.22,0,0,30683628,15994277,0.00618570919970742,99.8942400162067,0
559.15,578,1,1,1885,1885,2024-08-23,2024-09-20,556.22,0,0,379033498,91846104,0.000497317522051837,99.998758157254,0
500.99,501,416,1852,832,1852,2024-08-23,2024-08-23,556.22,1436,1020,30683628,15994277,0.00603579211689048,99.9002758083236,0.550755939524838
349.99,350,1829,1829,1829,1829,2024-08-23,2024-08-30,556.22,0,0,53277899,17340961,0.00343294317968507,99.9802601074791,0
501.99,502,282,1824,564,1824,2024-08-23,2024-08-23,556.22,1542,1260,30683628,15994277,0.00594453824039322,99.906220346564,0.690789473684211
353.77,354,77,77,1771,1771,2024-08-23,2024-10-18,556.22,0,0,371743374,99656101,0.000476403918365469,99.9997417573339,0
469.99,470,1766,1766,3532,1766,2024-08-23,2024-08-23,556.22,0,-1766,30683628,15994277,0.00575551235336317,99.9119758589173,-1
558.69,576,1,1,1731,1731,2024-08-23,2024-09-20,556.22,0,0,379033498,91846104,0.000456687867730361,99.9992148451217,0
459.99,460,1727,1727,1727,1727,2024-08-23,2024-08-23,556.22,0,0,30683628,15994277,0.00562840873967055,99.917604267657,0
184.99,185,1669,1669,1669,1669,2024-08-23,2024-09-20,556.22,0,0,379033498,91846104,0.000440330474432104,99.9996551755961,0
465.87,466,128,128,1664,1664,2024-08-23,2024-09-06,556.22,0,0,32959601,12276914,0.0050486048056225,99.9944720204592,0
523.99,524,1213,1661,2426,1661,2024-08-23,2024-08-23,556.22,448,-765,30683628,15994277,0.00541331031649843,99.9230175779735,-0.460565924142083
354.99,355,1654,1654,1654,1654,2024-08-23,2024-08-30,556.22,0,0,53277899,17340961,0.00310447677375566,99.9833645842529,0
399.75,400,64,65,1280,1625,2024-08-23,2024-09-27,556.22,1,345,13405843,4202849,0.0121215801199522,99.962620776627,0.212307692307692
369.99,370,1612,1612,1612,1612,2024-08-23,2024-08-23,556.22,0,0,30683628,15994277,0.00525361603262821,99.9282711940061,0
369.99,370,1592,1592,1592,1592,2024-08-23,2024-08-30,556.22,0,0,53277899,17340961,0.0029881058185121,99.9863526900714,0
394.98,395,784,783,1568,1566,2024-08-23,2024-08-30,556.22,-1,-2,53277899,17340961,0.00293930509534545,99.9892919951667,-0.00127713920817369
299.98,300,680,770,680,1540,2024-08-23,2024-09-13,556.22,90,860,41756314,9731594,0.00368806499539207,99.9898841645841,0.558441558441558
394.89,395,163,131,1467,1441,2024-08-23,2024-09-13,556.22,-32,-26,41756314,9731594,0.00345097510283116,99.9933351396869,-0.0180430256766135
339.99,340,1412,1412,1412,1412,2024-08-23,2024-08-30,556.22,0,0,53277899,17340961,0.00265025465812757,99.9919422498248,0
374.99,375,1338,1338,1338,1338,2024-08-23,2024-08-23,556.22,0,0,30683628,15994277,0.00436063166976213,99.9326318256759,0
164.99,165,1301,1307,1301,1307,2024-08-23,2024-09-20,556.22,6,6,379033498,91846104,0.000344824403884218,100,0.00459066564651875
409.99,410,1287,1287,1287,1287,2024-08-23,2024-08-23,556.22,0,0,30683628,15994277,0.0041944192518564,99.9368262449278,0
419.99,420,1275,1275,1275,1275,2024-08-23,2024-08-23,556.22,0,0,30683628,15994277,0.00415531044764328,99.9409815553754,0
531.99,532,1181,1244,4724,1244,2024-08-23,2024-08-23,556.22,63,-3480,30683628,15994277,0.00405427937009274,99.9450358347455,-2.79742765273312
429.68,430,38,38,1216,1216,2024-08-23,2024-09-27,556.22,0,0,13405843,4202849,0.00907067164668421,99.9716914482737,0
374.99,375,1169,1211,1169,1211,2024-08-23,2024-08-30,556.22,42,42,53277899,17340961,0.0022729875290315,99.9942152373539,0.0346820809248555
517.99,518,1062,1198,2124,1198,2024-08-23,2024-08-23,556.22,136,-926,30683628,15994277,0.00390436228727581,99.9489401970328,-0.772954924874791
404.99,405,1169,1169,1169,1169,2024-08-23,2024-08-23,556.22,0,0,30683628,15994277,0.00380984934376078,99.9527500463765,0
495.99,496,1057,1163,2114,1163,2024-08-23,2024-08-23,556.22,106,-951,30683628,15994277,0.00379029494165423,99.9565403413182,-0.817712811693895
389.99,390,1190,1160,2380,1160,2024-08-23,2024-08-30,556.22,-30,-1220,53277899,17340961,0.00217726303358922,99.9963925003875,-1.05172413793103
560.91,572,1,1,1306,1109,2024-08-23,2024-09-13,556.22,0,-197,41756314,9731594,0.00265588576616221,99.9959910254531,-0.177637511271416
394.99,395,1070,1070,1070,1070,2024-08-23,2024-08-23,556.22,0,0,30683628,15994277,0.0034872017090026,99.9600275430272,0
419.71,420,3,36,66,1044,2024-08-23,2024-09-27,556.22,33,978,13405843,4202849,0.00778764901244927,99.9794790972862,0.936781609195402
359.99,360,991,991,991,991,2024-08-23,2024-08-30,556.22,0,0,53277899,17340961,0.00186005833300596,99.9982525587205,0
347.85,348,64,64,960,960,2024-08-23,2024-10-18,556.22,0,0,371743374,99656101,0.00025824266608179,100,0
466.88,467,78,78,936,936,2024-08-23,2024-09-06,556.22,0,0,32959601,12276914,0.00283984020316265,99.9973118606624,0
384.99,385,911,931,1822,931,2024-08-23,2024-08-30,556.22,20,-891,53277899,17340961,0.00174744127954445,100,-0.95703544575725
512.49,512.5,884,884,2652,884,2024-08-23,2024-08-23,556.22,0,-1768,30683628,15994277,0.00288101524369934,99.9629085582709,-2
384.99,385,858,858,858,858,2024-08-23,2024-08-23,556.22,0,0,30683628,15994277,0.0027962795012376,99.9657048377721,0
507.49,507.5,319,788,638,788,2024-08-23,2024-08-23,556.22,469,150,30683628,15994277,0.00256814480999444,99.9682729825821,0.190355329949239
414.99,415,715,715,715,715,2024-08-23,2024-08-23,556.22,0,0,30683628,15994277,0.002330232917698,99.9706032154998,0
490.99,491,250,696,500,696,2024-08-23,2024-08-23,556.22,446,196,30683628,15994277,0.00226831064436057,99.9728715261442,0.281609195402299
434.99,435,665,665,665,665,2024-08-23,2024-08-23,556.22,0,0,30683628,15994277,0.00216727956681003,99.975038805711,0
511.99,512,673,651,2019,651,2024-08-23,2024-08-23,556.22,-22,-1368,30683628,15994277,0.00212165262856139,99.9771604583395,-2.10138248847926
359.99,360,647,647,647,647,2024-08-23,2024-08-23,556.22,0,0,30683628,15994277,0.00210861636049036,99.9792690747,0
429.99,430,646,646,646,646,2024-08-23,2024-08-23,556.22,0,0,30683628,15994277,0.0021053572934726,99.9813744319935,0
354.88,355,52,53,416,636,2024-08-23,2024-09-27,556.22,1,220,13405843,4202849,0.00474419997310128,99.9842232972593,0.345911949685535
339.98,340,303,303,606,606,2024-08-23,2024-09-13,556.22,0,0,41756314,9731594,0.00145127752416078,99.9974423029772,0
319.97,320,201,201,603,603,2024-08-23,2024-09-13,556.22,0,0,41756314,9731594,0.00144409298196196,99.9988863959592,0
424.99,425,577,577,577,577,2024-08-23,2024-08-23,556.22,0,0,30683628,15994277,0.0018804816692472,99.9832549136628,0
344.99,345,558,558,558,558,2024-08-23,2024-08-23,556.22,0,0,30683628,15994277,0.00181855939590977,99.9850734730587,0
409.76,410,22,23,462,552,2024-08-23,2024-09-27,556.22,1,90,13405843,4202849,0.00411760752382375,99.9883409047831,0.16304347826087
505.99,506,245,509,735,509,2024-08-23,2024-08-23,556.22,264,-226,30683628,15994277,0.00165886511203955,99.9867323381707,-0.444007858546169
508.99,509,487,497,974,497,2024-08-23,2024-08-23,556.22,10,-477,30683628,15994277,0.00161975630782644,99.9883520944785,-0.959758551307847
339.98,340,239,239,478,478,2024-08-23,2024-09-06,556.22,0,0,32959601,12276914,0.00145026027469204,99.9987621209371,0
476.98,477,225,225,450,450,2024-08-23,2024-08-23,556.22,0,0,30683628,15994277,0.00146658015799175,99.9898186746365,0
364.92,365,52,52,416,416,2024-08-23,2024-09-27,556.22,0,0,13405843,4202849,0.00310312451070776,99.9914440292938,0
473.99,474,410,410,410,410,2024-08-23,2024-08-23,556.22,0,0,30683628,15994277,0.00133621747728137,99.9911548921138,0
344.98,345,177,204,531,408,2024-08-23,2024-09-06,556.22,27,-123,32959601,12276914,0.00123787906291705,100,-0.301470588235294
506.98,507,123,193,246,386,2024-08-23,2024-08-23,556.22,70,140,30683628,15994277,0.00125799986885514,99.9924128919827,0.362694300518135
503.99,504,248,374,496,374,2024-08-23,2024-08-23,556.22,126,-122,30683628,15994277,0.00121889106464203,99.9936317830473,-0.32620320855615
379.89,380,34,34,374,374,2024-08-23,2024-09-27,556.22,0,0,13405843,4202849,0.00278982828606899,99.9942338575799,0
354.99,355,362,362,362,362,2024-08-23,2024-08-23,556.22,0,0,30683628,15994277,0.00117978226042892,99.9948115653077,0
369.92,370,42,42,336,336,2024-08-23,2024-09-27,556.22,0,0,13405843,4202849,0.00250636979711011,99.996740227377,0
349.96,350,76,79,304,316,2024-08-23,2024-09-13,556.22,3,12,41756314,9731594,0.000756771778275257,99.9996431677375,0.0379746835443038
339.99,340,278,278,278,278,2024-08-23,2024-08-23,556.22,0,0,30683628,15994277,0.000906020630937124,99.9957175859387,0
349.99,350,264,264,264,264,2024-08-23,2024-08-23,556.22,0,0,30683628,15994277,0.000860393692688492,99.9965779796314,0
389.99,390,219,219,219,219,2024-08-23,2024-08-23,556.22,0,0,30683628,15994277,0.000713735676889317,99.9972917153082,0
492.99,493,0,204,0,204,2024-08-23,2024-08-23,556.22,204,204,30683628,15994277,0.000664849671622925,99.9979565649799,1
497.97,498,65,65,195,195,2024-08-23,2024-08-23,556.22,0,0,30683628,15994277,0.00063551806846309,99.9985920830483,0
434.57,435,4,4,104,172,2024-08-23,2024-09-27,556.22,0,68,13405843,4202849,0.00128302263423494,99.9980232500112,0.395348837209302
374.85,375,9,11,135,165,2024-08-23,2024-09-27,556.22,2,30,13405843,4202849,0.00123080659679514,99.999254056608,0.181818181818182
485.98,486,75,75,150,150,2024-08-23,2024-08-23,556.22,0,0,30683628,15994277,0.000488860052663916,99.999080943101,0
344.97,345,41,41,123,123,2024-08-23,2024-09-13,556.22,0,0,41756314,9731594,0.000294566230151445,99.9999377339676,0
414.75,415,4,4,100,100,2024-08-23,2024-09-27,556.22,0,0,13405843,4202849,0.000745943391997057,100,0
488.99,489,4,62,8,62,2024-08-23,2024-08-23,556.22,58,54,30683628,15994277,0.000202062155101085,99.9992830052561,0.870967741935484
478.99,479,44,44,44,44,2024-08-23,2024-08-23,556.22,0,0,30683628,15994277,0.000143398948781415,99.9994264042049,0
498.99,499,41,41,82,41,2024-08-23,2024-08-23,556.22,0,-41,30683628,15994277,0.000133621747728137,99.9995600259526,-1
470.99,471,35,35,35,35,2024-08-23,2024-08-23,556.22,0,0,30683628,15994277,0.00011406734562158,99.9996740932982,0
475.99,476,33,33,33,33,2024-08-23,2024-08-23,556.22,0,0,30683628,15994277,0.000107549211586061,99.9997816425098,0
477.99,478,32,32,32,32,2024-08-23,2024-08-23,556.22,0,0,30683628,15994277,0.000104290144568302,99.9998859326544,0
309.98,310,13,13,26,26,2024-08-23,2024-09-13,556.22,0,0,41756314,9731594,6.22660323897363e-05,100,0
487.99,488,36,22,36,22,2024-08-23,2024-08-23,556.22,-14,-14,30683628,15994277,7.16994743907076e-05,99.9999576321288,-0.636363636363636
472.99,473,13,13,13,13,2024-08-23,2024-08-23,556.22,0,0,30683628,15994277,4.23678712308727e-05,100,0
471.99,472,7,0,7,0,2024-08-23,2024-08-23,556.22,-7,-7,30683628,15994277,0,100,-Inf
481,481,0,0,0,0,2024-08-23,2024-08-23,556.22,0,0,30683628,15994277,0,100,
481.99,482,20,0,20,0,2024-08-23,2024-08-23,556.22,-20,-20,30683628,15994277,0,100,-Inf
483,483,0,0,0,0,2024-08-23,2024-08-23,556.22,0,0,30683628,15994277,0,100,
484,484,0,0,0,0,2024-08-23,2024-08-23,556.22,0,0,30683628,15994277,0,100,
487,487,0,0,0,0,2024-08-23,2024-08-23,556.22,0,0,30683628,15994277,0,100,
492,492,0,0,0,0,2024-08-23,2024-08-23,556.22,0,0,30683628,15994277,0,100,
494,494,0,0,0,0,2024-08-23,2024-08-23,556.22,0,0,30683628,15994277,0,100,
559.65,572,0,0,0,0,2024-08-23,2024-08-23,556.22,0,0,30683628,15994277,0,100,
572.5,572.5,0,0,0,0,2024-08-23,2024-08-23,556.22,0,0,30683628,15994277,0,100,
556.6,574,0,0,0,0,2024-08-23,2024-08-23,556.22,0,0,30683628,15994277,0,100,
576,576,0,0,0,0,2024-08-23,2024-08-23,556.22,0,0,30683628,15994277,0,100,
557.58,577,0,0,0,0,2024-08-23,2024-08-23,556.22,0,0,30683628,15994277,0,100,
578,578,0,0,0,0,2024-08-23,2024-08-23,556.22,0,0,30683628,15994277,0,100,
579,579,0,0,0,0,2024-08-23,2024-08-23,556.22,0,0,30683628,15994277,0,100,
556.28,590,0,0,0,0,2024-08-23,2024-08-23,556.22,0,0,30683628,15994277,0,100,
556.27,595,0,0,0,0,2024-08-23,2024-08-23,556.22,0,0,30683628,15994277,0,100,
600,600,0,0,0,0,2024-08-23,2024-08-23,556.22,0,0,30683628,15994277,0,100,
561.39,605,0,0,0,0,2024-08-23,2024-08-23,556.22,0,0,30683628,15994277,0,100,
610,610,0,0,0,0,2024-08-23,2024-08-23,556.22,0,0,30683628,15994277,0,100,
552.23,615,0,0,0,0,2024-08-23,2024-08-23,556.22,0,0,30683628,15994277,0,100,
620,620,0,0,0,0,2024-08-23,2024-08-23,556.22,0,0,30683628,15994277,0,100,
625,625,0,0,0,0,2024-08-23,2024-08-23,556.22,0,0,30683628,15994277,0,100,
630,630,0,0,0,0,2024-08-23,2024-08-23,556.22,0,0,30683628,15994277,0,100,
635,635,0,0,0,0,2024-08-23,2024-08-23,556.22,0,0,30683628,15994277,0,100,
640,640,0,0,0,0,2024-08-23,2024-08-23,556.22,0,0,30683628,15994277,0,100,
645,645,0,0,0,0,2024-08-23,2024-08-23,556.22,0,0,30683628,15994277,0,100,
650,650,0,0,0,0,2024-08-23,2024-08-23,556.22,0,0,30683628,15994277,0,100,
655,655,0,0,0,0,2024-08-23,2024-08-23,556.22,0,0,30683628,15994277,0,100,
562,660,0,0,0,0,2024-08-23,2024-08-23,556.22,0,0,30683628,15994277,0,100,
559.07,576,0,0,0,0,2024-08-23,2024-08-30,556.22,0,0,53277899,17340961,0,100,
556.43,578,1,0,1741,0,2024-08-23,2024-08-30,556.22,-1,-1741,53277899,17340961,0,100,-Inf
579,579,0,0,0,0,2024-08-23,2024-08-30,556.22,0,0,53277899,17340961,0,100,
532.3,590,0,0,0,0,2024-08-23,2024-08-30,556.22,0,0,53277899,17340961,0,100,
561.62,595,0,0,0,0,2024-08-23,2024-08-30,556.22,0,0,53277899,17340961,0,100,
532.33,600,0,0,0,0,2024-08-23,2024-08-30,556.22,0,0,53277899,17340961,0,100,
532.31,605,0,0,0,0,2024-08-23,2024-08-30,556.22,0,0,53277899,17340961,0,100,
610,610,0,0,0,0,2024-08-23,2024-08-30,556.22,0,0,53277899,17340961,0,100,
615,615,0,0,0,0,2024-08-23,2024-08-30,556.22,0,0,53277899,17340961,0,100,
620,620,0,0,0,0,2024-08-23,2024-08-30,556.22,0,0,53277899,17340961,0,100,
625,625,0,0,0,0,2024-08-23,2024-08-30,556.22,0,0,53277899,17340961,0,100,
630,630,0,0,0,0,2024-08-23,2024-08-30,556.22,0,0,53277899,17340961,0,100,
635,635,0,0,0,0,2024-08-23,2024-08-30,556.22,0,0,53277899,17340961,0,100,
640,640,0,0,0,0,2024-08-23,2024-08-30,556.22,0,0,53277899,17340961,0,100,
560.17,645,0,0,0,0,2024-08-23,2024-08-30,556.22,0,0,53277899,17340961,0,100,
650,650,0,0,0,0,2024-08-23,2024-08-30,556.22,0,0,53277899,17340961,0,100,
655,655,0,0,0,0,2024-08-23,2024-08-30,556.22,0,0,53277899,17340961,0,100,
660,660,0,0,0,0,2024-08-23,2024-08-30,556.22,0,0,53277899,17340961,0,100,
576,576,0,0,0,0,2024-08-23,2024-09-06,556.22,0,0,32959601,12276914,0,100,
577,577,0,0,0,0,2024-08-23,2024-09-06,556.22,0,0,32959601,12276914,0,100,
560.49,578,0,0,0,0,2024-08-23,2024-09-06,556.22,0,0,32959601,12276914,0,100,
556.32,585,0,0,0,0,2024-08-23,2024-09-06,556.22,0,0,32959601,12276914,0,100,
552.88,590,0,0,0,0,2024-08-23,2024-09-06,556.22,0,0,32959601,12276914,0,100,
595,595,0,0,0,0,2024-08-23,2024-09-06,556.22,0,0,32959601,12276914,0,100,
541.31,600,0,0,0,0,2024-08-23,2024-09-06,556.22,0,0,32959601,12276914,0,100,
605,605,0,0,0,0,2024-08-23,2024-09-06,556.22,0,0,32959601,12276914,0,100,
610,610,0,0,0,0,2024-08-23,2024-09-06,556.22,0,0,32959601,12276914,0,100,
615,615,0,0,0,0,2024-08-23,2024-09-06,556.22,0,0,32959601,12276914,0,100,
620,620,0,0,0,0,2024-08-23,2024-09-06,556.22,0,0,32959601,12276914,0,100,
625,625,0,0,0,0,2024-08-23,2024-09-06,556.22,0,0,32959601,12276914,0,100,
630,630,0,0,0,0,2024-08-23,2024-09-06,556.22,0,0,32959601,12276914,0,100,
635,635,0,0,0,0,2024-08-23,2024-09-06,556.22,0,0,32959601,12276914,0,100,
640,640,0,0,0,0,2024-08-23,2024-09-06,556.22,0,0,32959601,12276914,0,100,
645,645,0,0,0,0,2024-08-23,2024-09-06,556.22,0,0,32959601,12276914,0,100,
650,650,0,0,0,0,2024-08-23,2024-09-06,556.22,0,0,32959601,12276914,0,100,
655,655,0,0,0,0,2024-08-23,2024-09-06,556.22,0,0,32959601,12276914,0,100,
660,660,0,0,0,0,2024-08-23,2024-09-06,556.22,0,0,32959601,12276914,0,100,
569,569,0,0,0,0,2024-08-23,2024-09-13,556.22,0,0,41756314,9731594,0,100,
571,571,0,0,0,0,2024-08-23,2024-09-13,556.22,0,0,41756314,9731594,0,100,
574,574,0,0,0,0,2024-08-23,2024-09-13,556.22,0,0,41756314,9731594,0,100,
559.35,577,3,0,5295,0,2024-08-23,2024-09-13,556.22,-3,-5295,41756314,9731594,0,100,-Inf
578,578,0,0,0,0,2024-08-23,2024-09-13,556.22,0,0,41756314,9731594,0,100,
579,579,0,0,0,0,2024-08-23,2024-09-13,556.22,0,0,41756314,9731594,0,100,
562.8,585,0,0,0,0,2024-08-23,2024-09-13,556.22,0,0,41756314,9731594,0,100,
558.84,590,0,0,0,0,2024-08-23,2024-09-13,556.22,0,0,41756314,9731594,0,100,
595,595,0,0,0,0,2024-08-23,2024-09-13,556.22,0,0,41756314,9731594,0,100,
556.5,605,0,0,0,0,2024-08-23,2024-09-13,556.22,0,0,41756314,9731594,0,100,
556.49,610,0,0,0,0,2024-08-23,2024-09-13,556.22,0,0,41756314,9731594,0,100,
615,615,0,0,0,0,2024-08-23,2024-09-13,556.22,0,0,41756314,9731594,0,100,
620,620,0,0,0,0,2024-08-23,2024-09-13,556.22,0,0,41756314,9731594,0,100,
625,625,0,0,0,0,2024-08-23,2024-09-13,556.22,0,0,41756314,9731594,0,100,
630,630,0,0,0,0,2024-08-23,2024-09-13,556.22,0,0,41756314,9731594,0,100,
635,635,0,0,0,0,2024-08-23,2024-09-13,556.22,0,0,41756314,9731594,0,100,
640,640,0,0,0,0,2024-08-23,2024-09-13,556.22,0,0,41756314,9731594,0,100,
645,645,0,0,0,0,2024-08-23,2024-09-13,556.22,0,0,41756314,9731594,0,100,
650,650,0,0,0,0,2024-08-23,2024-09-13,556.22,0,0,41756314,9731594,0,100,
655,655,0,0,0,0,2024-08-23,2024-09-13,556.22,0,0,41756314,9731594,0,100,
660,660,0,0,0,0,2024-08-23,2024-09-13,556.22,0,0,41756314,9731594,0,100,
155,155,6822,6822,0,0,2024-08-23,2024-09-20,556.22,0,0,379033498,91846104,0,100,
160,160,1447,1447,0,0,2024-08-23,2024-09-20,556.22,0,0,379033498,91846104,0,100,
559.02,579,0,0,0,0,2024-08-23,2024-09-20,556.22,0,0,379033498,91846104,0,100,
581,581,0,0,0,0,2024-08-23,2024-09-20,556.22,0,0,379033498,91846104,0,100,
543.26,595,0,0,0,0,2024-08-23,2024-09-20,556.22,0,0,379033498,91846104,0,100,
543.26,605,0,0,0,0,2024-08-23,2024-09-20,556.22,0,0,379033498,91846104,0,100,
610,610,0,0,0,0,2024-08-23,2024-09-20,556.22,0,0,379033498,91846104,0,100,
615,615,0,0,0,0,2024-08-23,2024-09-20,556.22,0,0,379033498,91846104,0,100,
620,620,0,0,0,0,2024-08-23,2024-09-20,556.22,0,0,379033498,91846104,0,100,
625,625,0,0,0,0,2024-08-23,2024-09-20,556.22,0,0,379033498,91846104,0,100,
553.85,630,0,0,0,0,2024-08-23,2024-09-20,556.22,0,0,379033498,91846104,0,100,
553.18,640,0,0,0,0,2024-08-23,2024-09-20,556.22,0,0,379033498,91846104,0,100,
645,645,0,0,0,0,2024-08-23,2024-09-20,556.22,0,0,379033498,91846104,0,100,
650,650,0,0,0,0,2024-08-23,2024-09-20,556.22,0,0,379033498,91846104,0,100,
655,655,0,0,0,0,2024-08-23,2024-09-20,556.22,0,0,379033498,91846104,0,100,
665,665,0,0,0,0,2024-08-23,2024-09-20,556.22,0,0,379033498,91846104,0,100,
670,670,0,0,0,0,2024-08-23,2024-09-20,556.22,0,0,379033498,91846104,0,100,
675,675,0,0,0,0,2024-08-23,2024-09-20,556.22,0,0,379033498,91846104,0,100,
680,680,0,0,0,0,2024-08-23,2024-09-20,556.22,0,0,379033498,91846104,0,100,
685,685,0,0,0,0,2024-08-23,2024-09-20,556.22,0,0,379033498,91846104,0,100,
690,690,0,0,0,0,2024-08-23,2024-09-20,556.22,0,0,379033498,91846104,0,100,
695,695,0,0,0,0,2024-08-23,2024-09-20,556.22,0,0,379033498,91846104,0,100,
700,700,0,0,0,0,2024-08-23,2024-09-20,556.22,0,0,379033498,91846104,0,100,
566,566,0,0,0,0,2024-08-23,2024-09-27,556.22,0,0,13405843,4202849,0,100,
568,568,0,0,0,0,2024-08-23,2024-09-27,556.22,0,0,13405843,4202849,0,100,
569,569,0,0,0,0,2024-08-23,2024-09-27,556.22,0,0,13405843,4202849,0,100,
571,571,0,0,0,0,2024-08-23,2024-09-27,556.22,0,0,13405843,4202849,0,100,
572,572,0,0,0,0,2024-08-23,2024-09-27,556.22,0,0,13405843,4202849,0,100,
573,573,0,0,0,0,2024-08-23,2024-09-27,556.22,0,0,13405843,4202849,0,100,
574,574,0,0,0,0,2024-08-23,2024-09-27,556.22,0,0,13405843,4202849,0,100,
576,576,0,0,0,0,2024-08-23,2024-09-27,556.22,0,0,13405843,4202849,0,100,
577,577,0,0,0,0,2024-08-23,2024-09-27,556.22,0,0,13405843,4202849,0,100,
579,579,0,0,0,0,2024-08-23,2024-09-27,556.22,0,0,13405843,4202849,0,100,
585,585,0,0,0,0,2024-08-23,2024-09-27,556.22,0,0,13405843,4202849,0,100,
590,590,0,0,0,0,2024-08-23,2024-09-27,556.22,0,0,13405843,4202849,0,100,
595,595,0,0,0,0,2024-08-23,2024-09-27,556.22,0,0,13405843,4202849,0,100,
605,605,0,0,0,0,2024-08-23,2024-09-27,556.22,0,0,13405843,4202849,0,100,
610,610,0,0,0,0,2024-08-23,2024-09-27,556.22,0,0,13405843,4202849,0,100,
544.51,615,0,0,0,0,2024-08-23,2024-09-27,556.22,0,0,13405843,4202849,0,100,
620,620,0,0,0,0,2024-08-23,2024-09-27,556.22,0,0,13405843,4202849,0,100,
625,625,0,0,0,0,2024-08-23,2024-09-27,556.22,0,0,13405843,4202849,0,100,
635,635,0,0,0,0,2024-08-23,2024-09-27,556.22,0,0,13405843,4202849,0,100,
640,640,0,0,0,0,2024-08-23,2024-09-27,556.22,0,0,13405843,4202849,0,100,
645,645,0,0,0,0,2024-08-23,2024-09-27,556.22,0,0,13405843,4202849,0,100,
559.68,650,0,0,0,0,2024-08-23,2024-09-27,556.22,0,0,13405843,4202849,0,100,
655,655,0,0,0,0,2024-08-23,2024-09-27,556.22,0,0,13405843,4202849,0,100,
660,660,0,0,0,0,2024-08-23,2024-09-27,556.22,0,0,13405843,4202849,0,100,
544.44,605,0,0,0,0,2024-08-23,2024-10-18,556.22,0,0,371743374,99656101,0,100,
610,610,0,0,0,0,2024-08-23,2024-10-18,556.22,0,0,371743374,99656101,0,100,
615,615,0,0,0,0,2024-08-23,2024-10-18,556.22,0,0,371743374,99656101,0,100,
620,620,0,0,0,0,2024-08-23,2024-10-18,556.22,0,0,371743374,99656101,0,100,
625,625,0,0,0,0,2024-08-23,2024-10-18,556.22,0,0,371743374,99656101,0,100,
630,630,0,0,0,0,2024-08-23,2024-10-18,556.22,0,0,371743374,99656101,0,100,
635,635,0,0,0,0,2024-08-23,2024-10-18,556.22,0,0,371743374,99656101,0,100,
640,640,0,0,0,0,2024-08-23,2024-10-18,556.22,0,0,371743374,99656101,0,100,
645,645,0,0,0,0,2024-08-23,2024-10-18,556.22,0,0,371743374,99656101,0,100,
555.64,655,0,0,0,0,2024-08-23,2024-10-18,556.22,0,0,371743374,99656101,0,100,
660,660,0,0,0,0,2024-08-23,2024-10-18,556.22,0,0,371743374,99656101,0,100,
665,665,0,0,0,0,2024-08-23,2024-10-18,556.22,0,0,371743374,99656101,0,100,
670,670,0,0,0,0,2024-08-23,2024-10-18,556.22,0,0,371743374,99656101,0,100,
675,675,0,0,0,0,2024-08-23,2024-10-18,556.22,0,0,371743374,99656101,0,100,
552.51,680,0,0,0,0,2024-08-23,2024-10-18,556.22,0,0,371743374,99656101,0,100,
576,576,1,1,0,0,2024-08-23,2024-11-15,556.22,0,0,285665071,41499673,0,100,
577,577,1,1,0,0,2024-08-23,2024-11-15,556.22,0,0,285665071,41499673,0,100,
578,578,0,0,0,0,2024-08-23,2024-11-15,556.22,0,0,285665071,41499673,0,100,
579,579,0,0,0,0,2024-08-23,2024-11-15,556.22,0,0,285665071,41499673,0,100,
605,605,0,0,0,0,2024-08-23,2024-11-15,556.22,0,0,285665071,41499673,0,100,
610,610,0,0,0,0,2024-08-23,2024-11-15,556.22,0,0,285665071,41499673,0,100,
615,615,0,0,0,0,2024-08-23,2024-11-15,556.22,0,0,285665071,41499673,0,100,
625,625,1,1,0,0,2024-08-23,2024-11-15,556.22,0,0,285665071,41499673,0,100,
532.37,630,0,0,0,0,2024-08-23,2024-11-15,556.22,0,0,285665071,41499673,0,100,
635,635,0,0,0,0,2024-08-23,2024-11-15,556.22,0,0,285665071,41499673,0,100,
640,640,0,0,0,0,2024-08-23,2024-11-15,556.22,0,0,285665071,41499673,0,100,
645,645,0,0,0,0,2024-08-23,2024-11-15,556.22,0,0,285665071,41499673,0,100,
650,650,0,0,0,0,2024-08-23,2024-11-15,556.22,0,0,285665071,41499673,0,100,
655,655,0,0,0,0,2024-08-23,2024-11-15,556.22,0,0,285665071,41499673,0,100,
660,660,0,0,0,0,2024-08-23,2024-11-15,556.22,0,0,285665071,41499673,0,100,
665,665,0,0,0,0,2024-08-23,2024-11-15,556.22,0,0,285665071,41499673,0,100,
670,670,0,0,0,0,2024-08-23,2024-11-15,556.22,0,0,285665071,41499673,0,100,
675,675,0,0,0,0,2024-08-23,2024-11-15,556.22,0,0,285665071,41499673,0,100,
552.55,680,0,0,0,0,2024-08-23,2024-11-15,556.22,0,0,285665071,41499673,0,100,
605,605,0,0,0,0,2024-08-23,2024-12-20,556.22,0,0,592449013,78717254,0,100,
615,615,0,0,0,0,2024-08-23,2024-12-20,556.22,0,0,592449013,78717254,0,100,
544.19,625,0,0,0,0,2024-08-23,2024-12-20,556.22,0,0,592449013,78717254,0,100,
630,630,0,0,0,0,2024-08-23,2024-12-20,556.22,0,0,592449013,78717254,0,100,
635,635,0,0,0,0,2024-08-23,2024-12-20,556.22,0,0,592449013,78717254,0,100,
640,640,0,0,0,0,2024-08-23,2024-12-20,556.22,0,0,592449013,78717254,0,100,
645,645,0,0,0,0,2024-08-23,2024-12-20,556.22,0,0,592449013,78717254,0,100,
559.89,650,0,0,0,0,2024-08-23,2024-12-20,556.22,0,0,592449013,78717254,0,100,
655,655,0,0,0,0,2024-08-23,2024-12-20,556.22,0,0,592449013,78717254,0,100,
555.61,660,1,0,10185,0,2024-08-23,2024-12-20,556.22,-1,-10185,592449013,78717254,0,100,-Inf
555.59,665,0,0,0,0,2024-08-23,2024-12-20,556.22,0,0,592449013,78717254,0,100,
670,670,0,0,0,0,2024-08-23,2024-12-20,556.22,0,0,592449013,78717254,0,100,
675,675,0,0,0,0,2024-08-23,2024-12-20,556.22,0,0,592449013,78717254,0,100,
680,680,0,0,0,0,2024-08-23,2024-12-20,556.22,0,0,592449013,78717254,0,100,
685,685,0,0,0,0,2024-08-23,2024-12-20,556.22,0,0,592449013,78717254,0,100,
690,690,0,0,0,0,2024-08-23,2024-12-20,556.22,0,0,592449013,78717254,0,100,
695,695,0,0,0,0,2024-08-23,2024-12-20,556.22,0,0,592449013,78717254,0,100,
700,700,0,0,0,0,2024-08-23,2024-12-20,556.22,0,0,592449013,78717254,0,100,
705,705,0,0,0,0,2024-08-23,2024-12-20,556.22,0,0,592449013,78717254,0,100,
710,710,0,0,0,0,2024-08-23,2024-12-20,556.22,0,0,592449013,78717254,0,100,
715,715,0,0,0,0,2024-08-23,2024-12-20,556.22,0,0,592449013,78717254,0,100,
553.87,725,0,0,0,0,2024-08-23,2024-12-20,556.22,0,0,592449013,78717254,0,100,
730,730,0,0,0,0,2024-08-23,2024-12-20,556.22,0,0,592449013,78717254,0,100,
735,735,0,0,0,0,2024-08-23,2024-12-20,556.22,0,0,592449013,78717254,0,100,
740,740,0,0,0,0,2024-08-23,2024-12-20,556.22,0,0,592449013,78717254,0,100,
745,745,0,0,0,0,2024-08-23,2024-12-20,556.22,0,0,592449013,78717254,0,100,
750,750,0,0,0,0,2024-08-23,2024-12-20,556.22,0,0,592449013,78717254,0,100,
755,755,0,0,0,0,2024-08-23,2024-12-20,556.22,0,0,592449013,78717254,0,100,
559.9,760,0,0,0,0,2024-08-23,2024-12-20,556.22,0,0,592449013,78717254,0,100,
765,765,0,0,0,0,2024-08-23,2024-12-20,556.22,0,0,592449013,78717254,0,100,
770,770,0,0,0,0,2024-08-23,2024-12-20,556.22,0,0,592449013,78717254,0,100,
