Watch,strike,open_interest.yt,open_interest.td,OI_Dollar.yt,OI_Dollar.td,Date.td,expiry,stkClose,diff_oi,diff_oi_d,totalOI,totalOIdiff,OI_pct,cum_sep_OI,pct
624.37,630,61064,58675,50744184,33034025,2025-08-13,2025-09-19,642.69,-2389,-17710159,378355746,-135550145,8.7309431267366,8.7309431267366,-0.536118713962346
616,620,57759,68202,34539882,27280800,2025-08-13,2025-09-19,642.69,10443,-7259082,378355746,-135550145,7.2103569956091,15.9413001223457,-0.266087578076889
628.2,650,10638,11756,27126900,25628080,2025-08-13,2025-12-19,642.69,1118,-1498820,336067064,-47690522,7.62588267203715,7.62588267203715,-0.0584835071530915
607.09,620,20501,19574,31141019,25270034,2025-08-13,2025-12-19,642.69,-927,-5870985,336067064,-47690522,7.51934262739892,15.1452252994361,-0.232329920885742
628.24,635,28766,37134,28334510,25102584,2025-08-13,2025-09-19,642.69,8368,-3231926,378355746,-135550145,6.63465118883116,22.5759513111769,-0.128748737580163
614.79,630,15431,15812,27667783,24050052,2025-08-13,2025-12-19,642.69,381,-3617731,336067064,-47690522,7.15632520299579,22.3015505024319,-0.150425080161989
597.89,600,113776,111778,36749648,23585158,2025-08-13,2025-09-19,642.69,-1998,-13164490,378355746,-135550145,6.23359318560475,28.8095444967816,-0.558168404044611
611,625,15801,15827,25771431,22157800,2025-08-13,2025-12-19,642.69,26,-3613631,336067064,-47690522,6.59326734856707,28.8948178509989,-0.163086181841157
620.25,625,47270,46589,32994460,22129775,2025-08-13,2025-09-19,642.69,-681,-10864685,378355746,-135550145,5.84893324178563,34.6584777385672,-0.490953251897048
608.57,615,30161,32902,24641537,21155986,2025-08-13,2025-10-17,642.69,2741,-3485551,269109292,-17963974,7.86148476805476,7.86148476805476,-0.164754835818099
622.05,640,10230,11734,21534150,21062530,2025-08-13,2025-12-19,642.69,1504,-471620,336067064,-47690522,6.26735918399906,35.162177034998,-0.022391422113108
631.77,640,20107,24378,23887116,20063094,2025-08-13,2025-09-19,642.69,4271,-3824022,378355746,-135550145,5.30270630540391,39.9611840439711,-0.190599814764363
590.4,600,19332,19446,21729168,18668160,2025-08-13,2025-12-19,642.69,114,-3061008,336067064,-47690522,5.55489127015434,40.7170683051523,-0.163969453872262
620.93,630,18099,18947,21139632,17184929,2025-08-13,2025-10-17,642.69,848,-3954703,269109292,-17963974,6.3858549336156,14.2473397016704,-0.230126234446473
612.84,620,22372,22777,20783588,16308332,2025-08-13,2025-10-17,642.69,405,-4475256,269109292,-17963974,6.06011478786099,20.3074544895313,-0.274415311142795
624.71,635,13512,15734,18011496,16190286,2025-08-13,2025-10-17,642.69,2222,-1821210,269109292,-17963974,6.01624933857728,26.3237038281086,-0.112487821401055
607.13,610,51552,55324,22425120,15877988,2025-08-13,2025-09-19,642.69,3772,-6547132,378355746,-135550145,4.19657641462118,44.1577604585923,-0.412340152921138
628.23,640,9154,13059,13895772,15370443,2025-08-13,2025-10-17,642.69,3905,1474671,269109292,-17963974,5.71159876560487,32.0353025937135,0.0959419972475744
554.53,560,27625,27704,17624750,15154088,2025-08-13,2025-12-19,642.69,79,-2470662,336067064,-47690522,4.50924521422308,45.2263135193754,-0.163036007181693
545.22,550,30468,30288,17092548,14477664,2025-08-13,2025-12-19,642.69,-180,-2614884,336067064,-47690522,4.30796872138592,49.5342822407613,-0.180615049499698
479.31,480,6235,206341,536210,14237529,2025-08-13,2025-10-17,642.69,200106,13701319,269109292,-17963974,5.29061218740823,37.3259147811217,0.962338268108181
590.81,595,33604,33733,18717428,14134127,2025-08-13,2025-10-17,642.69,129,-4583301,269109292,-17963974,5.25218839340561,42.5781031745273,-0.324271955388543
528.72,530,5536,105655,896832,13523840,2025-08-13,2025-10-17,642.69,100119,12627008,269109292,-17963974,5.02540804128012,47.6035112158075,0.933685107188491
595.36,600,26817,28652,16170651,13294528,2025-08-13,2025-10-17,642.69,1835,-2876123,269109292,-17963974,4.9401965651933,52.5437077810008,-0.216338857611192
604.27,610,23029,23005,17018431,13181865,2025-08-13,2025-10-17,642.69,-24,-3836566,269109292,-17963974,4.89833141844838,57.4420391994491,-0.291048800757707
616.95,625,14524,15381,15134008,12381705,2025-08-13,2025-10-17,642.69,857,-2752303,269109292,-17963974,4.60099497419064,62.0430341736398,-0.222287883615382
598.87,610,11184,10909,14472096,12141717,2025-08-13,2025-12-19,642.69,-275,-2330379,336067064,-47690522,3.6128851353312,53.1471673760925,-0.191931585952794
602.56,605,65686,47282,24632250,11536808,2025-08-13,2025-09-19,642.69,-18404,-13095442,378355746,-135550145,3.04919592789797,47.2069563864903,-1.13510097420361
611.58,615,30484,33065,15424904,11308230,2025-08-13,2025-09-19,642.69,2581,-4116674,378355746,-135550145,2.98878241431544,50.1957388008057,-0.364042294859584
454.47,455,201229,201235,13281114,10665455,2025-08-13,2025-10-17,642.69,6,-2615659,269109292,-17963974,3.96324293402697,66.0062771076667,-0.245245889650278
586.24,590,28230,28099,13860930,10565224,2025-08-13,2025-10-17,642.69,-131,-3295706,269109292,-17963974,3.92599747168894,69.9322745793557,-0.311939055906434
578.81,580,87003,86739,15747543,10321941,2025-08-13,2025-09-19,642.69,-264,-5425602,378355746,-135550145,2.728104729246,52.9238435300518,-0.525637765222646
516.76,520,31347,31406,11786472,10175544,2025-08-13,2025-12-19,642.69,59,-1610928,336067064,-47690522,3.0278313735618,56.1749987496543,-0.158313698019487
535.84,540,24100,24109,11929500,10029344,2025-08-13,2025-12-19,642.69,9,-1900156,336067064,-47690522,2.98432815183579,59.1593269014901,-0.189459649604201
504.06,505,101330,101339,11754280,9525866,2025-08-13,2025-10-17,642.69,9,-2228414,269109292,-17963974,3.53977595095453,73.4720505303102,-0.233932956856626
497.46,500,36159,36122,10739223,9174988,2025-08-13,2025-12-19,642.69,-37,-1564235,336067064,-47690522,2.73010627426435,61.8894331757545,-0.17048905132083
634.96,645,3663,9011,5245416,9047044,2025-08-13,2025-09-19,642.69,5348,3801628,378355746,-135550145,2.39114751015305,55.3149910402048,0.420206644291771
609.38,620,7517,8385,9832236,8904870,2025-08-13,2025-11-21,642.69,868,-927366,84544368,-7957346,10.5327772986605,10.5327772986605,-0.104141441705494
572.78,580,12240,11923,10355040,8608406,2025-08-13,2025-12-19,642.69,-317,-1746634,336067064,-47690522,2.56151432917568,64.4509475049302,-0.202898655105254
599.77,602,37116,37099,12211164,8273077,2025-08-13,2025-09-19,642.69,-17,-3938087,378355746,-135550145,2.18658685310412,57.5015778933089,-0.476012371213274
617.33,630,5223,6464,8043420,8189888,2025-08-13,2025-11-21,642.69,1241,146468,84544368,-7957346,9.68708879579063,20.2198660944511,0.0178840052513539
588.41,590,50950,50994,12329900,8108046,2025-08-13,2025-09-19,642.69,44,-4221854,378355746,-135550145,2.14296890841986,59.6445468017288,-0.520699315223421
618.55,620,55954,53316,16618338,7730820,2025-08-13,2025-08-29,642.69,-2638,-8887518,64216897,-43193036,12.0386072220213,12.0386072220213,-1.14962164427577
557.91,560,36667,36981,9900090,7729029,2025-08-13,2025-10-17,642.69,314,-2171061,269109292,-17963974,2.87207808491429,76.3441286152245,-0.280896992364759
549.85,555,14777,14762,8629768,7602430,2025-08-13,2025-12-19,642.69,-15,-1027338,336067064,-47690522,2.26217645654202,66.7131239614722,-0.135132845682236
608.02,611,2176,24790,990080,7387420,2025-08-13,2025-09-19,642.69,22614,6397340,378355746,-135550145,1.95250635892285,61.5970531606516,0.865977567269764
577.14,585,9279,9350,8629470,7349100,2025-08-13,2025-12-19,642.69,71,-1280370,336067064,-47690522,2.18679566885495,68.8999196303271,-0.174221333224477
593.19,595,39754,38678,11091366,7000718,2025-08-13,2025-09-19,642.69,-1076,-4090648,378355746,-135550145,1.85030043127718,63.4473535919288,-0.584318351346247
581.69,590,8218,8133,8176910,6758523,2025-08-13,2025-12-19,642.69,-85,-1418387,336067064,-47690522,2.01106377981747,70.9109834101446,-0.209866416079371
563.64,570,10272,10258,7498560,6524088,2025-08-13,2025-12-19,642.69,-14,-974471.999999999,336067064,-47690522,1.94130538183295,72.8522887919776,-0.1493652446135
599.85,605,12414,12655,8255310,6517325,2025-08-13,2025-10-17,642.69,241,-1737985,269109292,-17963974,2.4218134392773,78.7659420545018,-0.26667152551085
529.51,530,126952,126965,8632736,6221285,2025-08-13,2025-09-19,642.69,13,-2411451,378355746,-135550145,1.64429510210214,65.0916486940309,-0.387613009209512
598.78,601,27022,27075,8836194,6010650,2025-08-13,2025-09-19,642.69,53,-2825544,378355746,-135550145,1.58862395075137,66.6802726447823,-0.470089590976017
573.93,575,50070,54829,8111340,5866703,2025-08-13,2025-09-19,642.69,4759,-2244637,378355746,-135550145,1.55057853938341,68.2308511841657,-0.382606209995631
585.92,595,6420,6430,6689640,5838440,2025-08-13,2025-12-19,642.69,10,-851199.999999999,336067064,-47690522,1.73728419872767,74.5895729907052,-0.145792369194511
524.54,525,125820,125729,7297560,5783534,2025-08-13,2025-09-19,642.69,-91,-1514026,378355746,-135550145,1.52859684599583,69.7594480301615,-0.261782156031243
623.08,625,28321,28926,10648696,5553792,2025-08-13,2025-08-29,642.69,605,-5094904,64216897,-43193036,8.64849013181063,20.687097353832,-0.917373931180714
592.44,600,6542,7065,5966304,5341140,2025-08-13,2025-11-21,642.69,523,-625164,84544368,-7957346,6.31755861017259,26.5374247046237,-0.117046922567092
474.75,475,211915,211898,6569365,5297450,2025-08-13,2025-09-19,642.69,-17,-1271915,378355746,-135550145,1.40012410436605,71.1595721345276,-0.240099481826162
576.93,580,14039,17221,5615600,5286847,2025-08-13,2025-10-17,642.69,3182,-328753.000000001,269109292,-17963974,1.96457244590425,80.730514500406,-0.0621831878244256
581.58,585,14649,15015,6518805,5135130,2025-08-13,2025-10-17,642.69,366,-1383675,269109292,-17963974,1.90819497975566,82.6387094801617,-0.26945276945277
588.03,595,6706,7267,5653158,5065099,2025-08-13,2025-11-21,642.69,561,-588058.999999999,84544368,-7957346,5.99105430653879,32.5284790111625,-0.116100198633827
594.67,605,4473,4896,5537574,5057568,2025-08-13,2025-12-19,642.69,423,-480006.000000001,336067064,-47690522,1.50492819492719,76.0945011856324,-0.094908461932692
637.5,650,3651,4027,6334485,5033750,2025-08-13,2025-09-19,642.69,376,-1300735,378355746,-135550145,1.33042779268377,72.4899999272114,-0.25840278122672
618.58,635,2860,3061,5645640,5026162,2025-08-13,2025-12-19,642.69,201,-619477.999999999,336067064,-47690522,1.49558303636681,77.5900842219992,-0.12325070302151
539.43,540,87774,87450,7109694,4984650,2025-08-13,2025-09-19,642.69,-324,-2125044,378355746,-135550145,1.31745058789196,73.8074505151033,-0.426317595016702
621.05,635,3414,3505,5776488,4889475,2025-08-13,2025-11-21,642.69,91,-887013,84544368,-7957346,5.78332432504552,38.311803336208,-0.181412728360407
559.16,565,8281,8327,5556551,4862968,2025-08-13,2025-12-19,642.69,46,-693583,336067064,-47690522,1.44702308584456,79.0371073078438,-0.142625450136624
568.25,575,7077,7158,5661600,4831650,2025-08-13,2025-12-19,642.69,81,-829950,336067064,-47690522,1.43770411253392,80.4748114203777,-0.171773617708236
572.22,575,15490,16845,5638360,4682910,2025-08-13,2025-10-17,642.69,1355,-955450,269109292,-17963974,1.74015172987784,84.3788612100395,-0.204029118646312
631.47,635,6208,12938,4097280,4567114,2025-08-13,2025-08-29,642.69,6730,469834.000000001,64216897,-43193036,7.11201290214942,27.7991102559814,0.102873280588135
498.22,500,25318,25637,5316780,4563386,2025-08-13,2025-11-21,642.69,319,-753394,84544368,-7957346,5.39762270149089,43.7094260376989,-0.165095391886639
564.15,565,53450,52626,6681250,4473210,2025-08-13,2025-09-19,642.69,-824,-2208040,378355746,-135550145,1.18227621683853,74.9897267319419,-0.49361420545872
613.88,615,40350,39146,9199800,4384352,2025-08-13,2025-08-29,642.69,-1204,-4815448,64216897,-43193036,6.82741179474929,34.6265220507307,-1.09832604681376
548.27,550,24733,25294,5688590,4375862,2025-08-13,2025-10-17,642.69,561,-1312728,269109292,-17963974,1.62605384878349,86.004915058823,-0.299993007092088
624.57,640,2157,2834,4014177,4372862,2025-08-13,2025-11-21,642.69,677,358685.000000001,84544368,-7957346,5.17226883758833,48.8816948752873,0.0820252274139912
559.23,560,56724,56564,6353088,4355428,2025-08-13,2025-09-19,642.69,-160,-1997660,378355746,-135550145,1.15114625482654,76.1408729867684,-0.458659860753065
583.64,585,33257,31916,7017227,4340576,2025-08-13,2025-09-19,642.69,-1341,-2676651,378355746,-135550145,1.14722084860316,77.2880938353715,-0.616658019580811
605.29,608,15834,15793,6507774,4279903,2025-08-13,2025-09-19,642.69,-41,-2227871,378355746,-135550145,1.13118488228272,78.4192787176543,-0.520542404816184
556,560,10531,10677,5033818,4270800,2025-08-13,2025-11-21,642.69,146,-763018,84544368,-7957346,5.05154879151737,53.9332436668046,-0.178659267584528
553.11,555,22059,21829,5426514,4125681,2025-08-13,2025-10-17,642.69,-230,-1300833,269109292,-17963974,1.53308753084602,87.538002589669,-0.315301401150501
487.68,490,17616,17615,4562544,4086680,2025-08-13,2025-12-19,642.69,-1,-475864,336067064,-47690522,1.21603109550777,81.6908425158855,-0.116442686973289
596.76,605,4473,4871,4526676,4013704,2025-08-13,2025-11-21,642.69,398,-512971.999999999,84544368,-7957346,4.74745284038317,58.6806965071878,-0.127805139591758
429.61,430,1423,101598,71150,3962322,2025-08-13,2025-10-17,642.69,100175,3891172,269109292,-17963974,1.47238394131705,89.0103865309861,0.982043357405077
560.68,565,9124,9123,4707984,3941136,2025-08-13,2025-11-21,642.69,-1,-766848,84544368,-7957346,4.66161861899541,63.3423151261832,-0.19457537116202
613.33,625,2984,3255,4159696,3798585,2025-08-13,2025-11-21,642.69,271,-361111,84544368,-7957346,4.49300774239628,67.8353228685795,-0.0950646095848849
569.04,570,39560,39289,5577960,3771744,2025-08-13,2025-09-19,642.69,-271,-1806216,378355746,-135550145,0.99687768452709,79.4161564021814,-0.478880857237395
605.29,615,3626,3812,4235168,3701452,2025-08-13,2025-11-21,642.69,186,-533716,84544368,-7957346,4.37811777125119,72.2134406398307,-0.144190982349629
448.43,450,23203,23205,4014119,3643185,2025-08-13,2025-12-19,642.69,2,-370934,336067064,-47690522,1.084064875813,82.7749073916985,-0.101815856180787
599.44,600,69156,64459,7814628,3609704,2025-08-13,2025-08-29,642.69,-4697,-4204924,64216897,-43193036,5.62111246203628,40.2476345127669,-1.16489440685441
549.35,550,55569,55373,5223486,3599245,2025-08-13,2025-09-19,642.69,-196,-1624241,378355746,-135550145,0.951285936067164,80.3674423382485,-0.451272697468497
606.19,609,2099,12637,887877,3550997,2025-08-13,2025-09-19,642.69,10538,2663120,378355746,-135550145,0.938533916173167,81.3059762544217,0.749964024188136
567.46,570,11794,13943,3892020,3541522,2025-08-13,2025-10-17,642.69,2149,-350498,269109292,-17963974,1.3160162451767,90.3264027761628,-0.0989681837356932
595.01,597,17823,17754,5471661,3533046,2025-08-13,2025-09-19,642.69,-69,-1938615,378355746,-135550145,0.93378943952922,82.2397656939509,-0.548709244091359
601.1,610,3945,3942,4315830,3508380,2025-08-13,2025-11-21,642.69,-3,-807450,84544368,-7957346,4.14975010517555,76.3631907450062,-0.230148957638568
594.12,596,18246,18357,5419062,3451116,2025-08-13,2025-09-19,642.69,111,-1967946,378355746,-135550145,0.912135215728956,83.1519009096799,-0.570234671914824
579.08,585,5593,5736,4099669,3395712,2025-08-13,2025-11-21,642.69,143,-703957,84544368,-7957346,4.01648516669969,80.3796759117059,-0.207307627973161
521.54,525,9790,9791,3955160,3387686,2025-08-13,2025-12-19,642.69,1,-567474,336067064,-47690522,1.00803868123179,83.7829460729303,-0.167510802358896
540.48,545,6627,7267,3353262,3284684,2025-08-13,2025-12-19,642.69,640,-68578,336067064,-47690522,0.97738944153123,84.7603355144615,-0.0208781118670776
629.69,634,7452,7552,5387796,3254912,2025-08-13,2025-09-05,642.69,100,-2132884,29963074,-17519099,10.8630776668642,10.8630776668642,-0.65528161744465
526.3,530,8806,8776,3619266,3247120,2025-08-13,2025-12-19,642.69,-30,-372146.000000001,336067064,-47690522,0.966211910608413,85.7265474250699,-0.114608021877849
404.68,405,100527,100532,3920553,3217024,2025-08-13,2025-10-17,642.69,5,-703529,269109292,-17963974,1.19543400976284,91.5218367859256,-0.218689384971949
627.4,630,12631,12348,6315500,3210480,2025-08-13,2025-08-29,642.69,-283,-3105020,64216897,-43193036,4.9994318473532,45.2470663601202,-0.967151329396227
507.12,510,11134,11127,3618550,3204576,2025-08-13,2025-12-19,642.69,-7,-413974,336067064,-47690522,0.953552532598077,86.680099957668,-0.129182144533317
479.74,480,120973,120054,4113082,3121404,2025-08-13,2025-09-19,642.69,-919,-991678,378355746,-135550145,0.824991831893575,83.9768927415734,-0.317702546674509
502.27,505,11372,11373,3616296,3104829,2025-08-13,2025-12-19,642.69,1,-511467,336067064,-47690522,0.923871849578214,87.6039718072462,-0.164732743735645
562.69,565,13305,13429,4097940,3102099,2025-08-13,2025-10-17,642.69,124,-995841,269109292,-17963974,1.15272831233193,92.6745650982575,-0.321021669521186
619.41,624,6671,6695,4509596,3073005,2025-08-13,2025-09-19,642.69,24,-1436591,378355746,-135550145,0.812199902469566,84.789092644043,-0.467487361719229
531,535,7382,7324,3395720,2929600,2025-08-13,2025-12-19,642.69,-58,-466120,336067064,-47690522,0.871730768594449,88.4757025758407,-0.15910704533042
609.82,613,2097,9211,1000269,2929098,2025-08-13,2025-09-19,642.69,7114,1928829,378355746,-135550145,0.77416506316254,85.5632577072055,0.658506133970253
618.58,623,6374,6525,4366190,2884050,2025-08-13,2025-09-19,642.69,151,-1482140,378355746,-135550145,0.762258808142959,86.3255165153485,-0.513909259548204
399,400,28519,28536,3165609,2853600,2025-08-13,2025-12-19,642.69,17,-312009,336067064,-47690522,0.849116234728673,89.3248188105693,-0.109338730025231
601.54,604,11245,11258,4070690,2769468,2025-08-13,2025-09-19,642.69,13,-1301222,378355746,-135550145,0.731974611005379,87.0574911263539,-0.469845472126777
603,615,2353,2294,3298906,2752800,2025-08-13,2025-12-19,642.69,-59,-546106,336067064,-47690522,0.819122221390907,90.1439410319602,-0.198382011043301
622.23,625,10144,9805,4787968,2715985,2025-08-13,2025-09-05,642.69,-339,-2071983,29963074,-17519099,9.06444045093638,19.9275181178006,-0.762884552013358
624.74,625,100909,102363,12411807,2661438,2025-08-13,2025-08-15,642.69,1454,-9750369,33318727,-69033983,7.98781418029566,7.98781418029566,-3.66357172325638
628.94,633,6397,6510,4503488,2643060,2025-08-13,2025-09-05,642.69,113,-1860428,29963074,-17519099,8.82105754569775,28.7485756634983,-0.703891701285631
615.14,619,5266,6750,3128004,2605500,2025-08-13,2025-09-19,642.69,1484,-522504,378355746,-135550145,0.688637618840339,87.7461287451942,-0.200538860103627
631.49,645,1061,1882,1858872,2542582,2025-08-13,2025-10-17,642.69,821,683710,269109292,-17963974,0.944813901111969,93.6193789993695,0.268903815098195
538.54,540,16830,17097,3214530,2496162,2025-08-13,2025-10-17,642.69,267,-718368,269109292,-17963974,0.927564403833369,94.5469434032029,-0.287789013693823
617.74,622,5084,5732,3218172,2441832,2025-08-13,2025-09-19,642.69,648,-776340,378355746,-135550145,0.645379917132275,88.3915086623265,-0.317933420481016
592.22,594,13510,13647,3769290,2429166,2025-08-13,2025-09-19,642.69,137,-1340124,378355746,-135550145,0.64203227403873,89.0335409363652,-0.551680700289729
634.16,640,3674,4092,3692370,2389728,2025-08-13,2025-09-05,642.69,418,-1302642,29963074,-17519099,7.97557687171884,36.7241525352172,-0.545100530269554
590.28,592,13420,13452,3502620,2313744,2025-08-13,2025-09-19,642.69,32,-1188876,378355746,-135550145,0.611526063621616,89.6450669999869,-0.513832126631122
638.45,640,11244,14906,6825108,2310430,2025-08-13,2025-08-15,642.69,3662,-4514678,33318727,-69033983,6.93432855342883,14.9221427337245,-1.95404232112637
612.48,616,6499,6541,3281995,2302432,2025-08-13,2025-09-19,642.69,42,-979563,378355746,-135550145,0.608536284790558,90.2536032847774,-0.425447092465706
614.27,618,6000,6153,3306000,2295069,2025-08-13,2025-09-19,642.69,153,-1010931,378355746,-135550145,0.606590232674833,90.8601935174522,-0.440479567280984
534.46,535,42347,42360,2879596,2287440,2025-08-13,2025-09-19,642.69,13,-592156.000000001,378355746,-135550145,0.604573876353922,91.4647673938062,-0.258872801035219
499.68,500,69141,69083,3111345,2210656,2025-08-13,2025-09-19,642.69,-58,-900689,378355746,-135550145,0.584279748192327,92.0490471419985,-0.407430645021206
634.35,650,1021,1382,2020559,2162830,2025-08-13,2025-10-17,642.69,361,142271,269109292,-17963974,0.803699487270027,95.3506428904729,0.0657800196964163
632.9,635,4520,10221,2327800,2146410,2025-08-13,2025-08-22,642.69,5701,-181390,21812630,-24056052,9.84021642507116,9.84021642507116,-0.0845085514882991
418.79,420,17688,17691,2334816,2140611,2025-08-13,2025-12-19,642.69,3,-194205,336067064,-47690522,0.636959473065174,90.7809005050254,-0.0907240969984738
511.92,515,6900,6904,2394300,2126432,2025-08-13,2025-12-19,642.69,4,-267868,336067064,-47690522,0.632740374700926,91.4136408797263,-0.125970640020466
518.9,520,18873,18850,2679966,2073500,2025-08-13,2025-10-17,642.69,-23,-606466,269109292,-17963974,0.77050479550145,96.1211476859744,-0.292484205449723
640.5,650,2139,2166,3377481,2057700,2025-08-13,2025-08-29,642.69,27,-1319781,64216897,-43193036,3.20429683794905,48.4513631980692,-0.641386499489722
453.15,455,11023,11023,2039255,2039255,2025-08-13,2025-12-19,642.69,0,0,336067064,-47690522,0.6068000165586,92.0204408962849,0
639.58,655,1005,1286,2165775,1983012,2025-08-13,2025-09-19,642.69,281,-182763,378355746,-135550145,0.524113092232515,92.573160234231,-0.0921643439374043
625.49,645,1194,1007,2809482,1964657,2025-08-13,2025-12-19,642.69,-187,-844825,336067064,-47690522,0.584602661330716,92.6050435576156,-0.430011447290799
631.24,633,11090,11143,4957230,1961168,2025-08-13,2025-08-22,642.69,53,-2996062,21812630,-24056052,8.99097449505172,18.8311909201229,-1.52769268109616
633.14,640,1533,2802,1614249,1922172,2025-08-13,2025-09-12,642.69,1269,307923,18876104,-3423648,10.1830971052077,10.1830971052077,0.160195341519906
565.32,570,3891,3981,2229543,1863108,2025-08-13,2025-11-21,642.69,90,-366435,84544368,-7957346,2.2037044501888,82.5833803618947,-0.196679419550558
477.92,480,8150,8142,1923400,1693536,2025-08-13,2025-12-19,642.69,-8,-229864,336067064,-47690522,0.503927989801464,93.1089715474171,-0.135730211817168
595.95,598,8786,8245,2679730,1690225,2025-08-13,2025-09-19,642.69,-541,-989505,378355746,-135550145,0.446729042143317,93.0198892763743,-0.585427975565383
638.25,645,2115,2453,2576070,1655775,2025-08-13,2025-08-29,642.69,338,-920295,64216897,-43193036,2.57841016516261,51.0297733632318,-0.555809213208316
499.13,500,17227,18721,1860516,1628727,2025-08-13,2025-10-17,642.69,1494,-231789,269109292,-17963974,0.605228822793678,96.726376508768,-0.142312984312288
629.63,630,45558,43782,9476064,1619934,2025-08-13,2025-08-15,642.69,-1776,-7856130,33318727,-69033983,4.86193245018034,19.7840751839048,-4.84966054172577
443.51,445,10706,10706,1766490,1595194,2025-08-13,2025-12-19,642.69,0,-171296,336067064,-47690522,0.474665378098462,93.5836369255156,-0.10738255033557
539.81,540,82994,82981,1991856,1576639,2025-08-13,2025-08-29,642.69,-13,-415217,64216897,-43193036,2.45517780156833,53.4849511648001,-0.263355784044413
641.13,660,704,835,1749440,1575645,2025-08-13,2025-09-19,642.69,131,-173795,378355746,-135550145,0.416445373608784,93.4363346499831,-0.110300860917275
629.07,632,1450,5356,800400,1569308,2025-08-13,2025-08-29,642.69,3906,768908,64216897,-43193036,2.44376180306563,55.9287129678658,0.489966278130233
424.87,425,117507,117527,1997619,1527851,2025-08-13,2025-09-19,642.69,20,-469768,378355746,-135550145,0.403813346606344,93.8401479965894,-0.307469772903248
632.02,637,2406,3037,1992168,1512426,2025-08-13,2025-09-05,642.69,631,-479742,29963074,-17519099,5.04763296315992,41.7717854983771,-0.317200312610336
616.85,621,3124,3599,1915012,1493585,2025-08-13,2025-09-19,642.69,475,-421427,378355746,-135550145,0.394756790610496,94.2349047871999,-0.282158029171423
631.26,636,2998,3110,2380412,1474140,2025-08-13,2025-09-05,642.69,112,-906272,29963074,-17519099,4.91985568636916,46.6916411847463,-0.61478014299863
533.62,535,10881,10678,1893294,1473564,2025-08-13,2025-10-17,642.69,-203,-419730,269109292,-17963974,0.547570836015577,97.2739473447836,-0.284840020521674
631,637,2373,2411,2157057,1446600,2025-08-13,2025-09-12,642.69,38,-710457,18876104,-3423648,7.66365771241778,17.8467548176255,-0.491121941103277
627.89,645,256,845,545280,1445795,2025-08-13,2025-11-21,642.69,589,900515,84544368,-7957346,1.7101020850969,84.2934824469916,0.622851095763922
554.29,555,20053,20336,2045406,1443856,2025-08-13,2025-09-19,642.69,283,-601550,378355746,-135550145,0.381613340160559,94.6165181273605,-0.416627419908911
613.38,617,4012,3945,2214624,1428090,2025-08-13,2025-09-19,642.69,-67,-786534,378355746,-135550145,0.377446362344924,94.9939644897054,-0.550759405919795
499.91,500,155864,155851,2026232,1402659,2025-08-13,2025-08-29,642.69,-13,-623573,64216897,-43193036,2.18425222258871,58.1129651904545,-0.444564929893866
632.25,636,1740,3718,1197120,1394250,2025-08-13,2025-08-29,642.69,1978,197130,64216897,-43193036,2.17115753817878,60.2841227286332,0.141387842926304
543.4,545,7209,8709,1528308,1393440,2025-08-13,2025-10-17,642.69,1500,-134868,269109292,-17963974,0.517797059196306,97.7917444039799,-0.0967878057182224
639.82,642,1680,6381,1352400,1391058,2025-08-13,2025-08-15,642.69,4701,38658,33318727,-69033983,4.17500344475946,23.9590786286643,0.0277903581302864
636.07,637,10712,14846,4777552,1380678,2025-08-13,2025-08-15,642.69,4134,-3396874,33318727,-69033983,4.14384979354103,28.1029284222053,-2.46029414534019
583.59,590,2046,2136,1575420,1369176,2025-08-13,2025-11-21,642.69,90,-206244,84544368,-7957346,1.61947629675344,85.9129587437451,-0.15063366579607
603.44,606,5396,5339,2055876,1366784,2025-08-13,2025-09-19,642.69,-57,-689092,378355746,-135550145,0.361243093160266,95.3552075828657,-0.504170373665481
608.6,610,8849,9682,2318438,1355480,2025-08-13,2025-09-05,642.69,833,-962958,29963074,-17519099,4.52383490425582,51.2154760890021,-0.710418449552926
634.3,635,20386,19327,7237030,1352890,2025-08-13,2025-08-15,642.69,-1059,-5884140,33318727,-69033983,4.06044924825609,32.1633776704614,-4.34931147395575
628.64,630,13457,9711,4817606,1320696,2025-08-13,2025-08-22,642.69,-3746,-3496910,21812630,-24056052,6.05473067667677,24.8859215967997,-2.64777814122251
642.55,650,1297,1766,1795048,1315670,2025-08-13,2025-08-15,642.69,469,-479378,33318727,-69033983,3.9487402985114,36.1121179689728,-0.364360363921044
609.89,610,119307,117369,3817824,1291059,2025-08-13,2025-08-15,642.69,-1938,-2526765,33318727,-69033983,3.87487493144621,39.986992900419,-1.95712589432396
630.52,635,2584,2853,1935416,1278144,2025-08-13,2025-09-05,642.69,269,-657272,29963074,-17519099,4.26573054553748,55.4812066345396,-0.514239397125833
626.52,630,3152,3637,1865984,1265676,2025-08-13,2025-09-05,642.69,485,-600308,29963074,-17519099,4.22411932767646,59.705325962216,-0.474298319633145
574.55,580,1688,2312,1139400,1260040,2025-08-13,2025-11-21,642.69,624,120640,84544368,-7957346,1.49038904637622,87.4033477901213,0.0957429922859592
619.37,620,18156,19945,3304392,1256535,2025-08-13,2025-08-22,642.69,1789,-2047857,21812630,-24056052,5.76058457875094,30.6465061755506,-1.62976518759923
423.76,425,10040,10049,1425680,1246076,2025-08-13,2025-12-19,642.69,9,-179604,336067064,-47690522,0.370781946070145,93.9544188715857,-0.144135670697453
468.11,470,6607,6581,1420505,1243809,2025-08-13,2025-12-19,642.69,-26,-176696,336067064,-47690522,0.370107378329702,94.3245262499154,-0.142060396732939
589.58,590,29384,29260,2145032,1228920,2025-08-13,2025-08-29,642.69,-124,-916112,64216897,-43193036,1.91370193424326,62.1978246628765,-0.745461055235491
635.12,640,1407,2442,1291626,1191696,2025-08-13,2025-08-29,642.69,1035,-99930,64216897,-43193036,1.85573588209969,64.0535605449762,-0.0838552785274097
544.39,545,19467,19447,1635228,1186267,2025-08-13,2025-09-19,642.69,-20,-448961,378355746,-135550145,0.313532175086882,95.6687397579526,-0.378465387640388
629.53,635,1206,2144,1031130,1172768,2025-08-13,2025-09-12,642.69,938,141638,18876104,-3423648,6.21297699991481,24.0597318175403,0.12077239488117
636.29,645,1201,1346,1627355,1172366,2025-08-13,2025-09-12,642.69,145,-454989,18876104,-3423648,6.21084732315525,30.2705791406956,-0.388094673506396
473.02,475,5851,5855,1316475,1159290,2025-08-13,2025-12-19,642.69,4,-157185,336067064,-47690522,0.344957933753365,94.6694841836688,-0.135587299122739
636.43,642,1696,2004,1634944,1116228,2025-08-13,2025-08-29,642.69,308,-518716,64216897,-43193036,1.73821541081314,65.7917759557893,-0.464704343557051
634.48,637,4112,4389,2463088,1106028,2025-08-13,2025-08-22,642.69,277,-1357060,21812630,-24056052,5.07058525267242,35.717091428223,-1.22696712922277
519.58,520,25990,25885,1533410,1087170,2025-08-13,2025-09-19,642.69,-105,-446240,378355746,-135550145,0.287340687036903,95.9560804449895,-0.410460185619544
619.82,620,58882,58708,4475032,1056744,2025-08-13,2025-08-15,642.69,-174,-3418288,33318727,-69033983,3.17162177294469,43.1586146733637,-3.23473613287608
458.27,460,6088,6095,1132368,1054435,2025-08-13,2025-12-19,642.69,7,-77933,336067064,-47690522,0.313757316009997,94.9832414996788,-0.0739097241650742
599.06,600,11153,11206,1840245,1053364,2025-08-13,2025-09-05,642.69,53,-786881,29963074,-17519099,3.51554049494388,63.2208664571599,-0.747017175449322
617.82,620,5338,4813,2039116,1049234,2025-08-13,2025-09-05,642.69,-525,-989882,29963074,-17519099,3.50175686246344,66.7226233196234,-0.943433018754634
630.28,636,1718,1833,1547918,1048476,2025-08-13,2025-09-12,642.69,115,-499442,18876104,-3423648,5.55451485115785,35.8250939918534,-0.476350436252237
625.55,630,1761,2297,1216851,1022165,2025-08-13,2025-09-12,642.69,536,-194686,18876104,-3423648,5.41512697747374,41.2402209693272,-0.190464357515665
636.66,640,1026,3039,748980,1015026,2025-08-13,2025-08-22,642.69,2013,266046,21812630,-24056052,4.65338659299681,40.3704780212198,0.262107571628707
630.91,650,315,522,703710,996498,2025-08-13,2025-11-21,642.69,207,292788,84544368,-7957346,1.17866869618092,88.5820164863022,0.293816946948213
635.18,636,8073,11955,3188835,980310,2025-08-13,2025-08-15,642.69,3882,-2208525,33318727,-69033983,2.94221925105362,46.1008339244173,-2.25288429170365
609.14,610,12524,11262,2166652,968532,2025-08-13,2025-08-29,642.69,-1262,-1198120,64216897,-43193036,1.50821986929702,67.2999958250864,-1.23704740782958
641.38,645,2341,2658,2270770,962196,2025-08-13,2025-08-15,642.69,317,-1308574,33318727,-69033983,2.88785342849383,48.9886873529112,-1.35998694652649
482.81,485,4394,4392,1072136,961848,2025-08-13,2025-12-19,642.69,-2,-110288,336067064,-47690522,0.286207160128015,95.2694486598068,-0.114662607813293
433.65,435,6937,6938,1054424,936630,2025-08-13,2025-12-19,642.69,1,-117794,336067064,-47690522,0.278703300719764,95.5481519605265,-0.125763641993103
612.52,615,3584,3735,1412096,926280,2025-08-13,2025-09-12,642.69,151,-485816,18876104,-3423648,4.90715668868957,46.1473776580167,-0.524480718573218
600.61,603,3674,3772,1289574,901508,2025-08-13,2025-09-19,642.69,98,-388066,378355746,-135550145,0.238269937626373,96.1943503826159,-0.430463179472617
489.7,490,29905,29873,1196200,896190,2025-08-13,2025-09-19,642.69,-32,-300010,378355746,-135550145,0.236864382125705,96.4312147647416,-0.334761601892456
635.44,642,665,1347,651700,883632,2025-08-13,2025-09-05,642.69,682,231932,29963074,-17519099,2.94906991185217,69.6716932314755,0.262475781773408
509.62,510,23646,23152,1229592,879776,2025-08-13,2025-09-19,642.69,-494,-349816,378355746,-135550145,0.232526136923001,96.6637409016645,-0.397619394027571
637.55,644,2011,1363,2218133,879135,2025-08-13,2025-08-29,642.69,-648,-1338998,64216897,-43193036,1.36900884513308,68.6690046702194,-1.52308576043497
634.47,642,185,1147,192400,863691,2025-08-13,2025-09-12,642.69,962,671291,18876104,-3423648,4.57557873171286,50.7229563897296,0.777235145439746
639.18,641,1116,4736,749952,861952,2025-08-13,2025-08-15,642.69,3620,112000,33318727,-69033983,2.58698959296974,51.5756769458809,0.12993762993763
636.9,638,5362,7815,2638104,859650,2025-08-13,2025-08-15,642.69,2453,-1778454,33318727,-69033983,2.580080565503,54.1557575113839,-2.06881172570232
636.1,660,276,355,808680,848450,2025-08-13,2025-11-21,642.69,79,39770,84544368,-7957346,1.00355590806475,89.5855723943669,0.0468737108845542
512.86,515,3929,3933,990108,841662,2025-08-13,2025-11-21,642.69,4,-148446,84544368,-7957346,0.995526987675868,90.5810993820428,-0.176372463055241
429.86,430,59976,59967,1019592,839538,2025-08-13,2025-09-19,642.69,-9,-180054,378355746,-135550145,0.221891172230275,96.8856320738948,-0.214467957376557
551.29,555,2217,2258,982131,837718,2025-08-13,2025-11-21,642.69,41,-144413,84544368,-7957346,0.990861981486455,91.5719613635293,-0.172388560350858
628.23,631,1544,2984,833760,826568,2025-08-13,2025-08-29,642.69,1440,-7192,64216897,-43193036,1.28715032742862,69.9561549976481,-0.00870103851104809
599.92,600,104500,102455,1985500,819640,2025-08-13,2025-08-15,642.69,-2045,-1165860,33318727,-69033983,2.45999794650018,56.6157554578841,-1.42240495827436
463.19,465,4378,4379,875600,792599,2025-08-13,2025-12-19,642.69,1,-83001,336067064,-47690522,0.2358454858879,95.7839974464144,-0.104720041281909
259.72,260,27813,27813,778764,778764,2025-08-13,2025-12-19,642.69,0,0,336067064,-47690522,0.23172874804536,96.0157261944598,0
537.03,540,2586,2621,943890,778437,2025-08-13,2025-11-21,642.69,35,-165453,84544368,-7957346,0.920743768526367,92.4927051320556,-0.212545138527588
631.77,638,1184,1246,1133088,776258,2025-08-13,2025-09-12,642.69,62,-356830,18876104,-3423648,4.11238463191345,54.835341021643,-0.459679642593055
589.34,591,4651,4652,1190656,772232,2025-08-13,2025-09-19,642.69,1,-418424,378355746,-135550145,0.204102093906088,97.0897341678009,-0.541837168104922
614.86,615,56165,54764,2695920,766696,2025-08-13,2025-08-15,642.69,-1401,-1929224,33318727,-69033983,2.30109631739532,58.9168517752794,-2.51628285526467
388.99,390,7586,7586,766186,766186,2025-08-13,2025-12-19,642.69,0,0,336067064,-47690522,0.227986042690574,96.2437122371504,0
625.71,628,2071,3289,915382,753181,2025-08-13,2025-08-29,642.69,1218,-162201,64216897,-43193036,1.1728704362654,71.1290254339134,-0.215354609317017
630.69,634,1606,2257,986084,747067,2025-08-13,2025-08-29,642.69,651,-239017,64216897,-43193036,1.16334957760416,72.2923750115176,-0.319940514036894
604.31,605,10049,10805,1477203,745545,2025-08-13,2025-08-29,642.69,756,-731658,64216897,-43193036,1.16097948488542,73.453354496403,-0.981373357745005
635.8,641,1062,1410,967482,733200,2025-08-13,2025-08-29,642.69,348,-234282,64216897,-43193036,1.14175557252478,74.5951100689278,-0.319533551554828
633.78,641,92,1011,91540,729942,2025-08-13,2025-09-12,642.69,919,638402,18876104,-3423648,3.86701620207221,58.7023572237152,0.874592775864384
634.42,639,1224,1593,1001232,729594,2025-08-13,2025-08-29,642.69,369,-271638,64216897,-43193036,1.13614022801507,75.7312502969429,-0.372313917055239
637.7,639,3159,5491,1724814,713830,2025-08-13,2025-08-15,642.69,2332,-1010984,33318727,-69033983,2.14242879087187,61.0592805661513,-1.41628118739756
613.27,615,5035,4112,1535675,711376,2025-08-13,2025-09-05,642.69,-923,-824299,29963074,-17519099,2.37417562697339,72.0458688584489,-1.15873883853265
618.68,621,3055,3062,1118130,710384,2025-08-13,2025-09-05,642.69,7,-407746,29963074,-17519099,2.37086488522506,74.416733743674,-0.573979706750152
546.58,550,2012,2020,830956,690840,2025-08-13,2025-11-21,642.69,8,-140116,84544368,-7957346,0.817133082123223,93.3098382141789,-0.202819755659776
469.36,470,10687,10701,822899,684864,2025-08-13,2025-10-17,642.69,14,-138035,269109292,-17963974,0.254492884623248,98.0462372886032,-0.201550964863097
640.43,643,1089,2662,871200,684134,2025-08-13,2025-08-15,642.69,1573,-187066,33318727,-69033983,2.05330173628782,63.1125823024391,-0.273434736469756
449.81,450,35447,35420,850728,672980,2025-08-13,2025-09-19,642.69,-27,-177748,378355746,-135550145,0.177869639120004,97.2676038069209,-0.264120776248923
614.53,615,14368,14222,1882208,668434,2025-08-13,2025-08-22,642.69,-146,-1213774,21812630,-24056052,3.06443560450986,43.4349136257297,-1.81584718910169
632.99,637,982,1661,713914,666061,2025-08-13,2025-08-29,642.69,679,-47853,64216897,-43193036,1.03720520784428,76.7684555047872,-0.0718447709744303
627.24,635,622,853,667406,661928,2025-08-13,2025-09-26,642.69,231,-5478,4143175,979917,15.9763466423697,15.9763466423697,-0.00827582456097944
632.47,633,13312,12485,3820544,661705,2025-08-13,2025-08-15,642.69,-827,-3158839,33318727,-69033983,1.98598523887182,65.0985675413109,-4.77378741281991
438.59,440,5992,4612,928760,650292,2025-08-13,2025-12-19,642.69,-1380,-278468,336067064,-47690522,0.193500663903202,96.4372129010536,-0.428219938120106
608.87,612,2048,2031,913408,635703,2025-08-13,2025-09-19,642.69,-17,-277705,378355746,-135550145,0.168017271237636,97.4356210781585,-0.436847081105485
492.56,495,2594,2599,710756,634156,2025-08-13,2025-12-19,642.69,5,-76600,336067064,-47690522,0.188699241291911,96.6259121423455,-0.120790467960565
624.1,625,8691,6978,2146677,628020,2025-08-13,2025-08-22,642.69,-1713,-1518657,21812630,-24056052,2.87915762565083,46.3140712513805,-2.41816661889749
569.97,575,1061,1237,655698,622211,2025-08-13,2025-11-21,642.69,176,-33487,84544368,-7957346,0.735957952870379,94.0457961670492,-0.0538193635278065
544.92,545,76449,76451,993837,611608,2025-08-13,2025-08-22,642.69,2,-382229,21812630,-24056052,2.80391681333246,49.117988064713,-0.624957489110672
504.96,505,151748,151604,1062236,606416,2025-08-13,2025-08-22,642.69,-144,-455820,21812630,-24056052,2.78011408986445,51.8981021545774,-0.751662225271101
604.35,607,2130,2282,830700,604730,2025-08-13,2025-09-19,642.69,152,-225970,378355746,-135550145,0.159831060157865,97.5954521383164,-0.373670894448762
633.64,655,205,280,507580,598080,2025-08-13,2025-11-21,642.69,75,90500,84544368,-7957346,0.707415543043624,94.7532117100929,0.151317549491707
633.67,638,1166,1376,911812,595808,2025-08-13,2025-08-29,642.69,210,-316004,64216897,-43193036,0.927805652147907,77.6962611569351,-0.530378914012568
632.72,638,1011,1121,894735,591888,2025-08-13,2025-09-05,642.69,110,-302847,29963074,-17519099,1.9753914434814,76.3921251871554,-0.511662679425837
598.55,600,5626,4052,1316484,587540,2025-08-13,2025-09-12,642.69,-1574,-728944,18876104,-3423648,3.11261264506701,61.8149698687823,-1.24067127344521
621.8,622,29357,29338,2700844,586760,2025-08-13,2025-08-15,642.69,-19,-2114084,33318727,-69033983,1.76105167523357,66.8596192165445,-3.60297907151135
594.52,595,12277,12200,1129484,585600,2025-08-13,2025-08-29,642.69,-77,-543884,64216897,-43193036,0.911909524373312,78.6081706813084,-0.928763661202186
627.75,629,4557,4659,1458240,582375,2025-08-13,2025-08-22,642.69,102,-875865,21812630,-24056052,2.66989812782778,54.5680002824052,-1.50395363811977
484.25,485,7688,7726,691920,579450,2025-08-13,2025-10-17,642.69,38,-112470,269109292,-17963974,0.215321438993641,98.2615587275968,-0.194097851410821
523.79,525,4739,4745,734545,574145,2025-08-13,2025-10-17,642.69,6,-160400,269109292,-17963974,0.213350120961264,98.4749088485581,-0.279371935660852
624.84,627,2635,2641,1109335,570456,2025-08-13,2025-08-29,642.69,6,-538879,64216897,-43193036,0.88832694609956,79.4964976274079,-0.94464603755592
639.65,645,419,1061,435760,567635,2025-08-13,2025-08-22,642.69,642,131875,21812630,-24056052,2.60232259933809,57.1703228817433,0.232323588221304
344.39,345,9095,9094,609365,554734,2025-08-13,2025-12-19,642.69,-1,-54631,336067064,-47690522,0.165066458282862,96.7909786006284,-0.0984814343451095
633.7,636,2297,2393,1274835,550390,2025-08-13,2025-08-22,642.69,96,-724445,21812630,-24056052,2.52326289860507,59.6935857803484,-1.31623939388434
629.9,633,1724,1749,998196,542190,2025-08-13,2025-08-29,642.69,25,-456006,64216897,-43193036,0.844310493545025,80.340808120953,-0.841044652243679
626.56,629,2585,2209,1227875,538996,2025-08-13,2025-08-29,642.69,-376,-688879,64216897,-43193036,0.83933672472527,81.1801448456782,-1.27807813044995
623.15,624,6131,6307,1385606,536095,2025-08-13,2025-08-22,642.69,176,-849511,21812630,-24056052,2.45772747256979,62.1513132529182,-1.58462772456374
641.59,680,137,139,609650,533899,2025-08-13,2025-11-21,642.69,2,-75751,84544368,-7957346,0.631501556673769,95.3847132667666,-0.141882640724182
504.63,505,14326,14336,658996,530432,2025-08-13,2025-09-19,642.69,10,-128564,378355746,-135550145,0.140193985583081,97.7356461238995,-0.242376025579151
628.09,632,1342,1351,872300,528241,2025-08-13,2025-09-05,642.69,9,-344059,29963074,-17519099,1.76297331842521,78.1550985055806,-0.651329601450853
631.29,655,77,217,210133,514507,2025-08-13,2025-12-19,642.69,140,304374,336067064,-47690522,0.153096525995776,96.9440751266241,0.591583787975674
635.94,665,121,176,418660,511456,2025-08-13,2025-12-19,642.69,55,92795.9999999999,336067064,-47690522,0.152188671484927,97.0962637981091,0.181434962147281
494.65,495,14452,14434,563628,505190,2025-08-13,2025-09-19,642.69,-18,-58438.0000000001,378355746,-135550145,0.133522486533084,97.8691686104326,-0.115675290484768
514.61,515,12910,12883,710050,502437,2025-08-13,2025-09-19,642.69,-27,-207613,378355746,-135550145,0.132794864439564,98.0019634748722,-0.413212004689145
274.71,275,17290,17291,553280,501439,2025-08-13,2025-12-19,642.69,1,-51841.0000000001,336067064,-47690522,0.149208016409487,97.2454718145186,-0.103384459525486
638.7,660,242,234,661386,498420,2025-08-13,2025-10-17,642.69,-8,-162966,269109292,-17963974,0.185210995984487,98.6601198445426,-0.326965210063802
633.47,639,377,897,354380,496041,2025-08-13,2025-09-05,642.69,520,141661,29963074,-17519099,1.65550770925573,79.8106062148363,0.285583248158922
610.71,614,1455,1486,686760,488894,2025-08-13,2025-09-19,642.69,31,-197866,378355746,-135550145,0.129215428910124,98.1311789037823,-0.404721677909731
584.61,585,12467,12461,772954,485979,2025-08-13,2025-08-29,642.69,-6,-286975,64216897,-43193036,0.756777456874006,81.9369223025522,-0.590509054918011
513.96,515,4657,4649,610067,483496,2025-08-13,2025-10-17,642.69,-8,-126571,269109292,-17963974,0.179665293757304,98.8397851382999,-0.261782930985985
574.68,575,15102,15062,679590,481984,2025-08-13,2025-08-29,642.69,-40,-197606,64216897,-43193036,0.750556352792942,82.6874786553452,-0.409984563802948
635.22,638,1306,1732,875020,481496,2025-08-13,2025-08-22,642.69,426,-393524,21812630,-24056052,2.2074183626642,64.3587316155823,-0.817294432352502
399.91,400,52589,52784,631068,475056,2025-08-13,2025-09-19,642.69,195,-156012,378355746,-135550145,0.125558024431324,98.2567369282136,-0.3284075982621
605.23,606,1594,6124,243882,471548,2025-08-13,2025-08-29,642.69,4530,227666,64216897,-43193036,0.7343051782773,83.4217838336225,0.482805568043974
620.48,623,1696,1865,688576,469980,2025-08-13,2025-09-05,642.69,169,-218596,29963074,-17519099,1.56853065209531,81.3791368669316,-0.465117664581471
359.3,360,6713,6713,530327,469910,2025-08-13,2025-12-19,642.69,0,-60417.0000000001,336067064,-47690522,0.139826258011407,97.3852980725299,-0.128571428571429
638.9,650,158,420,252484,466200,2025-08-13,2025-09-12,642.69,262,213716,18876104,-3423648,2.46978931669374,64.284759185476,0.458421278421278
239.8,240,22984,22984,482664,459680,2025-08-13,2025-12-19,642.69,0,-22983.9999999999,336067064,-47690522,0.136782222729211,97.5220802952592,-0.0499999999999999
632.4,639,481,696,466570,459360,2025-08-13,2025-09-12,642.69,215,-7210.00000000006,18876104,-3423648,2.43355302556078,66.7183122110368,-0.0156957506095438
627.13,632,932,937,717640,456319,2025-08-13,2025-09-12,642.69,5,-261321,18876104,-3423648,2.41744270957609,69.1357549206129,-0.572671749368315
349.37,350,6462,7208,452340,454104,2025-08-13,2025-12-19,642.69,746,1764.00000000006,336067064,-47690522,0.135123030086638,97.6572033253458,0.00388457269700346
607.93,610,1962,2190,653346,453330,2025-08-13,2025-09-12,642.69,228,-200016,18876104,-3423648,2.40160787416725,71.5373627947801,-0.441215008933889
596.94,599,2024,2186,645656,450316,2025-08-13,2025-09-19,642.69,162,-195340,378355746,-135550145,0.119019204746001,98.3757561329596,-0.43378427593068
569.72,570,15969,15889,654729,444892,2025-08-13,2025-08-29,642.69,-80,-209837,64216897,-43193036,0.692795854025771,84.1145796876483,-0.471658290101868
629.51,631,2981,2980,1150666,444020,2025-08-13,2025-08-22,642.69,-1,-706646,21812630,-24056052,2.03560964450412,66.3943412600865,-1.59147335705599
557.77,558,19002,19009,570060,437207,2025-08-13,2025-08-29,642.69,7,-132853,64216897,-43193036,0.68082859874092,84.7954082863892,-0.303867504408667
604.91,605,48097,47893,1106231,431037,2025-08-13,2025-08-15,642.69,-204,-675194,33318727,-69033983,1.2936778767088,68.1532970932533,-1.56644093198496
600.72,601,15386,15275,830844,427700,2025-08-13,2025-08-22,642.69,-111,-403144,21812630,-24056052,1.96079060617633,68.3551318662628,-0.942585924713584
633.88,660,28,162,81844,423144,2025-08-13,2025-12-19,642.69,134,341300,336067064,-47690522,0.125910583132895,97.7831139084787,0.806581211124346
617.01,620,1121,1373,527991,410527,2025-08-13,2025-09-12,642.69,252,-117464,18876104,-3423648,2.17485027630702,73.7122130710871,-0.28612977952729
603.87,605,4513,3613,907113,408269,2025-08-13,2025-09-05,642.69,-900,-498844,29963074,-17519099,1.3625738133544,82.741710680286,-1.22185127942606
428.69,430,3098,3091,449210,404921,2025-08-13,2025-12-19,642.69,-7,-44288.9999999999,336067064,-47690522,0.120488153519263,97.903602061998,-0.109376890800922
607.21,608,5068,5078,861560,401162,2025-08-13,2025-08-29,642.69,10,-460398,64216897,-43193036,0.624698511981979,85.4201067983712,-1.14766104466525
589.94,590,66412,65949,796944,395694,2025-08-13,2025-08-15,642.69,-463,-401250,33318727,-69033983,1.18760239549368,69.340899488747,-1.01404115301218
594.2,595,4667,4937,681382,394960,2025-08-13,2025-09-05,642.69,270,-286422,29963074,-17519099,1.31815580737811,84.0598664876641,-0.725192424549321
619.45,621,2445,2541,745725,393855,2025-08-13,2025-08-29,642.69,96,-351870,64216897,-43193036,0.613319886820442,86.0334266851916,-0.893399855276688
579.65,580,10971,11200,570492,392000,2025-08-13,2025-08-29,642.69,229,-178492,64216897,-43193036,0.610431238993064,86.6438579241847,-0.455336734693878
632.07,634,1808,2030,846144,391790,2025-08-13,2025-08-22,642.69,222,-454354,21812630,-24056052,1.7961612148558,70.1512930811186,-1.15968758773833
641.22,670,139,136,471071,391408,2025-08-13,2025-10-17,642.69,-3,-79663,269109292,-17963974,0.145445739569632,98.9852308778695,-0.203529309569554
637.04,643,588,651,535668,387996,2025-08-13,2025-08-29,642.69,63,-147672,64216897,-43193036,0.604196119909064,87.2480540440937,-0.380601861874864
626.71,627,14266,13373,2154166,387817,2025-08-13,2025-08-15,642.69,-893,-1766349,33318727,-69033983,1.1639610360864,70.5048605248334,-4.55459404822378
527.41,530,1460,1496,451140,387464,2025-08-13,2025-11-21,642.69,36,-63675.9999999999,84544368,-7957346,0.458296642539217,95.8430099093058,-0.164340429046311
594.92,595,48585,48298,631605,386384,2025-08-13,2025-08-15,642.69,-287,-245221,33318727,-69033983,1.15966015148178,71.6645206763152,-0.634656196943973
637.99,642,377,959,295568,384559,2025-08-13,2025-08-22,642.69,582,88991,21812630,-24056052,1.76301069609671,71.9143037772153,0.231410524782933
469.76,470,16024,16022,496744,384528,2025-08-13,2025-09-19,642.69,-2,-112216,378355746,-135550145,0.101631336134115,98.4773874690937,-0.29182790329963
299.61,300,9845,9844,413490,383916,2025-08-13,2025-12-19,642.69,-1,-29573.9999999999,336067064,-47690522,0.114237912942281,98.0178399749403,-0.0770324758540928
582.63,584,2797,2794,511851,382778,2025-08-13,2025-09-19,642.69,-3,-129073,378355746,-135550145,0.10116880846842,98.5785562775621,-0.33720067506492
374.19,375,4678,4678,402308,378918,2025-08-13,2025-12-19,642.69,0,-23390,336067064,-47690522,0.11275070978095,98.1305906847212,-0.0617283950617284
464.73,465,13876,13876,374652,374652,2025-08-13,2025-09-19,642.69,0,0,378355746,-135550145,0.0990210942904512,98.6775773718526,0
584.94,585,62479,62390,499832,374340,2025-08-13,2025-08-15,642.69,-89,-125492,33318727,-69033983,1.12351231185993,72.7880329881751,-0.335235347545013
627.28,631,1153,1005,721778,373860,2025-08-13,2025-09-05,642.69,-148,-347918,29963074,-17519099,1.2477357964006,85.3076022840647,-0.930610388915636
625.67,629,939,1121,499548,373293,2025-08-13,2025-09-05,642.69,182,-126255,29963074,-17519099,1.24584346719566,86.5534457512604,-0.338219575507711
620.37,622,2266,2244,725120,365772,2025-08-13,2025-08-29,642.69,-22,-359348,64216897,-43193036,0.569588405992273,87.817642450086,-0.982437146637796
635.98,639,408,1202,299880,363004,2025-08-13,2025-08-22,642.69,794,63124,21812630,-24056052,1.66419180080531,73.5784955780206,0.173893400623685
609.63,610,11876,9801,1140096,362637,2025-08-13,2025-08-22,642.69,-2075,-777459,21812630,-24056052,1.66250928934292,75.2410048673636,-2.14390423481333
586.47,588,2343,2340,552948,358020,2025-08-13,2025-09-19,642.69,-3,-194928,378355746,-135550145,0.0946252313556776,98.7722026032083,-0.544461203284733
633.4,634,4234,5792,1342178,347520,2025-08-13,2025-08-15,642.69,1558,-994658,33318727,-69033983,1.0430170396366,73.8310500278117,-2.86216045119705
626.37,631,778,740,556270,342620,2025-08-13,2025-09-12,642.69,-38,-213650,18876104,-3423648,1.81509913274477,75.5273122038319,-0.623577140855759
621.29,623,1991,1997,674949,341487,2025-08-13,2025-08-29,642.69,6,-333462,64216897,-43193036,0.531771256403124,88.3494137064891,-0.976499837475512
637.34,641,348,913,256476,334158,2025-08-13,2025-08-22,642.69,565,77682,21812630,-24056052,1.53194731676098,76.7729521841245,0.232470867074857
413.83,415,2787,2809,356736,328653,2025-08-13,2025-12-19,642.69,22,-28083,336067064,-47690522,0.0977938736656443,98.2283845583868,-0.0854487864099826
541.79,545,1010,1018,384810,326778,2025-08-13,2025-11-21,642.69,8,-58032,84544368,-7957346,0.386516580264696,96.2295264895705,-0.177588454547124
509.01,510,3303,3290,402966,325710,2025-08-13,2025-10-17,642.69,-13,-77256,269109292,-17963974,0.121032610051978,99.1062634879215,-0.237192594639403
631.52,632,6751,6742,1735007,323616,2025-08-13,2025-08-15,642.69,-9,-1411391,33318727,-69033983,0.971273602379827,74.8023236301915,-4.36131402650054
626.85,628,2800,2814,854000,323610,2025-08-13,2025-08-22,642.69,14,-530390,21812630,-24056052,1.48359001184176,78.2565421959663,-1.63897901795371
635.1,643,354,404,417720,319160,2025-08-13,2025-09-12,642.69,50,-98559.9999999999,18876104,-3423648,1.69081501140278,77.2181272152347,-0.308810627898233
429.1,430,3513,3543,354813,318870,2025-08-13,2025-11-21,642.69,30,-35943,84544368,-7957346,0.377162911667871,96.6066894012384,-0.112719917207639
641.77,646,116,745,132240,315135,2025-08-13,2025-08-15,642.69,629,182895,33318727,-69033983,0.945819448624193,75.7481430788157,0.580370317482984
484.72,485,11081,11072,421078,310016,2025-08-13,2025-09-19,642.69,-9,-111062,378355746,-135550145,0.081937701033355,98.8541403042416,-0.35824602601156
597.92,598,38725,38721,542150,309768,2025-08-13,2025-08-15,642.69,-4,-232382,33318727,-69033983,0.929711390234087,76.6778544690498,-0.750180780455051
627.97,633,593,607,477958,305321,2025-08-13,2025-09-12,642.69,14,-172637,18876104,-3423648,1.61750009429912,78.8356273095338,-0.565427861169065
459.96,460,76183,76183,533281,304732,2025-08-13,2025-08-29,642.69,0,-228549,64216897,-43193036,0.474535541634782,88.8239492481239,-0.75
637.29,645,309,390,332484,300690,2025-08-13,2025-09-05,642.69,81,-31794,29963074,-17519099,1.00353521804872,87.5569809693091,-0.1057368053477
594.76,595,12297,12474,504177,299376,2025-08-13,2025-08-22,642.69,177,-204801,21812630,-24056052,1.37248924132487,79.6290314372912,-0.68409291325958
580.72,582,2271,2309,379257,295552,2025-08-13,2025-09-19,642.69,38,-83705,378355746,-135550145,0.0781148438009978,98.9322551480426,-0.283215813122564
611.05,612,3046,3077,590924,292315,2025-08-13,2025-08-29,642.69,31,-298609,64216897,-43193036,0.455199509250657,89.2791487573746,-1.02153156697398
449.5,450,5838,5840,367794,292000,2025-08-13,2025-10-17,642.69,2,-75794,269109292,-17963974,0.108506100933891,99.2147695888554,-0.259568493150685
394.04,395,3039,3040,328212,291840,2025-08-13,2025-12-19,642.69,1,-36372.0000000001,336067064,-47690522,0.0868398100445809,98.3152243684314,-0.124629934210527
623.43,630,227,444,202711,291708,2025-08-13,2025-09-26,642.69,217,88997,4143175,979917,7.04068739553603,23.0170340379057,0.305089335911254
384.13,385,3332,3337,326536,290319,2025-08-13,2025-12-19,642.69,5,-36217,336067064,-47690522,0.0863872218076092,98.401611590239,-0.124748983015235
616.69,618,2273,2180,593253,285580,2025-08-13,2025-08-29,642.69,-93,-307673,64216897,-43193036,0.444711615386835,89.7238603727614,-1.07736186007424
621.38,625,391,776,221697,280912,2025-08-13,2025-09-12,642.69,385,59215,18876104,-3423648,1.4881884524476,80.3238157619814,0.210795551631828
249.78,250,12479,12614,324454,277508,2025-08-13,2025-12-19,642.69,135,-46946,336067064,-47690522,0.0825751850529453,98.484186775292,-0.169169897804748
592.53,593,5901,5899,413070,277253,2025-08-13,2025-08-29,642.69,-2,-135817,64216897,-43193036,0.431744623225878,90.1556049959873,-0.489866656086679
622.17,624,1514,1509,542012,276147,2025-08-13,2025-08-29,642.69,-5,-265865,64216897,-43193036,0.43002233508729,90.5856273310746,-0.962766207853064
584.56,586,1892,1895,385968,272880,2025-08-13,2025-09-19,642.69,3,-113088,378355746,-135550145,0.0721225996657653,99.0043777477084,-0.414423922603342
630.39,632,1675,1691,693450,272251,2025-08-13,2025-08-22,642.69,16,-421199,21812630,-24056052,1.24813468160419,80.8771661188953,-1.54709808228436
618.4,619,4762,4503,785730,270180,2025-08-13,2025-08-22,642.69,-259,-515550,21812630,-24056052,1.23864018231639,82.1158063012117,-1.90817232955807
379.16,380,3099,3099,288207,260316,2025-08-13,2025-12-19,642.69,0,-27891,336067064,-47690522,0.0774595394447818,98.5616463147367,-0.107142857142857
219.85,220,17312,17320,294304,259800,2025-08-13,2025-12-19,642.69,8,-34504.0000000001,336067064,-47690522,0.0773059986622194,98.638952313399,-0.132809853733642
623.97,626,1270,1274,519430,258622,2025-08-13,2025-08-29,642.69,4,-260808,64216897,-43193036,0.402732009925674,90.9883593410002,-1.00845249050738
630.85,640,34,279,41310,255285,2025-08-13,2025-09-26,642.69,245,213975,4143175,979917,6.16157898230222,29.1786130202079,0.838180856689582
630.58,631,7476,6062,1712004,254604,2025-08-13,2025-08-15,642.69,-1414,-1457400,33318727,-69033983,0.764146841504479,77.4420013105543,-5.7241834378093
579.76,581,2035,2038,331705,252712,2025-08-13,2025-09-19,642.69,3,-78993,378355746,-135550145,0.0667921665447629,99.0711699142531,-0.31258112001013
606.89,607,22818,22845,547632,251295,2025-08-13,2025-08-15,642.69,27,-296337,33318727,-69033983,0.754215489685425,78.1962168002397,-1.17923953918701
591.2,593,1277,1394,332020,250920,2025-08-13,2025-09-19,642.69,117,-81100,378355746,-135550145,0.0663185382150903,99.1374884524682,-0.323210585047027
507.99,510,1206,1224,284616,246024,2025-08-13,2025-11-21,642.69,18,-38592,84544368,-7957346,0.290999868849927,96.8976892700883,-0.156862745098039
589.31,590,3702,3563,433134,245847,2025-08-13,2025-09-05,642.69,-139,-187287,29963074,-17519099,0.820499926008927,88.377480895318,-0.761803072642741
624.75,629,532,575,369208,244375,2025-08-13,2025-09-12,642.69,43,-124833,18876104,-3423648,1.29462626397905,81.6184420259605,-0.510825575447571
614.83,616,2027,2073,468237,242541,2025-08-13,2025-08-29,642.69,46,-225696,64216897,-43193036,0.377690314124022,91.3660496551243,-0.930547824903831
369.11,370,2711,2711,241279,241279,2025-08-13,2025-12-19,642.69,0,0,336067064,-47690522,0.0717948962710609,98.71074720967,0
354.34,355,3531,3529,268356,232914,2025-08-13,2025-12-19,642.69,-2,-35442,336067064,-47690522,0.0693058097475449,98.7800530194176,-0.152167752904505
324.39,325,3813,3813,232593,232593,2025-08-13,2025-12-19,642.69,0,0,336067064,-47690522,0.0692102930979276,98.8492633125155,0
585.53,587,1595,1579,328570,232113,2025-08-13,2025-09-19,642.69,-16,-96457,378355746,-135550145,0.0613478194672376,99.1988362719355,-0.415560524399754
329.42,330,3974,3974,230492,230492,2025-08-13,2025-12-19,642.69,0,0,336067064,-47690522,0.0685851202604013,98.9178484327759,0
517.72,520,988,1008,270712,229824,2025-08-13,2025-11-21,642.69,20,-40888.0000000001,84544368,-7957346,0.271838332270696,97.169527602359,-0.177910052910053
289.65,290,6542,6542,255138,228970,2025-08-13,2025-12-19,642.69,0,-26168,336067064,-47690522,0.0681322344637736,98.9859806672397,-0.114285714285714
628.8,637,251,275,284634,225500,2025-08-13,2025-09-26,642.69,24,-59134,4143175,979917,5.442685862895,34.6212988831029,-0.262235033259424
599.74,600,10418,8634,552154,224484,2025-08-13,2025-08-22,642.69,-1784,-327670,21812630,-24056052,1.02914687499857,83.1449531762103,-1.4596585948219
625.74,626,9738,8628,1314630,224328,2025-08-13,2025-08-15,642.69,-1110,-1090302,33318727,-69033983,0.673279024135586,78.8694958243753,-4.86030277094255
569.34,570,3192,3397,322392,224202,2025-08-13,2025-09-12,642.69,205,-98190,18876104,-3423648,1.18775569365373,82.8061977196142,-0.437953274279444
632.12,642,3,226,3840,223288,2025-08-13,2025-09-26,642.69,223,219448,4143175,979917,5.38929685567228,40.0105957387752,0.982802479309233
579.95,580,44333,44426,354664,222130,2025-08-13,2025-08-15,642.69,93,-132534,33318727,-69033983,0.666682133444054,79.5361779578193,-0.596650610003151
634.84,641,159,358,167904,220528,2025-08-13,2025-09-05,642.69,199,52624,29963074,-17519099,0.735999250277191,89.1134801455952,0.238627294493216
454.8,455,10788,10948,258912,218960,2025-08-13,2025-09-19,642.69,160,-39952,378355746,-135550145,0.0578714615318674,99.2567077334673,-0.182462550237486
532.22,535,1016,784,335280,217952,2025-08-13,2025-11-21,642.69,-232,-117328,84544368,-7957346,0.257796001266459,97.4273236036255,-0.53832036411687
149.95,150,42998,42993,257988,214965,2025-08-13,2025-12-19,642.69,-5,-43023,336067064,-47690522,0.063964911479692,99.0499455787194,-0.2001395576024
403.95,405,2013,2043,235521,214515,2025-08-13,2025-12-19,642.69,30,-21006,336067064,-47690522,0.0638310096344342,99.1137765883538,-0.097923222152297
641.85,655,19,162,31540,213030,2025-08-13,2025-08-29,642.69,143,181490,64216897,-43193036,0.331735119496665,91.6977847746209,0.85194573534244
615.85,616,14183,14099,751699,211485,2025-08-13,2025-08-15,642.69,-84,-540214,33318727,-69033983,0.634733133711861,80.1709110915312,-2.55438447171194
596.92,597,26116,26191,365624,209528,2025-08-13,2025-08-15,642.69,75,-156096,33318727,-69033983,0.628859559970584,80.7997706515018,-0.744988736588904
199.88,200,17453,17438,244342,209256,2025-08-13,2025-12-19,642.69,-15,-35086,336067064,-47690522,0.0622661434028537,99.1760427317567,-0.167670222120274
638.71,646,273,287,307944,209223,2025-08-13,2025-08-29,642.69,14,-98720.9999999999,64216897,-43193036,0.325806773254709,92.0235915478756,-0.471845829569407
399.69,400,6719,6734,241884,208754,2025-08-13,2025-10-17,642.69,15,-33130,269109292,-17963974,0.0775722006655943,99.292341789521,-0.15870354580032
621.28,622,2979,2875,598779,207000,2025-08-13,2025-08-22,642.69,-104,-391779,21812630,-24056052,0.948991478790041,84.0939446550003,-1.89265217391304
622.23,626,265,544,164300,205088,2025-08-13,2025-09-12,642.69,279,40788,18876104,-3423648,1.08649539120997,83.8926931108241,0.198880480574193
609.78,612,945,916,352485,203352,2025-08-13,2025-09-12,642.69,-29,-149133,18876104,-3423648,1.07729857813879,84.9699916889629,-0.733373657500295
439.53,440,4297,4301,240632,202147,2025-08-13,2025-10-17,642.69,4,-38485.0000000001,269109292,-17963974,0.0751170643338469,99.3674588538548,-0.190381257203916
581.7,583,1531,1546,289359,200980,2025-08-13,2025-09-19,642.69,15,-88378.9999999999,378355746,-135550145,0.0531193201437464,99.3098270536111,-0.439740272663946
459.8,460,9989,9988,259714,199760,2025-08-13,2025-09-19,642.69,-1,-59954,378355746,-135550145,0.0527968722853756,99.3626239258965,-0.300130156187425
628.75,634,344,379,291024,198975,2025-08-13,2025-09-12,642.69,35,-92049,18876104,-3423648,1.05411053043573,86.0241022193987,-0.46261590652092
597.25,600,529,723,218477,198825,2025-08-13,2025-09-26,642.69,194,-19652,4143175,979917,4.79885594984523,44.8094516886204,-0.0988406890481579
636.03,643,186,285,198834,198645,2025-08-13,2025-09-05,642.69,99,-189.000000000029,29963074,-17519099,0.662966022778571,89.7764461683738,-0.000951446046968356
615.77,617,1847,1611,470985,198153,2025-08-13,2025-08-29,642.69,-236,-272832,64216897,-43193036,0.308568319643349,92.332159867519,-1.3768754447321
448.92,450,1817,1817,214406,196236,2025-08-13,2025-11-21,642.69,0,-18170,84544368,-7957346,0.23211007976309,97.6594336833886,-0.0925925925925926
478.56,480,1353,1362,224598,196128,2025-08-13,2025-11-21,642.69,9,-28470,84544368,-7957346,0.231982336185895,97.8914160195745,-0.145160303475281
617.63,619,1258,1425,345950,195225,2025-08-13,2025-08-29,642.69,167,-150725,64216897,-43193036,0.304008772021482,92.6361686395405,-0.772057881931105
641.32,649,17,252,22338,193536,2025-08-13,2025-08-22,642.69,235,171198,21812630,-24056052,0.88726577216961,84.9812104271699,0.884579613095238
623.78,624,8929,8591,991119,189002,2025-08-13,2025-08-15,642.69,-338,-802117,33318727,-69033983,0.567254565277959,81.3670252167797,-4.24396038137163
408.89,410,1701,1701,209223,188811,2025-08-13,2025-12-19,642.69,0,-20412,336067064,-47690522,0.0561825362333037,99.23222526799,-0.108108108108108
611.97,613,1874,1811,378548,186533,2025-08-13,2025-08-29,642.69,-63,-192015,64216897,-43193036,0.29047339363034,92.9266420331708,-1.02938890169568
621.39,624,720,708,323280,184788,2025-08-13,2025-09-05,642.69,-12,-138492,29963074,-17519099,0.616719098981633,90.3931652673554,-0.749464250925385
637.7,665,57,67,176244,182910,2025-08-13,2025-11-21,642.69,10,6666,84544368,-7957346,0.216347941710322,98.1077639612848,0.0364441528620633
640.96,644,120,598,109080,181792,2025-08-13,2025-08-15,642.69,478,72712,33318727,-69033983,0.545615083073252,81.912640299853,0.399973596197853
622.95,627,433,446,265862,180630,2025-08-13,2025-09-12,642.69,13,-85232,18876104,-3423648,0.95692416189273,86.9810263812914,-0.471859602502353
619.5,622,698,717,295952,179250,2025-08-13,2025-09-05,642.69,19,-116702,29963074,-17519099,0.598236349180995,90.9914016165364,-0.651057182705718
579.47,580,3153,3377,274311,178981,2025-08-13,2025-09-05,642.69,224,-95330,29963074,-17519099,0.597338577477064,91.5887401940135,-0.532626368161983
598.74,599,6864,6862,343200,178412,2025-08-13,2025-08-22,642.69,-2,-164788,21812630,-24056052,0.817929795719269,85.7991402228892,-0.923637423491693
641.68,650,90,214,137520,178048,2025-08-13,2025-08-22,642.69,124,40528,21812630,-24056052,0.816261037756566,86.6154012606458,0.227624011502516
159.94,160,29610,29610,207270,177660,2025-08-13,2025-12-19,642.69,0,-29610,336067064,-47690522,0.0528644485078133,99.2850897164978,-0.166666666666667
612.87,614,1614,1563,345396,176619,2025-08-13,2025-08-29,642.69,-51,-168777,64216897,-43193036,0.27503508928499,93.2016771224558,-0.955599340954258
574.51,575,1741,3599,120129,176351,2025-08-13,2025-09-05,642.69,1858,56222,29963074,-17519099,0.588561106914464,92.1773013009279,0.318807378466808
374.77,375,7471,7614,209188,175122,2025-08-13,2025-10-17,642.69,143,-34066,269109292,-17963974,0.0650746760539209,99.4325335299087,-0.194527243864277
576.84,578,1506,1509,272586,175044,2025-08-13,2025-09-19,642.69,3,-97542,378355746,-135550145,0.0462643958366103,99.4088883217331,-0.557242750394187
604.69,605,5627,5549,399517,172019,2025-08-13,2025-08-22,642.69,-78,-227498,21812630,-24056052,0.788621087874319,87.4040223485201,-1.32251669873677
419.17,420,2071,2071,223668,171893,2025-08-13,2025-11-21,642.69,0,-51775.0000000001,84544368,-7957346,0.203316914025545,98.3110808753104,-0.301204819277109
364.27,365,2364,2352,191484,171696,2025-08-13,2025-12-19,642.69,-12,-19788,336067064,-47690522,0.0510898027186621,99.3361795192165,-0.11525020967291
637.91,648,23,169,35880,170521,2025-08-13,2025-09-12,642.69,146,134641,18876104,-3423648,0.903369678403976,87.8843960596954,0.789586033391782
549.97,550,56902,56775,227608,170325,2025-08-13,2025-08-15,642.69,-127,-57283,33318727,-69033983,0.511199002290814,82.4238393021438,-0.336315866725378
636.67,644,75,228,89625,167124,2025-08-13,2025-09-05,642.69,153,77499,29963074,-17519099,0.557766536237237,92.7350678371652,0.46372154807209
623.99,627,563,549,288819,165249,2025-08-13,2025-09-05,642.69,-14,-123570,29963074,-17519099,0.551508833839946,93.2865766710051,-0.747780621970481
595.93,596,23261,23257,232610,162799,2025-08-13,2025-08-15,642.69,-4,-69811,33318727,-69033983,0.488611104499881,82.9124504066437,-0.428817130326353
469.92,470,20295,20295,162360,162360,2025-08-13,2025-08-29,642.69,0,0,64216897,-43193036,0.252830652966617,93.4545077754224,0
625.93,627,1437,1506,400923,161142,2025-08-13,2025-08-22,642.69,69,-239781,21812630,-24056052,0.738755482488815,88.1427778310089,-1.48801057452433
636.5,655,84,87,185220,160950,2025-08-13,2025-10-17,642.69,3,-24270,269109292,-17963974,0.0598084141962664,99.492341944105,-0.150792171481827
628.04,636,157,202,174584,160792,2025-08-13,2025-09-26,642.69,45,-13792,4143175,979917,3.88088844907589,48.6903401376963,-0.0857754117120255
624.8,628,537,502,288906,160640,2025-08-13,2025-09-05,642.69,-35,-128266,29963074,-17519099,0.536126566987086,93.8227032379922,-0.798468625498008
627.69,628,7042,5181,1183056,160611,2025-08-13,2025-08-15,642.69,-1861,-1022445,33318727,-69033983,0.482044226959811,83.3944946336035,-6.36597119748959
608.16,609,1930,1892,299150,158928,2025-08-13,2025-08-29,642.69,-38,-140222,64216897,-43193036,0.247486265180331,93.7019940406027,-0.88229890264774
409.98,410,79411,79411,158822,158822,2025-08-13,2025-08-15,642.69,0,0,33318727,-69033983,0.47667487416311,83.8711695077666,0
488.4,490,987,988,184569,158080,2025-08-13,2025-11-21,642.69,1,-26489,84544368,-7957346,0.1869787470645,98.4980596223748,-0.16756705465587
214.85,215,10518,10518,157770,157770,2025-08-13,2025-12-19,642.69,0,0,336067064,-47690522,0.0469459869474148,99.3831255061639,0
574.96,575,39386,39411,275702,157644,2025-08-13,2025-08-15,642.69,25,-118058,33318727,-69033983,0.473139324920787,84.3443088326874,-0.748889903833955
588.58,589,3726,3746,245916,157332,2025-08-13,2025-08-29,642.69,20,-88584,64216897,-43193036,0.245000937993002,93.9469949785958,-0.563038669819236
606.07,608,800,812,240000,156716,2025-08-13,2025-09-12,642.69,12,-83284,18876104,-3423648,0.830234883215308,88.7146309429107,-0.531432655248985
474.99,475,156108,156106,156108,156106,2025-08-13,2025-08-15,642.69,-2,-2,33318727,-69033983,0.468523302225802,84.8128321349132,-1.28118073616645e-05
444.83,445,9166,9166,210818,155822,2025-08-13,2025-09-19,642.69,0,-54996,378355746,-135550145,0.0411839919566069,99.4500723136897,-0.352941176470588
439.85,440,10302,10302,206040,154530,2025-08-13,2025-09-19,642.69,0,-51510,378355746,-135550145,0.0408425143885617,99.4909148280782,-0.333333333333333
434.85,435,5423,10260,97614,153900,2025-08-13,2025-09-19,642.69,4837,56286,378355746,-135550145,0.0406760044289112,99.5315908325071,0.365730994152047
628.66,629,5129,4519,948865,153646,2025-08-13,2025-08-15,642.69,-610,-795219,33318727,-69033983,0.461140066965944,85.2739722018792,-5.17565702979576
454.99,455,153111,153111,153111,153111,2025-08-13,2025-08-15,642.69,0,0,33318727,-69033983,0.459534363362682,85.7335065652418,0
619.64,623,552,455,276552,152880,2025-08-13,2025-09-12,642.69,-97,-123672,18876104,-3423648,0.809912893041912,89.5245438359526,-0.80894819466248
636.68,655,83,83,152056,152056,2025-08-13,2025-09-05,642.69,0,0,29963074,-17519099,0.507477971051969,94.3301812090442,0
603.3,604,2273,2163,322766,151410,2025-08-13,2025-08-29,642.69,-110,-171356,64216897,-43193036,0.235779066061071,94.1827740446568,-1.13173502410673
592.94,593,24733,24723,346262,148338,2025-08-13,2025-08-15,642.69,-10,-197924,33318727,-69033983,0.445209086169469,86.1787156514113,-1.33427712386577
409.9,410,13645,14747,191030,147470,2025-08-13,2025-09-19,642.69,1102,-43560,378355746,-135550145,0.0389765456343829,99.5705673781415,-0.295382111615922
587.44,589,908,936,218828,146016,2025-08-13,2025-09-19,642.69,28,-72812,378355746,-135550145,0.0385922512195705,99.6091596293611,-0.498657681349989
608.87,609,11219,11196,291694,145548,2025-08-13,2025-08-15,642.69,-23,-146146,33318727,-69033983,0.436835416911336,86.6155510683226,-1.00410861021794
617.83,618,8479,8511,534177,144687,2025-08-13,2025-08-15,642.69,32,-389490,33318727,-69033983,0.434251284570386,87.049802352893,-2.69194882746895
549.8,550,7079,7230,212370,144600,2025-08-13,2025-08-29,642.69,151,-67770,64216897,-43193036,0.225174380506115,94.4079484251629,-0.468672199170124
616.84,617,9641,9026,501332,144416,2025-08-13,2025-08-15,642.69,-615,-356916,33318727,-69033983,0.433437928165743,87.4832402810588,-2.47144360735653
638.61,643,49,326,44541,143114,2025-08-13,2025-08-22,642.69,277,98573,21812630,-24056052,0.656106118336028,88.798883949345,0.688772586888774
394.33,395,2108,2108,155992,141236,2025-08-13,2025-11-21,642.69,0,-14756,84544368,-7957346,0.167055480265699,98.6651151026405,-0.104477611940299
629.26,638,115,161,136160,140714,2025-08-13,2025-09-26,642.69,46,4554,4143175,979917,3.39628425060491,52.0866243883013,0.0323635174893756
597.47,598,2028,2644,208884,140132,2025-08-13,2025-08-29,642.69,616,-68752,64216897,-43193036,0.218216710159633,94.6261651353226,-0.490623126766192
641.79,648,1,222,1075,137862,2025-08-13,2025-08-15,642.69,221,136787,33318727,-69033983,0.413767308696998,87.8970075897558,0.992202347274811
519.86,520,9818,9824,186542,137536,2025-08-13,2025-08-29,642.69,6,-49006,64216897,-43193036,0.214174160423852,94.8403392957464,-0.356313983248022
606.29,610,100,365,53800,135415,2025-08-13,2025-09-26,642.69,265,81615,4143175,979917,3.26838716684668,55.3550115551479,0.602702802496031
414.88,415,11209,11282,168135,135384,2025-08-13,2025-09-19,642.69,73,-32751,378355746,-135550145,0.0357821974243256,99.6449418267854,-0.241911895054068
618.83,619,7854,7911,549780,134487,2025-08-13,2025-08-15,642.69,57,-415293,33318727,-69033983,0.40363787007829,88.300645459834,-3.08797876374668
611.87,612,10262,10291,348908,133783,2025-08-13,2025-08-15,642.69,29,-215125,33318727,-69033983,0.401524944215306,88.7021704040494,-1.60801447119589
622.78,623,6222,6075,622200,133650,2025-08-13,2025-08-15,642.69,-147,-488550,33318727,-69033983,0.40112576930085,89.1032961733502,-3.65544332210999
164.91,165,14634,14634,131706,131706,2025-08-13,2025-12-19,642.69,0,0,336067064,-47690522,0.039190392070078,99.4223158982339,0
603.9,604,13127,13114,288794,131140,2025-08-13,2025-08-15,642.69,-13,-157654,33318727,-69033983,0.393592468283677,89.4968886416339,-1.20218087540034
625,626,4449,1301,1187883,130100,2025-08-13,2025-08-22,642.69,-3148,-1057783,21812630,-24056052,0.596443436669489,89.3953273860144,-8.13053804765565
489.92,490,16490,16190,181390,129520,2025-08-13,2025-08-29,642.69,-300,-51870,64216897,-43193036,0.201691464475464,95.0420307602219,-0.400478690549722
615.15,620,235,267,160975,129495,2025-08-13,2025-09-26,642.69,32,-31480,4143175,979917,3.12550157789618,58.4805131330441,-0.243098189119271
623.91,628,308,311,196812,127199,2025-08-13,2025-09-12,642.69,3,-69613,18876104,-3423648,0.673862572488475,90.1984064084411,-0.54727631506537
309.51,310,2592,2592,127008,127008,2025-08-13,2025-12-19,642.69,0,0,336067064,-47690522,0.0377924568055857,99.4601083550395,0
588.93,590,1111,1178,188870,126046,2025-08-13,2025-09-12,642.69,67,-62824,18876104,-3423648,0.667754320489016,90.8661607289301,-0.49842121130381
626.5,634,156,167,157872,125250,2025-08-13,2025-09-26,642.69,11,-32622,4143175,979917,3.02304392163015,61.5035570546743,-0.260455089820359
593.77,595,883,1003,185430,123369,2025-08-13,2025-09-12,642.69,120,-62061,18876104,-3423648,0.653572368535372,91.5197330974654,-0.503051820149308
603.28,605,661,713,189707,122636,2025-08-13,2025-09-12,642.69,52,-67071.0000000001,18876104,-3423648,0.649689151956357,92.1694222494218,-0.546911184317819
580.64,581,3240,3301,171720,118836,2025-08-13,2025-08-29,642.69,61,-52884,64216897,-43193036,0.185054098767806,95.2270848589897,-0.445016661617692
616.46,617,2042,2187,289964,118098,2025-08-13,2025-08-22,642.69,145,-171866,21812630,-24056052,0.541420268899257,89.9367476549137,-1.45528290064184
610.73,615,72,274,41832,116998,2025-08-13,2025-09-26,642.69,202,75166,4143175,979917,2.82387299595117,64.3274300506254,0.642455426588489
598.92,599,14554,14550,218310,116400,2025-08-13,2025-08-15,642.69,-4,-101910,33318727,-69033983,0.349353083027452,89.8462417246613,-0.875515463917526
641.75,665,45,50,126450,116250,2025-08-13,2025-09-19,642.69,5,-10200,378355746,-135550145,0.0307250520783686,99.6756668788638,-0.087741935483871
637.73,670,25,36,90875,116172,2025-08-13,2025-12-19,642.69,11,25297,336067064,-47690522,0.0345681003717758,99.4946764554113,0.21775470853562
584.41,585,2328,1938,223488,114342,2025-08-13,2025-09-05,642.69,-390,-109146,29963074,-17519099,0.381609710672543,94.7117909197167,-0.954557380490109
269.7,270,3809,3809,114270,114270,2025-08-13,2025-12-19,642.69,0,0,336067064,-47690522,0.0340021419058191,99.5286785973171,0
384.73,385,4223,4223,130913,114021,2025-08-13,2025-10-17,642.69,0,-16892,269109292,-17963974,0.0423697744335041,99.5347117185385,-0.148148148148148
324.88,325,8111,9431,129776,113172,2025-08-13,2025-10-17,642.69,1320,-16604,269109292,-17963974,0.0420542892290765,99.5767660077676,-0.146714735093486
587.88,590,303,526,88173,111512,2025-08-13,2025-09-26,642.69,223,23339,4143175,979917,2.69146246537981,67.0188925160052,0.209295860535189
464.99,465,111041,111041,111041,111041,2025-08-13,2025-08-15,642.69,0,0,33318727,-69033983,0.333269035158516,90.1795107598199,0
522.57,525,457,455,131159,110565,2025-08-13,2025-11-21,642.69,-2,-20594,84544368,-7957346,0.130777487153254,98.7958925897938,-0.186261475150364
617.44,618,1875,1956,309375,109536,2025-08-13,2025-08-22,642.69,81,-199839,21812630,-24056052,0.50216778077655,90.4389154356902,-1.8244138913234
339.44,340,1953,1953,124992,109368,2025-08-13,2025-12-19,642.69,0,-15624,336067064,-47690522,0.0325435044714766,99.5612221017886,-0.142857142857143
479.93,480,15395,15419,138555,107933,2025-08-13,2025-08-29,642.69,24,-30622,64216897,-43193036,0.168075701322037,95.3951605603117,-0.283713044203348
630.02,639,8,120,9816,107760,2025-08-13,2025-09-26,642.69,112,97944,4143175,979917,2.60090389616659,69.6197964121718,0.90890868596882
499.99,500,107176,107220,107176,107220,2025-08-13,2025-08-15,642.69,44,44,33318727,-69033983,0.321801009984565,90.5013117698044,0.000410371199403097
610.6,611,2639,2665,269178,106600,2025-08-13,2025-08-22,642.69,26,-162578,21812630,-24056052,0.488707689077383,90.9276231247676,-1.52512195121951
641.96,647,72,211,82800,106344,2025-08-13,2025-08-15,642.69,139,23544,33318727,-69033983,0.31917185791642,90.8204836277208,0.221394719025051
640.45,665,33,43,95634,105565,2025-08-13,2025-10-17,642.69,10,9931.00000000002,269109292,-17963974,0.0392275566612542,99.6159935644288,0.0940747406810971
635.72,644,48,126,51936,104328,2025-08-13,2025-09-12,642.69,78,52392,18876104,-3423648,0.552698798438491,92.7221210478603,0.502185415228894
544.81,545,5354,5430,128496,103170,2025-08-13,2025-08-29,642.69,76,-25326,64216897,-43193036,0.160658650323761,95.5558192106355,-0.245478336725792
607.89,608,9384,9378,281520,103158,2025-08-13,2025-08-15,642.69,-6,-178362,33318727,-69033983,0.30960966786036,91.1300932955812,-1.7290176234514
582.61,583,2639,2639,145145,102921,2025-08-13,2025-08-29,642.69,0,-42224,64216897,-43193036,0.160270901909197,95.7160901125447,-0.41025641025641
519.99,520,102665,102665,205330,102665,2025-08-13,2025-08-15,642.69,0,-102665,33318727,-69033983,0.308130019493242,91.4382233150744,-1
559.97,560,33397,33816,166985,101448,2025-08-13,2025-08-15,642.69,419,-65537,33318727,-69033983,0.304477418960214,91.7427007340346,-0.646015692768709
602.35,603,1570,1551,205670,100815,2025-08-13,2025-08-29,642.69,-19,-104855,64216897,-43193036,0.156991391222158,95.8730815037668,-1.04007340177553
617.86,621,166,320,85490,100480,2025-08-13,2025-09-12,642.69,154,14990,18876104,-3423648,0.532313235824511,93.2544342836848,0.149183917197452
611.6,612,2531,2509,288534,100360,2025-08-13,2025-08-22,642.69,-22,-188174,21812630,-24056052,0.460100409716756,91.3877235344844,-1.87499003587086
642.31,690,0,21,0,100149,2025-08-13,2025-11-21,642.69,21,100149,84544368,-7957346,0.118457328819348,98.9143499186132,1
605.67,606,3036,3017,191268,99561,2025-08-13,2025-08-22,642.69,-19,-91707,21812630,-24056052,0.456437394298624,91.844160928783,-0.921113689095128
642.64,651,58,119,84970,99484,2025-08-13,2025-08-15,642.69,61,14514,33318727,-69033983,0.298582836012912,92.0412835700476,0.145892806883519
635.08,680,22,22,98824,98824,2025-08-13,2025-10-17,642.69,0,0,269109292,-17963974,0.0367226264338728,99.6527161908627,0
569.56,570,1665,2244,104895,98736,2025-08-13,2025-09-05,642.69,579,-6159,29963074,-17519099,0.329525602079413,95.0413165217961,-0.0623784637822071
589.8,590,4948,4931,183076,98620,2025-08-13,2025-08-22,642.69,-17,-84456,21812630,-24056052,0.452123379895043,92.2962843086781,-0.856378016629487
602.71,603,3568,3387,196240,98223,2025-08-13,2025-08-22,642.69,-181,-98017,21812630,-24056052,0.45030333343572,92.7465876421138,-0.997902731539456
577.76,579,778,782,131482,96968,2025-08-13,2025-09-19,642.69,4,-34514,378355746,-135550145,0.0256287901069699,99.7012956689708,-0.355931853807442
590.93,591,13812,13820,138120,96740,2025-08-13,2025-08-15,642.69,8,-41380,33318727,-69033983,0.290347227251509,92.3316307972991,-0.427744469712632
319.45,320,1752,1752,96360,96360,2025-08-13,2025-12-19,642.69,0,0,336067064,-47690522,0.0286728484645553,99.5898949502531,0
620.31,621,1291,1394,240126,96186,2025-08-13,2025-08-22,642.69,103,-143940,21812630,-24056052,0.440964707144439,93.1875523492582,-1.49647557856653
632.5,642.5,0,96,0,96000,2025-08-13,2025-09-26,642.69,96,96000,4143175,979917,2.31706360460275,71.9368600167746,1
632.2,665,29,29,95120,95120,2025-08-13,2025-09-05,642.69,0,0,29963074,-17519099,0.317457414416158,95.3587739362123,0
559.76,560,3968,3941,130944,94584,2025-08-13,2025-08-29,642.69,-27,-36360,64216897,-43193036,0.147288337522755,96.0203698412896,-0.38442019791931
642.31,670,8,34,28000,94146,2025-08-13,2025-09-19,642.69,26,66146,378355746,-135550145,0.0248829312083449,99.7261786001791,0.702589594884541
569.97,570,31302,31281,219114,93843,2025-08-13,2025-08-15,642.69,-21,-125271,33318727,-69033983,0.281652417272725,92.6132832145718,-1.33489977941882
489.21,490,1149,1169,109155,92351,2025-08-13,2025-10-17,642.69,20,-16804,269109292,-17963974,0.0343172839977595,99.6870334748605,-0.181957964721551
616.02,618,664,466,247672,92268,2025-08-13,2025-09-05,642.69,-198,-155404,29963074,-17519099,0.307939031889719,95.666712968102,-1.68426756838774
590.57,591,2121,2121,169680,91203,2025-08-13,2025-08-29,642.69,0,-78477,64216897,-43193036,0.14202336808644,96.162393209376,-0.86046511627907
601.72,602,3215,3208,183255,89824,2025-08-13,2025-08-22,642.69,-7,-93431,21812630,-24056052,0.411798118796312,93.5993504680545,-1.04015630566441
619.36,625,66,158,51876,89112,2025-08-13,2025-09-26,642.69,92,37236,4143175,979917,2.1508142909725,74.0876743077471,0.417856180985726
473.57,475,623,623,102172,89089,2025-08-13,2025-11-21,642.69,0,-13083,84544368,-7957346,0.105375440265873,99.019725358879,-0.146853146853147
369.5,370,1747,1780,97832,89000,2025-08-13,2025-11-21,642.69,33,-8832,84544368,-7957346,0.105270170095777,99.1249955289748,-0.0992359550561798
294.54,295,1919,1919,88274,88274,2025-08-13,2025-12-19,642.69,0,0,336067064,-47690522,0.0262667810850991,99.6161617313382,0
575.86,577,753,773,129516,88122,2025-08-13,2025-09-19,642.69,20,-41394,378355746,-135550145,0.023290778832258,99.7494693790114,-0.469735139919657
606.97,609,427,434,139629,88102,2025-08-13,2025-09-12,642.69,7,-51527,18876104,-3423648,0.466738263361973,93.7211725470468,-0.584856189416813
607.57,609,558,614,119970,87802,2025-08-13,2025-09-05,642.69,56,-32168,29963074,-17519099,0.293034019139692,95.9597469872417,-0.366369786565226
574.88,576,765,780,120870,87360,2025-08-13,2025-09-19,642.69,15,-33510,378355746,-135550145,0.0230893810715379,99.7725587600829,-0.383585164835165
601.39,602,1430,1430,180180,87230,2025-08-13,2025-08-29,642.69,0,-92950,64216897,-43193036,0.135836522901441,96.2982297322775,-1.0655737704918
615.23,618,84,313,36708,86701,2025-08-13,2025-09-12,642.69,229,49993,18876104,-3423648,0.459316180923775,94.1804887279706,0.576613879886045
609.47,611,500,564,136000,86292,2025-08-13,2025-09-05,642.69,64,-49708,29963074,-17519099,0.287994482809074,96.2477414700508,-0.576044129235619
600.39,601,1407,1412,167433,86132,2025-08-13,2025-08-29,642.69,5,-81301,64216897,-43193036,0.134126692543241,96.4323564248207,-0.943911670459295
642.6,700,3,15,19014,86100,2025-08-13,2025-11-21,642.69,12,67086,84544368,-7957346,0.101840018485915,99.2268355474607,0.779163763066202
174.9,175,8571,8571,85710,85710,2025-08-13,2025-12-19,642.69,0,0,336067064,-47690522,0.0255038381267853,99.641665569465,0
546.73,547,3172,3172,85644,85644,2025-08-13,2025-08-29,642.69,0,0,64216897,-43193036,0.133366767939597,96.5657231927603,0
464.39,465,1413,1399,103149,85339,2025-08-13,2025-10-17,642.69,-14,-17810,269109292,-17963974,0.0317116511904019,99.7187451260509,-0.208697078709617
194.9,195,8431,8486,101172,84860,2025-08-13,2025-12-19,642.69,55,-16312,336067064,-47690522,0.025250912419076,99.6669164818841,-0.192222484091445
189.9,190,8395,8455,92345,84550,2025-08-13,2025-12-19,642.69,60,-7795,336067064,-47690522,0.0251586689256761,99.6920751508098,-0.092193968066233
642.55,649,17,130,23970,83850,2025-08-13,2025-08-15,642.69,113,59880,33318727,-69033983,0.251660275015909,92.8649434895877,0.714132379248658
612.3,614,489,477,152568,81090,2025-08-13,2025-09-05,642.69,-12,-71478,29963074,-17519099,0.27063311327803,96.5183745833288,-0.881465038845727
639.17,644,52,167,41652,80661,2025-08-13,2025-08-22,642.69,115,39009,21812630,-24056052,0.369790346235186,93.9691408142897,0.483616617696285
429.99,430,80519,80519,80519,80519,2025-08-13,2025-08-15,642.69,0,0,33318727,-69033983,0.241662894263637,93.1066063838514,0
631.45,641,4,84,5248,80220,2025-08-13,2025-09-26,642.69,80,74972,4143175,979917,1.93619627459617,76.0238705823433,0.934579905260534
639,675,21,22,81333,79200,2025-08-13,2025-11-21,642.69,1,-2133,84544368,-7957346,0.0936786232762424,99.320514170737,-0.0269318181818182
640.63,680,21,20,92799,78740,2025-08-13,2025-12-19,642.69,-1,-14059,336067064,-47690522,0.0234298473235687,99.7155049981334,-0.178549657099314
591.94,592,13148,13075,118332,78450,2025-08-13,2025-08-15,642.69,-73,-39882,33318727,-69033983,0.235453173225976,93.3420595570773,-0.508374760994264
234.81,235,4120,4114,90640,78166,2025-08-13,2025-12-19,642.69,-6,-12474,336067064,-47690522,0.0232590480809509,99.7387640462143,-0.159583450605122
474.92,475,9721,9721,77768,77768,2025-08-13,2025-08-29,642.69,0,0,64216897,-43193036,0.121102083147991,96.6868252759083,0
600.91,601,8847,8604,150399,77436,2025-08-13,2025-08-15,642.69,-243,-72963,33318727,-69033983,0.232409839667644,93.574469396745,-0.942236169223617
204.87,205,5904,5911,88560,76843,2025-08-13,2025-12-19,642.69,7,-11717,336067064,-47690522,0.0228653766558927,99.7616294228702,-0.152479731400388
224.82,225,4267,4267,76806,76806,2025-08-13,2025-12-19,642.69,0,0,336067064,-47690522,0.0228543669486159,99.7844837898188,0
633.87,645,7,69,10990,76797,2025-08-13,2025-09-26,642.69,62,65807,4143175,979917,1.85357847544456,77.8774490577878,0.856895451645247
610.04,611,633,796,119004,76416,2025-08-13,2025-08-29,642.69,163,-42588,64216897,-43193036,0.118996718262485,96.8058219941708,-0.55731783919598
610.45,612,471,493,121518,76415,2025-08-13,2025-09-05,642.69,22,-45103,29963074,-17519099,0.255030575300785,96.7734051586296,-0.590237518811752
464.99,465,76107,76110,228321,76110,2025-08-13,2025-08-22,642.69,3,-152211,21812630,-24056052,0.348926287201498,94.3180671014912,-1.99988175009854
601.92,602,9493,9476,161381,75808,2025-08-13,2025-08-15,642.69,-17,-85573,33318727,-69033983,0.227523698609494,93.8019930953545,-1.12881226255804
459.43,460,1318,1316,92260,75012,2025-08-13,2025-10-17,642.69,-2,-17248,269109292,-17963974,0.0278741768604556,99.7466193029113,-0.229936543486376
625.73,633,101,103,97465,74881,2025-08-13,2025-09-26,642.69,2,-22584,4143175,979917,1.80733374766936,79.6847828054572,-0.301598536344333
209.87,210,5746,5746,86190,74698,2025-08-13,2025-12-19,642.69,0,-11492,336067064,-47690522,0.0222271111934968,99.8067109010123,-0.153846153846154
593.49,594,1460,1460,122640,74460,2025-08-13,2025-08-29,642.69,0,-48180,64216897,-43193036,0.115950790957713,96.9217727851285,-0.647058823529412
554.78,555,3428,3376,102840,74272,2025-08-13,2025-08-29,642.69,-52,-28568,64216897,-43193036,0.115658033118604,97.0374308182471,-0.384640241275312
592.61,595,157,308,55264,73612,2025-08-13,2025-09-26,642.69,151,18348,4143175,979917,1.77670506314602,81.4614878686032,0.249252839210998
584.82,585,4032,4089,120960,73602,2025-08-13,2025-08-22,642.69,57,-47358,21812630,-24056052,0.337428361458476,94.6554954629497,-0.643433602347762
509.87,510,5561,5557,77854,72241,2025-08-13,2025-08-29,642.69,-4,-5613.00000000002,64216897,-43193036,0.112495314122699,97.1499261323698,-0.0776982599908641
591.54,592,1568,1564,116032,71944,2025-08-13,2025-08-29,642.69,-4,-44088,64216897,-43193036,0.112032819025809,97.2619589513956,-0.612809963304793
640.67,648,8,98,10160,71834,2025-08-13,2025-08-22,642.69,90,61674,21812630,-24056052,0.329322965639632,94.9848184285893,0.858562797561044
424.61,425,1843,1839,92150,71721,2025-08-13,2025-10-17,642.69,-4,-20429,269109292,-17963974,0.0266512536475329,99.7732705565589,-0.284839865590273
584.08,585,718,777,101956,71484,2025-08-13,2025-09-12,642.69,59,-30472,18876104,-3423648,0.378701028559707,94.5591897565303,-0.426277208885905
539.98,540,35607,35617,142428,71234,2025-08-13,2025-08-15,642.69,10,-71194,33318727,-69033983,0.213795683130391,94.0157887784848,-0.999438470393352
602.9,603,7143,7089,128574,70890,2025-08-13,2025-08-15,642.69,-54,-57684,33318727,-69033983,0.212763230720069,94.2285520092049,-0.813711383834109
639.28,670,22,23,87186,70656,2025-08-13,2025-11-21,642.69,1,-16530,84544368,-7957346,0.0835726869470477,99.404086857684,-0.233950407608696
623.02,626,250,237,122500,70626,2025-08-13,2025-09-05,642.69,-13,-51874,29963074,-17519099,0.23571012773923,97.0091152863688,-0.734488715204033
610.63,613,143,296,53482,70152,2025-08-13,2025-09-12,642.69,153,16670,18876104,-3423648,0.371644487654868,94.9308342441851,0.237626867373703
622.22,623,845,895,180830,69810,2025-08-13,2025-08-22,642.69,50,-111020,21812630,-24056052,0.320043937847018,95.3048623664363,-1.5903165735568
184.89,185,6258,6258,68838,68838,2025-08-13,2025-12-19,642.69,0,0,336067064,-47690522,0.020483411608583,99.8271943126209,0
637.18,647,50,70,66500,68740,2025-08-13,2025-09-12,642.69,20,2240,18876104,-3423648,0.364164130479468,95.2949983746646,0.0325865580448065
604.78,606,566,561,126784,68442,2025-08-13,2025-09-05,642.69,-5,-58342,29963074,-17519099,0.228421155986866,97.2375364423557,-0.852429794570586
615.5,616,1350,1359,195750,67950,2025-08-13,2025-08-22,642.69,9,-127800,21812630,-24056052,0.3115167680376,95.6163791344739,-1.88079470198676
632.18,700,10,10,67820,67820,2025-08-13,2025-12-19,642.69,0,0,336067064,-47690522,0.020180495878644,99.8473748084995,0
494.14,495,780,780,80340,67080,2025-08-13,2025-10-17,642.69,0,-13260,269109292,-17963974,0.024926675515909,99.7981972320748,-0.197674418604651
618.66,622,187,200,91256,66800,2025-08-13,2025-09-12,642.69,13,-24456,18876104,-3423648,0.353886585918365,95.648884960583,-0.366107784431138
453.86,455,584,585,75336,66690,2025-08-13,2025-11-21,642.69,1,-8646,84544368,-7957346,0.0788816589178359,99.4829685166018,-0.129644624381467
549.55,550,1479,1481,96135,66645,2025-08-13,2025-09-12,642.69,2,-29490,18876104,-3423648,0.353065441894154,96.0019504024771,-0.442493810488409
564.96,565,16549,16578,99294,66312,2025-08-13,2025-08-15,642.69,29,-32982,33318727,-69033983,0.199023209980381,94.4275752191853,-0.49737604053565
334.46,335,1216,1216,74176,65664,2025-08-13,2025-12-19,642.69,0,-8511.99999999999,336067064,-47690522,0.0195389572600307,99.8669137657596,-0.129629629629629
554.97,555,21843,21835,131058,65505,2025-08-13,2025-08-15,642.69,-8,-65553,33318727,-69033983,0.19660114865733,94.6241763678426,-1.00073276849096
586.59,587,1687,1582,102907,64862,2025-08-13,2025-08-29,642.69,-105,-38045,64216897,-43193036,0.101004568937674,97.3629635203333,-0.5865529894237
559.62,560,1377,1705,70227,64790,2025-08-13,2025-09-05,642.69,328,-5437,29963074,-17519099,0.216232820437583,97.4537692627933,-0.0839172711838247
606.65,607,1834,1822,133882,63770,2025-08-13,2025-08-22,642.69,-12,-70112,21812630,-24056052,0.292353558465898,95.9087326929398,-1.09945115257958
616.83,619,1148,292,441980,63364,2025-08-13,2025-09-05,642.69,-856,-378616,29963074,-17519099,0.211473629174363,97.6652428919676,-5.97525408749448
613.52,614,1325,1318,153700,63264,2025-08-13,2025-08-22,642.69,-7,-90436,21812630,-24056052,0.290033801517745,96.1987664944576,-1.42950177035913
606.25,607,893,825,130378,61875,2025-08-13,2025-08-29,642.69,-68,-68503,64216897,-43193036,0.0963531451854486,97.4593166655188,-1.10711919191919
578.39,580,348,383,82128,61663,2025-08-13,2025-09-26,642.69,35,-20465,4143175,979917,1.48830305261062,82.9497909212138,-0.331884598543697
314.52,315,1281,1281,61488,61488,2025-08-13,2025-12-19,642.69,0,0,336067064,-47690522,0.0182963481360375,99.8852101138956,0
414.59,415,1495,1495,61295,61295,2025-08-13,2025-10-17,642.69,0,0,269109292,-17963974,0.0227769912902153,99.820974223365,0
284.55,285,1362,1362,61290,61290,2025-08-13,2025-12-19,642.69,0,0,336067064,-47690522,0.018237431324124,99.9034475452197,0
504.99,505,61167,61167,122334,61167,2025-08-13,2025-08-15,642.69,0,-61167,33318727,-69033983,0.18358144355275,94.8077578113954,-1
544.57,545,1336,1411,78824,60673,2025-08-13,2025-09-12,642.69,75,-18151,18876104,-3423648,0.321427557296781,96.3233779597739,-0.299161076590905
149.98,150,30142,30142,60284,60284,2025-08-13,2025-09-19,642.69,0,0,378355746,-135550145,0.0159331530278914,99.7884919131108,0
598.45,599,1109,1087,121990,59785,2025-08-13,2025-08-29,642.69,-22,-62205,64216897,-43193036,0.0930985500591846,97.5524152155779,-1.04047838086477
564.59,565,1410,1455,78960,59655,2025-08-13,2025-09-05,642.69,45,-19305,29963074,-17519099,0.199095059472202,97.8643379514399,-0.323610761880815
605.89,606,5534,5421,143884,59631,2025-08-13,2025-08-15,642.69,-113,-84253,33318727,-69033983,0.178971423488058,94.9867292348834,-1.41290603880532
596.47,597,1096,1085,100832,57505,2025-08-13,2025-08-29,642.69,-11,-43327,64216897,-43193036,0.0895480826487147,97.6419632982266,-0.753447526302061
474.28,475,791,793,64071,57096,2025-08-13,2025-10-17,642.69,2,-6975.00000000001,269109292,-17963974,0.0212166586949365,99.8421908820599,-0.122162673392182
640.64,651,30,55,45900,56980,2025-08-13,2025-08-29,642.69,25,11080,64216897,-43193036,0.0887305408107776,97.7306938390374,0.194454194454194
631.19,675,13,13,56953,56953,2025-08-13,2025-12-19,642.69,0,0,336067064,-47690522,0.0169469150954942,99.9203944603152,0
304.58,305,1341,1341,59004,56322,2025-08-13,2025-12-19,642.69,0,-2682,336067064,-47690522,0.016759154952477,99.9371536152677,-0.0476190476190476
564.74,565,2175,2159,84825,56134,2025-08-13,2025-08-29,642.69,-16,-28691,64216897,-43193036,0.0874131305347875,97.8181069695722,-0.511116257526633
640.12,646,18,94,19440,55272,2025-08-13,2025-08-22,642.69,76,35832,21812630,-24056052,0.253394478336633,96.4521609727942,0.648284845853235
612.87,613,4283,4235,162754,55055,2025-08-13,2025-08-15,642.69,-48,-107699,33318727,-69033983,0.165237405378663,95.1519666402621,-1.9562074289347
579.17,580,635,659,79375,54697,2025-08-13,2025-09-12,642.69,24,-24678,18876104,-3423648,0.289768481885881,96.6131464416598,-0.45117648134267
419.87,420,4196,4199,67136,54587,2025-08-13,2025-09-19,642.69,3,-12549,378355746,-135550145,0.0144274272499089,99.8029193403607,-0.229889900525766
587.57,588,1262,1255,87078,53965,2025-08-13,2025-08-29,642.69,-7,-33113,64216897,-43193036,0.0840355148271957,97.9021424843994,-0.613601408320208
279.65,280,1533,1533,53655,53655,2025-08-13,2025-12-19,642.69,0,0,336067064,-47690522,0.0159655633495819,99.9531191786173,0
581.63,582,1455,1450,72750,53650,2025-08-13,2025-08-29,642.69,-5,-19100,64216897,-43193036,0.0835449897244334,97.9856874741238,-0.356011183597391
569.87,570,4563,4116,95823,53508,2025-08-13,2025-08-22,642.69,-447,-42315,21812630,-24056052,0.245307420517379,96.6974683933116,-0.790816326530612
529.85,530,3565,3566,74865,53490,2025-08-13,2025-08-29,642.69,1,-21375,64216897,-43193036,0.0832958341166811,98.0689833082405,-0.399607403252944
618.52,624,94,97,68056,53156,2025-08-13,2025-09-26,642.69,3,-14900,4143175,979917,1.28297742673191,84.2327683479457,-0.280307020844307
424.99,425,53114,53114,53114,53114,2025-08-13,2025-08-15,642.69,0,0,33318727,-69033983,0.159411852679726,95.3113784929418,0
503.11,505,275,278,61050,52542,2025-08-13,2025-11-21,642.69,3,-8508.00000000001,84544368,-7957346,0.0621472503053071,99.5451157669071,-0.161927600776522
606.66,608,385,391,82775,52394,2025-08-13,2025-09-05,642.69,6,-30381,29963074,-17519099,0.174861898348614,98.0391998497885,-0.579856472115128
614.12,619,52,107,32448,52216,2025-08-13,2025-09-26,642.69,55,19768,4143175,979917,1.26028951227018,85.4930578602159,0.378581277769266
579.84,580,3273,3238,88371,51808,2025-08-13,2025-08-22,642.69,-35,-36563,21812630,-24056052,0.237513770691567,96.9349821640031,-0.705740426189005
483.48,485,139,339,25298,51528,2025-08-13,2025-11-21,642.69,200,26230,84544368,-7957346,0.0609478800527553,99.6060636469599,0.50904362676603
642.84,660,16,30,38384,51480,2025-08-13,2025-08-15,642.69,14,13096,33318727,-69033983,0.154507703730698,95.4658861966725,0.254390054390054
585.61,586,1317,1307,86922,50973,2025-08-13,2025-08-29,642.69,-10,-35949,64216897,-43193036,0.0793763049622283,98.1483596132028,-0.705255723618386
595.5,596,1037,1012,100589,50600,2025-08-13,2025-08-29,642.69,-25,-49989,64216897,-43193036,0.0787954609516558,98.2271550741544,-0.987924901185771
641.7,675,10,15,38400,49950,2025-08-13,2025-10-17,642.69,5,11550,269109292,-17963974,0.0185612319919447,99.8607521140519,0.231231231231231
593.93,594,7072,7114,84864,49798,2025-08-13,2025-08-15,642.69,42,-35066,33318727,-69033983,0.149459491654648,95.6153456883272,-0.704164825896622
611.63,614,171,210,64638,49770,2025-08-13,2025-09-12,642.69,39,-14868,18876104,-3423648,0.26366669732271,96.8768131389825,-0.29873417721519
524.86,525,3545,3545,67355,49630,2025-08-13,2025-08-29,642.69,0,-17725,64216897,-43193036,0.0772849550796576,98.3044400292341,-0.357142857142857
574.28,575,463,688,50930,49536,2025-08-13,2025-09-12,642.69,225,-1394.00000000001,18876104,-3423648,0.26242703473132,97.1392401737138,-0.0281411498708013
608.8,611,228,225,77520,49500,2025-08-13,2025-09-12,642.69,-3,-28020,18876104,-3423648,0.262236317409567,97.4014764911234,-0.566060606060606
614.32,617,148,180,59052,48240,2025-08-13,2025-09-12,642.69,32,-10812,18876104,-3423648,0.255561211148233,97.6570377022716,-0.224129353233831
601.76,605,84,148,37800,47952,2025-08-13,2025-09-26,642.69,64,10152,4143175,979917,1.15737327049907,86.650431130715,0.211711711711712
389.71,390,1643,1649,54219,47821,2025-08-13,2025-10-17,642.69,6,-6398.00000000001,269109292,-17963974,0.0177701036053411,99.8785222176572,-0.133790594090463
575.67,576,1446,1446,72300,47718,2025-08-13,2025-08-29,642.69,0,-24582,64216897,-43193036,0.074307545567018,98.3787475748011,-0.515151515151515
449.96,450,11787,11786,58935,47144,2025-08-13,2025-08-29,642.69,-1,-11791,64216897,-43193036,0.0734136998242067,98.4521612746253,-0.250106058034957
620.53,624,123,135,64206,46845,2025-08-13,2025-09-12,642.69,12,-17361,18876104,-3423648,0.248170914930327,97.9052086172019,-0.370605187319884
620.8,621,2468,2309,207312,46180,2025-08-13,2025-08-15,642.69,-159,-161132,33318727,-69033983,0.138600733455393,95.7539464217826,-3.48921611087051
613.85,614,2796,3028,125820,45420,2025-08-13,2025-08-15,642.69,232,-80400,33318727,-69033983,0.136319733944217,95.8902661557268,-1.77014531043593
605.77,607,381,369,88011,45387,2025-08-13,2025-09-05,642.69,-12,-42624,29963074,-17519099,0.151476447309779,98.1906762970982,-0.939123537576839
607.65,608,1288,1284,112056,44940,2025-08-13,2025-08-22,642.69,-4,-67116,21812630,-24056052,0.206027425395287,97.1410095893985,-1.49345794392523
564.88,565,3699,3706,62883,44472,2025-08-13,2025-08-22,642.69,7,-18411,21812630,-24056052,0.20388187944324,97.3448914688417,-0.413990825688074
641.42,651,21,46,32718,44068,2025-08-13,2025-08-22,642.69,25,11350,21812630,-24056052,0.202029741484635,97.5469212103263,0.257556503585368
409.67,410,1336,1330,56112,43890,2025-08-13,2025-10-17,642.69,-6,-12222,269109292,-17963974,0.0163093588013304,99.8948315764585,-0.278468899521531
389.93,390,6184,6189,68024,43323,2025-08-13,2025-09-19,642.69,5,-24701,378355746,-135550145,0.011450334891967,99.8143696752527,-0.570159037924428
614.18,616,250,234,77000,42588,2025-08-13,2025-09-05,642.69,-16,-34412,29963074,-17519099,0.142134949171103,98.3328112462693,-0.80802103879027
409.26,410,577,571,48468,42254,2025-08-13,2025-11-21,642.69,-6,-6214,84544368,-7957346,0.0499784917665953,99.6560421387265,-0.147062999952667
642.23,655,3,33,4977,42141,2025-08-13,2025-08-22,642.69,30,37164,21812630,-24056052,0.193195410182083,97.7401166205084,0.881896490353812
444.51,445,848,847,50032,41503,2025-08-13,2025-10-17,642.69,-1,-8529,269109292,-17963974,0.0154223585858195,99.9102539350444,-0.205503216634942
534.83,535,2440,2440,56120,41480,2025-08-13,2025-08-29,642.69,0,-14640,64216897,-43193036,0.0645935913097763,98.5167548659351,-0.352941176470588
354.93,355,5788,5788,40516,40516,2025-08-13,2025-09-19,642.69,0,0,378355746,-135550145,0.0107084405161908,99.8250781157689,0
615.1,617,208,213,74048,40470,2025-08-13,2025-09-05,642.69,5,-33578,29963074,-17519099,0.135066248543123,98.4678774948125,-0.829701013096121
559.9,560,4355,4039,74035,40390,2025-08-13,2025-08-22,642.69,-316,-33645,21812630,-24056052,0.185167950861496,97.9252845713699,-0.83300321861847
299.98,300,20132,20132,40264,40264,2025-08-13,2025-09-19,642.69,0,0,378355746,-135550145,0.0106418365323306,99.8357199523012,0
642.5,660,7,23,17640,40250,2025-08-13,2025-08-22,642.69,16,22610,21812630,-24056052,0.184526120875841,98.1098106922457,0.561739130434783
639.53,650,36,38,57780,39786,2025-08-13,2025-09-05,642.69,2,-17994,29963074,-17519099,0.132783438708592,98.600660933521,-0.452269642587845
566.72,567,1422,1408,85320,39424,2025-08-13,2025-08-29,642.69,-14,-45896,64216897,-43193036,0.0613919417501596,98.5781468076852,-1.16416396103896
640.56,655,23,27,44896,38988,2025-08-13,2025-09-12,642.69,4,-5908,18876104,-3423648,0.206546859457863,98.1117554766598,-0.151533805273417
547.74,548,1496,1496,38896,38896,2025-08-13,2025-08-29,642.69,0,0,64216897,-43193036,0.0605697282445771,98.6387165359298,0
384.33,385,580,580,38860,38860,2025-08-13,2025-11-21,642.69,0,0,84544368,-7957346,0.0459640315721563,99.7020061702987,0
567.7,568,1288,1293,43792,38790,2025-08-13,2025-08-29,642.69,5,-5002,64216897,-43193036,0.0604046626544413,98.6991211985842,-0.128950760505285
610.88,611,3157,3209,107338,38508,2025-08-13,2025-08-15,642.69,52,-68830,33318727,-69033983,0.115574643653102,96.0058407993799,-1.78742079567882
641.78,660,15,21,32325,38262,2025-08-13,2025-09-05,642.69,6,5937,29963074,-17519099,0.127697178200074,98.7283581117211,0.155167006429356
616.04,619,111,128,52947,37888,2025-08-13,2025-09-12,642.69,17,-15059,18876104,-3423648,0.20071938573765,98.3124748623975,-0.3974609375
640.58,647,32,59,37408,37878,2025-08-13,2025-08-22,642.69,27,470,21812630,-24056052,0.173651687118885,98.2834623793646,0.0124082580917683
494.9,495,3762,3761,45144,37610,2025-08-13,2025-08-29,642.69,-1,-7534,64216897,-43193036,0.0585671400472682,98.7576883386315,-0.200319064078702
637.01,690,7,7,37093,37093,2025-08-13,2025-09-19,642.69,0,0,378355746,-135550145,0.00980373640208969,99.8455236887033,0
629.08,637.5,10,44,11200,37048,2025-08-13,2025-09-26,642.69,34,25848,4143175,979917,0.894193462742945,87.5446245934579,0.697689483912762
539.59,540,641,882,35255,36162,2025-08-13,2025-09-12,642.69,241,907,18876104,-3423648,0.191575549700298,98.5040504120978,0.0250815773463857
549.68,550,1195,1116,51385,35712,2025-08-13,2025-09-05,642.69,-79,-15673,29963074,-17519099,0.119186702939758,98.8475448146609,-0.43887208781362
539.72,540,1335,1261,48060,35308,2025-08-13,2025-09-05,642.69,-74,-12752,29963074,-17519099,0.117838376663222,98.9653831913241,-0.361164608587289
613.4,616,136,134,53856,34840,2025-08-13,2025-09-12,642.69,-2,-19016,18876104,-3423648,0.184571985829279,98.688622397927,-0.545809414466131
574.86,575,2539,2469,53319,34566,2025-08-13,2025-08-22,642.69,-70,-18753,21812630,-24056052,0.158467823458244,98.4419302028229,-0.542527339003645
642.55,700,5,6,32270,34470,2025-08-13,2025-09-19,642.69,1,2200,378355746,-135550145,0.00911047350659239,99.8546341622099,0.063823614737453
554.9,555,2404,3425,40868,34250,2025-08-13,2025-08-22,642.69,1021,-6618,21812630,-24056052,0.157019121490623,98.5989493243135,-0.193226277372263
571.69,572,1069,1065,45967,33015,2025-08-13,2025-08-29,642.69,-4,-12952,64216897,-43193036,0.0514117024371327,98.8091000410686,-0.392306527336059
561.73,562,1221,1199,40293,32373,2025-08-13,2025-08-29,642.69,-22,-7920,64216897,-43193036,0.0504119655610267,98.8595120066297,-0.244648318042813
544.98,545,16091,15975,64364,31950,2025-08-13,2025-08-15,642.69,-116,-32414,33318727,-69033983,0.0958920189237722,96.1017328183036,-1.01452269170579
612.57,613,746,739,89520,31777,2025-08-13,2025-08-22,642.69,-7,-57743,21812630,-24056052,0.145681653244015,98.7446309775575,-1.81713188784341
576.66,577,925,923,39775,31382,2025-08-13,2025-08-29,642.69,-2,-8393,64216897,-43193036,0.0488687580155111,98.9083807646452,-0.267446306800076
374.46,375,578,578,34680,31212,2025-08-13,2025-11-21,642.69,0,-3468,84544368,-7957346,0.0369178938093192,99.738924064108,-0.111111111111111
583.11,585,143,164,39611,30996,2025-08-13,2025-09-26,642.69,21,-8615,4143175,979917,0.748121911336113,88.292746504794,-0.277939088914699
379.93,380,4392,4427,43920,30989,2025-08-13,2025-09-19,642.69,35,-12931,378355746,-135550145,0.00819043990414249,99.862824602114,-0.417277098325212
616.86,622,34,60,25364,30840,2025-08-13,2025-09-26,642.69,26,5476,4143175,979917,0.744356682978633,89.0371031877727,0.177561608300908
603.7,604,914,1022,58496,30660,2025-08-13,2025-08-22,642.69,108,-27836,21812630,-24056052,0.140560766858467,98.885191744416,-0.907893020221788
622.44,629,25,46,19600,30176,2025-08-13,2025-09-26,642.69,21,10576,4143175,979917,0.728330326380131,89.7654335141528,0.350477200424178
642.56,680,0,8,0,29952,2025-08-13,2025-09-05,642.69,8,29952,29963074,-17519099,0.0999630411752813,99.0653462324994,1
583.6,584,755,744,41525,29760,2025-08-13,2025-08-29,642.69,-11,-11765,64216897,-43193036,0.0463429430419225,98.9547237076871,-0.395329301075269
564.4,565,475,490,38475,29400,2025-08-13,2025-09-12,642.69,15,-9075,18876104,-3423648,0.155752479431137,98.8443748773582,-0.308673469387755
638.15,647,26,33,33020,29205,2025-08-13,2025-09-05,642.69,7,-3815,29963074,-17519099,0.0974699725402007,99.1628162050396,-0.130628317068995
639.97,649,12,32,15348,28896,2025-08-13,2025-08-29,642.69,20,13548,64216897,-43193036,0.0449975027600602,98.9997212104472,0.468853820598007
639.04,649,6,29,8226,28884,2025-08-13,2025-09-05,642.69,23,20658,29963074,-17519099,0.0963986538897845,99.2592148589294,0.715205650186955
555.77,556,1295,1248,37555,28704,2025-08-13,2025-08-29,642.69,-47,-8850.99999999999,64216897,-43193036,0.0446985160307575,99.0444197264779,-0.308354236343366
550.79,551,854,1361,23912,28581,2025-08-13,2025-08-29,642.69,507,4669,64216897,-43193036,0.0445069776572979,99.0889267041352,0.163360274308107
577.66,578,837,840,36828,28560,2025-08-13,2025-08-29,642.69,3,-8268,64216897,-43193036,0.0444742759837804,99.133400980119,-0.289495798319328
329.86,330,2031,2031,34527,28434,2025-08-13,2025-10-17,642.69,0,-6093,269109292,-17963974,0.0105659673765557,99.9208199024209,-0.214285714285714
364.95,365,5661,5663,45288,28315,2025-08-13,2025-09-19,642.69,2,-16973,378355746,-135550145,0.0074836976309592,99.870308299745,-0.599434928483136
319.96,320,7828,7060,39140,28240,2025-08-13,2025-09-19,642.69,-768,-10900,378355746,-135550145,0.00746387501671509,99.8777721747617,-0.385977337110481
573.51,575,151,189,32163,28161,2025-08-13,2025-09-26,642.69,38,-4002,4143175,979917,0.679696126762688,90.4451296409155,-0.142111430702035
464.95,465,5593,5620,44744,28100,2025-08-13,2025-08-29,642.69,27,-16644,64216897,-43193036,0.0437579536114926,99.1771589337305,-0.592313167259786
566.97,567,9260,9289,55560,27867,2025-08-13,2025-08-15,642.69,29,-27693,33318727,-69033983,0.0836376491814948,96.1853704674851,-0.993756055549575
576.97,577,9056,9126,54336,27378,2025-08-13,2025-08-15,642.69,70,-26958,33318727,-69033983,0.082170006074962,96.2675404735601,-0.984659215428447
499.76,500,1013,1136,31403,27264,2025-08-13,2025-09-12,642.69,123,-4139,18876104,-3423648,0.14443658500716,98.9888114623653,-0.15181191314554
608.63,609,849,719,76410,26603,2025-08-13,2025-08-22,642.69,-130,-49807,21812630,-24056052,0.121961450774162,99.0071531951901,-1.87223245498628
553.78,554,1209,1207,35061,26554,2025-08-13,2025-08-29,642.69,-2,-8506.99999999999,64216897,-43193036,0.0413504875515863,99.2185094212821,-0.320366046546659
545.8,546,1320,1322,33000,26440,2025-08-13,2025-08-29,642.69,2,-6560,64216897,-43193036,0.0411729641810628,99.2596823854631,-0.248108925869894
613.39,618,49,57,32193,26277,2025-08-13,2025-09-26,642.69,8,-5916,4143175,979917,0.634223753522359,91.0793533944378,-0.225139856147962
244.77,245,1134,1134,26082,26082,2025-08-13,2025-12-19,642.69,0,0,336067064,-47690522,0.00776095095114706,99.9608801295684,0
443.97,445,229,251,27022,25853,2025-08-13,2025-11-21,642.69,22,-1168.99999999999,84544368,-7957346,0.0305792101964734,99.7695032743044,-0.0452171894944491
504.87,505,1986,1986,25818,25818,2025-08-13,2025-08-29,642.69,0,0,64216897,-43193036,0.0402043717559259,99.2998867572191,0
229.83,230,1500,1505,31500,25585,2025-08-13,2025-12-19,642.69,5,-5915,336067064,-47690522,0.00761306380205113,99.9684931933705,-0.231190150478796
369.94,370,4253,4249,34024,25494,2025-08-13,2025-09-19,642.69,-4,-8530,378355746,-135550145,0.00673810303385745,99.8845102777955,-0.334588530634659
554.65,555,721,728,32445,25480,2025-08-13,2025-09-05,642.69,7,-6965,29963074,-17519099,0.0850380037775831,99.344252862707,-0.273351648351648
562.74,563,992,971,32736,25246,2025-08-13,2025-08-29,642.69,-21,-7490,64216897,-43193036,0.0393136404582115,99.3392003976773,-0.296680662283134
551.78,552,1095,1143,31755,25146,2025-08-13,2025-08-29,642.69,48,-6609,64216897,-43193036,0.0391579182033663,99.3783583158806,-0.262825101407778
399.33,400,392,375,29792,25125,2025-08-13,2025-11-21,642.69,-17,-4667,84544368,-7957346,0.029718123861308,99.7992213981658,-0.185751243781094
572.69,573,891,798,36531,24738,2025-08-13,2025-08-29,642.69,-93,-11793,64216897,-43193036,0.038522571403598,99.4168808872842,-0.476715983507155
642.6,665,9,11,29529,24640,2025-08-13,2025-08-22,642.69,2,-4889.00000000001,21812630,-24056052,0.112962077475298,99.1201152726654,-0.198417207792208
468.72,470,191,191,28459,24448,2025-08-13,2025-11-21,642.69,0,-4011,84544368,-7957346,0.0289173608820401,99.8281387590478,-0.1640625
563.8,565,317,203,51988,24360,2025-08-13,2025-09-26,642.69,-114,-27628,4143175,979917,0.587954889667948,91.6673082841058,-1.13415435139573
633.44,644,0,23,0,24288,2025-08-13,2025-09-26,642.69,23,24288,4143175,979917,0.586217091964496,92.2535253760703,1
636.66,646,4,26,5160,24284,2025-08-13,2025-09-12,642.69,22,19124,18876104,-3423648,0.128649428928766,99.1174608912941,0.787514412782079
570.69,571,803,780,31317,24180,2025-08-13,2025-08-29,642.69,-23,-7137,64216897,-43193036,0.037653641221562,99.4545345285058,-0.295161290322581
582.95,583,4675,4685,42075,23425,2025-08-13,2025-08-15,642.69,10,-18650,33318727,-69033983,0.0703058073017015,96.3378462808618,-0.79615795090715
578.63,579,630,629,28980,23273,2025-08-13,2025-08-29,642.69,-1,-5707,64216897,-43193036,0.0362412403701163,99.4907757688759,-0.245219782580673
642.1,700,2,4,13796,23160,2025-08-13,2025-10-17,642.69,2,9364,269109292,-17963974,0.0086061688274963,99.9294260712484,0.404317789291883
154.94,155,3833,3842,22998,23052,2025-08-13,2025-12-19,642.69,9,54,336067064,-47690522,0.0068593451930773,99.9753525385636,0.00234252993232691
568.95,569,4593,4593,22965,22965,2025-08-13,2025-08-15,642.69,0,0,33318727,-69033983,0.0689252023344109,96.4067714831962,0
519.78,520,1040,1026,29120,22572,2025-08-13,2025-09-05,642.69,-14,-6548,29963074,-17519099,0.0753327245395449,99.4195855872465,-0.290093921672869
559.47,560,400,425,30800,22525,2025-08-13,2025-09-12,642.69,25,-8275,18876104,-3423648,0.119330768679808,99.2367916599739,-0.367369589345172
487.95,488,4500,4500,22500,22500,2025-08-13,2025-08-15,642.69,0,0,33318727,-69033983,0.0675295907913889,96.4743010739876,0
344.95,345,4491,4496,26946,22480,2025-08-13,2025-09-19,642.69,5,-4466,378355746,-135550145,0.00594149824276754,99.8904517760383,-0.198665480427046
563.68,564,698,698,22336,22336,2025-08-13,2025-08-29,642.69,0,0,64216897,-43193036,0.0347821228422171,99.5255578917181,0
638.45,647,27,26,32886,22230,2025-08-13,2025-08-29,642.69,-1,-10656,64216897,-43193036,0.0346170572520812,99.5601749489702,-0.479352226720648
558.75,559,882,885,29106,22125,2025-08-13,2025-08-29,642.69,3,-6981,64216897,-43193036,0.0344535488844938,99.5946284978547,-0.315525423728814
214.97,215,7306,7306,21918,21918,2025-08-13,2025-09-19,642.69,0,0,378355746,-135550145,0.00579296078669835,99.896244736825,0
568.71,569,755,755,27935,21895,2025-08-13,2025-08-29,642.69,0,-6040,64216897,-43193036,0.0340953876983499,99.6287238855531,-0.275862068965517
404.89,405,1977,1984,27678,21824,2025-08-13,2025-09-19,642.69,7,-5854,378355746,-135550145,0.0057681164435124,99.9020128532685,-0.268236803519062
641.95,660,0,12,0,21660,2025-08-13,2025-09-12,642.69,12,21660,18876104,-3423648,0.114748255254368,99.3515399152283,1
560.74,561,842,832,28628,21632,2025-08-13,2025-08-29,642.69,-10,-6996,64216897,-43193036,0.0336858381681071,99.6624097237212,-0.32340976331361
544.71,545,754,732,27898,21228,2025-08-13,2025-09-05,642.69,-22,-6670,29963074,-17519099,0.0708472034611669,99.4904327907077,-0.314207650273224
578.95,579,4237,4236,29659,21180,2025-08-13,2025-08-15,642.69,-1,-8479.00000000001,33318727,-69033983,0.0635678547982941,96.5378689287859,-0.400330500472144
604.48,608,33,59,16137,20768,2025-08-13,2025-09-26,642.69,26,4631,4143175,979917,0.501258093129062,92.7547834691993,0.222987288135593
324.95,325,4083,4083,20415,20415,2025-08-13,2025-09-19,642.69,0,0,378355746,-135550145,0.00539571559724641,99.9074085688658,0
349.95,350,4045,4045,28315,20225,2025-08-13,2025-09-19,642.69,0,-8090,378355746,-135550145,0.005345498307828,99.9127540671736,-0.4
349.78,350,917,917,20174,20174,2025-08-13,2025-10-17,642.69,0,0,269109292,-17963974,0.00749658246657644,99.936922653715,0
364.79,365,949,950,23725,19950,2025-08-13,2025-10-17,642.69,1,-3775,269109292,-17963974,0.00741334490969565,99.9443359986247,-0.18922305764411
572.96,573,4972,4972,34804,19888,2025-08-13,2025-08-15,642.69,0,-14916,33318727,-69033983,0.0596901556292952,96.5975590844152,-0.75
539.92,540,2483,2480,27313,19840,2025-08-13,2025-08-22,642.69,-3,-7473,21812630,-24056052,0.0909564779671227,99.2110717506326,-0.376663306451613
447.95,448,3920,3920,19600,19600,2025-08-13,2025-08-15,642.69,0,0,33318727,-69033983,0.0588257768671654,96.6563848612824,0
458.82,460,163,165,22820,19470,2025-08-13,2025-11-21,642.69,2,-3350,84544368,-7957346,0.0230293282220763,99.8511680872699,-0.17205957883924
573.67,574,635,589,26670,19437,2025-08-13,2025-08-29,642.69,-46,-7233,64216897,-43193036,0.0302677346742556,99.6926774583954,-0.372125327982713
339.8,340,964,964,19280,19280,2025-08-13,2025-10-17,642.69,0,0,269109292,-17963974,0.00716437543152542,99.9515003740562,0
635.47,730,2,2,18906,18906,2025-08-13,2025-10-17,642.69,0,0,269109292,-17963974,0.00702539843923338,99.9585257724954,0
637.48,646,11,22,12496,18744,2025-08-13,2025-09-05,642.69,11,6248,29963074,-17519099,0.0625569993252361,99.5529897900329,0.333333333333333
374.94,375,3122,3119,28098,18714,2025-08-13,2025-09-19,642.69,-3,-9384,378355746,-135550145,0.00494613870619002,99.9177002058798,-0.501442770118628
624.08,631,20,27,17420,18684,2025-08-13,2025-09-26,642.69,7,1264,4143175,979917,0.45095850404581,93.2057419732452,0.0676514664953971
254.77,255,780,790,22620,18170,2025-08-13,2025-12-19,642.69,10,-4450,336067064,-47690522,0.0054066589518573,99.9807591975154,-0.244909190974133
596.75,597,723,721,35427,18025,2025-08-13,2025-08-22,642.69,-2,-17402,21812630,-24056052,0.0826356106530941,99.2937073612856,-0.965436893203884
552.79,553,857,856,24853,17976,2025-08-13,2025-08-29,642.69,-1,-6877,64216897,-43193036,0.0279926325309677,99.7206700909264,-0.382565643079662
577.95,578,3501,3578,24507,17890,2025-08-13,2025-08-15,642.69,77,-6617,33318727,-69033983,0.0536935279670199,96.7100783892494,-0.369871436556736
264.71,265,616,616,17864,17864,2025-08-13,2025-12-19,642.69,0,0,336067064,-47690522,0.00531560569708194,99.9860748032125,0
642.15,660,7,10,15820,17850,2025-08-13,2025-08-29,642.69,3,2030,64216897,-43193036,0.0277964224898628,99.7484665134163,0.113725490196078
625.09,632.5,13,24,12376,17784,2025-08-13,2025-09-26,642.69,11,5408,4143175,979917,0.429236032752659,93.6349780059978,0.304093567251462
597.74,598,747,683,30627,17758,2025-08-13,2025-08-22,642.69,-64,-12869,21812630,-24056052,0.0814115491804519,99.3751189104661,-0.724687464804595
548.97,549,5752,5891,28760,17673,2025-08-13,2025-08-15,642.69,139,-11087,33318727,-69033983,0.0530422425802763,96.7631206318297,-0.627341141854807
641.81,730,2,2,18906,17638,2025-08-13,2025-08-29,642.69,0,-1268,64216897,-43193036,0.027466291309591,99.7759328047258,-0.0718902369883207
568.68,570,71,130,13206,17160,2025-08-13,2025-09-26,642.69,59,3954,4143175,979917,0.414175119322742,94.0491531253206,0.23041958041958
269.98,270,8741,8547,17482,17094,2025-08-13,2025-09-19,642.69,-194,-388,378355746,-135550145,0.00451797023851727,99.9222181761183,-0.0226980226980227
394.72,395,598,605,21528,16940,2025-08-13,2025-10-17,642.69,7,-4588,269109292,-17963974,0.00629484023910999,99.9648206127345,-0.270838252656434
394.92,395,2105,2110,23155,16880,2025-08-13,2025-09-19,642.69,5,-6275,378355746,-135550145,0.00446140971254075,99.9266795858308,-0.371741706161137
549.91,550,1623,1864,22722,16776,2025-08-13,2025-08-22,642.69,241,-5946,21812630,-24056052,0.0769095702810711,99.4520284807472,-0.354434907010015
339.96,340,4313,4184,21565,16736,2025-08-13,2025-09-19,642.69,-129,-4829,378355746,-135550145,0.00442335029319206,99.931102936124,-0.288539674952199
630.26,685,3,3,16422,16422,2025-08-13,2025-10-17,642.69,0,0,269109292,-17963974,0.00610235338882316,99.9709229661234,0
514.71,515,532,560,19152,16240,2025-08-13,2025-09-12,642.69,28,-2912,18876104,-3423648,0.0860347029238661,99.4375746181522,-0.179310344827586
611.35,613,101,98,28280,16170,2025-08-13,2025-09-05,642.69,-3,-12110,29963074,-17519099,0.0539664254742354,99.6069562155071,-0.748917748917749
524.99,525,16153,16126,48459,16126,2025-08-13,2025-08-15,642.69,-27,-32333,33318727,-69033983,0.048399208048975,96.8115198398787,-2.00502294431353
641.3,695,2,3,13012,16110,2025-08-13,2025-11-21,642.69,1,3098,84544368,-7957346,0.0190550835982357,99.8702231708681,0.192302917442582
449.99,450,15598,15596,15598,15596,2025-08-13,2025-08-15,642.69,-2,-1.99999999999818,33318727,-69033983,0.0468085110214445,96.8583283509001,-0.000128238009745972
565.71,566,536,536,24120,15544,2025-08-13,2025-08-29,642.69,0,-8576,64216897,-43193036,0.0242054672931332,99.800138272019,-0.551724137931035
581.94,582,2481,2560,17367,15360,2025-08-13,2025-08-15,642.69,79,-2007,33318727,-69033983,0.0461002006469215,96.904428551547,-0.1306640625
384.93,385,2196,2188,21960,15316,2025-08-13,2025-09-19,642.69,-8,-6644,378355746,-135550145,0.00404804213017027,99.9351509782542,-0.433794724471141
642,680,0,4,0,15200,2025-08-13,2025-09-19,642.69,4,15200,378355746,-135550145,0.00401738315347271,99.9391683614077,1
529.99,530,15166,15159,45498,15159,2025-08-13,2025-08-15,642.69,-7,-30339,33318727,-69033983,0.0454969363025184,96.9499254878495,-2.00138531565407
514.87,515,1153,1165,17295,15145,2025-08-13,2025-08-29,642.69,12,-2150,64216897,-43193036,0.0235841354963009,99.8237224075153,-0.141961043248597
269.99,270,15028,15028,15028,15028,2025-08-13,2025-08-15,642.69,0,0,33318727,-69033983,0.0451037640183552,96.9950292518679,0
635.7,665,5,5,14650,14650,2025-08-13,2025-08-15,642.69,0,0,33318727,-69033983,0.0439692668930599,97.0389985187609,0
469.99,470,14497,14497,14497,14497,2025-08-13,2025-08-15,642.69,0,0,33318727,-69033983,0.0435100656756784,97.0825085844366,0
224.99,225,14412,14412,28824,14412,2025-08-13,2025-09-19,642.69,0,-14412,378355746,-135550145,0.00380911355314794,99.9429774749608,-1
637.53,685,3,3,14241,14241,2025-08-13,2025-11-21,642.69,0,0,84544368,-7957346,0.0168444100262243,99.8870675808943,0
463.75,465,112,113,16016,14125,2025-08-13,2025-11-21,642.69,1,-1891,84544368,-7957346,0.0167072039618298,99.9037747848562,-0.13387610619469
399.99,400,14063,14063,14063,14063,2025-08-13,2025-08-15,642.69,0,0,33318727,-69033983,0.0422074949021912,97.1247160793388,0
625.04,632,15,20,14265,13920,2025-08-13,2025-09-26,642.69,5,-345.000000000002,4143175,979917,0.335974222667399,94.385127347988,-0.0247844827586208
434.56,435,317,316,16484,13904,2025-08-13,2025-10-17,642.69,-1,-2580,269109292,-17963974,0.00516667406638638,99.9760896401898,-0.185558112773303
442.96,443,3463,3463,13852,13852,2025-08-13,2025-08-15,642.69,0,0,33318727,-69033983,0.0415742174063253,97.1662902967451,0
575.96,576,3376,3462,27008,13848,2025-08-13,2025-08-15,642.69,86,-13160,33318727,-69033983,0.0415622121457401,97.2078525088909,-0.950317735413056
434.05,435,117,145,12168,13775,2025-08-13,2025-11-21,642.69,28,1607,84544368,-7957346,0.0162932201468464,99.920068005003,0.116660617059891
562.98,563,6603,6859,39618,13718,2025-08-13,2025-08-15,642.69,256,-25900,33318727,-69033983,0.0411720411767232,97.2490245500676,-1.88803032512028
484.95,485,2738,2738,13690,13690,2025-08-13,2025-08-22,642.69,0,0,21812630,-24056052,0.0627618035972737,99.5147902843444,0
542.98,543,6766,6695,20298,13390,2025-08-13,2025-08-15,642.69,-71,-6908,33318727,-69033983,0.0401876098087421,97.2892121598763,-0.515907393577297
244.99,245,13205,13205,13205,13205,2025-08-13,2025-08-15,642.69,0,0,33318727,-69033983,0.0396323665066796,97.328844526383,0
571.97,572,4391,4381,26346,13143,2025-08-13,2025-08-15,642.69,-10,-13203,33318727,-69033983,0.03944628496761,97.3682908113506,-1.00456516776992
359.94,360,2230,2187,15610,13122,2025-08-13,2025-09-19,642.69,-43,-2488,378355746,-135550145,0.00346816458814927,99.946445639549,-0.189605243103186
419.63,420,342,351,15732,12987,2025-08-13,2025-10-17,642.69,9,-2745,269109292,-17963974,0.00482592031790563,99.9809155605077,-0.211365211365211
179.91,180,1437,1437,15807,12933,2025-08-13,2025-12-19,642.69,0,-2874,336067064,-47690522,0.00384833903271164,99.9899231422452,-0.222222222222222
583.96,584,3225,3225,25800,12900,2025-08-13,2025-08-15,642.69,0,-12900,33318727,-69033983,0.038716965387063,97.4070077767377,-1
585.94,586,2091,2129,16728,12774,2025-08-13,2025-08-15,642.69,38,-3954,33318727,-69033983,0.0383387996786312,97.4453465764163,-0.309534992954439
638.44,649,0,12,0,12672,2025-08-13,2025-09-12,642.69,12,12672,18876104,-3423648,0.0671324972568492,99.504707115409,1
234.99,235,12355,12369,12355,12369,2025-08-13,2025-09-19,642.69,14,14,378355746,-135550145,0.00326914554113842,99.9497147850901,0.00113186191284663
319.99,320,12280,12280,12280,12280,2025-08-13,2025-08-15,642.69,0,0,33318727,-69033983,0.0368561499963669,97.4822027264127,0
638.56,648,11,13,13519,12272,2025-08-13,2025-09-05,642.69,2,-1247,29963074,-17519099,0.0409570793704278,99.6479132948776,-0.101613428943937
199.99,200,12271,12267,12271,12267,2025-08-13,2025-09-19,642.69,-4,-4,378355746,-135550145,0.00324218678576643,99.9529569718759,-0.000326078095703921
558.92,560,99,113,13959,12204,2025-08-13,2025-09-26,642.69,14,-1755,4143175,979917,0.294556710735125,94.6796840587231,-0.143805309734513
586.95,587,2427,2426,21843,12130,2025-08-13,2025-08-15,642.69,-1,-9712.99999999999,33318727,-69033983,0.0364059527244243,97.5186086791371,-0.800741962077493
629.41,750,1,1,12059,12059,2025-08-13,2025-12-19,642.69,0,0,336067064,-47690522,0.00358827189325521,99.9935114141385,0
595.75,596,451,482,18491,12050,2025-08-13,2025-08-22,642.69,31,-6441,21812630,-24056052,0.055243223765314,99.5700335081098,-0.534522821576764
324.99,325,12039,12039,12039,12039,2025-08-13,2025-08-15,642.69,0,0,33318727,-69033983,0.0361328330461125,97.5547415121832,0
439.97,440,4032,4010,24192,12030,2025-08-13,2025-08-29,642.69,-22,-12162,64216897,-43193036,0.0187333872578739,99.8424557947732,-1.01097256857855
639.03,651,3,10,4416,11970,2025-08-13,2025-09-12,642.69,7,7554,18876104,-3423648,0.0634135094826771,99.5681206248917,0.631077694235589
635.1,675,3,3,11970,11970,2025-08-13,2025-08-15,642.69,0,0,33318727,-69033983,0.0359257423010189,97.5906672544843,0
636.75,650,1,9,1667,11925,2025-08-13,2025-09-26,642.69,8,10258,4143175,979917,0.287822744634248,94.9675068033573,0.86020964360587
439.99,440,11906,11906,11906,11906,2025-08-13,2025-08-15,642.69,0,0,33318727,-69033983,0.0357336581316567,97.6264009126159,0
541.99,542,11899,11895,35697,11895,2025-08-13,2025-08-15,642.69,-4,-23802,33318727,-69033983,0.0357006436650476,97.6621015562809,-2.00100882723834
587.95,588,2310,2328,23100,11640,2025-08-13,2025-08-15,642.69,18,-11460,33318727,-69033983,0.0349353083027452,97.6970368645837,-0.984536082474227
424.01,425,117,117,11583,11583,2025-08-13,2025-11-21,642.69,0,0,84544368,-7957346,0.0137004986541504,99.9337685036572,0
493.3,495,62,68,12152,11560,2025-08-13,2025-11-21,642.69,6,-592,84544368,-7957346,0.0136732940034515,99.9474417976606,-0.0512110726643599
616.04,621,8,23,5480,11408,2025-08-13,2025-09-26,642.69,15,5928,4143175,979917,0.275344391680294,95.2428511950376,0.519635343618513
621,627,10,19,7700,11400,2025-08-13,2025-09-26,642.69,9,3700,4143175,979917,0.275151303046577,95.5180024980842,0.324561403508772
556.98,557,5734,5699,34404,11398,2025-08-13,2025-08-15,642.69,-35,-23006,33318727,-69033983,0.0342089900373445,97.731245854621,-2.01842428496227
554.5,555,197,226,13987,11300,2025-08-13,2025-09-12,642.69,29,-2687,18876104,-3423648,0.0598640482167295,99.6279846731084,-0.237787610619469
309.97,310,3761,3756,11283,11268,2025-08-13,2025-09-19,642.69,-5,-15,378355746,-135550145,0.0029781495640349,99.9559351214399,-0.00133120340788072
617.64,623,16,21,12112,11256,2025-08-13,2025-09-26,642.69,5,-856,4143175,979917,0.271675707639673,95.7896782057239,-0.0760483297796731
580.96,581,2594,2787,20752,11148,2025-08-13,2025-08-15,642.69,193,-9604,33318727,-69033983,0.0334586612507735,97.7647045158718,-0.861499820595623
284.99,285,11111,11111,11111,11111,2025-08-13,2025-08-15,642.69,0,0,33318727,-69033983,0.033347612590361,97.7980521284622,0
605.32,609,22,30,10890,11040,2025-08-13,2025-09-26,642.69,8,150,4143175,979917,0.266462314529316,96.0561405202532,0.0135869565217391
334.97,335,3675,3675,11025,11025,2025-08-13,2025-08-15,642.69,0,0,33318727,-69033983,0.0330894994877805,97.8311416279499,0
529.69,530,355,355,11005,11005,2025-08-13,2025-09-05,642.69,0,0,29963074,-17519099,0.0367285412704985,99.6846418361481,0
439.02,440,102,112,11220,10976,2025-08-13,2025-11-21,642.69,10,-244,84544368,-7957346,0.0129825324378792,99.9604243300985,-0.0222303206997085
519.95,520,2176,2177,17408,10885,2025-08-13,2025-08-22,642.69,1,-6523,21812630,-24056052,0.049902281384684,99.6199357894944,-0.599265043638034
438.97,439,3625,3625,10875,10875,2025-08-13,2025-08-15,642.69,0,0,33318727,-69033983,0.032639302215838,97.8637809301658,0
354.77,355,472,472,10856,10856,2025-08-13,2025-10-17,642.69,0,0,269109292,-17963974,0.00403404873882987,99.9849496092465,0
462.99,463,10841,10841,10841,10841,2025-08-13,2025-08-15,642.69,0,0,33318727,-69033983,0.0325372575008643,97.8963181876667,0
509.74,510,387,415,13158,10790,2025-08-13,2025-09-12,642.69,28,-2368,18876104,-3423648,0.0571622194919036,99.6851468926003,-0.219462465245598
379.76,380,466,449,13514,10776,2025-08-13,2025-10-17,642.69,-17,-2738,269109292,-17963974,0.00400432103994388,99.9889539302865,-0.254083147735709
169.93,170,1528,1528,13752,10696,2025-08-13,2025-12-19,642.69,0,-3056,336067064,-47690522,0.00318269808195188,99.9966941122204,-0.285714285714286
621.71,628,9,17,7749,10693,2025-08-13,2025-09-26,642.69,8,2944,4143175,979917,0.258087095041846,96.314227615295,0.275320303001964
414.99,415,10646,10646,10646,10646,2025-08-13,2025-08-15,642.69,0,0,33318727,-69033983,0.0319520010473389,97.928270188714,0
556.77,557,472,460,15104,10580,2025-08-13,2025-08-29,642.69,-12,-4524,64216897,-43193036,0.0164754145626189,99.8589312093358,-0.427599243856333
563.97,564,3402,3510,17010,10530,2025-08-13,2025-08-15,642.69,108,-6480,33318727,-69033983,0.03160384849037,97.9598740372044,-0.615384615384616
259.98,260,5228,5228,10456,10456,2025-08-13,2025-09-19,642.69,0,0,378355746,-135550145,0.00276353672715202,99.9586986581671,0
476.96,477,2540,2540,10160,10160,2025-08-13,2025-08-15,642.69,0,0,33318727,-69033983,0.0304933618862449,97.9903673990906,0
344.84,345,594,632,11880,10112,2025-08-13,2025-10-17,642.69,38,-1768,269109292,-17963974,0.0037575811391901,99.9927115114256,-0.174841772151899
459.98,460,5039,5039,10078,10078,2025-08-13,2025-08-15,642.69,0,0,33318727,-69033983,0.0302472540442497,98.0206146531349,0
561.96,562,2494,2494,12470,9976,2025-08-13,2025-08-15,642.69,0,-2494,33318727,-69033983,0.0299411198993287,98.0505557730342,-0.25
611.67,616,28,23,16940,9959,2025-08-13,2025-09-26,642.69,-5,-6981,4143175,979917,0.240371212898321,96.5545988281934,-0.700973993372829
489.99,490,9924,9923,9924,9923,2025-08-13,2025-08-15,642.69,-1,-1,33318727,-69033983,0.0297820501965756,98.0803378232308,-0.000100775975007558
555.98,556,4955,4955,24775,9910,2025-08-13,2025-08-15,642.69,0,-14865,33318727,-69033983,0.0297430330996739,98.1100808563304,-1.5
619.87,626,11,16,8382,9808,2025-08-13,2025-09-26,642.69,5,1426,4143175,979917,0.236726664936914,96.7913254931303,0.145391517128874
204.99,205,9799,9799,9799,9799,2025-08-13,2025-09-19,642.69,0,0,378355746,-135550145,0.00258989062637362,99.9612885487934,0
534.73,535,362,362,12670,9774,2025-08-13,2025-09-05,642.69,0,-2896,29963074,-17519099,0.0326201510565972,99.7172619872047,-0.296296296296296
642.75,675,3,3,12060,9675,2025-08-13,2025-08-22,642.69,0,-2385,21812630,-24056052,0.0443550365086649,99.6642908260031,-0.246511627906977
548.79,549,461,457,14291,9597,2025-08-13,2025-08-29,642.69,-4,-4694,64216897,-43193036,0.0149446647974909,99.8738758741333,-0.489111180577264
359.99,360,9564,9564,9564,9564,2025-08-13,2025-08-15,642.69,0,0,33318727,-69033983,0.0287045780590597,98.1387854343895,0
573.96,574,2347,2365,14082,9460,2025-08-13,2025-08-15,642.69,18,-4622,33318727,-69033983,0.0283924412838462,98.1671778756733,-0.488583509513742
259.99,260,9331,9331,9331,9331,2025-08-13,2025-08-15,642.69,0,0,33318727,-69033983,0.0280052716299755,98.1951831473033,0
565.97,566,3083,3103,15415,9309,2025-08-13,2025-08-15,642.69,20,-6106,33318727,-69033983,0.0279392426967573,98.2231223900001,-0.655924374261467
635.5,651,6,6,9300,9300,2025-08-13,2025-09-05,642.69,0,0,29963074,-17519099,0.0310382038905621,99.7483001910952,0
329.97,330,3079,3089,15395,9267,2025-08-13,2025-09-19,642.69,10,-6128,378355746,-135550145,0.00244928221600208,99.9637378310094,-0.661271177295781
419.99,420,5725,9265,5725,9265,2025-08-13,2025-08-22,642.69,3540,3540,21812630,-24056052,0.042475391550675,99.7067662175538,0.382083108472747
314.99,315,9247,9247,9247,9247,2025-08-13,2025-08-29,642.69,0,0,64216897,-43193036,0.0143996369055328,99.8882755110388,0
369.78,370,250,420,6500,9240,2025-08-13,2025-10-17,642.69,170,2740,269109292,-17963974,0.00343354922133272,99.996145060647,0.296536796536797
389.3,390,132,132,9240,9240,2025-08-13,2025-11-21,642.69,0,0,84544368,-7957346,0.0109291727155616,99.971353502814,0
349.99,350,9171,9171,9171,9171,2025-08-13,2025-08-15,642.69,0,0,33318727,-69033983,0.0275250612065701,98.2506474512066,0
430.97,431,3055,3055,9165,9165,2025-08-13,2025-08-15,642.69,0,0,33318727,-69033983,0.0275070533156924,98.2781545045223,0
621.41,627.5,13,15,10595,9135,2025-08-13,2025-09-26,642.69,2,-1460,4143175,979917,0.22048308362548,97.0118085767557,-0.159824849480022
404.99,405,9112,9112,9112,9112,2025-08-13,2025-08-15,642.69,0,0,33318727,-69033983,0.0273479836129394,98.3055024881353,0
499.96,500,1973,2269,11838,9076,2025-08-13,2025-08-22,642.69,296,-2762,21812630,-24056052,0.0416089210700406,99.7483751386238,-0.304319083296606
219.99,220,9373,9073,9373,9073,2025-08-13,2025-09-19,642.69,-300,-300,378355746,-135550145,0.00239800772049065,99.9661358387299,-0.0330651383224953
379.45,380,162,164,10044,9020,2025-08-13,2025-11-21,642.69,2,-1024,84544368,-7957346,0.010668954317572,99.9820224571316,-0.113525498891353
607.9,612,19,22,9937,9020,2025-08-13,2025-09-26,642.69,3,-917.000000000002,4143175,979917,0.2177074345158,97.2295160112716,-0.101662971175167
279.99,280,8982,8982,8982,8982,2025-08-13,2025-08-15,642.69,0,0,33318727,-69033983,0.0269578126439224,98.3324603007792,0
505.96,506,2215,2215,8860,8860,2025-08-13,2025-08-15,642.69,0,0,33318727,-69033983,0.0265916521960758,98.3590519529753,0
567.97,568,2949,2949,17694,8847,2025-08-13,2025-08-15,642.69,0,-8847,33318727,-69033983,0.0265526350991741,98.3856045880744,-1
609.79,614,18,21,10152,8841,2025-08-13,2025-09-26,642.69,3,-1311,4143175,979917,0.213387076336385,97.4429030876079,-0.148286392941975
642.19,730,1,1,9265,8781,2025-08-13,2025-11-21,642.69,0,-484,84544368,-7957346,0.0103862625124834,99.9924087196441,-0.055119006946817
154.99,155,8568,8568,8568,8568,2025-08-13,2025-09-19,642.69,0,0,378355746,-135550145,0.00226453545124699,99.9684003741812,0
540.98,541,4274,4273,8548,8546,2025-08-13,2025-08-15,642.69,-1,-2,33318727,-69033983,0.0256492392401426,98.4112538273146,-0.000234027615258601
524.94,525,1356,1377,13560,8262,2025-08-13,2025-08-22,642.69,21,-5298,21812630,-24056052,0.037877138153446,99.7862522767773,-0.641249092229485
509.96,510,2013,2065,16104,8260,2025-08-13,2025-08-22,642.69,52,-7844,21812630,-24056052,0.0378679691536509,99.8241202459309,-0.949636803874092
545.97,546,2725,2741,8175,8223,2025-08-13,2025-08-15,642.69,16,48,33318727,-69033983,0.0246798144478929,98.4359336417625,0.00583728566216709
364.99,365,8208,8208,8208,8208,2025-08-13,2025-08-15,642.69,0,0,33318727,-69033983,0.0246347947206987,98.4605684364832,0
607.27,611,20,22,10940,8206,2025-08-13,2025-09-26,642.69,2,-2734,4143175,979917,0.198060666035106,97.640963753643,-0.333170850597124
294.98,295,4064,4064,12192,8128,2025-08-13,2025-09-19,642.69,0,-4064,378355746,-135550145,0.00214824278101488,99.9705486169622,-0.5
507.99,508,8103,8102,16206,8102,2025-08-13,2025-08-15,642.69,-1,-8104,33318727,-69033983,0.0243166553151926,98.4848850917984,-1.00024685262898
274.98,275,4050,4050,12150,8100,2025-08-13,2025-09-19,642.69,0,-4050,378355746,-135550145,0.00214084233836375,99.9726894593006,-0.5
534.99,535,8081,8079,32324,8079,2025-08-13,2025-08-15,642.69,-2,-24245,33318727,-69033983,0.024247625066828,98.5091327168652,-3.00099022156207
639.04,648,7,9,10094,8064,2025-08-13,2025-08-29,642.69,2,-2030,64216897,-43193036,0.0125574426307145,99.9008329536695,-0.251736111111111
509.99,510,7957,7957,7957,7957,2025-08-13,2025-08-15,642.69,0,0,33318727,-69033983,0.0238814646189814,98.5330141814842,0
484.93,485,1126,1126,11260,7882,2025-08-13,2025-08-29,642.69,0,-3378,64216897,-43193036,0.0122740281268963,99.9131069817964,-0.428571428571428
264.98,265,3919,3919,7838,7838,2025-08-13,2025-09-19,642.69,0,0,378355746,-135550145,0.00207159533927099,99.9747610546398,0
334.96,335,2018,1927,10090,7708,2025-08-13,2025-09-19,642.69,-91,-2382,378355746,-135550145,0.00203723614124787,99.9767982907811,-0.309029579657499
588.94,589,987,1251,7896,7506,2025-08-13,2025-08-15,642.69,264,-390.000000000001,33318727,-69033983,0.0225278714880073,98.5555420529722,-0.0519584332533974
461.99,462,7499,7499,7499,7499,2025-08-13,2025-08-15,642.69,0,0,33318727,-69033983,0.0225068622819833,98.5780489152542,0
419.96,420,1874,1874,7496,7496,2025-08-13,2025-08-29,642.69,0,0,64216897,-43193036,0.0116729402231939,99.9247799220196,0
479.99,480,7475,7471,7475,7471,2025-08-13,2025-08-15,642.69,-4,-3.99999999999909,33318727,-69033983,0.0224228254578874,98.6004717407121,-0.000535403560433555
514.99,515,7373,7447,14746,7447,2025-08-13,2025-08-15,642.69,74,-7299,33318727,-69033983,0.0223507938943766,98.6228225346064,-0.980126225325635
636.2,651,4,5,6912,7400,2025-08-13,2025-09-26,642.69,1,488,4143175,979917,0.178606986188129,97.8195707398312,0.065945945945946
640.44,665,1,3,2800,7368,2025-08-13,2025-09-26,642.69,2,4568,4143175,979917,0.177834631653261,97.9974053714844,0.619978284473398
638.34,675,2,2,7332,7332,2025-08-13,2025-09-19,642.69,0,0,378355746,-135550145,0.00193785876850407,99.9787361495496,0
636.74,655,3,4,6195,7304,2025-08-13,2025-09-26,642.69,1,1109,4143175,979917,0.176289922583526,98.173695294068,0.151834611171961
558.97,559,2423,2423,9692,7269,2025-08-13,2025-08-15,642.69,0,-2423,33318727,-69033983,0.021816559798338,98.6446390944048,-0.333333333333333
551.97,552,2313,2417,9252,7251,2025-08-13,2025-08-15,642.69,104,-2001,33318727,-69033983,0.0217625361257049,98.6664016305305,-0.275961936284651
529.94,530,1178,1206,11780,7236,2025-08-13,2025-08-22,642.69,28,-4544,21812630,-24056052,0.0331734412585736,99.8572936871895,-0.627971254836927
560.98,561,3525,3525,21150,7050,2025-08-13,2025-08-15,642.69,0,-14100,33318727,-69033983,0.0211592717813018,98.6875609023118,-2
509.81,510,374,371,8976,7049,2025-08-13,2025-09-05,642.69,-3,-1927,29963074,-17519099,0.0235256235725347,99.7718258146678,-0.273372109519081
547.98,548,2220,3503,6660,7006,2025-08-13,2025-08-15,642.69,1283,346.000000000001,33318727,-69033983,0.0210272139148654,98.7085881162267,0.0493862403654012
194.99,195,6991,6991,6991,6991,2025-08-13,2025-09-19,642.69,0,0,378355746,-135550145,0.00184773194907419,99.9805838814987,0
641.1,655,5,5,9135,6950,2025-08-13,2025-08-15,642.69,0,-2185,33318727,-69033983,0.0208591402666735,98.7294472564933,-0.314388489208633
244.98,245,3441,3441,6882,6882,2025-08-13,2025-09-19,642.69,0,0,378355746,-135550145,0.00181892308303942,99.9824028045817,0
514.75,515,275,275,6875,6875,2025-08-13,2025-09-05,642.69,0,0,29963074,-17519099,0.0229449087900661,99.7947707234578,0
535.97,536,2270,2270,6810,6810,2025-08-13,2025-08-15,642.69,0,0,33318727,-69033983,0.0204389561461937,98.7498862126395,0
641.4,675,0,2,0,6720,2025-08-13,2025-09-05,642.69,2,6720,29963074,-17519099,0.02242760539189,99.8171983288497,1
443.97,444,2211,2211,6633,6633,2025-08-13,2025-08-15,642.69,0,0,33318727,-69033983,0.0199077233653014,98.7697939360048,0
612.29,617,8,14,5208,6594,2025-08-13,2025-09-26,642.69,6,1386,4143175,979917,0.159153306341151,98.3328486004091,0.210191082802548
534.61,535,143,169,7007,6591,2025-08-13,2025-09-12,642.69,26,-415.999999999999,18876104,-3423648,0.0349171629908375,99.7200640555911,-0.0631163708086784
519.69,520,186,212,7440,6572,2025-08-13,2025-09-12,642.69,26,-868.000000000001,18876104,-3423648,0.0348165066265793,99.7548805622177,-0.132075471698113
304.97,305,2185,2185,6555,6555,2025-08-13,2025-09-19,642.69,0,0,378355746,-135550145,0.00173249648493511,99.9841353010666,0
254.98,255,3269,3269,6538,6538,2025-08-13,2025-09-19,642.69,0,0,378355746,-135550145,0.00172800335903978,99.9858633044257,0
482.96,483,1634,1634,6536,6536,2025-08-13,2025-08-15,642.69,0,0,33318727,-69033983,0.0196165957961119,98.7894105318009,0
608.95,613,10,16,5330,6480,2025-08-13,2025-09-26,642.69,6,1150,4143175,979917,0.156401793310686,98.4892503937198,0.177469135802469
524.77,525,283,281,7924,6463,2025-08-13,2025-09-05,642.69,-2,-1461,29963074,-17519099,0.0215698829833014,99.838768211833,-0.226056011140337
484.99,485,6378,6374,6378,6374,2025-08-13,2025-08-15,642.69,-4,-4,33318727,-69033983,0.0191303827424139,98.8085409145434,-0.000627549419516787
334.82,335,353,353,6354,6354,2025-08-13,2025-10-17,642.69,0,0,269109292,-17963974,0.00236112248402036,99.998506183131,0
550.98,551,3066,3065,15330,6130,2025-08-13,2025-08-15,642.69,-1,-9200,33318727,-69033983,0.0183980618467206,98.8269389763901,-1.50081566068516
553.97,554,2031,2031,8124,6093,2025-08-13,2025-08-15,642.69,0,-2031,33318727,-69033983,0.0182870131863081,98.8452259895764,-0.333333333333333
264.98,265,3044,3044,6088,6088,2025-08-13,2025-08-15,642.69,0,0,33318727,-69033983,0.0182720066105767,98.863497996187,0
454.95,455,1200,1204,13200,6020,2025-08-13,2025-08-29,642.69,4,-7180,64216897,-43193036,0.0093744797416792,99.9341544017613,-1.19269102990033
640.47,660,0,3,0,5859,2025-08-13,2025-09-26,642.69,3,5859,4143175,979917,0.141413288118412,98.6306636818382,1
472.99,473,5851,5851,5851,5851,2025-08-13,2025-08-15,642.69,0,0,33318727,-69033983,0.0175606949209074,98.8810586911079,0
508.98,509,2922,2923,2922,5846,2025-08-13,2025-08-15,642.69,1,2924,33318727,-69033983,0.017545688345176,98.898604379453,0.500171057133082
626.75,685,1,1,5825,5825,2025-08-13,2025-12-19,642.69,0,0,336067064,-47690522,0.0017332849969493,99.9984273972174,0
453.99,454,5796,5796,5796,5796,2025-08-13,2025-08-15,642.69,0,0,33318727,-69033983,0.0173956225878618,98.9160000020409,0
435.98,436,2892,2892,5784,5784,2025-08-13,2025-08-15,642.69,0,0,33318727,-69033983,0.0173596068061064,98.933359608847,0
494.99,495,5768,5768,5768,5768,2025-08-13,2025-08-15,642.69,0,0,33318727,-69033983,0.0173115857637658,98.9506711946108,0
274.99,275,5746,5746,5746,5746,2025-08-13,2025-08-15,642.69,0,0,33318727,-69033983,0.0172455568305476,98.9679167514413,0
436.97,437,1896,1896,5688,5688,2025-08-13,2025-08-15,642.69,0,0,33318727,-69033983,0.0170714805520631,98.9849882319934,0
642.02,670,1,2,3752,5596,2025-08-13,2025-08-15,642.69,1,1844,33318727,-69033983,0.016795359558605,99.001783591552,0.32952108649035
299.99,300,5595,5595,5595,5595,2025-08-13,2025-08-15,642.69,0,0,33318727,-69033983,0.0167923582434587,99.0185759497954,0
493.99,494,5548,5540,5548,5540,2025-08-13,2025-08-15,642.69,-8,-8,33318727,-69033983,0.0166272859104131,99.0352032357059,-0.00144404332129964
184.99,185,5512,5512,5512,5512,2025-08-13,2025-09-19,642.69,0,0,378355746,-135550145,0.00145682999618037,99.9873201344219,0
289.99,290,5442,5443,16326,5443,2025-08-13,2025-09-19,642.69,1,-10883,378355746,-135550145,0.00143859319107579,99.9887587276129,-1.99944883336395
546.98,547,2395,2686,11975,5372,2025-08-13,2025-08-15,642.69,291,-6603,33318727,-69033983,0.0161230649658374,99.0513263006717,-1.22915115413254
444.95,445,1219,1073,7314,5365,2025-08-13,2025-08-29,642.69,-146,-1949,64216897,-43193036,0.00835449897244335,99.9425089007337,-0.363280521901211
642.15,695,0,1,0,5285,2025-08-13,2025-12-19,642.69,1,5285,336067064,-47690522,0.00157260278263984,100,1
339.99,340,5240,5240,5240,5240,2025-08-13,2025-08-15,642.69,0,0,33318727,-69033983,0.0157268913665279,99.0670531920382,0
532.98,533,2610,2610,7830,5220,2025-08-13,2025-08-15,642.69,0,-2610,33318727,-69033983,0.0156668650636022,99.0827200571018,-0.5
498.99,499,5213,5213,26065,5213,2025-08-13,2025-08-15,642.69,0,-20852,33318727,-69033983,0.0156458558575782,99.0983659129594,-4
530.99,531,5213,5213,10426,5213,2025-08-13,2025-08-15,642.69,0,-5213,33318727,-69033983,0.0156458558575782,99.114011768817,-1
632.58,643,0,5,0,5210,2025-08-13,2025-09-26,642.69,5,5210,4143175,979917,0.125748972708128,98.7564126545463,1
534.93,535,742,743,8162,5201,2025-08-13,2025-08-22,642.69,1,-2961,21812630,-24056052,0.023843983967087,99.8811376711566,-0.569313593539704
439.74,440,200,200,5200,5200,2025-08-13,2025-09-26,642.69,0,0,4143175,979917,0.125507611915982,98.8819202664623,0
537.99,538,5111,5186,15333,5186,2025-08-13,2025-08-15,642.69,75,-10147,33318727,-69033983,0.0155648203486286,99.1295765891656,-1.95661396066332
459.85,460,344,345,6536,5175,2025-08-13,2025-09-12,642.69,1,-1361,18876104,-3423648,0.0274156150019093,99.7822961772196,-0.262995169082126
531.97,532,1720,1720,5160,5160,2025-08-13,2025-08-15,642.69,0,0,33318727,-69033983,0.0154867861548252,99.1450633753204,0
543.98,544,2588,2580,10352,5160,2025-08-13,2025-08-15,642.69,-8,-5192,33318727,-69033983,0.0154867861548252,99.1605501614753,-1.0062015503876
552.98,553,2565,2558,10260,5116,2025-08-13,2025-08-15,642.69,-7,-5144,33318727,-69033983,0.0153547282883887,99.1759048897637,-1.00547302580141
429.99,430,5103,5102,10206,5102,2025-08-13,2025-08-22,642.69,-1,-5104,21812630,-24056052,0.0233901184772309,99.9045277896338,-1.00039200313603
389.99,390,5044,5046,5044,5046,2025-08-13,2025-08-15,642.69,2,2,33318727,-69033983,0.0151446362281488,99.1910495259918,0.000396353547364249
549.13,550,52,58,6344,5046,2025-08-13,2025-09-26,642.69,6,-1298,4143175,979917,0.121790655716932,99.0037109221792,-0.257233452239398
427.99,428,5042,5042,5042,5042,2025-08-13,2025-08-15,642.69,0,0,33318727,-69033983,0.0151326309675637,99.2061821569594,0
501.98,502,2521,2521,5042,5042,2025-08-13,2025-08-15,642.69,0,0,33318727,-69033983,0.0151326309675637,99.2213147879269,0
639.68,690,0,1,0,5032,2025-08-13,2025-09-05,642.69,1,5032,29963074,-17519099,0.0167940045136891,99.8555622163467,1
344.99,345,5019,5019,5019,5019,2025-08-13,2025-08-15,642.69,0,0,33318727,-69033983,0.0150636007191991,99.2363783886461,0
434.75,435,200,200,5000,5000,2025-08-13,2025-09-26,642.69,0,0,4143175,979917,0.12068039607306,99.1243913182523,0
490.98,491,2492,2492,4984,4984,2025-08-13,2025-08-15,642.69,0,0,33318727,-69033983,0.0149585546890792,99.2513369433352,0
449.77,450,4,214,124,4922,2025-08-13,2025-09-26,642.69,210,4798,4143175,979917,0.11879778189432,99.2431891001466,0.97480698902885
457.99,458,4876,4876,4876,4876,2025-08-13,2025-08-15,642.69,0,0,33318727,-69033983,0.0146344126532805,99.2659713559885,0
526.98,527,2433,2433,7299,4866,2025-08-13,2025-08-15,642.69,0,-2433,33318727,-69033983,0.0146043995018177,99.2805757554903,-0.5
431.99,432,4840,4840,4840,4840,2025-08-13,2025-08-15,642.69,0,0,33318727,-69033983,0.0145263653080143,99.2951021207983,0
495.98,496,2395,2395,4790,4790,2025-08-13,2025-08-15,642.69,0,0,33318727,-69033983,0.0143762995507001,99.309478420349,0
419.99,420,4736,4736,4736,4736,2025-08-13,2025-08-15,642.69,0,0,33318727,-69033983,0.0142142285328008,99.3236926488818,0
515.98,516,2363,2363,4726,4726,2025-08-13,2025-08-15,642.69,0,0,33318727,-69033983,0.0141842153813379,99.3378768642632,0
426.99,427,4683,4683,4683,4683,2025-08-13,2025-08-15,642.69,0,0,33318727,-69033983,0.0140551588300477,99.3519320230932,0
529.66,530,108,137,4968,4658,2025-08-13,2025-09-12,642.69,29,-309.999999999999,18876104,-3423648,0.0246767023534094,99.806972879573,-0.0665521683125803
460.99,461,4629,4629,4629,4629,2025-08-13,2025-08-15,642.69,0,0,33318727,-69033983,0.0138930878121484,99.3658251109053,0
249.99,250,4612,4612,4612,4612,2025-08-13,2025-08-15,642.69,0,0,33318727,-69033983,0.0138420654546616,99.37966717636,0
477.99,478,4565,4565,4565,4565,2025-08-13,2025-08-15,642.69,0,0,33318727,-69033983,0.0137010036427862,99.3933681800028,0
517.98,518,2270,2270,4540,4540,2025-08-13,2025-08-15,642.69,0,0,33318727,-69033983,0.0136259707641291,99.4069941507669,0
374.99,375,4526,4526,4526,4526,2025-08-13,2025-08-15,642.69,0,0,33318727,-69033983,0.0135839523520812,99.420578103119,0
179.99,180,4525,4526,4525,4526,2025-08-13,2025-09-19,642.69,1,1,378355746,-135550145,0.00119622869425115,99.9899549563072,0.000220945647370747
570.97,571,1504,1503,9024,4509,2025-08-13,2025-08-15,642.69,-1,-4515,33318727,-69033983,0.0135329299945943,99.4341110331136,-1.00133067198935
459.91,460,501,501,9519,4509,2025-08-13,2025-09-05,642.69,0,-5010,29963074,-17519099,0.0150485227250048,99.8706107390717,-1.11111111111111
279.98,280,2386,2236,9544,4472,2025-08-13,2025-09-19,642.69,-150,-5072,378355746,-135550145,0.00118195641199539,99.9911369127192,-1.13416815742397
483.96,484,1116,1116,4464,4464,2025-08-13,2025-08-15,642.69,0,0,33318727,-69033983,0.0133978708130116,99.4475089039266,0
441.97,442,1454,1454,4362,4362,2025-08-13,2025-08-15,642.69,0,0,33318727,-69033983,0.0130917366680906,99.4606006405947,0
524.67,525,69,132,2898,4356,2025-08-13,2025-09-12,642.69,63,1458,18876104,-3423648,0.0230767959320419,99.8300496755051,0.334710743801653
329.99,330,4335,4335,4335,4335,2025-08-13,2025-08-15,642.69,0,0,33318727,-69033983,0.0130107011591409,99.4736113417538,0
249.99,250,4330,4330,4330,4330,2025-08-13,2025-09-19,642.69,0,0,378355746,-135550145,0.00114442559569321,99.9922813383149,0
484.86,485,288,308,5472,4312,2025-08-13,2025-09-05,642.69,20,-1160,29963074,-17519099,0.0143910467931294,99.8850017858648,-0.269016697588126
471.98,472,2153,2153,4306,4306,2025-08-13,2025-08-15,642.69,0,0,33318727,-69033983,0.0129236630198987,99.4865350047738,0
494.75,495,142,172,3834,4300,2025-08-13,2025-09-12,642.69,30,466,18876104,-3423648,0.0227801245426493,99.8528298000477,0.108372093023256
394.99,395,4281,4281,4281,4281,2025-08-13,2025-08-15,642.69,0,0,33318727,-69033983,0.0128486301412416,99.499383634915,0
458.99,459,4279,4279,4279,4279,2025-08-13,2025-08-15,642.69,0,0,33318727,-69033983,0.012842627510949,99.5122262624259,0
451.99,452,4219,4219,4219,4219,2025-08-13,2025-08-15,642.69,0,0,33318727,-69033983,0.012662548602172,99.5248888110281,0
304.99,305,4216,4216,4216,4216,2025-08-13,2025-08-15,642.69,0,0,33318727,-69033983,0.0126535446567331,99.5375423556848,0
164.99,165,4215,4215,4215,4215,2025-08-13,2025-09-19,642.69,0,0,378355746,-135550145,0.00111403092051891,99.9933953692354,0
480.96,481,1051,1051,4204,4204,2025-08-13,2025-08-15,642.69,0,0,33318727,-69033983,0.0126175288749777,99.5501598845598,0
464.69,465,134,134,4154,4154,2025-08-13,2025-09-12,642.69,0,0,18876104,-3423648,0.0220066598488756,99.8748364598966,0
511.98,512,1876,2073,1876,4146,2025-08-13,2025-08-15,642.69,197,2270,33318727,-69033983,0.0124434525964933,99.5626033371563,0.547515677761698
309.99,310,4117,4117,4117,4117,2025-08-13,2025-08-15,642.69,0,0,33318727,-69033983,0.012356414457251,99.5749597516136,0
379.99,380,4077,4073,8154,4073,2025-08-13,2025-08-15,642.69,-4,-4081,33318727,-69033983,0.0122243565908145,99.5871841082044,-1.0019641541861
189.99,190,4025,4025,4025,4025,2025-08-13,2025-09-19,642.69,0,0,378355746,-135550145,0.0010638136311005,99.9944591828665,0
359.8,360,200,201,4800,4020,2025-08-13,2025-10-17,642.69,1,-780,269109292,-17963974,0.00149381686902138,100,-0.194029850746269
516.99,517,3998,3978,7996,3978,2025-08-13,2025-08-15,642.69,-20,-4018,33318727,-69033983,0.0119392316519176,99.5991233398563,-1.01005530417295
486.98,487,1963,1963,3926,3926,2025-08-13,2025-08-15,642.69,0,0,33318727,-69033983,0.0117831632643108,99.6109065031206,0
399.89,400,250,355,2000,3905,2025-08-13,2025-09-12,642.69,105,1905,18876104,-3423648,0.0206875317067547,99.8955239916034,0.487836107554417
444.99,445,3861,3861,3861,3861,2025-08-13,2025-08-15,642.69,0,0,33318727,-69033983,0.0115880777798023,99.6224945809004,0
463.98,464,1922,1922,3844,3844,2025-08-13,2025-08-15,642.69,0,0,33318727,-69033983,0.0115370554223155,99.6340316363227,0
229.99,230,3807,3807,7614,3807,2025-08-13,2025-09-19,642.69,0,-3807,378355746,-135550145,0.00100619589903096,99.9954653787655,-1
429.97,430,1185,1247,4740,3741,2025-08-13,2025-08-29,642.69,62,-999.000000000001,64216897,-43193036,0.00582556955375779,99.9483344702875,-0.267040898155574
433.98,434,1856,1856,3712,3712,2025-08-13,2025-08-15,642.69,0,0,33318727,-69033983,0.011140881823006,99.6451725181457,0
454.92,455,164,461,2132,3688,2025-08-13,2025-09-05,642.69,297,1556,29963074,-17519099,0.0123084834353111,99.8973102693001,0.421908893709328
470.99,471,3665,3665,3665,3665,2025-08-13,2025-08-15,642.69,0,0,33318727,-69033983,0.0109998200111307,99.6561723381568,0
404.99,405,3613,3613,3613,3613,2025-08-13,2025-08-22,642.69,0,0,21812630,-24056052,0.0165637981297991,99.9210915877636,0
489.56,490,91,81,4550,3564,2025-08-13,2025-09-26,642.69,-10,-986,4143175,979917,0.0860209863208771,99.3292100864675,-0.27665544332211
369.99,370,3471,3471,3471,3471,2025-08-13,2025-08-15,642.69,0,0,33318727,-69033983,0.0104175648727516,99.6665899030296,0
500.99,501,3470,3469,3470,3469,2025-08-13,2025-08-15,642.69,-1,-1.00000000000045,33318727,-69033983,0.010411562242459,99.6770014652721,-0.0002882675122515
640.45,675,0,1,0,3455,2025-08-13,2025-09-12,642.69,1,3455,18876104,-3423648,0.0183035651848496,99.9138275567882,1
554,555,31,34,4030,3400,2025-08-13,2025-09-26,642.69,3,-630,4143175,979917,0.0820626693296807,99.4112727557972,-0.185294117647059
514.96,515,632,849,4424,3396,2025-08-13,2025-08-22,642.69,217,-1028,21812630,-24056052,0.0155689616520337,99.9366605494156,-0.302709069493522
404.29,405,46,47,4094,3337,2025-08-13,2025-11-21,642.69,1,-757.000000000001,84544368,-7957346,0.00394703997314168,99.9963557596173,-0.226850464489062
284.99,285,3373,3331,10119,3331,2025-08-13,2025-09-19,642.69,-42,-6788,378355746,-135550145,0.000880388373961684,99.9963457671395,-2.03782647853497
518.98,519,1642,1639,3284,3278,2025-08-13,2025-08-15,642.69,-3,-6.00000000000046,33318727,-69033983,0.00983831104951879,99.6868397763216,-0.00183038438072009
502.99,503,3241,3241,3241,3241,2025-08-13,2025-08-15,642.69,0,0,33318727,-69033983,0.00972726238910628,99.6965670387107,0
499.84,500,241,202,4820,3232,2025-08-13,2025-09-05,642.69,-39,-1588,29963074,-17519099,0.01078661021229,99.9080968795124,-0.491336633663366
642.7,675,0,1,0,3230,2025-08-13,2025-08-29,642.69,1,3230,64216897,-43193036,0.00502982883149897,99.953364299119,1
557.98,558,1567,1604,7835,3208,2025-08-13,2025-08-15,642.69,37,-4627,33318727,-69033983,0.00962821898927891,99.7061952577,-1.44233167082294
539.01,540,32,32,3168,3168,2025-08-13,2025-09-26,642.69,0,0,4143175,979917,0.0764630989518908,99.4877358547491,0
527.98,528,1584,1581,3168,3162,2025-08-13,2025-08-15,642.69,-3,-6,33318727,-69033983,0.00949015849254985,99.7156854161925,-0.00189753320683112
525.99,526,3109,3108,6218,3108,2025-08-13,2025-08-15,642.69,-1,-3110,33318727,-69033983,0.00932808747465052,99.7250135036672,-1.0006435006435
449.88,450,257,259,3855,3108,2025-08-13,2025-09-12,642.69,2,-747,18876104,-3423648,0.0164652621112916,99.9302928188995,-0.24034749034749
254.99,255,3101,3101,3101,3101,2025-08-13,2025-08-15,642.69,0,0,33318727,-69033983,0.00930707826862653,99.7343205819358,0
414.21,415,39,39,3900,3081,2025-08-13,2025-11-21,642.69,0,-819,84544368,-7957346,0.00364424038275382,100,-0.265822784810127
289.99,290,3071,3071,3071,3071,2025-08-13,2025-08-15,642.69,0,0,33318727,-69033983,0.00921703881423801,99.74353762075,0
533.99,534,3052,3052,9156,3052,2025-08-13,2025-08-15,642.69,0,-6104,33318727,-69033983,0.00916001382645862,99.7526976345765,-2
538.99,539,3115,3017,9345,3017,2025-08-13,2025-08-15,642.69,-98,-6328,33318727,-69033983,0.00905496779633868,99.7617526023728,-2.09744779582367
314.98,315,1471,1471,2942,2942,2025-08-13,2025-08-15,642.69,0,0,33318727,-69033983,0.00882986916036738,99.7705824715332,0
640.73,670,1,1,3139,2927,2025-08-13,2025-09-05,642.69,0,-212,29963074,-17519099,0.00976869062233067,99.9178655701348,-0.0724291083020157
521.99,522,2936,2926,8808,2926,2025-08-13,2025-08-15,642.69,-10,-5882,33318727,-69033983,0.00878184811802684,99.7793643196512,-2.01025290498975
497.99,498,2912,2912,2912,2912,2025-08-13,2025-08-15,642.69,0,0,33318727,-69033983,0.00873982970597886,99.7881041493572,0
159.99,160,2911,2911,2911,2911,2025-08-13,2025-09-19,642.69,0,0,378355746,-135550145,0.000769381734194675,99.9971151488737,0
641.23,670,0,1,0,2877,2025-08-13,2025-09-12,642.69,1,2877,18876104,-3423648,0.015241492630047,99.9455343115295,1
450.99,451,2833,2833,2833,2833,2025-08-13,2025-08-15,642.69,0,0,33318727,-69033983,0.00850272580942243,99.7966068751666,0
481.99,482,2815,2815,2815,2815,2025-08-13,2025-08-15,642.69,0,0,33318727,-69033983,0.00844870213678932,99.8050555773034,0
434.98,435,1360,1360,2720,2720,2025-08-13,2025-08-22,642.69,0,0,21812630,-24056052,0.0124698397212991,99.9491303891369,0
478.99,479,2713,2713,2713,2713,2025-08-13,2025-08-15,642.69,0,0,33318727,-69033983,0.00814256799186836,99.8131981452953,0
523.99,524,2678,2677,5356,2677,2025-08-13,2025-08-15,642.69,-1,-2679,33318727,-69033983,0.00803452064660213,99.8212326659419,-1.00074710496825
634.65,648,1,2,1600,2670,2025-08-13,2025-09-26,642.69,1,1070,4143175,979917,0.064443331503014,99.5521791862521,0.400749063670412
522.99,523,2629,2626,5258,2626,2025-08-13,2025-08-15,642.69,-3,-2632,33318727,-69033983,0.00788145357414165,99.829114119516,-1.002284843869
536.99,537,2584,2602,10336,2602,2025-08-13,2025-08-15,642.69,18,-7734,33318727,-69033983,0.00780942201063084,99.8369235415267,-2.97232897770945
428.98,429,1297,1297,2594,2594,2025-08-13,2025-08-15,642.69,0,0,33318727,-69033983,0.00778541148946057,99.8447089530161,0
314.98,315,907,1297,2721,2594,2025-08-13,2025-09-19,642.69,390,-127,378355746,-135550145,0.000685598151322909,99.997800747025,-0.0489591364687739
636.12,649,0,2,0,2576,2025-08-13,2025-09-26,642.69,2,2576,4143175,979917,0.0621745400568405,99.6143537263089,1
449.98,450,1281,1281,2562,2562,2025-08-13,2025-08-22,642.69,0,0,21812630,-24056052,0.0117454887374883,99.9608758778744,0
169.99,170,2525,2525,2525,2525,2025-08-13,2025-09-19,642.69,0,0,378355746,-135550145,0.000667361346218329,99.9984681083712,0
468.97,469,836,836,2508,2508,2025-08-13,2025-08-15,642.69,0,0,33318727,-69033983,0.00752729838688015,99.852236251403,0
354.99,355,2498,2498,2498,2498,2025-08-13,2025-08-15,642.69,0,0,33318727,-69033983,0.00749728523541731,99.8597335366384,0
319.99,320,2493,2493,2493,2493,2025-08-13,2025-08-29,642.69,0,0,64216897,-43193036,0.00388215581329008,99.9572464549323,0
389.98,390,1248,1240,3744,2480,2025-08-13,2025-08-29,642.69,-8,-1264,64216897,-43193036,0.0038619119201602,99.9611083668524,-0.509677419354839
469.84,470,153,153,2448,2448,2025-08-13,2025-09-05,642.69,0,0,29963074,-17519099,0.0081700562499028,99.9260356263847,0
475.99,476,2405,2405,2405,2405,2025-08-13,2025-08-15,642.69,0,0,33318727,-69033983,0.0072181629268129,99.8669516995652,0
489.85,490,125,159,2250,2385,2025-08-13,2025-09-05,642.69,34,135,29963074,-17519099,0.00795979744935383,99.933995423834,0.0566037735849057
641.27,665,0,1,0,2373,2025-08-13,2025-08-29,642.69,1,2373,64216897,-43193036,0.00369528910747587,99.9648036559599,1
452.98,453,1166,1166,2332,2332,2025-08-13,2025-08-15,642.69,0,0,33318727,-69033983,0.00699906692113417,99.8739507664864,0
446.99,447,2249,2249,2249,2249,2025-08-13,2025-08-15,642.69,0,0,33318727,-69033983,0.0067499577639926,99.8807007242504,0
479.88,480,99,183,1485,2196,2025-08-13,2025-09-05,642.69,84,711,29963074,-17519099,0.00732902104770692,99.9413244448817,0.323770491803279
399.99,400,2185,2186,6555,2186,2025-08-13,2025-08-29,642.69,1,-4369,64216897,-43193036,0.00340408849091541,99.9682077444508,-1.99862763037511
496.99,497,2184,2184,2184,2184,2025-08-13,2025-08-15,642.69,0,0,33318727,-69033983,0.00655487227948415,99.8872555965298,0
492.99,493,2180,2180,2180,2180,2025-08-13,2025-08-15,642.69,0,0,33318727,-69033983,0.00654286701889901,99.8937984635488,0
209.99,210,2169,2169,2169,2169,2025-08-13,2025-09-19,642.69,0,0,378355746,-135550145,0.000573270003939626,99.9990413783752,0
465.98,466,1071,1071,2142,2142,2025-08-13,2025-08-15,642.69,0,0,33318727,-69033983,0.00642881704334022,99.9002272805921,0
434.96,435,523,523,2615,2092,2025-08-13,2025-08-29,642.69,0,-523,64216897,-43193036,0.00325770957136095,99.9714654540222,-0.25
506.99,507,2013,2023,8052,2023,2025-08-13,2025-08-15,642.69,10,-6029,33318727,-69033983,0.00607166054093243,99.906298941133,-2.98022738507168
479.61,480,50,51,2550,1989,2025-08-13,2025-09-26,642.69,1,-561,4143175,979917,0.0480066615578632,99.6623603878668,-0.282051282051282
384.99,385,1939,1939,1939,1939,2025-08-13,2025-08-15,642.69,0,0,33318727,-69033983,0.00581955006864458,99.9121184912017,0
473.99,474,1926,1926,1926,1926,2025-08-13,2025-08-15,642.69,0,0,33318727,-69033983,0.00578053297174289,99.9178990241734,0
174.99,175,1918,1918,1918,1918,2025-08-13,2025-09-19,642.69,0,0,378355746,-135550145,0.000506930321602675,99.9995483086968,0
489.97,490,632,637,3160,1911,2025-08-13,2025-08-22,642.69,5,-1249,21812630,-24056052,0.00876097930419211,99.9696368571786,-0.653584510727368
491.98,492,948,948,1896,1896,2025-08-13,2025-08-15,642.69,0,0,33318727,-69033983,0.00569049351735437,99.9235895176908,0
513.99,514,1898,1896,5694,1896,2025-08-13,2025-08-15,642.69,-2,-3798,33318727,-69033983,0.00569049351735437,99.9292800112081,-2.00316455696203
528.99,529,1883,1881,5649,1881,2025-08-13,2025-08-15,642.69,-2,-3768,33318727,-69033983,0.00564547379016011,99.9349254849983,-2.00318979266348
474.53,475,40,40,1880,1880,2025-08-13,2025-09-26,642.69,0,0,4143175,979917,0.0453758289234705,99.7077362167903,0
466.99,467,1860,1860,1860,1860,2025-08-13,2025-08-15,642.69,0,0,33318727,-69033983,0.00558244617208815,99.9405079311704,0
488.99,489,1829,1829,1829,1829,2025-08-13,2025-08-15,642.69,0,0,33318727,-69033983,0.00548940540255335,99.9459973365729,0
469.83,470,74,107,1554,1819,2025-08-13,2025-09-12,642.69,33,265,18876104,-3423648,0.00963652245187884,99.9551708339814,0.1456844420011
359.97,360,605,605,1815,1815,2025-08-13,2025-08-29,642.69,0,0,64216897,-43193036,0.00282635892543983,99.9742918129476,0
449.91,450,198,201,2178,1809,2025-08-13,2025-09-05,642.69,3,-369,29963074,-17519099,0.00603743127290611,99.9473618761546,-0.203980099502488
439.89,440,164,164,1804,1804,2025-08-13,2025-09-05,642.69,0,0,29963074,-17519099,0.00602074406651334,99.9533826202212,0
374.99,375,1743,1743,1743,1743,2025-08-13,2025-08-29,642.69,0,0,64216897,-43193036,0.0027142389019513,99.9770060518496,0
414.95,415,320,342,1920,1710,2025-08-13,2025-09-05,642.69,22,-210,29963074,-17519099,0.00570702458632916,99.9590896448075,-0.12280701754386
239.99,240,1709,1709,3418,1709,2025-08-13,2025-09-19,642.69,0,-1709,378355746,-135550145,0.000451691303242425,100,-1
414.98,415,848,832,2544,1664,2025-08-13,2025-08-29,642.69,-16,-880,64216897,-43193036,0.00259121832062362,99.9795972701702,-0.528846153846154
524.39,525,15,27,1185,1647,2025-08-13,2025-09-26,642.69,12,462,4143175,979917,0.0397521224664659,99.7474883392567,0.280510018214936
399.99,400,1794,1640,1794,1640,2025-08-13,2025-08-22,642.69,-154,-154,21812630,-24056052,0.00751857983195974,99.9771554370106,-0.0939024390243905
504.82,505,80,90,1680,1620,2025-08-13,2025-09-05,642.69,10,-60,29963074,-17519099,0.0054066548712592,99.9644962996787,-0.037037037037037
485.99,486,1595,1594,1595,1594,2025-08-13,2025-08-15,642.69,-1,-1,33318727,-69033983,0.00478409634317662,99.9507814329161,-0.000627352572145546
617.2,622.5,0,3,0,1590,2025-08-13,2025-09-26,642.69,3,1590,4143175,979917,0.038376365951233,99.785864705208,1
456.99,457,1581,1581,1581,1581,2025-08-13,2025-08-15,642.69,0,0,33318727,-69033983,0.00474507924627493,99.9555265121624,0
504.71,505,25,54,800,1566,2025-08-13,2025-09-12,642.69,29,766,18876104,-3423648,0.00829620349622994,99.9634670374777,0.489144316730524
404.98,405,749,758,2247,1516,2025-08-13,2025-08-29,642.69,9,-731,64216897,-43193036,0.00236074938345277,99.9819580195537,-0.482189973614776
399.96,400,79,378,395,1512,2025-08-13,2025-09-05,642.69,299,1117,29963074,-17519099,0.00504621121317526,99.9695425108919,0.738756613756614
510.99,511,1494,1495,5976,1495,2025-08-13,2025-08-15,642.69,1,-4481,33318727,-69033983,0.00448696614369451,99.9600134783061,-2.99732441471572
474.86,475,106,106,1484,1484,2025-08-13,2025-09-05,642.69,0,0,29963074,-17519099,0.00495276285737572,99.9744952737493,0
464.9,465,148,148,2368,1480,2025-08-13,2025-09-05,642.69,0,-888,29963074,-17519099,0.00493941309226149,99.9794346868416,-0.6
394.99,395,1474,1477,2948,1477,2025-08-13,2025-08-29,642.69,3,-1471,64216897,-43193036,0.00230001770406315,99.9842580372577,-0.995937711577522
520.99,521,1463,1463,1463,1463,2025-08-13,2025-08-15,642.69,0,0,33318727,-69033983,0.00439092405901342,99.9644044023651,0
503.99,504,1445,1445,2890,1445,2025-08-13,2025-08-15,642.69,0,-1445,33318727,-69033983,0.00433690038638031,99.9687413027515,-1
294.99,295,1441,1441,1441,1441,2025-08-13,2025-08-15,642.69,0,0,33318727,-69033983,0.00432489512579517,99.9730661978773,0
432.99,433,1417,1417,1417,1417,2025-08-13,2025-08-15,642.69,0,0,33318727,-69033983,0.00425286356228436,99.9773190614395,0
424.98,425,711,705,2133,1410,2025-08-13,2025-08-29,642.69,-6,-723,64216897,-43193036,0.00219568379331689,99.986453721051,-0.512765957446809
467.99,468,1267,1367,1267,1367,2025-08-13,2025-08-15,642.69,100,100,33318727,-69033983,0.00410279780497016,99.9814218592445,0.0731528895391368
499.55,500,16,30,896,1350,2025-08-13,2025-09-26,642.69,14,454,4143175,979917,0.0325837069397262,99.8184484121477,0.336296296296296
444.89,445,122,122,1342,1342,2025-08-13,2025-09-05,642.69,0,0,29963074,-17519099,0.0044788461958209,99.9839135330374,0
509.49,510,22,26,1430,1326,2025-08-13,2025-09-26,642.69,4,-104,4143175,979917,0.0320044410385755,99.8504528531863,-0.0784313725490196
409.97,410,428,428,1284,1284,2025-08-13,2025-08-29,642.69,0,0,64216897,-43193036,0.00199947375221198,99.9884531948032,0
364.99,365,1225,1225,1225,1225,2025-08-13,2025-08-29,642.69,0,0,64216897,-43193036,0.00190759762185333,99.9903607924251,0
389.98,390,608,609,3040,1218,2025-08-13,2025-09-05,642.69,1,-1822,29963074,-17519099,0.00406500347728007,99.9879785365147,-1.49589490968801
484.8,485,5,60,210,1200,2025-08-13,2025-09-12,642.69,55,990,18876104,-3423648,0.00635724405841375,99.9698242815361,0.825
434.99,435,1181,1181,1181,1181,2025-08-13,2025-08-15,642.69,0,0,33318727,-69033983,0.00354455318776135,99.9849664124323,0
479.8,480,25,57,600,1140,2025-08-13,2025-09-12,642.69,32,540,18876104,-3423648,0.00603938185549306,99.9758636633916,0.473684210526316
489.79,490,18,54,450,1134,2025-08-13,2025-09-12,642.69,36,684,18876104,-3423648,0.00600759563520099,99.9818712590268,0.603174603174603
544.2,545,5,14,535,1120,2025-08-13,2025-09-26,642.69,9,585,4143175,979917,0.0270324087203654,99.8774852619066,0.522321428571429
512.99,513,1104,1104,2208,1104,2025-08-13,2025-08-15,642.69,0,-1104,33318727,-69033983,0.00331345192149748,99.9882798643538,-1
448.99,449,1089,1089,1089,1089,2025-08-13,2025-08-15,642.69,0,0,33318727,-69033983,0.00326843219430322,99.9915482965481,0
429.94,430,174,176,1392,1056,2025-08-13,2025-09-05,642.69,2,-336,29963074,-17519099,0.00352433799015415,99.9915028745048,-0.318181818181818
534.19,535,11,13,1012,1053,2025-08-13,2025-09-26,642.69,2,40.9999999999999,4143175,979917,0.0254152914129864,99.9029005533196,0.0389363722697055
494.97,495,285,337,1425,1011,2025-08-13,2025-08-22,642.69,52,-414,21812630,-24056052,0.00463492939640933,99.981790366407,-0.409495548961424
384.95,385,0,200,0,1000,2025-08-13,2025-09-12,642.69,200,1000,18876104,-3423648,0.00529770338201146,99.9871689624088,1
454.76,455,41,41,984,984,2025-08-13,2025-09-12,642.69,0,0,18876104,-3423648,0.00521294012789928,99.9923819025367,0
329.99,330,957,957,957,957,2025-08-13,2025-08-29,642.69,0,0,64216897,-43193036,0.00149026197886827,99.991851054404,0
369.98,370,468,468,936,936,2025-08-13,2025-08-29,642.69,0,0,64216897,-43193036,0.00145756030535079,99.9933086147093,0
344.99,345,808,932,808,932,2025-08-13,2025-08-29,642.69,124,124,64216897,-43193036,0.00145133141515698,99.9947599461245,0.133047210300429
439.98,440,486,450,1458,900,2025-08-13,2025-08-22,642.69,-36,-558,21812630,-24056052,0.00412604990778278,99.9859164163148,-0.62
455.99,456,762,762,762,762,2025-08-13,2025-08-15,642.69,0,0,33318727,-69033983,0.00228700214146837,99.9938352986895,0
339.99,340,757,757,757,757,2025-08-13,2025-08-29,642.69,0,0,64216897,-43193036,0.00117881746917793,99.9959387635936,0
474.84,475,12,47,264,752,2025-08-13,2025-09-12,642.69,35,488,18876104,-3423648,0.00398387294327262,99.99636577548,0.648936170212766
445.99,446,747,747,747,747,2025-08-13,2025-08-15,642.69,0,0,33318727,-69033983,0.00224198241427411,99.9960772811038,0
519.29,520,10,10,710,710,2025-08-13,2025-09-26,642.69,0,0,4143175,979917,0.0171366162423745,99.920037169562,0
440.99,441,704,704,704,704,2025-08-13,2025-08-15,642.69,0,0,33318727,-69033983,0.0021129258629839,99.9981902069668,0
494.85,495,48,46,864,690,2025-08-13,2025-09-05,642.69,-2,-174,29963074,-17519099,0.00230283448220299,99.993805708987,-0.252173913043478
349.99,350,681,681,2043,681,2025-08-13,2025-08-29,642.69,0,-1362,64216897,-43193036,0.0010604685554956,99.9969992321491,-2
469.98,470,339,340,1695,680,2025-08-13,2025-08-22,642.69,1,-1015,21812630,-24056052,0.00311745993032477,99.9890338762451,-1.49264705882353
484.58,485,0,15,0,630,2025-08-13,2025-09-26,642.69,15,630,4143175,979917,0.0152057299052056,99.9352428994672,1
437.99,438,603,603,603,603,2025-08-13,2025-08-15,642.69,0,0,33318727,-69033983,0.00180979303320922,100,0
459.99,460,581,592,1162,592,2025-08-13,2025-08-22,642.69,11,-570,21812630,-24056052,0.00271402393934157,99.9917479001844,-0.962837837837838
374.96,375,145,145,580,580,2025-08-13,2025-09-05,642.69,0,0,29963074,-17519099,0.00193571594156194,99.9957414249286,0
399.87,400,0,40,0,520,2025-08-13,2025-09-26,642.69,40,520,4143175,979917,0.0125507611915982,99.9477936606588,1
464.63,465,14,14,518,518,2025-08-13,2025-09-26,642.69,0,0,4143175,979917,0.012502489033169,99.960296149692,0
459.71,460,12,17,420,493,2025-08-13,2025-09-26,642.69,5,73.0000000000001,4143175,979917,0.0118990870528037,99.9721952367448,0.148073022312373
379.99,380,485,483,970,483,2025-08-13,2025-08-29,642.69,-2,-487,64216897,-43193036,0.000752138490902169,99.99775137064,-1.00828157349897
334.98,335,229,229,458,458,2025-08-13,2025-08-29,642.69,0,0,64216897,-43193036,0.000713207927190876,99.9984645785672,0
479.97,480,148,149,740,447,2025-08-13,2025-08-22,642.69,1,-293,21812630,-24056052,0.00204927145419878,99.9937971716386,-0.655480984340045
444.97,445,147,147,441,441,2025-08-13,2025-08-22,642.69,0,0,21812630,-24056052,0.00202176445481356,99.9958189360935,0
324.99,325,412,412,412,412,2025-08-13,2025-08-29,642.69,0,0,64216897,-43193036,0.000641575689962098,99.9991061542572,0
529.34,530,3,6,252,396,2025-08-13,2025-09-26,642.69,3,144,4143175,979917,0.00955788736898635,99.9817531241138,0.363636363636364
409.96,410,69,91,828,364,2025-08-13,2025-09-05,642.69,22,-464,29963074,-17519099,0.00121482862539404,99.996956253554,-1.27472527472527
424.88,425,28,28,336,336,2025-08-13,2025-09-05,642.69,0,0,29963074,-17519099,0.0011213802695945,99.9980776338236,0
419.95,420,66,67,1056,335,2025-08-13,2025-09-05,642.69,1,-721,29963074,-17519099,0.00111804282831595,99.9991956766519,-2.15223880597015
384.99,385,318,317,636,317,2025-08-13,2025-08-29,642.69,-1,-319,64216897,-43193036,0.000493639547859187,99.9995997938051,-1.00630914826498
354.99,355,249,257,1245,257,2025-08-13,2025-08-29,642.69,8,-988,64216897,-43193036,0.000400206194952086,100,-3.8443579766537
414.98,415,123,123,246,246,2025-08-13,2025-08-22,642.69,0,0,21812630,-24056052,0.00112778697479396,99.9969467230683,0
414.93,415,30,31,300,217,2025-08-13,2025-09-12,642.69,1,-83,18876104,-3423648,0.00114960163389649,99.9975153771138,-0.382488479262673
374.91,375,19,24,247,216,2025-08-13,2025-09-26,642.69,5,-31,4143175,979917,0.00521339311035619,99.9869665172241,-0.143518518518519
454.98,455,104,104,312,208,2025-08-13,2025-08-22,642.69,0,-104,21812630,-24056052,0.000953575978687577,99.9979002990469,-0.5
409.99,410,194,194,388,194,2025-08-13,2025-08-22,642.69,0,-194,21812630,-24056052,0.000889392980122067,99.998789692027,-1
424.99,425,162,162,162,162,2025-08-13,2025-08-22,642.69,0,0,21812630,-24056052,0.000742688983400901,99.9995323810105,0
429.92,430,14,20,168,160,2025-08-13,2025-09-12,642.69,6,-8,18876104,-3423648,0.000847632541121833,99.998363009655,-0.05
494.48,495,3,3,156,156,2025-08-13,2025-09-26,642.69,0,0,4143175,979917,0.00376522835747947,99.9907317455816,0
504.53,505,0,3,0,141,2025-08-13,2025-09-26,642.69,3,141,4143175,979917,0.00340318716926029,99.9941349327509,1
379.89,380,0,10,0,110,2025-08-13,2025-09-26,642.69,10,110,4143175,979917,0.00265496871360732,99.9967899014645,1
474.97,475,34,34,102,102,2025-08-13,2025-08-22,642.69,0,0,21812630,-24056052,0.000467618989548716,100,0
419.93,420,10,12,110,84,2025-08-13,2025-09-12,642.69,2,-26,18876104,-3423648,0.000445007084088963,99.9988080167391,-0.30952380952381
514.19,515,1,1,81,81,2025-08-13,2025-09-26,642.69,0,0,4143175,979917,0.00195502241638357,99.9987449238808,0
379.83,380,4,4,68,68,2025-08-13,2025-09-05,642.69,0,0,29963074,-17519099,0.000226946006941744,99.9994226226588,0
434.91,435,1,7,15,63,2025-08-13,2025-09-12,642.69,6,48,18876104,-3423648,0.000333755313066722,99.9991417720521,0.761904761904762
434.94,435,14,10,182,60,2025-08-13,2025-09-05,642.69,-4,-122,29963074,-17519099,0.000200246476713304,99.9996228691355,-2.03333333333333
424.92,425,5,6,60,48,2025-08-13,2025-09-12,642.69,1,-12,18876104,-3423648,0.00025428976233655,99.9993960618145,-0.25
384.98,385,20,21,160,42,2025-08-13,2025-09-05,642.69,1,-118,29963074,-17519099,0.000140172533699313,99.9997630416692,-2.80952380952381
404.96,405,28,9,224,36,2025-08-13,2025-09-05,642.69,-19,-188,29963074,-17519099,0.000120147886027982,99.9998831895553,-5.22222222222222
374.96,375,1,9,7,36,2025-08-13,2025-09-12,642.69,8,29,18876104,-3423648,0.000190717321752412,99.9995867791362,0.805555555555556
394.95,395,7,7,35,35,2025-08-13,2025-09-05,642.69,0,0,29963074,-17519099,0.000116810444749427,100,0
454.66,455,1,1,34,34,2025-08-13,2025-09-26,642.69,0,0,4143175,979917,0.000820626693296807,99.9995655505741,0
439.9,440,1,3,16,30,2025-08-13,2025-09-12,642.69,2,14,18876104,-3423648,0.000158931101460344,99.9997457102377,0.466666666666667
424.82,425,0,1,0,18,2025-08-13,2025-09-26,642.69,1,18,4143175,979917,0.000434449425863016,100,1
394.95,395,1,3,7,15,2025-08-13,2025-09-12,642.69,2,8,18876104,-3423648,7.94655507301719e-05,99.9998251757884,0.533333333333333
409.93,410,0,2,0,14,2025-08-13,2025-09-12,642.69,2,14,18876104,-3423648,7.41678473481604e-05,99.9998993436358,1
379.96,380,0,3,0,12,2025-08-13,2025-09-12,642.69,3,12,18876104,-3423648,6.35724405841375e-05,99.9999629160763,1
389.93,390,1,1,7,7,2025-08-13,2025-09-12,642.69,0,0,18876104,-3423648,3.70839236740802e-05,100,0
635.71,680,0,0,0,0,2025-08-13,2025-08-15,642.69,0,0,33318727,-69033983,0,100,
635.67,685,0,0,0,0,2025-08-13,2025-08-15,642.69,0,0,33318727,-69033983,0,100,
631.79,690,0,0,0,0,2025-08-13,2025-08-15,642.69,0,0,33318727,-69033983,0,100,
636.93,695,0,0,0,0,2025-08-13,2025-08-15,642.69,0,0,33318727,-69033983,0,100,
635.89,700,0,0,0,0,2025-08-13,2025-08-15,642.69,0,0,33318727,-69033983,0,100,
633.71,705,0,0,0,0,2025-08-13,2025-08-15,642.69,0,0,33318727,-69033983,0,100,
710,710,0,0,0,0,2025-08-13,2025-08-15,642.69,0,0,33318727,-69033983,0,100,
715,715,0,0,0,0,2025-08-13,2025-08-15,642.69,0,0,33318727,-69033983,0,100,
720,720,0,0,0,0,2025-08-13,2025-08-15,642.69,0,0,33318727,-69033983,0,100,
725,725,0,0,0,0,2025-08-13,2025-08-15,642.69,0,0,33318727,-69033983,0,100,
730,730,0,0,0,0,2025-08-13,2025-08-15,642.69,0,0,33318727,-69033983,0,100,
586.99,735,0,0,0,0,2025-08-13,2025-08-15,642.69,0,0,33318727,-69033983,0,100,
740,740,0,0,0,0,2025-08-13,2025-08-15,642.69,0,0,33318727,-69033983,0,100,
745,745,0,0,0,0,2025-08-13,2025-08-15,642.69,0,0,33318727,-69033983,0,100,
750,750,0,0,0,0,2025-08-13,2025-08-15,642.69,0,0,33318727,-69033983,0,100,
755,755,0,0,0,0,2025-08-13,2025-08-15,642.69,0,0,33318727,-69033983,0,100,
760,760,0,0,0,0,2025-08-13,2025-08-15,642.69,0,0,33318727,-69033983,0,100,
765,765,0,0,0,0,2025-08-13,2025-08-15,642.69,0,0,33318727,-69033983,0,100,
770,770,0,0,0,0,2025-08-13,2025-08-15,642.69,0,0,33318727,-69033983,0,100,
775,775,0,0,0,0,2025-08-13,2025-08-15,642.69,0,0,33318727,-69033983,0,100,
780,780,0,0,0,0,2025-08-13,2025-08-15,642.69,0,0,33318727,-69033983,0,100,
785,785,0,0,0,0,2025-08-13,2025-08-15,642.69,0,0,33318727,-69033983,0,100,
602.96,790,0,0,0,0,2025-08-13,2025-08-15,642.69,0,0,33318727,-69033983,0,100,
604.5,795,0,0,0,0,2025-08-13,2025-08-15,642.69,0,0,33318727,-69033983,0,100,
553.08,800,0,0,0,0,2025-08-13,2025-08-15,642.69,0,0,33318727,-69033983,0,100,
805,805,0,0,0,0,2025-08-13,2025-08-15,642.69,0,0,33318727,-69033983,0,100,
810,810,0,0,0,0,2025-08-13,2025-08-15,642.69,0,0,33318727,-69033983,0,100,
815,815,0,0,0,0,2025-08-13,2025-08-15,642.69,0,0,33318727,-69033983,0,100,
820,820,0,0,0,0,2025-08-13,2025-08-15,642.69,0,0,33318727,-69033983,0,100,
825,825,0,0,0,0,2025-08-13,2025-08-15,642.69,0,0,33318727,-69033983,0,100,
830,830,0,0,0,0,2025-08-13,2025-08-15,642.69,0,0,33318727,-69033983,0,100,
636.41,670,0,0,0,0,2025-08-13,2025-08-22,642.69,0,0,21812630,-24056052,0,100,
637.68,680,0,0,0,0,2025-08-13,2025-08-22,642.69,0,0,21812630,-24056052,0,100,
685,685,0,0,0,0,2025-08-13,2025-08-22,642.69,0,0,21812630,-24056052,0,100,
690,690,0,0,0,0,2025-08-13,2025-08-22,642.69,0,0,21812630,-24056052,0,100,
695,695,0,0,0,0,2025-08-13,2025-08-22,642.69,0,0,21812630,-24056052,0,100,
638.91,700,0,0,0,0,2025-08-13,2025-08-22,642.69,0,0,21812630,-24056052,0,100,
630.8,705,0,0,0,0,2025-08-13,2025-08-22,642.69,0,0,21812630,-24056052,0,100,
630.66,710,0,0,0,0,2025-08-13,2025-08-22,642.69,0,0,21812630,-24056052,0,100,
715,715,0,0,0,0,2025-08-13,2025-08-22,642.69,0,0,21812630,-24056052,0,100,
720,720,0,0,0,0,2025-08-13,2025-08-22,642.69,0,0,21812630,-24056052,0,100,
725,725,0,0,0,0,2025-08-13,2025-08-22,642.69,0,0,21812630,-24056052,0,100,
730,730,0,0,0,0,2025-08-13,2025-08-22,642.69,0,0,21812630,-24056052,0,100,
735,735,0,0,0,0,2025-08-13,2025-08-22,642.69,0,0,21812630,-24056052,0,100,
639.41,670,0,0,0,0,2025-08-13,2025-08-29,642.69,0,0,64216897,-43193036,0,100,
638.38,680,0,0,0,0,2025-08-13,2025-08-29,642.69,0,0,64216897,-43193036,0,100,
638.85,685,0,0,0,0,2025-08-13,2025-08-29,642.69,0,0,64216897,-43193036,0,100,
633.84,690,0,0,0,0,2025-08-13,2025-08-29,642.69,0,0,64216897,-43193036,0,100,
580.97,695,0,0,0,0,2025-08-13,2025-08-29,642.69,0,0,64216897,-43193036,0,100,
640,700,0,0,0,0,2025-08-13,2025-08-29,642.69,0,0,64216897,-43193036,0,100,
633.97,705,0,0,0,0,2025-08-13,2025-08-29,642.69,0,0,64216897,-43193036,0,100,
710,710,0,0,0,0,2025-08-13,2025-08-29,642.69,0,0,64216897,-43193036,0,100,
715,715,0,0,0,0,2025-08-13,2025-08-29,642.69,0,0,64216897,-43193036,0,100,
635.17,720,0,0,0,0,2025-08-13,2025-08-29,642.69,0,0,64216897,-43193036,0,100,
631.88,725,0,0,0,0,2025-08-13,2025-08-29,642.69,0,0,64216897,-43193036,0,100,
635.45,735,0,0,0,0,2025-08-13,2025-08-29,642.69,0,0,64216897,-43193036,0,100,
638.91,685,0,0,0,0,2025-08-13,2025-09-05,642.69,0,0,29963074,-17519099,0,100,
695,695,0,0,0,0,2025-08-13,2025-09-05,642.69,0,0,29963074,-17519099,0,100,
636.4,700,0,0,0,0,2025-08-13,2025-09-05,642.69,0,0,29963074,-17519099,0,100,
705,705,0,0,0,0,2025-08-13,2025-09-05,642.69,0,0,29963074,-17519099,0,100,
710,710,0,0,0,0,2025-08-13,2025-09-05,642.69,0,0,29963074,-17519099,0,100,
715,715,0,0,0,0,2025-08-13,2025-09-05,642.69,0,0,29963074,-17519099,0,100,
720,720,0,0,0,0,2025-08-13,2025-09-05,642.69,0,0,29963074,-17519099,0,100,
632.48,725,0,0,0,0,2025-08-13,2025-09-05,642.69,0,0,29963074,-17519099,0,100,
730,730,0,0,0,0,2025-08-13,2025-09-05,642.69,0,0,29963074,-17519099,0,100,
735,735,0,0,0,0,2025-08-13,2025-09-05,642.69,0,0,29963074,-17519099,0,100,
405,405,0,0,0,0,2025-08-13,2025-09-12,642.69,0,0,18876104,-3423648,0,100,
445,445,0,0,0,0,2025-08-13,2025-09-12,642.69,0,0,18876104,-3423648,0,100,
637.83,665,0,0,0,0,2025-08-13,2025-09-12,642.69,0,0,18876104,-3423648,0,100,
641.93,680,0,0,0,0,2025-08-13,2025-09-12,642.69,0,0,18876104,-3423648,0,100,
685,685,0,0,0,0,2025-08-13,2025-09-12,642.69,0,0,18876104,-3423648,0,100,
690,690,0,0,0,0,2025-08-13,2025-09-12,642.69,0,0,18876104,-3423648,0,100,
695,695,0,0,0,0,2025-08-13,2025-09-12,642.69,0,0,18876104,-3423648,0,100,
632.25,700,0,0,0,0,2025-08-13,2025-09-12,642.69,0,0,18876104,-3423648,0,100,
705,705,0,0,0,0,2025-08-13,2025-09-12,642.69,0,0,18876104,-3423648,0,100,
710,710,0,0,0,0,2025-08-13,2025-09-12,642.69,0,0,18876104,-3423648,0,100,
715,715,0,0,0,0,2025-08-13,2025-09-12,642.69,0,0,18876104,-3423648,0,100,
720,720,0,0,0,0,2025-08-13,2025-09-12,642.69,0,0,18876104,-3423648,0,100,
725,725,0,0,0,0,2025-08-13,2025-09-12,642.69,0,0,18876104,-3423648,0,100,
730,730,0,0,0,0,2025-08-13,2025-09-12,642.69,0,0,18876104,-3423648,0,100,
735,735,0,0,0,0,2025-08-13,2025-09-12,642.69,0,0,18876104,-3423648,0,100,
740,740,0,0,0,0,2025-08-13,2025-09-12,642.69,0,0,18876104,-3423648,0,100,
745,745,0,0,0,0,2025-08-13,2025-09-12,642.69,0,0,18876104,-3423648,0,100,
750,750,0,0,0,0,2025-08-13,2025-09-12,642.69,0,0,18876104,-3423648,0,100,
633.3,685,0,0,0,0,2025-08-13,2025-09-19,642.69,0,0,378355746,-135550145,0,100,
627.64,695,0,0,0,0,2025-08-13,2025-09-19,642.69,0,0,378355746,-135550145,0,100,
635.44,705,0,0,0,0,2025-08-13,2025-09-19,642.69,0,0,378355746,-135550145,0,100,
710,710,0,0,0,0,2025-08-13,2025-09-19,642.69,0,0,378355746,-135550145,0,100,
715,715,0,0,0,0,2025-08-13,2025-09-19,642.69,0,0,378355746,-135550145,0,100,
593.69,720,0,0,0,0,2025-08-13,2025-09-19,642.69,0,0,378355746,-135550145,0,100,
553.12,725,0,0,0,0,2025-08-13,2025-09-19,642.69,0,0,378355746,-135550145,0,100,
593.85,730,0,0,0,0,2025-08-13,2025-09-19,642.69,0,0,378355746,-135550145,0,100,
611,735,0,0,0,0,2025-08-13,2025-09-19,642.69,0,0,378355746,-135550145,0,100,
740,740,0,0,0,0,2025-08-13,2025-09-19,642.69,0,0,378355746,-135550145,0,100,
745,745,0,0,0,0,2025-08-13,2025-09-19,642.69,0,0,378355746,-135550145,0,100,
594.66,750,0,0,0,0,2025-08-13,2025-09-19,642.69,0,0,378355746,-135550145,0,100,
594.64,755,0,0,0,0,2025-08-13,2025-09-19,642.69,0,0,378355746,-135550145,0,100,
633.19,760,0,0,0,0,2025-08-13,2025-09-19,642.69,0,0,378355746,-135550145,0,100,
765,765,0,0,0,0,2025-08-13,2025-09-19,642.69,0,0,378355746,-135550145,0,100,
770,770,0,0,0,0,2025-08-13,2025-09-19,642.69,0,0,378355746,-135550145,0,100,
775,775,0,0,0,0,2025-08-13,2025-09-19,642.69,0,0,378355746,-135550145,0,100,
633.18,780,0,0,0,0,2025-08-13,2025-09-19,642.69,0,0,378355746,-135550145,0,100,
785,785,0,0,0,0,2025-08-13,2025-09-19,642.69,0,0,378355746,-135550145,0,100,
790,790,0,0,0,0,2025-08-13,2025-09-19,642.69,0,0,378355746,-135550145,0,100,
795,795,0,0,0,0,2025-08-13,2025-09-19,642.69,0,0,378355746,-135550145,0,100,
594.64,800,0,0,0,0,2025-08-13,2025-09-19,642.69,0,0,378355746,-135550145,0,100,
594.62,805,0,0,0,0,2025-08-13,2025-09-19,642.69,0,0,378355746,-135550145,0,100,
810,810,0,0,0,0,2025-08-13,2025-09-19,642.69,0,0,378355746,-135550145,0,100,
815,815,0,0,0,0,2025-08-13,2025-09-19,642.69,0,0,378355746,-135550145,0,100,
820,820,0,0,0,0,2025-08-13,2025-09-19,642.69,0,0,378355746,-135550145,0,100,
633.88,825,0,0,0,0,2025-08-13,2025-09-19,642.69,0,0,378355746,-135550145,0,100,
622.75,830,0,0,0,0,2025-08-13,2025-09-19,642.69,0,0,378355746,-135550145,0,100,
385,385,0,0,0,0,2025-08-13,2025-09-26,642.69,0,0,4143175,979917,0,100,
390,390,0,0,0,0,2025-08-13,2025-09-26,642.69,0,0,4143175,979917,0,100,
395,395,0,0,0,0,2025-08-13,2025-09-26,642.69,0,0,4143175,979917,0,100,
405,405,0,0,0,0,2025-08-13,2025-09-26,642.69,0,0,4143175,979917,0,100,
410,410,0,0,0,0,2025-08-13,2025-09-26,642.69,0,0,4143175,979917,0,100,
415,415,0,0,0,0,2025-08-13,2025-09-26,642.69,0,0,4143175,979917,0,100,
420,420,0,0,0,0,2025-08-13,2025-09-26,642.69,0,0,4143175,979917,0,100,
430,430,0,0,0,0,2025-08-13,2025-09-26,642.69,0,0,4143175,979917,0,100,
445,445,0,0,0,0,2025-08-13,2025-09-26,642.69,0,0,4143175,979917,0,100,
470,470,0,0,0,0,2025-08-13,2025-09-26,642.69,0,0,4143175,979917,0,100,
646,646,0,0,0,0,2025-08-13,2025-09-26,642.69,0,0,4143175,979917,0,100,
647,647,0,0,0,0,2025-08-13,2025-09-26,642.69,0,0,4143175,979917,0,100,
670,670,0,0,0,0,2025-08-13,2025-09-26,642.69,0,0,4143175,979917,0,100,
675,675,0,0,0,0,2025-08-13,2025-09-26,642.69,0,0,4143175,979917,0,100,
680,680,0,0,0,0,2025-08-13,2025-09-26,642.69,0,0,4143175,979917,0,100,
685,685,0,0,0,0,2025-08-13,2025-09-26,642.69,0,0,4143175,979917,0,100,
690,690,0,0,0,0,2025-08-13,2025-09-26,642.69,0,0,4143175,979917,0,100,
695,695,0,0,0,0,2025-08-13,2025-09-26,642.69,0,0,4143175,979917,0,100,
700,700,0,0,0,0,2025-08-13,2025-09-26,642.69,0,0,4143175,979917,0,100,
705,705,0,0,0,0,2025-08-13,2025-09-26,642.69,0,0,4143175,979917,0,100,
710,710,0,0,0,0,2025-08-13,2025-09-26,642.69,0,0,4143175,979917,0,100,
715,715,0,0,0,0,2025-08-13,2025-09-26,642.69,0,0,4143175,979917,0,100,
720,720,0,0,0,0,2025-08-13,2025-09-26,642.69,0,0,4143175,979917,0,100,
725,725,0,0,0,0,2025-08-13,2025-09-26,642.69,0,0,4143175,979917,0,100,
730,730,0,0,0,0,2025-08-13,2025-09-26,642.69,0,0,4143175,979917,0,100,
735,735,0,0,0,0,2025-08-13,2025-09-26,642.69,0,0,4143175,979917,0,100,
740,740,0,0,0,0,2025-08-13,2025-09-26,642.69,0,0,4143175,979917,0,100,
745,745,0,0,0,0,2025-08-13,2025-09-26,642.69,0,0,4143175,979917,0,100,
750,750,0,0,0,0,2025-08-13,2025-09-26,642.69,0,0,4143175,979917,0,100,
638,690,0,0,0,0,2025-08-13,2025-10-17,642.69,0,0,269109292,-17963974,0,100,
619.61,695,0,0,0,0,2025-08-13,2025-10-17,642.69,0,0,269109292,-17963974,0,100,
632.45,705,0,0,0,0,2025-08-13,2025-10-17,642.69,0,0,269109292,-17963974,0,100,
635.42,710,0,0,0,0,2025-08-13,2025-10-17,642.69,0,0,269109292,-17963974,0,100,
715,715,0,0,0,0,2025-08-13,2025-10-17,642.69,0,0,269109292,-17963974,0,100,
635.49,720,0,0,0,0,2025-08-13,2025-10-17,642.69,0,0,269109292,-17963974,0,100,
631.47,725,0,0,0,0,2025-08-13,2025-10-17,642.69,0,0,269109292,-17963974,0,100,
635.45,735,0,0,0,0,2025-08-13,2025-10-17,642.69,0,0,269109292,-17963974,0,100,
705,705,0,0,0,0,2025-08-13,2025-11-21,642.69,0,0,84544368,-7957346,0,100,
710,710,0,0,0,0,2025-08-13,2025-11-21,642.69,0,0,84544368,-7957346,0,100,
715,715,0,0,0,0,2025-08-13,2025-11-21,642.69,0,0,84544368,-7957346,0,100,
720,720,0,0,0,0,2025-08-13,2025-11-21,642.69,0,0,84544368,-7957346,0,100,
725,725,0,0,0,0,2025-08-13,2025-11-21,642.69,0,0,84544368,-7957346,0,100,
642.17,735,0,0,0,0,2025-08-13,2025-11-21,642.69,0,0,84544368,-7957346,0,100,
740,740,0,0,0,0,2025-08-13,2025-11-21,642.69,0,0,84544368,-7957346,0,100,
745,745,0,0,0,0,2025-08-13,2025-11-21,642.69,0,0,84544368,-7957346,0,100,
750,750,0,0,0,0,2025-08-13,2025-11-21,642.69,0,0,84544368,-7957346,0,100,
755,755,0,0,0,0,2025-08-13,2025-11-21,642.69,0,0,84544368,-7957346,0,100,
760,760,0,0,0,0,2025-08-13,2025-11-21,642.69,0,0,84544368,-7957346,0,100,
765,765,0,0,0,0,2025-08-13,2025-11-21,642.69,0,0,84544368,-7957346,0,100,
770,770,0,0,0,0,2025-08-13,2025-11-21,642.69,0,0,84544368,-7957346,0,100,
775,775,0,0,0,0,2025-08-13,2025-11-21,642.69,0,0,84544368,-7957346,0,100,
780,780,0,0,0,0,2025-08-13,2025-11-21,642.69,0,0,84544368,-7957346,0,100,
785,785,0,0,0,0,2025-08-13,2025-11-21,642.69,0,0,84544368,-7957346,0,100,
790,790,0,0,0,0,2025-08-13,2025-11-21,642.69,0,0,84544368,-7957346,0,100,
795,795,0,0,0,0,2025-08-13,2025-11-21,642.69,0,0,84544368,-7957346,0,100,
800,800,0,0,0,0,2025-08-13,2025-11-21,642.69,0,0,84544368,-7957346,0,100,
628.51,690,0,0,0,0,2025-08-13,2025-12-19,642.69,0,0,336067064,-47690522,0,100,
537.36,705,0,0,0,0,2025-08-13,2025-12-19,642.69,0,0,336067064,-47690522,0,100,
601.65,710,0,0,0,0,2025-08-13,2025-12-19,642.69,0,0,336067064,-47690522,0,100,
599.77,715,0,0,0,0,2025-08-13,2025-12-19,642.69,0,0,336067064,-47690522,0,100,
720,720,0,0,0,0,2025-08-13,2025-12-19,642.69,0,0,336067064,-47690522,0,100,
626.5,725,0,0,0,0,2025-08-13,2025-12-19,642.69,0,0,336067064,-47690522,0,100,
730,730,0,0,0,0,2025-08-13,2025-12-19,642.69,0,0,336067064,-47690522,0,100,
735,735,0,0,0,0,2025-08-13,2025-12-19,642.69,0,0,336067064,-47690522,0,100,
557.52,740,0,0,0,0,2025-08-13,2025-12-19,642.69,0,0,336067064,-47690522,0,100,
625.55,745,0,0,0,0,2025-08-13,2025-12-19,642.69,0,0,336067064,-47690522,0,100,
629.39,755,0,0,0,0,2025-08-13,2025-12-19,642.69,0,0,336067064,-47690522,0,100,
760,760,0,0,0,0,2025-08-13,2025-12-19,642.69,0,0,336067064,-47690522,0,100,
556.84,765,0,0,0,0,2025-08-13,2025-12-19,642.69,0,0,336067064,-47690522,0,100,
770,770,0,0,0,0,2025-08-13,2025-12-19,642.69,0,0,336067064,-47690522,0,100,
775,775,0,0,0,0,2025-08-13,2025-12-19,642.69,0,0,336067064,-47690522,0,100,
602,780,0,0,0,0,2025-08-13,2025-12-19,642.69,0,0,336067064,-47690522,0,100,
785,785,0,0,0,0,2025-08-13,2025-12-19,642.69,0,0,336067064,-47690522,0,100,
790,790,0,0,0,0,2025-08-13,2025-12-19,642.69,0,0,336067064,-47690522,0,100,
795,795,0,0,0,0,2025-08-13,2025-12-19,642.69,0,0,336067064,-47690522,0,100,
593.9,800,0,0,0,0,2025-08-13,2025-12-19,642.69,0,0,336067064,-47690522,0,100,
805,805,0,0,0,0,2025-08-13,2025-12-19,642.69,0,0,336067064,-47690522,0,100,
810,810,0,0,0,0,2025-08-13,2025-12-19,642.69,0,0,336067064,-47690522,0,100,
815,815,0,0,0,0,2025-08-13,2025-12-19,642.69,0,0,336067064,-47690522,0,100,
820,820,0,0,0,0,2025-08-13,2025-12-19,642.69,0,0,336067064,-47690522,0,100,
516.96,825,0,0,0,0,2025-08-13,2025-12-19,642.69,0,0,336067064,-47690522,0,100,
830,830,0,0,0,0,2025-08-13,2025-12-19,642.69,0,0,336067064,-47690522,0,100,
835,835,0,0,0,0,2025-08-13,2025-12-19,642.69,0,0,336067064,-47690522,0,100,
593.89,840,0,0,0,0,2025-08-13,2025-12-19,642.69,0,0,336067064,-47690522,0,100,
