Watch,strike,open_interest.yt,open_interest.td,OI_Dollar.yt,OI_Dollar.td,Date.td,expiry,stkClose,diff_oi,diff_oi_d,totalOI,totalOIdiff,OI_pct,cum_sep_OI,pct
521.13,545,120432,124738,116698608,297749606,2025-04-04,2025-06-20,536.7,4306,181050998,1902644664,1087813983,15.6492492599238,15.6492492599238,0.608064609831927
508.18,535,99409,100496,134102741,269530272,2025-04-04,2025-09-19,536.7,1087,135427531,1306397097,557312441,20.6315730966447,20.6315730966447,0.502457590366696
518.26,540,65234,66714,52904774,145036236,2025-04-04,2025-06-20,536.7,1480,92131462,1902644664,1087813983,7.62287560805416,23.272124867978,0.635230646774369
522.2,540,53168,69017,27115680,122850260,2025-04-04,2025-05-16,536.7,15849,95734580,1684576697,1087504155,7.29264866472269,7.29264866472269,0.779278611213359
515.84,530,68246,84965,26342956,120310440,2025-04-04,2025-05-16,536.7,16719,93967484,1684576697,1087504155,7.14187963149772,14.4345282962204,0.781041811500315
528.62,560,36521,36768,47477300,115377984,2025-04-04,2025-06-20,536.7,247,67900684,1902644664,1087813983,6.06408470184005,29.336209569818,0.588506417307482
530.03,555,42772,40170,34730864,100304490,2025-04-04,2025-05-16,536.7,-2602,65573626,1684576697,1087504155,5.95428454985923,20.3888128460796,0.653745669809996
523.82,550,37815,37597,38949450,98428946,2025-04-04,2025-06-20,536.7,-218,59479496,1902644664,1087813983,5.1732700205339,34.5094795903519,0.604288661183063
535,580,21111,20871,45093096,93919500,2025-04-04,2025-06-20,536.7,-240,48826404,1902644664,1087813983,4.93626065744455,39.4457402477965,0.519875041924201
527.59,550,53235,39974,37956555,89581734,2025-04-04,2025-05-16,536.7,-13261,51625179,1684576697,1087504155,5.31775930176007,25.7065721478397,0.576291356449966
526.33,555,31063,30837,36436899,88409679,2025-04-04,2025-06-20,536.7,-226,51972780,1902644664,1087813983,4.6466731635603,44.0924134113568,0.587863009886056
538,610,12127,12110,59798237,87192000,2025-04-04,2025-12-19,536.7,-17,27393763,939004589,278327906,9.28557762351894,9.28557762351894,0.314177481879071
508.62,525,50427,50765,34794630,83153070,2025-04-04,2025-06-20,536.7,338,48358440,1902644664,1087813983,4.37039409267226,48.462807504029,0.581559285784638
493.8,520,30198,30134,44542050,78951080,2025-04-04,2025-12-19,536.7,-64,34409030,939004589,278327906,8.40795464951663,17.6935322730356,0.435827223642792
537.93,600,13315,12001,49784785,74490207,2025-04-04,2025-06-20,536.7,-1314,24705422,1902644664,1087813983,3.9150876887015,52.3778951927305,0.331659999280174
522.26,560,18954,18659,40751100,70419066,2025-04-04,2025-09-19,536.7,-295,29667966,1306397097,557312441,5.39032627688088,26.0218993735256,0.421305871906907
534.15,575,17139,16555,30764505,67627175,2025-04-04,2025-06-20,536.7,-584,36862670,1902644664,1087813983,3.5543775608539,55.9322727535844,0.545086646011755
497.52,510,53137,52995,21998718,66137760,2025-04-04,2025-06-20,536.7,-142,44139042,1902644664,1087813983,3.47609625966396,59.4083690132484,0.667380358814692
489.69,500,62379,63802,21770271,65779862,2025-04-04,2025-06-20,536.7,1423,44009591,1902644664,1087813983,3.45728570576645,62.8656547190148,0.669043528853861
512.48,525,53094,52226,16990080,65386952,2025-04-04,2025-05-16,536.7,-868,48396872,1684576697,1087504155,3.881506381778,29.5880785296177,0.740161003375719
536.41,585,13563,13329,34138071,64765611,2025-04-04,2025-06-20,536.7,-234,30627540,1902644664,1087813983,3.40397827431639,66.2696329933312,0.472898186662672
524.98,545,31830,32007,18334080,64078014,2025-04-04,2025-05-16,536.7,177,45743934,1684576697,1087504155,3.80380508136638,33.3918836109841,0.713878772834626
536.83,590,12614,12042,36012970,64027314,2025-04-04,2025-06-20,536.7,-572,28014344,1902644664,1087813983,3.36517454948172,69.6348075428129,0.437537392244816
512.03,530,33147,34431,25523190,61872507,2025-04-04,2025-06-20,536.7,1284,36349317,1902644664,1087813983,3.25192129516833,72.8867288379813,0.587487379491508
534.57,570,17691,17307,23652867,61318701,2025-04-04,2025-05-16,536.7,-384,37665834,1684576697,1087504155,3.64000648407402,37.0318900950581,0.614263403916531
524.84,565,14452,14384,34063364,57766144,2025-04-04,2025-09-19,536.7,-68,23702780,1306397097,557312441,4.42179059741129,30.4436899709369,0.410323043199837
537.16,550,63043,44450,3971709,57073800,2025-04-04,2025-04-04,536.7,-18593,53102091,369734428,298882164,15.4364310374689,15.4364310374689,0.930410994186474
501.38,515,42792,41764,20968080,56882568,2025-04-04,2025-06-20,536.7,-1028,35914488,1902644664,1087813983,2.98965797851154,75.8763868164928,0.631379511557917
536,600,8818,8717,35448360,55788800,2025-04-04,2025-09-19,536.7,-101,20340440,1306397097,557312441,4.27043202469701,34.7141219956339,0.364597195135941
488.98,495,81460,91528,12056080,55099856,2025-04-04,2025-05-16,536.7,10068,43043776,1684576697,1087504155,3.27084282348944,40.3027329185476,0.781195798406442
516.96,550,17475,16533,29672550,54625032,2025-04-04,2025-09-19,536.7,-942,24952482,1306397097,557312441,4.18134976918125,38.8954717648152,0.456795741556728
537.51,600,8559,8560,33782373,53491440,2025-04-04,2025-08-15,536.7,1,19709067,448426513,178814491,11.9286969992339,11.9286969992339,0.368452728137437
532.89,570,13493,14174,21588800,52599714,2025-04-04,2025-06-20,536.7,681,31010914,1902644664,1087813983,2.76455793324108,78.6409447497339,0.589564308277418
493.79,505,46620,46760,20046600,52417960,2025-04-04,2025-06-20,536.7,140,32371360,1902644664,1087813983,2.75500522992033,81.3959499796542,0.617562377475201
504.94,520,36121,34661,19360856,52199466,2025-04-04,2025-06-20,536.7,-1460,32838610,1902644664,1087813983,2.74352153019782,84.139471509852,0.629098581200045
532.3,563,16988,16976,20147768,52116320,2025-04-04,2025-05-30,536.7,-12,31968552,370109127,202964358,14.0813387722805,14.0813387722805,0.613407700313453
514.27,545,17061,16871,30488007,51844583,2025-04-04,2025-09-19,536.7,-190,21356576,1306397097,557312441,3.96851639666496,42.8639881614801,0.411934569904825
529.6,575,11387,11350,31314250,51529000,2025-04-04,2025-09-19,536.7,-37,20214750,1306397097,557312441,3.94435965284451,46.8083478143246,0.392298511517786
483.63,500,31567,31316,24054054,51264292,2025-04-04,2025-09-19,536.7,-251,27210238,1306397097,557312441,3.92409720732868,50.7324450216533,0.530783454494992
516.02,525,27663,56402,3872820,50648996,2025-04-04,2025-04-25,536.7,28739,46776176,170162594,132437635,29.7650587061455,29.7650587061455,0.923536095365049
538.25,595,8858,8782,25927366,49837850,2025-04-04,2025-06-20,536.7,-76,23910484,1902644664,1087813983,2.61939872131584,86.7588702311679,0.47976555971014
527,570,11479,11393,30763720,48989900,2025-04-04,2025-09-19,536.7,-86,18226180,1306397097,557312441,3.75000067839251,54.4824457000458,0.372039542844546
518.11,533,30562,31381,13202784,46726309,2025-04-04,2025-05-16,536.7,819,33523525,1684576697,1087504155,2.77377154054269,43.0765044590902,0.717444320286458
527.02,560,14333,14078,22932800,46429244,2025-04-04,2025-07-18,536.7,-255,23496444,479898981,228750947,9.67479528780245,9.67479528780245,0.506069924377834
537.51,600,12181,7387,40197300,46161363,2025-04-04,2025-05-16,536.7,-4794,5964063,1684576697,1087504155,2.74023516306542,45.8167396221557,0.129200322789429
493.1,500,52176,64208,8713392,44303520,2025-04-04,2025-05-16,536.7,12032,35590128,1684576697,1087504155,2.62994971252413,48.4466893346798,0.80332506311011
512.59,550,12507,11683,28128243,43706103,2025-04-04,2025-12-19,536.7,-824,15577860,939004589,278327906,4.65451431356104,22.3480465865966,0.356422992001826
533.13,590,7762,7560,25257548,42993720,2025-04-04,2025-09-19,536.7,-202,17736172,1306397097,557312441,3.29101466152447,57.7734603615703,0.412529364753736
519.18,535,29381,27069,12927640,42823158,2025-04-04,2025-05-16,536.7,-2312,29895518,1684576697,1087504155,2.54207232453483,50.9887616592146,0.698115678437354
457.3,460,156047,156321,13107948,42206670,2025-04-04,2025-05-16,536.7,274,29098722,1684576697,1087504155,2.50547630601588,53.4942379652305,0.689434205541446
531.37,565,12636,12532,18006300,42145116,2025-04-04,2025-06-20,536.7,-104,24138816,1902644664,1087813983,2.2150807661267,88.9739509972946,0.572754764751389
508.89,520,39157,36317,11473001,40348187,2025-04-04,2025-05-16,536.7,-2840,28875186,1684576697,1087504155,2.39515286373453,55.889390828965,0.715650148047544
502.04,525,17712,17550,23025600,40294800,2025-04-04,2025-09-19,536.7,-162,17269200,1306397097,557312441,3.08442204078168,60.857882402352,0.428571428571429
521.29,550,13839,13975,19997355,40122225,2025-04-04,2025-07-18,536.7,136,20124870,479898981,228750947,8.36055640634919,18.0353516941516,0.501589081861736
536.47,585,8651,8180,27224697,39697540,2025-04-04,2025-09-19,536.7,-471,12472843,1306397097,557312441,3.03870393551556,63.8965863378675,0.314196874667801
531.17,570,10277,10134,19063835,39350322,2025-04-04,2025-07-18,536.7,-143,20286487,479898981,228750947,8.19970943009775,26.2350611242494,0.515535476431425
521.15,555,11298,11212,22934940,37952620,2025-04-04,2025-09-19,536.7,-86,15017680,1306397097,557312441,2.90513658420966,66.8017229220772,0.395695475042303
531.84,560,14182,13343,13472900,37573888,2025-04-04,2025-05-16,536.7,-839,24100988,1684576697,1087504155,2.23046466610359,58.1198554950686,0.641429175495493
511.41,540,13294,13104,20140410,37464336,2025-04-04,2025-09-19,536.7,-190,17323926,1306397097,557312441,2.86776019986823,69.6694831219454,0.462411131482485
534.11,600,5714,5661,25581578,37300329,2025-04-04,2025-12-19,536.7,-53,11718751,939004589,278327906,3.97232659317706,26.3203731797737,0.314172858904274
538.05,605,5565,5564,25877250,37250980,2025-04-04,2025-12-19,536.7,-1,11373730,939004589,278327906,3.96707113430305,30.2874443140767,0.305327000792999
536.57,580,8814,8541,15865200,37093563,2025-04-04,2025-05-16,536.7,-273,21228363,1684576697,1087504155,2.20195156837077,60.3218070634394,0.572292367815947
504.88,530,13546,14610,19519786,36700320,2025-04-04,2025-09-19,536.7,1064,17180534,1306397097,557312441,2.80927752245304,72.4787606443985,0.468130359626292
537.79,570,15288,11212,8867040,36113852,2025-04-04,2025-04-04,536.7,-4076,27246812,369734428,298882164,9.7675112905634,25.2039423280323,0.754469836117178
531.66,580,8401,7354,23522800,35549236,2025-04-04,2025-09-19,536.7,-1047,12026436,1306397097,557312441,2.72116618152589,75.1999268259244,0.338303641743525
536.08,595,5851,5819,23240172,34285548,2025-04-04,2025-09-19,536.7,-32,11045376,1306397097,557312441,2.62443540932026,77.8243622352446,0.322158362468058
533.45,565,11682,10820,12698334,34137100,2025-04-04,2025-05-16,536.7,-862,21438766,1684576697,1087504155,2.02644973427411,62.3482567977135,0.62801954471821
523.33,530,13635,50707,886275,33821569,2025-04-04,2025-04-11,536.7,37072,32935294,298566777,236588664,11.327974713007,11.327974713007,0.973795568147652
506.82,540,9101,9986,17555829,33133548,2025-04-04,2025-12-19,536.7,885,15577719,939004589,278327906,3.52858211643948,33.8160264305162,0.470149438870839
536.8,575,8744,8632,13247160,32974240,2025-04-04,2025-05-16,536.7,-112,19727080,1684576697,1087504155,1.95741992980923,64.3056767275227,0.59825730630941
517.82,560,7969,7616,19946407,32124288,2025-04-04,2025-12-19,536.7,-353,12177881,939004589,278327906,3.42110021360077,37.237126644117,0.379086409634978
537.25,605,5954,4727,24488802,32025425,2025-04-04,2025-06-20,536.7,-1227,7536623,1902644664,1087813983,1.68320578224374,90.6571567795383,0.235332489732767
540.21,605,4748,4739,20615816,30703981,2025-04-04,2025-09-19,536.7,-9,10088165,1306397097,557312441,2.35027933470676,80.1746415699514,0.328562117075307
501.31,510,38247,34853,8261352,30287257,2025-04-04,2025-05-16,536.7,-3394,22025905,1684576697,1087504155,1.79791499276569,66.1035917202884,0.727233403804115
472.21,490,16792,16994,18437616,30232326,2025-04-04,2025-12-19,536.7,202,11794710,939004589,278327906,3.21961429732693,40.4567409414439,0.390135711026667
537.5,620,3615,3608,22958865,29766000,2025-04-04,2025-12-19,536.7,-7,6807135,939004589,278327906,3.16995255919883,43.6266935006427,0.228688268494255
531.21,557,11507,11421,10149174,29454759,2025-04-04,2025-05-16,536.7,-86,19305585,1684576697,1087504155,1.74849616835226,67.8520878886407,0.655431775897402
515.31,555,7183,7363,16765122,29223747,2025-04-04,2025-12-19,536.7,180,12458625,939004589,278327906,3.11220491809545,46.7388984187382,0.426318534717673
515.52,529,21065,21431,8004700,28888988,2025-04-04,2025-05-16,536.7,366,20884288,1684576697,1087504155,1.71491081714756,69.5669987057882,0.722915181383301
536.87,585,6000,5908,15252000,28435204,2025-04-04,2025-05-16,536.7,-92,13183204,1684576697,1087504155,1.68797324874784,71.2549719545361,0.463622627782097
527.85,580,5434,5416,18502770,28244440,2025-04-04,2025-12-19,536.7,-18,9741670,939004589,278327906,3.0079128825216,49.7468113012598,0.344905758443078
515.59,540,12881,11530,13795551,28144730,2025-04-04,2025-07-18,536.7,-1351,14349179,479898981,228750947,5.86471968357857,32.099780807828,0.509835375930059
479.32,500,13831,13588,15380072,28099984,2025-04-04,2025-12-19,536.7,-243,12719912,939004589,278327906,2.99252893214561,52.7393402334054,0.452666165219169
494.99,515,13966,13946,15013450,27905946,2025-04-04,2025-09-19,536.7,-20,12892496,1306397097,557312441,2.13609981712934,82.3107413870807,0.461998170569097
522.68,570,5757,5753,16983150,27223196,2025-04-04,2025-12-19,536.7,-4,10240046,939004589,278327906,2.89915473458884,55.6384949679942,0.37615149962554
529.42,540,23682,25695,2770794,27185310,2025-04-04,2025-04-11,536.7,2013,24414516,298566777,236588664,9.10526960606873,20.4332443190757,0.898077527900179
524.01,555,8564,8532,13060100,26440668,2025-04-04,2025-07-18,536.7,-32,13380568,479898981,228750947,5.50963203649728,37.6094128443253,0.506060134335487
515.05,535,12932,13236,11250840,26405820,2025-04-04,2025-06-20,536.7,304,15154980,1902644664,1087813983,1.38784821462596,92.0450049941643,0.573925748187332
536.14,545,57137,29778,2056932,26383308,2025-04-04,2025-04-04,536.7,-27359,24326376,369734428,298882164,7.13574555193978,32.3396878799721,0.922036614968828
532.68,575,6226,6182,14263766,26162224,2025-04-04,2025-07-18,536.7,-44,11898458,479898981,228750947,5.45161065886906,43.0610235031943,0.454795356847338
497.23,505,32776,32942,7177944,25595934,2025-04-04,2025-05-16,536.7,166,18417990,1684576697,1087504155,1.5194282365168,72.7744001910529,0.719567021855893
498.45,520,13499,11533,15726335,24853615,2025-04-04,2025-09-19,536.7,-1966,9127280,1306397097,557312441,1.90245485519477,84.2131962422755,0.367241546149323
518.5,545,9433,9368,12470426,24825200,2025-04-04,2025-07-18,536.7,-65,12354774,479898981,228750947,5.17300535797554,48.2340288611699,0.49767067334805
520.37,537,14556,14892,7976688,24765396,2025-04-04,2025-05-16,536.7,336,16788708,1684576697,1087504155,1.47012576180733,74.2445259528602,0.67790993529843
531,590,4201,4192,17009849,24732800,2025-04-04,2025-12-19,536.7,-9,7722951,939004589,278327906,2.63393813935876,58.272433107353,0.312255425993013
526.27,546,12624,12428,8483328,24520444,2025-04-04,2025-05-16,536.7,-196,16037116,1684576697,1087504155,1.45558489819238,75.7001108510526,0.654030408258513
505.21,515,11710,24918,2927500,24394722,2025-04-04,2025-05-16,536.7,13208,21467222,1684576697,1087504155,1.44812177702824,77.1482326280808,0.879994533243707
530.6,560,8449,8268,9462880,24307920,2025-04-04,2025-05-30,536.7,-181,14845040,370109127,202964358,6.5677710239229,20.6491097962034,0.610707950330592
530.09,585,4413,4410,16795878,24215310,2025-04-04,2025-12-19,536.7,-3,7419432,939004589,278327906,2.57882765256646,60.8512607599195,0.306394260490574
491.06,510,12674,12414,11229164,23512116,2025-04-04,2025-09-19,536.7,-260,12282952,1306397097,557312441,1.79976793074579,86.0129641730213,0.522409467527295
537.27,555,53755,13217,6020560,23433741,2025-04-04,2025-04-04,536.7,-40538,17413181,369734428,298882164,6.33799268484676,38.6776805648188,0.743081567727492
526.24,550,9984,9820,9095424,23332320,2025-04-04,2025-05-30,536.7,-164,14236896,370109127,202964358,6.30417309325095,26.9532828894544,0.610179184924602
534.27,580,5715,5094,14356080,23294862,2025-04-04,2025-07-18,536.7,-621,8938782,479898981,228750947,4.85411782943544,53.0881466906053,0.383723329204526
512.58,535,10284,10299,10757064,23090358,2025-04-04,2025-07-18,536.7,15,12333294,479898981,228750947,4.81150386105946,57.8996505516648,0.534131779160808
537.49,565,16686,8364,5956902,23009364,2025-04-04,2025-04-04,536.7,-8322,17052462,369734428,298882164,6.22321381443007,44.9008943792489,0.741109663005027
509.19,530,10868,11051,10270260,22997131,2025-04-04,2025-07-18,536.7,183,12726871,479898981,228750947,4.79207748098969,62.6917280326545,0.553411249429331
483.18,505,10343,10343,13725161,22568426,2025-04-04,2025-12-19,536.7,0,8843265,939004589,278327906,2.40344150224382,63.2547022621633,0.391842346471127
533.72,560,8650,8457,6695100,22224996,2025-04-04,2025-05-02,536.7,-193,15529896,132121057,91745168,16.8216910344579,16.8216910344579,0.698758101013832
537.6,595,8442,3847,23063544,22081780,2025-04-04,2025-05-16,536.7,-4595,-981764,1684576697,1087504155,1.31082069693381,78.4590533250146,-0.04446036506115
475.8,490,14590,15371,10738240,21826820,2025-04-04,2025-09-19,536.7,781,11088580,1306397097,557312441,1.6707645822333,87.6837287552546,0.508025447591541
537.22,552,14686,14272,1174880,21094016,2025-04-04,2025-04-04,536.7,-414,19919136,369734428,298882164,5.70518036800187,50.6060747472508,0.944302687548924
500.68,530,7439,7171,12862031,21025372,2025-04-04,2025-12-19,536.7,-268,8163341,939004589,278327906,2.23911280586937,65.4938150680327,0.388261430047468
495.99,500,26055,50824,1823850,20380424,2025-04-04,2025-04-25,536.7,24769,18556574,170162594,132437635,11.9770294521956,41.7420881583411,0.910509712653672
533.65,580,4351,4355,12391648,20185425,2025-04-04,2025-08-15,536.7,4,7793777,448426513,178814491,4.50138972938025,16.4300867286141,0.386109135675865
534.83,585,3958,3953,12158976,19832201,2025-04-04,2025-08-15,536.7,-5,7673225,448426513,178814491,4.42262007822004,20.8527068068341,0.386907383603061
412.29,420,25207,25222,12074153,19446162,2025-04-04,2025-12-19,536.7,15,7372009,939004589,278327906,2.07093364907932,67.564748717112,0.379098405124878
533.78,595,3163,3174,13468054,19431228,2025-04-04,2025-12-19,536.7,11,5963174,939004589,278327906,2.06934324151636,69.6340919586283,0.306886111366713
509.73,545,4520,5493,10007280,19373811,2025-04-04,2025-12-19,536.7,973,9366531,939004589,278327906,2.06322857491381,71.6973205335421,0.483463527129484
529,565,5464,5353,10217680,19270800,2025-04-04,2025-07-18,536.7,-111,9053120,479898981,228750947,4.01559510708776,66.7073231397422,0.469784336924259
520.77,565,4282,4234,11347300,18726982,2025-04-04,2025-12-19,536.7,-48,7379682,939004589,278327906,1.99434403403113,73.6916645675733,0.394066806920624
539.32,630,9595,2041,75589410,18507788,2025-04-04,2025-12-19,536.7,-7554,-57081622,939004589,278327906,1.97100080412919,75.6626653717025,-3.08419471846122
443.1,455,15498,15514,10879596,18461660,2025-04-04,2025-12-19,536.7,16,7582064,939004589,278327906,1.96608836807293,77.6287537397754,0.410692429608172
537.24,610,2641,2521,13138975,18342796,2025-04-04,2025-09-19,536.7,-120,5203821,1306397097,557312441,1.4040750735073,89.0878038287619,0.28369835220323
438.81,450,16099,16313,9723796,18254247,2025-04-04,2025-12-19,536.7,214,8530451,939004589,278327906,1.94399976462735,79.5727535044027,0.467313223054339
484.58,490,6841,32938,944058,17852396,2025-04-04,2025-05-16,536.7,26097,16908338,1684576697,1087504155,1.05975560696006,79.5188089319747,0.947118694879948
542.29,576,5231,5231,15169900,17633701,2025-04-04,2025-05-30,536.7,0,2463801,370109127,202964358,4.76445991562915,31.7177428050835,0.13972115099377
528.35,547.5,9297,9137,4648500,17497355,2025-04-04,2025-05-02,536.7,-160,12848855,132121057,91745168,13.2434264433716,30.0651174778294,0.734331274641224
506.01,525,8168,9211,7334864,17491689,2025-04-04,2025-07-18,536.7,1043,10156825,479898981,228750947,3.64486896045316,70.3521921001954,0.580665766467721
517.23,532,11395,11786,5572155,17407922,2025-04-04,2025-05-16,536.7,391,11835767,1684576697,1087504155,1.03337069965417,80.5521796316289,0.679906941219061
487.41,500,12765,13491,6229320,16985169,2025-04-04,2025-07-18,536.7,726,10755849,479898981,228750947,3.5393217473825,73.8915138475779,0.633249454273902
541.46,625,2241,2000,14920578,16708000,2025-04-04,2025-12-19,536.7,-241,1787422,939004589,278327906,1.7793310273162,81.352084531719,0.106980009576251
537.48,562,8348,6803,2178828,16680956,2025-04-04,2025-04-04,536.7,-1545,14502128,369734428,298882164,4.51160474566356,55.1176794929143,0.869382306385797
534.48,540,27266,30109,490788,16620168,2025-04-04,2025-04-04,536.7,2843,16129380,369734428,298882164,4.4951637557539,59.6128432486682,0.970470334595896
523.51,545,7682,7697,6414470,16540853,2025-04-04,2025-05-30,536.7,15,10126383,370109127,202964358,4.46918267973435,36.1869254848179,0.612204400825036
537.45,565,6307,5932,3803121,16342660,2025-04-04,2025-04-11,536.7,-375,12539539,298566777,236588664,5.47370345897528,25.906947778051,0.767288740021514
485.67,495,17365,17505,6043020,16332165,2025-04-04,2025-06-20,536.7,140,10289145,1902644664,1087813983,0.858392810229961,92.9033978043942,0.629992716825969
531.38,573,3832,3833,9219792,15952946,2025-04-04,2025-08-15,536.7,1,6733154,448426513,178814491,3.55753853474761,24.4102453415818,0.422063360585562
477.56,485,20968,21121,5892008,15714024,2025-04-04,2025-06-20,536.7,153,9822016,1902644664,1087813983,0.825904295075457,93.7293020994697,0.62504779170504
481.52,490,16150,17982,4522000,15248736,2025-04-04,2025-06-20,536.7,1832,10726736,1902644664,1087813983,0.801449492305201,94.5307515917749,0.703450830285212
519.35,550,5115,4934,7774800,15122710,2025-04-04,2025-08-15,536.7,-181,7347910,448426513,178814491,3.37239426340521,27.782639604987,0.485885796923964
528.26,565,4180,4051,7958720,14883374,2025-04-04,2025-08-15,536.7,-129,6924654,448426513,178814491,3.31902186167124,31.1016614666582,0.465261035568951
442.01,450,18620,18536,7671440,14810264,2025-04-04,2025-09-19,536.7,-84,7138824,1306397097,557312441,1.13367245181501,90.2214762805769,0.482018686500119
537.06,580,3386,3427,6941300,14715538,2025-04-04,2025-05-30,536.7,41,7774238,370109127,202964358,3.97599975966007,40.162925244478,0.528301309812798
517.57,535,8316,8442,5488560,14714406,2025-04-04,2025-05-30,536.7,126,9225846,370109127,202964358,3.97569390392256,44.1386191484005,0.626994117193722
486.91,510,6299,6296,8913085,14537464,2025-04-04,2025-12-19,536.7,-3,5624379,939004589,278327906,1.54817816337637,82.9002626950953,0.386888593498839
511.85,515,4986,46023,164538,14497245,2025-04-04,2025-04-11,536.7,41037,14332707,298566777,236588664,4.85561225052177,30.7625600285728,0.988650395299245
450.62,455,32859,32740,5487453,14340120,2025-04-04,2025-06-20,536.7,-119,8852667,1902644664,1087813983,0.753694069698345,95.2844456614732,0.617335628990552
537.45,590,7985,2718,18764750,14283090,2025-04-04,2025-05-16,536.7,-5267,-4481660,1684576697,1087504155,0.84787412917656,81.4000537608054,-0.313773840254455
532.88,565,4428,4398,5424300,14126376,2025-04-04,2025-05-30,536.7,-30,8702076,370109127,202964358,3.81681373666854,47.9554328850691,0.616016167203818
507.8,518,499,13685,142215,13958700,2025-04-04,2025-05-16,536.7,13186,13816485,1684576697,1087504155,0.828617659549638,82.228671420355,0.989811730318726
526,563,3746,3739,8035170,13834300,2025-04-04,2025-08-15,536.7,-7,5799130,448426513,178814491,3.08507628316794,34.1867377498261,0.419184924426968
497.06,525,4938,4934,8271150,13785596,2025-04-04,2025-12-19,536.7,-4,5514446,939004589,278327906,1.46810741518112,84.3683701102764,0.40001505919657
487.67,505,7759,7864,7409845,13628312,2025-04-04,2025-09-19,536.7,105,6218467,1306397097,557312441,1.04319827648852,91.2646745570654,0.456290331480524
527.4,557,4585,4584,8551025,13568640,2025-04-04,2025-08-15,536.7,-1,5017615,448426513,178814491,3.02583357732909,37.2125713271552,0.369794983137588
524.4,560,3818,3803,6681500,13538680,2025-04-04,2025-08-15,536.7,-15,6857180,448426513,178814491,3.01915243802723,40.2317237651825,0.50648807712421
467.7,480,8583,10949,5149800,13467270,2025-04-04,2025-09-19,536.7,2366,8317470,1306397097,557312441,1.03087109049202,92.2955456475574,0.617606240908514
526.57,575,2802,2754,9176550,13337622,2025-04-04,2025-12-19,536.7,-48,4161072,939004589,278327906,1.42040008709691,85.7887701973733,0.311980051616398
537.5,600,2126,2129,8078800,13306250,2025-04-04,2025-07-18,536.7,3,5227450,479898981,228750947,2.77271895269976,76.6642328002776,0.39285674025364
480.02,495,8789,8790,7066356,13167420,2025-04-04,2025-09-19,536.7,1,6101064,1306397097,557312441,1.00791865124605,93.3034642988035,0.463345438969821
537.42,595,2179,2206,8071016,12702148,2025-04-04,2025-07-18,536.7,27,4631132,479898981,228750947,2.64683787690727,79.3110706771849,0.364594397734934
536.78,590,2367,2339,7538895,12448158,2025-04-04,2025-07-18,536.7,-28,4909263,479898981,228750947,2.59391215502498,81.9049828322099,0.394376661992883
502.12,511,452,13537,118424,12020856,2025-04-04,2025-05-16,536.7,13085,11902432,1684576697,1087504155,0.713583182137536,82.9422546024926,0.990148455317991
519.75,525,21957,22860,1053936,12001500,2025-04-04,2025-04-11,536.7,903,10947564,298566777,236588664,4.01970377300218,34.782263801575,0.912182977127859
502.23,520,6342,6653,4655028,11822381,2025-04-04,2025-07-18,536.7,311,7167353,479898981,228750947,2.46351450369093,84.3684973359008,0.606252919779865
463.92,480,7134,7227,6741630,11621016,2025-04-04,2025-12-19,536.7,93,4879386,939004589,278327906,1.23758883994123,87.0263590373146,0.419876024609208
393.85,400,18671,18654,6609534,11472210,2025-04-04,2025-12-19,536.7,-17,4862676,939004589,278327906,1.22174163304329,88.2481006703579,0.423865671915002
507.43,530,4733,5061,5234698,11422677,2025-04-04,2025-08-15,536.7,328,6187979,448426513,178814491,2.54727958067903,42.7790033458615,0.541727565263379
533.61,570,3028,3119,4236172,11350041,2025-04-04,2025-05-30,536.7,91,7113869,370109127,202964358,3.06667417039948,51.0221070554685,0.626770335014649
423.52,425,76650,76627,4215750,11340796,2025-04-04,2025-05-16,536.7,-23,7125046,1684576697,1087504155,0.673213396587784,83.6154679990804,0.628266834179894
536.49,560,5113,4818,2188364,11327118,2025-04-04,2025-04-11,536.7,-295,9138754,298566777,236588664,3.79383068465116,38.5760944862261,0.806803107374709
479.42,490,2556,10697,1155312,11317426,2025-04-04,2025-07-18,536.7,8141,10162114,479898981,228750947,2.35829340091889,86.7267907368197,0.897917423979622
533.74,550,8540,6958,2032520,11313708,2025-04-04,2025-04-11,536.7,-1582,9281188,298566777,236588664,3.78933922711702,42.3654337133431,0.820348907714429
473.13,480,15759,15688,3703365,10777656,2025-04-04,2025-06-20,536.7,-71,7074291,1902644664,1087813983,0.566456585610775,95.850902247084,0.656384931936963
466.61,470,8265,31604,917415,10713756,2025-04-04,2025-05-16,536.7,23339,9796341,1684576697,1087504155,0.635990989254436,84.2514589883348,0.914370366470918
541.56,625,1479,1279,8897664,10671976,2025-04-04,2025-09-19,536.7,-200,1774312,1306397097,557312441,0.816901386608026,94.1203656854115,0.166258994585445
509.75,521,590,9380,174640,10552500,2025-04-04,2025-05-16,536.7,8790,10377860,1684576697,1087504155,0.626418495447109,84.8778774837819,0.983450367211561
535.82,544,9425,12775,301600,10449950,2025-04-04,2025-04-04,536.7,3350,10148350,369734428,298882164,2.82633945032568,62.4391826989939,0.971138617888124
535.98,585,2118,2126,6180324,10421652,2025-04-04,2025-07-18,536.7,8,4241328,479898981,228750947,2.17163453406041,88.8984252708801,0.406972714114806
511.32,523,8566,8591,3263646,10034288,2025-04-04,2025-05-16,536.7,25,6770642,1684576697,1087504155,0.595656346064248,85.4735338298462,0.674750615090976
520.56,540,5223,5155,3342720,10021320,2025-04-04,2025-05-30,536.7,-68,6678600,370109127,202964358,2.70766627162912,53.7297733270977,0.666439151728515
526.57,535,10271,11847,924390,9987021,2025-04-04,2025-04-11,536.7,1576,9062631,298566777,236588664,3.34498737614065,45.7104210894838,0.907440867501931
491.19,515,4177,4191,6286385,9978771,2025-04-04,2025-12-19,536.7,14,3692386,939004589,278327906,1.06269672341292,89.3107973937708,0.370024124213292
468.76,475,14825,15078,3261500,9408672,2025-04-04,2025-06-20,536.7,253,6147172,1902644664,1087813983,0.494504947666886,96.3454071947509,0.653351716374
513.54,540,3453,3548,5072457,9388008,2025-04-04,2025-08-15,536.7,95,4315551,448426513,178814491,2.09354436632073,44.8725477121822,0.459687614241488
463.59,475,8170,8170,4983700,9321970,2025-04-04,2025-09-19,536.7,0,4338270,1306397097,557312441,0.713563281900036,94.8339289673115,0.465381244522349
527.89,537,16454,9961,1628946,9074471,2025-04-04,2025-04-11,536.7,-6493,7445525,298566777,236588664,3.03934385840927,48.7497649478931,0.820491354261863
536.18,590,1654,1662,5921320,8944884,2025-04-04,2025-08-15,536.7,8,3023564,448426513,178814491,1.99472683721535,46.8672745493976,0.338021599832932
535.13,572,2421,2413,5408514,8896731,2025-04-04,2025-08-15,536.7,-8,3488217,448426513,178814491,1.98398862290286,48.8512631723004,0.39207850613894
416.88,425,10906,10956,5900146,8896272,2025-04-04,2025-12-19,536.7,50,2996126,939004589,278327906,0.947415178180774,90.2582125719515,0.336784441842605
536.41,578,2091,2087,6057627,8679833,2025-04-04,2025-08-15,536.7,-4,2622206,448426513,178814491,1.93561993958194,50.7868831118824,0.302103277793478
532.42,554,3938,3956,4312110,8537048,2025-04-04,2025-05-30,536.7,18,4224938,370109127,202964358,2.30662995781782,56.0364032849155,0.494894488118141
531.13,558,4293,3176,3872286,8533912,2025-04-04,2025-05-16,536.7,-1117,4661626,1684576697,1087504155,0.506590885128456,85.9801247149746,0.546247254483055
531.77,535,46442,26408,603746,8529784,2025-04-04,2025-04-04,536.7,-20034,7926038,369734428,298882164,2.30700290642125,64.7461856054151,0.929219075184084
445.95,450,17233,20850,2481552,8444250,2025-04-04,2025-06-20,536.7,3617,5962698,1902644664,1087813983,0.443816449796114,96.789223644547,0.706125233146816
470.21,475,17907,17607,2918841,8433753,2025-04-04,2025-05-30,536.7,-300,5514912,370109127,202964358,2.27872062176948,58.315123906685,0.653909593985027
534.77,552,5093,4887,1334366,8420301,2025-04-04,2025-04-11,536.7,-206,7085935,298566777,236588664,2.82024044490389,51.5700053927969,0.841529893052517
510.78,531,4130,4142,5856340,8375124,2025-04-04,2025-08-15,536.7,12,2518784,448426513,178814491,1.86766922945076,52.6545523413331,0.300745875523753
524.53,542,4790,4791,2835680,8369877,2025-04-04,2025-05-16,536.7,1,5534197,1684576697,1087504155,0.496853424062294,86.4769781390369,0.661204101326698
539.26,595,1489,1490,5302329,8305260,2025-04-04,2025-08-15,536.7,1,3002931,448426513,178814491,1.85208941916421,54.5066417604973,0.361569776262272
480.3,485,17136,17598,2313360,8271060,2025-04-04,2025-05-16,536.7,462,5957700,1684576697,1087504155,0.490987440033429,86.9679655790703,0.720306707967298
537.38,585,1732,1726,4186244,8219212,2025-04-04,2025-05-30,536.7,-6,4032968,370109127,202964358,2.22075366436451,60.5358775710495,0.490675748478078
475.72,480,16743,19035,1758015,8146980,2025-04-04,2025-05-16,536.7,2292,6388965,1684576697,1087504155,0.483621791427404,87.4515873704977,0.784212677581141
537.21,584,1679,1679,4387227,7856041,2025-04-04,2025-05-30,536.7,0,3468814,370109127,202964358,2.12262828092861,62.6585058519781,0.441547339175037
535.2,555,9016,3966,2930200,7852680,2025-04-04,2025-04-11,536.7,-5050,4922480,298566777,236588664,2.6301251863666,54.2001305791635,0.626853507337622
456.01,470,5593,5609,4759643,7846991,2025-04-04,2025-12-19,536.7,16,3087348,939004589,278327906,0.835671208844327,91.0938837807959,0.393443550527839
531.76,545,8437,5863,1425853,7762612,2025-04-04,2025-04-11,536.7,-2574,6336759,298566777,236588664,2.59995840059592,56.8000889797595,0.816317883722644
535.16,567,3504,2422,4327440,7711648,2025-04-04,2025-05-16,536.7,-1082,3384208,1684576697,1087504155,0.457779572383578,87.9093669428813,0.438843681661819
525.61,556,2501,2501,4456782,7600539,2025-04-04,2025-08-15,536.7,0,3143757,448426513,178814491,1.69493524126215,56.2015770017595,0.413622902270484
521.88,539,4524,4425,2429388,7575600,2025-04-04,2025-05-16,536.7,-99,5146212,1684576697,1087504155,0.449703478238248,88.3590704211196,0.679314113733566
534.96,568,2334,2288,2838144,7559552,2025-04-04,2025-05-16,536.7,-46,4721408,1684576697,1087504155,0.448750835355999,88.8078212564756,0.624561878799167
537,575,1762,1980,3383040,7524000,2025-04-04,2025-05-30,536.7,218,4140960,370109127,202964358,2.03291393027441,64.6914197822525,0.5503668261563
533.54,538,2348,16672,35220,7435712,2025-04-04,2025-04-04,536.7,14324,7400492,369734428,298882164,2.0110953800602,66.7572809854753,0.995263399120353
471.81,485,5100,5472,3646500,7217568,2025-04-04,2025-09-19,536.7,372,3571068,1306397097,557312441,0.552478876183541,95.3864078434951,0.49477441708897
516.6,545,2452,2519,3852092,7153960,2025-04-04,2025-08-15,536.7,67,3301868,448426513,178814491,1.59534724031806,57.7969242420776,0.461544095857399
528.31,530,19651,42305,176859,7149545,2025-04-04,2025-04-04,536.7,22654,6972686,369734428,298882164,1.93369739428215,68.6909783797575,0.97526290134547
456.42,465,8147,8114,4277175,6961812,2025-04-04,2025-09-19,536.7,-33,2684637,1306397097,557312441,0.532901674076515,95.9193095175716,0.385623311861912
534.88,541,10370,11321,248880,6928452,2025-04-04,2025-04-04,536.7,951,6679572,369734428,298882164,1.8738996088295,70.564877988587,0.964078556075729
537.82,556,6299,3766,932252,6846588,2025-04-04,2025-04-04,536.7,-2533,5914336,369734428,298882164,1.85175831123847,72.4166362998255,0.863836994427005
538.1,590,1485,1311,3693195,6804090,2025-04-04,2025-05-30,536.7,-174,3110895,370109127,202964358,1.83840102921861,66.5298208114711,0.457209560720096
515.91,520,20644,16541,867048,6765269,2025-04-04,2025-04-11,536.7,-4103,5898221,298566777,236588664,2.26591487103068,59.0660038507901,0.871838355577583
464.31,470,11876,11887,2553340,6763703,2025-04-04,2025-06-20,536.7,11,4210363,1902644664,1087813983,0.355489552409666,97.1447131969567,0.622493773011618
503.51,535,1864,2140,3644120,6738860,2025-04-04,2025-12-19,536.7,276,3094740,939004589,278327906,0.717659964492463,91.8115437452883,0.459237912643978
536.5,569,3433,2040,4734107,6630000,2025-04-04,2025-05-16,536.7,-1393,1895893,1684576697,1087504155,0.393570682285177,89.2013919387607,0.285956711915535
540.68,605,1067,1027,5154677,6605664,2025-04-04,2025-08-15,536.7,-40,1450987,448426513,178814491,1.47307614703861,59.2700003891162,0.21965800864228
532.34,546,5436,4781,886068,6530846,2025-04-04,2025-04-11,536.7,-655,5644778,298566777,236588664,2.18739876741209,61.2534026182022,0.864325693792198
493.46,510,3927,3930,3141600,6500220,2025-04-04,2025-08-15,536.7,3,3358620,448426513,178814491,1.44956192632615,60.7195623154423,0.516693281150484
519.65,546,2418,2428,3982446,6397780,2025-04-04,2025-08-15,536.7,10,2415334,448426513,178814491,1.42671760355972,62.146279919002,0.377526892140711
468.17,485,3738,3772,3767904,6348276,2025-04-04,2025-12-19,536.7,34,2580372,939004589,278327906,0.676064427625497,92.4876081729138,0.406468149777987
537.9,566,2343,2227,2624160,6257870,2025-04-04,2025-05-16,536.7,-116,3633710,1684576697,1087504155,0.371480266297427,89.5728722050582,0.58066242986831
514.41,530,3991,3955,1995500,6165845,2025-04-04,2025-05-30,536.7,-36,4170345,370109127,202964358,1.66595324194748,68.1957740534186,0.676362282866339
536.26,556,3526,3096,1227048,6111504,2025-04-04,2025-04-11,536.7,-430,4884456,298566777,236588664,2.04694710557163,63.3003497237739,0.799223235393448
531.12,568,1657,1655,3811100,6103640,2025-04-04,2025-08-15,536.7,-2,2292540,448426513,178814491,1.36112380134847,63.5074037203505,0.375602099730653
535.76,543,14785,8361,413980,6053364,2025-04-04,2025-04-04,536.7,-6424,5639384,369734428,298882164,1.63721945850279,74.0538557583282,0.931611579941335
537.51,570,3001,1857,2550850,6033393,2025-04-04,2025-04-11,536.7,-1144,3482543,298566777,236588664,2.02078511903553,65.3211348428094,0.577211363489831
526.31,547,2130,2882,1699740,5962858,2025-04-04,2025-05-16,536.7,752,4263118,1684576697,1087504155,0.353967736263895,89.9268399413221,0.71494541711374
536.93,547,16316,5882,766852,5923174,2025-04-04,2025-04-04,536.7,-10434,5156322,369734428,298882164,1.6020076983472,75.6558634566755,0.870533602423295
511.13,525,4258,4259,2107710,5907233,2025-04-04,2025-05-30,536.7,1,3799523,370109127,202964358,1.5960787154541,69.7918527688727,0.643198431482218
488.92,490,53370,53989,1067400,5830812,2025-04-04,2025-04-11,536.7,619,4763412,298566777,236588664,1.95293396625975,67.2740688090691,0.816938018238283
451.55,465,4360,4331,3527240,5825195,2025-04-04,2025-12-19,536.7,-29,2297955,939004589,278327906,0.620358523082788,93.1079666959966,0.394485506493774
532.6,562,2255,1976,2205390,5809440,2025-04-04,2025-05-16,536.7,-279,3604050,1684576697,1087504155,0.344860522548235,90.2717004638703,0.62037821201355
499.16,515,3555,3666,2456505,5806944,2025-04-04,2025-07-18,536.7,111,3350439,479898981,228750947,1.21003465935678,90.1084599302369,0.576971122848782
537.39,588,1123,1128,3152261,5708808,2025-04-04,2025-05-16,536.7,5,2556547,1684576697,1087504155,0.338886796319016,90.6105872601893,0.447825010054638
520.96,549,1917,2035,3366252,5706140,2025-04-04,2025-08-15,536.7,118,2339888,448426513,178814491,1.27248051454977,64.7798842349003,0.410064947582779
531.73,575,1299,1306,3253995,5651062,2025-04-04,2025-08-15,536.7,7,2397067,448426513,178814491,1.26019801153015,66.0400822464304,0.424179915208858
537.38,554,4165,3322,499800,5521164,2025-04-04,2025-04-04,536.7,-843,5021364,369734428,298882164,1.4932783051515,77.149141761827,0.909475610577769
535.8,565,2157,1869,1764426,5457480,2025-04-04,2025-04-25,536.7,-288,3693054,170162594,132437635,3.20721485945378,44.9493030177949,0.67669583763935
538.35,605,2840,817,13064000,5445305,2025-04-04,2025-07-18,536.7,-2023,-7618695,479898981,228750947,1.13467734160494,91.2431372718418,-1.39913099449893
495.07,510,3457,3615,2022345,5397195,2025-04-04,2025-07-18,536.7,158,3374850,479898981,228750947,1.12465231510879,92.3677895869506,0.625297029290215
534.45,560,2255,2102,1522125,5370610,2025-04-04,2025-04-25,536.7,-153,3848485,170162594,132437635,3.1561636865973,48.1054667043922,0.716582473871683
536.27,570,1873,1589,2116490,5359697,2025-04-04,2025-05-02,536.7,-284,3243207,132121057,91745168,4.05665616193186,34.1217736397613,0.605110139621699
523.49,555,1914,1696,3600234,5344096,2025-04-04,2025-08-15,536.7,-218,1743862,448426513,178814491,1.19174398593154,67.231826232362,0.326315620078681
525.94,540,3138,3783,866088,5318898,2025-04-04,2025-04-25,536.7,645,4452810,170162594,132437635,3.12577392890473,51.2312406332969,0.837167774226917
537.78,600,1006,836,3370100,5201592,2025-04-04,2025-05-30,536.7,-170,1831492,370109127,202964358,1.40542116379637,71.1972739326691,0.352102202556448
475.79,495,2688,2678,3034752,5144438,2025-04-04,2025-12-19,536.7,-10,2109686,939004589,278327906,0.547860794320357,93.655827490317,0.410090664908392
491.6,505,3861,3779,2281851,5063860,2025-04-04,2025-07-18,536.7,-82,2782009,479898981,228750947,1.0551929052752,93.4229824922258,0.549385054089173
530.89,550,2227,2645,919751,5054595,2025-04-04,2025-04-25,536.7,418,4134844,170162594,132437635,2.97045013312385,54.2016907664207,0.8180366577342
447.73,450,9726,22052,729450,5005804,2025-04-04,2025-05-16,536.7,12326,4276354,1684576697,1087504155,0.297155006887763,90.9077422670771,0.854279152759477
526.5,548,1947,2324,1499190,4996600,2025-04-04,2025-05-16,536.7,377,3497410,1684576697,1087504155,0.296608638175885,91.204350905253,0.699957971420566
471.2,475,13879,13139,1568327,4992820,2025-04-04,2025-05-16,536.7,-740,3424493,1684576697,1087504155,0.296384249461098,91.5007351547141,0.685883528747281
522.74,541,2637,2724,1619118,4974024,2025-04-04,2025-05-16,536.7,87,3354906,1684576697,1087504155,0.295268479544924,91.796003634259,0.674485285957607
506,516,224,4959,55776,4959000,2025-04-04,2025-05-16,536.7,4735,4903224,1684576697,1087504155,0.294376623446786,92.0903802577058,0.98875257108288
529.3,564,1422,1412,2929320,4899640,2025-04-04,2025-08-15,536.7,-10,1970320,448426513,178814491,1.09262941818964,68.3244556505516,0.402135667110237
448.07,460,4094,4103,3070500,4894879,2025-04-04,2025-12-19,536.7,9,1824379,939004589,278327906,0.52128382090367,94.1771113112207,0.372711766726001
478.43,490,4225,4223,2957500,4886011,2025-04-04,2025-08-15,536.7,-2,1928511,448426513,178814491,1.08959012421284,69.4140457747644,0.394700503130263
405.24,410,10239,10250,2723574,4879000,2025-04-04,2025-09-19,536.7,11,2155426,1306397097,557312441,0.373469905222853,96.2927794227944,0.441776183644189
491.86,500,3662,5984,911838,4870976,2025-04-04,2025-05-30,536.7,2322,3959138,370109127,202964358,1.31609183471987,72.5133657673889,0.81280178756783
528.56,561,1508,1498,3153228,4859512,2025-04-04,2025-08-15,536.7,-10,1706284,448426513,178814491,1.08368079476157,70.497726569526,0.351122499543164
531.4,576,1089,1088,3569742,4852480,2025-04-04,2025-08-15,536.7,-1,1282738,448426513,178814491,1.08211264484266,71.5798392143687,0.264346890662094
537.4,569,934,1533,846204,4844280,2025-04-04,2025-04-11,536.7,599,3998076,298566777,236588664,1.62251140219797,68.8965802112671,0.825318932844509
532.45,559,1898,1817,2125760,4824135,2025-04-04,2025-05-16,536.7,-81,2698375,1684576697,1087504155,0.286370754658492,92.3767510123643,0.559348981734549
535.71,573,1291,1290,1822892,4810410,2025-04-04,2025-05-16,536.7,-1,2987518,1684576697,1087504155,0.285556009920277,92.6623070222845,0.621052675343682
538.3,571,1087,1461,1792463,4777470,2025-04-04,2025-05-30,536.7,374,2985007,370109127,202964358,1.29082739426742,73.8041931616564,0.624809156310767
528.62,555,1744,1789,1723072,4719382,2025-04-04,2025-05-30,536.7,45,2996310,370109127,202964358,1.27513256380732,75.0793257254637,0.634894568822782
535.84,558,2373,2112,925470,4680192,2025-04-04,2025-04-11,536.7,-261,3754722,298566777,236588664,1.56755284262589,70.464133053893,0.802258112487693
503.73,515,3912,4113,1333992,4635351,2025-04-04,2025-05-30,536.7,201,3301359,370109127,202964358,1.25242817910837,76.331753904572,0.712213379310434
537.31,553,5735,2947,602175,4623843,2025-04-04,2025-04-04,536.7,-2788,4021668,369734428,298882164,1.25058491983332,78.3997266816603,0.869767420736388
485.46,500,2990,3161,2084030,4596094,2025-04-04,2025-08-15,536.7,171,2512064,448426513,178814491,1.02493805936046,72.6047772737291,0.546564974519668
530.57,542,2806,3999,373198,4570857,2025-04-04,2025-04-11,536.7,1193,4197659,298566777,236588664,1.53093289411769,71.9950659480107,0.918352729039653
500.57,520,2300,2336,2189600,4538848,2025-04-04,2025-08-15,536.7,36,2349248,448426513,178814491,1.01217208804958,73.6169493617787,0.517586841418792
536.41,566,1538,1530,1773314,4527270,2025-04-04,2025-05-02,536.7,-8,2753956,132121057,91745168,3.42660746348707,37.5483811032484,0.608303900584679
510.54,535,1824,1843,2252640,4507978,2025-04-04,2025-08-15,536.7,19,2255338,448426513,178814491,1.00528801694649,74.6222373787252,0.500299247245661
437.51,445,5964,5979,2749404,4478271,2025-04-04,2025-09-19,536.7,15,1728867,1306397097,557312441,0.342795541285561,96.63557496408,0.386056806298681
535.19,542,4105,6474,90310,4408794,2025-04-04,2025-04-04,536.7,2369,4318484,369734428,298882164,1.19242182121055,79.5921485028708,0.979515940186818
516.57,531,3234,3022,1319472,4360746,2025-04-04,2025-05-16,536.7,-212,3041274,1684576697,1087504155,0.258863013347264,92.9211700356318,0.697420578955986
536.82,579,1017,1018,2204856,4293924,2025-04-04,2025-05-30,536.7,1,2089068,370109127,202964358,1.16017781966236,77.4919317242344,0.486517227598812
455.17,460,8532,8866,1544292,4282278,2025-04-04,2025-06-20,536.7,334,2737986,1902644664,1087813983,0.225069771619742,97.3697829685764,0.639376051718268
512.5,534,1967,1971,2401707,4237650,2025-04-04,2025-08-15,536.7,4,1835943,448426513,178814491,0.945004337867953,75.5672417165932,0.43324554883013
459.88,465,6991,8183,1370236,4189696,2025-04-04,2025-06-20,536.7,1192,2819460,1902644664,1087813983,0.220203807850902,97.5899867764273,0.672950973053892
537.58,570,1292,1286,1241612,4169212,2025-04-04,2025-04-25,536.7,-6,2927600,170162594,132437635,2.45013425218471,56.6518250186054,0.702195043092076
507.51,520,2474,3317,992074,4142933,2025-04-04,2025-05-30,536.7,843,3150859,370109127,202964358,1.11938147367006,78.6113131979045,0.760538246696242
537.29,551,3235,3014,249095,4132194,2025-04-04,2025-04-04,536.7,-221,3883099,369734428,298882164,1.11761136834139,80.7097598712122,0.939718464331539
539.33,588,847,846,2174249,4117482,2025-04-04,2025-04-04,536.7,-1,1943233,369734428,298882164,1.11363229609767,81.8233921673099,0.471946932615613
529.04,531,1750,20901,19250,4096596,2025-04-04,2025-04-04,536.7,19151,4077346,369734428,298882164,1.10798337665217,82.9313755439621,0.995300976713349
529.71,550,2252,2018,1126000,4094522,2025-04-04,2025-05-02,536.7,-234,2968522,132121057,91745168,3.09906845507601,40.6474495583244,0.724998424724547
530.94,543,2814,3391,605010,4089546,2025-04-04,2025-04-11,536.7,577,3484536,298566777,236588664,1.36972574145448,73.3647916894652,0.8520593728497
537.13,549,4566,3385,246564,4017995,2025-04-04,2025-04-04,536.7,-1181,3771431,369734428,298882164,1.08672460439632,84.0181001483584,0.938635065499086
541.39,610,1722,578,8052072,3965658,2025-04-04,2025-07-18,536.7,-1144,-4086414,479898981,228750947,0.826352661082229,94.249335153308,-1.03045043218553
466.8,475,4621,4766,1668181,3908120,2025-04-04,2025-07-18,536.7,145,2239939,479898981,228750947,0.814363054461247,95.0636982077693,0.573150005629305
537.56,552.5,2766,2615,257238,3906810,2025-04-04,2025-04-04,536.7,-151,3649572,369734428,298882164,1.05665302015099,85.0747531685094,0.934156511322537
521.11,538,1974,2288,1156764,3864432,2025-04-04,2025-05-16,536.7,314,2707668,1684576697,1087504155,0.229400775095727,93.1505708107275,0.700663900930331
535.74,564,1423,1363,1585222,3851838,2025-04-04,2025-05-16,536.7,-60,2266616,1684576697,1087504155,0.228653168885667,93.3792239796132,0.588450500773916
530.73,556,1553,1511,1599590,3818297,2025-04-04,2025-05-16,536.7,-42,2218707,1684576697,1087504155,0.226662104895542,93.6058860845087,0.581072399554042
534.11,556,1779,1734,1287996,3795726,2025-04-04,2025-04-25,536.7,-45,2507730,170162594,132437635,2.23064653092912,58.8824715495346,0.660672029540594
479.28,480,51751,51705,931518,3722760,2025-04-04,2025-04-11,536.7,-46,2791242,298566777,236588664,1.24687684189323,74.6116685313584,0.749777584372885
540.99,577,672,1029,1273440,3705429,2025-04-04,2025-05-30,536.7,357,2431989,370109127,202964358,1.00117201378825,79.6124852116927,0.656331291194623
428.37,435,2233,5582,761453,3700866,2025-04-04,2025-09-19,536.7,3349,2939413,1306397097,557312441,0.283287984066915,96.9188629481469,0.794250048502161
519.8,532,104,3030,32552,3696600,2025-04-04,2025-05-02,536.7,2926,3664048,132121057,91745168,2.79788860605316,43.4453381643775,0.991194070226695
540.86,610,1058,533,5099560,3685162,2025-04-04,2025-08-15,536.7,-525,-1414398,448426513,178814491,0.821798420290997,76.3890401368842,-0.383808907179657
535.25,565,1271,1235,1189656,3674125,2025-04-04,2025-05-02,536.7,-36,2484469,132121057,91745168,2.78087769158553,46.2262158559631,0.676206988058381
529.55,554,1295,1499,1243200,3665055,2025-04-04,2025-05-16,536.7,204,2421855,1684576697,1087504155,0.217565338908401,93.8234514234171,0.660796359126944
384.79,390,6988,7000,2431824,3647000,2025-04-04,2025-12-19,536.7,12,1215176,939004589,278327906,0.388390008177053,94.5655013193977,0.333198793528928
454.64,455,100906,100959,1109966,3634524,2025-04-04,2025-04-11,536.7,53,2524558,298566777,236588664,1.21732365419881,75.8289921855572,0.694604850593915
523.9,543,1720,1893,946000,3615630,2025-04-04,2025-05-16,536.7,173,2669630,1684576697,1087504155,0.21463136741942,94.0380827908366,0.738358183774335
535.95,559,1513,1567,629408,3611935,2025-04-04,2025-04-11,536.7,54,2982527,298566777,236588664,1.2097578425479,77.0387500281051,0.825742157596967
498.78,515,697,2208,568055,3581376,2025-04-04,2025-08-15,536.7,1511,3013321,448426513,178814491,0.79865393686033,77.1876940737445,0.841386383334227
504,525,1602,1678,1674090,3523800,2025-04-04,2025-08-15,536.7,76,1849710,448426513,178814491,0.78581437489625,77.9735084486407,0.524919121403031
531.84,569,943,943,2259428,3504188,2025-04-04,2025-08-15,536.7,0,1244760,448426513,178814491,0.781440860076888,78.7549493087176,0.355220667384284
534.08,539,5291,7109,89947,3497628,2025-04-04,2025-04-04,536.7,1818,3407681,369734428,298882164,0.945983856282921,86.0207370247923,0.974283428655077
537.41,560,17639,1548,3704190,3496932,2025-04-04,2025-04-04,536.7,-16091,-207258,369734428,298882164,0.945795613060951,86.9665326378533,-0.0592685245237826
459.37,470,2924,3264,1567264,3469632,2025-04-04,2025-09-19,536.7,340,1902368,1306397097,557312441,0.265587852879315,97.1844508010262,0.548291000313578
535.59,572,971,952,1607976,3466232,2025-04-04,2025-05-16,536.7,-19,1858256,1684576697,1087504155,0.205762789321073,94.2438455801577,0.536102603634148
511.04,520,2370,3859,474000,3457664,2025-04-04,2025-05-02,536.7,1489,2983664,132121057,91745168,2.61704233867884,48.8432581946419,0.862913226964795
536.82,561,1514,1415,761542,3421470,2025-04-04,2025-04-11,536.7,-99,2659928,298566777,236588664,1.14596474342489,78.18471477153,0.777422569831096
529.84,558,1314,1215,1592568,3421440,2025-04-04,2025-05-30,536.7,-99,1828872,370109127,202964358,0.924440860924783,80.5369260726175,0.534532828282828
523.31,551,1224,1231,2078352,3408639,2025-04-04,2025-08-15,536.7,7,1330287,448426513,178814491,0.760133243950275,79.5150825526679,0.390269254092323
536.95,576,871,863,1557348,3370015,2025-04-04,2025-05-16,536.7,-8,1812667,1684576697,1087504155,0.200051146736241,94.4438967268939,0.537880988660288
398.05,400,17447,17222,1552783,3358290,2025-04-04,2025-06-20,536.7,-225,1805507,1902644664,1087813983,0.176506420959326,97.7664931973866,0.537626887493337
528.55,545,2129,2037,679151,3350865,2025-04-04,2025-04-25,536.7,-92,2671714,170162594,132437635,1.96921363340289,60.8516851829375,0.797320691821366
460.36,475,2135,2282,1923635,3340848,2025-04-04,2025-12-19,536.7,147,1417213,939004589,278327906,0.355786120657606,94.9212874400553,0.424207566462168
535.93,574,942,867,1601400,3300669,2025-04-04,2025-05-16,536.7,-75,1699269,1684576697,1087504155,0.195934622975495,94.6398313498694,0.514825630803937
541.65,610,526,482,2510598,3294470,2025-04-04,2025-06-20,536.7,-44,783872,1902644664,1087813983,0.173152142506416,97.9396453398931,0.237935692235777
537.68,561,3780,1412,907200,3292784,2025-04-04,2025-04-04,536.7,-2368,2385584,369734428,298882164,0.890580846855841,87.8571134847091,0.724488457183951
540.38,640,329,325,2712934,3237650,2025-04-04,2025-12-19,536.7,-4,524716.000000001,939004589,278327906,0.344795972024797,95.2660834120801,0.162066931261872
528.74,553,1256,1334,1066344,3236284,2025-04-04,2025-05-16,536.7,78,2169940,1684576697,1087504155,0.192112594562383,94.8319439444318,0.670503577559942
542.07,586,736,736,1978368,3233248,2025-04-04,2025-05-30,536.7,0,1254880,370109127,202964358,0.873593155134486,81.410519227752,0.38811745959481
532.99,537,4413,7901,75021,3168301,2025-04-04,2025-04-04,536.7,3488,3093280,369734428,298882164,0.856912627027527,88.7140261117366,0.976321378555889
544.45,615,454,449,2853844,3167695,2025-04-04,2025-12-19,536.7,-5,313851,939004589,278327906,0.337346061681494,95.6034294737616,0.0990786676116228
533.3,561,1201,1142,1341517,3163340,2025-04-04,2025-05-16,536.7,-59,1821823,1684576697,1087504155,0.187782485987932,95.0197264304197,0.575917542850279
533.25,563,1365,1058,1695330,3147550,2025-04-04,2025-05-16,536.7,-307,1452220,1684576697,1087504155,0.186845158525899,95.2065715889456,0.461381074168798
524.86,544,1475,1642,1023650,3142788,2025-04-04,2025-05-16,536.7,167,2119138,1684576697,1087504155,0.186562476234942,95.3931340651805,0.674286016110536
512.47,520,4063,4160,467245,3132480,2025-04-04,2025-04-25,536.7,97,2665235,170162594,132437635,1.84087461666223,62.6925597995997,0.850838632648892
539.96,583,718,722,1484106,3107488,2025-04-04,2025-05-16,536.7,4,1623382,1684576697,1087504155,0.18446699432172,95.5776010595022,0.522409740600768
528.13,552,1418,1294,1022378,3088778,2025-04-04,2025-05-16,536.7,-124,2066400,1684576697,1087504155,0.183356329545618,95.7609573890479,0.66900243397227
537.48,589,628,599,1686180,3086048,2025-04-04,2025-05-16,536.7,-29,1399868,1684576697,1087504155,0.183194271029383,95.9441516600773,0.453611868642354
514.23,539,1235,1243,1803100,3078911,2025-04-04,2025-08-15,536.7,8,1275811,448426513,178814491,0.686603247297289,80.2016857999652,0.414370860346402
430.67,440,3171,3281,1721853,3061173,2025-04-04,2025-12-19,536.7,110,1339320,939004589,278327906,0.32600192116846,95.9294313949301,0.437518559062163
535.98,557,1602,1454,541476,3056308,2025-04-04,2025-04-11,536.7,-148,2514832,298566777,236588664,1.02365977578276,79.2083745473128,0.822833300832246
528.35,570,741,729,1715415,3036285,2025-04-04,2025-08-15,536.7,-12,1320870,448426513,178814491,0.677097564924757,80.87878336489,0.435028332320583
395.69,400,5623,6955,1287667,2997605,2025-04-04,2025-09-19,536.7,1332,1709938,1306397097,557312441,0.229455883428069,97.4139066844543,0.570434730393097
341.66,345,8910,8909,2093850,2975606,2025-04-04,2025-12-19,536.7,-1,881756,939004589,278327906,0.316889399142223,96.2463207940723,0.296328210119216
503.27,510,3908,4399,488500,2960527,2025-04-04,2025-05-02,536.7,491,2472027,132121057,91745168,2.24076847947107,51.084026674113,0.834995593689907
444.71,445,101884,101791,713188,2951939,2025-04-04,2025-04-11,536.7,-93,2238751,298566777,236588664,0.988703106776009,80.1970776540888,0.758400156642803
533.56,557,1273,1258,1069320,2948752,2025-04-04,2025-05-02,536.7,-15,1879432,132121057,91745168,2.23185619836511,53.3158828724781,0.637365231121505
536.97,548,4248,2669,220896,2943907,2025-04-04,2025-04-04,536.7,-1579,2723011,369734428,298882164,0.796222038592522,89.5102481503291,0.924965020973828
537.55,575,792,786,1194336,2943570,2025-04-04,2025-04-25,536.7,-6,1749234,170162594,132437635,1.72985726816083,64.4224170677605,0.594255954504224
529.07,562,873,873,1668303,2874789,2025-04-04,2025-08-15,536.7,0,1206486,448426513,178814491,0.641083637264775,81.5198670021547,0.419678105071363
461.5,470,3352,3356,1558680,2852600,2025-04-04,2025-08-15,536.7,4,1293920,448426513,178814491,0.636135446344583,82.1560024484993,0.453593213209002
499.78,510,2891,2773,867300,2834006,2025-04-04,2025-05-30,536.7,-118,1966706,370109127,202964358,0.765721727256945,82.1762409550089,0.693966773535412
512.12,538,1071,1086,1542240,2810568,2025-04-04,2025-08-15,536.7,15,1268328,448426513,178814491,0.626762227147796,82.7827646756471,0.451271059800012
462.02,465,9474,9426,909504,2808948,2025-04-04,2025-05-16,536.7,-48,1899444,1684576697,1087504155,0.166745034821053,96.1108966948983,0.676211877186762
537.27,566,1027,971,653172,2789683,2025-04-04,2025-04-11,536.7,-56,2136511,298566777,236588664,0.934358145280176,81.1314357993689,0.765861569217721
528.25,551,1197,1220,837900,2775500,2025-04-04,2025-05-16,536.7,23,1937600,1684576697,1087504155,0.164759491505657,96.275656186404,0.698108448928121
475.24,485,2826,2838,1523214,2769888,2025-04-04,2025-08-15,536.7,12,1246674,448426513,178814491,0.617690506627114,83.4004551822742,0.450081014105986
537.11,564,1085,1029,678125,2766981,2025-04-04,2025-04-11,536.7,-56,2088856,298566777,236588664,0.926754486149676,82.0581902855186,0.754922422669328
537.07,574,750,748,1005000,2762364,2025-04-04,2025-04-25,536.7,-2,1757364,170162594,132437635,1.62336735416716,66.0457844219277,0.636181183942449
450.78,460,2935,2980,1241505,2747560,2025-04-04,2025-09-19,536.7,45,1506055,1306397097,557312441,0.210315837834413,97.6242225222887,0.548142715718674
531.77,562,919,908,1084420,2744884,2025-04-04,2025-05-30,536.7,-11,1660464,370109127,202964358,0.741641802310917,82.9178827573199,0.60493048157955
536.62,564,1055,996,812350,2727048,2025-04-04,2025-04-25,536.7,-59,1914698,170162594,132437635,1.60261308663407,67.6483975085617,0.702113787509424
356.19,360,7134,7128,1926180,2715768,2025-04-04,2025-12-19,536.7,-6,789588,939004589,278327906,0.289217755888944,96.5355385499612,0.290742066332617
536.5,546,3061,2846,116318,2703700,2025-04-04,2025-04-04,536.7,-215,2587382,369734428,298882164,0.731254596610084,90.2415027469392,0.956978215038651
537.55,564,4326,1016,1509774,2687320,2025-04-04,2025-04-04,536.7,-3310,1177546,369734428,298882164,0.726824389748201,90.9683271366874,0.438185999434381
518.77,534,1663,1759,691808,2678957,2025-04-04,2025-05-16,536.7,96,1987149,1684576697,1087504155,0.159028496878228,96.4346846832822,0.741762185805894
507.4,515,3137,3510,448591,2667600,2025-04-04,2025-05-02,536.7,373,2219009,132121057,91745168,2.01905741641168,55.3349402888898,0.831837231968811
521.23,535,1958,1928,587400,2654856,2025-04-04,2025-05-02,536.7,-30,2067456,132121057,91745168,2.00941171701344,57.3443520059032,0.778745061879062
535.65,574,509,692,1142705,2653820,2025-04-04,2025-05-30,536.7,183,1511115,370109127,202964358,0.717037167256889,83.6349199245767,0.569411263763179
519.72,536,1450,1627,775750,2648756,2025-04-04,2025-05-16,536.7,177,1873006,1684576697,1087504155,0.157235702281592,96.5919203855638,0.707126666253894
541.66,615,364,361,1913548,2647574,2025-04-04,2025-06-20,536.7,-3,734026,1902644664,1087813983,0.139152309944933,98.078797649838,0.277244753121159
531.18,567,746,738,1708340,2643516,2025-04-04,2025-08-15,536.7,-8,935176,448426513,178814491,0.589509300490446,83.9899644827647,0.353762186421418
527.02,549,1230,1199,861000,2635402,2025-04-04,2025-05-16,536.7,-31,1774402,1684576697,1087504155,0.156442980880199,96.748363366444,0.67329462450131
536.87,562,1139,1035,577473,2600955,2025-04-04,2025-04-11,536.7,-104,2023482,298566777,236588664,0.871146825555879,82.9293371110745,0.77797655092072
534.35,569,375,730,593625,2529450,2025-04-04,2025-05-30,536.7,355,1935825,370109127,202964358,0.683433564717252,84.318353489294,0.765314594081717
537.78,587.5,503,500,1091510,2486000,2025-04-04,2025-04-11,536.7,-3,1394490,298566777,236588664,0.832644551071401,83.7619816621459,0.560937248592116
483.79,489,3434,4738,542572,2468498,2025-04-04,2025-05-16,536.7,1304,1925926,1684576697,1087504155,0.146535209966756,96.8948985764107,0.780201563865962
540.95,578,464,665,1188768,2463825,2025-04-04,2025-05-30,536.7,201,1275057,370109127,202964358,0.665702307849328,84.9840557971433,0.517511186874068
533.22,548,2346,1646,527850,2432788,2025-04-04,2025-04-11,536.7,-700,1904938,298566777,236588664,0.814822072450479,84.5768037345964,0.783026716672394
536.93,563,1241,933,644079,2432331,2025-04-04,2025-04-11,536.7,-308,1788252,298566777,236588664,0.814669007864864,85.3914727424612,0.73520092454522
412.66,415,10236,10309,1023600,2412306,2025-04-04,2025-06-20,536.7,73,1388706,1902644664,1087813983,0.126786995262085,98.2055846451001,0.575675722731693
537.14,584,509,507,1127435,2375802,2025-04-04,2025-05-16,536.7,-2,1248367,1684576697,1087504155,0.141032581314402,97.0359311577251,0.525450774096495
521.76,553,797,758,1448946,2367992,2025-04-04,2025-08-15,536.7,-39,919046,448426513,178814491,0.528066903127113,84.5180313858918,0.388111953080923
446.4,455,2724,2717,1359276,2336620,2025-04-04,2025-09-19,536.7,-7,977344,1306397097,557312441,0.178859858565653,97.8030823808544,0.418272547525913
531.42,544,1817,1856,421544,2334848,2025-04-04,2025-04-11,536.7,39,1913304,298566777,236588664,0.782018690579227,86.1734914330405,0.819455484896661
537.77,558,4471,1154,831606,2334542,2025-04-04,2025-04-04,536.7,-3317,1502936,369734428,298882164,0.631410499862891,91.5997376365503,0.643781949521577
537.41,568,863,762,592881,2330958,2025-04-04,2025-04-11,536.7,-101,1738077,298566777,236588664,0.780715799467534,86.954207232508,0.745649213756747
417.47,420,9066,9173,1006326,2320769,2025-04-04,2025-06-20,536.7,107,1314443,1902644664,1087813983,0.121975955043595,98.3275606001437,0.566382522344964
419.25,425,4017,4032,1209117,2318400,2025-04-04,2025-09-19,536.7,15,1109283,1306397097,557312441,0.177465183084374,97.9805475639387,0.478469202898551
532.63,555,907,1032,477989,2308584,2025-04-04,2025-04-25,536.7,125,1830595,170162594,132437635,1.35669299916761,69.0050905077293,0.792951436898116
537.49,557,3971,1180,595650,2302180,2025-04-04,2025-04-04,536.7,-2791,1706530,369734428,298882164,0.622657730970079,92.2223953675204,0.741266973042942
483.62,490,3239,3591,570064,2291058,2025-04-04,2025-05-30,536.7,352,1720994,370109127,202964358,0.619022291768557,85.6030780889119,0.75117871306619
539.08,582,521,531,1192048,2279052,2025-04-04,2025-05-16,536.7,10,1087004,1684576697,1087504155,0.135289298733544,97.1712204564587,0.476954452991858
530.46,566,642,641,1456056,2278114,2025-04-04,2025-08-15,536.7,-1,822058,448426513,178814491,0.508023931225494,85.0260553171173,0.360850247178148
519.72,530,1854,2210,324450,2271880,2025-04-04,2025-04-25,536.7,356,1947430,170162594,132437635,1.33512304120141,70.3402135489307,0.857188759969717
524.43,540,1405,1457,491750,2268549,2025-04-04,2025-05-02,536.7,52,1776799,132121057,91745168,1.71702304803692,59.0613750539401,0.78323148408961
535.72,567,733,723,753524,2261544,2025-04-04,2025-05-02,536.7,-10,1508020,132121057,91745168,1.7117210922707,60.7730961462108,0.666809931621936
534.92,551,1482,1397,457938,2246376,2025-04-04,2025-04-11,536.7,-85,1788438,298566777,236588664,0.752386458591138,87.7065936910991,0.796143655380934
433.15,440,2057,3238,763147,2218030,2025-04-04,2025-09-19,536.7,1181,1454883,1306397097,557312441,0.169782220512696,98.1503297844515,0.655934770945389
436.55,440,6459,6427,807375,2217315,2025-04-04,2025-06-20,536.7,-32,1409940,1902644664,1087813983,0.116538576117437,98.4440991762611,0.635877175773402
536.85,562.5,924,853,510048,2187945,2025-04-04,2025-04-11,536.7,-71,1677897,298566777,236588664,0.732815962306483,88.4394096534056,0.766882622735032
538.1,577,538,557,762346,2166730,2025-04-04,2025-04-25,536.7,19,1404384,170162594,132437635,1.27332920183387,71.6135427507646,0.648158284603989
538.4,575,5350,592,5376750,2166720,2025-04-04,2025-04-04,536.7,-4758,-3210030,369734428,298882164,0.586020623429745,92.8084159909501,-1.4815158396101
479.36,485,3741,3841,583596,2166324,2025-04-04,2025-05-30,536.7,100,1582728,370109127,202964358,0.585320339857493,86.1883984287694,0.730605394206961
513.45,526,1759,1724,701841,2163620,2025-04-04,2025-05-16,536.7,-35,1461779,1684576697,1087504155,0.128437013515212,97.2996574699739,0.675617252567457
535.07,554,1193,1142,567868,2161806,2025-04-04,2025-04-11,536.7,-51,1593938,298566777,236588664,0.724061136916114,89.1634707903217,0.737317779671256
383.52,385,14525,14579,1103900,2157692,2025-04-04,2025-06-20,536.7,54,1053792,1902644664,1087813983,0.113404885359088,98.5575040616202,0.488388518843283
344.01,345,21758,21759,1327238,2154141,2025-04-04,2025-06-20,536.7,1,826903,1902644664,1087813983,0.113218250404743,98.6707223120249,0.383866701390485
536.95,567,739,715,702789,2148575,2025-04-04,2025-04-25,536.7,-24,1445786,170162594,132437635,1.26265999447564,72.8762027452402,0.672904599560174
444.63,450,3010,4000,725410,2148000,2025-04-04,2025-07-18,536.7,990,1422590,479898981,228750947,0.447594198996643,95.5112924067659,0.662285847299814
541.6,582,517,517,1182379,2088680,2025-04-04,2025-05-30,536.7,0,906301,370109127,202964358,0.564341662398399,86.7527400911678,0.433910891089109
426.22,435,2357,2371,1397701,2081738,2025-04-04,2025-12-19,536.7,14,684037,939004589,278327906,0.221696254138328,96.7572348040996,0.328589380604091
532.39,536,4661,5766,60593,2081526,2025-04-04,2025-04-04,536.7,1105,2020933,369734428,298882164,0.562978679388764,93.3713946703389,0.970890106585265
531.15,534,3693,7183,36930,2047155,2025-04-04,2025-04-04,536.7,3490,2010225,369734428,298882164,0.553682547517593,93.9250772178565,0.981960330312067
538.66,571,637,628,857402,2030952,2025-04-04,2025-05-16,536.7,-9,1173550,1684576697,1087504155,0.120561563247126,97.420219033221,0.57783246477514
488.03,494,3229,3378,590907,2016666,2025-04-04,2025-05-16,536.7,149,1425759,1684576697,1087504155,0.119713516374256,97.5399325495953,0.706988167599394
527.88,553,1069,797,941789,2002064,2025-04-04,2025-05-30,536.7,-272,1060275,370109127,202964358,0.540938835047967,87.2936789262157,0.529590962127085
438.19,440,10963,11060,712595,2001860,2025-04-04,2025-05-16,536.7,97,1289265,1684576697,1087504155,0.11883460121258,97.6587671508079,0.644033548799616
524.18,525,14897,24255,119176,1988910,2025-04-04,2025-04-04,536.7,9358,1869734,369734428,298882164,0.537929348575567,94.4630065664321,0.940079742170334
502.99,512,384,2200,117504,1982200,2025-04-04,2025-05-16,536.7,1816,1864696,1684576697,1087504155,0.117667542447312,97.7764346932552,0.940720411663808
535.26,568,578,602,901680,1970948,2025-04-04,2025-05-30,536.7,24,1069268,370109127,202964358,0.532531584934408,87.8262105111501,0.54251456659435
528.31,538,1331,2028,138424,1965132,2025-04-04,2025-04-11,536.7,697,1826708,298566777,236588664,0.658188436016108,89.8216592263378,0.9295599481358
522.89,535,1949,1604,411239,1942444,2025-04-04,2025-04-25,536.7,-345,1531205,170162594,132437635,1.14152232540602,74.0177250706463,0.788287847680551
421.38,430,2286,2247,1216152,1936914,2025-04-04,2025-12-19,536.7,-39,720762,939004589,278327906,0.206273113325541,96.9635079174251,0.372118741461934
527.78,552,806,791,699608,1915802,2025-04-04,2025-05-30,536.7,-15,1216194,370109127,202964358,0.517631655163154,88.3438421663133,0.634822387699773
386.52,390,5506,5505,1090188,1915740,2025-04-04,2025-09-19,536.7,-1,825552,1306397097,557312441,0.146643008040916,98.2969727924924,0.430931128441229
529.1,539,1322,1908,207554,1888920,2025-04-04,2025-04-11,536.7,586,1681366,298566777,236588664,0.632662488097261,90.4543217144351,0.890120280371853
537.79,576,491,488,765960,1864648,2025-04-04,2025-04-25,536.7,-3,1098688,170162594,132437635,1.09580369937238,75.1135287700186,0.589220056546866
504.34,514,502,1930,148090,1864380,2025-04-04,2025-05-16,536.7,1428,1716290,1684576697,1087504155,0.110673500548844,97.887108193804,0.920568768169579
497.49,516,103,1004,105163,1858404,2025-04-04,2025-08-15,536.7,901,1753241,448426513,178814491,0.414427770465035,85.4404830875823,0.943412196702116
528.23,559,603,603,1130625,1855431,2025-04-04,2025-08-15,536.7,0,724806,448426513,178814491,0.413764785580374,85.8542478731627,0.39064023399415
514.7,525,1770,1799,350460,1852970,2025-04-04,2025-05-02,536.7,29,1502510,132121057,91745168,1.40247894020406,62.1755750864149,0.810865799230425
465.36,475,1869,1921,842919,1851844,2025-04-04,2025-08-15,536.7,52,1008925,448426513,178814491,0.412964877480382,86.267212750643,0.544821810044475
538.31,568,625,613,662500,1819997,2025-04-04,2025-05-02,536.7,-12,1157497,132121057,91745168,1.37752228246251,63.5530973688774,0.635988410969908
537.08,579,435,434,1211475,1819328,2025-04-04,2025-08-15,536.7,-1,607853,448426513,178814491,0.405713745119259,86.6729264957623,0.334108527983959
518.07,530,786,1520,220080,1813360,2025-04-04,2025-05-02,536.7,734,1593280,132121057,91745168,1.37249885913341,64.9255962280108,0.878634137733269
537.55,581,394,410,893198,1781450,2025-04-04,2025-05-16,536.7,16,888252,1684576697,1087504155,0.105750602105117,97.9928587959091,0.498611804990317
521.66,533,764,1570,207808,1780380,2025-04-04,2025-04-25,536.7,806,1572572,170162594,132437635,1.04628165224139,76.15981042226,0.88327885058246
544,569,709,711,1003944,1777500,2025-04-04,2025-05-02,536.7,2,773556,132121057,91745168,1.34535708414746,66.2709533121583,0.435193248945148
495.9,505,1929,1930,623067,1756300,2025-04-04,2025-05-30,536.7,1,1133233,370109127,202964358,0.474535717137286,88.8183778834506,0.645238854409839
462.89,470,2480,2459,719200,1748349,2025-04-04,2025-07-18,536.7,-21,1029149,479898981,228750947,0.36431604758919,95.8756084543551,0.588640483107206
535,565,592,582,597920,1746000,2025-04-04,2025-05-09,536.7,-10,1148080,24277542,16148612,7.19183185843114,7.19183185843114,0.657548682703322
504.72,522,996,994,1046796,1717632,2025-04-04,2025-08-15,536.7,-2,670836,448426513,178814491,0.383035335825471,87.0559618315878,0.390558629555109
521.79,542,814,833,539682,1683493,2025-04-04,2025-05-30,536.7,19,1143811,370109127,202964358,0.454863951517737,89.2732418349683,0.679427238485696
533.2,564,544,546,694144,1681680,2025-04-04,2025-05-30,536.7,2,987536,370109127,202964358,0.454374095994666,89.727615930963,0.587231815803244
561.24,588,621,621,1661796,1661796,2025-04-04,2025-05-30,536.7,0,0,370109127,202964358,0.449001626485153,90.1766175574481,0
536.78,547.5,1882,1547,88454,1658384,2025-04-04,2025-04-04,536.7,-335,1569930,369734428,298882164,0.448533832505314,94.9115403989374,0.94666253412961
540.64,635,175,175,1344525,1651300,2025-04-04,2025-09-19,536.7,0,306775,1306397097,557312441,0.126401076961364,98.4233738694537,0.185777871979652
407.81,410,7510,7524,751000,1647756,2025-04-04,2025-06-20,536.7,14,896756,1902644664,1087813983,0.0866034541907506,98.7573257662157,0.544228635793164
527.05,545,630,912,352170,1637040,2025-04-04,2025-05-02,536.7,282,1284870,132121057,91745168,1.23904549143896,67.5099988035972,0.784873918780238
426.17,430,4258,4268,770698,1634644,2025-04-04,2025-07-18,536.7,10,863946,479898981,228750947,0.340622519471447,96.2162309738266,0.528522418336959
346.4,350,4513,4533,1042503,1631880,2025-04-04,2025-12-19,536.7,20,589377,939004589,278327906,0.173788288057025,97.1372962054821,0.361164423854695
353.86,355,14395,14253,777330,1624842,2025-04-04,2025-06-20,536.7,-142,847512,1902644664,1087813983,0.0853991305230917,98.8427248967388,0.521596561388738
532.52,560,319,589,320595,1618572,2025-04-04,2025-05-09,536.7,270,1297977,24277542,16148612,6.6669517037598,13.8587835621909,0.801927254394615
541.66,620,213,206,1254570,1613804,2025-04-04,2025-06-20,536.7,-7,359234,1902644664,1087813983,0.0848189906678234,98.9275438874066,0.222600761926479
448.43,450,10270,10277,503230,1613489,2025-04-04,2025-05-02,536.7,7,1110259,132121057,91745168,1.22122017234543,68.7312189759427,0.688110671966155
407.96,415,2287,2286,967401,1609344,2025-04-04,2025-12-19,536.7,-1,641943,939004589,278327906,0.171388299786041,97.3086845052682,0.398884887258411
352.32,355,6004,6003,1056704,1608804,2025-04-04,2025-09-19,536.7,-1,552100,1306397097,557312441,0.12314816097605,98.5465220304298,0.343174184052252
537.81,567,542,551,356094,1608369,2025-04-04,2025-04-11,536.7,9,1252275,298566777,236588664,0.538696574401512,90.9930182888366,0.7785993139634
544.49,587,378,376,1040256,1598376,2025-04-04,2025-05-30,536.7,-2,558120,370109127,202964358,0.431866139847991,90.6084836972961,0.349179417108365
529.42,557,653,572,771193,1577576,2025-04-04,2025-05-30,536.7,-81,806383,370109127,202964358,0.426246175766425,91.0347298730625,0.511153186914608
435.85,445,1708,1719,1081164,1572885,2025-04-04,2025-12-19,536.7,11,491721,939004589,278327906,0.167505571157544,97.4761900764257,0.312623618382781
510.66,532,718,734,903962,1566356,2025-04-04,2025-08-15,536.7,16,662394,448426513,178814491,0.349300488394628,87.4052623199824,0.422888538748535
533.24,549,1020,993,246840,1564968,2025-04-04,2025-04-11,536.7,-27,1318128,298566777,236588664,0.524160127836327,91.5171784166729,0.842271535264619
521.63,554,481,483,855218,1563471,2025-04-04,2025-08-15,536.7,2,708253,448426513,178814491,0.348657127684152,87.7539194476666,0.453000407426809
475.52,485,1548,1646,645516,1560408,2025-04-04,2025-07-18,536.7,98,914892,479898981,228750947,0.325153430571673,96.5413844043982,0.58631588661427
525.97,534,1508,1937,134212,1555411,2025-04-04,2025-04-11,536.7,429,1421199,298566777,236588664,0.520959168876315,92.0381375855493,0.913712838600216
534.94,562,583,572,496716,1547832,2025-04-04,2025-04-25,536.7,-11,1051116,170162594,132437635,0.90961941964754,77.0694298419076,0.679089203479447
540.95,572.5,487,486,703228,1533330,2025-04-04,2025-05-02,536.7,-1,830102,132121057,91745168,1.16054929836052,69.8917682743032,0.541372046460971
539.68,580,319,380,657140,1532160,2025-04-04,2025-05-02,536.7,61,875020,132121057,91745168,1.15966374686209,71.0514320211653,0.571102234753551
540.68,630,190,170,1364200,1518440,2025-04-04,2025-09-19,536.7,-20,154240,1306397097,557312441,0.116231121723015,98.6627531521528,0.101577935249335
526.5,551,630,619,618030,1516550,2025-04-04,2025-05-30,536.7,-11,898520,370109127,202964358,0.409757525379805,91.4444873984423,0.59247634433418
520.25,539,637,807,431249,1513125,2025-04-04,2025-05-30,536.7,170,1081876,370109127,202964358,0.408832122640413,91.8533195210828,0.714994465097067
540.65,640,152,152,1244424,1510120,2025-04-04,2025-09-19,536.7,0,265696,1306397097,557312441,0.115594255641552,98.7783474077943,0.17594363361852
534.71,561,621,569,561384,1495901,2025-04-04,2025-04-25,536.7,-52,934517,170162594,132437635,0.879100961519193,77.9485308034268,0.624718480701597
535.45,553,954,847,286200,1486485,2025-04-04,2025-04-11,536.7,-107,1200285,298566777,236588664,0.497873546057671,92.5360111316069,0.807465262010717
348.88,350,13053,13206,665703,1479072,2025-04-04,2025-06-20,536.7,153,813369,1902644664,1087813983,0.077737689437527,99.0052815768441,0.549918462387227
507.52,510,5289,5948,142803,1475104,2025-04-04,2025-04-11,536.7,659,1332301,298566777,236588664,0.494061668488989,93.0300728000959,0.903191232618175
512.17,524,362,1234,133940,1459822,2025-04-04,2025-05-16,536.7,872,1325882,1684576697,1087504155,0.0866580905814347,98.0795168864906,0.908249087902498
508.67,515,2173,2303,212954,1457799,2025-04-04,2025-04-25,536.7,130,1244845,170162594,132437635,0.856709436387647,78.8052402398144,0.85392087660919
524.81,541,207,900,93771,1457100,2025-04-04,2025-05-02,536.7,693,1363329,132121057,91745168,1.10285221227075,72.154284233436,0.935645460160593
534.52,562,533,529,465309,1453692,2025-04-04,2025-05-02,536.7,-4,988383,132121057,91745168,1.10027275970098,73.254556993137,0.679912251013282
498.4,500,8929,9062,196438,1449920,2025-04-04,2025-04-11,536.7,133,1253482,298566777,236588664,0.485626704541209,93.5156995046371,0.864518042374752
485.5,490,3090,3216,318270,1447200,2025-04-04,2025-05-09,536.7,126,1128930,24277542,16148612,5.96106475688519,19.8198483190761,0.780078772802653
435.4,440,2808,3129,570024,1439340,2025-04-04,2025-07-18,536.7,321,869316,479898981,228750947,0.299925621221521,96.8413100256198,0.60396848555588
491.71,508,883,883,633111,1438407,2025-04-04,2025-08-15,536.7,0,805296,448426513,178814491,0.320767608136498,88.0746870558031,0.559852670349908
527.34,543,882,918,396018,1437588,2025-04-04,2025-04-25,536.7,36,1041570,170162594,132437635,0.844831972883535,79.6500722126979,0.724526081185987
535.98,564,527,513,496434,1437426,2025-04-04,2025-05-02,536.7,-14,940992,132121057,91745168,1.08796132322798,74.342518316365,0.654636830000292
533.68,567,340,426,563380,1419432,2025-04-04,2025-05-30,536.7,86,856052,370109127,202964358,0.383517156549344,92.2368366776321,0.603094759030373
500.77,517,871,872,958100,1415256,2025-04-04,2025-08-15,536.7,1,457156,448426513,178814491,0.315604889312154,88.3902919451152,0.323020004861311
539.89,615,1566,188,8299800,1412068,2025-04-04,2025-09-19,536.7,-1378,-6887732,1306397097,557312441,0.108088727634397,98.8864361354288,-4.87776226074098
441.5,445,3917,4027,575799,1409450,2025-04-04,2025-06-20,536.7,110,833651,1902644664,1087813983,0.0740784670237301,99.0793600438679,0.591472560218525
485.42,498,1109,1110,708651,1396380,2025-04-04,2025-08-15,536.7,1,687729,448426513,178814491,0.311395503949607,88.7016874490648,0.492508486228677
443.4,450,1847,2115,587346,1395900,2025-04-04,2025-08-15,536.7,268,808554,448426513,178814491,0.31128846299951,89.0129759120643,0.579234902213626
523.33,538,846,951,308790,1395117,2025-04-04,2025-05-02,536.7,105,1086327,132121057,91745168,1.05593841865797,75.398456735023,0.778663724977905
513.99,537,607,602,863154,1385202,2025-04-04,2025-08-15,536.7,-5,522048,448426513,178814491,0.308902787824234,89.3218786998886,0.376874997292814
532.5,559,532,522,644784,1383300,2025-04-04,2025-05-30,536.7,-10,738516,370109127,202964358,0.373754630482269,92.6105913081144,0.533879852526567
375.1,380,2736,2815,891936,1379350,2025-04-04,2025-12-19,536.7,79,487414,939004589,278327906,0.14689491576063,97.6230849921863,0.353364990756516
537.53,567,2610,468,1166670,1379196,2025-04-04,2025-04-04,536.7,-2142,212526,369734428,298882164,0.373023417770552,95.2845638167079,0.154094124402913
539.67,572,290,425,439930,1374025,2025-04-04,2025-05-30,536.7,135,934095,370109127,202964358,0.371248612844935,92.9818399209593,0.679823875111443
482.1,494,1144,1144,799656,1361360,2025-04-04,2025-08-15,536.7,0,561704,448426513,178814491,0.303585974632147,89.6254646745207,0.412605042016807
529.49,547,659,776,303799,1358776,2025-04-04,2025-04-25,536.7,117,1054977,170162594,132437635,0.798516270855627,80.4485884835536,0.776417157794957
535.5,573,254,362,440944,1357500,2025-04-04,2025-05-30,536.7,108,916556,370109127,202964358,0.366783713496479,93.3486236344558,0.675179373848987
530.91,561,465,450,533820,1354050,2025-04-04,2025-05-30,536.7,-15,820230,370109127,202964358,0.365851555992565,93.7144751904484,0.605760496288911
524.74,538,913,1013,307681,1343238,2025-04-04,2025-04-25,536.7,100,1035557,170162594,132437635,0.78938500432122,81.2379734878748,0.77094081614725
537.8,571,1750,404,1085000,1341280,2025-04-04,2025-04-04,536.7,-1346,256280,369734428,298882164,0.36276848960357,95.6473323063115,0.19107121555529
489.18,502,893,1042,625100,1335844,2025-04-04,2025-08-15,536.7,149,710744,448426513,178814491,0.297895856126598,89.9233605306473,0.532056138291597
529.95,541,1029,1206,193452,1332630,2025-04-04,2025-04-11,536.7,177,1139178,298566777,236588664,0.446342360456267,93.9620418650934,0.854834425159272
537.53,575,348,353,584640,1322691,2025-04-04,2025-05-02,536.7,5,738051,132121057,91745168,1.00112051026053,76.3995772452835,0.55799200266729
537.4,570,384,405,577152,1320300,2025-04-04,2025-05-09,536.7,21,743148,24277542,16148612,5.43835945171056,25.2582077707867,0.562862985685072
422.27,425,3898,4834,479454,1319682,2025-04-04,2025-06-20,536.7,936,840228,1902644664,1087813983,0.0693604026526731,99.1487204465206,0.636689747984742
521.77,548,501,503,807111,1319369,2025-04-04,2025-08-15,536.7,2,512258,448426513,178814491,0.294221898516514,90.2175824291638,0.388259842394357
535.27,574,347,339,802958,1312947,2025-04-04,2025-08-15,536.7,-8,509989,448426513,178814491,0.292789779805013,90.5103722089688,0.388430759200486
537.38,586,261,270,617526,1312740,2025-04-04,2025-05-16,536.7,9,695214,1684576697,1087504155,0.0779269950924651,98.157443881583,0.529590017825312
541.37,581,327,329,760275,1303827,2025-04-04,2025-05-30,536.7,2,543552,370109127,202964358,0.352281774450809,94.0667569648992,0.416889664042852
370.26,375,2748,2748,791424,1302552,2025-04-04,2025-12-19,536.7,0,511128,939004589,278327906,0.138716254985203,97.7618012471715,0.392405063291139
533.5,547,1038,961,181650,1297350,2025-04-04,2025-04-11,536.7,-77,1115700,298566777,236588664,0.434525908420145,94.3965677735135,0.85998381315759
523.31,540,456,777,193800,1296813,2025-04-04,2025-05-09,536.7,321,1103013,24277542,16148612,5.3416157204053,30.599823491192,0.850556710952157
373.54,375,8820,8833,590940,1289618,2025-04-04,2025-06-20,536.7,13,698678,1902644664,1087813983,0.0677802862720982,99.2165007327926,0.541771284209743
555.14,571,810,810,1284660,1284660,2025-04-04,2025-05-02,536.7,0,0,132121057,91745168,0.972335545271939,77.3719127905554,0
537.8,566,467,448,476807,1263360,2025-04-04,2025-04-25,536.7,-19,786553,170162594,132437635,0.742442842637907,81.9804163305127,0.622588177558257
322.42,325,4875,4878,921375,1258524,2025-04-04,2025-12-19,536.7,3,337149,939004589,278327906,0.134027460008505,97.8958287071801,0.267892388226208
480.96,485,3073,3115,338030,1258460,2025-04-04,2025-05-09,536.7,42,920430,24277542,16148612,5.18363844247494,35.7834619336669,0.731393925909445
489.97,505,837,837,626913,1258011,2025-04-04,2025-08-15,536.7,0,631098,448426513,178814491,0.280538943066464,90.7909111520353,0.501663339986693
449.4,455,2226,2229,563178,1248240,2025-04-04,2025-07-18,536.7,3,685062,479898981,228750947,0.260104740668328,97.1014147662881,0.548822341857335
537.98,573,357,355,471240,1243210,2025-04-04,2025-04-25,536.7,-2,771970,170162594,132437635,0.73060122720038,82.7110175577131,0.620948994940517
424.27,430,2147,2158,721392,1236534,2025-04-04,2025-09-19,536.7,11,515142,1306397097,557312441,0.0946522311508168,98.9810883665796,0.416601565343129
379.75,385,2400,2354,804000,1235850,2025-04-04,2025-12-19,536.7,-46,431850,939004589,278327906,0.131612775323721,98.0274414825038,0.349435611117854
537.3,578,305,303,494100,1233210,2025-04-04,2025-04-25,536.7,-2,739110,170162594,132437635,0.72472449497332,83.4357420526864,0.599338312209599
529.81,548,661,676,338432,1229644,2025-04-04,2025-04-25,536.7,15,891212,170162594,132437635,0.72262885226115,84.1583709049475,0.724772373142145
525.6,548,559,547,531050,1225280,2025-04-04,2025-05-30,536.7,-12,694230,370109127,202964358,0.331059114897212,94.3978160797964,0.566588861321494
532.26,555,569,538,497875,1223412,2025-04-04,2025-05-09,536.7,-31,725537,24277542,16148612,5.03927456906469,40.8227365027316,0.593043880557
494.84,500,2126,2367,204096,1221372,2025-04-04,2025-05-02,536.7,241,1017276,132121057,91745168,0.924434021141687,78.2963468116971,0.832896120101001
502.04,519,756,717,788508,1216032,2025-04-04,2025-08-15,536.7,-39,427524,448426513,178814491,0.271177542974583,91.0620886950099,0.351572984921449
504.62,510,1757,2228,210840,1198664,2025-04-04,2025-04-25,536.7,471,987824,170162594,132437635,0.704422735821717,84.8627936407693,0.824104169308497
469.51,480,1135,1138,607225,1193762,2025-04-04,2025-08-15,536.7,3,586537,448426513,178814491,0.266211288894062,91.328299983904,0.491334956214053
535.14,552,1294,707,711700,1192002,2025-04-04,2025-04-25,536.7,-587,480302,170162594,132437635,0.700507656812049,85.5633012975813,0.402937243393887
532,551,642,625,374286,1187500,2025-04-04,2025-04-25,536.7,-17,813214,170162594,132437635,0.697861951963426,86.2611632495447,0.684811789473684
536.37,574,309,315,445269,1185345,2025-04-04,2025-05-02,536.7,6,740076,132121057,91745168,0.897165846924764,79.1935126586219,0.624354934639282
403.46,410,1804,1803,800976,1179162,2025-04-04,2025-12-19,536.7,-1,378186,939004589,278327906,0.125575744124505,98.1530172266283,0.320724378838531
427.09,430,3746,4044,457012,1176804,2025-04-04,2025-06-20,536.7,298,719792,1902644664,1087813983,0.0618509605217593,99.2783516933144,0.611649858430121
531.89,555,646,506,416024,1169366,2025-04-04,2025-05-02,536.7,-140,753342,132121057,91745168,0.885071635477455,80.0785842940993,0.644231147476496
517.31,542,339,472,485448,1165368,2025-04-04,2025-08-15,536.7,133,679920,448426513,178814491,0.259879370691893,91.5881793545958,0.583438021294561
520.19,535,759,784,279312,1161104,2025-04-04,2025-05-09,536.7,25,881792,24277542,16148612,4.78262585232063,45.6053623550523,0.759442737256955
297.72,300,5073,5089,796461,1160292,2025-04-04,2025-12-19,536.7,16,363831,939004589,278327906,0.12356616928099,98.2765833959093,0.313568481037532
535.6,562.5,440,430,437360,1156700,2025-04-04,2025-05-02,536.7,-10,719340,132121057,91745168,0.875484972845774,80.9540692669451,0.621889859081871
471.19,480,1284,1306,489204,1150586,2025-04-04,2025-07-18,536.7,22,661382,479898981,228750947,0.23975587478899,97.3411706410771,0.574821873375828
524.32,531,1639,1715,163900,1145620,2025-04-04,2025-04-11,536.7,76,981720,298566777,236588664,0.38370645639518,94.7802742299087,0.856933363593513
538.1,573,329,324,472444,1130760,2025-04-04,2025-05-02,536.7,-5,658316,132121057,91745168,0.855851463555881,81.809920730501,0.582188970250097
351.41,355,3117,3118,969387,1119362,2025-04-04,2025-12-19,536.7,1,149975,939004589,278327906,0.119207298144525,98.3957906940538,0.133982572215244
431.82,435,3131,3516,428947,1118088,2025-04-04,2025-06-20,536.7,385,689141,1902644664,1087813983,0.0587649402516076,99.337116633566,0.616356673177782
516.06,543,400,413,634400,1112622,2025-04-04,2025-08-15,536.7,13,478222,448426513,178814491,0.248116908288159,91.836296262884,0.429815337104605
528.99,556,418,409,470250,1104709,2025-04-04,2025-05-30,536.7,-9,634459,370109127,202964358,0.298481966374204,94.6962980461706,0.574322287588858
544.71,587,255,261,689520,1103769,2025-04-04,2025-05-16,536.7,6,414249,1684576697,1087504155,0.0655220389766557,98.2229659205597,0.375304071775888
414.55,420,1944,2019,554040,1100355,2025-04-04,2025-09-19,536.7,75,546315,1306397097,557312441,0.0842282183975184,99.0653165849771,0.496489769210846
506.84,517,412,1082,135960,1099312,2025-04-04,2025-05-16,536.7,670,963352,1684576697,1087504155,0.0652574621243262,98.288223382684,0.876322645436419
458.49,465,1691,1688,490390,1098888,2025-04-04,2025-07-18,536.7,-3,608498,479898981,228750947,0.228983190943679,97.5701538320208,0.553739780578185
530.47,533,1308,4317,14388,1092201,2025-04-04,2025-04-04,536.7,3009,1077813,369734428,298882164,0.295401487469812,95.9427337937813,0.986826600598242
456.46,460,2298,3083,241290,1091382,2025-04-04,2025-05-30,536.7,785,850092,370109127,202964358,0.294881136503289,94.9911791826739,0.778913341066648
487.07,490,3400,3715,227800,1088495,2025-04-04,2025-04-25,536.7,315,860695,170162594,132437635,0.639679364549414,86.9008426140942,0.790720214608244
522.68,534,905,956,247065,1082192,2025-04-04,2025-04-25,536.7,51,835127,170162594,132437635,0.635975260226698,87.5368178743208,0.771699476617828
525.6,542,637,658,289835,1079120,2025-04-04,2025-05-02,536.7,21,789285,132121057,91745168,0.816766096565516,82.6266868270665,0.731415412558381
514.84,528,336,816,144144,1073856,2025-04-04,2025-05-16,536.7,480,929712,1684576697,1087504155,0.0637463406630515,98.3519697233471,0.865769712140175
526.5,549,482,477,425606,1073250,2025-04-04,2025-05-30,536.7,-5,647644,370109127,202964358,0.289982040891415,95.2811612235653,0.603441882133706
474.65,480,1684,2004,281228,1072140,2025-04-04,2025-05-30,536.7,320,790912,370109127,202964358,0.289682129346678,95.570843352912,0.737694704049844
499.23,505,1666,1851,233240,1068027,2025-04-04,2025-05-02,536.7,185,834787,132121057,91745168,0.808370008726164,83.4350568357927,0.781616007835008
527.15,536,993,1167,149943,1032795,2025-04-04,2025-04-11,536.7,174,882852,298566777,236588664,0.345917590154379,95.1261918200631,0.854818235951956
541.66,645,100,99,869700,1023066,2025-04-04,2025-12-19,536.7,-1,153366,939004589,278327906,0.108952183193218,98.504742877247,0.149908217065175
327.16,330,3591,3592,732564,1020128,2025-04-04,2025-12-19,536.7,1,287564,939004589,278327906,0.108639298673332,98.6133821759203,0.28189011575018
542.98,572,351,350,421200,1015700,2025-04-04,2025-05-02,536.7,-1,594500,132121057,91745168,0.768764664061082,84.2038214998537,0.585310623215516
526.1,545,408,532,264792,1005480,2025-04-04,2025-05-09,536.7,124,740688,24277542,16148612,4.14160543929859,49.7469677943509,0.736651151688746
540.66,620,180,126,1051200,999684,2025-04-04,2025-09-19,536.7,-54,-51516,1306397097,557312441,0.0765222153582296,99.1418388003353,-0.0515322842018078
525.46,533,1206,1325,143514,999050,2025-04-04,2025-04-11,536.7,119,855536,298566777,236588664,0.334615260960532,95.4608070810236,0.856349532055453
533.41,558,416,402,357760,988518,2025-04-04,2025-05-02,536.7,-14,630758,132121057,91745168,0.748191107795936,84.9520126076497,0.638084486069045
365.43,370,2155,2160,650810,987120,2025-04-04,2025-12-19,536.7,5,336310,939004589,278327906,0.105124086885586,98.7185062628059,0.340698192722263
533.31,566,304,300,433200,980700,2025-04-04,2025-05-30,536.7,-4,547500,370109127,202964358,0.264975902634252,95.8358192555462,0.558274701743653
509.82,520,886,961,194920,978298,2025-04-04,2025-05-09,536.7,75,783378,24277542,16148612,4.02964188054952,53.7766096749004,0.800756006860895
531.33,577,213,213,607050,972771,2025-04-04,2025-08-15,536.7,0,365721,448426513,178814491,0.216929858471593,92.0532261213556,0.375957959273046
525.92,527,1494,9005,11952,972540,2025-04-04,2025-04-04,536.7,7511,960588,369734428,298882164,0.263037446975319,96.2057712407566,0.987710531186378
532.79,556,431,419,384883,972499,2025-04-04,2025-05-02,536.7,-12,587616,132121057,91745168,0.736066621083723,85.6880792287334,0.604233012064794
519.57,520,8186,22598,65488,971714,2025-04-04,2025-04-04,536.7,14412,906226,369734428,298882164,0.262814043381429,96.4685852841381,0.932605684388616
523.45,536,747,770,179280,966350,2025-04-04,2025-04-25,536.7,23,787070,170162594,132437635,0.567898018761985,88.1047158930828,0.814477156309826
500.38,505,2077,2087,193161,964194,2025-04-04,2025-04-25,536.7,10,771033,170162594,132437635,0.566630995293831,88.6713468883766,0.799665834883851
537.8,580,1144,228,1899040,962160,2025-04-04,2025-04-11,536.7,-916,-936880,298566777,236588664,0.322259566073556,95.7830666470972,-0.973725783653447
514.17,527,281,748,116896,959684,2025-04-04,2025-05-16,536.7,467,842788,1684576697,1087504155,0.0569688516829816,98.40893857503,0.878193238607708
533.43,557,479,407,294585,959299,2025-04-04,2025-04-25,536.7,-72,664714,170162594,132437635,0.563754334868685,89.2351012232454,0.69291638998894
398.96,400,9298,9223,381218,959192,2025-04-04,2025-05-16,536.7,-75,577974,1684576697,1087504155,0.056939645532803,98.4658782205629,0.602563407534675
360.71,365,2193,2208,572373,947232,2025-04-04,2025-12-19,536.7,15,374859,939004589,278327906,0.100876184322886,98.8193824471288,0.395741486774095
542.38,578,230,262,424810,933244,2025-04-04,2025-05-16,536.7,32,508434,1684576697,1087504155,0.0553993179213496,98.5212775384842,0.544802859702286
358.81,360,7832,7840,446424,932960,2025-04-04,2025-06-20,536.7,8,486536,1902644664,1087813983,0.0490349048170983,99.3861515383831,0.52149717029669
418.7,420,6893,7136,351543,927680,2025-04-04,2025-05-16,536.7,243,576137,1684576697,1087504155,0.0550690272311181,98.5763465657153,0.621051440151777
540.73,625,161,110,933800,926970,2025-04-04,2025-08-15,536.7,-51,-6830.00000000012,448426513,178814491,0.206716144814569,92.2599422661702,-0.00736809173975438
526.72,541,608,647,243200,923916,2025-04-04,2025-04-25,536.7,39,680716,170162594,132437635,0.542960693229677,89.778061916475,0.73677260703354
518.24,536,485,520,355020,923520,2025-04-04,2025-05-30,536.7,35,568500,370109127,202964358,0.249526405221561,96.0853456607678,0.615579521829522
529.77,532,1677,4127,16770,920321,2025-04-04,2025-04-04,536.7,2450,903551,369734428,298882164,0.248914066503972,96.717499350642,0.981778096990072
484.12,495,820,844,359160,918272,2025-04-04,2025-07-18,536.7,24,559112,479898981,228750947,0.19134693682544,97.7615007688462,0.608874059102314
532.34,554,419,421,214528,911886,2025-04-04,2025-04-25,536.7,2,697358,170162594,132437635,0.535890984360523,90.3139529008355,0.764742522639891
419.82,420,50418,50583,252090,910494,2025-04-04,2025-04-11,536.7,165,658404,298566777,236588664,0.304954894562833,96.08802154166,0.723128323745132
533.99,571,251,245,678955,906745,2025-04-04,2025-08-15,536.7,-6,227790,448426513,178814491,0.202205929781855,92.462148195952,0.251217266155314
538.04,572,272,265,367200,899940,2025-04-04,2025-04-25,536.7,-7,532740,170162594,132437635,0.528870640042077,90.8428235408776,0.591972798186546
524.79,532,1019,1230,77444,886830,2025-04-04,2025-04-11,536.7,211,809386,298566777,236588664,0.297029029455612,96.3850505711156,0.912673229367523
398.85,405,1402,1426,602860,876990,2025-04-04,2025-12-19,536.7,24,274130,939004589,278327906,0.0933957096987095,98.9127781568275,0.312580531134905
453.61,460,1157,1365,332059,872235,2025-04-04,2025-07-18,536.7,208,540176,479898981,228750947,0.181753876239216,97.9432546450854,0.619300991131977
541.24,585,224,199,452704,870824,2025-04-04,2025-04-04,536.7,-25,418120,369734428,298882164,0.235526890127743,96.9530262407698,0.480142945072713
520.93,547,322,333,532910,868131,2025-04-04,2025-08-15,536.7,11,335221,448426513,178814491,0.193594931350547,92.6557431273026,0.386141031710652
535.98,562.5,337,327,313747,867204,2025-04-04,2025-04-25,536.7,-10,553457,170162594,132437635,0.509632569423571,91.3524561103012,0.638208541473517
538.58,583,251,194,489952,861748,2025-04-04,2025-04-04,536.7,-57,371796,369734428,298882164,0.233072155238949,97.1860983960087,0.431443995228304
319.7,320,28675,28640,458800,859200,2025-04-04,2025-05-16,536.7,-35,400400,1684576697,1087504155,0.0510039110436537,98.627350476759,0.466014897579143
534.65,559,414,351,331200,854685,2025-04-04,2025-05-02,536.7,-63,523485,132121057,91745168,0.64689536960032,86.3349745983337,0.612488811667456
526.99,542,399,568,148029,852568,2025-04-04,2025-04-25,536.7,169,704539,170162594,132437635,0.501031384136046,91.8534874944372,0.826372793724372
535.1,563,315,305,221760,850950,2025-04-04,2025-04-25,536.7,-10,629190,170162594,132437635,0.500080528861707,92.3535680232989,0.739397144368059
538.29,563,363,343,380787,847553,2025-04-04,2025-05-02,536.7,-20,466766,132121057,91745168,0.641497289868034,86.9764718882018,0.550721901757176
543.5,579,239,238,524844,844900,2025-04-04,2025-05-16,536.7,-1,320056,1684576697,1087504155,0.05015503310147,98.6775055098605,0.37880932654752
536.17,568,234,264,215280,840312,2025-04-04,2025-04-25,536.7,30,625032,170162594,132437635,0.49382886111856,92.8473968844175,0.74380944220718
269,270,8384,8386,536576,838600,2025-04-04,2025-09-19,536.7,2,302024,1306397097,557312441,0.0641918144127658,99.2060306147481,0.360152635344622
496.39,514,476,476,626892,838236,2025-04-04,2025-08-15,536.7,0,211344,448426513,178814491,0.186928287177346,92.8426714144799,0.252129471890971
149.67,150,25395,25372,634875,837276,2025-04-04,2025-12-19,536.7,-23,202401,939004589,278327906,0.0891663373968878,99.0019444942244,0.241737491579837
537.83,595,929,146,3126085,834682,2025-04-04,2025-05-30,536.7,-783,-2291403,370109127,202964358,0.225523214400492,96.3108688751683,-2.74524070244716
527.55,529,2949,5698,20643,826210,2025-04-04,2025-04-04,536.7,2749,805567,369734428,298882164,0.223460391413699,97.4095587874224,0.975014826738965
528.24,547,393,439,187854,823564,2025-04-04,2025-05-02,536.7,46,635710,132121057,91745168,0.623340456623807,87.5998123448256,0.771901151580205
338.97,340,7959,7962,397950,820086,2025-04-04,2025-06-20,536.7,3,422136,1902644664,1087813983,0.0431024255614763,99.4292539639446,0.514746014442388
524.12,552,285,294,493050,819672,2025-04-04,2025-08-15,536.7,9,326622,448426513,178814491,0.182788478432362,93.0254598929123,0.398478903756625
528.18,544,436,517,143008,817894,2025-04-04,2025-04-25,536.7,81,674886,170162594,132437635,0.480654402811937,93.3280512872294,0.825150936429415
543.24,591,173,171,580761,816696,2025-04-04,2025-05-30,536.7,-2,235935,370109127,202964358,0.220663566613422,96.5315324417817,0.288889623556378
541.74,625,98,98,594370,815948,2025-04-04,2025-06-20,536.7,0,221578,1902644664,1087813983,0.0428849388137774,99.4721389027584,0.271558971895268
477.67,488,773,782,326979,807806,2025-04-04,2025-08-15,536.7,9,480827,448426513,178814491,0.180142336945184,93.2056022298575,0.595225833925472
538,561,368,349,278944,802700,2025-04-04,2025-05-02,536.7,-19,523756,132121057,91745168,0.607548878450163,88.2073612232757,0.652492836676218
536.95,569,256,248,291584,794840,2025-04-04,2025-04-25,536.7,-8,503256,170162594,132437635,0.467106184335671,93.7951574715651,0.633153842282724
537.29,559,3703,366,688758,794586,2025-04-04,2025-04-04,536.7,-3337,105828,369734428,298882164,0.214907225247631,97.62446601267,0.133186338546111
531.94,553,424,377,280688,793962,2025-04-04,2025-04-25,536.7,-47,513274,170162594,132437635,0.466590207246135,94.2617476788113,0.646471745499155
521.69,533,661,693,218130,783783,2025-04-04,2025-05-02,536.7,32,565653,132121057,91745168,0.593230948795694,88.8005921720714,0.72169592859248
514.03,536,326,355,412716,779935,2025-04-04,2025-08-15,536.7,29,367219,448426513,178814491,0.173927048778224,93.3795292786357,0.470832825812407
486.08,490,1930,1987,179490,778904,2025-04-04,2025-05-02,536.7,57,599414,132121057,91745168,0.589538123359095,89.3901302954305,0.769560818791533
273.34,275,4417,4688,441700,778208,2025-04-04,2025-12-19,536.7,271,336508,939004589,278327906,0.0828758463074987,99.0848203405319,0.432413956165961
540.45,577,213,212,455820,774860,2025-04-04,2025-05-16,536.7,-1,319040,1684576697,1087504155,0.0459973120475856,98.723502821908,0.411738894768087
560.73,589,273,273,771771,771771,2025-04-04,2025-05-30,536.7,0,0,370109127,202964358,0.208525254768981,96.7400576965507,0
546.65,567.5,369,369,769365,769365,2025-04-04,2025-05-02,536.7,0,0,132121057,91745168,0.582318229561242,89.9724485249918,0
443.07,445,3868,3967,274628,765631,2025-04-04,2025-05-16,536.7,99,491003,1684576697,1087504155,0.0454494592833609,98.7689522811914,0.641305015079066
495.34,502,145,1144,30450,761904,2025-04-04,2025-05-16,536.7,999,731454,1684576697,1087504155,0.0452282167595484,98.8141804979509,0.960034335034335
329.1,330,8345,8439,450630,759510,2025-04-04,2025-06-20,536.7,94,308880,1902644664,1087813983,0.039918646627545,99.5120575493859,0.406683256309989
476.88,487,748,748,492932,756976,2025-04-04,2025-08-15,536.7,0,264044,448426513,178814491,0.168807146333919,93.5483364249696,0.348814229249012
527.44,547,349,387,332597,756972,2025-04-04,2025-05-30,536.7,38,424375,370109127,202964358,0.204526704363062,96.9445844009137,0.560621793144264
468.73,474,1430,1430,753610,753610,2025-04-04,2025-08-15,536.7,0,0,448426513,178814491,0.168056521671367,93.716392946641,0
521.21,532,433,696,107817,750984,2025-04-04,2025-04-25,536.7,263,643167,170162594,132437635,0.441333187480675,94.7030808662919,0.856432360742706
402.17,405,417,2645,60465,748535,2025-04-04,2025-07-18,536.7,2228,688070,479898981,228750947,0.155977618131262,98.0992322632167,0.919222214058127
537.9,594,294,133,1055460,746130,2025-04-04,2025-05-30,536.7,-161,-309330,370109127,202964358,0.201597298085545,97.1461816989993,-0.414579228820715
525.04,526,4347,7716,43470,740736,2025-04-04,2025-04-04,536.7,3369,697266,369734428,298882164,0.200342717340891,97.824808730011,0.941315124416796
458.56,466,991,991,737304,737304,2025-04-04,2025-08-15,536.7,0,0,448426513,178814491,0.164420251395796,93.8808131980367,0
409.86,410,52482,52494,209928,734916,2025-04-04,2025-04-11,536.7,12,524988,298566777,236588664,0.246147949676263,96.6311985207919,0.714351027872573
522.45,541,410,394,304630,730870,2025-04-04,2025-05-30,536.7,-16,426240,370109127,202964358,0.197474189821858,97.3436558888211,0.583195369901624
537.06,558,355,347,240335,726618,2025-04-04,2025-04-25,536.7,-8,486283,170162594,132437635,0.42701394173622,95.1300948080281,0.669241609759186
534.16,559,340,291,207400,722844,2025-04-04,2025-04-25,536.7,-49,515444,170162594,132437635,0.424796062993727,95.5548908710219,0.713077787185063
503.04,505,2557,3651,66482,715596,2025-04-04,2025-04-11,536.7,1094,649114,298566777,236588664,0.239677035466006,96.8708755562579,0.907095623787724
510.61,522,535,626,162105,713014,2025-04-04,2025-05-16,536.7,91,550909,1684576697,1087504155,0.0423260039907818,98.8565065019417,0.772648222896044
537.78,572,2543,208,1627520,711776,2025-04-04,2025-04-04,536.7,-2335,-915744,369734428,298882164,0.192510068334778,98.0173187983457,-1.28656206446972
397.34,400,2662,2654,330088,705964,2025-04-04,2025-07-18,536.7,-8,375876,479898981,228750947,0.147106792877312,98.246339056094,0.532429415664255
447.1,450,2448,2426,264384,703540,2025-04-04,2025-05-30,536.7,-22,439156,370109127,202964358,0.190089881247376,97.5337457700685,0.624209000198994
522.33,543,307,336,253275,694512,2025-04-04,2025-05-30,536.7,29,441237,370109127,202964358,0.187650600683511,97.721396370752,0.635319476121363
540.59,571,230,228,296240,693348,2025-04-04,2025-04-25,536.7,-2,397108,170162594,132437635,0.40746205361679,95.9623529246386,0.572739807427151
526.75,528,3025,5544,21175,693000,2025-04-04,2025-04-04,536.7,2519,671825,369734428,298882164,0.187431828771975,98.2047506271177,0.969444444444444
522.94,544,231,328,189882,690768,2025-04-04,2025-05-30,536.7,97,500886,370109127,202964358,0.186639007148829,97.9080353779009,0.725114654992704
544.5,583,179,179,402750,689150,2025-04-04,2025-05-30,536.7,0,286400,370109127,202964358,0.186201838789023,98.0942372166899,0.415584415584416
392.43,395,2670,2675,331080,687475,2025-04-04,2025-07-18,536.7,5,356395,479898981,228750947,0.143254107055501,98.3895931631495,0.518411578602858
372.76,375,3022,3021,471432,676704,2025-04-04,2025-08-15,536.7,-1,205272,448426513,178814491,0.150906331446107,94.0317195294829,0.303340899418357
540,568,241,241,258111,674800,2025-04-04,2025-05-09,536.7,0,416689,24277542,16148612,2.77952356132264,56.556133236223,0.6175
531.85,549,294,393,144060,673995,2025-04-04,2025-04-25,536.7,99,529935,170162594,132437635,0.39608881373776,96.3584417383764,0.786259541984733
519.91,538,340,371,247860,671139,2025-04-04,2025-05-30,536.7,31,423279,370109127,202964358,0.181335436237432,98.2755726529273,0.630687532686969
540.7,630,116,75,797036,669750,2025-04-04,2025-08-15,536.7,-41,-127286,448426513,178814491,0.149355575681583,94.1810751051644,-0.19005001866368
523.51,558,194,194,383344,669106,2025-04-04,2025-08-15,536.7,0,285762,448426513,178814491,0.14921196240687,94.3302870675713,0.427080313134242
199.23,200,8666,8668,441966,667436,2025-04-04,2025-12-19,536.7,2,225470,939004589,278327906,0.0710790988477267,99.1558994393796,0.337815161303855
492.39,506,497,489,492030,665529,2025-04-04,2025-08-15,536.7,-8,173499,448426513,178814491,0.148414284326672,94.478701351898,0.260693373241437
537.46,575,1233,177,1442610,664458,2025-04-04,2025-04-11,536.7,-1056,-778152,298566777,236588664,0.222549208815688,97.0934247650736,-1.17110788040779
528.59,550,317,310,228557,663710,2025-04-04,2025-05-09,536.7,-7,435153,24277542,16148612,2.7338434838255,59.2899767200485,0.655637251209113
517.13,544,235,247,374120,663689,2025-04-04,2025-08-15,536.7,12,289569,448426513,178814491,0.148003960684635,94.6267053125826,0.436302243972704
389.2,395,1139,1140,392955,661200,2025-04-04,2025-12-19,536.7,1,268245,939004589,278327906,0.0704149913371723,99.2263144307168,0.405694192377496
540.05,579,163,169,399350,658255,2025-04-04,2025-05-02,536.7,6,258905,132121057,91745168,0.498221112475659,90.4706696374674,0.393320217848706
490.76,495,1420,1545,151940,655080,2025-04-04,2025-05-02,536.7,125,503140,132121057,91745168,0.495818013323947,90.9664876507914,0.768058863039629
471.54,482,400,626,216800,654796,2025-04-04,2025-08-15,536.7,226,437996,448426513,178814491,0.146020804082117,94.7727261166647,0.668904513772228
528.62,548,425,334,229075,647292,2025-04-04,2025-05-02,536.7,-91,418217,132121057,91745168,0.489923419247244,91.4564110700386,0.646102531778548
402.96,405,3164,3164,287924,645456,2025-04-04,2025-06-20,536.7,0,357532,1902644664,1087813983,0.0339241484346864,99.5459816978206,0.553921568627451
477.06,480,221,2191,18343,644154,2025-04-04,2025-05-02,536.7,1970,625811,132121057,91745168,0.487548324715568,91.9439593947542,0.971523890249847
482.38,485,2408,2456,156520,643472,2025-04-04,2025-04-25,536.7,48,486952,170162594,132437635,0.378151263961103,96.7365930023375,0.756757092771713
396.66,400,1802,1915,315350,639610,2025-04-04,2025-08-15,536.7,113,324260,448426513,178814491,0.142634296023438,94.9153604126882,0.506965181907725
494,500,838,1065,129890,639000,2025-04-04,2025-05-09,536.7,227,509110,24277542,16148612,2.63206217499284,61.9220388950414,0.796729264475743
347.46,350,2464,2493,364672,633222,2025-04-04,2025-09-19,536.7,29,268550,1306397097,557312441,0.0484708670475559,99.2545014817956,0.424100868257894
540.74,635,67,67,525548,631542,2025-04-04,2025-08-15,536.7,0,105994,448426513,178814491,0.140835116053898,95.0561955287421,0.167833651601952
307.74,310,2791,2791,519126,630766,2025-04-04,2025-12-19,536.7,0,111640,939004589,278327906,0.0671738996155215,99.2934883303323,0.176991150442478
533.65,554,273,307,201747,624745,2025-04-04,2025-05-02,536.7,34,422998,132121057,91745168,0.472858009302787,92.416817404057,0.677073045802688
537.93,573,1396,178,1394604,624246,2025-04-04,2025-04-04,536.7,-1218,-770358,369734428,298882164,0.16883631945684,98.3735869465745,-1.23406157188032
526.51,543,91,376,46592,620024,2025-04-04,2025-05-02,536.7,285,573432,132121057,91745168,0.469284771162556,92.8861021752195,0.924854521760448
537.4,571,491,183,409494,614880,2025-04-04,2025-04-11,536.7,-308,205386,298566777,236588664,0.205943878343839,97.2993686434174,0.334026151444184
416.45,420,1711,1720,278893,610600,2025-04-04,2025-07-18,536.7,9,331707,479898981,228750947,0.127235110757612,98.5168282739071,0.543247625286603
474.71,486,536,540,225120,609660,2025-04-04,2025-08-15,536.7,4,384540,448426513,178814491,0.135955386741372,95.1921509154834,0.630745005412853
529.83,549,301,316,183008,605772,2025-04-04,2025-05-02,536.7,15,422764,132121057,91745168,0.458497694277454,93.344599869497,0.697892936616417
437.77,440,2678,2689,243698,599647,2025-04-04,2025-05-30,536.7,11,355949,370109127,202964358,0.162018971231693,98.437591624159,0.593597566568331
388.5,390,3914,3949,301378,592350,2025-04-04,2025-06-20,536.7,35,290972,1902644664,1087813983,0.031132980908515,99.5771146787291,0.491216341689879
518.88,537,328,326,213200,590712,2025-04-04,2025-05-30,536.7,-2,377512,370109127,202964358,0.159604818391847,98.5971964425509,0.639079619171441
299.35,300,8910,8974,267300,583310,2025-04-04,2025-06-20,536.7,64,316010,1902644664,1087813983,0.0306578527791777,99.6077725315083,0.541753098695376
319.18,320,6882,7063,275280,579166,2025-04-04,2025-06-20,536.7,181,303886,1902644664,1087813983,0.0304400506809505,99.6382125821892,0.524695855765014
499.97,508,592,720,148000,578160,2025-04-04,2025-05-16,536.7,128,430160,1684576697,1087504155,0.0343207881855201,98.8908272901272,0.744015497440155
477.55,482,1272,1297,164088,577165,2025-04-04,2025-05-16,536.7,25,413077,1684576697,1087504155,0.0342617229021304,98.9250890130294,0.715700016459765
503.63,521,330,330,381150,573210,2025-04-04,2025-08-15,536.7,0,192060,448426513,178814491,0.127826964593416,95.3199778800769,0.335060449050086
541.77,574,827,176,827000,567248,2025-04-04,2025-04-11,536.7,-651,-259752,298566777,236588664,0.189990328361283,97.4893589717787,-0.457916114292161
408.95,410,5378,5359,258144,562695,2025-04-04,2025-05-16,536.7,-19,304551,1684576697,1087504155,0.0334027534039906,98.9584917664334,0.541236371391251
540.76,620,74,71,397676,562604,2025-04-04,2025-08-15,536.7,-3,164928,448426513,178814491,0.125461805600241,95.4454396856771,0.293151132946086
525.8,539,375,426,97500,562320,2025-04-04,2025-04-25,536.7,51,464820,170162594,132437635,0.330460406592062,97.0670534089296,0.826611182244985
274.51,275,11491,11470,229820,562030,2025-04-04,2025-06-20,536.7,-21,332210,1902644664,1087813983,0.029539409572065,99.6677519917613,0.591089443624006
540.77,615,122,75,744078,556725,2025-04-04,2025-08-15,536.7,-47,-187353,448426513,178814491,0.124150776963538,95.5695904626407,-0.336527010642598
540.74,640,57,56,466431,555856,2025-04-04,2025-08-15,536.7,-1,89425.0000000001,448426513,178814491,0.123956988243467,95.6935474508841,0.160877997179126
490.87,497,846,903,159894,553539,2025-04-04,2025-05-16,536.7,57,393645,1684576697,1087504155,0.0328592340726176,98.991351000506,0.71114230433628
524.09,537,255,428,78030,552548,2025-04-04,2025-04-25,536.7,173,474518,170162594,132437635,0.324717663859779,97.3917710727894,0.858781499525833
433.35,435,3117,3310,208839,546150,2025-04-04,2025-05-16,536.7,193,337311,1684576697,1087504155,0.0324206075610934,99.0237716080671,0.617616039549574
493.18,507,390,391,443430,540362,2025-04-04,2025-08-15,536.7,1,96932.0000000001,448426513,178814491,0.120501795575143,95.8140492464593,0.179383450353652
309.32,310,8034,7939,273156,539852,2025-04-04,2025-06-20,536.7,-95,266696,1902644664,1087813983,0.0283737689025469,99.6961257606638,0.494016878700088
428.41,430,3378,3344,209436,531696,2025-04-04,2025-05-16,536.7,-34,322260,1684576697,1087504155,0.0315625878564554,99.0553341959235,0.606098221540128
440.56,445,1228,1197,265248,531468,2025-04-04,2025-07-18,536.7,-31,266220,479898981,228750947,0.110745807147275,98.6275740810544,0.500914448282869
537.52,563,3347,208,1050958,529984,2025-04-04,2025-04-04,536.7,-3139,-520974,369734428,298882164,0.14334180424226,98.5169287508168,-0.982999486776959
508.62,528,265,271,315615,525198,2025-04-04,2025-08-15,536.7,6,209583,448426513,178814491,0.117120193560009,95.9311694400193,0.399055213462351
537.16,569,164,164,181712,522176,2025-04-04,2025-05-09,536.7,0,340464,24277542,16148612,2.15086024771371,64.0728991427551,0.652010050251256
430.84,435,1207,1253,248642,521248,2025-04-04,2025-07-18,536.7,46,272606,479898981,228750947,0.108616192289852,98.7361902733442,0.522987138559764
465.45,472,791,791,518105,518105,2025-04-04,2025-08-15,536.7,0,0,448426513,178814491,0.115538440520353,96.0467078805396,0
538.56,579,55,128,127435,517632,2025-04-04,2025-04-25,536.7,73,390197,170162594,132437635,0.304198465615775,97.6959695384051,0.753811588155292
540.11,650,48,47,441408,516483,2025-04-04,2025-12-19,536.7,-1,75075,939004589,278327906,0.055003245569868,99.3484915759022,0.145358124081528
463.35,465,3006,3110,150300,513150,2025-04-04,2025-04-25,536.7,104,362850,170162594,132437635,0.301564514231606,97.9975340526367,0.707103186202865
520.69,534,271,381,97560,507111,2025-04-04,2025-05-02,536.7,110,409551,132121057,91745168,0.383822996511449,93.7284228660084,0.807616084052604
378.5,380,3460,3375,252580,506250,2025-04-04,2025-06-20,536.7,-85,253670,1902644664,1087813983,0.0266077008271052,99.7227334614909,0.501076543209877
317.43,320,1948,1947,374016,500379,2025-04-04,2025-12-19,536.7,-1,126363,939004589,278327906,0.0532882379768647,99.4017798138791,0.252534578789278
410.55,415,1109,1115,303866,496175,2025-04-04,2025-09-19,536.7,6,192309,1306397097,557312441,0.0379804120155665,99.2924818938112,0.387583010026704
362.78,365,2226,2226,287154,494172,2025-04-04,2025-08-15,536.7,0,207018,448426513,178814491,0.110201334148144,96.1569092146878,0.418918918918919
224.37,225,7815,7815,328230,492345,2025-04-04,2025-09-19,536.7,0,164115,1306397097,557312441,0.0376872392881626,99.3301691330993,0.333333333333333
487.73,495,593,673,135797,489271,2025-04-04,2025-05-30,536.7,80,353474,370109127,202964358,0.132196415680395,98.7293928582312,0.722450339382469
541.35,640,49,49,410718,483385,2025-04-04,2025-07-18,536.7,0,72667.0000000001,479898981,228750947,0.100726406835192,98.8369166801794,0.150329447541815
498.95,518,252,252,281736,480060,2025-04-04,2025-08-15,536.7,0,198324,448426513,178814491,0.107054330215306,96.2639635449031,0.413123359580053
492.46,499,599,734,116206,480036,2025-04-04,2025-05-16,536.7,135,363830,1684576697,1087504155,0.0284959420876994,99.0838301380112,0.75792232249248
451.78,455,496,1487,58032,478814,2025-04-04,2025-05-30,536.7,991,420782,370109127,202964358,0.129371032776503,98.8587638910077,0.87880053632517
533.21,557.5,217,197,185535,478513,2025-04-04,2025-05-02,536.7,-20,292978,132121057,91745168,0.362177695868721,94.0906005618771,0.612267587296479
452.63,455,2011,2019,170935,478503,2025-04-04,2025-05-16,536.7,8,307568,1684576697,1087504155,0.0284049399978136,99.112235078009,0.642771309688759
460.3,463,99,1765,10098,476550,2025-04-04,2025-05-16,536.7,1666,466452,1684576697,1087504155,0.028289005828507,99.1405240838376,0.978810198300283
516.88,530,205,360,62115,472320,2025-04-04,2025-05-09,536.7,155,410205,24277542,16148612,1.94550173160034,66.0184008743554,0.868489583333333
535.34,561,218,183,253098,469578,2025-04-04,2025-05-09,536.7,-35,216480,24277542,16148612,1.93420734273676,67.9526082170922,0.461009672514471
529.92,551,317,222,164206,467976,2025-04-04,2025-05-02,536.7,-95,303770,132121057,91745168,0.354202434211528,94.4448029960887,0.649114484503479
487.75,496,565,565,466125,466125,2025-04-04,2025-08-15,536.7,0,0,448426513,178814491,0.103946797632815,96.3679103425359,0
539.42,610,75,66,379725,465828,2025-04-04,2025-05-16,536.7,-9,86103,1684576697,1087504155,0.0276525254581507,99.1681766092957,0.184838609959041
367,370,1544,1542,282552,462600,2025-04-04,2025-09-19,536.7,-2,180048,1306397097,557312441,0.0354103665005312,99.3655794995999,0.389208819714656
288.65,290,3411,3411,320634,460485,2025-04-04,2025-09-19,536.7,0,139851,1306397097,557312441,0.0352484708560249,99.4008279704559,0.303703703703704
541.97,620,65,59,365365,460377,2025-04-04,2025-07-18,536.7,-6,95012.0000000001,479898981,228750947,0.09593206450255,98.932848744682,0.206378685294878
541.41,625,56,55,342328,459745,2025-04-04,2025-07-18,536.7,-1,117417,479898981,228750947,0.0958003701199774,99.0286491148019,0.255395926002458
468.26,470,2618,2641,130900,459534,2025-04-04,2025-04-25,536.7,23,328634,170162594,132437635,0.270055826722999,98.2675898793597,0.71514621333786
532.72,552,253,238,175835,458864,2025-04-04,2025-05-02,536.7,-15,283029,132121057,91745168,0.34730572886652,94.7921087249552,0.616803671676139
294.1,295,5137,5088,251713,457920,2025-04-04,2025-07-18,536.7,-49,206207,479898981,228750947,0.0954200817525803,99.1240691965545,0.450312281621244
248.67,250,1790,3441,162890,457653,2025-04-04,2025-12-19,536.7,1651,294763,939004589,278327906,0.0487381004694962,99.4505179143486,0.644075314703498
539.3,593,221,85,903448,456450,2025-04-04,2025-05-30,536.7,-136,-446998,370109127,202964358,0.123328490626496,98.9820923816342,-0.979292364990689
524.31,546,210,209,185430,453321,2025-04-04,2025-05-30,536.7,-1,267891,370109127,202964358,0.122483064299033,99.1045754459333,0.590952106785258
529.42,546,262,273,98512,452634,2025-04-04,2025-04-25,536.7,11,354122,170162594,132437635,0.266000881486327,98.5335907608461,0.782358373431956
465.94,470,1095,1109,151110,450254,2025-04-04,2025-05-30,536.7,14,299144,370109127,202964358,0.121654389787583,99.2262298357209,0.664389433519747
342.78,345,2026,2026,299848,449772,2025-04-04,2025-09-19,536.7,0,149924,1306397097,557312441,0.0344284292297383,99.4352563996856,0.333333333333333
487.4,497,463,463,444480,444480,2025-04-04,2025-08-15,536.7,0,0,448426513,178814491,0.0991199197893993,96.4670302623253,0
427.9,430,2039,2101,169237,441210,2025-04-04,2025-05-30,536.7,62,271973,370109127,202964358,0.119210786174425,99.3454406218953,0.616425285011673
407.04,410,1465,1465,197775,433640,2025-04-04,2025-07-18,536.7,0,235865,479898981,228750947,0.0903606836372924,99.2144298801918,0.543918918918919
382.19,385,1543,1543,337917,433583,2025-04-04,2025-09-19,536.7,0,95666,1306397097,557312441,0.0331892194950277,99.4684456191807,0.220640569395018
504.6,513,453,516,123669,433440,2025-04-04,2025-05-16,536.7,63,309771,1684576697,1087504155,0.0257299059622454,99.193906515258,0.71468023255814
537.59,605,6272,64,27408640,431424,2025-04-04,2025-05-16,536.7,-6208,-26977216,1684576697,1087504155,0.0256102319810257,99.219516747239,-62.5306334371755
498.41,506,345,568,84870,431112,2025-04-04,2025-05-16,536.7,223,346242,1684576697,1087504155,0.0255917110077417,99.2451084582467,0.803137003841229
434.28,440,750,752,216750,430144,2025-04-04,2025-08-15,536.7,2,213394,448426513,178814491,0.0959229634131825,96.5629532257385,0.496098980806428
421.3,425,1162,1162,201026,429940,2025-04-04,2025-07-18,536.7,0,228914,479898981,228750947,0.0895896880431176,99.3040195682349,0.532432432432433
489.72,495,762,810,114300,427680,2025-04-04,2025-05-09,536.7,48,313380,24277542,16148612,1.76162809233324,69.7142363094254,0.732744107744108
521.26,527,347,744,26372,427056,2025-04-04,2025-04-11,536.7,397,400684,298566777,236588664,0.143035338456294,97.632394310235,0.938246974635645
223.98,225,4180,4180,284240,426360,2025-04-04,2025-12-19,536.7,0,142120,939004589,278327906,0.0454055288967283,99.4959234432453,0.333333333333333
336.86,340,1359,1354,311211,425156,2025-04-04,2025-12-19,536.7,-5,113945,939004589,278327906,0.0452773080111113,99.5412007512564,0.268007507832419
537.35,583,92,93,203044,424545,2025-04-04,2025-05-02,536.7,1,221501,132121057,91745168,0.321330308460975,95.1134390334162,0.52173738944046
491.6,495,823,1247,60902,423980,2025-04-04,2025-04-25,536.7,424,363078,170162594,132437635,0.249161692962908,98.782752453809,0.856356431907166
399.3,400,6009,6048,138207,423360,2025-04-04,2025-05-02,536.7,39,285153,132121057,91745168,0.32043340373821,95.4338724371544,0.673547335600907
476.41,480,1102,1173,107996,421107,2025-04-04,2025-05-09,536.7,71,313111,24277542,16148612,1.73455368751911,71.4487899969445,0.74354261505983
174.5,175,8369,8379,284546,418950,2025-04-04,2025-12-19,536.7,10,134404,939004589,278327906,0.0446163953731221,99.5858171466295,0.320811552691252
387.81,390,1905,1909,238125,418071,2025-04-04,2025-07-18,536.7,4,179946,479898981,228750947,0.0871164592033172,99.3911360274382,0.430419713397964
348.47,350,2609,2693,213938,412029,2025-04-04,2025-07-18,536.7,84,198091,479898981,228750947,0.0858574442357485,99.476993471674,0.480769557482604
511.72,533,198,193,262944,410704,2025-04-04,2025-08-15,536.7,-5,147760,448426513,178814491,0.0915878049342725,96.6545410306727,0.359772488215357
513.99,541,130,151,197080,407851,2025-04-04,2025-08-15,536.7,21,210771,448426513,178814491,0.0909515802871362,96.7454926109599,0.516784315840834
490.88,504,308,309,239624,405408,2025-04-04,2025-08-15,536.7,1,165784,448426513,178814491,0.0904067864515406,96.8358993974114,0.40893124950667
536.03,562,166,156,155376,405132,2025-04-04,2025-05-09,536.7,-10,249756,24277542,16148612,1.66875213314429,73.1175421300888,0.616480554485945
551.07,567.5,245,245,402535,402535,2025-04-04,2025-05-09,536.7,0,0,24277542,16148612,1.65805500408567,74.7755971341745,0
500.55,509,220,475,62260,401375,2025-04-04,2025-05-16,536.7,255,339115,1684576697,1087504155,0.0238264604226566,99.2689349186694,0.84488321395204
376.73,380,1206,1219,283410,398613,2025-04-04,2025-09-19,536.7,13,115203,1306397097,557312441,0.0305123917463818,99.4989580109271,0.289009640929925
371.76,375,1220,1220,239120,395280,2025-04-04,2025-09-19,536.7,0,156160,1306397097,557312441,0.0302572625817768,99.5292152735088,0.395061728395062
391.49,395,1124,1125,264140,394875,2025-04-04,2025-09-19,536.7,1,130735,1306397097,557312441,0.030226261288148,99.559441534797,0.3310794555239
461.15,464,48,1385,4656,394725,2025-04-04,2025-05-16,536.7,1337,390069,1684576697,1087504155,0.0234317024984942,99.2923666211679,0.988204446133384
304.29,305,5550,5552,194250,394192,2025-04-04,2025-06-20,536.7,2,199942,1902644664,1087813983,0.0207181092433348,99.7434515707343,0.50721983196006
523.86,539,238,260,95676,393640,2025-04-04,2025-05-02,536.7,22,297964,132121057,91745168,0.29793888191494,95.7318113190693,0.756945432374759
358,360,1961,1962,229437,392400,2025-04-04,2025-08-15,536.7,1,162963,448426513,178814491,0.0875059767039243,96.9234053741153,0.415298165137615
149.79,150,19688,18577,216568,390117,2025-04-04,2025-09-19,536.7,-1111,173549,1306397097,557312441,0.0298620534978118,99.5893035882948,0.444863976704425
427.15,431,1010,1010,290880,388850,2025-04-04,2025-08-15,536.7,0,97970,448426513,178814491,0.0867143196771686,97.0101196937925,0.251948051948052
489.93,490,55096,55389,165288,387723,2025-04-04,2025-04-04,536.7,293,222435,369734428,298882164,0.104865268321726,98.6217940191385,0.573695653855975
508.16,519,509,357,191384,386988,2025-04-04,2025-05-16,536.7,-152,195604,1684576697,1087504155,0.0229724179783071,99.3153390391462,0.505452365448024
334.02,335,3929,3940,188592,386120,2025-04-04,2025-06-20,536.7,11,197528,1902644664,1087813983,0.0202938576658999,99.7637454284002,0.511571532166166
495.77,503,373,526,77957,380298,2025-04-04,2025-05-16,536.7,153,302341,1684576697,1087504155,0.0225752855703904,99.3379143247166,0.795010754723927
521.34,531,336,388,62160,374808,2025-04-04,2025-04-25,536.7,52,312648,170162594,132437635,0.220264625256007,99.003017079065,0.834155087404751
400.9,405,912,912,263568,373920,2025-04-04,2025-09-19,536.7,0,110352,1306397097,557312441,0.0286222313918691,99.6179258196867,0.295121951219512
495.71,512,39,228,50544,371412,2025-04-04,2025-08-15,536.7,189,320868,448426513,178814491,0.0828256111609529,97.0929453049535,0.863913928467578
526.6,544,165,213,90090,370620,2025-04-04,2025-05-02,536.7,48,280530,132121057,91745168,0.280515466962999,96.0123267860323,0.756920835356969
537.34,576,782,95,689724,367270,2025-04-04,2025-04-04,536.7,-687,-322454,369734428,298882164,0.0993334599611589,98.7211274790997,-0.877975331499986
490.06,503,281,282,186022,364908,2025-04-04,2025-08-15,536.7,1,178886,448426513,178814491,0.0813752062871448,97.1743205112406,0.49022219299111
293.01,295,1831,1831,267326,364369,2025-04-04,2025-12-19,536.7,0,97043,939004589,278327906,0.0388037507237358,99.6246208973533,0.266331658291457
497.11,513,227,229,204300,363881,2025-04-04,2025-08-15,536.7,2,159581,448426513,178814491,0.081146183254334,97.2554666944949,0.438552713661884
456.94,464,519,515,180093,363590,2025-04-04,2025-08-15,536.7,-4,183497,448426513,178814491,0.081081289678338,97.3365479841733,0.504681096839847
334.57,335,8440,8437,151920,362791,2025-04-04,2025-05-16,536.7,-3,210871,1684576697,1087504155,0.0215360333932009,99.3594503581098,0.581246502807402
463.17,465,1835,1975,110100,361425,2025-04-04,2025-05-02,536.7,140,251325,132121057,91745168,0.273555940443316,96.2858827264756,0.695372483917825
337.76,340,1604,1607,216540,359968,2025-04-04,2025-09-19,536.7,3,143428,1306397097,557312441,0.0275542559629555,99.6454800756496,0.398446528580318
498.96,507,330,446,69300,358584,2025-04-04,2025-05-16,536.7,116,289284,1684576697,1087504155,0.021286297064336,99.3807366551741,0.806739843383977
538.25,566,124,128,138880,355200,2025-04-04,2025-05-09,536.7,4,216320,24277542,16148612,1.46308057051245,76.2386777046869,0.609009009009009
284.23,285,4612,4612,355124,355124,2025-04-04,2025-09-19,536.7,0,0,1306397097,557312441,0.0271834651818734,99.6726635408315,0
537.75,566,1650,125,668250,353125,2025-04-04,2025-04-04,536.7,-1525,-315125,369734428,298882164,0.0955077410318955,98.8166352201316,-0.892389380530974
491.52,498,277,543,51245,351864,2025-04-04,2025-05-16,536.7,266,300619,1684576697,1087504155,0.0208873837936036,99.4016240389677,0.854361344155697
471.85,475,1098,1117,105408,351855,2025-04-04,2025-05-09,536.7,19,246447,24277542,16148612,1.44930240466683,77.6879801093538,0.700422048855352
304.7,305,11687,11715,128557,351450,2025-04-04,2025-05-16,536.7,28,222893,1684576697,1087504155,0.0208628078867459,99.4224868468545,0.634209702660407
540.41,582,83,84,183430,349356,2025-04-04,2025-05-02,536.7,1,165926,132121057,91745168,0.26442113614032,96.5503038626159,0.474948190384593
387.31,390,1298,1298,227150,349162,2025-04-04,2025-08-15,536.7,0,122012,448426513,178814491,0.0778638171200194,97.4144118012933,0.349442379182156
522.94,536,229,267,95722,348702,2025-04-04,2025-05-02,536.7,38,252980,132121057,91745168,0.263926135559149,96.8142299981751,0.725490533464104
449.08,455,585,589,266175,348688,2025-04-04,2025-08-15,536.7,4,82513,448426513,178814491,0.0777581141817991,97.4921699154751,0.23663848483458
541.42,630,39,39,256620,345462,2025-04-04,2025-07-18,536.7,0,88842,479898981,228750947,0.0719863999877924,99.5489798716618,0.257168661097313
493.78,495,1849,2829,42527,345138,2025-04-04,2025-04-11,536.7,980,302611,298566777,236588664,0.115598260284667,97.7479925705197,0.876782620285219
527.65,546,93,184,54870,337640,2025-04-04,2025-05-02,536.7,91,282770,132121057,91745168,0.255553511050097,97.0697835092252,0.837489633929629
537.84,574,698,93,774780,336288,2025-04-04,2025-04-04,536.7,-605,-438492,369734428,298882164,0.0909539319394947,98.9075891520711,-1.30391807022552
513.43,525,201,286,52260,330902,2025-04-04,2025-05-09,536.7,85,278642,24277542,16148612,1.36299630333252,79.0509764126863,0.842068044315235
534.26,552.5,90,180,64350,328320,2025-04-04,2025-05-02,536.7,90,263970,132121057,91745168,0.248499374327591,97.3182828835528,0.804002192982456
531.61,553,180,153,127080,327267,2025-04-04,2025-05-02,536.7,-27,200187,132121057,91745168,0.247702377979008,97.5659852615318,0.611693204631081
527.74,548,142,161,101956,326186,2025-04-04,2025-05-09,536.7,19,224230,24277542,16148612,1.34357094305511,80.3945473557414,0.687429871300424
537.81,569,1078,104,573496,324376,2025-04-04,2025-04-04,536.7,-974,-249120,369734428,298882164,0.087732160014052,98.9953213120851,-0.767997632377241
540.99,580,135,83,266625,323783,2025-04-04,2025-05-09,536.7,-52,57158,24277542,16148612,1.33367290642521,81.7282202621666,0.176531812973504
537.55,567,110,109,115940,321005,2025-04-04,2025-05-09,536.7,-1,205065,24277542,16148612,1.32223023236866,83.0504504945352,0.638821825205215
452.07,458,535,535,317255,317255,2025-04-04,2025-08-15,536.7,0,0,448426513,178814491,0.070748492964331,97.5629184084394,0
505.06,523,174,174,214716,312156,2025-04-04,2025-08-15,536.7,0,97440.0000000001,448426513,178814491,0.0696114058715347,97.632529814311,0.312151616499443
537.29,580,713,73,1421722,311783,2025-04-04,2025-04-25,536.7,-640,-1109939,170162594,132437635,0.183226520394958,99.1862435994599,-3.55997280159598
523.28,524,1887,4326,15096,311472,2025-04-04,2025-04-04,536.7,2439,296376,369734428,298882164,0.0842420874044221,99.0795633994895,0.951533364154723
496.96,504,359,442,68569,311168,2025-04-04,2025-05-16,536.7,83,242599,1684576697,1087504155,0.0184715840219176,99.4409584308764,0.779639937268614
259.25,260,4092,4139,200508,310425,2025-04-04,2025-08-15,536.7,47,109917,448426513,178814491,0.069225389445249,97.7017552037562,0.354085527905291
368.69,370,2304,2367,142848,310077,2025-04-04,2025-06-20,536.7,63,167229,1902644664,1087813983,0.0162971576283778,99.7800425860286,0.539314428351668
487.64,493,357,578,66402,309808,2025-04-04,2025-05-16,536.7,221,243406,1684576697,1087504155,0.0183908515742694,99.4593492824506,0.785667251975417
269.54,270,6737,6731,134740,309626,2025-04-04,2025-06-20,536.7,-6,174886,1902644664,1087813983,0.0162734537803324,99.7963160398089,0.564829826952517
494.49,501,403,468,83421,304668,2025-04-04,2025-05-16,536.7,65,221247,1684576697,1087504155,0.0180857304118341,99.4774350128625,0.726190476190476
481.55,485,678,880,61020,303600,2025-04-04,2025-05-02,536.7,202,242580,132121057,91745168,0.229789260617253,97.795774522149,0.79901185770751
219.44,220,5405,5407,199985,302792,2025-04-04,2025-09-19,536.7,2,102807,1306397097,557312441,0.0231776387665993,99.6958411795981,0.339530106475733
516.82,521,473,724,28853,302632,2025-04-04,2025-04-11,536.7,251,273779,298566777,236588664,0.101361579155205,97.8493541496749,0.904659784821169
546.92,582.5,85,85,162945,302430,2025-04-04,2025-05-02,536.7,0,139485,132121057,91745168,0.228903709118827,98.0246782312679,0.461214165261383
475.49,481,539,539,296989,296989,2025-04-04,2025-08-15,536.7,0,0,448426513,178814491,0.0662291348504632,97.7679843386067,0
539.02,575,29,82,50866,295036,2025-04-04,2025-05-09,536.7,53,244170,24277542,16148612,1.21526306081563,84.2657135553509,0.827593920741876
458.35,461,105,1108,9660,293620,2025-04-04,2025-05-16,536.7,1003,283960,1684576697,1087504155,0.0174298979988799,99.4948649108613,0.96710033376473
289.49,290,5747,5744,137928,292944,2025-04-04,2025-06-20,536.7,-3,155016,1902644664,1087813983,0.0153966741947565,99.8117127140037,0.529165983942323
432.31,437,621,621,306153,291249,2025-04-04,2025-08-15,536.7,0,-14904,448426513,178814491,0.0649491034888921,97.8329334420956,-0.0511727078891258
332.77,335,1261,1261,281203,281203,2025-04-04,2025-12-19,536.7,0,0,939004589,278327906,0.0299469249984677,99.6545678223517,0
541.32,615,52,38,266396,279984,2025-04-04,2025-07-18,536.7,-14,13588,479898981,228750947,0.058342278497149,99.607322150159,0.0485313446482656
339.57,340,6441,6510,122379,279930,2025-04-04,2025-05-16,536.7,69,157551,1684576697,1087504155,0.0166172309339502,99.5114821417953,0.562822848569285
532.5,558,113,107,96163,272850,2025-04-04,2025-05-09,536.7,-6,176687,24277542,16148612,1.12387819162253,85.3895917469734,0.647560930914422
362.37,365,1026,1036,193914,272468,2025-04-04,2025-09-19,536.7,10,78554,1306397097,557312441,0.0208564456110392,99.7166976252091,0.288305415681842
429.28,434,575,573,200675,270456,2025-04-04,2025-08-15,536.7,-2,69781,448426513,178814491,0.0603122233318974,97.8932456654275,0.258012393882924
339.2,340,3333,3333,266640,266640,2025-04-04,2025-07-18,536.7,0,0,479898981,228750947,0.0555616933056168,99.6628838434646,0
541.45,640,29,27,237220,266085,2025-04-04,2025-06-20,536.7,-2,28865,1902644664,1087813983,0.0139850075547265,99.8256977215584,0.108480372813199
513.66,517,139,792,7367,264528,2025-04-04,2025-04-11,536.7,653,257161,298566777,236588664,0.0885992750626772,97.9379534247376,0.972150396177342
442.52,445,1017,1063,96615,263624,2025-04-04,2025-05-30,536.7,46,167009,370109127,202964358,0.0712287216845641,99.4166693435798,0.633512123327163
522.12,528,116,440,9860,258720,2025-04-04,2025-04-11,536.7,324,248860,298566777,236588664,0.0866539815982272,98.0246074063358,0.961889301175015
506.49,515,210,304,42000,258704,2025-04-04,2025-05-09,536.7,94,216704,24277542,16148612,1.06561034885657,86.45520209583,0.837652297606531
489.68,499,276,276,257232,257232,2025-04-04,2025-08-15,536.7,0,0,448426513,178814491,0.0573632451567377,97.9506089105842,0
509.81,510,6671,13510,33355,256690,2025-04-04,2025-04-04,536.7,6839,223335,369734428,298882164,0.0694255066774577,99.148988906167,0.870057267521134
539.26,580,1694,63,2529142,256662,2025-04-04,2025-04-04,536.7,-1631,-2272480,369734428,298882164,0.069417933674275,99.2184068398413,-8.85397916325751
538.04,572,1910,75,2446710,254700,2025-04-04,2025-04-11,536.7,-1835,-2192010,298566777,236588664,0.0853075491383289,98.1099149554741,-8.60624263839812
537.5,557.5,3255,127,602175,254000,2025-04-04,2025-04-04,536.7,-3128,-348175,369734428,298882164,0.0686979574431191,99.2871047972844,-1.37076771653543
214.12,215,2862,2886,171720,253968,2025-04-04,2025-12-19,536.7,24,82248,939004589,278327906,0.0270465131880202,99.6816143355397,0.323851823851824
464.07,467,733,866,86494,253738,2025-04-04,2025-05-16,536.7,133,167244,1684576697,1087504155,0.0150624189715952,99.5265445607669,0.659120825418345
458.56,460,1687,1748,75915,251712,2025-04-04,2025-04-25,536.7,61,175797,170162594,132437635,0.147924402233784,99.3341680016937,0.698405320366133
279.18,280,4384,2995,263040,245590,2025-04-04,2025-08-15,536.7,-1389,-17450,448426513,178814491,0.0547670561129377,98.0053759666971,-0.0710533816523475
517.53,522,300,543,17400,242721,2025-04-04,2025-04-11,536.7,243,225321,298566777,236588664,0.0812953813679008,98.191210336842,0.928312754149826
490.04,496,356,401,58384,238996,2025-04-04,2025-05-16,536.7,45,180612,1684576697,1087504155,0.0141873029839258,99.5407318637508,0.755711392659291
480.2,491,216,220,146448,237600,2025-04-04,2025-08-15,536.7,4,91152,448426513,178814491,0.052985270297789,98.0583612369949,0.383636363636364
429.74,432,1051,1051,237526,237526,2025-04-04,2025-08-15,536.7,0,0,448426513,178814491,0.0529687681513158,98.1113300051462,0
459.42,462,115,919,11155,237102,2025-04-04,2025-05-16,536.7,804,225947,1684576697,1087504155,0.0140748711781569,99.554806734929,0.95295273764034
534.71,552,133,137,122360,236873,2025-04-04,2025-05-09,536.7,4,114513,24277542,16148612,0.975687736427353,87.4308898322573,0.48343627175744
478.48,483,438,523,58254,236396,2025-04-04,2025-05-16,536.7,85,178142,1684576697,1087504155,0.0140329615398924,99.5688396964689,0.753574510567015
238.76,240,531,1861,43011,230764,2025-04-04,2025-12-19,536.7,1330,187753,939004589,278327906,0.0245753857545844,99.7061897212943,0.813614775268239
398.66,400,1363,1721,80417,230614,2025-04-04,2025-05-30,536.7,358,150197,370109127,202964358,0.0623097306108855,99.4789790741907,0.6512917689299
522.6,537,137,160,76172,230400,2025-04-04,2025-05-02,536.7,23,154228,132121057,91745168,0.174385525843924,98.1990637571118,0.669392361111111
369.31,370,3193,3324,121334,229356,2025-04-04,2025-05-16,536.7,131,108022,1684576697,1087504155,0.013615052399125,99.582454748868,0.470979612480162
522.37,523,650,3637,5200,229131,2025-04-04,2025-04-04,536.7,2987,223931,369734428,298882164,0.0619717782948793,99.3490765755793,0.977305558828792
477.76,480,807,1010,37122,226240,2025-04-04,2025-04-25,536.7,203,189118,170162594,132437635,0.132955189905015,99.4671231915987,0.835917609618105
456.82,465,261,275,120321,224950,2025-04-04,2025-08-15,536.7,14,104629,448426513,178814491,0.0501642952587864,98.161494300405,0.465121138030674
439.97,445,445,447,142845,224841,2025-04-04,2025-08-15,536.7,2,81996,448426513,178814491,0.0501399880430353,98.2116342884481,0.364684376959718
541.42,635,24,24,192000,224592,2025-04-04,2025-07-18,536.7,0,32592,479898981,228750947,0.0467998493207886,99.7096836927853,0.145116477879889
308.52,310,1493,1514,150793,224072,2025-04-04,2025-09-19,536.7,21,73279,1306397097,557312441,0.0171519058419953,99.7338495310511,0.327033275018744
293.57,295,1548,1549,154800,221507,2025-04-04,2025-09-19,536.7,1,66707,1306397097,557312441,0.0169555643156791,99.7508050953668,0.301150753700786
479.26,489,226,226,142154,220124,2025-04-04,2025-08-15,536.7,0,77970,448426513,178814491,0.0490880877063574,98.2607223761544,0.354209445585216
298.44,300,1441,1405,129690,219180,2025-04-04,2025-09-19,536.7,-36,89490,1306397097,557312441,0.0167774408335202,99.7675825362003,0.408294552422666
382.42,385,849,849,140934,219042,2025-04-04,2025-08-15,536.7,0,78108,448426513,178814491,0.0488467995646814,98.3095691757191,0.356589147286822
520.61,526,134,406,11256,218834,2025-04-04,2025-04-11,536.7,272,207578,298566777,236588664,0.0732948261018338,98.2645051629438,0.948563751519417
437.77,441,675,675,218025,218025,2025-04-04,2025-08-15,536.7,0,0,448426513,178814491,0.0486200065516644,98.3581891822708,0
541.44,650,20,20,183660,217120,2025-04-04,2025-06-20,536.7,0,33460,1902644664,1087813983,0.0114114844515182,99.8371092060099,0.154108327192336
505.78,524,118,119,175820,216818,2025-04-04,2025-08-15,536.7,1,40998,448426513,178814491,0.0483508431625674,98.4065400254333,0.189089466741691
530.03,553,95,94,82935,215918,2025-04-04,2025-05-09,536.7,-1,132983,24277542,16148612,0.889373397026767,88.3202632292841,0.615895849350216
278.36,280,1315,1316,130185,215824,2025-04-04,2025-12-19,536.7,1,85639,939004589,278327906,0.0229843392171111,99.7291740605114,0.396800170509304
518.35,523,202,463,13130,215295,2025-04-04,2025-04-11,536.7,261,202165,298566777,236588664,0.0721094966302966,98.3366146595741,0.939013911145173
393.34,395,1289,1294,108276,214804,2025-04-04,2025-06-20,536.7,5,106528,1902644664,1087813983,0.0112897591475862,99.8483989651575,0.495931174466025
418.3,420,1352,1263,118976,214710,2025-04-04,2025-05-30,536.7,-89,95734,370109127,202964358,0.0580126196131337,99.5369916938039,0.44587583251828
449.6,450,4601,5342,41409,213680,2025-04-04,2025-04-11,536.7,741,172271,298566777,236588664,0.0715685791122031,98.4081832386863,0.806210220891052
481.23,493,171,181,119016,213037,2025-04-04,2025-08-15,536.7,10,94021,448426513,178814491,0.0475076726785778,98.4540476981119,0.441336481456273
472.37,476,472,585,53336,212355,2025-04-04,2025-05-16,536.7,113,159019,1684576697,1087504155,0.0126058374414282,99.5950605863094,0.748835676108403
357.42,360,823,823,160485,212334,2025-04-04,2025-09-19,536.7,0,51849,1306397097,557312441,0.0162534041515862,99.7838359403519,0.244186046511628
249.18,250,2546,2584,152760,211888,2025-04-04,2025-09-19,536.7,38,59128,1306397097,557312441,0.0162192644553925,99.8000552048073,0.279053084648493
149.96,150,53435,52937,160305,211748,2025-04-04,2025-06-20,536.7,-498,51443,1902644664,1087813983,0.0111291406118279,99.8595281057693,0.242944443394979
406.64,410,619,629,136180,211344,2025-04-04,2025-08-15,536.7,10,75164,448426513,178814491,0.0471301303275081,98.5011778284394,0.355647664471194
363.76,365,1694,1699,101640,210676,2025-04-04,2025-06-20,536.7,5,109036,1902644664,1087813983,0.0110727979841011,99.8706009037534,0.51755301980292
482.81,495,165,172,117645,209668,2025-04-04,2025-08-15,536.7,7,92023,448426513,178814491,0.0467563790100877,98.5479342074495,0.438898639754278
544.72,585,45,52,116100,209456,2025-04-04,2025-05-09,536.7,7,93356,24277542,16148612,0.862756204890923,89.183019434175,0.445706974257123
302.79,305,937,936,179904,206856,2025-04-04,2025-12-19,536.7,-1,26952,939004589,278327906,0.0220292853116184,99.7512033458231,0.130293537533357
328.79,330,1705,1705,206305,206305,2025-04-04,2025-09-19,536.7,0,0,1306397097,557312441,0.0157919058817382,99.815847110689,0
349.45,350,3570,3727,78540,204985,2025-04-04,2025-05-16,536.7,157,126445,1684576697,1087504155,0.0121683388096873,99.6072289251191,0.616850013415616
454.98,455,101962,102307,203924,204614,2025-04-04,2025-04-04,536.7,345,690,369734428,298882164,0.055340802615222,99.4044173781945,0.00337220327054845
505.07,507,680,1054,24480,203422,2025-04-04,2025-04-11,536.7,374,178942,298566777,236588664,0.0681328318053284,98.4763160704917,0.879659033929467
453.25,460,279,299,107973,201825,2025-04-04,2025-08-15,536.7,20,93852,448426513,178814491,0.045007374485906,98.5929415819354,0.465016722408027
416.3,420,544,544,127840,201280,2025-04-04,2025-08-15,536.7,0,73440,448426513,178814491,0.0448858384071506,98.6378274203426,0.364864864864865
479.4,484,47,436,6439,200560,2025-04-04,2025-05-16,536.7,389,194121,1684576697,1087504155,0.0119056615443613,99.6191345866635,0.967894894295971
392.32,395,745,747,127395,200196,2025-04-04,2025-08-15,536.7,2,72801,448426513,178814491,0.0446441042615159,98.6824715246041,0.363648624348139
542.24,591,193,41,573982,199916,2025-04-04,2025-05-16,536.7,-152,-374066,1684576697,1087504155,0.0118674323559161,99.6310020190194,-1.87111586866484
284.51,285,4228,4067,105700,199283,2025-04-04,2025-06-20,536.7,-161,93583,1902644664,1087813983,0.0104739998892405,99.8810749036426,0.469598510660719
204.43,205,3481,3481,198417,198417,2025-04-04,2025-12-19,536.7,0,0,939004589,278327906,0.0211305676590256,99.7723339134821,0
431.77,436,469,469,198387,198387,2025-04-04,2025-08-15,536.7,0,0,448426513,178814491,0.0442406936808395,98.7267122182849,0
520.01,531,176,179,62304,196721,2025-04-04,2025-05-02,536.7,3,134417,132121057,91745168,0.148894509676834,98.3479582667886,0.683287498538539
424.01,425,1821,1979,58272,195921,2025-04-04,2025-05-02,536.7,158,137649,132121057,91745168,0.148289004378765,98.4962472711674,0.70257399666192
184.36,185,3055,3055,134420,195520,2025-04-04,2025-12-19,536.7,0,61100,939004589,278327906,0.0208220494649787,99.7931559629471,0.3125
438.71,440,1316,1513,52640,195177,2025-04-04,2025-05-02,536.7,197,142537,132121057,91745168,0.14772588445156,98.643973155619,0.730296090215548
484.15,485,1499,2280,29980,193800,2025-04-04,2025-04-11,536.7,781,163820,298566777,236588664,0.0649101021712138,98.5412261726629,0.845304437564499
464.77,468,532,594,51604,191862,2025-04-04,2025-05-16,536.7,62,140258,1684576697,1087504155,0.0113893300519757,99.6423913490714,0.731035848682908
540.16,635,21,20,144060,189680,2025-04-04,2025-12-19,536.7,-1,45620,939004589,278327906,0.020200114272285,99.8133560772193,0.240510333192746
540.55,577,52,52,102440,189540,2025-04-04,2025-05-02,536.7,0,87100,132121057,91745168,0.14345934274504,98.787432498364,0.459533607681756
411.85,415,593,601,87171,189315,2025-04-04,2025-07-18,536.7,8,102144,479898981,228750947,0.0394489272733005,99.7491326200586,0.539545202440377
394.05,395,1915,1992,80430,189240,2025-04-04,2025-05-16,536.7,77,108810,1684576697,1087504155,0.0112336826418774,99.6536250317132,0.574984147114775
448.6,452,555,555,188700,188700,2025-04-04,2025-08-15,536.7,0,0,448426513,178814491,0.0420804735067037,98.7687926917916,0
224.78,225,8540,8539,93940,187858,2025-04-04,2025-06-20,536.7,-1,93918,1902644664,1087813983,0.00987351992489545,99.8909484235675,0.499941445134091
229.26,230,2446,2532,105178,187368,2025-04-04,2025-09-19,536.7,86,82190,1306397097,557312441,0.0143423466287755,99.8301894573178,0.438655480124674
473.89,484,175,185,95375,187035,2025-04-04,2025-08-15,536.7,10,91660,448426513,178814491,0.0417091752110563,98.8105018670027,0.490068703718555
209.17,210,2247,2247,125832,186501,2025-04-04,2025-12-19,536.7,0,60669,939004589,278327906,0.0198615642761252,99.8332176414955,0.325301204819277
539.88,562.5,87,82,94134,185484,2025-04-04,2025-05-09,536.7,-5,91350,24277542,16148612,0.764014742513884,89.9470341766889,0.49249530956848
476.79,481,365,440,46720,185240,2025-04-04,2025-05-16,536.7,75,138520,1684576697,1087504155,0.0109962342664414,99.6646212659797,0.747786655150076
249.66,250,5355,5440,85680,184960,2025-04-04,2025-06-20,536.7,85,99280,1902644664,1087813983,0.00972120561971628,99.9006696291873,0.536764705882353
332.94,335,894,895,110856,184370,2025-04-04,2025-09-19,536.7,1,73514,1306397097,557312441,0.0141128605095178,99.8443023178273,0.398730813038998
369.21,370,2331,2323,97902,183517,2025-04-04,2025-05-30,536.7,-8,85615,370109127,202964358,0.0495845648248496,99.5865762586287,0.466523537328967
473.98,478,111,455,13320,182910,2025-04-04,2025-05-16,536.7,344,169590,1684576697,1087504155,0.0108579205877499,99.6754791865674,0.927177300311629
456.43,459,289,711,25143,182727,2025-04-04,2025-05-16,536.7,422,157584,1684576697,1087504155,0.0108470573245737,99.686326243892,0.8624012871661
506.58,529,72,81,91656,181602,2025-04-04,2025-08-15,536.7,9,89946,448426513,178814491,0.040497605457151,98.8509994724598,0.495291902071563
493.51,509,103,117,87447,181233,2025-04-04,2025-08-15,536.7,14,93786,448426513,178814491,0.0404153177267643,98.8914147901866,0.517488536855871
496.58,498,578,1266,16184,179772,2025-04-04,2025-04-11,536.7,688,163588,298566777,236588664,0.0602116557663748,98.6014378284293,0.909974857041141
526.76,550,0,77,0,178948,2025-04-04,2025-05-23,536.7,77,178948,306275,306275,58.427230430169,58.427230430169,1
473.47,483,182,187,98280,178211,2025-04-04,2025-08-15,536.7,5,79931,448426513,178814491,0.0397414057451148,98.9311561959317,0.448518890528643
521.47,522,666,3351,4662,177603,2025-04-04,2025-04-04,536.7,2685,172941,369734428,298882164,0.0480352887235051,99.452452666918,0.973750443404672
535.7,557.5,79,81,65965,176580,2025-04-04,2025-05-09,536.7,2,110615,24277542,16148612,0.727338871455768,90.6743730481447,0.626429946766338
536.83,563,71,67,80940,175339,2025-04-04,2025-05-09,536.7,-4,94399,24277542,16148612,0.722227151331877,91.3966001994765,0.538379938290968
514.29,518,114,464,6384,172144,2025-04-04,2025-04-11,536.7,350,165760,298566777,236588664,0.0576567834270455,98.6590946118563,0.962914769030579
482.88,488,260,336,35360,172032,2025-04-04,2025-05-16,536.7,76,136672,1684576697,1087504155,0.0102121797307517,99.6965384236228,0.794456845238095
443.62,445,1231,1243,54164,171534,2025-04-04,2025-05-02,536.7,12,117370,132121057,91745168,0.129830932248748,98.9172634306127,0.684237527254072
537.45,585,161,36,330050,171180,2025-04-04,2025-05-02,536.7,-125,-158870,132121057,91745168,0.129562996154353,99.0468264267671,-0.928087393387078
486.69,492,127,322,21971,170982,2025-04-04,2025-05-16,536.7,195,149011,1684576697,1087504155,0.0101498495321997,99.706688273155,0.871501093682376
469.4,470,2605,2792,36470,167520,2025-04-04,2025-04-11,536.7,187,131050,298566777,236588664,0.0561080511647148,98.715202663021,0.782294651384909
512.81,516,301,525,13846,167475,2025-04-04,2025-04-11,536.7,224,153629,298566777,236588664,0.0560929791595667,98.7712956421806,0.917324973876698
318.28,320,985,973,117215,167356,2025-04-04,2025-09-19,536.7,-12,50141,1306397097,557312441,0.0128104999914892,99.8571128178188,0.299606826166974
194.32,195,2461,2458,127972,167144,2025-04-04,2025-12-19,536.7,-3,39172,939004589,278327906,0.0178001260013011,99.8510177674968,0.234360790695448
423.26,428,343,344,72030,163056,2025-04-04,2025-08-15,536.7,1,91026,448426513,178814491,0.0363618107477958,98.9675180066795,0.558249926405652
475.15,479,301,422,37023,162470,2025-04-04,2025-05-16,536.7,121,125447,1684576697,1087504155,0.0096445593892719,99.7163328325442,0.772124084446359
520.53,521,1129,3452,6774,162244,2025-04-04,2025-04-04,536.7,2323,155470,369734428,298882164,0.0438812260133914,99.4963338929314,0.958248070806933
480.42,492,137,140,104120,162120,2025-04-04,2025-08-15,536.7,3,58000,448426513,178814491,0.0361530808951076,99.0036710875746,0.357759684184555
502.45,510,169,213,32955,160815,2025-04-04,2025-05-09,536.7,44,127860,24277542,16148612,0.662402314039865,92.0590025135164,0.795075086279265
413.78,415,1229,1318,72511,160796,2025-04-04,2025-05-16,536.7,89,88285,1684576697,1087504155,0.00954518724415193,99.7258780197884,0.549049727605164
422.25,427,336,338,86688,160550,2025-04-04,2025-08-15,536.7,2,73862,448426513,178814491,0.0358029677875001,99.0394740553621,0.460056057303021
540.74,602,26,26,100152,159276,2025-04-04,2025-05-16,536.7,0,59124,1684576697,1087504155,0.00945495686148625,99.7353329766499,0.371204701273261
453.59,457,467,467,159247,159247,2025-04-04,2025-08-15,536.7,0,0,448426513,178814491,0.0355123962083839,99.0749864515705,0
458.2,460,832,875,49088,157500,2025-04-04,2025-05-02,536.7,43,108412,132121057,91745168,0.11920885555737,99.1660352823245,0.688330158730159
313.25,315,900,900,157500,157500,2025-04-04,2025-12-19,536.7,0,0,939004589,278327906,0.0167730809673391,99.8677908484641,0
324.26,325,1457,2119,61194,156806,2025-04-04,2025-06-20,536.7,662,95612,1902644664,1087813983,0.00824147582399022,99.9089111050112,0.609747076004745
498.16,505,134,229,22110,156636,2025-04-04,2025-05-09,536.7,95,134526,24277542,16148612,0.6451888745574,92.7041913880738,0.858844710028346
515.12,519,292,395,15184,153260,2025-04-04,2025-04-11,536.7,103,138076,298566777,236588664,0.0513319002000012,98.8226275423806,0.900926530079603
469.27,477,194,195,94284,150735,2025-04-04,2025-08-15,536.7,1,56451,448426513,178814491,0.0336142033600052,99.1086006549305,0.37450492586327
455.1,459,385,385,150150,150150,2025-04-04,2025-08-15,536.7,0,0,448426513,178814491,0.033483747202075,99.1420844021326,0
279.49,280,2919,2932,67137,149532,2025-04-04,2025-06-20,536.7,13,82395,1902644664,1087813983,0.0078591658668221,99.9167702708781,0.551019179841104
239.69,240,4710,4811,65940,149141,2025-04-04,2025-06-20,536.7,101,83201,1902644664,1087813983,0.00783861552405983,99.9246088864021,0.557868057744014
467.33,476,172,172,100620,149124,2025-04-04,2025-08-15,536.7,0,48504,448426513,178814491,0.0332549471712436,99.1753393493038,0.325259515570934
544.81,576,46,47,69460,146593,2025-04-04,2025-05-02,536.7,1,77133,132121057,91745168,0.110953547699819,99.2769888300243,0.526171099575014
389.16,390,2150,1740,83850,146160,2025-04-04,2025-05-16,536.7,-410,62310,1684576697,1087504155,0.0086763636384316,99.7440093402883,0.426313628899836
505.77,508,591,654,17730,145842,2025-04-04,2025-04-11,536.7,63,128112,298566777,236588664,0.0488473638846964,98.8714749062653,0.87843008186942
329.66,330,4245,4275,72165,145350,2025-04-04,2025-05-16,536.7,30,73185,1684576697,1087504155,0.00862828034240581,99.7526376206307,0.503508771929825
541.33,645,14,14,119686,145138,2025-04-04,2025-07-18,536.7,0,25452,479898981,228750947,0.0302434482560404,99.7793760683147,0.175364136201408
234.74,235,5461,5547,65532,144222,2025-04-04,2025-06-20,536.7,86,78690,1902644664,1087813983,0.0075800806492578,99.9321889670514,0.54561717352415
541.66,597,149,26,537443,143884,2025-04-04,2025-05-30,536.7,-123,-393559,370109127,202964358,0.0388761015342375,99.625452360163,-2.73525200856245
433.78,435,726,1179,27588,143838,2025-04-04,2025-05-02,536.7,453,116250,132121057,91745168,0.108868338829593,99.3858571688539,0.808200892670921
474.32,475,1439,2114,23024,143752,2025-04-04,2025-04-11,536.7,675,120728,298566777,236588664,0.0481473529789284,98.9196222592442,0.839835271857087
448.75,450,1139,1150,39865,143750,2025-04-04,2025-04-25,536.7,11,103885,170162594,132437635,0.0844780257639937,99.5516012173627,0.722678260869565
314.28,315,2111,1993,82329,143496,2025-04-04,2025-06-20,536.7,-118,61167,1902644664,1087813983,0.00754192323533093,99.9397308902867,0.426262752968724
214.48,215,2742,2742,106938,142584,2025-04-04,2025-09-19,536.7,0,35646,1306397097,557312441,0.0109142924710587,99.8680271102899,0.25
535.45,557,77,66,83699,142230,2025-04-04,2025-05-09,536.7,-11,58531,24277542,16148612,0.585850083175636,93.2900414712494,0.411523588553751
540.63,650,14,13,120400,142181,2025-04-04,2025-09-19,536.7,-1,21781,1306397097,557312441,0.0108834442702378,99.8789105545601,0.153192058010564
323.3,325,836,836,94468,142120,2025-04-04,2025-09-19,536.7,0,47652,1306397097,557312441,0.0108787749395925,99.8897893294997,0.335294117647059
462.89,466,173,456,17992,141816,2025-04-04,2025-05-16,536.7,283,123824,1684576697,1087504155,0.0084184947027081,99.7610561153334,0.873131381508433
388.92,390,1302,1312,75516,141696,2025-04-04,2025-05-30,536.7,10,66180,370109127,202964358,0.0382849245433496,99.6637372847063,0.467056233062331
283.29,285,828,827,114264,141417,2025-04-04,2025-12-19,536.7,-1,27153,939004589,278327906,0.0150603097851314,99.8828511582492,0.19200661872335
507.91,527,64,74,76352,141266,2025-04-04,2025-08-15,536.7,10,64914,448426513,178814491,0.0315025976173715,99.2068419469212,0.45951609021279
509.22,512,108,506,4644,140668,2025-04-04,2025-04-11,536.7,398,136024,298566777,236588664,0.0471144182261109,98.9667366774703,0.966986094918532
506.5,526,63,72,83160,140400,2025-04-04,2025-08-15,536.7,9,57240,448426513,178814491,0.031309477903239,99.2381514248244,0.407692307692308
489.97,491,576,1357,12096,139771,2025-04-04,2025-04-11,536.7,781,127675,298566777,236588664,0.0468139829234919,99.0135506603938,0.913458442738479
467.56,471,344,405,35776,139320,2025-04-04,2025-05-16,536.7,61,103544,1684576697,1087504155,0.00827032691643603,99.7693264422498,0.74320987654321
453.69,455,1012,1063,36432,139253,2025-04-04,2025-04-25,536.7,51,102821,170162594,132437635,0.0818352592814846,99.6334364766442,0.73837547485512
528.37,549,62,67,39742,138221,2025-04-04,2025-05-09,536.7,5,98479,24277542,16148612,0.569336879326581,93.859378350576,0.712474949537335
323.51,325,913,918,83083,136782,2025-04-04,2025-08-15,536.7,5,53699,448426513,178814491,0.0305026567418863,99.2686540815663,0.392588206050504
518.62,519,390,3599,2730,136762,2025-04-04,2025-04-04,536.7,3209,134032,369734428,298882164,0.0369892521883302,99.5333231451197,0.98003831473655
447.47,453,247,247,136591,136591,2025-04-04,2025-08-15,536.7,0,0,448426513,178814491,0.030460063363827,99.2991141449301,0
219.07,220,1466,1465,76232,136245,2025-04-04,2025-12-19,536.7,-1,60013,939004589,278327906,0.0145095137548896,99.8973606720041,0.440478549671548
536.94,556,76,71,78204,135326,2025-04-04,2025-05-09,536.7,-5,57122,24277542,16148612,0.557412278392928,94.4167906289689,0.422106616614693
503.95,506,9,658,315,134890,2025-04-04,2025-04-11,536.7,649,134575,298566777,236588664,0.045179172765093,99.0587298331589,0.997664763881681
274.55,275,2995,2995,134775,134775,2025-04-04,2025-08-15,536.7,0,0,448426513,178814491,0.0300550917692951,99.3291692366994,0
533.34,559,54,52,48492,133432,2025-04-04,2025-05-09,536.7,-2,84940,24277542,16148612,0.549610829630117,94.9664014585991,0.636578931590623
473.17,477,154,348,19096,133284,2025-04-04,2025-05-16,536.7,194,114188,1684576697,1087504155,0.0079120173179031,99.7772384595677,0.856726988985925
304.01,305,1394,1346,79458,133254,2025-04-04,2025-07-18,536.7,-48,53796,479898981,228750947,0.0277670937584258,99.8071431620731,0.403710207573506
324.62,325,3000,3501,54000,133038,2025-04-04,2025-05-16,536.7,501,79038,1684576697,1087504155,0.00789741424281378,99.7851358738106,0.594100933567853
459.51,460,2730,2705,32760,132545,2025-04-04,2025-04-11,536.7,-25,99785,298566777,236588664,0.0443937538301524,99.1031235869891,0.752838658568788
481.63,486,150,302,18150,131974,2025-04-04,2025-05-16,536.7,152,113824,1684576697,1087504155,0.00783425297494781,99.7929701267855,0.86247291133102
487.67,501,99,99,78606,131967,2025-04-04,2025-08-15,536.7,0,53361,448426513,178814491,0.0294289022112303,99.3585981389107,0.404351087771943
423.19,425,776,727,62856,131587,2025-04-04,2025-05-30,536.7,-49,68731,370109127,202964358,0.035553567961592,99.6992908526679,0.522323633793612
558.65,604,29,29,131515,131515,2025-04-04,2025-05-16,536.7,0,0,1684576697,1087504155,0.00780700577386653,99.8007771325594,0
538.06,579,372,32,563952,131008,2025-04-04,2025-04-04,536.7,-340,-432944,369734428,298882164,0.0354330000342841,99.568756145154,-3.30471421592575
481.98,487,181,259,27150,130018,2025-04-04,2025-05-16,536.7,78,102868,1684576697,1087504155,0.0077181407193596,99.8084952732787,0.791182759310249
533.12,554,25,62,21100,129456,2025-04-04,2025-05-09,536.7,37,108356,24277542,16148612,0.533233553874606,95.4996350124737,0.837010258311704
540.61,670,10,10,112120,129390,2025-04-04,2025-09-19,536.7,0,17270,1306397097,557312441,0.00990433921639371,99.8996936687161,0.133472447638921
485.75,491,217,245,34503,128625,2025-04-04,2025-05-16,536.7,28,94122,1684576697,1087504155,0.00763544932261401,99.8161307226014,0.731755102040816
420.32,425,273,273,70434,127764,2025-04-04,2025-08-15,536.7,0,57330,448426513,178814491,0.0284916248919475,99.3870897638026,0.448717948717949
566.98,592,225,51,562950,127602,2025-04-04,2025-05-16,536.7,-174,-435348,1684576697,1087504155,0.00757472190059625,99.8237054445019,-3.41176470588235
461.28,465,336,339,45696,126108,2025-04-04,2025-05-30,536.7,3,80412,370109127,202964358,0.0340731937691448,99.733364046437,0.6376439242554
496.2,511,85,84,84745,124320,2025-04-04,2025-08-15,536.7,-1,39575,448426513,178814491,0.0277236060750048,99.4148133698776,0.318331724581725
309.71,310,4254,4284,46794,124236,2025-04-04,2025-05-16,536.7,30,77442,1684576697,1087504155,0.00737490909266686,99.8310803535946,0.62334589008017
455.56,458,36,509,3096,124196,2025-04-04,2025-05-16,536.7,473,121100,1684576697,1087504155,0.0073725346089125,99.8384528882035,0.975071660923057
377.44,380,473,482,74734,123392,2025-04-04,2025-08-15,536.7,9,48658,448426513,178814491,0.0275166602381514,99.4423300301158,0.394336747925311
499.88,500,6160,10240,24640,122880,2025-04-04,2025-04-04,536.7,4080,98240,369734428,298882164,0.0332346653961043,99.6019908105501,0.799479166666667
522.73,529,82,195,7380,122265,2025-04-04,2025-04-11,536.7,113,114885,298566777,236588664,0.0409506379874275,99.1440742249765,0.939639308060361
540.84,599,63,21,226170,122136,2025-04-04,2025-05-16,536.7,-42,-104034,1684576697,1087504155,0.00725024869556295,99.8457031368991,-0.851788170563962
209.49,210,2343,2347,74976,119697,2025-04-04,2025-09-19,536.7,4,44721,1306397097,557312441,0.00916237492220943,99.9088560436383,0.373618386425725
368.2,370,642,661,64842,118980,2025-04-04,2025-07-18,536.7,19,54138,479898981,228750947,0.0247927177824118,99.8319358798555,0.455017650025214
299.04,300,1226,1239,61300,118944,2025-04-04,2025-07-18,536.7,13,57644,479898981,228750947,0.0247852162036577,99.8567210960592,0.484631423190745
497.64,499,361,872,10108,118592,2025-04-04,2025-04-11,536.7,511,108484,298566777,236588664,0.0397204274338936,99.1837946524104,0.914766594711279
519.06,524,70,240,4900,118560,2025-04-04,2025-04-11,536.7,170,113660,298566777,236588664,0.0397097095635661,99.2235043619739,0.958670715249663
377.92,380,450,569,54450,118352,2025-04-04,2025-07-18,536.7,119,63902,479898981,228750947,0.0246618569085897,99.8813829529678,0.539931729079357
258.48,260,724,778,91948,118256,2025-04-04,2025-12-19,536.7,54,26308,939004589,278327906,0.0125937616690391,99.9099544336732,0.222466513327019
508.4,511,3,454,135,118040,2025-04-04,2025-04-11,536.7,451,117905,298566777,236588664,0.0395355441707434,99.2630399061447,0.998856319891562
199.86,200,8575,8409,77175,117726,2025-04-04,2025-06-20,536.7,-166,40551,1902644664,1087813983,0.00618749271619117,99.9459183830029,0.344452372458081
472.92,475,512,561,26112,116688,2025-04-04,2025-04-25,536.7,49,90576,170162594,132437635,0.0685744130111228,99.7020108896553,0.776223776223776
430.03,435,220,230,62700,114310,2025-04-04,2025-08-15,536.7,10,51610,448426513,178814491,0.0254913562615331,99.4678213863773,0.451491558043916
541.44,645,11,11,95161,113916,2025-04-04,2025-06-20,536.7,0,18755,1902644664,1087813983,0.00598724513070718,99.9519056281336,0.164638856701429
314.67,315,3433,3443,48062,113619,2025-04-04,2025-05-16,536.7,10,65557,1684576697,1087504155,0.00674466174216584,99.8524477986413,0.576989764035945
403.94,405,1118,1071,59254,113526,2025-04-04,2025-05-16,536.7,-47,54272,1684576697,1087504155,0.00673914106743695,99.8591869397087,0.478057889822596
487,488,571,1133,11420,113300,2025-04-04,2025-04-11,536.7,562,101880,298566777,236588664,0.0379479596284753,99.3009878657732,0.899205648720212
506.62,509,1,468,38,111384,2025-04-04,2025-04-11,536.7,467,111346,298566777,236588664,0.0373062271426134,99.3382940929158,0.999658837894132
532.14,551,74,59,56166,111274,2025-04-04,2025-05-09,536.7,-15,55108,24277542,16148612,0.458341293364872,95.9579763058385,0.495245969408847
467.85,470,416,514,22880,110510,2025-04-04,2025-05-02,536.7,98,87630,132121057,91745168,0.0836429881120312,99.4695001569659,0.792959913130034
348.29,350,657,632,70299,108072,2025-04-04,2025-08-15,536.7,-25,37773,448426513,178814491,0.0241002699142368,99.4919216562915,0.349516988674217
343.98,345,1059,1059,108018,108018,2025-04-04,2025-08-15,536.7,0,0,448426513,178814491,0.0240882278073509,99.5160098840989,0
268.45,270,692,693,80272,107415,2025-04-04,2025-12-19,536.7,1,27143,939004589,278327906,0.0114392412197253,99.9213936748929,0.252692826886376
514.74,515,2694,4070,10776,105820,2025-04-04,2025-04-04,536.7,1376,95044,369734428,298882164,0.0286205427426412,99.6306113532928,0.898166698166698
540.2,564,45,44,52515,104720,2025-04-04,2025-05-09,536.7,-1,52205,24277542,16148612,0.43134515018036,96.3893214560189,0.498519862490451
517.65,518,1074,2951,6444,103285,2025-04-04,2025-04-04,536.7,1877,96841,369734428,298882164,0.0279349154902069,99.658546268783,0.93760952703684
169.92,170,12804,12873,64020,102984,2025-04-04,2025-06-20,536.7,69,38964,1902644664,1087813983,0.00541267646810587,99.9573183046017,0.378350034956886
274,275,989,1017,73186,101700,2025-04-04,2025-09-19,536.7,28,28514,1306397097,557312441,0.00778476928902729,99.9166408129273,0.280373647984267
424.5,429,225,225,55125,101250,2025-04-04,2025-08-15,536.7,0,46125,448426513,178814491,0.0225789504109896,99.5385888345099,0.455555555555556
469.84,473,157,315,18055,99540,2025-04-04,2025-05-16,536.7,158,81485,1684576697,1087504155,0.00590890282272497,99.8650958425314,0.818615631906771
457.02,463,168,166,65856,99268,2025-04-04,2025-08-15,536.7,-2,33412,448426513,178814491,0.0221369604878827,99.5607257949978,0.33658379336745
500.3,502,158,583,5214,99110,2025-04-04,2025-04-11,536.7,425,93896,298566777,236588664,0.0331952540051032,99.3714893469209,0.947391786903441
228.93,230,874,921,62054,98547,2025-04-04,2025-12-19,536.7,47,36493,939004589,278327906,0.01049483688945,99.9318885117824,0.37031061320994
426.1,430,257,249,67848,97110,2025-04-04,2025-08-15,536.7,-8,29262,448426513,178814491,0.021655722216407,99.5823815172142,0.301328390485017
411.12,415,249,250,56523,97000,2025-04-04,2025-08-15,536.7,1,40477,448426513,178814491,0.0216311919986765,99.6040127092129,0.417288659793814
364.39,365,1556,1577,49792,96197,2025-04-04,2025-05-16,536.7,21,46405,1684576697,1087504155,0.00571045534295433,99.8708062978744,0.482395500899196
419.08,420,1042,1045,31260,96140,2025-04-04,2025-05-02,536.7,3,64880,132121057,91745168,0.0727665991954636,99.5422667561614,0.674849178281673
495.58,497,132,676,3300,95992,2025-04-04,2025-04-11,536.7,544,92692,298566777,236588664,0.0321509315150627,99.4036402784359,0.965622135177932
510.19,513,7,338,315,94978,2025-04-04,2025-04-11,536.7,331,94663,298566777,236588664,0.0318113089990585,99.435451587435,0.996683442481417
399.45,400,1401,1714,25218,94270,2025-04-04,2025-04-25,536.7,313,69052,170162594,132437635,0.0553999547044987,99.7574108443598,0.732491778932852
540.3,583,28,22,72716,93940,2025-04-04,2025-05-09,536.7,-6,21224,24277542,16148612,0.386941972955911,96.7762634289748,0.225931445603577
453.27,455,717,543,39435,93939,2025-04-04,2025-05-02,536.7,-174,54504,132121057,91745168,0.0711007027441508,99.6133674589055,0.580206304090953
464.46,465,1650,1737,21450,93798,2025-04-04,2025-04-11,536.7,87,72348,298566777,236588664,0.0314160875307302,99.4668676749657,0.771317085652146
441.12,447,159,159,36888,93492,2025-04-04,2025-08-15,536.7,0,56604,448426513,178814491,0.0208489010550543,99.6248616102679,0.605442176870748
472.44,475,295,365,22715,93440,2025-04-04,2025-05-02,536.7,70,70725,132121057,91745168,0.0707230188144801,99.68409047772,0.756902825342466
239.27,240,1259,1269,61691,92637,2025-04-04,2025-09-19,536.7,10,30946,1306397097,557312441,0.0070910292293768,99.9237318421567,0.334056586461133
465.7,469,261,277,31059,91410,2025-04-04,2025-05-16,536.7,16,60351,1684576697,1087504155,0.00542628899965129,99.876232586874,0.660223170331474
427.5,429,418,607,23408,91050,2025-04-04,2025-05-16,536.7,189,67642,1684576697,1087504155,0.00540491864586205,99.8816375055199,0.742910488742449
383.85,385,774,791,41022,90965,2025-04-04,2025-05-30,536.7,17,49943,370109127,202964358,0.0245778861865247,99.7579419326236,0.549035343263893
164.53,165,1862,1902,61446,89394,2025-04-04,2025-12-19,536.7,40,27948,939004589,278327906,0.00952008126980517,99.9414085930522,0.312638432109538
199.55,200,1914,1958,53592,88110,2025-04-04,2025-09-19,536.7,44,34518,1306397097,557312441,0.00674450365836966,99.9304763458151,0.391760299625468
429.72,430,3038,3125,18228,87500,2025-04-04,2025-04-11,536.7,87,69272,298566777,236588664,0.0293066766768896,99.4961743516426,0.79168
445.94,448,17,421,1190,86726,2025-04-04,2025-05-16,536.7,404,85536,1684576697,1087504155,0.00514823695201573,99.8867857424719,0.986278624633904
541.65,599,93,15,350982,86025,2025-04-04,2025-05-30,536.7,-78,-264957,370109127,202964358,0.0232431447171526,99.7811850773407,-3.08
504.86,505,6167,6064,30835,84896,2025-04-04,2025-04-04,536.7,-103,54061,369734428,298882164,0.0229613456499647,99.6815076144329,0.636790897097625
450.92,453,153,404,11475,84032,2025-04-04,2025-05-16,536.7,251,72557,1684576697,1087504155,0.00498831547115958,99.8917740579431,0.86344487814166
540.65,660,8,7,73696,83545,2025-04-04,2025-09-19,536.7,-1,9849,1306397097,557312441,0.00639506932400968,99.9368714151391,0.117888563049853
541.41,605,13,13,62283,82667,2025-04-04,2025-04-04,536.7,0,20384,369734428,298882164,0.0223584805037415,99.7038660949367,0.246579650888505
543.71,592,218,17,608220,82093,2025-04-04,2025-05-30,536.7,-201,-526127,370109127,202964358,0.0221807553532718,99.803365832694,-6.40891428014569
284.01,285,846,824,56682,81576,2025-04-04,2025-08-15,536.7,-22,24894,448426513,178814491,0.0181916094689076,99.6430532197368,0.305163283318623
499.44,501,42,521,1134,81276,2025-04-04,2025-04-11,536.7,479,80142,298566777,236588664,0.0272220508981815,99.5233964025408,0.98604754170973
470.48,474,142,228,16330,80256,2025-04-04,2025-05-16,536.7,86,63926,1684576697,1087504155,0.00476416420474799,99.8965382221478,0.796526116427432
511.12,514,6,277,258,79776,2025-04-04,2025-04-11,536.7,271,79518,298566777,236588664,0.0267196507265777,99.5501160532674,0.996765944645006
204.54,205,1726,1727,34520,79442,2025-04-04,2025-09-19,536.7,1,44922,1306397097,557312441,0.00608099942830782,99.9429524145674,0.565469147302434
359.42,360,1342,1356,37576,78648,2025-04-04,2025-05-16,536.7,14,41072,1684576697,1087504155,0.00466870995782272,99.9012069321056,0.522225612857288
436.47,442,136,142,31960,78526,2025-04-04,2025-08-15,536.7,6,46566,448426513,178814491,0.0175114534318358,99.6605646731687,0.593001044240124
439.67,440,2275,2341,18200,77253,2025-04-04,2025-04-11,536.7,66,59053,298566777,236588664,0.02587461363794,99.5759906669053,0.764410443607368
444.99,447,102,383,9996,76983,2025-04-04,2025-05-16,536.7,281,66987,1684576697,1087504155,0.00456987207154748,99.9057768041772,0.870153150695608
358.33,360,460,460,41400,76820,2025-04-04,2025-07-18,536.7,0,35420,479898981,228750947,0.0160075355525708,99.8973904885203,0.461077844311377
328.53,330,549,520,52704,76440,2025-04-04,2025-08-15,536.7,-29,23736,448426513,178814491,0.0170462713028745,99.6776109444715,0.310518053375196
294.36,295,1194,1193,40596,76352,2025-04-04,2025-06-20,536.7,-1,35756,1902644664,1087813983,0.00401294058973063,99.9613312451915,0.468304694048617
441.22,443,112,427,7392,76006,2025-04-04,2025-05-16,536.7,315,68614,1684576697,1087504155,0.00451187530584724,99.910288679483,0.90274452016946
494.85,496,9,656,216,75440,2025-04-04,2025-04-11,536.7,647,75224,298566777,236588664,0.0252673792971949,99.6012580462025,0.997136797454931
378.95,380,708,713,43188,74865,2025-04-04,2025-05-30,536.7,5,31677,370109127,202964358,0.0202278178349274,99.8235936505289,0.423121618914045
189.32,190,1093,1097,44813,74596,2025-04-04,2025-12-19,536.7,4,29783,939004589,278327906,0.00794415712914051,99.9493527501813,0.39925733283286
449.4,451,74,466,7030,74560,2025-04-04,2025-05-16,536.7,392,67530,1684576697,1087504155,0.00442603771812712,99.9147147172012,0.905713519313305
461.54,468,116,115,49184,74290,2025-04-04,2025-08-15,536.7,-1,25106,448426513,178814491,0.0165668170472338,99.6941777615188,0.337945887737246
259.61,260,1849,1900,36980,74100,2025-04-04,2025-06-20,536.7,51,37120,1902644664,1087813983,0.00389457902476739,99.9652258242162,0.500944669365722
467.18,470,228,260,18012,73320,2025-04-04,2025-05-09,536.7,32,55308,24277542,16148612,0.302007509656455,97.0782709386313,0.754337152209493
448.17,450,307,400,19955,73200,2025-04-04,2025-05-09,536.7,93,53245,24277542,16148612,0.301513225679931,97.3797841643112,0.727390710382514
502.28,504,257,425,7710,73100,2025-04-04,2025-04-11,536.7,168,65390,298566777,236588664,0.0244836350294929,99.625741681232,0.89452804377565
384.27,385,1003,1000,41123,73000,2025-04-04,2025-05-16,536.7,-3,31877,1684576697,1087504155,0.00433343285170708,99.9190481500529,0.436671232876712
538.02,578,421,18,575928,71964,2025-04-04,2025-04-04,536.7,-403,-503964,369734428,298882164,0.0194637000371521,99.7233297949738,-7.00300150075038
428.95,430,501,685,17535,71925,2025-04-04,2025-05-02,536.7,184,54390,132121057,91745168,0.0544387107045321,99.7385291884245,0.756204379562044
288.51,290,482,482,71818,71818,2025-04-04,2025-12-19,536.7,0,0,939004589,278327906,0.0076483119296023,99.9570010621109,0
512.77,513,1670,3083,8350,70909,2025-04-04,2025-04-04,536.7,1413,62559,369734428,298882164,0.0191783600958037,99.7425081550696,0.882243438773639
338.37,340,431,431,41807,70253,2025-04-04,2025-08-15,536.7,0,28446,448426513,178814491,0.015666558056526,99.7098443195753,0.404907975460123
374,375,322,702,19320,70200,2025-04-04,2025-05-30,536.7,380,50880,370109127,202964358,0.0189673787752875,99.8425610293042,0.724786324786325
537.51,568,2163,23,1020936,70127,2025-04-04,2025-04-04,536.7,-2140,-950809,369734428,298882164,0.0189668569354867,99.7614750120051,-13.5583869265761
263.9,265,635,635,69850,69850,2025-04-04,2025-12-19,536.7,0,0,939004589,278327906,0.00743872828932469,99.9644397904002,0
303.35,305,423,423,44838,69795,2025-04-04,2025-09-19,536.7,0,24957,1306397097,557312441,0.00534255626870855,99.9482949708361,0.357575757575758
394.05,395,729,729,42282,69255,2025-04-04,2025-05-30,536.7,0,26973,370109127,202964358,0.0187120486763894,99.8612730779806,0.389473684210526
374.53,375,1462,1469,23392,69043,2025-04-04,2025-05-02,536.7,7,45651,132121057,91745168,0.0522573778682379,99.7907865662928,0.661196645568704
558.93,581,249,31,549543,68417,2025-04-04,2025-04-25,536.7,-218,-481126,170162594,132437635,0.0402068388778794,99.7976176832377,-7.03225806451613
354.47,355,1284,1275,33384,67575,2025-04-04,2025-05-16,536.7,-9,34191,1684576697,1087504155,0.004011393492522,99.9230595435454,0.505971143174251
558.04,610,14,13,72744,67548,2025-04-04,2025-05-30,536.7,-1,-5196,370109127,202964358,0.0182508333548878,99.8795239113355,-0.0769230769230769
446.3,451,143,143,67210,67210,2025-04-04,2025-08-15,536.7,0,0,448426513,178814491,0.0149879630333098,99.7248322826086,0
294.02,295,633,684,48108,67032,2025-04-04,2025-08-15,536.7,51,18924,448426513,178814491,0.0149482686809823,99.7397805512896,0.282312925170068
428.12,433,130,137,28860,66856,2025-04-04,2025-08-15,536.7,7,37996,448426513,178814491,0.0149090203326136,99.7546895716222,0.568325954289817
434.69,435,2102,2132,14714,66092,2025-04-04,2025-04-11,536.7,30,51378,298566777,236588664,0.0221364214277599,99.6478781026598,0.777370937481087
373.3,375,409,379,43354,64430,2025-04-04,2025-07-18,536.7,-30,21076,479898981,228750947,0.0134257421980231,99.9108162307184,0.327114698121993
379.32,380,877,936,34203,63648,2025-04-04,2025-05-16,536.7,59,29445,1684576697,1087504155,0.0037782785499377,99.9268378220953,0.462622549019608
541.06,620,9,8,55071,63152,2025-04-04,2025-05-16,536.7,-1,8081,1684576697,1087504155,0.00374883495138364,99.9305866570467,0.127961109703572
233.94,235,587,591,48134,62646,2025-04-04,2025-12-19,536.7,4,14512,939004589,278327906,0.0066715328906662,99.9711113232909,0.231650863582671
541.36,604,10,10,54140,62640,2025-04-04,2025-04-04,536.7,0,8500,369734428,298882164,0.016941889977311,99.7784169019824,0.135696040868455
288.99,290,604,620,30804,62620,2025-04-04,2025-08-15,536.7,16,31816,448426513,178814491,0.0139643839480116,99.7686539555702,0.508080485467902
413.42,415,410,393,32800,62094,2025-04-04,2025-05-30,536.7,-17,29294,370109127,202964358,0.0167772139269616,99.8963011252624,0.471768608883306
367.78,370,279,279,40176,61938,2025-04-04,2025-08-15,536.7,0,21762,448426513,178814491,0.0138122965980827,99.7824662521683,0.351351351351352
540.32,579,975,16,1721850,61888,2025-04-04,2025-04-11,536.7,-959,-1659962,298566777,236588664,0.0207283612134782,99.6686064638732,-26.8220333505688
544.11,578,371,18,627361,61002,2025-04-04,2025-04-11,536.7,-353,-566359,298566777,236588664,0.0204316101787842,99.689038074052,-9.28426936821744
516.68,517,415,1896,2905,60672,2025-04-04,2025-04-04,536.7,1481,57767,369734428,298882164,0.0164096160393265,99.7948265180217,0.952119593881856
382.72,385,248,265,32240,60420,2025-04-04,2025-07-18,536.7,17,28180,479898981,228750947,0.0125901496756877,99.923406380394,0.466401853690831
399.85,400,3749,4020,11247,60300,2025-04-04,2025-04-11,536.7,271,49053,298566777,236588664,0.0201964868984736,99.7092345609505,0.813482587064677
492.76,494,451,486,11275,60264,2025-04-04,2025-04-11,536.7,35,48989,298566777,236588664,0.0201844292943551,99.7294189902449,0.812906544537369
194.61,195,1505,1528,34615,59592,2025-04-04,2025-09-19,536.7,23,24977,1306397097,557312441,0.0045615533084731,99.9528565241446,0.419133440730299
318.87,320,532,525,32452,59325,2025-04-04,2025-07-18,536.7,-7,26873,479898981,228750947,0.0123619766552495,99.9357683570493,0.452979351032448
154.77,155,2627,2563,34151,58949,2025-04-04,2025-09-19,536.7,-64,24798,1306397097,557312441,0.00451233397068702,99.9573688581153,0.420668713633819
194.89,195,6299,5342,50392,58762,2025-04-04,2025-06-20,536.7,-957,8370,1902644664,1087813983,0.00308843795753551,99.9683142621738,0.142438991184779
432.93,435,231,280,20790,57960,2025-04-04,2025-05-30,536.7,49,37170,370109127,202964358,0.0156602460657502,99.9119613713282,0.641304347826087
481.3,482,775,818,14725,57260,2025-04-04,2025-04-11,536.7,43,42535,298566777,236588664,0.0191782892173566,99.7485972794622,0.74283967865875
540.74,655,6,5,58662,57130,2025-04-04,2025-08-15,536.7,-1,-1531.99999999999,448426513,178814491,0.0127401030812824,99.7952063552496,-0.0268160336075616
541.54,605,15,9,82500,57114,2025-04-04,2025-05-30,536.7,-6,-25386,370109127,202964358,0.0154316648343557,99.9273930361625,-0.444479462128375
438.06,443,114,115,38190,56810,2025-04-04,2025-08-15,536.7,1,18620,448426513,178814491,0.0126687424478847,99.8078750976975,0.327759197324415
244.29,245,787,791,41711,56161,2025-04-04,2025-09-19,536.7,4,14450,1306397097,557312441,0.00429892259627396,99.9616677807116,0.257295988319296
189.57,190,1304,1306,27384,56158,2025-04-04,2025-09-19,536.7,2,28774,1306397097,557312441,0.00429869295706189,99.9659664736686,0.512375796858863
538.19,650,5,5,41480,55905,2025-04-04,2025-08-15,536.7,0,14425,448426513,178814491,0.0124669256565568,99.820342023354,0.258027010106431
537.35,570,0,17,0,55505,2025-04-04,2025-05-23,536.7,17,55505,306275,306275,18.1226022365521,76.5498326667211,1
234.43,235,968,968,55176,55176,2025-04-04,2025-09-19,536.7,0,0,1306397097,557312441,0.00422352438831238,99.9701899980569,0
403.61,405,336,392,24864,54488,2025-04-04,2025-05-30,536.7,56,29624,370109127,202964358,0.0147221443690579,99.9421151805316,0.543679342240493
402.42,405,210,210,54180,54180,2025-04-04,2025-08-15,536.7,0,0,448426513,178814491,0.0120822472421473,99.8324242705961,0
179.46,180,987,997,43428,53838,2025-04-04,2025-12-19,536.7,10,10410,939004589,278327906,0.0057335183055213,99.9768448415964,0.193357851331773
511.79,512,1673,2541,8365,53361,2025-04-04,2025-04-04,536.7,868,44996,369734428,298882164,0.0144322508154421,99.8092587688372,0.843237570510298
541.44,630,7,6,50477,53136,2025-04-04,2025-06-20,536.7,-1,2659,1902644664,1087813983,0.00279274427881296,99.9711070064526,0.0500414031918097
540.4,581,205,13,349525,52780,2025-04-04,2025-04-11,536.7,-192,-296745,298566777,236588664,0.0176777873714998,99.7662750668337,-5.62230011367942
333.63,335,299,384,20930,52608,2025-04-04,2025-07-18,536.7,85,31678,479898981,228750947,0.0109623070860407,99.9467306641353,0.602151763990268
541.06,576,658,15,949494,52410,2025-04-04,2025-04-11,536.7,-643,-897084,298566777,236588664,0.0175538619958375,99.7838289288295,-17.1166571265026
461.6,467,97,97,52380,52380,2025-04-04,2025-08-15,536.7,0,0,448426513,178814491,0.0116808436792853,99.8441051142754,0
328.79,330,407,428,29304,51788,2025-04-04,2025-07-18,536.7,21,22484,479898981,228750947,0.0107914377921965,99.9575221019276,0.434154630416313
209.86,210,3670,3680,29360,51520,2025-04-04,2025-06-20,536.7,10,22160,1902644664,1087813983,0.00270780986985177,99.9738148163224,0.430124223602484
179.7,180,1708,1708,39284,51240,2025-04-04,2025-09-19,536.7,0,11956,1306397097,557312441,0.00392223774208218,99.974112235799,0.233333333333333
298.91,300,474,468,32232,51012,2025-04-04,2025-08-15,536.7,-6,18780,448426513,178814491,0.0113757769715102,99.8554808912469,0.368148670900965
419.99,420,50862,50904,50862,50904,2025-04-04,2025-04-04,536.7,42,42,369734428,298882164,0.0137677197861596,99.8230264886234,0.000825082508250825
419.32,420,435,744,10875,50592,2025-04-04,2025-04-25,536.7,309,39717,170162594,132437635,0.0297315636831441,99.8273492469209,0.785045066413662
154.95,155,12838,10117,38514,50585,2025-04-04,2025-06-20,536.7,-2721,12071,1902644664,1087813983,0.00265866774585504,99.9764734840683,0.23862805179401
443,449,84,83,31416,49800,2025-04-04,2025-08-15,536.7,-1,18384,448426513,178814491,0.0111054985725164,99.8665863898195,0.369156626506024
513.76,514,717,2065,5019,49560,2025-04-04,2025-04-04,536.7,1348,44541,369734428,298882164,0.0134042156333897,99.8364307042567,0.898728813559322
442.1,444,90,260,6030,49400,2025-04-04,2025-05-16,536.7,170,43370,1684576697,1087504155,0.00293248743663465,99.9335191444833,0.877935222672065
159.58,160,1172,1173,31644,49266,2025-04-04,2025-12-19,536.7,1,17622,939004589,278327906,0.00524661972658368,99.982091461323,0.357690902447936
253.65,255,358,362,37590,48870,2025-04-04,2025-12-19,536.7,4,11280,939004589,278327906,0.00520444740872294,99.9872959087317,0.230816451810927
483.2,484,529,609,10580,48720,2025-04-04,2025-04-11,536.7,80,38140,298566777,236588664,0.0163179575736921,99.8001468864032,0.782840722495895
343.6,345,348,348,29232,48720,2025-04-04,2025-07-18,536.7,0,19488,479898981,228750947,0.0101521365805942,99.9676742385081,0.4
334.02,335,497,497,48706,48706,2025-04-04,2025-08-15,536.7,0,0,448426513,178814491,0.010861534407088,99.8774479242265,0
471.36,472,2,755,30,48320,2025-04-04,2025-04-11,536.7,753,48290,298566777,236588664,0.0161839841945978,99.8163308705978,0.999379139072848
556.57,573,29,29,47647,47647,2025-04-04,2025-05-09,536.7,0,0,24277542,16148612,0.196259571912181,97.5760437362234,0
353.87,355,421,421,47573,47573,2025-04-04,2025-08-15,536.7,0,0,448426513,178814491,0.0106088731644643,99.888056797391,0
416.91,418,20,435,1060,47415,2025-04-04,2025-05-16,536.7,415,46355,1684576697,1087504155,0.00281465368032454,99.9363337981637,0.977644205420226
541.35,600,10,8,35400,46920,2025-04-04,2025-04-04,536.7,-2,11520,369734428,298882164,0.0126901896190203,99.8491208938758,0.245524296675192
184.69,185,1516,1505,31836,46655,2025-04-04,2025-09-19,536.7,-11,14819,1306397097,557312441,0.00357127247964177,99.9776835082787,0.317629407351838
422.84,424,1,397,53,46052,2025-04-04,2025-05-16,536.7,396,45999,1684576697,1087504155,0.00273374314639472,99.9390675413101,0.998849127073743
457.7,462,107,107,46010,46010,2025-04-04,2025-08-15,536.7,0,0,448426513,178814491,0.0102603210707124,99.8983171184617,0
164.76,165,1914,1914,32538,45936,2025-04-04,2025-09-19,536.7,0,13398,1306397097,557312441,0.00351623561515002,99.9811997438938,0.291666666666667
433.58,435,303,323,17574,45866,2025-04-04,2025-05-09,536.7,20,28292,24277542,16148612,0.18892357389393,97.7649673101173,0.61684036105176
318.5,320,302,301,23556,45150,2025-04-04,2025-08-15,536.7,-1,21594,448426513,178814491,0.0100685393684561,99.9083856578302,0.478272425249169
174.93,175,7360,6381,44160,44667,2025-04-04,2025-06-20,536.7,-979,507,1902644664,1087813983,0.00234762700808752,99.9788211110764,0.0113506615622272
457.91,460,113,213,8362,44517,2025-04-04,2025-05-09,536.7,100,36155,24277542,16148612,0.183366998191168,97.9483343083085,0.812161646112721
540.84,615,6,6,33636,44496,2025-04-04,2025-05-16,536.7,0,10860,1684576697,1087504155,0.00264137572835011,99.9417089170384,0.244066882416397
468.48,472,106,126,10494,44352,2025-04-04,2025-05-16,536.7,20,33858,1684576697,1087504155,0.00263282758683442,99.9443417446252,0.763392857142857
179.91,180,4423,4844,22115,43596,2025-04-04,2025-06-20,536.7,421,21481,1902644664,1087813983,0.00229133693878218,99.9811124480151,0.492728690705569
184.91,185,4786,4829,23930,43461,2025-04-04,2025-06-20,536.7,43,19531,1902644664,1087813983,0.00228424155189495,99.983396689567,0.44939140838913
467.95,478,43,43,26875,43215,2025-04-04,2025-08-15,536.7,0,16340,448426513,178814491,0.00963703053837943,99.9180226883686,0.378109452736318
244.74,245,1536,1652,24576,42952,2025-04-04,2025-06-20,536.7,116,18376,1902644664,1087813983,0.00225748931540903,99.9856541788825,0.427826410877258
541.12,594,152,8,469832,42304,2025-04-04,2025-05-16,536.7,-144,-427528,1684576697,1087504155,0.00251125401861118,99.9468529986439,-10.1060892586989
214.82,215,2333,2344,23330,42192,2025-04-04,2025-06-20,536.7,11,18862,1902644664,1087813983,0.002217544915155,99.9878717237976,0.447051573758058
510.8,511,1791,2089,8955,41780,2025-04-04,2025-04-04,536.7,298,32825,369734428,298882164,0.011300002606195,99.860420896482,0.785662996649115
408.6,410,278,295,19460,41300,2025-04-04,2025-05-30,536.7,17,21840,370109127,202964358,0.01115887098888,99.9532740515205,0.528813559322034
417.89,419,372,372,18600,41292,2025-04-04,2025-05-16,536.7,0,22692,1684576697,1087504155,0.00245117957962587,99.9493041782235,0.54954954954955
462.5,465,112,165,9408,41250,2025-04-04,2025-05-09,536.7,53,31842,24277542,16148612,0.169910116930289,98.1182444252388,0.771927272727273
269.19,270,503,502,23641,40662,2025-04-04,2025-08-15,536.7,-1,17021,448426513,178814491,0.00906770648505344,99.9270903948536,0.418597216073976
169.7,170,1345,1346,24210,40380,2025-04-04,2025-09-19,536.7,1,16170,1306397097,557312441,0.00309094379440434,99.9842906876882,0.400445765230312
542.42,579,8,11,18568,40238,2025-04-04,2025-05-09,536.7,3,21670,24277542,16148612,0.165741655394932,98.2839860806337,0.538545653362493
264.56,265,911,911,16398,40084,2025-04-04,2025-06-20,536.7,0,23686,1902644664,1087813983,0.00210675176287147,99.9899784755605,0.590909090909091
543.8,577,484,12,755524,39840,2025-04-04,2025-04-11,536.7,-472,-715684,298566777,236588664,0.0133437485577975,99.8296746191556,-17.9639558232932
491.96,493,44,377,1056,39208,2025-04-04,2025-04-11,536.7,333,38152,298566777,236588664,0.0131320706188284,99.8428066897745,0.973066721077331
159.95,160,8412,7640,25236,38200,2025-04-04,2025-06-20,536.7,-772,12964,1902644664,1087813983,0.0020077316969786,99.9919862072575,0.339371727748691
313.93,315,314,357,20096,38199,2025-04-04,2025-07-18,536.7,43,18103,479898981,228750947,0.00795980018969867,99.9756340386978,0.473912929657845
446.92,449,9,183,711,38064,2025-04-04,2025-05-16,536.7,174,37353,1684576697,1087504155,0.00225955874064902,99.9515637369641,0.981320933165195
154.64,155,1042,1043,36470,37548,2025-04-04,2025-12-19,536.7,1,1077.99999999999,939004589,278327906,0.00399870250261365,99.9912946112343,0.0287099179716628
432.4,434,0,234,0,37440,2025-04-04,2025-05-16,536.7,234,37440,1684576697,1087504155,0.002222516794081,99.9537862537582,1
435.41,437,0,234,0,37206,2025-04-04,2025-05-16,536.7,234,37206,1684576697,1087504155,0.00220862606411799,99.9559948798223,1
490.89,492,7,330,161,36630,2025-04-04,2025-04-11,536.7,323,36469,298566777,236588664,0.0122686121905653,99.855075301965,0.995604695604696
515.71,516,694,1261,3470,36569,2025-04-04,2025-04-04,536.7,567,33099,369734428,298882164,0.00989061262101348,99.870311509103,0.905110886269791
407.93,409,199,341,10547,36487,2025-04-04,2025-05-16,536.7,142,25940,1684576697,1087504155,0.00216594471863337,99.958160824541,0.710938142352071
436.29,438,28,213,1932,36423,2025-04-04,2025-05-16,536.7,185,34491,1684576697,1087504155,0.0021621455446264,99.9603229700856,0.946956593361338
429.6,431,0,259,0,36260,2025-04-04,2025-05-16,536.7,259,36260,1684576697,1087504155,0.00215246952332738,99.9624754396089,1
409.23,410,423,469,10998,36113,2025-04-04,2025-05-02,536.7,46,25115,132121057,91745168,0.0273332660364653,99.8181198323292,0.695455929997508
542.4,582.5,9,9,19350,36090,2025-04-04,2025-05-09,536.7,0,16740,24277542,16148612,0.148655905939736,98.4326419865734,0.463840399002494
443.92,445,315,333,9765,35964,2025-04-04,2025-04-25,536.7,18,26199,170162594,132437635,0.0211350797814001,99.8484843267023,0.728478478478479
538.5,610,10,5,42000,35750,2025-04-04,2025-05-02,536.7,-5,-6250,132121057,91745168,0.0270585180074664,99.8451783503367,-0.174825174825175
556.86,571,25,25,35350,35350,2025-04-04,2025-05-09,536.7,0,0,24277542,16148612,0.145607821417835,98.5782498079913,0
278.83,280,310,300,23870,35100,2025-04-04,2025-09-19,536.7,-10,11230,1306397097,557312441,0.00268677878116871,99.9869774664694,0.31994301994302
558.34,675,3,3,34998,34998,2025-04-04,2025-05-16,536.7,0,0,1684576697,1087504155,0.00207755456087732,99.9645529941698,0
258.96,260,326,336,16952,34944,2025-04-04,2025-09-19,536.7,10,17992,1306397097,557312441,0.00267483754214129,99.9896523040115,0.514880952380952
538.04,625,5,4,29850,34784,2025-04-04,2025-05-30,536.7,-1,4934,370109127,202964358,0.00939830916409689,99.9626723606846,0.141846826126955
264.09,265,381,382,26289,34762,2025-04-04,2025-09-19,536.7,1,8473,1306397097,557312441,0.00266090609660931,99.9923132101081,0.243743167826937
501.66,503,5,259,160,34706,2025-04-04,2025-04-11,536.7,254,34546,298566777,236588664,0.0116242002371215,99.8666995022022,0.995389846136115
374.27,375,345,475,11385,34675,2025-04-04,2025-05-16,536.7,130,23290,1684576697,1087504155,0.00205838060456086,99.9666113747744,0.671665465032444
435.65,438,146,146,34310,34310,2025-04-04,2025-08-15,536.7,0,0,448426513,178814491,0.00765119791210918,99.9347415927657,0
488.27,489,47,465,1034,33945,2025-04-04,2025-04-11,536.7,418,32911,298566777,236588664,0.0113693158833945,99.8780688180855,0.969538960082486
540.32,578,11,9,21318,33912,2025-04-04,2025-05-02,536.7,-2,12594,132121057,91745168,0.0256673695851525,99.8708457199218,0.37137296532201
541.66,608,16,5,94304,33170,2025-04-04,2025-05-30,536.7,-11,-61134,370109127,202964358,0.00896222156661379,99.9716345822512,-1.8430509496533
444.54,448,95,95,32870,32870,2025-04-04,2025-08-15,536.7,0,0,448426513,178814491,0.00733007506181955,99.9420716678276,0
308.98,310,242,321,14520,32742,2025-04-04,2025-07-18,536.7,79,18222,479898981,228750947,0.00682268587688458,99.9824567245747,0.556532893531244
169.54,170,682,699,25916,32154,2025-04-04,2025-12-19,536.7,17,6238,939004589,278327906,0.00342426441538935,99.9947188756497,0.194003856440878
541.9,574,9,10,14868,32100,2025-04-04,2025-05-09,536.7,1,17232,24277542,16148612,0.132220963720298,98.7104707717116,0.536822429906542
461.71,469,44,44,21736,32076,2025-04-04,2025-08-15,536.7,0,10340,448426513,178814491,0.00715301149020152,99.9492246793178,0.322359396433471
541.65,595,7,6,28966,32010,2025-04-04,2025-04-11,536.7,-1,3044,298566777,236588664,0.0107212196620256,99.8887900377476,0.0950952827241487
425.64,427,0,234,0,31824,2025-04-04,2025-05-16,536.7,234,31824,1684576697,1087504155,0.00188913927496885,99.9685005140493,1
254.71,255,1064,1092,15960,31668,2025-04-04,2025-06-20,536.7,28,15708,1902644664,1087813983,0.00166442008847954,99.9936506273459,0.496021220159151
429.21,430,392,400,9800,31600,2025-04-04,2025-04-25,536.7,8,21800,170162594,132437635,0.018570473837511,99.8670548005398,0.689873417721519
424.24,425,423,415,10998,31540,2025-04-04,2025-04-25,536.7,-8,20542,170162594,132437635,0.0185352134441486,99.8855900139839,0.651299936588459
449.8,452,107,143,9951,31460,2025-04-04,2025-05-16,536.7,36,21509,1684576697,1087504155,0.00186753147280417,99.9703680455221,0.683693579148125
538.25,573,763,9,955276,31275,2025-04-04,2025-04-11,536.7,-754,-924001,298566777,236588664,0.0104750435779397,99.8992650813255,-29.5443964828138
482.16,483,110,362,2090,30408,2025-04-04,2025-04-11,536.7,252,28318,298566777,236588664,0.0101846562787527,99.9094497376043,0.931268087345435
443.34,445,69,183,3864,30378,2025-04-04,2025-05-09,536.7,114,26514,24277542,16148612,0.125127988657171,98.8355987603688,0.872802686154454
404.5,405,483,600,8211,30000,2025-04-04,2025-04-25,536.7,117,21789,170162594,132437635,0.0176301966811813,99.9032202106651,0.7263
465.51,473,39,40,17745,29960,2025-04-04,2025-08-15,536.7,1,12215,448426513,178814491,0.00668113930185926,99.9559058186196,0.407710280373832
344.61,345,713,767,12121,29913,2025-04-04,2025-05-16,536.7,54,17792,1684576697,1087504155,0.0017756983136043,99.9721437438357,0.594791562197038
468.44,469,154,534,2156,29904,2025-04-04,2025-04-11,536.7,380,27748,298566777,236588664,0.0100158498210938,99.9194655874254,0.927902621722846
164.93,165,5285,4253,21140,29771,2025-04-04,2025-06-20,536.7,-1032,8631,1902644664,1087813983,0.00156471676310864,99.995215344109,0.28991300258641
374.39,375,195,487,4680,29707,2025-04-04,2025-05-09,536.7,292,25027,24277542,16148612,0.122364117421772,98.9579628777905,0.842461372740432
542.34,590,25,6,60500,28596,2025-04-04,2025-04-04,536.7,-19,-31904,369734428,298882164,0.00773419996473793,99.8780457090677,-1.11568051475731
599.26,670,4,4,28296,28296,2025-04-04,2025-12-19,536.7,0,0,939004589,278327906,0.00301340380350367,99.9977322794532,0
543.75,572,9,10,16380,28250,2025-04-04,2025-05-09,536.7,1,11870,24277542,16148612,0.116362686140137,99.0743255639306,0.420176991150443
313.35,315,160,170,14240,28050,2025-04-04,2025-09-19,536.7,10,13810,1306397097,557312441,0.00214712663281431,99.9944603367409,0.492335115864528
450.39,454,77,77,27797,27797,2025-04-04,2025-08-15,536.7,0,0,448426513,178814491,0.00619878602048671,99.9621046046401,0
219.81,220,1455,1455,11640,27645,2025-04-04,2025-06-20,536.7,0,16005,1902644664,1087813983,0.00145297755924014,99.9966683216683,0.578947368421053
353.56,355,186,189,17112,27216,2025-04-04,2025-07-18,536.7,3,10104,479898981,228750947,0.00567119353812506,99.9881279181128,0.371252204585538
414.35,415,391,416,11339,27040,2025-04-04,2025-05-02,536.7,25,15701,132121057,91745168,0.0204660790747383,99.8913117989966,0.580658284023669
428.71,430,206,209,11124,26961,2025-04-04,2025-05-09,536.7,3,15837,24277542,16148612,0.111053252425637,99.1853788163563,0.587404028040503
494.9,495,1878,2675,7512,26750,2025-04-04,2025-04-04,536.7,797,19238,369734428,298882164,0.0072349226834781,99.8852806317512,0.719177570093458
555.93,645,3,3,26721,26721,2025-04-04,2025-08-15,536.7,0,0,448426513,178814491,0.00595883589068695,99.9680634405308,0
453.54,456,9,107,765,26322,2025-04-04,2025-05-16,536.7,98,25557,1684576697,1087504155,0.00156252903455663,99.9737062728703,0.970936858901299
562.4,581,14,14,26040,26040,2025-04-04,2025-05-02,536.7,0,0,132121057,91745168,0.0197091974521518,99.9110209964488,0
434.1,435,288,288,7488,25920,2025-04-04,2025-04-25,536.7,0,18432,170162594,132437635,0.0152324899325406,99.9184527005976,0.711111111111111
394.43,395,45,454,1125,25878,2025-04-04,2025-05-02,536.7,409,24753,132121057,91745168,0.0195865826292928,99.930607579078,0.956526779503826
537.42,589,20,5,65860,25790,2025-04-04,2025-04-25,536.7,-15,-40070,170162594,132437635,0.0151560924135888,99.9336087930112,-1.55370298565335
538.24,581,258,6,414606,25656,2025-04-04,2025-04-04,536.7,-252,-388950,369734428,298882164,0.0069390346305538,99.8922196663817,-15.160196445276
174.79,175,1216,1216,25536,25536,2025-04-04,2025-09-19,536.7,0,0,1306397097,557312441,0.00195468897310325,99.996415025714,0
554.79,576,12,12,25452,25452,2025-04-04,2025-05-09,536.7,0,0,24277542,16148612,0.104837631420842,99.2902164477771,0
394.89,395,2308,2310,6924,25410,2025-04-04,2025-04-11,536.7,2,18486,298566777,236588664,0.00851065890696874,99.9279762463323,0.727508854781582
395.06,396,118,268,4838,25192,2025-04-04,2025-05-16,536.7,150,20354,1684576697,1087504155,0.00149544986849596,99.9752017227388,0.807954906319467
264.26,265,332,335,15936,24790,2025-04-04,2025-08-15,536.7,3,8854,448426513,178814491,0.00552821906852774,99.9735916595993,0.357160145219847
541.66,602,32,4,125088,24136,2025-04-04,2025-05-30,536.7,-28,-100952,370109127,202964358,0.0065213198592641,99.9781559021105,-4.18263175339742
537.09,585,172,5,302720,23955,2025-04-04,2025-04-11,536.7,-167,-278765,298566777,236588664,0.00802333074051303,99.9359995770728,-11.6370277603841
541.5,589,6,5,18396,23750,2025-04-04,2025-04-04,536.7,-1,5354,369734428,298882164,0.00642352948533102,99.8986431958671,0.225431578947368
538.1,585,202,5,451268,23450,2025-04-04,2025-04-25,536.7,-197,-427818,170162594,132437635,0.0137809370724567,99.9473897300837,-18.2438379530917
543.2,582,12,6,30408,23280,2025-04-04,2025-05-09,536.7,-6,-7128,24277542,16148612,0.0958910914457485,99.3861075392229,-0.306185567010309
402.96,404,23,221,1173,22984,2025-04-04,2025-05-16,536.7,198,21811,1684576697,1087504155,0.00136437836525528,99.976566101104,0.94896449704142
540.75,598,84,4,308280,22900,2025-04-04,2025-05-16,536.7,-80,-285380,1684576697,1087504155,0.00135939194937112,99.9779254930534,-12.4620087336245
537.67,650,2,2,18824,22466,2025-04-04,2025-07-18,536.7,0,3642,479898981,228750947,0.00468140189695464,99.9928093200098,0.1621116353601
540.98,596,165,4,518925,22008,2025-04-04,2025-05-16,536.7,-161,-496917,1684576697,1087504155,0.0013064409616489,99.979231934015,-22.5789258451472
244.22,245,273,273,21294,21294,2025-04-04,2025-12-19,536.7,0,0,939004589,278327906,0.00226772054678425,100,0
384.46,385,113,387,2373,20898,2025-04-04,2025-05-02,536.7,274,18525,132121057,91745168,0.0158173121488121,99.9464248912268,0.886448463967844
421.68,423,1,155,45,20460,2025-04-04,2025-05-16,536.7,154,20415,1684576697,1087504155,0.00121454844035516,99.9804464824554,0.997800586510264
389.41,390,321,343,6420,20237,2025-04-04,2025-05-02,536.7,22,13817,132121057,91745168,0.0153170133962825,99.9617419046231,0.682759302268123
486.29,487,12,284,240,20164,2025-04-04,2025-04-11,536.7,272,19924,298566777,236588664,0.00675359804014631,99.942753175113,0.988097599682603
431.44,433,5,129,390,20124,2025-04-04,2025-05-16,536.7,124,19734,1684576697,1087504155,0.00119460277681854,99.9816410852322,0.98062015503876
468.97,469,5944,6660,11888,19980,2025-04-04,2025-04-04,536.7,716,8092,369734428,298882164,0.00540387869965953,99.9040470745667,0.405005005005005
409.46,410,327,368,6213,19872,2025-04-04,2025-04-25,536.7,41,13659,170162594,132437635,0.0116782422816145,99.9590679723653,0.687349033816425
254.16,255,226,236,12204,19824,2025-04-04,2025-09-19,536.7,10,7620,1306397097,557312441,0.00151745591333016,99.9979324816274,0.384382566585956
411.92,413,1,180,49,19440,2025-04-04,2025-05-16,536.7,179,19391,1684576697,1087504155,0.00115399910461898,99.9827950843368,0.997479423868313
159.8,160,952,962,14280,19240,2025-04-04,2025-09-19,536.7,10,4960,1306397097,557312441,0.00147275281338137,99.9994052344407,0.257796257796258
449.98,450,9319,9521,9319,19042,2025-04-04,2025-04-04,536.7,202,9723,369734428,298882164,0.00515018309303888,99.9091972576598,0.510608129398173
547.2,610,3,3,14475,18840,2025-04-04,2025-04-04,536.7,0,4365,369734428,298882164,0.00509554928436364,99.9142928069441,0.231687898089172
562.57,608,4,4,18172,18172,2025-04-04,2025-04-04,536.7,0,0,369734428,298882164,0.00491487906557622,99.9192076860097,0
452.26,454,69,102,5451,17748,2025-04-04,2025-05-16,536.7,33,12297,1684576697,1087504155,0.00105355844180955,99.9838486427787,0.692866801893171
537.73,582,653,4,1186501,17708,2025-04-04,2025-04-11,536.7,-649,-1168793,298566777,236588664,0.00593100149250699,99.9486841766055,-66.00367065733
415.86,417,3,155,201,17670,2025-04-04,2025-05-16,536.7,152,17469,1684576697,1087504155,0.00104892819848855,99.9848975709772,0.988624787775891
323.82,325,147,149,9408,17582,2025-04-04,2025-07-18,536.7,2,8174,479898981,228750947,0.00366368771264384,99.9964730077224,0.464907291548174
468.81,479,14,17,7000,17323,2025-04-04,2025-08-15,536.7,3,10323,448426513,178814491,0.00386306328858838,99.9774547228879,0.595912948103677
437.5,439,24,114,1992,17100,2025-04-04,2025-05-16,536.7,90,15108,1684576697,1087504155,0.00101509180498892,99.9859126627821,0.883508771929825
229.8,230,842,851,8420,17020,2025-04-04,2025-06-20,536.7,9,8600,1902644664,1087813983,0.000894544332004602,99.9975628660003,0.505287896592244
364.07,365,182,182,16926,16926,2025-04-04,2025-07-18,536.7,0,0,479898981,228750947,0.00352699227756852,100,0
541.66,598,331,3,1538488,16902,2025-04-04,2025-05-30,536.7,-328,-1521586,370109127,202964358,0.00456676119743462,99.9827226633079,-90.0240208259378
404.94,405,2797,2797,16782,16782,2025-04-04,2025-04-04,536.7,0,0,369734428,298882164,0.00453893355043475,99.9237466195601,0
189.91,190,1835,1850,9175,16650,2025-04-04,2025-06-20,536.7,15,7475,1902644664,1087813983,0.000875097716091458,99.9984379637164,0.448948948948949
399.15,400,142,195,4970,16575,2025-04-04,2025-05-09,536.7,53,11605,24277542,16148612,0.0682729742574434,99.4543805134803,0.700150829562594
541.79,583,121,4,225665,16484,2025-04-04,2025-04-11,536.7,-117,-209181,298566777,236588664,0.00552104295247827,99.954205219558,-12.6899417617083
404.35,405,244,252,6344,16380,2025-04-04,2025-05-02,536.7,8,10036,132121057,91745168,0.0123977209779664,99.9741396256011,0.612698412698413
479.94,480,2062,2723,6186,16338,2025-04-04,2025-04-04,536.7,661,10152,369734428,298882164,0.00441884735710898,99.9281654669173,0.621373485126699
303.82,305,118,138,5900,16284,2025-04-04,2025-08-15,536.7,20,10384,448426513,178814491,0.00363136423202524,99.9810860871199,0.63768115942029
537.26,569,0,5,0,15870,2025-04-04,2025-05-23,536.7,5,15870,306275,306275,5.18161782711615,81.7314504938372,1
556,635,2,2,15800,15800,2025-04-04,2025-06-20,536.7,0,0,1902644664,1087813983,0.000830423057912615,99.9992683867743,0
541.01,593,230,3,847780,15597,2025-04-04,2025-05-16,536.7,-227,-832183,1684576697,1087504155,0.00092587057791884,99.9868385333601,-53.3553247419376
470.97,471,2538,5162,5076,15486,2025-04-04,2025-04-04,536.7,2624,10410,369734428,298882164,0.00418841168883521,99.9323538786061,0.672220069740411
454.94,457,36,73,3456,15038,2025-04-04,2025-05-16,536.7,37,11582,1684576697,1087504155,0.000892687167451658,99.9877312205275,0.770182205080463
430.58,432,0,105,0,14910,2025-04-04,2025-05-16,536.7,105,14910,1684576697,1087504155,0.000885088819437706,99.9886163093469,1
404.1,405,162,165,6156,14850,2025-04-04,2025-05-09,536.7,3,8694,24277542,16148612,0.061167642094904,99.5155481555752,0.585454545454545
466.99,471,37,37,14837,14837,2025-04-04,2025-08-15,536.7,0,0,448426513,178814491,0.00330868036788003,99.9843947674878,0
540.06,577,821,4,1026250,14776,2025-04-04,2025-04-04,536.7,-817,-1011474,369734428,298882164,0.00399638196527373,99.9363502605714,-68.4538440714672
537.79,611,2,2,9436,14642,2025-04-04,2025-05-16,536.7,0,5206,1684576697,1087504155,0.000869179778283494,99.9894854891252,0.355552520147521
308.88,310,130,130,9750,14560,2025-04-04,2025-08-15,536.7,0,4810,448426513,178814491,0.00324690881959515,99.9876416763074,0.330357142857143
538.37,680,1,1,11340,14163,2025-04-04,2025-04-11,536.7,0,2823,298566777,236588664,0.00474366242028329,99.9589488819782,0.199322177504766
436.68,439,61,61,14152,14152,2025-04-04,2025-08-15,536.7,0,0,448426513,178814491,0.00315592401201309,99.9907976003194,0
414.43,415,243,247,4860,14079,2025-04-04,2025-04-25,536.7,4,9219,170162594,132437635,0.00827385130247838,99.9673418236678,0.654805028766248
204.85,205,909,928,9090,13920,2025-04-04,2025-06-20,536.7,19,4830,1902644664,1087813983,0.000731613225705291,100,0.34698275862069
394.32,395,178,204,5340,13872,2025-04-04,2025-05-09,536.7,26,8532,24277542,16148612,0.0571392276862295,99.5726873832615,0.615051903114187
409.01,410,136,138,5032,13662,2025-04-04,2025-05-09,536.7,2,8630,24277542,16148612,0.0562742307273117,99.6289616139888,0.63167910993998
409.95,411,1,122,53,12810,2025-04-04,2025-05-16,536.7,121,12757,1684576697,1087504155,0.000760428422333804,99.9902459175476,0.995862607338017
451.3,456,27,27,12690,12690,2025-04-04,2025-08-15,536.7,0,0,448426513,178814491,0.00282989511817737,99.9936274954376,0
411,412,125,126,7250,12600,2025-04-04,2025-05-16,536.7,1,5350,1684576697,1087504155,0.000747962382623414,99.9909938799302,0.424603174603175
542.37,584,300,3,722400,12489,2025-04-04,2025-04-25,536.7,-297,-709911,170162594,132437635,0.00733945087837577,99.9746812745462,-56.8429017535431
419.75,421,0,99,0,12375,2025-04-04,2025-05-16,536.7,99,12375,1684576697,1087504155,0.000734605911505138,99.9917284858417,1
541.46,603,12,2,53940,12308,2025-04-04,2025-05-30,536.7,-10,-41632,370109127,202964358,0.00332550566903474,99.9860481689769,-3.38251543711407
469.98,470,5198,6002,15594,12004,2025-04-04,2025-04-04,536.7,804,-3590,369734428,298882164,0.00324665465018584,99.9395969152216,-0.299066977674109
405.01,406,32,120,1568,11880,2025-04-04,2025-05-16,536.7,88,10312,1684576697,1087504155,0.000705221675044933,99.9924337075167,0.868013468013468
474.96,475,1632,2916,4896,11664,2025-04-04,2025-04-04,536.7,1284,6768,369734428,298882164,0.00315469675439583,99.9427516119759,0.580246913580247
438.99,440,106,115,3392,11615,2025-04-04,2025-04-25,536.7,9,8223,170162594,132437635,0.00682582448173069,99.9815070990279,0.707963839862247
537.7,595,19,2,74765,11460,2025-04-04,2025-04-04,536.7,-17,-63305,369734428,298882164,0.00309952201692183,99.9458511339929,-5.5239965095986
555.52,578,5,5,11240,11240,2025-04-04,2025-05-09,536.7,0,0,24277542,16148612,0.0462979324677927,99.6752595464566,0
471.97,472,2582,3706,7746,11118,2025-04-04,2025-04-04,536.7,1124,3372,369734428,298882164,0.00300702319233307,99.9488581571852,0.303291958985429
374.94,375,2021,1837,4042,11022,2025-04-04,2025-04-11,536.7,-184,6980,298566777,236588664,0.00369163646094488,99.9626405184392,0.633278896751951
541.42,596,179,2,618087,10916,2025-04-04,2025-05-30,536.7,-177,-607171,370109127,202964358,0.00294940038049913,99.9889975693574,-55.6221143275925
470.55,471,185,242,2775,10890,2025-04-04,2025-04-11,536.7,57,8115,298566777,236588664,0.00364742524584375,99.966287943685,0.745179063360882
439.35,441,6,66,402,10890,2025-04-04,2025-05-16,536.7,60,10488,1684576697,1087504155,0.000646453202124522,99.9930801607189,0.963085399449036
545.14,581,2,3,4596,10758,2025-04-04,2025-05-09,536.7,1,6162,24277542,16148612,0.0443125584954193,99.719572104952,0.572783045175683
541.53,595,44,2,153868,10694,2025-04-04,2025-05-02,536.7,-42,-143174,132121057,91745168,0.00809409207193975,99.982233717673,-13.3882550963157
379.47,380,159,198,2862,10494,2025-04-04,2025-05-02,536.7,39,7632,132121057,91745168,0.00794271574742246,99.9901764334205,0.727272727272727
558.6,610,2,2,10280,10280,2025-04-04,2025-04-11,536.7,0,0,298566777,236588664,0.00344311584272486,99.9697310595278,0
549.77,601,41,2,210043,10246,2025-04-04,2025-05-30,536.7,-39,-199797,370109127,202964358,0.00276837269133328,99.9917659420488,-19.5
441.47,444,38,38,9614,9614,2025-04-04,2025-08-15,536.7,0,0,448426513,178814491,0.00214394102964202,99.9957714364672,0
379.93,380,1244,1309,2488,9163,2025-04-04,2025-04-11,536.7,65,6675,298566777,236588664,0.00306899518160388,99.9728000547094,0.728473207464804
423.78,425,72,75,3168,9150,2025-04-04,2025-05-09,536.7,3,5982,24277542,16148612,0.0376891532099914,99.757261258162,0.653770491803279
537.34,627,1,1,6060,8966,2025-04-04,2025-05-16,536.7,0,2906,1684576697,1087504155,0.000532240533539804,99.9936124012524,0.32411331697524
555.17,577,4,4,8732,8732,2025-04-04,2025-05-09,536.7,0,0,24277542,16148612,0.0359673973584311,99.7932286555204,0
536.19,558,0,4,0,8724,2025-04-04,2025-05-23,536.7,4,8724,306275,306275,2.84842053709901,84.5798710309363,1
564.25,650,1,1,8575,8575,2025-04-04,2025-05-16,536.7,0,0,1684576697,1087504155,0.000509029954840934,99.9941214312072,0
401,402,0,85,0,8500,2025-04-04,2025-05-16,536.7,85,8500,1684576697,1087504155,0.000504577797801509,99.994626009005,1
484.95,485,1447,1692,4341,8460,2025-04-04,2025-04-04,536.7,245,4119,369734428,298882164,0.00228812881877476,99.951146286004,0.486879432624114
541.72,584,136,2,282608,8456,2025-04-04,2025-04-11,536.7,-134,-274152,298566777,236588664,0.00283219723405461,99.9756322519434,-32.4210028382214
313.81,315,64,70,4480,8330,2025-04-04,2025-08-15,536.7,6,3850,448426513,178814491,0.00185760648813376,99.9976290429554,0.46218487394958
537.34,620,1,1,5333,8266,2025-04-04,2025-05-30,536.7,0,2933,370109127,202964358,0.00223339534126107,99.99399933739,0.354827002177595
478.97,479,2268,2707,6804,8121,2025-04-04,2025-04-04,536.7,439,1317,369734428,298882164,0.00219644138738414,99.9533427273914,0.162172146287403
438.61,440,18,58,1116,8062,2025-04-04,2025-05-09,536.7,40,6946,24277542,16148612,0.0332076451561694,99.8264363006766,0.861572810716944
490.92,491,817,992,2451,7936,2025-04-04,2025-04-04,536.7,175,5485,369734428,298882164,0.0021464054734984,99.9554891328648,0.691154233870968
472.97,473,254,2606,762,7818,2025-04-04,2025-04-04,536.7,2352,7056,369734428,298882164,0.00211449067437128,99.9576036235392,0.902532617037606
558,577.5,4,4,7800,7800,2025-04-04,2025-05-09,536.7,0,0,24277542,16148612,0.032128458474091,99.8585647591507,0
567.3,645,1,1,7770,7770,2025-04-04,2025-09-19,536.7,0,0,1306397097,557312441,0.000594765559250167,100,0
429.99,430,7678,7678,7678,7678,2025-04-04,2025-04-04,536.7,0,0,369734428,298882164,0.00207662565845775,99.9596802491977,0
456.98,461,19,19,7638,7638,2025-04-04,2025-08-15,536.7,0,0,448426513,178814491,0.00170328911841125,99.9993323320738,0
389.9,390,752,751,2256,7510,2025-04-04,2025-04-11,536.7,-1,5254,298566777,236588664,0.00251535019249647,99.9781476021359,0.699600532623169
492.91,493,379,826,1516,7434,2025-04-04,2025-04-04,536.7,447,5918,369734428,298882164,0.00201063234500846,99.9616908815427,0.796072101156847
537.34,611,1,1,5538,7366,2025-04-04,2025-05-30,536.7,0,1828,370109127,202964358,0.00199022381850097,99.9959895612085,0.2481672549552
478.45,479,26,133,442,7315,2025-04-04,2025-04-11,536.7,107,6873,298566777,236588664,0.00245003817018797,99.9805976403061,0.939576213260424
480.42,481,17,126,323,7308,2025-04-04,2025-04-11,536.7,109,6985,298566777,236588664,0.00244769363605382,99.9830453339422,0.955801860974275
487.93,488,125,1037,375,7259,2025-04-04,2025-04-04,536.7,912,6884,369734428,298882164,0.00196330107511654,99.9636541826178,0.948339991734399
498.88,499,278,602,1112,7224,2025-04-04,2025-04-04,536.7,324,6112,369734428,298882164,0.00195383482113816,99.9656080174389,0.846068660022148
537.95,610,1,1,5874,7205,2025-04-04,2025-04-25,536.7,0,1331,170162594,132437635,0.00423418556959704,99.9857412845975,0.184732824427481
444.02,446,2,36,162,7128,2025-04-04,2025-05-16,536.7,34,6966,1684576697,1087504155,0.00042313300502696,99.9950491420101,0.977272727272727
483.95,484,851,1409,2553,7045,2025-04-04,2025-04-04,536.7,558,4492,369734428,298882164,0.00190542169364872,99.9675134391326,0.637615330021292
537.8,608,1,1,4281,7020,2025-04-04,2025-05-16,536.7,0,2739,1684576697,1087504155,0.000416721898890187,99.995465863909,0.39017094017094
414.02,415,53,70,2014,6860,2025-04-04,2025-05-09,536.7,17,4846,24277542,16148612,0.0282565673246493,99.8868213264753,0.706413994169096
537.77,606,1,1,3918,6823,2025-04-04,2025-05-16,536.7,0,2905,1684576697,1087504155,0.000405027566399964,99.9958708914754,0.425765792173531
542.14,576,0,2,0,6772,2025-04-04,2025-05-23,536.7,2,6772,306275,306275,2.21108480940331,86.7909558403396,1
398.02,399,68,69,3128,6762,2025-04-04,2025-05-16,536.7,1,3634,1684576697,1087504155,0.000401406478674565,99.996272297954,0.537414965986395
537.79,605,1,1,4834,6721,2025-04-04,2025-05-02,536.7,0,1887,132121057,91745168,0.00508700138540369,99.9952634348059,0.280761791400089
541.9,575,0,2,0,6620,2025-04-04,2025-05-23,536.7,2,6620,306275,306275,2.16145620765652,88.9524120479961,1
543.78,609,1,1,5377,6522,2025-04-04,2025-04-04,536.7,0,1145,369734428,298882164,0.00176396881277174,99.9692774079454,0.175559644280895
567.85,633,1,1,6515,6515,2025-04-04,2025-05-16,536.7,0,0,1684576697,1087504155,0.000386744041491392,99.9966590419955,0
473.4,474,39,108,624,6480,2025-04-04,2025-04-11,536.7,69,5856,298566777,236588664,0.00217036874132851,99.9852157026835,0.903703703703704
537.8,602,1,1,2837,6420,2025-04-04,2025-04-25,536.7,0,3583,170162594,132437635,0.0037728620897728,99.9895141466873,0.55809968847352
556.51,572.5,4,4,6396,6396,2025-04-04,2025-05-09,536.7,0,0,24277542,16148612,0.0263453359487546,99.9131666624241,0
537.42,600,1,1,3340,6258,2025-04-04,2025-05-02,536.7,0,2918,132121057,91745168,0.00473656519414615,100,0.466283157558325
495.9,496,137,620,548,6200,2025-04-04,2025-04-04,536.7,483,5652,369734428,298882164,0.00167687927617062,99.9709542872215,0.911612903225807
538.47,600,5,1,18520,6153,2025-04-04,2025-04-25,536.7,-4,-12367,170162594,132437635,0.00361595333931028,99.9931301000266,-2.00991386315618
545.39,606,2,1,10096,6061,2025-04-04,2025-05-30,536.7,-1,-4035,370109127,202964358,0.00163762511049883,99.997627186319,-0.665731727437717
384.94,385,982,985,1964,5910,2025-04-04,2025-04-11,536.7,3,3946,298566777,236588664,0.00197945667611906,99.9871951593596,0.667681895093063
485.95,486,356,1179,1068,5895,2025-04-04,2025-04-04,536.7,823,4827,369734428,298882164,0.00159438763435901,99.9725486748559,0.81882951653944
566.4,625,1,1,5860,5860,2025-04-04,2025-04-11,536.7,0,0,298566777,236588664,0.00196271000373226,99.9891578693633,0
397.1,398,34,65,1598,5850,2025-04-04,2025-05-16,536.7,31,4252,1684576697,1087504155,0.000347268249075156,99.9970063102446,0.726837606837607
547.43,605,1,1,4993,5757,2025-04-04,2025-04-11,536.7,0,764,298566777,236588664,0.00192821185861547,99.991086081222,0.13270800764287
567.88,625,1,1,5712,5712,2025-04-04,2025-05-16,536.7,0,0,1684576697,1087504155,0.000339076280122614,99.9973453865247,0
414.94,416,0,53,0,5618,2025-04-04,2025-05-16,536.7,53,5618,1684576697,1087504155,0.000333496243299868,99.997678882768,1
496.89,497,400,509,1600,5599,2025-04-04,2025-04-04,536.7,109,3999,369734428,298882164,0.00151433017214183,99.974063005028,0.714234684765137
404.9,405,459,556,1836,5560,2025-04-04,2025-04-11,536.7,97,3724,298566777,236588664,0.0018622299694115,99.9929483111914,0.669784172661871
434.58,436,1,37,74,5254,2025-04-04,2025-05-16,536.7,36,5180,1684576697,1087504155,0.000311888441135192,99.9979907712092,0.985915492957746
444.99,445,4839,5251,4839,5251,2025-04-04,2025-04-04,536.7,412,412,369734428,298882164,0.00142020856115677,99.9754832135892,0.078461245477052
554.83,607,1,1,5217,5217,2025-04-04,2025-05-30,536.7,0,0,370109127,202964358,0.00140958426026603,99.9990367705793,0
426.77,428,0,42,0,5166,2025-04-04,2025-05-16,536.7,42,5166,1684576697,1087504155,0.000306664576875599,99.998297435786,1
539.24,590,431,1,1198180,5076,2025-04-04,2025-04-11,536.7,-430,-1193104,298566777,236588664,0.00170012218070733,99.9946484333721,-235.048069345942
384.99,385,5044,5044,5044,5044,2025-04-04,2025-04-04,536.7,0,0,369734428,298882164,0.00136422243048462,99.9768474360197,0
533.9,559,0,2,0,5020,2025-04-04,2025-05-23,536.7,2,5020,306275,306275,1.63904987347972,90.5914619214758,1
459.97,460,1208,1622,2416,4866,2025-04-04,2025-04-04,536.7,414,2450,369734428,298882164,0.00131607976739456,99.9781635157871,0.503493629264283
541.53,590,51,1,150807,4847,2025-04-04,2025-05-09,536.7,-50,-145960,24277542,16148612,0.0199649536184512,99.9331316160425,-30.1134722508768
475.96,476,66,1192,198,4768,2025-04-04,2025-04-04,536.7,1126,4570,369734428,298882164,0.00128957425625509,99.9794530900433,0.958473154362416
418.93,420,38,44,1558,4708,2025-04-04,2025-05-09,536.7,6,3150,24277542,16148612,0.0193924080123103,99.9525240240548,0.669073916737468
540.1,587,3,1,6759,4690,2025-04-04,2025-04-04,536.7,-2,-2069,369734428,298882164,0.00126847803310326,99.9807215680764,-0.441151385927505
491.94,492,134,756,536,4536,2025-04-04,2025-04-04,536.7,622,4000,369734428,298882164,0.00122682651559838,99.981948394592,0.881834215167548
464.98,465,1298,2259,2596,4518,2025-04-04,2025-04-04,536.7,961,1922,369734428,298882164,0.0012219581564095,99.9831703527484,0.425409473218238
541.88,587,35,1,79100,4512,2025-04-04,2025-04-25,536.7,-34,-74588,170162594,132437635,0.00265158158084967,99.9957816816074,-16.5310283687943
531.55,554,0,2,0,4490,2025-04-04,2025-05-23,536.7,2,4490,306275,306275,1.46600277528365,92.0574646967595,1
482.96,483,641,1046,1923,4184,2025-04-04,2025-04-04,536.7,405,2261,369734428,298882164,0.00113162304701579,99.9843019757954,0.540391969407266
532.12,553,0,2,0,4176,2025-04-04,2025-05-23,536.7,2,4176,306275,306275,1.36348053220145,93.4209452289609,1
544.18,584,4,1,7852,3982,2025-04-04,2025-04-04,536.7,-3,-3870,369734428,298882164,0.00107698923834055,99.9853789650338,-0.971873430436966
453.02,455,13,20,1027,3960,2025-04-04,2025-05-09,536.7,7,2933,24277542,16148612,0.0163113712253077,99.9688353952801,0.740656565656566
497.89,498,162,354,810,3894,2025-04-04,2025-04-04,536.7,192,3084,369734428,298882164,0.00105318837119491,99.986432153405,0.791987673343606
393.19,394,3,47,123,3807,2025-04-04,2025-05-16,536.7,44,3684,1684576697,1087504155,0.000225991491321217,99.9985234272773,0.96769109535067
485.35,486,6,58,126,3770,2025-04-04,2025-04-11,536.7,52,3644,298566777,236588664,0.00126269909796427,99.9959111324701,0.96657824933687
420.75,422,0,30,0,3750,2025-04-04,2025-05-16,536.7,30,3750,1684576697,1087504155,0.000222607851971254,99.9987460351293,1
540.72,578,0,1,0,3728,2025-04-04,2025-05-23,536.7,1,3728,306275,306275,1.21720675863195,94.6381519875928,1
544.84,582,360,1,618480,3716,2025-04-04,2025-04-25,536.7,-359,-614764,170162594,132437635,0.00218379369557566,99.997965475303,-165.437029063509
389.26,390,9,50,270,3700,2025-04-04,2025-05-09,536.7,41,3430,24277542,16148612,0.0152404226095047,99.9840758178896,0.927027027027027
573.35,609,1,1,3565,3565,2025-04-04,2025-05-30,536.7,0,0,370109127,202964358,0.000963229420710827,100,0
400.07,401,8,38,376,3534,2025-04-04,2025-05-16,536.7,30,3158,1684576697,1087504155,0.00020978563969771,99.998955820769,0.893604980192417
571.95,607,1,1,3505,3505,2025-04-04,2025-04-04,536.7,0,0,369734428,298882164,0.000947977719835168,99.9873801311248,0
558.38,593,1,1,3462,3462,2025-04-04,2025-04-25,536.7,0,0,170162594,132437635,0.00203452469700832,100,0
476.38,477,40,55,720,3410,2025-04-04,2025-04-11,536.7,15,2690,298566777,236588664,0.00114212305677936,99.9970532555268,0.788856304985337
558.16,592,18,1,60912,3384,2025-04-04,2025-04-11,536.7,-17,-57528,298566777,236588664,0.00113341478713822,99.998186670314,-17
558.09,591,1,1,3291,3291,2025-04-04,2025-04-04,536.7,0,0,369734428,298882164,0.000890098338367343,99.9882702294632,0
493.92,494,238,397,952,3176,2025-04-04,2025-04-04,536.7,159,2224,369734428,298882164,0.000858994932438372,99.9891292243956,0.700251889168766
536.59,567,0,1,0,3041,2025-04-04,2025-05-23,536.7,1,3041,306275,306275,0.992898538894784,95.6310505264876,1
396.26,397,33,41,1419,3034,2025-04-04,2025-05-16,536.7,8,1615,1684576697,1087504155,0.000180104592768209,99.9991359253618,0.532300593276203
406.99,408,1,30,53,3030,2025-04-04,2025-05-16,536.7,29,2977,1684576697,1087504155,0.000179867144392773,99.9993157925062,0.982508250825082
535.79,566,0,1,0,3021,2025-04-04,2025-05-23,536.7,1,3021,306275,306275,0.986368459717574,96.6174189862052,1
441.01,446,5,6,1230,2994,2025-04-04,2025-08-15,536.7,1,1764,448426513,178814491,0.00066766792622719,100,0.589178356713427
564.07,594,1,1,2993,2993,2025-04-04,2025-04-04,536.7,0,0,369734428,298882164,0.0008094999473514,99.989938724343,0
374.99,375,2973,2973,2973,2973,2025-04-04,2025-04-04,536.7,0,0,369734428,298882164,0.000804090659363753,99.9907428150023,0
535.54,565,0,1,0,2946,2025-04-04,2025-05-23,536.7,1,2946,306275,306275,0.961880662803037,97.5792996490082,1
473.97,474,230,976,690,2928,2025-04-04,2025-04-04,536.7,746,2238,369734428,298882164,0.000791919761391547,99.9915347347637,0.764344262295082
556.93,586,1,1,2907,2907,2025-04-04,2025-04-04,536.7,0,0,369734428,298882164,0.000786240009004517,99.9923209747728,0
534.43,562.5,0,1,0,2807,2025-04-04,2025-05-23,536.7,1,2807,306275,306275,0.916496612521427,98.4957962615297,1
439.99,440,2557,2751,5114,2751,2025-04-04,2025-04-04,536.7,194,-2363,369734428,298882164,0.000744047562700869,99.9930650223354,-0.858960378044348
480.95,481,295,541,1180,2705,2025-04-04,2025-04-04,536.7,246,1525,369734428,298882164,0.000731606200329281,99.9937966285358,0.563770794824399
424.8,425,116,132,580,2640,2025-04-04,2025-04-11,536.7,16,2060,298566777,236588664,0.000884224302022727,99.999070894616,0.78030303030303
529.68,556,0,1,0,2632,2025-04-04,2025-05-23,536.7,1,2632,306275,306275,0.859358419720839,99.3551546812505,1
424.99,425,2525,2525,2525,2525,2025-04-04,2025-04-04,536.7,0,0,369734428,298882164,0.000682922608440456,99.9944795511442,0
476.97,477,412,812,1236,2436,2025-04-04,2025-04-04,536.7,400,1200,369734428,298882164,0.000658851276895426,99.9951384024211,0.492610837438424
379.44,380,2,43,46,2408,2025-04-04,2025-05-09,536.7,41,2362,24277542,16148612,0.00991863179559117,99.9939944496852,0.980897009966777
488.93,489,493,343,1972,2401,2025-04-04,2025-04-04,536.7,-150,429,369734428,298882164,0.000649385022917044,99.995787787444,0.178675551853394
392.2,393,21,29,840,2320,2025-04-04,2025-05-16,536.7,8,1480,1684576697,1087504155,0.000137720057752883,99.9994535125639,0.637931034482759
389.99,390,2247,2247,2247,2247,2025-04-04,2025-04-04,536.7,0,0,369734428,298882164,0.00060773350541216,99.9963955209494,0
391.3,392,5,32,200,2240,2025-04-04,2025-05-16,536.7,27,2040,1684576697,1087504155,0.000132971090244162,99.9995864836542,0.910714285714286
486.95,487,293,402,879,2010,2025-04-04,2025-04-04,536.7,109,1131,369734428,298882164,0.000543633442758541,99.9969391543922,0.562686567164179
535.25,555,0,1,0,1975,2025-04-04,2025-05-23,536.7,1,1975,306275,306275,0.64484531874949,100,1
390.22,391,29,25,1160,1950,2025-04-04,2025-05-16,536.7,-4,790,1684576697,1087504155,0.000115756083025052,99.9997022397372,0.405128205128205
477.96,478,264,483,792,1932,2025-04-04,2025-04-04,536.7,219,1140,369734428,298882164,0.000522537219606717,99.9974616916118,0.590062111801242
434.99,435,1880,1895,3760,1895,2025-04-04,2025-04-04,536.7,15,-1865,369734428,298882164,0.00051253003682957,99.9979742216486,-0.984168865435356
399.99,400,1856,1856,3712,1856,2025-04-04,2025-04-04,536.7,0,-1856,369734428,298882164,0.000501981925253658,99.9984762035739,-1
394.99,395,1840,1840,1840,1840,2025-04-04,2025-04-04,536.7,0,0,369734428,298882164,0.00049765449486354,99.9989738580688,0
481.98,482,662,920,1986,1840,2025-04-04,2025-04-04,536.7,258,-146,369734428,298882164,0.00049765449486354,99.9994715125636,-0.0793478260869564
424.59,426,3,12,225,1692,2025-04-04,2025-05-16,536.7,9,1467,1684576697,1087504155,0.00010044066280943,99.9998026804,0.867021276595745
384.46,385,33,27,957,1458,2025-04-04,2025-05-09,536.7,-6,501,24277542,16148612,0.00600555031477239,100,0.343621399176955
406,407,10,11,490,1100,2025-04-04,2025-05-16,536.7,1,610,1684576697,1087504155,6.52983032449012e-05,99.9998679787033,0.554545454545455
402.05,403,9,11,450,1045,2025-04-04,2025-05-16,536.7,2,595,1684576697,1087504155,6.20333880826561e-05,99.9999300120913,0.569377990430622
379.99,380,982,979,982,979,2025-04-04,2025-04-04,536.7,-3,-2.99999999999989,369734428,298882164,0.000264784646995329,99.9997362972106,-0.003064351378958
472.37,473,0,14,0,882,2025-04-04,2025-04-11,536.7,14,882,298566777,236588664,0.000295411300903047,99.9993663059169,1
440.45,442,1,5,80,775,2025-04-04,2025-05-16,536.7,4,695,1684576697,1087504155,4.60056227407258e-05,99.9999760177141,0.896774193548387
414.88,415,63,63,252,756,2025-04-04,2025-04-11,536.7,0,504,298566777,236588664,0.000253209686488326,99.9996195156034,0.666666666666667
477.48,478,11,12,198,624,2025-04-04,2025-04-11,536.7,1,426,298566777,236588664,0.00020899847138719,99.9998285140748,0.682692307692308
414.99,415,568,568,568,568,2025-04-04,2025-04-04,536.7,0,0,369734428,298882164,0.00015362377884918,99.9998899209895,0
475.36,476,0,8,0,512,2025-04-04,2025-04-11,536.7,8,512,298566777,236588664,0.000171485925240771,100,1
409.99,410,407,407,407,407,2025-04-04,2025-04-04,536.7,0,0,369734428,298882164,0.00011007901054862,100,0
412.99,414,3,4,144,404,2025-04-04,2025-05-16,536.7,1,260,1684576697,1087504155,2.39822859190364e-05,100,0.643564356435644
544,582,8,0,14912,0,2025-04-04,2025-04-04,536.7,-8,-14912,369734428,298882164,0,100,-Inf
546,592,10,0,29890,0,2025-04-04,2025-04-04,536.7,-10,-29890,369734428,298882164,0,100,-Inf
563.58,592.5,0,0,0,0,2025-04-04,2025-04-04,536.7,0,0,369734428,298882164,0,100,
558.8,593,0,0,0,0,2025-04-04,2025-04-04,536.7,0,0,369734428,298882164,0,100,
557.07,596,0,0,0,0,2025-04-04,2025-04-04,536.7,0,0,369734428,298882164,0,100,
555.23,597,0,0,0,0,2025-04-04,2025-04-04,536.7,0,0,369734428,298882164,0,100,
556.33,597.5,0,0,0,0,2025-04-04,2025-04-04,536.7,0,0,369734428,298882164,0,100,
554.74,598,0,0,0,0,2025-04-04,2025-04-04,536.7,0,0,369734428,298882164,0,100,
550.09,599,0,0,0,0,2025-04-04,2025-04-04,536.7,0,0,369734428,298882164,0,100,
568.66,601,0,0,0,0,2025-04-04,2025-04-04,536.7,0,0,369734428,298882164,0,100,
568.27,602,0,0,0,0,2025-04-04,2025-04-04,536.7,0,0,369734428,298882164,0,100,
566.75,602.5,0,0,0,0,2025-04-04,2025-04-04,536.7,0,0,369734428,298882164,0,100,
557.75,603,0,0,0,0,2025-04-04,2025-04-04,536.7,0,0,369734428,298882164,0,100,
559.03,606,0,0,0,0,2025-04-04,2025-04-04,536.7,0,0,369734428,298882164,0,100,
558.91,607.5,0,0,0,0,2025-04-04,2025-04-04,536.7,0,0,369734428,298882164,0,100,
558.02,611,0,0,0,0,2025-04-04,2025-04-04,536.7,0,0,369734428,298882164,0,100,
555.91,612,0,0,0,0,2025-04-04,2025-04-04,536.7,0,0,369734428,298882164,0,100,
564.45,612.5,0,0,0,0,2025-04-04,2025-04-04,536.7,0,0,369734428,298882164,0,100,
554.68,613,0,0,0,0,2025-04-04,2025-04-04,536.7,0,0,369734428,298882164,0,100,
559.96,614,0,0,0,0,2025-04-04,2025-04-04,536.7,0,0,369734428,298882164,0,100,
547.2,615,0,0,0,0,2025-04-04,2025-04-04,536.7,0,0,369734428,298882164,0,100,
558.63,616,0,0,0,0,2025-04-04,2025-04-04,536.7,0,0,369734428,298882164,0,100,
588.6,617,0,0,0,0,2025-04-04,2025-04-04,536.7,0,0,369734428,298882164,0,100,
579.68,618,0,0,0,0,2025-04-04,2025-04-04,536.7,0,0,369734428,298882164,0,100,
574.28,619,0,0,0,0,2025-04-04,2025-04-04,536.7,0,0,369734428,298882164,0,100,
574,620,0,0,0,0,2025-04-04,2025-04-04,536.7,0,0,369734428,298882164,0,100,
567.69,621,0,0,0,0,2025-04-04,2025-04-04,536.7,0,0,369734428,298882164,0,100,
559.01,622,0,0,0,0,2025-04-04,2025-04-04,536.7,0,0,369734428,298882164,0,100,
598.75,623,0,0,0,0,2025-04-04,2025-04-04,536.7,0,0,369734428,298882164,0,100,
592.75,624,0,0,0,0,2025-04-04,2025-04-04,536.7,0,0,369734428,298882164,0,100,
576.27,625,0,0,0,0,2025-04-04,2025-04-04,536.7,0,0,369734428,298882164,0,100,
574.61,626,0,0,0,0,2025-04-04,2025-04-04,536.7,0,0,369734428,298882164,0,100,
577.14,627,0,0,0,0,2025-04-04,2025-04-04,536.7,0,0,369734428,298882164,0,100,
539.22,630,1,0,6258,0,2025-04-04,2025-04-04,536.7,-1,-6258,369734428,298882164,0,100,-Inf
567.4,635,0,0,0,0,2025-04-04,2025-04-04,536.7,0,0,369734428,298882164,0,100,
547.25,640,1,0,7250,0,2025-04-04,2025-04-04,536.7,-1,-7250,369734428,298882164,0,100,-Inf
567.48,645,0,0,0,0,2025-04-04,2025-04-04,536.7,0,0,369734428,298882164,0,100,
565.78,650,0,0,0,0,2025-04-04,2025-04-04,536.7,0,0,369734428,298882164,0,100,
557.09,655,0,0,0,0,2025-04-04,2025-04-04,536.7,0,0,369734428,298882164,0,100,
571.71,660,0,0,0,0,2025-04-04,2025-04-04,536.7,0,0,369734428,298882164,0,100,
665,665,0,0,0,0,2025-04-04,2025-04-04,536.7,0,0,369734428,298882164,0,100,
558.32,670,0,0,0,0,2025-04-04,2025-04-04,536.7,0,0,369734428,298882164,0,100,
558.43,675,0,0,0,0,2025-04-04,2025-04-04,536.7,0,0,369734428,298882164,0,100,
558.51,680,0,0,0,0,2025-04-04,2025-04-04,536.7,0,0,369734428,298882164,0,100,
543.01,685,0,0,0,0,2025-04-04,2025-04-04,536.7,0,0,369734428,298882164,0,100,
558.78,690,0,0,0,0,2025-04-04,2025-04-04,536.7,0,0,369734428,298882164,0,100,
559.08,695,0,0,0,0,2025-04-04,2025-04-04,536.7,0,0,369734428,298882164,0,100,
543.09,700,0,0,0,0,2025-04-04,2025-04-04,536.7,0,0,369734428,298882164,0,100,
537.5,582.5,22,0,37444,0,2025-04-04,2025-04-11,536.7,-22,-37444,298566777,236588664,0,100,-Inf
541.78,586,92,0,250240,0,2025-04-04,2025-04-11,536.7,-92,-250240,298566777,236588664,0,100,-Inf
562.63,587,2,0,4874,0,2025-04-04,2025-04-11,536.7,-2,-4874,298566777,236588664,0,100,-Inf
541.61,588,78,0,222300,0,2025-04-04,2025-04-11,536.7,-78,-222300,298566777,236588664,0,100,-Inf
541.53,589,6,0,18594,0,2025-04-04,2025-04-11,536.7,-6,-18594,298566777,236588664,0,100,-Inf
540.04,591,2,0,5138,0,2025-04-04,2025-04-11,536.7,-2,-5138,298566777,236588664,0,100,-Inf
574.08,592.5,1,0,1842,0,2025-04-04,2025-04-11,536.7,-1,-1842,298566777,236588664,0,100,-Inf
541.94,593,11,0,27665,0,2025-04-04,2025-04-11,536.7,-11,-27665,298566777,236588664,0,100,-Inf
549.91,594,1,0,4409,0,2025-04-04,2025-04-11,536.7,-1,-4409,298566777,236588664,0,100,-Inf
562.3,596,0,0,0,0,2025-04-04,2025-04-11,536.7,0,0,298566777,236588664,0,100,
556.36,597,0,0,0,0,2025-04-04,2025-04-11,536.7,0,0,298566777,236588664,0,100,
573.88,597.5,0,0,0,0,2025-04-04,2025-04-11,536.7,0,0,298566777,236588664,0,100,
555.45,598,0,0,0,0,2025-04-04,2025-04-11,536.7,0,0,298566777,236588664,0,100,
560.5,599,5,0,19250,0,2025-04-04,2025-04-11,536.7,-5,-19250,298566777,236588664,0,100,-Inf
542.35,600,0,0,0,0,2025-04-04,2025-04-11,536.7,0,0,298566777,236588664,0,100,
566.04,601,0,0,0,0,2025-04-04,2025-04-11,536.7,0,0,298566777,236588664,0,100,
564.45,602,0,0,0,0,2025-04-04,2025-04-11,536.7,0,0,298566777,236588664,0,100,
555,602.5,0,0,0,0,2025-04-04,2025-04-11,536.7,0,0,298566777,236588664,0,100,
575.82,603,0,0,0,0,2025-04-04,2025-04-11,536.7,0,0,298566777,236588664,0,100,
560.48,604,0,0,0,0,2025-04-04,2025-04-11,536.7,0,0,298566777,236588664,0,100,
559.49,606,0,0,0,0,2025-04-04,2025-04-11,536.7,0,0,298566777,236588664,0,100,
572.7,607,0,0,0,0,2025-04-04,2025-04-11,536.7,0,0,298566777,236588664,0,100,
570.55,608,0,0,0,0,2025-04-04,2025-04-11,536.7,0,0,298566777,236588664,0,100,
543.63,609,0,0,0,0,2025-04-04,2025-04-11,536.7,0,0,298566777,236588664,0,100,
558.58,611,0,0,0,0,2025-04-04,2025-04-11,536.7,0,0,298566777,236588664,0,100,
569.29,612,0,0,0,0,2025-04-04,2025-04-11,536.7,0,0,298566777,236588664,0,100,
613,613,0,0,0,0,2025-04-04,2025-04-11,536.7,0,0,298566777,236588664,0,100,
590.68,614,0,0,0,0,2025-04-04,2025-04-11,536.7,0,0,298566777,236588664,0,100,
572.5,615,0,0,0,0,2025-04-04,2025-04-11,536.7,0,0,298566777,236588664,0,100,
563.82,616,0,0,0,0,2025-04-04,2025-04-11,536.7,0,0,298566777,236588664,0,100,
617,617,0,0,0,0,2025-04-04,2025-04-11,536.7,0,0,298566777,236588664,0,100,
618,618,0,0,0,0,2025-04-04,2025-04-11,536.7,0,0,298566777,236588664,0,100,
619,619,0,0,0,0,2025-04-04,2025-04-11,536.7,0,0,298566777,236588664,0,100,
574.36,620,0,0,0,0,2025-04-04,2025-04-11,536.7,0,0,298566777,236588664,0,100,
621,621,0,0,0,0,2025-04-04,2025-04-11,536.7,0,0,298566777,236588664,0,100,
575.55,622,0,0,0,0,2025-04-04,2025-04-11,536.7,0,0,298566777,236588664,0,100,
623,623,0,0,0,0,2025-04-04,2025-04-11,536.7,0,0,298566777,236588664,0,100,
552.6,624,0,0,0,0,2025-04-04,2025-04-11,536.7,0,0,298566777,236588664,0,100,
626,626,0,0,0,0,2025-04-04,2025-04-11,536.7,0,0,298566777,236588664,0,100,
557.69,627,0,0,0,0,2025-04-04,2025-04-11,536.7,0,0,298566777,236588664,0,100,
573.36,628,0,0,0,0,2025-04-04,2025-04-11,536.7,0,0,298566777,236588664,0,100,
629,629,0,0,0,0,2025-04-04,2025-04-11,536.7,0,0,298566777,236588664,0,100,
630,630,0,0,0,0,2025-04-04,2025-04-11,536.7,0,0,298566777,236588664,0,100,
635,635,0,0,0,0,2025-04-04,2025-04-11,536.7,0,0,298566777,236588664,0,100,
555.41,640,0,0,0,0,2025-04-04,2025-04-11,536.7,0,0,298566777,236588664,0,100,
575.74,645,0,0,0,0,2025-04-04,2025-04-11,536.7,0,0,298566777,236588664,0,100,
555.23,650,0,0,0,0,2025-04-04,2025-04-11,536.7,0,0,298566777,236588664,0,100,
655,655,0,0,0,0,2025-04-04,2025-04-11,536.7,0,0,298566777,236588664,0,100,
557.99,660,0,0,0,0,2025-04-04,2025-04-11,536.7,0,0,298566777,236588664,0,100,
665,665,0,0,0,0,2025-04-04,2025-04-11,536.7,0,0,298566777,236588664,0,100,
558.36,670,0,0,0,0,2025-04-04,2025-04-11,536.7,0,0,298566777,236588664,0,100,
555.57,675,0,0,0,0,2025-04-04,2025-04-11,536.7,0,0,298566777,236588664,0,100,
685,685,0,0,0,0,2025-04-04,2025-04-11,536.7,0,0,298566777,236588664,0,100,
558.05,690,0,0,0,0,2025-04-04,2025-04-11,536.7,0,0,298566777,236588664,0,100,
695,695,0,0,0,0,2025-04-04,2025-04-11,536.7,0,0,298566777,236588664,0,100,
553.1,700,0,0,0,0,2025-04-04,2025-04-11,536.7,0,0,298566777,236588664,0,100,
542.44,583,231,0,501501,0,2025-04-04,2025-04-25,536.7,-231,-501501,170162594,132437635,0,100,-Inf
541.67,586,171,0,482391,0,2025-04-04,2025-04-25,536.7,-171,-482391,170162594,132437635,0,100,-Inf
541.87,588,26,0,57668,0,2025-04-04,2025-04-25,536.7,-26,-57668,170162594,132437635,0,100,-Inf
541.7,590,160,0,379200,0,2025-04-04,2025-04-25,536.7,-160,-379200,170162594,132437635,0,100,-Inf
556.92,591,6,0,20448,0,2025-04-04,2025-04-25,536.7,-6,-20448,170162594,132437635,0,100,-Inf
569.69,592,0,0,0,0,2025-04-04,2025-04-25,536.7,0,0,170162594,132437635,0,100,
565.84,594,0,0,0,0,2025-04-04,2025-04-25,536.7,0,0,170162594,132437635,0,100,
538,595,5,0,19205,0,2025-04-04,2025-04-25,536.7,-5,-19205,170162594,132437635,0,100,-Inf
537.98,596,0,0,0,0,2025-04-04,2025-04-25,536.7,0,0,170162594,132437635,0,100,
566.33,597,0,0,0,0,2025-04-04,2025-04-25,536.7,0,0,170162594,132437635,0,100,
537.8,598,2,0,8900,0,2025-04-04,2025-04-25,536.7,-2,-8900,170162594,132437635,0,100,-Inf
537.78,599,0,0,0,0,2025-04-04,2025-04-25,536.7,0,0,170162594,132437635,0,100,
574.29,601,0,0,0,0,2025-04-04,2025-04-25,536.7,0,0,170162594,132437635,0,100,
537.78,603,0,0,0,0,2025-04-04,2025-04-25,536.7,0,0,170162594,132437635,0,100,
556.86,604,0,0,0,0,2025-04-04,2025-04-25,536.7,0,0,170162594,132437635,0,100,
542.4,605,0,0,0,0,2025-04-04,2025-04-25,536.7,0,0,170162594,132437635,0,100,
537.93,615,0,0,0,0,2025-04-04,2025-04-25,536.7,0,0,170162594,132437635,0,100,
538.32,620,0,0,0,0,2025-04-04,2025-04-25,536.7,0,0,170162594,132437635,0,100,
568.49,625,0,0,0,0,2025-04-04,2025-04-25,536.7,0,0,170162594,132437635,0,100,
563.94,630,0,0,0,0,2025-04-04,2025-04-25,536.7,0,0,170162594,132437635,0,100,
570.5,635,0,0,0,0,2025-04-04,2025-04-25,536.7,0,0,170162594,132437635,0,100,
640,640,0,0,0,0,2025-04-04,2025-04-25,536.7,0,0,170162594,132437635,0,100,
560.84,645,0,0,0,0,2025-04-04,2025-04-25,536.7,0,0,170162594,132437635,0,100,
650,650,0,0,0,0,2025-04-04,2025-04-25,536.7,0,0,170162594,132437635,0,100,
655,655,0,0,0,0,2025-04-04,2025-04-25,536.7,0,0,170162594,132437635,0,100,
660,660,0,0,0,0,2025-04-04,2025-04-25,536.7,0,0,170162594,132437635,0,100,
665,665,0,0,0,0,2025-04-04,2025-04-25,536.7,0,0,170162594,132437635,0,100,
670,670,0,0,0,0,2025-04-04,2025-04-25,536.7,0,0,170162594,132437635,0,100,
675,675,0,0,0,0,2025-04-04,2025-04-25,536.7,0,0,170162594,132437635,0,100,
680,680,0,0,0,0,2025-04-04,2025-04-25,536.7,0,0,170162594,132437635,0,100,
685,685,0,0,0,0,2025-04-04,2025-04-25,536.7,0,0,170162594,132437635,0,100,
690,690,0,0,0,0,2025-04-04,2025-04-25,536.7,0,0,170162594,132437635,0,100,
695,695,0,0,0,0,2025-04-04,2025-04-25,536.7,0,0,170162594,132437635,0,100,
700,700,0,0,0,0,2025-04-04,2025-04-25,536.7,0,0,170162594,132437635,0,100,
541.53,590,81,0,214974,0,2025-04-04,2025-05-02,536.7,-81,-214974,132121057,91745168,0,100,-Inf
537.39,615,0,0,0,0,2025-04-04,2025-05-02,536.7,0,0,132121057,91745168,0,100,
560.08,620,0,0,0,0,2025-04-04,2025-05-02,536.7,0,0,132121057,91745168,0,100,
625,625,0,0,0,0,2025-04-04,2025-05-02,536.7,0,0,132121057,91745168,0,100,
560.31,630,0,0,0,0,2025-04-04,2025-05-02,536.7,0,0,132121057,91745168,0,100,
560.33,635,0,0,0,0,2025-04-04,2025-05-02,536.7,0,0,132121057,91745168,0,100,
640,640,0,0,0,0,2025-04-04,2025-05-02,536.7,0,0,132121057,91745168,0,100,
645,645,0,0,0,0,2025-04-04,2025-05-02,536.7,0,0,132121057,91745168,0,100,
650,650,0,0,0,0,2025-04-04,2025-05-02,536.7,0,0,132121057,91745168,0,100,
541.81,595,26,0,90116,0,2025-04-04,2025-05-09,536.7,-26,-90116,24277542,16148612,0,100,-Inf
558.64,600,0,0,0,0,2025-04-04,2025-05-09,536.7,0,0,24277542,16148612,0,100,
605,605,0,0,0,0,2025-04-04,2025-05-09,536.7,0,0,24277542,16148612,0,100,
560.43,610,0,0,0,0,2025-04-04,2025-05-09,536.7,0,0,24277542,16148612,0,100,
615,615,0,0,0,0,2025-04-04,2025-05-09,536.7,0,0,24277542,16148612,0,100,
620,620,0,0,0,0,2025-04-04,2025-05-09,536.7,0,0,24277542,16148612,0,100,
560.06,625,0,0,0,0,2025-04-04,2025-05-09,536.7,0,0,24277542,16148612,0,100,
630,630,0,0,0,0,2025-04-04,2025-05-09,536.7,0,0,24277542,16148612,0,100,
635,635,0,0,0,0,2025-04-04,2025-05-09,536.7,0,0,24277542,16148612,0,100,
640,640,0,0,0,0,2025-04-04,2025-05-09,536.7,0,0,24277542,16148612,0,100,
552.82,645,0,0,0,0,2025-04-04,2025-05-09,536.7,0,0,24277542,16148612,0,100,
650,650,0,0,0,0,2025-04-04,2025-05-09,536.7,0,0,24277542,16148612,0,100,
539.69,597,363,0,1301355,0,2025-04-04,2025-05-16,536.7,-363,-1301355,1684576697,1087504155,0,100,-Inf
555.53,601,0,0,0,0,2025-04-04,2025-05-16,536.7,0,0,1684576697,1087504155,0,100,
556.18,603,2,0,9364,0,2025-04-04,2025-05-16,536.7,-2,-9364,1684576697,1087504155,0,100,-Inf
537.75,607,0,0,0,0,2025-04-04,2025-05-16,536.7,0,0,1684576697,1087504155,0,100,
537.78,609,0,0,0,0,2025-04-04,2025-05-16,536.7,0,0,1684576697,1087504155,0,100,
537.77,612,0,0,0,0,2025-04-04,2025-05-16,536.7,0,0,1684576697,1087504155,0,100,
563.89,613,0,0,0,0,2025-04-04,2025-05-16,536.7,0,0,1684576697,1087504155,0,100,
575.44,614,0,0,0,0,2025-04-04,2025-05-16,536.7,0,0,1684576697,1087504155,0,100,
558.92,616,0,0,0,0,2025-04-04,2025-05-16,536.7,0,0,1684576697,1087504155,0,100,
579.54,617,0,0,0,0,2025-04-04,2025-05-16,536.7,0,0,1684576697,1087504155,0,100,
579.23,618,0,0,0,0,2025-04-04,2025-05-16,536.7,0,0,1684576697,1087504155,0,100,
561.49,619,0,0,0,0,2025-04-04,2025-05-16,536.7,0,0,1684576697,1087504155,0,100,
558.79,621,0,0,0,0,2025-04-04,2025-05-16,536.7,0,0,1684576697,1087504155,0,100,
580.47,622,0,0,0,0,2025-04-04,2025-05-16,536.7,0,0,1684576697,1087504155,0,100,
580.45,623,0,0,0,0,2025-04-04,2025-05-16,536.7,0,0,1684576697,1087504155,0,100,
574.74,624,0,0,0,0,2025-04-04,2025-05-16,536.7,0,0,1684576697,1087504155,0,100,
567.86,626,0,0,0,0,2025-04-04,2025-05-16,536.7,0,0,1684576697,1087504155,0,100,
537.31,628,0,0,0,0,2025-04-04,2025-05-16,536.7,0,0,1684576697,1087504155,0,100,
597.78,629,0,0,0,0,2025-04-04,2025-05-16,536.7,0,0,1684576697,1087504155,0,100,
567.6,630,0,0,0,0,2025-04-04,2025-05-16,536.7,0,0,1684576697,1087504155,0,100,
567.58,631,0,0,0,0,2025-04-04,2025-05-16,536.7,0,0,1684576697,1087504155,0,100,
592.7,632,0,0,0,0,2025-04-04,2025-05-16,536.7,0,0,1684576697,1087504155,0,100,
567.83,634,0,0,0,0,2025-04-04,2025-05-16,536.7,0,0,1684576697,1087504155,0,100,
560.27,635,0,0,0,0,2025-04-04,2025-05-16,536.7,0,0,1684576697,1087504155,0,100,
636,636,0,0,0,0,2025-04-04,2025-05-16,536.7,0,0,1684576697,1087504155,0,100,
637,637,0,0,0,0,2025-04-04,2025-05-16,536.7,0,0,1684576697,1087504155,0,100,
638,638,0,0,0,0,2025-04-04,2025-05-16,536.7,0,0,1684576697,1087504155,0,100,
564.17,639,0,0,0,0,2025-04-04,2025-05-16,536.7,0,0,1684576697,1087504155,0,100,
573.75,640,0,0,0,0,2025-04-04,2025-05-16,536.7,0,0,1684576697,1087504155,0,100,
573.01,645,0,0,0,0,2025-04-04,2025-05-16,536.7,0,0,1684576697,1087504155,0,100,
564.23,655,0,0,0,0,2025-04-04,2025-05-16,536.7,0,0,1684576697,1087504155,0,100,
575.65,660,0,0,0,0,2025-04-04,2025-05-16,536.7,0,0,1684576697,1087504155,0,100,
665,665,0,0,0,0,2025-04-04,2025-05-16,536.7,0,0,1684576697,1087504155,0,100,
610.41,670,0,0,0,0,2025-04-04,2025-05-16,536.7,0,0,1684576697,1087504155,0,100,
558.32,680,0,0,0,0,2025-04-04,2025-05-16,536.7,0,0,1684576697,1087504155,0,100,
685,685,0,0,0,0,2025-04-04,2025-05-16,536.7,0,0,1684576697,1087504155,0,100,
593.46,690,0,0,0,0,2025-04-04,2025-05-16,536.7,0,0,1684576697,1087504155,0,100,
695,695,0,0,0,0,2025-04-04,2025-05-16,536.7,0,0,1684576697,1087504155,0,100,
573,700,0,0,0,0,2025-04-04,2025-05-16,536.7,0,0,1684576697,1087504155,0,100,
560.42,705,0,0,0,0,2025-04-04,2025-05-16,536.7,0,0,1684576697,1087504155,0,100,
710,710,0,0,0,0,2025-04-04,2025-05-16,536.7,0,0,1684576697,1087504155,0,100,
715,715,0,0,0,0,2025-04-04,2025-05-16,536.7,0,0,1684576697,1087504155,0,100,
720,720,0,0,0,0,2025-04-04,2025-05-16,536.7,0,0,1684576697,1087504155,0,100,
725,725,0,0,0,0,2025-04-04,2025-05-16,536.7,0,0,1684576697,1087504155,0,100,
730,730,0,0,0,0,2025-04-04,2025-05-16,536.7,0,0,1684576697,1087504155,0,100,
735,735,0,0,0,0,2025-04-04,2025-05-16,536.7,0,0,1684576697,1087504155,0,100,
610.03,740,0,0,0,0,2025-04-04,2025-05-16,536.7,0,0,1684576697,1087504155,0,100,
610.01,745,0,0,0,0,2025-04-04,2025-05-16,536.7,0,0,1684576697,1087504155,0,100,
750,750,0,0,0,0,2025-04-04,2025-05-16,536.7,0,0,1684576697,1087504155,0,100,
755,755,0,0,0,0,2025-04-04,2025-05-16,536.7,0,0,1684576697,1087504155,0,100,
760,760,0,0,0,0,2025-04-04,2025-05-16,536.7,0,0,1684576697,1087504155,0,100,
765,765,0,0,0,0,2025-04-04,2025-05-16,536.7,0,0,1684576697,1087504155,0,100,
770,770,0,0,0,0,2025-04-04,2025-05-16,536.7,0,0,1684576697,1087504155,0,100,
775,775,0,0,0,0,2025-04-04,2025-05-16,536.7,0,0,1684576697,1087504155,0,100,
780,780,0,0,0,0,2025-04-04,2025-05-16,536.7,0,0,1684576697,1087504155,0,100,
785,785,0,0,0,0,2025-04-04,2025-05-16,536.7,0,0,1684576697,1087504155,0,100,
790,790,0,0,0,0,2025-04-04,2025-05-16,536.7,0,0,1684576697,1087504155,0,100,
795,795,0,0,0,0,2025-04-04,2025-05-16,536.7,0,0,1684576697,1087504155,0,100,
800,800,0,0,0,0,2025-04-04,2025-05-16,536.7,0,0,1684576697,1087504155,0,100,
551,551,0,0,0,0,2025-04-04,2025-05-23,536.7,0,0,306275,306275,0,100,
552,552,0,0,0,0,2025-04-04,2025-05-23,536.7,0,0,306275,306275,0,100,
552.5,552.5,0,0,0,0,2025-04-04,2025-05-23,536.7,0,0,306275,306275,0,100,
557,557,0,0,0,0,2025-04-04,2025-05-23,536.7,0,0,306275,306275,0,100,
557.5,557.5,0,0,0,0,2025-04-04,2025-05-23,536.7,0,0,306275,306275,0,100,
560,560,0,0,0,0,2025-04-04,2025-05-23,536.7,0,0,306275,306275,0,100,
561,561,0,0,0,0,2025-04-04,2025-05-23,536.7,0,0,306275,306275,0,100,
562,562,0,0,0,0,2025-04-04,2025-05-23,536.7,0,0,306275,306275,0,100,
563,563,0,0,0,0,2025-04-04,2025-05-23,536.7,0,0,306275,306275,0,100,
564,564,0,0,0,0,2025-04-04,2025-05-23,536.7,0,0,306275,306275,0,100,
567.5,567.5,0,0,0,0,2025-04-04,2025-05-23,536.7,0,0,306275,306275,0,100,
568,568,0,0,0,0,2025-04-04,2025-05-23,536.7,0,0,306275,306275,0,100,
571,571,0,0,0,0,2025-04-04,2025-05-23,536.7,0,0,306275,306275,0,100,
572,572,0,0,0,0,2025-04-04,2025-05-23,536.7,0,0,306275,306275,0,100,
572.5,572.5,0,0,0,0,2025-04-04,2025-05-23,536.7,0,0,306275,306275,0,100,
573,573,0,0,0,0,2025-04-04,2025-05-23,536.7,0,0,306275,306275,0,100,
574,574,0,0,0,0,2025-04-04,2025-05-23,536.7,0,0,306275,306275,0,100,
544,577,0,0,0,0,2025-04-04,2025-05-23,536.7,0,0,306275,306275,0,100,
556.7,604,52,0,245960,0,2025-04-04,2025-05-30,536.7,-52,-245960,370109127,202964358,0,100,-Inf
537.31,612,0,0,0,0,2025-04-04,2025-05-30,536.7,0,0,370109127,202964358,0,100,
574.57,613,0,0,0,0,2025-04-04,2025-05-30,536.7,0,0,370109127,202964358,0,100,
570.5,614,0,0,0,0,2025-04-04,2025-05-30,536.7,0,0,370109127,202964358,0,100,
569.6,615,0,0,0,0,2025-04-04,2025-05-30,536.7,0,0,370109127,202964358,0,100,
563.99,616,0,0,0,0,2025-04-04,2025-05-30,536.7,0,0,370109127,202964358,0,100,
563.75,617,0,0,0,0,2025-04-04,2025-05-30,536.7,0,0,370109127,202964358,0,100,
563.76,618,0,0,0,0,2025-04-04,2025-05-30,536.7,0,0,370109127,202964358,0,100,
568.24,619,0,0,0,0,2025-04-04,2025-05-30,536.7,0,0,370109127,202964358,0,100,
537.31,621,0,0,0,0,2025-04-04,2025-05-30,536.7,0,0,370109127,202964358,0,100,
599.58,622,0,0,0,0,2025-04-04,2025-05-30,536.7,0,0,370109127,202964358,0,100,
549.83,623,0,0,0,0,2025-04-04,2025-05-30,536.7,0,0,370109127,202964358,0,100,
567.64,624,0,0,0,0,2025-04-04,2025-05-30,536.7,0,0,370109127,202964358,0,100,
538.02,626,0,0,0,0,2025-04-04,2025-05-30,536.7,0,0,370109127,202964358,0,100,
627,627,0,0,0,0,2025-04-04,2025-05-30,536.7,0,0,370109127,202964358,0,100,
628,628,0,0,0,0,2025-04-04,2025-05-30,536.7,0,0,370109127,202964358,0,100,
629,629,0,0,0,0,2025-04-04,2025-05-30,536.7,0,0,370109127,202964358,0,100,
570.69,630,0,0,0,0,2025-04-04,2025-05-30,536.7,0,0,370109127,202964358,0,100,
631,631,0,0,0,0,2025-04-04,2025-05-30,536.7,0,0,370109127,202964358,0,100,
632,632,0,0,0,0,2025-04-04,2025-05-30,536.7,0,0,370109127,202964358,0,100,
633,633,0,0,0,0,2025-04-04,2025-05-30,536.7,0,0,370109127,202964358,0,100,
634,634,0,0,0,0,2025-04-04,2025-05-30,536.7,0,0,370109127,202964358,0,100,
570.62,635,0,0,0,0,2025-04-04,2025-05-30,536.7,0,0,370109127,202964358,0,100,
570.69,640,0,0,0,0,2025-04-04,2025-05-30,536.7,0,0,370109127,202964358,0,100,
610.6,645,0,0,0,0,2025-04-04,2025-05-30,536.7,0,0,370109127,202964358,0,100,
573.43,650,0,0,0,0,2025-04-04,2025-05-30,536.7,0,0,370109127,202964358,0,100,
602.48,655,0,0,0,0,2025-04-04,2025-05-30,536.7,0,0,370109127,202964358,0,100,
605.33,660,0,0,0,0,2025-04-04,2025-05-30,536.7,0,0,370109127,202964358,0,100,
665,665,0,0,0,0,2025-04-04,2025-05-30,536.7,0,0,370109127,202964358,0,100,
670,670,0,0,0,0,2025-04-04,2025-05-30,536.7,0,0,370109127,202964358,0,100,
675,675,0,0,0,0,2025-04-04,2025-05-30,536.7,0,0,370109127,202964358,0,100,
607.45,680,0,0,0,0,2025-04-04,2025-05-30,536.7,0,0,370109127,202964358,0,100,
685,685,0,0,0,0,2025-04-04,2025-05-30,536.7,0,0,370109127,202964358,0,100,
690,690,0,0,0,0,2025-04-04,2025-05-30,536.7,0,0,370109127,202964358,0,100,
593.54,695,0,0,0,0,2025-04-04,2025-05-30,536.7,0,0,370109127,202964358,0,100,
607.44,700,0,0,0,0,2025-04-04,2025-05-30,536.7,0,0,370109127,202964358,0,100,
705,705,0,0,0,0,2025-04-04,2025-05-30,536.7,0,0,370109127,202964358,0,100,
710,710,0,0,0,0,2025-04-04,2025-05-30,536.7,0,0,370109127,202964358,0,100,
715,715,0,0,0,0,2025-04-04,2025-05-30,536.7,0,0,370109127,202964358,0,100,
602,720,0,0,0,0,2025-04-04,2025-05-30,536.7,0,0,370109127,202964358,0,100,
557.87,655,0,0,0,0,2025-04-04,2025-06-20,536.7,0,0,1902644664,1087813983,0,100,
574.7,660,0,0,0,0,2025-04-04,2025-06-20,536.7,0,0,1902644664,1087813983,0,100,
574.68,665,0,0,0,0,2025-04-04,2025-06-20,536.7,0,0,1902644664,1087813983,0,100,
598.01,670,0,0,0,0,2025-04-04,2025-06-20,536.7,0,0,1902644664,1087813983,0,100,
593.4,675,0,0,0,0,2025-04-04,2025-06-20,536.7,0,0,1902644664,1087813983,0,100,
564.32,680,0,0,0,0,2025-04-04,2025-06-20,536.7,0,0,1902644664,1087813983,0,100,
685,685,0,0,0,0,2025-04-04,2025-06-20,536.7,0,0,1902644664,1087813983,0,100,
577,690,0,0,0,0,2025-04-04,2025-06-20,536.7,0,0,1902644664,1087813983,0,100,
606.9,695,0,0,0,0,2025-04-04,2025-06-20,536.7,0,0,1902644664,1087813983,0,100,
540,700,1,0,13513,0,2025-04-04,2025-06-20,536.7,-1,-13513,1902644664,1087813983,0,100,-Inf
564.85,705,0,0,0,0,2025-04-04,2025-06-20,536.7,0,0,1902644664,1087813983,0,100,
710,710,0,0,0,0,2025-04-04,2025-06-20,536.7,0,0,1902644664,1087813983,0,100,
715,715,0,0,0,0,2025-04-04,2025-06-20,536.7,0,0,1902644664,1087813983,0,100,
720,720,0,0,0,0,2025-04-04,2025-06-20,536.7,0,0,1902644664,1087813983,0,100,
725,725,0,0,0,0,2025-04-04,2025-06-20,536.7,0,0,1902644664,1087813983,0,100,
730,730,0,0,0,0,2025-04-04,2025-06-20,536.7,0,0,1902644664,1087813983,0,100,
735,735,0,0,0,0,2025-04-04,2025-06-20,536.7,0,0,1902644664,1087813983,0,100,
740,740,0,0,0,0,2025-04-04,2025-06-20,536.7,0,0,1902644664,1087813983,0,100,
745,745,0,0,0,0,2025-04-04,2025-06-20,536.7,0,0,1902644664,1087813983,0,100,
604.99,750,0,0,0,0,2025-04-04,2025-06-20,536.7,0,0,1902644664,1087813983,0,100,
604.97,755,0,0,0,0,2025-04-04,2025-06-20,536.7,0,0,1902644664,1087813983,0,100,
760,760,0,0,0,0,2025-04-04,2025-06-20,536.7,0,0,1902644664,1087813983,0,100,
765,765,0,0,0,0,2025-04-04,2025-06-20,536.7,0,0,1902644664,1087813983,0,100,
770,770,0,0,0,0,2025-04-04,2025-06-20,536.7,0,0,1902644664,1087813983,0,100,
775,775,0,0,0,0,2025-04-04,2025-06-20,536.7,0,0,1902644664,1087813983,0,100,
780,780,0,0,0,0,2025-04-04,2025-06-20,536.7,0,0,1902644664,1087813983,0,100,
785,785,0,0,0,0,2025-04-04,2025-06-20,536.7,0,0,1902644664,1087813983,0,100,
790,790,0,0,0,0,2025-04-04,2025-06-20,536.7,0,0,1902644664,1087813983,0,100,
795,795,0,0,0,0,2025-04-04,2025-06-20,536.7,0,0,1902644664,1087813983,0,100,
574.7,800,0,0,0,0,2025-04-04,2025-06-20,536.7,0,0,1902644664,1087813983,0,100,
805,805,0,0,0,0,2025-04-04,2025-06-20,536.7,0,0,1902644664,1087813983,0,100,
810,810,0,0,0,0,2025-04-04,2025-06-20,536.7,0,0,1902644664,1087813983,0,100,
815,815,0,0,0,0,2025-04-04,2025-06-20,536.7,0,0,1902644664,1087813983,0,100,
820,820,0,0,0,0,2025-04-04,2025-06-20,536.7,0,0,1902644664,1087813983,0,100,
825,825,0,0,0,0,2025-04-04,2025-06-20,536.7,0,0,1902644664,1087813983,0,100,
560.05,830,0,0,0,0,2025-04-04,2025-06-20,536.7,0,0,1902644664,1087813983,0,100,
537.64,655,0,0,0,0,2025-04-04,2025-07-18,536.7,0,0,479898981,228750947,0,100,
572.82,660,0,0,0,0,2025-04-04,2025-07-18,536.7,0,0,479898981,228750947,0,100,
609.47,665,0,0,0,0,2025-04-04,2025-07-18,536.7,0,0,479898981,228750947,0,100,
609.28,670,0,0,0,0,2025-04-04,2025-07-18,536.7,0,0,479898981,228750947,0,100,
675,675,0,0,0,0,2025-04-04,2025-07-18,536.7,0,0,479898981,228750947,0,100,
559.85,680,0,0,0,0,2025-04-04,2025-07-18,536.7,0,0,479898981,228750947,0,100,
685,685,0,0,0,0,2025-04-04,2025-07-18,536.7,0,0,479898981,228750947,0,100,
690,690,0,0,0,0,2025-04-04,2025-07-18,536.7,0,0,479898981,228750947,0,100,
695,695,0,0,0,0,2025-04-04,2025-07-18,536.7,0,0,479898981,228750947,0,100,
700,700,0,0,0,0,2025-04-04,2025-07-18,536.7,0,0,479898981,228750947,0,100,
705,705,0,0,0,0,2025-04-04,2025-07-18,536.7,0,0,479898981,228750947,0,100,
710,710,0,0,0,0,2025-04-04,2025-07-18,536.7,0,0,479898981,228750947,0,100,
715,715,0,0,0,0,2025-04-04,2025-07-18,536.7,0,0,479898981,228750947,0,100,
720,720,0,0,0,0,2025-04-04,2025-07-18,536.7,0,0,479898981,228750947,0,100,
725,725,0,0,0,0,2025-04-04,2025-07-18,536.7,0,0,479898981,228750947,0,100,
730,730,0,0,0,0,2025-04-04,2025-07-18,536.7,0,0,479898981,228750947,0,100,
735,735,0,0,0,0,2025-04-04,2025-07-18,536.7,0,0,479898981,228750947,0,100,
740,740,0,0,0,0,2025-04-04,2025-07-18,536.7,0,0,479898981,228750947,0,100,
745,745,0,0,0,0,2025-04-04,2025-07-18,536.7,0,0,479898981,228750947,0,100,
750,750,0,0,0,0,2025-04-04,2025-07-18,536.7,0,0,479898981,228750947,0,100,
755,755,0,0,0,0,2025-04-04,2025-07-18,536.7,0,0,479898981,228750947,0,100,
568.76,760,0,0,0,0,2025-04-04,2025-07-18,536.7,0,0,479898981,228750947,0,100,
765,765,0,0,0,0,2025-04-04,2025-07-18,536.7,0,0,479898981,228750947,0,100,
770,770,0,0,0,0,2025-04-04,2025-07-18,536.7,0,0,479898981,228750947,0,100,
775,775,0,0,0,0,2025-04-04,2025-07-18,536.7,0,0,479898981,228750947,0,100,
780,780,0,0,0,0,2025-04-04,2025-07-18,536.7,0,0,479898981,228750947,0,100,
785,785,0,0,0,0,2025-04-04,2025-07-18,536.7,0,0,479898981,228750947,0,100,
790,790,0,0,0,0,2025-04-04,2025-07-18,536.7,0,0,479898981,228750947,0,100,
795,795,0,0,0,0,2025-04-04,2025-07-18,536.7,0,0,479898981,228750947,0,100,
606.54,800,0,0,0,0,2025-04-04,2025-07-18,536.7,0,0,479898981,228750947,0,100,
538.17,660,0,0,0,0,2025-04-04,2025-08-15,536.7,0,0,448426513,178814491,0,100,
601.64,665,0,0,0,0,2025-04-04,2025-08-15,536.7,0,0,448426513,178814491,0,100,
580.62,670,0,0,0,0,2025-04-04,2025-08-15,536.7,0,0,448426513,178814491,0,100,
675,675,0,0,0,0,2025-04-04,2025-08-15,536.7,0,0,448426513,178814491,0,100,
680,680,0,0,0,0,2025-04-04,2025-08-15,536.7,0,0,448426513,178814491,0,100,
685,685,0,0,0,0,2025-04-04,2025-08-15,536.7,0,0,448426513,178814491,0,100,
690,690,0,0,0,0,2025-04-04,2025-08-15,536.7,0,0,448426513,178814491,0,100,
695,695,0,0,0,0,2025-04-04,2025-08-15,536.7,0,0,448426513,178814491,0,100,
550.87,700,0,0,0,0,2025-04-04,2025-08-15,536.7,0,0,448426513,178814491,0,100,
705,705,0,0,0,0,2025-04-04,2025-08-15,536.7,0,0,448426513,178814491,0,100,
710,710,0,0,0,0,2025-04-04,2025-08-15,536.7,0,0,448426513,178814491,0,100,
715,715,0,0,0,0,2025-04-04,2025-08-15,536.7,0,0,448426513,178814491,0,100,
720,720,0,0,0,0,2025-04-04,2025-08-15,536.7,0,0,448426513,178814491,0,100,
725,725,0,0,0,0,2025-04-04,2025-08-15,536.7,0,0,448426513,178814491,0,100,
730,730,0,0,0,0,2025-04-04,2025-08-15,536.7,0,0,448426513,178814491,0,100,
586.99,735,0,0,0,0,2025-04-04,2025-08-15,536.7,0,0,448426513,178814491,0,100,
740,740,0,0,0,0,2025-04-04,2025-08-15,536.7,0,0,448426513,178814491,0,100,
745,745,0,0,0,0,2025-04-04,2025-08-15,536.7,0,0,448426513,178814491,0,100,
750,750,0,0,0,0,2025-04-04,2025-08-15,536.7,0,0,448426513,178814491,0,100,
755,755,0,0,0,0,2025-04-04,2025-08-15,536.7,0,0,448426513,178814491,0,100,
760,760,0,0,0,0,2025-04-04,2025-08-15,536.7,0,0,448426513,178814491,0,100,
765,765,0,0,0,0,2025-04-04,2025-08-15,536.7,0,0,448426513,178814491,0,100,
770,770,0,0,0,0,2025-04-04,2025-08-15,536.7,0,0,448426513,178814491,0,100,
775,775,0,0,0,0,2025-04-04,2025-08-15,536.7,0,0,448426513,178814491,0,100,
780,780,0,0,0,0,2025-04-04,2025-08-15,536.7,0,0,448426513,178814491,0,100,
785,785,0,0,0,0,2025-04-04,2025-08-15,536.7,0,0,448426513,178814491,0,100,
602.96,790,0,0,0,0,2025-04-04,2025-08-15,536.7,0,0,448426513,178814491,0,100,
604.5,795,0,0,0,0,2025-04-04,2025-08-15,536.7,0,0,448426513,178814491,0,100,
553.08,800,0,0,0,0,2025-04-04,2025-08-15,536.7,0,0,448426513,178814491,0,100,
805,805,0,0,0,0,2025-04-04,2025-08-15,536.7,0,0,448426513,178814491,0,100,
810,810,0,0,0,0,2025-04-04,2025-08-15,536.7,0,0,448426513,178814491,0,100,
815,815,0,0,0,0,2025-04-04,2025-08-15,536.7,0,0,448426513,178814491,0,100,
820,820,0,0,0,0,2025-04-04,2025-08-15,536.7,0,0,448426513,178814491,0,100,
825,825,0,0,0,0,2025-04-04,2025-08-15,536.7,0,0,448426513,178814491,0,100,
830,830,0,0,0,0,2025-04-04,2025-08-15,536.7,0,0,448426513,178814491,0,100,
604.94,655,0,0,0,0,2025-04-04,2025-09-19,536.7,0,0,1306397097,557312441,0,100,
574.75,665,0,0,0,0,2025-04-04,2025-09-19,536.7,0,0,1306397097,557312441,0,100,
557.86,675,0,0,0,0,2025-04-04,2025-09-19,536.7,0,0,1306397097,557312441,0,100,
680,680,0,0,0,0,2025-04-04,2025-09-19,536.7,0,0,1306397097,557312441,0,100,
685,685,0,0,0,0,2025-04-04,2025-09-19,536.7,0,0,1306397097,557312441,0,100,
603.98,690,0,0,0,0,2025-04-04,2025-09-19,536.7,0,0,1306397097,557312441,0,100,
695,695,0,0,0,0,2025-04-04,2025-09-19,536.7,0,0,1306397097,557312441,0,100,
608.28,700,0,0,0,0,2025-04-04,2025-09-19,536.7,0,0,1306397097,557312441,0,100,
705,705,0,0,0,0,2025-04-04,2025-09-19,536.7,0,0,1306397097,557312441,0,100,
710,710,0,0,0,0,2025-04-04,2025-09-19,536.7,0,0,1306397097,557312441,0,100,
715,715,0,0,0,0,2025-04-04,2025-09-19,536.7,0,0,1306397097,557312441,0,100,
720,720,0,0,0,0,2025-04-04,2025-09-19,536.7,0,0,1306397097,557312441,0,100,
553.12,725,0,0,0,0,2025-04-04,2025-09-19,536.7,0,0,1306397097,557312441,0,100,
553.1,730,0,0,0,0,2025-04-04,2025-09-19,536.7,0,0,1306397097,557312441,0,100,
611,735,0,0,0,0,2025-04-04,2025-09-19,536.7,0,0,1306397097,557312441,0,100,
740,740,0,0,0,0,2025-04-04,2025-09-19,536.7,0,0,1306397097,557312441,0,100,
745,745,0,0,0,0,2025-04-04,2025-09-19,536.7,0,0,1306397097,557312441,0,100,
750,750,0,0,0,0,2025-04-04,2025-09-19,536.7,0,0,1306397097,557312441,0,100,
755,755,0,0,0,0,2025-04-04,2025-09-19,536.7,0,0,1306397097,557312441,0,100,
760,760,0,0,0,0,2025-04-04,2025-09-19,536.7,0,0,1306397097,557312441,0,100,
765,765,0,0,0,0,2025-04-04,2025-09-19,536.7,0,0,1306397097,557312441,0,100,
770,770,0,0,0,0,2025-04-04,2025-09-19,536.7,0,0,1306397097,557312441,0,100,
775,775,0,0,0,0,2025-04-04,2025-09-19,536.7,0,0,1306397097,557312441,0,100,
780,780,0,0,0,0,2025-04-04,2025-09-19,536.7,0,0,1306397097,557312441,0,100,
785,785,0,0,0,0,2025-04-04,2025-09-19,536.7,0,0,1306397097,557312441,0,100,
790,790,0,0,0,0,2025-04-04,2025-09-19,536.7,0,0,1306397097,557312441,0,100,
795,795,0,0,0,0,2025-04-04,2025-09-19,536.7,0,0,1306397097,557312441,0,100,
597.26,800,0,0,0,0,2025-04-04,2025-09-19,536.7,0,0,1306397097,557312441,0,100,
805,805,0,0,0,0,2025-04-04,2025-09-19,536.7,0,0,1306397097,557312441,0,100,
810,810,0,0,0,0,2025-04-04,2025-09-19,536.7,0,0,1306397097,557312441,0,100,
815,815,0,0,0,0,2025-04-04,2025-09-19,536.7,0,0,1306397097,557312441,0,100,
820,820,0,0,0,0,2025-04-04,2025-09-19,536.7,0,0,1306397097,557312441,0,100,
825,825,0,0,0,0,2025-04-04,2025-09-19,536.7,0,0,1306397097,557312441,0,100,
570.97,830,0,0,0,0,2025-04-04,2025-09-19,536.7,0,0,1306397097,557312441,0,100,
561.11,655,0,0,0,0,2025-04-04,2025-12-19,536.7,0,0,939004589,278327906,0,100,
567.82,660,0,0,0,0,2025-04-04,2025-12-19,536.7,0,0,939004589,278327906,0,100,
565.77,665,0,0,0,0,2025-04-04,2025-12-19,536.7,0,0,939004589,278327906,0,100,
605,675,0,0,0,0,2025-04-04,2025-12-19,536.7,0,0,939004589,278327906,0,100,
603.25,680,0,0,0,0,2025-04-04,2025-12-19,536.7,0,0,939004589,278327906,0,100,
587.15,685,0,0,0,0,2025-04-04,2025-12-19,536.7,0,0,939004589,278327906,0,100,
609.11,690,0,0,0,0,2025-04-04,2025-12-19,536.7,0,0,939004589,278327906,0,100,
591.04,695,0,0,0,0,2025-04-04,2025-12-19,536.7,0,0,939004589,278327906,0,100,
537.38,700,10,0,144910,0,2025-04-04,2025-12-19,536.7,-10,-144910,939004589,278327906,0,100,-Inf
537.36,705,0,0,0,0,2025-04-04,2025-12-19,536.7,0,0,939004589,278327906,0,100,
601.65,710,0,0,0,0,2025-04-04,2025-12-19,536.7,0,0,939004589,278327906,0,100,
715,715,0,0,0,0,2025-04-04,2025-12-19,536.7,0,0,939004589,278327906,0,100,
720,720,0,0,0,0,2025-04-04,2025-12-19,536.7,0,0,939004589,278327906,0,100,
557,725,0,0,0,0,2025-04-04,2025-12-19,536.7,0,0,939004589,278327906,0,100,
730,730,0,0,0,0,2025-04-04,2025-12-19,536.7,0,0,939004589,278327906,0,100,
735,735,0,0,0,0,2025-04-04,2025-12-19,536.7,0,0,939004589,278327906,0,100,
557.52,740,0,0,0,0,2025-04-04,2025-12-19,536.7,0,0,939004589,278327906,0,100,
745,745,0,0,0,0,2025-04-04,2025-12-19,536.7,0,0,939004589,278327906,0,100,
568,750,0,0,0,0,2025-04-04,2025-12-19,536.7,0,0,939004589,278327906,0,100,
755,755,0,0,0,0,2025-04-04,2025-12-19,536.7,0,0,939004589,278327906,0,100,
760,760,0,0,0,0,2025-04-04,2025-12-19,536.7,0,0,939004589,278327906,0,100,
556.84,765,0,0,0,0,2025-04-04,2025-12-19,536.7,0,0,939004589,278327906,0,100,
770,770,0,0,0,0,2025-04-04,2025-12-19,536.7,0,0,939004589,278327906,0,100,
775,775,0,0,0,0,2025-04-04,2025-12-19,536.7,0,0,939004589,278327906,0,100,
602,780,0,0,0,0,2025-04-04,2025-12-19,536.7,0,0,939004589,278327906,0,100,
785,785,0,0,0,0,2025-04-04,2025-12-19,536.7,0,0,939004589,278327906,0,100,
790,790,0,0,0,0,2025-04-04,2025-12-19,536.7,0,0,939004589,278327906,0,100,
795,795,0,0,0,0,2025-04-04,2025-12-19,536.7,0,0,939004589,278327906,0,100,
605.59,800,0,0,0,0,2025-04-04,2025-12-19,536.7,0,0,939004589,278327906,0,100,
805,805,0,0,0,0,2025-04-04,2025-12-19,536.7,0,0,939004589,278327906,0,100,
810,810,0,0,0,0,2025-04-04,2025-12-19,536.7,0,0,939004589,278327906,0,100,
815,815,0,0,0,0,2025-04-04,2025-12-19,536.7,0,0,939004589,278327906,0,100,
820,820,0,0,0,0,2025-04-04,2025-12-19,536.7,0,0,939004589,278327906,0,100,
825,825,0,0,0,0,2025-04-04,2025-12-19,536.7,0,0,939004589,278327906,0,100,
830,830,0,0,0,0,2025-04-04,2025-12-19,536.7,0,0,939004589,278327906,0,100,
835,835,0,0,0,0,2025-04-04,2025-12-19,536.7,0,0,939004589,278327906,0,100,
567.7,840,0,0,0,0,2025-04-04,2025-12-19,536.7,0,0,939004589,278327906,0,100,
