Watch,strike,open_interest.yt,open_interest.td,OI_Dollar.yt,OI_Dollar.td,Date.td,expiry,stkClose,diff_oi,diff_oi_d,totalOI,totalOIdiff,OI_pct,cum_sep_OI,pct
532.58,540,73382,71923,69639518,53366866,2024-09-23,2024-12-20,568.25,-1459,-16272652,441088651,-174876410,12.0988980058795,12.0988980058795,-0.304920510040818
551.25,560,26057,50093,31450799,43831375,2024-09-23,2024-11-15,568.25,24036,12380576,346960404,13339482,12.6329617139828,12.6329617139828,0.282459220136261
496.66,500,236804,94170,102299328,31452780,2024-09-23,2024-12-20,568.25,-142634,-70846548,441088651,-174876410,7.13071622420863,19.2296142300882,-2.25247332668209
548.3,560,23487,25217,35160039,29503890,2024-09-23,2024-12-20,568.25,1730,-5656149,441088651,-174876410,6.68887987326611,25.9184941033543,-0.191708584867962
515.16,520,45678,53492,28731462,25890128,2024-09-23,2024-12-20,568.25,7814,-2841334,441088651,-174876410,5.86959740208777,31.7880915054421,-0.10974584598423
546.98,550,66871,80736,34973533,24382272,2024-09-23,2024-10-18,568.25,13865,-10591261,254891149,-114051841,9.56575859760434,9.56575859760434,-0.43438367843653
523.97,530,31217,33846,24286826,20409138,2024-09-23,2024-12-20,568.25,2629,-3877688,441088651,-174876410,4.62699231860309,36.4150838240452,-0.189997637332846
547.4,555,26138,26430,27052830,20086800,2024-09-23,2024-11-15,568.25,292,-6966030,346960404,13339482,5.78936379149478,18.4223255054776,-0.34679640360834
487.18,490,67763,67929,25546651,19155978,2024-09-23,2024-12-20,568.25,166,-6390673,441088651,-174876410,4.34288616507615,40.7579699891213,-0.333612462908446
535.1,540,22288,38656,15311856,18941440,2024-09-23,2024-11-15,568.25,16368,3629584,346960404,13339482,5.45925119455418,23.8815767000317,0.191621333964049
543.48,550,30195,27012,27145305,17611824,2024-09-23,2024-11-15,568.25,-3183,-9533481,346960404,13339482,5.07603282592443,28.9576095259562,-0.54131139398168
538.02,540,78839,82362,26568743,16307676,2024-09-23,2024-10-18,568.25,3523,-10261067,254891149,-114051841,6.39789810826268,15.963656705867,-0.629217001858511
540.88,550,16590,17716,19576200,16156992,2024-09-23,2024-12-20,568.25,1126,-3419208,441088651,-174876410,3.66298066462834,44.4209506537496,-0.211624044871719
554.71,565,3408,14859,4771200,15289911,2024-09-23,2024-11-15,568.25,11451,10518711,346960404,13339482,4.40681726898151,33.3644267949377,0.687951094025335
517.14,520,52017,52593,21066885,15041598,2024-09-23,2024-11-15,568.25,576,-6025287,346960404,13339482,4.33524916001654,37.6996759549542,-0.400574925616281
472.78,475,62622,62616,16782696,13900752,2024-09-23,2024-12-20,568.25,-6,-2881944,441088651,-174876410,3.15146444336878,47.5724150971184,-0.207322884402225
555.2,560,24516,27683,19490220,13287840,2024-09-23,2024-10-18,568.25,3167,-6202380,254891149,-114051841,5.21314296401873,21.1767996698858,-0.466771123071921
536.91,545,15239,15958,16625749,12910022,2024-09-23,2024-12-20,568.25,719,-3715727,441088651,-174876410,2.92685426630938,50.4992693634278,-0.287817247716541
498.24,500,62776,69114,15568448,12164064,2024-09-23,2024-11-15,568.25,6338,-3404384,346960404,13339482,3.50589400397401,41.2055699589282,-0.279872253220634
501.38,505,32482,32160,15396468,11641920,2024-09-23,2024-12-20,568.25,-322,-3754548,441088651,-174876410,2.63936058513553,53.1386299485633,-0.322502473818752
528.65,530,86241,85762,19749189,11577870,2024-09-23,2024-10-18,568.25,-479,-8171319,254891149,-114051841,4.54228012444638,25.7190797943321,-0.705770491463455
519.67,525,22511,21323,15690167,11365159,2024-09-23,2024-12-20,568.25,-1188,-4325008,441088651,-174876410,2.57661560192806,55.7152455504914,-0.380549713382804
551.24,555,23948,29566,15470408,11116816,2024-09-23,2024-10-18,568.25,5618,-4353592,254891149,-114051841,4.36139742145381,30.0804772157859,-0.391622205494811
544.66,555,9582,9973,12638658,10312082,2024-09-23,2024-12-20,568.25,391,-2326576,441088651,-174876410,2.33787062456069,58.0531161750521,-0.225616514686365
526.28,530,20975,27168,10948950,10106496,2024-09-23,2024-11-15,568.25,6193,-842454,346960404,13339482,2.91286725617255,44.1184372151008,-0.0833576741137581
555.09,570,2918,6670,5392464,9944970,2024-09-23,2024-12-20,568.25,3752,4552506,441088651,-174876410,2.25464200392678,60.3077581789789,0.457769706695948
565.93,585,8,5019,19040,9571233,2024-09-23,2024-10-04,568.25,5011,9552193,42652323,-9221132,22.4401212567015,22.4401212567015,0.998010705621731
542.58,545,38783,38650,16327643,9353300,2024-09-23,2024-10-18,568.25,-133,-6974343,254891149,-114051841,3.66952718315064,33.7500043989366,-0.745655864774999
528.42,535,13583,13885,11953040,9136330,2024-09-23,2024-12-20,568.25,302,-2816710,441088651,-174876410,2.07131377769228,62.3790719566711,-0.308297751941972
539.33,545,13961,16105,10903541,9131535,2024-09-23,2024-11-15,568.25,2144,-1772006,346960404,13339482,2.63186660342948,46.7503038185303,-0.194053464176614
530.8,535,13295,20738,7923820,8709960,2024-09-23,2024-11-15,568.25,7443,786140,346960404,13339482,2.51036138406157,49.2606652025918,0.0902575901611488
488.6,490,58538,61183,11707600,8565620,2024-09-23,2024-11-15,568.25,2645,-3141980,346960404,13339482,2.46876009517213,51.729425297764,-0.366812910215489
558.85,565,11262,13791,11262000,8481465,2024-09-23,2024-10-18,568.25,2529,-2780535,254891149,-114051841,3.32748509835467,37.0774894972913,-0.327836641429281
512.49,515,16742,32312,6010378,8110312,2024-09-23,2024-11-15,568.25,15570,2099934,346960404,13339482,2.3375324407335,54.0669577384975,0.25892148168899
566.45,590,52,3441,143000,8103555,2024-09-23,2024-11-15,568.25,3389,7960555,346960404,13339482,2.33558495625916,56.4025426947566,0.982353423898524
509.28,510,84762,108368,9662868,7802496,2024-09-23,2024-10-18,568.25,23606,-1860372,254891149,-114051841,3.06110903835268,40.1385985356439,-0.238432932230917
542.5,552,8044,8064,9282776,7660800,2024-09-23,2024-12-20,568.25,20,-1621976,441088651,-174876410,1.73679372222161,64.1158656788928,-0.21172410192147
560.81,568,6215,10545,7458000,7581855,2024-09-23,2024-10-18,568.25,4330,123855,254891149,-114051841,2.9745462052117,43.1131447408556,0.0163357120388084
557.89,570,1852,6176,3100248,7479136,2024-09-23,2024-11-15,568.25,4324,4378888,346960404,13339482,2.15561658153937,58.558159276296,0.585480461914317
506,510,22698,18480,12256920,7392000,2024-09-23,2024-12-20,568.25,-4218,-4864920,441088651,-174876410,1.67585359161735,65.7917192705101,-0.658133116883117
559.09,572,297,5705,509355,7365155,2024-09-23,2024-11-15,568.25,5408,6855800,346960404,13339482,2.12276528246145,60.6809245587574,0.930842595980668
562,570,3367,9129,4377100,7303200,2024-09-23,2024-10-18,568.25,5762,2926100,254891149,-114051841,2.86522306822039,45.978367809076,0.400659984664257
523.87,525,54302,62957,10154474,7114141,2024-09-23,2024-10-18,568.25,8655,-3040333,254891149,-114051841,2.79105062216185,48.7694184312379,-0.427364737359015
507.81,510,23942,32353,7445962,7085307,2024-09-23,2024-11-15,568.25,8411,-360655.000000001,346960404,13339482,2.04210824010915,62.7230327988666,-0.0509018169572611
532.47,537,14723,14437,9260767,6539961,2024-09-23,2024-11-15,568.25,-286,-2720806,346960404,13339482,1.88493007403807,64.6079628729047,-0.416027863163098
503.05,505,29333,33413,8242573,6515535,2024-09-23,2024-11-15,568.25,4080,-1727038,346960404,13339482,1.87789007762396,66.4858529505286,-0.265064649334245
477.68,480,26097,27406,8272749,6358192,2024-09-23,2024-12-20,568.25,1309,-1914557,441088651,-174876410,1.44147712383559,67.2331963943457,-0.301116575278004
491.95,495,20525,20708,8127900,6315940,2024-09-23,2024-12-20,568.25,183,-1811960,441088651,-174876410,1.43189809705623,68.6650944914019,-0.286886829197238
529.02,533,17728,15821,10016320,6296758,2024-09-23,2024-11-15,568.25,-1907,-3719562,346960404,13339482,1.8148347556109,68.3006877061395,-0.590710648241524
536.91,542,611,11934,442975,6074406,2024-09-23,2024-11-15,568.25,11323,5631431,346960404,13339482,1.75074905665604,70.0514367627956,0.927075174099328
399.16,400,69809,70113,7748799,5889492,2024-09-23,2024-12-20,568.25,304,-1859307,441088651,-174876410,1.33521730533031,70.0003117967322,-0.315699045011013
510.64,515,12704,13416,6987200,5849376,2024-09-23,2024-12-20,568.25,712,-1137824,441088651,-174876410,1.32612253494593,71.3264343316781,-0.194520577921474
519.06,520,64728,60482,10291752,5685308,2024-09-23,2024-10-18,568.25,-4246,-4606444,254891149,-114051841,2.23048466857513,50.999903099813,-0.810236490265787
566.14,577,3,5089,4968,5526654,2024-09-23,2024-10-04,568.25,5086,5521686,42652323,-9221132,12.9574513444438,35.3975726011453,0.999101083585113
448.5,450,35654,35867,7273416,5380050,2024-09-23,2024-12-20,568.25,213,-1893366,441088651,-174876410,1.21972079485672,72.5461551265349,-0.351923495134804
521.83,525,10709,16194,4968976,5133498,2024-09-23,2024-11-15,568.25,5485,164522.000000001,346960404,13339482,1.47956306852813,71.5309998313237,0.0320487122036477
533.38,535,26001,30827,7098273,4993974,2024-09-23,2024-10-18,568.25,4826,-2104299,254891149,-114051841,1.95925751819652,52.9591606180095,-0.421367632270412
552.17,565,4451,3882,7437621,4980606,2024-09-23,2024-12-20,568.25,-569,-2457015,441088651,-174876410,1.12916212845386,73.6753172549887,-0.493316475946903
554.1,564,3099,4884,4316907,4835160,2024-09-23,2024-11-15,568.25,1785,518253,346960404,13339482,1.39357688781109,72.9245767191348,0.107184250366069
566.41,575,5530,5626,8295000,4832734,2024-09-23,2024-10-04,568.25,96,-3462266,42652323,-9221132,11.330529406335,46.7281020074803,-0.716419732598566
556.83,562,6154,9334,5372442,4825678,2024-09-23,2024-10-18,568.25,3180,-546764.000000001,254891149,-114051841,1.89323090226252,54.8523915202721,-0.113303042598367
478.88,480,19656,42240,3262896,4730880,2024-09-23,2024-11-15,568.25,22584,1467984,346960404,13339482,1.36352158501637,74.2880983041512,0.310298295454545
453.34,455,27383,27389,5859962,4546574,2024-09-23,2024-12-20,568.25,6,-1313388,441088651,-174876410,1.0307619544716,74.7060792094603,-0.288874216058069
566.97,592,0,1758,0,4400274,2024-09-23,2024-11-15,568.25,1758,4400274,346960404,13339482,1.26823520761176,75.5563335117629,1
566.29,589,0,1778,0,4037838,2024-09-23,2024-11-15,568.25,1778,4037838,346960404,13339482,1.16377487270853,76.7201083844715,1
559.76,566,3820,6156,4003360,3841344,2024-09-23,2024-10-18,568.25,2336,-162016,254891149,-114051841,1.50705272233678,56.3594442426088,-0.0421769047500042
439.43,440,65935,65938,5340735,3758466,2024-09-23,2024-11-15,568.25,3,-1582269,346960404,13339482,1.08325502180358,77.803363406275,-0.420987977541902
458.28,460,21962,21830,4831640,3754760,2024-09-23,2024-12-20,568.25,-132,-1076880,441088651,-174876410,0.85124838090654,75.5573275903669,-0.286803950185897
563.49,572,433,4162,624386,3541862,2024-09-23,2024-10-18,568.25,3729,2917476,254891149,-114051841,1.38955864646363,57.7490028890725,0.823712499244748
467.98,470,17450,17483,4345050,3531566,2024-09-23,2024-12-20,568.25,33,-813484.000000001,441088651,-174876410,0.800647668443413,76.3579752588103,-0.230346537485071
499.43,500,63988,61757,5694932,3520149,2024-09-23,2024-10-18,568.25,-2231,-2174783,254891149,-114051841,1.38104010822282,59.1300429972953,-0.617809927932028
566.84,591,0,1445,0,3491120,2024-09-23,2024-11-15,568.25,1445,3491120,346960404,13339482,1.00620127246566,78.8095646787407,1
553.05,557,10374,8728,7438158,3447560,2024-09-23,2024-10-18,568.25,-1646,-3990598,254891149,-114051841,1.35256167722011,60.4826046745154,-1.15751371984824
527.72,529,26117,26253,5745740,3360384,2024-09-23,2024-10-18,568.25,136,-2385356,254891149,-114051841,1.31836041117301,61.8009650856884,-0.709846255666019
482.41,485,12576,12487,4351296,3234133,2024-09-23,2024-12-20,568.25,-89,-1117163,441088651,-174876410,0.733216099001377,77.0911913578117,-0.345428898564159
483.75,485,22880,25041,4232800,3130125,2024-09-23,2024-11-15,568.25,2161,-1102675,346960404,13339482,0.902156258729743,79.7117209374704,-0.352278263647618
558.6,575,1696,1790,3637920,2935600,2024-09-23,2024-12-20,568.25,94,-702320,441088651,-174876410,0.665535146584399,77.7567265043961,-0.23924240359722
562.17,567,5110,5987,4808510,2891721,2024-09-23,2024-10-04,568.25,877,-1916789,42652323,-9221132,6.7797503080899,53.5078523155702,-0.662854058188878
530.58,532,20323,20149,5060427,2861158,2024-09-23,2024-10-18,568.25,-174,-2199269,254891149,-114051841,1.12250190374402,62.9234669894324,-0.768663946555905
389.72,390,101822,102047,4072880,2857316,2024-09-23,2024-11-15,568.25,225,-1215564,346960404,13339482,0.823527978137817,80.5352489156083,-0.425421619449861
557.47,563,4256,5042,3911264,2788226,2024-09-23,2024-10-18,568.25,786,-1123038,254891149,-114051841,1.09388890549511,64.0173558949275,-0.402778684367766
545.31,548,6759,10326,3230802,2777694,2024-09-23,2024-10-18,568.25,3567,-453108,254891149,-114051841,1.08975694562074,65.1071128405483,-0.163123799813802
535,543,3469,3467,3337178,2773600,2024-09-23,2024-12-20,568.25,-2,-563578,441088651,-174876410,0.628807835729149,78.3855343401252,-0.203193683299683
565.58,570,191,6259,213920,2766478,2024-09-23,2024-09-27,568.25,6068,2552558,30027419,-23920102,9.21317280049944,9.21317280049944,0.922674245014781
536.22,538,15502,15480,5069154,2755440,2024-09-23,2024-10-18,568.25,-22,-2313714,254891149,-114051841,1.08102615991582,66.1881390004641,-0.839689486978486
489.54,490,64943,58485,4740839,2690310,2024-09-23,2024-10-18,568.25,-6458,-2050529,254891149,-114051841,1.05547407611239,67.2436130765765,-0.762190602569964
563.75,573,49,2897,73500,2679725,2024-09-23,2024-10-18,568.25,2848,2606225,254891149,-114051841,1.05132132304837,68.2949343996248,0.972571812406124
544.35,547,10447,9998,5014560,2649470,2024-09-23,2024-10-18,568.25,-449,-2365090,254891149,-114051841,1.03945155035572,69.3343859499806,-0.892665325517934
534.36,536,15948,15908,4848192,2608912,2024-09-23,2024-10-18,568.25,-40,-2239280,254891149,-114051841,1.02353966006093,70.3579256100415,-0.858319483370846
552.07,556,6930,6578,4629240,2585154,2024-09-23,2024-10-18,568.25,-352,-2044086,254891149,-114051841,1.01421881855929,71.3721444286008,-0.790701830529245
418.95,420,24547,24552,3461127,2577960,2024-09-23,2024-12-20,568.25,5,-883167,441088651,-174876410,0.584453940076549,78.9699882802018,-0.342583670809477
537.76,546,3125,3123,2800000,2573352,2024-09-23,2024-12-20,568.25,-2,-226648.000000001,441088651,-174876410,0.583409252123333,79.5533975323251,-0.0880750087823199
566.02,588,0,1166,0,2562868,2024-09-23,2024-11-15,568.25,1166,2562868,346960404,13339482,0.738662962820392,81.2739118784286,1
547.57,559,2155,2226,2988985,2544318,2024-09-23,2024-12-20,568.25,71,-444667,441088651,-174876410,0.576826901855609,80.1302244341807,-0.174768641341216
553.77,558,5329,5991,3922144,2534193,2024-09-23,2024-10-18,568.25,662,-1387951,254891149,-114051841,0.994225578229082,72.3663700068299,-0.547689540615099
438.69,440,19304,19264,3185160,2523584,2024-09-23,2024-12-20,568.25,-40,-661576,441088651,-174876410,0.572126259489728,80.7023506936704,-0.262157312774213
532.49,534,20362,16702,5355206,2522002,2024-09-23,2024-10-18,568.25,-3660,-2833204,254891149,-114051841,0.989442752286389,73.3558127591163,-1.12339482680823
550.67,559,3138,3020,3812670,2515660,2024-09-23,2024-11-15,568.25,-118,-1297010,346960404,13339482,0.725056799276727,81.9989686777054,-0.515574441697209
560.16,567,2650,3668,3007750,2508912,2024-09-23,2024-10-18,568.25,1018,-498838,254891149,-114051841,0.984307226768396,74.3401199858846,-0.198826423565275
546.26,557,1639,2314,2317546,2485236,2024-09-23,2024-12-20,568.25,675,167690,441088651,-174876410,0.563432315559622,81.26578300923,0.0674744772729833
551.12,564,1706,1914,2712540,2465232,2024-09-23,2024-12-20,568.25,208,-247308,441088651,-174876410,0.558897172804385,81.8246801820344,-0.100318347319847
459.72,460,87080,87078,3918600,2438184,2024-09-23,2024-10-18,568.25,-2,-1480416,254891149,-114051841,0.956558911349252,75.2966788972339,-0.607179769861503
556.04,561,5004,4903,4153320,2431888,2024-09-23,2024-10-18,568.25,-101,-1721432,254891149,-114051841,0.954088837349154,76.2507677345831,-0.70785825663024
529.63,531,17280,17284,4112640,2367908,2024-09-23,2024-10-18,568.25,4,-1744732,254891149,-114051841,0.92898792652859,77.1797556611116,-0.736824234725336
409.85,410,155846,155679,3896150,2335185,2024-09-23,2024-10-18,568.25,-167,-1560965,254891149,-114051841,0.916149897382274,78.0959055584939,-0.668454533580851
504.36,505,37479,36066,3747900,2308224,2024-09-23,2024-10-18,568.25,-1413,-1439676,254891149,-114051841,0.905572441042274,79.0014779995362,-0.623715895857595
557.36,569,709,1967,1100368,2289588,2024-09-23,2024-11-15,568.25,1258,1189220,346960404,13339482,0.659898931867741,82.6588676095731,0.51940349093374
514.2,515,28548,27661,3768336,2212880,2024-09-23,2024-10-18,568.25,-887,-1555456,254891149,-114051841,0.86816666984384,79.86964466938,-0.702910234626369
529.91,534,5467,5312,3170860,2172608,2024-09-23,2024-11-15,568.25,-155,-998252,346960404,13339482,0.626183269028013,83.2850508786011,-0.459471750081009
562.67,565,3745,9308,2696400,2168764,2024-09-23,2024-09-27,568.25,5563,-527636,30027419,-23920102,7.22261210662162,16.4357849071211,-0.24328880412991
433.75,435,16971,16937,2749302,2117125,2024-09-23,2024-12-20,568.25,-34,-632177,441088651,-174876410,0.47997720984211,82.3046573918765,-0.298601641376867
530.17,537,3054,3076,2800518,2100908,2024-09-23,2024-12-20,568.25,22,-699610,441088651,-174876410,0.476300624656063,82.7809580165326,-0.333003634618936
443.6,445,15099,15000,2793315,2100000,2024-09-23,2024-12-20,568.25,-99,-693315,441088651,-174876410,0.476094770345837,83.2570527868784,-0.33015
552.86,562,1481,2290,1894199,2093060,2024-09-23,2024-11-15,568.25,809,198861,346960404,13339482,0.603256157149275,83.8883070357504,0.0950096987186227
560.72,575,615,1460,1186950,2084880,2024-09-23,2024-11-15,568.25,845,897930,346960404,13339482,0.600898539419501,84.4892055751699,0.430686658224934
553.43,563,1565,2176,2056410,2082432,2024-09-23,2024-11-15,568.25,611,26021.9999999998,346960404,13339482,0.600192983404527,85.0893985585744,0.0124959662548404
558.2,564,3419,3553,3384810,2060740,2024-09-23,2024-10-18,568.25,134,-1324070,254891149,-114051841,0.808478445832578,80.6781231152126,-0.642521618447742
563.37,566,1527,7753,1152885,2039039,2024-09-23,2024-09-27,568.25,6226,886154,30027419,-23920102,6.79059029349143,23.2263752006125,0.434593943519472
565.43,590,790,816,2441100,2004912,2024-09-23,2024-12-20,568.25,26,-436188,441088651,-174876410,0.454537199144577,83.711589986023,-0.217559673442026
544.46,551,3017,3019,2760555,1974426,2024-09-23,2024-11-15,568.25,2,-786129,346960404,13339482,0.569063782851717,85.6584623414262,-0.398155717155265
525.86,527,17462,17165,3562248,1956810,2024-09-23,2024-10-18,568.25,-297,-1605438,254891149,-114051841,0.767704177911646,81.4458272931243,-0.820436322381836
526.35,533,2905,2925,2428580,1945125,2024-09-23,2024-12-20,568.25,20,-483455,441088651,-174876410,0.440982781032831,84.1525727670559,-0.248547008547009
464.11,465,21250,21635,2592500,1925515,2024-09-23,2024-11-15,568.25,385,-666985,346960404,13339482,0.55496678520123,86.2134291266274,-0.346393042900211
553.54,567,949,1419,1660750,1909974,2024-09-23,2024-12-20,568.25,470,249224,441088651,-174876410,0.433013634712628,84.5855864017685,0.130485545876541
541.73,544,8331,8279,3324069,1879333,2024-09-23,2024-10-18,568.25,-52,-1444736,254891149,-114051841,0.73730806556959,82.1831353586939,-0.768749338196051
515.22,516,23231,23834,3368495,1859052,2024-09-23,2024-10-18,568.25,603,-1509443,254891149,-114051841,0.729351335773531,82.9124866944674,-0.811942323291656
564.42,574,109,1930,150420,1848940,2024-09-23,2024-10-18,568.25,1821,1698520,254891149,-114051841,0.72538415211899,83.6378708465864,0.918645277834868
559.75,565,2359,3515,2337769,1845375,2024-09-23,2024-10-11,568.25,1156,-492394,21637681,-6773517,8.52852484515323,8.52852484515323,-0.266825983878615
550.69,563,1334,1497,2151742,1842807,2024-09-23,2024-12-20,568.25,163,-308935,441088651,-174876410,0.41778608355081,85.0033724853193,-0.167643708755176
463.1,465,11113,9643,2844928,1832170,2024-09-23,2024-12-20,568.25,-1470,-1012758,441088651,-174876410,0.41537455018311,85.4187470355024,-0.552764208561433
399.86,400,130085,129711,2861870,1815954,2024-09-23,2024-10-18,568.25,-374,-1045916,254891149,-114051841,0.712442941673114,84.3503137882595,-0.575959523203782
554.39,555,22168,29721,7182432,1812981,2024-09-23,2024-09-27,568.25,7553,-5369451,30027419,-23920102,6.03775169620806,29.2641268968205,-2.96166975826002
429.88,430,150959,151012,3321098,1812144,2024-09-23,2024-10-11,568.25,53,-1508954,21637681,-6773517,8.37494554060576,16.903470385759,-0.832689896608659
555.72,558,7328,7944,4067040,1811232,2024-09-23,2024-10-04,568.25,616,-2255808,42652323,-9221132,4.24650258791297,57.7543549034832,-1.24545502729634
536.05,544,2328,2273,2479320,1807035,2024-09-23,2024-12-20,568.25,-55,-672285,441088651,-174876410,0.409676149205662,85.8284231847081,-0.372037619636587
423.87,425,15916,15659,2323736,1769467,2024-09-23,2024-12-20,568.25,-257,-554269,441088651,-174876410,0.40115904047597,86.229582225184,-0.313240653824005
428.73,430,12331,13927,1726340,1768729,2024-09-23,2024-12-20,568.25,1596,42389.0000000002,441088651,-174876410,0.400991727170963,86.630573952355,0.0239657969084016
479.77,480,76344,76378,3359136,1756694,2024-09-23,2024-10-11,568.25,34,-1602442,21637681,-6773517,8.11867963114901,25.022150016908,-0.91219187860834
540.78,543,7395,7910,2839680,1756020,2024-09-23,2024-10-18,568.25,515,-1083660,254891149,-114051841,0.688929375103566,85.039243163363,-0.617111422421157
534.42,542,2249,2252,2293980,1707016,2024-09-23,2024-12-20,568.25,3,-586964,441088651,-174876410,0.387000662141271,87.0175746144963,-0.343853836167909
549.15,561,1361,1436,2044222,1701660,2024-09-23,2024-12-20,568.25,75,-342562,441088651,-174876410,0.385786393765094,87.4033610082614,-0.201310485055769
379.34,380,25503,24890,2065743,1642740,2024-09-23,2024-12-20,568.25,-613,-423003,441088651,-174876410,0.372428534779962,87.7757895430413,-0.257498447715402
449.3,450,23128,23411,2243416,1638770,2024-09-23,2024-11-15,568.25,283,-604646,346960404,13339482,0.472321907948897,86.6857510345763,-0.368963307846739
549.87,558,1916,2015,2245552,1638195,2024-09-23,2024-11-15,568.25,99,-607357,346960404,13339482,0.472156182986229,87.1579072175625,-0.370747682662931
568.44,770,68,81,1386452,1632636,2024-09-23,2024-12-20,568.25,13,246184,441088651,-174876410,0.370137838799212,88.1459273818405,0.150789275747932
513.26,514,21507,21733,2903445,1608242,2024-09-23,2024-10-18,568.25,226,-1295203,254891149,-114051841,0.630952469832524,85.6701956331956,-0.805353298819456
554.44,569,663,1104,1200693,1607424,2024-09-23,2024-12-20,568.25,441,406731,441088651,-174876410,0.364421981013517,88.5103493628541,0.253032802795031
560.31,574,1006,1174,1865124,1607206,2024-09-23,2024-11-15,568.25,168,-257918,346960404,13339482,0.463224616259093,87.6211318338216,-0.160476006187135
565.97,571,32,3168,36768,1593504,2024-09-23,2024-09-27,568.25,3136,1556736,30027419,-23920102,5.30682973451698,34.5709566313375,0.976926320862703
493.45,495,10366,10248,2353082,1588440,2024-09-23,2024-11-15,568.25,-118,-764642,346960404,13339482,0.457815929912279,88.0789477637339,-0.481379214827126
558.81,560,7787,13327,3698825,1585913,2024-09-23,2024-09-27,568.25,5540,-2112912,30027419,-23920102,5.2815495064694,39.8525061378069,-1.33230006942373
551.98,561,1829,1749,2244183,1577598,2024-09-23,2024-11-15,568.25,-80,-666585,346960404,13339482,0.454691077659686,88.5336388413936,-0.422531595501516
566.25,580,278,1139,576850,1566125,2024-09-23,2024-10-18,568.25,861,989275,254891149,-114051841,0.614428945902708,86.2846245790983,0.631670524383431
541.52,551,1615,1645,1938000,1559460,2024-09-23,2024-12-20,568.25,30,-378540,441088651,-174876410,0.353547976458819,88.8638973393129,-0.242737870801431
449.75,450,62266,62163,2366108,1554075,2024-09-23,2024-10-18,568.25,-103,-812033,254891149,-114051841,0.609701437690957,86.8943260167892,-0.522518539967505
389.28,390,21068,21132,2106800,1521504,2024-09-23,2024-12-20,568.25,64,-585296,441088651,-174876410,0.344942903552511,89.2088402428654,-0.38468252465981
550.11,562,1228,1258,1970940,1495762,2024-09-23,2024-12-20,568.25,30,-475178,441088651,-174876410,0.339106888515252,89.5479471313806,-0.317682893401491
546.2,549,5302,5283,2719926,1479240,2024-09-23,2024-10-18,568.25,-19,-1240686,254891149,-114051841,0.580341846236489,87.4746678630257,-0.838732051594062
545.94,553,2077,2089,2112309,1474834,2024-09-23,2024-11-15,568.25,12,-637475,346960404,13339482,0.425072712331751,88.9587115537253,-0.432235085440124
554.4,560,1811,2617,1597302,1465520,2024-09-23,2024-10-25,568.25,806,-131782,11478818,-259662,12.7671681875259,12.7671681875259,-0.0899216660298051
554.44,559,3090,3198,2373120,1458288,2024-09-23,2024-10-18,568.25,108,-914832,254891149,-114051841,0.572121866813037,88.0467897298388,-0.627332872519009
548.69,550,11987,10810,4075580,1416110,2024-09-23,2024-10-04,568.25,-1177,-2659470,42652323,-9221132,3.32012397073894,61.0744788742222,-1.87801088898461
524.99,531,2297,2353,1844491,1414153,2024-09-23,2024-12-20,568.25,56,-430338,441088651,-174876410,0.320605165604227,89.8685522969848,-0.304307949705584
543.09,553,670,1394,760450,1381454,2024-09-23,2024-12-20,568.25,724,621004,441088651,-174876410,0.313191916606351,90.1817442135912,0.449529264094208
561.63,569,487,1867,585374,1375979,2024-09-23,2024-10-18,568.25,1380,790605,254891149,-114051841,0.539830043294285,88.586619773133,0.574576356179855
409.06,410,15200,14605,1702400,1372870,2024-09-23,2024-12-20,568.25,-595,-329530,441088651,-174876410,0.311245822554614,90.4929900361458,-0.240030010124775
545.72,556,1298,1332,1590050,1369296,2024-09-23,2024-12-20,568.25,34,-220754,441088651,-174876410,0.310435554597844,90.8034255907437,-0.161217151003143
564.56,568,48,3929,43920,1351576,2024-09-23,2024-09-27,568.25,3881,1307656,30027419,-23920102,4.5011394419214,44.3536455797283,0.967504602034958
521.46,527,2885,2439,2163750,1351206,2024-09-23,2024-12-20,568.25,-446,-812544,441088651,-174876410,0.306334338219008,91.1097599289627,-0.601347240909232
473.96,475,11033,12960,1665983,1347840,2024-09-23,2024-11-15,568.25,1927,-318143,346960404,13339482,0.38847084118567,89.347182394911,-0.236039144112061
565.11,569,45,3415,45000,1328435,2024-09-23,2024-09-27,568.25,3370,1283435,30027419,-23920102,4.42407321122072,48.777718790949,0.966125553753101
562.7,571,21,1600,24150,1328000,2024-09-23,2024-10-18,568.25,1579,1303850,254891149,-114051841,0.52100671412486,89.1076264872579,0.981814759036144
469.09,470,13525,14589,1866450,1327599,2024-09-23,2024-11-15,568.25,1064,-538851,346960404,13339482,0.382637034282448,89.7298194291934,-0.405883854989345
568.46,760,181,69,3581085,1321626,2024-09-23,2024-12-20,568.25,-112,-2259459,441088651,-174876410,0.299628203310994,91.4093881322737,-1.70960544057093
414.04,415,11833,13744,1443626,1319424,2024-09-23,2024-12-20,568.25,1911,-124202,441088651,-174876410,0.299128983937517,91.7085171162112,-0.0941335006790842
554.9,557,7333,6269,3981819,1316490,2024-09-23,2024-10-04,568.25,-1064,-2665329,42652323,-9221132,3.08656107663819,64.1610399508604,-2.0245721577832
548.79,552,3845,4080,2214720,1309680,2024-09-23,2024-10-18,568.25,235,-905040,254891149,-114051841,0.513819332345667,89.6214458196036,-0.691039032435404
547.75,556,1563,1572,1742745,1296900,2024-09-23,2024-11-15,568.25,9,-445845,346960404,13339482,0.373789050579962,90.1036084797734,-0.343777469349988
530.58,538,1439,1735,1323880,1287370,2024-09-23,2024-12-20,568.25,296,-36510,441088651,-174876410,0.291861964047676,92.0003790802589,-0.0283601451020297
404.13,405,14738,14738,1739084,1282206,2024-09-23,2024-12-20,568.25,0,-456878,441088651,-174876410,0.290691224336216,92.2910703045951,-0.35632183908046
546.83,558,1154,1145,1644450,1278965,2024-09-23,2024-12-20,568.25,-9,-365485,441088651,-174876410,0.289956451407316,92.5810267560024,-0.285766225033523
566.58,572,15,2285,18930,1238470,2024-09-23,2024-09-27,568.25,2270,1219540,30027419,-23920102,4.12446371098362,52.9021825019327,0.984715011263898
550.76,554,3301,3821,2119242,1238004,2024-09-23,2024-10-18,568.25,520,-881238,254891149,-114051841,0.48569909345891,90.1071449130625,-0.711821609623232
557.21,560,2571,4404,1612017,1228716,2024-09-23,2024-10-04,568.25,1833,-383301,42652323,-9221132,2.88077158189016,67.0418115327505,-0.311952477220122
537.77,543,1273,2341,943293,1224343,2024-09-23,2024-11-15,568.25,1068,281050,346960404,13339482,0.352876866029935,90.4564853458033,0.229551686087967
558.61,571,380,982,606480,1216698,2024-09-23,2024-11-15,568.25,602,610218,346960404,13339482,0.350673444569773,90.8071587903731,0.501536124823087
527.21,531,3150,3193,1723050,1210147,2024-09-23,2024-11-15,568.25,43,-512903,346960404,13339482,0.348785332864669,91.1559441232378,-0.423835286126396
541.96,548,1932,1999,1717548,1207396,2024-09-23,2024-11-15,568.25,67,-510152,346960404,13339482,0.347992446999802,91.5039365702376,-0.422522519537915
549.71,553,2763,3597,1635696,1183413,2024-09-23,2024-10-18,568.25,834,-452283,254891149,-114051841,0.464281715800183,90.5714266288627,-0.38218525569687
545.26,552,1805,1698,1795975,1144452,2024-09-23,2024-11-15,568.25,-107,-651523,346960404,13339482,0.329850895608249,91.8337874658458,-0.569288183340149
494.49,495,22287,22183,1849821,1131333,2024-09-23,2024-10-18,568.25,-104,-718488,254891149,-114051841,0.443849464541431,91.0152760934041,-0.635080917819952
542.82,549,1762,1822,1617516,1125996,2024-09-23,2024-11-15,568.25,60,-491520,346960404,13339482,0.324531556632612,92.1583190224784,-0.436520200782241
567.93,600,270,350,1048950,1122450,2024-09-23,2024-12-20,568.25,80,73500,441088651,-174876410,0.25447265474985,92.8354994107522,0.0654817586529467
526.78,528,9170,9120,1980720,1112640,2024-09-23,2024-10-18,568.25,-50,-868080,254891149,-114051841,0.436515745786057,91.4517918391902,-0.780198446937015
546.79,554,1625,1541,1714375,1111061,2024-09-23,2024-11-15,568.25,-84,-603314,346960404,13339482,0.320227030863153,92.4785460533416,-0.543007089619742
564.9,575,537,1100,899475,1111000,2024-09-23,2024-10-18,568.25,563,211525,254891149,-114051841,0.43587233388006,91.8876641730702,0.190391539153915
535.29,537,8015,6436,2556785,1100556,2024-09-23,2024-10-18,568.25,-1579,-1456229,254891149,-114051841,0.431774898546987,92.3194390716172,-1.32317574026219
538.79,547,1292,1338,1437996,1098498,2024-09-23,2024-12-20,568.25,46,-339498,441088651,-174876410,0.249042453826363,93.0845418645786,-0.309056548122982
541.11,547,1805,1863,1514395,1097307,2024-09-23,2024-11-15,568.25,58,-417088,346960404,13339482,0.316262889756146,92.7948089430977,-0.38010146659048
559.67,561,2272,8244,1195072,1096452,2024-09-23,2024-09-27,568.25,5972,-98620,30027419,-23920102,3.65150264829621,56.5536851502289,-0.0899446578600796
557.1,558,2356,12075,968316,1086750,2024-09-23,2024-09-27,568.25,9719,118434,30027419,-23920102,3.61919217898814,60.172877329217,0.108979986197378
533.48,541,1351,1404,1201039,1055808,2024-09-23,2024-12-20,568.25,53,-145231,441088651,-174876410,0.239364127280618,93.3239059918592,-0.137554365945324
553,566,768,808,1353216,1050400,2024-09-23,2024-12-20,568.25,40,-302816,441088651,-174876410,0.23813806989108,93.5620440617503,-0.288286367098248
319.67,320,31807,31825,1367701,1050225,2024-09-23,2024-12-20,568.25,18,-317476,441088651,-174876410,0.238098395326884,93.8001424570772,-0.302293318098503
562.55,578,67,671,144988,1036695,2024-09-23,2024-11-15,568.25,604,891707,346960404,13339482,0.298793461169707,93.0936024042674,0.860144015356493
547.94,551,2995,3341,1635270,1022346,2024-09-23,2024-10-18,568.25,346,-612924,254891149,-114051841,0.401091212468896,92.7205302840861,-0.599526970321202
563.96,567,274,3348,245778,1017792,2024-09-23,2024-09-27,568.25,3074,772014,30027419,-23920102,3.38954207153136,63.5624194007484,0.758518439916997
568.46,765,78,51,1585662,1002354,2024-09-23,2024-12-20,568.25,-27,-583308,441088651,-174876410,0.227245474969158,94.0273879320463,-0.581938117671003
537.71,539,244,7763,65880,1001427,2024-09-23,2024-10-11,568.25,7519,935547,21637681,-6773517,4.62816232478887,29.6503123416969,0.93421387679781
349.55,350,22107,22109,1370634,994905,2024-09-23,2024-12-20,568.25,2,-375729,441088651,-174876410,0.225556698805202,94.2529446308516,-0.377653142762374
394.22,395,11989,12745,1234867,994110,2024-09-23,2024-12-20,568.25,756,-240757,441088651,-174876410,0.225376462927857,94.4783210937794,-0.242183460582833
560.45,562,4113,6354,2307393,984870,2024-09-23,2024-09-27,568.25,2241,-1322523,30027419,-23920102,3.27990227864739,66.8423216793958,-1.34284017179932
555.64,566,733,948,1062850,982128,2024-09-23,2024-11-15,568.25,215,-80722.0000000001,346960404,13339482,0.283066306321225,93.3766687105887,-0.0821909160516757
525.45,529,2646,2732,1397088,969860,2024-09-23,2024-11-15,568.25,86,-427228,346960404,13339482,0.279530456161217,93.6561991667499,-0.440504815127957
544.06,554,733,973,966094,967162,2024-09-23,2024-12-20,568.25,240,1067.99999999988,441088651,-174876410,0.219267033465343,94.6975881272447,0.00110426174725629
561.98,564,2347,4738,1525550,957076,2024-09-23,2024-09-27,568.25,2391,-568474,30027419,-23920102,3.1873402106255,70.0296618900213,-0.593969548917745
555.31,556,1216,13824,413440,953856,2024-09-23,2024-09-27,568.25,12608,540416,30027419,-23920102,3.17661667824331,73.2062785682646,0.566559312936125
484.59,485,23154,23177,1528164,950257,2024-09-23,2024-10-18,568.25,23,-577907,254891149,-114051841,0.372808943632641,93.0933392277187,-0.608158634979801
554.1,568,422,682,733436,947980,2024-09-23,2024-12-20,568.25,260,214544,441088651,-174876410,0.214918247805927,94.9125063750507,0.226317010907403
444.37,445,14883,14908,1399002,939204,2024-09-23,2024-11-15,568.25,25,-459798,346960404,13339482,0.270694865803765,93.9268940325537,-0.489561373247984
559.48,563,2853,2659,2268135,935968,2024-09-23,2024-10-04,568.25,-194,-1332167,42652323,-9221132,2.19441271698144,69.236224249732,-1.42330400184622
359.88,360,77635,77705,1164525,932460,2024-09-23,2024-10-18,568.25,70,-232065,254891149,-114051841,0.365826747479568,93.4591659751983,-0.2488739463355
543.3,545,1603,5443,549829,925310,2024-09-23,2024-10-11,568.25,3840,375481,21637681,-6773517,4.27638248294723,33.9266948246441,0.405789411116275
384.31,385,14164,13383,1317252,923427,2024-09-23,2024-12-20,568.25,-781,-393825,441088651,-174876410,0.209351793093402,95.1218581681441,-0.42648200669896
374.38,375,14799,14874,1198719,922188,2024-09-23,2024-12-20,568.25,75,-276531,441088651,-174876410,0.209070897178898,95.330929065323,-0.299864019050346
469.67,470,27988,27622,1371412,911526,2024-09-23,2024-10-18,568.25,-366,-459886,254891149,-114051841,0.357613829894109,93.8167798050924,-0.504523184198805
564.05,570,89,1523,98790,906185,2024-09-23,2024-10-04,568.25,1434,807395,42652323,-9221132,2.12458533618439,71.3608095859163,0.890982525643219
538.8,548,914,979,996260,900680,2024-09-23,2024-12-20,568.25,65,-95580.0000000001,441088651,-174876410,0.204194779883375,95.5351238452064,-0.106119820580006
557.81,562,1959,2123,1575036,889537,2024-09-23,2024-10-11,568.25,164,-685499,21637681,-6773517,4.11105515420068,38.0377499788448,-0.770624493416237
560.4,564,2903,2406,2473356,866160,2024-09-23,2024-10-04,568.25,-497,-1607196,42652323,-9221132,2.03074519528514,73.3915547812015,-1.8555417013023
543.53,546,3212,3499,1448612,864253,2024-09-23,2024-10-18,568.25,287,-584359,254891149,-114051841,0.339067481703729,94.1558472867961,-0.676143444107223
549.68,550,20614,26751,4225870,856032,2024-09-23,2024-09-27,568.25,6137,-3369838,30027419,-23920102,2.85083443235664,76.0571130006212,-3.93657947366454
561.05,567,1138,1410,1233592,838950,2024-09-23,2024-10-11,568.25,272,-394642,21637681,-6773517,3.87726392675814,41.9150139056029,-0.470399904642708
555.79,571,338,547,671944,831987,2024-09-23,2024-12-20,568.25,209,160043,441088651,-174876410,0.188621266521772,95.7237451117281,0.192362380662198
369.41,370,14089,14087,1042586,831133,2024-09-23,2024-12-20,568.25,-2,-211453,441088651,-174876410,0.188427654648498,95.9121727663766,-0.254415358312087
339.84,340,51669,51706,1240056,827296,2024-09-23,2024-11-15,568.25,37,-412760,346960404,13339482,0.238441041243427,94.1653350737971,-0.498926623602677
568.47,755,86,44,1672958,820732,2024-09-23,2024-12-20,568.25,-42,-852226,441088651,-174876410,0.186069625264514,96.0982423916411,-1.03837306209579
539.91,542,4126,3852,1567880,805068,2024-09-23,2024-10-18,568.25,-274,-762812,254891149,-114051841,0.315847766059543,94.4716950528557,-0.947512508260172
563.2,580,264,477,615120,801360,2024-09-23,2024-11-15,568.25,213,186240,346960404,13339482,0.23096583666648,94.3963009104636,0.232404911650195
539,541,3970,3980,1429200,796000,2024-09-23,2024-10-18,568.25,10,-633200,254891149,-114051841,0.312290169008576,94.7839852218643,-0.795477386934673
522.85,526,2405,2498,1103895,786870,2024-09-23,2024-11-15,568.25,93,-317025,346960404,13339482,0.226789567607259,94.6230904780708,-0.402893743566282
555.97,567,408,713,631992,786439,2024-09-23,2024-11-15,568.25,305,154447,346960404,13339482,0.22666534593959,94.8497558240104,0.196387768154936
546.38,550,1330,2154,794010,779748,2024-09-23,2024-10-25,568.25,824,-14262,11478818,-259662,6.7929293765264,19.5600975640523,-0.0182905246310346
556.11,560,1367,1995,989708,776055,2024-09-23,2024-10-11,568.25,628,-213653,21637681,-6773517,3.58659044839417,45.5016043539971,-0.27530651822358
534.32,539,1710,1645,1132020,769860,2024-09-23,2024-11-15,568.25,-65,-362160,346960404,13339482,0.221886990885565,95.071642814896,-0.470423193827449
527.56,534,1177,1192,874511,767648,2024-09-23,2024-12-20,568.25,15,-106863,441088651,-174876410,0.174034856317353,96.2722772479585,-0.13920833507024
553.12,555,2929,4082,1367843,767416,2024-09-23,2024-10-04,568.25,1153,-600427,42652323,-9221132,1.79923611663543,75.1907908978369,-0.782400940298352
538.84,544,1462,1487,1144746,767292,2024-09-23,2024-11-15,568.25,25,-377454,346960404,13339482,0.221146848791426,95.2927896636874,-0.491930060524546
525.97,532,1163,1259,826893,759177,2024-09-23,2024-12-20,568.25,96,-67716,441088651,-174876410,0.172114380698496,96.444391628657,-0.0891965905184167
566.97,595,30,269,97200,754007,2024-09-23,2024-11-15,568.25,239,656807,346960404,13339482,0.217317881610491,95.5101075452979,0.871088729945478
561.8,568,1064,1203,1194872,745860,2024-09-23,2024-10-11,568.25,139,-449012,21637681,-6773517,3.44704222231578,48.9486465763129,-0.602005738342316
531.81,536,1753,1778,1113155,744982,2024-09-23,2024-11-15,568.25,25,-368173,346960404,13339482,0.214716720239927,95.7248242655378,-0.494203886805319
558.9,573,441,520,747054,733200,2024-09-23,2024-11-15,568.25,79,-13854.0000000001,346960404,13339482,0.211320943700538,95.9361452092383,-0.0188952536824879
547.74,550,2638,3211,1155444,725686,2024-09-23,2024-10-11,568.25,573,-429758,21637681,-6773517,3.35380672263354,52.3024532989464,-0.592209302646048
454.25,455,7567,9554,817236,716550,2024-09-23,2024-11-15,568.25,1987,-100686,346960404,13339482,0.20652212521634,96.1426673344547,-0.140514967552857
561.92,577,325,470,664625,708760,2024-09-23,2024-11-15,568.25,145,44135,346960404,13339482,0.204276912243854,96.3469442466985,0.0622707263389582
479.62,480,18838,18528,1111442,704064,2024-09-23,2024-10-18,568.25,-310,-407378,254891149,-114051841,0.276221439136751,95.060206661001,-0.578609330969912
520.02,521,6444,7178,1108368,703444,2024-09-23,2024-10-18,568.25,734,-404924,254891149,-114051841,0.275978198050337,95.3361848590514,-0.575630753833994
556.82,572,118,456,230100,692208,2024-09-23,2024-12-20,568.25,338,462108,441088651,-174876410,0.156931718472167,96.6013233471291,0.667585465640386
548.83,557,796,811,889132,662587,2024-09-23,2024-11-15,568.25,15,-226545,346960404,13339482,0.19096905363299,96.5379133003315,-0.341909817125902
529.24,536,971,974,782626,658424,2024-09-23,2024-12-20,568.25,3,-124202,441088651,-174876410,0.14927248717628,96.7505958343054,-0.188635286684568
561.21,570,65,745,88985,654855,2024-09-23,2024-10-25,568.25,680,565870,11478818,-259662,5.70489923265618,25.2649967967085,0.86411495674615
560.95,565,1291,1606,1115424,650430,2024-09-23,2024-10-04,568.25,315,-464994,42652323,-9221132,1.52495797239461,76.7157488702315,-0.714902449149025
522.01,523,6200,6515,1122200,644985,2024-09-23,2024-10-18,568.25,315,-477215,254891149,-114051841,0.253043309871854,95.5892281689232,-0.739885423692024
538.65,540,2365,4771,629090,644085,2024-09-23,2024-10-11,568.25,2406,14995,21637681,-6773517,2.97668220545446,55.2791355044009,0.023281088676184
564,571,37,910,49062,637000,2024-09-23,2024-10-11,568.25,873,587938,21637681,-6773517,2.94393840079258,58.2230739051935,0.922979591836735
523.19,529,1068,1081,813816,628061,2024-09-23,2024-12-20,568.25,13,-185755,441088651,-174876410,0.142388836932465,96.8929846712379,-0.295759488329955
561.1,580,209,330,507870,623700,2024-09-23,2024-12-20,568.25,121,115830,441088651,-174876410,0.141400146792714,97.0343848180306,0.185714285714286
540.26,546,1048,1084,862504,622216,2024-09-23,2024-11-15,568.25,36,-240288,346960404,13339482,0.179333431949774,96.7172467322813,-0.38618100466719
537.15,539,3782,3332,1217804,616420,2024-09-23,2024-10-18,568.25,-450,-601384,254891149,-114051841,0.241836565301842,95.831064734225,-0.975607540313422
520.49,526,1103,1118,753349,616018,2024-09-23,2024-12-20,568.25,15,-137331,441088651,-174876410,0.139658546780429,97.174043364811,-0.222933420776666
522.33,528,919,1086,588160,615762,2024-09-23,2024-12-20,568.25,167,27602,441088651,-174876410,0.139600508560806,97.3136438733719,0.0448257606023106
556.75,568,304,539,472720,606375,2024-09-23,2024-11-15,568.25,235,133655,346960404,13339482,0.174767781282616,96.8920145135639,0.220416408987838
299.73,300,22329,22333,803844,602991,2024-09-23,2024-12-20,568.25,4,-200853,441088651,-174876410,0.136705172221717,97.4503490455936,-0.333094523798862
537.45,540,2133,2332,874530,594660,2024-09-23,2024-10-25,568.25,199,-279870,11478818,-259662,5.18049854958934,30.4454953462979,-0.470638684290182
568.53,710,103,42,1503594,594174,2024-09-23,2024-12-20,568.25,-61,-909420,441088651,-174876410,0.134706254321651,97.5850552999152,-1.53056175463753
364.45,365,11531,10799,818701,593945,2024-09-23,2024-12-20,568.25,-732,-224756,441088651,-174876410,0.134654337320504,97.7197096372357,-0.37841214253845
558.28,574,67,376,140164,591072,2024-09-23,2024-12-20,568.25,309,450908,441088651,-174876410,0.134002994332312,97.853712631568,0.762864760976666
523.64,527,1654,1751,833616,588336,2024-09-23,2024-11-15,568.25,97,-245280,346960404,13339482,0.169568628932078,97.061583142496,-0.416904625928041
329.62,330,15447,15448,756903,587024,2024-09-23,2024-12-20,568.25,1,-169879,441088651,-174876410,0.133085264984521,97.9867978965525,-0.28939021232522
359.48,360,11617,11247,813190,584844,2024-09-23,2024-12-20,568.25,-370,-228346,441088651,-174876410,0.132591033270543,98.1193889298231,-0.390439159844335
567.08,585,70,322,157500,577024,2024-09-23,2024-10-18,568.25,252,419524,254891149,-114051841,0.226380555881915,96.057445290107,0.727047748447205
557.96,559,4261,5512,1853535,573248,2024-09-23,2024-09-27,568.25,1251,-1280287,30027419,-23920102,1.90908182951056,77.9661948301318,-2.23339113263369
561.26,563,2125,3179,1283500,553146,2024-09-23,2024-09-27,568.25,1054,-730354,30027419,-23920102,1.84213634878176,79.8083311789135,-1.32036388223001
564.63,571,105,858,126525,546546,2024-09-23,2024-10-04,568.25,753,420021,42652323,-9221132,1.28139796746827,77.9971468376998,0.768500730039192
539.5,549,581,573,578676,544350,2024-09-23,2024-12-20,568.25,-8,-34326,441088651,-174876410,0.123410565827503,98.2427994956506,-0.0630586938550565
539.39,540,12044,8764,2167920,534604,2024-09-23,2024-10-04,568.25,-3280,-1633316,42652323,-9221132,1.25339949244968,79.2505463301495,-3.0551885133669
379.93,380,75078,75189,750780,526323,2024-09-23,2024-10-11,568.25,111,-224457,21637681,-6773517,2.43243719139773,60.6555110965912,-0.426462457464333
531.95,539,775,746,675800,525930,2024-09-23,2024-12-20,568.25,-29,-149870,441088651,-174876410,0.119234534556184,98.3620340302068,-0.284961877055882
354.5,355,8961,10493,573504,524650,2024-09-23,2024-12-20,568.25,1532,-48854,441088651,-174876410,0.118944343458068,98.4809783736648,-0.0931173163061088
553.95,556,1321,2550,694846,522750,2024-09-23,2024-10-04,568.25,1229,-172096,42652323,-9221132,1.22560733679148,80.4761536669409,-0.329212816834051
474.66,475,15378,15303,907302,520302,2024-09-23,2024-10-18,568.25,-75,-387000,254891149,-114051841,0.204127135069723,96.2615724251767,-0.74379879377746
539.88,540,42628,43274,3921776,519288,2024-09-23,2024-09-27,568.25,646,-3402488,30027419,-23920102,1.72937940486993,81.5377105837835,-6.55221765186178
506.33,507,7614,7649,791856,512483,2024-09-23,2024-10-18,568.25,35,-279373,254891149,-114051841,0.20105955111058,96.4626319762873,-0.545136131344845
567,575,224,636,348320,508800,2024-09-23,2024-09-27,568.25,412,160480,30027419,-23920102,1.69445132796795,83.2321619117514,0.315408805031447
560.61,579,237,272,522585,500208,2024-09-23,2024-12-20,568.25,35,-22377.0000000001,441088651,-174876410,0.113403053754834,98.5943814274197,-0.0447353900777278
552.05,555,1141,1695,636678,500025,2024-09-23,2024-10-11,568.25,554,-136653,21637681,-6773517,2.31089921327521,62.9664103098664,-0.273292335383231
566.72,580,42,374,81816,496672,2024-09-23,2024-10-11,568.25,332,414856,21637681,-6773517,2.29540309795675,65.2618134078232,0.835271567553637
544.11,545,4896,5545,1224000,493505,2024-09-23,2024-10-04,568.25,649,-730495,42652323,-9221132,1.15704131753855,81.6331949844795,-1.48021803223878
559.94,577,283,286,628260,487916,2024-09-23,2024-12-20,568.25,3,-140344,441088651,-174876410,0.110616312365743,98.7049977397854,-0.28763967568188
561.65,576,296,333,593776,477855,2024-09-23,2024-11-15,568.25,37,-115921,346960404,13339482,0.137726090496482,97.1993092329925,-0.242586140147116
566.61,573,15,742,15105,474138,2024-09-23,2024-09-27,568.25,727,459033,30027419,-23920102,1.57901683125013,84.8111787430015,0.968142186452046
524.86,526,4372,4156,839424,473784,2024-09-23,2024-10-18,568.25,-216,-365640,254891149,-114051841,0.185876991750702,96.648508968038,-0.771744085912568
555.28,559,962,1246,691678,463512,2024-09-23,2024-10-11,568.25,284,-228166,21637681,-6773517,2.14215192469101,67.4039653325142,-0.49225478520513
429.48,430,8473,8703,567691,452556,2024-09-23,2024-11-15,568.25,230,-115135,346960404,13339482,0.130434480356439,97.3297437133489,-0.254410503893441
564.88,572,102,635,134028,452120,2024-09-23,2024-10-04,568.25,533,318092,42652323,-9221132,1.0600126047062,82.6932075891857,0.703556577899673
533.44,538,990,976,628650,445056,2024-09-23,2024-11-15,568.25,-14,-183594,346960404,13339482,0.128272850408602,97.4580165637575,-0.412518874029336
339.57,340,10322,10339,588354,444577,2024-09-23,2024-12-20,568.25,17,-143777,441088651,-174876410,0.100790849864781,98.8057885896502,-0.323401795414518
499.13,501,2168,2367,474792,442629,2024-09-23,2024-11-15,568.25,199,-32163,346960404,13339482,0.127573346957482,97.585589910715,-0.0726635624868682
399.68,400,13809,13778,676641,440896,2024-09-23,2024-11-15,568.25,-31,-235745,346960404,13339482,0.127073866330868,97.7126637770459,-0.53469525693134
560.42,566,769,788,792070,439704,2024-09-23,2024-10-11,568.25,19,-352366,21637681,-6773517,2.03212164926546,69.4360869817796,-0.801370922256791
274.8,275,21423,21923,621267,438460,2024-09-23,2024-12-20,568.25,500,-182807,441088651,-174876410,0.0994040538123027,98.9051926434625,-0.416929708525293
562.75,568,59,830,62540,435750,2024-09-23,2024-10-04,568.25,771,373210,42652323,-9221132,1.0216325145995,83.7148401037852,0.856477337923121
558.27,565,220,646,241780,434758,2024-09-23,2024-10-25,568.25,426,192978,11478818,-259662,3.78748055766717,34.232975903965,0.443874523298019
565.23,578,125,339,237500,432903,2024-09-23,2024-10-18,568.25,214,195403,254891149,-114051841,0.169838380696381,96.8183473487343,0.451378253326958
557.02,561,890,1081,670170,430238,2024-09-23,2024-10-11,568.25,191,-239932,21637681,-6773517,1.98837389274756,71.4244608745272,-0.557672729977361
349.92,350,52778,52795,738892,422360,2024-09-23,2024-10-18,568.25,17,-316532,254891149,-114051841,0.165702105254349,96.9840494539887,-0.749436499668529
545.99,547,4242,4168,1264116,420968,2024-09-23,2024-10-04,568.25,-74,-843148,42652323,-9221132,0.98697555113235,84.7018156549176,-2.00287907869482
459.18,460,5906,5093,685096,417626,2024-09-23,2024-11-15,568.25,-813,-267470,346960404,13339482,0.120367049146046,97.8330308261919,-0.640453420045687
469.96,470,101609,101711,1219308,406844,2024-09-23,2024-09-27,568.25,102,-812464,30027419,-23920102,1.35490832562066,86.1660870686222,-1.99699147584824
565.15,575,129,413,179052,406805,2024-09-23,2024-10-11,568.25,284,227753,21637681,-6773517,1.88007670507759,73.3045375796048,0.559857917183909
558.16,561,1339,1411,954707,400724,2024-09-23,2024-10-04,568.25,72,-553983,42652323,-9221132,0.939512720092643,85.6413283750102,-1.38245525598666
519.97,523,1300,1298,565500,393294,2024-09-23,2024-11-15,568.25,-2,-172206,346960404,13339482,0.11335414516061,97.9463849713525,-0.437855649971777
557.12,563,388,668,409728,392784,2024-09-23,2024-10-25,568.25,280,-16944,11478818,-259662,3.42181573050466,37.6547916344697,-0.04313821336918
531.52,533,2565,2585,689985,382580,2024-09-23,2024-10-18,568.25,20,-307405,254891149,-114051841,0.150095443290579,97.1341448972793,-0.80350514924983
536.01,541,721,764,524167,381236,2024-09-23,2024-11-15,568.25,43,-142931,346960404,13339482,0.109878820639141,98.0562637919917,-0.374914750967904
563.33,569,69,654,73485,370818,2024-09-23,2024-10-04,568.25,585,297333,42652323,-9221132,0.869396961098696,86.5107253361089,0.801830008252027
518.08,519,3018,4024,455718,370208,2024-09-23,2024-10-18,568.25,1006,-85510,254891149,-114051841,0.145241606643627,97.2793865039229,-0.230978260869565
558.77,562,1274,1121,900718,362083,2024-09-23,2024-10-04,568.25,-153,-538635,42652323,-9221132,0.848917420042983,87.3596427561519,-1.48760090918381
542.55,544,830,2469,284690,358005,2024-09-23,2024-10-11,568.25,1639,73315,21637681,-6773517,1.65454421848626,74.959081798091,0.20478764263069
502.43,503,6236,6220,629836,354540,2024-09-23,2024-10-18,568.25,-16,-275296,254891149,-114051841,0.139094668995352,97.4184811729183,-0.776487843402719
511.61,514,1477,1476,499226,352764,2024-09-23,2024-11-15,568.25,-1,-146462,346960404,13339482,0.1016726969225,98.1579364889142,-0.415184089079384
324.64,325,9216,9711,442368,349596,2024-09-23,2024-12-20,568.25,495,-92772,441088651,-174876410,0.0792575368256301,98.9844501802881,-0.265369168983627
558.34,563,634,731,564894,340646,2024-09-23,2024-10-11,568.25,97,-224248,21637681,-6773517,1.57431843088915,76.5334002289802,-0.658302167059058
547.76,548,5543,14156,953396,339744,2024-09-23,2024-09-27,568.25,8613,-613652,30027419,-23920102,1.13144589616577,87.297532964788,-1.80621880003768
454.74,455,13086,12982,510354,337532,2024-09-23,2024-10-18,568.25,-104,-172822,254891149,-114051841,0.132422016740958,97.5509031896592,-0.512016638422431
528.19,530,1701,1848,508599,334488,2024-09-23,2024-10-25,568.25,147,-174111,11478818,-259662,2.91395856263249,40.5687501971022,-0.520529884480161
552.3,554,1198,1963,523526,333710,2024-09-23,2024-10-04,568.25,765,-189816,42652323,-9221132,0.78239583808835,88.1420385942402,-0.568805250067424
529.62,530,8837,8745,927885,332310,2024-09-23,2024-10-04,568.25,-92,-595575,42652323,-9221132,0.779113484627789,88.921152078868,-1.79222713731155
560.12,578,131,184,293571,328992,2024-09-23,2024-12-20,568.25,53,35420.9999999999,441088651,-174876410,0.0745863669931512,99.0590365472813,0.107665231981325
464.69,465,10783,10607,528367,328817,2024-09-23,2024-10-18,568.25,-176,-199550,254891149,-114051841,0.129002910179514,97.6799060998387,-0.606872515715428
542.06,545,836,1114,411312,327516,2024-09-23,2024-10-25,568.25,278,-83796,11478818,-259662,2.85322060163337,43.4219707987356,-0.255853149159125
528.17,532,804,820,459888,314060,2024-09-23,2024-11-15,568.25,16,-145828,346960404,13339482,0.0905175335223555,98.2484540224365,-0.464331656371394
419.58,420,7424,7450,497408,312900,2024-09-23,2024-11-15,568.25,26,-184508,346960404,13339482,0.0901832014237567,98.3386372238603,-0.589670821348674
567.06,580,49,238,93590,307972,2024-09-23,2024-10-04,568.25,189,214382,42652323,-9221132,0.722052114254129,89.6432041931221,0.696108737157923
557.67,573,89,200,172749,306600,2024-09-23,2024-12-20,568.25,111,133851,441088651,-174876410,0.0695098364704922,99.1285463837518,0.436565557729941
545.97,548,560,1496,231840,303688,2024-09-23,2024-10-11,568.25,936,71848,21637681,-6773517,1.403514544835,77.9369147738152,0.236584916098101
561.53,566,269,652,238065,291444,2024-09-23,2024-10-04,568.25,383,53379,42652323,-9221132,0.683301587114024,90.3265057802362,0.183153538930292
565.68,573,56,395,73976,289140,2024-09-23,2024-10-04,568.25,339,215164,42652323,-9221132,0.677899771133216,91.0044055513694,0.744151622051601
564.69,585,36,142,91800,288402,2024-09-23,2024-11-15,568.25,106,196602,346960404,13339482,0.0831224533621422,98.4217596772224,0.681694301703872
501.14,503,1544,1522,375192,283092,2024-09-23,2024-11-15,568.25,-22,-92100,346960404,13339482,0.0815920193590736,98.5033516965815,-0.325335933194862
524.5,528,783,808,401679,282800,2024-09-23,2024-11-15,568.25,25,-118879,346960404,13339482,0.0815078598997712,98.5848595564813,-0.420364214992928
545.07,547,719,1456,276096,281008,2024-09-23,2024-10-11,568.25,737,4912,21637681,-6773517,1.29869739737821,79.2356121711934,0.0174799293970278
334.6,335,6895,6904,324065,276160,2024-09-23,2024-12-20,568.25,9,-47904.9999999999,441088651,-174876410,0.0626087294184316,99.1911551131702,-0.1734682792584
344.56,345,6079,6099,346503,268356,2024-09-23,2024-12-20,568.25,20,-78147,441088651,-174876410,0.0608394705671083,99.2519945837373,-0.291206457094308
563.95,585,85,127,215900,267335,2024-09-23,2024-12-20,568.25,42,51435,441088651,-174876410,0.0606079978240021,99.3126025815613,0.192399049881235
552.21,557,125,553,84250,264887,2024-09-23,2024-10-25,568.25,428,180637,11478818,-259662,2.3076156447467,45.7295864434823,0.68193984604756
558.15,576,97,148,205931,264180,2024-09-23,2024-12-20,568.25,51,58249,441088651,-174876410,0.0598927221095063,99.3724953036708,0.220489817548641
552.53,553,1418,5474,380024,257278,2024-09-23,2024-09-27,568.25,4056,-122746,30027419,-23920102,0.856810237336749,88.1543432021247,-0.477094815724625
550.48,553,674,1002,365308,252504,2024-09-23,2024-10-11,568.25,328,-112804,21637681,-6773517,1.1669642416856,80.402576412879,-0.446741437759402
556.22,557,2348,3233,887544,252174,2024-09-23,2024-09-27,568.25,885,-635370,30027419,-23920102,0.839812439424114,88.9941556415488,-2.51956982083799
518.16,521,854,880,362950,249920,2024-09-23,2024-11-15,568.25,26,-113030,346960404,13339482,0.0720312742084541,98.6568908306897,-0.452264724711908
550.48,555,440,550,319000,248600,2024-09-23,2024-10-25,568.25,110,-70400.0000000001,11478818,-259662,2.16572821347982,47.8953146569621,-0.283185840707965
544.39,546,1186,1541,448308,248101,2024-09-23,2024-10-11,568.25,355,-200207,21637681,-6773517,1.14661548065155,81.5491918935306,-0.806957650311768
550.47,552,1477,1620,612955,247860,2024-09-23,2024-10-04,568.25,143,-365095,42652323,-9221132,0.5811172348104,91.5855227861798,-1.47298878399096
549.72,551,2045,1936,791415,247808,2024-09-23,2024-10-04,568.25,-109,-543607,42652323,-9221132,0.580995318824721,92.1665181050045,-2.19366202866736
489.4,490,3957,4122,332388,247320,2024-09-23,2024-10-25,568.25,165,-85068,11478818,-259662,2.15457723957292,50.049891896535,-0.343959243085881
474.89,475,22174,22238,510002,244618,2024-09-23,2024-10-04,568.25,64,-265384,42652323,-9221132,0.573516242011015,92.7400343470155,-1.08489154518474
419.83,420,16444,14206,476876,241502,2024-09-23,2024-10-18,568.25,-2238,-235374,254891149,-114051841,0.0947471110501369,97.7746532108889,-0.974625468940216
549.49,552,930,962,481740,241462,2024-09-23,2024-10-11,568.25,32,-240278,21637681,-6773517,1.11593289502697,82.6651247885575,-0.995096536929206
529.18,530,2260,2922,379680,239604,2024-09-23,2024-10-11,568.25,662,-140076,21637681,-6773517,1.10734602289404,83.7724708114516,-0.584614614113287
513.89,515,1868,2150,280200,238650,2024-09-23,2024-10-25,568.25,282,-41550,11478818,-259662,2.07904681475044,52.1289387112854,-0.174104336895035
424.54,425,5117,5167,353073,237682,2024-09-23,2024-11-15,568.25,50,-115391,346960404,13339482,0.068504070568237,98.725394901258,-0.485484807431778
563,570,121,334,151855,233800,2024-09-23,2024-10-11,568.25,213,81945,21637681,-6773517,1.08052244600519,84.8529932574568,0.350491873396065
520.98,522,2455,2249,446810,229398,2024-09-23,2024-10-18,568.25,-206,-217412,254891149,-114051841,0.0899984173244086,97.8646516282133,-0.947750198345234
559.12,564,493,466,463420,227408,2024-09-23,2024-10-11,568.25,-27,-236012,21637681,-6773517,1.0509813875156,85.9039746449724,-1.03783508056005
553.9,557,510,731,319260,226610,2024-09-23,2024-10-11,568.25,221,-92650,21637681,-6773517,1.04729337677175,86.9512680217441,-0.408852213053263
494.29,495,2363,3155,252841,224005,2024-09-23,2024-10-25,568.25,792,-28836.0000000001,11478818,-259662,1.9514639921985,54.0804027034839,-0.12872926943595
554.55,558,412,645,285104,222525,2024-09-23,2024-10-11,568.25,233,-62579,21637681,-6773517,1.02841427415443,87.9796822958985,-0.28122233456915
523.5,525,959,1482,241668,222300,2024-09-23,2024-10-25,568.25,523,-19368,11478818,-259662,1.93661054648658,56.0170132499705,-0.0871255060728744
566.6,576,14,233,22092,219020,2024-09-23,2024-10-04,568.25,219,196928,42652323,-9221132,0.51350075352285,93.2535351005384,0.899132499315131
550.66,551,1398,6422,314550,218348,2024-09-23,2024-09-27,568.25,5024,-96202,30027419,-23920102,0.727162064778195,89.721317706327,-0.440590250425926
559.37,567,34,280,35496,213640,2024-09-23,2024-10-25,568.25,246,178144,11478818,-259662,1.86116723864774,57.8781804886183,0.833851338700618
562.72,569,36,340,36504,213520,2024-09-23,2024-10-11,568.25,304,177016,21637681,-6773517,0.986797060184037,88.9664793560826,0.829037092544024
568.52,720,75,14,1187475,212072,2024-09-23,2024-12-20,568.25,-61,-975403,441088651,-174876410,0.0480792238746582,99.4205745275455,-4.59939548832472
536.55,537,4564,4705,730240,211725,2024-09-23,2024-10-04,568.25,141,-518515,42652323,-9221132,0.496397347455143,93.7499324479935,-2.44900224347621
551.25,554,816,765,460224,210375,2024-09-23,2024-10-11,568.25,-51,-249849,21637681,-6773517,0.972262230874002,89.9387415869566,-1.18763636363636
564,576,53,174,86549,208800,2024-09-23,2024-10-18,568.25,121,122251,254891149,-114051841,0.0819173207148123,97.9465689489281,0.585493295019157
559.97,568,54,258,67824,207174,2024-09-23,2024-10-25,568.25,204,139350,11478818,-259662,1.80483739702119,59.6830178856395,0.672623012540184
509.06,510,2067,2159,310050,202946,2024-09-23,2024-10-25,568.25,92,-107104,11478818,-259662,1.76800433633498,61.4510222219744,-0.527746297044534
419.99,420,202403,202443,1214418,202443,2024-09-23,2024-09-27,568.25,40,-1011975,30027419,-23920102,0.674193809331398,90.3955115156584,-4.9988144811132
249.86,250,13968,14020,265392,196280,2024-09-23,2024-12-20,568.25,52,-69112,441088651,-174876410,0.0444989912016576,99.4650735187471,-0.352109231709802
559.43,566,83,293,93209,192501,2024-09-23,2024-10-25,568.25,210,99292,11478818,-259662,1.67701064691504,63.1280328688895,0.515799917922504
554.03,559,247,385,221559,191345,2024-09-23,2024-10-25,568.25,138,-30214,11478818,-259662,1.66693992360537,64.7949727924948,-0.157903263738274
551.48,553,871,1249,384982,189848,2024-09-23,2024-10-04,568.25,378,-195134,42652323,-9221132,0.445105885557511,94.195038333551,-1.02784332729341
509.67,512,395,813,134300,189429,2024-09-23,2024-11-15,568.25,418,55129,346960404,13339482,0.0545967199185069,98.7799916211765,0.291027245036399
546.99,551,439,469,275692,188069,2024-09-23,2024-10-25,568.25,30,-87623,11478818,-259662,1.63840039976241,66.4333731922573,-0.465908788795602
409.63,410,4956,5008,292404,185296,2024-09-23,2024-11-15,568.25,52,-107108,346960404,13339482,0.0534055177085856,98.8333971388851,-0.578037302478197
269.82,270,10242,10263,256050,184734,2024-09-23,2024-12-20,568.25,21,-71316,441088651,-174876410,0.0418813768119371,99.5069548955591,-0.3860469648251
556.58,559,685,756,403465,182952,2024-09-23,2024-10-04,568.25,71,-220513,42652323,-9221132,0.428937950226064,94.6239762837771,-1.20530521666885
507.33,508,2676,2693,302388,180431,2024-09-23,2024-10-18,568.25,17,-121957,254891149,-114051841,0.0707874717140531,98.0173564206421,-0.675920434958515
504.15,505,919,2109,130498,179265,2024-09-23,2024-10-25,568.25,1190,48767,11478818,-259662,1.56170260735905,67.9950757996163,0.272038602069562
566.98,574,140,253,201600,177606,2024-09-23,2024-09-27,568.25,113,-23994,30027419,-23920102,0.591479407537491,90.9869909231959,-0.1350967872707
442.76,443,10713,7285,374955,174840,2024-09-23,2024-10-18,568.25,-3428,-200115,254891149,-114051841,0.0685939863686675,98.0859504070108,-1.14456074124914
518.73,520,1331,1369,271524,173863,2024-09-23,2024-10-25,568.25,38,-97661,11478818,-259662,1.51464201279261,69.5097178124089,-0.561712382738133
349.84,350,10811,10862,270275,173792,2024-09-23,2024-11-15,568.25,51,-96483,346960404,13339482,0.0500898655859301,98.883487004471,-0.555163643896152
546.79,547,8030,8236,1292830,172956,2024-09-23,2024-09-27,568.25,206,-1119874,30027419,-23920102,0.575993561084954,91.5629844842809,-6.47490691274081
564.19,572,16,220,22112,171820,2024-09-23,2024-10-11,568.25,204,149708,21637681,-6773517,0.794077701764805,90.7328192887214,0.871307181934583
556.5,562.5,276,285,276000,171000,2024-09-23,2024-10-25,568.25,9,-105000,11478818,-259662,1.48970042037429,70.9994182327832,-0.614035087719298
515.08,518,542,583,204876,170236,2024-09-23,2024-11-15,568.25,41,-34640,346960404,13339482,0.049064964773329,98.9325519692443,-0.203482224676332
565.9,574,24,208,36096,168480,2024-09-23,2024-10-04,568.25,184,132384,42652323,-9221132,0.395007793596611,95.0189840773737,0.785754985754986
514.24,517,605,599,235950,165324,2024-09-23,2024-11-15,568.25,-6,-70626,346960404,13339482,0.047649241266159,98.9802012105105,-0.427197503084852
547.79,549,1259,1326,423024,160446,2024-09-23,2024-10-04,568.25,67,-262578,42652323,-9221132,0.376171773809366,95.3951558511831,-1.63655061516024
544.87,548,550,510,305800,159630,2024-09-23,2024-10-25,568.25,-40,-146170,11478818,-259662,1.39064840996695,72.3900666427501,-0.915680010023179
544.82,545,3945,8783,540465,158094,2024-09-23,2024-09-27,568.25,4838,-382371,30027419,-23920102,0.526498797648909,92.0894832819298,-2.41863068807165
532.99,535,848,767,294256,154167,2024-09-23,2024-10-25,568.25,-81,-140089,11478818,-259662,1.34305640180025,73.7331230445504,-0.908683440684453
534.91,535,20319,16898,1320735,152082,2024-09-23,2024-09-27,568.25,-3421,-1168653,30027419,-23920102,0.50647709681608,92.5959603787459,-7.68436106837101
354.81,355,7834,7894,227186,149986,2024-09-23,2024-11-15,568.25,60,-77200,346960404,13339482,0.0432285639141693,99.0234297744247,-0.514714706705959
553.49,554,1907,2932,566379,149532,2024-09-23,2024-09-27,568.25,1025,-416847,30027419,-23920102,0.497984858438882,93.0939452371847,-2.78767755396838
567.68,580,133,121,240730,149072,2024-09-23,2024-09-27,568.25,-12,-91658,30027419,-23920102,0.496452925241427,93.5903981624261,-0.614857250187829
561.09,569,32,188,36864,148708,2024-09-23,2024-10-25,568.25,156,111844,11478818,-259662,1.29549924042702,75.0286222849774,0.752104795976007
563.2,572,16,168,22800,147840,2024-09-23,2024-10-25,568.25,152,125040,11478818,-259662,1.28793748624641,76.3165597712238,0.845779220779221
517.12,518,1178,1676,182590,147488,2024-09-23,2024-10-18,568.25,498,-35102,254891149,-114051841,0.0578631312144935,98.1438135382253,-0.237999023649382
505.36,506,2037,2304,195552,147456,2024-09-23,2024-10-18,568.25,267,-48096,254891149,-114051841,0.0578505768358398,98.2016641150611,-0.326171875
524.32,525,2089,2157,288282,146676,2024-09-23,2024-10-11,568.25,68,-141606,21637681,-6773517,0.677873012362092,91.4106923010835,-0.965434017835228
424.82,425,8102,8122,234958,146196,2024-09-23,2024-10-18,568.25,20,-88762,254891149,-114051841,0.0573562481763539,98.2590203632375,-0.607143834304632
513.43,516,441,567,142443,145719,2024-09-23,2024-11-15,568.25,126,3275.99999999997,346960404,13339482,0.0419987405825133,99.0654285150072,0.0224816255944659
561.83,571,1,156,1211,143052,2024-09-23,2024-10-25,568.25,155,141841,11478818,-259662,1.24622587447593,77.5627856456998,0.991534546878058
523.03,524,1273,1464,227867,142008,2024-09-23,2024-10-18,568.25,191,-85859,254891149,-114051841,0.0557131938700626,98.3147335571076,-0.604606782716467
566.28,579,25,111,46450,141192,2024-09-23,2024-10-18,568.25,86,94742,254891149,-114051841,0.0553930572143955,98.370126614322,0.671015354977619
557.55,564,189,218,195426,140610,2024-09-23,2024-10-25,568.25,29,-54816,11478818,-259662,1.22495190706918,78.7877375527689,-0.389844250053339
374.78,375,6393,6389,230148,140558,2024-09-23,2024-11-15,568.25,-4,-89590,346960404,13339482,0.0405112509610751,99.1059397659682,-0.637388124475306
536.68,539,594,603,201366,139896,2024-09-23,2024-10-25,568.25,9,-61470,11478818,-259662,1.21873175443674,80.0064693072057,-0.439397838394236
533.96,535,1756,1340,370516,139360,2024-09-23,2024-10-11,568.25,-416,-231156,21637681,-6773517,0.644061625642785,92.0547539267262,-1.65869690011481
568.28,582,131,101,227547,138572,2024-09-23,2024-09-27,568.25,-30,-88975,30027419,-23920102,0.46148488486473,94.0518830472909,-0.642084981092862
344.84,345,8538,8601,221988,137616,2024-09-23,2024-11-15,568.25,63,-84372,346960404,13339482,0.0396633155868703,99.1456030815551,-0.613097314265783
556.11,562,217,231,207886,136059,2024-09-23,2024-10-25,568.25,14,-71827,11478818,-259662,1.18530496781115,81.1917742750168,-0.527910685805423
500.18,502,659,747,181225,135954,2024-09-23,2024-11-15,568.25,88,-45271,346960404,13339482,0.0391842983904296,99.1847873799455,-0.332987628168351
534.55,535,2402,3020,324270,135900,2024-09-23,2024-10-04,568.25,618,-188370,42652323,-9221132,0.318622739492993,95.7137785906761,-1.38609271523179
502,504,679,679,166355,135800,2024-09-23,2024-11-15,568.25,0,-30555,346960404,13339482,0.0391399129221673,99.2239272928677,-0.225
553.35,558,212,290,181260,134850,2024-09-23,2024-10-25,568.25,78,-46410,11478818,-259662,1.17477252448815,82.366546799505,-0.344160177975528
566.96,595,32,48,116000,134592,2024-09-23,2024-12-20,568.25,16,18592,441088651,-174876410,0.0305135939668509,99.5374684895259,0.138135996195911
563.2,575,14,114,23674,134520,2024-09-23,2024-10-25,568.25,100,110846,11478818,-259662,1.17189766402778,83.5384444635328,0.824011299435028
309.7,310,4446,4461,173394,133830,2024-09-23,2024-12-20,568.25,15,-39564,441088651,-174876410,0.030340839578754,99.5678093291047,-0.295628782784129
520.88,524,397,424,186193,132288,2024-09-23,2024-11-15,568.25,27,-53905,346960404,13339482,0.0381276936719269,99.2620549865396,-0.407482160135462
546.93,548,972,1232,290628,131824,2024-09-23,2024-10-04,568.25,260,-158804,42652323,-9221132,0.30906640184639,96.0228449925224,-1.2046668284986
264.83,265,7725,7725,177675,131325,2024-09-23,2024-12-20,568.25,0,-46350,441088651,-174876410,0.02977292653127,99.597582255636,-0.352941176470588
563.27,579,30,82,57390,128986,2024-09-23,2024-11-15,568.25,52,71596,346960404,13339482,0.0371760000602259,99.2992309865998,0.555067991875087
553.1,556,310,444,186000,128760,2024-09-23,2024-10-11,568.25,134,-57240,21637681,-6773517,0.595073011752045,92.6498269384783,-0.444547996272134
539.81,542.5,470,472,184710,126968,2024-09-23,2024-10-25,568.25,2,-57742,11478818,-259662,1.10610691797709,84.6445513815098,-0.454776006552832
434.44,435,2186,2226,174880,124656,2024-09-23,2024-11-15,568.25,40,-50224,346960404,13339482,0.0359280190370081,99.3351590056369,-0.402900782954691
516.19,517,1577,1520,234973,123120,2024-09-23,2024-10-18,568.25,-57,-111853,254891149,-114051841,0.0483029718697686,98.4184295861917,-0.908487654320988
569.05,590,29,58,77894,121510,2024-09-23,2024-10-18,568.25,29,43616,254891149,-114051841,0.0476713296937588,98.4661009158855,0.358949880668258
541.87,542,9423,9326,1008261,121238,2024-09-23,2024-09-27,568.25,-97,-887023,30027419,-23920102,0.403757645637142,94.455640692928,-7.31637770336033
554.66,561,174,191,168780,121094,2024-09-23,2024-10-25,568.25,17,-47686,11478818,-259662,1.05493440178248,85.6994857832923,-0.39379325152361
529.93,530,19841,17110,952368,119770,2024-09-23,2024-09-27,568.25,-2731,-832598,30027419,-23920102,0.398868780563524,94.8545094734916,-6.95164064456876
567.79,600,39,37,155727,119177,2024-09-23,2024-11-15,568.25,-2,-36550,346960404,13339482,0.0343488763057816,99.3695078819426,-0.306686692902154
508.74,511,488,516,153232,116616,2024-09-23,2024-11-15,568.25,28,-36616,346960404,13339482,0.0336107517329268,99.4031186336756,-0.313987788982644
537.46,538,801,2158,134568,116532,2024-09-23,2024-10-04,568.25,1357,-18036,42652323,-9221132,0.273213723904323,96.2960587164268,-0.154772937905468
359.8,360,5754,5810,161112,116200,2024-09-23,2024-11-15,568.25,56,-44912,346960404,13339482,0.0334908533251535,99.4366094870007,-0.386506024096386
543.18,544,1053,1413,267462,115866,2024-09-23,2024-10-04,568.25,360,-151596,42652323,-9221132,0.27165226147237,96.5677109778991,-1.30837346590026
564.12,573,9,130,10467,115440,2024-09-23,2024-10-11,568.25,121,104973,21637681,-6773517,0.533513734674247,93.1833406731525,0.909329521829522
314.69,315,3629,3698,156047,114638,2024-09-23,2024-12-20,568.25,69,-41409,441088651,-174876410,0.0259897868013838,99.6235720424373,-0.361215303825957
535.77,538,98,514,35378,114622,2024-09-23,2024-10-25,568.25,416,79244,11478818,-259662,0.998552289965744,86.6980380732581,0.691350700563592
504.84,505,6368,7105,261088,113680,2024-09-23,2024-10-04,568.25,737,-147408,42652323,-9221132,0.266527100997524,96.8342380788967,-1.29669247009148
444.77,445,4875,4884,165750,112332,2024-09-23,2024-10-18,568.25,9,-53418,254891149,-114051841,0.04407057696617,98.5101714928516,-0.475536801623758
546.85,549,418,519,174724,111585,2024-09-23,2024-10-11,568.25,101,-63139,21637681,-6773517,0.515697592547002,93.6990382656995,-0.565837702200116
289.78,290,5043,5056,151290,111232,2024-09-23,2024-12-20,568.25,13,-40058,441088651,-174876410,0.025217606426242,99.6487896488636,-0.360130178365938
519.44,520,1831,1981,206903,110936,2024-09-23,2024-10-11,568.25,150,-95967,21637681,-6773517,0.512698195338031,94.2117364610376,-0.865066344559025
516.2,519,387,395,148221,110600,2024-09-23,2024-11-15,568.25,8,-37621,346960404,13339482,0.0318768362974353,99.4684863232982,-0.340153707052441
484.88,485,8926,9197,249928,110364,2024-09-23,2024-10-04,568.25,271,-139564,42652323,-9221132,0.258752612372367,97.092990691269,-1.26457902939364
334.86,335,7814,7823,195350,109522,2024-09-23,2024-11-15,568.25,9,-85828,346960404,13339482,0.0315661380195995,99.5000524613178,-0.783659903946239
514.53,515,2130,2279,202350,107113,2024-09-23,2024-10-11,568.25,149,-95237,21637681,-6773517,0.495029943365927,94.7067664044035,-0.88912643656699
294.75,295,4268,4267,136576,106675,2024-09-23,2024-12-20,568.25,-1,-29901,441088651,-174876410,0.0241844807745915,99.6729741296382,-0.280299976564331
565.8,580,25,75,51700,106500,2024-09-23,2024-10-25,568.25,50,54800,11478818,-259662,0.927795875847147,87.6258339491052,0.514553990610329
284.78,285,4711,4726,127197,103972,2024-09-23,2024-12-20,568.25,15,-23225,441088651,-174876410,0.0235716787916178,99.6965458084298,-0.223377447774401
279.79,280,4827,4859,144810,102039,2024-09-23,2024-12-20,568.25,32,-42771,441088651,-174876410,0.0231334448911042,99.7196792533209,-0.419163261106048
369.99,370,100744,101550,302232,101550,2024-09-23,2024-09-27,568.25,806,-200682,30027419,-23920102,0.338190904786056,95.1927003782776,-1.97618906942393
499.23,500,1143,1299,139446,100023,2024-09-23,2024-10-25,568.25,156,-39423,11478818,-259662,0.871370205538584,88.4972041546438,-0.394139347949972
545.1,546,711,1109,204057,99810,2024-09-23,2024-10-04,568.25,398,-104247,42652323,-9221132,0.234008356356112,97.3269990476251,-1.04445446348061
379.88,380,8984,8272,170696,99264,2024-09-23,2024-10-18,568.25,-712,-71432,254891149,-114051841,0.0389436825835016,98.5491151754352,-0.71961637653127
259.84,260,6176,6195,135872,99120,2024-09-23,2024-12-20,568.25,19,-36752,441088651,-174876410,0.0224716731603235,99.7421509264812,-0.370782889426957
304.74,305,3799,3811,136764,99086,2024-09-23,2024-12-20,568.25,12,-37678,441088651,-174876410,0.0224639649592798,99.7646148914405,-0.380255535595341
551.59,552,2274,2409,563952,98769,2024-09-23,2024-09-27,568.25,135,-465183,30027419,-23920102,0.328929369520571,95.5216297477982,-4.70980773319564
567.27,600,114,30,421800,98190,2024-09-23,2024-10-18,568.25,-84,-323610,254891149,-114051841,0.0385223262499397,98.5876375016851,-3.29575313168347
294.93,295,13994,13994,195916,97958,2024-09-23,2024-11-15,568.25,0,-97958,346960404,13339482,0.0282331928573613,99.5282856541751,-1
551.73,556,211,229,140948,97783,2024-09-23,2024-10-25,568.25,18,-43165,11478818,-259662,0.851856001201518,89.3490601558453,-0.441436650542528
377.79,378,4561,4561,95781,95781,2024-09-23,2024-10-18,568.25,0,0,254891149,-114051841,0.0375772169319226,98.625214718617,0
414.6,415,2307,2302,145341,92080,2024-09-23,2024-11-15,568.25,-5,-53261,346960404,13339482,0.0265390514129099,99.554824705588,-0.578420938314509
514.79,515,3537,4379,194535,91959,2024-09-23,2024-10-04,568.25,842,-102576,42652323,-9221132,0.215601387056925,97.5426004346821,-1.11545362607249
508.31,509,1326,1316,153816,90804,2024-09-23,2024-10-18,568.25,-10,-63012,254891149,-114051841,0.0356246187269531,98.660839337344,-0.693934187921237
541.49,543,516,596,168216,89996,2024-09-23,2024-10-11,568.25,80,-78220,21637681,-6773517,0.415922575067079,95.1226889794706,-0.869149739988444
479.5,480,1825,1787,124100,89350,2024-09-23,2024-10-25,568.25,-38,-34750,11478818,-259662,0.77839024889148,90.1274504047368,-0.388919977616116
389.88,390,7191,7437,143820,89244,2024-09-23,2024-10-18,568.25,246,-54576,254891149,-114051841,0.0350125927675896,98.6958519301115,-0.611536910044373
119.98,120,44453,44558,88906,89116,2024-09-23,2024-12-20,568.25,105,210,441088651,-174876410,0.0202036483591141,99.7848185397996,0.0023564791956551
541.27,542,1113,1219,241521,88987,2024-09-23,2024-10-04,568.25,106,-152534,42652323,-9221132,0.208633419567792,97.7512338542499,-1.71411554496724
568.04,605,90,24,390870,88704,2024-09-23,2024-12-20,568.25,-66,-302166,441088651,-174876410,0.0201102430994082,99.804928782899,-3.40645292207792
510.61,513,294,365,102018,87235,2024-09-23,2024-11-15,568.25,71,-14783,346960404,13339482,0.0251426384666073,99.5799673440546,-0.169461798590016
566.8,585,44,47,106436,85540,2024-09-23,2024-10-11,568.25,3,-20896,21637681,-6773517,0.395328870963575,95.5180178504342,-0.24428337619827
549.81,554,138,204,100602,85476,2024-09-23,2024-10-25,568.25,66,-15126,11478818,-259662,0.744641129426392,90.8720915341632,-0.176961954232767
567.75,577,81,92,132192,85100,2024-09-23,2024-09-27,568.25,11,-47092,30027419,-23920102,0.28340764152923,95.8050373893274,-0.55337250293772
564.95,583,0,47,0,84835,2024-09-23,2024-11-15,568.25,47,84835,346960404,13339482,0.0244509168832995,99.6044182609379,1
199.93,200,12059,12059,96472,84413,2024-09-23,2024-12-20,568.25,0,-12059,441088651,-174876410,0.0191374227853348,99.8240662056843,-0.142857142857143
524.71,525,4302,2901,348462,84129,2024-09-23,2024-10-04,568.25,-1401,-264333,42652323,-9221132,0.197243653059647,97.9484775073095,-3.14199622009058
364.8,365,4146,4201,120234,84020,2024-09-23,2024-11-15,568.25,55,-36214,346960404,13339482,0.0242160197623012,99.6286342807002,-0.431016424660795
501.46,502,1587,1554,153939,83916,2024-09-23,2024-10-18,568.25,-33,-70023,254891149,-114051841,0.0329222887217634,98.7287742188333,-0.834441584441584
568.14,620,80,16,475920,82976,2024-09-23,2024-12-20,568.25,-64,-392944,441088651,-174876410,0.018811637935341,99.8428778436197,-4.73563440030852
563.89,584,0,41,0,82451,2024-09-23,2024-11-15,568.25,41,82451,346960404,13339482,0.0237638067772137,99.6523980874774,1
565.52,577,43,71,72842,81508,2024-09-23,2024-10-18,568.25,28,8666,254891149,-114051841,0.0319775717280791,98.7607517905614,0.106320851940914
503.42,504,1425,1405,142500,81490,2024-09-23,2024-10-18,568.25,-20,-61010,254891149,-114051841,0.0319705098900865,98.7927223004515,-0.748680819732483
511.25,512,1016,1085,127000,81375,2024-09-23,2024-10-18,568.25,69,-45625,254891149,-114051841,0.0319253925918,98.8246476930433,-0.560675883256528
395.75,396,3205,3205,80125,80125,2024-09-23,2024-10-18,568.25,0,0,254891149,-114051841,0.0314349871756434,98.8560826802189,0
509.81,510,3399,4117,159753,78223,2024-09-23,2024-10-04,568.25,718,-81530,42652323,-9221132,0.183396810532453,98.131874317842,-1.04227656827276
500.47,501,1160,1454,107880,77062,2024-09-23,2024-10-18,568.25,294,-30818,254891149,-114051841,0.030233297743893,98.8863159779628,-0.399911759362591
548.8,551,333,344,160839,75680,2024-09-23,2024-10-11,568.25,11,-85159,21637681,-6773517,0.349760216910491,95.8677780673447,-1.12525105708245
358.88,359,6170,6287,111060,75444,2024-09-23,2024-10-18,568.25,117,-35616,254891149,-114051841,0.0295985169732198,98.915914494936,-0.472085255288691
540.57,542,471,527,141300,75361,2024-09-23,2024-10-11,568.25,56,-65939,21637681,-6773517,0.34828593692642,96.2160640042711,-0.874975119756904
376.9,377,7517,7517,127789,75170,2024-09-23,2024-10-18,568.25,0,-52619,254891149,-114051841,0.0294910201059983,98.945405515042,-0.7
512.23,513,807,971,107331,74767,2024-09-23,2024-10-18,568.25,164,-32564,254891149,-114051841,0.0293329133998294,98.9747384284419,-0.435539743469713
503.9,506,317,356,92247,74760,2024-09-23,2024-11-15,568.25,39,-17487,346960404,13339482,0.0215471273200385,99.6739452147975,-0.233908507223114
269.95,270,15067,14920,90402,74600,2024-09-23,2024-11-15,568.25,-147,-15802,346960404,13339482,0.021501012547818,99.6954462273453,-0.211823056300268
567.2,578,4,69,6992,74520,2024-09-23,2024-10-04,568.25,65,67528,42652323,-9221132,0.17471498562927,98.3065893034712,0.906172839506173
541.22,544,251,268,124496,74504,2024-09-23,2024-10-25,568.25,17,-49992,11478818,-259662,0.649056374968224,91.5211479091314,-0.670997530333942
329.87,330,5693,5708,108167,74204,2024-09-23,2024-11-15,568.25,15,-33963,346960404,13339482,0.0213868784865722,99.7168331058319,-0.457697698237292
519.74,520,2776,2844,185992,73944,2024-09-23,2024-10-04,568.25,68,-112048,42652323,-9221132,0.173364531634068,98.4799538351053,-1.51530888239749
369.9,370,7321,7322,117136,73220,2024-09-23,2024-10-18,568.25,1,-43916,254891149,-114051841,0.0287259876567938,99.0034644160987,-0.599781480469817
374.89,375,6643,6645,112931,73095,2024-09-23,2024-10-18,568.25,2,-39836,254891149,-114051841,0.0286769471151782,99.0321413632138,-0.544989397359601
309.9,310,7273,7283,101822,72830,2024-09-23,2024-11-15,568.25,10,-28992,346960404,13339482,0.0209908678801285,99.737823973712,-0.398077715227242
439.79,440,3512,3397,122920,71337,2024-09-23,2024-10-18,568.25,-115,-51583,254891149,-114051841,0.0279872409378954,99.0601286041517,-0.723089000098126
509.57,510,1551,1656,130284,71208,2024-09-23,2024-10-11,568.25,105,-59076,21637681,-6773517,0.329092567729416,96.5451565720005,-0.829625884732052
299.92,300,8791,8838,123074,70704,2024-09-23,2024-11-15,568.25,47,-52370,346960404,13339482,0.0203781178442483,99.7582020915562,-0.740693595836162
304.95,305,14070,14052,126630,70260,2024-09-23,2024-10-18,568.25,-18,-56370,254891149,-114051841,0.0275647076313348,99.0876933117831,-0.802305721605466
400.86,401,4857,4884,106854,68376,2024-09-23,2024-10-18,568.25,27,-38478,254891149,-114051841,0.0268255685881035,99.1145188803712,-0.562741312741312
539.39,542,257,261,117449,68121,2024-09-23,2024-10-25,568.25,4,-49328,11478818,-259662,0.593449604305949,92.1145975134374,-0.72412325127347
548.23,552,149,177,80013,66729,2024-09-23,2024-10-25,568.25,28,-13284,11478818,-259662,0.5813229201822,92.6959204336196,-0.19907386593535
384.74,385,2508,2563,105336,66638,2024-09-23,2024-11-15,568.25,55,-38698,346960404,13339482,0.0192062261951943,99.7774083177514,-0.580719709475074
439.94,440,5846,11021,87690,66126,2024-09-23,2024-10-04,568.25,5175,-21564,42652323,-9221132,0.155034932095023,98.6349887672003,-0.326104709191543
542.27,543,696,895,162864,65335,2024-09-23,2024-10-04,568.25,199,-97529,42652323,-9221132,0.153180402389807,98.7881691695901,-1.49275273589959
372.87,373,3750,4986,63750,64818,2024-09-23,2024-10-18,568.25,1236,1068.00000000001,254891149,-114051841,0.0254296786115551,99.1399485589827,0.0164769045635473
534.95,537,99,316,32670,64780,2024-09-23,2024-10-25,568.25,217,32110,11478818,-259662,0.564343820069279,93.2602642536888,0.49567767829577
394.7,395,2188,2153,94084,64590,2024-09-23,2024-11-15,568.25,-35,-29494,346960404,13339482,0.0186159571107716,99.7960242748622,-0.456634153893792
535.89,537,469,580,112091,64380,2024-09-23,2024-10-11,568.25,111,-47711,21637681,-6773517,0.297536505876023,96.8426930778765,-0.741084187635912
543.98,547,197,212,107562,64024,2024-09-23,2024-10-25,568.25,15,-43538,11478818,-259662,0.557757776105519,93.8180220297943,-0.68002624015994
499.66,500,2052,1863,127224,63342,2024-09-23,2024-10-11,568.25,-189,-63882,21637681,-6773517,0.292739318968609,97.1354323968451,-1.00852514919011
239.88,240,5241,5249,94338,62988,2024-09-23,2024-12-20,568.25,8,-31350,441088651,-174876410,0.0142801225688303,99.8571579661885,-0.497713850257192
429.82,430,3342,3466,106944,62388,2024-09-23,2024-10-18,568.25,124,-44556,254891149,-114051841,0.0244763304825465,99.1644248894653,-0.714175803039046
505.83,508,272,287,83504,62279,2024-09-23,2024-11-15,568.25,15,-21225,346960404,13339482,0.0179498868695115,99.8139741617317,-0.340805086786878
484.47,485,1156,1159,99416,61427,2024-09-23,2024-10-25,568.25,3,-37989,11478818,-259662,0.535133495452232,94.3531555252466,-0.618441401989353
505.06,507,212,312,58088,60528,2024-09-23,2024-11-15,568.25,100,2440,346960404,13339482,0.0174452183310232,99.8314193800628,0.0403119217552207
538.42,539,1102,1024,207176,59392,2024-09-23,2024-10-04,568.25,-78,-147784,42652323,-9221132,0.139246811949727,98.9274159815399,-2.48828125
539.7,541,430,454,129000,59020,2024-09-23,2024-10-11,568.25,24,-69980,21637681,-6773517,0.272764904889762,97.4081973017349,-1.18569976279227
568.2,578,29,60,48575,58800,2024-09-23,2024-09-27,568.25,31,10225,30027419,-23920102,0.195821026109503,96.0008584154369,0.173894557823129
204.93,205,8261,8257,82610,57799,2024-09-23,2024-12-20,568.25,-4,-24811,441088651,-174876410,0.0131037150624853,99.870261681251,-0.429263482067164
552.92,557.5,73,124,50005,56792,2024-09-23,2024-10-25,568.25,51,6787,11478818,-259662,0.49475477353156,94.8479102987782,0.11950626848852
568.19,590,301,26,850626,56706,2024-09-23,2024-09-27,568.25,-275,-793920,30027419,-23920102,0.188847399771522,96.1897058152084,-14.0006348534547
499.85,500,3554,3679,124390,55185,2024-09-23,2024-10-04,568.25,125,-69205,42652323,-9221132,0.129383339800742,99.0567993213406,-1.25405454380719
189.92,190,6833,6833,54664,54664,2024-09-23,2024-12-20,568.25,0,0,441088651,-174876410,0.0123929735838975,99.8826546548349,0
219.92,220,6683,6683,86879,53464,2024-09-23,2024-12-20,568.25,0,-33415,441088651,-174876410,0.0121209194294142,99.8947755742643,-0.625
569.75,595,0,21,0,53025,2024-09-23,2024-10-11,568.25,21,53025,21637681,-6773517,0.245058608637404,97.6532559103723,1
548.64,552.5,57,136,38760,52496,2024-09-23,2024-10-25,568.25,79,13736,11478818,-259662,0.457329317356543,95.3052396161347,0.261658031088083
284.94,285,8644,8644,95084,51864,2024-09-23,2024-11-15,568.25,0,-43220,346960404,13339482,0.0149481034152819,99.846367483478,-0.833333333333333
524.93,525,7183,7400,265771,51800,2024-09-23,2024-09-27,568.25,217,-213971,30027419,-23920102,0.172508999191705,96.3622148144001,-4.13071428571429
394.87,395,3935,3936,82635,51168,2024-09-23,2024-10-18,568.25,1,-31467,254891149,-114051841,0.0200744514671241,99.1844993409324,-0.614974202626642
540.33,543,185,191,86210,50997,2024-09-23,2024-10-25,568.25,6,-35213,11478818,-259662,0.444270481507765,95.7495100976425,-0.690491597544954
396.84,397,3168,3167,79200,50672,2024-09-23,2024-10-18,568.25,-1,-28528,254891149,-114051841,0.0198798585979931,99.2043791995304,-0.56299336911904
129.98,130,19693,25320,39386,50640,2024-09-23,2024-12-20,568.25,5627,11254,441088651,-174876410,0.0114806853191968,99.9062562595835,0.222235387045814
402.87,403,3836,3856,107408,50128,2024-09-23,2024-10-18,568.25,20,-57280,254891149,-114051841,0.0196664341608818,99.2240456336913,-1.14267475263326
426.79,427,2371,2367,73501,49707,2024-09-23,2024-10-18,568.25,-4,-23794,254891149,-114051841,0.0195012656167202,99.243546899308,-0.478685094654676
519.03,522,154,167,63756,49599,2024-09-23,2024-11-15,568.25,13,-14157,346960404,13339482,0.0142952911710352,99.8606627746491,-0.285429141716567
379.75,380,1933,1967,77320,49175,2024-09-23,2024-11-15,568.25,34,-28145,346960404,13339482,0.0141730870246508,99.8748358616737,-0.572343670564311
549,553,90,122,62550,48800,2024-09-23,2024-10-25,568.25,32,-13750,11478818,-259662,0.425130880200383,96.1746409778429,-0.281762295081967
540.35,541,673,745,140657,48425,2024-09-23,2024-10-04,568.25,72,-92232,42652323,-9221132,0.113534261662606,99.1703335830032,-1.90463603510583
517.36,517.5,3260,3379,94540,47306,2024-09-23,2024-09-27,568.25,119,-47234,30027419,-23920102,0.157542677910479,96.5197574923106,-0.998477994334756
414.84,415,2950,2951,79650,47216,2024-09-23,2024-10-18,568.25,1,-32434,254891149,-114051841,0.0185239857034031,99.2620708850114,-0.686928159945781
536.89,538,473,422,119669,46842,2024-09-23,2024-10-11,568.25,-51,-72827,21637681,-6773517,0.216483457723589,97.8697393680959,-1.55473720165663
548.73,549,1427,1732,273984,46764,2024-09-23,2024-09-27,568.25,305,-227220,30027419,-23920102,0.15573766096913,96.6754951532798,-4.85886579420067
434.79,435,2219,2216,75446,46536,2024-09-23,2024-10-18,568.25,-3,-28910,254891149,-114051841,0.0182572051570139,99.2803280901684,-0.621239470517449
264.96,265,11668,11516,81676,46064,2024-09-23,2024-11-15,568.25,-152,-35612,346960404,13339482,0.013276442922288,99.888112304596,-0.773098298020146
543.08,546,125,157,62125,45844,2024-09-23,2024-10-25,568.25,32,-16281,11478818,-259662,0.399379099834147,96.574020077677,-0.355139167611901
514.95,515,8909,8873,231634,44365,2024-09-23,2024-09-27,568.25,-36,-187269,30027419,-23920102,0.147748296315444,96.8232434495952,-4.22109771216049
543.85,544,2547,2886,328563,43290,2024-09-23,2024-09-27,568.25,339,-285273,30027419,-23920102,0.144168235038782,96.967411684634,-6.58981288981289
469.9,470,4093,4325,94139,43250,2024-09-23,2024-10-04,568.25,232,-50889,42652323,-9221132,0.101401276549462,99.2717348595527,-1.17662427745665
360.9,361,1889,4319,32113,43190,2024-09-23,2024-10-18,568.25,2430,11077,254891149,-114051841,0.0169444879390457,99.2972725781075,0.256471405417921
545.81,546,2000,2245,296000,42655,2024-09-23,2024-09-27,568.25,245,-253345,30027419,-23920102,0.142053501168382,97.1094651858024,-5.93939749150158
545.77,549,89,132,48505,42636,2024-09-23,2024-10-25,568.25,43,-5869,11478818,-259662,0.37143197147999,96.945452049157,-0.137653626043719
350.92,351,579,5329,9843,42632,2024-09-23,2024-10-18,568.25,4750,32789,254891149,-114051841,0.0167255709612734,99.3139981490687,0.769117095139801
494.86,495,2849,3038,96866,42532,2024-09-23,2024-10-04,568.25,189,-54334,42652323,-9221132,0.0997178981318321,99.3714527576845,-1.27748518762344
229.89,230,3851,3858,57765,42438,2024-09-23,2024-12-20,568.25,7,-15327,441088651,-174876410,0.00962119517330316,99.9158774547568,-0.361162165983317
351.92,352,5290,5287,89930,42296,2024-09-23,2024-10-18,568.25,-3,-47634,254891149,-114051841,0.0165937499854104,99.3305918990541,-1.12620578778135
489.75,490,1678,1686,85578,42150,2024-09-23,2024-10-11,568.25,8,-43428,21637681,-6773517,0.194799063725914,98.0645384318218,-1.03032028469751
431.79,432,602,2004,19264,42084,2024-09-23,2024-10-18,568.25,1402,22820,254891149,-114051841,0.0165105772268303,99.347102476281,0.542248835662009
504.64,505,1408,1167,98560,42012,2024-09-23,2024-10-11,568.25,-241,-56548,21637681,-6773517,0.194161287431865,98.2586997192536,-1.3459963819861
484.76,485,1740,1745,81780,41880,2024-09-23,2024-10-11,568.25,5,-39900,21637681,-6773517,0.193551240541905,98.4522509597956,-0.952722063037249
254.85,255,2760,2776,55200,41640,2024-09-23,2024-12-20,568.25,16,-13560,441088651,-174876410,0.00944027916057174,99.9253177339174,-0.325648414985591
568.51,610,227,10,1103220,41490,2024-09-23,2024-12-20,568.25,-217,-1061730,441088651,-174876410,0.00940627239126132,99.9347240063087,-25.590021691974
454.92,455,5191,5128,98629,41024,2024-09-23,2024-10-04,568.25,-63,-57605,42652323,-9221132,0.0961823345471711,99.4676350922317,-1.40417804212169
537.9,538,3188,4068,258228,40680,2024-09-23,2024-09-27,568.25,880,-217548,30027419,-23920102,0.135476179288003,97.2449413650904,-5.34778761061947
563.37,576,0,32,0,40416,2024-09-23,2024-10-25,568.25,32,40416,11478818,-259662,0.352092001110219,97.2975440502672,1
413.84,414,2485,2490,67095,39840,2024-09-23,2024-10-18,568.25,5,-27255,254891149,-114051841,0.0156302014237458,99.3627326777047,-0.684111445783133
540.88,541,3364,3315,333036,39780,2024-09-23,2024-09-27,568.25,-49,-293256,30027419,-23920102,0.132478918684287,97.3774202837746,-7.37194570135747
566.95,579,1,33,1600,39765,2024-09-23,2024-10-04,568.25,32,38165,42652323,-9221132,0.0932305609708526,99.5608656532025,0.959763611215893
536.9,537,3971,3976,293854,39760,2024-09-23,2024-09-27,568.25,5,-254094,30027419,-23920102,0.132412312893093,97.5098325966677,-6.39069416498994
469.58,470,216,930,13608,39060,2024-09-23,2024-10-25,568.25,714,25452,11478818,-259662,0.340278938127602,97.6378229883948,0.651612903225806
378.89,379,3789,3542,83358,38962,2024-09-23,2024-10-18,568.25,-247,-44396,254891149,-114051841,0.0152857406594373,99.3780184183642,-1.13946922642575
506.74,509,182,172,53690,38872,2024-09-23,2024-11-15,568.25,-10,-14818,346960404,13339482,0.0112035839109756,99.899315888507,-0.381199835357069
309.96,310,9493,9488,85437,37952,2024-09-23,2024-10-18,568.25,-5,-47485,254891149,-114051841,0.0148894930831827,99.3929079114473,-1.25118570826307
566.33,577,17,35,28798,37345,2024-09-23,2024-10-11,568.25,18,8547,21637681,-6773517,0.172592432617895,98.6248433924135,0.228865979381443
361.91,362,531,4148,9027,37332,2024-09-23,2024-10-18,568.25,3617,28305,254891149,-114051841,0.014646251996769,99.4075541634441,0.758196721311475
542.87,543,2917,2856,338372,37128,2024-09-23,2024-09-27,568.25,-61,-301244,30027419,-23920102,0.123646990772001,97.6334795874397,-8.11366084895497
499.96,500,9317,9168,177023,36672,2024-09-23,2024-09-27,568.25,-149,-140351,30027419,-23920102,0.122128378732784,97.7556079661725,-3.82719786212915
380.85,381,2442,2444,53724,36660,2024-09-23,2024-10-18,568.25,2,-17064,254891149,-114051841,0.0143826100450432,99.4219367734891,-0.465466448445172
566.73,600,15,11,54195,36597,2024-09-23,2024-09-27,568.25,-4,-17598,30027419,-23920102,0.121878607015808,97.8774865731883,-0.480859086810395
440.78,441,1646,1658,59256,36476,2024-09-23,2024-10-18,568.25,12,-22780,254891149,-114051841,0.0143104223677849,99.4362471958569,-0.624520232481632
544.38,547.5,95,116,49875,36192,2024-09-23,2024-10-25,568.25,21,-13683,11478818,-259662,0.315293787217464,97.9531167756123,-0.378066976127321
441.78,442,1915,1630,68940,35860,2024-09-23,2024-10-18,568.25,-285,-33080,254891149,-114051841,0.0140687505787029,99.4503159464356,-0.922476296709426
538.53,541,156,144,67392,35568,2024-09-23,2024-10-25,568.25,-12,-31824,11478818,-259662,0.309857687437853,98.2629744630501,-0.894736842105263
415.84,416,2211,2209,70752,35344,2024-09-23,2024-10-18,568.25,-2,-35408,254891149,-114051841,0.0138663112229134,99.4641822576586,-1.00181077410593
566.65,610,12,8,57816,34680,2024-09-23,2024-11-15,568.25,-4,-23136,346960404,13339482,0.00999537687879796,99.9093112653858,-0.667128027681661
274.93,275,4940,4954,49400,34678,2024-09-23,2024-11-15,568.25,14,-14722,346960404,13339482,0.00999480044414521,99.9193060658299,-0.424534286867755
504.94,505,5685,5732,130755,34392,2024-09-23,2024-09-27,568.25,47,-96363,30027419,-23920102,0.114535318536701,97.992021891725,-2.80190160502443
489.87,490,2443,2642,78176,34346,2024-09-23,2024-10-04,568.25,199,-43830,42652323,-9221132,0.0805255085402969,99.6413911617428,-1.27613113608572
391.88,392,2823,2823,59283,33876,2024-09-23,2024-10-18,568.25,0,-25407,254891149,-114051841,0.013290379102179,99.4774726367607,-0.75
324.88,325,2751,2774,55020,33288,2024-09-23,2024-11-15,568.25,23,-21732,346960404,13339482,0.00959417836047943,99.9289002441904,-0.652847873107426
565.62,587,0,15,0,32070,2024-09-23,2024-11-15,568.25,15,32070,346960404,13339482,0.00924312965695071,99.9381433738474,1
326.93,327,4209,4409,101016,30863,2024-09-23,2024-10-18,568.25,200,-70153,254891149,-114051841,0.012108305887075,99.4895809426478,-2.27304539416129
427.77,428,1331,1333,39930,30659,2024-09-23,2024-10-18,568.25,2,-9271,254891149,-114051841,0.0120282717231582,99.501609214371,-0.302390815095078
510.28,511,393,423,48339,30456,2024-09-23,2024-10-18,568.25,30,-17883,254891149,-114051841,0.0119486298835743,99.5135578442545,-0.587174940898345
479.89,480,2754,2762,74358,30382,2024-09-23,2024-10-04,568.25,8,-43976,42652323,-9221132,0.071231759170538,99.7126229209134,-1.44743598183135
398.87,399,2323,2328,46460,30264,2024-09-23,2024-10-18,568.25,5,-16196,254891149,-114051841,0.0118733036116527,99.5254311478662,-0.535157282579963
299.96,300,7238,7529,57904,30116,2024-09-23,2024-10-18,568.25,291,-27788,254891149,-114051841,0.0118152396103797,99.5372463874766,-0.922698897595962
397.83,398,1759,1762,35180,29954,2024-09-23,2024-10-18,568.25,3,-5226,254891149,-114051841,0.0117516830684458,99.548998070545,-0.174467516859184
516.94,517,5122,4991,158782,29946,2024-09-23,2024-09-27,568.25,-131,-128836,30027419,-23920102,0.09972885115434,98.0917507428794,-4.30227743271222
443.76,444,1127,1247,42826,29928,2024-09-23,2024-10-18,568.25,120,-12898,254891149,-114051841,0.0117414826357898,99.5607395531808,-0.43096765570703
567.6,579,9,26,15975,29640,2024-09-23,2024-09-27,568.25,17,13665,30027419,-23920102,0.0987097825490762,98.1904605254284,0.461032388663968
526.92,527,3478,3574,149554,28592,2024-09-23,2024-09-27,568.25,96,-120962,30027419,-23920102,0.0952196390905259,98.285680164519,-4.23062395075546
234.89,235,2537,2560,40592,28160,2024-09-23,2024-12-20,568.25,23,-12432,441088651,-174876410,0.00638420415854227,99.9411082104672,-0.441477272727273
517.93,518,4030,4015,116870,28105,2024-09-23,2024-09-27,568.25,-15,-88765,30027419,-23920102,0.0935977880749591,98.3792779525939,-3.15833481586906
149.97,150,9309,9309,27927,27927,2024-09-23,2024-12-20,568.25,0,0,441088651,-174876410,0.00633138031021342,99.9474395907774,0
404.62,405,726,733,34122,27854,2024-09-23,2024-11-15,568.25,7,-6268,346960404,13339482,0.00802800540893998,99.9461713792563,-0.225030516263373
375.9,376,2776,2775,58296,27750,2024-09-23,2024-10-18,568.25,-1,-30546,254891149,-114051841,0.0108870002386784,99.5716265534195,-1.10075675675676
435.78,436,1254,1254,42636,27588,2024-09-23,2024-10-18,568.25,0,-15048,254891149,-114051841,0.0108234436967444,99.5824499971162,-0.545454545454545
565.8,577,0,24,0,26880,2024-09-23,2024-10-25,568.25,24,26880,11478818,-259662,0.234170452044801,98.4971449150949,1
432.8,433,1328,1341,42496,26820,2024-09-23,2024-10-18,568.25,13,-15676,254891149,-114051841,0.0105221386090578,99.5929721357253,-0.584489187173751
399.91,400,2925,2925,43875,26325,2024-09-23,2024-10-11,568.25,0,-17550,21637681,-6773517,0.121662760440918,98.7465061528544,-0.666666666666667
474.53,475,585,554,39195,26038,2024-09-23,2024-10-25,568.25,-31,-13157,11478818,-259662,0.226835202021672,98.7239801171166,-0.50529994623243
319.88,320,2106,2123,35802,25476,2024-09-23,2024-11-15,568.25,17,-10326,346960404,13339482,0.00734262460681248,99.9535140038631,-0.405322656617994
403.87,404,1970,1959,53190,25467,2024-09-23,2024-10-18,568.25,-11,-27723,254891149,-114051841,0.00999132378660979,99.6029634595119,-1.08858522794204
519.94,520,3569,4240,110639,25440,2024-09-23,2024-09-27,568.25,671,-85199,30027419,-23920102,0.0847225663983974,98.4640005189923,-3.34901729559749
530.91,531,2847,2768,150891,24912,2024-09-23,2024-09-27,568.25,-79,-125979,30027419,-23920102,0.0829641735108835,98.5469646925032,-5.05696050096339
474.8,475,1209,1245,49569,24900,2024-09-23,2024-10-11,568.25,36,-24669,21637681,-6773517,0.115077026969757,98.8615831798241,-0.990722891566265
564.27,582,0,14,0,24822,2024-09-23,2024-11-15,568.25,14,24822,346960404,13339482,0.0071541304753611,99.9606681343385,1
433.8,434,1228,1227,40524,24540,2024-09-23,2024-10-18,568.25,-1,-15984,254891149,-114051841,0.00962763912998799,99.6125910986419,-0.651344743276284
169.96,170,6094,6103,30470,24412,2024-09-23,2024-12-20,568.25,9,-6058,441088651,-174876410,0.00553448834937265,99.9529740791268,-0.248156644273308
564.67,574,2,26,2766,24258,2024-09-23,2024-10-11,568.25,24,21492,21637681,-6773517,0.112109980732224,98.9736931605564,0.885975760573831
459.92,460,2891,3019,57820,24152,2024-09-23,2024-10-04,568.25,128,-33668,42652323,-9221132,0.0566252862710432,99.7692482071844,-1.39400463729712
244.87,245,1822,1823,34618,23699,2024-09-23,2024-12-20,568.25,1,-10919,441088651,-174876410,0.00537284283925047,99.958346921966,-0.460736739946833
411.85,412,1586,1574,45994,23610,2024-09-23,2024-10-18,568.25,-12,-22384,254891149,-114051841,0.00926277750036742,99.6218538761423,-0.948072850487081
324.93,325,3878,3356,34902,23492,2024-09-23,2024-10-18,568.25,-522,-11410,254891149,-114051841,0.00921648322908223,99.6310703593713,-0.48569725864124
404.85,405,1560,1560,32760,23400,2024-09-23,2024-10-18,568.25,0,-9360,254891149,-114051841,0.0091803893904531,99.6402507487618,-0.4
214.93,215,3323,3324,39876,23268,2024-09-23,2024-12-20,568.25,1,-16608,441088651,-174876410,0.00527513005543187,99.9636220520215,-0.713769984528107
139.98,140,11459,11456,34377,22912,2024-09-23,2024-12-20,568.25,-3,-11465,441088651,-174876410,0.00519442065626848,99.9688164726777,-0.50039280726257
464.91,465,2502,2545,47538,22905,2024-09-23,2024-10-04,568.25,43,-24633,42652323,-9221132,0.0537016471529581,99.8229498543374,-1.075442043222
405.86,406,1633,1633,40825,22862,2024-09-23,2024-10-18,568.25,0,-17963,254891149,-114051841,0.00896931889933927,99.6492200676611,-0.785714285714286
507.95,508,4533,4568,108792,22840,2024-09-23,2024-09-27,568.25,35,-85952,30027419,-23920102,0.0760638135432153,98.6230285060464,-3.76322241681261
339.94,340,3796,3806,49348,22836,2024-09-23,2024-10-18,568.25,10,-26512,254891149,-114051841,0.0089591184666832,99.6581791861278,-1.16097390085829
430.81,431,1185,1199,37920,22781,2024-09-23,2024-10-18,568.25,14,-15139,254891149,-114051841,0.00893754062837231,99.6671167267562,-0.664545015583161
421.82,422,1257,1259,41481,22662,2024-09-23,2024-10-18,568.25,2,-18819,254891149,-114051841,0.00889085403275419,99.6760075807889,-0.830420969023034
369.77,370,796,973,27064,22379,2024-09-23,2024-11-15,568.25,177,-4685,346960404,13339482,0.00645001554701902,99.9671181498855,-0.209348049510702
224.91,225,2466,2478,34524,22302,2024-09-23,2024-12-20,568.25,12,-12222,441088651,-174876410,0.00505612646107279,99.9738725991388,-0.548022598870056
335.92,336,5884,2785,82376,22280,2024-09-23,2024-10-18,568.25,-3099,-60096,254891149,-114051841,0.00874098613757671,99.6847485669265,-2.69730700179533
314.9,315,2185,2215,34960,22150,2024-09-23,2024-11-15,568.25,30,-12810,346960404,13339482,0.0063840137792784,99.9735021636648,-0.578329571106095
410.86,411,1559,1565,40534,21910,2024-09-23,2024-10-18,568.25,6,-18624,254891149,-114051841,0.00859582613439434,99.6933443930609,-0.850022820629849
419.95,420,2090,4358,27170,21790,2024-09-23,2024-10-04,568.25,2268,-5380,42652323,-9221132,0.0510874870754402,99.8740373414128,-0.246902248737953
494.73,495,828,800,48024,21600,2024-09-23,2024-10-11,568.25,-28,-26424,21637681,-6773517,0.0998258547207531,99.0735190152771,-1.22333333333333
567.7,576,4,26,5172,21580,2024-09-23,2024-09-27,568.25,22,16408,30027419,-23920102,0.0718676486980116,98.6948961547444,0.760333642261353
449.85,450,1409,1438,36634,21570,2024-09-23,2024-10-11,568.25,29,-15064,21637681,-6773517,0.0996872077003076,99.1732062229774,-0.698377375985165
412.83,413,1259,1264,39029,21488,2024-09-23,2024-10-18,568.25,5,-17541,254891149,-114051841,0.00843026526589984,99.7017746583268,-0.816316083395383
346.9,347,774,2102,6192,21020,2024-09-23,2024-10-18,568.25,1328,14828,254891149,-114051841,0.00824665747809078,99.7100213158049,0.705423406279734
209.93,210,2966,2982,29660,20874,2024-09-23,2024-12-20,568.25,16,-8786,441088651,-174876410,0.00473238201723762,99.978604981156,-0.420906390725304
388.88,389,1729,1710,31122,20520,2024-09-23,2024-10-18,568.25,-19,-10602,254891149,-114051841,0.0080504953116281,99.7180718111165,-0.516666666666667
393.81,394,1079,1079,20501,20501,2024-09-23,2024-10-18,568.25,0,0,254891149,-114051841,0.00804304114930252,99.7261148522658,0
304.92,305,2526,2535,40416,20280,2024-09-23,2024-11-15,568.25,9,-20136,346960404,13339482,0.00584504737895106,99.9793472110437,-0.992899408284024
343.91,344,2248,2248,31472,20232,2024-09-23,2024-10-18,568.25,0,-11240,254891149,-114051841,0.0079375059037456,99.7340523581696,-0.555555555555556
454.84,455,370,1264,10360,20224,2024-09-23,2024-10-11,568.25,894,9864,21637681,-6773517,0.0934665780496533,99.2666728010271,0.487737341772152
509.95,510,3934,4004,94416,20020,2024-09-23,2024-09-27,568.25,70,-74396,30027419,-23920102,0.0666723969849024,98.7615685517294,-3.71608391608392
531.92,532,3302,2438,191516,19504,2024-09-23,2024-09-27,568.25,-864,-172012,30027419,-23920102,0.0649539675721047,98.8265225193014,-8.81931911402789
469.81,470,1156,1015,43928,19285,2024-09-23,2024-10-11,568.25,-141,-24643,21637681,-6773517,0.0891269263097094,99.3557997273368,-1.27783251231527
511.94,512,3202,3187,80050,19122,2024-09-23,2024-09-27,568.25,-15,-60928,30027419,-23920102,0.0636817969603048,98.8902043162618,-3.18627758602657
535.92,536,2010,2378,150750,19024,2024-09-23,2024-09-27,568.25,368,-131726,30027419,-23920102,0.0633554285834557,98.9535597448452,-6.92420100925147
333.88,334,1581,1581,18972,18972,2024-09-23,2024-10-18,568.25,0,0,254891149,-114051841,0.00744317724425967,99.7414955354138,0
294.96,295,4349,4728,13047,18912,2024-09-23,2024-10-18,568.25,379,5865,254891149,-114051841,0.00741963778428415,99.7489151731981,0.310120558375635
565.51,576,1,18,1618,18882,2024-09-23,2024-10-11,568.25,17,17264,21637681,-6773517,0.0872644346683917,99.4430641620052,0.914309924796102
392.88,393,1561,1562,37464,18744,2024-09-23,2024-10-18,568.25,1,-18720,254891149,-114051841,0.00735372729635269,99.7562689004945,-0.998719590268886
521.93,522,2640,2649,95040,18543,2024-09-23,2024-09-27,568.25,9,-76497,30027419,-23920102,0.061753559305247,99.0153133041505,-4.12538424203203
279.94,280,3090,3089,30900,18534,2024-09-23,2024-11-15,568.25,-1,-12366,346960404,13339482,0.00534181992709462,99.9846890309708,-0.667206215603755
565.66,586,0,9,0,18306,2024-09-23,2024-11-15,568.25,9,18306,346960404,13339482,0.00527610637668038,99.9899651373475,1
438.77,439,657,778,22995,17894,2024-09-23,2024-10-18,568.25,121,-5101,254891149,-114051841,0.00702025161336614,99.7632891521078,-0.28506762043143
568.44,745,58,1,1074218,17656,2024-09-23,2024-12-20,568.25,-57,-1056562,441088651,-174876410,0.00400282345963147,99.9826078046157,-59.8415269596738
269.97,270,5473,5843,27365,17529,2024-09-23,2024-10-18,568.25,370,-9836,254891149,-114051841,0.00687705323184839,99.7701662053397,-0.561127274801757
568.23,590,1,8,2836,17416,2024-09-23,2024-10-04,568.25,7,14580,42652323,-9221132,0.0408324770493743,99.9148698184622,0.837161231051906
513.93,514,2449,2415,66123,16905,2024-09-23,2024-09-27,568.25,-34,-49218,30027419,-23920102,0.0562985450064822,99.0716118491569,-2.9114463176575
434.88,435,1378,1391,34450,16692,2024-09-23,2024-10-11,568.25,13,-17758,21637681,-6773517,0.0771432021758709,99.520207364181,-1.06386292834891
331.94,332,2780,2780,16680,16680,2024-09-23,2024-10-18,568.25,0,0,254891149,-114051841,0.00654396987319477,99.7767101752129,0
325.94,326,2736,2728,32832,16368,2024-09-23,2024-10-18,568.25,-8,-16464,254891149,-114051841,0.00642156468132207,99.7831317398942,-1.0058651026393
568.51,650,15,2,128250,16298,2024-09-23,2024-12-20,568.25,-13,-111952,441088651,-174876410,0.0036949488414745,99.9863027534572,-6.86906368879617
538.89,539,909,1454,81810,15994,2024-09-23,2024-09-27,568.25,545,-65816,30027419,-23920102,0.0532646512176088,99.1248765003746,-4.11504314117794
562.47,573,0,15,0,15795,2024-09-23,2024-10-25,568.25,15,15795,11478818,-259662,0.137601275671415,98.861581392788,1
568.56,620,2,3,11912,15432,2024-09-23,2024-10-25,568.25,1,3520,11478818,-259662,0.134438929165006,98.996020321953,0.228097459823743
356.9,357,2285,1541,38845,15410,2024-09-23,2024-10-18,568.25,-744,-23435,254891149,-114051841,0.00604571797037958,99.7891774578646,-1.52076573653472
344.9,345,1441,1511,20174,15110,2024-09-23,2024-10-18,568.25,70,-5064,254891149,-114051841,0.00592802067050198,99.7951054785351,-0.335142289874256
406.84,407,942,944,27318,15104,2024-09-23,2024-10-18,568.25,2,-12214,254891149,-114051841,0.00592566672450443,99.8010311452596,-0.808659957627119
401.85,402,1002,1002,24048,15030,2024-09-23,2024-10-18,568.25,0,-9018,254891149,-114051841,0.00589663472386795,99.8069277799835,-0.6
510.94,511,2459,2488,59016,14928,2024-09-23,2024-09-27,568.25,29,-44088,30027419,-23920102,0.0497145625469841,99.1745910629215,-2.95337620578778
422.8,423,739,740,19953,14800,2024-09-23,2024-10-18,568.25,1,-5153,254891149,-114051841,0.00580640012729512,99.8127341801107,-0.348175675675676
416.79,417,702,702,19656,14742,2024-09-23,2024-10-18,568.25,0,-4914.00000000001,254891149,-114051841,0.00578364531598545,99.8185178254267,-0.333333333333334
436.8,437,736,735,25024,14700,2024-09-23,2024-10-18,568.25,-1,-10324,254891149,-114051841,0.00576716769400259,99.8242849931207,-0.702312925170068
184.95,185,2824,2810,19768,14050,2024-09-23,2024-12-20,568.25,-14,-5718,441088651,-174876410,0.00318530072540905,99.9894880541826,-0.406975088967972
264.97,265,4619,4672,23095,14016,2024-09-23,2024-10-18,568.25,53,-9079,254891149,-114051841,0.00549881785028165,99.829783810971,-0.647759703196347
428.81,429,733,733,22723,13927,2024-09-23,2024-10-18,568.25,0,-8796,254891149,-114051841,0.0054639009846513,99.8352477119557,-0.631578947368421
390.85,391,921,923,21183,13845,2024-09-23,2024-10-18,568.25,2,-7338,254891149,-114051841,0.00543173038935142,99.840679442345,-0.530010834236187
418.83,419,828,812,20700,13804,2024-09-23,2024-10-18,568.25,-16,-6896,254891149,-114051841,0.00541564509170148,99.8460950874367,-0.499565343378731
314.95,315,2743,2734,27430,13670,2024-09-23,2024-10-18,568.25,-9,-13760,254891149,-114051841,0.00536307363108948,99.8514581610678,-1.00658376005852
437.79,438,651,650,22785,13650,2024-09-23,2024-10-18,568.25,-1,-9135,254891149,-114051841,0.00535522714443098,99.8568133882122,-0.669230769230769
417.82,418,747,747,20916,13446,2024-09-23,2024-10-18,568.25,0,-7470,254891149,-114051841,0.0052751929805142,99.8620885811928,-0.555555555555556
520.93,521,1909,1918,66815,13426,2024-09-23,2024-09-27,568.25,9,-53389,30027419,-23920102,0.0447124676283366,99.2193035305499,-3.97653806047967
159.97,160,4382,4382,17528,13146,2024-09-23,2024-12-20,568.25,0,-4382,441088651,-174876410,0.00298035326236494,99.9924684074449,-0.333333333333333
464.8,465,455,655,16835,13100,2024-09-23,2024-10-11,568.25,200,-3735,21637681,-6773517,0.0605425322611975,99.5807498964422,-0.285114503816794
562.46,581,0,7,0,12978,2024-09-23,2024-11-15,568.25,7,12978,346960404,13339482,0.00374048446173702,99.9937056218092,1
425.77,426,545,548,17985,12604,2024-09-23,2024-10-18,568.25,3,-5381,254891149,-114051841,0.00494485589219106,99.8670334370849,-0.426927959377975
194.94,195,2070,2070,14490,12420,2024-09-23,2024-12-20,568.25,0,-2070,441088651,-174876410,0.00281576049890252,99.9952841679438,-0.166666666666667
284.96,285,3078,3078,21546,12312,2024-09-23,2024-10-18,568.25,0,-9234,254891149,-114051841,0.00483029718697686,99.8718637342719,-0.75
352.83,353,722,722,12274,12274,2024-09-23,2024-10-18,568.25,0,0,254891149,-114051841,0.0048153888623257,99.8766791231342,0
371.83,372,722,722,12274,12274,2024-09-23,2024-10-18,568.25,0,0,254891149,-114051841,0.0048153888623257,99.8814945119966,0
532.92,533,1399,1530,79743,12240,2024-09-23,2024-09-27,568.25,131,-67503,30027419,-23920102,0.0407627442105497,99.2600662747604,-5.51495098039216
424.77,425,533,532,18655,12236,2024-09-23,2024-10-25,568.25,-1,-6419,11478818,-259662,0.106596341191227,99.1026166631442,-0.524599542334096
332.74,333,463,463,12038,12038,2024-09-23,2024-10-18,568.25,0,0,254891149,-114051841,0.00472280031975532,99.8862173123163,0
274.97,275,3522,3980,21132,11940,2024-09-23,2024-10-18,568.25,458,-9192,254891149,-114051841,0.00468435253512863,99.8909016648515,-0.769849246231156
566.23,590,4,5,12000,11885,2024-09-23,2024-10-25,568.25,1,-115,11478818,-259662,0.103538535065196,99.2061551982094,-0.00967606226335717
399.96,400,2798,2861,27980,11444,2024-09-23,2024-10-04,568.25,63,-16536,42652323,-9221132,0.0268308950018971,99.9417007134641,-1.44494931842013
420.84,421,720,711,20880,11376,2024-09-23,2024-10-18,568.25,-9,-9504,254891149,-114051841,0.00446308161135874,99.8953647464628,-0.835443037974684
522.95,523,1918,2242,65212,11210,2024-09-23,2024-09-27,568.25,324,-54002,30027419,-23920102,0.0373325459640737,99.2973988207245,-4.81730597680642
568.47,680,7,1,83643,11153,2024-09-23,2024-12-20,568.25,-6,-72490,441088651,-174876410,0.0025285166541272,99.997812684598,-6.4995965211154
319.95,320,1804,2216,18040,11080,2024-09-23,2024-10-18,568.25,412,-6960,254891149,-114051841,0.00434695360881284,99.8997117000716,-0.628158844765343
567.4,595,4,4,13488,11040,2024-09-23,2024-10-18,568.25,0,-2448,254891149,-114051841,0.00433126063549582,99.9040429607071,-0.221739130434783
389.92,390,1369,1372,24642,10976,2024-09-23,2024-10-11,568.25,3,-13666,21637681,-6773517,0.0507263232136568,99.6314762196559,-1.24508017492711
387.86,388,797,782,18331,10948,2024-09-23,2024-10-18,568.25,-15,-7383,254891149,-114051841,0.00429516679686669,99.908338127504,-0.67436974789916
515.94,516,1828,1823,53012,10938,2024-09-23,2024-09-27,568.25,-5,-42074,30027419,-23920102,0.0364267072038393,99.3338255279283,-3.84658987017736
449.98,450,4807,5455,48070,10910,2024-09-23,2024-09-27,568.25,648,-37160,30027419,-23920102,0.0363334590961681,99.3701589870245,-3.40604949587534
367.83,368,634,634,10778,10778,2024-09-23,2024-10-18,568.25,0,0,254891149,-114051841,0.00422847166026938,99.9125665991643,0
533.92,534,1267,1319,77287,10552,2024-09-23,2024-09-27,568.25,52,-66735,30027419,-23920102,0.0351412154338007,99.4053002024583,-6.32439347990902
439.98,440,4285,5205,34280,10410,2024-09-23,2024-09-27,568.25,920,-23870,30027419,-23920102,0.0346683143163254,99.4399685167746,-2.29298751200769
563.6,574,0,10,0,10400,2024-09-23,2024-10-25,568.25,10,10400,11478818,-259662,0.0906016629935242,99.296756861203,1
424.84,425,475,644,10925,10304,2024-09-23,2024-10-11,568.25,169,-621,21637681,-6773517,0.0476206299556778,99.6790968496116,-0.0602678571428571
494.96,495,2649,2568,42384,10272,2024-09-23,2024-09-27,568.25,-81,-32112,30027419,-23920102,0.0342087343570888,99.4741772511317,-3.12616822429907
423.82,424,568,568,17040,10224,2024-09-23,2024-10-18,568.25,0,-6816,254891149,-114051841,0.00401112397982874,99.9165777231441,-0.666666666666667
566.79,579,8,8,14904,9768,2024-09-23,2024-10-11,568.25,0,-5136,21637681,-6773517,0.0451434698570517,99.7242403194686,-0.525798525798526
404.91,405,1073,1074,20387,9666,2024-09-23,2024-10-11,568.25,1,-10721,21637681,-6773517,0.044672069987537,99.7689123894562,-1.10914545830747
179.96,180,2516,2412,12580,9648,2024-09-23,2024-12-20,568.25,-104,-2932,441088651,-174876410,0.00218731540204602,100,-0.303897180762853
407.82,408,537,532,13425,9576,2024-09-23,2024-10-18,568.25,-5,-3849,254891149,-114051841,0.00375689781209311,99.9203346209562,-0.401942355889724
259.96,260,1871,2333,11226,9332,2024-09-23,2024-11-15,568.25,462,-1894,346960404,13339482,0.0026896440897619,99.996395265899,-0.202957565366481
568.6,615,4,2,21600,9280,2024-09-23,2024-10-04,568.25,-2,-12320,42652323,-9221132,0.0217573143671448,99.9634580278312,-1.32758620689655
357.88,358,748,771,7480,9252,2024-09-23,2024-10-18,568.25,23,1772,254891149,-114051841,0.0036297847282253,99.9239644056844,0.191526156506701
340.91,341,988,1026,14820,9234,2024-09-23,2024-10-18,568.25,38,-5586,254891149,-114051841,0.00362272289023265,99.9275871285747,-0.604938271604938
382.79,383,438,438,9198,9198,2024-09-23,2024-10-18,568.25,0,0,254891149,-114051841,0.00360859921424733,99.9311957277889,0
399.8,400,336,436,8064,8720,2024-09-23,2024-10-25,568.25,100,656,11478818,-259662,0.0759660097407242,99.3727228709437,0.0752293577981651
568.27,655,3,1,28029,8673,2024-09-23,2024-09-27,568.25,-2,-19356,30027419,-23920102,0.0288836013511518,99.5030608524829,-2.23175371843653
334.89,335,780,780,8580,8580,2024-09-23,2024-10-18,568.25,0,0,254891149,-114051841,0.00336614277649947,99.9345618705654,0
329.95,330,1714,1714,22282,8570,2024-09-23,2024-10-18,568.25,0,-13712,254891149,-114051841,0.00336221953317022,99.9379240900986,-1.6
364.9,365,834,830,14178,8300,2024-09-23,2024-10-18,568.25,-4,-5878,254891149,-114051841,0.00325629196328037,99.9411803820618,-0.708192771084337
289.93,290,1177,1177,14124,8239,2024-09-23,2024-11-15,568.25,0,-5885,346960404,13339482,0.00237462255203046,99.998769888451,-0.714285714285714
385.89,386,726,727,15972,7997,2024-09-23,2024-10-18,568.25,1,-7975,254891149,-114051841,0.00313741769040399,99.9443177997522,-0.997248968363136
489.96,490,1816,1963,32688,7852,2024-09-23,2024-09-27,568.25,147,-24836,30027419,-23920102,0.02614943362265,99.5292102861055,-3.16301579215487
289.95,290,1504,1540,10528,7700,2024-09-23,2024-10-18,568.25,36,-2828,254891149,-114051841,0.00302089736352517,99.9473386971158,-0.367272727272728
365.87,366,579,584,9843,7592,2024-09-23,2024-10-18,568.25,5,-2251,254891149,-114051841,0.00297852633556923,99.9503172234513,-0.296496311907271
383.89,384,671,675,13420,7425,2024-09-23,2024-10-18,568.25,4,-5995,254891149,-114051841,0.00291300817197069,99.9532302316233,-0.807407407407408
459.83,460,418,426,10450,7242,2024-09-23,2024-10-11,568.25,8,-3208,21637681,-6773517,0.0334693907355414,99.8023817801917,-0.442971554819111
328.89,329,656,656,7216,7216,2024-09-23,2024-10-18,568.25,0,0,254891149,-114051841,0.0028310123863893,99.9560612440097,0
567.27,585,179,4,417249,7092,2024-09-23,2024-09-27,568.25,-175,-410157,30027419,-23920102,0.0236184135572891,99.5528286996628,-57.8337563451777
522.45,522.5,1193,1418,36983,7090,2024-09-23,2024-09-27,568.25,225,-29893,30027419,-23920102,0.0236117529781697,99.576440452641,-4.21622002820874
419.89,420,589,632,13547,6952,2024-09-23,2024-10-11,568.25,43,-6595,21637681,-6773517,0.0321291362045683,99.8345109163963,-0.948647871116225
444.79,445,248,324,6944,6804,2024-09-23,2024-10-11,568.25,76,-140.000000000002,21637681,-6773517,0.0314451442370372,99.8659560606333,-0.0205761316872431
518.94,519,981,1120,31392,6720,2024-09-23,2024-09-27,568.25,139,-24672,30027419,-23920102,0.0223795458410861,99.5988199984821,-3.67142857142857
454.98,455,3314,3355,36454,6710,2024-09-23,2024-09-27,568.25,41,-29744,30027419,-23920102,0.0223462429454893,99.6211662414276,-4.4327868852459
408.86,409,433,477,9526,6678,2024-09-23,2024-10-18,568.25,44,-2848,254891149,-114051841,0.00261994189527546,99.958681185905,-0.426474992512728
439.86,440,446,454,10704,6356,2024-09-23,2024-10-11,568.25,8,-4348,21637681,-6773517,0.0293746820650512,99.8953307426984,-0.684078036500944
479.96,480,955,1589,14325,6356,2024-09-23,2024-09-27,568.25,634,-7969,30027419,-23920102,0.0211673204413606,99.6423335618689,-1.2537759597231
370.83,371,362,362,6154,6154,2024-09-23,2024-10-18,568.25,0,0,254891149,-114051841,0.00241436394482258,99.9610955498498,0
569.5,590,2,3,5766,6150,2024-09-23,2024-10-11,568.25,1,384,21637681,-6773517,0.0284226391913255,99.9237533818897,0.0624390243902439
507.45,507.5,1206,1229,25326,6145,2024-09-23,2024-09-27,568.25,23,-19181,30027419,-23920102,0.020464629344267,99.6627981912132,-3.12139951179821
512.44,512.5,978,1024,24450,6144,2024-09-23,2024-09-27,568.25,46,-18306,30027419,-23920102,0.0204612990547073,99.6832594902679,-2.9794921875
527.92,528,665,765,28595,6120,2024-09-23,2024-09-27,568.25,100,-22475,30027419,-23920102,0.0203813721052749,99.7036408623732,-3.67238562091503
569.55,600,8,2,30712,6090,2024-09-23,2024-10-04,568.25,-6,-24622,42652323,-9221132,0.0142782375534388,99.9777362653847,-4.04302134646962
474.97,475,1848,2013,22176,6039,2024-09-23,2024-09-27,568.25,165,-16137,30027419,-23920102,0.0201116186509403,99.7237524810241,-2.67213114754098
259.97,260,1893,1987,7572,5961,2024-09-23,2024-10-18,568.25,94,-1611,254891149,-114051841,0.00233864534856799,99.9634341951984,-0.270256668344238
512.95,513,1179,1186,29475,5930,2024-09-23,2024-09-27,568.25,7,-23545,30027419,-23920102,0.0197486170889346,99.743501098113,-3.97048903878583
279.97,280,1573,1975,9438,5925,2024-09-23,2024-10-18,568.25,402,-3513,254891149,-114051841,0.00232452167258268,99.9657587168709,-0.592911392405063
528.93,529,908,843,35412,5901,2024-09-23,2024-09-27,568.25,-65,-29511,30027419,-23920102,0.0196520386917037,99.7631531368047,-5.00101677681749
381.86,382,412,407,8240,5698,2024-09-23,2024-10-18,568.25,-5,-2542,254891149,-114051841,0.00223546404900862,99.96799418092,-0.446121446121446
444.98,445,2666,2839,26660,5678,2024-09-23,2024-09-27,568.25,173,-20982,30027419,-23920102,0.0189093841198939,99.7820625209246,-3.69531525184924
484.95,485,1118,1132,15652,5660,2024-09-23,2024-09-27,568.25,14,-9992,30027419,-23920102,0.0188494389078196,99.8009119598325,-1.76537102473498
384.89,385,515,490,11330,5390,2024-09-23,2024-10-18,568.25,-25,-5940,254891149,-114051841,0.00211462815446762,99.9701088090744,-1.10204081632653
362.83,363,306,306,5202,5202,2024-09-23,2024-10-18,568.25,0,0,254891149,-114051841,0.00204087117987765,99.9721496802543,0
523.92,524,594,649,21978,5192,2024-09-23,2024-09-27,568.25,55,-16786,30027419,-23920102,0.0172908633938868,99.8182028232263,-3.23305084745763
323.93,324,728,738,7280,5166,2024-09-23,2024-10-18,568.25,10,-2114,254891149,-114051841,0.00202674750389234,99.9741764277582,-0.409214092140921
567.9,585,2,3,5100,5130,2024-09-23,2024-10-25,568.25,1,30,11478818,-259662,0.0446910126112288,99.4174138835549,0.00584795321637427
569.45,595,1,2,3382,5110,2024-09-23,2024-10-04,568.25,1,1728,42652323,-9221132,0.0119805901310463,99.9897168555157,0.338160469667319
337.92,338,628,637,5024,5096,2024-09-23,2024-10-18,568.25,9,72,254891149,-114051841,0.00199928480058756,99.9761757125588,0.0141287284144427
439.73,440,188,188,8648,5076,2024-09-23,2024-10-25,568.25,0,-3572,11478818,-259662,0.0442205808995317,99.4616344644544,-0.703703703703703
342.9,343,473,504,7095,5040,2024-09-23,2024-10-18,568.25,31,-2055,254891149,-114051841,0.00197731463794374,99.9781530271967,-0.407738095238095
373.88,374,415,416,7055,4992,2024-09-23,2024-10-18,568.25,1,-2063,254891149,-114051841,0.00195848306996333,99.9801115102667,-0.413261217948718
354.89,355,450,450,7650,4950,2024-09-23,2024-10-18,568.25,0,-2700,254891149,-114051841,0.00194200544798046,99.9820535157147,-0.545454545454545
525.93,526,717,705,31548,4935,2024-09-23,2024-09-27,568.25,-12,-26613,30027419,-23920102,0.0164349789770476,99.8346378022034,-5.39270516717325
464.59,465,120,118,6960,4838,2024-09-23,2024-10-25,568.25,-2,-2122,11478818,-259662,0.0421471966887183,99.5037816611432,-0.438610996279454
527.42,527.5,443,593,19492,4744,2024-09-23,2024-09-27,568.25,150,-14748,30027419,-23920102,0.0157988936711477,99.8504366958745,-3.10876897133221
386.77,387,206,206,4738,4738,2024-09-23,2024-10-18,568.25,0,0,254891149,-114051841,0.00185883268940029,99.9839123484041,0
532.42,532.5,496,587,29264,4696,2024-09-23,2024-09-27,568.25,91,-24568,30027419,-23920102,0.0156390397722828,99.8660757356468,-5.23168654173765
449.7,450,150,149,7200,4470,2024-09-23,2024-10-25,568.25,-1,-2730,11478818,-259662,0.0389412916904859,99.5427229528337,-0.610738255033557
338.91,339,488,488,4392,4392,2024-09-23,2024-10-18,568.25,0,0,254891149,-114051841,0.00172308847020812,99.9856354368743,0
379.97,380,1229,1462,8603,4386,2024-09-23,2024-10-04,568.25,233,-4217,42652323,-9221132,0.0102831444842992,100,-0.961468308253534
404.82,405,201,241,5628,4338,2024-09-23,2024-10-25,568.25,40,-1290,11478818,-259662,0.0377913475063373,99.58051430034,-0.297372060857538
304.95,305,47,860,235,4300,2024-09-23,2024-10-25,568.25,813,4065,11478818,-259662,0.0374603029684764,99.6179746033085,0.945348837209302
562.32,605,2,1,8536,4268,2024-09-23,2024-11-15,568.25,-1,-4268,346960404,13339482,0.0012301115489824,100,-1
459.64,460,91,115,5187,4140,2024-09-23,2024-10-25,568.25,24,-1047,11478818,-259662,0.0360664312301145,99.6540410345386,-0.252898550724638
409.81,410,42,213,1176,4047,2024-09-23,2024-10-25,568.25,171,2871,11478818,-259662,0.0352562432821916,99.6892972778208,0.70941438102298
363.83,364,234,234,3978,3978,2024-09-23,2024-10-18,568.25,0,0,254891149,-114051841,0.00156066619637703,99.9871961030706,0
299.95,300,778,788,6224,3940,2024-09-23,2024-10-25,568.25,10,-2284,11478818,-259662,0.0343240915571621,99.7236213693779,-0.579695431472081
345.91,346,432,432,6912,3888,2024-09-23,2024-10-18,568.25,0,-3024,254891149,-114051841,0.00152535700641375,99.9887214600771,-0.777777777777778
374.95,375,581,773,7553,3865,2024-09-23,2024-10-11,568.25,192,-3688,21637681,-6773517,0.0178623578007274,99.9416157396904,-0.954204398447606
414.9,415,276,381,6072,3810,2024-09-23,2024-10-11,568.25,105,-2262,21637681,-6773517,0.0176081715965773,99.959223911287,-0.593700787401575
454.64,455,106,105,6254,3780,2024-09-23,2024-10-25,568.25,-1,-2474,11478818,-259662,0.0329302198188002,99.7565515891967,-0.654497354497355
565.42,578,2,3,3558,3774,2024-09-23,2024-10-11,568.25,1,216,21637681,-6773517,0.0174417951720427,99.976665706459,0.0572337042925278
459.98,460,1898,1880,20878,3760,2024-09-23,2024-09-27,568.25,-18,-17118,30027419,-23920102,0.0125218887444172,99.8785976243912,-4.55265957446809
341.93,342,533,533,5863,3731,2024-09-23,2024-10-18,568.25,0,-2132,254891149,-114051841,0.00146376208614447,99.9901852221632,-0.571428571428571
347.91,348,402,402,6432,3618,2024-09-23,2024-10-18,568.25,0,-2814,254891149,-114051841,0.0014194294365239,99.9916046515997,-0.777777777777778
464.98,465,1835,1803,22020,3606,2024-09-23,2024-09-27,568.25,-32,-18414,30027419,-23920102,0.0120090241522257,99.8906066485435,-5.10648918469218
334.91,335,56,394,560,3546,2024-09-23,2024-10-25,568.25,338,2986,11478818,-259662,0.0308916824014459,99.7874432715982,0.842075578116187
330.88,331,294,294,3528,3528,2024-09-23,2024-10-18,568.25,0,0,254891149,-114051841,0.00138412024656062,99.9929887718463,0
355.83,356,204,204,3468,3468,2024-09-23,2024-10-18,568.25,0,0,254891149,-114051841,0.0013605807865851,99.9943493526329,0
508.94,509,590,573,14160,3438,2024-09-23,2024-09-27,568.25,-17,-10722,30027419,-23920102,0.0114495355061985,99.9020561840497,-3.11867364746946
561.47,595,1,1,3353,3353,2024-09-23,2024-09-27,568.25,0,0,30027419,-23920102,0.0111664608936253,99.9132226449433,0
319.94,320,65,553,780,3318,2024-09-23,2024-10-25,568.25,488,2538,11478818,-259662,0.0289054151742801,99.8163486867725,0.764918625678119
368.9,369,318,317,5088,3170,2024-09-23,2024-10-18,568.25,-1,-1918,254891149,-114051841,0.00124366813537335,99.9955930207683,-0.605047318611987
434.98,435,1602,1583,11214,3166,2024-09-23,2024-09-27,568.25,-19,-8048,30027419,-23920102,0.0105436967459641,99.9237663416893,-2.54200884396715
570.05,600,0,1,0,2995,2024-09-23,2024-10-25,568.25,1,2995,11478818,-259662,0.026091536602462,99.8424402233749,1
566.34,595,1,1,3333,2866,2024-09-23,2024-10-25,568.25,0,-467,11478818,-259662,0.0249677275134077,99.8674079508883,-0.162944870900209
374.86,375,0,200,0,2800,2024-09-23,2024-10-25,568.25,200,2800,11478818,-259662,0.0243927554213335,99.8918007063097,1
348.9,349,242,261,3146,2610,2024-09-23,2024-10-18,568.25,19,-536,254891149,-114051841,0.00102396650893515,99.9966169872772,-0.20536398467433
429.98,430,1254,1263,8778,2526,2024-09-23,2024-09-27,568.25,9,-6252,30027419,-23920102,0.0084123114277654,99.932178653117,-2.4750593824228
336.92,337,315,315,1890,2520,2024-09-23,2024-10-18,568.25,0,630,254891149,-114051841,0.000988657318971872,99.9976056445962,0.25
394.99,395,2456,2316,9824,2316,2024-09-23,2024-09-27,568.25,-140,-7508,30027419,-23920102,0.00771295062023146,99.9398916037372,-3.24179620034542
366.87,367,100,170,2100,2210,2024-09-23,2024-10-18,568.25,70,110,254891149,-114051841,0.000867036775765015,99.9984726813719,0.0497737556561086
399.99,400,1466,2189,5864,2189,2024-09-23,2024-09-27,568.25,723,-3675,30027419,-23920102,0.00729000384615141,99.9471816075834,-1.67884878940155
353.84,354,130,130,2080,2080,2024-09-23,2024-10-18,568.25,0,0,254891149,-114051841,0.00081603461248472,99.9992887159844,0
394.92,395,232,232,3944,1856,2024-09-23,2024-10-11,568.25,0,-2088,21637681,-6773517,0.00857762899822767,99.9852433354573,-1.125
384.93,385,260,259,4420,1813,2024-09-23,2024-10-11,568.25,-1,-2607,21637681,-6773517,0.00837890160225581,99.9936222370595,-1.43794815223387
327.93,328,259,259,3367,1813,2024-09-23,2024-10-18,568.25,0,-1554,254891149,-114051841,0.000711284015593653,100,-0.857142857142857
424.99,425,1788,1757,10728,1757,2024-09-23,2024-09-27,568.25,-31,-8971,30027419,-23920102,0.00585131875636731,99.9530329263398,-5.10586226522482
349.91,350,139,178,1946,1602,2024-09-23,2024-10-25,568.25,39,-344,11478818,-259662,0.0139561407803486,99.90575684709,-0.214731585518102
414.99,415,1226,1505,6130,1505,2024-09-23,2024-09-27,568.25,279,-4625,30027419,-23920102,0.00501208578732658,99.9580450121271,-3.07308970099668
409.99,410,643,1484,4501,1484,2024-09-23,2024-09-27,568.25,841,-3017,30027419,-23920102,0.00494214970657318,99.9629871618337,-2.03301886792453
444.72,445,47,52,2350,1456,2024-09-23,2024-10-25,568.25,5,-894,11478818,-259662,0.0126842328190934,99.9184410799091,-0.614010989010989
570.1,584,93,1,212226,1390,2024-09-23,2024-09-27,568.25,-92,-210836,30027419,-23920102,0.00462910248796275,99.9676162643216,-151.680575539568
409.9,410,133,138,2793,1380,2024-09-23,2024-10-11,568.25,5,-1413,21637681,-6773517,0.00637776294049256,100,-1.02391304347826
429.74,430,52,51,2236,1326,2024-09-23,2024-10-25,568.25,-1,-910,11478818,-259662,0.0115517120316743,99.9299927919408,-0.686274509803922
414.78,415,7,56,210,1232,2024-09-23,2024-10-25,568.25,49,1022,11478818,-259662,0.0107328123853867,99.9407256043262,0.829545454545455
344.89,345,20,95,320,1045,2024-09-23,2024-10-25,568.25,75,725,11478818,-259662,0.00910372479117623,99.9498293291173,0.69377990430622
404.99,405,1184,915,4736,915,2024-09-23,2024-09-27,568.25,-269,-3821,30027419,-23920102,0.00304721494711217,99.9706634792688,-4.17595628415301
344.99,345,244,904,488,904,2024-09-23,2024-09-27,568.25,660,416,30027419,-23920102,0.00301058176195563,99.9736740610307,0.460176991150443
309.99,310,850,850,850,850,2024-09-23,2024-09-27,568.25,0,0,30027419,-23920102,0.00283074612573262,99.9765048071564,0
334.99,335,822,822,822,822,2024-09-23,2024-09-27,568.25,0,0,30027419,-23920102,0.00273749801806143,99.9792423051745,0
359.99,360,573,804,1146,804,2024-09-23,2024-09-27,568.25,231,-342,30027419,-23920102,0.00267755280598709,99.9819198579805,-0.425373134328358
354.9,355,68,73,1360,730,2024-09-23,2024-10-25,568.25,5,-630,11478818,-259662,0.00635953980627622,99.9561888689236,-0.863013698630137
339.91,340,74,79,1184,711,2024-09-23,2024-10-25,568.25,5,-473,11478818,-259662,0.00619401753734574,99.962382886461,-0.665260196905767
339.98,340,353,353,706,706,2024-09-23,2024-09-27,568.25,0,0,30027419,-23920102,0.00235118442913792,99.9842710424096,0
314.99,315,700,700,700,700,2024-09-23,2024-09-27,568.25,0,0,30027419,-23920102,0.0023312026917798,99.9866022451014,0
314.9,315,65,65,650,650,2024-09-23,2024-10-25,568.25,0,0,11478818,-259662,0.00566260393709527,99.9680454903981,0
389.99,390,624,624,2496,624,2024-09-23,2024-09-27,568.25,0,-1872,30027419,-23920102,0.00207810068524371,99.9886803457866,-3
319.99,320,590,590,590,590,2024-09-23,2024-09-27,568.25,0,0,30027419,-23920102,0.00196487084021441,99.9906452166269,0
354.99,355,585,585,1170,585,2024-09-23,2024-09-27,568.25,0,-585,30027419,-23920102,0.00194821939241598,99.9925934360193,-1
419.77,420,23,23,759,529,2024-09-23,2024-10-25,568.25,0,-230,11478818,-259662,0.00460848843495907,99.972653978833,-0.434782608695652
374.99,375,525,525,2100,525,2024-09-23,2024-09-27,568.25,0,-1575,30027419,-23920102,0.00174840201883485,99.9943418380381,-3
394.86,395,54,34,1728,476,2024-09-23,2024-10-25,568.25,-20,-1252,11478818,-259662,0.00414676842162669,99.9768007472546,-2.63025210084034
329.99,330,400,400,400,400,2024-09-23,2024-09-27,568.25,0,0,30027419,-23920102,0.00133211582387417,99.995673953862,0
369.78,370,17,17,374,374,2024-09-23,2024-10-25,568.25,0,0,11478818,-259662,0.00325817518842097,99.9800589224431,0
384.99,385,380,371,1140,371,2024-09-23,2024-09-27,568.25,-9,-769,30027419,-23920102,0.0012355374266433,99.9969094912886,-2.07277628032345
329.92,330,45,45,540,360,2024-09-23,2024-10-25,568.25,0,-180,11478818,-259662,0.0031362114113143,99.9831951338544,-0.5
434.74,435,14,13,434,338,2024-09-23,2024-10-25,568.25,-1,-96,11478818,-259662,0.00294455404728954,99.9861396879017,-0.284023668639053
389.84,390,20,19,560,304,2024-09-23,2024-10-25,568.25,-1,-256,11478818,-259662,0.00264835630288763,99.9887880442046,-0.842105263157895
364.99,365,302,301,604,301,2024-09-23,2024-09-27,568.25,-1,-303,30027419,-23920102,0.00100241715746532,99.9979119084461,-1.00664451827243
309.94,310,50,50,450,300,2024-09-23,2024-10-25,568.25,0,-150,11478818,-259662,0.00261350950942858,99.991401553714,-0.5
384.85,385,14,18,252,270,2024-09-23,2024-10-25,568.25,4,18,11478818,-259662,0.00235215855848573,99.9937537122725,0.0666666666666667
379.99,380,264,265,1056,265,2024-09-23,2024-09-27,568.25,1,-791,30027419,-23920102,0.00088252673331664,99.9987944351794,-2.98490566037736
324.92,325,33,33,429,264,2024-09-23,2024-10-25,568.25,0,-165,11478818,-259662,0.00229988836829715,99.9960536006408,-0.625
359.89,360,6,21,90,231,2024-09-23,2024-10-25,568.25,15,141,11478818,-259662,0.00201240232226001,99.998066002963,0.61038961038961
304.99,305,200,200,200,200,2024-09-23,2024-09-27,568.25,0,0,30027419,-23920102,0.000666057911937087,99.9994604930913,0
364.84,365,12,12,192,192,2024-09-23,2024-10-25,568.25,0,0,11478818,-259662,0.00167264608603429,99.9997386490491,0
299.99,300,123,120,123,120,2024-09-23,2024-09-27,568.25,-3,-3,30027419,-23920102,0.000399634747162252,99.9998601278385,-0.025
349.98,350,21,21,42,42,2024-09-23,2024-09-27,568.25,0,0,30027419,-23920102,0.000139872161506788,100,0
379.85,380,1,2,17,30,2024-09-23,2024-10-25,568.25,1,13,11478818,-259662,0.000261350950942858,100,0.433333333333333
325,325,0,0,0,0,2024-09-23,2024-09-27,568.25,0,0,30027419,-23920102,0,100,
567.2,581,363,0,762300,0,2024-09-23,2024-09-27,568.25,-363,-762300,30027419,-23920102,0,100,-Inf
566.18,583,35,0,75320,0,2024-09-23,2024-09-27,568.25,-35,-75320,30027419,-23920102,0,100,-Inf
605,605,0,0,0,0,2024-09-23,2024-09-27,568.25,0,0,30027419,-23920102,0,100,
610,610,0,0,0,0,2024-09-23,2024-09-27,568.25,0,0,30027419,-23920102,0,100,
568.78,615,0,0,0,0,2024-09-23,2024-09-27,568.25,0,0,30027419,-23920102,0,100,
568.7,620,0,0,0,0,2024-09-23,2024-09-27,568.25,0,0,30027419,-23920102,0,100,
568.68,625,0,0,0,0,2024-09-23,2024-09-27,568.25,0,0,30027419,-23920102,0,100,
568.6,630,2,0,14148,0,2024-09-23,2024-09-27,568.25,-2,-14148,30027419,-23920102,0,100,-Inf
568.56,635,1,0,7740,0,2024-09-23,2024-09-27,568.25,-1,-7740,30027419,-23920102,0,100,-Inf
568.56,640,0,0,0,0,2024-09-23,2024-09-27,568.25,0,0,30027419,-23920102,0,100,
568.56,645,2,0,16670,0,2024-09-23,2024-09-27,568.25,-2,-16670,30027419,-23920102,0,100,-Inf
568.27,650,3,0,26529,0,2024-09-23,2024-09-27,568.25,-3,-26529,30027419,-23920102,0,100,-Inf
568.39,660,0,0,0,0,2024-09-23,2024-09-27,568.25,0,0,30027419,-23920102,0,100,
561.62,605,1,0,4338,0,2024-09-23,2024-10-04,568.25,-1,-4338,42652323,-9221132,0,100,-Inf
569.72,610,0,0,0,0,2024-09-23,2024-10-04,568.25,0,0,42652323,-9221132,0,100,
568.48,620,0,0,0,0,2024-09-23,2024-10-04,568.25,0,0,42652323,-9221132,0,100,
568.46,625,0,0,0,0,2024-09-23,2024-10-04,568.25,0,0,42652323,-9221132,0,100,
630,630,0,0,0,0,2024-09-23,2024-10-04,568.25,0,0,42652323,-9221132,0,100,
635,635,0,0,0,0,2024-09-23,2024-10-04,568.25,0,0,42652323,-9221132,0,100,
640,640,0,0,0,0,2024-09-23,2024-10-04,568.25,0,0,42652323,-9221132,0,100,
645,645,0,0,0,0,2024-09-23,2024-10-04,568.25,0,0,42652323,-9221132,0,100,
568.54,650,5,0,43955,0,2024-09-23,2024-10-04,568.25,-5,-43955,42652323,-9221132,0,100,-Inf
568.5,655,0,0,0,0,2024-09-23,2024-10-04,568.25,0,0,42652323,-9221132,0,100,
568.48,660,0,0,0,0,2024-09-23,2024-10-04,568.25,0,0,42652323,-9221132,0,100,
567.9,600,1,0,3832,0,2024-09-23,2024-10-11,568.25,-1,-3832,21637681,-6773517,0,100,-Inf
569.84,605,0,0,0,0,2024-09-23,2024-10-11,568.25,0,0,21637681,-6773517,0,100,
610,610,0,0,0,0,2024-09-23,2024-10-11,568.25,0,0,21637681,-6773517,0,100,
615,615,0,0,0,0,2024-09-23,2024-10-11,568.25,0,0,21637681,-6773517,0,100,
620,620,0,0,0,0,2024-09-23,2024-10-11,568.25,0,0,21637681,-6773517,0,100,
625,625,0,0,0,0,2024-09-23,2024-10-11,568.25,0,0,21637681,-6773517,0,100,
630,630,0,0,0,0,2024-09-23,2024-10-11,568.25,0,0,21637681,-6773517,0,100,
635,635,0,0,0,0,2024-09-23,2024-10-11,568.25,0,0,21637681,-6773517,0,100,
570.37,640,0,0,0,0,2024-09-23,2024-10-11,568.25,0,0,21637681,-6773517,0,100,
645,645,0,0,0,0,2024-09-23,2024-10-11,568.25,0,0,21637681,-6773517,0,100,
650,650,0,0,0,0,2024-09-23,2024-10-11,568.25,0,0,21637681,-6773517,0,100,
655,655,0,0,0,0,2024-09-23,2024-10-11,568.25,0,0,21637681,-6773517,0,100,
566.3,660,1,0,9886,0,2024-09-23,2024-10-11,568.25,-1,-9886,21637681,-6773517,0,100,-Inf
569.52,605,0,0,0,0,2024-09-23,2024-10-18,568.25,0,0,254891149,-114051841,0,100,
568.61,610,0,0,0,0,2024-09-23,2024-10-18,568.25,0,0,254891149,-114051841,0,100,
568.6,615,0,0,0,0,2024-09-23,2024-10-18,568.25,0,0,254891149,-114051841,0,100,
620,620,0,0,0,0,2024-09-23,2024-10-18,568.25,0,0,254891149,-114051841,0,100,
569.67,625,0,0,0,0,2024-09-23,2024-10-18,568.25,0,0,254891149,-114051841,0,100,
567.9,630,1,0,6819,0,2024-09-23,2024-10-18,568.25,-1,-6819,254891149,-114051841,0,100,-Inf
568.48,635,1,0,7355,0,2024-09-23,2024-10-18,568.25,-1,-7355,254891149,-114051841,0,100,-Inf
568.46,640,0,0,0,0,2024-09-23,2024-10-18,568.25,0,0,254891149,-114051841,0,100,
645,645,0,0,0,0,2024-09-23,2024-10-18,568.25,0,0,254891149,-114051841,0,100,
553.85,650,0,0,0,0,2024-09-23,2024-10-18,568.25,0,0,254891149,-114051841,0,100,
555.64,655,0,0,0,0,2024-09-23,2024-10-18,568.25,0,0,254891149,-114051841,0,100,
660,660,0,0,0,0,2024-09-23,2024-10-18,568.25,0,0,254891149,-114051841,0,100,
665,665,0,0,0,0,2024-09-23,2024-10-18,568.25,0,0,254891149,-114051841,0,100,
670,670,0,0,0,0,2024-09-23,2024-10-18,568.25,0,0,254891149,-114051841,0,100,
675,675,0,0,0,0,2024-09-23,2024-10-18,568.25,0,0,254891149,-114051841,0,100,
567.14,680,4,0,46164,0,2024-09-23,2024-10-18,568.25,-4,-46164,254891149,-114051841,0,100,-Inf
605,605,0,0,0,0,2024-09-23,2024-10-25,568.25,0,0,11478818,-259662,0,100,
610,610,0,0,0,0,2024-09-23,2024-10-25,568.25,0,0,11478818,-259662,0,100,
615,615,0,0,0,0,2024-09-23,2024-10-25,568.25,0,0,11478818,-259662,0,100,
568.56,625,0,0,0,0,2024-09-23,2024-10-25,568.25,0,0,11478818,-259662,0,100,
568.54,630,0,0,0,0,2024-09-23,2024-10-25,568.25,0,0,11478818,-259662,0,100,
635,635,0,0,0,0,2024-09-23,2024-10-25,568.25,0,0,11478818,-259662,0,100,
640,640,0,0,0,0,2024-09-23,2024-10-25,568.25,0,0,11478818,-259662,0,100,
645,645,0,0,0,0,2024-09-23,2024-10-25,568.25,0,0,11478818,-259662,0,100,
650,650,0,0,0,0,2024-09-23,2024-10-25,568.25,0,0,11478818,-259662,0,100,
655,655,0,0,0,0,2024-09-23,2024-10-25,568.25,0,0,11478818,-259662,0,100,
660,660,0,0,0,0,2024-09-23,2024-10-25,568.25,0,0,11478818,-259662,0,100,
615,615,0,0,0,0,2024-09-23,2024-11-15,568.25,0,0,346960404,13339482,0,100,
568,620,0,0,0,0,2024-09-23,2024-11-15,568.25,0,0,346960404,13339482,0,100,
625,625,1,1,0,0,2024-09-23,2024-11-15,568.25,0,0,346960404,13339482,0,100,
568.49,630,0,0,0,0,2024-09-23,2024-11-15,568.25,0,0,346960404,13339482,0,100,
568.47,635,0,0,0,0,2024-09-23,2024-11-15,568.25,0,0,346960404,13339482,0,100,
640,640,0,0,0,0,2024-09-23,2024-11-15,568.25,0,0,346960404,13339482,0,100,
645,645,0,0,0,0,2024-09-23,2024-11-15,568.25,0,0,346960404,13339482,0,100,
650,650,0,0,0,0,2024-09-23,2024-11-15,568.25,0,0,346960404,13339482,0,100,
655,655,0,0,0,0,2024-09-23,2024-11-15,568.25,0,0,346960404,13339482,0,100,
660,660,0,0,0,0,2024-09-23,2024-11-15,568.25,0,0,346960404,13339482,0,100,
665,665,0,0,0,0,2024-09-23,2024-11-15,568.25,0,0,346960404,13339482,0,100,
670,670,0,0,0,0,2024-09-23,2024-11-15,568.25,0,0,346960404,13339482,0,100,
675,675,0,0,0,0,2024-09-23,2024-11-15,568.25,0,0,346960404,13339482,0,100,
567.14,680,0,0,0,0,2024-09-23,2024-11-15,568.25,0,0,346960404,13339482,0,100,
567.28,615,32,0,172160,0,2024-09-23,2024-12-20,568.25,-32,-172160,441088651,-174876410,0,100,-Inf
566.73,625,1,0,6672,0,2024-09-23,2024-12-20,568.25,-1,-6672,441088651,-174876410,0,100,-Inf
558.21,630,1,0,7179,0,2024-09-23,2024-12-20,568.25,-1,-7179,441088651,-174876410,0,100,-Inf
568.5,635,21,0,156471,0,2024-09-23,2024-12-20,568.25,-21,-156471,441088651,-174876410,0,100,-Inf
568.5,640,33,0,261426,0,2024-09-23,2024-12-20,568.25,-33,-261426,441088651,-174876410,0,100,-Inf
568.48,645,0,0,0,0,2024-09-23,2024-12-20,568.25,0,0,441088651,-174876410,0,100,
568.51,655,1,0,9024,0,2024-09-23,2024-12-20,568.25,-1,-9024,441088651,-174876410,0,100,-Inf
568.47,660,20,0,189660,0,2024-09-23,2024-12-20,568.25,-20,-189660,441088651,-174876410,0,100,-Inf
568.45,665,0,0,0,0,2024-09-23,2024-12-20,568.25,0,0,441088651,-174876410,0,100,
670,670,0,0,0,0,2024-09-23,2024-12-20,568.25,0,0,441088651,-174876410,0,100,
675,675,0,0,0,0,2024-09-23,2024-12-20,568.25,0,0,441088651,-174876410,0,100,
568.45,685,0,0,0,0,2024-09-23,2024-12-20,568.25,0,0,441088651,-174876410,0,100,
690,690,0,0,0,0,2024-09-23,2024-12-20,568.25,0,0,441088651,-174876410,0,100,
695,695,0,0,0,0,2024-09-23,2024-12-20,568.25,0,0,441088651,-174876410,0,100,
568.14,700,40,0,550440,0,2024-09-23,2024-12-20,568.25,-40,-550440,441088651,-174876410,0,100,-Inf
705,705,0,0,0,0,2024-09-23,2024-12-20,568.25,0,0,441088651,-174876410,0,100,
568.51,715,5,0,77070,0,2024-09-23,2024-12-20,568.25,-5,-77070,441088651,-174876410,0,100,-Inf
568.49,725,0,0,0,0,2024-09-23,2024-12-20,568.25,0,0,441088651,-174876410,0,100,
730,730,0,0,0,0,2024-09-23,2024-12-20,568.25,0,0,441088651,-174876410,0,100,
568.51,735,1,0,17566,0,2024-09-23,2024-12-20,568.25,-1,-17566,441088651,-174876410,0,100,-Inf
568.47,740,25,0,445750,0,2024-09-23,2024-12-20,568.25,-25,-445750,441088651,-174876410,0,100,-Inf
568.47,750,49,0,921004,0,2024-09-23,2024-12-20,568.25,-49,-921004,441088651,-174876410,0,100,-Inf
