Watch,strike,open_interest.yt,open_interest.td,OI_Dollar.yt,OI_Dollar.td,Date.td,expiry,stkClose,diff_oi,diff_oi_d,totalOI,totalOIdiff,OI_pct,cum_sep_OI,pct
527.05,535,148255,147684,171086270,117408780,2025-05-28,2025-09-19,591.15,-571,-53677490,645375166,-268865429,18.1923300097977,18.1923300097977,-0.457184633040221
522.54,530,72258,72370,78688962,53988020,2025-05-28,2025-09-19,591.15,112,-24700942,645375166,-268865429,8.36536991880472,26.5576999286025,-0.457526354920962
584.26,595,49535,49612,100655120,53283288,2025-05-28,2025-06-20,591.15,77,-47371832,390817615,-474084868,13.6337989780732,13.6337989780732,-0.889056095787482
558.35,565,55576,55604,65746408,36976660,2025-05-28,2025-07-18,591.15,28,-28769748,351733598,-249347853,10.5126892086095,10.5126892086095,-0.778051560092231
508.89,520,33063,33087,48338106,36759657,2025-05-28,2025-12-19,591.15,24,-11578449,440307900,-106088524,8.34862535966309,8.34862535966309,-0.314977068474823
576.56,600,12756,12799,40436520,30000856,2025-05-28,2025-09-19,591.15,43,-10435664,645375166,-268865429,4.6485916379373,31.2062915665398,-0.347845541473883
577.19,590,22035,23208,46471815,29729448,2025-05-28,2025-07-18,591.15,1173,-16742367,351733598,-249347853,8.45226278326701,18.9649519918765,-0.563157681232426
539.88,550,29165,29298,43164200,29649576,2025-05-28,2025-09-19,591.15,133,-13514624,645375166,-268865429,4.59416128199764,35.8004528485374,-0.455811712113523
570.44,575,66934,64826,69343624,29560656,2025-05-28,2025-06-20,591.15,-2108,-39782968,390817615,-474084868,7.56379826943062,21.1975972475038,-1.34580802266364
548.08,560,23563,23842,40551923,28419664,2025-05-28,2025-09-19,591.15,279,-12132259,645375166,-268865429,4.40358809839919,40.2040409469366,-0.426896637483118
545.41,550,59541,60198,50907555,27630882,2025-05-28,2025-07-18,591.15,657,-23276673,351733598,-249347853,7.85562771288059,26.8205797047571,-0.842415128116432
574.98,610,7338,7348,30445362,25732696,2025-05-28,2025-12-19,591.15,10,-4712666,440307900,-106088524,5.84425035299162,14.1928757126547,-0.183139224898938
563.45,580,14554,14570,33998144,24113350,2025-05-28,2025-09-19,591.15,16,-9884794,645375166,-268865429,3.73633062912123,43.9403715760578,-0.409930349785492
544.03,555,21725,21718,34673100,23824646,2025-05-28,2025-09-19,591.15,-7,-10848454,645375166,-268865429,3.69159633886501,47.6319679149228,-0.455345863271169
559.8,575,14490,15368,31225950,23359360,2025-05-28,2025-09-19,591.15,878,-7866590,645375166,-268865429,3.6195009090263,51.2514688239491,-0.336763935313296
548.25,550,136778,131886,62917880,23080050,2025-05-28,2025-06-20,591.15,-4892,-39837830,390817615,-474084868,5.90558079118312,27.1031780386869,-1.7260720838993
573.74,585,15358,20311,28873040,22870186,2025-05-28,2025-07-18,591.15,4953,-6002854,351733598,-249347853,6.50213290116232,33.3227126059194,-0.262475084374041
552.08,565,17291,17378,32074805,22452376,2025-05-28,2025-09-19,591.15,87,-9622429,645375166,-268865429,3.47896497771344,54.7304338016626,-0.428570633237213
495.47,500,48304,48777,33474672,22095981,2025-05-28,2025-09-19,591.15,473,-11378691,645375166,-268865429,3.42374205951395,58.1541758611765,-0.51496654527355
533.5,550,13315,13317,27069395,21973050,2025-05-28,2025-12-19,591.15,2,-5096345,440307900,-106088524,4.9903828661716,19.1832585788263,-0.231936167259438
486.03,490,54648,54848,32296968,21774656,2025-05-28,2025-09-19,591.15,200,-10522312,645375166,-268865429,3.37395318988769,61.5281290510642,-0.483236658250766
574.38,580,35367,35869,43678245,20158378,2025-05-28,2025-06-20,591.15,502,-23519867,390817615,-474084868,5.15800138640117,32.2611794250881,-1.16675394220706
570.21,580,19204,19652,32185904,19239308,2025-05-28,2025-07-18,591.15,448,-12946596,351733598,-249347853,5.46985221468664,38.7925648206061,-0.672924202887131
578.09,585,26240,27611,37811840,19079201,2025-05-28,2025-06-20,591.15,1371,-18732639,390817615,-474084868,4.88186823411222,37.1430476592003,-0.981835612508092
504.69,510,35923,35898,28379170,19061838,2025-05-28,2025-09-19,591.15,-25,-9317332,645375166,-268865429,2.95360574813317,64.4817347991974,-0.488795046941434
566.96,585,9602,10476,24283458,18898704,2025-05-28,2025-09-19,591.15,874,-5384754,645375166,-268865429,2.9283283577726,67.41006315697,-0.284927156909807
579.9,600,9322,9325,27266850,18743250,2025-05-28,2025-08-15,591.15,3,-8523600,279113706,-134591480,6.71527395361946,6.71527395361946,-0.45475571205634
569.42,600,6098,6092,22562600,18629336,2025-05-28,2025-12-19,591.15,-6,-3933264,440307900,-106088524,4.23097927609293,23.4142378549193,-0.211132806880503
555.92,570,12716,13211,25114100,18601088,2025-05-28,2025-09-19,591.15,495,-6513012,645375166,-268865429,2.88221316529555,70.2922763222656,-0.350141454091288
536.38,540,49543,50983,34333299,18455846,2025-05-28,2025-07-18,591.15,1440,-15877453,351733598,-249347853,5.24710920564376,44.0396740262498,-0.860293968642781
570.38,590,8156,9059,22102760,17773758,2025-05-28,2025-09-19,591.15,903,-4329002,645375166,-268865429,2.75401951242729,73.0462958346929,-0.243561434784923
525.61,540,11391,12057,20503800,17350023,2025-05-28,2025-12-19,591.15,666,-3153777,440307900,-106088524,3.94042964025856,27.3546674951778,-0.181773649521963
491.42,500,20211,20216,23242650,17345328,2025-05-28,2025-12-19,591.15,5,-5897322,440307900,-106088524,3.93936334097117,31.294030836149,-0.339994838956058
535.44,545,17424,17709,23731488,16929804,2025-05-28,2025-09-19,591.15,285,-6801684,645375166,-268865429,2.62324999347744,75.6695458281703,-0.401757988456334
559.14,570,14577,15327,24110358,16645122,2025-05-28,2025-08-15,591.15,750,-7465236,279113706,-134591480,5.96356310786114,12.6788370614806,-0.448493919119367
576.75,595,9140,9120,24221000,16644000,2025-05-28,2025-08-15,591.15,-20,-7577000,279113706,-134591480,5.96316112115254,18.6419981826331,-0.455239125210286
562.45,570,20145,21807,26692125,16464285,2025-05-28,2025-07-18,591.15,1662,-10227840,351733598,-249347853,4.68089630721032,48.7205703334602,-0.621213736278253
549.8,555,30230,31427,29051030,16342040,2025-05-28,2025-07-18,591.15,1197,-12708990,351733598,-249347853,4.6461413106177,53.3667116440779,-0.777686873854182
513.68,520,25727,25768,24157653,16285376,2025-05-28,2025-09-19,591.15,41,-7872277,645375166,-268865429,2.52339675555474,78.192942583725,-0.48339547088136
566.45,575,20100,18908,29848500,16166340,2025-05-28,2025-07-18,591.15,-1192,-13682160,351733598,-249347853,4.59618873258733,57.9629003766652,-0.846336276485587
518.01,525,22655,22676,22201900,15850524,2025-05-28,2025-09-19,591.15,21,-6351376,645375166,-268865429,2.45601703242483,80.6489596161499,-0.400704481441749
566.25,570,40176,41299,35274528,15487125,2025-05-28,2025-06-20,591.15,1123,-19787403,390817615,-474084868,3.96274999017125,41.1057976493716,-1.27766793384828
556.24,580,6204,6418,18674040,15249168,2025-05-28,2025-12-19,591.15,214,-3424872,440307900,-106088524,3.46329647957713,34.7573273157261,-0.22459402375264
537.48,555,8292,8591,17968764,15051432,2025-05-28,2025-12-19,591.15,299,-2917332,440307900,-106088524,3.41838790537258,38.1757152210987,-0.193824215529791
572.15,605,4554,4555,17883558,14963175,2025-05-28,2025-12-19,591.15,1,-2920383,440307900,-106088524,3.39834352279394,41.5740587438926,-0.19517134565358
573.59,595,6675,6663,19737975,14265483,2025-05-28,2025-09-19,591.15,-12,-5472492,645375166,-268865429,2.21041709559676,82.8593767117466,-0.383617715572617
527.15,530,49266,49810,27047034,14195850,2025-05-28,2025-07-18,591.15,544,-12851184,351733598,-249347853,4.03596644753852,61.9988668242037,-0.905277528291719
551.03,560,14704,15578,20335632,13973466,2025-05-28,2025-08-15,591.15,874,-6362166,279113706,-134591480,5.00637041450053,23.6483685971337,-0.455303358522503
541.45,560,7637,7332,17267257,13600860,2025-05-28,2025-12-19,591.15,-305,-3666397,440307900,-106088524,3.08894298739587,44.6630017312885,-0.269570968306416
552.9,555,62582,64015,34232354,13443150,2025-05-28,2025-06-20,591.15,1433,-20789204,390817615,-474084868,3.43975027840032,44.5455479277719,-1.54645332381176
563.38,590,4802,5022,16110710,13368564,2025-05-28,2025-12-19,591.15,220,-2742146,440307900,-106088524,3.03618536028992,47.6991870915784,-0.205118964160997
548.79,570,6228,6266,16429464,13290186,2025-05-28,2025-12-19,591.15,38,-3139278,440307900,-106088524,3.01838463493387,50.7175717265123,-0.236210238141136
482.28,490,17359,17104,17220128,13204288,2025-05-28,2025-12-19,591.15,-255,-4015840,440307900,-106088524,2.99887601380761,53.7164477403199,-0.304131506371264
542.8,550,17998,18001,20895678,12960720,2025-05-28,2025-08-15,591.15,3,-7934958,279113706,-134591480,4.64352689294305,28.2918954900767,-0.612231264929726
559.78,585,4752,5118,15139872,12907596,2025-05-28,2025-12-19,591.15,366,-2232276,440307900,-106088524,2.93149316648645,56.6479409068064,-0.17294281599765
573.71,590,7819,7914,18875066,12891906,2025-05-28,2025-08-15,591.15,95,-5983160,279113706,-134591480,4.61887242470279,32.9107679147795,-0.46410204976673
557.48,560,49605,49740,31647990,12534480,2025-05-28,2025-06-20,591.15,135,-19113510,390817615,-474084868,3.20724540525124,47.7527933330231,-1.52487458594214
517.17,530,9412,9497,15256852,12184651,2025-05-28,2025-12-19,591.15,85,-3072201,440307900,-106088524,2.76730238090209,59.4152432877085,-0.25213697134206
554.13,560,19645,19830,20921925,11640210,2025-05-28,2025-07-18,591.15,185,-9281715,351733598,-249347853,3.30938246052912,65.3082492847328,-0.797383810085901
476.64,480,33431,33412,16982948,11226432,2025-05-28,2025-09-19,591.15,-19,-5756516,645375166,-268865429,1.73952029632327,84.5988970080699,-0.512764518593263
578.99,605,4256,4258,14193760,11075058,2025-05-28,2025-09-19,591.15,2,-3118702,645375166,-268865429,1.71606510189145,86.3149621099613,-0.281596899989147
560.97,564,36464,36345,26801040,11012535,2025-05-28,2025-06-20,591.15,-119,-15788505,390817615,-474084868,2.81781950897991,50.5706128420031,-1.4336848872671
531.39,540,12589,12773,15988030,10997553,2025-05-28,2025-09-19,591.15,184,-4990477,645375166,-268865429,1.70405580806002,88.0190179180214,-0.453780672846041
513.1,525,9184,9139,14336224,10875410,2025-05-28,2025-12-19,591.15,-45,-3460814,440307900,-106088524,2.46995568328436,61.8851989709928,-0.318223772712937
581.4,590,11957,12581,20589954,10819660,2025-05-28,2025-06-20,591.15,624,-9770294,390817615,-474084868,2.76846784400954,53.3390806860126,-0.90301303368128
570.54,585,6448,7368,13798720,10654128,2025-05-28,2025-08-15,591.15,920,-3144592,279113706,-134591480,3.81712820652383,36.7278961213033,-0.295152451706981
545.14,565,5116,5330,12278400,10585380,2025-05-28,2025-12-19,591.15,214,-1693020,440307900,-106088524,2.40408586809367,64.2892848390865,-0.159939463675371
495.64,505,11311,11309,13867286,10585224,2025-05-28,2025-12-19,591.15,-2,-3282062,440307900,-106088524,2.40405043834099,66.6933352774275,-0.310060703486294
538.77,540,86716,83716,29570156,10297068,2025-05-28,2025-06-20,591.15,-3000,-19273088,390817615,-474084868,2.63475022741746,55.9738309134301,-1.87170639253815
566.25,595,3463,3528,12286724,10143000,2025-05-28,2025-12-19,591.15,65,-2143724,440307900,-106088524,2.30361526559028,68.9969505430178,-0.211350093660653
543.56,545,71246,70017,28070924,10082448,2025-05-28,2025-06-20,591.15,-1229,-17988476,390817615,-474084868,2.57983458601271,58.5536654994428,-1.78413774115175
529.56,545,6489,6490,12673017,10020560,2025-05-28,2025-12-19,591.15,1,-2652457,440307900,-106088524,2.27580745201256,71.2727579950303,-0.264701473769929
560.15,563,3228,32762,2317704,9337170,2025-05-28,2025-06-20,591.15,29534,7019466,390817615,-474084868,2.38913744970272,60.9428029491455,0.751776608972526
563.17,575,7706,7850,14009508,9286550,2025-05-28,2025-08-15,591.15,144,-4722958,279113706,-134591480,3.32715656751016,40.0550526888135,-0.508580473911194
508.19,510,51122,51122,18148310,9253082,2025-05-28,2025-07-18,591.15,0,-8895228,351733598,-249347853,2.63070745945629,67.9389567441891,-0.961325966850828
579.83,620,2197,2204,10872953,8853468,2025-05-28,2025-12-19,591.15,7,-2019485,440307900,-106088524,2.01074475384157,73.2835027488719,-0.228101010812938
500.1,510,8724,8725,11175444,8637750,2025-05-28,2025-12-19,591.15,1,-2537694,440307900,-106088524,1.96175221929927,75.2452549681711,-0.29379109143006
445.25,450,17975,17934,11108550,8518650,2025-05-28,2025-12-19,591.15,-41,-2589900,440307900,-106088524,1.93470296581097,77.1799579339821,-0.304027046539064
509.07,515,13726,13727,11872990,8140111,2025-05-28,2025-09-19,591.15,1,-3732879,645375166,-268865429,1.2612990751491,89.2803169931704,-0.458578390392957
566.72,580,5986,6058,11954042,8045024,2025-05-28,2025-08-15,591.15,72,-3909018,279113706,-134591480,2.88234645130612,42.9373991401196,-0.485892646187258
556.58,559,24578,32863,15385828,7952846,2025-05-28,2025-06-20,591.15,8285,-7432982,390817615,-474084868,2.03492516579633,62.9777281149418,-0.934631702914906
533.9,540,12437,12597,11790276,7684170,2025-05-28,2025-08-15,591.15,160,-4106106,279113706,-134591480,2.75306079021429,45.6904599303339,-0.534359078469112
552.41,575,3269,3301,9153200,7456959,2025-05-28,2025-12-19,591.15,32,-1696241,440307900,-106088524,1.69357828919263,78.8735362231747,-0.227470876532914
575.89,580,14270,17605,15097660,7235655,2025-05-28,2025-06-13,591.15,3335,-7862005,37262480,-47851489,19.4180714756506,19.4180714756506,-1.08656438152455
447.76,450,32371,32297,10747172,7234528,2025-05-28,2025-09-19,591.15,-74,-3512644,645375166,-268865429,1.12098022687164,90.4012972200421,-0.485538793961403
561.9,565,20661,22971,15495750,7121010,2025-05-28,2025-06-20,591.15,2310,-8374740,390817615,-474084868,1.8220801025051,64.7998082174469,-1.17606069925474
535.68,542,11199,11209,10795836,7084088,2025-05-28,2025-08-15,591.15,10,-3711748,279113706,-134591480,2.53806525717515,48.2285251875091,-0.52395565950056
524.22,525,88376,89408,19089216,6973824,2025-05-28,2025-06-20,591.15,1032,-12115392,390817615,-474084868,1.78441905695576,66.5842272744027,-1.73726667033754
498.52,500,44714,46489,12832918,6880372,2025-05-28,2025-07-18,591.15,1775,-5952546,351733598,-249347853,1.95613158342639,69.8950883276155,-0.86514886113716
586.46,600,5056,5061,12134400,6852594,2025-05-28,2025-06-20,591.15,5,-5281806,390817615,-474084868,1.75339947253913,68.3376267469418,-0.770774687658425
517.74,520,29286,30237,13032270,6833562,2025-05-28,2025-07-18,591.15,951,-6198708,351733598,-249347853,1.9428232158817,71.8379115434972,-0.907097645415378
397.21,400,24374,24458,8555274,6823782,2025-05-28,2025-12-19,591.15,84,-1731492,440307900,-106088524,1.54977505513755,80.4233112783123,-0.253743745037576
398.69,400,50588,50955,9358780,6675105,2025-05-28,2025-09-19,591.15,367,-2683675,645375166,-268865429,1.03429839753084,91.4355956175729,-0.402042364876657
546.9,555,8770,8226,11146670,6663060,2025-05-28,2025-08-15,591.15,-544,-4483610,279113706,-134591480,2.38722064046543,50.6157458279745,-0.672905541898167
504.29,515,6155,6157,8050740,6594147,2025-05-28,2025-12-19,591.15,2,-1456593,440307900,-106088524,1.49762177785136,81.9209330561637,-0.220891799955324
581.25,585,16911,17577,19244718,6591375,2025-05-28,2025-06-06,591.15,666,-12653343,35096307,-79512207,18.7808221531684,18.7808221531684,-1.91968185697218
540.85,545,15261,15722,11522055,6524630,2025-05-28,2025-07-18,591.15,461,-4997425,351733598,-249347853,1.85499197037185,73.6929035138691,-0.765932321066482
583.31,585,31040,37604,28401600,6355076,2025-05-28,2025-05-30,591.15,6564,-22046524,34753805,-144046137,18.2859862394923,18.2859862394923,-3.46912043223401
521.32,535,4548,4549,7717956,6223032,2025-05-28,2025-12-19,591.15,1,-1494924,440307900,-106088524,1.41333644025011,83.3342694964138,-0.240224379370056
531.79,535,18622,19280,11508396,6188880,2025-05-28,2025-07-18,591.15,658,-5319516,351733598,-249347853,1.759536204443,75.452439718312,-0.859528056772793
416.54,420,17153,17136,7701697,5929056,2025-05-28,2025-12-19,591.15,-17,-1772641,440307900,-106088524,1.34657043400766,84.6808399304214,-0.298975250022938
497.18,500,20392,20864,9706592,5883648,2025-05-28,2025-08-15,591.15,472,-3822944,279113706,-134591480,2.10797530666588,52.7237211346404,-0.649757429404342
512.95,515,27711,28327,10835001,5807035,2025-05-28,2025-07-18,591.15,616,-5027966,351733598,-249347853,1.65097534981574,77.1034150681278,-0.865840484860174
522.47,525,22379,22698,11010468,5742594,2025-05-28,2025-07-18,591.15,319,-5267874,351733598,-249347853,1.63265438179721,78.736069449925,-0.917333525580949
449.92,455,10835,10834,7064420,5503672,2025-05-28,2025-12-19,591.15,-1,-1560748,440307900,-106088524,1.24995985763599,85.9307997880574,-0.283583033291228
579.7,585,9928,10344,12906400,5482320,2025-05-28,2025-06-13,591.15,416,-7424080,37262480,-47851489,14.7127083328861,34.1307798085366,-1.35418581914226
580.19,595,3367,3700,7784504,5479700,2025-05-28,2025-07-18,591.15,333,-2304804,351733598,-249347853,1.55791201953929,80.2939814694643,-0.420607697501688
538.4,545,8161,8204,8299737,5414640,2025-05-28,2025-08-15,591.15,43,-2885097,279113706,-134591480,1.93994056314812,54.6636616977885,-0.532832653694429
519.32,520,81032,79088,14828856,5377984,2025-05-28,2025-06-20,591.15,-1944,-9450872,390817615,-474084868,1.37608536401308,69.7137121109549,-1.75732616534374
555.19,565,5751,5476,8689761,5371956,2025-05-28,2025-08-15,591.15,-275,-3317805,279113706,-134591480,1.92464787092899,56.5883095687175,-0.61761581814892
548.64,557,6302,6326,8186298,5288536,2025-05-28,2025-08-15,591.15,24,-2897762,279113706,-134591480,1.89476040993845,58.483069978656,-0.547932736016168
558.3,561,19696,19449,12743312,5251230,2025-05-28,2025-06-20,591.15,-247,-7492082,390817615,-474084868,1.34365233255927,71.0573644435142,-1.42672897587803
571.68,582,7324,5013,12611928,5173416,2025-05-28,2025-07-18,591.15,-2311,-7438512,351733598,-249347853,1.47083361652588,81.7648150859902,-1.43783372533738
473.28,480,7604,7584,6851204,5096448,2025-05-28,2025-12-19,591.15,-20,-1754756,440307900,-106088524,1.15747366785833,87.0882734559157,-0.344309605435001
500,505,9940,9919,7435120,4959500,2025-05-28,2025-09-19,591.15,-21,-2475620,645375166,-268865429,0.768467747331945,92.2040633649049,-0.499167254763585
537.37,550,3843,3917,6340950,4947171,2025-05-28,2025-10-17,591.15,74,-1393779,16978716,-2935538,29.1374860148435,29.1374860148435,-0.281732529560834
490.66,495,11208,11206,6904128,4863404,2025-05-28,2025-09-19,591.15,-2,-2040724,645375166,-268865429,0.753577803457036,92.9576411683619,-0.419608159223457
481.28,485,12773,12750,7050696,4743000,2025-05-28,2025-09-19,591.15,-23,-2307696,645375166,-268865429,0.734921368201515,93.6925625365634,-0.486547754585705
561.29,573,3942,4045,6618618,4736695,2025-05-28,2025-08-15,591.15,103,-1881923,279113706,-134591480,1.69704851398448,60.1801184926404,-0.397307194151196
525,530,9313,9408,7459713,4704000,2025-05-28,2025-08-15,591.15,95,-2755713,279113706,-134591480,1.68533464995804,61.8654531425985,-0.585823341836735
529.1,530,48276,51082,12069000,4597380,2025-05-28,2025-06-20,591.15,2806,-7471620,390817615,-474084868,1.17634922878284,72.233713672297,-1.62519086958224
499.57,500,105262,105806,11368296,4549658,2025-05-28,2025-06-20,591.15,544,-6818638,390817615,-474084868,1.16413841786533,73.3978520901623,-1.49871440886326
462.2,465,15887,15890,6354800,4449200,2025-05-28,2025-09-19,591.15,3,-1905600,645375166,-268865429,0.689397459709505,94.3819599962729,-0.428301717162636
577.4,580,14339,17013,12632659,4423380,2025-05-28,2025-06-06,591.15,2674,-8209279,35096307,-79512207,12.6035482878583,31.3843704410267,-1.85588373596661
533.96,535,42212,42142,12072632,4382768,2025-05-28,2025-06-20,591.15,-70,-7689864,390817615,-474084868,1.12143563436873,74.5192877245311,-1.7545678895164
421.35,425,11458,11396,5167558,4159540,2025-05-28,2025-12-19,591.15,-62,-1008018,440307900,-106088524,0.944688932449316,88.0329623883651,-0.242338816311419
509.47,510,75834,75683,10465092,4011199,2025-05-28,2025-06-20,591.15,-151,-6453893,390817615,-474084868,1.02636085121189,75.5456485757429,-1.60896854032921
550.05,552,20022,20036,9850824,3907020,2025-05-28,2025-06-20,591.15,14,-5943804,390817615,-474084868,0.999704171471391,76.5453527472143,-1.52131394259564
468.4,475,5558,5558,4724300,3668280,2025-05-28,2025-12-19,591.15,0,-1056020,440307900,-106088524,0.833117007439567,88.8660793958046,-0.287878787878788
463.98,470,6060,6060,4611660,3648120,2025-05-28,2025-12-19,591.15,0,-963540.000000001,440307900,-106088524,0.828538393247089,89.6946177890517,-0.264119601328904
553.39,563,3647,3648,5113094,3505728,2025-05-28,2025-08-15,591.15,1,-1607366,279113706,-134591480,1.25602144381975,63.1214745864182,-0.458497065374153
454.56,460,6413,6415,4457035,3489760,2025-05-28,2025-12-19,591.15,2,-967275,440307900,-106088524,0.79257265200102,90.4871904410527,-0.277175221218651
514.39,515,55118,55131,8984234,3362991,2025-05-28,2025-06-20,591.15,13,-5621243,390817615,-474084868,0.86050138758459,77.4058541347989,-1.67150105367514
565.14,578,2384,2529,4500992,3252294,2025-05-28,2025-08-15,591.15,145,-1248698,279113706,-134591480,1.16522188989171,64.2866964763099,-0.383943764001655
562.72,566,9496,9658,7321416,3167824,2025-05-28,2025-06-20,591.15,162,-4153592,390817615,-474084868,0.810563259795749,78.2164173945947,-1.31118142927132
567.38,590,1324,1395,3843572,3155490,2025-05-28,2025-10-17,591.15,71,-688082,16978716,-2935538,18.5849742701392,47.7224602849827,-0.218058685021978
560.63,572,2689,2715,4434161,3086955,2025-05-28,2025-08-15,591.15,26,-1347206,279113706,-134591480,1.10598474157339,65.3926812178833,-0.436419060206579
586.79,590,7496,9604,9482440,3082884,2025-05-28,2025-05-30,591.15,2108,-6399556,34753805,-144046137,8.87063733021464,27.156623569707,-2.07583418643063
554.69,557,13269,13341,7311219,3081771,2025-05-28,2025-06-20,591.15,72,-4229448,390817615,-474084868,0.788544549098689,79.0049619436934,-1.37240826784339
471.78,475,9378,9354,4407660,3011988,2025-05-28,2025-09-19,591.15,-24,-1395672,645375166,-268865429,0.466703424407874,94.8486634206808,-0.463372364033323
493.65,495,22230,22270,5802030,3006450,2025-05-28,2025-07-18,591.15,40,-2795580,351733598,-249347853,0.854752010355292,82.6195670963455,-0.929860799281544
477.7,485,4057,4055,3793295,2960150,2025-05-28,2025-12-19,591.15,-2,-833145,440307900,-106088524,0.672290912790799,91.1594813538435,-0.281453642551898
547.68,556,3477,3493,4304526,2906176,2025-05-28,2025-08-15,591.15,16,-1398350,279113706,-134591480,1.04121579755026,66.4338970154336,-0.481164939769649
555.81,566,2832,2845,4185696,2899055,2025-05-28,2025-08-15,591.15,13,-1286641,279113706,-134591480,1.03866450757527,67.4725615230088,-0.443813932471098
488.78,490,23375,23563,5423000,2874686,2025-05-28,2025-07-18,591.15,188,-2548314,351733598,-249347853,0.817290704199376,83.4368578005448,-0.886466904559315
582.03,591,3072,3174,5474304,2847078,2025-05-28,2025-06-20,591.15,102,-2627226,390817615,-474084868,0.728492752303399,79.7334546959968,-0.922779776318035
459.05,465,4761,4757,3527901,2830415,2025-05-28,2025-12-19,591.15,-4,-697486,440307900,-106088524,0.64282630404769,91.8023076578912,-0.24642534751971
467.05,470,9989,9487,4325237,2798665,2025-05-28,2025-09-19,591.15,-502,-1526572,645375166,-268865429,0.433649317085746,95.2823127377665,-0.545464355326558
430.95,435,6796,6796,3493144,2752380,2025-05-28,2025-12-19,591.15,0,-740764,440307900,-106088524,0.625103478724774,92.427411136616,-0.269135802469136
442.58,445,11300,11300,3254400,2734600,2025-05-28,2025-09-19,591.15,0,-519800,645375166,-268865429,0.423722532887173,95.7060352706537,-0.190082644628099
580.16,588,3186,3461,5027508,2713424,2025-05-28,2025-06-20,591.15,275,-2314084,390817615,-474084868,0.694294191422257,80.427748887419,-0.852828013609373
574.87,587,2222,2176,4281794,2639488,2025-05-28,2025-07-18,591.15,-46,-1642306,351733598,-249347853,0.750422483097563,84.1872802836424,-0.62220627636875
504.5,505,52341,52418,6542625,2620900,2025-05-28,2025-06-20,591.15,77,-3921725,390817615,-474084868,0.670619721170961,81.09836860859,-1.49632759739021
587.2,600,1988,1992,4473000,2549760,2025-05-28,2025-06-13,591.15,4,-1923240,37262480,-47851489,6.84270075421711,40.9734805627538,-0.754282756024096
525.89,531,4916,4931,4006540,2519741,2025-05-28,2025-08-15,591.15,15,-1486799,279113706,-134591480,0.902765054468518,68.3753265774774,-0.590060248255674
579.16,580,32296,29856,20572552,2507904,2025-05-28,2025-05-30,591.15,-2440,-18064648,34753805,-144046137,7.21619978013918,34.3728233498462,-7.20308592354412
520.41,525,5252,5445,3896984,2499255,2025-05-28,2025-08-15,591.15,193,-1397729,279113706,-134591480,0.895425393405797,69.2707519708832,-0.55925825896117
559.24,562,8985,9029,6226605,2492004,2025-05-28,2025-06-20,591.15,44,-3734601,390817615,-474084868,0.637638607973185,81.7360072165632,-1.49863362980156
541.7,549,3370,3383,3767660,2469590,2025-05-28,2025-08-15,591.15,13,-1298070,279113706,-134591480,0.88479710845873,70.1555490793419,-0.525621661895294
536.82,538,17857,20666,5624955,2438588,2025-05-28,2025-06-20,591.15,2809,-3186367,390817615,-474084868,0.623970851467378,82.3599780680305,-1.30664425479007
457.38,460,9245,9260,3318955,2426120,2025-05-28,2025-09-19,591.15,15,-892835,645375166,-268865429,0.375923978456897,96.0819592491106,-0.368009414208695
582.5,600,1340,1371,3599240,2399250,2025-05-28,2025-07-18,591.15,31,-1199990,351733598,-249347853,0.682121359359023,84.8694016430014,-0.500152130874232
489.65,490,68361,68456,5947407,2395960,2025-05-28,2025-06-20,591.15,95,-3551447,390817615,-474084868,0.613063461840122,82.9730415298707,-1.48226472896042
506.54,510,6896,6875,3847968,2378750,2025-05-28,2025-08-15,591.15,-21,-1469218,279113706,-134591480,0.852251232692959,71.0078003120349,-0.617642879663689
584.59,590,2910,4347,4202040,2351727,2025-05-28,2025-06-06,591.15,1437,-1850313,35096307,-79512207,6.70078193697132,38.0851523779981,-0.786789027808075
515.97,520,5824,5835,3960320,2351505,2025-05-28,2025-08-15,591.15,11,-1608815,279113706,-134591480,0.842489977901695,71.8502902899365,-0.684163971584155
580.8,589,2361,2839,3848430,2327980,2025-05-28,2025-06-20,591.15,478,-1520450,390817615,-474084868,0.595669158873507,83.5687106887442,-0.65311987216385
557.39,568,2175,2185,3480000,2318285,2025-05-28,2025-08-15,591.15,10,-1161715,279113706,-134591480,0.830588018490214,72.6808783084267,-0.50110965649176
468.29,470,13532,13545,3721300,2316195,2025-05-28,2025-08-15,591.15,13,-1405105,279113706,-134591480,0.829839219719293,73.5107175281461,-0.60664365478727
576.48,589,1479,1842,2949126,2306184,2025-05-28,2025-07-18,591.15,363,-642942,351733598,-249347853,0.655662129837253,85.5250637728387,-0.278790417416824
573.21,575,18072,12518,12596184,2240722,2025-05-28,2025-06-06,591.15,-5554,-10355462,35096307,-79512207,6.38449509801701,44.4696474760151,-4.62148450365552
587.36,591,4088,6066,5580120,2208024,2025-05-28,2025-05-30,591.15,1978,-3372096,34753805,-144046137,6.35333023247383,40.72615358232,-1.52720079129575
578.72,586,2679,2972,4045290,2163616,2025-05-28,2025-06-20,591.15,293,-1881674,390817615,-474084868,0.553612712671613,84.1223234014158,-0.869689445816633
574.51,640,325,325,2128425,2128425,2025-05-28,2025-12-19,591.15,0,0,440307900,-106088524,0.483394688126195,92.9108058247422,0
503.37,505,12842,12937,4045230,2108731,2025-05-28,2025-07-18,591.15,95,-1936499,351733598,-249347853,0.59952504167657,86.1245888145152,-0.918324338192021
568.77,570,14850,16854,8063550,2073042,2025-05-28,2025-06-06,591.15,2004,-5990508,35096307,-79512207,5.90672403224647,50.3763715082615,-2.88971858746711
478.96,480,19858,19809,3852452,2060136,2025-05-28,2025-07-18,591.15,-49,-1792316,351733598,-249347853,0.585709187781373,86.7102980022966,-0.869998873860755
582.85,593,2003,2025,3599391,2055375,2025-05-28,2025-06-20,591.15,22,-1544016,390817615,-474084868,0.525916673433463,84.6482400748493,-0.751208903484765
529.39,535,3710,3642,3249960,2043162,2025-05-28,2025-08-15,591.15,-68,-1206798,279113706,-134591480,0.732017796360026,74.2427353245061,-0.590652136247639
579.2,587,2705,2598,4233325,2026440,2025-05-28,2025-06-20,591.15,-107,-2206885,390817615,-474084868,0.518512964161045,85.1667530390103,-1.08904532085825
539.11,546,2883,2912,2981022,2006368,2025-05-28,2025-08-15,591.15,29,-974654,279113706,-134591480,0.718835355222577,74.9615706797286,-0.485780275602482
546.26,548,10676,11477,4676088,1996998,2025-05-28,2025-06-20,591.15,801,-2679090,390817615,-474084868,0.510979526856792,85.6777325658671,-1.34155867957805
575.6,588,1276,1590,2567312,1971600,2025-05-28,2025-07-18,591.15,314,-595712.000000001,351733598,-249347853,0.560537864796186,87.2708358670928,-0.302146480016231
584.45,605,947,956,2762399,1964580,2025-05-28,2025-07-18,591.15,9,-797819,351733598,-249347853,0.558542036123601,87.8293779032164,-0.406101558602857
588.48,593,4235,4306,6390615,1946312,2025-05-28,2025-05-30,591.15,71,-4444303,34753805,-144046137,5.60028463070447,46.3264382130245,-2.28344838854202
423.3,425,11369,11366,2694453,1932220,2025-05-28,2025-09-19,591.15,-3,-762233.000000001,645375166,-268865429,0.299394848422166,96.3813540975328,-0.394485617579779
534.71,541,3024,3040,2863728,1912160,2025-05-28,2025-08-15,591.15,16,-951568.000000001,279113706,-134591480,0.685082802777159,75.6466534825058,-0.497640364823028
387.44,390,7224,7225,2333352,1849600,2025-05-28,2025-12-19,591.15,1,-483752,440307900,-106088524,0.42006968305588,93.3308755077981,-0.261544117647059
586.5,610,783,787,2619135,1849450,2025-05-28,2025-07-18,591.15,4,-769685,351733598,-249347853,0.525809877281044,88.3551877804974,-0.416169672064668
554.2,564,1868,1873,2727280,1835540,2025-05-28,2025-08-15,591.15,5,-891740,279113706,-134591480,0.657631624869042,76.3042851073749,-0.485818887084999
435.7,440,4245,4256,2355975,1830080,2025-05-28,2025-12-19,591.15,11,-525895,440307900,-106088524,0.415636421694909,93.746511929493,-0.287361754677391
580.14,590,1526,1854,2694916,1828044,2025-05-28,2025-06-27,591.15,328,-866872,23180047,-11339267,7.88628254291288,7.88628254291288,-0.474207404198149
486.69,495,2204,2195,2380320,1824045,2025-05-28,2025-12-19,591.15,-9,-556275,440307900,-106088524,0.414265789916556,94.1607777194095,-0.304967805070599
555.59,558,7543,7554,4525800,1820514,2025-05-28,2025-06-20,591.15,11,-2705286,390817615,-474084868,0.465821889834725,86.1435544557018,-1.48600120625274
474.72,475,64883,64972,4217395,1819216,2025-05-28,2025-06-20,591.15,89,-2398179,390817615,-474084868,0.465489765603324,86.6090442213051,-1.31824863017915
578.59,593,1093,1258,2348857,1812778,2025-05-28,2025-07-18,591.15,165,-536079,351733598,-249347853,0.515383804762376,88.8705715852598,-0.295722366445312
551.76,561,1919,1928,2586812,1781472,2025-05-28,2025-08-15,591.15,9,-805340.000000001,279113706,-134591480,0.638260308148393,76.9425454155233,-0.452064360259381
408.52,410,11934,11934,2410668,1766232,2025-05-28,2025-09-19,591.15,0,-644436,645375166,-268865429,0.27367523466188,96.6550293321947,-0.364864864864865
487.57,490,7193,7202,2841235,1750086,2025-05-28,2025-08-15,591.15,9,-1091149,279113706,-134591480,0.627015428615319,77.5695608441386,-0.623483074546051
437.91,440,8315,8325,2494500,1739925,2025-05-28,2025-09-19,591.15,10,-754575,645375166,-268865429,0.269599000963108,96.9246283331578,-0.433682486314065
583.48,594,1554,1636,2958816,1721072,2025-05-28,2025-06-20,591.15,82,-1237744,390817615,-474084868,0.440377284427162,87.0494215057323,-0.719170377532143
529.11,540,1403,1580,2061007,1720620,2025-05-28,2025-10-17,591.15,177,-340387,16978716,-2935538,10.1339818629395,57.8564421479222,-0.197828108472527
563.52,576,1254,1365,2235882,1703520,2025-05-28,2025-08-15,591.15,111,-532362,279113706,-134591480,0.61033190537766,78.1798927495162,-0.312507044237813
573.41,579,3061,3046,3654834,1702714,2025-05-28,2025-06-20,591.15,-15,-1952120,390817615,-474084868,0.435679952655153,87.4851014583874,-1.14647556782877
513.14,517,4257,4251,2694681,1640886,2025-05-28,2025-08-15,591.15,-6,-1053795,279113706,-134591480,0.587891588527007,78.7677843380432,-0.642210976265262
564.51,568,4690,4698,3939600,1639602,2025-05-28,2025-06-20,591.15,8,-2299998,390817615,-474084868,0.419531243493208,87.9046327018807,-1.40277823520586
582.62,592,1798,1742,3195046,1633996,2025-05-28,2025-06-20,591.15,-56,-1561050,390817615,-474084868,0.418096814801963,88.3227295166826,-0.955357295856293
474.04,475,16954,16982,2831318,1630272,2025-05-28,2025-07-18,591.15,28,-1201046,351733598,-249347853,0.463496239560259,89.3340678248201,-0.736715100302281
439.84,440,101729,101671,3662244,1626736,2025-05-28,2025-06-20,591.15,-58,-2035508,390817615,-474084868,0.41623917079582,88.7389686874784,-1.25128355184861
572.83,578,3187,3092,3677798,1598564,2025-05-28,2025-06-20,591.15,-95,-2079234,390817615,-474084868,0.409030693255727,89.1479993807342,-1.30068861803469
357.93,360,7715,7721,1681870,1598247,2025-05-28,2025-12-19,591.15,6,-83623,440307900,-106088524,0.362983948278012,94.5237616676876,-0.0523216999625214
569.76,570,62378,65694,18214376,1576656,2025-05-28,2025-05-30,591.15,3316,-16637720,34753805,-144046137,4.53664282227514,50.8630810352996,-10.5525365076466
551.03,553,8008,7911,4124120,1558467,2025-05-28,2025-06-20,591.15,-97,-2565653,390817615,-474084868,0.398770920292321,89.5467703010265,-1.64626713302239
578.43,592,935,1145,2053260,1553765,2025-05-28,2025-07-18,591.15,210,-499495,351733598,-249347853,0.441744834395945,89.775812659216,-0.321473968071105
343.28,345,9017,9016,1848485,1550752,2025-05-28,2025-12-19,591.15,-1,-297733,440307900,-106088524,0.352197178383581,94.8759588460711,-0.191992659045418
585.04,597,1221,1295,2592183,1548820,2025-05-28,2025-06-20,591.15,74,-1043363,390817615,-474084868,0.396302505453855,89.9430728064803,-0.673650262780698
452.55,455,6303,6305,2199747,1544725,2025-05-28,2025-09-19,591.15,2,-655022,645375166,-268865429,0.239353027724032,97.1639813608818,-0.424037935554872
569.37,575,2718,2708,3209958,1524604,2025-05-28,2025-06-27,591.15,-10,-1685354,23180047,-11339267,6.5772256630886,14.4635082060015,-1.10543721517194
587.7,610,677,677,1932835,1509710,2025-05-28,2025-06-27,591.15,0,-423125,23180047,-11339267,6.51297212641545,20.9764803324169,-0.280269058295964
543.41,551,1956,1972,2308080,1496748,2025-05-28,2025-08-15,591.15,16,-811332.000000001,279113706,-134591480,0.536250269271979,79.3040346073152,-0.54206319300243
574.57,575,34210,34202,14983980,1470686,2025-05-28,2025-05-30,591.15,-8,-13513294,34753805,-144046137,4.23172656922026,55.0948076045199,-9.18842907323521
528.59,534,2675,2690,2233625,1455290,2025-05-28,2025-08-15,591.15,15,-778335,279113706,-134591480,0.521396824561528,79.8254314318767,-0.534831545602595
581.67,610,500,506,1804000,1433498,2025-05-28,2025-09-19,591.15,6,-370502,645375166,-268865429,0.222118556077195,97.386099916959,-0.25846007458678
546.21,551,2929,2991,2516011,1432689,2025-05-28,2025-07-18,591.15,62,-1083322,351733598,-249347853,0.407322191609344,90.1831348508254,-0.756145960498056
570.95,595,446,593,1475814,1426165,2025-05-28,2025-10-17,591.15,147,-49649.0000000002,16978716,-2935538,8.39972233471601,66.2561644826382,-0.0348129424014755
531.99,533,7635,14064,1992735,1420464,2025-05-28,2025-06-20,591.15,6429,-572271,390817615,-474084868,0.363459564124304,90.3065323706046,-0.402876102456662
501.92,505,4535,4545,2330990,1399860,2025-05-28,2025-08-15,591.15,10,-931130,279113706,-134591480,0.501537534670548,80.3269689665473,-0.665159373080165
274.12,275,15508,15508,1612832,1364704,2025-05-28,2025-12-19,591.15,0,-248128,440307900,-106088524,0.309943110264431,95.1859019563356,-0.181818181818182
511.27,515,3407,3611,2095305,1346903,2025-05-28,2025-08-15,591.15,204,-748402,279113706,-134591480,0.482564263612336,80.8095332301596,-0.55564654618781
587.93,605,783,789,2193183,1346823,2025-05-28,2025-06-20,591.15,6,-846360,390817615,-474084868,0.344616759405791,90.6511491300104,-0.628412196702907
477.99,480,6632,6698,2228352,1346298,2025-05-28,2025-08-15,591.15,66,-882054,279113706,-134591480,0.482347506073385,81.291880736233,-0.655169954943111
432.22,435,4829,4829,1342462,1342462,2025-05-28,2025-09-19,591.15,0,0,645375166,-268865429,0.208012652287274,97.5941125692463,0
573.44,630,234,234,1323504,1323504,2025-05-28,2025-09-19,591.15,0,0,645375166,-268865429,0.205075136095336,97.7991877053416,0
584.57,596,1039,1150,1989685,1314450,2025-05-28,2025-06-20,591.15,111,-675235,390817615,-474084868,0.33633335590567,90.9874824859161,-0.513701548176043
479.7,480,42811,42751,2996770,1282530,2025-05-28,2025-06-20,591.15,-60,-1714240,390817615,-474084868,0.32816586325056,91.3156483491666,-1.33660811053153
550.12,559,1403,1411,1863184,1252968,2025-05-28,2025-08-15,591.15,8,-610216,279113706,-134591480,0.448909520767139,81.7407902570002,-0.487016428192899
571.9,577,2359,2389,2642080,1218390,2025-05-28,2025-06-20,591.15,30,-1423690,390817615,-474084868,0.311754115791326,91.627402464958,-1.16850105467051
348.23,350,7000,6846,1582000,1211742,2025-05-28,2025-12-19,591.15,-154,-370258,440307900,-106088524,0.275203329306606,95.4611052856422,-0.305558443959192
469.11,470,13580,13565,2104900,1207285,2025-05-28,2025-07-18,591.15,-15,-897615,351733598,-249347853,0.343238464242475,90.5263733150679,-0.743498842443996
564.16,565,13858,14269,5778786,1198596,2025-05-28,2025-06-06,591.15,411,-4580190,35096307,-79512207,3.41516274062681,53.7915342488884,-3.82129591622198
573.28,580,1552,1783,2102960,1198176,2025-05-28,2025-06-27,591.15,231,-904784,23180047,-11339267,5.1689972846043,26.1454776170212,-0.755134471062682
576.26,583,1846,1768,2482870,1191632,2025-05-28,2025-06-20,591.15,-78,-1291238,390817615,-474084868,0.304907443846921,91.9323099088049,-1.08358788619305
566.18,579,875,923,1692250,1183286,2025-05-28,2025-08-15,591.15,48,-508964,279113706,-134591480,0.42394406815694,82.1647343251571,-0.430127627640317
558.17,569,1046,1088,1696612,1178304,2025-05-28,2025-08-15,591.15,42,-518308,279113706,-134591480,0.422159132522141,82.5868934576792,-0.439876296779099
579.21,594,699,796,1528014,1177284,2025-05-28,2025-07-18,591.15,97,-350730,351733598,-249347853,0.33470899757492,90.8610823126428,-0.297914521899559
582.67,587,2438,2705,2918286,1171265,2025-05-28,2025-06-06,591.15,267,-1747021,35096307,-79512207,3.33728845032043,57.1288226992088,-1.49156766402138
568.58,578,1163,1243,1836377,1170906,2025-05-28,2025-07-18,591.15,80,-665471,351733598,-249347853,0.332895693404871,91.1939780060476,-0.56833853443402
532.11,538,1966,1982,1765468,1167398,2025-05-28,2025-08-15,591.15,16,-598070,279113706,-134591480,0.418251764390245,83.0051452220695,-0.512310283211039
589.33,615,440,453,1522400,1162851,2025-05-28,2025-06-20,591.15,13,-359549,390817615,-474084868,0.29754313914433,92.2298530479492,-0.30919610508999
440.33,445,2483,2482,1460004,1159094,2025-05-28,2025-12-19,591.15,-1,-300910,440307900,-106088524,0.263246242004743,95.7243515276469,-0.259607935163153
564.84,567,5316,5339,3396924,1153224,2025-05-28,2025-06-13,591.15,23,-2243700,37262480,-47851489,3.09486647158214,44.0683470343359,-1.94558906162203
572.12,583,643,1058,1097601,1151104,2025-05-28,2025-07-18,591.15,415,53503,351733598,-249347853,0.327265864434139,91.5212438704818,0.0464797272878906
545.11,553,1436,1448,1684428,1142472,2025-05-28,2025-08-15,591.15,12,-541956,279113706,-134591480,0.409321353785471,83.4144665758549,-0.474371363149381
399.28,400,13371,15712,1510923,1131264,2025-05-28,2025-08-15,591.15,2341,-379659,279113706,-134591480,0.405305786022561,83.8197723618775,-0.335606012389681
552.51,562,1176,1184,1620528,1123616,2025-05-28,2025-08-15,591.15,8,-496912,279113706,-134591480,0.402565684108684,84.2223380459862,-0.44224361347649
589.3,595,1350,1953,2274750,1113210,2025-05-28,2025-05-30,591.15,603,-1161540,34753805,-144046137,3.20313128303505,58.2979388875549,-1.04341498908562
575.67,582,1444,1747,1903192,1105851,2025-05-28,2025-06-20,591.15,303,-797341,390817615,-474084868,0.282958330831634,92.5128113787809,-0.721020282117573
559.41,560,18498,18553,5974854,1094627,2025-05-28,2025-06-06,591.15,55,-4880227,35096307,-79512207,3.11892359500958,60.2477462942184,-4.45834699856664
494.59,495,26758,26616,2568768,1091256,2025-05-28,2025-06-20,591.15,-142,-1477512,390817615,-474084868,0.279223852282093,92.792035231063,-1.35395544216939
569.6,574,2450,2464,2499000,1084160,2025-05-28,2025-06-20,591.15,14,-1414840,390817615,-474084868,0.277408171584078,93.069443402647,-1.30501033057851
577.8,591,562,816,1087470,1077120,2025-05-28,2025-07-18,591.15,254,-10350,351733598,-249347853,0.306231763506425,91.8274756339882,-0.00960895721925134
567.72,577,1148,1146,1772512,1063488,2025-05-28,2025-07-18,591.15,-2,-709024,351733598,-249347853,0.302356103041371,92.1298317370296,-0.666696756333875
482.73,485,4674,4680,1691988,1062360,2025-05-28,2025-08-15,591.15,6,-629628,279113706,-134591480,0.380619072859145,84.6029571188453,-0.592669151699989
553.73,556,4375,4662,2489375,1058274,2025-05-28,2025-06-20,591.15,287,-1431101,390817615,-474084868,0.270784621619473,93.3402280242665,-1.35229723115186
372.8,375,4783,4783,1348806,1052260,2025-05-28,2025-12-19,591.15,0,-296546,440307900,-106088524,0.238982766377801,95.9633342940247,-0.281818181818182
463.36,465,6315,6414,1641900,1051896,2025-05-28,2025-08-15,591.15,99,-590004,279113706,-134591480,0.376870063127606,84.9798271819729,-0.560895753952862
574.21,582,1261,1347,1815840,1049313,2025-05-28,2025-06-27,591.15,86,-766527,23180047,-11339267,4.5267941001155,30.6722717171367,-0.730503672402801
585.5,588,2775,4188,3046950,1047000,2025-05-28,2025-05-30,591.15,1413,-1999950,34753805,-144046137,3.0126197692598,61.3105586568147,-1.91017191977077
571.82,575,3343,3286,2945183,1044948,2025-05-28,2025-06-13,591.15,-57,-1900235,37262480,-47851489,2.804289998948,46.8726370332839,-1.81849718837684
469.76,470,43480,43452,2521840,1042848,2025-05-28,2025-06-20,591.15,-28,-1478992,390817615,-474084868,0.266837511917164,93.6070655361837,-1.41822394059345
556.63,567,964,1002,1480704,1039074,2025-05-28,2025-08-15,591.15,38,-441630,279113706,-134591480,0.372276236409544,85.3521034183825,-0.425022664410812
459.26,460,14346,14029,1922364,1038146,2025-05-28,2025-07-18,591.15,-317,-884218,351733598,-249347853,0.295151218394553,92.4249829554241,-0.851727984310492
589.47,610,479,505,1532800,1036765,2025-05-28,2025-06-20,591.15,26,-496035,390817615,-474084868,0.265281031408986,93.8723465675927,-0.478444970653909
565.32,569,1222,2790,1063140,1026720,2025-05-28,2025-06-20,591.15,1568,-36419.9999999999,390817615,-474084868,0.262710778786161,94.1350573463788,-0.035472183263207
587.9,592,2582,2500,3555414,1025000,2025-05-28,2025-05-30,591.15,-82,-2530414,34753805,-144046137,2.94931734812922,64.2598760049439,-2.46869658536585
581.95,586,1854,2524,2224800,1022220,2025-05-28,2025-06-06,591.15,670,-1202580,35096307,-79512207,2.91261413914575,63.1603604333641,-1.17643951399894
439.46,440,18819,18827,1825443,1016658,2025-05-28,2025-07-18,591.15,8,-808785,351733598,-249347853,0.289042049375107,92.7140250047992,-0.795533011101078
518.61,523,2295,2315,1572075,1016285,2025-05-28,2025-08-15,591.15,20,-555790,279113706,-134591480,0.364111463591114,85.7162148819736,-0.546883994155183
584.95,620,268,285,1179468,998925,2025-05-28,2025-09-19,591.15,17,-180543,645375166,-268865429,0.154782063616002,97.9539697689576,-0.180737292589534
569.23,579,963,1020,1575468,996540,2025-05-28,2025-07-18,591.15,57,-578928,351733598,-249347853,0.283322379683501,92.9973473844827,-0.580938045637907
583.06,590,1083,1429,1706808,991726,2025-05-28,2025-06-13,591.15,346,-715082,37262480,-47851489,2.6614599994418,49.5340970327257,-0.721047950744459
388.57,390,6930,6930,990990,990990,2025-05-28,2025-09-19,591.15,0,0,645375166,-268865429,0.153552546209998,98.1075223151676,0
576.79,585,770,1203,1200430,987663,2025-05-28,2025-06-27,591.15,433,-212767,23180047,-11339267,4.26083260314356,34.9331043202803,-0.215424694455497
567.24,576,1041,1127,1587525,987252,2025-05-28,2025-07-18,591.15,86,-600273,351733598,-249347853,0.280681744824388,93.2780291293071,-0.608024091113515
574.17,586,777,834,1491840,986622,2025-05-28,2025-07-18,591.15,57,-505218,351733598,-249347853,0.280502631994797,93.5585317613019,-0.512068451747478
588.96,635,184,214,846400,985256,2025-05-28,2025-09-19,591.15,30,138856,645375166,-268865429,0.1526640707461,98.2601863859137,0.140933929861884
449.38,450,15853,15696,1759683,973152,2025-05-28,2025-07-18,591.15,-157,-786531,351733598,-249347853,0.276673029114495,93.8352047904164,-0.808230368945448
551.88,554,4533,4522,2393424,958664,2025-05-28,2025-06-20,591.15,-11,-1434760,390817615,-474084868,0.245297029408462,94.3803543757873,-1.49662446905276
582.5,625,195,225,1020825,956250,2025-05-28,2025-12-19,591.15,30,-64575,440307900,-106088524,0.217177570513725,96.1805118645384,-0.0675294117647059
553.8,555,7899,7957,3199095,954840,2025-05-28,2025-06-13,591.15,58,-2244255,37262480,-47851489,2.56247034550572,52.0965673782314,-2.35039901973105
448.65,450,6882,7065,1424574,953775,2025-05-28,2025-08-15,591.15,183,-470799,279113706,-134591480,0.341715573079023,86.0579304550526,-0.493616418966737
567.52,570,3089,3808,2239525,944384,2025-05-28,2025-06-13,591.15,719,-1295141,37262480,-47851489,2.53440994802278,54.6309773262542,-1.37141353517213
532.99,539,1555,1570,1419715,943570,2025-05-28,2025-08-15,591.15,15,-476145,279113706,-134591480,0.33805935707077,86.3959898121234,-0.504620748858061
570.64,581,818,893,1393872,925148,2025-05-28,2025-07-18,591.15,75,-468724,351733598,-249347853,0.263025200111819,94.0982299905282,-0.506647585035043
587.77,620,282,286,1184400,921778,2025-05-28,2025-07-18,591.15,4,-262622,351733598,-249347853,0.262067088626546,94.3602970791548,-0.284908079819653
590.9,610,460,482,1343200,920620,2025-05-28,2025-06-13,591.15,22,-422580,37262480,-47851489,2.47063534150169,57.1016126677559,-0.459016749581803
577.33,584,1431,1370,2030589,913790,2025-05-28,2025-06-20,591.15,-61,-1116799,390817615,-474084868,0.23381494715892,94.6141693229462,-1.22216154696374
578.9,588,701,994,1139826,904540,2025-05-28,2025-06-27,591.15,293,-235286,23180047,-11339267,3.90223540098948,38.8353397212698,-0.260116744422579
581.72,583,2766,7053,2210034,902784,2025-05-28,2025-05-30,591.15,4287,-1307250,34753805,-144046137,2.59765513445218,66.8575311393961,-1.44802078902595
580.89,591,210,892,388500,901812,2025-05-28,2025-06-27,591.15,682,513312,23180047,-11339267,3.89046665867416,42.7258063799439,0.569200675972376
524.87,535,874,877,1137074,888401,2025-05-28,2025-10-17,591.15,3,-248673,16978716,-2935538,5.23243924923416,71.4886037318723,-0.279910761018954
413.42,415,5590,5590,1106820,883220,2025-05-28,2025-09-19,591.15,0,-223600,645375166,-268865429,0.136853731988813,98.3970401179025,-0.253164556962025
426.16,430,2298,2299,1091550,882816,2025-05-28,2025-12-19,591.15,1,-208734,440307900,-106088524,0.200499695781066,96.3810115603195,-0.236441115702479
588.93,594,1736,1725,2709896,874575,2025-05-28,2025-05-30,591.15,-11,-1835321,34753805,-144046137,2.51648704364889,69.374018183045,-2.0985289997999
575.2,581,1521,1502,1866267,871160,2025-05-28,2025-06-20,591.15,-19,-995107,390817615,-474084868,0.222907045784003,94.8370763687302,-1.1422781119427
567.91,572,2029,2129,1927550,870761,2025-05-28,2025-06-20,591.15,100,-1056789,390817615,-474084868,0.222804952125815,95.059881320856,-1.21363841513343
484.67,485,26506,26386,2014456,870738,2025-05-28,2025-06-20,591.15,-120,-1143718,390817615,-474084868,0.222799067027723,95.2826803878837,-1.31350417691659
521.35,526,1900,1869,1373700,869085,2025-05-28,2025-08-15,591.15,-31,-504615,279113706,-134591480,0.311373100395149,86.7073629125185,-0.580627901758746
504.76,505,36180,36189,2858220,868536,2025-05-28,2025-06-13,591.15,9,-1989684,37262480,-47851489,2.33085935235658,59.4324720201125,-2.29084804774932
571.07,576,1791,1755,1937862,865215,2025-05-28,2025-06-20,591.15,-36,-1072647,390817615,-474084868,0.221385875864372,95.5040662637481,-1.23974619025329
428.15,430,4662,4662,1174824,862470,2025-05-28,2025-09-19,591.15,0,-312354,645375166,-268865429,0.133638547845828,98.5306786657484,-0.362162162162162
469.88,470,70968,71045,2767752,852540,2025-05-28,2025-06-13,591.15,77,-1915212,37262480,-47851489,2.28793145276428,61.7204034728767,-2.24647758462946
541.52,543,5660,5713,2111180,845524,2025-05-28,2025-06-20,591.15,53,-1265656,390817615,-474084868,0.216347464276911,95.720413728025,-1.49688950284084
473.1,475,4430,4415,1351150,838850,2025-05-28,2025-08-15,591.15,-15,-512300,279113706,-134591480,0.300540597601466,87.00790351012,-0.610717053108422
582.49,595,545,667,1134145,834417,2025-05-28,2025-06-27,591.15,122,-299728,23180047,-11339267,3.59972091514741,46.3255272950913,-0.359206487883157
590.2,600,710,851,1525080,833980,2025-05-28,2025-05-30,591.15,141,-691100,34753805,-144046137,2.39967968974908,71.7736978727941,-0.828676946689369
562.05,574,662,696,1167768,831720,2025-05-28,2025-08-15,591.15,34,-336048,279113706,-134591480,0.297986083134162,87.3058895932542,-0.404039821093637
589.5,640,164,164,828200,828200,2025-05-28,2025-09-19,591.15,0,0,645375166,-268865429,0.128328458179316,98.6590071239277,0
561.65,569,1052,1124,1317104,826140,2025-05-28,2025-07-18,591.15,72,-490964,351733598,-249347853,0.234876623870319,94.5951737030251,-0.594286682644588
584.2,592,992,1057,1647712,824460,2025-05-28,2025-06-13,591.15,65,-823252,37262480,-47851489,2.21257414965402,63.9329776225308,-0.998534798534799
454.81,455,43210,43296,1858030,822624,2025-05-28,2025-06-20,591.15,86,-1035406,390817615,-474084868,0.210487953568828,95.9309016815939,-1.2586625238262
540.89,548,1119,1144,1256637,813384,2025-05-28,2025-08-15,591.15,25,-443253,279113706,-134591480,0.291416717457795,87.597306310712,-0.544949249063173
553.1,570,462,472,1038576,797680,2025-05-28,2025-10-17,591.15,10,-240896,16978716,-2935538,4.6981173370236,76.1867210688959,-0.301995787784576
517.62,522,1785,1804,1199520,790152,2025-05-28,2025-08-15,591.15,19,-409368,279113706,-134591480,0.283093227962084,87.880399538674,-0.518087659083316
526.79,532,1414,1502,1138270,782542,2025-05-28,2025-08-15,591.15,88,-355728,279113706,-134591480,0.280366740571314,88.1607662792454,-0.454580073657388
454.3,455,11159,11160,1383716,781200,2025-05-28,2025-07-18,591.15,1,-602516,351733598,-249347853,0.222099908692828,94.8172736117179,-0.771269841269842
382.59,385,3237,3231,980811,778671,2025-05-28,2025-12-19,591.15,-6,-202140,440307900,-106088524,0.176846929160254,96.5578584894798,-0.259596158069326
581.85,605,336,332,1058400,768580,2025-05-28,2025-08-15,591.15,-4,-289820,279113706,-134591480,0.275364478160023,88.4361307574054,-0.377085013921778
584.81,587,3100,3430,3255000,751170,2025-05-28,2025-05-30,591.15,330,-2503830,34753805,-144046137,2.16140362184803,73.9351014946421,-3.33324014537322
591.07,620,258,259,1059090,749287,2025-05-28,2025-06-20,591.15,1,-309803,390817615,-474084868,0.191722934494649,96.1226246160885,-0.413463732855368
411.62,415,2209,2208,921153,746304,2025-05-28,2025-12-19,591.15,-1,-174849,440307900,-106088524,0.169495936820575,96.7273544263003,-0.23428656418832
567.11,571,1539,1911,1415880,743379,2025-05-28,2025-06-20,591.15,372,-672501,390817615,-474084868,0.19021123190673,96.3128358479952,-0.904654288054949
298.91,300,6796,6798,958236,740982,2025-05-28,2025-12-19,591.15,2,-217254,440307900,-106088524,0.168287237181073,96.8956416634814,-0.293197405604994
558.48,560,4370,4864,2167520,739328,2025-05-28,2025-06-13,591.15,494,-1428192,37262480,-47851489,1.98410841146376,65.9170860339945,-1.93174342105263
584.63,625,179,183,821252,738771,2025-05-28,2025-09-19,591.15,4,-82481.0000000001,645375166,-268865429,0.114471556843264,98.7734786807709,-0.111646234083363
580.5,584,2105,2107,2256560,737450,2025-05-28,2025-06-06,591.15,2,-1519110,35096307,-79512207,2.10121822788933,65.2615786612535,-2.05994982710692
527.69,533,1381,1381,1132420,733311,2025-05-28,2025-08-15,591.15,0,-399109,279113706,-134591480,0.2627284093315,88.6988591667369,-0.544256120527307
544.31,552,933,945,1072017,726705,2025-05-28,2025-08-15,591.15,12,-345312,279113706,-134591480,0.260361631972312,88.9592207987092,-0.475174933432411
584.08,586,1863,3780,1831329,725760,2025-05-28,2025-05-30,591.15,1917,-1105569,34753805,-144046137,2.08828932544221,76.0233908200843,-1.52332589285714
560.56,580,329,372,845530,723168,2025-05-28,2025-10-17,591.15,43,-122362,16978716,-2935538,4.25926200779847,80.4459830766944,-0.169202730209301
587.9,625,184,194,800952,719740,2025-05-28,2025-08-15,591.15,10,-81212,279113706,-134591480,0.257866233197448,89.2170870319066,-0.112835190485453
560.68,565,941,1662,833726,717984,2025-05-28,2025-06-27,591.15,721,-115742,23180047,-11339267,3.09742253758157,49.4229498326729,-0.161204149396087
418.41,420,4506,4505,973296,716295,2025-05-28,2025-09-19,591.15,-1,-257001,645375166,-268865429,0.110988931359035,98.88446761213,-0.358792117772705
587.26,620,178,218,794236,713732,2025-05-28,2025-08-15,591.15,40,-80503.9999999999,279113706,-134591480,0.255713705438743,89.4728007373454,-0.112793037162408
585.18,591,894,1221,1295406,710622,2025-05-28,2025-06-06,591.15,327,-584784,35096307,-79512207,2.02477713680815,67.2863557980616,-0.822918513640163
581.43,588,993,1077,1393179,707589,2025-05-28,2025-06-13,591.15,84,-685590,37262480,-47851489,1.89893157943325,67.8160176134278,-0.968909918045645
405.98,410,1754,1754,705108,705108,2025-05-28,2025-12-19,591.15,0,0,440307900,-106088524,0.160139756747494,97.0557814202289,0
587.09,605,386,393,889730,703863,2025-05-28,2025-06-27,591.15,7,-185867,23180047,-11339267,3.03650376550142,52.4594535981743,-0.26406701304089
449.82,450,39008,38937,1638336,700866,2025-05-28,2025-06-20,591.15,-71,-937470,390817615,-474084868,0.179333267769929,96.4921691157652,-1.33758806961673
577.23,615,190,185,853670,698745,2025-05-28,2025-12-19,591.15,-5,-154925,440307900,-106088524,0.158694631642994,97.2144760518719,-0.22171893895484
377.58,380,2886,2886,842712,698412,2025-05-28,2025-12-19,591.15,0,-144300,440307900,-106088524,0.15861900274785,97.3730950546197,-0.206611570247934
587.15,595,802,889,1447610,697865,2025-05-28,2025-06-06,591.15,87,-749745,35096307,-79512207,1.9884285830985,69.2747843811601,-1.07434102584311
585.2,598,534,536,1213782,686080,2025-05-28,2025-06-20,591.15,2,-527702,390817615,-474084868,0.17554991731885,96.667719033084,-0.769155200559702
586.3,615,222,238,912642,683060,2025-05-28,2025-08-15,591.15,16,-229582,279113706,-134591480,0.244724635629323,89.7175253729747,-0.336108101777296
584.48,593,748,799,1181840,680748,2025-05-28,2025-06-13,591.15,51,-501092,37262480,-47851489,1.82689933681279,69.6429169502406,-0.736090300669264
588.11,635,104,145,544648,679905,2025-05-28,2025-08-15,591.15,41,135257,279113706,-134591480,0.243594271934464,89.9611196449092,0.198935145351189
559.74,571,587,602,950353,677852,2025-05-28,2025-08-15,591.15,15,-272501,279113706,-134591480,0.242858729409727,90.2039783743189,-0.402006632716286
579.65,630,132,132,749760,664620,2025-05-28,2025-12-19,591.15,0,-85140,440307900,-106088524,0.150944373244268,97.524039427864,-0.128103277060576
582.54,584,2570,4547,2233330,663862,2025-05-28,2025-05-30,591.15,1977,-1569468,34753805,-144046137,1.91018508620855,77.9335759062928,-2.36414797051194
328.2,330,3678,3678,662040,662040,2025-05-28,2025-12-19,591.15,0,0,440307900,-106088524,0.150358419642255,97.6743978475063,0
586.15,589,1652,2319,1993964,660915,2025-05-28,2025-05-30,591.15,667,-1333049,34753805,-144046137,1.90170543915983,79.8352813454527,-2.01697495139314
513.94,518,1605,1618,1004730,656908,2025-05-28,2025-08-15,591.15,13,-347822,279113706,-134591480,0.235354977515866,90.4393333518348,-0.529483580653608
547.04,552,1205,1308,1076065,648768,2025-05-28,2025-07-18,591.15,103,-427297,351733598,-249347853,0.18444868607633,95.0017222977943,-0.658628354049522
562.97,565,3263,3183,1961063,646149,2025-05-28,2025-06-13,591.15,-80,-1314914,37262480,-47851489,1.73404722390995,71.3769641741505,-2.03500121489006
584.65,610,244,251,847412,636285,2025-05-28,2025-08-15,591.15,7,-211127,279113706,-134591480,0.227966232514572,90.6672995843493,-0.331812002483164
585.04,607,287,289,909790,634644,2025-05-28,2025-07-18,591.15,2,-275146,351733598,-249347853,0.180433147020547,95.1821554448148,-0.43354384505329
573.14,584,497,583,874223,633138,2025-05-28,2025-07-18,591.15,86,-241085,351733598,-249347853,0.180004982066001,95.3621604268808,-0.380777966256961
483.9,485,5763,5755,1233282,633050,2025-05-28,2025-07-18,591.15,-8,-600232,351733598,-249347853,0.179979963131074,95.5421403900119,-0.94815891319801
556.57,560,1708,1821,1318576,624603,2025-05-28,2025-06-27,591.15,113,-693973,23180047,-11339267,2.69457175820222,55.1540253563766,-1.11106254692981
459.77,460,27039,27057,1351950,622311,2025-05-28,2025-06-20,591.15,18,-729639,390817615,-474084868,0.159233099050564,96.8269521321346,-1.17246682125175
568.8,573,1350,1479,1310850,621180,2025-05-28,2025-06-20,591.15,129,-689670,390817615,-474084868,0.15894370574878,96.9858958378834,-1.11025789626195
589.31,600,435,570,962220,609330,2025-05-28,2025-06-06,591.15,135,-352890,35096307,-79512207,1.73616557434376,71.0109499555039,-0.579144306041062
353.12,355,3225,3225,645000,606300,2025-05-28,2025-12-19,591.15,0,-38700,440307900,-106088524,0.137699096473173,97.8120969439794,-0.0638297872340426
539.63,541,4407,4406,1529229,603622,2025-05-28,2025-06-20,591.15,-1,-925607,390817615,-474084868,0.15445107304081,97.1403469109242,-1.53342157840503
249.36,250,9296,9301,771568,595264,2025-05-28,2025-12-19,591.15,5,-176304,440307900,-106088524,0.13519266858487,97.9472896125643,-0.296177830340823
587.73,645,101,103,638522,589881,2025-05-28,2025-12-19,591.15,2,-48641,440307900,-106088524,0.133970115003615,98.0812597275679,-0.0824590044432691
399.69,400,18856,18882,1074792,585342,2025-05-28,2025-07-18,591.15,26,-489450,351733598,-249347853,0.166416288727698,95.7085566787396,-0.836177824246338
512.09,516,1475,1488,927775,581808,2025-05-28,2025-08-15,591.15,13,-345967,279113706,-134591480,0.208448380532055,90.8757479648814,-0.594641187470781
563.6,567,1721,1711,1342380,581740,2025-05-28,2025-06-20,591.15,-10,-760640,390817615,-474084868,0.148852041891715,97.2891989528159,-1.30752569876577
354.17,355,6937,6938,749196,575854,2025-05-28,2025-09-19,591.15,1,-173342,645375166,-268865429,0.0892277903361407,98.9736954024661,-0.301017271739017
549.4,565,235,369,463890,575640,2025-05-28,2025-10-17,591.15,134,111750,16978716,-2935538,3.39036238075953,83.8363454574539,0.194131749009798
389.7,390,19049,19049,895303,571470,2025-05-28,2025-07-18,591.15,0,-323833,351733598,-249347853,0.162472394803751,95.8710290735433,-0.566666666666666
538.18,540,2920,3134,1220560,570388,2025-05-28,2025-06-27,591.15,214,-650172,23180047,-11339267,2.46068526090564,57.6147106172822,-1.13987671549892
514.86,519,1315,1367,861325,565938,2025-05-28,2025-08-15,591.15,52,-295387,279113706,-134591480,0.202762525749989,91.0785104906314,-0.521942332905725
564.4,577,432,449,801792,565740,2025-05-28,2025-08-15,591.15,17,-236052,279113706,-134591480,0.20269158691906,91.2812020775504,-0.417244670696786
492.33,495,2099,2089,873184,557763,2025-05-28,2025-08-15,591.15,-10,-315421,279113706,-134591480,0.199833611897224,91.4810356894477,-0.565510799389705
522.21,527,1147,1164,844192,557556,2025-05-28,2025-08-15,591.15,17,-286636,279113706,-134591480,0.19975944857398,91.6807951380216,-0.514093651579393
565.22,570,1078,1163,1104950,555914,2025-05-28,2025-06-27,591.15,85,-549036,23180047,-11339267,2.39824362737487,60.0129542446571,-0.987627582683652
580.33,596,273,354,568386,554718,2025-05-28,2025-07-18,591.15,81,-13668,351733598,-249347853,0.157709699373103,96.0287387729164,-0.0246395465804246
535.87,537,4893,4897,1472793,553361,2025-05-28,2025-06-20,591.15,4,-919432,390817615,-474084868,0.141590598468802,97.4307895512847,-1.66154101933458
149.83,150,32467,32480,714274,552160,2025-05-28,2025-12-19,591.15,13,-162114,440307900,-106088524,0.125403155382858,98.2066628829508,-0.293599681251811
579.35,589,310,571,544360,551015,2025-05-28,2025-06-27,591.15,261,6655,23180047,-11339267,2.37710907143545,62.3900633160925,0.0120777111330908
458.47,460,3483,3556,842886,544068,2025-05-28,2025-08-15,591.15,73,-298818,279113706,-134591480,0.194927009424611,91.8757221474463,-0.549229140475088
530,531,5418,5431,1365336,543100,2025-05-28,2025-06-20,591.15,13,-822236,390817615,-474084868,0.138965077098687,97.5697546283834,-1.51396796170134
544.75,545,21767,21717,3265050,542925,2025-05-28,2025-06-06,591.15,-50,-2722125,35096307,-79512207,1.54695763289283,72.5579075883967,-5.01381406271585
552.3,558,883,950,905075,541500,2025-05-28,2025-07-18,591.15,67,-363575,351733598,-249347853,0.153951741624637,96.1826905145411,-0.671421975992613
545.95,554,652,667,778488,536935,2025-05-28,2025-08-15,591.15,15,-241553,279113706,-134591480,0.192371420126534,92.0680935675728,-0.449873820853548
537.38,544,836,808,835164,534896,2025-05-28,2025-08-15,591.15,-28,-300268,279113706,-134591480,0.191640893478732,92.2597344610515,-0.561357721874907
585.34,594,518,617,895104,534322,2025-05-28,2025-06-13,591.15,99,-360782,37262480,-47851489,1.43394105813676,72.8109052322873,-0.675214570989029
557.33,564,708,794,814200,529598,2025-05-28,2025-07-18,591.15,86,-284602,351733598,-249347853,0.150567930675761,96.3332584452168,-0.537392512811604
540.03,547,721,758,759934,528326,2025-05-28,2025-08-15,591.15,37,-231608,279113706,-134591480,0.189287014088803,92.4490214751403,-0.438380848188429
362.91,365,2518,2518,526262,526262,2025-05-28,2025-12-19,591.15,0,0,440307900,-106088524,0.119521362210399,98.3261842451612,0
578.94,582,1538,1716,1518006,525096,2025-05-28,2025-06-06,591.15,178,-992910,35096307,-79512207,1.49615741622046,74.0540650046172,-1.89091137620549
558.99,566,508,735,617728,515235,2025-05-28,2025-07-18,591.15,227,-102493,351733598,-249347853,0.146484442467165,96.479742887684,-0.198924762487021
565.63,574,550,611,797500,511407,2025-05-28,2025-07-18,591.15,61,-286093,351733598,-249347853,0.145396118797841,96.6251390064818,-0.55942331645832
523.09,528,1011,1028,778470,504748,2025-05-28,2025-08-15,591.15,17,-273722,279113706,-134591480,0.180839560777427,92.6298610359177,-0.542294372637435
269.68,270,13694,15696,506678,502272,2025-05-28,2025-09-19,591.15,2002,-4406,645375166,-268865429,0.0778263599935297,99.0515217624596,-0.00877213939857288
404.9,405,50154,50149,1103388,501490,2025-05-28,2025-06-20,591.15,-5,-601898,390817615,-474084868,0.128318167030419,97.6980727954138,-1.20021934634788
544.38,549,1024,1077,834560,497574,2025-05-28,2025-07-18,591.15,53,-336986,351733598,-249347853,0.141463312810964,96.7666023192928,-0.67725805608814
583.33,588,860,1062,1136060,495954,2025-05-28,2025-06-06,591.15,202,-640106,35096307,-79512207,1.41312303884281,75.46718804346,-1.29065598825698
563.84,572,441,600,590499,489600,2025-05-28,2025-07-18,591.15,159,-100899,351733598,-249347853,0.139196256139284,96.9057985754321,-0.20608455882353
564.26,585,221,235,613938,487390,2025-05-28,2025-10-17,591.15,14,-126548,16978716,-2935538,2.87059398366755,86.7069394411215,-0.259644227415417
580.11,586,733,822,985885,484158,2025-05-28,2025-06-13,591.15,89,-501727,37262480,-47851489,1.29931770510175,74.110222937389,-1.03628774077884
471.07,474,1631,1631,477883,477883,2025-05-28,2025-08-15,591.15,0,0,279113706,-134591480,0.17121445121724,92.801075487135,0
579.6,583,1323,1389,1328292,472260,2025-05-28,2025-06-06,591.15,66,-856032,35096307,-79512207,1.34561166221848,76.8127997056784,-1.81262863676788
428.97,430,4623,4585,735057,472255,2025-05-28,2025-08-15,591.15,-38,-262802,279113706,-134591480,0.169198068689611,92.9702735558246,-0.556483255868122
589.5,596,742,723,1176070,469950,2025-05-28,2025-05-30,591.15,-19,-706120,34753805,-144046137,1.35222603683251,81.1875073822852,-1.50254282370465
576.53,581,862,1051,951648,469797,2025-05-28,2025-06-13,591.15,189,-481851,37262480,-47851489,1.26077759719697,75.371000534586,-1.0256578905357
578.52,584,505,854,613575,467992,2025-05-28,2025-06-13,591.15,349,-145583,37262480,-47851489,1.25593358252054,76.6269341171066,-0.311080103933401
323.58,325,3261,3261,583719,463062,2025-05-28,2025-12-19,591.15,0,-120657,440307900,-106088524,0.10516777009906,98.4313520152602,-0.26056338028169
367.88,370,2016,2147,471744,455164,2025-05-28,2025-12-19,591.15,131,-16579.9999999999,440307900,-106088524,0.103374025312741,98.534726040573,-0.0364264309128136
581.66,593,379,399,685990,452466,2025-05-28,2025-06-27,591.15,20,-233524,23180047,-11339267,1.95196325529452,64.342026571387,-0.516113917951846
536.51,543,676,691,663832,448459,2025-05-28,2025-08-15,591.15,15,-215373,279113706,-134591480,0.160672511008829,93.1309460668334,-0.480251260427375
299.54,300,9650,9611,607950,442106,2025-05-28,2025-09-19,591.15,-39,-165844,645375166,-268865429,0.0685037205165716,99.1200254829762,-0.37512270812882
585.7,595,445,475,804115,441750,2025-05-28,2025-06-13,591.15,30,-362365,37262480,-47851489,1.18550885501985,77.8124429721264,-0.82029428409734
438.82,440,3359,3733,577748,440494,2025-05-28,2025-08-15,591.15,374,-137254,279113706,-134591480,0.15781883531008,93.2887649021435,-0.311591077290497
580.9,582,3181,4001,2353940,440110,2025-05-28,2025-05-30,591.15,820,-1913830,34753805,-144046137,1.26636493471722,82.4538723170024,-4.34852650473745
582.49,650,65,65,438815,438815,2025-05-28,2025-12-19,591.15,0,0,440307900,-106088524,0.0996609418091295,98.6343869823821,0
531.01,532,4534,4400,1206044,435600,2025-05-28,2025-06-20,591.15,-134,-770444,390817615,-474084868,0.111458640368603,97.8095314357824,-1.76869605142332
582.1,589,521,631,683552,435390,2025-05-28,2025-06-13,591.15,110,-248162,37262480,-47851489,1.16844074790513,78.9808837200315,-0.569976343048761
549.28,558,482,496,643470,432512,2025-05-28,2025-08-15,591.15,14,-210958,279113706,-134591480,0.154959068903625,93.4437239710471,-0.487750628884285
572,579,499,611,661674,427700,2025-05-28,2025-06-27,591.15,112,-233974,23180047,-11339267,1.84512136666505,66.1871479380521,-0.547051671732523
587.15,599,357,359,822171,425415,2025-05-28,2025-06-13,591.15,2,-396756,37262480,-47851489,1.14167119311436,80.1225549131459,-0.93263284087303
504.68,508,1265,1265,660330,419980,2025-05-28,2025-08-15,591.15,0,-240350,279113706,-134591480,0.15046914249349,93.5941931135406,-0.572289156626506
578.2,581,1260,1497,1183140,419160,2025-05-28,2025-06-06,591.15,237,-763980,35096307,-79512207,1.19431369232096,78.0071133979994,-1.82264529058116
547.31,549,2447,2478,1106044,418782,2025-05-28,2025-06-20,591.15,31,-687262,390817615,-474084868,0.107155354294867,97.9166867900773,-1.64109727734239
483.37,487,1153,1153,418539,418539,2025-05-28,2025-08-15,591.15,0,0,279113706,-134591480,0.149952865446171,93.7441459789868,0
571.41,578,461,634,590541,417806,2025-05-28,2025-06-27,591.15,173,-172735,23180047,-11339267,1.80243810549651,67.9895860435486,-0.413433507417318
498.97,502,1375,1369,650375,414807,2025-05-28,2025-08-15,591.15,-6,-235568,279113706,-134591480,0.148615775966229,93.892761754953,-0.567897841646838
554.68,556,212,3122,86072,412104,2025-05-28,2025-06-13,591.15,2910,326032,37262480,-47851489,1.10594893308229,81.2285038462282,0.791140100557141
531.27,537,698,716,624710,410268,2025-05-28,2025-08-15,591.15,18,-214442,279113706,-134591480,0.146989557008712,94.0397513119617,-0.522687609075044
495.18,498,1452,1453,637428,409746,2025-05-28,2025-08-15,591.15,1,-227682,279113706,-134591480,0.146802536454444,94.1865538484162,-0.555666193202618
578.08,587,239,459,380966,409428,2025-05-28,2025-06-27,591.15,220,28462,23180047,-11339267,1.76629495186097,69.7558809954095,0.0695164961849214
199.66,200,11996,12010,527824,408340,2025-05-28,2025-12-19,591.15,14,-119484,440307900,-106088524,0.092739648777594,98.7271266311597,-0.292609100259588
584,589,380,807,517180,403500,2025-05-28,2025-06-06,591.15,427,-113680,35096307,-79512207,1.14969361306305,79.1568070110624,-0.281734820322181
556.42,563,564,611,622092,402038,2025-05-28,2025-07-18,591.15,47,-220054,351733598,-249347853,0.114301847274766,97.0201004227069,-0.547346270750526
563.19,571,428,503,572236,392843,2025-05-28,2025-07-18,591.15,75,-179393,351733598,-249347853,0.111687652880974,97.1317880755878,-0.456653166786732
575.03,583,493,491,735063,391327,2025-05-28,2025-06-27,591.15,-2,-343736,23180047,-11339267,1.68820624047915,71.4440872358887,-0.878385595678295
588.81,630,75,95,375000,391305,2025-05-28,2025-08-15,591.15,20,16305,279113706,-134591480,0.140195551701069,94.3267494001172,0.0416682638862269
526.13,527,4393,4471,948888,388977,2025-05-28,2025-06-20,591.15,78,-559911,390817615,-474084868,0.0995290347903075,98.0162158248676,-1.43944500574584
530.33,536,667,678,576955,384426,2025-05-28,2025-08-15,591.15,11,-192529,279113706,-134591480,0.13773096474166,94.4644803648589,-0.500822004755141
579.79,596,235,236,468825,382556,2025-05-28,2025-06-27,591.15,1,-86268.9999999999,23180047,-11339267,1.65036766318895,73.0944548990777,-0.225506853898514
555.85,562,523,622,573731,382530,2025-05-28,2025-07-18,591.15,99,-191201,351733598,-249347853,0.108755604291177,97.240543679879,-0.499832692860691
564.64,573,417,456,595476,381216,2025-05-28,2025-07-18,591.15,39,-214260,351733598,-249347853,0.108382026103745,97.3489257059827,-0.56204356585243
402.03,405,1270,1272,473710,377784,2025-05-28,2025-12-19,591.15,2,-95926.0000000001,440307900,-106088524,0.085799959528321,98.812926590688,-0.253917582533935
378.92,380,3492,3490,530784,376920,2025-05-28,2025-09-19,591.15,-2,-153864,645375166,-268865429,0.058403238899961,99.1784287218762,-0.408213944603629
429.52,430,7615,7805,647275,374640,2025-05-28,2025-07-18,591.15,190,-272635,351733598,-249347853,0.106512429330109,97.4554381353128,-0.727725282938288
464.21,465,4850,4736,683850,374144,2025-05-28,2025-07-18,591.15,-114,-309706,351733598,-249347853,0.106371413515066,97.5618095488279,-0.827772194663018
491.41,494,1444,1443,594928,373737,2025-05-28,2025-08-15,591.15,-1,-221191,279113706,-134591480,0.133901342702246,94.5983817075611,-0.591835970214349
484.15,488,969,969,373065,373065,2025-05-28,2025-08-15,591.15,0,0,279113706,-134591480,0.133660580609395,94.7320422881706,0
585.77,592,540,598,783000,372554,2025-05-28,2025-06-06,591.15,58,-410446,35096307,-79512207,1.06151909373257,80.218326104795,-1.10170874557782
308.65,310,2749,2749,426095,371115,2025-05-28,2025-12-19,591.15,0,-54980,440307900,-106088524,0.0842853376012559,98.8972119282893,-0.148148148148148
318.28,320,2151,2151,369972,369972,2025-05-28,2025-12-19,591.15,0,0,440307900,-106088524,0.0840257465287359,98.981237674818,0
553.07,559,538,619,551450,367067,2025-05-28,2025-07-18,591.15,81,-184383,351733598,-249347853,0.104359379395994,97.6661689282239,-0.502314291396394
579.5,615,104,103,390936,365650,2025-05-28,2025-09-19,591.15,-1,-25286.0000000001,645375166,-268865429,0.0566569678015779,99.2350856896778,-0.0691535621495968
577.03,582,689,733,754455,364301,2025-05-28,2025-06-13,591.15,44,-390154,37262480,-47851489,0.977661712263918,82.2061655584921,-1.07096604181707
577.01,586,356,405,573160,364095,2025-05-28,2025-06-27,591.15,49,-209065,23180047,-11339267,1.5707258919708,74.6651807910484,-0.574204534530823
479.58,483,1060,1060,362520,362520,2025-05-28,2025-08-15,591.15,0,0,279113706,-134591480,0.129882550447021,94.8619248386176,0
576.54,579,1382,1471,1178846,361866,2025-05-28,2025-06-06,591.15,89,-816980,35096307,-79512207,1.03106574717391,81.2493918519689,-2.25768654695385
585.22,599,262,262,479722,361036,2025-05-28,2025-06-20,591.15,0,-118686,390817615,-474084868,0.0923796641049559,98.1085954889725,-0.328737300435414
559.82,567,412,496,490280,356128,2025-05-28,2025-07-18,591.15,84,-134152,351733598,-249347853,0.101249355200921,97.7674182834248,-0.376696019408752
284.61,285,8141,9117,366345,355563,2025-05-28,2025-09-19,591.15,976,-10782,645375166,-268865429,0.0550940009365033,99.2901796906143,-0.0303237400966917
578.27,579,3478,4831,2058976,352663,2025-05-28,2025-05-30,591.15,1353,-1706313,34753805,-144046137,1.01474644287151,83.4686187598739,-4.83836693954285
507.43,511,964,983,547552,350931,2025-05-28,2025-08-15,591.15,19,-196621,279113706,-134591480,0.12573047917611,94.9876553177937,-0.560283930459264
580.91,597,178,218,380386,350762,2025-05-28,2025-07-18,591.15,40,-29624,351733598,-249347853,0.0997237687825318,97.8671420522074,-0.0844561269464765
581.03,587,505,585,700940,349245,2025-05-28,2025-06-13,591.15,80,-351695,37262480,-47851489,0.937256457433858,83.1434220159259,-1.00701513264327
545.39,560,202,233,379356,340413,2025-05-28,2025-10-17,591.15,31,-38943.0000000001,16978716,-2935538,2.00493959613907,88.7118790372605,-0.114399273823268
505.56,509,966,984,513912,338496,2025-05-28,2025-08-15,591.15,18,-175416,279113706,-134591480,0.121275305627593,95.1089306234213,-0.51822178105502
590.3,605,210,230,533190,338100,2025-05-28,2025-06-06,591.15,20,-195090,35096307,-79512207,0.963349220759894,82.2127410727288,-0.577018633540373
571.42,573,2173,2134,1284243,337172,2025-05-28,2025-06-06,591.15,-39,-947071,35096307,-79512207,0.96070506791498,83.1734461406438,-2.80886609801526
399.91,400,37312,37315,708928,335835,2025-05-28,2025-06-20,591.15,3,-373093,390817615,-474084868,0.085931387713934,98.1945268766865,-1.11094138490628
547.91,553,540,658,474660,334922,2025-05-28,2025-07-18,591.15,118,-139738,351733598,-249347853,0.0952203604956726,97.962362412703,-0.417225503251503
560.59,568,389,451,496753,334191,2025-05-28,2025-07-18,591.15,62,-162562,351733598,-249347853,0.0950125327521313,98.0573749454552,-0.486434404277793
549.12,551,1799,1774,863520,333512,2025-05-28,2025-06-20,591.15,-25,-530008,390817615,-474084868,0.0853369928067342,98.2798638694932,-1.58917220369882
589.8,599,408,355,864552,326600,2025-05-28,2025-05-30,591.15,-53,-537952,34753805,-144046137,0.939753215511222,84.4083719753851,-1.64712798530312
556.5,557,6588,6526,1851228,326300,2025-05-28,2025-06-06,591.15,-62,-1524928,35096307,-79512207,0.929727449671557,84.1031735903154,-4.67339258351211
519.49,524,701,719,488597,324269,2025-05-28,2025-08-15,591.15,18,-164328,279113706,-134591480,0.116178099831472,95.2251087232528,-0.50676444556834
589.86,598,371,397,726047,323158,2025-05-28,2025-05-30,591.15,26,-402889,34753805,-144046137,0.929849263987066,85.3382212393722,-1.24672451246759
542.57,547,705,729,565410,322947,2025-05-28,2025-07-18,591.15,24,-242463,351733598,-249347853,0.0918157952030502,98.1491907406582,-0.750782636160113
586.3,593,362,476,590060,318920,2025-05-28,2025-06-06,591.15,114,-271140,35096307,-79512207,0.908699596228173,85.0118731865435,-0.850181863790292
583.55,591,362,428,571960,318860,2025-05-28,2025-06-13,591.15,66,-253100,37262480,-47851489,0.855713307326834,83.9991353232528,-0.793765288841498
586.1,594,357,403,605472,318370,2025-05-28,2025-06-06,591.15,46,-287102,35096307,-79512207,0.90713247977914,85.9190056663227,-0.901787228696171
544.2,545,3204,3895,893916,311600,2025-05-28,2025-06-13,591.15,691,-582316,37262480,-47851489,0.836229902035506,84.8353652252883,-1.86879332477535
591.32,625,83,92,326605,309856,2025-05-28,2025-06-20,591.15,9,-16749,390817615,-474084868,0.0792840414831353,98.3591479109763,-0.0540541412785294
392.23,395,1073,1112,346579,308024,2025-05-28,2025-12-19,591.15,39,-38555,440307900,-106088524,0.0699565008940335,99.0511941757121,-0.125168818014181
573.6,581,183,414,253821,306360,2025-05-28,2025-06-27,591.15,231,52539.0000000001,23180047,-11339267,1.32165392071897,75.9868347117674,0.171494320407364
194.62,195,8003,8002,272102,304076,2025-05-28,2025-12-19,591.15,-1,31974,440307900,-106088524,0.0690598556146733,99.1202540313267,0.105151343743012
541.68,546,420,691,330540,298512,2025-05-28,2025-07-18,591.15,271,-32027.9999999999,351733598,-249347853,0.0848687761696283,98.2340595168279,-0.107292169159029
349.6,350,6125,7407,355250,296280,2025-05-28,2025-08-15,591.15,1282,-58969.9999999999,279113706,-134591480,0.106150287008836,95.3312590102616,-0.19903469690833
429.4,431,1843,1843,294880,294880,2025-05-28,2025-08-15,591.15,0,0,279113706,-134591480,0.105648699315397,95.436907709577,0
510.3,514,779,796,453378,294520,2025-05-28,2025-08-15,591.15,17,-158858,279113706,-134591480,0.105519719622798,95.5424274291998,-0.539379329077822
383.56,385,2015,2015,290160,290160,2025-05-28,2025-09-19,591.15,0,0,645375166,-268865429,0.0449598954664456,99.3351395860807,0
538.99,543,689,718,505726,287918,2025-05-28,2025-07-18,591.15,29,-217808,351733598,-249347853,0.0818568375717124,98.3159163543996,-0.756493168193722
562.87,563,21807,22084,3576348,287092,2025-05-28,2025-05-30,591.15,277,-3289256,34753805,-144046137,0.826073576691818,86.164294816064,-11.4571496245106
349.21,350,3785,3598,427705,284242,2025-05-28,2025-09-19,591.15,-187,-143463,645375166,-268865429,0.0440429094540028,99.3791824955347,-0.50472132900838
434.92,435,35234,35233,704680,281864,2025-05-28,2025-06-13,591.15,-1,-422816,37262480,-47851489,0.756428450280282,85.5917936755686,-1.50007095620583
464.77,465,12246,12245,685776,281635,2025-05-28,2025-06-20,591.15,-1,-404141,390817615,-474084868,0.0720630261253705,98.4312109371017,-1.43498144761837
477.71,481,856,856,281624,281624,2025-05-28,2025-08-15,591.15,0,0,279113706,-134591480,0.100899380412369,95.6433268096121,0
379.42,380,1426,4816,124062,279328,2025-05-28,2025-08-15,591.15,3390,155266,279113706,-134591480,0.100076776595127,95.7434035862073,0.555855481727575
550.5,556,422,507,414404,278850,2025-05-28,2025-07-18,591.15,85,-135554,351733598,-249347853,0.079278750049917,98.3951951044495,-0.486117984579523
539.34,540,3650,4187,828550,276342,2025-05-28,2025-06-13,591.15,537,-552208,37262480,-47851489,0.741609254134454,86.333402929703,-1.99827749672507
575.65,603,99,99,270765,270765,2025-05-28,2025-06-20,591.15,0,0,390817615,-474084868,0.0692816775927564,98.5004926146945,0
403.37,405,1656,1656,269928,269928,2025-05-28,2025-09-19,591.15,0,0,645375166,-268865429,0.0418249747155595,99.4210074702503,0
580.09,599,149,142,397085,268522,2025-05-28,2025-07-18,591.15,-7,-128563,351733598,-249347853,0.0763424368689397,98.4715375413184,-0.478780137195463
581.41,592,184,253,338192,267927,2025-05-28,2025-06-27,591.15,69,-70264.9999999999,23180047,-11339267,1.15585184102517,77.1426865527926,-0.262254270752854
549.35,552,970,1009,509250,267385,2025-05-28,2025-06-27,591.15,39,-241865,23180047,-11339267,1.15351362316047,78.2962001759531,-0.904557099313724
581.81,594,211,219,389506,266961,2025-05-28,2025-06-27,591.15,8,-122545,23180047,-11339267,1.15168446379768,79.4478846397507,-0.459037087814325
547.47,550,966,1046,565110,264638,2025-05-28,2025-06-27,591.15,80,-300472,23180047,-11339267,1.14166291379823,80.589547553549,-1.13540761341909
585.07,600,177,177,403029,264261,2025-05-28,2025-06-27,591.15,0,-138768,23180047,-11339267,1.14003651502519,81.7295840685742,-0.525117213663764
559.9,560,28114,26375,3458022,263750,2025-05-28,2025-05-30,591.15,-1739,-3194272,34753805,-144046137,0.758909707872275,86.9232045239363,-12.1109838862559
549.03,550,2714,2718,906476,263646,2025-05-28,2025-06-13,591.15,4,-642830,37262480,-47851489,0.707537447856396,87.0409403775594,-2.43823156808751
373.98,375,2558,2557,365794,260814,2025-05-28,2025-09-19,591.15,-1,-104980,645375166,-268865429,0.0404127728707801,99.461420243121,-0.402509067764767
580.03,581,1493,2672,1033156,259184,2025-05-28,2025-05-30,591.15,1179,-773972,34753805,-144046137,0.745771578104901,87.6689761020412,-2.98618741897648
475.89,478,1235,1228,387790,259108,2025-05-28,2025-08-15,591.15,-7,-128682,279113706,-134591480,0.0928324171941596,95.8362360034014,-0.496634607962703
583.85,598,180,181,417420,256115,2025-05-28,2025-06-27,591.15,1,-161305,23180047,-11339267,1.10489422217306,82.8344782907472,-0.629814731663511
524.04,529,496,514,395808,254944,2025-05-28,2025-08-15,591.15,18,-140864,279113706,-134591480,0.0913405520830998,95.9275765554845,-0.552529182879378
586.5,650,30,40,199920,254000,2025-05-28,2025-09-19,591.15,10,54080,645375166,-268865429,0.0393569528828136,99.5007771960039,0.212913385826772
434.85,435,17944,16850,610096,252750,2025-05-28,2025-06-20,591.15,-1094,-357346,390817615,-474084868,0.0646721105444544,98.5651647252389,-1.41383184965381
577.35,578,3748,3865,2068896,251225,2025-05-28,2025-05-30,591.15,117,-1817671,34753805,-144046137,0.722870488569525,88.3918465906107,-7.23523136630511
374.76,375,10341,10463,403299,251112,2025-05-28,2025-07-18,591.15,122,-152187,351733598,-249347853,0.0713926680384966,98.5429302093569,-0.606052279460958
554.77,561,335,399,354430,248577,2025-05-28,2025-07-18,591.15,64,-105853,351733598,-249347853,0.0706719521289519,98.6136021614859,-0.42583585770204
419.09,420,2718,2719,388674,247429,2025-05-28,2025-08-15,591.15,1,-141245,279113706,-134591480,0.0886481010000992,96.0162246564846,-0.57085062785688
588.3,598,181,253,335755,245410,2025-05-28,2025-06-06,591.15,72,-90345,35096307,-79512207,0.699247359558372,86.618253025881,-0.368139032639257
493.9,500,134,401,108406,244610,2025-05-28,2025-10-17,591.15,267,136204,16978716,-2935538,1.44068609192827,90.1525651291888,0.556821062098851
478.66,482,728,728,243152,243152,2025-05-28,2025-08-15,591.15,0,0,279113706,-134591480,0.0871157505966404,96.1033404070813,0
575.78,578,1089,1087,882090,241314,2025-05-28,2025-06-06,591.15,-2,-640776,35096307,-79512207,0.68757661596703,87.3058296418481,-2.65536189363236
333.12,335,1279,1279,240452,240452,2025-05-28,2025-12-19,591.15,0,0,440307900,-106088524,0.0546099672524613,99.1748639985792,0
551.36,557,367,424,366266,239136,2025-05-28,2025-07-18,591.15,57,-127130,351733598,-249347853,0.0679878184397954,98.6815899799257,-0.531622173156698
430.37,432,1456,1456,237328,237328,2025-05-28,2025-08-15,591.15,0,0,279113706,-134591480,0.0850291457919304,96.1883695528732,0
404.66,405,6976,6972,369728,237048,2025-05-28,2025-07-18,591.15,-4,-132680,351733598,-249347853,0.0673941873474367,98.7489841672731,-0.559717863048834
579.34,645,36,36,236376,236376,2025-05-28,2025-08-15,591.15,0,0,279113706,-134591480,0.0846880661603913,96.2730576190336,0
214.55,215,5185,5190,259250,233550,2025-05-28,2025-12-19,591.15,5,-25700,440307900,-106088524,0.0530424278101756,99.2279064263894,-0.110040676514665
533.37,535,389,1430,143152,233090,2025-05-28,2025-06-27,591.15,1041,89938,23180047,-11339267,1.00556310347429,83.8400413942215,0.385850958857094
585.7,597,199,206,380090,232780,2025-05-28,2025-06-13,591.15,7,-147310,37262480,-47851489,0.624703455057205,87.6656438326166,-0.632829280866054
502.54,503,5037,5035,604440,231610,2025-05-28,2025-06-20,591.15,-2,-372830,390817615,-474084868,0.0592629377772545,98.6244276630162,-1.60973187686197
575.52,576,4807,4795,2341009,230160,2025-05-28,2025-05-30,591.15,-12,-2110849,34753805,-144046137,0.662258420336996,89.0541050109477,-9.17122436565867
540.68,542,1727,1732,573364,228624,2025-05-28,2025-06-20,591.15,5,-344740,390817615,-474084868,0.0584988985207333,98.6829265615369,-1.50789068514242
528.63,530,753,1668,253008,228516,2025-05-28,2025-06-27,591.15,915,-24492,23180047,-11339267,0.985830615442669,84.8258720096642,-0.107178490784015
543.62,548,455,520,358085,227760,2025-05-28,2025-07-18,591.15,65,-130325,351733598,-249347853,0.0647535524883238,98.8137377197614,-0.572203196347032
564.86,565,15422,16265,2961024,227710,2025-05-28,2025-05-30,591.15,843,-2733314,34753805,-144046137,0.655208832529273,89.709313843477,-12.0034868912213
573.91,578,760,554,743280,226586,2025-05-28,2025-06-13,591.15,-206,-516694,37262480,-47851489,0.608080836272841,88.2737246688895,-2.28034388708923
576.45,577,4341,4094,2205228,225170,2025-05-28,2025-05-30,591.15,-247,-1980058,34753805,-144046137,0.64790028027147,90.3572141237485,-8.79361371408269
441.16,443,1221,1221,224664,224664,2025-05-28,2025-08-15,591.15,0,0,279113706,-134591480,0.0804919268278427,96.3535495458614,0
569.73,576,266,357,322924,223839,2025-05-28,2025-06-27,591.15,91,-99085,23180047,-11339267,0.965653779735649,85.7915257893998,-0.442661913250149
544.36,546,1387,1363,561735,223532,2025-05-28,2025-06-20,591.15,-24,-338203,390817615,-474084868,0.0571959889781324,98.740122550515,-1.51299590215271
443.68,445,1677,1677,306891,221364,2025-05-28,2025-08-15,591.15,0,-85527,279113706,-134591480,0.0793096129790201,96.4328591588404,-0.386363636363636
502.98,510,315,315,291690,221130,2025-05-28,2025-10-17,591.15,0,-70560,16978716,-2935538,1.30239530480397,91.4549604339928,-0.319088319088319
539.89,544,453,537,340203,220707,2025-05-28,2025-07-18,591.15,84,-119496,351733598,-249347853,0.0627483417151409,98.8764860614766,-0.541423697481276
269.85,270,14649,14648,307629,219720,2025-05-28,2025-08-15,591.15,-1,-87909,279113706,-134591480,0.0787206057161521,96.5115797645566,-0.400095576187876
537.3,541,520,592,364000,219040,2025-05-28,2025-07-18,591.15,72,-144960,351733598,-249347853,0.0622744034819216,98.9387604649585,-0.661796932067202
289.6,290,5469,5442,322671,217680,2025-05-28,2025-09-19,591.15,-27,-104991,645375166,-268865429,0.033729218517838,99.5345064145217,-0.482318081587651
571.7,572,6882,7254,2374290,217620,2025-05-28,2025-05-30,591.15,372,-2156670,34753805,-144046137,0.626176040292567,90.983390164041,-9.91025641025641
424.04,425,2259,2262,325296,217152,2025-05-28,2025-08-15,591.15,3,-108144,279113706,-134591480,0.0778005505756138,96.5893803151322,-0.498010610079576
575.07,579,594,551,608256,216543,2025-05-28,2025-06-13,591.15,-43,-391713,37262480,-47851489,0.581128792286504,88.854853461176,-1.80893864036242
264.2,265,2701,2701,270100,216080,2025-05-28,2025-12-19,591.15,0,-54020,440307900,-106088524,0.0490747497376268,99.276981176127,-0.25
548.78,554,352,413,323136,215586,2025-05-28,2025-07-18,591.15,61,-107550,351733598,-249347853,0.061292410286037,99.0000528752445,-0.498872839609251
459.96,460,53370,53352,800550,213408,2025-05-28,2025-06-06,591.15,-18,-587142,35096307,-79512207,0.608063976645748,87.9138936184938,-2.75126518218623
338.34,340,1277,1276,242630,211816,2025-05-28,2025-12-19,591.15,-1,-30814,440307900,-106088524,0.0481063364977099,99.3250875126247,-0.145475318200702
394.29,395,1855,2979,176225,211509,2025-05-28,2025-08-15,591.15,1124,35284,279113706,-134591480,0.0757787938941272,96.6651591090264,0.166820324430639
573.5,600,62,79,208940,209350,2025-05-28,2025-10-17,591.15,17,410,16978716,-2935538,1.23301432216665,92.6879747561594,0.0019584427991402
578.04,583,393,422,461382,209312,2025-05-28,2025-06-13,591.15,29,-252070,37262480,-47851489,0.561723213269756,89.4165766744457,-1.20427878000306
575.65,584,217,247,325283,206245,2025-05-28,2025-06-27,591.15,30,-119038,23180047,-11339267,0.889752294289998,86.6812780836898,-0.57716793134379
414.1,415,2289,2291,292992,206190,2025-05-28,2025-08-15,591.15,2,-86802,279113706,-134591480,0.0738731189359794,96.7390322279623,-0.420980648916048
532.95,534,2002,1910,554554,200550,2025-05-28,2025-06-20,591.15,-92,-354004,390817615,-474084868,0.0513154966159855,98.791438047131,-1.76516579406632
554.93,555,29116,28598,2358396,200186,2025-05-28,2025-05-30,591.15,-518,-2158210,34753805,-144046137,0.576011748929362,91.5594019129704,-10.7810236480074
459.45,461,1264,1290,302096,199950,2025-05-28,2025-08-15,591.15,26,-102146,279113706,-134591480,0.0716374709309331,96.8106696988933,-0.510857714428607
219.51,220,4071,4076,223905,199724,2025-05-28,2025-12-19,591.15,5,-24181,440307900,-106088524,0.0453600764374203,99.3704475890621,-0.121072079469668
493.33,496,744,745,314712,198915,2025-05-28,2025-08-15,591.15,1,-115797,279113706,-134591480,0.0712666543147114,96.881936353208,-0.582143126461052
293.95,295,1863,1864,217971,195720,2025-05-28,2025-12-19,591.15,1,-22251,440307900,-106088524,0.0444507127853032,99.4148983018474,-0.11368792152054
590.85,625,57,57,194655,194655,2025-05-28,2025-07-18,591.15,0,0,351733598,-249347853,0.0553415997524354,99.055394474997,0
494.23,497,700,702,301700,194454,2025-05-28,2025-08-15,591.15,2,-107246,279113706,-134591480,0.0696683809572576,96.9516047341652,-0.551523753689818
585.5,601,103,125,254410,193750,2025-05-28,2025-06-20,591.15,22,-60660,390817615,-474084868,0.0495755545716638,98.8410136017027,-0.313083870967742
588.77,605,107,119,305485,193137,2025-05-28,2025-06-13,591.15,12,-112348,37262480,-47851489,0.518314937706776,89.9348916121525,-0.581701072295831
556.8,575,75,106,181050,192920,2025-05-28,2025-10-17,591.15,31,11870,16978716,-2935538,1.13624610954091,93.8242208657003,0.0615280945469623
429.85,430,12891,12842,399621,192630,2025-05-28,2025-06-20,591.15,-49,-206991,390817615,-474084868,0.0492889758820108,98.8903025775847,-1.07455225042828
393.7,395,1467,1467,208314,190710,2025-05-28,2025-09-19,591.15,0,-17604,645375166,-268865429,0.0295502538751235,99.5640566683968,-0.0923076923076923
364.05,365,2005,2007,178445,190665,2025-05-28,2025-09-19,591.15,2,12220,645375166,-268865429,0.0295432811866207,99.5935999495834,0.0640914693310256
451.85,454,884,884,190060,190060,2025-05-28,2025-08-15,591.15,0,0,279113706,-134591480,0.0680941121537041,97.0196988463189,0
499.97,503,618,625,300348,189375,2025-05-28,2025-08-15,591.15,7,-110973,279113706,-134591480,0.0678486924608425,97.0875475387798,-0.585996039603961
189.69,190,6098,6099,207332,189069,2025-05-28,2025-12-19,591.15,1,-18263,440307900,-106088524,0.0429401789066242,99.457838480754,-0.096594365020178
541.31,555,71,138,130001,188922,2025-05-28,2025-10-17,591.15,67,58921,16978716,-2935538,1.11269898147775,94.9369198471781,0.31188003514678
500.86,504,590,601,287330,188714,2025-05-28,2025-08-15,591.15,11,-98616,279113706,-134591480,0.0676118714141541,97.1551594101939,-0.522568542874403
465.28,467,1089,1095,285318,188340,2025-05-28,2025-08-15,591.15,6,-96978,279113706,-134591480,0.0674778758446208,97.2226372860386,-0.514909206753743
509.36,513,496,512,291152,186368,2025-05-28,2025-08-15,591.15,16,-104784,279113706,-134591480,0.0667713537507184,97.2894086397893,-0.562242445054945
359.21,360,2358,2358,186282,186282,2025-05-28,2025-08-15,591.15,0,0,279113706,-134591480,0.0667405419352642,97.3561491817245,0
476.84,479,870,862,276660,186192,2025-05-28,2025-08-15,591.15,-8,-90468.0000000001,279113706,-134591480,0.0667082970121145,97.4228574787367,-0.485885537509668
443.93,446,895,895,185265,185265,2025-05-28,2025-08-15,591.15,0,0,279113706,-134591480,0.0663761743036725,97.4892336530403,0
463.42,466,714,714,184212,184212,2025-05-28,2025-08-15,591.15,0,0,279113706,-134591480,0.0659989087028209,97.5552325617431,0
570.46,572,1002,1191,605208,183414,2025-05-28,2025-06-06,591.15,189,-421794,35096307,-79512207,0.522601993423411,88.4364956119172,-2.29968268507311
502.8,506,563,569,284315,182080,2025-05-28,2025-08-15,591.15,6,-102235,279113706,-134591480,0.0652350623010968,97.6204676240442,-0.561483963093146
516.74,521,410,427,278800,181902,2025-05-28,2025-08-15,591.15,17,-96898,279113706,-134591480,0.0651712890086451,97.6856389130529,-0.53269342832954
462.33,464,1053,1085,263250,181195,2025-05-28,2025-08-15,591.15,32,-82055,279113706,-134591480,0.0649179872234579,97.7505569002764,-0.452854659344905
587.41,615,65,65,203580,179335,2025-05-28,2025-07-18,591.15,0,-24245,351733598,-249347853,0.0509860306265084,99.1063805056235,-0.13519391083726
329.13,330,2059,2059,179133,179133,2025-05-28,2025-09-19,591.15,0,0,645375166,-268865429,0.0277564135462876,99.6213563631297,0
419.89,420,16329,15884,440883,174724,2025-05-28,2025-06-20,591.15,-445,-266159,390817615,-474084868,0.0447072990811839,98.9350098766659,-1.52331105057119
538.1,542,381,447,260985,174330,2025-05-28,2025-07-18,591.15,66,-86655,351733598,-249347853,0.0495630787025356,99.155943584326,-0.497074513853037
303.75,305,1393,1393,182483,174125,2025-05-28,2025-12-19,591.15,0,-8358.00000000003,440307900,-106088524,0.0395461902909305,99.497384671045,-0.0480000000000002
224.49,225,3401,3401,224466,173451,2025-05-28,2025-12-19,591.15,0,-51015,440307900,-106088524,0.0393931155902495,99.5367777866352,-0.294117647058824
444.82,445,9558,9555,382320,171990,2025-05-28,2025-06-20,591.15,-3,-210330,390817615,-474084868,0.0440077400298346,98.9790176166957,-1.22291993720565
339.26,340,2335,2323,233500,171902,2025-05-28,2025-09-19,591.15,-12,-61598,645375166,-268865429,0.0266359799781946,99.6479923431079,-0.358332072925271
570.89,577,121,281,138545,171691,2025-05-28,2025-06-27,591.15,160,33146,23180047,-11339267,0.740684434332683,87.4219625180225,0.1930561299078
450,452,850,850,170000,170000,2025-05-28,2025-08-15,591.15,0,0,279113706,-134591480,0.0609070770605583,97.8114639773369,0
549.67,550,7185,5125,1408260,169125,2025-05-28,2025-06-06,591.15,-2060,-1239135,35096307,-79512207,0.481888308077542,88.9183839199948,-7.32674057649667
444.41,445,2664,2861,277056,168799,2025-05-28,2025-07-18,591.15,197,-108257,351733598,-249347853,0.0479905817811581,99.2039341661072,-0.641336737776883
511.9,520,53,207,56657,167670,2025-05-28,2025-10-17,591.15,154,111013,16978716,-2935538,0.987530505840371,95.9244503530185,0.662092204926343
368.96,370,1610,1610,207690,167440,2025-05-28,2025-09-19,591.15,0,-40250,645375166,-268865429,0.0259445991759776,99.6739369422839,-0.240384615384615
279.83,280,9739,9739,243475,165563,2025-05-28,2025-08-15,591.15,0,-77912,279113706,-134591480,0.0593174023492777,97.8707813796862,-0.470588235294118
556.48,558,389,1087,157156,165224,2025-05-28,2025-06-13,591.15,698,8068,37262480,-47851489,0.44340580659151,90.378297418744,0.0488306783518133
344.23,345,2127,2145,219081,165165,2025-05-28,2025-09-19,591.15,18,-53916,645375166,-268865429,0.0255920910349996,99.6995290333189,-0.326437199164472
419.6,420,4096,4120,286720,164800,2025-05-28,2025-07-18,591.15,24,-121920,351733598,-249347853,0.0468536417723734,99.2507878078795,-0.739805825242718
572.36,576,434,452,398412,164528,2025-05-28,2025-06-13,591.15,18,-233884,37262480,-47851489,0.441537976001597,90.8198353947456,-1.4215452688904
369.49,370,3218,3218,238132,164118,2025-05-28,2025-08-15,591.15,0,-74014,279113706,-134591480,0.0587996921942629,97.9295810718804,-0.450980392156863
590.05,630,41,41,217177,163795,2025-05-28,2025-07-18,591.15,0,-53382,351733598,-249347853,0.046567914163264,99.2973557220428,-0.325907384230288
508.5,512,451,464,253462,162400,2025-05-28,2025-08-15,591.15,13,-91062,279113706,-134591480,0.0581841724390274,97.9877652443195,-0.560726600985222
149.94,150,26601,26842,212808,161052,2025-05-28,2025-09-19,591.15,241,-51756,645375166,-268865429,0.0249547873058382,99.7244838206247,-0.321362044557038
578.55,615,44,44,160380,160380,2025-05-28,2025-06-27,591.15,0,0,23180047,-11339267,0.691888157086136,88.1138506751086,0
572.34,574,481,962,322270,159692,2025-05-28,2025-06-06,591.15,481,-162578,35096307,-79512207,0.455010836325315,89.3733947563201,-1.01807228915663
344.62,345,1152,4192,67968,159296,2025-05-28,2025-08-15,591.15,3040,91328,279113706,-134591480,0.0570720808672864,98.0448373251868,0.573322619525914
494.94,495,26495,26483,768355,158898,2025-05-28,2025-06-06,591.15,-12,-609457,35096307,-79512207,0.452748490033439,89.8261432463535,-3.83552341753829
409.19,410,1965,1961,229905,158841,2025-05-28,2025-08-15,591.15,-4,-71064,279113706,-134591480,0.0569090648669184,98.1017463900537,-0.447390787013428
434.49,435,3110,3113,279900,158763,2025-05-28,2025-07-18,591.15,3,-121137,351733598,-249347853,0.0451372859751658,99.342493008018,-0.763005234217041
501.48,502,3043,3043,349945,158236,2025-05-28,2025-06-20,591.15,0,-191709,390817615,-474084868,0.0404884513713641,99.0195060680671,-1.21153846153846
589.19,597,185,200,340030,156200,2025-05-28,2025-05-30,591.15,15,-183830,34753805,-144046137,0.449447190027106,92.0088491029975,-1.17688860435339
424.55,425,3464,3464,273656,155880,2025-05-28,2025-07-18,591.15,0,-117776,351733598,-249347853,0.044317631550228,99.3868106395682,-0.755555555555556
524.6,525,3901,3884,538338,155360,2025-05-28,2025-06-13,591.15,-17,-382978,37262480,-47851489,0.416934138575854,91.2367695333215,-2.46510041194645
184.72,185,5471,5471,153188,153188,2025-05-28,2025-12-19,591.15,0,0,440307900,-106088524,0.0347911086764512,99.5715688953117,0
572.67,573,7552,4640,2832000,153120,2025-05-28,2025-05-30,591.15,-2912,-2678880,34753805,-144046137,0.440584851068825,92.4494339540663,-17.4952978056426
496.13,499,515,533,231235,152971,2025-05-28,2025-08-15,591.15,18,-78264,279113706,-134591480,0.0548059793237098,98.1565523693774,-0.511626386700747
503.74,507,460,464,236440,151264,2025-05-28,2025-08-15,591.15,4,-85176,279113706,-134591480,0.054194400614637,98.210746769992,-0.563094986249207
565.65,568,649,641,437426,150635,2025-05-28,2025-06-13,591.15,-8,-286791,37262480,-47851489,0.404253823148647,91.6410233564701,-1.903880240316
542.56,544,1071,1046,404838,150624,2025-05-28,2025-06-20,591.15,-25,-254214,390817615,-474084868,0.0385407397770441,99.0580468078441,-1.68773900573614
234.38,235,2426,2426,150412,150412,2025-05-28,2025-12-19,591.15,0,0,440307900,-106088524,0.0341606407697886,99.6057295360815,0
483.67,486,638,643,227766,149819,2025-05-28,2025-08-15,591.15,5,-77947,279113706,-134591480,0.0536766904596222,98.2644234604516,-0.520274464520521
379.75,380,5978,5987,251076,149675,2025-05-28,2025-07-18,591.15,9,-101401,351733598,-249347853,0.0425535123317961,99.4293641519,-0.677474528144313
239.27,240,2050,2050,149650,149650,2025-05-28,2025-12-19,591.15,0,0,440307900,-106088524,0.0339875800547753,99.6397171161362,0
470.1,472,785,784,222940,148960,2025-05-28,2025-08-15,591.15,-1,-73980,279113706,-134591480,0.0533689305820045,98.3177923910336,-0.496643394199785
174.73,175,5445,5445,119790,147015,2025-05-28,2025-12-19,591.15,0,27225,440307900,-106088524,0.0333891351938042,99.67310625133,0.185185185185185
204.6,205,3670,3675,139460,147000,2025-05-28,2025-12-19,591.15,5,7540,440307900,-106088524,0.0333857284868157,99.7064919798169,0.0512925170068027
278.89,280,1310,1310,145410,145410,2025-05-28,2025-12-19,591.15,0,0,440307900,-106088524,0.0330246175460399,99.7395165973629,0
539.78,540,6776,6603,819896,145266,2025-05-28,2025-06-06,591.15,-173,-674630,35096307,-79512207,0.413906796518505,90.240050042872,-4.6441011661366
542.2,543,1820,1813,465920,145040,2025-05-28,2025-06-13,591.15,-7,-320880,37262480,-47851489,0.389238719484049,92.0302620759542,-2.21235521235521
590.08,640,4,29,19000,144768,2025-05-28,2025-07-18,591.15,25,125768,351733598,-249347853,0.0411584224035374,99.4705225743035,0.868755526083112
440.48,442,950,950,144400,144400,2025-05-28,2025-08-15,591.15,0,0,279113706,-134591480,0.0517351878090859,98.3695275788427,0
414.89,415,13125,13124,315000,144364,2025-05-28,2025-06-20,591.15,-1,-170636,390817615,-474084868,0.036938969600948,99.0949857774451,-1.18198442825081
354.68,355,4450,4450,142400,142400,2025-05-28,2025-07-18,591.15,0,0,351733598,-249347853,0.0404851856091382,99.5110077599127,0
566.46,569,364,558,256620,141732,2025-05-28,2025-06-13,591.15,194,-114888,37262480,-47851489,0.380361156852684,92.4106232328069,-0.810600287867242
453.52,455,928,955,189312,141340,2025-05-28,2025-08-15,591.15,27,-47972,279113706,-134591480,0.0506388604219959,98.4201664392647,-0.33940851846611
545.44,547,967,905,413876,141180,2025-05-28,2025-06-20,591.15,-62,-272696,390817615,-474084868,0.0361242673260774,99.1311100447711,-1.93154837795722
559.87,564,331,340,258511,140420,2025-05-28,2025-06-27,591.15,9,-118091,23180047,-11339267,0.605779617271699,88.7196302923804,-0.840984190286284
590.1,640,29,28,182700,139720,2025-05-28,2025-08-15,591.15,-1,-42980,279113706,-134591480,0.0500584518053012,98.47022489107,-0.307615230460922
455.4,457,873,873,139680,139680,2025-05-28,2025-08-15,591.15,0,0,279113706,-134591480,0.0500441207283458,98.5202690117984,0
259.2,260,1743,1743,139440,139440,2025-05-28,2025-12-19,591.15,0,0,440307900,-106088524,0.0316687481646366,99.7711853455275,0
579.27,635,25,25,139325,139325,2025-05-28,2025-07-18,591.15,0,0,351733598,-249347853,0.0396109444170869,99.5506187043298,0
374.44,375,2484,2485,188784,139160,2025-05-28,2025-08-15,591.15,1,-49624,279113706,-134591480,0.0498578167279252,98.5701268285263,-0.356596723196321
349.83,350,8106,8114,226968,137938,2025-05-28,2025-07-18,591.15,8,-89030,351733598,-249347853,0.039216611885908,99.5898353162157,-0.645434905537271
224.81,225,7157,7157,135983,135983,2025-05-28,2025-09-19,591.15,0,0,645375166,-268865429,0.0210703800152112,99.7455542006399,0
534.46,535,2463,2515,470433,135810,2025-05-28,2025-06-13,591.15,52,-334623,37262480,-47851489,0.364468494850584,92.7750917276574,-2.46390545615198
560.36,561,1691,2105,573249,134720,2025-05-28,2025-06-06,591.15,414,-438529,35096307,-79512207,0.383858050933963,90.623908093806,-3.2551143111639
567.81,568,5553,7082,1382697,134558,2025-05-28,2025-05-30,591.15,1529,-1248139,34753805,-144046137,0.387174871931289,92.8366088259976,-9.27584387401715
424.87,425,10400,10335,270400,134355,2025-05-28,2025-06-20,591.15,-65,-136045,390817615,-474084868,0.0343779284360046,99.1654879732071,-1.0125786163522
574.93,577,628,649,482304,134343,2025-05-28,2025-06-06,591.15,21,-347961,35096307,-79512207,0.382783863840717,91.0066919576467,-2.59009401308591
577.06,602,53,53,132182,132182,2025-05-28,2025-07-18,591.15,0,0,351733598,-249347853,0.0375801460968196,99.6274154623125,0
528.08,529,1363,1433,327120,131836,2025-05-28,2025-06-20,591.15,70,-195284,390817615,-474084868,0.0337333822581155,99.1992213554653,-1.48126460147456
313.41,315,825,825,131175,131175,2025-05-28,2025-12-19,591.15,0,0,440307900,-106088524,0.0297916526140003,99.8009769981415,0
563.16,564,2149,1557,855302,130788,2025-05-28,2025-06-06,591.15,-592,-724514,35096307,-79512207,0.372654592974697,91.3793465506214,-5.53960608006851
573.18,577,318,340,296058,129880,2025-05-28,2025-06-13,591.15,22,-166178,37262480,-47851489,0.348554363531359,93.1236460911888,-1.27947336002464
591.02,601,126,126,275814,125748,2025-05-28,2025-05-30,591.15,0,-150066,34753805,-144046137,0.361825129651271,93.1984339556489,-1.19338677354709
542.87,545,234,588,118404,125244,2025-05-28,2025-06-27,591.15,354,6839.99999999999,23180047,-11339267,0.540309517060082,89.2599398094404,0.054613394653636
585.82,596,124,123,223820,125214,2025-05-28,2025-06-13,591.15,-1,-98606.0000000001,37262480,-47851489,0.336032384317952,93.4596784755067,-0.787499800341815
334.86,335,8924,8924,214176,124936,2025-05-28,2025-07-18,591.15,0,-89240,351733598,-249347853,0.0355200642504445,99.6629355265629,-0.714285714285714
439.18,441,685,685,124670,124670,2025-05-28,2025-08-15,591.15,0,0,279113706,-134591480,0.0446663841008223,98.6147932126271,0
574.08,576,480,638,352320,122496,2025-05-28,2025-06-06,591.15,158,-229824,35096307,-79512207,0.349028175528554,91.72837472615,-1.87617554858934
520.28,521,1667,1698,295059,122256,2025-05-28,2025-06-20,591.15,31,-172803,390817615,-474084868,0.0312821109662624,99.2305034664315,-1.4134521005104
565.05,566,1086,1285,484356,122075,2025-05-28,2025-06-06,591.15,199,-362281,35096307,-79512207,0.347828619119385,92.0762033452693,-2.96769199262748
451.11,453,645,645,121905,121905,2025-05-28,2025-08-15,591.15,0,0,279113706,-134591480,0.0436757484062786,98.6584689610334,0
579.23,660,15,15,121155,121155,2025-05-28,2025-08-15,591.15,0,0,279113706,-134591480,0.0434070407133643,98.7018760017468,0
537.77,539,1015,982,334950,120786,2025-05-28,2025-06-20,591.15,-33,-214164,390817615,-474084868,0.0309059764360928,99.2614094428676,-1.77308628483434
447.62,449,863,864,176052,119232,2025-05-28,2025-08-15,591.15,1,-56820,279113706,-134591480,0.0427180741887323,98.7445940759355,-0.476549919484702
559.39,561,350,739,175350,118979,2025-05-28,2025-06-13,591.15,389,-56371,37262480,-47851489,0.31929973528332,93.7789782107901,-0.473789492263341
569.1,572,412,409,325480,118610,2025-05-28,2025-06-13,591.15,-3,-206870,37262480,-47851489,0.318309463030909,94.097287673821,-1.74411938285136
409.63,410,3144,3198,194928,118326,2025-05-28,2025-07-18,591.15,54,-76602,351733598,-249347853,0.0336408010701326,99.6965763276331,-0.647380964454135
586.01,635,24,24,117576,117576,2025-05-28,2025-12-19,591.15,0,0,440307900,-106088524,0.026703132058271,99.8276801301998,0
549.95,550,22804,23449,1185808,117245,2025-05-28,2025-05-30,591.15,645,-1068563,34753805,-144046137,0.337358743884303,93.5357926995332,-9.11393236385347
435.32,437,697,697,117096,117096,2025-05-28,2025-08-15,591.15,0,0,279113706,-134591480,0.0419527946793125,98.7865468706148,0
588.67,599,112,113,223104,116729,2025-05-28,2025-06-06,591.15,1,-106375,35096307,-79512207,0.332596247234787,92.4087995925041,-0.911298820344559
409.81,410,6054,6054,193728,115026,2025-05-28,2025-06-27,591.15,0,-78702,23180047,-11339267,0.496228502038844,89.7561683114793,-0.68421052631579
518.94,520,1072,1085,275504,115010,2025-05-28,2025-06-27,591.15,13,-160494,23180047,-11339267,0.496159477157229,90.2523277886365,-1.39547865403008
364.52,365,2376,2378,180576,114144,2025-05-28,2025-08-15,591.15,2,-66432,279113706,-134591480,0.0408951612000021,98.8274420318148,-0.582001682085786
534.85,536,994,979,295218,112585,2025-05-28,2025-06-20,591.15,-15,-182633,390817615,-474084868,0.0288075551558749,99.2902169980235,-1.62217879824133
570.86,574,221,356,184093,111784,2025-05-28,2025-06-13,591.15,135,-72309,37262480,-47851489,0.299990768193636,94.3972784420146,-0.646863594074286
409.89,410,9559,10132,181621,111452,2025-05-28,2025-06-20,591.15,573,-70169,390817615,-474084868,0.0285176501064314,99.3187346481299,-0.629589419660482
525.14,526,1255,1286,276100,110596,2025-05-28,2025-06-20,591.15,31,-165504,390817615,-474084868,0.0282986221079109,99.3470332702378,-1.49647365184998
529.5,530,2361,2202,384843,110100,2025-05-28,2025-06-13,591.15,-159,-274743,37262480,-47851489,0.295471476938733,94.6927499189533,-2.49539509536785
564.14,569,159,226,153912,109836,2025-05-28,2025-06-27,591.15,67,-44076,23180047,-11339267,0.47383855606505,90.7261663447015,-0.401289194799519
457.48,459,676,715,160212,108680,2025-05-28,2025-08-15,591.15,39,-51532,279113706,-134591480,0.038937536087891,98.8663795679027,-0.474162679425837
199.86,200,7657,7658,153140,107212,2025-05-28,2025-09-19,591.15,1,-45928,645375166,-268865429,0.0166123528837489,99.7621665535237,-0.428384882289296
584.4,615,35,35,107100,107100,2025-05-28,2025-06-13,591.15,0,0,37262480,-47851489,0.287420483016697,94.98017040197,0
554.56,555,2388,2424,613716,106656,2025-05-28,2025-06-06,591.15,36,-507060,35096307,-79512207,0.303895221796413,92.7126948143006,-4.75416291629163
274.53,275,2252,2252,105844,105844,2025-05-28,2025-09-19,591.15,0,0,645375166,-268865429,0.0164003831532619,99.778566936677,0
567.34,573,155,186,171895,105276,2025-05-28,2025-06-27,591.15,31,-66619,23180047,-11339267,0.454166464804838,91.1803328095064,-0.632803297997644
394.91,395,11653,11663,186448,104967,2025-05-28,2025-06-20,591.15,10,-81481,390817615,-474084868,0.0268583083185746,99.3738915785564,-0.776253489191841
557.44,559,760,672,353400,104832,2025-05-28,2025-06-13,591.15,-88,-248568,37262480,-47851489,0.281333931611637,95.2615043335817,-2.37110805860806
486.56,489,422,422,158672,102968,2025-05-28,2025-08-15,591.15,0,-55704,279113706,-134591480,0.0368910582986563,98.9032706262014,-0.540983606557377
547.71,548,3527,3530,638387,102370,2025-05-28,2025-06-06,591.15,3,-536017,35096307,-79512207,0.291683110704497,93.004377925005,-5.2360750219791
456.19,458,556,556,100636,100636,2025-05-28,2025-08-15,591.15,0,0,279113706,-134591480,0.0360555565121549,98.9393261827135,0
561.29,562,1337,1411,490679,100181,2025-05-28,2025-06-06,591.15,74,-390498,35096307,-79512207,0.285445987237347,93.2898239122424,-3.89792475619129
480.52,484,285,285,99180,99180,2025-05-28,2025-08-15,591.15,0,0,279113706,-134591480,0.0355339053109775,98.9748600880245,0
445.72,447,774,773,150156,98944,2025-05-28,2025-08-15,591.15,-1,-51212,279113706,-134591480,0.0354493519569404,99.0103094399814,-0.517585705045278
384.93,385,14096,14096,225536,98672,2025-05-28,2025-06-20,591.15,0,-126864,390817615,-474084868,0.0252475825584269,99.3991391611148,-1.28571428571429
541.19,542,1202,1214,294490,98334,2025-05-28,2025-06-13,591.15,12,-196156,37262480,-47851489,0.263895478776507,95.5253998123582,-1.99479325563894
529.86,530,6820,7012,538780,98168,2025-05-28,2025-06-06,591.15,192,-440612,35096307,-79512207,0.279710341033887,93.5695342532763,-4.48834650802706
563.25,568,120,206,114360,97850,2025-05-28,2025-06-27,591.15,86,-16510,23180047,-11339267,0.422130291625379,91.6024631011318,-0.168727644353602
488.53,491,390,396,152490,97812,2025-05-28,2025-08-15,591.15,6,-54678,279113706,-134591480,0.0350437824791019,99.0453532224605,-0.559011164274322
283.82,285,820,820,96760,96760,2025-05-28,2025-12-19,591.15,0,0,440307900,-106088524,0.0219755312134986,99.8496556614133,0
589.8,607,52,56,149708,96320,2025-05-28,2025-06-06,591.15,4,-53388,35096307,-79512207,0.274444829765137,93.8439790830414,-0.554277408637874
519.87,520,7242,7375,405552,95875,2025-05-28,2025-06-06,591.15,133,-309677,35096307,-79512207,0.273176890092738,94.1171559731342,-3.23000782268579
561.15,563,508,518,278384,95830,2025-05-28,2025-06-13,591.15,10,-182554,37262480,-47851489,0.257175582516247,95.7825753948744,-1.90497756443702
573.09,603,32,32,95712,95712,2025-05-28,2025-07-18,591.15,0,0,351733598,-249347853,0.0272115034060522,99.7237878310391,0
515.35,516,1464,1467,241560,95355,2025-05-28,2025-06-20,591.15,3,-146205,390817615,-474084868,0.02439884906416,99.423538010179,-1.53327041057102
389.37,390,1511,1510,161677,95130,2025-05-28,2025-08-15,591.15,-1,-66547,279113706,-134591480,0.0340828837692406,99.0794361062298,-0.699537475034164
551.96,555,254,311,160020,94544,2025-05-28,2025-06-27,591.15,57,-65476,23180047,-11339267,0.407868025461726,92.0103311265935,-0.69254526992723
219.82,220,5207,5207,93726,93726,2025-05-28,2025-09-19,591.15,0,0,645375166,-268865429,0.0145227156137582,99.7930896522907,0
473.9,477,301,301,93310,93310,2025-05-28,2025-08-15,591.15,0,0,279113706,-134591480,0.0334308197677688,99.1128669259975,0
589.95,620,31,31,123659,93155,2025-05-28,2025-06-27,591.15,0,-30504,23180047,-11339267,0.401875802926543,92.41220692952,-0.327454242928452
509.71,511,722,722,93138,93138,2025-05-28,2025-06-20,591.15,0,0,390817615,-474084868,0.0238315767829452,99.447369586962,0
562.15,564,494,503,244530,93055,2025-05-28,2025-06-13,591.15,9,-151475,37262480,-47851489,0.249728413138363,96.0323038080128,-1.62780076298963
566.89,568,642,836,313296,92796,2025-05-28,2025-06-06,591.15,194,-220500,35096307,-79512207,0.26440388728079,94.3815598604149,-2.37618000775896
434.81,436,774,774,92106,92106,2025-05-28,2025-08-15,591.15,0,0,279113706,-134591480,0.0329994543514105,99.145866380349,0
587.24,597,92,93,156400,90768,2025-05-28,2025-06-06,591.15,1,-65632,35096307,-79512207,0.258625501537811,94.6401853619527,-0.723074211175745
534.97,535,29992,30243,599840,90729,2025-05-28,2025-05-30,591.15,251,-509111,34753805,-144046137,0.261062062125284,93.7968547616585,-5.61133705871331
566.85,572,132,176,140052,90640,2025-05-28,2025-06-27,591.15,44,-49412,23180047,-11339267,0.39102595434772,92.8032328838678,-0.545145631067961
319.43,320,1589,1589,120764,90573,2025-05-28,2025-09-19,591.15,0,-30191,645375166,-268865429,0.0140341625726578,99.8071238148634,-0.333333333333334
466.25,468,418,513,111188,89775,2025-05-28,2025-08-15,591.15,95,-21413,279113706,-134591480,0.032164310841833,99.1780306911908,-0.238518518518519
471.14,473,481,482,138528,89652,2025-05-28,2025-08-15,591.15,1,-48876,279113706,-134591480,0.0321202427801951,99.210150933971,-0.545174675411591
209.6,210,2232,2232,107136,89280,2025-05-28,2025-12-19,591.15,0,-17856,440307900,-106088524,0.0202767199952579,99.8699323814086,-0.2
253.94,255,841,841,89146,89146,2025-05-28,2025-12-19,591.15,0,0,440307900,-106088524,0.020246286746161,99.8901786681547,0
442.72,444,534,695,108402,88960,2025-05-28,2025-08-15,591.15,161,-19442,279113706,-134591480,0.0318723151488662,99.2420232491198,-0.218547661870504
284.82,285,4938,4939,143202,88902,2025-05-28,2025-08-15,591.15,1,-54300,279113706,-134591480,0.0318515350872809,99.2738747842071,-0.610784909225889
568.79,569,3304,4204,908600,88284,2025-05-28,2025-05-30,591.15,900,-820316,34753805,-144046137,0.254026861231454,94.0508816228899,-9.29178560101491
523.2,524,1111,1093,221089,87440,2025-05-28,2025-06-20,591.15,-18,-133649,390817615,-474084868,0.0223736076993357,99.4697431946613,-1.52846523330284
573.63,574,2053,2353,829412,87061,2025-05-28,2025-05-30,591.15,300,-742351,34753805,-144046137,0.250507822093149,94.3013894449831,-8.52679155994073
433.85,435,743,744,128539,85560,2025-05-28,2025-08-15,591.15,1,-42979,279113706,-134591480,0.0306541736076551,99.3045289578148,-0.502325853202432
565.82,571,61,165,59170,85470,2025-05-28,2025-06-27,591.15,104,26300,23180047,-11339267,0.368722289475945,93.1719551733437,0.307710307710308
334.09,335,937,937,85267,85267,2025-05-28,2025-09-19,591.15,0,0,645375166,-268865429,0.0132120051238538,99.8203358199872,0
567.85,569,719,737,375318,84755,2025-05-28,2025-06-06,591.15,18,-290563,35096307,-79512207,0.241492644795933,94.8816780067487,-3.42826971860067
426.48,428,557,557,84664,84664,2025-05-28,2025-08-15,591.15,0,0,279113706,-134591480,0.0303331574838536,99.3348621152986,0
469.21,471,414,470,115506,84130,2025-05-28,2025-08-15,591.15,56,-31376,279113706,-134591480,0.0301418376064986,99.3650039529051,-0.372946630215143
570.74,571,2897,3235,941525,84110,2025-05-28,2025-05-30,591.15,338,-857415,34753805,-144046137,0.242016665513316,94.5434061104964,-10.193972179289
354.95,355,16633,16631,166330,83155,2025-05-28,2025-06-20,591.15,-2,-83175,390817615,-474084868,0.021277188337583,99.4910203829989,-1.00024051470146
519.64,520,2288,2298,272272,82728,2025-05-28,2025-06-13,591.15,10,-189544,37262480,-47851489,0.222014208394074,96.2543180164069,-2.29117106662799
309.75,310,3305,3305,142115,82625,2025-05-28,2025-08-15,591.15,0,-59490,279113706,-134591480,0.0296026308360507,99.3946065837412,-0.72
359.09,360,905,907,88690,82537,2025-05-28,2025-09-19,591.15,2,-6153,645375166,-268865429,0.0127889953546803,99.8331248153419,-0.0745483843609533
473.92,476,395,396,120475,82368,2025-05-28,2025-08-15,591.15,1,-38107,279113706,-134591480,0.0295105536666121,99.4241171374078,-0.46264325951826
584.61,599,56,57,134400,82023,2025-05-28,2025-06-27,591.15,1,-52377,23180047,-11339267,0.353851741543061,93.5258069148868,-0.638564792802019
500.55,501,1648,1818,184576,81810,2025-05-28,2025-06-20,591.15,170,-102766,390817615,-474084868,0.0209330380361694,99.511953421035,-1.25615450433932
568.16,571,698,285,526990,80940,2025-05-28,2025-06-13,591.15,-413,-446050,37262480,-47851489,0.21721581601654,96.4715338324234,-5.51087225105016
550.2,553,289,289,171088,80920,2025-05-28,2025-06-27,591.15,0,-90168,23180047,-11339267,0.349093338766742,93.8749002536535,-1.11428571428571
566.02,567,770,825,361900,80850,2025-05-28,2025-06-06,591.15,55,-281050,35096307,-79512207,0.230366118007801,95.1120441247565,-3.47619047619048
344.96,345,20099,20078,180891,80312,2025-05-28,2025-06-20,591.15,-21,-100579,390817615,-474084868,0.0205497390387585,99.5325031600738,-1.25235332204403
563.92,566,392,384,237552,79872,2025-05-28,2025-06-13,591.15,-8,-157680,37262480,-47851489,0.214349662180295,96.6858834946037,-1.97415865384615
444.99,445,79764,79754,79764,79754,2025-05-28,2025-05-30,591.15,-10,-10,34753805,-144046137,0.229482786129461,94.7728888966259,-0.000125385560598841
499.93,500,11274,11392,372042,79744,2025-05-28,2025-06-06,591.15,118,-292298,35096307,-79512207,0.227214789293928,95.3392589140504,-3.66545445425361
507.47,508,1699,1504,215773,79712,2025-05-28,2025-06-20,591.15,-195,-136061,390817615,-474084868,0.0203962147407301,99.5528993748145,-1.70690736651947
555.68,557,596,598,264028,78936,2025-05-28,2025-06-13,591.15,2,-185092,37262480,-47851489,0.21183775207662,96.8977212466803,-2.34483632309719
554.77,558,242,244,167222,78812,2025-05-28,2025-06-27,591.15,2,-88410,23180047,-11339267,0.339999310613995,94.2148995642675,-1.12178348474852
309.49,310,1526,1531,115976,78081,2025-05-28,2025-09-19,591.15,5,-37895,645375166,-268865429,0.0120985442442637,99.8452233595862,-0.48532933748287
244.9,245,7591,7596,121456,75960,2025-05-28,2025-08-15,591.15,5,-45496,279113706,-134591480,0.027214715138353,99.4513318525462,-0.598946814112691
512.4,513,1259,1259,195145,75540,2025-05-28,2025-06-20,591.15,0,-119605,390817615,-474084868,0.0193287091217728,99.5722280839363,-1.58333333333333
504.27,505,1006,1029,172026,75117,2025-05-28,2025-06-27,591.15,23,-96909,23180047,-11339267,0.324058877016082,94.5389584412836,-1.29010743240545
489.48,492,291,296,120765,74592,2025-05-28,2025-08-15,591.15,5,-46173,279113706,-134591480,0.0267245923064774,99.4780564448526,-0.6190074002574
349.95,350,14914,14911,134226,74555,2025-05-28,2025-06-20,591.15,-3,-59671,390817615,-474084868,0.0190766733991762,99.5913047573355,-0.800362148749245
359.95,360,14872,14885,148720,74425,2025-05-28,2025-06-20,591.15,13,-74295,390817615,-474084868,0.0190434098012701,99.6103481671367,-0.99825327510917
586.4,598,63,64,149058,74240,2025-05-28,2025-06-13,591.15,1,-74818,37262480,-47851489,0.199235262923992,97.0969565096043,-1.00778556034483
524.87,525,5703,5662,370695,73606,2025-05-28,2025-06-06,591.15,-41,-297089,35096307,-79512207,0.209725769722723,95.5489846837732,-4.03620628753091
590.54,615,15,30,53670,73380,2025-05-28,2025-06-06,591.15,15,19710,35096307,-79512207,0.209081827327303,95.7580665111004,0.268601798855274
553.82,557,217,228,137795,72504,2025-05-28,2025-06-27,591.15,11,-65291,23180047,-11339267,0.312786251037369,94.851744692321,-0.900515833609179
522.22,523,976,929,201056,72462,2025-05-28,2025-06-20,591.15,-47,-128594,390817615,-474084868,0.0185411294728872,99.6288892966096,-1.77464050122823
437.62,439,525,525,72450,72450,2025-05-28,2025-08-15,591.15,0,0,279113706,-134591480,0.0259571631355144,99.5040136079881,0
289,290,718,719,87596,71900,2025-05-28,2025-12-19,591.15,1,-15696,440307900,-106088524,0.0163294821646398,99.9065081503194,-0.218303198887344
279.9,280,7187,7187,71870,71870,2025-05-28,2025-07-18,591.15,0,0,351733598,-249347853,0.0204330778773087,99.7442209089164,0
268.97,270,691,691,71173,71173,2025-05-28,2025-12-19,591.15,0,0,440307900,-106088524,0.0161643704325996,99.922672520752,0
436.88,438,635,635,71120,71120,2025-05-28,2025-08-15,591.15,0,0,279113706,-134591480,0.0254806548267465,99.5294942628149,0
394.7,395,2364,2365,120564,70950,2025-05-28,2025-07-18,591.15,1,-49614,351733598,-249347853,0.0201715162848901,99.7643924252013,-0.699281183932347
329.67,330,2141,2141,104909,70653,2025-05-28,2025-08-15,591.15,0,-34256,279113706,-134591480,0.0253133395032919,99.5548076023182,-0.484848484848484
324.85,325,4700,4705,103400,70575,2025-05-28,2025-07-18,591.15,5,-32825,351733598,-249347853,0.0200649015053717,99.7844573267067,-0.465108041091038
259.87,260,5339,5344,106780,69472,2025-05-28,2025-08-15,591.15,5,-37308,279113706,-134591480,0.024890214456183,99.5796978167744,-0.5370221096269
560.83,660,7,7,69419,69419,2025-05-28,2025-09-19,591.15,0,0,645375166,-268865429,0.0107563791817797,99.8559797387679,0
294.55,295,1535,1535,84425,69075,2025-05-28,2025-09-19,591.15,0,-15350,645375166,-268865429,0.0107030768518911,99.8666828156198,-0.222222222222222
490.42,493,262,266,106110,68628,2025-05-28,2025-08-15,591.15,4,-37482,279113706,-134591480,0.0245878287324235,99.6042856455068,-0.546161916418954
319.72,320,890,2446,37380,68488,2025-05-28,2025-08-15,591.15,1556,31108,279113706,-134591480,0.0245376699630795,99.6288233154699,0.454210956663941
529.97,530,22769,22763,364304,68289,2025-05-28,2025-05-30,591.15,-6,-296015,34753805,-144046137,0.196493592572094,94.969382489198,-4.3347391234313
534.81,535,3922,3573,392200,67887,2025-05-28,2025-06-06,591.15,-349,-324313,35096307,-79512207,0.193430607955418,95.9514971190559,-4.7772474847909
479.99,480,67685,67666,270740,67666,2025-05-28,2025-05-30,591.15,-19,-203074,34753805,-144046137,0.194700983100987,95.1640834722989,-3.00112316377501
431.93,433,623,628,71022,67196,2025-05-28,2025-08-15,591.15,5,-3825.99999999999,279113706,-134591480,0.0240747761774193,99.6528980916473,-0.05693791297101
404.23,405,852,854,91164,65758,2025-05-28,2025-08-15,591.15,2,-25406,279113706,-134591480,0.0235595739608717,99.6764576656082,-0.386356032726056
565.84,566,3614,4109,758940,65744,2025-05-28,2025-05-30,591.15,495,-693196,34753805,-144046137,0.189170653400397,95.3532541256993,-10.543867120954
309.9,310,6564,6569,105024,65690,2025-05-28,2025-07-18,591.15,5,-39334,351733598,-249347853,0.0186760663108447,99.8031333930175,-0.598782158623839
299.9,300,6566,6548,98490,65480,2025-05-28,2025-07-18,591.15,-18,-33010,351733598,-249347853,0.0186163620343144,99.8217497550518,-0.504123396456933
498.07,501,215,223,99330,65339,2025-05-28,2025-08-15,591.15,8,-33991,279113706,-134591480,0.0234094559297636,99.6998671215379,-0.520225286582286
586.46,602,41,42,99302,65268,2025-05-28,2025-06-20,591.15,1,-34034,390817615,-474084868,0.016700373139527,99.6455896697492,-0.521450021450022
379.94,380,10919,10873,152866,65238,2025-05-28,2025-06-20,591.15,-46,-87628,390817615,-474084868,0.0166926969246256,99.6622823666738,-1.34320488059107
339.96,340,16296,16286,162960,65144,2025-05-28,2025-06-20,591.15,-10,-97816,390817615,-474084868,0.0166686447846011,99.6789510114584,-1.50153506078841
557.16,561,162,169,125064,64896,2025-05-28,2025-06-27,591.15,7,-60168,23180047,-11339267,0.279964919829541,95.1317096121505,-0.927144970414201
432.89,434,584,584,64824,64824,2025-05-28,2025-08-15,591.15,0,0,279113706,-134591480,0.0232249433139625,99.7230920648519,0
513.41,514,1102,1098,153178,64782,2025-05-28,2025-06-20,591.15,-4,-88396,390817615,-474084868,0.016576018458124,99.6955270299165,-1.36451483436757
566.83,567,3630,3803,827640,64651,2025-05-28,2025-05-30,591.15,173,-762989,34753805,-144046137,0.186025674023319,95.5392797997226,-11.8016581336716
544.96,545,15945,16162,574020,64648,2025-05-28,2025-05-30,591.15,217,-509372,34753805,-144046137,0.186017041874983,95.7252968415976,-7.87916099492637
552.18,554,336,355,130704,64610,2025-05-28,2025-06-13,591.15,19,-66094,37262480,-47851489,0.173391572434256,97.2703480820386,-1.02296858071506
584.78,603,35,35,63770,63770,2025-05-28,2025-06-06,591.15,0,0,35096307,-79512207,0.18170002900875,96.1331971480646,0
523.75,525,357,497,103173,62125,2025-05-28,2025-06-27,591.15,140,-41048,23180047,-11339267,0.268010673144882,95.3997202852954,-0.660732394366197
414.59,415,1487,1514,104090,62074,2025-05-28,2025-07-18,591.15,27,-42016,351733598,-249347853,0.0176480155302082,99.839397770582,-0.67686954280375
562.26,563,750,836,285750,61864,2025-05-28,2025-06-06,591.15,86,-223886,35096307,-79512207,0.176269258187193,96.3094664062518,-3.61900297426613
475.44,480,134,135,82544,61560,2025-05-28,2025-10-17,591.15,1,-20984,16978716,-2935538,0.362571586685354,96.2870219397038,-0.34087069525666
249.74,250,2601,2361,91035,61386,2025-05-28,2025-09-19,591.15,-240,-29649,645375166,-268865429,0.00951167680970234,99.8761944924295,-0.482992864822598
537.38,538,991,990,209101,61380,2025-05-28,2025-06-13,591.15,-1,-147721,37262480,-47851489,0.164723335644863,97.4350714176834,-2.40666340827631
527.11,528,728,689,170352,61321,2025-05-28,2025-06-20,591.15,-39,-109031,390817615,-474084868,0.0156904391323303,99.7112174690488,-1.77803688785245
582.47,606,26,26,61178,61178,2025-05-28,2025-06-06,591.15,0,0,35096307,-79512207,0.174314636579854,96.4837810428317,0
590,606,18,38,53226,60800,2025-05-28,2025-05-30,591.15,20,7574,34753805,-144046137,0.174944872942689,95.9002417145403,0.124572368421053
516.33,517,906,907,154020,60769,2025-05-28,2025-06-20,591.15,1,-93251,390817615,-474084868,0.0155491967781442,99.726766665827,-1.53451595385805
526.86,527,4337,4336,273231,60704,2025-05-28,2025-06-06,591.15,-1,-212527,35096307,-79512207,0.172964067131052,96.6567451099627,-3.50103782287823
508.44,509,1078,1079,120736,60424,2025-05-28,2025-06-20,591.15,1,-60312,390817615,-474084868,0.0154609203067779,99.7422275861338,-0.998146431881372
550.84,552,545,520,192385,60320,2025-05-28,2025-06-13,591.15,-25,-132065,37262480,-47851489,0.161878651125744,97.5969500688092,-2.18940649867374
517.32,518,888,886,148296,60248,2025-05-28,2025-06-20,591.15,-2,-88048,390817615,-474084868,0.0154158865126896,99.7576434726464,-1.46142610543089
562.65,567,107,138,91806,60030,2025-05-28,2025-06-27,591.15,31,-31776,23180047,-11339267,0.258972727708447,95.6586930130038,-0.529335332333833
524.98,525,29625,29934,355500,59868,2025-05-28,2025-05-30,591.15,309,-295632,34753805,-144046137,0.172263152192976,96.0725048667333,-4.9380637402285
558.44,559,959,1069,299208,59864,2025-05-28,2025-06-06,591.15,110,-239344,35096307,-79512207,0.170570652917984,96.8273157628807,-3.99812909260992
339.86,340,4265,4266,110890,59724,2025-05-28,2025-07-18,591.15,1,-51166,351733598,-249347853,0.0169798962452259,99.8563776668273,-0.856707521264484
384.4,385,987,991,82908,59460,2025-05-28,2025-08-15,591.15,4,-23448,279113706,-134591480,0.02130314589424,99.7443952107461,-0.394349142280525
324.4,325,989,986,86043,59160,2025-05-28,2025-09-19,591.15,-3,-26883,645375166,-268865429,0.00916676115176084,99.8853612535813,-0.454411764705882
589.74,602,42,48,103530,58848,2025-05-28,2025-05-30,591.15,6,-44682,34753805,-144046137,0.16932822175874,96.241833088492,-0.759278140293638
499.76,500,2361,2452,165270,58848,2025-05-28,2025-06-13,591.15,91,-106422,37262480,-47851489,0.157928296774665,97.7548783655838,-1.80842169657422
229.46,230,1068,1068,64080,57672,2025-05-28,2025-12-19,591.15,0,-6407.99999999999,440307900,-106088524,0.0130981070291948,99.9357706277812,-0.111111111111111
489.46,490,1062,1064,128502,57456,2025-05-28,2025-06-27,591.15,2,-71046,23180047,-11339267,0.247868349878669,95.9065613628825,-1.23652882205514
279.63,280,1532,1544,68940,57128,2025-05-28,2025-09-19,591.15,12,-11812,645375166,-268865429,0.00885190552869833,99.89421315911,-0.20676375857723
514.07,515,517,614,98230,57102,2025-05-28,2025-06-27,591.15,97,-41128,23180047,-11339267,0.246341174372942,96.1529025372554,-0.720254982312353
509.17,510,663,684,119340,56772,2025-05-28,2025-06-27,591.15,21,-62568,23180047,-11339267,0.244917536189638,96.3978200734451,-1.10209258084971
569.81,573,173,177,140476,56463,2025-05-28,2025-06-13,591.15,4,-84013,37262480,-47851489,0.151527756606646,97.9064061221905,-1.4879301489471
446.65,448,419,418,84219,56430,2025-05-28,2025-08-15,591.15,-1,-27789,279113706,-134591480,0.0202175668148665,99.764612777561,-0.492450824029771
164.74,165,2160,2160,56160,56160,2025-05-28,2025-12-19,591.15,0,0,440307900,-106088524,0.012754710964759,99.9485253387459,0
568.29,574,90,98,101880,55958,2025-05-28,2025-06-27,591.15,8,-45922,23180047,-11339267,0.241405895337486,96.6392259687826,-0.82065120268773
521.28,522,793,776,155428,55872,2025-05-28,2025-06-20,591.15,-17,-99556,390817615,-474084868,0.0142961826324026,99.7719396552788,-1.78185853379152
541.76,544,223,249,109493,55776,2025-05-28,2025-06-27,591.15,26,-53717,23180047,-11339267,0.240620737309118,96.8798467060917,-0.963084480780264
506.45,507,1066,1014,133250,55770,2025-05-28,2025-06-20,591.15,-52,-77480,390817615,-474084868,0.0142700835017378,99.7862097387806,-1.38927738927739
509.73,510,2082,2046,181134,55242,2025-05-28,2025-06-13,591.15,-36,-125892,37262480,-47851489,0.148251002080377,98.0546571242709,-2.27891821440209
569.68,571,400,416,227600,54912,2025-05-28,2025-06-06,591.15,16,-172688,35096307,-79512207,0.156460906271421,96.9837766691521,-3.14481351981352
546.39,549,215,210,122335,54810,2025-05-28,2025-06-27,591.15,-5,-67525,23180047,-11339267,0.236453360081625,97.1163000661733,-1.23198321474184
229.77,230,2376,2376,54648,54648,2025-05-28,2025-09-19,591.15,0,0,645375166,-268865429,0.008467632917874,99.9026807920279,0
154.92,155,6797,6798,61173,54384,2025-05-28,2025-09-19,591.15,1,-6789,645375166,-268865429,0.00842672647865722,99.9111075185065,-0.124834510150044
304.76,305,254,2265,7366,54360,2025-05-28,2025-08-15,591.15,2011,46994,279113706,-134591480,0.0194759335824232,99.7840887111434,0.864495952906549
460.34,462,325,326,79300,54116,2025-05-28,2025-08-15,591.15,1,-25184,279113706,-134591480,0.0193885140129951,99.8034772251564,-0.465370685194767
536.33,537,805,801,164220,53667,2025-05-28,2025-06-13,591.15,-4,-110553,37262480,-47851489,0.144024230271308,98.1986813545422,-2.05998099390687
449.65,451,275,394,35750,53190,2025-05-28,2025-08-15,591.15,119,17440,279113706,-134591480,0.019056749581477,99.8225339747379,0.327881180673059
274.84,275,3262,3261,81550,52176,2025-05-28,2025-08-15,591.15,-1,-29374,279113706,-134591480,0.018693456780657,99.8412274315185,-0.562979147500767
499.31,500,734,755,109366,52095,2025-05-28,2025-06-27,591.15,21,-57271,23180047,-11339267,0.224740700482618,97.3410407666559,-1.09935694404453
424.98,425,25974,25981,207792,51962,2025-05-28,2025-06-06,591.15,7,-155830,35096307,-79512207,0.148055463499336,97.1318321326514,-2.99892228936531
573.09,605,16,16,50368,51056,2025-05-28,2025-10-17,591.15,0,688,16978716,-2935538,0.300705895545929,96.5877278352497,0.0134753995612661
560.17,562,266,276,139384,50508,2025-05-28,2025-06-13,591.15,10,-88876,37262480,-47851489,0.135546533671404,98.3342278882136,-1.75964203690504
398.24,400,284,286,66740,50336,2025-05-28,2025-10-17,591.15,2,-16404,16978716,-2935538,0.296465292192884,96.8841931274426,-0.325890019071837
511.41,512,836,838,125400,49442,2025-05-28,2025-06-20,591.15,2,-75958,390817615,-474084868,0.0126509139051985,99.7988606526858,-1.53630516564864
499.99,500,49498,49339,346486,49339,2025-05-28,2025-05-30,591.15,-159,-297147,34753805,-144046137,0.141967188916437,96.3838002774085,-6.02255821966396
516.1,525,33,55,38808,48950,2025-05-28,2025-10-17,591.15,22,10142,16978716,-2935538,0.288302130738273,97.1724952581809,0.207191011235955
590.15,604,24,35,62232,48475,2025-05-28,2025-06-06,591.15,11,-13757,35096307,-79512207,0.138119945212469,97.2699520778639,-0.283795771015987
461.36,463,318,295,78864,48380,2025-05-28,2025-08-15,591.15,-23,-30484,279113706,-134591480,0.0173334375775871,99.8585608690961,-0.630095080611823
329.96,330,11995,11992,71970,47968,2025-05-28,2025-06-20,591.15,-3,-24002,390817615,-474084868,0.0122737558797087,99.8111344085655,-0.500375250166778
590.91,605,32,34,78528,47906,2025-05-28,2025-05-30,591.15,2,-30622,34753805,-144046137,0.137843899394613,96.5216441768031,-0.639210119817977
204.84,205,2958,2958,47328,47328,2025-05-28,2025-09-19,591.15,0,0,645375166,-268865429,0.00733340892140867,99.918440927428,0
159.77,160,2056,2056,47288,47288,2025-05-28,2025-12-19,591.15,0,0,440307900,-106088524,0.0107397573379901,99.9592650960839,0
374.93,375,6753,6753,94542,47271,2025-05-28,2025-06-20,591.15,0,-47271,390817615,-474084868,0.0120954118201658,99.8232298203857,-1
551.69,553,327,360,122298,47160,2025-05-28,2025-06-13,591.15,33,-75138,37262480,-47851489,0.126561624454411,98.460789512668,-1.59325699745547
509.98,510,23345,23341,163415,46682,2025-05-28,2025-05-30,591.15,-4,-116733,34753805,-144046137,0.13432198287353,96.6559661596766,-2.5005998029219
518.28,519,647,648,109990,46656,2025-05-28,2025-06-20,591.15,1,-63334,390817615,-474084868,0.0119380494146867,99.8351678698003,-1.35746742112483
556.93,557,6679,6645,647863,46515,2025-05-28,2025-05-30,591.15,-34,-601348,34753805,-144046137,0.133841459949493,96.7898076196261,-12.928044716758
555.93,556,6699,6626,589512,46382,2025-05-28,2025-05-30,591.15,-73,-543130,34753805,-144046137,0.133458768039931,96.9232663876661,-11.7099305765168
547.03,548,473,478,144738,46366,2025-05-28,2025-06-13,591.15,5,-98372,37262480,-47851489,0.124430794729712,98.5852203073977,-2.12164085752491
505.51,506,817,942,99674,46158,2025-05-28,2025-06-20,591.15,125,-53516,390817615,-474084868,0.0118106242473231,99.8469784940477,-1.15940898652455
535.41,536,780,780,154440,46020,2025-05-28,2025-06-13,591.15,0,-108420,37262480,-47851489,0.123502246764037,98.7087225541617,-2.35593220338983
539.97,540,15435,15321,385875,45963,2025-05-28,2025-05-30,591.15,-114,-339912,34753805,-144046137,0.132253144655672,97.0555195323217,-7.39533972978265
561.89,562,4067,4168,614117,45848,2025-05-28,2025-05-30,591.15,101,-568269,34753805,-144046137,0.131922245636125,97.1874417779578,-12.3946300820101
169.69,170,1474,1474,45694,45694,2025-05-28,2025-12-19,591.15,0,0,440307900,-106088524,0.0103777379420174,99.9696428340259,0
555.67,559,134,135,87636,44955,2025-05-28,2025-06-27,591.15,1,-42681,23180047,-11339267,0.193938347062023,97.534979113718,-0.949416082749416
557.42,558,565,757,164415,43906,2025-05-28,2025-06-06,591.15,192,-120509,35096307,-79512207,0.12510148147496,97.3950535593389,-2.74470459618275
428.02,429,448,448,43904,43904,2025-05-28,2025-08-15,591.15,0,0,279113706,-134591480,0.015729790066275,99.8742906591624,0
149.99,150,43134,43134,43134,43134,2025-05-28,2025-06-20,591.15,0,0,390817615,-474084868,0.0110368617852601,99.8580153558329,0
560.9,561,4256,4260,587328,42600,2025-05-28,2025-05-30,591.15,4,-544728,34753805,-144046137,0.122576506371029,97.3100182843289,-12.7870422535211
509.91,510,4684,4685,192044,42165,2025-05-28,2025-06-06,591.15,1,-149879,35096307,-79512207,0.120140845588113,97.515194404927,-3.55458318510613
590,610,29,21,83404,42000,2025-05-28,2025-05-30,591.15,-8,-41404,34753805,-144046137,0.120850076703831,97.4308683610327,-0.985809523809524
425.94,427,388,388,51992,41128,2025-05-28,2025-08-15,591.15,0,-10864,279113706,-134591480,0.0147352133255685,99.889025872488,-0.264150943396227
214.83,215,2402,2402,40834,40834,2025-05-28,2025-09-19,591.15,0,0,645375166,-268865429,0.00632717249612917,99.9247680999241,0
422.7,425,164,176,48708,40480,2025-05-28,2025-10-17,591.15,12,-8228.00000000001,16978716,-2935538,0.238416144071201,97.4109114022521,-0.203260869565218
503.5,504,939,809,107985,40450,2025-05-28,2025-06-20,591.15,-130,-67535,390817615,-474084868,0.0103500964254132,99.8683654522583,-1.66959208899876
294.9,295,4037,4042,56518,40420,2025-05-28,2025-07-18,591.15,5,-16098,351733598,-249347853,0.011491651701695,99.867869318529,-0.398268184067293
520.63,530,47,43,57387,40291,2025-05-28,2025-10-17,591.15,-4,-17096,16978716,-2935538,0.237302985691026,97.6482143879431,-0.42431312203718
532.19,533,496,496,89280,40176,2025-05-28,2025-06-13,591.15,0,-49104,37262480,-47851489,0.10781891060391,98.8165414647656,-1.22222222222222
590.93,607,23,25,64515,40175,2025-05-28,2025-05-30,591.15,2,-24340,34753805,-144046137,0.115598853132772,97.5464672141655,-0.605849408836341
585,685,4,4,40000,40000,2025-05-28,2025-09-19,591.15,0,0,645375166,-268865429,0.00619794533587616,99.93096604526,0
548.65,549,1164,1142,222324,39970,2025-05-28,2025-06-06,591.15,-22,-182354,35096307,-79512207,0.113886626305155,97.6290810312322,-4.56227170377783
548.21,551,48,143,25152,39897,2025-05-28,2025-06-27,591.15,95,14745,23180047,-11339267,0.172117856361551,97.7070969700795,0.369576659899241
537.75,538,1564,1583,178296,39575,2025-05-28,2025-06-06,591.15,19,-138721,35096307,-79512207,0.112761151764486,97.7418421829966,-3.50526847757423
590.45,610,11,20,33825,39100,2025-05-28,2025-06-06,591.15,9,5275,35096307,-79512207,0.111407733013049,97.8532499160097,0.134910485933504
484.5,485,776,777,83808,38850,2025-05-28,2025-06-27,591.15,1,-44958,23180047,-11339267,0.167601040670884,97.8746980107504,-1.15722007722008
239.72,240,1387,1387,38836,38836,2025-05-28,2025-09-19,591.15,0,0,645375166,-268865429,0.00601758512660216,99.9369836303866,0
209.81,210,2040,2040,38760,38760,2025-05-28,2025-09-19,591.15,0,0,645375166,-268865429,0.006005809030464,99.942989439417,0
409.99,410,37698,37688,37698,37688,2025-05-28,2025-05-30,591.15,-10,-10,34753805,-144046137,0.108442802162238,97.6549100163277,-0.000265336446614307
561.81,566,88,89,71280,37291,2025-05-28,2025-06-27,591.15,1,-33989,23180047,-11339267,0.160875428768544,98.0355734395189,-0.911453165643185
354.49,355,731,731,48977,37281,2025-05-28,2025-08-15,591.15,0,-11696,279113706,-134591480,0.0133569219993804,99.9023827944874,-0.313725490196079
581.12,615,11,11,46398,37268,2025-05-28,2025-10-17,591.15,0,-9130,16978716,-2935538,0.219498341335116,97.8677127292782,-0.244982290436836
284.89,285,3350,3350,36850,36850,2025-05-28,2025-07-18,591.15,0,0,351733598,-249347853,0.0104766790006794,99.8783459975296,0
269.94,270,6056,6056,72672,36336,2025-05-28,2025-07-18,591.15,0,-36336,351733598,-249347853,0.0103305456762194,99.8886765432059,-1
586.97,596,39,40,70980,36120,2025-05-28,2025-06-06,591.15,1,-34860,35096307,-79512207,0.102916811161927,97.9561667271716,-0.965116279069768
551.18,554,129,128,84495,36096,2025-05-28,2025-06-27,591.15,-1,-48399,23180047,-11339267,0.15572013292294,98.1912935724419,-1.34084109042553
319.87,320,2771,2772,55420,36036,2025-05-28,2025-07-18,591.15,1,-19384,351733598,-249347853,0.0102452538526047,99.8989217970585,-0.537906537906538
585.04,630,8,8,35968,35968,2025-05-28,2025-06-27,591.15,0,0,23180047,-11339267,0.155167933870022,98.3464615063119,0
558.07,562,86,91,67338,35763,2025-05-28,2025-06-27,591.15,5,-31575,23180047,-11339267,0.154283552574333,98.5007450588862,-0.882895730223975
575.95,601,14,14,35070,35070,2025-05-28,2025-06-13,591.15,0,0,37262480,-47851489,0.0941161189486046,98.9106575837143,0
494.37,495,538,556,69940,35028,2025-05-28,2025-06-27,591.15,18,-34912,23180047,-11339267,0.151112722075154,98.6518577809614,-0.996688363594838
555.52,556,681,726,181146,34848,2025-05-28,2025-06-06,591.15,45,-146298,35096307,-79512207,0.0992924982107092,98.0554592253823,-4.19817493112948
585.77,609,15,15,44580,34845,2025-05-28,2025-05-30,591.15,0,-9734.99999999999,34753805,-144046137,0.1002624029225,97.7551724192502,-0.279380111924236
552.94,553,5780,5804,393040,34824,2025-05-28,2025-05-30,591.15,24,-358216,34753805,-144046137,0.100201977884148,97.8553743971344,-10.2864691017689
319.96,320,8668,8663,43340,34652,2025-05-28,2025-06-20,591.15,-5,-8688,390817615,-474084868,0.00886653995879894,99.8772319922171,-0.250721459078841
154.77,155,1502,1502,34546,34546,2025-05-28,2025-12-19,591.15,0,0,440307900,-106088524,0.00784587330820092,99.9774887073341,0
517.85,518,2297,2267,121741,34005,2025-05-28,2025-06-06,591.15,-30,-87736,35096307,-79512207,0.0968905360897373,98.1523497614721,-2.58009116306426
284.98,285,16868,16868,67472,33736,2025-05-28,2025-06-20,591.15,0,-33736,390817615,-474084868,0.00863215953047562,99.8858641517476,-1
588,655,0,5,0,33500,2025-05-28,2025-09-19,591.15,5,33500,645375166,-268865429,0.00519077921879628,99.9481802186358,1
244.12,245,373,373,32824,32824,2025-05-28,2025-12-19,591.15,0,0,440307900,-106088524,0.00745478334592679,99.9849434906801,0
543.15,544,381,386,101727,32810,2025-05-28,2025-06-13,591.15,5,-68917,37262480,-47851489,0.0880510368606706,98.9987086205749,-2.10048765620238
474.99,475,32450,32450,97350,32450,2025-05-28,2025-05-30,591.15,0,-64900,34753805,-144046137,0.0933710711676031,97.948745468302,-2
525.74,526,1246,1246,73514,32396,2025-05-28,2025-06-06,591.15,0,-41118,35096307,-79512207,0.0923060081506581,98.2446557696227,-1.26923076923077
590.88,620,8,11,32640,32032,2025-05-28,2025-06-06,591.15,3,-607.999999999996,35096307,-79512207,0.091268861991662,98.3359246316144,-0.0189810189810189
581.29,598,19,19,38665,31749,2025-05-28,2025-07-18,591.15,0,-6916,351733598,-249347853,0.00902643369314978,99.9079482307516,-0.217833632555356
179.73,180,1173,1173,31671,31671,2025-05-28,2025-12-19,591.15,0,0,440307900,-106088524,0.00719292113541456,99.9921364118155,0
514.66,515,924,923,96096,31382,2025-05-28,2025-06-13,591.15,-1,-64714,37262480,-47851489,0.0842187637537813,99.0829273843287,-2.06213753106877
454.5,456,162,209,29970,31350,2025-05-28,2025-08-15,591.15,47,1380,279113706,-134591480,0.0112319815638147,99.9136147760512,0.0440191387559809
585.6,690,3,3,31320,31320,2025-05-28,2025-09-19,591.15,0,0,645375166,-268865429,0.00485299119799103,99.9530332098338,0
274.97,275,10329,10329,30987,30987,2025-05-28,2025-06-20,591.15,0,0,390817615,-474084868,0.0079287623716756,99.8937929141193,0
586,630,2,7,9860,30800,2025-05-28,2025-10-17,591.15,5,20940,16978716,-2935538,0.181403587880261,98.0491163171585,0.67987012987013
552.56,553,757,690,171839,30360,2025-05-28,2025-06-06,591.15,-67,-141479,35096307,-79512207,0.0865048279866027,98.422429459601,-4.66004611330698
479.96,485,58,60,38280,30240,2025-05-28,2025-10-17,591.15,2,-8040,16978716,-2935538,0.178105340827893,98.2272216579864,-0.265873015873016
489.98,490,14899,14921,74495,29842,2025-05-28,2025-05-30,591.15,22,-44653,34753805,-144046137,0.0858668568808509,98.0346123251828,-1.49631391997855
389.93,390,4248,4247,63720,29729,2025-05-28,2025-06-20,591.15,-1,-33991,390817615,-474084868,0.0076068730934761,99.9013997872128,-1.14336170069629
532.72,545,6,24,9366,29472,2025-05-28,2025-10-17,591.15,18,20106,16978716,-2935538,0.173582030584645,98.400803688571,0.682206840390879
324.69,325,938,938,45024,29078,2025-05-28,2025-08-15,591.15,0,-15946,279113706,-134591480,0.0104179763927465,99.9240327524439,-0.548387096774194
558.92,559,3838,3632,433694,29056,2025-05-28,2025-05-30,591.15,-206,-404638,34753805,-144046137,0.0836052340168221,98.1182175591996,-13.9261426211454
518.84,519,1755,1749,94770,27984,2025-05-28,2025-06-06,591.15,-6,-66786,35096307,-79512207,0.0797348849267816,98.5021643445278,-2.38657804459691
583.6,609,11,11,27940,27940,2025-05-28,2025-07-18,591.15,0,0,351733598,-249347853,0.00794351183932108,99.915891742591,0
489.81,490,1296,1470,72576,27930,2025-05-28,2025-06-13,591.15,174,-44646,37262480,-47851489,0.0749547534141582,99.1578821377428,-1.5984962406015
563.88,564,2160,2318,384480,27816,2025-05-28,2025-05-30,591.15,158,-356664,34753805,-144046137,0.0800372793712803,98.1982548385709,-12.8222605694564
484.82,485,1475,1504,78175,27072,2025-05-28,2025-06-13,591.15,29,-51103,37262480,-47851489,0.0726521691524558,99.2305343068953,-1.88766991725768
436.91,440,70,87,25340,26883,2025-05-28,2025-10-17,591.15,17,1543,16978716,-2935538,0.15833352769432,98.5591372162654,0.0573968679090875
585.72,675,3,3,26784,26784,2025-05-28,2025-08-15,591.15,0,0,279113706,-134591480,0.0095960891293529,99.9336288415733,0
589.3,602,19,21,36727,26670,2025-05-28,2025-06-06,591.15,2,-10057,35096307,-79512207,0.0759909012649109,98.5781552457927,-0.377090363704537
429.64,430,737,737,26532,26532,2025-05-28,2025-06-27,591.15,0,0,23180047,-11339267,0.114460509937706,98.7663182908991,0
552.77,556,78,81,50466,26163,2025-05-28,2025-06-27,591.15,3,-24303,23180047,-11339267,0.112868623605466,98.8791869145045,-0.928907235408783
522.86,523,1873,1866,114253,26124,2025-05-28,2025-06-06,591.15,-7,-88129,35096307,-79512207,0.0744351820264166,98.6525904278191,-3.37348798040116
294.8,295,1287,1297,46332,25940,2025-05-28,2025-08-15,591.15,10,-20392,279113706,-134591480,0.00929370340559342,99.9429225449789,-0.786121819583654
519.98,520,12904,12880,129040,25760,2025-05-28,2025-05-30,591.15,-24,-103280,34753805,-144046137,0.07412138037835,98.2723762189493,-4.00931677018634
344.84,345,1598,1608,35156,25728,2025-05-28,2025-07-18,591.15,10,-9428,351733598,-249347853,0.0073146267932016,99.9232063693841,-0.366449004975124
449.72,450,257,905,14649,25340,2025-05-28,2025-06-27,591.15,648,10691,23180047,-11339267,0.109318156257405,98.9885050707619,0.421902131018153
169.98,170,12563,12563,25126,25126,2025-05-28,2025-06-20,591.15,0,0,390817615,-474084868,0.00642908585376839,99.9078288730665,0
259.71,260,860,860,31820,24940,2025-05-28,2025-09-19,591.15,0,-6880,645375166,-268865429,0.00386441891691878,99.9568976287507,-0.275862068965517
299.98,300,12342,12370,49368,24740,2025-05-28,2025-06-20,591.15,28,-24628,390817615,-474084868,0.00633031855537013,99.9141591916219,-0.995472918350849
234.76,235,1020,1020,24480,24480,2025-05-28,2025-09-19,591.15,0,0,645375166,-268865429,0.00379314254555621,99.9606907712963,0
194.86,195,1738,1743,27808,24402,2025-05-28,2025-09-19,591.15,5,-3406,645375166,-268865429,0.00378105655215125,99.9644718278484,-0.139578723055487
244.77,245,966,1056,25116,24288,2025-05-28,2025-09-19,591.15,90,-827.999999999996,645375166,-268865429,0.003763392407944,99.9682352202564,-0.0340909090909089
364.78,365,1097,1096,38395,24112,2025-05-28,2025-07-18,591.15,-1,-14283,351733598,-249347853,0.00685518816999677,99.9300615575542,-0.592360650298607
304.45,305,434,434,23870,23870,2025-05-28,2025-09-19,591.15,0,0,645375166,-268865429,0.0036986238791841,99.9719338441356,0
549.9,551,213,212,69225,23320,2025-05-28,2025-06-13,591.15,-1,-45905,37262480,-47851489,0.062583059420629,99.2931173663159,-1.9684819897084
164.9,165,2330,2330,23300,23300,2025-05-28,2025-09-19,591.15,0,0,645375166,-268865429,0.00361030315814786,99.9755441472937,0
538.33,539,451,346,99220,23182,2025-05-28,2025-06-13,591.15,-105,-76038,37262480,-47851489,0.0622127137002153,99.3553300800161,-3.28004486239324
498.2,505,33,34,29073,23120,2025-05-28,2025-10-17,591.15,1,-5953,16978716,-2935538,0.136170485447781,98.6953077017131,-0.257482698961938
289.8,290,1154,1147,31158,22940,2025-05-28,2025-08-15,591.15,-7,-8218,279113706,-134591480,0.00821887263393651,99.9511414176128,-0.358238884045336
532.16,532.5,531,673,40356,22882,2025-05-28,2025-06-06,591.15,142,-17474,35096307,-79512207,0.0651977428850278,98.7177881707041,-0.763657022987501
553.5,554,349,444,73988,22200,2025-05-28,2025-06-06,591.15,95,-51788,35096307,-79512207,0.0632545184882273,98.7810426891923,-2.33279279279279
543.66,544,540,640,81000,21760,2025-05-28,2025-06-06,591.15,100,-59240,35096307,-79512207,0.0620008253290012,98.8430435145214,-2.72242647058824
540.27,541,294,298,69678,21754,2025-05-28,2025-06-13,591.15,4,-47924,37262480,-47851489,0.0583804405933261,99.4137105206095,-2.20299714994944
309.98,310,10819,10818,54095,21636,2025-05-28,2025-06-20,591.15,-1,-32459,390817615,-474084868,0.00553608618690332,99.9196952778088,-1.50023109632095
586.23,604,12,12,21324,21324,2025-05-28,2025-05-30,591.15,0,0,34753805,-144046137,0.0613573103722024,98.3337335293215,0
558.98,563,53,53,44202,21306,2025-05-28,2025-06-27,591.15,0,-22896,23180047,-11339267,0.0919152579802793,99.0804203287422,-1.07462686567164
369.79,370,1029,1013,33957,21273,2025-05-28,2025-07-18,591.15,-16,-12684,351733598,-249347853,0.00604804321252245,99.9361096007667,-0.596248766041461
553.95,554,4054,4223,295942,21115,2025-05-28,2025-05-30,591.15,169,-274827,34753805,-144046137,0.0607559373714619,98.3944894666929,-13.0157234193701
329.87,330,1615,1620,38760,21060,2025-05-28,2025-07-18,591.15,5,-17700,351733598,-249347853,0.00598748601775597,99.9420970867844,-0.84045584045584
454.69,455,675,678,42525,21018,2025-05-28,2025-06-27,591.15,3,-21507,23180047,-11339267,0.0906728101112133,99.1710931388534,-1.02326577219526
489.34,495,36,37,28152,20942,2025-05-28,2025-10-17,591.15,1,-7210,16978716,-2935538,0.123342660304819,98.8186503620179,-0.344284213542164
179.9,180,2067,2072,22737,20720,2025-05-28,2025-09-19,591.15,5,-2017,645375166,-268865429,0.00321053568398385,99.9787546829777,-0.0973455598455598
514.9,515,2067,2066,101283,20660,2025-05-28,2025-06-06,591.15,-1,-80623,35096307,-79512207,0.0588665924309358,98.9019101069523,-3.90237173281704
514.99,515,20597,20551,164776,20551,2025-05-28,2025-05-30,591.15,-46,-144225,34753805,-144046137,0.0591330934842962,98.4536225601772,-7.01790667120821
339.64,340,583,567,29733,20412,2025-05-28,2025-08-15,591.15,-16,-9321,279113706,-134591480,0.00731314857035362,99.9584545661832,-0.456643151087596
304.9,305,2020,2030,32320,20300,2025-05-28,2025-07-18,591.15,10,-12020,351733598,-249347853,0.00577141339793192,99.9478685001824,-0.592118226600985
530.47,531,379,380,53439,20140,2025-05-28,2025-06-13,591.15,1,-33299,37262480,-47851489,0.0540490058632705,99.4677595264728,-1.65337636544191
579.28,608,7,7,20104,20104,2025-05-28,2025-07-18,591.15,0,0,351733598,-249347853,0.00571568940650361,99.9535841895889,0
189.89,190,1798,1822,32364,20042,2025-05-28,2025-09-19,591.15,24,-12322,645375166,-268865429,0.00310548051054075,99.9818601634882,-0.614808901307255
544.59,547,74,83,35964,20003,2025-05-28,2025-06-27,591.15,9,-15961,23180047,-11339267,0.0862940441837758,99.2573871830372,-0.797930310453432
541.73,542,681,740,87849,19980,2025-05-28,2025-06-06,591.15,59,-67869,35096307,-79512207,0.0569290666394045,98.9588391735917,-3.39684684684685
364.94,365,3315,3329,33150,19974,2025-05-28,2025-06-20,591.15,14,-13176,390817615,-474084868,0.00511082388136471,99.9248061016902,-0.659657554821268
545.48,548,74,79,36630,19908,2025-05-28,2025-06-27,591.15,5,-16722,23180047,-11339267,0.0858842089491881,99.3432713919864,-0.83996383363472
289.97,290,6613,6613,19839,19839,2025-05-28,2025-06-20,591.15,0,0,390817615,-474084868,0.00507628091430833,99.9298823826045,0
589.08,655,2,3,13000,19776,2025-05-28,2025-12-19,591.15,1,6776,440307900,-106088524,0.00449140249357325,99.996627814309,0.342637540453074
359.8,360,996,987,31872,19740,2025-05-28,2025-07-18,591.15,-9,-12132,351733598,-249347853,0.00561220199385104,99.9591963915827,-0.614589665653496
541.96,542,4931,4915,142999,19660,2025-05-28,2025-05-30,591.15,-16,-123339,34753805,-144046137,0.0565693454285078,98.5101919056057,-6.2736012207528
540.96,541,4468,4903,125104,19612,2025-05-28,2025-05-30,591.15,435,-105492,34753805,-144046137,0.056431231055132,98.5666231366609,-5.3789516622476
546.08,547,210,206,63210,18952,2025-05-28,2025-06-13,591.15,-4,-44258,37262480,-47851489,0.0508608122701441,99.5186203387429,-2.33526804558886
489.94,490,3141,3151,75384,18906,2025-05-28,2025-06-06,591.15,10,-56478,35096307,-79512207,0.0538689156098389,99.0127080892015,-2.98730561726436
467.13,469,101,101,27472,18887,2025-05-28,2025-08-15,591.15,0,-8585,279113706,-134591480,0.00676677626142802,99.9652213424446,-0.454545454545455
557.92,558,2250,2348,236250,18784,2025-05-28,2025-05-30,591.15,98,-217466,34753805,-144046137,0.0540487581143993,98.6206718947753,-11.5771933560477
334.67,335,570,569,28500,18777,2025-05-28,2025-08-15,591.15,-1,-9723,279113706,-134591480,0.0067273657998006,99.9719487082444,-0.517814347339831
504.99,505,18457,18605,129199,18605,2025-05-28,2025-05-30,591.15,148,-110594,34753805,-144046137,0.0535337065970187,98.6742056013723,-5.94431604407418
588.2,650,3,3,19248,18540,2025-05-28,2025-08-15,591.15,0,-708.000000000004,279113706,-134591480,0.0066424541688397,99.9785911624132,-0.0381877022653724
537.96,538,4579,4575,100738,18300,2025-05-28,2025-05-30,591.15,-4,-82438,34753805,-144046137,0.0526561048495266,98.7268617062218,-4.5048087431694
456.35,460,49,50,23275,18250,2025-05-28,2025-10-17,591.15,1,-5025,16978716,-2935538,0.107487515545934,98.9261378775639,-0.275342465753425
314.47,315,341,342,19778,18126,2025-05-28,2025-09-19,591.15,1,-1651.99999999999,645375166,-268865429,0.00280859892895228,99.9846687624172,-0.0911397991834929
589.64,650,0,3,0,18108,2025-05-28,2025-10-17,591.15,3,18108,16978716,-2935538,0.106651174329084,99.032789051893,1
449.99,450,17798,17808,35596,17808,2025-05-28,2025-05-30,591.15,10,-17788,34753805,-144046137,0.0512404325224245,98.7781021387442,-0.998876909254268
299.77,300,760,770,25080,17710,2025-05-28,2025-08-15,591.15,10,-7370,279113706,-134591480,0.00634508432201463,99.9849362467352,-0.416149068322981
464.99,465,17556,17555,70224,17555,2025-05-28,2025-05-30,591.15,-1,-52669,34753805,-144046137,0.0505124546794229,98.8286145934237,-3.00022785531188
540.74,541,631,675,76351,17550,2025-05-28,2025-06-06,591.15,44,-58801,35096307,-79512207,0.0500052612373148,99.0627133504388,-3.35048433048433
584.91,620,5,5,17545,17545,2025-05-28,2025-06-13,591.15,0,0,37262480,-47851489,0.0470848961207091,99.5657052348636,0
184.89,185,1585,1590,19020,17490,2025-05-28,2025-09-19,591.15,5,-1530,645375166,-268865429,0.00271005159811185,99.9873788140153,-0.0874785591766724
334.97,335,5724,5717,51516,17151,2025-05-28,2025-06-20,591.15,-7,-34365,390817615,-474084868,0.00438849205914119,99.9342708746636,-2.00367325520378
545.12,546,193,192,55970,16896,2025-05-28,2025-06-13,591.15,-1,-39074,37262480,-47851489,0.0453431977689086,99.6110484326325,-2.31261837121212
533.47,534,320,316,61120,16748,2025-05-28,2025-06-13,591.15,-4,-44372,37262480,-47851489,0.0449460154020881,99.6559944480346,-2.64939097205636
550.65,551,467,474,95735,16590,2025-05-28,2025-06-06,591.15,7,-79145,35096307,-79512207,0.0472699307080942,99.1099832811469,-4.7706449668475
548.03,549,171,170,53010,16490,2025-05-28,2025-06-13,591.15,-1,-36520,37262480,-47851489,0.044253629924793,99.7002480779594,-2.21467556094603
551.62,552,423,428,90522,16264,2025-05-28,2025-06-06,591.15,5,-74258,35096307,-79512207,0.046341058049213,99.1563243391962,-4.56578947368421
244.95,245,3235,3243,32350,16215,2025-05-28,2025-07-18,591.15,8,-16135,351733598,-249347853,0.00461002306637764,99.9638064146491,-0.995066296638915
504.92,505,2040,2015,75480,16120,2025-05-28,2025-06-06,591.15,-25,-59360,35096307,-79512207,0.0459307584698299,99.202255097666,-3.68238213399504
542.72,543,618,575,74778,16100,2025-05-28,2025-06-06,591.15,-43,-58678,35096307,-79512207,0.0458737724171378,99.2481288700831,-3.64459627329192
464.96,465,3885,4000,62160,16000,2025-05-28,2025-06-06,591.15,115,-46160,35096307,-79512207,0.0455888421536773,99.2937177122368,-2.885
474.96,475,3973,3953,71514,15812,2025-05-28,2025-06-06,591.15,-20,-55702,35096307,-79512207,0.0450531732583716,99.3387708854952,-3.5227675183405
384.74,385,576,604,25344,15704,2025-05-28,2025-07-18,591.15,28,-9640,351733598,-249347853,0.00446474266015384,99.9682711573092,-0.613856342333164
550.95,551,2835,3131,161595,15655,2025-05-28,2025-05-30,591.15,296,-145940,34753805,-144046137,0.0450454273999638,98.8736600208236,-9.3222612583839
494.81,495,844,823,54016,15637,2025-05-28,2025-06-13,591.15,-21,-38379,37262480,-47851489,0.041964463986294,99.7422125419457,-2.45437104303895
585.48,611,6,6,15312,15312,2025-05-28,2025-07-18,591.15,0,0,351733598,-249347853,0.00435329467729722,99.9726244519865,0
547.95,548,3061,3053,137745,15265,2025-05-28,2025-05-30,591.15,-8,-122480,34753805,-144046137,0.0439232481162854,98.9175832689399,-8.02358336062889
369.95,370,3062,3051,39806,15255,2025-05-28,2025-06-20,591.15,-11,-24551,390817615,-474084868,0.00390335527737152,99.938174229941,-1.60937397574566
590.45,603,12,12,26040,15060,2025-05-28,2025-05-30,591.15,0,-10980,34753805,-144046137,0.0433333846466596,98.9609166535866,-0.729083665338645
581.99,597,9,10,16785,15010,2025-05-28,2025-06-27,591.15,1,-1775,23180047,-11339267,0.064753967064864,99.4080253590513,-0.118254497001999
439.99,440,14943,14942,74715,14942,2025-05-28,2025-05-30,591.15,-1,-59773,34753805,-144046137,0.0429938534787774,99.0039105070653,-4.00033462722527
174.91,175,1649,1659,23086,14931,2025-05-28,2025-09-19,591.15,10,-8155,645375166,-268865429,0.00231353804524917,99.9896923520605,-0.546179090482888
590.76,665,0,2,0,14848,2025-05-28,2025-12-19,591.15,2,14848,440307900,-106088524,0.00337218569096762,100,1
427.53,430,59,60,18939,14820,2025-05-28,2025-10-17,591.15,1,-4119,16978716,-2935538,0.0872857523501777,99.1200748042431,-0.277935222672065
474.58,475,310,352,27900,14784,2025-05-28,2025-06-27,591.15,42,-13116,23180047,-11339267,0.0637789906120553,99.4718043496633,-0.887175324675325
264.86,265,1057,1056,22197,14784,2025-05-28,2025-08-15,591.15,-1,-7413,279113706,-134591480,0.00529676604272525,99.9902330127779,-0.501420454545455
588.83,601,7,12,15624,14604,2025-05-28,2025-06-06,591.15,5,-1020,35096307,-79512207,0.041611215675769,99.3803821011709,-0.0698438783894823
479.85,480,984,972,48216,14580,2025-05-28,2025-06-13,591.15,-12,-33636,37262480,-47851489,0.0391278304610965,99.7813403724068,-2.30699588477366
169.91,170,1597,1597,20761,14373,2025-05-28,2025-09-19,591.15,0,-6388,645375166,-268865429,0.0022270767078137,99.9919194287684,-0.444444444444445
479.53,480,297,300,29403,14100,2025-05-28,2025-06-27,591.15,3,-15303,23180047,-11339267,0.0608281769230235,99.5326325265864,-1.08531914893617
324.96,325,3399,3399,16995,13596,2025-05-28,2025-06-20,591.15,0,-3399,390817615,-474084868,0.00347886059332305,99.9416530905343,-0.25
224.99,225,13276,13276,13276,13276,2025-05-28,2025-06-20,591.15,0,0,390817615,-474084868,0.00339698096770792,99.945050071502,0
214.98,215,6635,6635,13270,13270,2025-05-28,2025-06-20,591.15,0,0,390817615,-474084868,0.00339544572472763,99.9484455172268,0
523.84,524,828,828,47196,13248,2025-05-28,2025-06-06,591.15,0,-33948,35096307,-79512207,0.0377475613032448,99.4181296624742,-2.5625
537.09,537.5,242,323,26620,13243,2025-05-28,2025-06-06,591.15,81,-13377,35096307,-79512207,0.0377333147900718,99.4558629772643,-1.01011855319792
588.8,720,0,1,0,13120,2025-05-28,2025-05-30,591.15,1,13120,34753805,-144046137,0.037751262056054,99.0416617691214,1
249.98,250,6553,6555,19659,13110,2025-05-28,2025-06-20,591.15,2,-6549,390817615,-474084868,0.00335450591192007,99.9518000231387,-0.49954233409611
484.78,490,24,25,17136,13050,2025-05-28,2025-10-17,591.15,1,-4086,16978716,-2935538,0.0768609357739419,99.1969357400171,-0.313103448275862
543.95,544,2451,2563,80883,12815,2025-05-28,2025-05-30,591.15,112,-68068,34753805,-144046137,0.0368736603085619,99.07853542943,-5.31158798283262
249.89,250,815,1151,13855,12661,2025-05-28,2025-08-15,591.15,336,-1194,279113706,-134591480,0.00453614413331605,99.9947691569113,-0.0943053471289789
204.99,205,12627,12627,12627,12627,2025-05-28,2025-06-20,591.15,0,0,390817615,-474084868,0.00323091885200722,99.9550309419907,0
543.39,546,46,48,23920,12528,2025-05-28,2025-06-27,591.15,2,-11392,23180047,-11339267,0.0540464823043715,99.5866790088907,-0.909323116219668
578.97,610,3,4,12375,12412,2025-05-28,2025-10-17,591.15,1,37,16978716,-2935538,0.0731032900249937,99.2700390300421,0.0029809861424428
459.99,460,12378,12397,49512,12397,2025-05-28,2025-05-30,591.15,19,-37115,34753805,-144046137,0.0356709143070809,99.1142063437371,-2.99386948455271
546.57,547,247,288,42237,12384,2025-05-28,2025-06-06,591.15,41,-29853,35096307,-79512207,0.0352857638269462,99.4911487410912,-2.41061046511628
454.99,455,12286,12286,36858,12286,2025-05-28,2025-05-30,591.15,0,-24572,34753805,-144046137,0.0353515248186494,99.1495578685557,-2
551.94,552,2055,2041,127410,12246,2025-05-28,2025-05-30,591.15,-14,-115164,34753805,-144046137,0.0352364295075028,99.1847942980632,-9.40421362077413
494.98,495,6168,6118,30840,12236,2025-05-28,2025-05-30,591.15,-50,-18604,34753805,-144046137,0.0352076556797162,99.2200019537429,-1.52043151356653
409.95,410,2439,2439,31707,12195,2025-05-28,2025-06-13,591.15,0,-19512,37262480,-47851489,0.0327272902930776,99.8140676626999,-1.6
578.59,700,1,1,12141,12141,2025-05-28,2025-09-19,591.15,0,0,645375166,-268865429,0.00188123135807181,99.9938006601264,0
524,645,1,1,12100,12100,2025-05-28,2025-09-19,591.15,0,0,645375166,-268865429,0.00187487846410254,99.9956755385905,0
304.98,305,5992,5990,35952,11980,2025-05-28,2025-06-20,591.15,-2,-23972,390817615,-474084868,0.00306536848396662,99.9580963104746,-2.00100166944908
324.11,325,136,134,15368,11926,2025-05-28,2025-10-17,591.15,-2,-3442,16978716,-2935538,0.0702408827616882,99.3402799128038,-0.288613114204259
199.99,200,10596,11692,10596,11692,2025-05-28,2025-06-20,591.15,1096,1096,390817615,-474084868,0.002991676820913,99.9610879872956,0.0937393089291824
343.6,345,83,83,11620,11620,2025-05-28,2025-10-17,591.15,0,0,16978716,-2935538,0.0684386263366441,99.4087185391404,0
579.09,608,4,4,11564,11564,2025-05-28,2025-05-30,591.15,0,0,34753805,-144046137,0.0332740544524549,99.2532760081954,0
389.77,390,500,500,11500,11500,2025-05-28,2025-06-27,591.15,0,0,23180047,-11339267,0.049611633660622,99.6362906425513,0
578.44,601,5,5,11280,11280,2025-05-28,2025-07-18,591.15,0,0,351733598,-249347853,0.00320697256791488,99.9758314245545,0
585.12,613,4,4,14796,11152,2025-05-28,2025-07-18,591.15,0,-3644,351733598,-249347853,0.00317058138983925,99.9790020059443,-0.326757532281205
531.84,532,698,685,56538,10960,2025-05-28,2025-06-06,591.15,-13,-45578,35096307,-79512207,0.031228356875269,99.5223770979665,-4.15857664233577
264.7,265,360,360,17280,10800,2025-05-28,2025-09-19,591.15,0,-6480,645375166,-268865429,0.00167344524068656,99.9973489838312,-0.6
545.73,546,396,394,64548,10638,2025-05-28,2025-06-06,591.15,-2,-53910,35096307,-79512207,0.0303108814269262,99.5526879793934,-5.06768189509306
348.59,350,75,75,10575,10575,2025-05-28,2025-10-17,591.15,0,0,16978716,-2935538,0.0622838617478495,99.4710024008883,0
469.96,470,2696,2636,45832,10544,2025-05-28,2025-06-06,591.15,-60,-35288,35096307,-79512207,0.0300430469792733,99.5827310263727,-3.34673748103187
209.98,210,5232,5232,10464,10464,2025-05-28,2025-06-20,591.15,0,0,390817615,-474084868,0.00267746375761492,99.9637654510532,0
254.81,255,544,544,10336,10336,2025-05-28,2025-08-15,591.15,0,0,279113706,-134591480,0.00370315028528194,99.9984723071966,0
528.98,529,5136,5134,71904,10268,2025-05-28,2025-05-30,591.15,-2,-61636,34753805,-144046137,0.0295449663713081,99.2828209745667,-6.002726918582
394.75,395,410,410,10250,10250,2025-05-28,2025-06-27,591.15,0,0,23180047,-11339267,0.0442190647844674,99.6805097073358,0
404.98,405,5095,5095,10190,10190,2025-05-28,2025-05-30,591.15,0,0,34753805,-144046137,0.0293205305145724,99.3121415050813,0
484.99,485,10196,10140,61176,10140,2025-05-28,2025-05-30,591.15,-56,-51036,34753805,-144046137,0.0291766613756393,99.3413181664569,-5.03313609467456
548.95,549,2011,2017,98539,10085,2025-05-28,2025-05-30,591.15,6,-88454,34753805,-144046137,0.0290184053228129,99.3703365717797,-8.7708477937531
574.91,625,2,2,10018,10018,2025-05-28,2025-10-17,591.15,0,0,16978716,-2935538,0.0590032838761188,99.5300056847644,0
528.83,529,551,585,41876,9945,2025-05-28,2025-06-06,591.15,34,-31931,35096307,-79512207,0.0283363147011451,99.6110673410738,-3.21075917546506
429.98,430,4971,4971,9942,9942,2025-05-28,2025-05-30,591.15,0,0,34753805,-144046137,0.0286069395854641,99.3989435113652,0
479.96,480,2494,2458,54868,9832,2025-05-28,2025-06-06,591.15,-36,-45036,35096307,-79512207,0.0280143435034347,99.6390816845772,-4.58055329536208
532.82,533,417,544,38781,9792,2025-05-28,2025-06-06,591.15,127,-28989,35096307,-79512207,0.0279003713980505,99.6669820559753,-2.96047794117647
582.71,607,4,4,9716,9716,2025-05-28,2025-06-20,591.15,0,0,390817615,-474084868,0.00248607013273954,99.9662515211859,0
506.93,515,13,12,11960,9684,2025-05-28,2025-10-17,591.15,-1,-2276,16978716,-2935538,0.0570361150984562,99.5870417998628,-0.235026848409748
459.68,460,305,302,19520,9664,2025-05-28,2025-06-27,591.15,-3,-9856,23180047,-11339267,0.0416910284953262,99.7222007358311,-1.01986754966887
538.95,539,1922,1924,46128,9620,2025-05-28,2025-05-30,591.15,2,-36508,34753805,-144046137,0.0276804223307347,99.4266239336959,-3.7950103950104
538.78,539,396,436,45540,9592,2025-05-28,2025-06-06,591.15,40,-35948,35096307,-79512207,0.0273305108711295,99.6943125668464,-3.74770642201835
470.66,475,22,22,12760,9548,2025-05-28,2025-10-17,591.15,0,-3212,16978716,-2935538,0.056235112242881,99.6432769121057,-0.336405529953917
531.49,532,184,183,31096,9333,2025-05-28,2025-06-13,591.15,-1,-21763,37262480,-47851489,0.025046642091455,99.8391143047913,-2.33183327975999
527.85,528,613,609,44136,9135,2025-05-28,2025-06-06,591.15,-4,-35001,35096307,-79512207,0.0260283795671151,99.7203409464135,-3.83152709359606
439.71,440,315,315,15435,9135,2025-05-28,2025-06-27,591.15,0,-6300,23180047,-11339267,0.0394088933469376,99.7616096291781,-0.689655172413793
520.88,521,596,753,30992,9036,2025-05-28,2025-06-06,591.15,157,-21956,35096307,-79512207,0.0257462986062893,99.7460872450198,-2.42983621071271
254.66,255,265,265,9010,9010,2025-05-28,2025-09-19,591.15,0,0,645375166,-268865429,0.0013960871869061,99.9987450710181,0
546.96,547,1858,2225,78036,8900,2025-05-28,2025-05-30,591.15,367,-69136,34753805,-144046137,0.0256087067300976,99.452232640426,-7.76808988764045
279.97,280,2945,2945,8835,8835,2025-05-28,2025-06-20,591.15,0,0,390817615,-474084868,0.00226064528846787,99.9685121664744,0
461.17,465,20,23,10260,8809,2025-05-28,2025-10-17,591.15,3,-1451,16978716,-2935538,0.0518826040791306,99.6951595161849,-0.164717902145533
577.5,665,1,1,8750,8750,2025-05-28,2025-06-20,591.15,0,0,390817615,-474084868,0.00223889601291385,99.9707510624873,0
449.92,450,1084,1083,30352,8664,2025-05-28,2025-06-13,591.15,-1,-21688,37262480,-47851489,0.0232512704468409,99.8623655752382,-2.50323176361958
154.99,155,8593,8593,8593,8593,2025-05-28,2025-06-20,591.15,0,0,390817615,-474084868,0.00219872382159642,99.9729497863089,0
269.98,270,5041,4291,15123,8582,2025-05-28,2025-06-20,591.15,-750,-6541,390817615,-474084868,0.0021959092094659,99.9751456955184,-0.762176648799813
404.81,405,451,451,11726,8569,2025-05-28,2025-06-27,591.15,0,-3157,23180047,-11339267,0.0369671381598148,99.7985767673379,-0.368421052631579
585.5,614,0,3,0,8550,2025-05-28,2025-05-30,591.15,3,8550,34753805,-144046137,0.0246016227575657,99.4768342631836,1
575.5,604,3,3,8550,8550,2025-05-28,2025-06-20,591.15,0,0,390817615,-474084868,0.00218772124690439,99.9773334167653,0
542.26,542.5,399,346,54264,8304,2025-05-28,2025-06-06,591.15,-53,-45960,35096307,-79512207,0.0236606090777585,99.7697478540976,-5.53468208092486
424.97,425,2755,2755,8265,8265,2025-05-28,2025-05-30,591.15,0,0,34753805,-144046137,0.0237815686656468,99.5006158318492,0
404.94,405,1385,1375,22160,8250,2025-05-28,2025-06-13,591.15,-10,-13910,37262480,-47851489,0.0221402332855999,99.8845058085238,-1.68606060606061
189.99,190,8113,8113,8113,8113,2025-05-28,2025-06-20,591.15,0,0,390817615,-474084868,0.00207590438317372,99.9794093211484,0
159.93,160,1273,1157,11457,8099,2025-05-28,2025-09-19,591.15,-116,-3358,645375166,-268865429,0.00125492898188152,100,-0.414619088776392
407.22,410,29,29,8062,8062,2025-05-28,2025-10-17,591.15,0,0,16978716,-2935538,0.0474829781003463,99.7426424942852,0
542.96,543,2017,2012,64544,8048,2025-05-28,2025-05-30,591.15,-5,-56496,34753805,-144046137,0.023157176602677,99.5237730084519,-7.01988071570577
464.37,470,14,14,7882,7882,2025-05-28,2025-10-17,591.15,0,0,16978716,-2935538,0.0464228272620851,99.7890653215473,0
505.98,506,3932,3936,51116,7872,2025-05-28,2025-05-30,591.15,4,-43244,34753805,-144046137,0.0226507572336324,99.5464237656855,-5.49339430894309
484.91,485,863,868,18986,7812,2025-05-28,2025-06-06,591.15,5,-11174,35096307,-79512207,0.0222587521815329,99.7920066062791,-1.43036354326677
159.99,160,7549,7551,7549,7551,2025-05-28,2025-06-20,591.15,2,2.00000000000182,390817615,-474084868,0.00193210329068714,99.9813414244391,0.000264865580718027
521.89,522,668,660,39412,7260,2025-05-28,2025-06-06,591.15,-8,-32152,35096307,-79512207,0.0206859371272311,99.8126925434063,-4.42865013774105
536.72,537,264,259,27984,7252,2025-05-28,2025-06-06,591.15,-5,-20732,35096307,-79512207,0.0206631427061542,99.8333556861125,-2.85879757308329
274.9,275,720,720,7200,7200,2025-05-28,2025-07-18,591.15,0,0,351733598,-249347853,0.00204700376675418,99.9810490097111,0
547.2,547.5,137,239,22605,7170,2025-05-28,2025-06-06,591.15,102,-15435,35096307,-79512207,0.0204294998901166,99.8537851860026,-2.15271966527197
419.99,420,7100,7098,7100,7098,2025-05-28,2025-05-30,591.15,-2,-2,34753805,-144046137,0.0204236629629475,99.5668474286485,-0.000281769512538743
234.99,235,6651,7054,13302,7054,2025-05-28,2025-06-20,591.15,403,-6248,390817615,-474084868,0.00180493399715363,99.9831463584363,-0.885738588035157
545.96,546,1618,1762,61484,7048,2025-05-28,2025-05-30,591.15,144,-54436,34753805,-144046137,0.0202797938240144,99.5871272224725,-7.72360953461975
314.9,315,699,704,13281,7040,2025-05-28,2025-07-18,591.15,5,-6241,351733598,-249347853,0.00200151479415964,99.9830505245052,-0.886505681818182
586.88,622,1,2,3373,7024,2025-05-28,2025-07-18,591.15,1,3651,351733598,-249347853,0.00199696589690019,99.9850474904021,0.519789293849658
590.64,660,1,1,7411,6936,2025-05-28,2025-06-20,591.15,0,-475,390817615,-474084868,0.00177474088520805,99.9849210993215,-0.0684832756632065
419.67,420,210,210,6930,6930,2025-05-28,2025-06-27,591.15,0,0,23180047,-11339267,0.0298964018494009,99.8284731691873,0
530.85,531,444,456,37296,6840,2025-05-28,2025-06-06,591.15,12,-30456,35096307,-79512207,0.019489230020697,99.8732744160233,-4.45263157894737
579.91,614,2,2,6818,6818,2025-05-28,2025-07-18,591.15,0,0,351733598,-249347853,0.00193839884468472,99.9869858892468,0
249.95,250,1315,1355,13150,6775,2025-05-28,2025-07-18,591.15,40,-6375,351733598,-249347853,0.00192617368329994,99.9889120629301,-0.940959409594096
527.97,528,2255,2253,29315,6759,2025-05-28,2025-05-30,591.15,-2,-22556,34753805,-144046137,0.0194482302009809,99.6065754526735,-3.33718005622134
294.98,295,3269,3293,16345,6586,2025-05-28,2025-06-20,591.15,24,-9759,390817615,-474084868,0.0016851850446915,99.9866062843662,-1.48177953234133
573.11,606,2,2,6578,6578,2025-05-28,2025-07-18,591.15,0,0,351733598,-249347853,0.00187016538579291,99.9907822283159,0
384.89,385,577,577,11540,6347,2025-05-28,2025-06-27,591.15,0,-5193,23180047,-11339267,0.0273813077255624,99.8558544769129,-0.818181818181818
533.81,534,330,334,30030,6346,2025-05-28,2025-06-06,591.15,4,-23684,35096307,-79512207,0.0180816745192023,99.8913560905425,-3.73211471793256
516.98,517,3201,3154,25608,6308,2025-05-28,2025-05-30,591.15,-47,-19300,34753805,-144046137,0.018150530567804,99.6247259832413,-3.05960684844642
520.98,521,3133,3148,31330,6296,2025-05-28,2025-05-30,591.15,15,-25034,34753805,-144046137,0.0181160019744601,99.6428419852157,-3.97617534942821
469.99,470,6296,6290,18888,6290,2025-05-28,2025-05-30,591.15,-6,-12598,34753805,-144046137,0.0180987376777881,99.6609407228935,-2.00286168521463
535.83,536,342,352,33516,5984,2025-05-28,2025-06-06,591.15,10,-27532,35096307,-79512207,0.0170502269654753,99.908406317508,-4.60093582887701
590.52,650,0,1,0,5948,2025-05-28,2025-06-20,591.15,1,5948,390817615,-474084868,0.00152193754112132,99.9881282219073,1
459.88,460,391,491,12903,5892,2025-05-28,2025-06-13,591.15,100,-7011,37262480,-47851489,0.0158121520628793,99.9003179605866,-1.18991853360489
525.98,526,1804,2896,23452,5792,2025-05-28,2025-05-30,591.15,1092,-17660,34753805,-144046137,0.0166658010540141,99.6776065239475,-3.04903314917127
399.78,400,259,259,5698,5698,2025-05-28,2025-06-27,591.15,0,0,23180047,-11339267,0.024581485965063,99.8804359628779,0
535.98,536,2614,2813,49666,5626,2025-05-28,2025-05-30,591.15,199,-44040,34753805,-144046137,0.0161881555127561,99.6937946794603,-7.82794169925347
594.15,650,1,1,5585,5585,2025-05-28,2025-07-18,591.15,0,0,351733598,-249347853,0.00158784944962807,99.9923700777655,0
374.97,375,913,1816,10956,5448,2025-05-28,2025-06-13,591.15,903,-5508,37262480,-47851489,0.014620604962418,99.9149385655491,-1.01101321585903
451.62,455,14,16,6146,5408,2025-05-28,2025-10-17,591.15,2,-737.999999999999,16978716,-2935538,0.0318516429628719,99.8209169645102,-0.13646449704142
589.62,616,2,2,5276,5276,2025-05-28,2025-07-18,591.15,0,0,351733598,-249347853,0.00149999887130487,99.9938700766368,0
446.93,450,19,17,8189,5219,2025-05-28,2025-10-17,591.15,-2,-2970,16978716,-2935538,0.0307384845826975,99.8516554490929,-0.5690745353516
379.98,380,2544,2544,5088,5088,2025-05-28,2025-05-30,591.15,0,0,34753805,-144046137,0.0146401235778356,99.7084348030381,0
434.78,435,113,228,4746,5016,2025-05-28,2025-06-27,591.15,115,270,23180047,-11339267,0.021639300386233,99.9020752632642,0.0538277511961723
174.99,175,4846,4846,4846,4846,2025-05-28,2025-06-20,591.15,0,0,390817615,-474084868,0.0012399645804092,99.9893681864877,0
399.96,400,1204,1204,14448,4816,2025-05-28,2025-06-13,591.15,0,-9632,37262480,-47851489,0.012924528909509,99.9278630944586,-2
454.9,455,494,478,14326,4780,2025-05-28,2025-06-13,591.15,-16,-9546,37262480,-47851489,0.0128279169824445,99.940691011441,-1.99707112970711
239.99,240,4718,4716,9436,4716,2025-05-28,2025-06-20,591.15,-2,-4720,390817615,-474084868,0.00120670098250305,99.9905748874702,-1.0008481764207
194.99,195,4679,4679,4679,4679,2025-05-28,2025-06-20,591.15,0,0,390817615,-474084868,0.0011972336507913,99.991772121121,0
444.92,445,576,575,14976,4600,2025-05-28,2025-06-13,591.15,-1,-10376,37262480,-47851489,0.0123448573471224,99.9530358687881,-2.25565217391304
469.6,470,111,113,9213,4520,2025-05-28,2025-06-27,591.15,2,-4693,23180047,-11339267,0.0194995290561749,99.9215747923203,-1.03827433628319
259.98,260,2212,2212,4424,4424,2025-05-28,2025-06-20,591.15,0,0,390817615,-474084868,0.00113198582412924,99.9929041069451,0
586.73,630,1,1,4984,4327,2025-05-28,2025-06-06,591.15,0,-657,35096307,-79512207,0.0123289324999351,99.9207352500079,-0.15183730067021
374.9,375,423,431,8037,4310,2025-05-28,2025-06-27,591.15,8,-3727,23180047,-11339267,0.0185935774849809,99.9401683698053,-0.864733178654292
314.98,315,2142,2148,19278,4296,2025-05-28,2025-06-20,591.15,6,-14982,390817615,-474084868,0.00109923397388319,99.994003340919,-3.48743016759777
314.59,315,104,104,4264,4264,2025-05-28,2025-08-15,591.15,0,0,279113706,-134591480,0.00152769280344836,100,0
464.65,465,119,121,8449,4235,2025-05-28,2025-06-27,591.15,2,-4214,23180047,-11339267,0.0182700233524117,99.9584383931577,-0.99504132231405
164.99,165,4205,4205,4205,4205,2025-05-28,2025-06-20,591.15,0,0,390817615,-474084868,0.00107594945534888,99.9950792903744,0
536.97,537,1300,1317,26000,3951,2025-05-28,2025-05-30,591.15,17,-22049,34753805,-144046137,0.0113685393584961,99.7198033423966,-5.58061250316376
585.7,625,0,1,0,3930,2025-05-28,2025-06-06,591.15,1,3930,35096307,-79512207,0.011197759353997,99.9319330093619,1
378.19,380,21,21,3801,3801,2025-05-28,2025-10-17,591.15,0,0,16978716,-2935538,0.0223868518679504,99.8740423009608,0
579.03,617,1,1,3797,3797,2025-05-28,2025-05-30,591.15,0,0,34753805,-144046137,0.0109254224105821,99.7307287648072,0
522.98,523,1883,1880,18830,3760,2025-05-28,2025-05-30,591.15,-3,-15070,34753805,-144046137,0.0108189592477716,99.741547724055,-4.00797872340426
384.99,385,3722,3722,3722,3722,2025-05-28,2025-05-30,591.15,0,0,34753805,-144046137,0.0107096187021824,99.7522573427572,0
513.99,514,3662,3660,29296,3660,2025-05-28,2025-05-30,591.15,-2,-25636,34753805,-144046137,0.0105312209699053,99.762788563727,-7.00437158469945
587.33,623,1,1,3230,3567,2025-05-28,2025-07-18,591.15,0,337,351733598,-249347853,0.00101411978277947,99.9948841964196,0.0944771516680685
184.99,185,3543,3543,3543,3543,2025-05-28,2025-06-20,591.15,0,0,390817615,-474084868,0.000906560979857574,99.9959858513542,0
449.98,450,1765,1766,21180,3532,2025-05-28,2025-06-06,591.15,1,-17648,35096307,-79512207,0.0100637369054243,99.9419967462673,-4.99660249150623
581.91,617,1,1,3509,3509,2025-05-28,2025-07-18,591.15,0,0,351733598,-249347853,0.000997630030213946,99.9958818264498,0
584.92,620,1,1,3508,3508,2025-05-28,2025-10-17,591.15,0,0,16978716,-2935538,0.0206611618923363,99.8947034628532,0
289.91,290,390,389,4290,3501,2025-05-28,2025-07-18,591.15,-1,-789,351733598,-249347853,0.000995355581584219,99.9968771820314,-0.225364181662382
526.97,527,1123,1136,14599,3408,2025-05-28,2025-05-30,591.15,13,-11191,34753805,-144046137,0.00980612050968232,99.7725946842368,-3.2837441314554
530.97,531,1065,1129,14910,3387,2025-05-28,2025-05-30,591.15,64,-11523,34753805,-144046137,0.0097456954713304,99.7823403797081,-3.40212577502214
394.99,395,3376,3376,3376,3376,2025-05-28,2025-05-30,591.15,0,0,34753805,-144046137,0.00971404426076512,99.7920544239688,0
244.99,245,3368,3367,6736,3367,2025-05-28,2025-06-20,591.15,-1,-3369,390817615,-474084868,0.000861527185769249,99.99684737854,-1.000594000594
589.2,606,2,2,3360,3360,2025-05-28,2025-06-20,591.15,0,0,390817615,-474084868,0.000859736068958918,99.997707114609,0
399.99,400,3313,3314,3313,3314,2025-05-28,2025-05-30,591.15,1,0.999999999999545,34753805,-144046137,0.00953564652848803,99.8015900704973,0.000301750150874938
590.47,621,1,1,3053,3053,2025-05-28,2025-07-18,591.15,0,0,351733598,-249347853,0.000867986458319515,99.9977451684897,0
369.99,370,3042,3042,3042,3042,2025-05-28,2025-05-30,591.15,0,0,34753805,-144046137,0.00875299841269179,99.81034306891,0
179.99,180,3011,3011,3011,3011,2025-05-28,2025-06-20,591.15,0,0,390817615,-474084868,0.000770436102272412,99.9984775507112,0
590.7,620,2,1,7740,2930,2025-05-28,2025-05-30,591.15,-1,-4810,34753805,-144046137,0.00843073154148157,99.8187738004515,-1.64163822525597
474.84,475,181,179,7964,2864,2025-05-28,2025-06-13,591.15,-2,-5100,37262480,-47851489,0.00768601553090401,99.960721884319,-1.78072625698324
454.95,455,572,572,6864,2860,2025-05-28,2025-06-06,591.15,0,-4004,35096307,-79512207,0.00814900553496982,99.9501457518023,-1.4
532.97,533,935,948,16830,2844,2025-05-28,2025-05-30,591.15,13,-13986,34753805,-144046137,0.00818327662251659,99.826957077074,-4.91772151898734
419.97,420,945,945,12285,2835,2025-05-28,2025-06-06,591.15,0,-9450,35096307,-79512207,0.0080777729691047,99.9582235247714,-3.33333333333333
590.69,619,1,1,2831,2831,2025-05-28,2025-07-18,591.15,0,0,351733598,-249347853,0.000804870508844594,99.9985500389985,0
414.99,415,2853,2830,5706,2830,2025-05-28,2025-05-30,591.15,-23,-2876,34753805,-144046137,0.00814299326361531,99.8351000703376,-1.01625441696113
531.98,532,1360,1379,20400,2758,2025-05-28,2025-05-30,591.15,19,-17642,34753805,-144046137,0.0079358217035516,99.8430358920412,-6.39666424945613
527.36,527.5,200,196,12200,2744,2025-05-28,2025-06-06,591.15,-4,-9456,35096307,-79512207,0.00781848642935566,99.9660420112008,-3.44606413994169
523.98,524,1386,1371,13860,2742,2025-05-28,2025-05-30,591.15,-15,-11118,34753805,-144046137,0.007889783579093,99.8509256756203,-4.054704595186
299.99,300,2741,2741,2741,2741,2025-05-28,2025-05-30,591.15,0,0,34753805,-144046137,0.00788690619631433,99.8588125818166,0
414.93,415,390,390,2730,2730,2025-05-28,2025-06-06,591.15,0,0,35096307,-79512207,0.00777859619247119,99.9738206073933,0
403.2,405,15,15,2700,2700,2025-05-28,2025-10-17,591.15,0,0,16978716,-2935538,0.015902262573919,99.9106057254271,0
586.03,613,1,1,2697,2697,2025-05-28,2025-05-30,591.15,0,0,34753805,-144046137,0.00776030135405318,99.8665728831706,0
429.93,430,377,377,6786,2639,2025-05-28,2025-06-13,591.15,0,-4147,37262480,-47851489,0.00708219098675129,99.9678040753058,-1.57142857142857
512.99,513,2557,2626,23013,2626,2025-05-28,2025-05-30,591.15,69,-20387,34753805,-144046137,0.00755600717676813,99.8741288903474,-7.76351865955826
574.88,601,1,1,2612,2612,2025-05-28,2025-06-27,591.15,0,0,23180047,-11339267,0.0112683119236126,99.9697067050813,0
518.97,519,869,862,8690,2586,2025-05-28,2025-05-30,591.15,-7,-6104,34753805,-144046137,0.00744091186562162,99.881569802213,-2.36040216550657
424.93,425,371,369,5936,2583,2025-05-28,2025-06-13,591.15,-2,-3353,37262480,-47851489,0.00693190576687327,99.9747359810727,-1.29810298102981
259.91,260,281,281,2529,2529,2025-05-28,2025-07-18,591.15,0,0,351733598,-249347853,0.000719010073072405,99.9992690490716,0
389.99,390,2499,2499,2499,2499,2025-05-28,2025-05-30,591.15,0,0,34753805,-144046137,0.00719057956387797,99.8887603817769,0
304.99,305,2455,2455,2455,2455,2025-05-28,2025-05-30,591.15,0,0,34753805,-144046137,0.00706397472161681,99.8958243564985,0
419.85,420,162,162,2430,2430,2025-05-28,2025-06-13,591.15,0,0,37262480,-47851489,0.00652130507684942,99.9812572861495,0
434.99,435,2414,2408,7242,2408,2025-05-28,2025-05-30,591.15,-6,-4834,34753805,-144046137,0.00692873773101967,99.9027530942296,-2.00747508305648
219.99,220,2398,2399,4796,2399,2025-05-28,2025-06-20,591.15,1,-2397,390817615,-474084868,0.000613841318283466,99.9990913920295,-0.999166319299708
441.02,445,6,6,2388,2388,2025-05-28,2025-10-17,591.15,0,0,16978716,-2935538,0.0140646677875995,99.9246703932147,0
379.89,380,191,215,5348,2365,2025-05-28,2025-06-27,591.15,24,-2983,23180047,-11339267,0.0102027403136844,99.979909445395,-1.26131078224101
358.74,360,15,18,2175,2268,2025-05-28,2025-10-17,591.15,3,93,16978716,-2935538,0.013357900562092,99.9380282937768,0.041005291005291
387.76,390,10,10,2240,2240,2025-05-28,2025-10-17,591.15,0,0,16978716,-2935538,0.0131929882094736,99.9512212819862,0
444.76,445,68,93,2924,2232,2025-05-28,2025-06-27,591.15,25,-692,23180047,-11339267,0.00962897098526159,99.9895384163803,-0.310035842293907
511.98,512,1027,1083,7189,2166,2025-05-28,2025-05-30,591.15,56,-5023,34753805,-144046137,0.00623241109858331,99.9089855053281,-2.31902123730379
439.97,440,706,705,6354,2115,2025-05-28,2025-06-06,591.15,-1,-4239,35096307,-79512207,0.00602627507218922,99.9798468824654,-2.00425531914894
533.97,534,665,698,11970,2094,2025-05-28,2025-05-30,591.15,33,-9876,34753805,-144046137,0.0060252395385196,99.9150107448666,-4.7163323782235
521.98,522,1042,1036,10420,2072,2025-05-28,2025-05-30,591.15,-6,-8348,34753805,-144046137,0.00596193711738902,99.920972681984,-4.02895752895753
414.95,415,394,399,6304,1995,2025-05-28,2025-06-13,591.15,5,-4309,37262480,-47851489,0.00535391095815415,99.9866111971077,-2.15989974937343
507.98,508,990,990,7920,1980,2025-05-28,2025-05-30,591.15,0,-5940,34753805,-144046137,0.00569721790175205,99.9266698998858,-3
324.98,325,976,976,1952,1952,2025-05-28,2025-05-30,591.15,0,0,34753805,-144046137,0.0056166511839495,99.9322865510698,0
424.65,425,55,55,1925,1925,2025-05-28,2025-06-27,591.15,0,0,23180047,-11339267,0.00830455606927803,99.9978429724495,0
517.98,518,906,954,9060,1908,2025-05-28,2025-05-30,591.15,48,-7152,34753805,-144046137,0.00549004634168834,99.9377765974114,-3.74842767295597
329.1,330,10,20,1010,1800,2025-05-28,2025-10-17,591.15,10,790,16978716,-2935538,0.0106015083826127,99.9618227903689,0.438888888888889
510.98,511,894,895,8940,1790,2025-05-28,2025-05-30,591.15,1,-7150,34753805,-144046137,0.00515051517380615,99.9429271125852,-3.99441340782123
368.51,370,12,12,1788,1788,2025-05-28,2025-10-17,591.15,0,0,16978716,-2935538,0.0105308316600619,99.9723536220289,0
374.99,375,1707,1707,1707,1707,2025-05-28,2025-05-30,591.15,0,0,34753805,-144046137,0.00491169240317715,99.9478388049884,0
439.93,440,249,240,5478,1680,2025-05-28,2025-06-13,591.15,-9,-3798,37262480,-47851489,0.00450855659634034,99.991119753704,-2.26071428571429
339.99,340,1665,1665,1665,1665,2025-05-28,2025-05-30,591.15,0,0,34753805,-144046137,0.00479084232647332,99.9526296473149,0
264.98,265,820,820,1640,1640,2025-05-28,2025-06-20,591.15,0,0,390817615,-474084868,0.000419633081277567,99.9995110251108,0
314.99,315,1577,1577,1577,1577,2025-05-28,2025-05-30,591.15,0,0,34753805,-144046137,0.004537632641951,99.9571672799568,0
349.99,350,1506,1506,1506,1506,2025-05-28,2025-05-30,591.15,0,0,34753805,-144046137,0.00433333846466596,99.9615006184215,0
254.95,255,307,300,1535,1500,2025-05-28,2025-07-18,591.15,-7,-35.0000000000002,351733598,-249347853,0.000426459118073787,99.9996955081897,-0.0233333333333335
334.99,335,1492,1492,1492,1492,2025-05-28,2025-05-30,591.15,0,0,34753805,-144046137,0.00429305510576468,99.9657936735273,0
344.99,345,1492,1492,1492,1492,2025-05-28,2025-05-30,591.15,0,0,34753805,-144046137,0.00429305510576468,99.970086728633,0
464.88,465,89,116,3293,1392,2025-05-28,2025-06-13,591.15,27,-1901,37262480,-47851489,0.00373566117982485,99.9948554148838,-1.36566091954023
309.99,310,1302,1302,1302,1302,2025-05-28,2025-05-30,591.15,0,0,34753805,-144046137,0.00374635237781877,99.9738330810109,0
506.98,507,631,648,8834,1296,2025-05-28,2025-05-30,591.15,17,-7538,34753805,-144046137,0.0037290880811468,99.977562169092,-5.81635802469136
409.98,410,614,614,4298,1228,2025-05-28,2025-06-06,591.15,0,-3070,35096307,-79512207,0.00349894363529473,99.9833458261007,-2.5
354.99,355,1211,1211,1211,1211,2025-05-28,2025-05-30,591.15,0,0,34753805,-144046137,0.00348451054496047,99.9810466796369,0
404.98,405,515,605,4120,1210,2025-05-28,2025-06-06,591.15,90,-2910,35096307,-79512207,0.00344765618787185,99.9867934822886,-2.40495867768595
508.98,509,621,596,4968,1192,2025-05-28,2025-05-30,591.15,-25,-3776,34753805,-144046137,0.00342984027216588,99.9844765199091,-3.16778523489933
359.99,360,1169,1169,1169,1169,2025-05-28,2025-05-30,591.15,0,0,34753805,-144046137,0.00336366046825664,99.9878401803774,0
515.99,516,1163,1162,10467,1162,2025-05-28,2025-05-30,591.15,-1,-9305,34753805,-144046137,0.003343518788806,99.9911836991662,-8.00774526678141
254.99,255,1143,1142,3429,1142,2025-05-28,2025-06-20,591.15,-1,-2287,390817615,-474084868,0.000292207913914013,99.9998032330247,-2.00262697022767
319.99,320,1135,1135,1135,1135,2025-05-28,2025-05-30,591.15,0,0,34753805,-144046137,0.00326582945378211,99.99444952862,0
338.88,340,0,10,0,1120,2025-05-28,2025-10-17,591.15,10,1120,16978716,-2935538,0.00659649410473678,99.9789501161336,1
412.82,415,4,5,824,1090,2025-05-28,2025-10-17,591.15,1,266,16978716,-2935538,0.0064198022983599,99.985369918432,0.244036697247706
329.99,330,1089,1089,1089,1089,2025-05-28,2025-05-30,591.15,0,0,34753805,-144046137,0.00313346984596363,99.9975829984659,0
264.93,265,153,153,1836,1071,2025-05-28,2025-07-18,591.15,0,-765,351733598,-249347853,0.000304491810304684,100,-0.714285714285714
444.97,445,348,350,3480,1050,2025-05-28,2025-06-06,591.15,2,-2430,35096307,-79512207,0.00299176776633507,99.9897852500549,-2.31428571428571
364.99,365,840,840,840,840,2025-05-28,2025-05-30,591.15,0,0,34753805,-144046137,0.00241700153407663,100,0
229.99,230,734,769,734,769,2025-05-28,2025-06-20,591.15,35,35,390817615,-474084868,0.000196766975306371,100,0.0455136540962289
374.99,375,763,767,3052,767,2025-05-28,2025-06-06,591.15,4,-2285,35096307,-79512207,0.00218541512074191,99.9919706651757,-2.97913950456323
399.99,400,808,760,7272,760,2025-05-28,2025-06-06,591.15,-48,-6512,35096307,-79512207,0.00216547000229967,99.994136135178,-8.56842105263158
429.97,430,201,241,1608,723,2025-05-28,2025-06-06,591.15,40,-885,35096307,-79512207,0.00206004580481929,99.9961961809828,-1.22406639004149
389.95,390,137,141,1370,705,2025-05-28,2025-06-13,591.15,4,-665,37262480,-47851489,0.00189198357167854,99.9967473984555,-0.943262411347517
416.97,420,2,2,606,606,2025-05-28,2025-10-17,591.15,0,0,16978716,-2935538,0.00356917448881294,99.9889390929208,0
384.94,385,100,100,600,600,2025-05-28,2025-06-13,591.15,0,0,37262480,-47851489,0.00161019878440726,99.9983575972399,0
434.98,435,292,288,2628,576,2025-05-28,2025-06-06,591.15,-4,-2052,35096307,-79512207,0.00164119831753238,99.9978373793003,-3.5625
432.17,435,2,2,566,566,2025-05-28,2025-10-17,591.15,0,0,16978716,-2935538,0.00333358541364376,99.9922726783345,0
414.8,415,23,25,782,500,2025-05-28,2025-06-27,591.15,2,-282,23180047,-11339267,0.00215702755046183,100,-0.564
363.34,365,3,3,498,498,2025-05-28,2025-10-17,591.15,0,0,16978716,-2935538,0.00293308398585617,99.9952057623203,0
379.96,380,115,116,575,464,2025-05-28,2025-06-13,591.15,1,-111,37262480,-47851489,0.00124522039327495,99.9996028176332,-0.239224137931035
379.99,380,341,341,1364,341,2025-05-28,2025-06-06,591.15,0,-1023,35096307,-79512207,0.000971612198400248,99.9988089914987,-3
393.32,395,0,2,0,336,2025-05-28,2025-10-17,591.15,2,336,16978716,-2935538,0.00197894823142103,99.9971847105517,1
373.6,375,0,2,0,280,2025-05-28,2025-10-17,591.15,2,280,16978716,-2935538,0.00164912352618419,99.9988338340779,1
334.01,335,1,2,110,198,2025-05-28,2025-10-17,591.15,1,88,16978716,-2935538,0.00116616592208739,100,0.444444444444444
394.99,395,189,181,945,181,2025-05-28,2025-06-06,591.15,-8,-764,35096307,-79512207,0.000515723776863475,99.9993247152756,-4.22099447513812
394.96,395,16,37,160,148,2025-05-28,2025-06-13,591.15,21,-12,37262480,-47851489,0.000397182366820459,100,-0.0810810810810811
389.99,390,120,121,1320,121,2025-05-28,2025-06-06,591.15,1,-1199,35096307,-79512207,0.000344765618787185,99.9996694808944,-9.90909090909091
384.99,385,118,116,472,116,2025-05-28,2025-06-06,591.15,-2,-356,35096307,-79512207,0.00033051910561416,100,-3.06896551724138
586,611,0,0,0,0,2025-05-28,2025-05-30,591.15,0,0,34753805,-144046137,0,100,
589.76,612,0,0,0,0,2025-05-28,2025-05-30,591.15,0,0,34753805,-144046137,0,100,
584.02,615,0,0,0,0,2025-05-28,2025-05-30,591.15,0,0,34753805,-144046137,0,100,
499,616,0,0,0,0,2025-05-28,2025-05-30,591.15,0,0,34753805,-144046137,0,100,
590.25,618,0,0,0,0,2025-05-28,2025-05-30,591.15,0,0,34753805,-144046137,0,100,
588.76,619,0,0,0,0,2025-05-28,2025-05-30,591.15,0,0,34753805,-144046137,0,100,
542.15,621,0,0,0,0,2025-05-28,2025-05-30,591.15,0,0,34753805,-144046137,0,100,
587.35,622,0,0,0,0,2025-05-28,2025-05-30,591.15,0,0,34753805,-144046137,0,100,
508.88,623,0,0,0,0,2025-05-28,2025-05-30,591.15,0,0,34753805,-144046137,0,100,
592.99,624,0,0,0,0,2025-05-28,2025-05-30,591.15,0,0,34753805,-144046137,0,100,
580,625,0,0,0,0,2025-05-28,2025-05-30,591.15,0,0,34753805,-144046137,0,100,
590.49,626,0,0,0,0,2025-05-28,2025-05-30,591.15,0,0,34753805,-144046137,0,100,
590.38,627,0,0,0,0,2025-05-28,2025-05-30,591.15,0,0,34753805,-144046137,0,100,
628,628,0,0,0,0,2025-05-28,2025-05-30,591.15,0,0,34753805,-144046137,0,100,
587.16,629,0,0,0,0,2025-05-28,2025-05-30,591.15,0,0,34753805,-144046137,0,100,
570.69,630,0,0,0,0,2025-05-28,2025-05-30,591.15,0,0,34753805,-144046137,0,100,
560.43,631,0,0,0,0,2025-05-28,2025-05-30,591.15,0,0,34753805,-144046137,0,100,
498.84,632,0,0,0,0,2025-05-28,2025-05-30,591.15,0,0,34753805,-144046137,0,100,
633,633,0,0,0,0,2025-05-28,2025-05-30,591.15,0,0,34753805,-144046137,0,100,
589.47,634,0,0,0,0,2025-05-28,2025-05-30,591.15,0,0,34753805,-144046137,0,100,
560.95,635,0,0,0,0,2025-05-28,2025-05-30,591.15,0,0,34753805,-144046137,0,100,
523.41,640,0,0,0,0,2025-05-28,2025-05-30,591.15,0,0,34753805,-144046137,0,100,
501.16,645,0,0,0,0,2025-05-28,2025-05-30,591.15,0,0,34753805,-144046137,0,100,
581.79,650,0,0,0,0,2025-05-28,2025-05-30,591.15,0,0,34753805,-144046137,0,100,
501.17,655,0,0,0,0,2025-05-28,2025-05-30,591.15,0,0,34753805,-144046137,0,100,
500.66,660,0,0,0,0,2025-05-28,2025-05-30,591.15,0,0,34753805,-144046137,0,100,
665,665,0,0,0,0,2025-05-28,2025-05-30,591.15,0,0,34753805,-144046137,0,100,
585,670,0,0,0,0,2025-05-28,2025-05-30,591.15,0,0,34753805,-144046137,0,100,
580.1,675,0,0,0,0,2025-05-28,2025-05-30,591.15,0,0,34753805,-144046137,0,100,
578.14,680,0,0,0,0,2025-05-28,2025-05-30,591.15,0,0,34753805,-144046137,0,100,
685,685,0,0,0,0,2025-05-28,2025-05-30,591.15,0,0,34753805,-144046137,0,100,
590.22,690,0,0,0,0,2025-05-28,2025-05-30,591.15,0,0,34753805,-144046137,0,100,
592.29,695,0,0,0,0,2025-05-28,2025-05-30,591.15,0,0,34753805,-144046137,0,100,
581.31,700,0,0,0,0,2025-05-28,2025-05-30,591.15,0,0,34753805,-144046137,0,100,
581.3,705,0,0,0,0,2025-05-28,2025-05-30,591.15,0,0,34753805,-144046137,0,100,
590.27,710,0,0,0,0,2025-05-28,2025-05-30,591.15,0,0,34753805,-144046137,0,100,
579.01,715,0,0,0,0,2025-05-28,2025-05-30,591.15,0,0,34753805,-144046137,0,100,
590.72,635,0,0,0,0,2025-05-28,2025-06-06,591.15,0,0,35096307,-79512207,0,100,
592,640,0,0,0,0,2025-05-28,2025-06-06,591.15,0,0,35096307,-79512207,0,100,
591.68,645,0,0,0,0,2025-05-28,2025-06-06,591.15,0,0,35096307,-79512207,0,100,
589.61,650,0,0,0,0,2025-05-28,2025-06-06,591.15,0,0,35096307,-79512207,0,100,
655,655,0,0,0,0,2025-05-28,2025-06-06,591.15,0,0,35096307,-79512207,0,100,
660,660,0,0,0,0,2025-05-28,2025-06-06,591.15,0,0,35096307,-79512207,0,100,
665,665,0,0,0,0,2025-05-28,2025-06-06,591.15,0,0,35096307,-79512207,0,100,
670,670,0,0,0,0,2025-05-28,2025-06-06,591.15,0,0,35096307,-79512207,0,100,
594.07,675,0,0,0,0,2025-05-28,2025-06-06,591.15,0,0,35096307,-79512207,0,100,
680,680,0,0,0,0,2025-05-28,2025-06-06,591.15,0,0,35096307,-79512207,0,100,
685,685,0,0,0,0,2025-05-28,2025-06-06,591.15,0,0,35096307,-79512207,0,100,
690,690,0,0,0,0,2025-05-28,2025-06-06,591.15,0,0,35096307,-79512207,0,100,
602,602,0,0,0,0,2025-05-28,2025-06-13,591.15,0,0,37262480,-47851489,0,100,
603,603,0,0,0,0,2025-05-28,2025-06-13,591.15,0,0,37262480,-47851489,0,100,
604,604,0,0,0,0,2025-05-28,2025-06-13,591.15,0,0,37262480,-47851489,0,100,
625,625,0,0,0,0,2025-05-28,2025-06-13,591.15,0,0,37262480,-47851489,0,100,
593.07,630,0,0,0,0,2025-05-28,2025-06-13,591.15,0,0,37262480,-47851489,0,100,
588.51,635,0,0,0,0,2025-05-28,2025-06-13,591.15,0,0,37262480,-47851489,0,100,
579.63,640,0,0,0,0,2025-05-28,2025-06-13,591.15,0,0,37262480,-47851489,0,100,
579.63,645,0,0,0,0,2025-05-28,2025-06-13,591.15,0,0,37262480,-47851489,0,100,
591.1,650,0,0,0,0,2025-05-28,2025-06-13,591.15,0,0,37262480,-47851489,0,100,
589.43,655,0,0,0,0,2025-05-28,2025-06-13,591.15,0,0,37262480,-47851489,0,100,
660,660,0,0,0,0,2025-05-28,2025-06-13,591.15,0,0,37262480,-47851489,0,100,
589.4,665,0,0,0,0,2025-05-28,2025-06-13,591.15,0,0,37262480,-47851489,0,100,
670,670,0,0,0,0,2025-05-28,2025-06-13,591.15,0,0,37262480,-47851489,0,100,
675,675,0,0,0,0,2025-05-28,2025-06-13,591.15,0,0,37262480,-47851489,0,100,
680,680,0,0,0,0,2025-05-28,2025-06-13,591.15,0,0,37262480,-47851489,0,100,
575.72,630,0,0,0,0,2025-05-28,2025-06-20,591.15,0,0,390817615,-474084868,0,100,
585.83,635,0,0,0,0,2025-05-28,2025-06-20,591.15,0,0,390817615,-474084868,0,100,
590.7,640,0,0,0,0,2025-05-28,2025-06-20,591.15,0,0,390817615,-474084868,0,100,
588.63,645,0,0,0,0,2025-05-28,2025-06-20,591.15,0,0,390817615,-474084868,0,100,
564.72,655,0,0,0,0,2025-05-28,2025-06-20,591.15,0,0,390817615,-474084868,0,100,
598.01,670,0,0,0,0,2025-05-28,2025-06-20,591.15,0,0,390817615,-474084868,0,100,
561.04,675,0,0,0,0,2025-05-28,2025-06-20,591.15,0,0,390817615,-474084868,0,100,
541.27,680,0,0,0,0,2025-05-28,2025-06-20,591.15,0,0,390817615,-474084868,0,100,
538.61,685,0,0,0,0,2025-05-28,2025-06-20,591.15,0,0,390817615,-474084868,0,100,
577,690,0,0,0,0,2025-05-28,2025-06-20,591.15,0,0,390817615,-474084868,0,100,
561.38,695,0,0,0,0,2025-05-28,2025-06-20,591.15,0,0,390817615,-474084868,0,100,
510,700,0,0,0,0,2025-05-28,2025-06-20,591.15,0,0,390817615,-474084868,0,100,
564.85,705,0,0,0,0,2025-05-28,2025-06-20,591.15,0,0,390817615,-474084868,0,100,
561.29,710,0,0,0,0,2025-05-28,2025-06-20,591.15,0,0,390817615,-474084868,0,100,
561,715,0,0,0,0,2025-05-28,2025-06-20,591.15,0,0,390817615,-474084868,0,100,
561.29,720,0,0,0,0,2025-05-28,2025-06-20,591.15,0,0,390817615,-474084868,0,100,
725,725,0,0,0,0,2025-05-28,2025-06-20,591.15,0,0,390817615,-474084868,0,100,
730,730,0,0,0,0,2025-05-28,2025-06-20,591.15,0,0,390817615,-474084868,0,100,
735,735,0,0,0,0,2025-05-28,2025-06-20,591.15,0,0,390817615,-474084868,0,100,
505.32,740,0,0,0,0,2025-05-28,2025-06-20,591.15,0,0,390817615,-474084868,0,100,
745,745,0,0,0,0,2025-05-28,2025-06-20,591.15,0,0,390817615,-474084868,0,100,
604.99,750,0,0,0,0,2025-05-28,2025-06-20,591.15,0,0,390817615,-474084868,0,100,
604.97,755,0,0,0,0,2025-05-28,2025-06-20,591.15,0,0,390817615,-474084868,0,100,
593.87,760,0,0,0,0,2025-05-28,2025-06-20,591.15,0,0,390817615,-474084868,0,100,
497.76,765,0,0,0,0,2025-05-28,2025-06-20,591.15,0,0,390817615,-474084868,0,100,
770,770,0,0,0,0,2025-05-28,2025-06-20,591.15,0,0,390817615,-474084868,0,100,
590.29,775,0,0,0,0,2025-05-28,2025-06-20,591.15,0,0,390817615,-474084868,0,100,
537.22,780,0,0,0,0,2025-05-28,2025-06-20,591.15,0,0,390817615,-474084868,0,100,
785,785,0,0,0,0,2025-05-28,2025-06-20,591.15,0,0,390817615,-474084868,0,100,
790,790,0,0,0,0,2025-05-28,2025-06-20,591.15,0,0,390817615,-474084868,0,100,
795,795,0,0,0,0,2025-05-28,2025-06-20,591.15,0,0,390817615,-474084868,0,100,
561.12,800,0,0,0,0,2025-05-28,2025-06-20,591.15,0,0,390817615,-474084868,0,100,
805,805,0,0,0,0,2025-05-28,2025-06-20,591.15,0,0,390817615,-474084868,0,100,
810,810,0,0,0,0,2025-05-28,2025-06-20,591.15,0,0,390817615,-474084868,0,100,
815,815,0,0,0,0,2025-05-28,2025-06-20,591.15,0,0,390817615,-474084868,0,100,
537.22,820,0,0,0,0,2025-05-28,2025-06-20,591.15,0,0,390817615,-474084868,0,100,
500.76,825,0,0,0,0,2025-05-28,2025-06-20,591.15,0,0,390817615,-474084868,0,100,
535.22,830,0,0,0,0,2025-05-28,2025-06-20,591.15,0,0,390817615,-474084868,0,100,
591.47,625,0,0,0,0,2025-05-28,2025-06-27,591.15,0,0,23180047,-11339267,0,100,
587.39,635,0,0,0,0,2025-05-28,2025-06-27,591.15,0,0,23180047,-11339267,0,100,
640,640,0,0,0,0,2025-05-28,2025-06-27,591.15,0,0,23180047,-11339267,0,100,
645,645,0,0,0,0,2025-05-28,2025-06-27,591.15,0,0,23180047,-11339267,0,100,
563.75,650,0,0,0,0,2025-05-28,2025-06-27,591.15,0,0,23180047,-11339267,0,100,
655,655,0,0,0,0,2025-05-28,2025-06-27,591.15,0,0,23180047,-11339267,0,100,
660,660,0,0,0,0,2025-05-28,2025-06-27,591.15,0,0,23180047,-11339267,0,100,
665,665,0,0,0,0,2025-05-28,2025-06-27,591.15,0,0,23180047,-11339267,0,100,
670,670,0,0,0,0,2025-05-28,2025-06-27,591.15,0,0,23180047,-11339267,0,100,
675,675,0,0,0,0,2025-05-28,2025-06-27,591.15,0,0,23180047,-11339267,0,100,
680,680,0,0,0,0,2025-05-28,2025-06-27,591.15,0,0,23180047,-11339267,0,100,
585.69,604,0,0,0,0,2025-05-28,2025-07-18,591.15,0,0,351733598,-249347853,0,100,
612,612,0,0,0,0,2025-05-28,2025-07-18,591.15,0,0,351733598,-249347853,0,100,
618,618,0,0,0,0,2025-05-28,2025-07-18,591.15,0,0,351733598,-249347853,0,100,
624,624,0,0,0,0,2025-05-28,2025-07-18,591.15,0,0,351733598,-249347853,0,100,
555.53,645,0,0,0,0,2025-05-28,2025-07-18,591.15,0,0,351733598,-249347853,0,100,
526.44,655,0,0,0,0,2025-05-28,2025-07-18,591.15,0,0,351733598,-249347853,0,100,
592.74,660,0,0,0,0,2025-05-28,2025-07-18,591.15,0,0,351733598,-249347853,0,100,
609.47,665,0,0,0,0,2025-05-28,2025-07-18,591.15,0,0,351733598,-249347853,0,100,
609.28,670,0,0,0,0,2025-05-28,2025-07-18,591.15,0,0,351733598,-249347853,0,100,
675,675,0,0,0,0,2025-05-28,2025-07-18,591.15,0,0,351733598,-249347853,0,100,
559.85,680,0,0,0,0,2025-05-28,2025-07-18,591.15,0,0,351733598,-249347853,0,100,
685,685,0,0,0,0,2025-05-28,2025-07-18,591.15,0,0,351733598,-249347853,0,100,
690,690,0,0,0,0,2025-05-28,2025-07-18,591.15,0,0,351733598,-249347853,0,100,
695,695,0,0,0,0,2025-05-28,2025-07-18,591.15,0,0,351733598,-249347853,0,100,
578,700,0,0,0,0,2025-05-28,2025-07-18,591.15,0,0,351733598,-249347853,0,100,
705,705,0,0,0,0,2025-05-28,2025-07-18,591.15,0,0,351733598,-249347853,0,100,
710,710,0,0,0,0,2025-05-28,2025-07-18,591.15,0,0,351733598,-249347853,0,100,
715,715,0,0,0,0,2025-05-28,2025-07-18,591.15,0,0,351733598,-249347853,0,100,
720,720,0,0,0,0,2025-05-28,2025-07-18,591.15,0,0,351733598,-249347853,0,100,
725,725,0,0,0,0,2025-05-28,2025-07-18,591.15,0,0,351733598,-249347853,0,100,
730,730,0,0,0,0,2025-05-28,2025-07-18,591.15,0,0,351733598,-249347853,0,100,
735,735,0,0,0,0,2025-05-28,2025-07-18,591.15,0,0,351733598,-249347853,0,100,
740,740,0,0,0,0,2025-05-28,2025-07-18,591.15,0,0,351733598,-249347853,0,100,
745,745,0,0,0,0,2025-05-28,2025-07-18,591.15,0,0,351733598,-249347853,0,100,
750,750,0,0,0,0,2025-05-28,2025-07-18,591.15,0,0,351733598,-249347853,0,100,
755,755,0,0,0,0,2025-05-28,2025-07-18,591.15,0,0,351733598,-249347853,0,100,
568.76,760,0,0,0,0,2025-05-28,2025-07-18,591.15,0,0,351733598,-249347853,0,100,
765,765,0,0,0,0,2025-05-28,2025-07-18,591.15,0,0,351733598,-249347853,0,100,
770,770,0,0,0,0,2025-05-28,2025-07-18,591.15,0,0,351733598,-249347853,0,100,
775,775,0,0,0,0,2025-05-28,2025-07-18,591.15,0,0,351733598,-249347853,0,100,
780,780,0,0,0,0,2025-05-28,2025-07-18,591.15,0,0,351733598,-249347853,0,100,
785,785,0,0,0,0,2025-05-28,2025-07-18,591.15,0,0,351733598,-249347853,0,100,
790,790,0,0,0,0,2025-05-28,2025-07-18,591.15,0,0,351733598,-249347853,0,100,
795,795,0,0,0,0,2025-05-28,2025-07-18,591.15,0,0,351733598,-249347853,0,100,
606.54,800,0,0,0,0,2025-05-28,2025-07-18,591.15,0,0,351733598,-249347853,0,100,
543,655,0,0,0,0,2025-05-28,2025-08-15,591.15,0,0,279113706,-134591480,0,100,
601.64,665,0,0,0,0,2025-05-28,2025-08-15,591.15,0,0,279113706,-134591480,0,100,
526.74,670,0,0,0,0,2025-05-28,2025-08-15,591.15,0,0,279113706,-134591480,0,100,
564.97,680,0,0,0,0,2025-05-28,2025-08-15,591.15,0,0,279113706,-134591480,0,100,
685,685,0,0,0,0,2025-05-28,2025-08-15,591.15,0,0,279113706,-134591480,0,100,
690,690,0,0,0,0,2025-05-28,2025-08-15,591.15,0,0,279113706,-134591480,0,100,
695,695,0,0,0,0,2025-05-28,2025-08-15,591.15,0,0,279113706,-134591480,0,100,
584,700,0,0,0,0,2025-05-28,2025-08-15,591.15,0,0,279113706,-134591480,0,100,
589.14,705,0,0,0,0,2025-05-28,2025-08-15,591.15,0,0,279113706,-134591480,0,100,
710,710,0,0,0,0,2025-05-28,2025-08-15,591.15,0,0,279113706,-134591480,0,100,
715,715,0,0,0,0,2025-05-28,2025-08-15,591.15,0,0,279113706,-134591480,0,100,
720,720,0,0,0,0,2025-05-28,2025-08-15,591.15,0,0,279113706,-134591480,0,100,
725,725,0,0,0,0,2025-05-28,2025-08-15,591.15,0,0,279113706,-134591480,0,100,
730,730,0,0,0,0,2025-05-28,2025-08-15,591.15,0,0,279113706,-134591480,0,100,
586.99,735,0,0,0,0,2025-05-28,2025-08-15,591.15,0,0,279113706,-134591480,0,100,
740,740,0,0,0,0,2025-05-28,2025-08-15,591.15,0,0,279113706,-134591480,0,100,
745,745,0,0,0,0,2025-05-28,2025-08-15,591.15,0,0,279113706,-134591480,0,100,
750,750,0,0,0,0,2025-05-28,2025-08-15,591.15,0,0,279113706,-134591480,0,100,
755,755,0,0,0,0,2025-05-28,2025-08-15,591.15,0,0,279113706,-134591480,0,100,
760,760,0,0,0,0,2025-05-28,2025-08-15,591.15,0,0,279113706,-134591480,0,100,
765,765,0,0,0,0,2025-05-28,2025-08-15,591.15,0,0,279113706,-134591480,0,100,
770,770,0,0,0,0,2025-05-28,2025-08-15,591.15,0,0,279113706,-134591480,0,100,
775,775,0,0,0,0,2025-05-28,2025-08-15,591.15,0,0,279113706,-134591480,0,100,
780,780,0,0,0,0,2025-05-28,2025-08-15,591.15,0,0,279113706,-134591480,0,100,
785,785,0,0,0,0,2025-05-28,2025-08-15,591.15,0,0,279113706,-134591480,0,100,
602.96,790,0,0,0,0,2025-05-28,2025-08-15,591.15,0,0,279113706,-134591480,0,100,
604.5,795,0,0,0,0,2025-05-28,2025-08-15,591.15,0,0,279113706,-134591480,0,100,
553.08,800,0,0,0,0,2025-05-28,2025-08-15,591.15,0,0,279113706,-134591480,0,100,
805,805,0,0,0,0,2025-05-28,2025-08-15,591.15,0,0,279113706,-134591480,0,100,
810,810,0,0,0,0,2025-05-28,2025-08-15,591.15,0,0,279113706,-134591480,0,100,
815,815,0,0,0,0,2025-05-28,2025-08-15,591.15,0,0,279113706,-134591480,0,100,
820,820,0,0,0,0,2025-05-28,2025-08-15,591.15,0,0,279113706,-134591480,0,100,
825,825,0,0,0,0,2025-05-28,2025-08-15,591.15,0,0,279113706,-134591480,0,100,
830,830,0,0,0,0,2025-05-28,2025-08-15,591.15,0,0,279113706,-134591480,0,100,
526.15,665,0,0,0,0,2025-05-28,2025-09-19,591.15,0,0,645375166,-268865429,0,100,
569.07,670,0,0,0,0,2025-05-28,2025-09-19,591.15,0,0,645375166,-268865429,0,100,
551.7,675,0,0,0,0,2025-05-28,2025-09-19,591.15,0,0,645375166,-268865429,0,100,
680,680,0,0,0,0,2025-05-28,2025-09-19,591.15,0,0,645375166,-268865429,0,100,
567.33,695,0,0,0,0,2025-05-28,2025-09-19,591.15,0,0,645375166,-268865429,0,100,
705,705,0,0,0,0,2025-05-28,2025-09-19,591.15,0,0,645375166,-268865429,0,100,
710,710,0,0,0,0,2025-05-28,2025-09-19,591.15,0,0,645375166,-268865429,0,100,
715,715,0,0,0,0,2025-05-28,2025-09-19,591.15,0,0,645375166,-268865429,0,100,
720,720,0,0,0,0,2025-05-28,2025-09-19,591.15,0,0,645375166,-268865429,0,100,
553.12,725,0,0,0,0,2025-05-28,2025-09-19,591.15,0,0,645375166,-268865429,0,100,
593.85,730,0,0,0,0,2025-05-28,2025-09-19,591.15,0,0,645375166,-268865429,0,100,
611,735,0,0,0,0,2025-05-28,2025-09-19,591.15,0,0,645375166,-268865429,0,100,
740,740,0,0,0,0,2025-05-28,2025-09-19,591.15,0,0,645375166,-268865429,0,100,
745,745,0,0,0,0,2025-05-28,2025-09-19,591.15,0,0,645375166,-268865429,0,100,
750,750,0,0,0,0,2025-05-28,2025-09-19,591.15,0,0,645375166,-268865429,0,100,
755,755,0,0,0,0,2025-05-28,2025-09-19,591.15,0,0,645375166,-268865429,0,100,
760,760,0,0,0,0,2025-05-28,2025-09-19,591.15,0,0,645375166,-268865429,0,100,
765,765,0,0,0,0,2025-05-28,2025-09-19,591.15,0,0,645375166,-268865429,0,100,
770,770,0,0,0,0,2025-05-28,2025-09-19,591.15,0,0,645375166,-268865429,0,100,
775,775,0,0,0,0,2025-05-28,2025-09-19,591.15,0,0,645375166,-268865429,0,100,
780,780,0,0,0,0,2025-05-28,2025-09-19,591.15,0,0,645375166,-268865429,0,100,
785,785,0,0,0,0,2025-05-28,2025-09-19,591.15,0,0,645375166,-268865429,0,100,
790,790,0,0,0,0,2025-05-28,2025-09-19,591.15,0,0,645375166,-268865429,0,100,
795,795,0,0,0,0,2025-05-28,2025-09-19,591.15,0,0,645375166,-268865429,0,100,
597.26,800,0,0,0,0,2025-05-28,2025-09-19,591.15,0,0,645375166,-268865429,0,100,
805,805,0,0,0,0,2025-05-28,2025-09-19,591.15,0,0,645375166,-268865429,0,100,
810,810,0,0,0,0,2025-05-28,2025-09-19,591.15,0,0,645375166,-268865429,0,100,
815,815,0,0,0,0,2025-05-28,2025-09-19,591.15,0,0,645375166,-268865429,0,100,
820,820,0,0,0,0,2025-05-28,2025-09-19,591.15,0,0,645375166,-268865429,0,100,
825,825,0,0,0,0,2025-05-28,2025-09-19,591.15,0,0,645375166,-268865429,0,100,
570.97,830,0,0,0,0,2025-05-28,2025-09-19,591.15,0,0,645375166,-268865429,0,100,
355,355,0,0,0,0,2025-05-28,2025-10-17,591.15,0,0,16978716,-2935538,0,100,
385,385,0,0,0,0,2025-05-28,2025-10-17,591.15,0,0,16978716,-2935538,0,100,
635,635,0,0,0,0,2025-05-28,2025-10-17,591.15,0,0,16978716,-2935538,0,100,
640,640,0,0,0,0,2025-05-28,2025-10-17,591.15,0,0,16978716,-2935538,0,100,
645,645,0,0,0,0,2025-05-28,2025-10-17,591.15,0,0,16978716,-2935538,0,100,
655,655,0,0,0,0,2025-05-28,2025-10-17,591.15,0,0,16978716,-2935538,0,100,
660,660,0,0,0,0,2025-05-28,2025-10-17,591.15,0,0,16978716,-2935538,0,100,
665,665,0,0,0,0,2025-05-28,2025-10-17,591.15,0,0,16978716,-2935538,0,100,
670,670,0,0,0,0,2025-05-28,2025-10-17,591.15,0,0,16978716,-2935538,0,100,
675,675,0,0,0,0,2025-05-28,2025-10-17,591.15,0,0,16978716,-2935538,0,100,
680,680,0,0,0,0,2025-05-28,2025-10-17,591.15,0,0,16978716,-2935538,0,100,
685,685,0,0,0,0,2025-05-28,2025-10-17,591.15,0,0,16978716,-2935538,0,100,
690,690,0,0,0,0,2025-05-28,2025-10-17,591.15,0,0,16978716,-2935538,0,100,
695,695,0,0,0,0,2025-05-28,2025-10-17,591.15,0,0,16978716,-2935538,0,100,
700,700,0,0,0,0,2025-05-28,2025-10-17,591.15,0,0,16978716,-2935538,0,100,
595.72,660,0,0,0,0,2025-05-28,2025-12-19,591.15,0,0,440307900,-106088524,0,100,
564,670,0,0,0,0,2025-05-28,2025-12-19,591.15,0,0,440307900,-106088524,0,100,
605,675,0,0,0,0,2025-05-28,2025-12-19,591.15,0,0,440307900,-106088524,0,100,
603.25,680,0,0,0,0,2025-05-28,2025-12-19,591.15,0,0,440307900,-106088524,0,100,
587.15,685,0,0,0,0,2025-05-28,2025-12-19,591.15,0,0,440307900,-106088524,0,100,
609.11,690,0,0,0,0,2025-05-28,2025-12-19,591.15,0,0,440307900,-106088524,0,100,
591.04,695,0,0,0,0,2025-05-28,2025-12-19,591.15,0,0,440307900,-106088524,0,100,
562.19,700,0,0,0,0,2025-05-28,2025-12-19,591.15,0,0,440307900,-106088524,0,100,
537.36,705,0,0,0,0,2025-05-28,2025-12-19,591.15,0,0,440307900,-106088524,0,100,
601.65,710,0,0,0,0,2025-05-28,2025-12-19,591.15,0,0,440307900,-106088524,0,100,
715,715,0,0,0,0,2025-05-28,2025-12-19,591.15,0,0,440307900,-106088524,0,100,
720,720,0,0,0,0,2025-05-28,2025-12-19,591.15,0,0,440307900,-106088524,0,100,
594.35,725,0,0,0,0,2025-05-28,2025-12-19,591.15,0,0,440307900,-106088524,0,100,
730,730,0,0,0,0,2025-05-28,2025-12-19,591.15,0,0,440307900,-106088524,0,100,
735,735,0,0,0,0,2025-05-28,2025-12-19,591.15,0,0,440307900,-106088524,0,100,
557.52,740,0,0,0,0,2025-05-28,2025-12-19,591.15,0,0,440307900,-106088524,0,100,
745,745,0,0,0,0,2025-05-28,2025-12-19,591.15,0,0,440307900,-106088524,0,100,
594.15,750,0,0,0,0,2025-05-28,2025-12-19,591.15,0,0,440307900,-106088524,0,100,
755,755,0,0,0,0,2025-05-28,2025-12-19,591.15,0,0,440307900,-106088524,0,100,
760,760,0,0,0,0,2025-05-28,2025-12-19,591.15,0,0,440307900,-106088524,0,100,
556.84,765,0,0,0,0,2025-05-28,2025-12-19,591.15,0,0,440307900,-106088524,0,100,
770,770,0,0,0,0,2025-05-28,2025-12-19,591.15,0,0,440307900,-106088524,0,100,
775,775,0,0,0,0,2025-05-28,2025-12-19,591.15,0,0,440307900,-106088524,0,100,
602,780,0,0,0,0,2025-05-28,2025-12-19,591.15,0,0,440307900,-106088524,0,100,
785,785,0,0,0,0,2025-05-28,2025-12-19,591.15,0,0,440307900,-106088524,0,100,
790,790,0,0,0,0,2025-05-28,2025-12-19,591.15,0,0,440307900,-106088524,0,100,
795,795,0,0,0,0,2025-05-28,2025-12-19,591.15,0,0,440307900,-106088524,0,100,
561.39,800,0,0,0,0,2025-05-28,2025-12-19,591.15,0,0,440307900,-106088524,0,100,
805,805,0,0,0,0,2025-05-28,2025-12-19,591.15,0,0,440307900,-106088524,0,100,
810,810,0,0,0,0,2025-05-28,2025-12-19,591.15,0,0,440307900,-106088524,0,100,
815,815,0,0,0,0,2025-05-28,2025-12-19,591.15,0,0,440307900,-106088524,0,100,
820,820,0,0,0,0,2025-05-28,2025-12-19,591.15,0,0,440307900,-106088524,0,100,
516.96,825,0,0,0,0,2025-05-28,2025-12-19,591.15,0,0,440307900,-106088524,0,100,
830,830,0,0,0,0,2025-05-28,2025-12-19,591.15,0,0,440307900,-106088524,0,100,
835,835,0,0,0,0,2025-05-28,2025-12-19,591.15,0,0,440307900,-106088524,0,100,
567.7,840,0,0,0,0,2025-05-28,2025-12-19,591.15,0,0,440307900,-106088524,0,100,
