strike,open_interest.yt,open_interest.td,OI_Dollar.yt,OI_Dollar.td,Date.td,expiry,diff_oi,diff_oi_d,totalOI,OI_pct,cum_sep_OI,pct
440,89523,88921,27394038,34234585,2023-07-28,2023-09-15,-602,6840547,463127570,7.39204211055714,7.39204211055714,0.199813930853843
430,142533,127759,28791666,32578545,2023-07-28,2023-09-15,-14774,3786879,463127570,7.03446460766739,14.4265067182245,0.116238432379347
430,41169,42451,27336216,30776975,2023-07-28,2023-12-15,1282,3440759,378408266,8.13327238469997,8.13327238469997,0.111796529710929
455,48951,54459,19335645,29680155,2023-07-28,2023-08-18,5508,10344510,252913702,11.7352894545824,11.7352894545824,0.348532883335683
450,23581,24120,24005458,28968120,2023-07-28,2023-12-15,539,4962662,378408266,7.65525560691637,15.7885279916163,0.171314603778222
450,72421,79292,17960408,28148660,2023-07-28,2023-08-18,6871,10188252,252913702,11.129748913327,22.8650383679094,0.361944476220182
450,30252,41619,14914236,25387590,2023-07-28,2023-09-15,11367,10473354,463127570,5.48177038995973,19.9082771081843,0.412538330735608
400,58087,62236,20040015,24396512,2023-07-28,2023-12-15,4149,4356497,378408266,6.44714034867304,22.2356683402894,0.17857048581371
445,93550,95509,15061550,22540124,2023-07-28,2023-08-18,1959,7478574,252913702,8.91217985492933,31.7772182228387,0.331789390333434
450,15326,24460,11356566,21060060,2023-07-28,2023-10-20,9134,9703494,233330779,9.02583880714683,9.02583880714683,0.460753388166985
420,59817,60422,17287113,20845590,2023-07-28,2023-10-20,605,3558477,233330779,8.93392208663564,17.9597608937825,0.17070646597194
440,31511,32803,16574786,20141042,2023-07-28,2023-10-20,1292,3566256,233330779,8.63196963826191,26.5917305320444,0.177064126076496
460,10676,12601,15170596,19518949,2023-07-28,2023-12-15,1925,4348353,378408266,5.15817194120173,27.3938402814911,0.222775980407552
435,29322,35765,12843036,18883920,2023-07-28,2023-10-20,6443,6040884,233330779,8.09319716881415,34.6849277008585,0.319895657257603
425,28002,28029,16353168,18667314,2023-07-28,2023-12-15,27,2314146,378408266,4.93311475389388,32.326955035385,0.123967808116369
410,37642,37822,16524838,18230204,2023-07-28,2023-12-15,180,1705366,378408266,4.81760194953035,37.1445569849153,0.0935461830268055
425,84185,85970,13974710,18225640,2023-07-28,2023-09-15,1785,4250930,463127570,3.93533902548708,23.8436161336713,0.233238997368543
432,52926,65237,11643720,17940175,2023-07-28,2023-09-15,12311,6296455,463127570,3.87370050113838,27.7173166348097,0.350969541824425
435,21597,21681,15657825,17908506,2023-07-28,2023-12-15,84,2250681,378408266,4.73258847892081,41.8771454638361,0.125676647733764
445,36906,35497,14282622,17038560,2023-07-28,2023-09-15,-1409,2755938,463127570,3.67902087971139,31.3963375145211,0.161747119474885
455,18515,21370,11868115,16839560,2023-07-28,2023-09-15,2855,4971445,463127570,3.63605215729221,35.0323896718133,0.295224162626577
430,34562,35216,13271808,15952848,2023-07-28,2023-10-20,654,2681040,233330779,6.83700970286479,41.5219374037233,0.168060273626377
445,20203,21931,12525860,15856113,2023-07-28,2023-10-20,1728,3330253,233330779,6.79555139187188,48.3174887955952,0.210029595525713
400,166717,161137,12337058,15308015,2023-07-28,2023-09-15,-5580,2970957,463127570,3.30535601670184,38.3377456885152,0.194078526837085
455,11553,11871,11899590,14197716,2023-07-28,2023-11-17,318,2298126,135074018,10.5110636451194,10.5110636451194,0.161865894486127
415,43610,44753,10989720,13739171,2023-07-28,2023-10-20,1143,2749451,233330779,5.88828060270608,54.2057693983013,0.200117678133564
420,22351,22399,11421361,13394602,2023-07-28,2023-12-15,48,1973241,378408266,3.53972235902479,45.4168678228609,0.147316135261055
428,50530,50758,9752290,12689500,2023-07-28,2023-09-15,228,2937210,463127570,2.73995780471458,41.0777034932297,0.231467748926278
440,80131,78952,8734279,12632320,2023-07-28,2023-08-18,-1179,3898041,252913702,4.99471554925878,36.7719337720975,0.308576809327186
425,32300,31465,10788200,12617465,2023-07-28,2023-10-20,-835,1829265,233330779,5.40754419715883,59.6133135954601,0.144978805172037
427,52527,52312,9192225,12450256,2023-07-28,2023-09-15,-215,3258031,463127570,2.68829946789823,43.766002961128,0.261683856139183
410,45999,46313,10027782,12411884,2023-07-28,2023-10-20,314,2384102,233330779,5.3194370897806,64.9327506852407,0.192082201219412
420,67386,68092,9434040,12052284,2023-07-28,2023-09-15,706,2618244,463127570,2.60236806891026,46.3683710300382,0.217240483214634
435,31294,37525,7698324,11632750,2023-07-28,2023-09-15,6231,3934426,463127570,2.51178093327504,48.8801519633133,0.33821976746685
445,10026,10150,9243972,10647350,2023-07-28,2023-12-15,124,1403378,378408266,2.81372024785526,48.2305880707162,0.131805378803176
415,70393,69924,8235981,10418676,2023-07-28,2023-09-15,-469,2182695,463127570,2.24963415587632,51.1297861191896,0.209498308614262
410,81193,81627,7956914,10366629,2023-07-28,2023-09-15,434,2409715,463127570,2.23839599961626,53.3681821188058,0.232449236873433
430,124182,122765,7078374,10312260,2023-07-28,2023-08-18,-1417,3233886,252913702,4.07738288532901,40.8493166574265,0.313596243694399
440,10836,10895,8679636,10132350,2023-07-28,2023-12-15,59,1452714,378408266,2.6776238550772,50.9082119257934,0.143373847133192
456,12117,11955,8203209,10101975,2023-07-28,2023-09-15,-162,1898766,463127570,2.1812510535704,55.5494331723762,0.187959879132546
455,8829,9220,7822494,9487380,2023-07-28,2023-10-20,391,1664886,233330779,4.06606451178908,68.9988151970298,0.17548427489992
454,17927,18529,6543355,9264500,2023-07-28,2023-08-18,602,2721145,252913702,3.66310718902845,44.5124238464549,0.293717415942577
460,10420,11142,6512500,9259002,2023-07-28,2023-08-18,722,2746502,252913702,3.66093332499637,48.1733571714513,0.296630457580633
385,36758,141915,1837900,9224475,2023-07-28,2023-09-15,105157,7386575,463127570,1.99177842079235,57.5412115931686,0.800758308738438
350,52045,52133,7598570,8758344,2023-07-28,2023-12-15,88,1159774,378408266,2.31452237885311,53.2227343046465,0.132419324931745
375,32123,32203,6810076,8404983,2023-07-28,2023-12-15,80,1594907,378408266,2.2211414906037,55.4438757952502,0.189757314202777
449,13986,13687,6629364,8184826,2023-07-28,2023-09-15,-299,1555462,463127570,1.76729405247889,59.3085056456475,0.190042158501598
445,9642,8953,7559328,8093512,2023-07-28,2023-11-17,-689,534184,135074018,5.99190882142856,16.5029724665479,0.0660015083686785
430,13533,13485,7077759,8091000,2023-07-28,2023-11-17,-48,1013241,135074018,5.99004910033845,22.4930215668864,0.125230626622173
370,36024,36085,7492992,8010870,2023-07-28,2023-12-15,61,517878.000000001,378408266,2.11699128158051,57.5608670768307,0.0646469110096657
405,18172,18178,7141596,7961964,2023-07-28,2023-12-15,6,820367.999999999,378408266,2.10406714529856,59.6649342221293,0.103035884111006
456,12272,13323,5411952,7900539,2023-07-28,2023-08-18,1051,2488587,252913702,3.12380821502506,51.2971653864764,0.314989521600995
460,4934,6190,5205370,7855110,2023-07-28,2023-10-20,1256,2649740,233330779,3.36651256797973,72.3653277650095,0.337326912035605
435,10236,11042,6254196,7607938,2023-07-28,2023-11-17,806,1353742,135074018,5.63242147723776,28.1254430441242,0.177938095710033
400,34313,35329,5833210,7560406,2023-07-28,2023-10-20,1016,1727196,233330779,3.24020947103597,75.6055372360455,0.228452810603029
454,9284,10053,5570400,7519644,2023-07-28,2023-09-15,769,1949244,463127570,1.62366580767368,60.9321714533212,0.259220250320361
380,51222,51230,5788086,7428350,2023-07-28,2023-10-20,8,1640264,233330779,3.18361342289951,78.789150658945,0.220811351107581
390,21389,21650,6138643,7317700,2023-07-28,2023-12-15,261,1179057,378408266,1.93381082219805,61.5987450443273,0.16112398704511
415,13572,13432,6215976,7172688,2023-07-28,2023-12-15,-140,956712,378408266,1.89548924916984,63.4942342934972,0.133382631448628
440,8337,8967,5669160,6967359,2023-07-28,2023-11-17,630,1298199,135074018,5.1581785328989,33.2836215770231,0.186325837379702
460,4610,6768,3886230,6916896,2023-07-28,2023-09-15,2158,3030666,463127570,1.49351851370023,62.4256899670214,0.438154050603045
458,7268,7432,5516412,6815144,2023-07-28,2023-09-15,164,1298732,463127570,1.47154789338065,63.8972378604021,0.190565599200839
452,9098,9733,4976606,6793634,2023-07-28,2023-09-15,635,1817028,463127570,1.46690338474127,65.3641412451433,0.267460390124049
448,21005,22557,4306025,6767100,2023-07-28,2023-08-18,1552,2461075,252913702,2.6756557460062,53.9728211324826,0.363682375020319
418,36051,40207,4830834,6754776,2023-07-28,2023-09-15,4156,1923942,463127570,1.45851303993843,66.8226542850818,0.28482691357937
452,14243,16018,4258657,6743578,2023-07-28,2023-08-18,1775,2484921,252913702,2.66635534044731,56.6391764729299,0.368487025730258
455,12602,16567,2986674,6527398,2023-07-28,2023-08-04,3965,3540724,52816345,12.3586704078065,12.3586704078065,0.542440341465313
465,3723,3851,5472810,6519743,2023-07-28,2023-11-17,128,1046933,135074018,4.82679281814212,38.1104143951652,0.160578875578378
450,6180,6037,5592900,6338850,2023-07-28,2023-11-17,-143,745949.999999999,135074018,4.69287142994443,42.8032858251096,0.117679074280035
420,120660,120321,4102440,6256692,2023-07-28,2023-08-18,-339,2154252,252913702,2.47384461597893,59.1130210889088,0.344311658620882
422,33156,31331,4907088,6078214,2023-07-28,2023-09-15,-1825,1171126,463127570,1.31242758879589,68.1350818738777,0.192676006471638
360,30242,29837,5322592,5907726,2023-07-28,2023-12-15,-405,585134,378408266,1.5612042681964,65.0554385616936,0.0990455549224862
446,11253,11386,4816284,5897948,2023-07-28,2023-09-15,133,1081664,463127570,1.2735039721345,69.4085858460122,0.183396666094716
421,30041,30440,4506150,5692280,2023-07-28,2023-09-15,399,1186130,463127570,1.22909547362944,70.6376813196416,0.208375202906393
450,27695,29771,2852585,5567177,2023-07-28,2023-08-04,2076,2714592,52816345,10.54063282872,22.8993032365265,0.487606555351123
458,6703,7897,3485560,5559488,2023-07-28,2023-08-18,1194,2073928,252913702,2.19817588214339,61.3111969710522,0.373042985253318
370,55737,108174,2062269,5300526,2023-07-28,2023-09-15,52437,3238257,463127570,1.14450668527464,71.7821880049162,0.61093125474717
435,58724,46748,4404300,5282524,2023-07-28,2023-08-18,-11976,878224,252913702,2.08866659189544,63.3998635629477,0.166250830095613
442,5609,5606,5008837,5247216,2023-07-28,2023-12-15,-3,238379,378408266,1.38665469849964,66.4420932601932,0.0454296144850908
400,13984,16647,3733728,5177217,2023-07-28,2023-11-17,2663,1443489,135074018,3.83287406168668,46.6361598867963,0.278815626233167
462,3724,4509,3552696,5131242,2023-07-28,2023-09-15,785,1578546,463127570,1.10795433750575,72.890142342422,0.307634292048592
395,14318,14268,4495852,5107944,2023-07-28,2023-12-15,-50,612092,378408266,1.349850005655,67.7919432658482,0.119831384212513
425,73823,77475,3100566,4958400,2023-07-28,2023-08-18,3652,1857834,252913702,1.9605106250827,65.3603741880304,0.37468417231365
420,10111,10416,4115177,4937184,2023-07-28,2023-11-17,305,822007,135074018,3.65516927170997,50.2913291585063,0.166493085937247
385,33511,31269,4155364,4877964,2023-07-28,2023-10-20,-2242,722600,233330779,2.09057888586572,80.8797295448107,0.148135574596286
390,63721,63806,3632097,4849256,2023-07-28,2023-09-15,85,1217159,463127570,1.04706701006809,73.9372093524901,0.250999122339592
460,4552,6105,2321520,4847370,2023-07-28,2023-08-04,1553,2525850,52816345,9.17778388489397,32.0770871214205,0.521076377499551
390,28312,28873,3850432,4792918,2023-07-28,2023-10-20,561,942486,233330779,2.05413020114247,82.9338597459532,0.196641377966408
380,17250,17285,4260750,4753375,2023-07-28,2023-12-15,35,492625,378408266,1.25614988547845,69.0480931513267,0.103636889578457
465,2996,3075,4026624,4643250,2023-07-28,2023-10-20,79,616626,233330779,1.98998607037608,84.9238458163293,0.132800516879341
385,14648,14684,3793832,4581408,2023-07-28,2023-12-15,36,787576,378408266,1.21070505367872,70.2587982050054,0.171906977069058
443,10510,10130,3699520,4578760,2023-07-28,2023-09-15,-380,879240.000000001,463127570,0.988660640522869,74.9258699930129,0.192025788641466
431,7000,6999,3829000,4556349,2023-07-28,2023-11-17,-1,727349,135074018,3.37322385715956,53.6645530156658,0.159634172009212
405,41361,41338,3515685,4547180,2023-07-28,2023-09-15,-23,1031495,463127570,0.981841784975142,75.9077117779881,0.226842790476735
395,24350,24390,3676850,4536540,2023-07-28,2023-10-20,40,859690,233330779,1.94425271258362,86.8680985289129,0.189503454174327
434,57913,15148,13841207,4514104,2023-07-28,2023-09-15,-42765,-9327103,463127570,0.974699908277972,76.8824116862661,-2.06621358302777
453,1937,8268,770926,4506060,2023-07-28,2023-08-25,6331,3735134,66030519,6.8242080605182,6.8242080605182,0.82891350758756
418,84442,84805,2786586,4494665,2023-07-28,2023-08-18,363,1708079,252913702,1.7771536158211,67.1375278038515,0.38002365026092
450,15946,16021,2854334,4485880,2023-07-28,2023-08-11,75,1631546,38394723,11.6835847467893,11.6835847467893,0.363707009549966
365,16474,20886,3113586,4448718,2023-07-28,2023-12-15,4412,1335132,378408266,1.17563975201324,71.4344379570186,0.300116123341601
447,5883,8344,2470860,4422320,2023-07-28,2023-09-15,2461,1951460,463127570,0.954881610697459,77.8372932969635,0.441275167785235
446,15993,17245,2686824,4397475,2023-07-28,2023-08-18,1252,1710651,252913702,1.73872548826951,68.876253292121,0.389007555472174
433,10435,14519,2483530,4326662,2023-07-28,2023-09-15,4084,1843132,463127570,0.934226826530755,78.7715201234943,0.425993987975026
444,19383,19824,2713620,4301808,2023-07-28,2023-08-18,441,1588188,252913702,1.70089954240597,70.5771528345269,0.369190814652816
460,4710,5238,2524560,4221828,2023-07-28,2023-08-11,528,1697268,38394723,10.9958548209867,22.679439567776,0.402022062480992
464,2861,3543,2740838,4209084,2023-07-28,2023-08-25,682,1468246,66030519,6.37445239526286,13.1986604557811,0.348827916002627
475,2090,2096,4627260,4192000,2023-07-28,2023-12-15,6,-435260,378408266,1.10779821072936,72.542236167748,-0.103831106870229
417,25360,25063,3170000,4185521,2023-07-28,2023-09-15,-297,1015521,463127570,0.903751206174143,79.6752713296684,0.242627142475214
438,24089,28246,2192099,4123916,2023-07-28,2023-08-18,4157,1931817,252913702,1.63056250704835,72.2077153415753,0.468442373704993
375,31221,31575,3122100,4104750,2023-07-28,2023-10-20,354,982650,233330779,1.75919782961853,88.6272963585314,0.239393385711676
431,14424,15407,2884800,4098262,2023-07-28,2023-09-15,983,1213462,463127570,0.884909961201403,80.5601812908698,0.296091855523146
405,16687,17018,3337400,3999230,2023-07-28,2023-10-20,331,661830.000000001,233330779,1.71397447740917,90.3412708359406,0.165489356701165
380,62464,62370,2810880,3991680,2023-07-28,2023-09-15,-94,1180800,463127570,0.861896431689437,81.4220777225593,0.295815295815296
460,2856,2842,3561432,3975958,2023-07-28,2023-11-17,-14,414526,135074018,2.94354018550037,56.6080932011662,0.104258143571939
465,2155,3106,2370500,3947726,2023-07-28,2023-08-25,951,1577226,66030519,5.97863845353086,19.1772989093119,0.399527728114869
436,11510,10954,2946560,3844854,2023-07-28,2023-09-15,-556,898294,463127570,0.830193287780298,82.2522710103396,0.233635399419588
395,42170,42119,2825390,3790710,2023-07-28,2023-09-15,-51,965320,463127570,0.818502340510629,83.0707733508502,0.25465414130862
320,34327,34330,3158084,3776300,2023-07-28,2023-12-15,3,618216,378408266,0.997943316597635,73.5401794843456,0.16370945104997
438,6385,10284,1781415,3774228,2023-07-28,2023-09-15,3899,1992813,463127570,0.814943493862825,83.885716844713,0.528005462309113
455,5701,6173,2645264,3747011,2023-07-28,2023-08-25,472,1101747,66030519,5.67466537708117,24.8519642863931,0.294033564353027
410,109860,107016,2636640,3745560,2023-07-28,2023-08-18,-2844,1108920,252913702,1.48096365296966,73.688678994545,0.296062538045045
442,17868,19832,2162028,3688752,2023-07-28,2023-08-18,1964,1526724,252913702,1.45850223646641,75.1471812310114,0.413886322528595
448,5935,6522,2617335,3626232,2023-07-28,2023-09-15,587,1008897,463127570,0.782987719776648,84.6687045644896,0.278221856737241
407,10405,10414,3340005,3624072,2023-07-28,2023-11-17,9,284067,135074018,2.68302672391074,59.2911199250769,0.0783833764892087
456,6326,7911,1771280,3575772,2023-07-28,2023-08-04,1585,1804492,52816345,6.77019964179649,38.847286763217,0.504644032113904
382,61174,61292,2875178,3554936,2023-07-28,2023-09-15,118,679758,463127570,0.767593257296257,85.4362978217859,0.19121525675849
415,71707,84426,2007796,3461466,2023-07-28,2023-08-18,12719,1453670,252913702,1.36863521929705,76.5158164503084,0.419957902229864
444,7166,7480,2665752,3448280,2023-07-28,2023-09-15,314,782528.000000001,463127570,0.744563749465401,86.1808615712513,0.226932847680583
449,3497,10402,751855,3370248,2023-07-28,2023-08-18,6905,2618393,252913702,1.33256837148349,77.8483848217919,0.776914043120862
441,3706,3705,3161218,3334500,2023-07-28,2023-12-15,-1,173282,378408266,0.881191110132885,74.4213705944785,0.0519664117558856
465,1837,1902,3025539,3322794,2023-07-28,2023-12-15,65,297255,378408266,0.878097625911798,75.2994682203903,0.0894593525809905
441,7145,7784,2307835,3315984,2023-07-28,2023-09-15,639,1008149,463127570,0.715997970062547,86.8968595413139,0.304027100251388
437,7778,9783,2100060,3306654,2023-07-28,2023-09-15,2005,1206594,463127570,0.713983406343095,87.610842947657,0.364898776829992
459,3337,4889,1528346,3212073,2023-07-28,2023-08-04,1552,1683727,52816345,6.08158894751237,44.9288757107293,0.524187028127941
445,7092,10589,1553148,3208467,2023-07-28,2023-08-25,3497,1655319,66030519,4.85906675972061,29.7110310461137,0.515922089895268
415,5331,7615,1972470,3198300,2023-07-28,2023-11-17,2284,1225830,135074018,2.36781288315566,61.6589328082326,0.383275490104118
457,4713,6157,1592994,3195483,2023-07-28,2023-08-04,1444,1602489,52816345,6.05017821661079,50.9790539273401,0.501485690895555
439,6927,8115,1994976,3083700,2023-07-28,2023-09-15,1188,1088724,463127570,0.665842458914722,88.2766854065717,0.353057690436813
300,38327,37184,2644563,3049088,2023-07-28,2023-12-15,-1143,404525,378408266,0.805766753520125,76.1052349739104,0.132670818290584
375,55227,55231,2264307,3037705,2023-07-28,2023-09-15,4,773398.000000001,463127570,0.655911070031957,88.9325964766036,0.254599442671359
453,8398,10246,1427660,3022570,2023-07-28,2023-08-04,1848,1594910,52816345,5.72279282104811,56.7018467483882,0.527666853042279
458,585,2571,565695,2964363,2023-07-28,2023-10-20,1986,2398668,233330779,1.27045519356878,91.6117260295094,0.80916810795439
442,4759,7000,1565711,2947000,2023-07-28,2023-09-15,2241,1381289,463127570,0.636325753614711,89.5689222302183,0.468710213776722
462,2115,2760,1670850,2922840,2023-07-28,2023-08-25,645,1251990,66030519,4.42649860135129,34.137529647465,0.42834708707969
409,7411,7433,2445630,2884004,2023-07-28,2023-11-17,22,438374,135074018,2.13512860778303,63.7940614160156,0.152001869622927
450,5644,6708,1806080,2871024,2023-07-28,2023-08-25,1064,1064944,66030519,4.34802579698033,38.4855554444453,0.370928282034563
443,2914,2936,2715848,2859664,2023-07-28,2023-12-15,22,143816,378408266,0.755708650402473,76.8609436243129,0.0502912230248029
447,2529,2542,2475891,2847040,2023-07-28,2023-12-15,13,371149.000000001,378408266,0.752372571057948,77.6133161953709,0.130363113971002
455,5885,5932,1883200,2841428,2023-07-28,2023-08-11,47,958228,38394723,7.40056908341284,30.0800086511889,0.337234658066296
472,1953,1960,3476340,2814560,2023-07-28,2023-09-15,7,-661780,463127570,0.607728881266991,90.1766511114853,-0.235127337843215
466,1305,1894,1676925,2765240,2023-07-28,2023-09-15,589,1088315,463127570,0.597079547650338,90.7737306591357,0.393569816724769
455,1662,2026,2002710,2712814,2023-07-28,2023-12-15,364,710104,378408266,0.7169013585977,78.3302175539686,0.26175919174702
445,26054,30560,1224538,2689280,2023-07-28,2023-08-04,4506,1464742,52816345,5.09175710663053,61.7936038550188,0.544659537125178
463,1904,2355,1563184,2687055,2023-07-28,2023-08-25,451,1123871,66030519,4.06941372064636,42.5549691650917,0.418253813189533
400,103113,102777,1856034,2672202,2023-07-28,2023-08-18,-336,816168,252913702,1.05656671776526,78.9049515395572,0.305429005741332
457,1732,1825,2253332,2649900,2023-07-28,2023-12-15,93,396568,378408266,0.700275400432188,79.0304929544007,0.14965394920563
360,28292,28333,2150192,2634969,2023-07-28,2023-10-20,41,484777,233330779,1.12928479101336,92.7410108205227,0.183978255531659
459,2751,3549,1416765,2562378,2023-07-28,2023-08-11,798,1145613,38394723,6.67377649787967,36.7537851490685,0.447089773639955
355,9564,14034,1549368,2554188,2023-07-28,2023-12-15,4470,1004820,378408266,0.674982084033016,79.7054750384338,0.393400955607027
425,4821,4778,2217660,2537118,2023-07-28,2023-11-17,-43,319458,135074018,1.87831682033772,65.6723782363534,0.125913733614282
385,10480,10546,2001680,2520494,2023-07-28,2023-11-17,66,518814,135074018,1.86600949414269,67.538387730496,0.205838220602787
467,2778,2779,3386382,2495542,2023-07-28,2023-08-25,1,-890840,66030519,3.77937662431519,46.3343457894069,-0.356972553457325
448,1900,2144,1915200,2452736,2023-07-28,2023-12-15,244,537536,378408266,0.64817188745026,80.353646925884,0.219157707963678
437,1345,2755,1069275,2446440,2023-07-28,2023-12-15,1410,1377165,378408266,0.646508076015443,81.0001550018995,0.562926129396184
459,69,1621,97566,2408806,2023-07-28,2023-12-15,1552,2311240,378408266,0.636562733013871,81.6367177349133,0.959496115502867
437,3162,3168,2080596,2401344,2023-07-28,2023-11-17,6,320748,135074018,1.77779859928354,69.3161863297796,0.133570200687615
427,4227,4085,2083911,2393810,2023-07-28,2023-11-17,-142,309899,135074018,1.77222091668288,71.0884072464625,0.129458478325347
438,3194,3186,2040966,2370384,2023-07-28,2023-11-17,-8,329418,135074018,1.75487783298191,72.8432850794444,0.138972419658587
438,4611,11651,682428,2341851,2023-07-28,2023-08-25,7040,1659423,66030519,3.54661910199434,49.8809648914012,0.708594611698182
458,3060,3440,1331100,2335760,2023-07-28,2023-08-11,380,1004660,38394723,6.08354434540393,42.8373294944725,0.430121245333425
360,56984,56938,1766504,2334458,2023-07-28,2023-09-15,-46,567954,463127570,0.504063707543906,91.2777943666796,0.24329159059619
449,1932,2007,1953252,2332134,2023-07-28,2023-12-15,75,378882,378408266,0.616301019174883,82.2530187540882,0.16246150521368
439,2587,2875,1735877,2305750,2023-07-28,2023-11-17,288,569873,135074018,1.70702703165312,74.5503121110975,0.247152987097474
459,2320,2760,1480160,2257680,2023-07-28,2023-08-25,440,777520,66030519,3.4191462284281,53.3001111198293,0.344388930229262
454,5875,6692,1180875,2255204,2023-07-28,2023-08-04,817,1074329,52816345,4.26989788861762,66.0635017436364,0.476377746758165
340,15378,15371,1891494,2244166,2023-07-28,2023-12-15,-7,352672,378408266,0.593054169699348,82.8460729237876,0.157150585117144
432,23073,22163,1545891,2149811,2023-07-28,2023-08-18,-910,603920,252913702,0.850017607982347,79.7549691475395,0.280917717883107
439,1083,2303,899973,2130275,2023-07-28,2023-12-15,1220,1230302,378408266,0.562956782767531,83.4090297065551,0.577532008778209
434,2951,3177,1735188,2112705,2023-07-28,2023-11-17,226,377517.000000001,135074018,1.56410909461507,76.1144212057126,0.178688931961632
469,1848,1849,2531760,2070880,2023-07-28,2023-08-25,1,-460880,66030519,3.13624674069274,56.436357860522,-0.222552731206057
370,137501,137499,1237509,2062485,2023-07-28,2023-08-18,-2,824976,252913702,0.815489624994695,80.5704587725342,0.399991272663801
454,639,2027,547623,2037135,2023-07-28,2023-10-20,1388,1489512,233330779,0.87306741473657,93.6140782352593,0.731179818715991
432,3160,3161,1700080,2023040,2023-07-28,2023-11-17,1,322960,135074018,1.49772697218498,77.6121481778975,0.159640936412528
458,1876,3482,716632,2019560,2023-07-28,2023-08-04,1606,1302928,52816345,3.82374054849876,69.8872422921351,0.645154390065163
457,2049,3421,840090,2014969,2023-07-28,2023-08-11,1372,1174879,38394723,5.24803629915496,48.0853657936274,0.583075471632566
433,3166,3174,2292184,2009142,2023-07-28,2023-12-15,8,-283042,378408266,0.53094558986193,83.939975296417,-0.140877050999879
421,3308,3313,1733392,2007678,2023-07-28,2023-12-15,5,274286,378408266,0.530558706135664,84.4705340025527,0.136618521495977
350,24868,24826,1591552,1986080,2023-07-28,2023-10-20,-42,394528,233330779,0.851186460916929,94.4652646961762,0.198646580198179
456,2187,3659,798255,1961224,2023-07-28,2023-08-11,1472,1162969,38394723,5.10805612531701,53.1934219189444,0.592981219891252
436,15707,15507,1303681,1953882,2023-07-28,2023-08-18,-200,650201,252913702,0.772548891004727,81.3430076635389,0.332773934147507
452,5865,7491,885615,1910205,2023-07-28,2023-08-04,1626,1024590,52816345,3.61669290065414,73.5039351927893,0.536376985716193
408,18144,16920,1687392,1895040,2023-07-28,2023-09-15,-1224,207648,463127570,0.40918315443842,91.686977521118,0.109574468085106
436,2796,2795,1797828,1895010,2023-07-28,2023-11-17,-1,97182.0000000002,135074018,1.40294190404553,79.0150900819431,0.051283106685453
470,1090,1040,1631730,1858480,2023-07-28,2023-09-15,-50,226750,463127570,0.401289001214072,92.0882665223321,0.122008307864491
370,16509,16399,1485810,1853087,2023-07-28,2023-10-20,-110,367277,233330779,0.794188836955797,95.259453533132,0.198197386307281
426,3338,3308,1622268,1819400,2023-07-28,2023-11-17,-30,197132,135074018,1.34696518763512,80.3620552695782,0.108350005496317
453,2652,3956,875160,1807892,2023-07-28,2023-08-18,1304,932732,252913702,0.714825644361491,82.0578333079004,0.51592241129448
390,6779,6870,1525275,1786200,2023-07-28,2023-11-17,91,260925,135074018,1.32238607131684,81.684441340895,0.146078266711455
438,2077,2392,1703140,1750944,2023-07-28,2023-12-15,315,47804.0000000005,378408266,0.462712936614339,84.933246939167,0.0273018440338471
325,15078,15079,1553034,1749164,2023-07-28,2023-12-15,1,196130,378408266,0.462242545198524,85.3954894843655,0.112127850790435
405,4943,4914,1497729,1744470,2023-07-28,2023-11-17,-29,246741,135074018,1.29149189890835,82.9759332398034,0.141441813272799
444,2066,2067,1877994,1738347,2023-07-28,2023-12-15,1,-139647,378408266,0.459383992420504,85.8548734767861,-0.080333213104173
457,1999,2671,965517,1725466,2023-07-28,2023-08-18,672,759949,252913702,0.682235081118697,82.7400683890191,0.440431164682468
408,4682,4674,1568470,1701336,2023-07-28,2023-11-17,-8,132866,135074018,1.25955829640013,84.2354915362035,0.0780950970296285
429,20364,20170,1038564,1674110,2023-07-28,2023-08-18,-194,635546,252913702,0.661929340625444,83.4019977296446,0.379632162761109
445,9998,9944,1049790,1670592,2023-07-28,2023-08-11,-54,620802,38394723,4.35109793603668,57.5445198549811,0.371605993563958
335,11906,12060,1416814,1640160,2023-07-28,2023-12-15,154,223346,378408266,0.433436620541476,86.2883100973275,0.136173300165838
379,6739,6739,1630838,1630838,2023-07-28,2023-12-15,0,0,378408266,0.430973143699773,86.7192832410273,0
434,14690,14898,1042990,1623882,2023-07-28,2023-08-18,208,580892,252913702,0.642069602065293,84.0440673317099,0.357718110059721
462,1103,1543,821735,1609349,2023-07-28,2023-08-18,440,787614,252913702,0.636323373258757,84.6803907049686,0.489399129710212
454,986,1204,1114180,1606136,2023-07-28,2023-12-15,218,491956,378408266,0.424445273613553,87.1437285146409,0.306297847753864
451,1071,1283,1188810,1587071,2023-07-28,2023-12-15,212,398261,378408266,0.419407064432361,87.5631355790732,0.250940884182245
405,49355,49428,1085810,1581696,2023-07-28,2023-08-18,73,495886,252913702,0.625389604237417,85.305780309206,0.313515365784576
429,5864,6106,1184528,1538712,2023-07-28,2023-09-15,242,354184,463127570,0.332243662367153,92.4205101846992,0.23018212634983
409,11960,11729,1207960,1536499,2023-07-28,2023-09-15,-231,328539,463127570,0.331765824263064,92.7522760089623,0.213823113454678
435,6148,9401,676280,1522962,2023-07-28,2023-08-25,3253,846682,66030519,2.30645165760396,58.742809518126,0.555944271754647
432,9801,9939,980100,1480911,2023-07-28,2023-08-25,138,500811,66030519,2.24276746938791,60.9855769875139,0.338177648758096
452,899,1192,975415,1469736,2023-07-28,2023-12-15,293,494321,378408266,0.388399549390393,87.9515351284636,0.336333191811319
432,2045,2045,1462175,1462175,2023-07-28,2023-12-15,0,0,378408266,0.386401442932539,88.3379365713961,0
440,11881,6549,1829674,1453878,2023-07-28,2023-08-25,-5332,-375796,66030519,2.20182730958089,63.1874042970948,-0.258478359257104
459,1886,1889,1075020,1448863,2023-07-28,2023-08-18,3,373843,252913702,0.572868527305017,85.878648836511,0.258025085877685
365,13178,13984,1120130,1440352,2023-07-28,2023-10-20,806,320222,233330779,0.617300471962167,95.8767540050942,0.222322043500478
453,1032,1119,1135200,1413297,2023-07-28,2023-12-15,87,278097,378408266,0.37348470606612,88.7114212774623,0.196771803803447
462,974,1048,1210682,1406416,2023-07-28,2023-10-20,74,195734,233330779,0.602756312745178,96.4795103178394,0.139172193717933
423,6361,6323,979594,1391060,2023-07-28,2023-09-15,-38,411466,463127570,0.30036216587149,93.0526381748338,0.29579313616954
402,12312,12308,972648,1378496,2023-07-28,2023-09-15,-4,405848,463127570,0.297649306431919,93.3502874812657,0.294413621802312
460,1141,1534,767893,1362192,2023-07-28,2023-08-25,393,594299,66030519,2.06297333510282,65.2503776321976,0.43628137590002
385,67919,67700,882947,1354000,2023-07-28,2023-08-18,-219,471053,252913702,0.535360476436346,86.4140093129474,0.347897341211226
430,9630,10821,847440,1352625,2023-07-28,2023-08-25,1191,505185,66030519,2.04848458028931,67.2988622124869,0.373484890490712
412,9989,9947,1048845,1342845,2023-07-28,2023-09-15,-42,294000,463127570,0.289951427422038,93.6402389086877,0.218938149972633
380,73527,73562,808797,1324116,2023-07-28,2023-08-18,35,515319,252913702,0.523544588343419,86.9375539012908,0.389179648912935
451,2392,3392,674544,1312704,2023-07-28,2023-08-18,1000,638160,252913702,0.519032377296822,87.4565862785876,0.486141582565453
407,11374,11384,1046408,1309160,2023-07-28,2023-09-15,10,262752,463127570,0.282678053478872,93.9229169621666,0.200702740688686
395,36306,36335,943956,1308060,2023-07-28,2023-08-25,29,364104,66030519,1.98099306170833,69.2798552741953,0.278354203935599
470,646,641,1188640,1307640,2023-07-28,2023-12-15,-5,119000,378408266,0.345563275829709,89.056984553292,0.0910036401456058
414,8506,8541,969684,1289691,2023-07-28,2023-09-15,35,320007,463127570,0.278474244148324,94.2013912063149,0.248126876903072
475,544,557,1147296,1279429,2023-07-28,2023-11-17,13,132133,135074018,0.947205849758612,85.1826973859621,0.10327497657158
461,1307,1373,914900,1276890,2023-07-28,2023-08-18,66,361990,252913702,0.504871815920832,87.9614580945085,0.28349348808433
424,5395,6039,895570,1262151,2023-07-28,2023-09-15,644,366581,463127570,0.272527718442674,94.4739189247576,0.290441476495285
410,3202,3313,1059862,1255627,2023-07-28,2023-11-17,111,195765,135074018,0.929584400161991,86.1122817861241,0.155910154846941
350,41086,40453,1027150,1254043,2023-07-28,2023-09-15,-633,226893,463127570,0.270777012908128,94.7446959376657,0.180929202587152
463,1089,1306,1065042,1253760,2023-07-28,2023-08-18,217,188718,252913702,0.495726403941531,88.45718449845,0.15052163093415
451,4292,5753,553668,1248401,2023-07-28,2023-08-04,1461,694733,52816345,2.36366412708036,75.8675993198697,0.556498272590298
451,2001,2702,678339,1240218,2023-07-28,2023-08-25,701,561879,66030519,1.87824966209943,71.1581049362947,0.453048576943731
408,33356,33336,733832,1233432,2023-07-28,2023-08-18,-20,499600,252913702,0.487688879742862,88.9448733781929,0.405048677186906
440,27031,27302,675775,1228590,2023-07-28,2023-08-04,271,552815,52816345,2.32615490526654,78.1937542251362,0.449958895970177
406,9583,9734,852887,1226484,2023-07-28,2023-09-15,151,373597,463127570,0.264826384661142,95.0095223223269,0.304608131863114
295,20269,20291,1337754,1217460,2023-07-28,2023-12-15,22,-120294,378408266,0.32173187252733,89.3787164258193,-0.0988073530136514
330,7336,9864,814296,1203408,2023-07-28,2023-12-15,2528,389112,378408266,0.318018422990792,89.6967348488101,0.323341709544892
416,27817,27775,834510,1194325,2023-07-28,2023-08-18,-42,359815,252913702,0.47222629321997,89.4170996714128,0.301270592175497
464,638,780,854282,1180920,2023-07-28,2023-10-20,142,326638,233330779,0.506114111932057,96.9856244297714,0.276596213121973
433,1646,1779,971140,1177698,2023-07-28,2023-11-17,133,206558,135074018,0.87189084728345,86.9841726334076,0.175391314241851
365,78120,78103,1015560,1171545,2023-07-28,2023-08-25,-17,155985,66030519,1.77424775352743,72.9323526898221,0.133144693545702
447,2850,3354,729600,1167192,2023-07-28,2023-08-25,504,437592,66030519,1.76765534737051,74.7000080371926,0.374910040507474
446,1299,1300,1248339,1163500,2023-07-28,2023-12-15,1,-84839.0000000002,378408266,0.307472141742274,90.0042069905524,-0.0729170605930385
413,26932,27024,673300,1162032,2023-07-28,2023-08-18,92,488732,252913702,0.459457906317784,89.8765575777306,0.420583942610875
426,4986,4954,842634,1119604,2023-07-28,2023-09-15,-32,276970,463127570,0.241748510027162,95.251270832354,0.247382110103215
416,2020,2021,951420,1111550,2023-07-28,2023-12-15,1,160130,378408266,0.293743583286312,90.2979505738387,0.144060096261976
417,22291,22484,691021,1101716,2023-07-28,2023-08-18,193,410695,252913702,0.435609455433933,90.3121670331645,0.372777557918738
448,1891,2952,495442,1101096,2023-07-28,2023-08-25,1061,605654,66030519,1.66755617959023,76.3675642167829,0.550046499124509
461,879,1270,522126,1092200,2023-07-28,2023-08-04,391,570074,52816345,2.06792045151932,80.2616746766555,0.521950192272478
428,15476,14659,820228,1084766,2023-07-28,2023-08-18,-817,264538,252913702,0.428907564683862,90.7410745978484,0.243866419117118
414,2421,2569,876402,1081549,2023-07-28,2023-11-17,148,205147,135074018,0.800708393823008,87.7848810272306,0.189678877239959
456,1571,1603,780787,1062789,2023-07-28,2023-08-25,32,282002,66030519,1.60954209673863,77.9771063135215,0.265341474177847
375,5537,5552,919142,1060432,2023-07-28,2023-11-17,15,141290,135074018,0.785074743241887,88.5699557704725,0.133238151998431
449,2119,2650,625105,1044100,2023-07-28,2023-08-25,531,418995,66030519,1.58123851790412,79.5583448314256,0.401297768412987
458,596,1333,327800,1013080,2023-07-28,2023-08-25,737,685280,66030519,1.5342602410864,81.092605072512,0.676432265961227
449,4898,6290,426126,1006400,2023-07-28,2023-08-04,1392,580274,52816345,1.90547074016576,82.1671454168213,0.57658386327504
453,3031,2605,724409,1005530,2023-07-28,2023-08-11,-426,281121,38394723,2.61892760627548,60.1634474612566,0.279574950523604
409,29348,29332,763048,997288,2023-07-28,2023-08-18,-16,234240,252913702,0.394319482144941,91.1353940799934,0.234876986387082
377,26155,26155,1124665,993890,2023-07-28,2023-09-15,0,-130775,463127570,0.214603937312564,95.4658747696666,-0.131578947368421
389,3560,3560,1018160,993240,2023-07-28,2023-12-15,0,-24920,378408266,0.262478410025007,90.5604289838637,-0.025089605734767
436,1309,1309,1017093,990913,2023-07-28,2023-12-15,0,-26179.9999999999,378408266,0.261863465741523,90.8222924496052,-0.0264200792602377
447,1758,3582,318198,988632,2023-07-28,2023-08-18,1824,670434,252913702,0.390896970856881,91.5262910508502,0.67814313111451
399,3210,3231,863490,985455,2023-07-28,2023-11-17,21,121965,135074018,0.729566658778152,89.2995224292506,0.123765164314961
449,3615,3864,600090,969864,2023-07-28,2023-08-11,249,369774,38394723,2.5260346324155,62.6894820936721,0.38126376481651
404,2298,2292,875538,969516,2023-07-28,2023-12-15,-6,93978,378408266,0.256208990952645,91.0785014405579,0.0969329026029483
452,706,1025,555622,963500,2023-07-28,2023-10-20,319,407878,233330779,0.412933091866119,97.3985575216376,0.423329527763363
406,32048,32048,705056,961440,2023-07-28,2023-08-18,0,256384,252913702,0.380145477448272,91.9064365282985,0.266666666666667
383,3405,3405,963615,960210,2023-07-28,2023-12-15,0,-3405,378408266,0.253749742348387,91.3322511829062,-0.00354609929078014
448,5649,6833,423675,949787,2023-07-28,2023-08-04,1184,526112,52816345,1.7982823309716,83.9654277477928,0.553926301370728
454,2821,2187,747565,942597,2023-07-28,2023-08-11,-634,195032,38394723,2.45501706054762,65.1444991542197,0.206909209343972
414,2505,2225,1212420,927825,2023-07-28,2023-12-15,-280,-284595,378408266,0.24519152549379,91.5774427084,-0.306733489612804
443,2964,3415,604656,918635,2023-07-28,2023-08-25,451,313979,66030519,1.39122789569472,82.4838329682067,0.34178863204646
419,5346,5213,743094,912275,2023-07-28,2023-09-15,-133,169181,463127570,0.196981363039994,95.6628561327066,0.185449562905922
462,813,1351,707310,901117,2023-07-28,2023-08-11,538,193807,38394723,2.3469813807486,67.4914805349683,0.215074180156406
422,15027,15255,571026,900045,2023-07-28,2023-08-18,228,329019,252913702,0.355870398828767,92.2623069271273,0.365558388747229
358,5204,5204,889884,889884,2023-07-28,2023-12-15,0,0,378408266,0.235165053186232,91.8126077615863,0
412,22670,22633,612090,882687,2023-07-28,2023-08-18,-37,270597,252913702,0.349007188230553,92.6113141153578,0.306560536181002
416,5137,5314,647262,876810,2023-07-28,2023-09-15,177,229548,463127570,0.189323645750565,95.8521797784572,0.261799021452766
419,17705,17150,601970,874650,2023-07-28,2023-08-18,-555,272680,252913702,0.345829424457201,92.957143539815,0.31175898931001
464,666,715,657342,873730,2023-07-28,2023-08-18,49,216388,252913702,0.345465664015309,93.3026092038303,0.247660032275417
359,4641,4641,779688,867867,2023-07-28,2023-12-15,0,88179,378408266,0.22934673419634,92.0419544957826,0.101604278074866
392,10950,10951,657000,865129,2023-07-28,2023-09-15,1,208129,463127570,0.186801446521528,96.0389812249787,0.240575682932834
458,461,572,599761,854568,2023-07-28,2023-12-15,111,254807,378408266,0.225832276084582,92.2677867718672,0.298170537628369
456,249,615,311997,851775,2023-07-28,2023-12-15,366,539778,378408266,0.225094184385497,92.4928809562527,0.633709606410144
446,7393,8254,406615,850162,2023-07-28,2023-08-04,861,443547,52816345,1.60965701053339,85.5750847583262,0.521720566197972
390,37129,36760,556935,845480,2023-07-28,2023-08-18,-369,288545,252913702,0.334295846098524,93.6369050499288,0.341279509864219
382,3232,3232,833856,833856,2023-07-28,2023-12-15,0,0,378408266,0.220358822711341,92.713239778964,0
456,374,752,336226,830208,2023-07-28,2023-10-20,378,493982,233330779,0.35580732364503,97.7543648452826,0.595009925223558
454,1473,1463,628971,826595,2023-07-28,2023-08-25,-10,197624,66030519,1.25183780548507,83.7356707736918,0.239082017191007
340,30255,30281,665610,817587,2023-07-28,2023-09-15,26,151977,463127570,0.17653602440468,96.2155172493834,0.185884804919844
395,57870,57839,520830,809746,2023-07-28,2023-08-11,-31,288916,38394723,2.10900336486345,69.6004838998318,0.356798304653558
310,9631,9631,809004,809004,2023-07-28,2023-12-15,0,0,378408266,0.213791312899069,92.9270310918631,0
412,1692,1691,756324,804916,2023-07-28,2023-12-15,-1,48592,378408266,0.212710998231735,93.1397420900948,0.0603690322965378
457,1010,1100,516110,792000,2023-07-28,2023-08-25,90,275890,66030519,1.19944536555892,84.9351161392507,0.34834595959596
395,34577,34148,553232,785404,2023-07-28,2023-08-18,-429,232172,252913702,0.310542289242993,93.9474473391718,0.295608374798193
423,11455,13935,435290,780360,2023-07-28,2023-08-18,2480,345070,252913702,0.308547933081142,94.255995272253,0.442193346660516
380,111413,111404,668478,779828,2023-07-28,2023-08-11,-9,111350,38394723,2.03108119831988,71.6315650981516,0.142787896818273
452,2143,2241,477889,777627,2023-07-28,2023-08-11,98,299738,38394723,2.0253486397076,73.6569137378593,0.385452151224173
452,1630,1593,603100,777384,2023-07-28,2023-08-25,-37,174284,66030519,1.17731014653997,86.1124262857907,0.224192934251284
427,10655,10282,532750,771150,2023-07-28,2023-08-18,-373,238400,252913702,0.304906374744378,94.5609016469974,0.309148674058225
466,565,567,649750,769986,2023-07-28,2023-08-18,2,120236,252913702,0.304446138707028,94.8653477857044,0.156153488504986
446,1597,2254,376892,764106,2023-07-28,2023-08-25,657,387214,66030519,1.15720126325222,87.2696275490429,0.506754298487383
350,54373,54517,543730,763238,2023-07-28,2023-08-25,144,219508,66030519,1.15588671959401,88.4255142686369,0.287600984227725
431,1147,1148,774225,758828,2023-07-28,2023-12-15,1,-15396.9999999999,378408266,0.200531560269881,93.3402736503647,-0.0202905006141048
388,10498,10378,608884,757594,2023-07-28,2023-09-15,-120,148710,463127570,0.163582142173052,96.3790993915564,0.196292473277244
403,6089,6470,487120,744050,2023-07-28,2023-09-15,381,256930,463127570,0.160657677969809,96.5397570695262,0.345312814998992
345,5086,4674,717126,743166,2023-07-28,2023-12-15,-412,26040.0000000002,378408266,0.196392644340386,93.5366662947051,0.0350392779002272
429,1216,1399,609216,738672,2023-07-28,2023-11-17,183,129456,135074018,0.546864608706613,89.8463870379572,0.175255052310092
413,1818,1916,649026,737660,2023-07-28,2023-11-17,98,88634.0000000001,135074018,0.546115389859803,90.392502427817,0.120155627253748
426,9714,9433,485700,735774,2023-07-28,2023-08-18,-281,250074,252913702,0.290918994970071,95.1562667806745,0.339878821485946
421,13547,13470,555427,713910,2023-07-28,2023-08-18,-77,158483,252913702,0.282274148990156,95.4385409296646,0.221992968301327
355,65394,64008,457758,704088,2023-07-28,2023-08-18,-1386,246330,252913702,0.278390610881177,95.7169315405458,0.349856836077308
240,20911,20906,627330,689898,2023-07-28,2023-12-15,-5,62568,378408266,0.182315784824848,93.71898207953,0.090691667463886
468,669,673,858327,683095,2023-07-28,2023-08-25,4,-175232,66030519,1.03451405553847,89.4600283241754,-0.256526544624101
408,1601,1486,643602,682074,2023-07-28,2023-12-15,-115,38472,378408266,0.180248176713983,93.8992302562439,0.0564044370552169
447,3220,3301,405720,676705,2023-07-28,2023-08-11,81,270985,38394723,1.76249480950807,75.4194085473673,0.400447757885637
451,2297,2116,457103,666540,2023-07-28,2023-08-11,-181,209437,38394723,1.7360198170983,77.1554283644656,0.314215200888169
404,6390,6390,530370,664560,2023-07-28,2023-09-15,0,134190,463127570,0.143493940557242,96.6832510100835,0.201923076923077
435,24460,24286,366900,655722,2023-07-28,2023-08-04,-174,288822,52816345,1.24151339892982,86.8165981572561,0.440464099115174
417,1431,1447,709776,655491,2023-07-28,2023-12-15,16,-54284.9999999999,378408266,0.173223224463072,94.072453480707,-0.0828157823677211
467,362,370,631690,648240,2023-07-28,2023-12-15,8,16550,378408266,0.171307040105725,94.2437605208127,0.0255306676539553
365,16478,16474,576730,642486,2023-07-28,2023-09-15,-4,65756.0000000001,463127570,0.138727651217137,96.8219786613006,0.102346198983324
413,6164,6045,696532,640770,2023-07-28,2023-09-15,-119,-55761.9999999999,463127570,0.138357126957482,96.9603357882581,-0.0870234249418666
441,2626,2619,433290,633798,2023-07-28,2023-08-25,-7,200508,66030519,0.959856153788523,90.4198844779639,0.316359470998646
444,2267,2218,464735,623258,2023-07-28,2023-08-25,-49,158523,66030519,0.943893837938787,91.3637783159027,0.254345712369516
447.5,4405,4814,303945,616192,2023-07-28,2023-08-04,409,312247,52816345,1.16666914380387,87.9832673010599,0.506736536663897
443,1400,3022,182000,604400,2023-07-28,2023-08-18,1622,422400,252913702,0.238974794651497,95.9559063351973,0.698874917273329
433,3284,5919,229880,603738,2023-07-28,2023-08-18,2635,373858,252913702,0.238713045290049,96.1946193804873,0.619238808887299
411,4119,4405,403662,603485,2023-07-28,2023-09-15,286,199823,463127570,0.130306429392662,97.0906422176508,0.331115106423523
275,13385,13385,669250,602325,2023-07-28,2023-12-15,0,-66925,378408266,0.159173319961251,94.402933840774,-0.111111111111111
398,1753,1833,573231,601224,2023-07-28,2023-12-15,80,27993,378408266,0.15888236437203,94.561816205146,0.0465600175641691
421,1209,1210,534378,595320,2023-07-28,2023-11-17,1,60942,135074018,0.440736130319304,90.8332385581363,0.102368474097964
443,2753,4224,267041,591360,2023-07-28,2023-08-11,1471,324319,38394723,1.54021165877405,78.6956400232397,0.54842904491342
424,9202,9209,368080,589376,2023-07-28,2023-08-18,7,221296,252913702,0.233034428478691,96.427653808966,0.375475078727332
381,2300,2300,584200,584200,2023-07-28,2023-12-15,0,0,378408266,0.154383519729984,94.716199724876,0
440,5415,5649,341145,581847,2023-07-28,2023-08-11,234,240702,38394723,1.51543481639391,80.2110748396336,0.413686072111741
446,3359,3137,393003,580345,2023-07-28,2023-08-11,-222,187342,38394723,1.51152282046676,81.7225976601003,0.322811431131482
305,6877,6877,508898,570791,2023-07-28,2023-12-15,0,61893.0000000001,378408266,0.150839992485788,94.8670397173618,0.108433734939759
441,2453,3304,287001,568288,2023-07-28,2023-08-18,851,281287,252913702,0.224696406523677,96.6523502154897,0.494972619516865
447.5,2500,2588,352500,564184,2023-07-28,2023-08-11,88,211684,38394723,1.46943109864343,83.1920287587438,0.375203834210116
429,1032,951,667704,562041,2023-07-28,2023-12-15,-81,-105663,378408266,0.148527675132763,95.0155673924946,-0.187998740305423
370,3344,3515,484880,558885,2023-07-28,2023-11-17,171,74005,135074018,0.413762030829645,91.247000588966,0.132415434302227
447,4285,4735,265670,558730,2023-07-28,2023-08-04,450,293060,52816345,1.05787327767569,89.0411405787356,0.524510944463336
393,7466,7524,522620,556776,2023-07-28,2023-09-15,58,34156,463127570,0.120220871324935,97.2108630889757,0.0613460350302456
386,2310,2310,649110,554400,2023-07-28,2023-12-15,0,-94710,378408266,0.146508427487681,95.1620758199822,-0.170833333333333
375,32153,32104,321530,545768,2023-07-28,2023-08-18,-49,224238,252913702,0.215792183533022,96.8681423990227,0.410866888494745
434,828,828,609408,545652,2023-07-28,2023-12-15,0,-63756,378408266,0.144196638664336,95.3062724586466,-0.116843702579666
423,1002,1010,461922,542370,2023-07-28,2023-11-17,8,80448,135074018,0.401535401130956,91.6485359900969,0.148326787986061
355,18065,17486,505820,542066,2023-07-28,2023-09-15,-579,36245.9999999999,463127570,0.117044640637568,97.3279077296132,0.0668663963428807
330,26973,27081,431568,541620,2023-07-28,2023-09-15,108,110052,463127570,0.116948338877774,97.444856068491,0.203190428713859
427,554,812,339602,540792,2023-07-28,2023-12-15,258,201190,378408266,0.142912311540256,95.4491847701868,0.37202843237326
290,7662,7672,482706,537040,2023-07-28,2023-12-15,10,54333.9999999999,378408266,0.141920789859279,95.5911055600461,0.101173096976017
465,369,378,402210,534492,2023-07-28,2023-09-15,9,132282,463127570,0.1154092381069,97.5602653065979,0.247491075638176
402,1680,1680,505680,527520,2023-07-28,2023-11-17,0,21840.0000000001,135074018,0.390541428922326,92.0390774190193,0.0414012738853504
462,308,568,200508,524264,2023-07-28,2023-08-04,260,323756,52816345,0.992616963555506,90.0337575422911,0.617543832878092
200,34544,34544,518160,518160,2023-07-28,2023-12-15,0,0,378408266,0.136931469673551,95.7280370297197,0
409,1109,1089,458017,517275,2023-07-28,2023-12-15,-20,59258,378408266,0.136697595289845,95.8647346250095,0.114558020395341
420,6532,6517,359260,514843,2023-07-28,2023-08-25,-15,155583,66030519,0.779704609015719,92.1434829249184,0.302195038098993
365,36739,36721,293912,514094,2023-07-28,2023-08-18,-18,220182,252913702,0.203268544145544,97.0714109431683,0.428291324154727
465,456,411,517560,511695,2023-07-28,2023-08-18,-45,-5864.99999999994,252913702,0.202319999254133,97.2737309424224,-0.0114619060182334
315,5143,5303,442298,509088,2023-07-28,2023-12-15,160,66790.0000000001,378408266,0.134534059041934,95.9992686840514,0.1311953925451
406,1062,1160,421614,506920,2023-07-28,2023-12-15,98,85305.9999999999,378408266,0.133961132868065,96.1332298169195,0.168282963781267
411,1151,1071,504138,505512,2023-07-28,2023-12-15,-80,1374,378408266,0.133589047972858,96.2668188648924,0.00271803636708921
464,387,424,407898,502864,2023-07-28,2023-09-15,37,94966,463127570,0.108580018244217,97.6688453248421,0.188850265678195
380,18546,18454,333828,479804,2023-07-28,2023-08-25,-92,145976,66030519,0.726639752748271,92.8701226776667,0.304240898366833
461,565,479,390980,479000,2023-07-28,2023-08-25,-86,88020,66030519,0.725422133968082,93.5955448116348,0.183757828810021
350,47837,47846,287022,478460,2023-07-28,2023-08-18,9,191438,252913702,0.189179153290793,97.4629100957132,0.400112862099235
300,14477,14485,405356,478005,2023-07-28,2023-10-20,8,72649,233330779,0.204861528362703,97.9592263736453,0.15198376586019
394,1324,1643,434272,476470,2023-07-28,2023-12-15,319,42198.0000000001,378408266,0.125914268479537,96.3927331333719,0.0885638130417446
404,15312,15345,321552,475695,2023-07-28,2023-08-18,33,154143,252913702,0.188085895006195,97.6509959907194,0.324037460978148
399,17319,16984,311742,475552,2023-07-28,2023-08-18,-335,163810,252913702,0.188029353980988,97.8390253447004,0.344462855797053
448,1939,2104,286972,475504,2023-07-28,2023-08-11,165,188532,38394723,1.23846185841737,84.4304906171611,0.396488778222686
398,1696,1618,446048,469220,2023-07-28,2023-11-17,-78,23172.0000000001,135074018,0.347379908399556,92.3864573274188,0.049384084224884
397,1689,1694,445896,467544,2023-07-28,2023-11-17,5,21647.9999999999,135074018,0.34613910722638,92.7325964346452,0.046301524562394
444,2941,3067,282336,466184,2023-07-28,2023-08-11,126,183848,38394723,1.2141876892822,85.6446783064433,0.394367889073842
470,211,236,352370,457840,2023-07-28,2023-10-20,25,105470,233330779,0.196219290897752,98.155445664543,0.230364319412895
424,1091,1111,522589,456621,2023-07-28,2023-11-17,20,-65968.0000000001,135074018,0.338052429890699,93.0706488645359,-0.144469921444699
410,7870,7869,291190,456402,2023-07-28,2023-08-25,-1,165212,66030519,0.691198565317955,94.2867433769527,0.361987896634984
355,5032,5064,347208,455760,2023-07-28,2023-10-20,32,108552,233330779,0.19532785256762,98.3507735171107,0.238177988414955
401,3718,4140,286286,451260,2023-07-28,2023-09-15,422,164974,463127570,0.0974375159742704,97.7662828408164,0.365585250188362
345,15542,15550,373008,450950,2023-07-28,2023-09-15,8,77942,463127570,0.0973705797735168,97.8636534205899,0.172839560926932
300,37442,37136,336978,445632,2023-07-28,2023-09-15,-306,108654,463127570,0.096222300045752,97.9598757206357,0.243820012925463
340,6650,6552,365750,445536,2023-07-28,2023-10-20,-98,79786,233330779,0.190946090314129,98.5417196074248,0.179078682755153
345,6381,6227,389241,442117,2023-07-28,2023-10-20,-154,52876,233330779,0.189480788558975,98.7312003959838,0.119597301166886
468,321,328,464808,440832,2023-07-28,2023-09-15,7,-23976,463127570,0.0951858685502139,98.0550615891859,-0.0543880662020906
418,886,970,353514,440380,2023-07-28,2023-11-17,84,86866,135074018,0.326028651935119,93.396677516471,0.197252372950633
442,1399,1735,239229,432015,2023-07-28,2023-08-25,336,192786,66030519,0.654265643436787,94.9410090203895,0.446248394152981
404,1575,1495,481950,427570,2023-07-28,2023-11-17,-80,-54380,135074018,0.316544962777371,93.7132224792484,-0.127183852936361
365,2896,2937,408336,425865,2023-07-28,2023-11-17,41,17529,135074018,0.315282691894158,94.0285051711425,0.0411609312810398
407,916,912,366400,420432,2023-07-28,2023-12-15,-4,54032.0000000001,378408266,0.111105395356242,96.5038385287281,0.128515431746394
432,7573,7455,234763,417480,2023-07-28,2023-08-11,-118,182717,38394723,1.08733692387884,86.7320152303222,0.437666475040721
428,619,713,300834,416392,2023-07-28,2023-11-17,94,115558,135074018,0.30826950006033,94.3367746712029,0.2775221425964
397,4763,4772,366751,410392,2023-07-28,2023-09-15,9,43641,463127570,0.0886131654826768,98.1436747546686,0.106339792198678
380,2007,2000,371295,410000,2023-07-28,2023-11-17,-7,38705,135074018,0.303537279834231,94.6403119510371,0.0944024390243902
466,154,227,285516,404060,2023-07-28,2023-12-15,73,118544,378408266,0.106778851390102,96.6106173801182,0.293382170964708
480,148,160,367040,4e+05,2023-07-28,2023-12-15,12,32960,378408266,0.105705936138298,96.7163233162565,0.0824
392,1398,1499,342510,398734,2023-07-28,2023-11-17,101,56224,135074018,0.29519666765225,94.9355086186894,0.141006284891682
392,1484,1466,440748,395820,2023-07-28,2023-12-15,-18,-44928.0000000001,378408266,0.104601309105653,96.8209246253622,-0.113506139154161
386,7603,7593,402959,394836,2023-07-28,2023-09-15,-10,-8123,463127570,0.0852542637442206,98.2289290184128,-0.0205730987042722
443,5583,5948,195405,392568,2023-07-28,2023-08-04,365,197163,52816345,0.743269910100746,90.7770274523919,0.502239102524913
395,1441,1495,347281,391690,2023-07-28,2023-11-17,54,44408.9999999999,135074018,0.289981749117732,95.2254903678071,0.113377926421405
417,1054,912,421600,389424,2023-07-28,2023-11-17,-142,-32176,135074018,0.288304150395526,95.5137945182026,-0.0826245942725667
461,298,234,445510,388440,2023-07-28,2023-12-15,-64,-57069.9999999999,378408266,0.102651034583901,96.9235756599461,-0.146921017402945
396,4397,4396,294599,386848,2023-07-28,2023-09-15,-1,92249,463127570,0.0835294689970627,98.3124584874099,0.238463168996609
442,5122,6594,158782,382452,2023-07-28,2023-08-04,1472,223670,52816345,0.724116748328571,91.5011442007204,0.584831560561848
401,1239,1244,322140,380664,2023-07-28,2023-11-17,5,58524,135074018,0.281818817294678,95.7956133354973,0.153741882605132
470,184,192,340216,379584,2023-07-28,2023-11-17,8,39368,135074018,0.281019255679505,96.0766325911768,0.103713539032204
365,54132,54152,270660,379064,2023-07-28,2023-08-11,20,108404,38394723,0.987281507409234,87.7192967377314,0.285978093409029
335,7996,8001,407796,368046,2023-07-28,2023-10-20,5,-39750,233330779,0.157735726755535,98.8889361227393,-0.108002803997326
320,26995,28100,404925,365300,2023-07-28,2023-09-15,1105,-39625,463127570,0.0788767552750099,98.3913352426849,-0.108472488365727
413,726,695,320166,357925,2023-07-28,2023-12-15,-31,37759,378408266,0.0945869929807506,97.0181626529268,0.105494167772578
220,14873,14897,342079,357528,2023-07-28,2023-12-15,24,15449,378408266,0.0944820798391333,97.112644732766,0.0432106016871406
389,5006,5001,320384,350070,2023-07-28,2023-09-15,-5,29686,463127570,0.0755882445089589,98.4669234871938,0.0848001828205788
430,18208,18419,200288,349961,2023-07-28,2023-08-04,211,149673,52816345,0.662599806934766,92.1637440076552,0.427684799163335
419,737,736,316910,346656,2023-07-28,2023-11-17,-1,29746,135074018,0.256641510434672,96.3332741016115,0.0858084094895228
437,8059,8061,137003,346623,2023-07-28,2023-08-04,2,209620,52816345,0.656279793688867,92.8200238013441,0.604749252069251
475,130,151,264160,346243,2023-07-28,2023-10-20,21,82083,233330779,0.148391481605605,99.0373276043449,0.237067608587033
416,811,840,325211,346080,2023-07-28,2023-11-17,29,20869.0000000001,135074018,0.256215077573246,96.5894891791847,0.0603010864539993
425,3416,3514,252784,340858,2023-07-28,2023-08-25,98,88074,66030519,0.516212813653638,95.4572218340431,0.258389123916704
403,1106,1113,307468,339465,2023-07-28,2023-11-17,7,31996.9999999999,135074018,0.251317762680311,96.840806941865,0.0942571399113309
305,11750,11750,352500,329000,2023-07-28,2023-10-20,0,-23499.9999999999,233330779,0.141001543564041,99.1783291479089,-0.0714285714285713
360,27522,27391,220176,328692,2023-07-28,2023-08-18,-131,108516,252913702,0.129962116485093,97.9689874611855,0.33014493811836
383,6545,6545,340340,320705,2023-07-28,2023-09-15,0,-19635,463127570,0.0692476589117767,98.5361711461056,-0.0612244897959184
439,992,1549,139872,320643,2023-07-28,2023-08-25,557,180771,66030519,0.485598182258722,95.9428200163019,0.563776536521926
444,4327,4209,177407,319884,2023-07-28,2023-08-04,-118,142477,52816345,0.605653420356899,93.425677221701,0.44540208325518
463,67,192,102041,316032,2023-07-28,2023-12-15,125,213991,378408266,0.0835161460241463,97.1961608787901,0.677118139935196
270,5932,6431,272872,315119,2023-07-28,2023-12-15,499,42247,378408266,0.0832748722249107,97.279435751015,0.134066812854826
442,2430,2479,187110,309875,2023-07-28,2023-08-11,49,122765,38394723,0.807077055875621,88.526373793607,0.396175877369907
414,7008,7001,217248,308044,2023-07-28,2023-08-18,-7,90796,252913702,0.121798066915331,98.0907855281008,0.294750100634974
350,2446,2427,249492,305802,2023-07-28,2023-11-17,-19,56310,135074018,0.226395871336262,97.0672028132013,0.184138756450252
437,1218,2341,101094,304330,2023-07-28,2023-08-18,1123,203236,252913702,0.120329581827085,98.2111151099279,0.667814543423258
399,2902,2951,226356,303953,2023-07-28,2023-09-15,49,77597,463127570,0.065630512992349,98.601801659098,0.255292759077884
398,2626,2984,191698,298400,2023-07-28,2023-09-15,358,106702,463127570,0.0644314913059484,98.6662331504039,0.357580428954424
393,1108,1120,248192,297920,2023-07-28,2023-11-17,12,49728,135074018,0.220560552215157,97.2877633654164,0.166917293233083
361,1310,1531,234490,297014,2023-07-28,2023-12-15,221,62524,378408266,0.0784903572904509,97.3579261083055,0.210508595554418
391,1195,1203,270070,293532,2023-07-28,2023-11-17,8,23462,135074018,0.217311962986101,97.5050753284025,0.0799299565294414
363,1457,1459,266631,293259,2023-07-28,2023-12-15,2,26627.9999999999,378408266,0.0774980428149527,97.4354241511204,0.0908002823442757
411,763,759,264761,289938,2023-07-28,2023-11-17,-4,25176.9999999999,135074018,0.214651199611164,97.7197265280137,0.0868358062758243
465,253,234,267168,286884,2023-07-28,2023-08-11,-19,19716,38394723,0.74719643113456,89.2735702247416,0.0687246413184423
428,505,501,328250,286071,2023-07-28,2023-12-15,-4,-42179,378408266,0.0755985071425475,97.511022658263,-0.147442418140951
435,8952,4133,411792,285177,2023-07-28,2023-08-11,-4819,-126615,38394723,0.742750507667421,90.016320732409,-0.443987418340189
412,701,701,244649,283905,2023-07-28,2023-11-17,0,39256,135074018,0.210184759588628,97.9299112876023,0.138271604938272
310,20077,20130,240924,281820,2023-07-28,2023-09-15,53,40896,463127570,0.0608514841817774,98.7270846345857,0.145113902490952
415,21859,21637,131154,281281,2023-07-28,2023-08-04,-222,150127,52816345,0.532564303720752,93.9582415254217,0.533726060416452
377,1107,1114,265680,280728,2023-07-28,2023-12-15,7,15048,378408266,0.0741865401005802,97.5852091983636,0.0536034880738651
394,4488,4488,332112,278256,2023-07-28,2023-09-15,0,-53856,463127570,0.0600819337963404,98.787166568382,-0.193548387096774
325,13083,14506,222411,275614,2023-07-28,2023-09-15,1423,53203,463127570,0.059511464627338,98.8466780330094,0.193034461239269
436,1553,1610,189466,275310,2023-07-28,2023-08-25,57,85844,66030519,0.416943565141446,96.3597635814433,0.311808506774182
381,4332,4367,199272,275121,2023-07-28,2023-09-15,35,75849,463127570,0.0594050144758171,98.9060830474852,0.275693240428757
406,790,788,252800,275012,2023-07-28,2023-11-17,-2,22212.0000000001,135074018,0.203600961955541,98.1335122495579,0.0807673846959407
280,4379,4376,232087,271312,2023-07-28,2023-12-15,-3,39225,378408266,0.0716982223638846,97.6569074207274,0.144575249159639
464,146,148,228636,266696,2023-07-28,2023-12-15,2,38060,378408266,0.0704783758608487,97.7273857965883,0.142709301976783
422,435,428,232725,264504,2023-07-28,2023-12-15,-7,31779,378408266,0.0698991073308108,97.7972849039191,0.120145631067961
430,4574,5235,137220,256515,2023-07-28,2023-08-11,661,119295,38394723,0.668099624003017,90.684420356412,0.465060522776446
439,1920,2561,115200,256100,2023-07-28,2023-08-11,641,140900,38394723,0.66701874630011,91.3514391027121,0.550175712612261
461,171,296,106875,256040,2023-07-28,2023-08-11,125,149165,38394723,0.666862474824991,92.0183015775371,0.58258475238244
418,507,510,264147,254490,2023-07-28,2023-12-15,3,-9657,378408266,0.0672527592195885,97.8645376631387,-0.0379464811976895
210,12692,12705,241148,254100,2023-07-28,2023-12-15,13,12952,378408266,0.0671496959318537,97.9316873590705,0.0509720582447855
402,607,618,242193,249672,2023-07-28,2023-12-15,11,7478.99999999994,378408266,0.0659795312188027,97.9976668902894,0.029955301355378
315,19123,19188,267722,249444,2023-07-28,2023-09-15,65,-18278,463127570,0.0538607537443733,98.9599438012296,-0.073274963518866
265,5665,5665,249260,249260,2023-07-28,2023-12-15,0,0,378408266,0.0658706541045803,98.0635375443939,0
438,6904,6704,144984,248048,2023-07-28,2023-08-04,-200,103064,52816345,0.469642494193796,94.4278840196155,0.415500225762756
463,112,237,79968,241503,2023-07-28,2023-08-04,125,161535,52816345,0.457250496981569,94.8851345165971,0.668873678587844
330,4390,4388,201940,241340,2023-07-28,2023-10-20,-2,39400,233330779,0.103432560862448,99.2817617087714,0.163255158697274
390,39902,39876,159608,239256,2023-07-28,2023-08-04,-26,79648,52816345,0.452996132163254,95.3381306487603,0.332898652489384
325,4747,4759,213615,237950,2023-07-28,2023-10-20,12,24335,233330779,0.101979687814782,99.3837413965862,0.102269384324438
397,653,656,228550,236816,2023-07-28,2023-12-15,3,8266,378408266,0.0625821424313178,98.1261196868252,0.0349047361664752
393,9456,9452,160752,236300,2023-07-28,2023-08-18,-4,75548,252913702,0.0934310787163283,98.3045461886442,0.319712230215827
320,4946,5226,202786,235170,2023-07-28,2023-10-20,280,32384,233330779,0.100788246200472,99.4845296427867,0.137704639197177
420,8293,8103,140981,234987,2023-07-28,2023-08-11,-190,94006,38394723,0.612029418730277,92.6303309962674,0.400047662211101
422,467,483,210617,231840,2023-07-28,2023-11-17,16,21223,135074018,0.171639226723825,98.3051514762817,0.0915415804002761
470,39,134,56316,229408,2023-07-28,2023-08-18,95,173092,252913702,0.0907060385364175,98.3952522271806,0.754515971544148
391,3001,2990,183061,227240,2023-07-28,2023-09-15,-11,44179,463127570,0.0490663943845969,99.0090101956141,0.194415595845802
438,2902,2544,145100,221328,2023-07-28,2023-08-11,-358,76228,38394723,0.57645421741941,93.2067852136868,0.344411913540085
355,1525,1675,179950,221100,2023-07-28,2023-11-17,150,41150,135074018,0.163688030661826,98.4688395069435,0.186114880144731
391,743,743,219928,219928,2023-07-28,2023-12-15,0,0,378408266,0.0581192378075589,98.1842389246328,0
360,1515,1513,189375,217872,2023-07-28,2023-11-17,-2,28497,135074018,0.161298229834253,98.6301377367778,0.130796981714034
400,13427,13485,134270,215760,2023-07-28,2023-08-11,58,81490,38394723,0.561952224528355,93.7687374382151,0.377688172043011
375,71354,71354,142708,214062,2023-07-28,2023-08-04,0,71354,52816345,0.405294989647618,95.743425638408,0.333333333333333
402,11176,11160,245872,212040,2023-07-28,2023-08-18,-16,-33832,252913702,0.0838388740203566,98.479091101201,-0.159554800980947
384,3844,3844,211420,211420,2023-07-28,2023-09-15,0,0,463127570,0.0456504889138861,99.054660684528,0
396,557,666,174898,211122,2023-07-28,2023-12-15,109,36224,378408266,0.0557921216234743,98.2400310462563,0.171578518581673
349,8684,8684,243152,208416,2023-07-28,2023-09-15,0,-34736.0000000001,463127570,0.0450018555362619,99.0996625400643,-0.166666666666667
351,6714,6709,181278,207979,2023-07-28,2023-09-15,-5,26701,463127570,0.0449074970855223,99.1445700371498,0.128383154068439
424,334,335,190380,206360,2023-07-28,2023-12-15,1,15980,378408266,0.0545336924537478,98.29456473871,0.0774374878852491
372,1078,1079,237160,206089,2023-07-28,2023-12-15,1,-31071,378408266,0.0544620766820141,98.3490268153921,-0.150764960769377
425,5096,5567,117208,205979,2023-07-28,2023-08-11,471,88771,38394723,0.536477369559353,94.3052148077745,0.430971118414984
387,3360,3205,204960,205120,2023-07-28,2023-09-15,-155,159.999999999971,463127570,0.0442901725759924,99.1888602097258,0.000780031201247908
376,984,1004,225336,203812,2023-07-28,2023-12-15,20,-21524,378408266,0.0538603456405469,98.4028871610326,-0.105607128137696
431,3935,3918,118050,203736,2023-07-28,2023-08-11,-17,85686,38394723,0.530635420914484,94.835850228689,0.420573683590529
330,33642,33535,134568,201210,2023-07-28,2023-08-18,-107,66642,252913702,0.0795567809924351,98.5586478821934,0.331206202475026
347,1222,1224,197964,200736,2023-07-28,2023-12-15,2,2772,378408266,0.0530474669916434,98.4559346280242,0.0138091822094692
335,11613,11635,209034,197795,2023-07-28,2023-09-15,22,-11239,463127570,0.0427085349291557,99.231568744655,-0.0568214565585581
439,1022,1324,102200,197276,2023-07-28,2023-08-18,302,95076,252913702,0.0780013097115632,98.636649191905,0.481944078347087
427,1719,1716,163305,195624,2023-07-28,2023-08-25,-3,32319,66030519,0.296263005293052,96.6560265867364,0.16520979020979
423,387,385,226395,195580,2023-07-28,2023-12-15,-2,-30815,378408266,0.0516849174748207,98.507619545499,-0.157557009919215
305,13809,13932,151899,195048,2023-07-28,2023-09-15,123,43149,463127570,0.0421153938211884,99.2736841384762,0.221222468315492
285,3264,3264,192576,192576,2023-07-28,2023-12-15,0,0,378408266,0.0508910658944221,98.5585106113935,0
480,68,72,160684,191880,2023-07-28,2023-09-15,4,31196,463127570,0.0414313490341333,99.3151154875103,0.16258077965395
378,781,781,189002,189002,2023-07-28,2023-12-15,0,0,378408266,0.0499465833550264,98.6084571947485,0
415,2757,2800,129579,187600,2023-07-28,2023-08-25,43,58021,66030519,0.284111048710673,96.940137635447,0.309280383795309
250,4740,4754,161160,185406,2023-07-28,2023-12-15,14,24246,378408266,0.0489962869891431,98.6574534817376,0.130772466910456
401,523,522,192987,183222,2023-07-28,2023-12-15,-1,-9765.00000000003,378408266,0.048419132577828,98.7058726143155,-0.0532960015718638
396,538,652,136652,183212,2023-07-28,2023-11-17,114,46560,135074018,0.135638224665827,98.7657759614436,0.254131825426282
371,793,793,168909,182390,2023-07-28,2023-12-15,0,13481,378408266,0.0481992642306603,98.7540718785461,0.0739130434782609
466,7,195,7735,182325,2023-07-28,2023-08-25,188,174590,66030519,0.276122318529709,97.2162599539767,0.957575757575757
411,4876,4873,136528,175428,2023-07-28,2023-08-18,-3,38900,252913702,0.0693627900002033,98.7060119819052,0.221743393300955
392,8740,8742,157320,174840,2023-07-28,2023-08-18,2,17520,252913702,0.0691302996308203,98.775142281536,0.100205902539465
407,5120,5130,117760,174420,2023-07-28,2023-08-18,10,56660,252913702,0.068964235081261,98.8441065166173,0.324848067882124
390,5406,5419,118932,173408,2023-07-28,2023-08-25,13,54476,66030519,0.262617957008637,97.4788779109854,0.314149289536815
433,1113,1110,121317,172050,2023-07-28,2023-08-25,-3,50733,66030519,0.260561332253045,97.7394392432384,0.29487358326068
394,636,642,155820,171414,2023-07-28,2023-11-17,6,15594,135074018,0.12690375435489,98.8926797157985,0.090972732682278
190,13126,13126,170638,170638,2023-07-28,2023-12-15,0,0,378408266,0.0450936238269171,98.799165502373,0
376,3090,3087,129780,169785,2023-07-28,2023-09-15,-3,40005,463127570,0.0366605253062347,99.3517760128165,0.235621521335807
396,6585,6514,151455,169364,2023-07-28,2023-08-18,-71,17909,252913702,0.066965134217995,98.9110716508353,0.105742660777969
437,1278,915,194256,168360,2023-07-28,2023-08-25,-363,-25896,66030519,0.254973007254418,97.9944122504929,-0.153813257305773
391,7986,8009,111804,168189,2023-07-28,2023-08-18,23,56385,252913702,0.0665005488710137,98.9775721997063,0.335247846173055
150,23533,23512,117665,164584,2023-07-28,2023-12-15,-21,46919,378408266,0.043493764483464,98.8426592668565,0.285076313614932
371,3284,3289,121508,164450,2023-07-28,2023-09-15,5,42942,463127570,0.0355085748835899,99.3872845877001,0.261124961994527
480,55,59,137500,164256,2023-07-28,2023-11-17,4,26756,135074018,0.121604437649882,99.0142841534484,0.162892070913696
235,6048,6048,163296,163296,2023-07-28,2023-12-15,0,0,378408266,0.0431533913690987,98.8858126582256,0
441,3073,3123,86044,162396,2023-07-28,2023-08-04,50,76352,52816345,0.307472999125555,96.0508986375335,0.470159363531122
436,5256,5275,84096,158250,2023-07-28,2023-08-04,19,74154,52816345,0.299623156430079,96.3505217939636,0.468587677725119
255,3921,3925,148998,157000,2023-07-28,2023-12-15,4,8002,378408266,0.0414895799342819,98.9273022381599,0.050968152866242
378,2680,2703,115240,156774,2023-07-28,2023-09-15,23,41534,463127570,0.0338511481836419,99.4211357358838,0.264929133657366
403,566,379,215646,156148,2023-07-28,2023-12-15,-187,-59498,378408266,0.0412644262903073,98.9685666644502,-0.381035940261803
363,3966,3976,134844,155064,2023-07-28,2023-09-15,10,20220,463127570,0.0334819194633565,99.4546176553471,0.130397771242842
393,511,511,151767,154322,2023-07-28,2023-12-15,0,2555,378408266,0.040781878691836,99.009348543142,0.0165562913907285
436,1983,1897,95184,151760,2023-07-28,2023-08-11,-86,56576,38394723,0.395262651067961,95.2311128797569,0.372799156562994
401,5315,5225,100985,151525,2023-07-28,2023-08-18,-90,50540,252913702,0.059911740171357,99.0374839398777,0.333542319749216
419,315,317,163800,150892,2023-07-28,2023-12-15,2,-12908,378408266,0.0398754502894501,99.0492239934315,-0.0855446279458158
225,6928,6943,173200,145803,2023-07-28,2023-12-15,15,-27397,378408266,0.0385306065169306,99.0877545999484,-0.187904226936346
340,20842,20816,104210,145712,2023-07-28,2023-08-18,-26,41502,252913702,0.0576133277270996,99.0950972676048,0.284822114856704
428,1220,1238,103700,144846,2023-07-28,2023-08-25,18,41146,66030519,0.219362201287559,98.2137744517804,0.284067216215843
468,79,79,144096,144096,2023-07-28,2023-12-15,0,0,378408266,0.0380795064344604,99.1258341063829,0
265,8924,8924,142784,142784,2023-07-28,2023-10-20,0,0,233330779,0.0611938127545531,99.5457234555412,0
439,3210,3563,67410,142520,2023-07-28,2023-08-04,353,75110,52816345,0.269840709348593,96.6203625033122,0.527013752455796
434,852,861,91164,142065,2023-07-28,2023-08-25,9,50901,66030519,0.215150512447131,98.4289249642275,0.358293738781544
399,354,354,121422,141600,2023-07-28,2023-12-15,0,20178,378408266,0.0374199013929574,99.1632540077758,0.1425
335,28236,28255,141180,141275,2023-07-28,2023-08-18,19,94.9999999999709,252913702,0.0558589743785412,99.1509562419833,0.000672447354450334
463,5,144,3655,139968,2023-07-28,2023-08-11,139,136313,38394723,0.364550097157883,95.5956629769148,0.973886888431642
431,893,1329,58938,138216,2023-07-28,2023-08-18,436,79278,252913702,0.0546494709092511,99.2056057128925,0.573580482722695
376,17107,17103,205284,136824,2023-07-28,2023-08-18,-4,-68460,252913702,0.0540990855449975,99.2597047984375,-0.500350815646378
330,1468,1524,113036,134112,2023-07-28,2023-11-17,56,21076,135074018,0.0992877845686059,99.113571938017,0.157152230971129
464,88,125,70928,131250,2023-07-28,2023-08-11,37,60322,38394723,0.341843851823075,95.9375068287379,0.45959619047619
477,54,54,129438,129438,2023-07-28,2023-12-15,0,0,378408266,0.0342059124046725,99.1974599201805,0
357,766,766,128688,128688,2023-07-28,2023-12-15,0,0,378408266,0.0340077137744132,99.2314676339549,0
320,32033,32035,96099,128140,2023-07-28,2023-08-18,2,32041,252913702,0.050665503286967,99.3103703017245,0.250046823786484
180,11612,11632,150956,127952,2023-07-28,2023-12-15,20,-23004,378408266,0.0338132148519187,99.2652808488068,-0.17978616981368
347,3853,3854,96325,127182,2023-07-28,2023-09-15,1,30857,463127570,0.0274615480136499,99.4820792033608,0.242620811121071
441,1136,1119,79520,126447,2023-07-28,2023-08-11,-17,46927,38394723,0.329334320239789,96.2668411489777,0.371119915854073
366,643,643,126028,126028,2023-07-28,2023-12-15,0,0,378408266,0.0333047692990935,99.2985856181059,0
462,86,89,132440,124600,2023-07-28,2023-12-15,3,-7840,378408266,0.0329273991070798,99.331513017213,-0.0629213483146067
398,4469,4612,89380,124524,2023-07-28,2023-08-18,143,35144,252913702,0.0492357665936186,99.3596060683181,0.282226719347274
442.5,1306,1945,39180,124480,2023-07-28,2023-08-04,639,85300,52816345,0.235684616192203,96.8560471195044,0.685250642673522
378,7343,6912,88116,124416,2023-07-28,2023-08-18,-431,36300,252913702,0.0491930642808748,99.408799132599,0.291763117283951
359,3123,3097,93690,123880,2023-07-28,2023-09-15,-26,30190,463127570,0.026748569514011,99.5088277728748,0.243703584113658
424,3568,3534,78496,123690,2023-07-28,2023-08-11,-34,45194,38394723,0.322153645958066,96.5889947949358,0.365381194922791
500,26,28,115050,123060,2023-07-28,2023-12-15,2,8010.00000000001,378408266,0.0325204312529473,99.364033448466,0.0650901999024867
362,2915,2915,102025,122430,2023-07-28,2023-09-15,0,20405,463127570,0.0264354808330672,99.5352632537078,0.166666666666667
415,4621,4673,83178,121498,2023-07-28,2023-08-11,52,38320,38394723,0.316444528067047,96.9054393230028,0.315396138208036
429,978,985,78240,121155,2023-07-28,2023-08-25,7,42915,66030519,0.183483337454912,98.6124083016824,0.354215674136437
405,2679,2687,99123,120915,2023-07-28,2023-08-25,8,21792,66030519,0.183119869162319,98.7955281708448,0.1802257784394
403,5439,5438,103341,119636,2023-07-28,2023-08-18,-1,16295,252913702,0.0473030915501763,99.4561022241492,0.13620482129125
340,1078,1132,95942,117728,2023-07-28,2023-11-17,54,21786,135074018,0.0871581387324985,99.2007300767495,0.185053683066051
429,2457,2092,71253,117152,2023-07-28,2023-08-11,-365,45899,38394723,0.305125264219252,97.2105645872221,0.391790152963671
431,761,883,73056,114790,2023-07-28,2023-08-25,122,41734,66030519,0.173843855445086,98.9693720262899,0.363568255074484
480,25,41,64275,114308,2023-07-28,2023-10-20,16,50033,233330779,0.0489896791541591,99.5947131346954,0.437703397837422
434,2109,1727,78033,112255,2023-07-28,2023-08-11,-382,34222,38394723,0.292370907324947,97.502935494547,0.304859471738453
250,7422,7422,96486,111330,2023-07-28,2023-10-20,0,14844,233330779,0.0477133794680384,99.6424265141634,0.133333333333333
275,3578,3582,114496,111042,2023-07-28,2023-11-17,4,-3454,135074018,0.082208260066714,99.2829383368162,-0.0311053475261613
361,3957,3962,150366,110936,2023-07-28,2023-09-15,5,-39430,463127570,0.0239536592477101,99.5592169129555,-0.355430157928896
354,4613,4617,138390,110808,2023-07-28,2023-09-15,4,-27582,463127570,0.0239260210744957,99.58314293403,-0.248917045700671
260,2870,2877,109060,109326,2023-07-28,2023-12-15,7,266.000000000015,378408266,0.0288910179356389,99.3929244664016,0.00243309002433103
442.5,732,791,63684,109158,2023-07-28,2023-08-11,59,45474,38394723,0.284304694684215,97.7872401892312,0.416588797889298
368,3451,3451,134589,106981,2023-07-28,2023-09-15,0,-27608,463127570,0.0230996828800324,99.6062426169101,-0.258064516129032
387,8221,8221,106873,106873,2023-07-28,2023-08-18,0,0,252913702,0.0422567062024975,99.4983589303517,0
369,480,481,97440,105820,2023-07-28,2023-12-15,1,8380.00000000002,378408266,0.0279645054053867,99.420888971807,0.0791910791910793
420,9593,9601,67151,105611,2023-07-28,2023-08-04,8,38460,52816345,0.199958933167375,97.0560060526718,0.364166611432521
280,2167,2550,84513,104550,2023-07-28,2023-11-17,383,20037,135074018,0.077402006357729,99.3603403431739,0.191649928263989
346,4950,4950,128700,103950,2023-07-28,2023-09-15,0,-24750,463127570,0.0224452195752458,99.6286878364853,-0.238095238095238
485,24,32,71688,103744,2023-07-28,2023-10-20,8,32056,233330779,0.0444622010197806,99.6868887151832,0.308991363355953
434,3197,3236,41561,103552,2023-07-28,2023-08-04,39,61991,52816345,0.196060518765545,97.2520665714373,0.598646090852905
387,370,370,102490,102490,2023-07-28,2023-12-15,0,0,378408266,0.0270845034870354,99.447973475294,0
353,577,586,94051,100206,2023-07-28,2023-12-15,9,6155,378408266,0.0264809225916857,99.4744543978857,0.0614234676566274
379,1821,1821,80124,100155,2023-07-28,2023-09-15,0,20031,463127570,0.021625790924086,99.6503136274094,0.2
373,2015,2014,80600,98686,2023-07-28,2023-09-15,-1,18086,463127570,0.0213085997018057,99.6716222271112,0.183268143404333
368,494,494,97812,97812,2023-07-28,2023-12-15,0,0,378408266,0.025848272563898,99.5003026704496,0
362,563,492,104718,95448,2023-07-28,2023-12-15,-71,-9270,378408266,0.0252235504813206,99.5255262209309,-0.0971209454362585
369,1928,1932,86760,94668,2023-07-28,2023-09-15,4,7908,463127570,0.0204410201707491,99.692063247282,0.0835340347319052
367,2292,2296,93972,94136,2023-07-28,2023-09-15,4,164,463127570,0.0203261490133269,99.7123893962953,0.00174216027874564
426,159,162,92697,93798,2023-07-28,2023-12-15,3,1101,378408266,0.0247875134947501,99.5503137344257,0.0117379901490437
345,726,831,71874,93072,2023-07-28,2023-11-17,105,21198,135074018,0.0689044431920283,99.4292447863659,0.227759154203198
250,18598,18589,55794,92945,2023-07-28,2023-09-15,-9,37151,463127570,0.0200689844484966,99.7324583807438,0.399709505621604
210,6222,7133,62220,92729,2023-07-28,2023-11-17,911,30509,135074018,0.0686505083457279,99.4978952947117,0.329012498786787
352,2897,2866,86910,91712,2023-07-28,2023-09-15,-31,4802,463127570,0.0198027511080802,99.7522611318519,0.0523595603628751
345,13086,13055,65430,91385,2023-07-28,2023-08-18,-31,25955,252913702,0.0361328782416067,99.5344918085933,0.284018164906713
394,4188,4212,67008,88452,2023-07-28,2023-08-18,24,21444,252913702,0.0349731941371844,99.5694650027305,0.242436575769909
388,4847,4843,77552,87174,2023-07-28,2023-08-18,-4,9622,252913702,0.0344678834363826,99.6039328861669,0.110376947254915
428,4694,4818,46940,86724,2023-07-28,2023-08-04,124,39784,52816345,0.164199169783521,97.4162657412208,0.45874267792076
464,29,75,24447,86625,2023-07-28,2023-08-04,46,62178,52816345,0.164011727808882,97.5802774690297,0.71778354978355
290,9511,9525,85599,85725,2023-07-28,2023-09-15,14,126,463127570,0.0185100187406248,99.7707711505925,0.00146981627296588
372,2187,2187,85293,85293,2023-07-28,2023-09-15,0,0,463127570,0.0184167399060263,99.7891878904985,0
364,441,441,84672,84672,2023-07-28,2023-12-15,0,0,378408266,0.0223758325617549,99.5726895669874,0
388,296,296,83768,83768,2023-07-28,2023-12-15,0,0,378408266,0.0221369371460823,99.5948265041335,0
310,1193,1207,65615,83283,2023-07-28,2023-11-17,14,17668,135074018,0.0616573055522787,99.559552600264,0.212144135057575
315,1858,1875,70604,82500,2023-07-28,2023-10-20,17,11896,233330779,0.035357529921074,99.7222462451043,0.144193939393939
348,505,505,81810,81810,2023-07-28,2023-12-15,0,0,378408266,0.0216195065886854,99.6164460107222,0
433,3102,3223,40326,80575,2023-07-28,2023-08-04,121,40249,52816345,0.152556940469849,97.7328344094996,0.499522184300341
397,4986,4984,79776,79744,2023-07-28,2023-08-18,-2,-32,252913702,0.031530122476322,99.6354630086432,-0.000401284109149278
245,2670,2378,85440,76096,2023-07-28,2023-12-15,-292,-9344,378408266,0.0201094972909498,99.6365555080131,-0.122792262405383
437,862,887,42238,75395,2023-07-28,2023-08-11,25,33157,38394723,0.196368131110101,97.9836083203413,0.439777173552623
295,2403,2403,67284,74493,2023-07-28,2023-10-20,0,7209,233330779,0.0319259209261887,99.7541721660305,0.0967741935483871
325,14711,14715,44133,73575,2023-07-28,2023-08-18,4,29442,252913702,0.0290909505567239,99.6645539591999,0.400163098878695
374,2043,2043,81720,73548,2023-07-28,2023-09-15,0,-8172,463127570,0.0158807215903817,99.8050686120889,-0.111111111111111
384,263,263,73377,73377,2023-07-28,2023-12-15,0,0,378408266,0.0193909611900497,99.6559464692032,0
431,2914,2906,34968,72650,2023-07-28,2023-08-04,-8,37682,52816345,0.137552115732355,97.8703865252319,0.518678596008259
367,323,335,65246,72025,2023-07-28,2023-12-15,12,6779,378408266,0.0190336751259022,99.6749801443291,0.0941200971884762
424,628,673,43960,72011,2023-07-28,2023-08-25,45,28051,66030519,0.109057146741494,99.0784291730314,0.389537709516602
300,34797,34823,34797,69646,2023-07-28,2023-08-18,26,34849,252913702,0.0275374562347753,99.6920914154347,0.50037331648623
469,0,36,0,69336,2023-07-28,2023-12-15,36,69336,378408266,0.0183230669702125,99.6933032112993,1
346,542,543,78590,68961,2023-07-28,2023-12-15,1,-9629,378408266,0.0182239676550829,99.7115271789544,-0.139629645741796
352,429,429,68640,68640,2023-07-28,2023-12-15,0,0,378408266,0.0181391386413319,99.7296663175957,0
433,1039,1172,36365,67976,2023-07-28,2023-08-11,133,31611,38394723,0.177045163211622,98.1606534835529,0.465031775920913
364,2232,2339,80352,67831,2023-07-28,2023-09-15,107,-12521,463127570,0.0146462884945502,99.8197149005834,-0.18459111615633
310,1862,1699,61446,66261,2023-07-28,2023-10-20,-163,4815,233330779,0.0283978823042459,99.7825700483347,0.0726671797890162
215,5267,6537,68471,65370,2023-07-28,2023-11-17,1270,-3100.99999999999,135074018,0.0483956877628383,99.6079482880268,-0.0474376625363315
437.5,915,756,49410,65016,2023-07-28,2023-08-11,-159,15606,38394723,0.169335770439078,98.329989253992,0.240033222591362
381,5861,5861,76193,64471,2023-07-28,2023-08-18,0,-11722,252913702,0.0254913037491342,99.7175827191838,-0.181818181818182
366,2128,2135,72352,64050,2023-07-28,2023-09-15,7,-8302.00000000002,463127570,0.0138298827685858,99.833544783352,-0.129617486338798
185,5271,5271,63252,63252,2023-07-28,2023-12-15,0,0,378408266,0.016715279681549,99.7463815972773,0
426,594,626,46926,63226,2023-07-28,2023-08-25,32,16300,66030519,0.0957526927813486,99.1741818658127,0.25780533324898
485,27,19,82404,61845,2023-07-28,2023-08-18,-8,-20559,252913702,0.024453004922604,99.7420357241064,-0.332427843803056
300,905,1100,43440,61600,2023-07-28,2023-11-17,195,18160,135074018,0.0456046254580211,99.6535529134848,0.294805194805195
295,5502,5521,55020,60731,2023-07-28,2023-09-15,19,5711,463127570,0.0131132335740669,99.8466580169261,0.0940376414022493
375,1229,3030,20893,60600,2023-07-28,2023-08-25,1801,39707,66030519,0.0917757438798868,99.2659576096926,0.65523102310231
374,299,300,65481,60300,2023-07-28,2023-12-15,1,-5181.00000000001,378408266,0.0159351698728484,99.7623167671501,-0.0859203980099504
425,4022,3989,40220,59835,2023-07-28,2023-08-04,-33,19615,52816345,0.113288793459676,97.9836753186916,0.327818166624885
356,631,412,106008,59740,2023-07-28,2023-12-15,-219,-46268,378408266,0.0157871815622548,99.7781039487124,-0.774489454301975
357,2563,2283,92268,59358,2023-07-28,2023-09-15,-280,-32910,463127570,0.0128167709816973,99.8594747879078,-0.554432426968563
419,4564,4553,31948,59189,2023-07-28,2023-08-04,-11,27241,52816345,0.112065687241327,98.0957410059329,0.460237544138269
270,8422,8422,58954,58954,2023-07-28,2023-09-15,0,0,463127570,0.0127295379974895,99.8722043259053,0
354,350,350,56350,58800,2023-07-28,2023-12-15,0,2450,378408266,0.0155387726123298,99.7936427213247,0.0416666666666667
383,3289,3388,39468,57596,2023-07-28,2023-08-18,99,18128,252913702,0.0227729852295626,99.764808709336,0.314744079449962
389,2694,2739,43104,57519,2023-07-28,2023-08-18,45,14415,252913702,0.0227425400621434,99.7875512493981,0.250612840974287
384,2836,2861,36868,57220,2023-07-28,2023-08-18,25,20352,252913702,0.0226243179185286,99.8101755673166,0.355679832226494
351,312,321,47112,56817,2023-07-28,2023-12-15,9,9704.99999999999,378408266,0.0150147354339242,99.8086574567586,0.1708115528803
205,3877,3875,65909,54250,2023-07-28,2023-12-15,-2,-11659,378408266,0.0143363675887566,99.8229938243474,-0.214912442396313
270,174,1569,5916,53346,2023-07-28,2023-11-17,1395,47430,135074018,0.0394939017805778,99.6930468152654,0.889101338432122
270,2447,2535,44046,53235,2023-07-28,2023-10-20,88,9189,233330779,0.0228152497617985,99.8053852980965,0.172612003381234
437.5,1953,1508,41013,52780,2023-07-28,2023-08-04,-445,11767,52816345,0.0999311860750682,98.195672192008,0.222944297082228
220,3283,3283,52528,52528,2023-07-28,2023-11-17,0,0,135074018,0.0388883078905671,99.731935123156,0
427,759,1297,20493,51880,2023-07-28,2023-08-11,538,31387,38394723,0.135122735486332,98.4651119894784,0.604992289899769
315,935,937,57970,51535,2023-07-28,2023-11-17,2,-6435.00000000001,135074018,0.0381531554055052,99.7700882785615,-0.12486659551761
525,7,7,48993,48993,2023-07-28,2023-12-15,0,0,378408266,0.0129471273230591,99.8359409516704,0
155,6976,6976,48832,48832,2023-07-28,2023-12-15,0,0,378408266,0.0129045806837634,99.8488455323542,0
349,276,285,41400,48735,2023-07-28,2023-12-15,9,7335,378408266,0.0128789469942499,99.8617244793485,0.15050784856879
432,2087,2094,27131,48162,2023-07-28,2023-08-04,7,21031,52816345,0.0911876806318196,98.2868598726398,0.436672065113575
310,15883,15881,47649,47643,2023-07-28,2023-08-18,-2,-6,252913702,0.0188376507967923,99.8290132181134,-0.000125936653863107
382,4763,4761,66682,47610,2023-07-28,2023-08-18,-2,-19072,252913702,0.0188246028678984,99.8478378209813,-0.400588111741231
390,3641,3631,29128,47203,2023-07-28,2023-08-11,-10,18075,38394723,0.122941374000797,98.5880533634792,0.382920577081965
500,10,10,44480,47040,2023-07-28,2023-08-18,0,2560.00000000001,252913702,0.0185992295506394,99.866437050532,0.0544217687074832
165,5211,5215,41688,46935,2023-07-28,2023-12-15,4,5247,378408266,0.0124032702816275,99.8741277496301,0.111792905081496
470,29,26,44950,46176,2023-07-28,2023-08-25,-3,1226.00000000001,66030519,0.0699312994950108,99.3358889091876,0.0265505890505892
305,730,738,40150,45756,2023-07-28,2023-11-17,8,5605.99999999999,135074018,0.0338747604295002,99.803963038991,0.122519451000961
465,30,35,30810,45150,2023-07-28,2023-08-04,5,14340,52816345,0.0854849005549324,98.3723447731948,0.317607973421927
405,1291,5629,7746,45032,2023-07-28,2023-08-04,4338,37286,52816345,0.0852614848679893,98.4576062580627,0.827988985610233
380,11239,11246,33717,44984,2023-07-28,2023-08-04,7,11267,52816345,0.0851706039105887,98.5427768619733,0.250466832651609
335,441,443,37485,44300,2023-07-28,2023-11-17,2,6815,135074018,0.0327968329186743,99.8367598719096,0.153837471783296
348,1640,2109,41000,44289,2023-07-28,2023-09-15,469,3289,463127570,0.00956302385539259,99.8817673497607,0.074262232156969
160,6325,6325,44275,44275,2023-07-28,2023-12-15,0,0,378408266,0.0117003258063078,99.8858280754364,0
230,1882,1893,45168,43539,2023-07-28,2023-12-15,11,-1628.99999999999,378408266,0.0115058268838134,99.8973339023202,-0.0374147316199268
427.5,2629,2628,26290,42048,2023-07-28,2023-08-04,-1,15758,52816345,0.0796117186829191,98.6223885806562,0.374762176560122
325,503,503,36216,41749,2023-07-28,2023-11-17,0,5532.99999999999,135074018,0.0309082387702423,99.8676681106799,0.132530120481928
400,1036,1065,29008,41535,2023-07-28,2023-08-25,29,12527,66030519,0.0629027313869818,99.3987916405746,0.301601059347538
400,5820,5822,29100,40754,2023-07-28,2023-08-04,2,11654,52816345,0.0771617195396614,98.6995503001959,0.285959660401433
432.5,1718,1839,22334,40458,2023-07-28,2023-08-04,121,18124,52816345,0.0766012869690245,98.7761515871649,0.447970735083296
416,545,544,30520,40256,2023-07-28,2023-08-25,-1,9736,66030519,0.0609657482777017,99.4597573888523,0.241852146263911
215,1935,1911,40635,40131,2023-07-28,2023-12-15,-24,-504,378408266,0.0106052123079151,99.9079391146281,-0.0125588697017268
428,864,866,24192,39836,2023-07-28,2023-08-11,2,15644,38394723,0.103753841380754,98.6918072048599,0.392710111456974
350,7859,7892,15718,39460,2023-07-28,2023-08-11,33,23742,38394723,0.102774540136675,98.7945817449966,0.601672579827674
385,3285,3269,22995,39228,2023-07-28,2023-08-11,-16,16233,38394723,0.102170290432881,98.8967520354295,0.413811563169165
353,1399,1399,39172,39172,2023-07-28,2023-09-15,0,0,463127570,0.00845814469650338,99.8902254944572,0
290,1775,1771,46150,38962,2023-07-28,2023-10-20,-4,-7188,233330779,0.0166981827973925,99.8220834808939,-0.184487449309584
235,3807,3857,41877,38570,2023-07-28,2023-10-20,50,-3306.99999999999,233330779,0.0165301809582524,99.8386136618521,-0.0857402126004665
373,171,171,38304,38304,2023-07-28,2023-12-15,0,0,378408266,0.0101224004446034,99.9180615150727,0
230,2736,2734,43776,38276,2023-07-28,2023-11-17,-2,-5499.99999999999,135074018,0.0283370559095977,99.8960051665895,-0.143693175880447
175,3810,3815,38100,38150,2023-07-28,2023-12-15,5,50,378408266,0.0100817036591902,99.9281432187319,0.00131061598951507
475,16,17,32400,37740,2023-07-28,2023-09-15,1,5340,463127570,0.00814894263366787,99.8983744370909,0.141494435612083
418,505,503,24745,37725,2023-07-28,2023-08-25,-2,12980,66030519,0.0571326722420583,99.5168900610943,0.344068919814447
170,4177,4181,33416,37629,2023-07-28,2023-12-15,4,4213,378408266,0.00994402167737002,99.9380872404093,0.111961519041165
195,2482,2482,37230,37230,2023-07-28,2023-12-15,0,0,378408266,0.00983858000607207,99.9479258204154,0
408,6063,6067,30315,36402,2023-07-28,2023-08-04,4,6087,52816345,0.0689218460686744,98.8450734332336,0.167216087028185
360,36124,36087,72248,36087,2023-07-28,2023-08-04,-37,-36161,52816345,0.068325439785733,98.9133988730193,-1.00205059993904
467,21,25,27510,35450,2023-07-28,2023-08-18,4,7940,252913702,0.0140166387663726,99.8804536892983,0.223977433004231
410,1596,1611,20748,35442,2023-07-28,2023-08-11,15,14694,38394723,0.0923095603528641,98.9890615957823,0.414592855933638
260,5853,5853,35118,35118,2023-07-28,2023-09-15,0,0,463127570,0.00758279192923021,99.9059572290201,0
410,3702,3809,25914,34281,2023-07-28,2023-08-04,107,8367,52816345,0.0649060437635357,98.9783049167829,0.244071059770718
200,6429,5697,38574,34182,2023-07-28,2023-10-20,-732,-4392,233330779,0.0146495889425715,99.8532632507947,-0.128488678251711
240,2840,2840,28400,34080,2023-07-28,2023-10-20,0,5680,233330779,0.0146058741783055,99.867869124973,0.166666666666667
235,1970,1970,33490,33490,2023-07-28,2023-11-17,0,0,135074018,0.0247938134186547,99.9207989800081,0
265,6114,4783,42798,33481,2023-07-28,2023-09-15,-1331,-9316.99999999999,463127570,0.00722932560460609,99.9131865546247,-0.278277231862847
510,6,6,33264,33264,2023-07-28,2023-12-15,0,0,378408266,0.00879050564926084,99.9567163260646,0
405,1863,1840,22356,33120,2023-07-28,2023-08-11,-23,10764,38394723,0.0862618542657542,99.0753234500481,0.325
395,5454,5494,21816,32964,2023-07-28,2023-08-04,40,11148,52816345,0.062412497494857,99.0407174142777,0.338187113214416
423,400,380,27200,32680,2023-07-28,2023-08-25,-20,5480,66030519,0.0494922658414967,99.5663823269358,0.167686658506732
245,8072,8072,32288,32288,2023-07-28,2023-09-15,0,0,463127570,0.00697172919331924,99.920158283818,0
423,2248,2300,17984,32200,2023-07-28,2023-08-04,52,14216,52816345,0.0609659755895642,99.1016833898673,0.441490683229814
432.5,582,555,19788,32190,2023-07-28,2023-08-11,-27,12402,38394723,0.0838396464014078,99.1591630964495,0.385274930102516
426,742,731,17066,32164,2023-07-28,2023-08-11,-11,15098,38394723,0.0837719287621895,99.2429350252117,0.469406790200224
422,982,968,20622,31944,2023-07-28,2023-08-11,-14,11322,38394723,0.0831989333534194,99.3261339585651,0.354432757325319
374,2335,2337,21015,30381,2023-07-28,2023-08-18,2,9366,252913702,0.0120123978099059,99.8924660871083,0.308284783252691
200,14697,14697,29394,29394,2023-07-28,2023-09-15,0,0,463127570,0.0063468473708011,99.9265051311888,0
720,1,1,28455,28455,2023-07-28,2023-12-15,0,0,378408266,0.00751965603203816,99.9642359820967,0
423,658,806,16450,28210,2023-07-28,2023-08-11,148,11760,38394723,0.0734736385518395,99.3996075971169,0.416873449131514
386,2513,2558,35182,28138,2023-07-28,2023-08-18,45,-7044.00000000001,252913702,0.0111255340369024,99.9035916211452,-0.250337621721516
429,1225,1218,15925,28014,2023-07-28,2023-08-04,-7,12089,52816345,0.0530403987629208,99.1547237886302,0.431534232883558
275,3513,3501,24591,28008,2023-07-28,2023-09-15,-12,3417,463127570,0.00604757777646449,99.9325527089653,0.122000856898029
421,812,821,17052,27914,2023-07-28,2023-08-11,9,10862,38394723,0.0727026992745852,99.4723102963915,0.389123737192807
285,1067,1070,26675,27820,2023-07-28,2023-10-20,3,1145,233330779,0.0119229876655064,99.8797921126385,0.041157440690151
424,1620,1590,12960,27030,2023-07-28,2023-08-04,-30,14070,52816345,0.0511773391362087,99.2059011277664,0.520532741398446
358,1028,1028,34952,26728,2023-07-28,2023-09-15,0,-8224,463127570,0.00577119604432101,99.9383239050096,-0.307692307692308
280,1060,1053,21200,26325,2023-07-28,2023-10-20,-7,5125,233330779,0.0112822663657245,99.8910743790042,0.194681861348528
422,276,266,16560,25802,2023-07-28,2023-08-25,-10,9242,66030519,0.0390758703562515,99.6054581972921,0.35818928765212
280,3654,3654,25578,25578,2023-07-28,2023-09-15,0,0,463127570,0.00552288433184835,99.9438467893414,0
470,12,15,16104,24900,2023-07-28,2023-08-04,3,8796.00000000001,52816345,0.0471444966515574,99.253045624418,0.353253012048193
275,1066,1073,21320,24679,2023-07-28,2023-10-20,7,3359,233330779,0.0105768300717841,99.901651209076,0.136107621864743
360,1632,1634,19584,24510,2023-07-28,2023-08-25,2,4926,66030519,0.0371191993811225,99.6425773966732,0.200979192166463
255,2211,2211,30954,24321,2023-07-28,2023-10-20,0,-6633,233330779,0.0104233998207326,99.9120746088968,-0.272727272727273
466,109,22,115758,23980,2023-07-28,2023-08-11,-87,-91778,38394723,0.0624564995559416,99.5347667959475,-3.82727272727273
427,1347,1471,14817,23536,2023-07-28,2023-08-04,124,8719,52816345,0.0445619627787572,99.2976075871967,0.370453772943576
220,2894,2894,23152,23152,2023-07-28,2023-10-20,0,0,233330779,0.009922394336154,99.9219970032329,0
469,24,14,34920,23114,2023-07-28,2023-08-18,-10,-11806,252913702,0.00913908571074572,99.9127307068559,-0.510772691875054
290,11511,11517,23022,23034,2023-07-28,2023-08-18,6,12,252913702,0.00910745436797252,99.9218381612239,0.000520969002344361
285,3819,3818,30552,22908,2023-07-28,2023-09-15,-1,-7644,463127570,0.00494636931245531,99.9487931586539,-0.333682556312205
255,5726,5726,34356,22904,2023-07-28,2023-09-15,0,-11452,463127570,0.00494550561954237,99.9537386642734,-0.5
404,374,3266,1870,22862,2023-07-28,2023-08-04,2892,20992,52816345,0.0432858426685906,99.3408934298653,0.918204881462689
419,1573,1572,28314,22008,2023-07-28,2023-08-11,-1,-6306,38394723,0.0573203770736932,99.5920871730212,-0.286532170119956
340,1478,1955,13302,21505,2023-07-28,2023-08-25,477,8203,66030519,0.0325682734676067,99.6751456701408,0.381446175308068
485,8,7,24504,21441,2023-07-28,2023-12-15,-1,-3063,378408266,0.00566610244185311,99.9699020845385,-0.142857142857143
215,3553,3554,24871,21324,2023-07-28,2023-10-20,1,-3547.00000000001,233330779,0.00913895718832705,99.9311359604213,-0.166338398049147
418,692,710,15916,21300,2023-07-28,2023-08-11,18,5384,38394723,0.0554763736672876,99.6475635466884,0.252769953051643
370,657,959,9855,21098,2023-07-28,2023-08-25,302,11243,66030519,0.0319518918214167,99.7070975619622,0.532894113186084
355,1258,1406,12580,21090,2023-07-28,2023-08-25,148,8510,66030519,0.0319397762116636,99.7390373381739,0.403508771929825
215,7004,6978,21012,20934,2023-07-28,2023-09-15,-26,-78,463127570,0.00452013685991529,99.9582588011334,-0.00372599598738894
418,1618,1610,11326,20930,2023-07-28,2023-08-04,-8,9604,52816345,0.0396278841332167,99.3805213139985,0.458862876254181
472,1,10,2471,20740,2023-07-28,2023-12-15,9,18269,378408266,0.00548085278877074,99.9753829373273,0.880858244937319
355,10283,10342,10283,20684,2023-07-28,2023-08-04,59,10401,52816345,0.0391621192265387,99.4196834332251,0.502852446335332
422,1614,1536,12912,19968,2023-07-28,2023-08-04,-78,7056,52816345,0.0378064782786465,99.4574899115037,0.353365384615385
412,251,315,10542,19845,2023-07-28,2023-08-25,64,9303,66030519,0.0300542844438342,99.7690916226177,0.468783068783069
356,778,780,28786,19500,2023-07-28,2023-09-15,2,-9286,463127570,0.0042105029506233,99.962469304084,-0.476205128205128
385,718,778,14360,19450,2023-07-28,2023-08-25,60,5090,66030519,0.0294560762122739,99.79854769883,0.261696658097686
550,3,2,28347,19416,2023-07-28,2023-08-18,-1,-8931,252913702,0.00767692689105472,99.9295150881149,-0.459981458590853
470,20,12,32200,19380,2023-07-28,2023-08-11,-8,-12820,38394723,0.0504756864634757,99.6980392331519,-0.661506707946337
471,10,10,19380,19380,2023-07-28,2023-12-15,0,0,378408266,0.00512145260590053,99.9805043899332,0
295,9522,9519,9522,19038,2023-07-28,2023-08-18,-3,9516,252913702,0.00752746879645137,99.9370425569114,0.499842420422313
370,4734,4749,9468,18996,2023-07-28,2023-08-04,15,9528,52816345,0.0359661388912845,99.493456050395,0.501579279848389
290,421,421,18524,18524,2023-07-28,2023-11-17,0,0,135074018,0.0137139623698763,99.934512942378,0
260,1073,1080,17168,18360,2023-07-28,2023-10-20,7,1192,233330779,0.00786865756788992,99.9390046179891,0.0649237472766886
421,374,399,22066,18354,2023-07-28,2023-08-25,25,-3712,66030519,0.0277962376760964,99.8263439365061,-0.202244742290509
320,237,238,16353,18326,2023-07-28,2023-11-17,1,1973,135074018,0.0135673760737613,99.9480803184518,0.107661246316709
417,1597,1586,9582,17446,2023-07-28,2023-08-04,-11,7864,52816345,0.033031441308557,99.5264874917036,0.450762352401697
150,17445,17445,17445,17445,2023-07-28,2023-09-15,0,0,463127570,0.00376678071659608,99.9662360848006,0
495,4,4,16108,16828,2023-07-28,2023-08-18,0,719.999999999998,252913702,0.00665365295234182,99.9436962098637,0.0427858331352507
190,3319,3324,16595,16620,2023-07-28,2023-10-20,5,25,233330779,0.00712293511864545,99.9461275531078,0.00150421179302046
473,8,8,16464,16464,2023-07-28,2023-12-15,0,0,378408266,0.00435085633145234,99.9848552462646,0
315,5484,5481,10968,16443,2023-07-28,2023-08-18,-3,5475,252913702,0.00650142711524582,99.950197636979,0.332968436416712
406,3276,3276,16380,16380,2023-07-28,2023-08-04,0,0,52816345,0.0310131267129522,99.5575006184165,0
505,0,3,0,15777,2023-07-28,2023-08-04,3,15777,52816345,0.0298714346856073,99.5873720531021,1
417,327,325,17331,15600,2023-07-28,2023-08-25,-2,-1731,66030519,0.0236254390185847,99.8499693755247,-0.110961538461538
419,120,208,6840,15600,2023-07-28,2023-08-25,88,8760,66030519,0.0236254390185847,99.8735948145433,0.561538461538462
414,1573,1549,9438,15490,2023-07-28,2023-08-04,-24,6052,52816345,0.0293280422944829,99.6167000953966,0.390703679793415
467,0,10,0,15320,2023-07-28,2023-08-04,10,15320,52816345,0.0290061722370225,99.6457062676336,1
225,2086,2145,16688,15015,2023-07-28,2023-10-20,59,-1673,233330779,0.00643507044563546,99.9525626235534,-0.111421911421911
413,261,258,11745,14706,2023-07-28,2023-08-25,-3,2961,66030519,0.0222715196286735,99.8958663341719,0.201346389228886
600,0,1,0,14390,2023-07-28,2023-10-20,1,14390,233330779,0.00616721037047581,99.9587298339239,1
235,4774,4774,19096,14322,2023-07-28,2023-09-15,0,-4774,463127570,0.00309245247481164,99.9693285372754,-0.333333333333333
414,1088,1090,16320,14170,2023-07-28,2023-08-11,2,-2150,38394723,0.0369061133739655,99.7349453465259,-0.151729004940014
590,1,1,14117,14117,2023-07-28,2023-12-15,0,0,378408266,0.00373062675116087,99.9885858730158,0
412,1486,1467,10402,13203,2023-07-28,2023-08-04,-19,2801,52816345,0.0249979433450005,99.6707042109786,0.212148754071044
250,719,651,16537,13020,2023-07-28,2023-11-17,-68,-3517,135074018,0.00963915947180901,99.9577194779236,-0.270122887864823
414,177,188,8496,12972,2023-07-28,2023-08-25,11,4476,66030519,0.0196454612146847,99.9155117953866,0.345050878815911
240,3240,3240,12960,12960,2023-07-28,2023-09-15,0,0,463127570,0.00279836503795272,99.9721269023133,0
413,1579,1579,9474,12632,2023-07-28,2023-08-04,0,3158,52816345,0.0239168386225893,99.6946210496012,0.25
495,3,3,12540,12540,2023-07-28,2023-09-15,0,0,463127570,0.00270767728209314,99.9748345795954,0
408,170,249,6460,12450,2023-07-28,2023-08-25,79,5990,66030519,0.0188549176782936,99.9343667130649,0.481124497991968
476,6,6,12390,12390,2023-07-28,2023-10-20,0,0,233330779,0.00531005812996493,99.9640398920539,0
280,6171,6171,12342,12342,2023-07-28,2023-08-18,0,0,252913702,0.00487992540633485,99.9550775623853,0
426,1768,1757,19448,12299,2023-07-28,2023-08-04,-11,-7149,52816345,0.0232863519806227,99.7179074015818,-0.58126676965607
416,479,481,8143,12025,2023-07-28,2023-08-11,2,3882,38394723,0.0313194081384569,99.7662647546643,0.322827442827443
408,558,557,7812,11697,2023-07-28,2023-08-11,-1,3885,38394723,0.0304651240744724,99.7967298787388,0.33213644524237
365,5834,5834,11668,11668,2023-07-28,2023-08-04,0,0,52816345,0.0220916460614607,99.7399990476433,0
345,619,966,5571,11592,2023-07-28,2023-08-25,347,6021,66030519,0.0175555185322714,99.9519222315972,0.519409937888199
250,11452,11452,11452,11452,2023-07-28,2023-08-18,0,0,252913702,0.00452802671798304,99.9596055891033,0
285,267,267,10680,10680,2023-07-28,2023-11-17,0,0,135074018,0.0079067759722673,99.9656262538959,0
481,4,4,10592,10592,2023-07-28,2023-12-15,0,0,378408266,0.00279909318894213,99.9913849662047,0
195,2631,2633,13155,10532,2023-07-28,2023-10-20,2,-2623,233330779,0.00451376369853032,99.9685536557524,-0.24905051272313
540,1,1,10444,10444,2023-07-28,2023-12-15,0,0,378408266,0.00275998199257096,99.9941449481973,0
385,2565,2592,7695,10368,2023-07-28,2023-08-04,27,2673,52816345,0.019630286798528,99.7596293344418,0.2578125
260,10238,10236,10238,10236,2023-07-28,2023-08-18,-2,-2,252913702,0.00404723030783046,99.9636528194111,-0.000195388823759281
500,2,2,10180,10180,2023-07-28,2023-09-15,0,0,463127570,0.0021980984634536,99.9770326780589,0
305,4958,5047,4958,10094,2023-07-28,2023-08-18,89,5136,252913702,0.00399108467440803,99.9676439040855,0.508817119080642
555,1,1,9946,9946,2023-07-28,2023-12-15,0,0,378408266,0.00262837810207877,99.9967733262994,0
240,613,613,12260,9808,2023-07-28,2023-11-17,0,-2452,135074018,0.0072612040014979,99.9728874578974,-0.25
421,710,700,6390,9800,2023-07-28,2023-08-04,-10,3410,52816345,0.0185548621359543,99.7781841965778,0.34795918367347
210,3250,3255,9750,9765,2023-07-28,2023-09-15,5,15,463127570,0.00210849032373521,99.9791411683826,0.00153609831029186
225,3221,3221,9663,9663,2023-07-28,2023-09-15,0,0,463127570,0.00208646615445502,99.9812276345371,0
160,3190,3190,9570,9570,2023-07-28,2023-10-20,0,0,233330779,0.00410147347084458,99.9726551292232,0
490,3,3,10539,9531,2023-07-28,2023-12-15,0,-1008,378408266,0.00251870819333529,99.9992920344927,-0.10576015108593
500,2,2,9160,9420,2023-07-28,2023-08-11,0,260,38394723,0.0245346215937018,99.8212645003325,0.0276008492569002
185,4687,4687,9374,9374,2023-07-28,2023-09-15,0,0,463127570,0.0020240643414945,99.9832516988786,0
210,1554,1554,10878,9324,2023-07-28,2023-10-20,0,-1554,233330779,0.00399604374526174,99.9766511729685,-0.166666666666667
195,9243,9243,9243,9243,2023-07-28,2023-08-18,0,0,252913702,0.00365460626565816,99.9712985103512,0
150,4913,4482,14739,8964,2023-07-28,2023-10-20,-431,-5775,233330779,0.00384175634196978,99.9804929293105,-0.644243641231593
230,4427,4427,13281,8854,2023-07-28,2023-09-15,0,-4427,463127570,0.00191178426281122,99.9851634831414,-0.5
474,0,5,0,8685,2023-07-28,2023-10-20,5,8685,233330779,0.00372218360441851,99.9842151129149,1
402,1237,1240,6185,8680,2023-07-28,2023-08-04,3,2495,52816345,0.0164343064632738,99.7946185030411,0.287442396313364
413,397,397,7940,8337,2023-07-28,2023-08-11,0,396.999999999997,38394723,0.0217139214678017,99.8429784218003,0.0476190476190473
480,0,3,0,8319,2023-07-28,2023-08-04,3,8319,52816345,0.0157508059294902,99.8103693089706,1
500,2,2,8854,8316,2023-07-28,2023-08-04,0,-538,52816345,0.0157451258696527,99.8261144348402,-0.0646945646945647
370,1002,1037,4008,8296,2023-07-28,2023-08-11,35,4288,38394723,0.0216071359598036,99.8645855577601,0.516875602700097
260,358,360,8950,8280,2023-07-28,2023-11-17,2,-670,135074018,0.00612997238299375,99.9790174302803,-0.0809178743961353
275,4056,4106,4056,8212,2023-07-28,2023-08-18,50,4156,252913702,0.00324695733566859,99.9745454676868,0.506088650754993
422.5,1354,1354,10832,8124,2023-07-28,2023-08-04,0,-2708,52816345,0.0153816020400503,99.8414960368802,-0.333333333333334
468,177,8,231339,7928,2023-07-28,2023-08-18,-169,-223411,252913702,0.00313466606882374,99.9776801337557,-28.1799949545913
190,3949,3949,7898,7898,2023-07-28,2023-09-15,0,0,463127570,0.00170536165661656,99.986868844798,0
495,2,2,7814,7814,2023-07-28,2023-11-17,0,0,135074018,0.00578497635274313,99.9848024066331,0
409,996,974,4980,7792,2023-07-28,2023-08-04,-22,2812,52816345,0.0147530087513629,99.8562490456316,0.36088295687885
220,3869,3869,11607,7738,2023-07-28,2023-09-15,0,-3869,463127570,0.00167081394009862,99.9885396587381,-0.5
530,0,1,0,7704,2023-07-28,2023-09-15,1,7704,463127570,0.00166347255033856,99.9902031312884,1
394,1834,1855,7336,7420,2023-07-28,2023-08-04,21,84,52816345,0.0140486813315083,99.8702977269631,0.0113207547169811
350,392,3667,392,7334,2023-07-28,2023-08-04,3275,6942,52816345,0.0138858529494989,99.8841835799126,0.946550313607854
422.5,455,453,12740,7248,2023-07-28,2023-08-11,-2,-5492,38394723,0.0188775941943897,99.8834631519545,-0.757726269315673
417,513,513,8721,7182,2023-07-28,2023-08-11,0,-1539,38394723,0.0187056955717587,99.9021688475263,-0.214285714285714
412,309,318,4944,6996,2023-07-28,2023-08-11,9,2052,38394723,0.0182212539988894,99.9203901015252,0.293310463121784
200,6907,6907,6907,6907,2023-07-28,2023-08-18,0,0,252913702,0.00273097105668083,99.9804111048124,0
295,164,166,7708,6806,2023-07-28,2023-11-17,2,-902,135074018,0.00503871884524824,99.9898411254783,-0.132530120481928
375,1131,1128,5655,6768,2023-07-28,2023-08-11,-3,1113,38394723,0.0176274223934367,99.9380175239186,0.164450354609929
205,3371,3370,6742,6740,2023-07-28,2023-09-15,-1,-1.99999999999909,463127570,0.001455322558318,99.9916584538467,-0.000296735905044375
230,827,835,7443,6680,2023-07-28,2023-10-20,8,-762.999999999999,233330779,0.00286288848330635,99.9870780013982,-0.114221556886227
315,1582,1617,6328,6468,2023-07-28,2023-08-25,35,140.000000000001,66030519,0.00979547048539782,99.9617177020826,0.0216450216450218
411,710,715,4970,6435,2023-07-28,2023-08-04,5,1465,52816345,0.0121837283515169,99.8963673082641,0.227661227661228
398,908,876,3632,6132,2023-07-28,2023-08-04,-32,2500,52816345,0.0116100423079257,99.9079773505721,0.407697325505545
195,3003,3003,6006,6006,2023-07-28,2023-09-15,0,0,463127570,0.00129683490879198,99.9929552887555,0
170,5875,5914,11750,5914,2023-07-28,2023-09-15,39,-5836,463127570,0.00127696997179416,99.9942322587273,-0.986810957051065
265,218,218,5886,5886,2023-07-28,2023-11-17,0,0,135074018,0.00435761080269338,99.994198736281,0
325,5700,5676,5700,5676,2023-07-28,2023-08-04,-24,-24,52816345,0.0107466732126201,99.9187240237847,-0.00422832980972516
285,2727,2825,2727,5650,2023-07-28,2023-08-18,98,2923,252913702,0.00223396358335698,99.9826450683957,0.517345132743363
205,1128,1128,6768,5640,2023-07-28,2023-10-20,0,-1128,233330779,0.00241716931824069,99.9894951707164,-0.2
396,897,898,3588,5388,2023-07-28,2023-08-04,1,1800,52816345,0.0102013874682165,99.9289254112529,0.334075723830735
335,654,654,5232,5232,2023-07-28,2023-08-25,0,0,66030519,0.00792360877854072,99.9696413108611,0
175,5030,5031,5030,5031,2023-07-28,2023-09-15,1,1,463127570,0.00108630976126081,99.9953185684886,0.000198767640628106
245,513,558,5130,5022,2023-07-28,2023-10-20,45,-108,233330779,0.00215230927592283,99.9916474799923,-0.021505376344086
310,4925,4925,4925,4925,2023-07-28,2023-08-04,0,0,52816345,0.00932476489995663,99.9382501761529,0
502,0,1,0,4912,2023-07-28,2023-08-18,1,4912,252913702,0.00194216444627425,99.984587232842,1
416,492,488,3444,4880,2023-07-28,2023-08-04,-4,1436,52816345,0.00923956400239358,99.9474897401553,0.294262295081967
160,4864,4864,4864,4864,2023-07-28,2023-09-15,0,0,463127570,0.00105025058214522,99.9963688190707,0
500,1,1,4533,4533,2023-07-28,2023-08-25,0,0,66030519,0.00686500737636183,99.9765063182375,0
475,2,2,4154,4510,2023-07-28,2023-08-18,0,356,252913702,0.00178321694883894,99.9863704497908,0.0789356984478936
155,4485,4485,4485,4485,2023-07-28,2023-09-15,0,0,463127570,0.00096841567864336,99.9973372347494,0
265,4281,4284,4281,4284,2023-07-28,2023-08-18,3,3,252913702,0.00169385840550466,99.9880643081963,0.000700280112044818
290,4254,4254,4254,4254,2023-07-28,2023-08-04,0,0,52816345,0.00805432484962752,99.9555440650049,0
360,686,696,2058,4176,2023-07-28,2023-08-11,10,2118,38394723,0.0108764946682907,99.9488940185869,0.507183908045977
165,4098,4148,4098,4148,2023-07-28,2023-09-15,50,50,463127570,0.000895649550727459,99.9982328843001,0.0120540019286403
427.5,201,201,5226,4020,2023-07-28,2023-08-11,0,-1206,38394723,0.010470188832981,99.9593642074199,-0.3
495,1,1,4011,4011,2023-07-28,2023-10-20,0,0,233330779,0.00171901881834458,99.9933664988107,0
215,3988,3988,3988,3988,2023-07-28,2023-08-18,0,0,252913702,0.00157682243724383,99.9896411306336,0
330,508,559,3556,3913,2023-07-28,2023-08-25,51,357,66030519,0.005926047620495,99.982432365858,0.0912343470483006
245,181,216,3620,3888,2023-07-28,2023-11-17,35,267.999999999999,135074018,0.00287842181462315,99.9970771580957,0.0689300411522631
180,3730,3732,3730,3732,2023-07-28,2023-09-15,2,1.99999999999955,463127570,0.000805825487780829,99.9990387097879,0.000535905680600092
255,3727,3727,3727,3727,2023-07-28,2023-08-18,0,0,252913702,0.00147362518144628,99.991114755815,0
270,1831,1832,1831,3664,2023-07-28,2023-08-18,1,1833,252913702,0.00144871549901239,99.992563471314,0.500272925764192
300,825,866,4125,3464,2023-07-28,2023-08-25,41,-661,66030519,0.00524605902310112,99.9876784248811,-0.190819861431871
295,3256,3256,3256,3256,2023-07-28,2023-08-04,0,0,52816345,0.00616475827700686,99.9617088232819,0
300,3239,3239,3239,3239,2023-07-28,2023-08-04,0,0,52816345,0.00613257127126082,99.9678413945531,0
165,1046,1046,3138,3138,2023-07-28,2023-10-20,0,0,233330779,0.00134487186536158,99.9947113706761,0
490,9,1,30735,3048,2023-07-28,2023-10-20,-8,-27687,233330779,0.00130630001453859,99.9960176706906,-9.08366141732283
325,564,564,2820,2820,2023-07-28,2023-08-25,0,0,66030519,0.00427075243797493,99.9919491773191,0
485,0,1,0,2807,2023-07-28,2023-08-04,1,2807,52816345,0.00531464265465549,99.9731560372078,1
170,931,930,2793,2790,2023-07-28,2023-10-20,-1,-3,233330779,0.00119572737551268,99.9972133980661,-0.0010752688172043
466,2,2,2360,2782,2023-07-28,2023-08-04,0,422,52816345,0.00526730882267601,99.9784233460305,0.151689432063264
484,0,1,0,2679,2023-07-28,2023-12-15,1,2679,378408266,0.000707965507286249,100,1
330,863,876,1726,2628,2023-07-28,2023-08-11,13,901.999999999999,38394723,0.00684469061021745,99.9662088980301,0.343226788432268
255,86,119,1978,2618,2023-07-28,2023-11-17,33,640,135074018,0.0019381965819659,99.9990153546776,0.244461420932009
480,1,1,2570,2570,2023-07-28,2023-08-18,0,0,252913702,0.00101615688658893,99.9935796282006,0
245,1260,1260,2520,2520,2023-07-28,2023-08-18,0,0,252913702,0.000996387297355681,99.994576015498,0
340,1239,1246,2478,2492,2023-07-28,2023-08-11,7,14,38394723,0.00649047526661411,99.9726993732967,0.00561797752808989
210,2492,2492,2492,2492,2023-07-28,2023-08-18,0,0,252913702,0.000985316327385062,99.9955613318254,0
479,1,1,2478,2478,2023-07-28,2023-08-11,0,0,38394723,0.00645401192241965,99.9791533852191,0
225,1190,1190,2380,2380,2023-07-28,2023-08-18,0,0,252913702,0.000941032447502587,99.9965023642729,0
476,1,1,2303,2303,2023-07-28,2023-09-15,0,0,463127570,0.000497271194630024,99.9995359809825,0
205,2281,2281,2281,2281,2023-07-28,2023-08-18,0,0,252913702,0.000901888660820757,99.9974042529337,0
480,0,1,0,2181,2023-07-28,2023-08-11,1,2181,38394723,0.00568046812058001,99.9848338533397,1
474,1,1,1750,2149,2023-07-28,2023-09-15,0,399,463127570,0.000464019017481512,100,0.185667752442997
155,2095,2091,4190,2091,2023-07-28,2023-10-20,-4,-2099,233330779,0.00089615266745413,99.9981095507336,-1.00382592061215
472,0,1,0,1990,2023-07-28,2023-08-04,1,1990,52816345,0.00376777302556623,99.9821911190561,1
474,1,1,1918,1918,2023-07-28,2023-08-25,0,0,66030519,0.00290471743831061,99.9948538947574,0
474,1,1,1917,1917,2023-07-28,2023-08-18,0,0,252913702,0.000757966051202714,99.9981622189849,0
469,0,1,0,1687,2023-07-28,2023-08-04,1,1687,52816345,0.00319408698197499,99.985385206038,1
185,396,396,1584,1584,2023-07-28,2023-10-20,0,0,233330779,0.00067886457448462,99.998788415308,0
392,321,309,1605,1545,2023-07-28,2023-08-04,-12,-60,52816345,0.00292523081633157,99.9883104368543,-0.0388349514563107
175,364,364,1456,1456,2023-07-28,2023-10-20,0,0,233330779,0.000624006831091924,99.9994124221391,0
300,1415,1415,1415,1415,2023-07-28,2023-08-11,0,0,38394723,0.00368540228822591,99.9885192556279,0
180,457,457,1371,1371,2023-07-28,2023-10-20,0,0,233330779,0.000587577860870211,100,0
225,95,95,1330,1330,2023-07-28,2023-11-17,0,0,135074018,0.000984645322389092,100,0
310,436,436,1308,1308,2023-07-28,2023-08-25,0,0,66030519,0.00198090219463518,99.996834796952,0
235,1302,1302,1302,1302,2023-07-28,2023-08-18,0,0,252913702,0.000514800103633768,99.9986770190885,0
230,1237,1237,1237,1237,2023-07-28,2023-08-18,0,0,252913702,0.000489099637630546,99.9991661187261,0
320,302,1142,302,1142,2023-07-28,2023-08-04,840,840,52816345,0.00216220944482243,99.9904726462992,0.735551663747811
275,204,366,408,1098,2023-07-28,2023-08-25,162,690,66030519,0.00166286743861577,99.9984976643906,0.628415300546448
305,1071,1071,1071,1071,2023-07-28,2023-08-04,0,0,52816345,0.00202778136200072,99.9925004276612,0
240,1055,1055,1055,1055,2023-07-28,2023-08-18,0,0,252913702,0.000417138332821525,99.999583257059,0
220,1054,1054,1054,1054,2023-07-28,2023-08-18,0,0,252913702,0.00041674294103686,100,0
468,0,1,0,1000,2023-07-28,2023-08-11,1,1000,38394723,0.00260452458531866,99.9911237802132,1
345,253,274,759,822,2023-07-28,2023-08-11,21,62.9999999999999,38394723,0.00214091920913194,99.9932646994224,0.0766423357664232
285,811,811,811,811,2023-07-28,2023-08-04,0,0,52816345,0.00153550950941418,99.9940359371706,0
275,759,759,759,759,2023-07-28,2023-08-04,0,0,52816345,0.00143705513889687,99.9954729923095,0
330,62,753,62,753,2023-07-28,2023-08-04,691,691,52816345,0.0014256950192218,99.9968986873287,0.917662682602922
320,303,303,606,606,2023-07-28,2023-08-11,0,0,38394723,0.00157834189870311,99.9948430413211,0
320,44,77,352,539,2023-07-28,2023-08-25,33,187,66030519,0.000816289207116485,99.9993139535977,0.346938775510204
335,246,246,492,492,2023-07-28,2023-08-11,0,0,38394723,0.00128142609597678,99.9961244674171,0
315,453,461,453,461,2023-07-28,2023-08-04,8,8.00000000000006,52816345,0.000872835861701524,99.9977715231904,0.0173535791757051
310,114,214,114,428,2023-07-28,2023-08-11,100,314,38394723,0.00111473652251639,99.9972392039396,0.733644859813084
340,384,404,384,404,2023-07-28,2023-08-04,20,20,52816345,0.000764914724788321,99.9985364379152,0.0495049504950495
315,124,201,124,402,2023-07-28,2023-08-11,77,278,38394723,0.0010470188832981,99.9982862228229,0.691542288557214
335,172,171,172,342,2023-07-28,2023-08-04,-1,170,52816345,0.000647526821479222,99.9991839647367,0.497076023391813
345,379,324,379,324,2023-07-28,2023-08-04,-55,-55,52816345,0.000613446462454,99.9997974111991,-0.169753086419753
325,177,153,354,306,2023-07-28,2023-08-11,-24,-48,38394723,0.000796984523107511,99.999083207346,-0.156862745098039
355,31,49,93,294,2023-07-28,2023-08-11,18,201,38394723,0.000765730228083687,99.9998489375741,0.683673469387755
305,50,50,250,250,2023-07-28,2023-08-25,0,0,66030519,0.000378612804785012,99.9996925664025,0
280,107,107,107,107,2023-07-28,2023-08-04,0,0,52816345,0.000202588800872154,100,0
285,35,35,105,105,2023-07-28,2023-08-25,0,0,66030519,0.000159017378009705,99.9998515837805,0
280,34,34,68,68,2023-07-28,2023-08-25,0,0,66030519,0.000102982682901523,99.9999545664634,0
305,23,29,46,58,2023-07-28,2023-08-11,6,12,38394723,0.000151062425948483,100,0.206896551724138
290,7,7,21,21,2023-07-28,2023-08-25,0,0,66030519,3.1803475601941e-05,99.999986369939,0
295,1,3,3,9,2023-07-28,2023-08-25,2,6,66030519,1.36300609722604e-05,100,0.666666666666667
468,2,0,2562,0,2023-07-28,2023-08-04,-2,-2562,52816345,0,100,-Inf
471,0,0,0,0,2023-07-28,2023-08-04,0,0,52816345,0,100,
473,0,0,0,0,2023-07-28,2023-08-04,0,0,52816345,0,100,
474,0,0,0,0,2023-07-28,2023-08-04,0,0,52816345,0,100,
475,1,0,1851,0,2023-07-28,2023-08-04,-1,-1851,52816345,0,100,-Inf
476,1,0,2029,0,2023-07-28,2023-08-04,-1,-2029,52816345,0,100,-Inf
477,0,0,0,0,2023-07-28,2023-08-04,0,0,52816345,0,100,
478,0,0,0,0,2023-07-28,2023-08-04,0,0,52816345,0,100,
479,0,0,0,0,2023-07-28,2023-08-04,0,0,52816345,0,100,
482,0,0,0,0,2023-07-28,2023-08-04,0,0,52816345,0,100,
484,0,0,0,0,2023-07-28,2023-08-04,0,0,52816345,0,100,
486,0,0,0,0,2023-07-28,2023-08-04,0,0,52816345,0,100,
488,0,0,0,0,2023-07-28,2023-08-04,0,0,52816345,0,100,
490,0,0,0,0,2023-07-28,2023-08-04,0,0,52816345,0,100,
492,0,0,0,0,2023-07-28,2023-08-04,0,0,52816345,0,100,
494,0,0,0,0,2023-07-28,2023-08-04,0,0,52816345,0,100,
495,0,0,0,0,2023-07-28,2023-08-04,0,0,52816345,0,100,
496,0,0,0,0,2023-07-28,2023-08-04,0,0,52816345,0,100,
498,0,0,0,0,2023-07-28,2023-08-04,0,0,52816345,0,100,
510,0,0,0,0,2023-07-28,2023-08-04,0,0,52816345,0,100,
515,0,0,0,0,2023-07-28,2023-08-04,0,0,52816345,0,100,
520,0,0,0,0,2023-07-28,2023-08-04,0,0,52816345,0,100,
467,0,0,0,0,2023-07-28,2023-08-11,0,0,38394723,0,100,
469,0,0,0,0,2023-07-28,2023-08-11,0,0,38394723,0,100,
471,0,0,0,0,2023-07-28,2023-08-11,0,0,38394723,0,100,
472,0,0,0,0,2023-07-28,2023-08-11,0,0,38394723,0,100,
473,0,0,0,0,2023-07-28,2023-08-11,0,0,38394723,0,100,
474,0,0,0,0,2023-07-28,2023-08-11,0,0,38394723,0,100,
475,0,0,0,0,2023-07-28,2023-08-11,0,0,38394723,0,100,
476,0,0,0,0,2023-07-28,2023-08-11,0,0,38394723,0,100,
477,0,0,0,0,2023-07-28,2023-08-11,0,0,38394723,0,100,
478,0,0,0,0,2023-07-28,2023-08-11,0,0,38394723,0,100,
482,0,0,0,0,2023-07-28,2023-08-11,0,0,38394723,0,100,
484,0,0,0,0,2023-07-28,2023-08-11,0,0,38394723,0,100,
485,0,0,0,0,2023-07-28,2023-08-11,0,0,38394723,0,100,
486,0,0,0,0,2023-07-28,2023-08-11,0,0,38394723,0,100,
488,0,0,0,0,2023-07-28,2023-08-11,0,0,38394723,0,100,
490,0,0,0,0,2023-07-28,2023-08-11,0,0,38394723,0,100,
492,0,0,0,0,2023-07-28,2023-08-11,0,0,38394723,0,100,
494,0,0,0,0,2023-07-28,2023-08-11,0,0,38394723,0,100,
495,0,0,0,0,2023-07-28,2023-08-11,0,0,38394723,0,100,
496,0,0,0,0,2023-07-28,2023-08-11,0,0,38394723,0,100,
498,0,0,0,0,2023-07-28,2023-08-11,0,0,38394723,0,100,
505,0,0,0,0,2023-07-28,2023-08-11,0,0,38394723,0,100,
510,0,0,0,0,2023-07-28,2023-08-11,0,0,38394723,0,100,
515,0,0,0,0,2023-07-28,2023-08-11,0,0,38394723,0,100,
520,0,0,0,0,2023-07-28,2023-08-11,0,0,38394723,0,100,
530,0,0,0,0,2023-07-28,2023-08-11,0,0,38394723,0,100,
540,0,0,0,0,2023-07-28,2023-08-11,0,0,38394723,0,100,
471,0,0,0,0,2023-07-28,2023-08-18,0,0,252913702,0,100,
472,0,0,0,0,2023-07-28,2023-08-18,0,0,252913702,0,100,
473,0,0,0,0,2023-07-28,2023-08-18,0,0,252913702,0,100,
476,0,0,0,0,2023-07-28,2023-08-18,0,0,252913702,0,100,
477,0,0,0,0,2023-07-28,2023-08-18,0,0,252913702,0,100,
478,0,0,0,0,2023-07-28,2023-08-18,0,0,252913702,0,100,
479,0,0,0,0,2023-07-28,2023-08-18,0,0,252913702,0,100,
482,0,0,0,0,2023-07-28,2023-08-18,0,0,252913702,0,100,
484,0,0,0,0,2023-07-28,2023-08-18,0,0,252913702,0,100,
486,0,0,0,0,2023-07-28,2023-08-18,0,0,252913702,0,100,
488,0,0,0,0,2023-07-28,2023-08-18,0,0,252913702,0,100,
490,0,0,0,0,2023-07-28,2023-08-18,0,0,252913702,0,100,
492,0,0,0,0,2023-07-28,2023-08-18,0,0,252913702,0,100,
494,0,0,0,0,2023-07-28,2023-08-18,0,0,252913702,0,100,
496,0,0,0,0,2023-07-28,2023-08-18,0,0,252913702,0,100,
498,0,0,0,0,2023-07-28,2023-08-18,0,0,252913702,0,100,
505,0,0,0,0,2023-07-28,2023-08-18,0,0,252913702,0,100,
510,0,0,0,0,2023-07-28,2023-08-18,0,0,252913702,0,100,
515,0,0,0,0,2023-07-28,2023-08-18,0,0,252913702,0,100,
520,0,0,0,0,2023-07-28,2023-08-18,0,0,252913702,0,100,
525,0,0,0,0,2023-07-28,2023-08-18,0,0,252913702,0,100,
530,0,0,0,0,2023-07-28,2023-08-18,0,0,252913702,0,100,
535,0,0,0,0,2023-07-28,2023-08-18,0,0,252913702,0,100,
540,0,0,0,0,2023-07-28,2023-08-18,0,0,252913702,0,100,
545,0,0,0,0,2023-07-28,2023-08-18,0,0,252913702,0,100,
555,0,0,0,0,2023-07-28,2023-08-18,0,0,252913702,0,100,
560,0,0,0,0,2023-07-28,2023-08-18,0,0,252913702,0,100,
472,0,0,0,0,2023-07-28,2023-08-25,0,0,66030519,0,100,
475,0,0,0,0,2023-07-28,2023-08-25,0,0,66030519,0,100,
476,0,0,0,0,2023-07-28,2023-08-25,0,0,66030519,0,100,
478,0,0,0,0,2023-07-28,2023-08-25,0,0,66030519,0,100,
480,0,0,0,0,2023-07-28,2023-08-25,0,0,66030519,0,100,
482,0,0,0,0,2023-07-28,2023-08-25,0,0,66030519,0,100,
484,0,0,0,0,2023-07-28,2023-08-25,0,0,66030519,0,100,
485,0,0,0,0,2023-07-28,2023-08-25,0,0,66030519,0,100,
486,0,0,0,0,2023-07-28,2023-08-25,0,0,66030519,0,100,
488,0,0,0,0,2023-07-28,2023-08-25,0,0,66030519,0,100,
490,0,0,0,0,2023-07-28,2023-08-25,0,0,66030519,0,100,
492,0,0,0,0,2023-07-28,2023-08-25,0,0,66030519,0,100,
494,0,0,0,0,2023-07-28,2023-08-25,0,0,66030519,0,100,
495,0,0,0,0,2023-07-28,2023-08-25,0,0,66030519,0,100,
496,0,0,0,0,2023-07-28,2023-08-25,0,0,66030519,0,100,
498,0,0,0,0,2023-07-28,2023-08-25,0,0,66030519,0,100,
502,0,0,0,0,2023-07-28,2023-08-25,0,0,66030519,0,100,
505,0,0,0,0,2023-07-28,2023-08-25,0,0,66030519,0,100,
510,0,0,0,0,2023-07-28,2023-08-25,0,0,66030519,0,100,
515,0,0,0,0,2023-07-28,2023-08-25,0,0,66030519,0,100,
520,0,0,0,0,2023-07-28,2023-08-25,0,0,66030519,0,100,
530,0,0,0,0,2023-07-28,2023-08-25,0,0,66030519,0,100,
540,0,0,0,0,2023-07-28,2023-08-25,0,0,66030519,0,100,
478,0,0,0,0,2023-07-28,2023-09-15,0,0,463127570,0,100,
482,0,0,0,0,2023-07-28,2023-09-15,0,0,463127570,0,100,
484,0,0,0,0,2023-07-28,2023-09-15,0,0,463127570,0,100,
485,0,0,0,0,2023-07-28,2023-09-15,0,0,463127570,0,100,
486,0,0,0,0,2023-07-28,2023-09-15,0,0,463127570,0,100,
488,0,0,0,0,2023-07-28,2023-09-15,0,0,463127570,0,100,
490,10,0,37350,0,2023-07-28,2023-09-15,-10,-37350,463127570,0,100,-Inf
492,0,0,0,0,2023-07-28,2023-09-15,0,0,463127570,0,100,
494,0,0,0,0,2023-07-28,2023-09-15,0,0,463127570,0,100,
496,0,0,0,0,2023-07-28,2023-09-15,0,0,463127570,0,100,
498,0,0,0,0,2023-07-28,2023-09-15,0,0,463127570,0,100,
502,0,0,0,0,2023-07-28,2023-09-15,0,0,463127570,0,100,
505,0,0,0,0,2023-07-28,2023-09-15,0,0,463127570,0,100,
510,0,0,0,0,2023-07-28,2023-09-15,0,0,463127570,0,100,
515,0,0,0,0,2023-07-28,2023-09-15,0,0,463127570,0,100,
520,0,0,0,0,2023-07-28,2023-09-15,0,0,463127570,0,100,
525,0,0,0,0,2023-07-28,2023-09-15,0,0,463127570,0,100,
535,0,0,0,0,2023-07-28,2023-09-15,0,0,463127570,0,100,
540,0,0,0,0,2023-07-28,2023-09-15,0,0,463127570,0,100,
545,0,0,0,0,2023-07-28,2023-09-15,0,0,463127570,0,100,
550,0,0,0,0,2023-07-28,2023-09-15,0,0,463127570,0,100,
555,0,0,0,0,2023-07-28,2023-09-15,0,0,463127570,0,100,
560,0,0,0,0,2023-07-28,2023-09-15,0,0,463127570,0,100,
565,0,0,0,0,2023-07-28,2023-09-15,0,0,463127570,0,100,
570,0,0,0,0,2023-07-28,2023-09-15,0,0,463127570,0,100,
575,0,0,0,0,2023-07-28,2023-09-15,0,0,463127570,0,100,
580,0,0,0,0,2023-07-28,2023-09-15,0,0,463127570,0,100,
585,0,0,0,0,2023-07-28,2023-09-15,0,0,463127570,0,100,
590,0,0,0,0,2023-07-28,2023-09-15,0,0,463127570,0,100,
595,0,0,0,0,2023-07-28,2023-09-15,0,0,463127570,0,100,
600,0,0,0,0,2023-07-28,2023-09-15,0,0,463127570,0,100,
605,0,0,0,0,2023-07-28,2023-09-15,0,0,463127570,0,100,
610,0,0,0,0,2023-07-28,2023-09-15,0,0,463127570,0,100,
615,0,0,0,0,2023-07-28,2023-09-15,0,0,463127570,0,100,
620,0,0,0,0,2023-07-28,2023-09-15,0,0,463127570,0,100,
625,0,0,0,0,2023-07-28,2023-09-15,0,0,463127570,0,100,
630,0,0,0,0,2023-07-28,2023-09-15,0,0,463127570,0,100,
635,0,0,0,0,2023-07-28,2023-09-15,0,0,463127570,0,100,
640,0,0,0,0,2023-07-28,2023-09-15,0,0,463127570,0,100,
645,0,0,0,0,2023-07-28,2023-09-15,0,0,463127570,0,100,
650,0,0,0,0,2023-07-28,2023-09-15,0,0,463127570,0,100,
478,0,0,0,0,2023-07-28,2023-10-20,0,0,233330779,0,100,
482,0,0,0,0,2023-07-28,2023-10-20,0,0,233330779,0,100,
500,1,0,4475,0,2023-07-28,2023-10-20,-1,-4475,233330779,0,100,-Inf
505,0,0,0,0,2023-07-28,2023-10-20,0,0,233330779,0,100,
510,0,0,0,0,2023-07-28,2023-10-20,0,0,233330779,0,100,
515,0,0,0,0,2023-07-28,2023-10-20,0,0,233330779,0,100,
520,0,0,0,0,2023-07-28,2023-10-20,0,0,233330779,0,100,
525,0,0,0,0,2023-07-28,2023-10-20,0,0,233330779,0,100,
530,0,0,0,0,2023-07-28,2023-10-20,0,0,233330779,0,100,
535,0,0,0,0,2023-07-28,2023-10-20,0,0,233330779,0,100,
540,0,0,0,0,2023-07-28,2023-10-20,0,0,233330779,0,100,
545,0,0,0,0,2023-07-28,2023-10-20,0,0,233330779,0,100,
550,0,0,0,0,2023-07-28,2023-10-20,0,0,233330779,0,100,
555,0,0,0,0,2023-07-28,2023-10-20,0,0,233330779,0,100,
560,0,0,0,0,2023-07-28,2023-10-20,0,0,233330779,0,100,
565,0,0,0,0,2023-07-28,2023-10-20,0,0,233330779,0,100,
570,0,0,0,0,2023-07-28,2023-10-20,0,0,233330779,0,100,
575,0,0,0,0,2023-07-28,2023-10-20,0,0,233330779,0,100,
580,0,0,0,0,2023-07-28,2023-10-20,0,0,233330779,0,100,
585,0,0,0,0,2023-07-28,2023-10-20,0,0,233330779,0,100,
590,0,0,0,0,2023-07-28,2023-10-20,0,0,233330779,0,100,
595,1,0,14049,0,2023-07-28,2023-10-20,-1,-14049,233330779,0,100,-Inf
485,5,0,14475,0,2023-07-28,2023-11-17,-5,-14475,135074018,0,100,-Inf
490,0,0,0,0,2023-07-28,2023-11-17,0,0,135074018,0,100,
500,0,0,0,0,2023-07-28,2023-11-17,0,0,135074018,0,100,
505,0,0,0,0,2023-07-28,2023-11-17,0,0,135074018,0,100,
510,0,0,0,0,2023-07-28,2023-11-17,0,0,135074018,0,100,
515,0,0,0,0,2023-07-28,2023-11-17,0,0,135074018,0,100,
520,0,0,0,0,2023-07-28,2023-11-17,0,0,135074018,0,100,
525,0,0,0,0,2023-07-28,2023-11-17,0,0,135074018,0,100,
530,0,0,0,0,2023-07-28,2023-11-17,0,0,135074018,0,100,
540,0,0,0,0,2023-07-28,2023-11-17,0,0,135074018,0,100,
550,0,0,0,0,2023-07-28,2023-11-17,0,0,135074018,0,100,
560,0,0,0,0,2023-07-28,2023-11-17,0,0,135074018,0,100,
474,0,0,0,0,2023-07-28,2023-12-15,0,0,378408266,0,100,
476,0,0,0,0,2023-07-28,2023-12-15,0,0,378408266,0,100,
478,0,0,0,0,2023-07-28,2023-12-15,0,0,378408266,0,100,
479,0,0,0,0,2023-07-28,2023-12-15,0,0,378408266,0,100,
482,0,0,0,0,2023-07-28,2023-12-15,0,0,378408266,0,100,
483,0,0,0,0,2023-07-28,2023-12-15,0,0,378408266,0,100,
486,0,0,0,0,2023-07-28,2023-12-15,0,0,378408266,0,100,
487,0,0,0,0,2023-07-28,2023-12-15,0,0,378408266,0,100,
488,0,0,0,0,2023-07-28,2023-12-15,0,0,378408266,0,100,
489,0,0,0,0,2023-07-28,2023-12-15,0,0,378408266,0,100,
491,0,0,0,0,2023-07-28,2023-12-15,0,0,378408266,0,100,
492,0,0,0,0,2023-07-28,2023-12-15,0,0,378408266,0,100,
493,0,0,0,0,2023-07-28,2023-12-15,0,0,378408266,0,100,
494,0,0,0,0,2023-07-28,2023-12-15,0,0,378408266,0,100,
495,0,0,0,0,2023-07-28,2023-12-15,0,0,378408266,0,100,
496,0,0,0,0,2023-07-28,2023-12-15,0,0,378408266,0,100,
497,0,0,0,0,2023-07-28,2023-12-15,0,0,378408266,0,100,
498,0,0,0,0,2023-07-28,2023-12-15,0,0,378408266,0,100,
499,0,0,0,0,2023-07-28,2023-12-15,0,0,378408266,0,100,
501,0,0,0,0,2023-07-28,2023-12-15,0,0,378408266,0,100,
505,0,0,0,0,2023-07-28,2023-12-15,0,0,378408266,0,100,
515,0,0,0,0,2023-07-28,2023-12-15,0,0,378408266,0,100,
520,0,0,0,0,2023-07-28,2023-12-15,0,0,378408266,0,100,
530,0,0,0,0,2023-07-28,2023-12-15,0,0,378408266,0,100,
535,0,0,0,0,2023-07-28,2023-12-15,0,0,378408266,0,100,
545,0,0,0,0,2023-07-28,2023-12-15,0,0,378408266,0,100,
550,0,0,0,0,2023-07-28,2023-12-15,0,0,378408266,0,100,
560,0,0,0,0,2023-07-28,2023-12-15,0,0,378408266,0,100,
565,0,0,0,0,2023-07-28,2023-12-15,0,0,378408266,0,100,
570,0,0,0,0,2023-07-28,2023-12-15,0,0,378408266,0,100,
575,0,0,0,0,2023-07-28,2023-12-15,0,0,378408266,0,100,
580,0,0,0,0,2023-07-28,2023-12-15,0,0,378408266,0,100,
585,0,0,0,0,2023-07-28,2023-12-15,0,0,378408266,0,100,
595,0,0,0,0,2023-07-28,2023-12-15,0,0,378408266,0,100,
600,0,0,0,0,2023-07-28,2023-12-15,0,0,378408266,0,100,
605,0,0,0,0,2023-07-28,2023-12-15,0,0,378408266,0,100,
610,0,0,0,0,2023-07-28,2023-12-15,0,0,378408266,0,100,
615,0,0,0,0,2023-07-28,2023-12-15,0,0,378408266,0,100,
620,0,0,0,0,2023-07-28,2023-12-15,0,0,378408266,0,100,
625,0,0,0,0,2023-07-28,2023-12-15,0,0,378408266,0,100,
630,0,0,0,0,2023-07-28,2023-12-15,0,0,378408266,0,100,
635,0,0,0,0,2023-07-28,2023-12-15,0,0,378408266,0,100,
640,0,0,0,0,2023-07-28,2023-12-15,0,0,378408266,0,100,
645,0,0,0,0,2023-07-28,2023-12-15,0,0,378408266,0,100,
650,0,0,0,0,2023-07-28,2023-12-15,0,0,378408266,0,100,
655,0,0,0,0,2023-07-28,2023-12-15,0,0,378408266,0,100,
660,0,0,0,0,2023-07-28,2023-12-15,0,0,378408266,0,100,
665,0,0,0,0,2023-07-28,2023-12-15,0,0,378408266,0,100,
670,0,0,0,0,2023-07-28,2023-12-15,0,0,378408266,0,100,
675,0,0,0,0,2023-07-28,2023-12-15,0,0,378408266,0,100,
680,0,0,0,0,2023-07-28,2023-12-15,0,0,378408266,0,100,
685,0,0,0,0,2023-07-28,2023-12-15,0,0,378408266,0,100,
690,0,0,0,0,2023-07-28,2023-12-15,0,0,378408266,0,100,
695,0,0,0,0,2023-07-28,2023-12-15,0,0,378408266,0,100,
700,0,0,0,0,2023-07-28,2023-12-15,0,0,378408266,0,100,
705,0,0,0,0,2023-07-28,2023-12-15,0,0,378408266,0,100,
710,0,0,0,0,2023-07-28,2023-12-15,0,0,378408266,0,100,
715,0,0,0,0,2023-07-28,2023-12-15,0,0,378408266,0,100,
