Watch,strike,open_interest.yt,open_interest.td,OI_Dollar.yt,OI_Dollar.td,Date.td,expiry,stkClose,diff_oi,diff_oi_d,totalOI,totalOIdiff,OI_pct,cum_sep_OI,pct
585.01,610,2422,12328,4335380,30807672,2024-11-18,2024-12-20,585.75,9906,26472292,506140188,204695442,6.08678637468716,6.08678637468716,0.859275962169423
569.47,575,41296,52849,14660080,29225497,2024-11-18,2024-12-20,585.75,11553,14565417,506140188,204695442,5.77419017357302,11.8609765482602,0.498380472366304
580.93,590,15719,30095,9195615,27296165,2024-11-18,2024-12-13,585.75,14376,18100550,87324239,51493838,31.2584058133046,31.2584058133046,0.663116961668425
573.19,580,35333,36001,15793851,24516681,2024-11-18,2024-12-20,585.75,668,8722830,506140188,204695442,4.8438518776541,16.7048284259143,0.355791634275455
582.17,595,10678,17820,9823760,22863060,2024-11-18,2024-12-20,585.75,7142,13039300,506140188,204695442,4.51713982451044,21.2219682504247,0.57032173296138
556.92,560,70316,72892,13430356,22450736,2024-11-18,2024-12-20,585.75,2576,9020380,506140188,204695442,4.43567543780973,25.6576436882345,0.401785491575866
583.65,600,12885,12435,14495625,20331225,2024-11-18,2024-12-20,585.75,-450,5835600,506140188,204695442,4.01691576405705,29.6745594522915,0.287026482663981
565.48,570,43123,43574,12290055,19695448,2024-11-18,2024-12-20,585.75,451,7405393,506140188,204695442,3.89130293680612,33.5658623890976,0.375995153804067
538.47,540,121171,121707,11753587,18621171,2024-11-18,2024-12-20,585.75,536,6867584,506140188,204695442,3.67905403314862,37.2449164222462,0.368805162682841
547.83,550,59826,77185,8136336,16749145,2024-11-18,2024-12-20,585.75,17359,8612809,506140188,204695442,3.30919089159543,40.5541073138417,0.514223800677587
579.65,590,15747,13875,11353587,14360625,2024-11-18,2024-12-20,585.75,-1872,3007038,506140188,204695442,2.83728210888482,43.3913894227265,0.209394646820734
536.55,538,84429,84419,7345323,12240755,2024-11-18,2024-12-20,585.75,-10,4895432,506140188,204695442,2.41845150616651,45.809840928893,0.399928925952688
543.17,545,63484,63649,7237176,11647767,2024-11-18,2024-12-20,585.75,165,4410591,506140188,204695442,2.30129266083886,48.1111335897319,0.378664082136945
576.58,585,14593,12449,8288824,10482058,2024-11-18,2024-12-20,585.75,-2144,2193234,506140188,204695442,2.07097919677542,50.1821127865073,0.20923696472582
583.2,590,17850,15312,6640200,10412160,2024-11-18,2024-11-29,585.75,-2538,3771960,114127365,37491150,9.12328081875894,9.12328081875894,0.362264890282132
574.53,580,2863,17535,950516,9591645,2024-11-18,2024-12-13,585.75,14672,8641129,87324239,51493838,10.9839434157565,42.2423492290611,0.90090167015147
585.73,602,5828,5850,5618192,9517950,2024-11-18,2024-11-29,585.75,22,3899758,114127365,37491150,8.33976145861249,17.4630422773714,0.409726674336385
572.88,575,34447,44724,3444700,9481488,2024-11-18,2024-11-29,585.75,10277,6036788,114127365,37491150,8.30781294214582,25.7708552195173,0.636692046649218
528.85,530,73935,74605,5471190,8579575,2024-11-18,2024-12-20,585.75,670,3108385,506140188,204695442,1.69509855241924,51.8772113389265,0.362300580156943
562.16,566,21362,21312,5020070,8183808,2024-11-18,2024-12-20,585.75,-50,3163738,506140188,204695442,1.61690539380761,53.4941167327341,0.386585071399525
583.57,598,5659,5607,5896678,8090901,2024-11-18,2024-12-20,585.75,-52,2194223,506140188,204695442,1.59854941216405,55.0926661448982,0.271196372319968
563.23,566,14612,29128,2177188,8068456,2024-11-18,2024-12-13,585.75,14516,5891268,87324239,51493838,9.23965223447295,51.4820014635341,0.730160516460646
582,597,5456,5312,5390528,7968000,2024-11-18,2024-12-20,585.75,-144,2577472,506140188,204695442,1.57426740435004,56.6669335492482,0.323477911646586
555.15,558,15757,27535,2710204,7847475,2024-11-18,2024-12-20,585.75,11778,5137271,506140188,204695442,1.55045483169576,58.217388380944,0.654639995667396
561.28,565,20853,20480,4796190,7618560,2024-11-18,2024-12-20,585.75,-373,2822370,506140188,204695442,1.50522724348457,59.7226156244286,0.370459771925403
584.38,605,293,3478,363320,7171636,2024-11-18,2024-12-06,585.75,3185,6808316,66062825,31934731,10.8557815988039,10.8557815988039,0.949339313930601
583.84,590,19188,11594,5698836,7141904,2024-11-18,2024-11-22,585.75,-7594,1443068,67814633,28902556,10.5315087379445,10.5315087379445,0.202056482417014
581.3,585,7484,18578,1197440,6873860,2024-11-18,2024-11-22,585.75,11094,5676420,67814633,28902556,10.1362489125319,20.6677576504764,0.825798023235853
499.4,500,110895,111808,4546695,6708480,2024-11-18,2024-12-20,585.75,913,2161785,506140188,204695442,1.32541935199977,61.0480349764283,0.32224661920435
582.2,596,5239,4852,4977050,6695760,2024-11-18,2024-12-20,585.75,-387,1718710,506140188,204695442,1.32290621427596,62.3709411907043,0.256686320895612
552.43,555,25062,25471,4060044,6546047,2024-11-18,2024-12-20,585.75,409,2486003,506140188,204695442,1.2933268598699,63.6642680505742,0.379771639280928
584,595,7261,5907,4937480,6497700,2024-11-18,2024-12-06,585.75,-1354,1560220,66062825,31934731,9.8356375162582,20.6914191150621,0.240118811271681
519.11,520,66941,69251,3815637,6163339,2024-11-18,2024-12-20,585.75,2310,2347702,506140188,204695442,1.21771381647331,64.8819818670475,0.380913981853018
582,590,8027,7572,3933230,6057600,2024-11-18,2024-12-06,585.75,-455,2124370,66062825,31934731,9.16945347099522,29.8608725860573,0.35069499471738
576.89,580,16695,18999,2554335,5908689,2024-11-18,2024-11-29,585.75,2304,3354354,114127365,37491150,5.17727628251121,30.9481315020285,0.567698519925486
558.67,562,18033,17685,3624633,5889105,2024-11-18,2024-12-20,585.75,-348,2264472,506140188,204695442,1.16353238482616,66.0455142518736,0.384518870015053
565.8,569,16813,17081,3026340,5465920,2024-11-18,2024-12-13,585.75,268,2439580,87324239,51493838,6.25933883031033,57.7413402938444,0.446325595691119
578.28,588,6307,5562,4023866,5406264,2024-11-18,2024-12-20,585.75,-745,1382398,506140188,204695442,1.06813569208221,67.1136499439559,0.255703014133235
583.52,599,3254,3244,3371144,5021712,2024-11-18,2024-12-20,585.75,-10,1650568,506140188,204695442,0.99215832274516,68.105808266701,0.328686312556355
584.8,605,2386,2385,3338014,4817700,2024-11-18,2024-12-20,585.75,-1,1479686,506140188,204695442,0.951850912893722,69.0576591795947,0.307135355044938
585.53,595,6842,4751,3544156,4499197,2024-11-18,2024-11-22,585.75,-2091,955041,67814633,28902556,6.63455186729389,27.3023095177703,0.212269211594869
580.3,585,9482,9553,2218788,4489910,2024-11-18,2024-11-29,585.75,71,2271122,114127365,37491150,3.93412219759915,34.8822536996276,0.505827956462379
523.99,525,44415,43834,2842560,4427234,2024-11-18,2024-12-20,585.75,-581,1584674,506140188,204695442,0.874705092574076,69.9323642721688,0.357937710091673
574.61,582,5409,5963,2509776,4406657,2024-11-18,2024-12-20,585.75,554,1896881,506140188,204695442,0.870639618128881,70.8030038902977,0.430458054711315
575.95,584,2327,5369,1182116,4322045,2024-11-18,2024-12-20,585.75,3042,3139929,506140188,204695442,0.853922510496242,71.6569264007939,0.726491510384552
479.56,480,98014,97700,2940420,4298800,2024-11-18,2024-12-20,585.75,-314,1358380,506140188,204695442,0.849329909364952,72.5062563101589,0.31599050897925
577.84,580,10486,19439,901796,4198824,2024-11-18,2024-11-22,585.75,8953,3297028,67814633,28902556,6.19161944001083,33.4939289577811,0.785226530095093
581.46,594,3447,3323,2964420,4167042,2024-11-18,2024-12-20,585.75,-124,1202622,506140188,204695442,0.823297991109135,73.329554301268,0.288603282616302
581.23,593,3849,3538,3156180,4164226,2024-11-18,2024-12-20,585.75,-311,1008046,506140188,204695442,0.822741623512417,74.1522959247804,0.242072836584758
585.91,598,3529,3424,2470300,4139616,2024-11-18,2024-11-22,585.75,-105,1669316,67814633,28902556,6.10431084984269,39.5982398076238,0.403253828374419
568.62,570,26022,29599,1821540,4084662,2024-11-18,2024-11-29,585.75,3577,2263122,114127365,37491150,3.57903820875913,38.4612919083867,0.554053676901541
582.25,592,4100,4072,2640400,3970200,2024-11-18,2024-12-13,585.75,-28,1329800,87324239,51493838,4.54650397812227,62.2878442719667,0.334945342803889
583.98,593,4834,4346,2392830,3920092,2024-11-18,2024-11-29,585.75,-488,1527262,114127365,37491150,3.4348396635636,41.8961315719503,0.389598509422738
585.85,597,4880,3464,3089040,3862360,2024-11-18,2024-11-22,585.75,-1416,773320,67814633,28902556,5.69546693558011,45.2937067432039,0.200219554883543
509.27,510,52948,52578,2541504,3838194,2024-11-18,2024-12-20,585.75,-370,1296690,506140188,204695442,0.758326268294665,74.9106221930751,0.337838577205842
585.03,597,3293,3188,2087762,3816036,2024-11-18,2024-11-29,585.75,-105,1728274,114127365,37491150,3.34366433501729,45.2397959069676,0.452897718994265
489.47,490,70604,70779,2471140,3751287,2024-11-18,2024-12-20,585.75,175,1280147,506140188,204695442,0.74115572897365,75.6517779220487,0.341255414475086
584.89,595,3920,3649,2312800,3689139,2024-11-18,2024-11-29,585.75,-271,1376339,114127365,37491150,3.23247540149551,48.4722713084631,0.373078650601129
504.34,505,54329,54807,2336147,3617262,2024-11-18,2024-12-20,585.75,478,1281115,506140188,204695442,0.714675911093628,76.3664538331424,0.354167046788427
582.43,601,1955,1942,2244340,3606294,2024-11-18,2024-12-20,585.75,-13,1361954,506140188,204695442,0.712508922528001,77.0789627556704,0.377660279500229
571.15,577,7048,6143,2614808,3593655,2024-11-18,2024-12-20,585.75,-905,978847,506140188,204695442,0.710011788275544,77.7889745439459,0.27238201775073
579.04,585,4110,6007,1389180,3580172,2024-11-18,2024-12-06,585.75,1897,2190992,66062825,31934731,5.41934438922344,35.2802169752807,0.611979536178709
575.34,583,4217,4604,2028377,3526664,2024-11-18,2024-12-20,585.75,387,1498287,506140188,204695442,0.696776127170522,78.4857506711164,0.424845406310326
585.19,596,11959,3227,7605924,3488387,2024-11-18,2024-11-29,585.75,-8732,-4117537,114127365,37491150,3.05657367976559,51.5288449882287,-1.1803555626139
557.87,560,1472,16250,189888,3461250,2024-11-18,2024-12-13,585.75,14778,3271362,87324239,51493838,3.96367611059284,66.2515203825595,0.945138894907909
573.75,581,4032,4552,1862784,3300200,2024-11-18,2024-12-20,585.75,520,1437416,506140188,204695442,0.652032792148092,79.1377834632645,0.435554208835828
585.74,598,2677,2634,1956887,3229284,2024-11-18,2024-11-29,585.75,-43,1272397,114127365,37491150,2.82954399236327,54.358388980592,0.394018302509163
576.28,581,406,6321,95004,2983512,2024-11-18,2024-12-06,585.75,5915,2888508,66062825,31934731,4.51617380879489,39.7963907840756,0.968156990821555
567.9,573,4981,5664,1554072,2888640,2024-11-18,2024-12-20,585.75,683,1334568,506140188,204695442,0.570719351769791,79.7085028150343,0.462005649717514
585.43,600,2040,1977,1866600,2880489,2024-11-18,2024-12-06,585.75,-63,1013889,66062825,31934731,4.36022679926267,44.1566175833383,0.351985027542199
586.06,600,2410,2065,2096700,2878610,2024-11-18,2024-11-29,585.75,-345,781910,114127365,37491150,2.52227850875204,56.880667489344,0.271627625833301
585.76,596,2914,2776,1652238,2842624,2024-11-18,2024-11-22,585.75,-138,1190386,67814633,28902556,4.19175607718765,49.4854628203916,0.41876308650036
577.21,586,2174,3224,1289182,2833896,2024-11-18,2024-12-20,585.75,1050,1544714,506140188,204695442,0.55990337601882,80.2684061910532,0.545084929016449
584.57,603,1522,1528,1955770,2816104,2024-11-18,2024-12-20,585.75,6,860334,506140188,204695442,0.55638814438501,80.8247943354382,0.305505052370225
577.63,587,2720,2979,1596640,2791323,2024-11-18,2024-12-20,585.75,259,1194683,506140188,204695442,0.551492070019147,81.3762864054573,0.42799883782708
567.02,572,5872,5589,1796832,2783322,2024-11-18,2024-12-20,585.75,-283,986490,506140188,204695442,0.549911282682023,81.9261976881393,0.354428988094083
429.77,430,119230,119216,1788450,2741968,2024-11-18,2024-12-20,585.75,-14,953518,506140188,204695442,0.541740819047548,82.4679385071869,0.347749499629463
419.8,420,136584,136549,1912176,2730980,2024-11-18,2024-12-20,585.75,-35,818804,506140188,204695442,0.539569879007513,83.0075083861944,0.299820577228687
533.68,535,20522,20684,1764892,2730288,2024-11-18,2024-12-20,585.75,162,965396,506140188,204695442,0.539433157992979,83.5469415441874,0.353587606875172
585.31,594,3333,3078,1516515,2674782,2024-11-18,2024-11-22,585.75,-255,1158267,67814633,28902556,3.94425492209034,53.4297177424819,0.433032299454685
570.27,576,3936,4655,1389408,2667315,2024-11-18,2024-12-20,585.75,719,1277907,506140188,204695442,0.526991348096627,84.073932892284,0.479098644142143
469.6,470,66807,66667,1736982,2666680,2024-11-18,2024-12-20,585.75,-140,929698,506140188,204695442,0.526865888784157,84.6007987810681,0.348635006824966
474.58,475,62871,63414,1760388,2663388,2024-11-18,2024-12-20,585.75,543,903000,506140188,204695442,0.526215476096516,85.1270142571647,0.339041851956981
564.59,569,5742,5896,1504404,2600136,2024-11-18,2024-12-20,585.75,154,1095732,506140188,204695442,0.513718543132165,85.6407328002968,0.421413341455985
584.27,604,1301,1301,1749845,2566873,2024-11-18,2024-12-20,585.75,0,817028,506140188,204695442,0.507146648469653,86.1478794487665,0.318297009630005
514.23,515,32342,32152,1649442,2475704,2024-11-18,2024-12-20,585.75,-190,826262,506140188,204695442,0.489134049952184,86.6370134987187,0.333748299473604
573.79,575,17902,20115,823492,2433915,2024-11-18,2024-11-22,585.75,2213,1610423,67814633,28902556,3.58907051815793,57.0187882606399,0.661659507419117
439.84,440,152039,152022,1520390,2432352,2024-11-18,2024-12-06,585.75,-17,911962,66062825,31934731,3.68187706172117,47.8384946450595,0.374930108800042
568.75,574,3981,4530,1293825,2378250,2024-11-18,2024-12-20,585.75,549,1084425,506140188,204695442,0.469879700601842,87.1068931993205,0.455976032797225
578.84,589,1712,2274,1117936,2310384,2024-11-18,2024-12-20,585.75,562,1192448,506140188,204695442,0.456471162491448,87.563364361812,0.516125457932534
489.7,490,76705,76744,1227280,2302320,2024-11-18,2024-12-06,585.75,39,1075040,66062825,31934731,3.4850462419674,51.3235408870269,0.466937697626742
571.68,578,3885,3624,1480185,2290368,2024-11-18,2024-12-20,585.75,-261,810183,506140188,204695442,0.452516526903412,88.0158808887154,0.353734858328443
572.38,579,4017,3452,1719276,2285224,2024-11-18,2024-12-20,585.75,-565,565948,506140188,204695442,0.451500207685543,88.4673810964009,0.247655372077311
554.47,555,21629,42840,670499,2270520,2024-11-18,2024-11-29,585.75,21211,1600021,114127365,37491150,1.98946151083047,58.8701290001745,0.704693638461674
560.43,564,6510,6319,1412670,2255883,2024-11-18,2024-12-20,585.75,-191,843213,506140188,204695442,0.44570319715454,88.9130842935555,0.373784012734703
581.85,586,1520,5335,264480,2214025,2024-11-18,2024-11-22,585.75,3815,1949545,67814633,28902556,3.2648189661367,60.2836072267766,0.880543354298168
548.79,551,9963,9981,1295190,2205801,2024-11-18,2024-12-20,585.75,18,910611,506140188,204695442,0.435808310088192,89.3488926036436,0.4128255450061
566.75,568,17549,17569,982744,2196125,2024-11-18,2024-11-29,585.75,20,1213381,114127365,37491150,1.92427556703863,60.7944045672131,0.552509989185497
585.78,599,1650,1639,1318350,2166758,2024-11-18,2024-11-29,585.75,-11,848408,114127365,37491150,1.89854378921304,62.6929483564262,0.391556417467941
581.5,587,4479,3673,1267557,2020150,2024-11-18,2024-11-29,585.75,-806,752593,114127365,37491150,1.77008380067305,64.4630321570992,0.372543127985546
581.85,589,1239,2819,420021,2015585,2024-11-18,2024-11-29,585.75,1580,1595564,114127365,37491150,1.7660838835629,66.2291160406621,0.791613352947159
566.23,571,4064,4066,1166368,1939482,2024-11-18,2024-12-20,585.75,2,773114,506140188,204695442,0.383190674438205,89.7320832780819,0.398618806464819
585.57,606,10022,931,12798094,1902033,2024-11-18,2024-11-29,585.75,-9091,-10896061,114127365,37491150,1.66658802645623,67.8957040671184,-5.72863930331388
553.19,556,6660,6738,1065600,1893378,2024-11-18,2024-12-20,585.75,78,827778,506140188,204695442,0.37408173563171,90.1061650137136,0.437196376000989
568.02,572,4553,4561,942471,1815278,2024-11-18,2024-12-13,585.75,8,872807,87324239,51493838,2.07877906614222,68.3302994487018,0.480811754453037
578.38,584,2889,3215,915813,1806830,2024-11-18,2024-12-06,585.75,326,891017,66062825,31934731,2.7350177652863,54.0585586523132,0.493138258718308
557.82,561,4184,5613,836800,1784934,2024-11-18,2024-12-20,585.75,1429,948134,506140188,204695442,0.352656051093892,90.4588210648074,0.531187147535987
583.71,602,963,956,1149822,1748524,2024-11-18,2024-12-20,585.75,-7,598702,506140188,204695442,0.345462391933201,90.8042834567406,0.342404222075305
585.25,602,1855,1042,1778945,1745350,2024-11-18,2024-11-22,585.75,-813,-33595,67814633,28902556,2.57370706407863,62.8573142908552,-0.0192482883089352
579.48,591,1597,1477,1194556,1701504,2024-11-18,2024-12-20,585.75,-120,506948,506140188,204695442,0.336172475598796,91.1404559323394,0.297941115624765
509.5,510,33043,33674,1024333,1683700,2024-11-18,2024-12-13,585.75,631,659367,87324239,51493838,1.92810154349012,70.2584009921919,0.391617865415454
582.4,587,1344,3643,278208,1675780,2024-11-18,2024-11-22,585.75,2299,1397572,67814633,28902556,2.47111858586627,65.3284328767215,0.833982981059566
549.58,552,6414,6901,891546,1670042,2024-11-18,2024-12-20,585.75,487,778496,506140188,204695442,0.32995641120677,91.4704123435462,0.466153545838967
579.29,582,5187,6115,560196,1657165,2024-11-18,2024-11-22,585.75,928,1096969,67814633,28902556,2.44366875803929,67.7721016347608,0.661955206633015
545.09,547,8526,8577,1031646,1638207,2024-11-18,2024-12-20,585.75,51,606561,506140188,204695442,0.323666651817026,91.7940789953632,0.370259069824509
544.04,546,8421,8343,968415,1635228,2024-11-18,2024-12-20,585.75,-78,666813,506140188,204695442,0.323078079703878,92.1171570750671,0.407779832537114
484.51,485,33250,33223,1030750,1627927,2024-11-18,2024-12-20,585.75,-27,597177,506140188,204695442,0.321635593971052,92.4387926690382,0.366832787956708
562.94,567,3913,3987,950859,1618722,2024-11-18,2024-12-20,585.75,74,667863,506140188,204695442,0.319816927874536,92.7586095969127,0.412586596092473
582.93,588,3563,3176,819490,1610232,2024-11-18,2024-11-22,585.75,-387,790742,67814633,28902556,2.37446098100981,70.1465626157706,0.491073336016177
576.07,579,5821,5456,803298,1598608,2024-11-18,2024-11-29,585.75,-365,795310,114127365,37491150,1.40072278020263,69.296426847321,0.497501576371443
578.95,583,3282,3945,646554,1597725,2024-11-18,2024-11-29,585.75,663,951171,114127365,37491150,1.39994908320191,70.6963759305229,0.595328357508332
554.12,557,5396,5545,895736,1596960,2024-11-18,2024-12-20,585.75,149,701224,506140188,204695442,0.315517328570637,93.0741269254833,0.439099288648432
580.34,592,1104,1362,839040,1588092,2024-11-18,2024-12-20,585.75,258,749052,506140188,204695442,0.313765244817904,93.3878921703012,0.471667888258363
583.67,598,1105,1105,1008865,1583465,2024-11-18,2024-12-13,585.75,0,574600,87324239,51493838,1.81331668976812,72.07171768196,0.362875087229588
584.67,592,2518,2139,924106,1567887,2024-11-18,2024-11-22,585.75,-379,643781,67814633,28902556,2.3120187054614,72.458581321232,0.410604208083873
583.38,592,2582,1799,1110260,1550738,2024-11-18,2024-11-29,585.75,-783,440478,114127365,37491150,1.35877841392378,72.0551543444467,0.284044113189978
575.54,580,2349,3466,589599,1545836,2024-11-18,2024-12-06,585.75,1117,956237,66062825,31934731,2.3399483748992,56.3985070272124,0.618588905938275
583.95,597,1182,1162,1029522,1516410,2024-11-18,2024-12-13,585.75,-20,486888,87324239,51493838,1.73652815915178,73.8082458411118,0.321079391457455
582.87,600,905,880,958395,1507440,2024-11-18,2024-12-27,585.75,-25,549045,16436281,6885442,9.17141779213923,9.17141779213923,0.364223451679669
571.65,575,2013,4479,364353,1500465,2024-11-18,2024-12-06,585.75,2466,1136112,66062825,31934731,2.27126981021475,58.6697768374271,0.757173276284352
579.97,583,2658,4942,332250,1497426,2024-11-18,2024-11-22,585.75,2284,1165176,67814633,28902556,2.20811635152549,74.6666976727575,0.778119252637526
578.58,581,3645,6166,349920,1492172,2024-11-18,2024-11-22,585.75,2521,1142252,67814633,28902556,2.20036876111974,76.8670664338772,0.76549620285061
563.79,568,3513,3520,881763,1481920,2024-11-18,2024-12-20,585.75,7,600157,506140188,204695442,0.292788447772893,93.6806806180741,0.404986099114662
564,566,1802,7233,183804,1446600,2024-11-18,2024-12-06,585.75,5431,1262796,66062825,31934731,2.18973378749698,60.8595106249241,0.872940688510991
582,599,850,850,975800,1445000,2024-11-18,2024-12-27,585.75,0,469200,16436281,6885442,8.79152650164596,17.9629442937852,0.324705882352941
544.22,545,19100,18380,859500,1433640,2024-11-18,2024-12-06,585.75,-720,574140,66062825,31934731,2.17011609782052,63.0296267227446,0.400477107223571
586.08,600,3567,1022,2932074,1422624,2024-11-18,2024-11-22,585.75,-2545,-1509450,67814633,28902556,2.09781272428327,78.9648791581605,-1.06103228962818
559.61,563,4041,4108,844569,1392612,2024-11-18,2024-12-20,585.75,67,548043,506140188,204695442,0.275143533949136,93.9558241520233,0.393536031572326
550.58,553,5874,5713,810612,1382546,2024-11-18,2024-12-20,585.75,-161,571934,506140188,204695442,0.273154756879333,94.2289789089026,0.413681714749455
586.77,615,2739,486,5809419,1371978,2024-11-18,2024-12-20,585.75,-2253,-4437441,506140188,204695442,0.271066797801877,94.5000457067045,-3.23433830571627
581.86,588,2458,2186,739858,1342204,2024-11-18,2024-11-29,585.75,-272,602346,114127365,37491150,1.17605799450465,73.2312123389513,0.448773807856332
586.02,599,1233,1024,945711,1329152,2024-11-18,2024-11-22,585.75,-209,383441,67814633,28902556,1.95997816577434,80.9248573239348,0.288485440340909
494.45,495,23475,24017,868575,1320935,2024-11-18,2024-12-20,585.75,542,452360,506140188,204695442,0.2609820423902,94.7610277490947,0.342454397831839
578.45,582,2519,3707,420673,1315985,2024-11-18,2024-11-29,585.75,1188,895312,114127365,37491150,1.15308453848908,74.3842968774404,0.680336022067121
577.02,582,5943,2607,1568952,1298286,2024-11-18,2024-12-06,585.75,-3336,-270666,66062825,31934731,1.96522931013017,64.9948560328748,-0.208479487570535
519.37,520,20456,20468,797784,1289484,2024-11-18,2024-12-13,585.75,12,491700,87324239,51493838,1.47666216707597,75.2849080081878,0.381315316824404
584.6,599,902,881,811800,1268640,2024-11-18,2024-12-13,585.75,-21,456840,87324239,51493838,1.45279250586999,76.7377005140577,0.360102156640182
581.06,598,799,744,878101,1260336,2024-11-18,2024-12-27,585.75,-55,382235,16436281,6885442,7.66801200344531,25.6309562972305,0.303280236381409
541.29,543,7327,7328,754681,1253088,2024-11-18,2024-12-20,585.75,1,498407,506140188,204695442,0.247577258180494,95.0086050072752,0.397743015654128
583.2,595,1410,1060,1088520,1250800,2024-11-18,2024-12-13,585.75,-350,162280,87324239,51493838,1.43236289754555,78.1700634116033,0.1297409657819
584.5,600,822,802,813780,1243100,2024-11-18,2024-12-13,585.75,-20,429320,87324239,51493838,1.42354518543242,79.5936085970357,0.345362400450487
568.75,575,1401,1935,570207,1209375,2024-11-18,2024-12-27,585.75,534,639168,16436281,6885442,7.357960112753,32.9889164099835,0.528511007751938
574.55,577,3925,4885,471000,1196825,2024-11-18,2024-11-29,585.75,960,725825,114127365,37491150,1.04867487302454,75.4329717504649,0.606458755457147
554.76,556,9474,9486,606336,1176264,2024-11-18,2024-12-06,585.75,12,569928,66062825,31934731,1.78052331246809,66.7753793453429,0.484523882393748
539.33,541,6691,7024,622263,1173008,2024-11-18,2024-12-20,585.75,333,550745,506140188,204695442,0.231755554648824,95.240360561924,0.469515126921556
449.71,450,40554,40366,811080,1170614,2024-11-18,2024-12-20,585.75,-188,359534,506140188,204695442,0.231282563162125,95.4716431250861,0.307132837980752
572.94,574,2414,11000,86904,1166000,2024-11-18,2024-11-22,585.75,8586,1079096,67814633,28902556,1.7193929221736,82.6442502461084,0.925468267581475
584.98,593,2117,1449,876438,1162098,2024-11-18,2024-11-22,585.75,-668,285660,67814633,28902556,1.71363900177709,84.3578892478855,0.245814036337727
439.89,440,105235,105185,315705,1157035,2024-11-18,2024-11-29,585.75,-50,841330,114127365,37491150,1.01381031621995,76.4467820666849,0.72714308555921
549.56,550,29759,26286,773734,1156584,2024-11-18,2024-11-29,585.75,-3473,382850,114127365,37491150,1.01341514368618,77.4601972103711,0.331017894074274
584.78,599,793,786,676429,1117692,2024-11-18,2024-12-06,585.75,-7,441263,66062825,31934731,1.691862253847,68.4672415991899,0.39479838810692
579.87,588,1906,1360,970154,1105680,2024-11-18,2024-12-13,585.75,-546,135526,87324239,51493838,1.26617765314851,80.8597862501842,0.122572534548875
584.32,591,4360,1643,1434440,1097524,2024-11-18,2024-11-22,585.75,-2717,-336916,67814633,28902556,1.61841766510777,85.9763069129933,-0.306978252867363
583.45,589,1215,1974,306180,1095570,2024-11-18,2024-11-22,585.75,759,789390,67814633,28902556,1.61553628108553,87.5918431940788,0.720529039677976
584.85,597,950,894,731500,1086210,2024-11-18,2024-12-06,585.75,-56,354710,66062825,31934731,1.64420761600794,70.1114492151978,0.326557479677042
582.85,594,1069,943,676677,1051445,2024-11-18,2024-12-06,585.75,-126,374768,66062825,31934731,1.59158346619298,71.7030326813908,0.356431387281313
580.66,584,1810,3034,246160,1013356,2024-11-18,2024-11-22,585.75,1224,767196,67814633,28902556,1.49430285938435,89.0861460534631,0.757084381007267
525,526,9967,10054,667789,1005400,2024-11-18,2024-12-20,585.75,87,337611,506140188,204695442,0.198640618515754,95.6702837436019,0.335797692460712
580.87,586,1902,1949,469794,999837,2024-11-18,2024-11-29,585.75,47,530043,114127365,37491150,0.87607122095564,78.3362684313267,0.530129411094008
572.06,574,5816,5144,494360,997936,2024-11-18,2024-11-29,585.75,-672,503576,114127365,37491150,0.874405538058291,79.210673969385,0.504617530583124
583.47,591,799,1322,325193,995466,2024-11-18,2024-11-29,585.75,523,670273,114127365,37491150,0.872241289369995,80.082915258755,0.673325859446732
454.68,455,30975,30857,650475,987424,2024-11-18,2024-12-20,585.75,-118,336949,506140188,204695442,0.195089033317386,95.8653727769193,0.341240439770555
565,570,1903,1952,605154,976000,2024-11-18,2024-12-27,585.75,49,370846,16436281,6885442,5.93808295197679,38.9269993619603,0.379965163934426
399.87,400,75474,75030,679266,975390,2024-11-18,2024-12-20,585.75,-444,296124,506140188,204695442,0.192711431165786,96.0580842080851,0.30359548488297
582.95,593,987,952,676095,956760,2024-11-18,2024-12-13,585.75,-35,280665,87324239,51493838,1.09564081056578,81.95542706075,0.293349429323968
577.08,579,4303,4962,331331,952704,2024-11-18,2024-11-22,585.75,659,621373,67814633,28902556,1.40486493527142,90.4910109887346,0.65222041683461
584.46,594,1078,988,583198,942552,2024-11-18,2024-11-29,585.75,-90,359354,114127365,37491150,0.825877299453991,80.908792558209,0.381256418744006
582.25,596,678,675,542400,928125,2024-11-18,2024-12-13,585.75,-3,385725,87324239,51493838,1.0628492279217,83.0182762886717,0.41559595959596
434.91,435,102337,102342,307011,921078,2024-11-18,2024-11-29,585.75,5,614067,114127365,37491150,0.807061479076469,81.7158540372855,0.66668295193241
564.94,567,4441,4444,497392,915464,2024-11-18,2024-12-06,585.75,3,418072,66062825,31934731,1.38574758194189,73.0887802633327,0.456677706605612
575.37,578,3368,3479,390688,914977,2024-11-18,2024-11-29,585.75,111,524289,114127365,37491150,0.801715697194972,82.5175697344804,0.573007846098864
577.71,581,2263,2758,328135,907382,2024-11-18,2024-11-29,585.75,495,579247,114127365,37491150,0.795060851531971,83.3126305860124,0.638371711142606
580.05,588,1241,1134,513774,901530,2024-11-18,2024-12-06,585.75,-107,387756,66062825,31934731,1.36465553811845,74.4534358014511,0.430108815014475
559.28,560,12887,12507,489706,900504,2024-11-18,2024-11-29,585.75,-380,410798,114127365,37491150,0.789034251338406,84.1016648373508,0.456186757637945
586.39,606,461,458,668450,898138,2024-11-18,2024-12-20,585.75,-3,229688,506140188,204695442,0.177448466115479,96.2355326742005,0.255737982359058
379.89,380,77501,77506,542507,852566,2024-11-18,2024-12-20,585.75,5,310059,506140188,204695442,0.16844463652825,96.4039773107288,0.363677416176577
564.02,565,8946,8678,420462,850444,2024-11-18,2024-11-29,585.75,-268,429982,114127365,37491150,0.745170976303536,84.8468358136543,0.505597076350706
578.76,586,166,1172,71214,848528,2024-11-18,2024-12-13,585.75,1006,777314,87324239,51493838,0.971698132977718,83.9899744216494,0.916073482548602
489.84,490,52881,52889,528810,846224,2024-11-18,2024-11-29,585.75,8,317414,114127365,37491150,0.741473353038511,85.5883091666929,0.375094537616518
582.01,597,558,552,558000,827448,2024-11-18,2024-12-27,585.75,-6,269448,16436281,6885442,5.03427752299927,43.9612768849596,0.325637381442701
584.53,598,614,612,475236,824364,2024-11-18,2024-12-06,585.75,-2,349128,66062825,31934731,1.24784854416989,75.701284345621,0.423511943753002
553.82,555,5424,6983,347136,823994,2024-11-18,2024-12-06,585.75,1559,476858,66062825,31934731,1.24728847123931,76.9485728168603,0.578715378995478
484.85,485,54929,54923,549290,823845,2024-11-18,2024-11-29,585.75,-6,274555,114127365,37491150,0.721864558951308,86.3101737256442,0.333260504099679
585.03,596,823,746,596675,818362,2024-11-18,2024-12-06,585.75,-77,221687,66062825,31934731,1.23876325300954,78.1873360698699,0.270891121533014
535.53,537,5281,5534,443604,813498,2024-11-18,2024-12-20,585.75,253,369894,506140188,204695442,0.160725826418668,96.5647031371475,0.454695647684444
584.56,607,366,362,581208,812328,2024-11-18,2024-12-20,585.75,-4,231120,506140188,204695442,0.16049466516577,96.7251978023132,0.284515614382368
566.66,569,3406,3389,405314,793026,2024-11-18,2024-12-06,585.75,-17,387712,66062825,31934731,1.20041188066057,79.3877479505304,0.488902003213009
579.69,584,1512,1832,316008,789592,2024-11-18,2024-11-29,585.75,320,473584,114127365,37491150,0.691851599307493,87.0020253249517,0.599783179160883
551.33,554,2854,2943,430954,785781,2024-11-18,2024-12-20,585.75,89,354827,506140188,204695442,0.155249675609636,96.8804474779229,0.451559658479907
579.99,593,69,599,58443,779299,2024-11-18,2024-12-27,585.75,530,720856,16436281,6885442,4.74133412540221,48.7026110103618,0.925005678180005
499.82,500,43202,43169,432020,777042,2024-11-18,2024-11-29,585.75,-33,345022,114127365,37491150,0.680855113057241,87.6828804380089,0.444019756975813
459.67,460,23621,23492,543283,775236,2024-11-18,2024-12-20,585.75,-129,231953,506140188,204695442,0.153166260727749,97.0336137386506,0.299203081384249
581.47,596,617,529,590469,768637,2024-11-18,2024-12-27,585.75,-88,178168,16436281,6885442,4.67646543643298,53.3790764467948,0.231797324354669
575.85,582,174,1182,59856,726930,2024-11-18,2024-12-13,585.75,1008,667074,87324239,51493838,0.832449281350164,84.8224237029996,0.917659196896538
579.01,590,623,641,482202,704459,2024-11-18,2024-12-27,585.75,18,222257,16436281,6885442,4.28599997773219,57.6650764245269,0.315500263322635
532.65,534,4990,5140,389220,693900,2024-11-18,2024-12-20,585.75,150,304680,506140188,204695442,0.137096404603224,97.1707101432538,0.439083441418072
569.34,570,8865,10465,265950,690690,2024-11-18,2024-11-22,585.75,1600,424740,67814633,28902556,1.01849699606868,91.5095079848032,0.61495026712418
389.91,390,76465,76465,382325,688185,2024-11-18,2024-12-06,585.75,0,305860,66062825,31934731,1.04171294521541,80.4294608957458,0.444444444444444
556.4,557,11367,11374,352377,682440,2024-11-18,2024-11-29,585.75,7,330063,114127365,37491150,0.597963512081436,88.2808439500903,0.483651310005275
578.18,585,898,979,384344,667678,2024-11-18,2024-12-13,585.75,81,283334,87324239,51493838,0.764596414060935,85.5870201170605,0.424357250051672
534.66,536,4528,4972,393936,666248,2024-11-18,2024-12-20,585.75,444,272312,506140188,204695442,0.13163309608602,97.3023432393398,0.408724679098474
542.19,544,3531,3624,356631,655944,2024-11-18,2024-12-20,585.75,93,299313,506140188,204695442,0.129597296470756,97.4319405358106,0.456308770260876
540.28,542,3748,3733,352312,642076,2024-11-18,2024-12-20,585.75,-15,289764,506140188,204695442,0.126857344115895,97.5587978799265,0.451292370373601
585.6,601,363,415,326337,639100,2024-11-18,2024-11-29,585.75,52,312763,114127365,37491150,0.559988395421203,88.8408323455115,0.489380378657487
369.9,370,63699,63716,382194,637160,2024-11-18,2024-12-20,585.75,17,254966,506140188,204695442,0.125886071706284,97.6846839516328,0.400160085378869
555.98,559,2062,2081,369098,628462,2024-11-18,2024-12-20,585.75,19,259364,506140188,204695442,0.124167575486023,97.8088515271188,0.412696392144632
574.08,578,770,1579,170940,618968,2024-11-18,2024-12-06,585.75,809,448028,66062825,31934731,0.936938437010527,81.3663993327564,0.723830634216955
574.81,581,1076,996,369068,616524,2024-11-18,2024-12-13,585.75,-80,247456,87324239,51493838,0.706017031536914,86.2930371485974,0.40137285815313
571.21,573,2867,3443,226493,616297,2024-11-18,2024-11-29,585.75,576,389804,114127365,37491150,0.540008086579411,89.3808404320909,0.632493748955455
545.92,548,2886,2951,354978,613808,2024-11-18,2024-12-20,585.75,65,258830,506140188,204695442,0.121272330186909,97.9301238573057,0.421679091833277
529.77,531,5593,4942,425068,607866,2024-11-18,2024-12-20,585.75,-651,182798,506140188,204695442,0.120098347140141,98.0502222044459,0.300720882562933
576.3,578,4034,3556,274312,604520,2024-11-18,2024-11-22,585.75,-478,330208,67814633,28902556,0.891430025139265,92.4009380099425,0.546231721034871
567.67,569,1034,4521,59972,601293,2024-11-18,2024-11-29,585.75,3487,541321,114127365,37491150,0.526861371065563,89.9077018031565,0.900261602912391
439.74,440,21442,22924,364514,596024,2024-11-18,2024-12-20,585.75,1482,231510,506140188,204695442,0.117758679142862,98.1679808835887,0.388423956082305
434.77,435,26441,25843,423056,594389,2024-11-18,2024-12-20,585.75,-598,171333,506140188,204695442,0.117435646109967,98.2854165296987,0.288250623749766
524.74,525,22572,22609,316008,587834,2024-11-18,2024-11-29,585.75,37,271826,114127365,37491150,0.515068406249457,90.422770209406,0.46241966269389
531.75,533,4587,4676,353199,584500,2024-11-18,2024-12-20,585.75,89,231301,506140188,204695442,0.115481839588679,98.4008983692874,0.395724550898204
527.88,529,5253,5170,367710,579040,2024-11-18,2024-12-20,585.75,-83,211330,506140188,204695442,0.114403087075156,98.5153014563625,0.364966150870406
570.87,577.5,868,868,359352,575484,2024-11-18,2024-12-27,585.75,0,216132,16436281,6885442,3.50130300157317,61.1663794261001,0.375565610859729
464.63,465,15803,15553,395075,575461,2024-11-18,2024-12-20,585.75,-250,180386,506140188,204695442,0.113695970729754,98.6289974270923,0.313463466681495
570.72,575,1166,1323,290334,566244,2024-11-18,2024-12-13,585.75,157,275910,87324239,51493838,0.648438516595604,86.941475665193,0.487263441202026
539.7,540,18982,18859,360658,565770,2024-11-18,2024-11-29,585.75,-123,205112,114127365,37491150,0.495735619586065,90.918505828992,0.36253601286742
586.15,605,504,295,599760,556075,2024-11-18,2024-11-29,585.75,-209,-43685,114127365,37491150,0.48724072443099,91.405746553423,-0.0785595468237198
534.12,535,6167,6319,320684,556072,2024-11-18,2024-12-13,585.75,152,235388,87324239,51493838,0.636789975346937,87.57826564054,0.423304895768893
567.5,570,2761,2210,372735,552500,2024-11-18,2024-12-06,585.75,-551,179765,66062825,31934731,0.836325119308779,82.2027244520652,0.325366515837104
546.93,549,2612,2621,331724,542547,2024-11-18,2024-12-20,585.75,9,210823,506140188,204695442,0.10719302929567,98.736190456388,0.38858015987555
566.71,570,1801,1622,345792,533638,2024-11-18,2024-12-13,585.75,-179,187846,87324239,51493838,0.611099513847467,88.1893651543874,0.352010164193704
553.25,555,2930,2984,298860,522200,2024-11-18,2024-12-13,585.75,54,223340,87324239,51493838,0.598001203308511,88.787366357696,0.42769054002298
572.96,578,900,1017,270000,512568,2024-11-18,2024-12-13,585.75,117,242568,87324239,51493838,0.58697104706518,89.3743374047611,0.473240623683102
572.56,580,860,688,416240,511872,2024-11-18,2024-12-27,585.75,-172,95632.0000000001,16436281,6885442,3.11428114425642,64.2806605703565,0.186827956989247
571.95,577,363,1013,92202,511565,2024-11-18,2024-12-13,585.75,650,419363,87324239,51493838,0.585822454175638,89.9601598589368,0.819764839267737
584.39,601,326,306,350450,508266,2024-11-18,2024-12-13,585.75,-20,157816,87324239,51493838,0.582044579856001,90.5422044387928,0.310498833288081
537.44,539,3487,3242,289421,505752,2024-11-18,2024-12-20,585.75,-245,216331,506140188,204695442,0.0999233042526155,98.8361137606406,0.42774126449327
582.64,592,702,539,367848,504504,2024-11-18,2024-12-06,585.75,-163,136656,66062825,31934731,0.763673064238473,82.9663975163036,0.270871985157699
586.01,610,1042,210,1757854,503790,2024-11-18,2024-12-06,585.75,-832,-1254064,66062825,31934731,0.76259227485352,83.7289897911571,-2.48925941364457
444.72,445,17719,17756,336661,497168,2024-11-18,2024-12-20,585.75,37,160507,506140188,204695442,0.0982273314364834,98.9343410920771,0.322842580375245
580.09,591,421,454,254705,495314,2024-11-18,2024-12-13,585.75,33,240609,87324239,51493838,0.567212500987269,91.10941693978,0.485770642461146
579.64,586,634,776,236482,493536,2024-11-18,2024-12-06,585.75,142,257054,66062825,31934731,0.747070686123399,84.4760604772805,0.520841438111911
519.58,520,11552,11535,300352,484470,2024-11-18,2024-12-06,585.75,-17,184118,66062825,31934731,0.733347385613619,85.2094078628942,0.38004004375916
424.78,425,21576,21582,323640,474804,2024-11-18,2024-12-20,585.75,6,151164,506140188,204695442,0.0938087927528884,99.0281498848299,0.318371370081128
574.66,576,2841,3429,144891,459486,2024-11-18,2024-11-22,585.75,588,314595,67814633,28902556,0.677561729191987,93.0784997391345,0.684667215105575
582.2,594,373,384,273036,453120,2024-11-18,2024-12-13,585.75,11,180084,87324239,51493838,0.518893728922161,91.6283106687022,0.397431144067797
563.12,564,1353,4962,63591,436656,2024-11-18,2024-11-29,585.75,3609,373065,114127365,37491150,0.382604119529089,91.7883506729521,0.854368198307134
558.51,560,1559,2911,124720,433739,2024-11-18,2024-12-06,585.75,1352,309019,66062825,31934731,0.656555331988906,85.8659631948831,0.712453802863012
573.85,576,1600,1939,160000,416885,2024-11-18,2024-11-29,585.75,339,256885,114127365,37491150,0.365280491668234,92.1536311646203,0.616201110618036
574.88,579,966,1007,215418,414884,2024-11-18,2024-12-06,585.75,41,199466,66062825,31934731,0.628014318188785,86.4939775130718,0.48077534925425
572.05,573,1635,4310,53955,409450,2024-11-18,2024-11-22,585.75,2675,355495,67814633,28902556,0.603778243554013,93.6822779826885,0.868225668579802
389.87,390,30451,30835,243608,400855,2024-11-18,2024-12-20,585.75,384,157247,506140188,204695442,0.0791984137011464,99.1073482985311,0.392279003629741
525.95,527,3762,3789,252054,397845,2024-11-18,2024-12-20,585.75,27,145791,506140188,204695442,0.0786037168026657,99.1859520153337,0.366451758850809
524.54,525,8457,8449,253710,388654,2024-11-18,2024-12-06,585.75,-8,134944,66062825,31934731,0.588309688542687,87.0822872016145,0.347208571119814
409.83,410,18223,22699,200453,385883,2024-11-18,2024-12-20,585.75,4476,185430,506140188,204695442,0.0762403399589365,99.2621923552927,0.480534255201706
563.13,565,2500,2024,257500,378488,2024-11-18,2024-12-06,585.75,-476,120988,66062825,31934731,0.572921306347405,87.6552085079619,0.319661389528862
530.74,532,2833,2990,206809,376740,2024-11-18,2024-12-20,585.75,157,169931,506140188,204695442,0.0744339234330865,99.3366262787258,0.451056431491214
591.42,603,323,323,374034,374034,2024-11-18,2024-12-27,585.75,0,0,16436281,6885442,2.27566077752017,66.5563213478767,0
584.99,601,233,233,207370,373033,2024-11-18,2024-12-06,585.75,0,165663,66062825,31934731,0.56466401489794,88.2198725228599,0.444097439100562
560.76,565,400,866,112000,367184,2024-11-18,2024-12-27,585.75,466,255184,16436281,6885442,2.2339846830314,68.7903060309081,0.694975815939692
554.67,557,1556,1547,166492,360451,2024-11-18,2024-12-13,585.75,-9,193959,87324239,51493838,0.412773136219372,92.0410838049216,0.538100879176365
579.76,587,428,497,157076,359828,2024-11-18,2024-12-06,585.75,69,202752,66062825,31934731,0.544675466118804,88.7645479889787,0.563469213068466
547.46,550,910,1389,144690,352806,2024-11-18,2024-12-27,585.75,479,208116,16436281,6885442,2.14650747331467,70.9368135042228,0.58988792707607
576.27,583,231,523,83853,351979,2024-11-18,2024-12-13,585.75,292,268126,87324239,51493838,0.403071362580096,92.4441551675017,0.761767037238017
526.91,528,3108,3128,205128,340952,2024-11-18,2024-12-20,585.75,20,135824,506140188,204695442,0.0673631551265003,99.4039894338523,0.398366925549638
509.58,510,8089,8085,194136,339570,2024-11-18,2024-12-06,585.75,-4,145434,66062825,31934731,0.514010716314357,89.2785587052931,0.428288718084637
577.38,582.5,825,660,224400,337920,2024-11-18,2024-12-06,585.75,-165,113520,66062825,31934731,0.511513093786105,89.7900717990791,0.3359375
580.67,595,213,235,192339,336755,2024-11-18,2024-12-27,585.75,22,144416,16436281,6885442,2.04885156198047,72.9856650662032,0.428845896868643
575.46,577,1757,2169,100149,334026,2024-11-18,2024-11-22,585.75,412,233877,67814633,28902556,0.4925574101389,94.1748353928274,0.70017603420093
550.97,552,3220,3220,157780,331660,2024-11-18,2024-12-06,585.75,0,173880,66062825,31934731,0.502037265284977,90.2921090643641,0.524271844660194
582.76,593,305,315,182390,322560,2024-11-18,2024-12-06,585.75,10,140170,66062825,31934731,0.488262498614009,90.7803715629781,0.434554811507937
581.12,589,398,405,179100,319140,2024-11-18,2024-12-06,585.75,7,140040,66062825,31934731,0.483085608282722,91.2634571712608,0.438804286520023
514.8,515,15894,15888,206622,317760,2024-11-18,2024-11-29,585.75,-6,111138,114127365,37491150,0.27842577457212,92.4320569391925,0.349754531722054
569.53,571,2211,2139,145926,314433,2024-11-18,2024-11-29,585.75,-72,168507,114127365,37491150,0.275510610448248,92.7075675496407,0.535907490625984
565.78,567,2314,2577,127270,314394,2024-11-18,2024-11-29,585.75,263,187124,114127365,37491150,0.275476438100538,92.9830439877412,0.595189475626125
566.54,567,6059,6758,127239,310868,2024-11-18,2024-11-22,585.75,699,183629,67814633,28902556,0.458408438190619,94.633243831018,0.590697659456747
569.29,572,1119,1145,158898,310295,2024-11-18,2024-12-06,585.75,26,151397,66062825,31934731,0.469696837820665,91.7331540090815,0.48791311493901
570.9,574,768,1000,119808,310000,2024-11-18,2024-12-06,585.75,232,190192,66062825,31934731,0.469250293186826,92.2024043022683,0.613522580645161
547.58,548,7229,7322,173496,307524,2024-11-18,2024-11-29,585.75,93,134028,114127365,37491150,0.269456847619324,93.2525008353606,0.435829398681079
543.73,545,2042,2420,142940,307340,2024-11-18,2024-12-13,585.75,378,164400,87324239,51493838,0.351952680629716,92.7961078481314,0.534912474783627
567.49,568,5499,5962,115479,304062,2024-11-18,2024-11-22,585.75,463,188583,67814633,28902556,0.448372256176628,95.0816160871946,0.620212325117904
532.73,533,10905,10967,185385,296109,2024-11-18,2024-11-29,585.75,62,110724,114127365,37491150,0.259454864308836,93.5119556996694,0.373929870419339
568.34,571,1178,1109,167276,294994,2024-11-18,2024-12-06,585.75,-69,127718,66062825,31934731,0.446535551575338,92.6489398538437,0.432951178668041
577.7,583,496,555,148800,294150,2024-11-18,2024-12-06,585.75,59,145350,66062825,31934731,0.445257979809371,93.0941978336531,0.494135645079041
548.5,550,1948,1918,161684,287700,2024-11-18,2024-12-13,585.75,-30,126016,87324239,51493838,0.329461788954153,93.1255696370855,0.438011817865833
568.4,569,977,4769,25402,286140,2024-11-18,2024-11-22,585.75,3792,260738,67814633,28902556,0.421944331690183,95.5035604188848,0.911225274341232
579.29,587,344,370,157552,285270,2024-11-18,2024-12-13,585.75,26,127718,87324239,51493838,0.32667905643014,93.4522486935157,0.447709187787009
414.81,415,14608,14654,189904,278426,2024-11-18,2024-12-20,585.75,46,88522,506140188,204695442,0.0550096606831782,99.4589990945354,0.317937261606316
562.29,565,929,1016,147711,275336,2024-11-18,2024-12-13,585.75,87,127625,87324239,51493838,0.315303062646787,93.7675517561625,0.463524566348026
559.63,562,1093,1150,144276,272550,2024-11-18,2024-12-13,585.75,57,128274,87324239,51493838,0.312112654082219,94.0796644102447,0.470643918547056
564.03,567,722,887,116242,263439,2024-11-18,2024-12-13,585.75,165,147197,87324239,51493838,0.301679124853295,94.381343535098,0.558751741389848
540.58,541,6123,6126,122460,257292,2024-11-18,2024-11-29,585.75,3,134832,114127365,37491150,0.225442863768913,93.7373985634383,0.524042721887972
404.82,405,14072,14077,140720,253386,2024-11-18,2024-12-20,585.75,5,112666,506140188,204695442,0.0500624147237247,99.5090615092592,0.44464177184217
538.13,540,1230,1355,148830,253385,2024-11-18,2024-12-27,585.75,125,104555,16436281,6885442,1.54162002949451,74.5272850956978,0.41263294985891
394.89,395,22343,22548,156401,248028,2024-11-18,2024-12-20,585.75,205,91627,506140188,204695442,0.0490038147296851,99.5580653239889,0.369422000741852
578.68,591,111,198,85470,243936,2024-11-18,2024-12-27,585.75,87,158466,16436281,6885442,1.48413135550554,76.0114164512033,0.649621212121212
582.69,597.5,161,164,151501,242884,2024-11-18,2024-12-27,585.75,3,91383,16436281,6885442,1.47773088084829,77.4891473320516,0.376241333311375
571.15,572,1120,2849,39200,242165,2024-11-18,2024-11-22,585.75,1729,202965,67814633,28902556,0.357098445109922,95.8606588639947,0.838126896950426
559.5,561,1610,1609,125580,241350,2024-11-18,2024-12-06,585.75,-1,115770,66062825,31934731,0.365334058905292,93.4595318925583,0.479676817899316
582.2,591,315,273,160335,240240,2024-11-18,2024-12-06,585.75,-42,79905,66062825,31934731,0.363653840113559,93.8231857326719,0.332604895104895
575.95,585,227,257,134157,232585,2024-11-18,2024-12-27,585.75,30,98428,16436281,6885442,1.41507072068189,78.9042180527335,0.423191521379281
570.36,572,1461,1414,105192,231896,2024-11-18,2024-11-29,585.75,-47,126704,114127365,37491150,0.203190531911431,93.9405890953497,0.546382861282644
573.31,577,616,606,117040,223614,2024-11-18,2024-12-06,585.75,-10,106574,66062825,31934731,0.338486887292513,94.1616726199644,0.476598066310696
389.96,390,55524,55527,111048,222108,2024-11-18,2024-11-29,585.75,3,111060,114127365,37491150,0.194614148850278,94.1352032442,0.500027013885137
559.75,560,7155,8510,107325,212750,2024-11-18,2024-11-22,585.75,1355,105425,67814633,28902556,0.313722850936906,96.1743817149316,0.495534665099883
578.82,592,161,161,124614,212198,2024-11-18,2024-12-27,585.75,0,87584,16436281,6885442,1.29103414574136,80.1952521984748,0.412746585735964
562.1,563,1840,2355,77280,211950,2024-11-18,2024-11-29,585.75,515,134670,114127365,37491150,0.185713566592903,94.3209168107929,0.635385704175513
568.67,572.5,484,550,92928,210650,2024-11-18,2024-12-13,585.75,66,117722,87324239,51493838,0.241227409952007,94.62257094505,0.558851174934726
556.32,560,421,567,94304,208656,2024-11-18,2024-12-27,585.75,146,114352,16436281,6885442,1.26948425863491,81.4647364571098,0.548040794417606
384.96,385,52071,52071,104142,208284,2024-11-18,2024-11-29,585.75,0,104142,114127365,37491150,0.182501365908168,94.5034181767011,0.5
384.9,385,20499,20487,163992,204870,2024-11-18,2024-12-20,585.75,-12,40878,506140188,204695442,0.0404769281035633,99.5985422520924,0.199531410162542
581.25,592.5,175,177,117250,199125,2024-11-18,2024-12-13,585.75,2,81875,87324239,51493838,0.228029470717747,94.8506004157677,0.411173885750157
554.22,556,1129,1115,115158,198470,2024-11-18,2024-12-13,585.75,-14,83312,87324239,51493838,0.227279392609422,95.0778798083772,0.419771250062982
584.84,603,110,108,104940,196128,2024-11-18,2024-12-06,585.75,-2,91188,66062825,31934731,0.296881037103696,94.4585536570681,0.464941262848752
542.67,543,5853,5881,117060,194073,2024-11-18,2024-11-29,585.75,28,77013,114127365,37491150,0.170049488131089,94.6734676648322,0.396824906092037
570.25,571,1652,2584,52864,193800,2024-11-18,2024-11-22,585.75,932,140936,67814633,28902556,0.285779029431598,96.4601607443633,0.727223942208462
374.88,375,16078,16072,80390,192864,2024-11-18,2024-12-20,585.75,-6,112474,506140188,204695442,0.0381048580161352,99.6366471101086,0.583177783308445
580.55,589,214,223,111066,188435,2024-11-18,2024-12-13,585.75,9,77369,87324239,51493838,0.215787737926923,95.2936675463041,0.41058720513705
571.47,579,232,246,100688,185238,2024-11-18,2024-12-27,585.75,14,84550,16436281,6885442,1.12700677239578,82.5917432295055,0.456439823362377
561.11,562,1079,2064,41002,183696,2024-11-18,2024-11-29,585.75,985,142694,114127365,37491150,0.160957014998112,94.8344246798303,0.776794268791917
584.6,605,79,90,94800,183600,2024-11-18,2024-12-27,585.75,11,88800,16436281,6885442,1.11704101432678,83.7087842438323,0.483660130718954
570.1,573,570,631,87210,182990,2024-11-18,2024-12-06,585.75,61,95780,66062825,31934731,0.276993906936314,94.7355475640044,0.523416580140991
573.91,579,347,359,107917,182731,2024-11-18,2024-12-13,585.75,12,74814,87324239,51493838,0.209255760018705,95.5029233063228,0.409421499362451
513.76,514,7736,7587,85096,182088,2024-11-18,2024-11-29,585.75,-149,96992,114127365,37491150,0.15954806281561,94.9939727426459,0.532665524361847
584.49,602,110,103,107910,180353,2024-11-18,2024-12-06,585.75,-7,72443,66062825,31934731,0.27300225202298,95.0085498160274,0.401673384972803
565.6,568,640,747,71680,179280,2024-11-18,2024-12-06,585.75,107,107600,66062825,31934731,0.271378040524304,95.2799278565517,0.600178491744757
551.33,552,2664,2653,71928,177751,2024-11-18,2024-11-29,585.75,-11,105823,114127365,37491150,0.155747922507455,95.1497206651534,0.595344048697335
544.64,545,4909,4905,98180,176580,2024-11-18,2024-11-29,585.75,-4,78400,114127365,37491150,0.154721875862112,95.3044425410155,0.443991392003624
349.93,350,25141,25137,125705,175959,2024-11-18,2024-12-20,585.75,-4,50254,506140188,204695442,0.0347648742723429,99.6714119843809,0.285600622872374
550.42,552,1023,1110,92070,175380,2024-11-18,2024-12-13,585.75,87,83310,87324239,51493838,0.20083770784421,95.703761014167,0.475025658569962
572.53,576,568,504,104512,174888,2024-11-18,2024-12-06,585.75,-64,70376,66062825,31934731,0.264729823467283,95.544657680019,0.402406111339829
564.62,565,3253,4584,68313,174192,2024-11-18,2024-11-22,585.75,1331,105879,67814633,28902556,0.256864915865577,96.7170256602288,0.607829291815927
509.77,510,7426,7477,96538,171971,2024-11-18,2024-11-29,585.75,51,75433,114127365,37491150,0.150683405334032,95.4551259463495,0.438637909880154
577.5,584,189,263,72198,170950,2024-11-18,2024-12-13,585.75,74,98752,87324239,51493838,0.195764660485618,95.8995256746526,0.577665984205908
560.22,561,2141,2148,72794,167544,2024-11-18,2024-11-29,585.75,7,94750,114127365,37491150,0.146804405761931,95.6019303521114,0.565523086472807
534.7,535,5609,5581,100962,167430,2024-11-18,2024-11-29,585.75,-28,66468,114127365,37491150,0.146704517360933,95.7486348694724,0.396989786776563
538.98,540,1935,1630,110295,166260,2024-11-18,2024-12-13,585.75,-305,55965,87324239,51493838,0.190393872198531,96.0899195468511,0.336611331649224
564.81,568,468,521,74880,166199,2024-11-18,2024-12-13,585.75,53,91319,87324239,51493838,0.190324017596077,96.2802435644472,0.549455772898754
319.95,320,33280,33220,99840,166100,2024-11-18,2024-12-20,585.75,-60,66260,506140188,204695442,0.0328169949626683,99.7042289793436,0.398916315472607
524.32,525,2532,2440,108876,165920,2024-11-18,2024-12-13,585.75,-92,57044,87324239,51493838,0.190004518676653,96.4702480831239,0.343804243008679
530.74,531,6362,6377,101792,165802,2024-11-18,2024-11-29,585.75,15,64010,114127365,37491150,0.145278040897553,95.8939129103699,0.386062894295606
569.64,574,267,379,61143,165244,2024-11-18,2024-12-13,585.75,112,104101,87324239,51493838,0.189230392262565,96.6594784753864,0.629983539493113
504.82,505,9101,9152,91010,164736,2024-11-18,2024-11-29,585.75,51,73726,114127365,37491150,0.144343996726815,96.0382569070967,0.447540306915307
565.34,567.5,746,761,81314,164376,2024-11-18,2024-12-06,585.75,15,83062,66062825,31934731,0.24881769739638,95.7934753774154,0.505317077918918
562.67,563,3458,4946,58786,163218,2024-11-18,2024-11-22,585.75,1488,104432,67814633,28902556,0.240682567728413,96.9577082279572,0.639831391145584
550.01,551,2236,1621,120744,160479,2024-11-18,2024-12-06,585.75,-615,39735,66062825,31934731,0.242918767097835,96.0363941445132,0.247602490045427
580.41,594,121,118,110231,160362,2024-11-18,2024-12-27,585.75,-3,50131,16436281,6885442,0.975658666336989,84.6844429101693,0.312611466556915
573.77,577.5,352,417,70048,155541,2024-11-18,2024-12-06,585.75,65,85493,66062825,31934731,0.235444064040555,96.2718382085538,0.549649288612006
549.07,550,1336,1659,70808,154287,2024-11-18,2024-12-06,585.75,323,83479,66062825,31934731,0.233545870919083,96.5053840794728,0.541063083733562
546.63,547,4352,4164,104448,154068,2024-11-18,2024-11-29,585.75,-188,49620,114127365,37491150,0.134996545307079,96.1732534524038,0.322065581431576
561.46,564,534,605,75294,153670,2024-11-18,2024-12-13,585.75,71,78376,87324239,51493838,0.175976340314858,96.8354548157013,0.510027982039435
519.77,520,6605,6644,92470,152812,2024-11-18,2024-11-29,585.75,39,60342,114127365,37491150,0.13389602046801,96.3071494728718,0.394877365651912
535.7,536,5099,5088,91782,152640,2024-11-18,2024-11-29,585.75,-11,60858,114127365,37491150,0.133745311652468,96.4408947845243,0.398702830188679
551.99,555,338,507,66248,152607,2024-11-18,2024-12-27,585.75,169,86359,16436281,6885442,0.928476460094592,85.6129193702639,0.565891472868217
563.66,564,2676,4422,50844,150348,2024-11-18,2024-11-22,585.75,1746,99504,67814633,28902556,0.221704362832724,97.17941259079,0.661824567004549
569.65,572.5,395,526,48585,149910,2024-11-18,2024-12-06,585.75,131,101325,66062825,31934731,0.22692035952141,96.7323044389943,0.675905543325996
560.26,562,855,853,74385,148422,2024-11-18,2024-12-06,585.75,-2,74037,66062825,31934731,0.224667958114113,96.9569723971084,0.498827667057444
555.9,558,681,697,76272,146370,2024-11-18,2024-12-13,585.75,16,70098,87324239,51493838,0.167616691168646,97.00307150687,0.478909612625538
494.82,495,8093,8093,89023,145674,2024-11-18,2024-11-29,585.75,0,56651,114127365,37491150,0.127641604623046,96.5685363891473,0.388888888888889
531.78,532,6581,6581,98715,144782,2024-11-18,2024-11-29,585.75,0,46067,114127365,37491150,0.126860021695936,96.6953964108433,0.318181818181818
578.9,589,129,143,95460,144430,2024-11-18,2024-12-27,585.75,14,48970,16436281,6885442,0.878726763067631,86.4916461333315,0.339056982621339
542.78,545,500,645,62500,143190,2024-11-18,2024-12-27,585.75,145,80690,16436281,6885442,0.871182477349955,87.3628286106815,0.563517005377471
523.72,525,131,1082,10480,138496,2024-11-18,2024-12-27,585.75,951,128016,16436281,6885442,0.842623705447723,88.2054523161292,0.924329944547135
585.57,620,54,40,146070,137720,2024-11-18,2024-12-20,585.75,-14,-8350,506140188,204695442,0.0272098527769939,99.7314388321206,-0.0606302643043857
586.14,603,188,78,199092,131508,2024-11-18,2024-11-22,585.75,-110,-67584,67814633,28902556,0.193922748206866,97.3733353389968,-0.513915503239347
364.89,365,11930,11929,71580,131219,2024-11-18,2024-12-20,585.75,-1,59639,506140188,204695442,0.025925426020508,99.7573642581411,0.454499729459911
585.74,610,115,54,195500,131004,2024-11-18,2024-11-22,585.75,-61,-64496,67814633,28902556,0.193179545777384,97.5665148847742,-0.492320845165033
588.5,602.5,92,92,103960,128800,2024-11-18,2024-12-13,585.75,0,24840,87324239,51493838,0.147496275346871,97.1505677822168,0.192857142857143
513.97,515,6,1241,390,127823,2024-11-18,2024-12-27,585.75,1235,127433,16436281,6885442,0.777688091363247,88.9831404074924,0.996948905908952
580.05,592.5,97,102,79637,126990,2024-11-18,2024-12-27,585.75,5,47353,16436281,6885442,0.772620034909357,89.7557604424018,0.372887628947161
514.92,515,15613,15789,78065,126312,2024-11-18,2024-11-22,585.75,176,48247,67814633,28902556,0.18626068506483,97.7527755698391,0.381966875672937
585.3,605,176,64,227568,126080,2024-11-18,2024-12-13,585.75,-112,-101488,87324239,51493838,0.144381447171844,97.2949492293887,-0.80494923857868
574.68,583,129,150,69789,124800,2024-11-18,2024-12-27,585.75,21,55011,16436281,6885442,0.759295852875721,90.5150562952775,0.440793269230769
579.2,587.5,124,149,58776,123670,2024-11-18,2024-12-13,585.75,25,64894,87324239,51493838,0.141621617796177,97.4365708471848,0.524735182340099
329.94,330,20627,20606,61881,123636,2024-11-18,2024-12-20,585.75,-21,61755,506140188,204695442,0.0244272244985217,99.7817914826396,0.499490439677764
576.09,582.5,174,192,56550,123072,2024-11-18,2024-12-13,585.75,18,66522,87324239,51493838,0.140936813660638,97.5775076608455,0.540512870514821
449.93,450,16525,17215,99150,120505,2024-11-18,2024-11-29,585.75,690,21355,114127365,37491150,0.105588173353516,96.8009845841968,0.177212563794034
584.94,601,803,73,716276,117238,2024-11-18,2024-11-22,585.75,-730,-599038,67814633,28902556,0.172880092118172,97.9256556619572,-5.10958904109589
564.99,566,1075,1160,45150,117160,2024-11-18,2024-11-29,585.75,85,72010,114127365,37491150,0.102657237376855,96.9036418215737,0.614629566404916
591.32,601,118,118,114224,114224,2024-11-18,2024-12-27,585.75,0,0,16436281,6885442,0.694950396625611,91.2100066919031,0
516.76,517,4702,4707,61126,112968,2024-11-18,2024-11-29,585.75,5,51842,114127365,37491150,0.0989841481050579,97.0026259696787,0.458908717512924
529.74,530,3921,4341,66657,112866,2024-11-18,2024-11-29,585.75,420,46209,114127365,37491150,0.0988947742725857,97.1015207439513,0.409414704162458
538.7,539,3732,3732,70908,111960,2024-11-18,2024-11-29,585.75,0,41052,114127365,37491150,0.0981009243488623,97.1996216683002,0.366666666666667
586.3,615,67,39,146395,111930,2024-11-18,2024-11-22,585.75,-28,-34465,67814633,28902556,0.165052872880695,98.0907085348379,-0.307915661574198
549.85,550,3970,7386,39700,110790,2024-11-18,2024-11-22,585.75,3416,71090,67814633,28902556,0.163371819766392,98.2540803546043,0.64166441014532
556.85,559,390,510,41730,109650,2024-11-18,2024-12-13,585.75,120,67920,87324239,51493838,0.12556651080578,97.7030741716513,0.619425444596443
560.49,563,398,433,55322,108683,2024-11-18,2024-12-13,585.75,35,53361,87324239,51493838,0.124459143583261,97.8275333152345,0.490978349879926
577.54,588,67,103,40334,107738,2024-11-18,2024-12-27,585.75,36,67404,16436281,6885442,0.655488915041061,91.8654956069442,0.625628840334887
359.92,360,13398,13407,53592,107256,2024-11-18,2024-12-20,585.75,9,53664,506140188,204695442,0.0211909669579528,99.8029824495976,0.500335645558291
557.31,558,1499,1526,40473,105294,2024-11-18,2024-11-29,585.75,27,64821,114127365,37491150,0.092260081532593,97.2918817498327,0.615619123596786
584.2,602,59,59,64487,105020,2024-11-18,2024-12-13,585.75,0,40533,87324239,51493838,0.12026443196373,97.9477977471982,0.385955056179775
552.21,554,489,581,44010,103999,2024-11-18,2024-12-13,585.75,92,59989,87324239,51493838,0.119095226240678,98.0668929734389,0.576822854065905
529.23,530,845,1344,38025,103488,2024-11-18,2024-12-13,585.75,499,65463,87324239,51493838,0.118510050800443,98.1854030242394,0.632566094619666
590.85,602,90,90,100350,100350,2024-11-18,2024-12-27,585.75,0,0,16436281,6885442,0.61053957400704,92.4760351809512,0
585.57,620,36,29,100008,99847,2024-11-18,2024-11-29,585.75,-7,-161,114127365,37491150,0.0874873436357705,97.3793690934685,-0.00161246707462417
571.49,576,242,221,59774,99671,2024-11-18,2024-12-13,585.75,-21,39897,87324239,51493838,0.114138984938649,98.299542009178,0.400286944045911
558.24,561,433,359,54558,99084,2024-11-18,2024-12-13,585.75,-74,44526,87324239,51493838,0.1134667775347,98.4130087867127,0.449376286786969
499.56,500,1785,2219,53550,97636,2024-11-18,2024-12-13,585.75,434,44086,87324239,51493838,0.111808589594465,98.5248173763072,0.451534270146258
544.88,545,7966,8104,79660,97248,2024-11-18,2024-11-22,585.75,138,17588,67814633,28902556,0.14340267829806,98.3974830329024,0.180857189865087
354.92,355,12100,12099,48400,96792,2024-11-18,2024-12-20,585.75,-1,48392,506140188,204695442,0.0191235555474208,99.822106005145,0.499958674270601
580.34,587.5,135,135,50625,96660,2024-11-18,2024-12-06,585.75,0,46035,66062825,31934731,0.146315268836899,97.1032876659453,0.476256983240224
505.81,506,5080,5078,55880,96482,2024-11-18,2024-11-29,585.75,-2,40602,114127365,37491150,0.0845388833782327,97.4639079768468,0.420824609771771
585.57,625,24,24,77208,94632,2024-11-18,2024-12-13,585.75,0,17424,87324239,51493838,0.108368536712928,98.6331859130201,0.184123763631753
565.58,566,1593,2247,28674,94374,2024-11-18,2024-11-22,585.75,654,65700,67814633,28902556,0.139164654920421,98.5366476878228,0.696166316994087
539.34,540,1369,1416,53391,93456,2024-11-18,2024-12-06,585.75,47,40065,66062825,31934731,0.141465340000219,97.2447530059455,0.428704417051875
572.52,577.5,162,184,41958,91632,2024-11-18,2024-12-13,585.75,22,49674,87324239,51493838,0.10493306446106,98.7381189774812,0.542103195390257
511.72,512,3267,3263,45738,91364,2024-11-18,2024-11-29,585.75,-4,45626,114127365,37491150,0.0800544199018351,97.5439623967486,0.499387067116151
577.06,587,67,91,44421,90454,2024-11-18,2024-12-27,585.75,24,46033,16436281,6885442,0.550331306698882,93.0263664876501,0.50891060649612
585.63,603,64,52,66624,90324,2024-11-18,2024-11-29,585.75,-12,23700,114127365,37491150,0.0791431572962365,97.6231055540448,0.262388733891325
585.58,604,50,49,57700,90258,2024-11-18,2024-12-13,585.75,-1,32558,87324239,51493838,0.103359618169704,98.8414785956509,0.360721487291985
572.88,581,110,110,51590,89320,2024-11-18,2024-12-27,585.75,0,37730,16436281,6885442,0.54343193572804,93.5697984233781,0.422413793103448
567.43,571,219,249,39420,88893,2024-11-18,2024-12-13,585.75,30,49473,87324239,51493838,0.101796478295104,98.943275073946,0.556545509770173
339.92,340,10942,10973,43768,87784,2024-11-18,2024-12-20,585.75,31,44016,506140188,204695442,0.0173438114738283,99.8394498166188,0.501412558097148
562.23,564,514,494,50886,87438,2024-11-18,2024-12-06,585.75,-20,36552,66062825,31934731,0.132355829469902,97.3771088354154,0.418033349344679
561.26,563,454,492,40406,85608,2024-11-18,2024-12-06,585.75,38,45202,66062825,31934731,0.129585739029477,97.5066945744449,0.528011400803663
570.8,578,123,118,54120,84960,2024-11-18,2024-12-27,585.75,-5,30840,16436281,6885442,0.516905253688471,94.0867036770666,0.362994350282486
550.52,551,1788,1764,46488,84672,2024-11-18,2024-11-29,585.75,-24,38184,114127365,37491150,0.0741907955204258,97.6972963495652,0.450963718820862
504.5,505,288,1689,8640,84450,2024-11-18,2024-12-13,585.75,1401,75810,87324239,51493838,0.0967085438900876,99.0399836178361,0.897690941385435
558.29,559,786,1166,26724,82786,2024-11-18,2024-11-29,585.75,380,56062,114127365,37491150,0.0725382558337345,97.769834605399,0.677191795714251
539.88,540,7757,6686,69813,80232,2024-11-18,2024-11-22,585.75,-1071,10419,67814633,28902556,0.118310748655087,98.6549584364779,0.129860903380197
553.47,554,1508,1494,42224,79182,2024-11-18,2024-11-29,585.75,-14,36958,114127365,37491150,0.0693803804197179,97.8392149858187,0.466747493117123
565.42,571,115,139,37375,77562,2024-11-18,2024-12-27,585.75,24,40187,16436281,6885442,0.471895071640598,94.5585987487072,0.518127433537041
555.44,556,1474,1366,44220,76496,2024-11-18,2024-11-29,585.75,-108,32276,114127365,37491150,0.0670268694979508,97.9062418553166,0.421930558460573
528.51,530,154,513,13552,76437,2024-11-18,2024-12-27,585.75,359,62885,16436281,6885442,0.465050457582223,95.0236492062894,0.822703664455696
299.97,300,25357,25382,50714,76146,2024-11-18,2024-12-20,585.75,25,25432,506140188,204695442,0.0150444485155168,99.8544942651343,0.333989966643028
324.95,325,15054,15056,45162,75280,2024-11-18,2024-12-20,585.75,2,30118,506140188,204695442,0.0148733496736284,99.8693676148079,0.400079702444208
576.79,587.5,39,69,24999,73899,2024-11-18,2024-12-27,585.75,30,48900,16436281,6885442,0.44960900826653,95.473258214556,0.661713960946698
566.28,572,123,129,41205,73788,2024-11-18,2024-12-27,585.75,6,32583,16436281,6885442,0.44893367301277,95.9221918875687,0.441575865994471
479.85,480,4840,4881,29040,73215,2024-11-18,2024-11-29,585.75,41,44175,114127365,37491150,0.0641520112200961,97.9703938665367,0.603359967219832
533.34,535,236,440,23836,73040,2024-11-18,2024-12-27,585.75,204,49204,16436281,6885442,0.444382765176624,96.3665746527454,0.673658269441402
584.77,606,10,34,14460,72182,2024-11-18,2024-12-13,585.75,24,57722,87324239,51493838,0.0826597526947816,99.1226433705308,0.799673048682497
573.31,582,46,79,24012,68651,2024-11-18,2024-12-27,585.75,33,44639,16436281,6885442,0.417679644196884,96.7842542969422,0.650230877918749
488.85,489,4547,4567,45470,68505,2024-11-18,2024-11-29,585.75,20,23035,114127365,37491150,0.0600250430735871,98.0304189096103,0.336252828260711
545.62,546,1670,1756,38410,66728,2024-11-18,2024-11-29,585.75,86,28318,114127365,37491150,0.0584680107176749,98.088886920328,0.424379570794869
560.74,561,1874,2564,29984,66664,2024-11-18,2024-11-22,585.75,690,36680,67814633,28902556,0.0983032673788856,98.7532617038568,0.550222008880355
586.09,630,19,15,69616,65865,2024-11-18,2024-12-13,585.75,-4,-3751,87324239,51493838,0.0754257932897646,99.1980691638206,-0.0569498216047977
469.78,470,2827,2967,42405,65274,2024-11-18,2024-12-06,585.75,140,22869,66062825,31934731,0.0988059472176674,97.6055005216625,0.350353892821031
534.42,535,1107,1108,38745,64264,2024-11-18,2024-12-06,585.75,1,25519,66062825,31934731,0.0972770994882523,97.7027776211508,0.397096352545749
518.84,520,89,551,6319,63916,2024-11-18,2024-12-27,585.75,462,57597,16436281,6885442,0.388871424137857,97.1731257210801,0.901135865823894
454.9,455,5969,6320,29845,63200,2024-11-18,2024-11-29,585.75,351,33355,114127365,37491150,0.0553767275709905,98.144263647899,0.527768987341772
478.87,479,4854,4854,38832,63102,2024-11-18,2024-11-29,585.75,0,24270,114127365,37491150,0.0552908585946937,98.1995545064937,0.384615384615385
548.57,549,1290,1463,28380,62909,2024-11-18,2024-11-29,585.75,173,34529,114127365,37491150,0.0551217492842317,98.2546762557779,0.548872180451128
507.8,508,3108,3107,37296,62140,2024-11-18,2024-11-29,585.75,-1,24844,114127365,37491150,0.0544479406845151,98.3091241964624,0.399806887672997
551.28,553,446,360,41032,61920,2024-11-18,2024-12-13,585.75,-86,20888,87324239,51493838,0.070908147278558,99.2689773110992,0.33733850129199
444.89,445,5271,5464,26355,60104,2024-11-18,2024-11-29,585.75,193,33749,114127365,37491150,0.0526639688912471,98.3617881653537,0.56151004924797
574.91,584,55,65,30745,59085,2024-11-18,2024-12-27,585.75,10,28340,16436281,6885442,0.359479130345849,97.532604851426,0.47964796479648
569.18,573,152,154,30856,58828,2024-11-18,2024-12-13,585.75,2,27972,87324239,51493838,0.0673673205442993,99.3363446316435,0.475487862922418
529.5,530,1178,1173,37696,58650,2024-11-18,2024-12-06,585.75,-5,20954,66062825,31934731,0.0887791280497012,97.7915567492005,0.357271952259165
470.83,471,3251,3422,22757,58174,2024-11-18,2024-11-29,585.75,171,35417,114127365,37491150,0.0509728757866266,98.4127610411403,0.608811496544848
486.84,487,3641,3629,36410,58064,2024-11-18,2024-11-29,585.75,-12,21654,114127365,37491150,0.0508764922418037,98.4636375333821,0.3729333149628
537.69,538,1876,1862,35644,57722,2024-11-18,2024-11-29,585.75,-14,22078,114127365,37491150,0.0505768270388088,98.5142143604209,0.382488479262673
552.83,554,470,478,26790,55926,2024-11-18,2024-12-06,585.75,8,29136,66062825,31934731,0.0846557803121498,97.8762125295126,0.520974144405107
494.52,495,546,1143,15288,54864,2024-11-18,2024-12-13,585.75,597,39576,87324239,51493838,0.0628279165421642,99.3991725481856,0.721347331583552
484.69,485,2278,1760,34170,54560,2024-11-18,2024-12-06,585.75,-518,20390,66062825,31934731,0.0825880516008814,97.9588005811135,0.373717008797654
556.81,557,2591,2856,33683,54264,2024-11-18,2024-11-22,585.75,265,20581,67814633,28902556,0.0800181282408474,98.8332798320976,0.379275394368274
543.64,544,1668,1505,33360,54180,2024-11-18,2024-11-29,585.75,-163,20820,114127365,37491150,0.0474732768955106,98.5616876373164,0.384274640088593
558.77,559,1841,2352,27615,54096,2024-11-18,2024-11-22,585.75,511,26481,67814633,28902556,0.0797703940976869,98.9130502261953,0.489518633540373
529.9,530,5501,5385,38507,53850,2024-11-18,2024-11-22,585.75,-116,15343,67814633,28902556,0.0794076405309161,98.9924578667262,0.284921077065924
552.43,553,849,942,22074,53694,2024-11-18,2024-11-29,585.75,93,31620,114127365,37491150,0.047047436870202,98.6087350741866,0.588892613699855
549.49,551,351,355,30186,53605,2024-11-18,2024-12-13,585.75,4,23419,87324239,51493838,0.0613861633537969,99.4605587115394,0.436880887976868
489.6,490,632,1336,16432,53440,2024-11-18,2024-12-13,585.75,704,37008,87324239,51493838,0.0611972123799441,99.5217559239194,0.69251497005988
576.63,586,52,57,31356,53409,2024-11-18,2024-12-27,585.75,5,22053,16436281,6885442,0.324945770883328,97.8575506223093,0.412907936864573
536.29,537,510,735,18360,52185,2024-11-18,2024-12-06,585.75,225,33825,66062825,31934731,0.0789929888708211,98.0377935699843,0.648174762862892
555.64,557,395,381,23700,51816,2024-11-18,2024-12-06,585.75,-14,28116,66062825,31934731,0.0784344296508665,98.1162279996352,0.542612320518759
491.84,492,3207,3220,25656,51520,2024-11-18,2024-11-29,585.75,13,25864,114127365,37491150,0.0451425475388834,98.6538776217255,0.502018633540373
509.93,510,6326,7337,31630,51359,2024-11-18,2024-11-22,585.75,1011,19729,67814633,28902556,0.0757343920153634,99.0681922587416,0.384139099281528
494.7,495,1741,1697,29597,50910,2024-11-18,2024-12-06,585.75,-44,21313,66062825,31934731,0.0770630078262624,98.1932910074615,0.41864073855824
494.23,495,517,654,21197,50358,2024-11-18,2024-12-27,585.75,137,29161,16436281,6885442,0.306383177557016,98.1639337998663,0.579073831367409
344.94,345,8387,8375,41935,50250,2024-11-18,2024-12-20,585.75,-12,8315,506140188,204695442,0.00992807945137919,99.8792956942593,0.16547263681592
459.91,460,5557,5561,33342,50049,2024-11-18,2024-11-29,585.75,4,16707,114127365,37491150,0.0438536366803877,98.6977312584059,0.333812863393874
585.66,610,212,20,357856,48680,2024-11-18,2024-12-13,585.75,-192,-309176,87324239,51493838,0.0557462630736467,99.577502186993,-6.35119145439606
551.95,553,456,459,26448,48195,2024-11-18,2024-12-06,585.75,3,21747,66062825,31934731,0.0729532834843197,98.2662442909458,0.451229380641146
514.52,515,945,994,20790,47712,2024-11-18,2024-12-06,585.75,49,26922,66062825,31934731,0.0722221612533221,98.3384664521991,0.564260563380282
119.99,120,47523,47523,47523,47523,2024-11-18,2024-12-20,585.75,0,0,506140188,204695442,0.00938929591577897,99.8886849901751,0
536.66,537,1292,1394,23256,47396,2024-11-18,2024-11-29,585.75,102,24140,114127365,37491150,0.0415290408220675,98.739260299228,0.509325681492109
517.7,518,1555,1556,20215,46680,2024-11-18,2024-11-29,585.75,1,26465,114127365,37491150,0.0409016715666747,98.7801619707946,0.566945158526135
586.5,615,123,16,265311,45600,2024-11-18,2024-12-13,585.75,-107,-219711,87324239,51493838,0.0522191782283954,99.6297213652214,-4.81822368421053
557.62,559,319,328,21373,45264,2024-11-18,2024-12-06,585.75,9,23891,66062825,31934731,0.0685165976477694,98.4069830498469,0.527814598798162
309.96,310,11560,11295,23120,45180,2024-11-18,2024-12-20,585.75,-265,22060,506140188,204695442,0.00892638068882213,99.8976113708639,0.488269145639664
474.82,475,2493,2494,22437,44892,2024-11-18,2024-11-29,585.75,1,22455,114127365,37491150,0.0393350008562802,98.8194969716509,0.500200481154771
469.86,470,3202,3202,19212,44828,2024-11-18,2024-11-29,585.75,0,25616,114127365,37491150,0.0392789231574741,98.8587758948084,0.571428571428571
414.96,415,10835,10835,21670,43340,2024-11-18,2024-11-29,585.75,0,21670,114127365,37491150,0.0379751166602331,98.8967510114686,0.5
533.65,534,1228,1228,18420,42980,2024-11-18,2024-11-29,585.75,0,24560,114127365,37491150,0.0376596796044489,98.9344106910731,0.571428571428571
561.7,562,712,1409,12104,42270,2024-11-18,2024-11-22,585.75,697,30166,67814633,28902556,0.0623316799487804,99.1305239386904,0.713650343032884
560.36,562.5,180,193,15660,41302,2024-11-18,2024-12-06,585.75,13,25642,66062825,31934731,0.0625192761587171,98.4695023260056,0.620841605733379
499.7,500,1460,1335,32120,40050,2024-11-18,2024-12-06,585.75,-125,7930,66062825,31934731,0.0606241104584916,98.5301264364641,0.198002496878901
334.94,335,6717,6664,20151,39984,2024-11-18,2024-12-20,585.75,-53,19833,506140188,204695442,0.00789978763749145,99.9055111585014,0.496023409363746
556.58,558,247,278,18031,39476,2024-11-18,2024-12-06,585.75,31,21445,66062825,31934731,0.0597552405607844,98.5898816770249,0.543241463167494
567.67,574,55,62,18590,39246,2024-11-18,2024-12-27,585.75,7,20656,16436281,6885442,0.238776642964427,98.4027104428307,0.526321153748153
528.71,529,1338,1348,18732,39092,2024-11-18,2024-11-29,585.75,10,20360,114127365,37491150,0.0342529594019804,98.9686636504751,0.520822674716054
524.92,525,3064,4878,18384,39024,2024-11-18,2024-11-22,585.75,1814,20640,67814633,28902556,0.0575451023970004,99.1880690410873,0.528905289052891
554.82,555,2067,2142,24804,38556,2024-11-18,2024-11-22,585.75,75,13752,67814633,28902556,0.0568549858553389,99.2449240269427,0.356676003734827
525.72,526,1421,1340,19894,37520,2024-11-18,2024-11-29,585.75,-81,17626,114127365,37491150,0.0328755509250564,99.0015392014001,0.469776119402985
480.85,481,2694,2474,24246,37110,2024-11-18,2024-11-29,585.75,-220,12864,114127365,37491150,0.03251630316708,99.0340555045672,0.346645109135004
484.6,485,91,894,2275,35760,2024-11-18,2024-12-13,585.75,803,33485,87324239,51493838,0.040950829242268,99.6706721944637,0.936381431767338
569.75,576,55,57,21560,35625,2024-11-18,2024-12-27,585.75,2,14065,16436281,6885442,0.216746111848538,98.6194565546793,0.39480701754386
429.95,430,7014,7014,21042,35070,2024-11-18,2024-11-29,585.75,0,14028,114127365,37491150,0.0307288265176367,99.0647843310848,0.4
534.9,535,3736,3486,22416,34860,2024-11-18,2024-11-22,585.75,-250,12444,67814633,28902556,0.0514048347058075,99.2963288616485,0.35697074010327
474.74,475,1186,1315,15418,34190,2024-11-18,2024-12-06,585.75,129,18772,66062825,31934731,0.0517537662066374,98.6416354432315,0.549049429657795
541.66,542,1000,1000,19000,34000,2024-11-18,2024-11-29,585.75,0,15000,114127365,37491150,0.0297912774907228,99.0945756085756,0.441176470588235
269.98,270,16925,16923,16925,33846,2024-11-18,2024-12-20,585.75,-2,16921,506140188,204695442,0.00668708014152,99.9121982386429,0.499940908822313
586.65,607,18,16,23724,32560,2024-11-18,2024-12-06,585.75,-2,8836,66062825,31934731,0.0492864178908486,98.6909218611224,0.271375921375922
479.67,480,953,973,21919,32109,2024-11-18,2024-12-13,585.75,20,10190,87324239,51493838,0.0367698595117445,99.7074420539754,0.317356504406864
449.73,450,439,1174,6585,31698,2024-11-18,2024-12-13,585.75,735,25113,87324239,51493838,0.0362991998132386,99.7437412537887,0.792258186636381
551.84,552,27,1979,297,31664,2024-11-18,2024-11-22,585.75,1952,31367,67814633,28902556,0.0466919875537777,99.3430208492023,0.990620262758969
494.91,495,3212,3472,12848,31248,2024-11-18,2024-11-22,585.75,260,18400,67814633,28902556,0.0460785506278564,99.3890993998301,0.588837685611879
496.81,497,1626,1629,19512,30951,2024-11-18,2024-11-29,585.75,3,11439,114127365,37491150,0.02711970087104,99.1216953094466,0.369584181448095
479.93,480,4418,4409,8836,30863,2024-11-18,2024-11-22,585.75,-9,22027,67814633,28902556,0.0455108265497802,99.4346102263799,0.713702491656676
557.78,558,1012,1399,13156,30778,2024-11-18,2024-11-22,585.75,387,17622,67814633,28902556,0.0453854848702049,99.4799957112501,0.572551822730522
394.95,395,5631,6113,11262,30565,2024-11-18,2024-11-29,585.75,482,19303,114127365,37491150,0.0267814822501159,99.1484767916967,0.631539342385081
464.8,465,1676,1526,23464,30520,2024-11-18,2024-12-06,585.75,-150,7056,66062825,31934731,0.0461984482195546,98.7371203093419,0.231192660550459
584.58,610,15,12,27600,30504,2024-11-18,2024-12-27,585.75,-3,2904,16436281,6885442,0.185589428654816,98.8050459833341,0.0952006294256492
475.82,476,1679,1681,13432,30258,2024-11-18,2024-11-29,585.75,2,16826,114127365,37491150,0.0265124845386556,99.1749892762354,0.556084341331218
514.45,515,223,550,7805,30250,2024-11-18,2024-12-13,585.75,327,22445,87324239,51493838,0.0346410118730036,99.7783822656617,0.74198347107438
424.98,425,15074,15088,15074,30176,2024-11-18,2024-11-22,585.75,14,15102,67814633,28902556,0.0444977708572131,99.5244934821073,0.50046394485684
399.95,400,6133,6020,12266,30100,2024-11-18,2024-11-29,585.75,-113,17834,114127365,37491150,0.0263740427197281,99.2013633189551,0.59249169435216
461.89,462,2706,2714,18942,29854,2024-11-18,2024-11-29,585.75,8,10912,114127365,37491150,0.0261584940649423,99.22752181302,0.36551215917465
527.52,528,614,615,18420,29520,2024-11-18,2024-12-06,585.75,1,11100,66062825,31934731,0.0446847375963713,98.7818050469383,0.376016260162602
476.85,477,1946,1963,19460,29445,2024-11-18,2024-11-29,585.75,17,9985,114127365,37491150,0.0258001225210098,99.2533219355411,0.339106809305485
249.98,250,14550,14591,14550,29182,2024-11-18,2024-12-20,585.75,41,14632,506140188,204695442,0.00576559630945567,99.9179638349524,0.501404975669933
464.63,465,787,787,13379,29119,2024-11-18,2024-12-13,585.75,0,15740,87324239,51493838,0.0333458388340493,99.8117281044957,0.54054054054054
585.01,614,10,10,21050,28990,2024-11-18,2024-11-29,585.75,0,7940,114127365,37491150,0.0254014451310604,99.2787233806721,0.273887547430148
129.99,130,28959,28959,28959,28959,2024-11-18,2024-12-20,585.75,0,0,506140188,204695442,0.0057215373698008,99.9236853723222,0
527.76,528,865,1198,12110,28752,2024-11-18,2024-11-29,585.75,333,16642,114127365,37491150,0.0251929061886253,99.3039162868607,0.578811908736784
279.98,280,14338,14342,28676,28684,2024-11-18,2024-12-20,585.75,4,8.00000000000364,506140188,204695442,0.0056672045966838,99.9293525769189,0.000278901129549701
541.37,542,456,454,18240,28602,2024-11-18,2024-12-06,585.75,-2,10362,66062825,31934731,0.0432951512442891,98.8251001981826,0.362282357877072
459.82,460,910,1588,11830,28584,2024-11-18,2024-12-06,585.75,678,16754,66062825,31934731,0.0432679044530718,98.8683681026357,0.586132101875175
444.8,445,900,1424,8100,28480,2024-11-18,2024-12-06,585.75,524,20380,66062825,31934731,0.0431104785482607,98.9114785811839,0.715589887640449
570.12,577,37,41,15022,28208,2024-11-18,2024-12-27,585.75,4,13186,16436281,6885442,0.171620331874346,98.9766663152084,0.467456040839478
542.28,543,437,387,18354,27864,2024-11-18,2024-12-06,585.75,-50,9510,66062825,31934731,0.0421780328043798,98.9536566139883,0.34130060292851
469.66,470,704,814,14080,27676,2024-11-18,2024-12-13,585.75,110,13596,87324239,51493838,0.0316933766809007,99.8434214811766,0.491255961844197
523.73,524,1099,1016,14287,27432,2024-11-18,2024-11-29,585.75,-83,13145,114127365,37491150,0.0240363036507502,99.3279525905115,0.479184893554972
501.61,502,705,694,14100,27066,2024-11-18,2024-12-06,585.75,-11,12966,66062825,31934731,0.0409700917270795,98.9946267057154,0.479051208157837
454.81,455,978,1412,10758,26828,2024-11-18,2024-12-06,585.75,434,16070,66062825,31934731,0.0406098285987619,99.0352365343141,0.599001043685702
586.13,604,17,15,19975,26805,2024-11-18,2024-12-06,585.75,-2,6830,66062825,31934731,0.0405750132544287,99.0758115475685,0.25480320835665
567.31,573,44,47,16632,26743,2024-11-18,2024-12-27,585.75,3,10111,16436281,6885442,0.162707123344995,99.1393734385534,0.378080245297835
465.89,466,2431,2425,12155,26675,2024-11-18,2024-11-29,585.75,-6,14520,114127365,37491150,0.0233730096195597,99.3513256001311,0.544329896907216
499.95,500,5741,5272,28705,26360,2024-11-18,2024-11-22,585.75,-469,-2345,67814633,28902556,0.0388706667482813,99.5633641488556,-0.0889605462822457
404.95,405,5254,5263,15762,26315,2024-11-18,2024-11-29,585.75,9,10553,114127365,37491150,0.0230575725637756,99.3743831726948,0.401026030780924
471.86,472,1804,1856,16236,25984,2024-11-18,2024-11-29,585.75,52,9748.00000000001,114127365,37491150,0.0227675457152629,99.3971507184101,0.3751539408867
284.97,285,8251,8599,16502,25797,2024-11-18,2024-12-20,585.75,348,9295,506140188,204695442,0.0050968092658155,99.9344493861847,0.360313214714889
500.81,501,1336,1342,14696,25498,2024-11-18,2024-11-29,585.75,6,10802,114127365,37491150,0.0223417056899544,99.4194924241,0.423641069887834
538.42,539,245,430,9310,24940,2024-11-18,2024-12-06,585.75,185,15630,66062825,31934731,0.0377519429421918,99.1135634905108,0.626704089815557
516.52,517,217,517,5425,24816,2024-11-18,2024-12-06,585.75,300,19391,66062825,31934731,0.037564242824917,99.1511277333357,0.781391038039974
552.83,553,364,1450,4368,24650,2024-11-18,2024-11-22,585.75,1086,20282,67814633,28902556,0.036349087076826,99.5997132359324,0.822799188640974
518.73,519,851,903,10212,24381,2024-11-18,2024-11-29,585.75,52,14169,114127365,37491150,0.0213629746029797,99.440855398703,0.58114925556786
409.97,410,8114,8114,24342,24342,2024-11-18,2024-11-29,585.75,0,0,114127365,37491150,0.0213288022552698,99.4621842009583,0
314.95,315,4719,4850,14157,24250,2024-11-18,2024-12-20,585.75,131,10093,506140188,204695442,0.00479116272031732,99.939240548905,0.41620618556701
274.99,275,23906,23906,23906,23906,2024-11-18,2024-12-20,585.75,0,0,506140188,204695442,0.00472319736049096,99.9439637462655,0
573.34,582.5,27,26,11853,23816,2024-11-18,2024-12-27,585.75,-1,11963,16436281,6885442,0.14489895859045,99.2842723971439,0.502309371850857
525.53,526,393,506,11004,23782,2024-11-18,2024-12-06,585.75,113,12778,66062825,31934731,0.0359990660405455,99.1871267993762,0.537297115465478
449.83,450,1261,1374,11349,23358,2024-11-18,2024-12-06,585.75,113,12009,66062825,31934731,0.0353572527363158,99.2224840521125,0.514127921911123
522.74,523,896,896,10752,23296,2024-11-18,2024-11-29,585.75,0,12544,114127365,37491150,0.0204122823654082,99.4825964833237,0.538461538461538
254.98,255,11571,11586,11571,23172,2024-11-18,2024-12-20,585.75,15,11601,506140188,204695442,0.00457817824969868,99.9485419245152,0.500647332988089
473.86,474,1590,1631,14310,22834,2024-11-18,2024-11-29,585.75,41,8524,114127365,37491150,0.0200074714771519,99.5026039548009,0.373302969256372
589,603,16,16,17536,22400,2024-11-18,2024-12-13,585.75,0,4864,87324239,51493838,0.025651526147282,99.8690730073239,0.217142857142857
521.87,522,1705,1705,22165,22165,2024-11-18,2024-11-29,585.75,0,0,114127365,37491150,0.0194212842818197,99.5220252390827,0
504.94,505,3674,3682,18370,22092,2024-11-18,2024-11-22,585.75,8,3722,67814633,28902556,0.0325770398256081,99.632290275758,0.168477276842296
498.81,499,1100,1110,9900,21090,2024-11-18,2024-11-29,585.75,10,11190,114127365,37491150,0.0184793541846866,99.5405045932674,0.530583214793741
419.93,420,3007,3007,9021,21049,2024-11-18,2024-11-29,585.75,0,12028,114127365,37491150,0.0184434294088889,99.5589480226763,0.571428571428571
522.48,523,403,403,10881,20956,2024-11-18,2024-12-06,585.75,0,10075,66062825,31934731,0.0317213198194295,99.254205371932,0.480769230769231
495.85,496,1396,1396,18148,20940,2024-11-18,2024-11-29,585.75,0,2792,114127365,37491150,0.0183479220781098,99.5772959447544,0.133333333333333
585.41,620,3,6,8133,20754,2024-11-18,2024-11-22,585.75,3,12621,67814633,28902556,0.030604014328294,99.6628942900863,0.608123735183579
264.98,265,9885,10270,9885,20540,2024-11-18,2024-12-20,585.75,385,10655,506140188,204695442,0.00405816421753888,99.9526000887327,0.518743914313535
520.74,521,782,784,11730,20384,2024-11-18,2024-11-29,585.75,2,8654,114127365,37491150,0.0178607470697321,99.5951566918241,0.424548665620094
472.88,473,1681,1677,10086,20124,2024-11-18,2024-11-29,585.75,-4,10038,114127365,37491150,0.0176329314183325,99.6127896232424,0.498807394156231
555.81,556,885,1041,11505,19779,2024-11-18,2024-11-22,585.75,156,8274,67814633,28902556,0.029166271533166,99.6920605616195,0.418322463218565
304.97,305,6492,6517,6492,19551,2024-11-18,2024-12-20,585.75,25,13059,506140188,204695442,0.0038627638080381,99.9564628525408,0.667945373638177
502.78,503,887,887,7983,19514,2024-11-18,2024-11-29,585.75,0,11531,114127365,37491150,0.0170984408515872,99.629888064094,0.590909090909091
547.12,548,36,218,1728,19184,2024-11-18,2024-12-06,585.75,182,17456,66062825,31934731,0.0290390245951486,99.2832443965271,0.909924937447873
477.9,478,1898,1898,18980,18980,2024-11-18,2024-11-29,585.75,0,0,114127365,37491150,0.0166305425521741,99.6465186066462,0
508.91,510,88,174,5280,18966,2024-11-18,2024-12-27,585.75,86,13686,16436281,6885442,0.115391066872123,99.399663464016,0.721607086365074
434.78,435,355,849,4260,18678,2024-11-18,2024-12-13,585.75,494,14418,87324239,51493838,0.0213892502401309,99.890462257564,0.77192418888532
585.62,606,20,9,25600,18342,2024-11-18,2024-11-22,585.75,-11,-7258,67814633,28902556,0.0270472598443466,99.7191078214639,-0.395703849089521
289.97,290,5781,6088,11562,18264,2024-11-18,2024-12-20,585.75,307,6702,506140188,204695442,0.00360848642985054,99.9600713389706,0.366951379763469
511.56,512,414,414,9522,18216,2024-11-18,2024-12-06,585.75,0,8694,66062825,31934731,0.0275737527119072,99.310818149239,0.477272727272727
497.8,498,896,909,8960,18180,2024-11-18,2024-11-29,585.75,13,9220,114127365,37491150,0.0159295713170982,99.6624481779633,0.507150715071507
483.84,484,1013,1130,7091,18080,2024-11-18,2024-11-29,585.75,117,10989,114127365,37491150,0.0158419499127137,99.678290127876,0.607798672566372
585.77,630,3,4,11256,17692,2024-11-18,2024-11-29,585.75,1,6436,114127365,37491150,0.015501978863702,99.6937921067397,0.363780239656342
513.55,514,125,392,2750,17640,2024-11-18,2024-12-06,585.75,267,14890,66062825,31934731,0.0267018553929536,99.337520004632,0.844104308390023
593.77,770,1,1,17623,17623,2024-11-18,2024-12-20,585.75,0,0,506140188,204695442,0.00348184167505782,99.9635531806457,0
489.37,490,73,278,2774,17514,2024-11-18,2024-12-27,585.75,205,14740,16436281,6885442,0.10655695166078,99.5062204156768,0.841612424346237
531.48,532,301,336,9632,17472,2024-11-18,2024-12-06,585.75,35,7840,66062825,31934731,0.0264475520082588,99.3639675566402,0.448717948717949
501.8,502,859,871,9449,17420,2024-11-18,2024-11-29,585.75,12,7971,114127365,37491150,0.0152636486437762,99.7090557553835,0.457577497129736
585.59,610,26,7,44980,17087,2024-11-18,2024-11-29,585.75,-19,-27893,114127365,37491150,0.0149718693671759,99.7240276247507,-1.63241060455317
479.69,480,520,537,7280,16647,2024-11-18,2024-12-06,585.75,17,9367,66062825,31934731,0.0251987407441326,99.3891662973844,0.562683967081156
585.7,604,42,9,47166,16470,2024-11-18,2024-11-29,585.75,-33,-30696,114127365,37491150,0.0144312453021236,99.7384588700528,-1.86375227686703
492.82,493,875,910,8750,16380,2024-11-18,2024-11-29,585.75,35,7630,114127365,37491150,0.0143523860381776,99.752811256091,0.465811965811966
508.76,509,687,679,15801,16296,2024-11-18,2024-12-06,585.75,-8,494.999999999998,66062825,31934731,0.0246674283153952,99.4138337256997,0.0303755522827687
424.91,425,1804,1805,7216,16245,2024-11-18,2024-11-29,585.75,1,9029,114127365,37491150,0.0142340971422586,99.7670453532332,0.555801785164666
489.95,490,3068,3231,9204,16155,2024-11-18,2024-11-22,585.75,163,6951,67814633,28902556,0.0238222921592748,99.7429301136231,0.430269266480966
508.81,509,846,846,10152,16074,2024-11-18,2024-11-29,585.75,0,5922,114127365,37491150,0.0140842645407611,99.781129617774,0.368421052631579
506.63,507,445,432,8900,15984,2024-11-18,2024-12-06,585.75,-13,7084,66062825,31934731,0.024195150600962,99.4380288763007,0.443193193193193
424.85,425,365,1057,2555,15855,2024-11-18,2024-12-06,585.75,692,13300,66062825,31934731,0.0239998819305714,99.4620287582313,0.838852097130243
229.98,230,6633,7850,6633,15700,2024-11-18,2024-12-20,585.75,1217,9067,506140188,204695442,0.00310190741067967,99.9666550880564,0.577515923566879
294.97,295,5179,5179,10358,15537,2024-11-18,2024-12-20,585.75,0,5179,506140188,204695442,0.00306970289425032,99.9697247909506,0.333333333333333
474.64,475,431,430,9051,15480,2024-11-18,2024-12-13,585.75,-1,6429,87324239,51493838,0.0177270368196395,99.9081892943837,0.41531007751938
526.74,527,589,589,10013,15314,2024-11-18,2024-11-29,585.75,0,5301,114127365,37491150,0.0134183418674391,99.7945479596414,0.346153846153846
502.6,503,227,381,4994,15240,2024-11-18,2024-12-06,585.75,154,10246,66062825,31934731,0.0230689498973137,99.4850977081286,0.672309711286089
515.86,516,1100,1082,15400,15148,2024-11-18,2024-11-29,585.75,-18,-252.000000000002,114127365,37491150,0.0132728903361608,99.8078208499776,-0.0166358595194086
585.1,615,5,5,11255,14950,2024-11-18,2024-12-27,585.75,0,3695,16436281,6885442,0.0909573157090707,99.5971777313858,0.247157190635451
532.45,533,92,271,2760,14905,2024-11-18,2024-12-06,585.75,179,12145,66062825,31934731,0.0225618568385473,99.5076595649672,0.814827239181483
474.92,475,1787,1791,5361,14328,2024-11-18,2024-11-22,585.75,4,8967,67814633,28902556,0.0211281833524042,99.7640582969755,0.625837520938024
519.93,520,1920,1998,13440,13986,2024-11-18,2024-11-22,585.75,78,546.000000000002,67814633,28902556,0.0206238674181131,99.7846821643937,0.0390390390390392
510.89,511,1236,1235,16068,13585,2024-11-18,2024-11-29,585.75,-1,-2483,114127365,37491150,0.0119033677856314,99.8197242177632,-0.182775119617225
543.07,544,28,146,1204,13578,2024-11-18,2024-12-06,585.75,118,12374,66062825,31934731,0.020553162841583,99.5282127278087,0.911327146855207
481.85,482,922,897,7376,13455,2024-11-18,2024-11-29,585.75,-25,6079,114127365,37491150,0.0117894599599316,99.8315136777231,0.451802303976217
518.48,519,119,254,3094,13208,2024-11-18,2024-12-06,585.75,135,10114,66062825,31934731,0.0199930899110052,99.5482058177197,0.765748031496063
530.48,531,67,251,2010,13052,2024-11-18,2024-12-06,585.75,184,11042,66062825,31934731,0.0197569510537886,99.5679627687735,0.846000612932884
585.15,611,5,5,8775,12925,2024-11-18,2024-11-22,585.75,0,4150,67814633,28902556,0.0190593083354149,99.8037414727291,0.321083172147002
537.27,538,177,177,6372,12921,2024-11-18,2024-12-06,585.75,0,6549,66062825,31934731,0.0195586549621516,99.5875214237357,0.506849315068493
399.92,400,1778,1602,8890,12816,2024-11-18,2024-12-06,585.75,-176,3926,66062825,31934731,0.0193997153467173,99.6069211390824,0.306335830212235
439.75,440,151,511,2114,12775,2024-11-18,2024-12-13,585.75,360,10661,87324239,51493838,0.0146293860058718,99.9228186803895,0.834520547945206
506.88,507,1060,1060,12720,12720,2024-11-18,2024-11-29,585.75,0,0,114127365,37491150,0.0111454426377057,99.8426591203608,0
512.86,513,888,888,12432,12432,2024-11-18,2024-11-29,585.75,0,0,114127365,37491150,0.0108930929930784,99.8535522133539,0
464.94,465,2057,2062,6171,12372,2024-11-18,2024-11-22,585.75,5,6201,67814633,28902556,0.0182438501141782,99.8219853228432,0.501212415130941
517.53,518,262,262,6550,12314,2024-11-18,2024-12-06,585.75,0,5764,66062825,31934731,0.0186398326138793,99.6255609716963,0.468085106382979
594.99,606,11,11,12111,12111,2024-11-18,2024-12-06,585.75,0,0,66062825,31934731,0.0183325493573731,99.6438935210536,0
584.89,625,21,3,67431,12033,2024-11-18,2024-12-20,585.75,-18,-55398,506140188,204695442,0.00237740457787952,99.9721021955285,-4.60383944153578
515.55,516,265,267,5830,12015,2024-11-18,2024-12-06,585.75,2,6185,66062825,31934731,0.0181872331375475,99.6620807541912,0.514773200166459
545.92,547,106,111,4982,11988,2024-11-18,2024-12-06,585.75,5,7006,66062825,31934731,0.0181463629507215,99.6802271171419,0.584417751084418
482.85,483,797,797,4782,11955,2024-11-18,2024-11-29,585.75,0,7173,114127365,37491150,0.0104751388941644,99.8640273522481,0.6
528.37,529,189,189,5859,11907,2024-11-18,2024-12-06,585.75,0,6048,66062825,31934731,0.0180237523902437,99.6982508695321,0.507936507936508
505.62,506,147,307,2940,11666,2024-11-18,2024-12-06,585.75,160,8726,66062825,31934731,0.0176589481300565,99.7159098176622,0.747985599177096
139.99,140,11652,11652,11652,11652,2024-11-18,2024-12-20,585.75,0,0,506140188,204695442,0.00230212899039742,99.9744043245189,0
490.83,491,676,683,5408,11611,2024-11-18,2024-11-29,585.75,7,6203,114127365,37491150,0.0101737212630818,99.8742010735112,0.534234777366291
434.84,435,687,721,5496,11536,2024-11-18,2024-12-06,585.75,34,6040,66062825,31934731,0.0174621657490427,99.7333719834113,0.523578363384189
459.72,460,197,397,3152,11116,2024-11-18,2024-12-13,585.75,200,7964,87324239,51493838,0.0127295698505887,99.9355482502401,0.716444764303706
585.96,608,5,5,7415,11020,2024-11-18,2024-12-20,585.75,0,3605,506140188,204695442,0.00217726239908853,99.976581586918,0.327132486388385
585.42,695,1,1,10128,10958,2024-11-18,2024-12-20,585.75,0,830,506140188,204695442,0.00216501282842215,99.9787465997464,0.0757437488592809
199.99,200,10738,10738,10738,10738,2024-11-18,2024-12-20,585.75,0,0,506140188,204695442,0.00212154660992855,99.9808681463563,0
463.87,464,824,824,10712,10712,2024-11-18,2024-11-29,585.75,0,0,114127365,37491150,0.00938600483766536,99.8835870783488,0
379.97,380,3839,3548,3839,10644,2024-11-18,2024-11-29,585.75,-291,6805,114127365,37491150,0.00932642228268391,99.8929135006315,0.639327320556182
485.84,486,672,657,7392,10512,2024-11-18,2024-11-29,585.75,-15,3120,114127365,37491150,0.0092107620288964,99.9021242626604,0.296803652968037
484.96,485,1492,2584,5968,10336,2024-11-18,2024-11-22,585.75,1092,4368,67814633,28902556,0.0152415482363519,99.8372268710796,0.422600619195046
414.9,415,1031,1032,8248,10320,2024-11-18,2024-12-06,585.75,1,2072,66062825,31934731,0.0156214936312518,99.7489934770425,0.20077519379845
429.88,430,533,842,4797,10104,2024-11-18,2024-12-06,585.75,309,5307,66062825,31934731,0.0152945321366442,99.7642880091792,0.525237529691211
487.84,488,621,622,4968,9952,2024-11-18,2024-11-29,585.75,1,4984,114127365,37491150,0.00872008216434332,99.9108443448248,0.5008038585209
500.7,501,374,330,7480,9900,2024-11-18,2024-12-06,585.75,-44,2420,66062825,31934731,0.0149857351695148,99.7792737443487,0.244444444444444
553.8,554,187,491,2057,9820,2024-11-18,2024-11-22,585.75,304,7763,67814633,28902556,0.0144806505109303,99.8517075215905,0.790529531568228
394.9,395,1131,961,5655,9610,2024-11-18,2024-12-06,585.75,-170,3955,66062825,31934731,0.0145467590887916,99.7938205034374,0.411550468262227
503.61,504,265,245,5300,9555,2024-11-18,2024-12-06,585.75,-20,4255,66062825,31934731,0.0144635050045165,99.808284008442,0.445316588173731
434.76,435,398,398,7164,9552,2024-11-18,2024-12-27,585.75,0,2388,16436281,6885442,0.0581153364316417,99.6552930678175,0.25
466.87,467,715,717,5720,9321,2024-11-18,2024-11-29,585.75,2,3601,114127365,37491150,0.00816719110267726,99.9190115359274,0.386331938633194
149.99,150,9274,9274,9274,9274,2024-11-18,2024-12-20,585.75,0,0,506140188,204695442,0.00183229868322568,99.9827004450396,0
454.72,455,64,327,1280,9156,2024-11-18,2024-12-13,585.75,263,7876,87324239,51493838,0.0104850613127015,99.9460333115528,0.860200961118392
468.87,469,696,698,4176,9074,2024-11-18,2024-11-29,585.75,2,4898,114127365,37491150,0.0079507662338476,99.9269623021613,0.53978399823672
493.91,494,1005,1005,9045,9045,2024-11-18,2024-11-29,585.75,0,0,114127365,37491150,0.0079253560265761,99.9348876581879,0
504.64,505,253,249,5819,8964,2024-11-18,2024-12-06,585.75,-4,3145,66062825,31934731,0.0135689020262152,99.8218529104682,0.350847835787595
585.78,608,18,4,25956,8888,2024-11-18,2024-11-22,585.75,-14,-17068,67814633,28902556,0.0131063158595874,99.8648138374501,-1.92034203420342
585.24,607,4,4,5568,8704,2024-11-18,2024-12-27,585.75,0,3136,16436281,6885442,0.0529560184569733,99.7082490862745,0.360294117647059
547.93,549,76,80,3420,8560,2024-11-18,2024-12-06,585.75,4,5140,66062825,31934731,0.0129573629344491,99.8348102734026,0.600467289719626
520.57,521,109,198,2507,8514,2024-11-18,2024-12-06,585.75,89,6007,66062825,31934731,0.0128877322457827,99.8476980056484,0.705543810194973
535.23,536,45,109,1485,8393,2024-11-18,2024-12-06,585.75,64,6908,66062825,31934731,0.0127045732603775,99.8604025789088,0.823066841415465
439.97,440,1929,2753,1929,8259,2024-11-18,2024-11-22,585.75,824,6330,67814633,28902556,0.0121787874307305,99.8769926248808,0.766436614602252
510.57,511,190,190,4370,8170,2024-11-18,2024-12-06,585.75,0,3800,66062825,31934731,0.0123670157914077,99.8727695947002,0.465116279069768
503.91,504,890,890,8010,8010,2024-11-18,2024-11-29,585.75,0,0,114127365,37491150,0.00701847449119674,99.9419061326791,0
204.99,205,7907,7945,7907,7945,2024-11-18,2024-12-20,585.75,38,37.9999999999991,506140188,204695442,0.00156972320878025,99.9842701682483,0.00478288231592185
462.88,463,657,659,3942,7908,2024-11-18,2024-11-29,585.75,2,3966,114127365,37491150,0.00692910065872457,99.9488352333378,0.501517450682853
399.89,400,650,718,4550,7898,2024-11-18,2024-12-13,585.75,68,3348,87324239,51493838,0.00904445328175147,99.9550777648346,0.423904786021778
499.24,500,69,101,3312,7676,2024-11-18,2024-12-27,585.75,32,4364,16436281,6885442,0.046701562232965,99.7549506485074,0.56852527357999
419.98,420,3780,3783,3780,7566,2024-11-18,2024-11-22,585.75,3,3786,67814633,28902556,0.0111568840901933,99.888149508971,0.500396510705789
507.59,508,182,184,3640,7544,2024-11-18,2024-12-06,585.75,2,3904,66062825,31934731,0.0114194329412949,99.8841890276415,0.517497348886532
244.98,245,3750,3756,3750,7512,2024-11-18,2024-12-20,585.75,6,3762,506140188,204695442,0.00148417378783603,99.9857543420362,0.500798722044728
379.95,380,1481,1501,8886,7505,2024-11-18,2024-12-06,585.75,20,-1381,66062825,31934731,0.0113603982269907,99.8955494258685,-0.184010659560293
369.98,370,3698,3735,7396,7470,2024-11-18,2024-11-29,585.75,37,73.9999999999991,114127365,37491150,0.00654531890752056,99.9553805522453,0.00990629183400256
189.99,190,7452,7452,7452,7452,2024-11-18,2024-12-20,585.75,0,0,506140188,204695442,0.0014723193646105,99.9872266614008,0
449.98,450,2846,3663,2846,7326,2024-11-18,2024-11-22,585.75,817,4480,67814633,28902556,0.0108029781713926,99.8989524871424,0.611520611520612
424.8,425,147,362,1617,7240,2024-11-18,2024-12-13,585.75,215,5623,87324239,51493838,0.00829093970117507,99.9633687045358,0.776657458563536
545.05,546,76,75,3496,7125,2024-11-18,2024-12-06,585.75,-1,3629,66062825,31934731,0.0107851881901811,99.9063346140587,0.509333333333333
550.83,551,54,405,540,6885,2024-11-18,2024-11-22,585.75,351,6345,67814633,28902556,0.0101526760455962,99.909105163188,0.92156862745098
585.61,620,59,2,162250,6878,2024-11-18,2024-12-13,585.75,-57,-155372,87324239,51493838,0.00787639271611631,99.9712450972519,-22.5897063099738
349.98,350,3362,3385,3362,6770,2024-11-18,2024-11-29,585.75,23,3408,114127365,37491150,0.00593196907682921,99.9613125213221,0.503397341211226
454.97,455,1114,2255,2228,6765,2024-11-18,2024-11-22,585.75,1141,4537,67814633,28902556,0.00997572308619587,99.9190808862742,0.670657797487066
374.95,375,1302,1311,5208,6555,2024-11-18,2024-12-06,585.75,9,1347,66062825,31934731,0.0099223731349666,99.9162569871936,0.205491990846682
219.99,220,6538,6538,6538,6538,2024-11-18,2024-12-20,585.75,0,0,506140188,204695442,0.00129173698414163,99.9885183983849,0
409.91,410,857,713,4285,6417,2024-11-18,2024-12-06,585.75,-144,2132,66062825,31934731,0.0097134810689673,99.9259704682626,0.332242480910083
169.99,170,6397,6397,6397,6397,2024-11-18,2024-12-20,585.75,0,0,506140188,204695442,0.00126387908956165,99.9897822774745,0
339.99,340,6300,6300,6300,6300,2024-11-18,2024-11-29,585.75,0,0,114127365,37491150,0.00552014847622216,99.9668326697983,0
594.23,625,3,2,9231,6154,2024-11-18,2024-12-27,585.75,-1,-3077,16436281,6885442,0.0374415599246569,99.7923922084321,-0.5
464.94,465,1014,1014,6084,6084,2024-11-18,2024-11-29,585.75,0,0,114127365,37491150,0.00533088624275168,99.9721635560411,0
474.49,475,16,115,640,5865,2024-11-18,2024-12-27,585.75,99,5225,16436281,6885442,0.0356832546243277,99.8280754630564,0.890878090366581
526.51,527,116,117,3364,5733,2024-11-18,2024-12-06,585.75,1,2369,66062825,31934731,0.00867810300270992,99.9346485712653,0.413221698935985
586.31,605,1441,3,1844480,5607,2024-11-18,2024-11-22,585.75,-1438,-1838873,67814633,28902556,0.0082681270279823,99.9273490133022,-327.960228286071
259.99,260,5548,5548,5548,5548,2024-11-18,2024-12-20,585.75,0,0,506140188,204695442,0.00109613900092043,99.9908784164754,0
429.77,430,178,240,2136,5520,2024-11-18,2024-12-13,585.75,62,3384,87324239,51493838,0.00632126894343734,99.9775663661953,0.61304347826087
409.99,410,5297,5312,5297,5312,2024-11-18,2024-11-22,585.75,15,15,67814633,28902556,0.00783311766945638,99.9351821309717,0.00282379518072289
374.98,375,2601,2601,5202,5202,2024-11-18,2024-11-29,585.75,0,0,114127365,37491150,0.00455806545608058,99.9767216214972,0
593.06,606,4,4,5176,5176,2024-11-18,2024-12-27,585.75,0,0,16436281,6885442,0.0314913087699097,99.8595667718263,0
234.99,235,4003,5170,4003,5170,2024-11-18,2024-12-20,585.75,1167,1167,506140188,204695442,0.00102145613459961,99.99189987261,0.225725338491296
590.03,607,68,3,78404,5091,2024-11-18,2024-11-29,585.75,-65,-73313,114127365,37491150,0.00446080569721381,99.9811824271944,-14.400510705166
594.65,607,4,4,4940,4940,2024-11-18,2024-12-13,585.75,0,0,87324239,51493838,0.00565707764140951,99.9832234438367,0
209.99,210,3215,4899,3215,4899,2024-11-18,2024-12-20,585.75,1684,1684,506140188,204695442,0.000967913656364311,99.9928677862664,0.343743621147173
523.72,524,172,172,4816,4816,2024-11-18,2024-12-06,585.75,0,0,66062825,31934731,0.00729003036125083,99.9419386016266,0
239.99,240,4722,4721,4722,4721,2024-11-18,2024-12-20,585.75,-1,-1,506140188,204695442,0.00093274553412858,99.9938005318005,-0.000211819529760644
460.9,461,551,470,2755,4700,2024-11-18,2024-11-29,585.75,-81,1945,114127365,37491150,0.0041182060060705,99.9853006332005,0.413829787234043
459.95,460,908,919,1816,4595,2024-11-18,2024-11-22,585.75,11,2779,67814633,28902556,0.00677582373703917,99.9419579547087,0.604787812840044
593.1,616,2,2,4580,4580,2024-11-18,2024-11-22,585.75,0,0,67814633,28902556,0.00675370461711413,99.9487116593258,0
586.86,609,1,2,1584,4428,2024-11-18,2024-12-20,585.75,1,2844,506140188,204695442,0.000874856434043922,99.9946753882345,0.642276422764228
467.88,468,364,358,1820,4296,2024-11-18,2024-11-29,585.75,-6,2476,114127365,37491150,0.0037642155323572,99.9890648487328,0.57635009310987
159.99,160,4290,4290,4290,4290,2024-11-18,2024-12-20,585.75,0,0,506140188,204695442,0.000847591260625208,99.9955229794952,0
593.73,608,3,3,4281,4281,2024-11-18,2024-12-13,585.75,0,0,87324239,51493838,0.00490241890341581,99.9881258627401,0
598.75,612,3,3,3975,3975,2024-11-18,2024-11-22,585.75,0,0,67814633,28902556,0.00586156678013726,99.9545732261059,0
419.88,420,326,327,1956,3924,2024-11-18,2024-12-06,585.75,1,1968,66062825,31934731,0.00593980048537131,99.9478784021119,0.501529051987768
590.06,609,3,2,3672,3788,2024-11-18,2024-11-22,585.75,-1,116,67814633,28902556,0.00558581508507168,99.960159041191,0.0306230200633581
384.95,385,751,755,2253,3775,2024-11-18,2024-12-06,585.75,4,1522,66062825,31934731,0.005714257602517,99.9535926597144,0.40317880794702
598.18,635,1,1,3682,3682,2024-11-18,2024-12-20,585.75,0,0,506140188,204695442,0.000727466438606531,99.9962504459338,0
592.75,611,2,2,3650,3650,2024-11-18,2024-12-20,585.75,0,0,506140188,204695442,0.000721144079552916,99.9969715900133,0
349.97,350,1209,1209,3627,3627,2024-11-18,2024-11-22,585.75,0,0,67814633,28902556,0.00534840319787619,99.9655074443889,0
369.95,370,655,710,3275,3550,2024-11-18,2024-12-06,585.75,55,275,66062825,31934731,0.00537367271230075,99.9589663324267,0.0774647887323944
504.19,505,42,42,2394,3402,2024-11-18,2024-12-27,585.75,0,1008,16436281,6885442,0.0206981129125257,99.8802648847388,0.296296296296296
399.75,400,115,136,1380,3400,2024-11-18,2024-12-27,585.75,21,2020,16436281,6885442,0.0206859447097552,99.9009508294486,0.594117647058824
469.97,470,1121,1127,4484,3381,2024-11-18,2024-11-22,585.75,6,-1103,67814633,28902556,0.00498564963110543,99.97049309402,-0.326234841762792
224.99,225,3369,3369,3369,3369,2024-11-18,2024-12-20,585.75,0,0,506140188,204695442,0.000665625864113363,99.9976372158774,0
364.95,365,450,640,1350,3200,2024-11-18,2024-12-06,585.75,190,1850,66062825,31934731,0.0048438739941866,99.9638102064209,0.578125
409.84,410,176,196,1408,3136,2024-11-18,2024-12-13,585.75,20,1728,87324239,51493838,0.00359121366061948,99.9917170764008,0.551020408163265
521.73,522,113,113,3051,3051,2024-11-18,2024-12-06,585.75,0,0,66062825,31934731,0.00461833111133228,99.9684285375323,0
359.97,360,1009,1009,3027,3027,2024-11-18,2024-12-06,585.75,0,0,66062825,31934731,0.00458200205637588,99.9730105395886,0
214.99,215,2966,2968,2966,2968,2024-11-18,2024-12-20,585.75,2,2,506140188,204695442,0.000586398802222755,99.9982236146797,0.000673854447439353
533.49,534,28,57,1428,2907,2024-11-18,2024-12-06,585.75,29,1479,66062825,31934731,0.00440035678159388,99.9774108963702,0.508771929824562
364.98,365,1411,1412,2822,2824,2024-11-18,2024-11-29,585.75,1,2,114127365,37491150,0.00247442845981768,99.9915392771926,0.000708215297450425
349.97,350,900,922,2700,2766,2024-11-18,2024-12-06,585.75,22,66,66062825,31934731,0.00418692358372504,99.981597819954,0.0238611713665944
479.46,480,8,51,352,2754,2024-11-18,2024-12-27,585.75,43,2402,16436281,6885442,0.0167556152149017,99.9177064446635,0.872185911401598
444.71,445,10,94,120,2726,2024-11-18,2024-12-13,585.75,84,2606,87324239,51493838,0.00312169911953083,99.9948387755203,0.955979457079971
404.95,405,541,541,2705,2705,2024-11-18,2024-12-06,585.75,0,0,66062825,31934731,0.00409458723571086,99.9856924071897,0
585.8,612,1,1,1855,2620,2024-11-18,2024-11-29,585.75,0,765,114127365,37491150,0.00229568079487334,99.9938349579875,0.291984732824428
184.99,185,2609,2609,2609,2609,2024-11-18,2024-12-20,585.75,0,0,506140188,204695442,0.000515469836590016,99.9987390845163,0
194.99,195,2533,2533,2533,2533,2024-11-18,2024-12-20,585.75,0,0,506140188,204695442,0.000500454233837681,99.9992395387501,0
354.98,355,1258,1258,2516,2516,2024-11-18,2024-12-06,585.75,0,0,66062825,31934731,0.00380849592792921,99.9895009031176,0
409.73,410,81,91,1215,2457,2024-11-18,2024-12-27,585.75,10,1242,16436281,6885442,0.0149486371034907,99.932655081767,0.505494505494506
359.99,360,2309,2309,2309,2309,2024-11-18,2024-11-29,585.75,0,0,114127365,37491150,0.00202317822723761,99.9958581362148,0
429.98,430,1041,1146,1041,2292,2024-11-18,2024-11-22,585.75,105,1251,67814633,28902556,0.00337980152454707,99.9738728955445,0.545811518324607
512.57,513,52,52,1092,2236,2024-11-18,2024-12-06,585.75,0,1144,66062825,31934731,0.00338465695343788,99.9928855600711,0.511627906976744
585.48,607,13,1,16107,2152,2024-11-18,2024-11-22,585.75,-12,-13955,67814633,28902556,0.00317335640524664,99.9770462519498,-6.48466542750929
597.34,608,2,2,2132,2132,2024-11-18,2024-12-06,585.75,0,0,66062825,31934731,0.00322723104862682,99.9961127911197,0
597.26,617,1,1,1974,1974,2024-11-18,2024-11-22,585.75,0,0,67814633,28902556,0.00291087618213609,99.9799571281319,0
179.99,180,1958,1958,1958,1958,2024-11-18,2024-12-20,585.75,0,0,506140188,204695442,0.000386849344593044,99.9996263880947,0
589.62,609,2,1,3100,1938,2024-11-18,2024-12-06,585.75,-1,-1162,66062825,31934731,0.00293357118772926,99.9990463623074,-0.599587203302374
369.99,370,1700,1900,1700,1900,2024-11-18,2024-11-22,585.75,200,200,67814633,28902556,0.00280175519050586,99.9827588833224,0.105263157894737
379.99,380,1500,1900,1500,1900,2024-11-18,2024-11-22,585.75,400,400,67814633,28902556,0.00280175519050586,99.9855606385129,0.210526315789474
594.09,613,1,1,1891,1891,2024-11-18,2024-12-20,585.75,0,0,506140188,204695442,0.000373611905324538,100,0
585.15,604,136,1,138856,1885,2024-11-18,2024-11-22,585.75,-135,-136971,67814633,28902556,0.00277963607058081,99.9883402745835,-72.6636604774536
404.85,405,20,119,120,1785,2024-11-18,2024-12-13,585.75,99,1665,87324239,51493838,0.00204410598986153,99.9968828815101,0.932773109243698
469.4,470,25,29,975,1740,2024-11-18,2024-12-27,585.75,4,765,16436281,6885442,0.0105863364102865,99.9432414181773,0.439655172413793
444.98,445,632,851,1264,1702,2024-11-18,2024-11-22,585.75,219,438,67814633,28902556,0.00250978280749525,99.990850057391,0.257344300822562
354.98,355,839,839,839,1678,2024-11-18,2024-11-29,585.75,0,839,114127365,37491150,0.00147028716557155,99.9973284233803,0.5
434.98,435,766,838,766,1676,2024-11-18,2024-11-22,585.75,72,910,67814633,28902556,0.00247144299962517,99.9933215003906,0.542959427207637
344.99,345,1644,1644,1644,1644,2024-11-18,2024-11-29,585.75,0,0,114127365,37491150,0.00144049588808083,99.9987689192684,0
399.99,400,1270,1454,1270,1454,2024-11-18,2024-11-22,585.75,184,184,67814633,28902556,0.00214408002473448,99.9954655804154,0.126547455295736
594.87,609,1,1,1413,1413,2024-11-18,2024-12-13,585.75,0,0,87324239,51493838,0.00161810743062989,99.9985009889408,0
594.95,609,1,1,1405,1405,2024-11-18,2024-11-29,585.75,0,0,114127365,37491150,0.00123108073160193,100,0
590.2,604,1,1,1380,1380,2024-11-18,2024-12-27,585.75,0,0,16436281,6885442,0.00839605991160653,99.9516374780889,0
414.99,415,1132,1286,1132,1286,2024-11-18,2024-11-22,585.75,154,154,67814633,28902556,0.00189634588157397,99.997361926297,0.119751166407465
484.34,485,15,17,555,1122,2024-11-18,2024-12-27,585.75,2,567,16436281,6885442,0.00682636175421922,99.9584638398431,0.505347593582888
424.68,425,22,35,374,1120,2024-11-18,2024-12-27,585.75,13,746,16436281,6885442,0.00681419355144877,99.9652780333945,0.666071428571429
459.47,460,17,21,442,1113,2024-11-18,2024-12-27,585.75,4,671,16436281,6885442,0.00677160484175222,99.9720496382363,0.602875112309075
419.84,420,41,55,369,880,2024-11-18,2024-12-13,585.75,14,511,87324239,51493838,0.00100773852721465,99.999508727468,0.580681818181818
404.99,405,837,847,837,847,2024-11-18,2024-11-22,585.75,10,10,67814633,28902556,0.00124899297176761,99.9986109192687,0.0118063754427391
449.54,450,18,18,432,828,2024-11-18,2024-12-27,585.75,0,396,16436281,6885442,0.00503763594696392,99.9770872741833,0.478260869565218
419.8,420,31,41,527,820,2024-11-18,2024-12-27,585.75,10,293,16436281,6885442,0.00498896313588214,99.9820762373191,0.357317073170732
329.99,330,800,800,800,800,2024-11-18,2024-11-22,585.75,0,0,67814633,28902556,0.00117968639600247,99.9997906056647,0
404.85,405,36,50,468,750,2024-11-18,2024-12-27,585.75,14,282,16436281,6885442,0.00456307603891659,99.9866393133581,0.376
414.82,415,31,41,496,738,2024-11-18,2024-12-27,585.75,10,242,16436281,6885442,0.00449006682229392,99.9911293801804,0.327913279132791
439.65,440,18,19,342,665,2024-11-18,2024-12-27,585.75,1,323,16436281,6885442,0.00404592742117271,99.9951753076015,0.485714285714286
540.3,541,5,9,255,630,2024-11-18,2024-12-06,585.75,4,375,66062825,31934731,0.000953637692605486,100,0.595238095238095
414.89,415,32,39,320,429,2024-11-18,2024-12-13,585.75,7,109,87324239,51493838,0.000491272532017141,100,0.254079254079254
454.56,455,2,8,62,352,2024-11-18,2024-12-27,585.75,6,290,16436281,6885442,0.00214160368759819,99.9973169112891,0.823863636363636
429.82,430,19,19,342,342,2024-11-18,2024-12-27,585.75,0,0,16436281,6885442,0.00208076267374596,99.9993976739629,0
389.99,390,81,128,81,128,2024-11-18,2024-11-22,585.75,47,47,67814633,28902556,0.000188749823360395,99.9999793554881,0.3671875
444.67,445,2,3,44,99,2024-11-18,2024-12-27,585.75,1,55,16436281,6885442,0.00060232603713699,100,0.555555555555556
299.99,300,9,9,9,9,2024-11-18,2024-11-22,585.75,0,0,67814633,28902556,1.32714719550278e-05,99.99999262696,0
359.99,360,5,5,5,5,2024-11-18,2024-11-22,585.75,0,0,67814633,28902556,7.37303997501542e-06,100,0
310,310,0,0,0,0,2024-11-18,2024-11-22,585.75,0,0,67814633,28902556,0,100,
320,320,0,0,0,0,2024-11-18,2024-11-22,585.75,0,0,67814633,28902556,0,100,
340,340,0,0,0,0,2024-11-18,2024-11-22,585.75,0,0,67814633,28902556,0,100,
598.67,613,0,0,0,0,2024-11-18,2024-11-22,585.75,0,0,67814633,28902556,0,100,
596.5,614,0,0,0,0,2024-11-18,2024-11-22,585.75,0,0,67814633,28902556,0,100,
595.54,618,0,0,0,0,2024-11-18,2024-11-22,585.75,0,0,67814633,28902556,0,100,
619,619,0,0,0,0,2024-11-18,2024-11-22,585.75,0,0,67814633,28902556,0,100,
621,621,0,0,0,0,2024-11-18,2024-11-22,585.75,0,0,67814633,28902556,0,100,
622,622,0,0,0,0,2024-11-18,2024-11-22,585.75,0,0,67814633,28902556,0,100,
623,623,0,0,0,0,2024-11-18,2024-11-22,585.75,0,0,67814633,28902556,0,100,
624,624,0,0,0,0,2024-11-18,2024-11-22,585.75,0,0,67814633,28902556,0,100,
598.03,625,0,0,0,0,2024-11-18,2024-11-22,585.75,0,0,67814633,28902556,0,100,
584.41,630,0,0,0,0,2024-11-18,2024-11-22,585.75,0,0,67814633,28902556,0,100,
635,635,0,0,0,0,2024-11-18,2024-11-22,585.75,0,0,67814633,28902556,0,100,
598.33,640,0,0,0,0,2024-11-18,2024-11-22,585.75,0,0,67814633,28902556,0,100,
645,645,0,0,0,0,2024-11-18,2024-11-22,585.75,0,0,67814633,28902556,0,100,
598.39,650,0,0,0,0,2024-11-18,2024-11-22,585.75,0,0,67814633,28902556,0,100,
655,655,0,0,0,0,2024-11-18,2024-11-22,585.75,0,0,67814633,28902556,0,100,
598.05,660,0,0,0,0,2024-11-18,2024-11-22,585.75,0,0,67814633,28902556,0,100,
665,665,0,0,0,0,2024-11-18,2024-11-22,585.75,0,0,67814633,28902556,0,100,
596.92,670,0,0,0,0,2024-11-18,2024-11-22,585.75,0,0,67814633,28902556,0,100,
675,675,0,0,0,0,2024-11-18,2024-11-22,585.75,0,0,67814633,28902556,0,100,
680,680,0,0,0,0,2024-11-18,2024-11-22,585.75,0,0,67814633,28902556,0,100,
685,685,0,0,0,0,2024-11-18,2024-11-22,585.75,0,0,67814633,28902556,0,100,
585.58,608,19,0,23389,0,2024-11-18,2024-11-29,585.75,-19,-23389,114127365,37491150,0,100,-Inf
595.98,611,0,0,0,0,2024-11-18,2024-11-29,585.75,0,0,114127365,37491150,0,100,
589,613,0,0,0,0,2024-11-18,2024-11-29,585.75,0,0,114127365,37491150,0,100,
586.73,615,1,0,1945,0,2024-11-18,2024-11-29,585.75,-1,-1945,114127365,37491150,0,100,-Inf
616,616,0,0,0,0,2024-11-18,2024-11-29,585.75,0,0,114127365,37491150,0,100,
594.65,617,0,0,0,0,2024-11-18,2024-11-29,585.75,0,0,114127365,37491150,0,100,
595.25,618,0,0,0,0,2024-11-18,2024-11-29,585.75,0,0,114127365,37491150,0,100,
619,619,0,0,0,0,2024-11-18,2024-11-29,585.75,0,0,114127365,37491150,0,100,
621,621,0,0,0,0,2024-11-18,2024-11-29,585.75,0,0,114127365,37491150,0,100,
622,622,0,0,0,0,2024-11-18,2024-11-29,585.75,0,0,114127365,37491150,0,100,
623,623,0,0,0,0,2024-11-18,2024-11-29,585.75,0,0,114127365,37491150,0,100,
624,624,0,0,0,0,2024-11-18,2024-11-29,585.75,0,0,114127365,37491150,0,100,
594.6,625,0,0,0,0,2024-11-18,2024-11-29,585.75,0,0,114127365,37491150,0,100,
592.47,635,0,0,0,0,2024-11-18,2024-11-29,585.75,0,0,114127365,37491150,0,100,
592.46,640,0,0,0,0,2024-11-18,2024-11-29,585.75,0,0,114127365,37491150,0,100,
571.57,645,0,0,0,0,2024-11-18,2024-11-29,585.75,0,0,114127365,37491150,0,100,
569.97,650,0,0,0,0,2024-11-18,2024-11-29,585.75,0,0,114127365,37491150,0,100,
571.5,655,0,0,0,0,2024-11-18,2024-11-29,585.75,0,0,114127365,37491150,0,100,
570.06,660,0,0,0,0,2024-11-18,2024-11-29,585.75,0,0,114127365,37491150,0,100,
570.99,665,0,0,0,0,2024-11-18,2024-11-29,585.75,0,0,114127365,37491150,0,100,
597.99,670,0,0,0,0,2024-11-18,2024-11-29,585.75,0,0,114127365,37491150,0,100,
675,675,0,0,0,0,2024-11-18,2024-11-29,585.75,0,0,114127365,37491150,0,100,
680,680,0,0,0,0,2024-11-18,2024-11-29,585.75,0,0,114127365,37491150,0,100,
685,685,0,0,0,0,2024-11-18,2024-11-29,585.75,0,0,114127365,37491150,0,100,
611,611,0,0,0,0,2024-11-18,2024-12-06,585.75,0,0,66062825,31934731,0,100,
612,612,0,0,0,0,2024-11-18,2024-12-06,585.75,0,0,66062825,31934731,0,100,
613,613,0,0,0,0,2024-11-18,2024-12-06,585.75,0,0,66062825,31934731,0,100,
594.98,615,0,0,0,0,2024-11-18,2024-12-06,585.75,0,0,66062825,31934731,0,100,
586.15,620,18,0,48690,0,2024-11-18,2024-12-06,585.75,-18,-48690,66062825,31934731,0,100,-Inf
595.01,625,0,0,0,0,2024-11-18,2024-12-06,585.75,0,0,66062825,31934731,0,100,
589.2,630,0,0,0,0,2024-11-18,2024-12-06,585.75,0,0,66062825,31934731,0,100,
635,635,0,0,0,0,2024-11-18,2024-12-06,585.75,0,0,66062825,31934731,0,100,
640,640,0,0,0,0,2024-11-18,2024-12-06,585.75,0,0,66062825,31934731,0,100,
645,645,0,0,0,0,2024-11-18,2024-12-06,585.75,0,0,66062825,31934731,0,100,
650,650,0,0,0,0,2024-11-18,2024-12-06,585.75,0,0,66062825,31934731,0,100,
655,655,0,0,0,0,2024-11-18,2024-12-06,585.75,0,0,66062825,31934731,0,100,
660,660,0,0,0,0,2024-11-18,2024-12-06,585.75,0,0,66062825,31934731,0,100,
665,665,0,0,0,0,2024-11-18,2024-12-06,585.75,0,0,66062825,31934731,0,100,
598.93,670,0,0,0,0,2024-11-18,2024-12-06,585.75,0,0,66062825,31934731,0,100,
675,675,0,0,0,0,2024-11-18,2024-12-06,585.75,0,0,66062825,31934731,0,100,
680,680,0,0,0,0,2024-11-18,2024-12-06,585.75,0,0,66062825,31934731,0,100,
685,685,0,0,0,0,2024-11-18,2024-12-06,585.75,0,0,66062825,31934731,0,100,
592.33,611,3,0,5601,0,2024-11-18,2024-12-13,585.75,-3,-5601,87324239,51493838,0,100,-Inf
612,612,0,0,0,0,2024-11-18,2024-12-13,585.75,0,0,87324239,51493838,0,100,
613,613,0,0,0,0,2024-11-18,2024-12-13,585.75,0,0,87324239,51493838,0,100,
597.03,635,0,0,0,0,2024-11-18,2024-12-13,585.75,0,0,87324239,51493838,0,100,
640,640,0,0,0,0,2024-11-18,2024-12-13,585.75,0,0,87324239,51493838,0,100,
645,645,0,0,0,0,2024-11-18,2024-12-13,585.75,0,0,87324239,51493838,0,100,
585.78,650,2,0,11254,0,2024-11-18,2024-12-13,585.75,-2,-11254,87324239,51493838,0,100,-Inf
593.71,655,0,0,0,0,2024-11-18,2024-12-13,585.75,0,0,87324239,51493838,0,100,
660,660,0,0,0,0,2024-11-18,2024-12-13,585.75,0,0,87324239,51493838,0,100,
665,665,0,0,0,0,2024-11-18,2024-12-13,585.75,0,0,87324239,51493838,0,100,
599.92,670,0,0,0,0,2024-11-18,2024-12-13,585.75,0,0,87324239,51493838,0,100,
675,675,0,0,0,0,2024-11-18,2024-12-13,585.75,0,0,87324239,51493838,0,100,
599.2,680,0,0,0,0,2024-11-18,2024-12-13,585.75,0,0,87324239,51493838,0,100,
685,685,0,0,0,0,2024-11-18,2024-12-13,585.75,0,0,87324239,51493838,0,100,
612,612,0,0,0,0,2024-11-18,2024-12-20,585.75,0,0,506140188,204695442,0,100,
614,614,0,0,0,0,2024-11-18,2024-12-20,585.75,0,0,506140188,204695442,0,100,
616,616,0,0,0,0,2024-11-18,2024-12-20,585.75,0,0,506140188,204695442,0,100,
617,617,0,0,0,0,2024-11-18,2024-12-20,585.75,0,0,506140188,204695442,0,100,
584.95,630,0,0,0,0,2024-11-18,2024-12-20,585.75,0,0,506140188,204695442,0,100,
587.8,640,0,0,0,0,2024-11-18,2024-12-20,585.75,0,0,506140188,204695442,0,100,
581.09,645,0,0,0,0,2024-11-18,2024-12-20,585.75,0,0,506140188,204695442,0,100,
593.45,650,0,0,0,0,2024-11-18,2024-12-20,585.75,0,0,506140188,204695442,0,100,
599.24,655,0,0,0,0,2024-11-18,2024-12-20,585.75,0,0,506140188,204695442,0,100,
568.47,660,0,0,0,0,2024-11-18,2024-12-20,585.75,0,0,506140188,204695442,0,100,
570,665,0,0,0,0,2024-11-18,2024-12-20,585.75,0,0,506140188,204695442,0,100,
580.32,670,0,0,0,0,2024-11-18,2024-12-20,585.75,0,0,506140188,204695442,0,100,
675,675,0,0,0,0,2024-11-18,2024-12-20,585.75,0,0,506140188,204695442,0,100,
571.64,680,0,0,0,0,2024-11-18,2024-12-20,585.75,0,0,506140188,204695442,0,100,
579.24,685,0,0,0,0,2024-11-18,2024-12-20,585.75,0,0,506140188,204695442,0,100,
584.88,690,0,0,0,0,2024-11-18,2024-12-20,585.75,0,0,506140188,204695442,0,100,
593.7,700,0,0,0,0,2024-11-18,2024-12-20,585.75,0,0,506140188,204695442,0,100,
705,705,0,0,0,0,2024-11-18,2024-12-20,585.75,0,0,506140188,204695442,0,100,
571.19,710,0,0,0,0,2024-11-18,2024-12-20,585.75,0,0,506140188,204695442,0,100,
570.54,715,0,0,0,0,2024-11-18,2024-12-20,585.75,0,0,506140188,204695442,0,100,
590.19,720,2,0,25252,0,2024-11-18,2024-12-20,585.75,-2,-25252,506140188,204695442,0,100,-Inf
593.72,725,0,0,0,0,2024-11-18,2024-12-20,585.75,0,0,506140188,204695442,0,100,
572.89,730,0,0,0,0,2024-11-18,2024-12-20,585.75,0,0,506140188,204695442,0,100,
568.81,735,0,0,0,0,2024-11-18,2024-12-20,585.75,0,0,506140188,204695442,0,100,
568.47,740,0,0,0,0,2024-11-18,2024-12-20,585.75,0,0,506140188,204695442,0,100,
571.94,745,0,0,0,0,2024-11-18,2024-12-20,585.75,0,0,506140188,204695442,0,100,
571.91,750,0,0,0,0,2024-11-18,2024-12-20,585.75,0,0,506140188,204695442,0,100,
571.83,755,0,0,0,0,2024-11-18,2024-12-20,585.75,0,0,506140188,204695442,0,100,
571.19,760,0,0,0,0,2024-11-18,2024-12-20,585.75,0,0,506140188,204695442,0,100,
593.75,765,0,0,0,0,2024-11-18,2024-12-20,585.75,0,0,506140188,204695442,0,100,
465,465,0,0,0,0,2024-11-18,2024-12-27,585.75,0,0,16436281,6885442,0,100,
602.5,602.5,0,0,0,0,2024-11-18,2024-12-27,585.75,0,0,16436281,6885442,0,100,
608,608,0,0,0,0,2024-11-18,2024-12-27,585.75,0,0,16436281,6885442,0,100,
609,609,0,0,0,0,2024-11-18,2024-12-27,585.75,0,0,16436281,6885442,0,100,
611,611,0,0,0,0,2024-11-18,2024-12-27,585.75,0,0,16436281,6885442,0,100,
612,612,0,0,0,0,2024-11-18,2024-12-27,585.75,0,0,16436281,6885442,0,100,
613,613,0,0,0,0,2024-11-18,2024-12-27,585.75,0,0,16436281,6885442,0,100,
589.5,620,2,0,5100,0,2024-11-18,2024-12-27,585.75,-2,-5100,16436281,6885442,0,100,-Inf
596.85,630,0,0,0,0,2024-11-18,2024-12-27,585.75,0,0,16436281,6885442,0,100,
594.29,635,2,0,8142,0,2024-11-18,2024-12-27,585.75,-2,-8142,16436281,6885442,0,100,-Inf
640,640,0,0,0,0,2024-11-18,2024-12-27,585.75,0,0,16436281,6885442,0,100,
645,645,0,0,0,0,2024-11-18,2024-12-27,585.75,0,0,16436281,6885442,0,100,
650,650,0,0,0,0,2024-11-18,2024-12-27,585.75,0,0,16436281,6885442,0,100,
655,655,0,0,0,0,2024-11-18,2024-12-27,585.75,0,0,16436281,6885442,0,100,
660,660,0,0,0,0,2024-11-18,2024-12-27,585.75,0,0,16436281,6885442,0,100,
665,665,0,0,0,0,2024-11-18,2024-12-27,585.75,0,0,16436281,6885442,0,100,
670,670,0,0,0,0,2024-11-18,2024-12-27,585.75,0,0,16436281,6885442,0,100,
675,675,0,0,0,0,2024-11-18,2024-12-27,585.75,0,0,16436281,6885442,0,100,
680,680,0,0,0,0,2024-11-18,2024-12-27,585.75,0,0,16436281,6885442,0,100,
685,685,0,0,0,0,2024-11-18,2024-12-27,585.75,0,0,16436281,6885442,0,100,
