Watch,strike,open_interest.yt,open_interest.td,OI_Dollar.yt,OI_Dollar.td,Date.td,expiry,stkClose,diff_oi,diff_oi_d,totalOI,totalOIdiff,OI_pct,cum_sep_OI,pct
561.32,572,62953,63317,87126952,67622556,2024-10-09,2024-11-15,573.17,364,-19504396,570936877,-150772420,11.8441387698276,11.8441387698276,-0.288430327892368
532.92,540,78904,79010,67226208,55939080,2024-10-09,2024-12-20,573.17,106,-11287128,544735452,-97451672,10.2690360604619,10.2690360604619,-0.201775359909387
552.56,560,71386,72336,67459770,53817984,2024-10-09,2024-11-15,573.17,950,-13641786,570936877,-150772420,9.42625816759074,21.2703969374184,-0.25348006346726
496.62,500,101256,103356,41008680,34934328,2024-10-09,2024-12-20,573.17,2100,-6074352,544735452,-97451672,6.41308140891847,16.6821174693804,-0.173879171226651
544.47,550,49539,52560,35469924,29065680,2024-10-09,2024-11-15,573.17,3021,-6404244,570936877,-150772420,5.0908745206171,26.3612714580355,-0.220336974741344
549.23,560,26206,26576,33910564,28622352,2024-10-09,2024-12-20,573.17,370,-5288212,544735452,-97451672,5.25435822010718,21.9364756894875,-0.184758121904168
535.83,540,66012,61479,35976540,25636743,2024-10-09,2024-11-15,573.17,-4533,-10339797,570936877,-150772420,4.49029376674858,30.851565224784,-0.403319446623934
515.22,520,47454,48665,27475866,23261870,2024-10-09,2024-12-20,573.17,1211,-4213996,544735452,-97451672,4.27030587317089,26.2067815626584,-0.181154653516678
548.58,555,36017,35368,29858093,22706256,2024-10-09,2024-11-15,573.17,-649,-7151837,570936877,-150772420,3.97701688482806,34.8285821096121,-0.314972094034349
559.97,570,18789,21524,23824452,21588572,2024-10-09,2024-11-15,573.17,2735,-2235880,570936877,-150772420,3.7812537374425,38.6098358470546,-0.10356775797862
524.2,530,36264,36893,25566120,21397940,2024-10-09,2024-12-20,573.17,629,-4168180,544735452,-97451672,3.92813427535096,30.1349158380094,-0.194793517506825
541.25,550,22171,23960,23833825,20965000,2024-10-09,2024-12-20,573.17,1789,-2868825,544735452,-97451672,3.84865716432203,33.9835730023314,-0.136838778917243
487.14,490,65047,65186,22441215,18643196,2024-10-09,2024-12-20,573.17,139,-3798019,544735452,-97451672,3.42243118775387,37.4060041900853,-0.203721454197017
517.51,520,73220,74297,23723280,18499953,2024-10-09,2024-11-15,573.17,1077,-5223327,570936877,-150772420,3.24027992327425,41.8501157703289,-0.282342717303119
540.19,545,23529,37018,14658567,17805658,2024-10-09,2024-11-15,573.17,13489,3147091,570936877,-150772420,3.11867366031079,44.9687894306396,0.176746683554182
498.4,500,100783,103466,21265213,16554560,2024-10-09,2024-11-15,573.17,2683,-4710653,570936877,-150772420,2.89954295595448,47.8683323865941,-0.2845531986353
556.33,565,16043,17090,17551042,14817030,2024-10-09,2024-11-15,573.17,1047,-2734012,570936877,-150772420,2.59521334089618,50.4635457274903,-0.184518219913168
537.15,545,19726,18378,18936960,14426730,2024-10-09,2024-12-20,573.17,-1348,-4510230,544735452,-97451672,2.64839197578057,40.0543961658658,-0.31263009704902
519.74,525,26574,27002,17007360,14203052,2024-10-09,2024-12-20,573.17,428,-2804308,544735452,-97451672,2.60733020915995,42.6617263750258,-0.197444042308653
565.93,570,31256,34729,21347848,14134703,2024-10-09,2024-10-18,573.17,3473,-7213145,202786239,-141389953,6.9702476211909,6.9702476211909,-0.510314578240519
472.71,475,61077,61089,17162637,13989381,2024-10-09,2024-12-20,573.17,12,-3173256,544735452,-97451672,2.56810548104367,45.2298318560695,-0.226833195836185
548.94,550,127415,125676,25355585,13321656,2024-10-09,2024-10-18,573.17,-1739,-12033929,202786239,-141389953,6.56930966602719,13.5395572872181,-0.903335816508098
558.01,560,62108,65615,22607312,13057385,2024-10-09,2024-10-18,573.17,3507,-9549927,202786239,-141389953,6.43898967917641,19.9785469663945,-0.731381283465257
522.21,525,51355,45317,19720320,12643443,2024-10-09,2024-11-15,573.17,-6038,-7076877,570936877,-150772420,2.21450803220756,52.6780537596979,-0.559727045868756
501.35,505,34259,34253,15073960,12502345,2024-10-09,2024-12-20,573.17,-6,-2571615,544735452,-97451672,2.29512233031604,47.5249541863855,-0.205690612441106
565.21,569,31953,32435,20769450,12292865,2024-10-09,2024-10-18,573.17,482,-8476585,202786239,-141389953,6.06198184877821,26.0405288151727,-0.689553248978167
526.8,530,37387,37440,15627766,11980800,2024-10-09,2024-11-15,573.17,53,-3646966,570936877,-150772420,2.09844563955185,54.7764993992497,-0.304400874732906
567.95,597,4050,4050,11765250,11765250,2024-10-09,2024-12-20,573.17,0,0,544735452,-97451672,2.15980985941044,49.6847640457959,0
562.95,580,6729,6841,13579122,11663905,2024-10-09,2024-12-20,573.17,112,-1915217,544735452,-97451672,2.14120541579879,51.8259694615947,-0.164200325705671
556.55,570,7839,8111,12550239,10909295,2024-10-09,2024-12-20,573.17,272,-1640944,544735452,-97451672,2.00267762267839,53.8286470842731,-0.150417052614308
528.74,535,16661,17243,12945597,10794118,2024-10-09,2024-12-20,573.17,582,-2151479,544735452,-97451672,1.9815339648575,55.8101810491306,-0.19931957386421
562.16,565,30490,36550,15245000,10380200,2024-10-09,2024-10-18,573.17,6060,-4864800,202786239,-141389953,5.11878915018489,31.1593179653576,-0.468661490144699
488.66,490,73629,75586,12664188,10128524,2024-10-09,2024-11-15,573.17,1957,-2535664,570936877,-150772420,1.77401818099762,56.5505175802473,-0.25034881686611
512.79,515,51038,44316,14749982,9793836,2024-10-09,2024-11-15,573.17,-6722,-4956146,570936877,-150772420,1.71539733980084,58.2659149200482,-0.506047477209134
531.38,535,26199,26280,12523122,9513360,2024-10-09,2024-11-15,573.17,81,-3009762,570936877,-150772420,1.66627176895424,59.9321866890024,-0.316372133504882
508.06,510,47115,48190,12532590,9348860,2024-10-09,2024-11-15,573.17,1075,-3183730,570936877,-150772420,1.63745947697822,61.5696461659806,-0.340547403640658
566.17,580,6106,6306,10477896,8721198,2024-10-09,2024-11-15,573.17,200,-1756698,570936877,-150772420,1.52752403134751,63.0971701973282,-0.201428519338742
545.6,555,9221,9277,10659476,8720380,2024-10-09,2024-12-20,573.17,56,-1939096,544735452,-97451672,1.60084679048941,57.41102783962,-0.222363704333985
547.03,550,7716,28838,3356460,8564886,2024-10-09,2024-11-01,573.17,21122,5208426,105347613,-4307374,8.13011871469741,8.13011871469741,0.608113873319505
506.1,510,22576,21781,10859056,8494590,2024-10-09,2024-12-20,573.17,-795,-2364466,544735452,-97451672,1.55939731273448,58.9704251523545,-0.278349631942213
569.45,576,19703,12775,20569932,8367625,2024-10-09,2024-10-18,573.17,-6928,-12202307,202786239,-141389953,4.12632782247123,35.2856457878288,-1.4582760341196
566.69,598,2667,2667,8350377,8350377,2024-10-09,2024-12-20,573.17,0,0,544735452,-97451672,1.53292336111805,60.5033485134726,0
543.26,550,12142,12177,10199280,8207298,2024-10-09,2024-11-29,573.17,35,-1991982,125255713,-24941976,6.55243405943488,6.55243405943488,-0.242708623471452
569.5,580,259,7806,380730,8196300,2024-10-09,2024-11-01,573.17,7547,7815570,105347613,-4307374,7.78024272842328,15.9103614431207,0.953548552395593
570.55,590,4156,4169,9986868,8108705,2024-10-09,2024-11-15,573.17,13,-1878163,570936877,-150772420,1.42024544685349,64.5174156441816,-0.231623052016321
556.24,558,45755,45493,15144905,8006768,2024-10-09,2024-10-18,573.17,-262,-7138137,202786239,-141389953,3.94837837098009,39.2340241588089,-0.8915129050823
555.18,565,8061,8113,10084311,7966966,2024-10-09,2024-11-29,573.17,52,-2117345,125255713,-24941976,6.36056097497126,12.9129950344061,-0.265765537345082
542.8,552,8566,8545,9319808,7861400,2024-10-09,2024-12-20,573.17,-21,-1458408,544735452,-97451672,1.44315923833061,61.9465077518032,-0.185515048210242
571.43,581,15169,8175,21676501,7823475,2024-10-09,2024-10-18,573.17,-6994,-13853026,202786239,-141389953,3.8579910740393,43.0920152328482,-1.77069984885233
477.53,480,31315,31335,9394500,7739745,2024-10-09,2024-12-20,573.17,20,-1654755,544735452,-97451672,1.42082637940738,63.3673341312105,-0.213799679446803
444.62,445,200863,200895,10043150,7634010,2024-10-09,2024-11-01,573.17,32,-2409140,105347613,-4307374,7.24649546639467,23.1568569095154,-0.315579885276545
399.01,400,77068,76688,9094024,7592112,2024-10-09,2024-12-20,573.17,-380,-1501912,544735452,-97451672,1.39372460010185,64.7610587313124,-0.197825321860373
547.56,555,9944,9945,9327472,7399080,2024-10-09,2024-11-29,573.17,1,-1928392,125255713,-24941976,5.90717965894298,18.8201746933491,-0.260625915654379
494.29,495,103257,103730,9809415,7364830,2024-10-09,2024-11-01,573.17,473,-2444585,105347613,-4307374,6.99097947288089,30.1478363823963,-0.331926874075844
563.25,575,5430,5741,7987530,6745675,2024-10-09,2024-11-15,573.17,311,-1241855,570936877,-150772420,1.18150977310229,65.6989254172839,-0.184096476631323
559.92,575,4047,4393,7240083,6624644,2024-10-09,2024-12-20,573.17,346,-615439,544735452,-97451672,1.21612132562285,65.9771800569352,-0.0929014449682126
557.53,568,5300,6305,6937700,6601335,2024-10-09,2024-11-29,573.17,1005,-336364.999999999,125255713,-24941976,5.27028655371592,24.090461247065,-0.0509540873171865
491.98,495,21137,21503,8053197,6493906,2024-10-09,2024-12-20,573.17,366,-1559291,544735452,-97451672,1.19212105181654,67.1693011087518,-0.240116041100687
448.36,450,37650,37704,7492350,6183456,2024-10-09,2024-12-20,573.17,54,-1308894,544735452,-97451672,1.13513008512617,68.304431193878,-0.211676771048423
564.6,572,922,8346,975476,6176040,2024-10-09,2024-11-01,573.17,7424,5200564,105347613,-4307374,5.8625343509207,36.010370733317,0.842054779437957
565.58,567,41934,42790,16270392,6076180,2024-10-09,2024-10-11,573.17,856,-10194212,31710501,-43957892,19.1614128077005,19.1614128077005,-1.67773370769135
559.55,565,11191,11075,8639452,6035875,2024-10-09,2024-11-01,573.17,-116,-2603577,105347613,-4307374,5.72948435006306,41.73985508338,-0.431350384161369
567.16,596,2080,2080,5998720,5998720,2024-10-09,2024-12-20,573.17,0,0,544735452,-97451672,1.1012171096953,69.4056483035732,0
483.78,485,48180,48860,7564260,5960920,2024-10-09,2024-11-15,573.17,680,-1603340,570936877,-150772420,1.04405937681268,66.7429847940966,-0.26897525885266
539.3,544,12017,12334,7486591,5796980,2024-10-09,2024-11-15,573.17,317,-1689611,570936877,-150772420,1.01534516923488,67.7583299633315,-0.291464003670877
552.52,555,22673,22896,8978508,5678208,2024-10-09,2024-10-25,573.17,223,-3300300,43451240,-17558626,13.0679999005782,13.0679999005782,-0.581222103875025
503.29,505,32788,33180,7803544,5673780,2024-10-09,2024-11-15,573.17,392,-2129764,570936877,-150772420,0.993766601627311,68.7520965649588,-0.375369506748587
439.63,440,151185,151479,7256880,5604723,2024-10-09,2024-11-01,573.17,294,-1652157,105347613,-4307374,5.32021831382169,47.0600733972017,-0.294779420856303
553.55,555,38156,38451,10302120,5575395,2024-10-09,2024-10-18,573.17,295,-4726725,202786239,-141389953,2.74939514017024,45.8414103730185,-0.847782982192294
529.68,533,16740,16786,7817580,5572952,2024-10-09,2024-11-15,573.17,46,-2244628,570936877,-150772420,0.976106505728478,69.7282030706873,-0.402771816444857
571.5,592,2672,2681,6706720,5496050,2024-10-09,2024-11-15,573.17,9,-1210670,570936877,-150772420,0.962637065743434,70.6908401364307,-0.220280019286579
510.7,515,12790,12725,6791490,5471750,2024-10-09,2024-12-20,573.17,-65,-1319740,544735452,-97451672,1.00447840872307,70.4101267122963,-0.241191574907479
553.23,565,4477,4645,6402110,5467165,2024-10-09,2024-12-20,573.17,168,-934945.000000001,544735452,-97451672,1.00363671575391,71.4137634280502,-0.171010935283644
533.15,537,14157,14193,7305012,5464305,2024-10-09,2024-11-15,573.17,36,-1840707,570936877,-150772420,0.957076906419551,71.6479170428503,-0.336860222846272
541.13,546,11225,11182,7195225,5445634,2024-10-09,2024-11-15,573.17,-43,-1749591,570936877,-150772420,0.953806667492596,72.6017237103429,-0.321283251867459
552.64,554,39935,39698,10303230,5398928,2024-10-09,2024-10-18,573.17,-237,-4904302,202786239,-141389953,2.6623739493487,48.5037843223672,-0.908384405200439
537.56,542,12099,12119,6956925,5380836,2024-10-09,2024-11-15,573.17,20,-1576089,570936877,-150772420,0.942457251714711,73.5441809620576,-0.292907830679099
478.92,480,48571,48689,7042795,5258412,2024-10-09,2024-11-15,573.17,118,-1784383,570936877,-150772420,0.921014601058954,74.4651955631165,-0.339338758545356
534.75,540,9784,9928,6457440,5212200,2024-10-09,2024-11-29,573.17,144,-1245240,125255713,-24941976,4.16124731971307,28.2517085667781,-0.2389087141706
453.22,455,28942,28947,6019936,5152566,2024-10-09,2024-12-20,573.17,5,-867370,544735452,-97451672,0.945884094945963,72.3596475229962,-0.168337484662982
489.34,490,76917,76919,6768696,5076654,2024-10-09,2024-11-01,573.17,2,-1692042,105347613,-4307374,4.81895493920683,51.8790283364085,-0.333298664829236
562.59,574,4239,4391,6239808,5010131,2024-10-09,2024-11-15,573.17,152,-1229677,570936877,-150772420,0.877528007356232,75.3427235704728,-0.245438093335284
539.35,540,78234,76472,9231612,4970680,2024-10-09,2024-10-18,573.17,-1762,-4260932,202786239,-141389953,2.45119196672906,50.9549762890962,-0.857213097604352
429.68,430,151311,151471,6506373,4847072,2024-10-09,2024-11-01,573.17,160,-1659301,105347613,-4307374,4.60102688800362,56.4800552244122,-0.342330586382872
429.52,430,100819,100828,6149959,4839744,2024-10-09,2024-11-08,573.17,9,-1310215,34702882,-6568854,13.9462307482128,13.9462307482128,-0.27071989758136
479.41,480,81123,81782,6165348,4825138,2024-10-09,2024-11-01,573.17,659,-1340210,105347613,-4307374,4.58020629285639,61.0602615172686,-0.277755786466625
536.7,541,17736,11165,9843480,4800950,2024-10-09,2024-11-15,573.17,-6571,-5042530,570936877,-150772420,0.840889806457536,76.1836133769303,-1.05031920765682
555.65,564,5511,5674,6034545,4737790,2024-10-09,2024-11-15,573.17,163,-1296755,570936877,-150772420,0.829827287544434,77.0134406644747,-0.273704617553754
569.03,575,5976,7894,5892336,4712718,2024-10-09,2024-10-18,573.17,1918,-1179618,202786239,-141389953,2.32398313773155,53.2789594268278,-0.250305237869102
569.01,591,2127,2128,4560288,4679472,2024-10-09,2024-11-15,573.17,1,119183.999999999,570936877,-150772420,0.81961284837448,77.8330535128492,0.0254695401532479
479.12,480,50910,50918,5803740,4480784,2024-10-09,2024-11-08,573.17,8,-1322956,34702882,-6568854,12.9118497996795,26.8580805478922,-0.295251009644741
482.37,485,17017,16974,5428423,4464162,2024-10-09,2024-12-20,573.17,-43,-964261,544735452,-97451672,0.819510091294737,73.1791576142909,-0.216000449804465
439.36,440,69708,69730,5785764,4462720,2024-10-09,2024-11-15,573.17,22,-1323044,570936877,-150772420,0.781648581442043,78.6147020942913,-0.296465832496773
528.66,533,10242,10280,5848182,4461520,2024-10-09,2024-11-29,573.17,38,-1386662,125255713,-24941976,3.56192934688736,31.8136379136655,-0.310804837813122
528.52,530,7644,29530,1704612,4370440,2024-10-09,2024-11-01,573.17,21886,2665828,105347613,-4307374,4.14858948916099,65.2088510064295,0.609967875088092
557.34,566,4692,4974,5236272,4307484,2024-10-09,2024-11-15,573.17,282,-928788,570936877,-150772420,0.754458885653659,79.3691609799449,-0.21562192686032
529.55,530,93320,93192,7092320,4193640,2024-10-09,2024-10-18,573.17,-128,-2898680,202786239,-141389953,2.06801014737494,55.3469695742027,-0.69120859205845
493.57,495,28206,28716,5330934,4106388,2024-10-09,2024-11-15,573.17,510,-1224546,570936877,-150772420,0.71923677825421,80.0883977581991,-0.298205137946049
521.43,525,10176,11177,4884480,3990189,2024-10-09,2024-11-29,573.17,1001,-894291,125255713,-24941976,3.18563433509815,34.9992722487636,-0.224122466379412
458.15,460,21070,21533,4782890,3983605,2024-10-09,2024-12-20,573.17,463,-799285,544735452,-97451672,0.731291672934847,73.9104492872258,-0.20064363811171
566.6,571,8239,9049,6030948,3981560,2024-10-09,2024-10-18,573.17,810,-2049388,202786239,-141389953,1.96342711400649,57.3103966882092,-0.514719858547906
544.18,545,48966,47812,7442832,3920584,2024-10-09,2024-10-18,573.17,-1154,-3522248,202786239,-141389953,1.93335801252273,59.2437547007319,-0.898398809973209
418.79,420,31158,31151,4362120,3769271,2024-10-09,2024-12-20,573.17,-7,-592849,544735452,-97451672,0.691945234363046,74.6023945215888,-0.157284790613357
564.48,568,9779,10666,5867400,3754432,2024-10-09,2024-10-18,573.17,887,-2112968,202786239,-141389953,1.85142345876832,61.0951781595003,-0.562792987061691
568.77,595,1431,1431,3753513,3753513,2024-10-09,2024-12-20,573.17,0,0,544735452,-97451672,0.689052454034146,75.291446975623,0
467.88,470,17446,17619,4623190,3735228,2024-10-09,2024-12-20,573.17,173,-887962,544735452,-97451672,0.685695778801634,75.9771427544246,-0.237726318179238
571.05,593,1698,1698,3978414,3727110,2024-10-09,2024-11-15,573.17,0,-251304,570936877,-150772420,0.652805966849467,80.7412037250486,-0.0674259681093394
561.98,573,2716,3348,3897460,3689496,2024-10-09,2024-11-15,573.17,632,-207964,570936877,-150772420,0.646217848002136,81.3874215730507,-0.0563665064279782
560.88,565,8428,8917,5360208,3673804,2024-10-09,2024-10-25,573.17,489,-1686404,43451240,-17558626,8.45500381577143,21.5230037163496,-0.459034831471684
389.65,390,104055,104101,4890585,3643535,2024-10-09,2024-11-15,573.17,46,-1247050,570936877,-150772420,0.638167746169249,82.02558931922,-0.342263763076243
571.3,600,1255,1252,4144010,3593240,2024-10-09,2024-12-20,573.17,-3,-550770.000000001,544735452,-97451672,0.659630282333818,76.6367730367584,-0.153279491489575
550.61,554,10148,10459,5337848,3545601,2024-10-09,2024-11-01,573.17,311,-1792247,105347613,-4307374,3.36562063347368,68.5744716399032,-0.505484683696784
509.69,510,114712,114357,4932616,3545067,2024-10-09,2024-10-18,573.17,-355,-1387549,202786239,-141389953,1.74817927364391,62.8433574331442,-0.39140275769118
567.26,572,6639,7441,5178420,3527034,2024-10-09,2024-10-18,573.17,802,-1651386,202786239,-141389953,1.73928665840092,64.5826440915451,-0.468208131818406
571.03,595,1457,1457,4079600,3492429,2024-10-09,2024-11-15,573.17,0,-587171,570936877,-150772420,0.61170142281771,82.6372907420377,-0.168126825198164
433.58,435,23880,24535,3725280,3483970,2024-10-09,2024-12-20,573.17,655,-241310.000000001,544735452,-97451672,0.639571004091726,77.2763440408501,-0.0692629385442472
570.09,594,1442,1442,3447822,3447822,2024-10-09,2024-11-15,573.17,0,0,570936877,-150772420,0.603888475047654,83.2411792170853,0
563.81,576,2710,2776,4197790,3383944,2024-10-09,2024-11-15,573.17,66,-813846.000000001,570936877,-150772420,0.592700197923982,83.8338794150093,-0.240502206892313
558.54,568,3243,3554,3982404,3362084,2024-10-09,2024-11-15,573.17,311,-620320,570936877,-150772420,0.588871403379327,84.4227508183886,-0.184504610830663
563.22,570,3988,4917,3756696,3333726,2024-10-09,2024-11-01,573.17,929,-422970,105347613,-4307374,3.16450074668517,71.7389723865884,-0.126876054000839
560.55,571,2930,3187,3850020,3330415,2024-10-09,2024-11-15,573.17,257,-519605.000000001,570936877,-150772420,0.583324555509488,85.0060753738981,-0.156018093841158
555.5,560,7595,7376,4815230,3319200,2024-10-09,2024-11-01,573.17,-219,-1496030,105347613,-4307374,3.15071210963271,74.8896844962211,-0.450720053024825
559.2,569,3101,3364,3820432,3296720,2024-10-09,2024-11-15,573.17,263,-523712,570936877,-150772420,0.577422852298959,85.5834982261971,-0.158858501783591
558.63,570,2899,2866,4133974,3258642,2024-10-09,2024-11-29,573.17,-33,-875332,125255713,-24941976,2.60159151383378,37.6008637625974,-0.268618645435737
570.2,589,1713,1714,3460260,3222320,2024-10-09,2024-11-15,573.17,1,-237940,570936877,-150772420,0.564391639393088,86.1478898655902,-0.0738412075771494
570.25,593,1413,1413,3603150,3214575,2024-10-09,2024-11-29,573.17,0,-388575,125255713,-24941976,2.56640988503255,40.16727364763,-0.120879120879121
553.28,561,4147,4151,4043325,3204572,2024-10-09,2024-11-15,573.17,4,-838753.000000001,570936877,-150772420,0.561283064572478,86.7091729301627,-0.261736356680393
438.5,440,20463,20885,3683340,3132750,2024-10-09,2024-12-20,573.17,422,-550590,544735452,-97451672,0.575095670476024,77.8514397113262,-0.175752932726837
564.56,570,5296,5715,4321536,3108960,2024-10-09,2024-10-25,573.17,419,-1212576,43451240,-17558626,7.15505472340951,28.6780584397591,-0.39002624671916
551.31,560,3420,3557,3676500,3091033,2024-10-09,2024-11-29,573.17,137,-585467,125255713,-24941976,2.46777805655859,42.6350517041885,-0.189408201077116
512.03,515,10365,10364,3783225,3078108,2024-10-09,2024-11-29,573.17,-1,-705117,125255713,-24941976,2.45745916595437,45.0925108701429,-0.229074808291327
551.73,559,4223,4220,3956951,3067940,2024-10-09,2024-11-15,573.17,-3,-889011,570936877,-150772420,0.537351872613406,87.2465248027761,-0.289774571862553
484.61,485,77331,78454,3943881,3059706,2024-10-09,2024-10-25,573.17,1123,-884175,43451240,-17558626,7.04170007576309,35.7197585155222,-0.288973842584876
524.59,525,69954,71616,4477056,2936256,2024-10-09,2024-10-18,573.17,1662,-1540800,202786239,-141389953,1.44795623927914,66.0306003308242,-0.524749885568561
555.06,563,3504,3664,3609120,2909216,2024-10-09,2024-11-15,573.17,160,-699904.000000001,570936877,-150772420,0.509551251144704,87.7560760539208,-0.240581654988836
434.81,435,152052,152032,3953352,2888608,2024-10-09,2024-10-25,573.17,-20,-1064744,43451240,-17558626,6.64792995550875,42.367688471031,-0.368601070134819
559.65,562,12030,12229,4980420,2873815,2024-10-09,2024-10-18,573.17,199,-2106605,202786239,-141389953,1.41716470218672,67.4477650330109,-0.733034311533623
570.86,599,996,998,3333612,2808372,2024-10-09,2024-12-20,573.17,2,-525240,544735452,-97451672,0.515547866343019,78.3669875776692,-0.187026505035658
550.99,558,4285,3989,3839360,2796289,2024-10-09,2024-11-15,573.17,-296,-1043071,570936877,-150772420,0.489772006792267,88.245848060713,-0.37301974152171
534.07,538,7085,7115,3641690,2796195,2024-10-09,2024-11-15,573.17,30,-845495,570936877,-150772420,0.489755542625424,88.7356036033385,-0.302373403857742
554.35,562,3693,3645,3696693,2788425,2024-10-09,2024-11-15,573.17,-48,-908268,570936877,-150772420,0.488394621600174,89.2239982249386,-0.325727964711262
535.62,543,3777,3762,3474840,2776356,2024-10-09,2024-12-20,573.17,-15,-698484,544735452,-97451672,0.509670518011374,78.8766580956806,-0.251583010247965
527.8,532,7689,6520,4298151,2738400,2024-10-09,2024-11-29,573.17,-1169,-1559751,125255713,-24941976,2.18624758457125,47.2787584547142,-0.569584794040316
538.09,546,3351,3359,3230364,2656969,2024-10-09,2024-12-20,573.17,8,-573395.000000001,544735452,-97451672,0.487754007976701,79.3644121036573,-0.21580793754086
567.88,573,4839,5150,3982497,2636800,2024-10-09,2024-10-18,573.17,311,-1345697,202786239,-141389953,1.30028546956778,68.7480505025787,-0.510352320995146
547.96,558,2247,2609,2777292,2619436,2024-10-09,2024-12-20,573.17,362,-157856,544735452,-97451672,0.48086387445185,79.8452759781091,-0.060263354401482
552.47,564,2178,2265,3064446,2611545,2024-10-09,2024-12-20,573.17,87,-452901.000000001,544735452,-97451672,0.479415281383228,80.3246912594923,-0.173422629133329
530.32,537,3901,3837,3210523,2563116,2024-10-09,2024-12-20,573.17,-64,-647407.000000001,544735452,-97451672,0.470524910869946,80.7952161703623,-0.252585914956639
569.33,594,1027,1031,2721550,2543477,2024-10-09,2024-12-20,573.17,4,-178073,544735452,-97451672,0.466919674616661,81.2621358449789,-0.0700116415442326
389.11,390,28070,28087,2835070,2499743,2024-10-09,2024-12-20,573.17,17,-335327,544735452,-97451672,0.458891190360785,81.7210270353397,-0.134144590063859
463.02,465,12028,12544,2934832,2483712,2024-10-09,2024-12-20,573.17,516,-451120,544735452,-97451672,0.455948293961965,82.1769753293017,-0.181631364667079
428.66,430,18299,18299,2470365,2452066,2024-10-09,2024-12-20,573.17,0,-18299,544735452,-97451672,0.450138868508966,82.6271141978106,-0.00746268656716418
567.84,570,7227,11340,3743586,2449440,2024-10-09,2024-10-11,573.17,4113,-1294146,31710501,-43957892,7.72438127041891,26.8857940781194,-0.528343621399177
547.15,557,2572,2482,3096688,2444770,2024-10-09,2024-12-20,573.17,-90,-651918,544735452,-97451672,0.448799502772219,83.0759137005829,-0.266658213247054
545.29,551,4279,4271,3162181,2438741,2024-10-09,2024-11-15,573.17,-8,-723440,570936877,-150772420,0.427147220339736,89.6511454452784,-0.296644867167116
563.92,565,23643,22435,7542117,2422980,2024-10-09,2024-10-11,573.17,-1208,-5119137,31710501,-43957892,7.64093888015204,34.5267329582715,-2.11274422405468
550.19,557,3586,3496,3130578,2380776,2024-10-09,2024-11-15,573.17,-90,-749802.000000001,570936877,-150772420,0.416994609370801,90.0681400546492,-0.314940170767851
443.42,445,15183,15005,2854404,2370790,2024-10-09,2024-12-20,573.17,-178,-483614,544735452,-97451672,0.435218598550109,83.511132299133,-0.203988543903087
537.94,540,10824,11091,3312144,2284746,2024-10-09,2024-11-01,573.17,267,-1027398,105347613,-4307374,2.16876864594929,77.0584531421704,-0.449677119469735
519.63,520,60425,61465,3383800,2274205,2024-10-09,2024-10-18,573.17,1040,-1109595,202786239,-141389953,1.12147895794842,69.8695294605272,-0.487904564452193
534.65,542,3421,3074,3109689,2259390,2024-10-09,2024-12-20,573.17,-347,-850299,544735452,-97451672,0.414768304817436,83.9259006039504,-0.376340074090794
568.47,574,3679,4071,3289026,2251263,2024-10-09,2024-10-18,573.17,392,-1037763,202786239,-141389953,1.11016556700378,70.9796950275309,-0.460969242598488
554.78,567,1870,1837,2793780,2244814,2024-10-09,2024-12-20,573.17,-33,-548966,544735452,-97451672,0.412092510549506,84.3379931144999,-0.244548546115625
530.5,535,4864,4855,2864896,2184750,2024-10-09,2024-11-29,573.17,-9,-680146,125255713,-24941976,1.744231817993,49.0229902727072,-0.311315253461494
526.54,533,3342,3378,2499816,2182188,2024-10-09,2024-12-20,573.17,36,-317628,544735452,-97451672,0.400595920825069,84.738589035325,-0.145554828456577
423.67,425,16304,16301,2429296,2168033,2024-10-09,2024-12-20,573.17,-3,-261263,544735452,-97451672,0.397997411778516,85.1365864471035,-0.120506929553194
555.17,568,1652,1686,2525908,2163138,2024-10-09,2024-12-20,573.17,34,-362770,544735452,-97451672,0.397098810451573,85.5336852575551,-0.167705435344393
539.21,545,3728,3730,2769904,2159670,2024-10-09,2024-11-29,573.17,2,-610234,125255713,-24941976,1.72420877920355,50.7471990519107,-0.28255890946302
542.76,548,3998,4035,2786606,2114340,2024-10-09,2024-11-15,573.17,37,-672266,570936877,-150772420,0.370328154508051,90.4384682091572,-0.317955484926738
567.9,590,957,954,2459490,2108340,2024-10-09,2024-12-20,573.17,-3,-351150,544735452,-97451672,0.387039248548853,85.9207245061039,-0.16655283303452
568.92,588,1097,1102,2509936,2102616,2024-10-09,2024-11-15,573.17,5,-407320,570936877,-150772420,0.36827468757111,90.8067428967283,-0.193720584262652
551.73,563,1811,1838,2524534,2071426,2024-10-09,2024-12-20,573.17,27,-453108,544735452,-97451672,0.380262748164223,86.3009872542682,-0.218742064645322
558.09,567,2036,2321,2369904,2068011,2024-10-09,2024-11-15,573.17,285,-301893,570936877,-150772420,0.36221359721348,91.1689564939418,-0.145982298933613
555.85,569,1462,1563,2298264,2055345,2024-10-09,2024-12-20,573.17,101,-242919,544735452,-97451672,0.377310672998019,86.6782979272662,-0.118188917189085
563.71,567,4785,6238,2698740,2052302,2024-10-09,2024-10-18,573.17,1453,-646438,202786239,-141389953,1.01205190752613,71.9917469350571,-0.314981908120735
511.04,514,6894,6904,2488734,2043584,2024-10-09,2024-11-29,573.17,10,-445150,125255713,-24941976,1.63152957342553,52.3787286253362,-0.217828090257117
530.45,534,5762,5741,2673568,2038055,2024-10-09,2024-11-15,573.17,-21,-635513,570936877,-150772420,0.356966782511756,91.5259232764536,-0.311823282492376
562.93,566,5793,6631,3134013,2035717,2024-10-09,2024-10-18,573.17,838,-1098296,202786239,-141389953,1.00387334467996,72.995620279737,-0.539513105210597
540.85,547,3314,3306,2495442,2033190,2024-10-09,2024-11-29,573.17,-8,-462252,125255713,-24941976,1.62323134913615,54.0019599744724,-0.227353075708615
542.33,551,2359,2330,2476950,2020110,2024-10-09,2024-12-20,573.17,-29,-456840,544735452,-97451672,0.37084239562216,87.0491403228883,-0.226146100954899
560.58,563,8195,8329,3605800,2015618,2024-10-09,2024-10-18,573.17,134,-1590182,202786239,-141389953,0.993961922633222,73.9895822023703,-0.788930243726738
394.8,395,100152,100377,2603952,2007540,2024-10-09,2024-11-01,573.17,225,-596412,105347613,-4307374,1.90563406500724,78.9640872071777,-0.297085985833408
572.01,597,801,801,2001699,2001699,2024-10-09,2024-11-29,573.17,0,0,125255713,-24941976,1.59808998093364,55.600049955406,0
379.21,380,25021,25120,2402016,1984480,2024-10-09,2024-12-20,573.17,99,-417536,544735452,-97451672,0.364301605983963,87.4134419288723,-0.210400709505765
568.52,571,6014,7998,3433994,1983504,2024-10-09,2024-10-11,573.17,1984,-1450490,31710501,-43957892,6.25503835464473,40.7817713129162,-0.731276569142286
569.16,572,5393,6979,3376018,1982036,2024-10-09,2024-10-11,573.17,1586,-1393982,31710501,-43957892,6.25040897335555,47.0321802862717,-0.703308113475235
534.46,535,37571,35771,3606816,1931634,2024-10-09,2024-10-18,573.17,-1800,-1675182,202786239,-141389953,0.95254688361768,74.9421290859879,-0.867235718567803
550.98,562,1767,1751,2431392,1929602,2024-10-09,2024-12-20,573.17,-16,-501790,544735452,-97451672,0.354227358053428,87.7676692869257,-0.260048445223419
561.35,564,7354,7211,3456380,1910915,2024-10-09,2024-10-18,573.17,-143,-1545465,202786239,-141389953,0.942329720903794,75.8844588068917,-0.808756538098241
567.85,601,575,575,1906125,1906125,2024-10-09,2024-12-20,573.17,0,0,544735452,-97451672,0.349917559615709,88.1175868465414,0
564.61,577,1487,1533,2365817,1899387,2024-10-09,2024-11-15,573.17,46,-466430,570936877,-150772420,0.332678983704883,91.8586022601584,-0.245568701902245
561.05,577,1173,1178,2246295,1878910,2024-10-09,2024-12-20,573.17,5,-367385,544735452,-97451672,0.344921556528324,88.4625084030698,-0.195530919522489
497.86,500,8750,8729,2467500,1868006,2024-10-09,2024-11-29,573.17,-21,-599494,125255713,-24941976,1.49135393129733,57.0914038867034,-0.320927234709096
536.48,544,2460,2460,2327160,1849920,2024-10-09,2024-12-20,573.17,0,-477240,544735452,-97451672,0.339599707198789,88.8021081102686,-0.257978723404255
558.85,561,8267,8490,3281999,1825350,2024-10-09,2024-10-18,573.17,223,-1456649,202786239,-141389953,0.900135043187028,76.7845938500788,-0.798010792450763
546.4,556,1911,1856,2249247,1781760,2024-10-09,2024-12-20,573.17,-55,-467487,544735452,-97451672,0.327087211500235,89.1291953217688,-0.262373720366379
464.11,465,19856,19868,2283440,1768252,2024-10-09,2024-11-15,573.17,12,-515188,570936877,-150772420,0.309710595204731,92.1683128553632,-0.291354399712258
549.95,561,1639,1583,2207733,1749215,2024-10-09,2024-12-20,573.17,-56,-458518,544735452,-97451672,0.321112751809662,89.4503080735784,-0.262127868786856
571.18,580,1291,1983,1682173,1749006,2024-10-09,2024-10-18,573.17,692,66833.0000000002,202786239,-141389953,0.862487518198905,77.6470813682777,0.0382119901246767
556.81,560,5258,5477,2665806,1747163,2024-10-09,2024-10-25,573.17,219,-918643,43451240,-17558626,4.0209738548313,46.3886623258623,-0.525791239855698
413.85,415,14970,14983,2050890,1723045,2024-10-09,2024-12-20,573.17,13,-327845,544735452,-97451672,0.316308584960613,89.7666166585391,-0.19027071260472
408.91,410,15721,15722,2043730,1713698,2024-10-09,2024-12-20,573.17,1,-330032,544735452,-97451672,0.314592706185754,90.0812093647248,-0.192584691118272
551.96,558,2831,2826,2301603,1706904,2024-10-09,2024-11-08,573.17,-5,-594699.000000001,34702882,-6568854,4.91862318524438,31.7767037331366,-0.34840799482572
553.99,566,1461,1417,2176890,1701817,2024-10-09,2024-12-20,573.17,-44,-475073,544735452,-97451672,0.312411647479849,90.3936210122047,-0.279156337020961
521.68,527,2770,3170,1842050,1686440,2024-10-09,2024-12-20,573.17,400,-155610,544735452,-97451672,0.309588809358419,90.7032098215631,-0.0922712933753942
449.26,450,22709,22755,2134646,1683870,2024-10-09,2024-11-15,573.17,46,-450776,570936877,-150772420,0.294931027900655,92.4632438832638,-0.267702376074162
546.07,547,17314,18096,2943380,1682928,2024-10-09,2024-10-18,573.17,782,-1260452,202786239,-141389953,0.829902466902599,78.4769838351803,-0.748963710865824
384.15,385,19598,19781,1998996,1681385,2024-10-09,2024-12-20,573.17,183,-317611,544735452,-97451672,0.308660835975845,91.0118706575389,-0.18889843789495
555.38,557,9550,10327,2903200,1672974,2024-10-09,2024-10-18,573.17,777,-1230226,202786239,-141389953,0.824993849804572,79.3019776849848,-0.735352731124333
379.78,380,75733,75733,1666126,1666126,2024-10-09,2024-11-01,573.17,0,0,105347613,-4307374,1.58155078463904,80.5456379918167,0
544.8,554,1803,1808,2039193,1663360,2024-10-09,2024-12-20,573.17,5,-375833,544735452,-97451672,0.305351890333732,91.3172225478726,-0.22594808099269
546.25,552,2894,2886,2190758,1659450,2024-10-09,2024-11-15,573.17,-8,-531308,570936877,-150772420,0.290653847535583,92.7538977307994,-0.320171141040706
546.94,553,2626,2704,2058784,1638624,2024-10-09,2024-11-15,573.17,78,-420160,570936877,-150772420,0.287006158826206,93.0409038896256,-0.256410256410257
507.36,510,6175,6173,2161250,1629672,2024-10-09,2024-11-29,573.17,-2,-531578,125255713,-24941976,1.30107598365593,58.3924798703593,-0.32618711004423
403.96,405,15574,15644,1931176,1626976,2024-10-09,2024-12-20,573.17,70,-304200,544735452,-97451672,0.298672684883377,91.615895232756,-0.186972641268218
544,553,1805,1807,2052285,1626300,2024-10-09,2024-12-20,573.17,2,-425985,544735452,-97451672,0.298548587948339,91.9144438207044,-0.261935067330751
548.66,559,1588,1563,2050108,1616142,2024-10-09,2024-12-20,573.17,-25,-433966,544735452,-97451672,0.296683829566503,92.2111276502709,-0.268519721658122
454.21,455,20669,20270,2108238,1601330,2024-10-09,2024-11-15,573.17,-399,-506908,570936877,-150772420,0.280474088206427,93.321377977832,-0.316554364184771
394.08,395,17573,17354,1950603,1596568,2024-10-09,2024-12-20,573.17,-219,-354035,544735452,-97451672,0.293090525710818,92.5042181759817,-0.221747523437774
469.06,470,16548,16608,2018856,1561152,2024-10-09,2024-11-15,573.17,60,-457704.000000001,570936877,-150772420,0.273436882935835,93.5948148607679,-0.293183495265035
557.44,571,1140,1142,1920900,1548552,2024-10-09,2024-12-20,573.17,2,-372348,544735452,-97451672,0.284275971816132,92.7884941477978,-0.240449142166359
499.74,500,58794,58797,2116584,1528722,2024-10-09,2024-10-18,573.17,3,-587862,202786239,-141389953,0.753858845421952,80.0558365304068,-0.384544737368861
531.22,538,2302,2240,1938284,1518720,2024-10-09,2024-12-20,573.17,-62,-419564,544735452,-97451672,0.278799552043842,93.0672936998417,-0.276261588706279
552.12,561,1624,1686,1838368,1497168,2024-10-09,2024-11-29,573.17,62,-341200,125255713,-24941976,1.19528919211853,59.5877690624778,-0.227896936081989
557.12,559,7562,7932,2661824,1491216,2024-10-09,2024-10-18,573.17,370,-1170608,202786239,-141389953,0.735363507580019,80.7912000379868,-0.785002306842201
548.04,550,6500,7592,2047500,1488032,2024-10-09,2024-10-25,573.17,1092,-559468,43451240,-17558626,3.42460192160224,49.8132642474645,-0.375978473581213
569.4,592,652,652,1473520,1473520,2024-10-09,2024-11-29,573.17,0,0,125255713,-24941976,1.17640941455501,60.7641784770328,0
525.04,531,2471,2470,1811243,1472120,2024-10-09,2024-12-20,573.17,-1,-339123,544735452,-97451672,0.270244940841486,93.3375386406832,-0.230363693177187
567.12,569,5155,7817,2428005,1469596,2024-10-09,2024-10-11,573.17,2662,-958409,31710501,-43957892,4.63441432224612,51.6665946085179,-0.652158144143016
448.97,450,13430,14231,1745900,1465793,2024-10-09,2024-11-29,573.17,801,-280107,125255713,-24941976,1.17024043446226,61.9344189114951,-0.191095877794477
349.42,350,25153,25157,1735557,1459106,2024-10-09,2024-12-20,573.17,4,-276451,544735452,-97451672,0.267855891266647,93.6053945319498,-0.189466015491678
389.81,390,76479,76499,1682538,1453481,2024-10-09,2024-11-01,573.17,20,-229057,105347613,-4307374,1.37969998427966,81.9253379760963,-0.157592015306702
538.62,543,3277,3296,1943261,1443648,2024-10-09,2024-11-15,573.17,19,-499613,570936877,-150772420,0.252855973778691,93.8476708345466,-0.346076744469566
538.72,547,1740,1739,1759140,1439892,2024-10-09,2024-12-20,573.17,-1,-319248,544735452,-97451672,0.264328674536131,93.8697232064859,-0.221716628747156
543.81,549,2214,2774,1547586,1439706,2024-10-09,2024-11-15,573.17,560,-107880,570936877,-150772420,0.252165529675534,94.0998363642221,-0.0749319652762437
553.33,560,2093,2142,1873235,1428714,2024-10-09,2024-11-08,573.17,49,-444521,34702882,-6568854,4.11698947655126,35.8936932096879,-0.311133648861843
547.01,548,13837,14414,2462986,1426986,2024-10-09,2024-10-18,573.17,577,-1036000,202786239,-141389953,0.703689760723853,81.4948897987106,-0.726005721149332
553.91,562.5,1645,1645,1413055,1413055,2024-10-09,2024-11-08,573.17,0,0,34702882,-6568854,4.07186642308267,39.9655596327706,0
573,585,724,1148,1272792,1377600,2024-10-09,2024-10-18,573.17,424,104808,202786239,-141389953,0.679336037195305,82.174225835906,0.0760801393728225
569.53,594,562,562,1375214,1375214,2024-10-09,2024-11-29,573.17,0,0,125255713,-24941976,1.09792517008785,63.0323440815829,0
379.73,380,50069,50070,1752415,1351890,2024-10-09,2024-11-08,573.17,1,-400525,34702882,-6568854,3.895613050236,43.8611726830066,-0.296270406615923
533.92,541,1836,1906,1635876,1349448,2024-10-09,2024-12-20,573.17,70,-286428,544735452,-97451672,0.247725385789651,94.1174485922756,-0.212255677877176
531.06,536,2696,2722,1593336,1344668,2024-10-09,2024-11-29,573.17,26,-248668,125255713,-24941976,1.07353825849045,64.1058823400734,-0.184928919257393
557.29,565,1603,1727,1627045,1331517,2024-10-09,2024-11-08,573.17,124,-295528,34702882,-6568854,3.83690611056454,47.6980787935711,-0.221948349138614
513.99,517,4420,4418,1781260,1329818,2024-10-09,2024-11-29,573.17,-2,-451442.000000001,125255713,-24941976,1.0616825118388,65.1675648519122,-0.339476529871005
319.59,320,32081,32081,1604050,1315321,2024-10-09,2024-12-20,573.17,0,-288729,544735452,-97451672,0.241460509899033,94.3589091021746,-0.219512195121951
503.37,506,4802,4995,1493422,1313685,2024-10-09,2024-11-29,573.17,193,-179737,125255713,-24941976,1.04880246061112,66.2163673125233,-0.136818948225792
473.96,475,12340,12289,1641220,1278056,2024-10-09,2024-11-15,573.17,-51,-363164,570936877,-150772420,0.223852417226152,94.3236887814483,-0.284153433026409
565.06,578,908,984,1503648,1273296,2024-10-09,2024-11-15,573.17,76,-230352,570936877,-150772420,0.223018699841314,94.5467074812896,-0.180910016209899
549.41,556,1856,1929,1579456,1271211,2024-10-09,2024-11-15,573.17,73,-308245,570936877,-150772420,0.222653510608669,94.7693609918982,-0.242481381926368
554.47,556,7868,8258,2415476,1263474,2024-10-09,2024-10-18,573.17,390,-1152002,202786239,-141389953,0.623057070455358,82.7972829063613,-0.911773412036971
572.01,596,521,526,1490060,1261874,2024-10-09,2024-11-15,573.17,5,-228186,570936877,-150772420,0.221018128419125,94.9903791203174,-0.180831049692759
527.72,531,3819,3843,1684179,1260504,2024-10-09,2024-11-15,573.17,24,-423675,570936877,-150772420,0.220778171944917,95.2111572922623,-0.336115553778489
516.72,520,3843,3791,1606374,1243448,2024-10-09,2024-11-29,573.17,-52,-362926,125255713,-24941976,0.992727573232528,67.2090948857558,-0.291870669300204
569.79,573,3163,3832,2176144,1230072,2024-10-09,2024-10-11,573.17,669,-946072,31710501,-43957892,3.87906832503214,55.54566293355,-0.769119206030216
572.85,587,237,868,458121,1228220,2024-10-09,2024-10-18,573.17,631,770099,202786239,-141389953,0.605672261617318,83.4029551679786,0.627004119783101
566.36,568,4660,7489,2008460,1228196,2024-10-09,2024-10-11,573.17,2829,-780264,31710501,-43957892,3.87315230371163,59.4188152372616,-0.635292738292585
543.48,545,8312,8070,2210992,1226640,2024-10-09,2024-10-25,573.17,-242,-984352,43451240,-17558626,2.82302645448093,52.6362907019455,-0.802478314745973
539.64,548,1469,1448,1451372,1210528,2024-10-09,2024-12-20,573.17,-21,-240844,544735452,-97451672,0.222223098488549,94.5811322006632,-0.198957810145655
568.51,591,535,536,1119755,1205464,2024-10-09,2024-11-29,573.17,1,85709,125255713,-24941976,0.962402409541192,68.171497295297,0.0711004227417824
489.77,490,53267,52396,1651277,1205108,2024-10-09,2024-10-18,573.17,-871,-446169,202786239,-141389953,0.594275038554268,83.9972302065329,-0.370231547711906
528.54,529,25960,25935,1895080,1193010,2024-10-09,2024-10-18,573.17,-25,-702070,202786239,-141389953,0.588309150504044,84.585539357037,-0.588486265831804
492.99,495,5890,5895,1460720,1184895,2024-10-09,2024-11-29,573.17,5,-275825,125255713,-24941976,0.945980803286793,69.1174780985838,-0.232784339540634
561.86,575,838,898,1368454,1179972,2024-10-09,2024-11-29,573.17,60,-188482,125255713,-24941976,0.942050443639246,70.0595285422231,-0.159734298779971
563.92,571,1380,1655,1373100,1171740,2024-10-09,2024-11-01,573.17,275,-201360,105347613,-4307374,1.11226060717674,83.0375985832731,-0.171846996774028
565.27,571,2006,2022,1749232,1158606,2024-10-09,2024-10-25,573.17,16,-590626,43451240,-17558626,2.66645094593388,55.3027416478793,-0.509772951288013
374.24,375,15217,15216,1384747,1156416,2024-10-09,2024-12-20,573.17,-1,-228331,544735452,-97451672,0.212289469274344,94.7934216699375,-0.197447112457801
459.87,460,88435,88472,1591830,1150136,2024-10-09,2024-10-18,573.17,37,-441694,202786239,-141389953,0.567166690240752,85.1527060472777,-0.384036322660972
561.54,579,656,658,1247056,1148868,2024-10-09,2024-12-20,573.17,2,-98188.0000000002,544735452,-97451672,0.21090384254998,95.0043255124875,-0.0854649968490725
559.28,574,725,779,1310075,1146688,2024-10-09,2024-12-20,573.17,54,-163387,544735452,-97451672,0.210503648292015,95.2148291607795,-0.142486011888151
545.15,546,7784,13426,1315496,1141210,2024-10-09,2024-10-18,573.17,5642,-174286,202786239,-141389953,0.562765010894058,85.7154710581718,-0.152720358216279
524.83,532,1585,1585,1136445,1136445,2024-10-09,2024-12-20,573.17,0,0,544735452,-97451672,0.208623286005626,95.4234524467851,0
502.53,505,4645,4547,1416725,1123109,2024-10-09,2024-11-29,573.17,-98,-293616,125255713,-24941976,0.896652913548143,70.9561814557712,-0.261431437197992
557.91,572,666,793,1136862,1117337,2024-10-09,2024-12-20,573.17,127,-19525,544735452,-97451672,0.205115528261965,95.6285679750471,-0.0174745846597759
524.95,528,3575,3633,1419275,1108065,2024-10-09,2024-11-15,573.17,58,-311210,570936877,-150772420,0.194078372695481,95.4052356649578,-0.280858974879633
541.91,547,2132,2174,1411384,1106566,2024-10-09,2024-11-15,573.17,42,-304818,570936877,-150772420,0.193815821779541,95.5990514867373,-0.275463008984552
566.45,581,761,755,1392630,1098525,2024-10-09,2024-11-15,573.17,-6,-294105,570936877,-150772420,0.192407434911583,95.7914589216489,-0.267727179627227
549.82,550,60824,60233,4196856,1084194,2024-10-09,2024-10-11,573.17,-591,-3112662,31710501,-43957892,3.41903775030234,62.837852987564,-2.87094560567574
527.87,534,1765,1767,1316690,1083171,2024-10-09,2024-12-20,573.17,2,-233519,544735452,-97451672,0.198843492932786,95.8274114679799,-0.21558830507833
563.04,582,570,570,1098390,1080720,2024-10-09,2024-12-20,573.17,0,-17670,544735452,-97451672,0.198393549755598,96.0258050177355,-0.0163502109704641
556.63,564,1382,1455,1411022,1072335,2024-10-09,2024-11-08,573.17,73,-338687,34702882,-6568854,3.09004595065044,50.7881247442215,-0.315840665463684
545.15,550,1958,2167,1253120,1050995,2024-10-09,2024-11-08,573.17,209,-202125,34702882,-6568854,3.0285524988962,53.8166772431177,-0.19231775603119
555.06,562,1416,1511,1302720,1048634,2024-10-09,2024-11-08,573.17,95,-254086,34702882,-6568854,3.02174902937456,56.8384262724923,-0.242301889887225
532.23,536,2758,2780,1351420,1048060,2024-10-09,2024-11-15,573.17,22,-303360,570936877,-150772420,0.183568454275901,95.9750273759248,-0.2894490773429
540.32,541,17176,15219,2267232,1034892,2024-10-09,2024-10-18,573.17,-1957,-1232340,202786239,-141389953,0.510336404039724,86.2258074622115,-1.19079092311082
553.83,563,1110,1120,1332000,1027040,2024-10-09,2024-11-29,573.17,10,-304960,125255713,-24941976,0.819954615563124,71.7761360713343,-0.296930986134912
520.38,526,1817,1827,1210122,1026774,2024-10-09,2024-12-20,573.17,10,-183348,544735452,-97451672,0.18849039404911,96.2142954117846,-0.178567045912733
543.23,544,13267,13260,1897181,1021020,2024-10-09,2024-10-18,573.17,-7,-876161,202786239,-141389953,0.503495703177374,86.7293031653889,-0.858123249299719
504.72,505,36376,36378,1418664,1018584,2024-10-09,2024-10-18,573.17,2,-400080,202786239,-141389953,0.502294438233553,87.2315976036224,-0.39278056596216
444.31,445,14624,14623,1286912,1008987,2024-10-09,2024-11-15,573.17,-1,-277925,570936877,-150772420,0.176724790541074,96.1517521664659,-0.275449535028697
369.29,370,14088,14084,1239744,999964,2024-10-09,2024-12-20,573.17,-4,-239780,544735452,-97451672,0.18356873897754,96.3978641507621,-0.239788632390766
522.43,528,1789,1793,1212942,998701,2024-10-09,2024-12-20,573.17,4,-214241,544735452,-97451672,0.183336883313407,96.5812010340755,-0.214519661039691
561.4,571,929,1038,1141741,996480,2024-10-09,2024-11-08,573.17,109,-145261,34702882,-6568854,2.87146179962805,59.7098880721204,-0.145774124919718
525.86,530,2358,2384,1273320,986976,2024-10-09,2024-11-29,573.17,26,-286344,125255713,-24941976,0.787968848973779,72.5641049203081,-0.290122556171579
499.24,500,12842,12972,1322726,985872,2024-10-09,2024-11-01,573.17,130,-336854,105347613,-4307374,0.935827563553813,83.9734261468269,-0.341681273025302
531.51,532,20050,20094,1664150,984606,2024-10-09,2024-10-18,573.17,44,-679544,202786239,-141389953,0.485538863413705,87.7171364670361,-0.690168453168069
525.93,529,2978,3165,1215024,971655,2024-10-09,2024-11-15,573.17,187,-243369,570936877,-150772420,0.170186064194273,96.3219382306601,-0.250468530496936
523.16,526,3121,3405,1217190,967020,2024-10-09,2024-11-15,573.17,284,-250170,570936877,-150772420,0.169374240648323,96.4913124713085,-0.258701991685798
567.8,575,1241,1339,1308014,964080,2024-10-09,2024-10-25,573.17,98,-343934,43451240,-17558626,2.21876291677752,57.5215045646569,-0.356748402622189
563.12,568,2009,1975,1498714,963800,2024-10-09,2024-10-25,573.17,-34,-534914,43451240,-17558626,2.21811851629551,59.7396230809524,-0.555005187798298
558.76,567.5,1010,1089,1120090,951786,2024-10-09,2024-11-08,573.17,79,-168304,34702882,-6568854,2.74267134355008,62.4525594156704,-0.176829665492033
509.26,512,3284,3470,1037744,950780,2024-10-09,2024-11-29,573.17,186,-86963.9999999999,125255713,-24941976,0.759071165081309,73.3231760853894,-0.0914659542691263
570.85,575,2099,2282,1710685,947030,2024-10-09,2024-10-11,573.17,183,-763655,31710501,-43957892,2.98648703153571,65.8243400190997,-0.806368330464716
530.51,531,19216,19124,1518064,937076,2024-10-09,2024-10-18,573.17,-92,-580988,202786239,-141389953,0.462100389366164,88.1792368564023,-0.620000939091387
559.46,560,14011,17327,2662090,935658,2024-10-09,2024-10-11,573.17,3316,-1726432,31710501,-43957892,2.95062509419198,68.7749651132917,-1.84515282293317
534.91,539,2274,2284,1241604,934156,2024-10-09,2024-11-15,573.17,10,-307448,570936877,-150772420,0.163618087678719,96.6549305589872,-0.329118476999559
409.94,410,155589,155608,1244712,933648,2024-10-09,2024-10-18,573.17,19,-311064,202786239,-141389953,0.460409939354909,88.6396467957572,-0.333170531078094
547.93,554,1541,1521,1238964,923247,2024-10-09,2024-11-15,573.17,-20,-315717,570936877,-150772420,0.161707368571325,96.8166379275585,-0.341963743180319
554.7,555,45795,30657,5266425,919710,2024-10-09,2024-10-11,573.17,-15138,-4346715,31710501,-43957892,2.90033260590869,71.6752977192003,-4.72617999151907
563.85,569,1720,1768,1393200,910520,2024-10-09,2024-10-25,573.17,48,-482680,43451240,-17558626,2.09549831028988,61.8351213912422,-0.530114659754865
526.56,527,20661,20662,1487592,909128,2024-10-09,2024-10-18,573.17,1,-578464,202786239,-141389953,0.448318389099371,89.0879651848566,-0.636284439594864
477.13,479,4831,4831,903397,903397,2024-10-09,2024-11-29,573.17,0,0,125255713,-24941976,0.721242152044594,74.044418237434,0
514.67,515,26467,27080,1296883,893640,2024-10-09,2024-10-18,573.17,613,-403243,202786239,-141389953,0.440680789982007,89.5286459748386,-0.451236515822926
562.22,572,457,905,577191,885090,2024-10-09,2024-11-08,573.17,448,307899,34702882,-6568854,2.55047981317517,65.0030392288456,0.347873097651086
339.83,340,51814,51824,1191722,881008,2024-10-09,2024-11-15,573.17,10,-310714,570936877,-150772420,0.154309177685154,96.9709471052437,-0.352680111871856
533.47,534,16562,16516,1440894,875348,2024-10-09,2024-10-18,573.17,-46,-565546,202786239,-141389953,0.431660454040967,89.9603064288795,-0.646081329939635
549.86,551,7558,7673,1617412,874722,2024-10-09,2024-10-18,573.17,115,-742690,202786239,-141389953,0.43135175459317,90.3916581834727,-0.849058329389223
329.55,330,19400,19398,1028200,872910,2024-10-09,2024-12-20,573.17,-2,-155290,544735452,-97451672,0.160244756752127,96.7414457908277,-0.177899210686096
558.58,573,603,604,1031733,870968,2024-10-09,2024-12-20,573.17,1,-160765,544735452,-97451672,0.159888253426913,96.9013340442546,-0.184581982346079
533.94,535,7551,8176,1283670,866656,2024-10-09,2024-10-25,573.17,625,-417014,43451240,-17558626,1.99454837192218,63.8296697631644,-0.481175922165196
566.6,573,1238,1348,1174862,862720,2024-10-09,2024-10-25,573.17,110,-312142,43451240,-17558626,1.98548994228933,65.8151597054538,-0.361811479970326
535.44,536,15158,15293,1485484,856408,2024-10-09,2024-10-18,573.17,135,-629076,202786239,-141389953,0.422320569789748,90.8139787532624,-0.734551755705225
552.77,559,1370,1372,1190530,854756,2024-10-09,2024-11-08,573.17,2,-335774,34702882,-6568854,2.46306920560661,67.4661084344522,-0.392830234593264
517.99,520,3008,4209,812160,846009,2024-10-09,2024-11-08,573.17,1201,33848.9999999999,34702882,-6568854,2.43786380623949,69.9039722406917,0.040010212657312
542.48,545,3132,3343,1140048,842436,2024-10-09,2024-11-01,573.17,211,-297612,105347613,-4307374,0.799672603877603,84.7730987507045,-0.353275501046964
560.67,570,629,895,742220,835035,2024-10-09,2024-11-08,573.17,266,92814.9999999999,34702882,-6568854,2.40624107242736,72.3102133131191,0.111151029597562
552.75,561,551,1004,602243,828300,2024-10-09,2024-11-22,573.17,453,226057,5416549,2029686,15.2920244975168,15.2920244975168,0.272916817578172
557.23,562,1627,1733,1181202,826641,2024-10-09,2024-11-01,573.17,106,-354561,105347613,-4307374,0.78467938329082,85.5577781339953,-0.428917752688289
572.5,600,199,300,643168,825000,2024-10-09,2024-11-15,573.17,101,181832,570936877,-150772420,0.144499336657842,97.1154464419015,0.220402424242424
573.15,586,354,641,650298,823685,2024-10-09,2024-10-18,573.17,287,173387,202786239,-141389953,0.406183873255818,91.2201626265183,0.21050158737867
515.65,516,23510,23504,1128480,822640,2024-10-09,2024-10-18,573.17,-6,-305840,202786239,-141389953,0.405668552292643,91.6258311788109,-0.371778663814062
483.25,485,4703,4699,982927,822325,2024-10-09,2024-11-29,573.17,-4,-160602,125255713,-24941976,0.656516960627576,74.7009351980616,-0.195302343963761
566.95,595,292,292,819060,819060,2024-10-09,2024-11-29,573.17,0,0,125255713,-24941976,0.653910293097769,75.3548454911594,0
561.82,568,941,1320,814906,815760,2024-10-09,2024-11-01,573.17,379,854,105347613,-4307374,0.774350720219926,86.3321288542153,0.00104687653231343
562.5,569,1124,1255,1064428,815750,2024-10-09,2024-11-01,573.17,131,-248678,105347613,-4307374,0.774341227835889,87.1064700820511,-0.304845847379712
518.85,520,6812,7063,1185288,812245,2024-10-09,2024-11-01,573.17,251,-373043,105347613,-4307374,0.771014147230844,87.877484229282,-0.459273987528394
564.76,566,4135,6514,1459655,807736,2024-10-09,2024-10-11,573.17,2379,-651919,31710501,-43957892,2.54721929495847,74.2225170141588,-0.807094149573623
487.17,489,4474,4402,836638,805566,2024-10-09,2024-11-29,573.17,-72,-31072,125255713,-24941976,0.643137131796935,75.9979826229563,-0.0385716378297992
558.47,562,2133,2266,1207278,799898,2024-10-09,2024-10-25,573.17,133,-407380,43451240,-17558626,1.84090948842887,67.6560691938826,-0.509289934466645
532.08,539,1118,1146,960362,793032,2024-10-09,2024-12-20,573.17,28,-167330,544735452,-97451672,0.145581125129341,97.0469151693839,-0.211000312723824
359.33,360,11757,11751,940560,787317,2024-10-09,2024-12-20,573.17,-6,-153243,544735452,-97451672,0.144531992017292,97.1914471614012,-0.194639516230438
513.66,514,23054,23053,1083538,783802,2024-10-09,2024-10-18,573.17,-1,-299736,202786239,-141389953,0.386516365146454,92.0123475439574,-0.382412905300063
567.12,585,413,434,785526,775992,2024-10-09,2024-11-29,573.17,21,-9534.00000000012,125255713,-24941976,0.619526232707645,76.617508855664,-0.0122862091361768
542.25,543,10225,10329,1513300,774675,2024-10-09,2024-10-18,573.17,104,-738625,202786239,-141389953,0.382015566647991,92.3943631106054,-0.953464356020267
565.93,572,1219,1274,1143422,773318,2024-10-09,2024-10-25,573.17,55,-370104,43451240,-17558626,1.77973747124363,69.4358066651263,-0.478592247949744
553.09,562,856,867,946736,772497,2024-10-09,2024-11-29,573.17,11,-174239,125255713,-24941976,0.616735940818923,77.2342447964829,-0.225552979493772
555.77,566,734,745,924840,762135,2024-10-09,2024-11-29,573.17,11,-162705,125255713,-24941976,0.608463264266437,77.8427080607493,-0.213485799759885
384.91,385,84123,84178,1009476,757602,2024-10-09,2024-10-25,573.17,55,-251874,43451240,-17558626,1.74356819276044,71.1793748578867,-0.332462163510656
537.4,538,11949,12616,1278543,756960,2024-10-09,2024-10-18,573.17,667,-521583,202786239,-141389953,0.373279766779441,92.7676428773848,-0.689049619530755
364.32,365,11106,11107,921798,755276,2024-10-09,2024-12-20,573.17,1,-166522,544735452,-97451672,0.138650054301955,97.3300972157032,-0.220478341692309
520.32,523,2686,2781,958902,745308,2024-10-09,2024-11-15,573.17,95,-213594,570936877,-150772420,0.130541226188828,97.2459876680903,-0.286584874977861
529.41,536,1131,1129,916110,744011,2024-10-09,2024-12-20,573.17,-2,-172099,544735452,-97451672,0.136582078010227,97.4666792937134,-0.23131244027306
559.95,572,570,614,827070,739870,2024-10-09,2024-11-29,573.17,44,-87200,125255713,-24941976,0.590687627956739,78.433395688706,-0.117858542716964
559.67,571,632,653,903128,739849,2024-10-09,2024-11-29,573.17,21,-163279,125255713,-24941976,0.590670862254403,79.0240665509604,-0.220692330462027
564.24,583,393,394,721548,739144,2024-10-09,2024-12-20,573.17,1,17596,544735452,-97451672,0.135688616793019,97.6023679105064,0.0238059160325999
527.56,528,16452,16445,1135188,723580,2024-10-09,2024-10-18,573.17,-7,-411608,202786239,-141389953,0.356819083764357,93.1244619611492,-0.568849332485696
547.99,549,7192,7107,1316136,717807,2024-10-09,2024-10-18,573.17,-85,-598329,202786239,-141389953,0.353972243649136,93.4784342047983,-0.833551358512804
469.83,470,41897,41874,837940,711858,2024-10-09,2024-10-18,573.17,-23,-126082,202786239,-141389953,0.351038612634854,93.8294728174331,-0.177116784527251
551.34,555,1885,1938,991510,709308,2024-10-09,2024-11-01,573.17,53,-282202,105347613,-4307374,0.673302393666955,88.5507866229489,-0.397855374534053
561.16,567,1183,1200,1022112,700800,2024-10-09,2024-11-01,573.17,17,-321312,105347613,-4307374,0.665226273328091,89.216012896277,-0.458493150684932
299.69,300,22351,22348,871689,692788,2024-10-09,2024-12-20,573.17,-3,-178901,544735452,-97451672,0.127178797975499,97.7295467084819,-0.258233398961876
568.61,585,277,420,547075,688380,2024-10-09,2024-11-15,573.17,143,141305,570936877,-150772420,0.120570246507303,97.3665579145976,0.205271797553677
354.38,355,11049,11042,629793,684604,2024-10-09,2024-12-20,573.17,-7,54811.0000000001,544735452,-97451672,0.125676417330003,97.8552231258119,0.0800623426097424
572.51,580,739,913,898624,683837,2024-10-09,2024-10-11,573.17,174,-214787,31710501,-43957892,2.15650014485738,76.3790171590162,-0.314090931025961
570.29,574,1400,1828,1047200,678188,2024-10-09,2024-10-11,573.17,428,-369012,31710501,-43957892,2.13868585677659,78.5177030157928,-0.544114611287726
524.02,527,2609,2257,1012292,672586,2024-10-09,2024-11-15,573.17,-352,-339706,570936877,-150772420,0.117803916176184,97.4843618307738,-0.505074444011621
449.89,450,61140,61041,855960,671451,2024-10-09,2024-10-18,573.17,-99,-184509,202786239,-141389953,0.33111270434874,94.1605855217819,-0.274791459093813
562.35,567,1216,1441,862144,670065,2024-10-09,2024-10-25,573.17,225,-192079,43451240,-17558626,1.54210788921099,72.7214827470977,-0.286657264593733
559.26,568,757,760,841784,664240,2024-10-09,2024-11-08,573.17,3,-177544,34702882,-6568854,1.91407733801475,74.2242906511338,-0.26728893171143
523.43,529,1015,1181,720650,657817,2024-10-09,2024-12-20,573.17,166,-62833,544735452,-97451672,0.12075898449143,97.9759821103033,-0.0955174463414597
550.03,559,729,729,765450,653913,2024-10-09,2024-11-29,573.17,0,-111537,125255713,-24941976,0.522062414829733,79.5461289657902,-0.17056856187291
485.23,487,3679,3687,779948,652599,2024-10-09,2024-11-29,573.17,8,-127349,125255713,-24941976,0.521013360883587,80.0671423266738,-0.195141273584544
554.09,558,1390,1647,804810,643977,2024-10-09,2024-11-01,573.17,257,-160833,105347613,-4307374,0.61128769951342,89.8273005957904,-0.249749602858487
557.62,561,1757,1901,939995,642538,2024-10-09,2024-10-25,573.17,144,-297457,43451240,-17558626,1.47875641753837,74.2002391646361,-0.462940713234081
540.65,549,750,766,771000,639610,2024-10-09,2024-12-20,573.17,16,-131390,544735452,-97451672,0.117416628136037,98.0933987384394,-0.205422054064195
556.51,561,1422,1396,989712,626804,2024-10-09,2024-11-01,573.17,-26,-362908,105347613,-4307374,0.594986428406309,90.4222870241968,-0.578981627430585
514.76,517,2782,2784,851292,623616,2024-10-09,2024-11-15,573.17,2,-227676,570936877,-150772420,0.109226785853596,97.5935886166274,-0.365090055418719
505.29,508,2294,2295,777666,621945,2024-10-09,2024-11-29,573.17,1,-155721,125255713,-24941976,0.496540225674178,80.5636825523479,-0.25037744495092
560.86,576,429,410,803517,620740,2024-10-09,2024-12-20,573.17,-19,-182777,544735452,-97451672,0.113952561325126,98.2073512997645,-0.294450172374907
399.58,400,14687,14680,763724,616560,2024-10-09,2024-11-15,573.17,-7,-147164,570936877,-150772420,0.107990922436072,97.7015795390635,-0.238685610483976
478.42,480,3858,3866,771600,610828,2024-10-09,2024-11-29,573.17,8,-160772,125255713,-24941976,0.487664782204385,81.0513473345523,-0.263203389497534
572,605,57,183,214434,603900,2024-10-09,2024-12-20,573.17,126,389466,544735452,-97451672,0.110861152470025,98.3182124522345,0.644918032786885
429.13,430,6822,6823,709488,593601,2024-10-09,2024-11-29,573.17,1,-115887,125255713,-24941976,0.473911317721692,81.525258652274,-0.195227096989392
562.2,578,414,373,752652,589340,2024-10-09,2024-12-20,573.17,-41,-163312,544735452,-97451672,0.108188295407658,98.4264007476422,-0.277109987443581
459.16,460,7052,7015,754564,589260,2024-10-09,2024-11-15,573.17,-37,-165304,570936877,-150772420,0.10320930802303,97.8047888470865,-0.280528120014934
510.95,513,2823,2820,787617,578100,2024-10-09,2024-11-15,573.17,-3,-209517,570936877,-150772420,0.10125462608715,97.9060434731737,-0.362423456149455
546.53,554,765,769,725220,574443,2024-10-09,2024-11-29,573.17,4,-150777,125255713,-24941976,0.458616206990894,81.9838748592649,-0.262475128080593
555.7,565,100,614,117300,571020,2024-10-09,2024-11-22,573.17,514,453720,5416549,2029686,10.5421366999542,25.8341611974709,0.794578123358201
536.45,540,1473,1594,695256,565870,2024-10-09,2024-11-08,573.17,121,-129386,34702882,-6568854,1.63061384930508,75.8549045004389,-0.228649689858095
538.7,540,4091,4329,842746,562770,2024-10-09,2024-10-25,573.17,238,-279976,43451240,-17558626,1.29517592593445,75.4954150905705,-0.497496312880929
571.58,577,898,1027,880040,556634,2024-10-09,2024-10-11,573.17,129,-323406,31710501,-43957892,1.75536173332613,80.2730647491189,-0.581002957059756
563.94,580,344,344,653600,552464,2024-10-09,2024-11-29,573.17,0,-101136,125255713,-24941976,0.441068903579671,82.4249437628446,-0.183063511830635
569.92,577,689,777,716560,550116,2024-10-09,2024-10-18,573.17,88,-166444,202786239,-141389953,0.271278762658052,94.4318642844399,-0.302561641544692
550.8,552,4209,4584,951234,550080,2024-10-09,2024-10-18,573.17,375,-401154,202786239,-141389953,0.271261009974153,94.7031252944141,-0.729264834205933
551.68,553,4351,4137,1035538,546084,2024-10-09,2024-10-18,573.17,-214,-489454,202786239,-141389953,0.269290462061383,94.9724157564755,-0.896298005435061
494.75,495,21792,21770,762720,544250,2024-10-09,2024-10-18,573.17,-22,-218470,202786239,-141389953,0.268386061442759,95.2408018179182,-0.401414790996785
324.57,325,12609,12609,617841,542187,2024-10-09,2024-12-20,573.17,0,-75654,544735452,-97451672,0.0995321670380286,98.5259329146802,-0.13953488372093
339.48,340,10417,10417,583352,541684,2024-10-09,2024-12-20,573.17,0,-41668,544735452,-97451672,0.0994398286381405,98.6253727433184,-0.0769230769230769
274.77,275,23488,23491,704640,540293,2024-10-09,2024-12-20,573.17,3,-164347,544735452,-97451672,0.0991844753295036,98.7245572186479,-0.304181249803347
518.51,522,1537,1537,673206,536413,2024-10-09,2024-11-29,573.17,0,-136793,125255713,-24941976,0.428254318427775,82.8531980812724,-0.255014326647564
538.35,539,8781,8222,983472,534430,2024-10-09,2024-10-18,573.17,-559,-449042,202786239,-141389953,0.263543523779244,95.5043453416975,-0.840226035215089
518.48,521,2097,2116,696204,533232,2024-10-09,2024-11-15,573.17,19,-162972,570936877,-150772420,0.0933959639814963,97.9994394371552,-0.305630569808264
572.86,590,10,309,20430,529626,2024-10-09,2024-10-25,573.17,299,509196,43451240,-17558626,1.21889732030662,76.7143124108771,0.961425609769913
563.56,584,259,259,490546,529396,2024-10-09,2024-12-20,573.17,0,38850,544735452,-97451672,0.0971840547657251,98.8217412734136,0.073385518590998
484.8,485,26261,26445,709047,528900,2024-10-09,2024-10-18,573.17,184,-180147,202786239,-141389953,0.26081651428034,95.7651618559778,-0.340606920022689
566.49,575,619,621,742800,528471,2024-10-09,2024-11-01,573.17,2,-214329,105347613,-4307374,0.501644968453153,90.9239319926499,-0.405564354524657
429.43,430,9276,9247,677148,527079,2024-10-09,2024-11-15,573.17,-29,-150069,570936877,-150772420,0.0923182616560955,98.0917576988113,-0.28471823009454
540.91,545,1324,1286,748060,525974,2024-10-09,2024-11-08,573.17,-38,-222086,34702882,-6568854,1.51564933425414,77.370553834693,-0.422237601098153
541.29,542,7298,7401,963336,525471,2024-10-09,2024-10-18,573.17,103,-437865,202786239,-141389953,0.259125571138977,96.0242874271168,-0.833280999332028
567.12,574,659,761,672839,523568,2024-10-09,2024-10-25,573.17,102,-149271,43451240,-17558626,1.20495525559225,77.9192676664694,-0.285103367661889
565.26,573,645,675,709500,522450,2024-10-09,2024-11-01,573.17,30,-187050,105347613,-4307374,0.495929604024346,91.4198615966742,-0.358024691358025
563.06,564,6728,5534,1937664,520196,2024-10-09,2024-10-11,573.17,-1194,-1417468,31710501,-43957892,1.64045342582257,81.9135181749415,-2.72487293251005
550.95,557,842,857,659286,518485,2024-10-09,2024-11-08,573.17,15,-140801,34702882,-6568854,1.49406899403917,78.8646228287322,-0.271562340279854
554.3,564,464,530,477456,514100,2024-10-09,2024-11-29,573.17,66,36644.0000000001,125255713,-24941976,0.410440360512738,83.2636384417851,0.0712779614860923
399.96,400,128157,128295,768942,513180,2024-10-09,2024-10-18,573.17,138,-255762,202786239,-141389953,0.25306450897785,96.2773519360946,-0.49838653104174
519.48,522,1791,1982,610731,499464,2024-10-09,2024-11-15,573.17,191,-111267,570936877,-150772420,0.0874814747690575,98.1792391735803,-0.222772812454952
511.84,514,2220,2312,637140,499392,2024-10-09,2024-11-15,573.17,92,-137748,570936877,-150772420,0.0874688639178583,98.2667080374982,-0.275831410995771
558.74,564,670,932,511210,490232,2024-10-09,2024-11-01,573.17,262,-20978.0000000001,105347613,-4307374,0.465347041133243,91.8852086378075,-0.0427919842033977
499.36,501,2989,2989,636657,490196,2024-10-09,2024-11-15,573.17,0,-146461,570936877,-150772420,0.0858581779785789,98.3525662154767,-0.298780487804878
561.29,562,6410,6816,1499940,483936,2024-10-09,2024-10-11,573.17,406,-1016004,31710501,-43957892,1.52610644656797,83.4396246215095,-2.09945943265225
570.51,578,642,637,739584,477113,2024-10-09,2024-10-18,573.17,-5,-262471,202786239,-141389953,0.235278785361762,96.5126307214564,-0.550123346041714
572.25,600,166,168,501320,466200,2024-10-09,2024-11-29,573.17,2,-35120,125255713,-24941976,0.372198591851854,83.635837033637,-0.0753324753324753
528.63,532,1359,1381,599319,465397,2024-10-09,2024-11-15,573.17,22,-133922,570936877,-150772420,0.0815146154939997,98.4340808309707,-0.287758623282918
525,529,1162,1162,526386,464800,2024-10-09,2024-11-29,573.17,0,-61586,125255713,-24941976,0.37108087836281,84.0069179119998,-0.1325
549,557,488,578,486048,462400,2024-10-09,2024-11-29,573.17,90,-23648.0000000001,125255713,-24941976,0.369164798095876,84.3760827100956,-0.0511418685121109
563.54,578,314,319,517786,461274,2024-10-09,2024-11-29,573.17,5,-56511.9999999999,125255713,-24941976,0.368265837103973,84.7443485471996,-0.122512866539193
558.75,567,547,555,588572,457875,2024-10-09,2024-11-08,573.17,8,-130697,34702882,-6568854,1.31941491199492,80.1840377407271,-0.285442533442533
535.28,541,791,784,520478,448448,2024-10-09,2024-11-29,573.17,-7,-72030.0000000001,125255713,-24941976,0.358025984810769,85.1023745320104,-0.16062062937063
526.93,531,1087,1093,606546,444851,2024-10-09,2024-11-29,573.17,6,-161695,125255713,-24941976,0.355154259510702,85.4575287915211,-0.363481255521512
559.2,563,941,1157,552367,439660,2024-10-09,2024-10-25,573.17,216,-112707,43451240,-17558626,1.01184684257572,78.9311145090451,-0.256350361643088
533.28,535,2444,2543,635440,437396,2024-10-09,2024-11-01,573.17,99,-198044,105347613,-4307374,0.415193080834209,92.3004017186417,-0.452779632186851
554.32,557,1597,1623,758575,434964,2024-10-09,2024-10-25,573.17,26,-323611,43451240,-17558626,1.00103932592027,79.9321538349654,-0.743994905325498
555.77,566,100,417,121500,426591,2024-10-09,2024-11-22,573.17,317,305091,5416549,2029686,7.87569723822308,33.709858435694,0.715183864638495
556.08,567,375,387,483000,422604,2024-10-09,2024-11-29,573.17,12,-60396,125255713,-24941976,0.337392993803005,85.7949217853241,-0.142913933611608
524.23,525,4402,5461,537044,420497,2024-10-09,2024-10-25,573.17,1059,-116547,43451240,-17558626,0.967744533872911,80.8998983688383,-0.277164878703059
532.04,535,1383,1409,555966,417064,2024-10-09,2024-11-08,573.17,26,-138902,34702882,-6568854,1.20181372832377,81.3858514690509,-0.333047206184183
560.09,564,703,1065,444296,416415,2024-10-09,2024-10-25,573.17,362,-27880.9999999999,43451240,-17558626,0.9583500954173,81.8582484642556,-0.066954840723797
444,445,4146,4151,501666,415100,2024-10-09,2024-11-29,573.17,5,-86566,125255713,-24941976,0.331402049501726,86.1263238348258,-0.208542519874729
568.04,602,122,122,414312,414312,2024-10-09,2024-12-20,573.17,0,0,544735452,-97451672,0.0760574694521626,98.8977987428657,0
562.77,573,268,404,356976,413292,2024-10-09,2024-11-08,573.17,136,56316,34702882,-6568854,1.19094431407743,82.5767957831283,0.136262013298104
561.57,566,1073,925,739297,409775,2024-10-09,2024-10-25,573.17,-148,-329522,43451240,-17558626,0.943068598272454,82.801317062528,-0.804153498871332
561.7,574,249,333,398898,409590,2024-10-09,2024-11-29,573.17,84,10692,125255713,-24941976,0.327003048555558,86.4533268833814,0.0261041529334212
558.02,563,813,820,599994,408360,2024-10-09,2024-11-01,573.17,7,-191634,105347613,-4307374,0.387630994543749,92.6880327131854,-0.469277108433735
414.28,415,5302,5544,429462,399168,2024-10-09,2024-11-29,573.17,242,-30294,125255713,-24941976,0.318682469996399,86.7720093533778,-0.0758928571428571
419.48,420,7647,7652,519996,397904,2024-10-09,2024-11-15,573.17,5,-122092,570936877,-150772420,0.0696931685496994,98.5037739995204,-0.306837830230407
565.78,574,431,483,469790,397026,2024-10-09,2024-11-01,573.17,52,-72764.0000000001,105347613,-4307374,0.376872326475969,93.0649050396614,-0.183272632019062
409.45,410,7187,7187,395285,395285,2024-10-09,2024-11-15,573.17,0,0,570936877,-150772420,0.0692344488373274,98.5730084483578,0
558.98,562.5,631,1121,354622,394592,2024-10-09,2024-10-25,573.17,490,39970,43451240,-17558626,0.908125982135377,83.7094430446634,0.101294501662477
562.32,577,198,268,339768,393424,2024-10-09,2024-11-29,573.17,70,53656,125255713,-24941976,0.314096651224204,87.086106004602,0.136382122087112
479.81,480,20408,20423,530608,388037,2024-10-09,2024-10-18,573.17,15,-142571,202786239,-141389953,0.191352727834752,96.7039834492912,-0.367415993835639
529.1,530,4054,4308,575668,387720,2024-10-09,2024-10-25,573.17,254,-187948,43451240,-17558626,0.892310553162579,84.601753597826,-0.484751882802022
565.87,592,148,148,386724,386724,2024-10-09,2024-12-20,573.17,0,0,544735452,-97451672,0.0709929927600894,98.9687917356258,0
269.77,270,16824,16814,420600,386722,2024-10-09,2024-12-20,573.17,-10,-33878,544735452,-97451672,0.070992625609394,99.0397843612352,-0.0876029809527257
570.12,580,358,387,484732,382356,2024-10-09,2024-10-25,573.17,29,-102376,43451240,-17558626,0.879965681071472,85.4817192788975,-0.267750473380828
498.7,500,2865,2938,478455,381940,2024-10-09,2024-11-08,573.17,73,-96515,34702882,-6568854,1.10060023256858,83.6773960156969,-0.252696758653192
570.52,598,138,138,379224,379224,2024-10-09,2024-11-15,573.17,0,0,570936877,-150772420,0.0664213532663437,98.6394298016241,0
568.34,576,408,489,493680,374574,2024-10-09,2024-10-25,573.17,81,-119106,43451240,-17558626,0.862055950532137,86.3437752294296,-0.317977222124333
560.37,561,4887,5857,1036044,368991,2024-10-09,2024-10-11,573.17,970,-667053,31710501,-43957892,1.16362399950729,84.6032486210168,-1.80777579940974
516.66,519,1374,1573,435558,368082,2024-10-09,2024-11-15,573.17,199,-67476,570936877,-150772420,0.0644698240432629,98.7038996256674,-0.183317847653512
522.6,523,9056,9153,570528,366120,2024-10-09,2024-10-18,573.17,97,-204408,202786239,-141389953,0.180544795251122,96.8845282445423,-0.558308751229105
479.2,481,2017,2017,387264,363060,2024-10-09,2024-11-29,573.17,0,-24204,125255713,-24941976,0.289855042380382,87.3759610469824,-0.0666666666666667
549.32,555,281,639,207940,362952,2024-10-09,2024-11-08,573.17,358,155012,34702882,-6568854,1.04588431589054,84.7232803315874,0.427086777314907
568.7,593,148,149,414252,362070,2024-10-09,2024-12-20,573.17,1,-52181.9999999999,544735452,-97451672,0.0664671261381387,99.1062514873734,-0.144121302510564
344.44,345,6457,6456,406791,361536,2024-10-09,2024-12-20,573.17,-1,-45255,544735452,-97451672,0.0663690969024722,99.1726205842758,-0.125174256505576
571.25,576,857,760,833004,361000,2024-10-09,2024-10-11,573.17,-97,-472004,31710501,-43957892,1.13842414536434,85.7416727663811,-1.30749030470914
544.05,551,517,518,461164,360010,2024-10-09,2024-11-29,573.17,1,-101154,125255713,-24941976,0.287420023707821,87.6633810706902,-0.280975528457543
560.41,566,647,644,504660,359996,2024-10-09,2024-11-01,573.17,-3,-144664,105347613,-4307374,0.341722028386158,93.4066270680476,-0.401848909432327
552.34,556,730,977,397850,357582,2024-10-09,2024-11-01,573.17,247,-40268,105347613,-4307374,0.339430566879574,93.7460576349272,-0.11261193236796
564.8,576,235,314,332525,351680,2024-10-09,2024-11-08,573.17,79,19155,34702882,-6568854,1.01340286377368,85.7366831953611,0.0544671292083713
539.89,540,44152,31449,1236256,345939,2024-10-09,2024-10-11,573.17,-12703,-890317,31710501,-43957892,1.09092883773738,86.8326016041185,-2.57362425167443
562.19,563,4338,4251,1136556,344331,2024-10-09,2024-10-11,573.17,-87,-792225,31710501,-43957892,1.0858579623198,87.9184595664383,-2.30076583287593
513.79,516,1680,1539,515760,340119,2024-10-09,2024-11-15,573.17,-141,-175641,570936877,-150772420,0.059572084708762,98.7634717103762,-0.516410432819101
572.16,579,416,493,495872,337212,2024-10-09,2024-10-11,573.17,77,-158660,31710501,-43957892,1.06340798589086,88.9818675523291,-0.47050520147563
334.48,335,6458,6455,355190,335660,2024-10-09,2024-12-20,573.17,-3,-19530,544735452,-97451672,0.0616189012056443,99.2342394854815,-0.0581838765417387
510,512,1653,1656,462840,331200,2024-10-09,2024-11-15,573.17,3,-131640,570936877,-150772420,0.0580099155164574,98.8214816258926,-0.397463768115942
505.68,509,993,993,329676,329676,2024-10-09,2024-11-29,573.17,0,0,125255713,-24941976,0.263202365867336,87.9265834365575,0
536.43,537,5795,5724,602680,326268,2024-10-09,2024-10-18,573.17,-71,-276412,202786239,-141389953,0.160892574175115,97.0454208187174,-0.84719310505474
512.63,516,955,955,321835,321835,2024-10-09,2024-11-29,573.17,0,0,125255713,-24941976,0.256942371961908,88.1835258085194,0
509.04,510,3286,3307,423894,317472,2024-10-09,2024-11-01,573.17,21,-106422,105347613,-4307374,0.301356614506301,94.0474142494334,-0.335216964015724
563.29,574,260,296,360880,317016,2024-10-09,2024-11-08,573.17,36,-43863.9999999999,34702882,-6568854,0.913514906341208,86.6501981017023,-0.138365256012315
515.6,518,1311,1311,420831,314640,2024-10-09,2024-11-15,573.17,0,-106191,570936877,-150772420,0.0551094197406345,98.8765910456332,-0.3375
542.51,549,482,482,405362,312818,2024-10-09,2024-11-29,573.17,0,-92544,125255713,-24941976,0.249743498725683,88.4332693072451,-0.295839753466872
560.7,573,207,254,322920,312420,2024-10-09,2024-11-29,573.17,47,-10500,125255713,-24941976,0.249425748748083,88.6826950559932,-0.0336086038025735
569.9,586,192,192,369792,309120,2024-10-09,2024-11-08,573.17,0,-60672,34702882,-6568854,0.89076175287113,87.5409598545735,-0.196273291925466
562.9,576,233,235,392605,307850,2024-10-09,2024-11-29,573.17,2,-84755,125255713,-24941976,0.24577721257313,88.9284722685663,-0.275312652265714
474.82,475,16967,16962,390241,305316,2024-10-09,2024-10-18,573.17,-5,-84925.0000000001,202786239,-141389953,0.150560512145994,97.1959813308634,-0.278154436714748
564.04,575,261,278,363573,304688,2024-10-09,2024-11-08,573.17,17,-58885,34702882,-6568854,0.877990479292181,88.4189503338656,-0.193263272593604
409.32,410,4398,4432,338646,301376,2024-10-09,2024-11-29,573.17,34,-37270,125255713,-24941976,0.240608586053077,89.1690808546194,-0.123666118071777
560.1,571,112,276,160384,300840,2024-10-09,2024-11-22,573.17,164,140456,5416549,2029686,5.55408988269099,39.263948318385,0.46687940433453
568.2,591,127,131,342265,298680,2024-10-09,2024-12-20,573.17,4,-43585,544735452,-97451672,0.054830284848066,99.2890697703296,-0.145925405115843
545.95,553,419,422,347770,297510,2024-10-09,2024-11-29,573.17,3,-50260,125255713,-24941976,0.237522100089758,89.4066029547092,-0.168935497966455
560.27,581,143,143,296439,296439,2024-10-09,2024-12-20,573.17,0,0,544735452,-97451672,0.0544188924938926,99.3434886628234,0
572.74,590,147,169,335160,291694,2024-10-09,2024-11-01,573.17,22,-43466,105347613,-4307374,0.276887146935166,94.3243013963686,-0.149012321131048
561.16,573,47,245,70218,290080,2024-10-09,2024-11-22,573.17,198,219862,5416549,2029686,5.35543941354541,44.6193877319304,0.757935741864313
521.34,524,1136,1085,413504,288610,2024-10-09,2024-11-15,573.17,-51,-124894,570936877,-150772420,0.0505502467306907,98.9271412923639,-0.432743148193063
523.69,525,1817,2201,367034,288331,2024-10-09,2024-11-01,573.17,384,-78703,105347613,-4307374,0.27369485818345,94.5979962545521,-0.272960590432524
572.05,585,18,222,31716,287490,2024-10-09,2024-10-25,573.17,204,255774,43451240,-17558626,0.66163819490537,87.005413424335,0.889679641030993
473.51,475,1923,1929,274989,287421,2024-10-09,2024-11-29,573.17,6,12432,125255713,-24941976,0.229467377667636,89.6360703323768,0.0432536244742033
501.29,503,1652,1671,366744,285741,2024-10-09,2024-11-15,573.17,19,-81003.0000000001,570936877,-150772420,0.0500477393405436,98.9771890317045,-0.283483994246538
544.35,546,553,1730,144886,285450,2024-10-09,2024-10-25,573.17,1177,140564,43451240,-17558626,0.656943277107857,87.6623567014428,0.492429497284989
535.35,540,424,608,261608,282720,2024-10-09,2024-11-22,573.17,184,21112,5416549,2029686,5.21955953873952,49.8389472706699,0.0746745897000566
557.58,558,4335,6684,671925,280728,2024-10-09,2024-10-11,573.17,2349,-391197,31710501,-43957892,0.885284026259945,89.8671515785891,-1.39350901940669
567.56,582,86,194,154800,280136,2024-10-09,2024-11-15,573.17,108,125336,570936877,-150772420,0.0490660196048258,99.0262550513093,0.447411257389268
572.84,597,115,115,304980,277840,2024-10-09,2024-11-15,573.17,0,-27140,570936877,-150772420,0.0486638735721392,99.0749189248814,-0.097682119205298
424.46,425,5121,5102,358470,275508,2024-10-09,2024-11-15,573.17,-19,-82962,570936877,-150772420,0.0482554221138531,99.1231743469953,-0.301123742323272
548.4,556,361,362,360278,275120,2024-10-09,2024-11-29,573.17,1,-85158,125255713,-24941976,0.219646667932823,89.8557170003096,-0.309530386740332
556.06,559,746,928,354350,272832,2024-10-09,2024-10-25,573.17,182,-81518,43451240,-17558626,0.627903829672065,88.2902605311149,-0.298784600046915
541.78,548,386,436,303782,271192,2024-10-09,2024-11-29,573.17,50,-32590,125255713,-24941976,0.216510683229275,90.0722276835389,-0.12017316145019
514,515,2440,2692,358680,269200,2024-10-09,2024-11-01,573.17,252,-89480,105347613,-4307374,0.255534978281853,94.8535312328339,-0.332392273402675
404.38,405,4324,4326,315652,268212,2024-10-09,2024-11-29,573.17,2,-47440,125255713,-24941976,0.214131550231166,90.28635923377,-0.176875009320985
559.15,570,137,246,184950,266910,2024-10-09,2024-11-22,573.17,109,81960,5416549,2029686,4.92767627506001,54.7666235457299,0.307069798808587
550.01,558,332,332,340964,265268,2024-10-09,2024-11-29,573.17,0,-75696,125255713,-24941976,0.211781158437061,90.4981403922071,-0.285356695869837
394.44,395,3339,4723,223713,264488,2024-10-09,2024-11-29,573.17,1384,40775,125255713,-24941976,0.211158432350307,90.7092988245574,0.15416578445903
555.1,558,922,912,418588,264480,2024-10-09,2024-10-25,573.17,-10,-154108,43451240,-17558626,0.608682283865777,88.8989428149807,-0.582683000604961
567.75,590,117,118,290979,262550,2024-10-09,2024-11-29,573.17,1,-28429,125255713,-24941976,0.209611197534758,90.9189100220922,-0.108280327556656
536.78,538,2150,2145,406350,261690,2024-10-09,2024-10-25,573.17,-5,-144660,43451240,-17558626,0.60226129334859,89.5012041083293,-0.552791470824258
569.3,596,98,98,261660,261660,2024-10-09,2024-11-29,573.17,0,0,125255713,-24941976,0.208900651102437,91.1278106731946,0
545.32,548,928,975,375840,261300,2024-10-09,2024-11-01,573.17,47,-114540,105347613,-4307374,0.248035994892452,95.1015672277264,-0.438346727898966
555.93,563,359,369,340691,260883,2024-10-09,2024-11-08,573.17,10,-79808,34702882,-6568854,0.751761770103129,89.1707121039688,-0.305914912048696
558.49,559,4678,5076,804616,258876,2024-10-09,2024-10-11,573.17,398,-545740,31710501,-43957892,0.816373099876284,90.6835246784654,-2.10811353698296
458.8,460,2130,2136,296070,256320,2024-10-09,2024-11-29,573.17,6,-39750,125255713,-24941976,0.20463737250851,91.3324480457031,-0.155079588014981
554.75,559,522,598,340344,254150,2024-10-09,2024-11-01,573.17,76,-86194,105347613,-4307374,0.241248940305843,95.3428161680322,-0.339146173519575
508.98,511,1264,1251,342544,252702,2024-10-09,2024-11-15,573.17,-13,-89842,570936877,-150772420,0.044260934996497,99.1674352819918,-0.355525480605615
476.47,478,1613,1639,256467,250767,2024-10-09,2024-11-29,573.17,26,-5700,125255713,-24941976,0.200204041790892,91.532652087494,-0.0227302635514242
536.95,543,414,413,298080,249865,2024-10-09,2024-11-29,573.17,-1,-48215,125255713,-24941976,0.199483914957236,91.7321360024513,-0.192964200668361
494.3,497,913,913,246510,246510,2024-10-09,2024-11-29,573.17,0,0,125255713,-24941976,0.196805394417419,91.9289413968687,0
453.89,455,2163,2212,304983,245532,2024-10-09,2024-11-29,573.17,49,-59451,125255713,-24941976,0.196024591708643,92.1249659885773,-0.242131371878207
471.33,473,1460,1460,243820,243820,2024-10-09,2024-11-29,573.17,0,0,125255713,-24941976,0.194657787784897,92.3196237763622,0
508.26,511,887,887,282066,243038,2024-10-09,2024-11-29,573.17,0,-39028.0000000001,125255713,-24941976,0.194033464964588,92.5136572413268,-0.16058394160584
249.83,250,14279,14279,299859,242743,2024-10-09,2024-12-20,573.17,0,-57115.9999999999,544735452,-97451672,0.0445616306243274,99.3880502934478,-0.235294117647058
529.59,534,546,546,320502,240786,2024-10-09,2024-11-29,573.17,0,-79716,125255713,-24941976,0.192235542980782,92.7058927843076,-0.331065759637188
539.6,545,135,444,95850,239760,2024-10-09,2024-11-22,573.17,309,143910,5416549,2029686,4.42643461731815,59.1930581630481,0.600225225225225
532.5,533,4831,4775,444452,238750,2024-10-09,2024-10-18,573.17,-56,-205702,202786239,-141389953,0.117734813356837,97.3137161442202,-0.861579057591623
464.41,466,1499,1499,238341,238341,2024-10-09,2024-11-29,573.17,0,0,125255713,-24941976,0.190283536208843,92.8961763205164,0
543.51,546,938,957,345184,238293,2024-10-09,2024-11-01,573.17,19,-106891,105347613,-4307374,0.226196866938029,95.5690130349702,-0.448569618075227
546.22,549,838,857,355312,238246,2024-10-09,2024-11-01,573.17,19,-117066,105347613,-4307374,0.226152252733054,95.7951652877033,-0.491366067006372
525.59,526,5593,5803,357952,237923,2024-10-09,2024-10-18,573.17,210,-120029,202786239,-141389953,0.117326994757272,97.4310431389775,-0.504486745711848
374.7,375,7883,7884,299554,236520,2024-10-09,2024-11-15,573.17,1,-63034,570936877,-150772420,0.0414266461894701,99.2088619281813,-0.266506003720616
558.2,569,216,216,306720,233280,2024-10-09,2024-11-29,573.17,0,-73440,125255713,-24941976,0.186243001945947,93.0824193224624,-0.314814814814815
514.38,515,3484,3746,324012,232252,2024-10-09,2024-10-25,573.17,262,-91760.0000000001,43451240,-17558626,0.534511788386246,90.0357158967155,-0.395088093966898
349.79,350,10986,10987,307608,230727,2024-10-09,2024-11-15,573.17,1,-76881.0000000001,570936877,-150772420,0.0404119981200654,99.2492739263013,-0.333211977791936
500.31,502,1280,1361,284160,230009,2024-10-09,2024-11-15,573.17,81,-54151.0000000001,570936877,-150772420,0.0402862399094953,99.2895601662108,-0.235429917959732
359.97,360,76528,76608,229584,229824,2024-10-09,2024-10-18,573.17,80,240,202786239,-141389953,0.113333134010144,97.5443762729876,0.00104427736006683
481.01,483,1150,1150,228850,228850,2024-10-09,2024-11-29,573.17,0,0,125255713,-24941976,0.182706237119899,93.2651255595823,0
505.21,507,1279,1276,309518,228404,2024-10-09,2024-11-15,573.17,-3,-81114,570936877,-150772420,0.0400051230181791,99.329565289229,-0.355133885571181
571.68,581,74,245,100936,228340,2024-10-09,2024-10-11,573.17,171,127404,31710501,-43957892,0.720076923414108,91.4036016018795,0.557957431899799
515.54,519,658,658,234906,227668,2024-10-09,2024-11-29,573.17,0,-7238.00000000003,125255713,-24941976,0.181762567588434,93.4468881271707,-0.031791907514451
434.2,435,2842,2842,227360,227360,2024-10-09,2024-11-15,573.17,0,0,570936877,-150772420,0.0398222656757903,99.3693875549048,0
499.67,502,757,952,219530,221816,2024-10-09,2024-11-29,573.17,195,2286.00000000003,125255713,-24941976,0.177090525204228,93.6239786523749,0.0103058390738271
567.34,576,191,255,232256,220830,2024-10-09,2024-11-01,573.17,64,-11426,105347613,-4307374,0.209620316693839,96.0047856043971,-0.0517411583571071
572.88,585,129,182,222525,220584,2024-10-09,2024-10-11,573.17,53,-1941.00000000003,31710501,-43957892,0.695618148700962,92.0992197505804,-0.00879936894788393
549.78,553,484,685,250228,220570,2024-10-09,2024-11-01,573.17,201,-29657.9999999999,105347613,-4307374,0.209373514708872,96.214159119106,-0.134460715419141
516.66,521,501,501,217434,217434,2024-10-09,2024-11-29,573.17,0,0,125255713,-24941976,0.173592081983518,93.7975707343585,0
560.3,569,221,249,258791,216630,2024-10-09,2024-11-08,573.17,28,-42161.0000000001,34702882,-6568854,0.624242101851944,89.7949542058207,-0.194622166828233
520.62,521,5660,5659,311300,215042,2024-10-09,2024-10-18,573.17,-1,-96258.0000000001,202786239,-141389953,0.10604368474924,97.6504199577369,-0.447624185042922
570.25,582,174,182,202188,213850,2024-10-09,2024-10-18,573.17,8,11662,202786239,-141389953,0.105455873660145,97.755875831397,0.0545335515548282
506.07,508,1065,1108,252405,213844,2024-10-09,2024-11-15,573.17,43,-38561,570936877,-150772420,0.0374549286645571,99.4068424835693,-0.180323039224856
513.26,515,1216,1220,286976,212280,2024-10-09,2024-11-08,573.17,4,-74696,34702882,-6568854,0.611707119887046,90.4066613257078,-0.351874882231015
284.74,285,8149,8153,268917,211978,2024-10-09,2024-12-20,573.17,4,-56939,544735452,-97451672,0.0389139350526428,99.4269642285004,-0.268608063100888
438.84,440,1822,1822,211352,211352,2024-10-09,2024-11-29,573.17,0,0,125255713,-24941976,0.168736415240397,93.9663071495988,0
493.86,495,1746,1852,261900,211128,2024-10-09,2024-11-08,573.17,106,-50772,34702882,-6568854,0.608387510870135,91.0150488365779,-0.240479708991702
535.82,542,333,340,227439,210120,2024-10-09,2024-11-29,573.17,7,-17319,125255713,-24941976,0.167752827370038,94.1340599769689,-0.0824243289548831
304.66,305,6162,6162,246480,209508,2024-10-09,2024-12-20,573.17,0,-36972,544735452,-97451672,0.0384605039438483,99.4654247324443,-0.176470588235294
519.32,520,3072,3067,313344,208556,2024-10-09,2024-10-25,573.17,-5,-104788,43451240,-17558626,0.479977096165725,90.5156929928812,-0.502445386371047
501.47,504,821,821,245479,207713,2024-10-09,2024-11-29,573.17,0,-37766,125255713,-24941976,0.165831158535659,94.2998911355045,-0.181818181818182
565.57,579,148,154,251600,206822,2024-10-09,2024-11-15,573.17,6,-44778,570936877,-150772420,0.03622502037121,99.4430675039406,-0.216505013973369
553.62,557.5,432,531,262656,206028,2024-10-09,2024-11-01,573.17,99,-56628,105347613,-4307374,0.195569689841952,96.409728808948,-0.274855844836624
489.59,490,4541,4938,254296,202458,2024-10-09,2024-10-25,573.17,397,-51838,43451240,-17558626,0.465942974239631,90.9816359671209,-0.256043228719043
494.52,495,4505,4191,270300,201168,2024-10-09,2024-10-25,573.17,-314,-69132,43451240,-17558626,0.462974129161791,91.4446100962826,-0.343653066094011
563.2,588,81,81,200880,200880,2024-10-09,2024-12-20,573.17,0,0,544735452,-97451672,0.0368766158439785,99.5023013482882,0
557.9,566,189,247,204876,200070,2024-10-09,2024-11-08,573.17,58,-4806,34702882,-6568854,0.576522722233848,91.5915715588117,-0.0240215924426451
571.82,578,252,323,267372,199614,2024-10-09,2024-10-11,573.17,71,-67758,31710501,-43957892,0.629488635326197,92.7287083859066,-0.339445129099161
506.71,507,6877,6860,240695,198940,2024-10-09,2024-10-18,573.17,-17,-41755,202786239,-141389953,0.0981033037453789,97.8539791351424,-0.209887403237157
502.73,503,7347,7352,264492,198504,2024-10-09,2024-10-18,573.17,5,-65988,202786239,-141389953,0.0978882990181597,97.9518674341606,-0.332426550598476
399.41,400,3247,3324,240278,196116,2024-10-09,2024-11-29,573.17,77,-44162,125255713,-24941976,0.15657249901248,94.456463634517,-0.225183054926676
500.71,503,859,856,260277,196024,2024-10-09,2024-11-29,573.17,-3,-64253,125255713,-24941976,0.156499049268914,94.6129626837859,-0.327781292086683
563.46,583,100,100,195400,195400,2024-10-09,2024-11-15,573.17,0,0,570936877,-150772420,0.034224448949021,99.4772919528896,0
482.32,484,1148,1148,233044,192864,2024-10-09,2024-11-29,573.17,0,-40180,125255713,-24941976,0.153976210250785,94.7669388940367,-0.208333333333333
503.52,505,1290,1298,252840,192104,2024-10-09,2024-11-08,573.17,8,-60736,34702882,-6568854,0.553567856410312,92.1451394152221,-0.316162078873943
565.85,585,94,99,181890,189585,2024-10-09,2024-12-20,573.17,5,7695,544735452,-97451672,0.0348031322918193,99.5371044805801,0.0405886541656777
544.86,545,13391,13480,549031,188720,2024-10-09,2024-10-11,573.17,89,-360311,31710501,-43957892,0.595134085078,93.3238424709846,-1.90923590504451
527.36,530,661,711,240604,187704,2024-10-09,2024-11-08,573.17,50,-52900,34702882,-6568854,0.540888794192943,92.686028209415,-0.281826705877339
533.91,539,477,368,317682,187312,2024-10-09,2024-11-29,573.17,-109,-130370,125255713,-24941976,0.149543677899945,94.9164825719367,-0.696004527205945
570.87,603,58,58,206074,186354,2024-10-09,2024-12-20,573.17,0,-19720,544735452,-97451672,0.0342100003434328,99.5713144809235,-0.105820105820106
474.4,476,1164,1164,186240,186240,2024-10-09,2024-11-29,573.17,0,0,125255713,-24941976,0.148687828714048,95.0651704006507,0
547.85,551,565,591,257075,186165,2024-10-09,2024-11-01,573.17,26,-70910,105347613,-4307374,0.17671496742883,96.5864437763768,-0.380898665162625
488.08,490,800,968,188000,185856,2024-10-09,2024-11-29,573.17,168,-2144,125255713,-24941976,0.148381255871339,95.213551656522,-0.0115358126721763
354.78,355,8311,8308,241019,182776,2024-10-09,2024-11-15,573.17,-3,-58243,570936877,-150772420,0.0320133463720894,99.5093052992617,-0.318657810653477
538.91,541,867,867,270504,181203,2024-10-09,2024-11-01,573.17,0,-89301,105347613,-4307374,0.172004846469564,96.7584486228463,-0.492822966507177
543.82,550,266,291,214130,179838,2024-10-09,2024-11-22,573.17,25,-34292,5416549,2029686,3.32015827789982,62.5132164409479,-0.190682725564119
519.49,523,514,512,207656,179712,2024-10-09,2024-11-29,573.17,-2,-27944,125255713,-24941976,0.143476090387989,95.35702774691,-0.155493233618234
468.65,470,1323,1323,216972,178605,2024-10-09,2024-11-29,573.17,0,-38366.9999999999,125255713,-24941976,0.142592298364866,95.4996200452749,-0.214814814814814
551.8,560,150,217,154050,177940,2024-10-09,2024-11-22,573.17,67,23890,5416549,2029686,3.28511751670667,65.7983339576546,0.134258738900753
544.23,552,229,229,209077,177933,2024-10-09,2024-11-29,573.17,0,-31144,125255713,-24941976,0.142055795890124,95.641675841165,-0.175032175032175
464.85,465,11826,11829,248346,177435,2024-10-09,2024-10-18,573.17,3,-70911,202786239,-141389953,0.0874985407663683,98.0393659749269,-0.39964494040071
474.46,475,2942,3278,214766,177012,2024-10-09,2024-11-01,573.17,336,-37754,105347613,-4307374,0.168026588319566,96.9264752111659,-0.213284975029941
556.63,557,4570,4776,644370,176712,2024-10-09,2024-10-11,573.17,206,-467658,31710501,-43957892,0.557266502979565,93.8811089739642,-2.64644166779845
522.94,527,435,435,214890,176610,2024-10-09,2024-11-29,573.17,0,-38280,125255713,-24941976,0.140999556642977,95.782675397808,-0.216748768472906
344.8,345,8695,8705,226070,174100,2024-10-09,2024-11-15,573.17,10,-51970,570936877,-150772420,0.0304937388025822,99.5397990380642,-0.298506605399196
557.54,562.5,348,351,251256,174096,2024-10-09,2024-11-01,573.17,3,-77160,105347613,-4307374,0.165258609134314,97.0917338203002,-0.443203749655363
419.27,420,1987,2366,172869,172718,2024-10-09,2024-11-29,573.17,379,-151,125255713,-24941976,0.137892313143433,95.9205677109514,-0.000874257460137334
509.42,510,2550,2951,201450,171158,2024-10-09,2024-10-25,573.17,401,-30292,43451240,-17558626,0.39390820607191,91.8385183023545,-0.176982670982367
557.89,568,159,169,202407,170859,2024-10-09,2024-11-22,573.17,10,-31548,5416549,2029686,3.15438852302453,68.9527224806791,-0.184643477955507
309.64,310,4738,4741,156354,170676,2024-10-09,2024-12-20,573.17,3,14322,544735452,-97451672,0.0313319060423481,99.6026463869658,0.0839133797370456
553.38,556,603,641,249642,167942,2024-10-09,2024-10-25,573.17,38,-81700,43451240,-17558626,0.386506806249948,92.2250251086045,-0.48647747436615
536.12,538,812,892,223300,167696,2024-10-09,2024-11-01,573.17,80,-55604,105347613,-4307374,0.159183483350496,97.2509173036507,-0.331576185478485
289.71,290,5728,5728,166112,166112,2024-10-09,2024-12-20,573.17,0,0,544735452,-97451672,0.0304940681554906,99.6331404551213,0
264.79,265,7822,7825,156440,164325,2024-10-09,2024-12-20,573.17,3,7885,544735452,-97451672,0.0301660190091685,99.6633064741305,0.0479841776966378
488.94,490,1524,1547,213360,163982,2024-10-09,2024-11-08,573.17,23,-49378,34702882,-6568854,0.472531359211031,93.158559568626,-0.30111841543584
565.25,581,101,104,181295,163800,2024-10-09,2024-11-29,573.17,3,-17495,125255713,-24941976,0.130772478218219,96.0513401891697,-0.106807081807082
522.37,526,447,448,208302,162624,2024-10-09,2024-11-29,573.17,1,-45678,125255713,-24941976,0.129833598887422,96.1811737880571,-0.280881050767414
510.08,513,551,551,194503,160892,2024-10-09,2024-11-29,573.17,0,-33611,125255713,-24941976,0.128450827628118,96.3096246156852,-0.208904109589041
507.11,509,848,851,222176,160839,2024-10-09,2024-11-15,573.17,3,-61337,570936877,-150772420,0.0281710652226796,99.5679701032869,-0.381356511791295
469.49,471,1064,1065,173432,160815,2024-10-09,2024-11-29,573.17,1,-12617,125255713,-24941976,0.12838935338622,96.4380139690714,-0.0784566116344868
539.9,546,260,263,198380,160430,2024-10-09,2024-11-29,573.17,3,-37950,125255713,-24941976,0.128081982176733,96.5660959512481,-0.236551767125849
556.6,567,151,154,186938,160160,2024-10-09,2024-11-22,573.17,3,-26778,5416549,2029686,2.95686423218917,71.9095867128683,-0.167195304695305
454.88,455,13306,13305,212896,159660,2024-10-09,2024-10-18,573.17,-1,-53236,202786239,-141389953,0.07873315309132,98.1180991280183,-0.333433546285858
294.63,295,4308,4308,159396,159396,2024-10-09,2024-12-20,573.17,0,0,544735452,-97451672,0.0292611761204042,99.6925676502509,0
548.83,549,9440,9341,575840,158797,2024-10-09,2024-10-11,573.17,-99,-417043,31710501,-43957892,0.500771022192302,94.3818799961565,-2.626264979817
349.97,350,52705,52704,210820,158112,2024-10-09,2024-10-18,573.17,-1,-52708,202786239,-141389953,0.0779697876836702,98.1960689157019,-0.333358631855899
359.75,360,6261,6279,200352,156975,2024-10-09,2024-11-15,573.17,18,-43377,570936877,-150772420,0.0274942828749876,99.5954643861619,-0.276330625895843
479.98,480,76910,77114,307640,154228,2024-10-09,2024-10-11,573.17,204,-153412,31710501,-43957892,0.486362545959145,94.8682425421156,-0.994709131934538
570.12,599,53,53,153064,153064,2024-10-09,2024-11-29,573.17,0,0,125255713,-24941976,0.122201212490803,96.688297163739,0
486.19,488,845,844,157170,152764,2024-10-09,2024-11-29,573.17,-1,-4406,125255713,-24941976,0.121961702457436,96.8102588661964,-0.0288418737398864
314.61,315,3869,3909,158629,152451,2024-10-09,2024-12-20,573.17,40,-6178,544735452,-97451672,0.0279862453306968,99.7205538955816,-0.0405244963955632
552.75,553,8266,6077,760472,151925,2024-10-09,2024-10-11,573.17,-2189,-608547,31710501,-43957892,0.479099967547028,95.3473425096626,-4.00557511930229
379.53,380,3215,3231,192900,151857,2024-10-09,2024-11-29,573.17,16,-41043,125255713,-24941976,0.121237583789891,96.9314964499863,-0.270274007783639
429.99,430,151567,151734,151567,151734,2024-10-09,2024-10-11,573.17,167,167,31710501,-43957892,0.478497643414716,95.8258401530774,0.00110061027851371
570.79,579,174,183,205668,150243,2024-10-09,2024-10-18,573.17,9,-55425,202786239,-141389953,0.0740893468614505,98.2701582625634,-0.368902378147401
569.32,588,80,80,153040,149440,2024-10-09,2024-11-08,573.17,0,-3600,34702882,-6568854,0.430627058582627,93.5891866272087,-0.0240899357601713
540.56,542,1013,1036,236029,149184,2024-10-09,2024-10-25,573.17,23,-86845,43451240,-17558626,0.343336576815759,92.5683616854203,-0.582133472758473
424.18,425,1629,1811,161271,148502,2024-10-09,2024-11-29,573.17,182,-12769,125255713,-24941976,0.118559063250073,97.0500555132364,-0.0859853739343578
519.95,524,361,366,168948,148230,2024-10-09,2024-11-29,573.17,5,-20718,125255713,-24941976,0.118341907486487,97.1683974207228,-0.139769277474195
514.86,518,455,466,155610,146324,2024-10-09,2024-11-29,573.17,11,-9286,125255713,-24941976,0.116820220407831,97.2852176411307,-0.0634619064541702
544.4,547,412,561,156972,145860,2024-10-09,2024-11-01,573.17,149,-11112,105347613,-4307374,0.138455913566831,97.3893732172176,-0.0761826408885232
518.62,519,3800,3831,205200,145578,2024-10-09,2024-10-18,573.17,31,-59622,202786239,-141389953,0.0717888949062269,98.3419471574696,-0.409553641346907
551.54,554,540,590,211680,145140,2024-10-09,2024-10-25,573.17,50,-66540,43451240,-17558626,0.334029592711278,92.9023912781315,-0.458453906572964
562.42,575,9,114,14211,143412,2024-10-09,2024-11-22,573.17,105,129201,5416549,2029686,2.64766366924771,74.557250382116,0.900907873818091
537.76,539,1103,1154,215085,143096,2024-10-09,2024-10-25,573.17,51,-71989,43451240,-17558626,0.329325469192594,93.2317167473241,-0.503081847151563
504.18,506,1146,785,257850,142870,2024-10-09,2024-11-15,573.17,-361,-114980,570936877,-150772420,0.0250237820949163,99.6204881682568,-0.804787569118779
554.62,557.5,471,496,209595,142848,2024-10-09,2024-10-25,573.17,25,-66747,43451240,-17558626,0.328754714479955,93.5604714618041,-0.467258904569893
474.19,475,1296,1752,142560,141912,2024-10-09,2024-11-08,573.17,456,-648,34702882,-6568854,0.408934335770729,93.9981209629794,-0.0045662100456621
540.71,543,649,619,222607,141751,2024-10-09,2024-11-01,573.17,-30,-80856,105347613,-4307374,0.134555492965939,97.5239287101835,-0.570408674365613
572.67,586,0,106,0,141298,2024-10-09,2024-10-25,573.17,106,141298,43451240,-17558626,0.325187497525962,93.88565895933,1
484.26,486,811,811,150846,141114,2024-10-09,2024-11-29,573.17,0,-9732,125255713,-24941976,0.112660729495029,97.3978783706257,-0.0689655172413793
493.94,496,682,683,183458,140698,2024-10-09,2024-11-29,573.17,1,-42760,125255713,-24941976,0.112328608915427,97.5102069795411,-0.303913346316223
404.54,405,3051,3050,164754,140300,2024-10-09,2024-11-15,573.17,-1,-24454,570936877,-150772420,0.0245736447673882,99.6450618130242,-0.174297933000713
550.37,552.5,653,651,234427,138663,2024-10-09,2024-10-25,573.17,-2,-95764,43451240,-17558626,0.319123228704175,94.2047821880342,-0.690624030923895
414.52,415,2850,2851,168150,136848,2024-10-09,2024-11-15,573.17,1,-31302,570936877,-150772420,0.0239690245126696,99.6690308375369,-0.228735531392494
384.65,385,3619,3879,155617,135765,2024-10-09,2024-11-15,573.17,260,-19852,570936877,-150772420,0.0237793362925478,99.6928101738294,-0.146223253415829
449.59,450,3017,3296,162918,135136,2024-10-09,2024-11-01,573.17,279,-27782,105347613,-4307374,0.128276280925321,97.6522049911088,-0.205585484252901
567.63,577,137,144,142891,134928,2024-10-09,2024-11-01,573.17,7,-7963,105347613,-4307374,0.128078839337347,97.7802838304462,-0.0590166607375786
522.78,525,614,606,189112,134532,2024-10-09,2024-11-08,573.17,-8,-54580,34702882,-6568854,0.387668090506143,94.3857890534855,-0.405702732435405
334.83,335,7906,7906,134402,134402,2024-10-09,2024-11-15,573.17,0,0,570936877,-150772420,0.0235406058733179,99.7163507797028,0
566.12,589,58,58,132704,132704,2024-10-09,2024-12-20,573.17,0,0,544735452,-97451672,0.0243611829398612,99.7449150785215,0
553.07,557,329,335,202335,131655,2024-10-09,2024-11-01,573.17,6,-70680,105347613,-4307374,0.124971982041966,97.9052558124882,-0.536857696251567
569.54,578,105,154,131250,130284,2024-10-09,2024-10-25,573.17,49,-965.999999999985,43451240,-17558626,0.299839544279979,94.5046217323142,-0.00741457124435837
463.68,465,986,986,148886,130152,2024-10-09,2024-11-29,573.17,0,-18734,125255713,-24941976,0.10390903287581,97.614116012417,-0.143939393939394
554.15,561,179,189,162890,129465,2024-10-09,2024-11-08,573.17,10,-33425,34702882,-6568854,0.373066997720823,94.7588560512064,-0.258177885915112
548.86,552,331,408,151929,128112,2024-10-09,2024-11-01,573.17,77,-23817,105347613,-4307374,0.121608830377581,98.0268646428657,-0.185907643312102
279.75,280,4990,5076,129740,126900,2024-10-09,2024-12-20,573.17,86,-2840.00000000001,544735452,-97451672,0.0232957116218682,99.7682107901433,-0.0223798266351459
470.49,472,840,840,126840,126840,2024-10-09,2024-11-29,573.17,0,0,125255713,-24941976,0.101264842107441,97.7153808545244,0
502.32,504,758,755,167518,126840,2024-10-09,2024-11-15,573.17,-3,-40678,570936877,-150772420,0.0222161161959766,99.7385668958987,-0.320703248186692
535.82,537,1076,1074,197984,126732,2024-10-09,2024-10-25,573.17,-2,-71252,43451240,-17558626,0.291664863879604,94.7962865961938,-0.562225799324559
571.52,585,93,94,144150,126712,2024-10-09,2024-11-01,573.17,1,-17438,105347613,-4307374,0.12027989661237,98.1471445394781,-0.13761916787676
294.91,295,14053,13984,168636,125856,2024-10-09,2024-11-15,573.17,-69,-42780,570936877,-150772420,0.0220437678962538,99.760610663795,-0.339912280701754
460.77,462,1015,1021,119770,125583,2024-10-09,2024-11-29,573.17,6,5813,125255713,-24941976,0.100261295067635,97.815642149592,0.0462881122444917
369.57,370,2910,2916,154230,125388,2024-10-09,2024-11-29,573.17,6,-28842,125255713,-24941976,0.100105613545947,97.915747763138,-0.230022011675759
538.21,544,202,215,144834,124485,2024-10-09,2024-11-29,573.17,13,-20349,125255713,-24941976,0.0993846883455128,98.0151324514835,-0.163465477768406
535.64,537.5,606,659,165438,122574,2024-10-09,2024-11-01,573.17,53,-42864,105347613,-4307374,0.11635194809777,98.2634964875758,-0.349698957364531
565.75,579,69,92,94047,121900,2024-10-09,2024-11-08,573.17,23,27853,34702882,-6568854,0.351267655522098,95.1101237067284,0.228490566037736
541.47,544,530,481,186560,121693,2024-10-09,2024-11-01,573.17,-49,-64867,105347613,-4307374,0.115515669064092,98.37901215664,-0.533038054777185
570.08,591,58,58,121336,121336,2024-10-09,2024-11-08,573.17,0,0,34702882,-6568854,0.349642430274235,95.4597661370027,0
484.38,485,1562,1954,129646,121148,2024-10-09,2024-11-01,573.17,392,-8498,105347613,-4307374,0.114998334134063,98.494010490774,-0.0701456070261168
539.66,541,899,897,204073,120198,2024-10-09,2024-10-25,573.17,-2,-83875,43451240,-17558626,0.276627318345806,95.0729139145396,-0.69780695186276
517.64,518,3374,3332,172074,119952,2024-10-09,2024-10-18,573.17,-42,-52122,202786239,-141389953,0.0591519427509083,98.4010991002205,-0.43452380952381
526.31,530,282,324,139026,119556,2024-10-09,2024-11-22,573.17,42,-19470,5416549,2029686,2.20723564025729,76.7644860223733,-0.16285255445147
523.9,528,289,289,150569,118490,2024-10-09,2024-11-29,573.17,0,-32079,125255713,-24941976,0.0945984795120682,98.1097309309956,-0.270731707317073
560.82,572,76,104,107160,116272,2024-10-09,2024-11-22,573.17,28,9112.00000000001,5416549,2029686,2.14660663090097,78.9110926532743,0.0783679647722583
499.53,500,2325,2465,148800,115855,2024-10-09,2024-10-25,573.17,140,-32945,43451240,-17558626,0.266632206583748,95.3395461211234,-0.284364075784386
479.64,480,3043,3216,149107,115776,2024-10-09,2024-10-25,573.17,173,-33331,43451240,-17558626,0.266450393590609,95.605996514714,-0.287892136539525
339.71,340,3979,3980,147223,115420,2024-10-09,2024-11-29,573.17,1,-31803,125255713,-24941976,0.092147493503949,98.2018784244995,-0.275541500606481
364.75,365,4592,4594,151536,114850,2024-10-09,2024-11-15,573.17,2,-36686,570936877,-150772420,0.0201160591698826,99.7807267229649,-0.319425337396604
568.2,578,103,117,102279,114660,2024-10-09,2024-11-01,573.17,14,12381,105347613,-4307374,0.108839675370718,98.6028501661447,0.107980115122972
567.24,580,46,89,77740,113564,2024-10-09,2024-11-08,573.17,43,35824,34702882,-6568854,0.327246595830283,95.787012732833,0.31545207988447
539.85,542,574,527,189420,113305,2024-10-09,2024-11-01,573.17,-47,-76115,105347613,-4307374,0.107553457333675,98.7104036234784,-0.671770883897445
563.84,577,1,86,1561,113176,2024-10-09,2024-11-22,573.17,85,111615,5416549,2029686,2.08944846617283,81.0005411194471,0.986207323107373
508.46,510,703,733,153957,112882,2024-10-09,2024-11-08,573.17,30,-41075,34702882,-6568854,0.325281341186591,96.1122940740196,-0.363875551460818
469.68,470,3455,3506,145110,112192,2024-10-09,2024-10-25,573.17,51,-32918,43451240,-17558626,0.258202067420861,95.8641985821348,-0.293407729606389
394.62,395,2918,2919,116720,110922,2024-10-09,2024-11-15,573.17,1,-5798,570936877,-150772420,0.0194280671766802,99.8001547901415,-0.052270965182741
374.54,375,2404,2410,134624,110860,2024-10-09,2024-11-29,573.17,6,-23764,125255713,-24941976,0.0885069409967752,98.2903853654963,-0.214360454627458
541.53,543,766,754,179244,110838,2024-10-09,2024-10-25,573.17,-12,-68406,43451240,-17558626,0.255085930804276,96.1192845129391,-0.617171006333568
259.82,260,6153,6153,110754,110754,2024-10-09,2024-12-20,573.17,0,0,544735452,-97451672,0.0203317040580645,99.7885424942014,0
504.48,505,2100,2100,147000,109200,2024-10-09,2024-10-25,573.17,0,-37800,43451240,-17558626,0.251316187984509,96.3706007009236,-0.346153846153846
546.23,548,607,616,173602,109032,2024-10-09,2024-10-25,573.17,9,-64570,43451240,-17558626,0.250929547695302,96.6215302486189,-0.592211460855529
549.02,551,535,546,184040,108108,2024-10-09,2024-10-25,573.17,11,-75932,43451240,-17558626,0.248803026104664,96.8703332747236,-0.702371702371702
475.45,477,694,695,105488,107725,2024-10-09,2024-11-29,573.17,1,2236.99999999999,125255713,-24941976,0.0860040611480931,98.3763894266444,0.0207658389417497
540.29,542.5,325,485,109200,107185,2024-10-09,2024-11-01,573.17,160,-2015.00000000001,105347613,-4307374,0.101744118302899,98.8121477417813,-0.0187992722862342
569.09,598,37,37,106967,106967,2024-10-09,2024-11-29,573.17,0,0,125255713,-24941976,0.0853988991304532,98.4617883257748,0
569,577,119,132,121975,105600,2024-10-09,2024-10-25,573.17,13,-16375,43451240,-17558626,0.243031038930074,97.1133643136537,-0.155066287878788
521.57,522,2448,2448,139536,105264,2024-10-09,2024-10-18,573.17,0,-34272,202786239,-141389953,0.0519088477201848,98.4530079479407,-0.325581395348837
542.5,544,615,683,149445,102450,2024-10-09,2024-10-25,573.17,68,-46995,43451240,-17558626,0.235781533507444,97.3491458471611,-0.458711566617862
532.83,538,196,198,104860,102366,2024-10-09,2024-11-29,573.17,2,-2493.99999999999,125255713,-24941976,0.0817256135853859,98.5435139393602,-0.0243635582126877
551.77,552,3746,4379,314664,100717,2024-10-09,2024-10-11,573.17,633,-213947,31710501,-43957892,0.317614029497673,96.1434541825751,-2.12423920490086
547.84,548,6167,6284,345352,100544,2024-10-09,2024-10-11,573.17,117,-244808,31710501,-43957892,0.317068468896155,96.4605226514712,-2.43483450031827
491.04,493,579,511,105378,100156,2024-10-09,2024-11-29,573.17,-68,-5222,125255713,-24941976,0.0799612230062512,98.6234751623665,-0.0521386636846519
474.66,475,2553,2921,107226,99314,2024-10-09,2024-10-25,573.17,368,-7911.99999999999,43451240,-17558626,0.228564248108915,97.57771009527,-0.0796665122742009
553.72,554,3155,3534,328120,98952,2024-10-09,2024-10-11,573.17,379,-229168,31710501,-43957892,0.312048049950393,96.7725707014216,-2.31595116824319
535.16,537,557,537,148719,98808,2024-10-09,2024-11-01,573.17,-20,-49911,105347613,-4307374,0.093792348194923,98.9059400899762,-0.505131163468545
503.82,507,310,310,98580,98580,2024-10-09,2024-11-29,573.17,0,0,125255713,-24941976,0.0787029969642981,98.7021781593307,0
254.82,255,5435,5435,97830,97830,2024-10-09,2024-12-20,573.17,0,0,544735452,-97451672,0.0179591762645182,99.8065016704659,0
572.5,610,0,26,0,97500,2024-10-09,2024-12-20,573.17,26,97500,544735452,-97451672,0.0178985963997805,99.8244002668657,1
569.05,584,18,65,29772,97175,2024-10-09,2024-11-08,573.17,47,67403,34702882,-6568854,0.280019970675634,96.3923140446952,0.693624903524569
369.73,370,3416,3570,122976,96390,2024-10-09,2024-11-15,573.17,154,-26586,570936877,-150772420,0.016882777042969,99.8170375671845,-0.275816993464052
543.88,544,8079,8007,339318,96084,2024-10-09,2024-10-11,573.17,-72,-243234,31710501,-43957892,0.30300372737725,97.0755744287989,-2.5314724615961
505.7,506,3199,3195,92771,95850,2024-10-09,2024-10-18,573.17,-4,3079.00000000002,202786239,-141389953,0.0472665208806402,98.5002744688213,0.0321231090245176
329.84,330,5915,5965,124215,95440,2024-10-09,2024-11-15,573.17,50,-28775,570936877,-150772420,0.0167163838674236,99.8337539510519,-0.301498323554065
549.31,552.5,304,299,150784,95381,2024-10-09,2024-11-01,573.17,-5,-55403,105347613,-4307374,0.0905393081853691,98.9964793981616,-0.580859919690504
500.73,501,3422,3434,126614,92718,2024-10-09,2024-10-18,573.17,12,-33896,202786239,-141389953,0.0457220373814418,98.5459965062028,-0.365581656204836
549.81,552,433,423,161942,92637,2024-10-09,2024-10-25,573.17,-10,-69305,43451240,-17558626,0.213197598043232,97.7909076933133,-0.748135194360785
462.72,464,729,720,105705,92160,2024-10-09,2024-11-29,573.17,-9,-13545,125255713,-24941976,0.0735774822502507,98.775755641581,-0.14697265625
442.9,443,9196,9204,101156,92040,2024-10-09,2024-10-18,573.17,8,-9115.99999999999,202786239,-141389953,0.0453876951680138,98.5913842013708,-0.099043893959148
119.98,120,45928,45946,91856,91892,2024-10-09,2024-12-20,573.17,18,36,544735452,-97451672,0.0168691058499347,99.8412693727156,0.000391764244983241
566.42,584,52,52,97760,91416,2024-10-09,2024-11-15,573.17,0,-6344.00000000002,570936877,-150772420,0.0160115774059555,99.8497655284579,-0.069397042093288
545.36,547,463,556,128714,91184,2024-10-09,2024-10-25,573.17,93,-37530,43451240,-17558626,0.20985361982765,98.0007613131409,-0.411585365853659
561.88,574,2,75,3030,90900,2024-10-09,2024-11-22,573.17,73,87870,5416549,2029686,1.67819030161086,82.678731421058,0.966666666666667
464.52,465,1545,1886,95790,90528,2024-10-09,2024-11-01,573.17,341,-5262,105347613,-4307374,0.0859326542121083,99.0824120523737,-0.0581256627783669
492.06,494,464,465,111824,90210,2024-10-09,2024-11-29,573.17,1,-21614,125255713,-24941976,0.0720206670333672,98.8477763086144,-0.23959649706241
550.74,553,446,399,161898,90174,2024-10-09,2024-10-25,573.17,-47,-71724,43451240,-17558626,0.207529175231823,98.2082904883727,-0.795395568567437
309.88,310,7506,7506,90072,90072,2024-10-09,2024-11-15,573.17,0,0,570936877,-150772420,0.0157761748502365,99.8655417033081,0
269.94,270,14978,14978,89868,89868,2024-10-09,2024-11-15,573.17,0,0,570936877,-150772420,0.0157404441051721,99.8812821474133,0
434.65,435,2256,2555,101520,89425,2024-10-09,2024-11-01,573.17,299,-12095,105347613,-4307374,0.0848856442528033,99.1672976966265,-0.135253005311714
490.06,492,422,458,90730,88852,2024-10-09,2024-11-29,573.17,36,-1878,125255713,-24941976,0.0709364849489939,98.9187127935634,-0.0211362715526944
570.3,590,45,45,100620,88650,2024-10-09,2024-11-08,573.17,0,-11970,34702882,-6568854,0.255454287629483,96.6477683323247,-0.13502538071066
389.47,390,838,1659,51956,87927,2024-10-09,2024-11-29,573.17,821,35971,125255713,-24941976,0.0701979956794466,98.9889107892428,0.409100731288455
523.56,524,1994,1992,113658,87648,2024-10-09,2024-10-18,573.17,-2,-26010,202786239,-141389953,0.0432218677323563,98.6346060691032,-0.296755202628697
459.55,460,1828,1946,111508,87570,2024-10-09,2024-11-01,573.17,118,-23938,105347613,-4307374,0.0831248070138998,99.2504225036404,-0.273358456092269
472.42,474,542,553,92140,87374,2024-10-09,2024-11-29,573.17,11,-4766,125255713,-24941976,0.069756498851274,99.0586672880941,-0.0545471192803351
530.78,535,165,205,91575,86510,2024-10-09,2024-11-22,573.17,40,-5065.00000000002,5416549,2029686,1.59714238715463,84.2758738082126,-0.0585481447231536
562.33,572.5,55,84,67485,85428,2024-10-09,2024-11-08,573.17,29,17943,34702882,-6568854,0.24616975616031,96.893938088485,0.210036521983425
521.71,525,233,254,101588,83566,2024-10-09,2024-11-22,573.17,21,-18022,5416549,2029686,1.54279043723227,85.8186642454449,-0.215661872053228
563.84,577.5,61,61,83326,83326,2024-10-09,2024-11-08,573.17,0,0,34702882,-6568854,0.240112622346467,97.1340507108314,0
419.94,420,13738,13737,137380,82422,2024-10-09,2024-10-18,573.17,-1,-54958,202786239,-141389953,0.0406447697863759,98.6752508388895,-0.666787993496883
299.91,300,9084,9113,118092,82017,2024-10-09,2024-11-15,573.17,29,-36075,570936877,-150772420,0.0143653358723227,99.8956474832856,-0.439847836424156
379.67,380,2421,2466,99261,81378,2024-10-09,2024-11-15,573.17,45,-17883,570936877,-150772420,0.0142534145679296,99.9099008978536,-0.219752267197522
567.65,583,2,53,3200,81355,2024-10-09,2024-11-08,573.17,51,78155,34702882,-6568854,0.234432978794096,97.3684836896255,0.960666215967058
434.11,435,912,912,93024,81168,2024-10-09,2024-11-29,573.17,0,-11856,125255713,-24941976,0.0648018346276948,99.1234691227218,-0.146067415730337
503.71,504,2547,2783,84051,80707,2024-10-09,2024-10-18,573.17,236,-3344,202786239,-141389953,0.0397990516506399,98.7150498905402,-0.0414338285402753
349.67,350,2424,2424,101808,79992,2024-10-09,2024-11-29,573.17,0,-21816,125255713,-24941976,0.0638629552968973,99.1873320780187,-0.272727272727273
537.05,539,412,409,122364,79755,2024-10-09,2024-11-01,573.17,-3,-42609,105347613,-4307374,0.0757065088888155,99.3261290125292,-0.534248636449126
484.02,485,752,811,97008,79478,2024-10-09,2024-11-08,573.17,59,-17530,34702882,-6568854,0.229024206116368,97.5975078957419,-0.220564181282871
550.34,556,96,140,76416,79240,2024-10-09,2024-11-08,573.17,44,2824,34702882,-6568854,0.22833838411461,97.8258462798565,0.0356385663806159
532.18,537,160,160,98400,77120,2024-10-09,2024-11-29,573.17,0,-21280,125255713,-24941976,0.0615700459108001,99.2489021239295,-0.275933609958506
199.93,200,11000,11000,77000,77000,2024-10-09,2024-12-20,573.17,0,0,544735452,-97451672,0.0141353017721343,99.8554046744878,0
384.49,385,1365,1496,84630,76296,2024-10-09,2024-11-29,573.17,131,-8334,125255713,-24941976,0.0609121916858196,99.3098143156153,-0.109232463038691
569.01,579,85,76,98260,75924,2024-10-09,2024-11-01,573.17,-9,-22336,105347613,-4307374,0.0720699765641581,99.3981989890934,-0.294188925767873
379.99,380,75743,75743,75743,75743,2024-10-09,2024-10-11,573.17,0,0,31710501,-43957892,0.238857784050779,97.3144322128496,0
473.71,475,49,585,8183,75465,2024-10-09,2024-11-22,573.17,536,67282,5416549,2029686,1.39323026524822,87.2118945106931,0.891565626449347
555.64,556,1592,2081,200592,74916,2024-10-09,2024-10-11,573.17,489,-125676,31710501,-43957892,0.236249815163753,97.5506820280134,-1.67755886592984
239.86,240,5334,5336,74676,74704,2024-10-09,2024-12-20,573.17,2,28,544735452,-97451672,0.013713812773838,99.8691184872616,0.000374812593703148
467.66,469,554,557,92518,74638,2024-10-09,2024-11-29,573.17,3,-17880,125255713,-24941976,0.0595884995680796,99.3694028151834,-0.239556258206276
495.91,498,382,355,101994,74195,2024-10-09,2024-11-29,573.17,-27,-27799,125255713,-24941976,0.0592348230854748,99.4286376382689,-0.374674843318283
229.85,230,4911,4911,73665,73665,2024-10-09,2024-12-20,573.17,0,0,544735452,-97451672,0.013523077987588,99.8826415652492,0
572.99,600,28,27,91336,72927,2024-10-09,2024-10-18,573.17,-1,-18409,202786239,-141389953,0.035962499408059,98.7510123899482,-0.252430512704485
569.49,585,5,47,8750,72897,2024-10-09,2024-11-08,573.17,42,64147,34702882,-6568854,0.210060363286254,98.0359066431428,0.879967625553864
399.79,400,3450,3449,100050,72429,2024-10-09,2024-11-01,573.17,-1,-27621,105347613,-4307374,0.0687523883431512,99.4669513774365,-0.381352773060514
544.89,547.5,109,277,46107,72297,2024-10-09,2024-11-01,573.17,168,26190,105347613,-4307374,0.0686270888738599,99.5355784663104,0.362255695257064
565.68,582,2,44,3160,71808,2024-10-09,2024-11-08,573.17,42,68648,34702882,-6568854,0.206922295387455,98.2428289385302,0.95599376114082
541.11,542.5,514,515,116678,71585,2024-10-09,2024-10-25,573.17,1,-45093,43451240,-17558626,0.164747887517134,98.3730383758899,-0.629922469791158
264.94,265,11832,11832,82824,70992,2024-10-09,2024-11-15,573.17,0,-11832,570936877,-150772420,0.0124342992824406,99.922335197136,-0.166666666666667
569.97,589,36,37,77868,70411,2024-10-09,2024-11-08,573.17,1,-7457,34702882,-6568854,0.202896693133441,98.4457256316637,-0.105906747525245
507.7,508,2345,2345,79730,70350,2024-10-09,2024-10-18,573.17,0,-9380,202786239,-141389953,0.0346917031189676,98.7857040930672,-0.133333333333333
344.61,345,1790,1790,69810,69810,2024-10-09,2024-11-29,573.17,0,0,125255713,-24941976,0.0557339847644315,99.4843716230333,0
469.48,470,1165,1334,76890,69368,2024-10-09,2024-11-01,573.17,169,-7522.00000000001,105347613,-4307374,0.0658467695893594,99.6014252358998,-0.108436166532119
284.92,285,8587,8587,77283,68696,2024-10-09,2024-11-15,573.17,0,-8587,570936877,-150772420,0.0120321532497541,99.9343673503857,-0.125
219.9,220,6738,6737,80856,67370,2024-10-09,2024-12-20,573.17,-1,-13486,544735452,-97451672,0.0123674711738791,99.8950090364231,-0.200178120825293
454.57,455,1124,1564,66316,67252,2024-10-09,2024-11-01,573.17,440,936,105347613,-4307374,0.0638381811270845,99.6652634170268,0.0139178017010647
324.85,325,4460,4481,84740,67215,2024-10-09,2024-11-15,573.17,21,-17525,570936877,-150772420,0.0117727550466144,99.9461401054324,-0.26073049170572
429.76,430,2764,2764,66336,66336,2024-10-09,2024-10-25,573.17,0,0,43451240,-17558626,0.15266767990971,98.5257060557996,0
548.09,555,72,96,64728,66336,2024-10-09,2024-11-22,573.17,24,1608,5416549,2029686,1.22469121944618,88.4365857301392,0.0242402315484805
204.92,205,8256,8265,82560,66120,2024-10-09,2024-12-20,573.17,9,-16440,544735452,-97451672,0.0121380019892665,99.9071470384123,-0.248638838475499
498.72,501,283,283,65373,64524,2024-10-09,2024-11-29,573.17,0,-849.000000000007,125255713,-24941976,0.0515138179765102,99.5358854410098,-0.0131578947368422
547.1,549,306,339,96390,64410,2024-10-09,2024-10-25,573.17,33,-31980,43451240,-17558626,0.148235125165588,98.6739411809651,-0.496506753609688
501.72,502,2295,2297,78030,64316,2024-10-09,2024-10-18,573.17,2,-13714,202786239,-141389953,0.03171615604548,98.8174202491127,-0.213228434604142
572.15,583,54,58,82782,62930,2024-10-09,2024-10-18,573.17,4,-19852,202786239,-141389953,0.031032677715375,98.848452926828,-0.315461624026697
570.22,579,69,71,71070,62338,2024-10-09,2024-10-25,573.17,2,-8732,43451240,-17558626,0.143466561598702,98.8174077425639,-0.140075074593346
424.93,425,8772,8770,105264,61390,2024-10-09,2024-10-18,573.17,-2,-43874,202786239,-141389953,0.0302732573485916,98.8787261841766,-0.714676657436064
498.03,500,193,305,49215,60085,2024-10-09,2024-11-22,573.17,112,10870,5416549,2029686,1.10928563555873,89.545871365698,0.180910376965965
572.85,590,34,35,75752,60025,2024-10-09,2024-10-18,573.17,1,-15727,202786239,-141389953,0.0296001347507609,98.9083263189274,-0.262007496876302
489.11,491,394,307,75648,58023,2024-10-09,2024-11-29,573.17,-87,-17625,125255713,-24941976,0.0463236355534538,99.5822090765633,-0.303758854247454
573.56,591,31,33,72354,57552,2024-10-09,2024-10-18,573.17,2,-14802,202786239,-141389953,0.0283806239929328,98.9367069429203,-0.257193494578816
546.84,547,3663,3595,186813,57520,2024-10-09,2024-10-11,573.17,-68,-129293,31710501,-43957892,0.181391016181044,97.7320730441944,-2.24779207232267
566.15,587,27,27,56295,56295,2024-10-09,2024-11-15,573.17,0,0,570936877,-150772420,0.00986010928139785,99.9560002147138,0
565.63,580,6,39,10878,56043,2024-10-09,2024-11-22,573.17,33,45165,5416549,2029686,1.03466247605256,90.5805338417505,0.805899041807184
464.27,465,762,763,69342,55699,2024-10-09,2024-11-08,573.17,1,-13643,34702882,-6568854,0.160502519646639,98.6062281513103,-0.244941560889783
424.83,425,3221,3221,74083,54757,2024-10-09,2024-10-25,573.17,0,-19326,43451240,-17558626,0.126019418548239,98.9434271611121,-0.352941176470588
496.8,499,125,248,26625,54560,2024-10-09,2024-11-29,573.17,123,27935,125255713,-24941976,0.0435588914016241,99.6257679679649,0.512005131964809
480.32,482,324,324,54432,54432,2024-10-09,2024-11-29,573.17,0,0,125255713,-24941976,0.0434567004540543,99.6692246684189,0
508.69,509,1539,1727,63099,53537,2024-10-09,2024-10-18,573.17,188,-9562,202786239,-141389953,0.0264007066081047,98.9631076495284,-0.178605450436147
419.47,420,991,991,52523,52523,2024-10-09,2024-11-08,573.17,0,0,34702882,-6568854,0.151350542009739,98.7575786933201,0
512.67,513,1618,1578,61484,52074,2024-10-09,2024-10-18,573.17,-40,-9410,202786239,-141389953,0.0256792572596605,98.9887869067881,-0.180704382225295
511.69,512,1465,1667,54205,51677,2024-10-09,2024-10-18,573.17,202,-2527.99999999999,202786239,-141389953,0.0254834846066651,99.0142703913948,-0.0489192484083827
129.98,130,25658,25659,51316,51318,2024-10-09,2024-12-20,573.17,1,2.00000000000728,544735452,-97451672,0.00942071969275831,99.9165677581051,3.89726801513558e-05
419.7,420,1562,1709,59356,51270,2024-10-09,2024-11-01,573.17,147,-8086.00000000002,105347613,-4307374,0.048667452958806,99.7139308699856,-0.157714062804759
439.79,440,2422,2386,55706,50106,2024-10-09,2024-10-25,573.17,-36,-5600.00000000001,43451240,-17558626,0.115315466255969,99.0587426273681,-0.111763062307907
573.4,588,5,34,8925,49640,2024-10-09,2024-10-18,573.17,29,40715,202786239,-141389953,0.0244789785760561,99.0387493699708,0.820205479452055
538.9,539,4938,4894,138264,48940,2024-10-09,2024-10-11,573.17,-44,-89324,31710501,-43957892,0.154333733169337,97.8864067773637,-1.82517368205967
413.83,414,2865,2865,48705,48705,2024-10-09,2024-10-18,573.17,0,0,202786239,-141389953,0.0240179019247948,99.0627672718956,0
514.95,515,6713,9496,67130,47480,2024-10-09,2024-10-11,573.17,2783,-19650,31710501,-43957892,0.149729580116063,98.0361363574798,-0.413858466722831
545.85,546,3329,3132,149805,46980,2024-10-09,2024-10-11,573.17,-197,-102825,31710501,-43957892,0.148152815371791,98.1842891728516,-2.18869731800766
516.65,517,1236,1328,61800,46480,2024-10-09,2024-10-18,573.17,92,-15320,202786239,-141389953,0.0229206874338253,99.0856879593294,-0.32960413080895
558.1,569,35,42,45500,45780,2024-10-09,2024-11-22,573.17,7,280,5416549,2029686,0.845187590844281,91.4257214325948,0.00611620795107034
377.9,378,4564,4564,45640,45640,2024-10-09,2024-10-18,573.17,0,0,202786239,-141389953,0.0225064581428526,99.1081944174723,0
573.32,589,0,29,0,45472,2024-10-09,2024-10-18,573.17,29,45472,202786239,-141389953,0.022423612284658,99.130618029757,1
565.77,582,28,28,50820,45444,2024-10-09,2024-11-29,573.17,0,-5375.99999999999,125255713,-24941976,0.036280979854388,99.7055056482733,-0.118299445471349
424.7,425,1178,1493,47120,44790,2024-10-09,2024-11-01,573.17,315,-2330.00000000001,105347613,-4307374,0.0425163881026901,99.7564472580883,-0.0520205402991741
439.91,440,4951,4951,64363,44559,2024-10-09,2024-10-18,573.17,0,-19804,202786239,-141389953,0.0219733844957793,99.1525914142527,-0.444444444444444
159.9,160,4416,4416,17664,44160,2024-10-09,2024-12-20,573.17,0,26496,544735452,-97451672,0.00810668735399289,99.9246744454591,0.6
567.02,587,22,22,43956,43956,2024-10-09,2024-11-29,573.17,0,0,125255713,-24941976,0.0350930100888891,99.7405986583622,0
504.17,505,556,524,64496,43492,2024-10-09,2024-11-01,573.17,-32,-21004,105347613,-4307374,0.0412842766546595,99.797731534743,-0.482939391152396
444.91,445,4663,4630,65282,41670,2024-10-09,2024-10-18,573.17,-33,-23612,202786239,-141389953,0.0205487316128981,99.1731401458656,-0.566642668586513
396.87,397,3163,3163,41119,41119,2024-10-09,2024-10-18,573.17,0,0,202786239,-141389953,0.0202770169232243,99.1934171627889,0
553.49,563,43,43,40764,40893,2024-10-09,2024-11-22,573.17,0,128.999999999993,5416549,2029686,0.754964092450747,92.1806855250456,0.00315457413249194
443.9,444,3949,3962,55286,39620,2024-10-09,2024-10-18,573.17,13,-15666,202786239,-141389953,0.0195378148908812,99.2129549776797,-0.395406360424028
319.86,320,2878,2828,51804,39592,2024-10-09,2024-11-15,573.17,-50,-12212,570936877,-150772420,0.00693456695388762,99.9629347816676,-0.308446150737523
359.62,360,1011,1040,44484,39520,2024-10-09,2024-11-29,573.17,29,-4964,125255713,-24941976,0.0315514550621735,99.7721501134244,-0.125607287449393
464.7,465,1374,1314,53586,39420,2024-10-09,2024-10-25,573.17,-60,-14166,43451240,-17558626,0.0907223821460561,99.1494650095141,-0.359360730593607
418.88,419,3269,3269,39228,39228,2024-10-09,2024-10-18,573.17,0,0,202786239,-141389953,0.0193445078884273,99.2322994855682,0
378.89,379,3547,3547,39017,39017,2024-10-09,2024-10-18,573.17,0,0,202786239,-141389953,0.0192404574355758,99.2515399430037,0
573.24,582,30,44,42180,38544,2024-10-09,2024-10-11,573.17,14,-3636,31710501,-43957892,0.121549640606435,98.305838813458,-0.0943337484433375
572.72,595,8,17,21272,37876,2024-10-09,2024-11-01,573.17,9,16604,105347613,-4307374,0.035953353779359,99.8336848885224,0.438377864610835
519.95,520,7529,7457,97877,37285,2024-10-09,2024-10-11,573.17,-72,-60592,31710501,-43957892,0.117579346980358,98.4234181604384,-1.62510392919405
350.93,351,5300,5300,37100,37100,2024-10-09,2024-10-18,573.17,0,0,202786239,-141389953,0.018295127017963,99.2698350700217,0
510.63,511,999,997,43956,36889,2024-10-09,2024-10-18,573.17,-2,-7067,202786239,-141389953,0.0181910765651115,99.2880261465868,-0.191574724172518
374.92,375,4560,4585,50160,36680,2024-10-09,2024-10-25,573.17,25,-13480,43451240,-17558626,0.0844164631435144,99.2338814726576,-0.367502726281352
459.3,460,522,523,41238,36610,2024-10-09,2024-11-08,573.17,1,-4628,34702882,-6568854,0.105495560858605,98.8630742541787,-0.126413548210871
415.88,416,3048,3048,36576,36576,2024-10-09,2024-10-18,573.17,0,0,202786239,-141389953,0.0180367268412133,99.306062873428,0
434.48,435,695,695,41005,36140,2024-10-09,2024-11-08,573.17,0,-4864.99999999999,34702882,-6568854,0.104141206485386,98.9672154606641,-0.134615384615384
565.39,582.5,21,21,35931,35931,2024-10-09,2024-11-08,573.17,0,0,34702882,-6568854,0.103538951030061,99.0707544116941,0
465.38,467,220,220,35640,35640,2024-10-09,2024-11-29,573.17,0,0,125255713,-24941976,0.0284537919639642,99.8006039053883,0
395.93,396,5038,5038,35266,35266,2024-10-09,2024-10-18,573.17,0,0,202786239,-141389953,0.0173907263993392,99.3234535998274,0
570.65,600,11,12,34727,35220,2024-10-09,2024-11-01,573.17,1,493.000000000007,105347613,-4307374,0.0334321765790745,99.8671170651014,0.0139977285633165
550.8,551,1833,1753,141141,35060,2024-10-09,2024-10-11,573.17,-80,-106081,31710501,-43957892,0.110562743868348,98.5339809043067,-3.02569880205362
466.49,468,232,232,35032,35032,2024-10-09,2024-11-29,573.17,0,0,125255713,-24941976,0.0279683849630076,99.8285722903513,0
374.95,375,6978,6978,34890,34890,2024-10-09,2024-10-18,573.17,0,0,202786239,-141389953,0.017205309478618,99.340658909306,0
379.95,380,6865,6865,34325,34325,2024-10-09,2024-10-18,573.17,0,0,202786239,-141389953,0.016926690967428,99.3575856002734,0
234.87,235,2597,2634,33761,34242,2024-10-09,2024-12-20,573.17,37,481,544735452,-97451672,0.00628598705560291,99.9309604325147,0.0140470766894457
571.4,584,15,27,26265,34020,2024-10-09,2024-10-18,573.17,12,7755,202786239,-141389953,0.0167762862843963,99.3743618865578,0.227954144620811
517.06,520,90,115,34290,33810,2024-10-09,2024-11-22,573.17,25,-480,5416549,2029686,0.624198174889584,92.8048836999352,-0.0141969831410825
189.95,190,6708,6708,33540,33540,2024-10-09,2024-12-20,573.17,0,0,544735452,-97451672,0.00615711716152449,99.9371175496762,0
214.9,215,3344,3354,30096,33540,2024-10-09,2024-12-20,573.17,10,3444,544735452,-97451672,0.00615711716152449,99.9432746668377,0.10268336314848
534.91,535,3603,3660,75663,32940,2024-10-09,2024-10-11,573.17,57,-42723,31710501,-43957892,0.103877261352635,98.6378581656594,-1.29699453551913
571.76,599,10,12,29640,32688,2024-10-09,2024-11-15,573.17,2,3048,570936877,-150772420,0.00572532644445036,99.9686601081121,0.0932452276064612
541.89,542,2703,2938,89199,32318,2024-10-09,2024-10-11,573.17,235,-56881,31710501,-43957892,0.101915766010761,98.7397739316702,-1.76004084411164
567.67,620,6,6,31398,31398,2024-10-09,2024-12-20,573.17,0,0,544735452,-97451672,0.00576389876677239,99.9490385656045,0
389.96,390,7848,7848,39240,31392,2024-10-09,2024-10-18,573.17,0,-7848,202786239,-141389953,0.0154803403597815,99.3898422269176,-0.25
397.86,398,2222,2222,31108,31108,2024-10-09,2024-10-18,573.17,0,0,202786239,-141389953,0.0153402914090241,99.4051825183266,0
563.45,579,20,20,28060,31100,2024-10-09,2024-11-29,573.17,0,3040,125255713,-24941976,0.0248292067923481,99.8534014971437,0.0977491961414792
429.92,430,3830,3828,30640,30624,2024-10-09,2024-10-18,573.17,-2,-16.0000000000036,202786239,-141389953,0.0151016164366064,99.4202841347632,-0.000522466039707538
376.96,377,7537,7537,30148,30148,2024-10-09,2024-10-18,573.17,0,0,202786239,-141389953,0.0148668865050552,99.4351510212683,0
551.35,557.5,48,49,40560,30135,2024-10-09,2024-11-08,573.17,1,-10425,34702882,-6568854,0.0868371681637277,99.1575915798578,-0.345943255350921
463.89,465,269,271,37929,30081,2024-10-09,2024-11-22,573.17,2,-7848,5416549,2029686,0.555353602450564,93.3602373023857,-0.260895581928792
244.85,245,1975,1984,29625,29760,2024-10-09,2024-12-20,573.17,9,134.999999999996,544735452,-97451672,0.00546320234725608,99.9545017679518,0.00453629032258052
553,562,6,33,5508,29700,2024-10-09,2024-11-22,573.17,27,24192,5416549,2029686,0.548319603496617,93.9085569058823,0.814545454545455
444.77,445,1279,1281,31975,29463,2024-10-09,2024-10-25,573.17,2,-2512,43451240,-17558626,0.0678070407196665,99.3016885133773,-0.0852594779893426
572.91,720,2,2,30578,29418,2024-10-09,2024-12-20,573.17,0,-1160,544735452,-97451672,0.00540041957834608,99.9599021875301,-0.0394316404922155
274.94,275,4883,4883,43947,29298,2024-10-09,2024-11-15,573.17,0,-14649,570936877,-150772420,0.00513156553381995,99.9737916736459,-0.5
459.8,461,240,241,27840,28920,2024-10-09,2024-11-29,573.17,1,1080,125255713,-24941976,0.02308876721655,99.8764902643602,0.0373443983402491
537.91,538,3110,3190,77750,28710,2024-10-09,2024-10-11,573.17,80,-49040,31710501,-43957892,0.0905378316160946,98.8303117632862,-1.70811563915012
564.61,577,13,23,17498,28497,2024-10-09,2024-11-08,573.17,10,10999,34702882,-6568854,0.0821170990928074,99.2397086789506,0.385970453030144
209.91,210,3161,3161,31610,28449,2024-10-09,2024-12-20,573.17,0,-3161,544735452,-97451672,0.00522253506643441,99.9651247225965,-0.111111111111111
419.84,420,1776,1777,35520,28432,2024-10-09,2024-10-25,573.17,1,-7088.00000000001,43451240,-17558626,0.0654342660876882,99.367122779465,-0.249296567248171
304.99,305,28720,28322,28720,28322,2024-10-09,2024-10-18,573.17,-398,-397.999999999996,202786239,-141389953,0.0139664309272978,99.4491174521956,-0.0140526798954875
224.89,225,2564,2564,28204,28204,2024-10-09,2024-12-20,573.17,0,0,544735452,-97451672,0.00517755910625035,99.9703022817028,0
314.88,315,2350,2350,28200,28200,2024-10-09,2024-11-15,573.17,0,0,570936877,-150772420,0.0049392500530317,99.978730923699,0
548.29,556,30,36,27060,27756,2024-10-09,2024-11-22,573.17,6,696.000000000004,5416549,2029686,0.51242959308593,94.4209864989683,0.0250756593169046
459.72,460,898,989,31430,27692,2024-10-09,2024-10-25,573.17,91,-3738,43451240,-17558626,0.0637312076709433,99.4308539871359,-0.134984833164813
149.97,150,9225,9225,36900,27675,2024-10-09,2024-12-20,573.17,0,-9225,544735452,-97451672,0.00508044774732231,99.9753827294501,-0.333333333333333
567.63,586,15,15,27555,27555,2024-10-09,2024-11-15,573.17,0,0,570936877,-150772420,0.00482627784437193,99.9835572015433,0
536.9,537,2715,2722,59730,27220,2024-10-09,2024-10-11,573.17,7,-32510,31710501,-43957892,0.0858390726781643,98.9161508359644,-1.19434239529758
400.95,401,5279,5398,26395,26990,2024-10-09,2024-10-18,573.17,119,595.000000000004,202786239,-141389953,0.013309581623041,99.4624270338186,0.0220452019266396
435.85,436,1789,1789,26835,26835,2024-10-09,2024-10-18,573.17,0,0,202786239,-141389953,0.0132331464562544,99.4756601802749,0
304.9,305,2666,2666,29326,26660,2024-10-09,2024-11-15,573.17,0,-2666,570936877,-150772420,0.00466951795793706,99.9882267195013,-0.0999999999999999
529.93,530,3856,3744,61696,26208,2024-10-09,2024-10-11,573.17,-112,-35488,31710501,-43957892,0.0826477008357579,98.9987985368002,-1.35409035409035
549.68,557,12,35,11904,25620,2024-10-09,2024-11-22,573.17,23,13716,5416549,2029686,0.472994890289001,94.8939813892573,0.53536299765808
424.52,425,533,533,23452,25584,2024-10-09,2024-11-08,573.17,0,2132,34702882,-6568854,0.0737229835838995,99.3134316625346,0.0833333333333333
399.48,400,482,488,30848,25376,2024-10-09,2024-11-22,573.17,6,-5472,5416549,2029686,0.468490177048154,95.3624715663054,-0.215636822194199
398.94,399,4228,4228,25368,25368,2024-10-09,2024-10-18,573.17,0,0,202786239,-141389953,0.012509724587377,99.4881699048622,0
169.96,170,6308,6308,25232,25232,2024-10-09,2024-12-20,573.17,0,0,544735452,-97451672,0.0046319731729155,99.980014702623,0
364.65,365,715,715,25025,25025,2024-10-09,2024-11-29,573.17,0,0,125255713,-24941976,0.0199791286166724,99.8964693929769,0
572.72,583,18,24,25830,24672,2024-10-09,2024-10-11,573.17,6,-1158,31710501,-43957892,0.0778038795413545,99.0766024163415,-0.0469357976653698
566.6,583,15,15,27075,24600,2024-10-09,2024-11-29,573.17,0,-2475,125255713,-24941976,0.0196398227360695,99.916109215713,-0.100609756097561
566.78,584,14,14,24108,24108,2024-10-09,2024-11-29,573.17,0,0,125255713,-24941976,0.0192470262813481,99.9353562419943,0
565.37,578,17,19,23596,23997,2024-10-09,2024-11-08,573.17,2,401.000000000004,34702882,-6568854,0.0691498763704986,99.3825815389051,0.0167104221361005
449.76,450,992,981,30752,23544,2024-10-09,2024-10-25,573.17,-11,-7208,43451240,-17558626,0.0541848748160007,99.4850388619519,-0.306150186884132
414.92,415,2927,2927,23416,23416,2024-10-09,2024-10-18,573.17,0,0,202786239,-141389953,0.0115471346159736,99.4997170394782,0
139.98,140,11429,11429,22858,22858,2024-10-09,2024-12-20,573.17,0,0,544735452,-97451672,0.00419616529749931,99.9842108679205,0
461.71,463,175,177,24850,22833,2024-10-09,2024-11-29,573.17,2,-2017,125255713,-24941976,0.0182291086395397,99.9535853506339,-0.0883370560154163
542.88,543,1783,1880,65971,22560,2024-10-09,2024-10-11,573.17,97,-43411,31710501,-43957892,0.0711436252615498,99.1477460416031,-1.92424645390071
414.65,415,641,641,22435,22435,2024-10-09,2024-11-01,573.17,0,0,105347613,-4307374,0.0212961635874939,99.8884132286889,0
573.04,610,4,6,16912,22176,2024-10-09,2024-10-18,573.17,2,5264,202786239,-141389953,0.0109356532816805,99.5106526927599,0.237373737373737
572.97,595,10,10,27280,22030,2024-10-09,2024-10-18,573.17,0,-5250,202786239,-141389953,0.0108636562858686,99.5215163490458,-0.238311393554244
567.25,581,4,16,5964,22000,2024-10-09,2024-11-08,573.17,12,16036,34702882,-6568854,0.0633953110868429,99.4459768499919,0.728909090909091
411.95,412,4400,4399,35200,21995,2024-10-09,2024-10-18,573.17,-1,-13205,202786239,-141389953,0.0108463967320781,99.5323627457778,-0.600363719027052
369.97,370,7292,7304,29168,21912,2024-10-09,2024-10-18,573.17,12,-7256,202786239,-141389953,0.0108054669330891,99.5431682127109,-0.3311427528295
540.88,541,1796,1819,53880,21828,2024-10-09,2024-10-11,573.17,23,-32052,31710501,-43957892,0.0688352416759357,99.216581283279,-1.46838922484882
326.95,327,4356,4356,21780,21780,2024-10-09,2024-10-18,573.17,0,0,202786239,-141389953,0.0107403737587934,99.5539085864697,0
567.99,592,9,9,21609,21609,2024-10-09,2024-10-18,573.17,0,0,202786239,-141389953,0.0106560485102739,99.56456463498,0
568.15,604,6,6,21510,21510,2024-10-09,2024-12-20,573.17,0,0,544735452,-97451672,0.00394870572881311,99.9881595736493,0
565.65,581,14,14,21490,21490,2024-10-09,2024-11-01,573.17,0,0,105347613,-4307374,0.020399133295977,99.9088123619849,0
403.95,404,4250,4252,25500,21260,2024-10-09,2024-10-18,573.17,2,-4240,202786239,-141389953,0.0104839461024769,99.5750485810825,-0.199435559736594
279.93,280,3026,3026,21182,21182,2024-10-09,2024-11-15,573.17,0,0,570936877,-150772420,0.00371004236252899,99.9919367618638,0
545.71,547.5,117,116,32994,20764,2024-10-09,2024-10-25,573.17,-1,-12230,43451240,-17558626,0.047786898601743,99.5328257605537,-0.58900019264111
569.4,583,14,15,18172,20400,2024-10-09,2024-11-01,573.17,1,2228,105347613,-4307374,0.0193644634359205,99.9281768254208,0.10921568627451
562.7,578,13,13,19890,19890,2024-10-09,2024-11-22,573.17,0,0,5416549,2029686,0.367207976887129,95.7296795431925,0
512.35,515,45,75,15210,19875,2024-10-09,2024-11-22,573.17,30,4665,5416549,2029686,0.366931047794454,96.096610590987,0.234716981132075
407.84,408,1240,1240,19840,19840,2024-10-09,2024-10-18,573.17,0,0,202786239,-141389953,0.00978370134868964,99.5848322824312,0
572.86,587,0,14,0,19796,2024-10-09,2024-10-25,573.17,14,19796,43451240,-17558626,0.0455591140782173,99.5783848746319,1
402.95,403,3938,3894,19690,19470,2024-10-09,2024-10-18,573.17,-44,-220,202786239,-141389953,0.00960124320861831,99.5944335256398,-0.0112994350282486
408.92,409,2431,2431,19448,19448,2024-10-09,2024-10-18,573.17,0,0,202786239,-141389953,0.00959039434623569,99.604023919986,0
566.59,586,10,10,19410,19410,2024-10-09,2024-11-29,573.17,0,0,125255713,-24941976,0.0154962991588256,99.9690816497927,0
354.64,355,504,534,21168,19224,2024-10-09,2024-11-29,573.17,30,-1944,125255713,-24941976,0.0153478029381382,99.9844294527308,-0.101123595505618
507.7,510,64,83,19456,19090,2024-10-09,2024-11-22,573.17,19,-366.000000000004,5416549,2029686,0.352438425277792,96.4490490162648,-0.0191723415400735
358.97,359,6301,6361,50408,19083,2024-10-09,2024-10-18,573.17,60,-31325,202786239,-141389953,0.00941040185670587,99.6134343218427,-1.64151338888016
573.36,600,5,7,16240,18648,2024-10-09,2024-10-25,573.17,2,2408,43451240,-17558626,0.0429170721019699,99.6213019467339,0.129129129129129
509.96,510,4622,4614,36976,18456,2024-10-09,2024-10-11,573.17,-8,-18520,31710501,-43957892,0.0582015402405657,99.2747828235196,-1.00346770697876
502.84,505,71,84,19454,18144,2024-10-09,2024-11-22,573.17,13,-1310,5416549,2029686,0.334973430499752,96.7840224467646,-0.0722001763668432
440.91,441,2012,2012,30180,18108,2024-10-09,2024-10-18,573.17,0,-12072,202786239,-141389953,0.0089296000011125,99.6223639218438,-0.666666666666667
434.93,435,2535,2534,22815,17738,2024-10-09,2024-10-18,573.17,-1,-5077,202786239,-141389953,0.00874714186104117,99.6311110637049,-0.286221670988837
438.91,439,1973,1959,29595,17631,2024-10-09,2024-10-18,573.17,-14,-11964,202786239,-141389953,0.00869437693945298,99.6398054406443,-0.678577505530032
524.94,525,2953,2935,41342,17610,2024-10-09,2024-10-11,573.17,-18,-23732,31710501,-43957892,0.0555336542932576,99.3303164778128,-1.34764338444066
432.92,433,2183,2189,52392,17512,2024-10-09,2024-10-18,573.17,6,-34880,202786239,-141389953,0.00863569445656517,99.6484411351009,-1.99177706715395
570.3,592,8,8,17360,17360,2024-10-09,2024-11-08,573.17,0,0,34702882,-6568854,0.0500246636576178,99.4960015136495,0
458.96,460,163,165,20864,17160,2024-10-09,2024-11-22,573.17,2,-3704,5416549,2029686,0.316806882020268,97.1008293287848,-0.215850815850816
437.91,438,1895,1895,24635,17055,2024-10-09,2024-10-18,573.17,0,-7580,202786239,-141389953,0.00841033399707167,99.656851469098,-0.444444444444444
428.88,429,1407,1407,16884,16884,2024-10-09,2024-10-18,573.17,0,0,202786239,-141389953,0.00832600874855221,99.6651774778465,0
570.29,587,9,10,16911,16710,2024-10-09,2024-11-08,573.17,1,-200.999999999996,34702882,-6568854,0.0481516203755066,99.544153134025,-0.0120287253141829
573.04,588,0,11,0,16456,2024-10-09,2024-10-25,573.17,11,16456,43451240,-17558626,0.0378723368999366,99.6591742836338,1
570.37,583,13,13,17264,16419,2024-10-09,2024-10-25,573.17,0,-845,43451240,-17558626,0.0377871839790993,99.6969614676129,-0.051464766429137
431.92,432,2044,2051,18396,16408,2024-10-09,2024-10-18,573.17,7,-1988,202786239,-141389953,0.00809127881700099,99.6732687566635,-0.121160409556314
394.96,395,4028,4028,16112,16112,2024-10-09,2024-10-18,573.17,0,0,202786239,-141389953,0.00794531230494393,99.6812140689685,0
289.99,290,14828,15986,14828,15986,2024-10-09,2024-10-18,573.17,1158,1158,202786239,-141389953,0.00788317791129802,99.6890972468798,0.0724383835856375
351.97,352,5299,5299,15897,15897,2024-10-09,2024-10-18,573.17,0,0,202786239,-141389953,0.00783928933165924,99.6969365362114,0
567.9,594,6,6,15660,15660,2024-10-09,2024-11-08,573.17,0,0,34702882,-6568854,0.0451259350736345,99.5892790690986,0
564.81,579,0,11,0,15609,2024-10-09,2024-11-22,573.17,11,15609,5416549,2029686,0.288172413837667,97.3890017426225,1
570.01,582,10,13,12330,15587,2024-10-09,2024-11-01,573.17,3,3257,105347613,-4307374,0.0147957789988084,99.9429726044196,0.208956181433246
294.98,295,7779,7779,15558,15558,2024-10-09,2024-10-18,573.17,0,0,202786239,-141389953,0.00767211822494524,99.7046086544364,0
441.9,442,1527,1527,22905,15270,2024-10-09,2024-10-18,573.17,0,-7635,202786239,-141389953,0.00753009675375458,99.7121387511901,-0.5
454.67,455,462,462,15246,15246,2024-10-09,2024-10-25,573.17,0,0,43451240,-17558626,0.0350876062455295,99.7320490738584,0
179.94,180,2528,2528,15168,15168,2024-10-09,2024-12-20,573.17,0,0,544735452,-97451672,0.00278447087376278,99.9909440445231,0
372.97,373,4991,4991,14973,14973,2024-10-09,2024-10-18,573.17,0,0,202786239,-141389953,0.00738363711158921,99.7195223883017,0
572.15,593,7,7,15085,14595,2024-10-09,2024-11-08,573.17,0,-489.999999999998,34702882,-6568854,0.0420570256960214,99.6313360947947,-0.0335731414868104
570.85,595,4,6,10000,14490,2024-10-09,2024-11-08,573.17,2,4490,34702882,-6568854,0.0417544571658342,99.6730905519605,0.309868875086266
299.99,300,13716,14454,13716,14454,2024-10-09,2024-10-18,573.17,738,738,202786239,-141389953,0.00712770258538105,99.7266500908871,0.0510585305105853
391.96,392,3590,3590,21540,14360,2024-10-09,2024-10-18,573.17,0,-7180,202786239,-141389953,0.00708134835520077,99.7337314392423,-0.5
412.93,413,2048,2048,14336,14336,2024-10-09,2024-10-18,573.17,0,0,202786239,-141389953,0.00706951323260155,99.7408009524749,0
426.94,427,2332,2357,23320,14142,2024-10-09,2024-10-18,573.17,25,-9178,202786239,-141389953,0.00697384599159117,99.7477747984665,-0.648988827605714
550.17,558,7,18,6097,14094,2024-10-09,2024-11-22,573.17,11,7997,5416549,2029686,0.260202575477486,97.6492043181,0.567404569320278
343.94,344,2324,2324,13944,13944,2024-10-09,2024-10-18,573.17,0,0,202786239,-141389953,0.0068762062301476,99.7546510046966,0
399.89,400,1242,1254,19872,13794,2024-10-09,2024-10-25,573.17,12,-6078,43451240,-17558626,0.0317459294602409,99.7637950033187,-0.440626359286646
469.23,470,165,179,12705,13783,2024-10-09,2024-11-08,573.17,14,1078,34702882,-6568854,0.0397171623959071,99.7128077143564,0.0782122905027934
314.98,315,6839,6839,13678,13678,2024-10-09,2024-10-18,573.17,0,0,202786239,-141389953,0.00674503362133956,99.761396038318,0
573.09,590,5,8,11195,13528,2024-10-09,2024-10-11,573.17,3,2333,31710501,-43957892,0.0426609469210215,99.3729774247339,0.17245712596097
436.88,437,1125,1125,13500,13500,2024-10-09,2024-10-18,573.17,0,0,202786239,-141389953,0.006657256462062,99.76805329478,0
535.9,536,1356,1347,28476,13470,2024-10-09,2024-10-11,573.17,-9,-15006,31710501,-43957892,0.042478042210686,99.4154554669445,-1.11403118040089
184.95,185,2642,2642,13210,13210,2024-10-09,2024-12-20,573.17,0,0,544735452,-97451672,0.00242503034298564,99.9933690748661,0
259.95,260,2615,2634,15690,13170,2024-10-09,2024-11-15,573.17,19,-2520,570936877,-150772420,0.00230673486519246,99.994243496729,-0.191343963553531
478.63,480,88,96,15928,13152,2024-10-09,2024-11-22,573.17,8,-2776,5416549,2029686,0.242811428457492,97.8920157465575,-0.211070559610705
414.58,415,312,312,13104,13104,2024-10-09,2024-11-08,573.17,0,0,34702882,-6568854,0.0377605525673631,99.7505682669238,0
483.43,485,80,83,15680,13031,2024-10-09,2024-11-22,573.17,3,-2649,5416549,2029686,0.24057753377658,98.132593280334,-0.203284475481544
568.4,590,6,6,12960,12960,2024-10-09,2024-11-22,573.17,0,0,5416549,2029686,0.239266736071251,98.3718600164053,0
380.95,381,2584,2584,12920,12920,2024-10-09,2024-10-18,573.17,0,0,202786239,-141389953,0.00637124099924749,99.7744245357793,0
563.15,576,1,10,1653,12850,2024-10-09,2024-11-22,573.17,9,11197,5416549,2029686,0.237235922724968,98.6090959391302,0.87136186770428
361.97,362,4188,4188,12564,12564,2024-10-09,2024-10-18,573.17,0,0,202786239,-141389953,0.00619568668069237,99.78062022246,0
360.98,361,6260,6260,12520,12520,2024-10-09,2024-10-18,573.17,0,0,202786239,-141389953,0.00617398895592713,99.7867942114159,0
427.92,428,1562,1562,34364,12496,2024-10-09,2024-10-18,573.17,0,-21868,202786239,-141389953,0.00616215383332791,99.7929563652492,-1.75
493.25,495,24,71,5400,12425,2024-10-09,2024-11-22,573.17,47,7025,5416549,2029686,0.229389598432508,98.8384855375628,0.565392354124749
194.92,195,1547,1547,12376,12376,2024-10-09,2024-12-20,573.17,0,0,544735452,-97451672,0.00227192850301214,99.9956410033691,0
439.47,440,203,228,10353,12084,2024-10-09,2024-11-08,573.17,25,1731,34702882,-6568854,0.0348213154169732,99.7853895823408,0.143247269116187
409.75,410,346,481,11418,12025,2024-10-09,2024-11-01,573.17,135,607,105347613,-4307374,0.0114145918047521,99.9543871962244,0.0504781704781705
572,584,9,10,12681,12000,2024-10-09,2024-10-25,573.17,1,-681,43451240,-17558626,0.0276171635147812,99.7914121668335,-0.05675
571.35,582,11,11,14289,11715,2024-10-09,2024-10-25,573.17,0,-2574,43451240,-17558626,0.0269612558813051,99.8183734227148,-0.219718309859155
567.05,625,2,2,11590,11590,2024-10-09,2024-11-15,573.17,0,0,570936877,-150772420,0.00202999674165381,99.9962734934706,0
433.92,434,1431,1424,20034,11392,2024-10-09,2024-10-18,573.17,-7,-8642,202786239,-141389953,0.00561773819376373,99.798574103443,-0.758602528089888
331.96,332,2823,2823,11292,11292,2024-10-09,2024-10-18,573.17,0,0,202786239,-141389953,0.00556842518293364,99.8041425286259,0
565.45,588,5,5,11275,11275,2024-10-09,2024-11-29,573.17,0,0,125255713,-24941976,0.00900158542069853,99.9934310381515,0
324.89,325,1024,1023,15360,11253,2024-10-09,2024-11-08,573.17,-1,-4107,34702882,-6568854,0.0324267016209201,99.8178162839617,-0.364969341508931
572.5,610,3,3,11250,11250,2024-10-09,2024-11-15,573.17,0,0,570936877,-150772420,0.00197044549987967,99.9982439389705,0
375.96,376,2800,2800,11200,11200,2024-10-09,2024-10-18,573.17,0,0,202786239,-141389953,0.00552305721296996,99.8096655858389,0
530.92,531,1311,1362,23598,10896,2024-10-09,2024-10-11,573.17,51,-12702,31710501,-43957892,0.034360857307174,99.4498163242517,-1.16574889867841
405.96,406,2694,2710,18858,10840,2024-10-09,2024-10-18,573.17,16,-8018,202786239,-141389953,0.00534553037398164,99.8150111162129,-0.739667896678967
309.99,310,11474,10819,22948,10819,2024-10-09,2024-10-18,573.17,-655,-12129,202786239,-141389953,0.00533517464170732,99.8203462908546,-1.12108327941584
404.46,405,0,200,0,10800,2024-10-09,2024-11-22,573.17,200,10800,5416549,2029686,0.199388946726043,99.0378744842888,1
573.42,595,0,5,0,10790,2024-10-09,2024-10-25,573.17,5,10790,43451240,-17558626,0.0248324328603741,99.8432058555751,1
264.98,265,5320,5320,10640,10640,2024-10-09,2024-10-18,573.17,0,0,202786239,-141389953,0.00524690435232146,99.8255931952069,0
410.94,411,1668,1768,10008,10608,2024-10-09,2024-10-18,573.17,100,600,202786239,-141389953,0.00523112418885583,99.8308243193958,0.0565610859728507
430.92,431,1298,1295,11682,10360,2024-10-09,2024-10-18,573.17,-3,-1322,202786239,-141389953,0.00510882792199721,99.8359331473178,-0.127606177606178
565.6,586,3,5,6459,10200,2024-10-09,2024-12-20,573.17,2,3741,544735452,-97451672,0.00187246854643858,99.9975134719156,0.366764705882353
444.14,445,103,118,9064,10148,2024-10-09,2024-11-22,573.17,15,1084,5416549,2029686,0.187351762164434,99.2252262464532,0.106819077650769
421.93,422,1256,1448,13816,10136,2024-10-09,2024-10-18,573.17,192,-3680,202786239,-141389953,0.00499836677773781,99.8409315140955,-0.363062352012628
422.88,423,837,837,10044,10044,2024-10-09,2024-10-18,573.17,0,0,202786239,-141389953,0.00495299880777413,99.8458845129033,0
289.91,290,1122,1114,12342,10026,2024-10-09,2024-11-15,573.17,-8,-2316,570936877,-150772420,0.00175606102949276,100,-0.230999401555955
573.05,605,3,3,11181,9585,2024-10-09,2024-10-18,573.17,0,-1596,202786239,-141389953,0.00472665208806402,99.8506111649913,-0.166510172143975
404.95,405,1889,1889,9445,9445,2024-10-09,2024-10-18,573.17,0,0,202786239,-141389953,0.0046576138729019,99.8552687788642,0
420.93,421,897,1343,8073,9401,2024-10-09,2024-10-18,573.17,446,1328,202786239,-141389953,0.00463591614813666,99.8599046950124,0.141261567918307
374.79,375,441,441,9261,9261,2024-10-09,2024-11-01,573.17,0,0,105347613,-4307374,0.00879089685686566,99.9631780930812,0
367.98,368,4614,4608,13842,9216,2024-10-09,2024-10-18,573.17,-6,-4626,202786239,-141389953,0.004544687078101,99.8644493820905,-0.501953125
393.93,394,1315,1315,9205,9205,2024-10-09,2024-10-18,573.17,0,0,202786239,-141389953,0.00453926264690969,99.8689886447374,0
487.78,488,0,411,0,9042,2024-10-09,2024-10-18,573.17,411,9042,202786239,-141389953,0.00445888243925664,99.8734475271766,1
496.71,497,0,309,0,8961,2024-10-09,2024-10-18,573.17,309,8961,202786239,-141389953,0.00441893890048427,99.8778664660771,1
423.88,424,727,727,8724,8724,2024-10-09,2024-10-18,573.17,0,0,202786239,-141389953,0.00430206706481696,99.8821685331419,0
498.9,499,861,861,8610,8610,2024-10-09,2024-10-11,573.17,0,0,31710501,-43957892,0.0271518888963628,99.4769682131481,0
567.07,650,1,1,8293,8293,2024-10-09,2024-10-25,573.17,0,0,43451240,-17558626,0.0190857614190067,99.8622916169941,0
504.96,505,2087,2072,14609,8288,2024-10-09,2024-10-11,573.17,-15,-6321,31710501,-43957892,0.0261364524010516,99.5031046655491,-0.762668918918919
388.95,389,1654,1654,8270,8270,2024-10-09,2024-10-18,573.17,0,0,202786239,-141389953,0.00407818599564835,99.8862467191376,0
568.43,589,4,4,9120,8228,2024-10-09,2024-11-29,573.17,0,-892,125255713,-24941976,0.00656896184847074,100,-0.108410306271269
417.89,418,744,744,8184,8184,2024-10-09,2024-10-18,573.17,0,0,202786239,-141389953,0.00403577680633448,99.8902824959439,0
374.76,375,334,334,8016,8016,2024-10-09,2024-11-08,573.17,0,0,34702882,-6568854,0.023098946076006,99.8409152300377,0
488.4,490,28,50,5964,8000,2024-10-09,2024-11-22,573.17,22,2036,5416549,2029686,0.147695516093365,99.3729217625466,0.2545
284.98,285,3973,3973,7946,7946,2024-10-09,2024-10-18,573.17,0,0,202786239,-141389953,0.00391841184055887,99.8942009077845,0
333.95,334,1589,1589,7945,7945,2024-10-09,2024-10-18,573.17,0,0,202786239,-141389953,0.00391791871045057,99.8981188264949,0
356.96,357,1986,1986,7944,7944,2024-10-09,2024-10-18,573.17,0,0,202786239,-141389953,0.00391742558034226,99.9020362520753,0
416.9,417,769,769,7690,7690,2024-10-09,2024-10-18,573.17,0,0,202786239,-141389953,0.00379217053283384,99.9058284226081,0
339.98,340,3753,3759,11259,7518,2024-10-09,2024-10-18,573.17,6,-3741,202786239,-141389953,0.00370735215420609,99.9095357747623,-0.497605746209098
531.93,532,1032,1061,19608,7427,2024-10-09,2024-10-11,573.17,29,-12181,31710501,-43957892,0.0234212635114154,99.5265259290606,-1.64009694358422
274.99,275,7364,7364,7364,7364,2024-10-09,2024-10-18,573.17,0,0,202786239,-141389953,0.00363141011752775,99.9131671848798,0
562.48,587,3,3,7356,7356,2024-10-09,2024-12-20,573.17,0,0,544735452,-97451672,0.00135038025760805,99.9988638521732,0
414.85,415,490,486,10780,7290,2024-10-09,2024-10-25,573.17,-4,-3490,43451240,-17558626,0.0167774268352296,99.8790690438294,-0.478737997256516
401.95,402,1291,1455,6455,7275,2024-10-09,2024-10-18,573.17,164,820,202786239,-141389953,0.00358752153788897,99.9167547064177,0.112714776632302
385.96,386,1807,1811,10842,7244,2024-10-09,2024-10-18,573.17,4,-3598,202786239,-141389953,0.00357223450453164,99.9203269409223,-0.496686913307565
404.87,405,556,557,7228,7241,2024-10-09,2024-10-25,573.17,1,13,43451240,-17558626,0.0166646567508775,99.8957337005803,0.00179533213644524
566.76,584,4,4,6896,6896,2024-10-09,2024-11-01,573.17,0,0,105347613,-4307374,0.0065459480320641,99.9697240411133,0
444.26,445,93,93,6882,6882,2024-10-09,2024-11-08,573.17,0,0,34702882,-6568854,0.0198312059499842,99.8607464359877,0
357.93,358,983,983,6881,6881,2024-10-09,2024-10-18,573.17,0,0,202786239,-141389953,0.00339322827521842,99.9237201691975,0
425.93,426,970,969,7760,6783,2024-10-09,2024-10-18,573.17,-1,-977,202786239,-141389953,0.00334490152460493,99.9270650707221,-0.144036561993218
572.84,584,2,6,2684,6696,2024-10-09,2024-10-11,573.17,4,4012,31710501,-43957892,0.0211160334552898,99.5476419625158,0.599163679808841
269.99,270,6651,6651,6651,6651,2024-10-09,2024-10-18,573.17,0,0,202786239,-141389953,0.00327980835030921,99.9303448790724,0
571.9,605,0,2,0,6620,2024-10-09,2024-11-22,573.17,2,6620,5416549,2029686,0.12221803956726,99.4951398021139,1
324.98,325,3304,3304,9912,6608,2024-10-09,2024-10-18,573.17,0,-3304,202786239,-141389953,0.00325860375565228,99.9336034828281,-0.5
474.98,475,3331,3278,13324,6556,2024-10-09,2024-10-11,573.17,-53,-6768,31710501,-43957892,0.0206745393268936,99.5683165018427,-1.03233679072605
409.62,410,168,168,6384,6384,2024-10-09,2024-11-08,573.17,0,0,34702882,-6568854,0.018396166635382,99.879142602623,0
533.92,534,779,797,15580,6376,2024-10-09,2024-10-11,573.17,18,-9204,31710501,-43957892,0.0201069040189557,99.5884234058617,-1.4435382685069
392.96,393,1584,1577,9504,6308,2024-10-09,2024-10-18,573.17,-7,-3196,202786239,-141389953,0.00311066472316201,99.9367141475512,-0.506658211794547
374.99,375,6202,6200,6202,6200,2024-10-09,2024-10-11,573.17,-2,-2,31710501,-43957892,0.019551882828972,99.6079752886907,-0.00032258064516129
573.11,635,0,1,0,6189,2024-10-09,2024-12-20,573.17,1,6189,544735452,-97451672,0.00113614782685376,100,1
359.98,360,3050,3050,6100,6100,2024-10-09,2024-10-11,573.17,0,0,31710501,-43957892,0.0192365298801176,99.6272118185708,0
499.97,500,2034,2000,12204,6000,2024-10-09,2024-10-11,573.17,-34,-6204,31710501,-43957892,0.0189211769312632,99.646132995502,-1.034
485.8,486,0,295,0,5900,2024-10-09,2024-10-18,573.17,295,5900,202786239,-141389953,0.00290946763897525,99.9396236151902,1
384.82,385,286,318,6864,5724,2024-10-09,2024-11-01,573.17,32,-1140,105347613,-4307374,0.00543344062290239,99.9751574817362,-0.19916142557652
572,600,2,2,5600,5600,2024-10-09,2024-11-08,573.17,0,0,34702882,-6568854,0.0161369882766509,99.8952795908997,0
325.98,326,2738,2738,8214,5476,2024-10-09,2024-10-18,573.17,0,-2738,202786239,-141389953,0.00270038047305567,99.9423239956632,-0.5
484.98,485,2705,2705,13525,5410,2024-10-09,2024-10-11,573.17,0,-8115,31710501,-43957892,0.0170605945330224,99.6631935900351,-1.5
489.97,490,1791,1792,7164,5376,2024-10-09,2024-10-11,573.17,1,-1788,31710501,-43957892,0.0169533745304119,99.6801469645655,-0.332589285714286
454.98,455,2657,2657,5314,5314,2024-10-09,2024-10-11,573.17,0,0,31710501,-43957892,0.0167578557021221,99.6969048202676,0
567.43,620,1,1,5257,5257,2024-10-09,2024-11-01,573.17,0,0,105347613,-4307374,0.00499014628836441,99.9801476280246,0
389.72,390,187,187,5049,5236,2024-10-09,2024-11-08,573.17,0,187.000000000001,34702882,-6568854,0.0150880840386686,99.9103676749384,0.0357142857142859
490.77,491,0,227,0,5221,2024-10-09,2024-10-18,573.17,227,5221,202786239,-141389953,0.00257463229543894,99.9448986279587,1
406.95,407,946,1044,9460,5220,2024-10-09,2024-10-18,573.17,98,-4240,202786239,-141389953,0.00257413916533064,99.947472767124,-0.812260536398467
449.4,450,78,86,5850,5160,2024-10-09,2024-11-08,573.17,8,-690,34702882,-6568854,0.0148690820549141,99.9252367569933,-0.133720930232558
394.69,395,157,160,4553,4960,2024-10-09,2024-11-08,573.17,3,407.000000000001,34702882,-6568854,0.0142927610450337,99.9395295180383,0.0820564516129034
496.96,497,1336,1236,8016,4944,2024-10-09,2024-10-11,573.17,-100,-3072,31710501,-43957892,0.0155910497913609,99.7124958700589,-0.621359223300971
570.43,595,1,2,2831,4914,2024-10-09,2024-11-22,573.17,1,2083,5416549,2029686,0.0907219707603494,99.5858617728742,0.423890923890924
532.92,533,497,609,12922,4872,2024-10-09,2024-10-11,573.17,112,-8050,31710501,-43957892,0.0153639956681858,99.7278598657271,-1.65229885057471
342.98,343,561,2371,1122,4742,2024-10-09,2024-10-18,573.17,1810,3620,202786239,-141389953,0.00233842297356282,99.9498111900976,0.763390974272459
409.87,410,380,356,6080,4628,2024-10-09,2024-10-25,573.17,-24,-1452,43451240,-17558626,0.0106510193955339,99.9063847199758,-0.313742437337943
344.97,345,1516,1516,4548,4548,2024-10-09,2024-10-18,573.17,0,0,202786239,-141389953,0.00224275573255244,99.9520539458301,0
572.86,588,3,3,5265,4542,2024-10-09,2024-10-11,573.17,0,-723.000000000001,31710501,-43957892,0.0143233309369663,99.7421831966641,-0.159180977542933
369.84,370,276,280,4968,4480,2024-10-09,2024-11-01,573.17,4,-488,105347613,-4307374,0.00425258804867273,99.9844002160732,-0.108928571428571
384.93,385,631,631,4417,4417,2024-10-09,2024-10-18,573.17,0,0,202786239,-141389953,0.00217815568836503,99.9542321015185,0
469.98,470,2101,2189,6303,4378,2024-10-09,2024-10-11,573.17,88,-1925,31710501,-43957892,0.0138061521008451,99.7559893487649,-0.439698492462312
319.95,320,868,868,4340,4340,2024-10-09,2024-10-25,573.17,0,0,43451240,-17558626,0.00998820747117919,99.916372927447,0
346.98,347,2091,2091,4182,4182,2024-10-09,2024-10-18,573.17,0,0,202786239,-141389953,0.00206227011291432,99.9562943716314,0
279.99,280,4180,4180,4180,4180,2024-10-09,2024-10-18,573.17,0,0,202786239,-141389953,0.00206128385269772,99.9583556554841,0
570.88,581,2,4,2834,4048,2024-10-09,2024-10-25,573.17,2,1214,43451240,-17558626,0.00931618982565285,99.9256891172726,0.299901185770751
464.99,465,3896,3996,11688,3996,2024-10-09,2024-10-11,573.17,100,-7692,31710501,-43957892,0.0126015038362213,99.7685908526012,-1.92492492492493
573.32,593,0,2,0,3936,2024-10-09,2024-10-11,573.17,2,3936,31710501,-43957892,0.0124122920669087,99.7810031446681,1
551.27,559,5,5,4275,3865,2024-10-09,2024-11-22,573.17,0,-410,5416549,2029686,0.071355396212607,99.6572171690868,-0.10608020698577
404.62,405,101,101,3838,3838,2024-10-09,2024-11-08,573.17,0,0,34702882,-6568854,0.0110596001796047,99.9505891182179,0
390.96,391,955,955,5730,3820,2024-10-09,2024-10-18,573.17,0,-1910,202786239,-141389953,0.0018837570137094,99.9602394124978,-0.5
567.01,605,1,1,3799,3799,2024-10-09,2024-11-01,573.17,0,0,105347613,-4307374,0.00360615669573833,99.988006372769,0
573.09,582.5,3,4,4305,3764,2024-10-09,2024-10-11,573.17,1,-541,31710501,-43957892,0.0118698849948791,99.7928730296629,-0.143730074388948
329.98,330,1872,1872,3744,3744,2024-10-09,2024-10-18,573.17,0,0,202786239,-141389953,0.00184627912547853,99.9620856916233,0
349.89,350,335,340,4690,3740,2024-10-09,2024-11-01,573.17,5,-950.000000000001,105347613,-4307374,0.00355015162991875,99.9915565243989,-0.254010695187166
259.99,260,3665,3665,3665,3665,2024-10-09,2024-10-18,573.17,0,0,202786239,-141389953,0.00180732184692276,99.9638930134702,0
371.95,372,726,726,3630,3630,2024-10-09,2024-10-18,573.17,0,0,202786239,-141389953,0.00179006229313223,99.9656830757633,0
482.94,483,604,604,3624,3624,2024-10-09,2024-10-11,573.17,0,0,31710501,-43957892,0.011428390866483,99.8043014205294,0
494.97,495,1322,1183,7932,3549,2024-10-09,2024-10-11,573.17,-139,-4383,31710501,-43957892,0.0111918761548422,99.8154932966843,-1.23499577345731
299.98,300,1741,1739,5223,3478,2024-10-09,2024-10-25,573.17,-2,-1745,43451240,-17558626,0.00800437455870074,99.9336934918313,-0.501725129384704
344.85,345,27,227,513,3405,2024-10-09,2024-11-08,573.17,200,2892,34702882,-6568854,0.00981186519321363,99.9604009834111,0.849339207048458
354.98,355,1689,1689,3378,3378,2024-10-09,2024-10-11,573.17,0,0,31710501,-43957892,0.0106526226123012,99.8261459192966,0
492.77,493,0,145,0,3335,2024-10-09,2024-10-18,573.17,145,3335,202786239,-141389953,0.00164458891118347,99.9673276646745,1
394.9,395,329,333,4935,3330,2024-10-09,2024-10-25,573.17,4,-1605,43451240,-17558626,0.00766376287535177,99.9413572547067,-0.481981981981982
383.96,384,827,827,4135,3308,2024-10-09,2024-10-18,573.17,0,-827,202786239,-141389953,0.00163127439825934,99.9689589390728,-0.25
309.97,310,647,1061,2588,3183,2024-10-09,2024-10-25,573.17,414,595,43451240,-17558626,0.0073254526222957,99.948682707329,0.186930568645932
495.75,496,0,127,0,3175,2024-10-09,2024-10-18,573.17,127,3175,202786239,-141389953,0.00156568809385532,99.9705246271667,1
573.17,589,0,2,0,3166,2024-10-09,2024-10-25,573.17,2,3166,43451240,-17558626,0.00728632830731643,99.9559690356363,1
571.91,603,0,1,0,3109,2024-10-09,2024-10-18,573.17,1,3109,202786239,-141389953,0.00153314150670746,99.9720577686734,1
493.76,494,0,127,0,3048,2024-10-09,2024-10-18,573.17,127,3048,202786239,-141389953,0.00150306057010111,99.9735608292435,1
335.99,336,2988,2988,2988,2988,2024-10-09,2024-10-18,573.17,0,0,202786239,-141389953,0.00147347276360306,99.9750343020071,0
387.97,388,1039,994,4156,2982,2024-10-09,2024-10-18,573.17,-45,-1174,202786239,-141389953,0.00147051398295325,99.97650481599,-0.393695506371563
459.98,460,1468,1466,4404,2932,2024-10-09,2024-10-11,573.17,-2,-1472,31710501,-43957892,0.00924614846041064,99.835392067757,-0.502046384720328
365.95,366,582,582,2910,2910,2024-10-09,2024-10-18,573.17,0,0,202786239,-141389953,0.00143500861515559,99.9779398246052,0
319.99,320,2859,2859,2859,2859,2024-10-09,2024-10-18,573.17,0,0,202786239,-141389953,0.00140985897963224,99.9793496835848,0
364.97,365,840,950,3360,2850,2024-10-09,2024-10-18,573.17,110,-510,202786239,-141389953,0.00140542080865753,99.9807551043935,-0.178947368421053
404.77,405,99,123,3069,2829,2024-10-09,2024-11-01,573.17,24,-240,105347613,-4307374,0.00268539544412838,99.994241919843,-0.0848356309650051
399.67,400,83,83,2656,2739,2024-10-09,2024-11-08,573.17,0,83,34702882,-6568854,0.00789271623031194,99.9682936996414,0.0303030303030303
491.97,492,812,912,5684,2736,2024-10-09,2024-10-11,573.17,100,-2948,31710501,-43957892,0.00862805668065604,99.8440201244377,-1.07748538011696
572.59,586,3,2,5445,2682,2024-10-09,2024-10-11,573.17,-1,-2763,31710501,-43957892,0.00845776608827467,99.8524778905259,-1.03020134228188
314.97,315,470,862,1410,2586,2024-10-09,2024-10-25,573.17,392,1176,43451240,-17558626,0.00595149873743534,99.9619205343737,0.454756380510441
468.83,470,20,22,3000,2574,2024-10-09,2024-11-22,573.17,2,-426,5416549,2029686,0.0475210323030402,99.7047382013898,-0.165501165501166
399.99,400,1820,2468,1820,2468,2024-10-09,2024-10-11,573.17,648,648,31710501,-43957892,0.00778291077772628,99.8602608013037,0.262560777957861
488.96,489,600,601,3600,2404,2024-10-09,2024-10-11,573.17,1,-1196,31710501,-43957892,0.00758108489045947,99.8678418861941,-0.497504159733777
369.71,370,82,82,2378,2378,2024-10-09,2024-11-08,573.17,0,0,34702882,-6568854,0.00685245680747783,99.9751461564489,0
485.94,486,378,378,2268,2268,2024-10-09,2024-10-11,573.17,0,0,31710501,-43957892,0.00715220488001751,99.8749940910741,0
364.98,365,1115,1115,2230,2230,2024-10-09,2024-10-11,573.17,0,0,31710501,-43957892,0.00703237075945284,99.8820264618336,0
454.18,455,27,27,2214,2214,2024-10-09,2024-11-08,573.17,0,0,34702882,-6568854,0.00637987357937591,99.9815260300283,0
344.94,345,302,368,1812,2208,2024-10-09,2024-10-25,573.17,66,396,43451240,-17558626,0.00508155808671974,99.9670020924604,0.179347826086957
449.08,450,17,24,1938,2208,2024-10-09,2024-11-22,573.17,7,270,5416549,2029686,0.0407639624417687,99.7455021638316,0.122282608695652
563.73,585,1,1,2127,2127,2024-10-09,2024-11-22,573.17,0,0,5416549,2029686,0.0392685453413234,99.7847707091729,0
352.97,353,707,707,2121,2121,2024-10-09,2024-10-18,573.17,0,0,202786239,-141389953,0.00104592895970619,99.9818010333532,0
341.98,342,543,1030,3258,2060,2024-10-09,2024-10-18,573.17,487,-1198,202786239,-141389953,0.00101584802309983,99.9828168813763,-0.581553398058253
299.99,300,2005,2007,2005,2007,2024-10-09,2024-10-11,573.17,2,2,31710501,-43957892,0.00632913368350756,99.8883555955171,0.000996512207274539
373.97,374,667,667,3335,2001,2024-10-09,2024-10-18,573.17,0,-1334,202786239,-141389953,0.000986753346710079,99.983803634723,-0.666666666666667
334.99,335,1996,1996,1996,1996,2024-10-09,2024-10-11,573.17,0,0,31710501,-43957892,0.00629444485913357,99.8946500403762,0
323.98,324,980,980,4900,1960,2024-10-09,2024-10-18,573.17,0,-2940,202786239,-141389953,0.000966535012269743,99.9847701697352,-1.5
340.98,341,978,978,3912,1956,2024-10-09,2024-10-18,573.17,0,-1956,202786239,-141389953,0.000964562491836539,99.9857347322271,-1
449.99,450,1961,1953,3922,1953,2024-10-09,2024-10-11,573.17,-8,-1969,31710501,-43957892,0.00615884309112619,99.9008088834673,-1.00819252432156
567.69,587,1,1,1931,1931,2024-10-09,2024-11-22,573.17,0,0,5416549,2029686,0.035650005197036,99.82042071437,0
329.99,330,1923,1923,1923,1923,2024-10-09,2024-10-11,573.17,0,0,31710501,-43957892,0.00606423720646987,99.9068731206738,0
348.93,349,272,272,1904,1904,2024-10-09,2024-10-18,573.17,0,0,202786239,-141389953,0.000938919726204893,99.9866736519533,0
497.74,498,0,73,0,1898,2024-10-09,2024-10-18,573.17,73,1898,202786239,-141389953,0.000935960945555088,99.9876096128988,1
359.89,360,167,172,2839,1892,2024-10-09,2024-11-01,573.17,5,-947,105347613,-4307374,0.00179595905984125,99.9960378789029,-0.500528541226216
554.59,564,1,2,994,1882,2024-10-09,2024-11-22,573.17,1,888,5416549,2029686,0.0347453701609641,99.855166084531,0.471838469713071
434.99,435,1795,1875,1795,1875,2024-10-09,2024-10-11,573.17,80,80,31710501,-43957892,0.00591286779101976,99.9127859884648,0.0426666666666667
334.96,335,465,468,2325,1872,2024-10-09,2024-10-25,573.17,3,-453,43451240,-17558626,0.00430827750830586,99.9713103699687,-0.241987179487179
495.97,496,518,620,3108,1860,2024-10-09,2024-10-11,573.17,102,-1248,31710501,-43957892,0.00586556484869161,99.9186515533135,-0.670967741935484
304.98,305,923,918,2769,1836,2024-10-09,2024-10-25,573.17,-5,-933,43451240,-17558626,0.00422542601776152,99.9755357959865,-0.508169934640523
572.82,591,0,1,0,1818,2024-10-09,2024-10-11,573.17,1,1818,31710501,-43957892,0.00573311661017276,99.9243846699237,1
389.99,390,1788,1788,1788,1788,2024-10-09,2024-10-11,573.17,0,0,31710501,-43957892,0.00563851072551645,99.9300231806492,0
332.97,333,590,590,1770,1770,2024-10-09,2024-10-18,573.17,0,0,202786239,-141389953,0.000872840291692574,99.9884824531905,0
359.94,360,266,288,2394,1728,2024-10-09,2024-10-25,573.17,22,-666,43451240,-17558626,0.00397687154612849,99.9795126675326,-0.385416666666667
334.98,335,842,842,1684,1684,2024-10-09,2024-10-18,573.17,0,0,202786239,-141389953,0.000830431102378697,99.9893128842929,0
439.99,440,1625,1680,3250,1680,2024-10-09,2024-10-11,573.17,55,-1570,31710501,-43957892,0.00529792954075371,99.93532111019,-0.934523809523809
566.6,583,1,1,1760,1640,2024-10-09,2024-11-22,573.17,0,-120,5416549,2029686,0.0302775807991398,99.8854436653301,-0.0731707317073174
438.98,440,16,16,1632,1632,2024-10-09,2024-11-22,573.17,0,0,5416549,2029686,0.0301298852830465,99.9155735506131,0
404.99,405,1625,1625,1625,1625,2024-10-09,2024-10-11,573.17,0,0,31710501,-43957892,0.00512448541888379,99.9404455956089,0
493.96,494,495,405,2475,1620,2024-10-09,2024-10-11,573.17,-90,-855,31710501,-43957892,0.00510871777144108,99.9455543133803,-0.527777777777778
424.99,425,1550,1551,1550,1551,2024-10-09,2024-10-11,573.17,1,1,31710501,-43957892,0.00489112423673155,99.950445437617,0.000644745325596389
567.18,582.5,1,1,1532,1532,2024-10-09,2024-11-01,573.17,0,0,105347613,-4307374,0.00145423323450148,99.9974921121374,0
337.99,338,629,1502,1258,1502,2024-10-09,2024-10-18,573.17,873,244,202786239,-141389953,0.000740681422667936,99.9900535657156,0.162450066577896
324.99,325,1449,1449,1449,1449,2024-10-09,2024-10-11,573.17,0,0,31710501,-43957892,0.00456946422890007,99.9550149018459,0
339.95,340,284,284,1420,1420,2024-10-09,2024-10-25,573.17,0,0,43451240,-17558626,0.00326803101591577,99.9827806985486,0
379.91,380,162,155,1782,1395,2024-10-09,2024-10-25,573.17,-7,-387,43451240,-17558626,0.00321049525859331,99.9859911938071,-0.27741935483871
573.12,587,1,1,1600,1388,2024-10-09,2024-10-11,573.17,0,-212,31710501,-43957892,0.0043770989300989,99.959392000776,-0.152737752161383
382.97,383,458,458,1374,1374,2024-10-09,2024-10-18,573.17,0,0,202786239,-141389953,0.000677560768805422,99.9907311264844,0
328.98,329,677,677,1354,1354,2024-10-09,2024-10-18,573.17,0,0,202786239,-141389953,0.000667698166639404,99.991398824651,0
497.97,498,449,448,3143,1344,2024-10-09,2024-10-11,573.17,-1,-1799,31710501,-43957892,0.00423834363260297,99.9636303444086,-1.33854166666667
354.84,355,83,83,1328,1328,2024-10-09,2024-11-01,573.17,0,0,105347613,-4307374,0.00126058860014227,99.9987527007375,0
368.96,369,329,329,1316,1316,2024-10-09,2024-10-18,573.17,0,0,202786239,-141389953,0.00064895922252397,99.9920477838736,0
381.97,382,438,438,1752,1314,2024-10-09,2024-10-18,573.17,0,-438,202786239,-141389953,0.000647972962307368,99.9926957568358,-0.333333333333334
364.82,365,73,73,1314,1314,2024-10-09,2024-11-01,573.17,0,0,105347613,-4307374,0.00124729926249017,100,0
492.97,493,232,431,1160,1293,2024-10-09,2024-10-11,573.17,199,133,31710501,-43957892,0.00407751362868723,99.9677078580373,0.102861562258314
369.92,370,126,157,1134,1256,2024-10-09,2024-10-25,573.17,31,122,43451240,-17558626,0.00289059644788043,99.988881790255,0.0971337579617834
338.98,339,623,623,1869,1246,2024-10-09,2024-10-18,573.17,0,-623,202786239,-141389953,0.000614440114942908,99.9933101969508,-0.5
419.99,420,1227,1227,1227,1227,2024-10-09,2024-10-11,573.17,0,0,31710501,-43957892,0.00386938068244333,99.9715772387198,0
359.77,360,53,53,1219,1219,2024-10-09,2024-11-08,573.17,0,0,34702882,-6568854,0.00351267655522098,99.9850387065835,0
304.99,305,1211,1211,1211,1211,2024-10-09,2024-10-11,573.17,0,0,31710501,-43957892,0.00381892421062663,99.9753961629304,0
336.97,337,403,403,1209,1209,2024-10-09,2024-10-18,573.17,0,0,202786239,-141389953,0.000596194300935775,99.9939063912517,0
354.94,355,131,197,917,1182,2024-10-09,2024-10-25,573.17,66,265,43451240,-17558626,0.00272029060620594,99.9916020808612,0.22419627749577
384.69,385,38,38,1178,1178,2024-10-09,2024-11-08,573.17,0,0,34702882,-6568854,0.0033945307481955,99.9884332373317,0
454.02,455,9,12,918,1176,2024-10-09,2024-11-22,573.17,3,258,5416549,2029686,0.0217112408657247,99.9372847914789,0.219387755102041
394.99,395,1152,1152,1152,1152,2024-10-09,2024-10-11,573.17,0,0,31710501,-43957892,0.00363286597080254,99.9790290289012,0
349.95,350,225,225,1350,1125,2024-10-09,2024-10-25,573.17,0,-225,43451240,-17558626,0.00258910907951073,99.9941911899407,-0.2
434.22,435,4,14,348,1092,2024-10-09,2024-11-22,573.17,10,744,5416549,2029686,0.0201604379467443,99.9574452294256,0.681318681318681
370.95,371,213,213,1065,1065,2024-10-09,2024-10-18,573.17,0,0,202786239,-141389953,0.000525183565340447,99.9944315748171,0
334.85,335,71,71,1207,1065,2024-10-09,2024-11-08,573.17,0,-142,34702882,-6568854,0.00306890937761308,99.9915021467093,-0.133333333333333
327.98,328,527,527,1054,1054,2024-10-09,2024-10-18,573.17,0,0,202786239,-141389953,0.000519759134149137,99.9949513339512,0
389.9,390,104,104,1040,1040,2024-10-09,2024-10-25,573.17,0,0,43451240,-17558626,0.00239348750461437,99.9965846774453,0
386.96,387,212,247,1272,988,2024-10-09,2024-10-18,573.17,35,-284,202786239,-141389953,0.000487212547001279,99.9954385464982,-0.28744939271255
362.97,363,308,308,1540,924,2024-10-09,2024-10-18,573.17,0,-616,202786239,-141389953,0.000455652220070022,99.9958941987183,-0.666666666666667
498.73,499,0,33,0,891,2024-10-09,2024-10-18,573.17,33,891,202786239,-141389953,0.000439378926496092,99.9963335776448,1
354.98,355,445,445,890,890,2024-10-09,2024-10-18,573.17,0,0,202786239,-141389953,0.000438885796387791,99.9967724634412,0
330.98,331,441,441,882,882,2024-10-09,2024-10-18,573.17,0,0,202786239,-141389953,0.000434940755521384,99.9972074041967,0
345.98,346,440,440,880,880,2024-10-09,2024-10-18,573.17,0,0,202786239,-141389953,0.000433954495304783,99.997641358692,0
329.87,330,65,67,1040,871,2024-10-09,2024-11-08,573.17,2,-169,34702882,-6568854,0.0025098779980291,99.9940120247074,-0.194029850746269
444.99,445,798,863,1596,863,2024-10-09,2024-10-11,573.17,65,-733,31710501,-43957892,0.00272149594861336,99.9817505248498,-0.849362688296639
355.96,356,206,206,824,824,2024-10-09,2024-10-18,573.17,0,0,202786239,-141389953,0.000406339209239933,99.9980476979012,0
354.81,355,41,41,779,779,2024-10-09,2024-11-08,573.17,0,0,34702882,-6568854,0.00224477033348412,99.9962567950408,0
363.97,364,250,252,1250,756,2024-10-09,2024-10-18,573.17,2,-494,202786239,-141389953,0.000372806361875472,99.9984205042631,-0.653439153439154
490.97,491,250,250,1250,750,2024-10-09,2024-10-11,573.17,0,-500,31710501,-43957892,0.00236514711640791,99.9841156719662,-0.666666666666667
366.96,367,186,186,744,744,2024-10-09,2024-10-18,573.17,0,0,202786239,-141389953,0.000366888800575862,99.9987873930637,0
329.96,330,171,185,855,740,2024-10-09,2024-10-25,573.17,14,-115,43451240,-17558626,0.00170305841674484,99.9982877358621,-0.155405405405406
347.98,348,361,362,1083,724,2024-10-09,2024-10-18,573.17,1,-359,202786239,-141389953,0.000357026198409844,99.9991444192621,-0.49585635359116
384.99,385,719,719,719,719,2024-10-09,2024-10-11,573.17,0,0,31710501,-43957892,0.00226738770226305,99.9863830596685,0
349.84,350,41,44,902,704,2024-10-09,2024-11-08,573.17,3,-198,34702882,-6568854,0.00202864995477897,99.9982854449956,-0.28125
414.31,415,10,10,690,690,2024-10-09,2024-11-22,573.17,0,0,5416549,2029686,0.0127387382630527,99.9701839676887,0
319.99,320,631,631,631,631,2024-10-09,2024-10-11,573.17,0,0,31710501,-43957892,0.00198987710727118,99.9883729367757,0
353.95,354,126,126,630,630,2024-10-09,2024-10-18,573.17,0,0,202786239,-141389953,0.00031067196822956,99.9994550912303,0
364.93,365,63,90,567,630,2024-10-09,2024-10-25,573.17,27,63.0000000000001,43451240,-17558626,0.00144990108452601,99.9997376369466,0.1
424.33,425,1,9,67,603,2024-10-09,2024-11-22,573.17,8,536,5416549,2029686,0.0111325495255374,99.9813165172142,0.888888888888889
429.29,430,0,8,0,568,2024-10-09,2024-11-22,573.17,8,568,5416549,2029686,0.0104863816426289,99.9918028988568,1
309.99,310,541,541,541,541,2024-10-09,2024-10-11,573.17,0,0,31710501,-43957892,0.00170605945330224,99.990078996229,0
486.93,487,75,75,525,525,2024-10-09,2024-10-11,573.17,0,0,31710501,-43957892,0.00165560298148553,99.9917345992105,0
483.95,484,103,103,515,515,2024-10-09,2024-10-11,573.17,0,0,31710501,-43957892,0.00162406768660009,99.9933586668971,0
488.78,489,0,22,0,484,2024-10-09,2024-10-18,573.17,22,484,202786239,-141389953,0.00023867497241763,99.9996937662027,1
486.8,487,0,23,0,460,2024-10-09,2024-10-18,573.17,23,460,202786239,-141389953,0.000226839849818409,99.9999206060526,1
414.99,415,441,441,441,441,2024-10-09,2024-10-11,573.17,0,0,31710501,-43957892,0.00139070650444785,99.9947493734016,0
419.36,420,2,6,136,384,2024-10-09,2024-11-22,573.17,4,248,5416549,2029686,0.00708938477248152,99.9988922836293,0.645833333333333
487.96,488,93,93,372,372,2024-10-09,2024-10-11,573.17,0,0,31710501,-43957892,0.00117311296973832,99.9959224863713,0
364.84,365,20,20,320,320,2024-10-09,2024-11-08,573.17,0,0,34702882,-6568854,0.000922113615808624,99.9992075586114,0
409.99,410,320,319,320,319,2024-10-09,2024-10-11,573.17,-1,-1,31710501,-43957892,0.0010059759068455,99.9969284622782,-0.00313479623824451
339.89,340,25,25,275,275,2024-10-09,2024-11-08,573.17,0,0,34702882,-6568854,0.000792441388585536,100,0
481.96,482,68,61,340,244,2024-10-09,2024-10-11,573.17,-7,-96.0000000000001,31710501,-43957892,0.000769461195204705,99.9976979234734,-0.39344262295082
349.99,350,235,235,235,235,2024-10-09,2024-10-11,573.17,0,0,31710501,-43957892,0.00074107942980781,99.9984390029032,0
344.99,345,206,206,206,206,2024-10-09,2024-10-11,573.17,0,0,31710501,-43957892,0.000649627074640038,99.9990886299778,0
491.77,492,0,7,0,161,2024-10-09,2024-10-18,573.17,7,161,202786239,-141389953,7.93939474364432e-05,100,1
369.99,370,150,150,150,150,2024-10-09,2024-10-11,573.17,0,0,31710501,-43957892,0.000473029423281581,99.9995616594011,0
324.97,325,34,38,272,114,2024-10-09,2024-10-25,573.17,4,-158,43451240,-17558626,0.000262363053390421,100,-1.3859649122807
480.96,481,17,17,68,68,2024-10-09,2024-10-11,573.17,0,0,31710501,-43957892,0.000214440005220983,99.9997760994063,0
339.99,340,61,61,61,61,2024-10-09,2024-10-11,573.17,0,0,31710501,-43957892,0.000192365298801176,99.9999684647051,0
409.4,410,1,1,60,60,2024-10-09,2024-11-22,573.17,0,0,5416549,2029686,0.00110771637070024,100,0
314.99,315,10,10,10,10,2024-10-09,2024-10-11,573.17,0,0,31710501,-43957892,3.15352948854387e-05,100,0
589,589,0,0,0,0,2024-10-09,2024-10-11,573.17,0,0,31710501,-43957892,0,100,
568.59,592,0,0,0,0,2024-10-09,2024-10-11,573.17,0,0,31710501,-43957892,0,100,
567.12,594,0,0,0,0,2024-10-09,2024-10-11,573.17,0,0,31710501,-43957892,0,100,
567.42,595,0,0,0,0,2024-10-09,2024-10-11,573.17,0,0,31710501,-43957892,0,100,
567.27,600,0,0,0,0,2024-10-09,2024-10-11,573.17,0,0,31710501,-43957892,0,100,
568.94,605,0,0,0,0,2024-10-09,2024-10-11,573.17,0,0,31710501,-43957892,0,100,
571.62,610,0,0,0,0,2024-10-09,2024-10-11,573.17,0,0,31710501,-43957892,0,100,
571.91,615,0,0,0,0,2024-10-09,2024-10-11,573.17,0,0,31710501,-43957892,0,100,
567.1,620,0,0,0,0,2024-10-09,2024-10-11,573.17,0,0,31710501,-43957892,0,100,
625,625,0,0,0,0,2024-10-09,2024-10-11,573.17,0,0,31710501,-43957892,0,100,
630,630,0,0,0,0,2024-10-09,2024-10-11,573.17,0,0,31710501,-43957892,0,100,
571.18,635,0,0,0,0,2024-10-09,2024-10-11,573.17,0,0,31710501,-43957892,0,100,
570.37,640,0,0,0,0,2024-10-09,2024-10-11,573.17,0,0,31710501,-43957892,0,100,
645,645,0,0,0,0,2024-10-09,2024-10-11,573.17,0,0,31710501,-43957892,0,100,
569.77,650,0,0,0,0,2024-10-09,2024-10-11,573.17,0,0,31710501,-43957892,0,100,
571.67,655,0,0,0,0,2024-10-09,2024-10-11,573.17,0,0,31710501,-43957892,0,100,
566.74,660,0,0,0,0,2024-10-09,2024-10-11,573.17,0,0,31710501,-43957892,0,100,
593,593,0,0,0,0,2024-10-09,2024-10-18,573.17,0,0,202786239,-141389953,0,100,
594,594,0,0,0,0,2024-10-09,2024-10-18,573.17,0,0,202786239,-141389953,0,100,
596,596,0,0,0,0,2024-10-09,2024-10-18,573.17,0,0,202786239,-141389953,0,100,
597,597,0,0,0,0,2024-10-09,2024-10-18,573.17,0,0,202786239,-141389953,0,100,
598,598,0,0,0,0,2024-10-09,2024-10-18,573.17,0,0,202786239,-141389953,0,100,
599,599,0,0,0,0,2024-10-09,2024-10-18,573.17,0,0,202786239,-141389953,0,100,
572.97,601,0,0,0,0,2024-10-09,2024-10-18,573.17,0,0,202786239,-141389953,0,100,
602,602,0,0,0,0,2024-10-09,2024-10-18,573.17,0,0,202786239,-141389953,0,100,
604,604,0,0,0,0,2024-10-09,2024-10-18,573.17,0,0,202786239,-141389953,0,100,
606,606,0,0,0,0,2024-10-09,2024-10-18,573.17,0,0,202786239,-141389953,0,100,
607,607,0,0,0,0,2024-10-09,2024-10-18,573.17,0,0,202786239,-141389953,0,100,
608,608,0,0,0,0,2024-10-09,2024-10-18,573.17,0,0,202786239,-141389953,0,100,
609,609,0,0,0,0,2024-10-09,2024-10-18,573.17,0,0,202786239,-141389953,0,100,
573.03,611,0,0,0,0,2024-10-09,2024-10-18,573.17,0,0,202786239,-141389953,0,100,
612,612,0,0,0,0,2024-10-09,2024-10-18,573.17,0,0,202786239,-141389953,0,100,
613,613,0,0,0,0,2024-10-09,2024-10-18,573.17,0,0,202786239,-141389953,0,100,
614,614,0,0,0,0,2024-10-09,2024-10-18,573.17,0,0,202786239,-141389953,0,100,
571.29,615,0,0,0,0,2024-10-09,2024-10-18,573.17,0,0,202786239,-141389953,0,100,
616,616,0,0,0,0,2024-10-09,2024-10-18,573.17,0,0,202786239,-141389953,0,100,
617,617,0,0,0,0,2024-10-09,2024-10-18,573.17,0,0,202786239,-141389953,0,100,
618,618,0,0,0,0,2024-10-09,2024-10-18,573.17,0,0,202786239,-141389953,0,100,
619,619,0,0,0,0,2024-10-09,2024-10-18,573.17,0,0,202786239,-141389953,0,100,
567.04,620,0,0,0,0,2024-10-09,2024-10-18,573.17,0,0,202786239,-141389953,0,100,
621,621,0,0,0,0,2024-10-09,2024-10-18,573.17,0,0,202786239,-141389953,0,100,
622,622,0,0,0,0,2024-10-09,2024-10-18,573.17,0,0,202786239,-141389953,0,100,
623,623,0,0,0,0,2024-10-09,2024-10-18,573.17,0,0,202786239,-141389953,0,100,
624,624,0,0,0,0,2024-10-09,2024-10-18,573.17,0,0,202786239,-141389953,0,100,
569.67,625,0,0,0,0,2024-10-09,2024-10-18,573.17,0,0,202786239,-141389953,0,100,
626,626,0,0,0,0,2024-10-09,2024-10-18,573.17,0,0,202786239,-141389953,0,100,
627,627,0,0,0,0,2024-10-09,2024-10-18,573.17,0,0,202786239,-141389953,0,100,
628,628,0,0,0,0,2024-10-09,2024-10-18,573.17,0,0,202786239,-141389953,0,100,
629,629,0,0,0,0,2024-10-09,2024-10-18,573.17,0,0,202786239,-141389953,0,100,
567.75,630,0,0,0,0,2024-10-09,2024-10-18,573.17,0,0,202786239,-141389953,0,100,
631,631,0,0,0,0,2024-10-09,2024-10-18,573.17,0,0,202786239,-141389953,0,100,
632,632,0,0,0,0,2024-10-09,2024-10-18,573.17,0,0,202786239,-141389953,0,100,
633,633,0,0,0,0,2024-10-09,2024-10-18,573.17,0,0,202786239,-141389953,0,100,
634,634,0,0,0,0,2024-10-09,2024-10-18,573.17,0,0,202786239,-141389953,0,100,
568.48,635,0,0,0,0,2024-10-09,2024-10-18,573.17,0,0,202786239,-141389953,0,100,
636,636,0,0,0,0,2024-10-09,2024-10-18,573.17,0,0,202786239,-141389953,0,100,
637,637,0,0,0,0,2024-10-09,2024-10-18,573.17,0,0,202786239,-141389953,0,100,
638,638,0,0,0,0,2024-10-09,2024-10-18,573.17,0,0,202786239,-141389953,0,100,
639,639,0,0,0,0,2024-10-09,2024-10-18,573.17,0,0,202786239,-141389953,0,100,
568.57,640,0,0,0,0,2024-10-09,2024-10-18,573.17,0,0,202786239,-141389953,0,100,
641,641,0,0,0,0,2024-10-09,2024-10-18,573.17,0,0,202786239,-141389953,0,100,
642,642,0,0,0,0,2024-10-09,2024-10-18,573.17,0,0,202786239,-141389953,0,100,
643,643,0,0,0,0,2024-10-09,2024-10-18,573.17,0,0,202786239,-141389953,0,100,
644,644,0,0,0,0,2024-10-09,2024-10-18,573.17,0,0,202786239,-141389953,0,100,
569.66,645,0,0,0,0,2024-10-09,2024-10-18,573.17,0,0,202786239,-141389953,0,100,
646,646,0,0,0,0,2024-10-09,2024-10-18,573.17,0,0,202786239,-141389953,0,100,
647,647,0,0,0,0,2024-10-09,2024-10-18,573.17,0,0,202786239,-141389953,0,100,
648,648,0,0,0,0,2024-10-09,2024-10-18,573.17,0,0,202786239,-141389953,0,100,
649,649,0,0,0,0,2024-10-09,2024-10-18,573.17,0,0,202786239,-141389953,0,100,
553.85,650,0,0,0,0,2024-10-09,2024-10-18,573.17,0,0,202786239,-141389953,0,100,
651,651,0,0,0,0,2024-10-09,2024-10-18,573.17,0,0,202786239,-141389953,0,100,
652,652,0,0,0,0,2024-10-09,2024-10-18,573.17,0,0,202786239,-141389953,0,100,
653,653,0,0,0,0,2024-10-09,2024-10-18,573.17,0,0,202786239,-141389953,0,100,
654,654,0,0,0,0,2024-10-09,2024-10-18,573.17,0,0,202786239,-141389953,0,100,
555.64,655,0,0,0,0,2024-10-09,2024-10-18,573.17,0,0,202786239,-141389953,0,100,
656,656,0,0,0,0,2024-10-09,2024-10-18,573.17,0,0,202786239,-141389953,0,100,
660,660,0,0,0,0,2024-10-09,2024-10-18,573.17,0,0,202786239,-141389953,0,100,
665,665,0,0,0,0,2024-10-09,2024-10-18,573.17,0,0,202786239,-141389953,0,100,
566.72,670,0,0,0,0,2024-10-09,2024-10-18,573.17,0,0,202786239,-141389953,0,100,
571.1,675,0,0,0,0,2024-10-09,2024-10-18,573.17,0,0,202786239,-141389953,0,100,
566.58,680,0,0,0,0,2024-10-09,2024-10-18,573.17,0,0,202786239,-141389953,0,100,
582.5,582.5,0,0,0,0,2024-10-09,2024-10-25,573.17,0,0,43451240,-17558626,0,100,
572.14,605,0,0,0,0,2024-10-09,2024-10-25,573.17,0,0,43451240,-17558626,0,100,
610,610,0,0,0,0,2024-10-09,2024-10-25,573.17,0,0,43451240,-17558626,0,100,
571.96,615,0,0,0,0,2024-10-09,2024-10-25,573.17,0,0,43451240,-17558626,0,100,
571.3,620,0,0,0,0,2024-10-09,2024-10-25,573.17,0,0,43451240,-17558626,0,100,
568.56,625,0,0,0,0,2024-10-09,2024-10-25,573.17,0,0,43451240,-17558626,0,100,
567.32,630,0,0,0,0,2024-10-09,2024-10-25,573.17,0,0,43451240,-17558626,0,100,
570.75,635,0,0,0,0,2024-10-09,2024-10-25,573.17,0,0,43451240,-17558626,0,100,
640,640,0,0,0,0,2024-10-09,2024-10-25,573.17,0,0,43451240,-17558626,0,100,
566.75,645,0,0,0,0,2024-10-09,2024-10-25,573.17,0,0,43451240,-17558626,0,100,
567.05,655,0,0,0,0,2024-10-09,2024-10-25,573.17,0,0,43451240,-17558626,0,100,
566.56,660,0,0,0,0,2024-10-09,2024-10-25,573.17,0,0,43451240,-17558626,0,100,
573.44,610,0,0,0,0,2024-10-09,2024-11-01,573.17,0,0,105347613,-4307374,0,100,
568,615,0,0,0,0,2024-10-09,2024-11-01,573.17,0,0,105347613,-4307374,0,100,
625,625,0,0,0,0,2024-10-09,2024-11-01,573.17,0,0,105347613,-4307374,0,100,
569.04,630,0,0,0,0,2024-10-09,2024-11-01,573.17,0,0,105347613,-4307374,0,100,
567.75,635,0,0,0,0,2024-10-09,2024-11-01,573.17,0,0,105347613,-4307374,0,100,
568.5,640,0,0,0,0,2024-10-09,2024-11-01,573.17,0,0,105347613,-4307374,0,100,
568.48,645,0,0,0,0,2024-10-09,2024-11-01,573.17,0,0,105347613,-4307374,0,100,
650,650,0,0,0,0,2024-10-09,2024-11-01,573.17,0,0,105347613,-4307374,0,100,
655,655,0,0,0,0,2024-10-09,2024-11-01,573.17,0,0,105347613,-4307374,0,100,
568.59,660,0,0,0,0,2024-10-09,2024-11-01,573.17,0,0,105347613,-4307374,0,100,
596,596,0,0,0,0,2024-10-09,2024-11-08,573.17,0,0,34702882,-6568854,0,100,
573.11,597,0,0,0,0,2024-10-09,2024-11-08,573.17,0,0,34702882,-6568854,0,100,
565.98,598,0,0,0,0,2024-10-09,2024-11-08,573.17,0,0,34702882,-6568854,0,100,
599,599,0,0,0,0,2024-10-09,2024-11-08,573.17,0,0,34702882,-6568854,0,100,
601,601,0,0,0,0,2024-10-09,2024-11-08,573.17,0,0,34702882,-6568854,0,100,
602,602,0,0,0,0,2024-10-09,2024-11-08,573.17,0,0,34702882,-6568854,0,100,
603,603,0,0,0,0,2024-10-09,2024-11-08,573.17,0,0,34702882,-6568854,0,100,
604,604,0,0,0,0,2024-10-09,2024-11-08,573.17,0,0,34702882,-6568854,0,100,
605,605,0,0,0,0,2024-10-09,2024-11-08,573.17,0,0,34702882,-6568854,0,100,
573.96,610,0,0,0,0,2024-10-09,2024-11-08,573.17,0,0,34702882,-6568854,0,100,
571.39,615,0,0,0,0,2024-10-09,2024-11-08,573.17,0,0,34702882,-6568854,0,100,
568.78,620,0,0,0,0,2024-10-09,2024-11-08,573.17,0,0,34702882,-6568854,0,100,
568.81,625,0,0,0,0,2024-10-09,2024-11-08,573.17,0,0,34702882,-6568854,0,100,
568.92,630,0,0,0,0,2024-10-09,2024-11-08,573.17,0,0,34702882,-6568854,0,100,
568.93,635,0,0,0,0,2024-10-09,2024-11-08,573.17,0,0,34702882,-6568854,0,100,
640,640,0,0,0,0,2024-10-09,2024-11-08,573.17,0,0,34702882,-6568854,0,100,
568.85,645,0,0,0,0,2024-10-09,2024-11-08,573.17,0,0,34702882,-6568854,0,100,
650,650,0,0,0,0,2024-10-09,2024-11-08,573.17,0,0,34702882,-6568854,0,100,
566.02,655,0,0,0,0,2024-10-09,2024-11-08,573.17,0,0,34702882,-6568854,0,100,
566.78,660,0,0,0,0,2024-10-09,2024-11-08,573.17,0,0,34702882,-6568854,0,100,
568.59,601,0,0,0,0,2024-10-09,2024-11-15,573.17,0,0,570936877,-150772420,0,100,
569.62,602,0,0,0,0,2024-10-09,2024-11-15,573.17,0,0,570936877,-150772420,0,100,
570.28,605,0,0,0,0,2024-10-09,2024-11-15,573.17,0,0,570936877,-150772420,0,100,
569.36,615,0,0,0,0,2024-10-09,2024-11-15,573.17,0,0,570936877,-150772420,0,100,
566.48,620,0,0,0,0,2024-10-09,2024-11-15,573.17,0,0,570936877,-150772420,0,100,
567.03,630,0,0,0,0,2024-10-09,2024-11-15,573.17,0,0,570936877,-150772420,0,100,
566.3,635,0,0,0,0,2024-10-09,2024-11-15,573.17,0,0,570936877,-150772420,0,100,
567.09,640,0,0,0,0,2024-10-09,2024-11-15,573.17,0,0,570936877,-150772420,0,100,
567.09,645,0,0,0,0,2024-10-09,2024-11-15,573.17,0,0,570936877,-150772420,0,100,
569,650,0,0,0,0,2024-10-09,2024-11-15,573.17,0,0,570936877,-150772420,0,100,
567.08,655,0,0,0,0,2024-10-09,2024-11-15,573.17,0,0,570936877,-150772420,0,100,
569.78,660,0,0,0,0,2024-10-09,2024-11-15,573.17,0,0,570936877,-150772420,0,100,
566.39,665,0,0,0,0,2024-10-09,2024-11-15,573.17,0,0,570936877,-150772420,0,100,
566.95,670,0,0,0,0,2024-10-09,2024-11-15,573.17,0,0,570936877,-150772420,0,100,
675,675,0,0,0,0,2024-10-09,2024-11-15,573.17,0,0,570936877,-150772420,0,100,
568.17,680,0,0,0,0,2024-10-09,2024-11-15,573.17,0,0,570936877,-150772420,0,100,
581,581,0,0,0,0,2024-10-09,2024-11-22,573.17,0,0,5416549,2029686,0,100,
582,582,0,0,0,0,2024-10-09,2024-11-22,573.17,0,0,5416549,2029686,0,100,
584,584,0,0,0,0,2024-10-09,2024-11-22,573.17,0,0,5416549,2029686,0,100,
586,586,0,0,0,0,2024-10-09,2024-11-22,573.17,0,0,5416549,2029686,0,100,
572.15,600,0,0,0,0,2024-10-09,2024-11-22,573.17,0,0,5416549,2029686,0,100,
572.63,610,0,0,0,0,2024-10-09,2024-11-22,573.17,0,0,5416549,2029686,0,100,
615,615,0,0,0,0,2024-10-09,2024-11-22,573.17,0,0,5416549,2029686,0,100,
620,620,0,0,0,0,2024-10-09,2024-11-22,573.17,0,0,5416549,2029686,0,100,
625,625,0,0,0,0,2024-10-09,2024-11-22,573.17,0,0,5416549,2029686,0,100,
630,630,0,0,0,0,2024-10-09,2024-11-22,573.17,0,0,5416549,2029686,0,100,
635,635,0,0,0,0,2024-10-09,2024-11-22,573.17,0,0,5416549,2029686,0,100,
640,640,0,0,0,0,2024-10-09,2024-11-22,573.17,0,0,5416549,2029686,0,100,
645,645,0,0,0,0,2024-10-09,2024-11-22,573.17,0,0,5416549,2029686,0,100,
650,650,0,0,0,0,2024-10-09,2024-11-22,573.17,0,0,5416549,2029686,0,100,
655,655,0,0,0,0,2024-10-09,2024-11-22,573.17,0,0,5416549,2029686,0,100,
660,660,0,0,0,0,2024-10-09,2024-11-22,573.17,0,0,5416549,2029686,0,100,
567.09,605,0,0,0,0,2024-10-09,2024-11-29,573.17,0,0,125255713,-24941976,0,100,
573.66,610,0,0,0,0,2024-10-09,2024-11-29,573.17,0,0,125255713,-24941976,0,100,
572.73,615,0,0,0,0,2024-10-09,2024-11-29,573.17,0,0,125255713,-24941976,0,100,
570.03,620,0,0,0,0,2024-10-09,2024-11-29,573.17,0,0,125255713,-24941976,0,100,
625,625,0,0,0,0,2024-10-09,2024-11-29,573.17,0,0,125255713,-24941976,0,100,
630,630,0,0,0,0,2024-10-09,2024-11-29,573.17,0,0,125255713,-24941976,0,100,
572.19,635,0,0,0,0,2024-10-09,2024-11-29,573.17,0,0,125255713,-24941976,0,100,
570.05,640,2,0,13762,0,2024-10-09,2024-11-29,573.17,-2,-13762,125255713,-24941976,0,100,-Inf
571.21,645,0,0,0,0,2024-10-09,2024-11-29,573.17,0,0,125255713,-24941976,0,100,
569.97,650,2,0,15704,0,2024-10-09,2024-11-29,573.17,-2,-15704,125255713,-24941976,0,100,-Inf
571.5,655,0,0,0,0,2024-10-09,2024-11-29,573.17,0,0,125255713,-24941976,0,100,
570.06,660,2,0,17806,0,2024-10-09,2024-11-29,573.17,-2,-17806,125255713,-24941976,0,100,-Inf
570.99,665,0,0,0,0,2024-10-09,2024-11-29,573.17,0,0,125255713,-24941976,0,100,
566.97,606,0,0,0,0,2024-10-09,2024-12-20,573.17,0,0,544735452,-97451672,0,100,
567.27,607,0,0,0,0,2024-10-09,2024-12-20,573.17,0,0,544735452,-97451672,0,100,
572.01,615,0,0,0,0,2024-10-09,2024-12-20,573.17,0,0,544735452,-97451672,0,100,
569.53,625,0,0,0,0,2024-10-09,2024-12-20,573.17,0,0,544735452,-97451672,0,100,
573.73,630,0,0,0,0,2024-10-09,2024-12-20,573.17,0,0,544735452,-97451672,0,100,
568.5,640,0,0,0,0,2024-10-09,2024-12-20,573.17,0,0,544735452,-97451672,0,100,
568.48,645,0,0,0,0,2024-10-09,2024-12-20,573.17,0,0,544735452,-97451672,0,100,
570.56,650,0,0,0,0,2024-10-09,2024-12-20,573.17,0,0,544735452,-97451672,0,100,
570.54,655,0,0,0,0,2024-10-09,2024-12-20,573.17,0,0,544735452,-97451672,0,100,
568.47,660,0,0,0,0,2024-10-09,2024-12-20,573.17,0,0,544735452,-97451672,0,100,
568.45,665,0,0,0,0,2024-10-09,2024-12-20,573.17,0,0,544735452,-97451672,0,100,
670,670,0,0,0,0,2024-10-09,2024-12-20,573.17,0,0,544735452,-97451672,0,100,
675,675,0,0,0,0,2024-10-09,2024-12-20,573.17,0,0,544735452,-97451672,0,100,
568.47,680,0,0,0,0,2024-10-09,2024-12-20,573.17,0,0,544735452,-97451672,0,100,
568.45,685,0,0,0,0,2024-10-09,2024-12-20,573.17,0,0,544735452,-97451672,0,100,
690,690,0,0,0,0,2024-10-09,2024-12-20,573.17,0,0,544735452,-97451672,0,100,
695,695,0,0,0,0,2024-10-09,2024-12-20,573.17,0,0,544735452,-97451672,0,100,
570.1,700,0,0,0,0,2024-10-09,2024-12-20,573.17,0,0,544735452,-97451672,0,100,
705,705,0,0,0,0,2024-10-09,2024-12-20,573.17,0,0,544735452,-97451672,0,100,
571.19,710,0,0,0,0,2024-10-09,2024-12-20,573.17,0,0,544735452,-97451672,0,100,
570.54,715,0,0,0,0,2024-10-09,2024-12-20,573.17,0,0,544735452,-97451672,0,100,
572.9,725,0,0,0,0,2024-10-09,2024-12-20,573.17,0,0,544735452,-97451672,0,100,
572.89,730,0,0,0,0,2024-10-09,2024-12-20,573.17,0,0,544735452,-97451672,0,100,
568.81,735,0,0,0,0,2024-10-09,2024-12-20,573.17,0,0,544735452,-97451672,0,100,
568.47,740,0,0,0,0,2024-10-09,2024-12-20,573.17,0,0,544735452,-97451672,0,100,
571.94,745,0,0,0,0,2024-10-09,2024-12-20,573.17,0,0,544735452,-97451672,0,100,
571.91,750,0,0,0,0,2024-10-09,2024-12-20,573.17,0,0,544735452,-97451672,0,100,
571.83,755,0,0,0,0,2024-10-09,2024-12-20,573.17,0,0,544735452,-97451672,0,100,
571.19,760,0,0,0,0,2024-10-09,2024-12-20,573.17,0,0,544735452,-97451672,0,100,
573.71,765,0,0,0,0,2024-10-09,2024-12-20,573.17,0,0,544735452,-97451672,0,100,
571.17,770,0,0,0,0,2024-10-09,2024-12-20,573.17,0,0,544735452,-97451672,0,100,
