Watch,strike,open_interest.yt,open_interest.td,OI_Dollar.yt,OI_Dollar.td,Date.td,expiry,stkClose,diff_oi,diff_oi_d,totalOI,totalOIdiff,OI_pct,cum_sep_OI,pct
519.86,535,92587,92629,107586094,140240306,2024-12-19,2025-09-19,586.28,42,32654212,400392887,101286695,35.0256736703717,35.0256736703717,0.232844700153464
576.32,600,45098,44710,58221518,105873280,2024-12-19,2025-03-21,586.28,-388,47651762,932064068,492438205,11.3590131445771,11.3590131445771,0.450082985999867
580.59,600,65517,52742,41668812,102372222,2024-12-19,2025-01-17,586.28,-12775,60703410,1514554687,1064352666,6.75922915684061,6.75922915684061,0.592967592322066
548.65,560,80724,76938,43671684,87324630,2024-12-19,2025-03-21,586.28,-3786,43652946,932064068,492438205,9.36895144851781,20.7279645930949,0.499892710681969
576.18,590,59107,61903,23642800,85549946,2024-12-19,2025-01-17,586.28,2796,61907146,1514554687,1064352666,5.64852142575688,12.4077505825975,0.723637464364969
531.8,540,81696,92562,30390912,75900840,2024-12-19,2025-03-21,586.28,10866,45509928,932064068,492438205,8.14330716158452,28.8712717546794,0.599597158608521
579.26,595,71381,46261,35547738,72814814,2024-12-19,2025-01-17,586.28,-25120,37267076,1514554687,1064352666,4.80767149743732,17.2154220800348,0.511806237670263
581.99,620,9073,18871,16004772,71728671,2024-12-19,2024-12-20,586.28,9798,55723899,1011142267,766681971,7.0938257988972,7.0938257988972,0.776870646327743
513.87,520,114444,114632,31128768,70269416,2024-12-19,2025-03-21,586.28,188,39140648,932064068,492438205,7.5391186520882,36.4103904067676,0.557008300737834
573.36,585,37511,55005,12603696,64025820,2024-12-19,2025-01-17,586.28,17494,51422124,1514554687,1064352666,4.22736930858674,21.4427913886215,0.803146668016122
583.3,595,38288,54296,3637360,63526320,2024-12-19,2024-12-20,586.28,16008,59888960,1011142267,766681971,6.28262926724237,13.3764550661396,0.942742472726265
579.1,605,24213,24140,34455099,62522600,2024-12-19,2025-03-21,586.28,-73,28067501,932064068,492438205,6.7079723536773,43.1183627604449,0.448917687364249
579.26,598,3090,33233,1792200,62278642,2024-12-19,2025-01-17,586.28,30143,60486442,1514554687,1064352666,4.11201011984323,25.5548015084648,0.971222879265736
584.47,630,12527,12527,34599574,57035431,2024-12-19,2025-01-17,586.28,0,22435857,1514554687,1064352666,3.76582182799716,29.3206233364619,0.393367010762135
584.09,600,54949,33600,11154647,53457600,2024-12-19,2024-12-20,586.28,-21349,42302953,1011142267,766681971,5.28685247809941,18.663307544239,0.791336554577834
582.5,600,10702,30375,3124984,53156250,2024-12-19,2024-12-27,586.28,19673,50031266,251147067,226682685,21.1653875296899,21.1653875296899,0.941211353321576
545.37,550,91516,101076,10158276,46798188,2024-12-19,2025-01-17,586.28,9560,36639912,1514554687,1064352666,3.08989753897213,32.4105208754341,0.782934416178678
562.41,570,59595,61173,11501835,46430307,2024-12-19,2025-01-17,586.28,1578,34928472,1514554687,1064352666,3.065607825094,35.4761287005281,0.752277429481567
570.2,590,12044,23397,12393276,46326060,2024-12-19,2025-03-21,586.28,11353,33932784,932064068,492438205,4.97026562770576,48.0886283881507,0.732477227720208
557.87,580,20746,20815,29915732,46063595,2024-12-19,2025-06-20,586.28,69,16147863,449699453,166741904,10.2431956927464,10.2431956927464,0.35055585652835
583.78,605,20193,21503,16558260,45629366,2024-12-19,2025-01-17,586.28,1310,29071106,1514554687,1064352666,3.01272488815718,38.4888535886852,0.637113958585355
580,590,4437,43714,501381,43714000,2024-12-19,2024-12-27,586.28,39277,43212619,251147067,226682685,17.4057378101891,38.5711253398791,0.988530425035458
569.94,580,36374,43143,10039224,43401858,2024-12-19,2025-01-17,586.28,6769,33362634,1514554687,1064352666,2.86565142695306,41.3545050156383,0.768691377221685
583.67,605,22554,20056,9788436,42779448,2024-12-19,2024-12-20,586.28,-2498,32991012,1011142267,766681971,4.23080405163203,22.894111595871,0.771188351939464
540.38,550,42733,42524,19571714,40908088,2024-12-19,2025-03-21,586.28,-209,21336374,932064068,492438205,4.38897811904492,52.4776065071956,0.521568595432766
578.2,600,19414,18079,19375172,39412220,2024-12-19,2025-02-21,586.28,-1335,20037048,353457915,212469535,11.1504703466606,11.1504703466606,0.508396837326088
552.4,565,31136,30857,19086368,38879820,2024-12-19,2025-03-21,586.28,-279,19793452,932064068,492438205,4.17136775623454,56.6489742634301,0.509093200534365
527.2,535,49092,49122,17133108,38315160,2024-12-19,2025-03-21,586.28,30,21182052,932064068,492438205,4.11078608385963,60.7597603472898,0.552837362547879
572.84,590,20490,21992,15879750,37738272,2024-12-19,2025-02-21,586.28,1502,21858522,353457915,212469535,10.6768784623199,21.8273488089806,0.57921364285042
576.18,595,19167,20015,12746055,37668230,2024-12-19,2025-01-31,586.28,848,24922175,308816945,198957159,12.1975916833191,12.1975916833191,0.661623203426336
581.59,606,20987,14966,10430539,36532006,2024-12-19,2024-12-20,586.28,-6021,26101467,1011142267,766681971,3.61294421094554,26.5070558068166,0.714482172153372
583.7,607,15798,15480,9004860,36068400,2024-12-19,2024-12-20,586.28,-318,27063540,1011142267,766681971,3.56709448087981,30.0741502876964,0.750339355225072
586.48,615,12618,12569,18624168,35846788,2024-12-19,2025-01-17,586.28,-49,17222620,1514554687,1064352666,2.3668203140954,43.7213253297337,0.480450856573258
581.47,594,12373,27815,1039332,34852195,2024-12-19,2024-12-20,586.28,15442,33812863,1011142267,766681971,3.44681417614995,33.5209644638463,0.970178865348366
568.53,578,36709,36728,9030414,34781416,2024-12-19,2025-01-17,586.28,19,25751002,1514554687,1064352666,2.29647805381622,46.0178033835499,0.74036669467396
593.4,623,11371,11413,23958697,33782480,2024-12-19,2024-12-20,586.28,42,9823783,1011142267,766681971,3.34102144698497,36.8619859108313,0.290795199168326
555.9,570,21847,23448,14593796,33061680,2024-12-19,2025-03-21,586.28,1601,18467884,932064068,492438205,3.54714671824469,64.3069070655345,0.558588795245735
566.96,585,16538,18196,14983428,32825584,2024-12-19,2025-03-21,586.28,1658,17842156,932064068,492438205,3.52181627068151,67.828723336216,0.543544206250832
536.06,550,12062,21985,11591582,30647090,2024-12-19,2025-06-20,586.28,9923,19055508,449699453,166741904,6.81501607252344,17.0582117652698,0.62177218130661
566.31,575,33255,34960,7648650,30380240,2024-12-19,2025-01-17,586.28,1705,22731590,1514554687,1064352666,2.00588597168298,48.0236893552329,0.748236024468536
584.42,610,11155,11167,11991625,28565186,2024-12-19,2025-01-17,586.28,12,16573561,1514554687,1064352666,1.88604520161509,49.909734556848,0.580201403204586
581.98,608,10782,10905,10275246,28374810,2024-12-19,2025-01-17,586.28,123,18099564,1514554687,1064352666,1.87347543430104,51.783209991149,0.637874368145549
495.33,500,60817,60619,12528302,28309073,2024-12-19,2025-03-21,586.28,-198,15780771,932064068,492438205,3.03724539674026,70.8659687329562,0.557445699475924
540.73,545,72361,65998,7091378,28181146,2024-12-19,2025-01-17,586.28,-6363,21089768,1514554687,1064352666,1.86068857347242,53.6438985646215,0.748364456150932
583.56,604,16540,13522,6185960,27638968,2024-12-19,2024-12-20,586.28,-3018,21453008,1011142267,766681971,2.73344008079132,39.5954259916226,0.776187012481798
579.35,600,6309,13304,5179689,27472760,2024-12-19,2025-01-31,586.28,6995,22293071,308816945,198957159,8.89613100731891,21.093722690638,0.811460916194805
575.68,595,9562,14114,8500618,27268248,2024-12-19,2025-02-21,586.28,4552,18767630,353457915,212469535,7.71470855306777,29.5420573620483,0.68825947306919
553.8,560,55617,43741,8008848,27119420,2024-12-19,2025-01-17,586.28,-11876,19110572,1514554687,1064352666,1.7905870440187,55.4344856086402,0.704682179781131
536.12,540,75701,68493,6964492,26575284,2024-12-19,2025-01-17,586.28,-7208,19610792,1514554687,1064352666,1.75465991608661,57.1891455247268,0.737933487371198
526.4,540,19562,19498,16295146,26517280,2024-12-19,2025-06-20,586.28,-64,10222134,449699453,166741904,5.8966671680608,22.9548789333306,0.38548953738845
582.86,603,15437,12729,5001588,25636206,2024-12-19,2024-12-20,586.28,-2708,20634618,1011142267,766681971,2.53537082136435,42.130796812987,0.804901396095819
449.75,455,48528,48531,13781952,25478775,2024-12-19,2025-06-20,586.28,3,11696823,449699453,166741904,5.66573404304319,28.6206129763738,0.459081058645873
565.55,574,29485,29910,6132880,25273950,2024-12-19,2025-01-17,586.28,425,19141070,1514554687,1064352666,1.66873802688909,58.8578835516159,0.757343826350847
571.6,600,8313,8807,16235289,25011880,2024-12-19,2025-06-20,586.28,494,8776591,449699453,166741904,5.56191025653749,34.1825232329113,0.350896893796068
582.27,598,10308,15859,1535892,24946207,2024-12-19,2024-12-20,586.28,5551,23410315,1011142267,766681971,2.46713126472439,44.5979280777113,0.938431842564282
584.34,602,15531,13284,4271025,23459544,2024-12-19,2024-12-20,586.28,-2247,19188519,1011142267,766681971,2.32010319078077,46.9180312684921,0.81794083465561
487.99,490,113838,113669,5122710,22847469,2024-12-19,2025-01-17,586.28,-169,17724759,1514554687,1064352666,1.50852717277947,60.3664107243953,0.775786543358479
438.69,440,172147,172099,4131528,22544969,2024-12-19,2025-01-17,586.28,-48,18413441,1514554687,1064352666,1.48855430533556,61.8549650297309,0.816742795255119
560.17,575,14728,15063,10810352,22338429,2024-12-19,2025-03-21,586.28,335,11528077,932064068,492438205,2.39666239338389,73.2626311263401,0.516064804736269
561.99,575,31145,17102,16195400,22249702,2024-12-19,2025-02-21,586.28,-14043,6054302,353457915,212469535,6.29486596728213,35.8369233293305,0.272107105074935
536.14,545,24774,24938,10256436,22095068,2024-12-19,2025-03-21,586.28,164,11838632,932064068,492438205,2.37055249296446,75.6331836193046,0.535804279941569
507.52,510,88764,88474,5237076,21941552,2024-12-19,2025-01-17,586.28,-290,16704476,1514554687,1064352666,1.44871308961853,63.3036781193494,0.761316975207588
582.45,615,6623,6618,8941050,21541590,2024-12-19,2024-12-20,586.28,-5,12600540,1011142267,766681971,2.13042127730578,49.0484525457979,0.584940108877757
581.88,590,25372,26484,1268600,21505008,2024-12-19,2024-12-20,586.28,1112,20236408,1011142267,766681971,2.12680338878565,51.1752559345835,0.941009089603687
507,520,16086,16083,20284446,20907900,2024-12-19,2025-12-19,586.28,-3,623454,358192977,76766390,5.83704911668327,5.83704911668327,0.0298190636075359
582.94,610,7731,7692,6161607,20814552,2024-12-19,2024-12-20,586.28,-39,14652945,1011142267,766681971,2.05851863573615,53.2337745703197,0.703975997177359
563.78,572,25137,25181,5153085,20698782,2024-12-19,2025-01-17,586.28,44,15545697,1514554687,1064352666,1.36665794755815,64.6703360669076,0.751044046939574
478.87,485,33639,33640,14094741,20621320,2024-12-19,2025-06-20,586.28,1,6526579,449699453,166741904,4.58557818170173,38.768101414613,0.316496664617008
580.91,607,7578,7814,6562548,20386726,2024-12-19,2025-01-17,586.28,236,13824178,1514554687,1064352666,1.34605413558104,66.0163902024886,0.678097012732697
517.15,520,71548,71477,4722168,20370945,2024-12-19,2025-01-17,586.28,-71,15648777,1514554687,1064352666,1.34501217914755,67.3614023816362,0.768191019120615
509.2,520,18570,18709,12163350,20205720,2024-12-19,2025-06-20,586.28,139,8042370,449699453,166741904,4.49316090228822,43.2612623169012,0.398024420807573
583,601,12655,11143,2973925,20057400,2024-12-19,2024-12-20,586.28,-1512,17083475,1011142267,766681971,1.98363777824352,55.2174123485632,0.851729286946464
563.73,580,11448,12323,9536184,20049521,2024-12-19,2025-03-21,586.28,875,10513337,932064068,492438205,2.15108828763475,77.7842719069393,0.524368487406757
547.92,570,7147,9047,12357163,19975776,2024-12-19,2025-09-19,586.28,1900,7618613,400392887,101286695,4.98904367399514,40.0147173443668,0.381392592708288
562.78,571,23613,24137,4911504,19840614,2024-12-19,2025-01-17,586.28,524,14929110,1514554687,1064352666,1.30999654025698,68.6713989218931,0.752452015849913
509.24,515,34382,34361,8629882,19791936,2024-12-19,2025-03-21,586.28,-21,11162054,932064068,492438205,2.12345231186404,79.9077242188034,0.563969790524788
582.45,609,7175,7342,5187525,19493010,2024-12-19,2024-12-20,586.28,167,14305485,1011142267,766681971,1.92782070695498,57.1452330555182,0.733877682307658
500.05,505,39291,39348,8919057,19477260,2024-12-19,2025-03-21,586.28,57,10558203,932064068,492438205,2.08969111337956,81.9974153321829,0.542078454567018
565.93,580,9435,13689,5359080,19260423,2024-12-19,2025-02-21,586.28,4254,13901343,353457915,212469535,5.44914180235574,41.2860651316862,0.721756889763013
485.75,500,13293,13311,13718376,18968175,2024-12-19,2025-12-19,586.28,18,5249799,358192977,76766390,5.29551839873176,11.132567515415,0.276768798263407
580.35,610,6147,6264,10308519,18572760,2024-12-19,2025-03-21,586.28,117,8264241,932064068,492438205,1.99264842811213,83.9900637602951,0.444965691690411
573.8,580,8948,29260,492140,18141200,2024-12-19,2024-12-27,586.28,20312,17649060,251147067,226682685,7.22333739219021,45.7944627320693,0.972871695367451
491.44,500,20964,20940,10670676,17924640,2024-12-19,2025-06-20,586.28,-24,7253964,449699453,166741904,3.98591545540528,47.2471777723065,0.40469231181212
583.46,608,7114,7241,4588530,17769414,2024-12-19,2024-12-20,586.28,127,13180884,1011142267,766681971,1.75736042097427,58.9025934764925,0.741773701710141
552.63,560,24024,24025,5693688,17706425,2024-12-19,2025-01-31,586.28,1,12012737,308816945,198957159,5.73363129409884,26.8273539847368,0.678439436532219
453.52,455,119077,119022,3572310,17615256,2024-12-19,2025-01-17,586.28,-55,14042946,1514554687,1064352666,1.16306503497024,69.8344639568634,0.797203628491122
573.83,590,10787,10717,6213312,17329389,2024-12-19,2025-01-31,586.28,-70,11116077,308816945,198957159,5.61154084339511,32.4388948281319,0.641458103341093
517.88,530,13534,14221,10001626,17235852,2024-12-19,2025-06-20,586.28,687,7234226,449699453,166741904,3.83274915835844,51.079926930665,0.419719663408574
566.49,576,17363,18071,3906675,17185521,2024-12-19,2025-01-17,586.28,708,13278846,1514554687,1064352666,1.1346913483884,70.9691553052518,0.772676370998587
606,800,862,862,16722800,16722800,2024-12-19,2024-12-20,586.28,0,0,1011142267,766681971,1.65385233569709,60.5564458121896,0
413.33,420,24991,25011,11770761,16682337,2024-12-19,2025-12-19,586.28,20,4911576,358192977,76766390,4.65736015812504,15.7899276735401,0.2944177425501
497.77,500,73853,74100,3840356,16524300,2024-12-19,2025-01-17,586.28,247,12683944,1514554687,1064352666,1.09103356530037,72.0601888705522,0.767593423019432
502.6,505,67863,67357,3596739,16165680,2024-12-19,2025-01-17,586.28,-506,12568941,1514554687,1064352666,1.06735531828307,73.1275441888352,0.777507720058791
542.49,550,20694,21484,5918484,16134484,2024-12-19,2025-02-21,586.28,790,10216000,353457915,212469535,4.56475391136736,45.8508190430535,0.633177980777074
568.12,580,13486,13567,5637148,16117596,2024-12-19,2025-01-31,586.28,81,10480448,308816945,198957159,5.21914236280007,37.658037190932,0.650248833634991
593.31,626,4884,4884,11013420,15965796,2024-12-19,2024-12-20,586.28,0,4952376,1011142267,766681971,1.57898611511608,62.1354319273056,0.310186601407158
528,550,7281,7249,12741750,15947800,2024-12-19,2025-12-19,586.28,-32,3206050,358192977,76766390,4.45229276508121,20.2422204386213,0.201033998419845
572.92,595,6834,7210,7722420,15919680,2024-12-19,2025-03-21,586.28,376,8197260,932064068,492438205,1.70800275931246,85.6980665196075,0.514913616354098
477.36,490,12542,12557,11776938,15872048,2024-12-19,2025-12-19,586.28,15,4095110,358192977,76766390,4.43114438840603,24.6733648270273,0.258007662275215
513.7,530,9637,9635,10745255,15705050,2024-12-19,2025-09-19,586.28,-2,4959795,400392887,101286695,3.92240984041257,43.9371271847794,0.315808927701599
550.45,560,16483,16444,5999812,15704020,2024-12-19,2025-02-21,586.28,-39,9704208,353457915,212469535,4.44296741805881,50.2937864611124,0.617944195180597
582.34,599,9537,9424,1649901,15700384,2024-12-19,2024-12-20,586.28,-113,14050483,1011142267,766681971,1.55273738547021,63.6881693127759,0.894913334603791
458.66,460,116947,116974,3625357,15674516,2024-12-19,2025-01-17,586.28,27,12049159,1514554687,1064352666,1.03492572005094,74.1624699088862,0.768710115195901
504.94,510,30235,30850,7256400,15610100,2024-12-19,2025-03-21,586.28,615,8353700,932064068,492438205,1.67478830435935,87.3728548239669,0.535147116290094
520.58,540,8022,8017,12578496,15569014,2024-12-19,2025-12-19,586.28,-5,2990518,358192977,76766390,4.3465436230482,29.0199084500755,0.192081399631345
579.99,605,6061,6199,6994394,15503699,2024-12-19,2025-02-21,586.28,138,8509305,353457915,212469535,4.38629277830714,54.6800792394195,0.548856437421805
551.15,575,6428,6464,11692532,15416640,2024-12-19,2025-09-19,586.28,36,3724108,400392887,101286695,3.85037809125715,47.7875052760365,0.241564180002906
593.44,625,4876,4873,11185544,15379188,2024-12-19,2024-12-20,586.28,-3,4193644,1011142267,766681971,1.52097172691922,65.2091410396951,0.272683057128894
522.92,530,21431,21570,6772196,15271560,2024-12-19,2025-03-21,586.28,139,8499364,932064068,492438205,1.63846676685749,89.0113215908244,0.55654851239821
525.81,530,36487,36427,4378440,15262913,2024-12-19,2025-01-31,586.28,-60,10884473,308816945,198957159,4.94238196676675,42.6004191576987,0.713132086908967
535,560,6388,6092,12367168,15230000,2024-12-19,2025-12-19,586.28,-296,2862832,358192977,76766390,4.25189799296372,33.2718064430392,0.187973210768221
532.8,555,6730,6734,12309170,14949480,2024-12-19,2025-12-19,586.28,4,2640310,358192977,76766390,4.17358266630671,37.4453891093459,0.176615507696589
572.25,575,57600,53029,921600,14582975,2024-12-19,2024-12-20,586.28,-4571,13661375,1011142267,766681971,1.44222781263678,66.6513688523318,0.936803018588457
526.75,530,43823,44317,3330548,14403025,2024-12-19,2025-01-17,586.28,494,11072477,1514554687,1064352666,0.950974245012521,75.1134441538987,0.768760520793375
445.84,455,15588,15422,10319256,14126552,2024-12-19,2025-12-19,586.28,-166,3807296,358192977,76766390,3.94383835169387,41.3892274610398,0.269513466555745
579.43,585,22083,25334,662490,14111038,2024-12-19,2024-12-20,586.28,3251,13448548,1011142267,766681971,1.39555416290396,68.0469230152358,0.953051646519554
550.18,570,6802,7103,8509302,14078146,2024-12-19,2025-06-20,586.28,301,5568844,449699453,166741904,3.13056773942752,54.2104946700925,0.395566575314676
561.08,600,3633,3602,10528434,14018984,2024-12-19,2025-12-19,586.28,-31,3490550,358192977,76766390,3.91380761214645,45.3030350731863,0.248987373122047
551.87,557,27148,27133,5891116,13919229,2024-12-19,2025-01-31,586.28,-15,8028113,308816945,198957159,4.50727501368165,47.1076941713804,0.576764201522944
581,603,6194,6318,4552590,13899600,2024-12-19,2025-01-17,586.28,124,9347010,1514554687,1064352666,0.917735101895334,76.031179255794,0.672466114132781
539.7,560,6035,6845,9197340,13895350,2024-12-19,2025-09-19,586.28,810,4698010,400392887,101286695,3.47042878411574,51.2579340601523,0.338099436142307
490.5,495,30603,30608,6028791,13773600,2024-12-19,2025-03-21,586.28,5,7744809,932064068,492438205,1.47775249286833,90.4890740836927,0.562293735842481
552.54,558,22674,24852,3060990,13569192,2024-12-19,2025-01-17,586.28,2178,10508202,1514554687,1064352666,0.895919580617956,76.927098836412,0.774416192209529
518.43,525,20439,20523,6009066,13483611,2024-12-19,2025-03-21,586.28,84,7474545,932064068,492438205,1.4466399320524,91.9357140157451,0.554342972368455
543,560,7888,7862,8566368,13365400,2024-12-19,2025-06-20,586.28,-26,4799032,449699453,166741904,2.97207388419928,57.1825685542918,0.359063851437293
563.43,575,15393,11291,5479908,13063687,2024-12-19,2025-01-31,586.28,-4102,7583779,308816945,198957159,4.23023645933678,51.3379306307172,0.580523630120654
558.7,585,4777,4939,9940937,12989570,2024-12-19,2025-09-19,586.28,162,3048633,400392887,101286695,3.2442059841088,54.5021400442611,0.234698531206191
581.62,604,6595,5762,5078150,12895356,2024-12-19,2025-01-17,586.28,-833,7817206,1514554687,1064352666,0.851428879438013,77.77852771585,0.606203194390291
564.8,590,5061,5092,8350650,12831840,2024-12-19,2025-06-20,586.28,31,4481190,449699453,166741904,2.85342575233241,60.0359943066242,0.349224273369992
557.63,564,19568,20067,3072176,12782679,2024-12-19,2025-01-17,586.28,499,9710503,1514554687,1064352666,0.843989266925691,78.6225169827757,0.759661022544648
581.68,601,6607,6582,2041563,12716424,2024-12-19,2024-12-27,586.28,-25,10674861,251147067,226682685,5.06333764988782,50.8578003819571,0.839454629697783
571.87,605,3854,3827,8201312,12678851,2024-12-19,2025-06-20,586.28,-27,4477539,449699453,166741904,2.81940547523859,62.8553997818628,0.353150218422789
491.21,505,9151,9155,9901382,12624745,2024-12-19,2025-12-19,586.28,4,2723363,358192977,76766390,3.52456519548121,48.8276002686675,0.215716277833731
566.57,600,3981,3775,9900747,12619825,2024-12-19,2025-09-19,586.28,-206,2719078,400392887,101286695,3.15186043752071,57.6540004817818,0.215460832460038
560.62,572,54,10967,25326,12480446,2024-12-19,2025-02-21,586.28,10913,12455120,353457915,212469535,3.53095671941595,58.2110359588354,0.997970745596752
493.1,495,65661,65653,3217389,12474070,2024-12-19,2025-01-17,586.28,-8,9256681,1514554687,1064352666,0.823613046598429,79.4461300293741,0.742073837969484
582.53,606,5060,5256,4250400,12335832,2024-12-19,2025-01-17,586.28,196,8085432,1514554687,1064352666,0.8144857432936,80.2606157726677,0.655442778403597
523.4,540,7432,7427,9275136,12328820,2024-12-19,2025-09-19,586.28,-5,3053684,400392887,101286695,3.07918057495362,60.7331810567354,0.247686639921744
561.52,568,18648,18979,3300696,12298392,2024-12-19,2025-01-17,586.28,331,8997696,1514554687,1064352666,0.812013729551121,81.0726295022188,0.731615645362418
549.8,555,23991,23526,3070848,12233520,2024-12-19,2025-01-17,586.28,-465,9162672,1514554687,1064352666,0.807730490355018,81.8803599925739,0.748980832990014
552,585,3646,3645,9034788,12028500,2024-12-19,2025-12-19,586.28,-1,2993712,358192977,76766390,3.35810604125831,52.1857063099258,0.24888489836638
558.33,560,71914,70880,791054,11836960,2024-12-19,2024-12-20,586.28,-1034,11045906,1011142267,766681971,1.17065227973503,69.2175752949708,0.933170847920412
554.86,565,11554,11581,4552276,11743134,2024-12-19,2025-02-21,586.28,27,7190858,353457915,212469535,3.32235706194329,61.5333930207787,0.612345733259963
581.1,592,10450,10750,658350,11717500,2024-12-19,2024-12-20,586.28,300,11059150,1011142267,766681971,1.15883791850232,70.3764132134732,0.943814806912737
481.25,485,30788,30841,5387900,11565375,2024-12-19,2025-03-21,586.28,53,6177475,932064068,492438205,1.24083476630707,93.1765487820522,0.53413529608854
576.29,580,30413,31138,638673,11552198,2024-12-19,2024-12-20,586.28,725,10913525,1011142267,766681971,1.14248987279255,71.5189030862657,0.944714157427011
513.44,525,9927,9964,6938973,11518384,2024-12-19,2025-06-20,586.28,37,4579411,449699453,166741904,2.5613515700674,65.4167513519302,0.397574086781618
583.39,597,9937,8459,1281873,11512699,2024-12-19,2024-12-20,586.28,-1478,10230826,1011142267,766681971,1.13858349865618,72.6574865849219,0.888655735722788
506.37,515,13377,13293,7678398,11471859,2024-12-19,2025-06-20,586.28,-84,3793461,449699453,166741904,2.55100577140351,67.9677571233337,0.330675350873821
554.73,561,17977,18045,2624642,11314215,2024-12-19,2025-01-17,586.28,68,8689573,1514554687,1064352666,0.747032450997922,82.6273924435718,0.768022615797914
549.39,558,73,13102,24601,11280822,2024-12-19,2025-02-21,586.28,13029,11256221,353457915,212469535,3.19156016070541,64.7249531814842,0.997819219202289
553.63,559,20791,20888,4802721,11216856,2024-12-19,2025-01-31,586.28,97,6414135,308816945,198957159,3.63220224201104,54.9701328727282,0.571830020818668
566.56,605,2509,2908,7622342,11178352,2024-12-19,2025-12-19,586.28,399,3556010,358192977,76766390,3.12076247100735,55.3064687809331,0.318115765186138
580.95,610,3790,3824,5336320,11108720,2024-12-19,2025-02-21,586.28,34,5772400,353457915,212469535,3.14286921541989,67.867822396904,0.519627823907705
584.05,615,3583,3589,8936002,11107955,2024-12-19,2025-06-20,586.28,6,2171953,449699453,166741904,2.47008416974881,70.4378412930825,0.195531310668795
580.85,650,1571,1604,7324002,11091660,2024-12-19,2025-03-21,586.28,33,3767658,932064068,492438205,1.19001047039612,94.3665592524483,0.339683870583844
527.8,545,6311,6281,8109635,10803320,2024-12-19,2025-09-19,586.28,-30,2693685,400392887,101286695,2.69817980058172,63.4313608573171,0.249338629236198
443.74,450,17121,17147,8063991,10734022,2024-12-19,2025-09-19,586.28,26,2670031,400392887,101286695,2.68087230031137,66.1122331576285,0.248744692343653
580,600,5220,5334,3716640,10668000,2024-12-19,2025-01-24,586.28,114,6951360,44279935,29820575,24.09217628707,24.09217628707,0.651608548931384
571.71,583,9273,9354,2735535,10560666,2024-12-19,2025-01-17,586.28,81,7825131,1514554687,1064352666,0.697278618635974,83.3246710622077,0.740969461585093
583.4,596,7028,8364,780108,10538640,2024-12-19,2024-12-20,586.28,1336,9758532,1011142267,766681971,1.04225096150589,73.6997375464278,0.925976406822892
582.56,605,4587,4675,4421868,10490700,2024-12-19,2025-01-31,586.28,88,6068832,308816945,198957159,3.39706100000439,58.3671938727326,0.578496382510223
532.14,550,5810,5835,8041040,10421310,2024-12-19,2025-09-19,586.28,25,2380270,400392887,101286695,2.60277101276277,68.7150041703913,0.228404106585449
603.17,780,589,589,10415287,10415287,2024-12-19,2024-12-20,586.28,0,0,1011142267,766681971,1.03005159015868,74.7297891365865,0
586.44,627,2562,2562,5618466,10391472,2024-12-19,2024-12-20,586.28,0,4773006,1011142267,766681971,1.0276963330621,75.7574854696486,0.459319526627219
511.36,525,7455,7435,7343175,10141340,2024-12-19,2025-09-19,586.28,-20,2798165,400392887,101286695,2.53284719316205,71.2478513635533,0.275916693454711
577.92,590,8216,8367,2522312,10107336,2024-12-19,2025-01-10,586.28,151,7585024,116669968,87839585,8.66318571373912,8.66318571373912,0.750447397810857
596.57,625,3531,3530,7980060,10035790,2024-12-19,2025-01-17,586.28,-1,2055730,1514554687,1064352666,0.662623151619483,83.9872942138272,0.204839878076365
538.9,540,91439,91148,731512,10026280,2024-12-19,2024-12-20,586.28,-291,9294768,1011142267,766681971,0.991579555837121,76.7490650254857,0.927040537467535
577.21,590,3614,7755,726414,9918645,2024-12-19,2025-01-03,586.28,4141,9192231,111409876,89722965,8.90284179115324,8.90284179115324,0.92676277858518
571.12,585,6938,7112,3385744,9871456,2024-12-19,2025-01-31,586.28,174,6485712,308816945,198957159,3.19653961993569,61.5637334926683,0.657016756190779
555,560,19568,19689,1858960,9844500,2024-12-19,2025-01-10,586.28,121,7985540,116669968,87839585,8.43790408856545,17.1010898023046,0.811167657067398
540.38,555,6711,6703,6845220,9799786,2024-12-19,2025-06-20,586.28,-8,2954566,449699453,166741904,2.17918566158452,72.617026954667,0.301492910151303
543.81,565,4496,4491,7171120,9516429,2024-12-19,2025-09-19,586.28,-5,2345309,400392887,101286695,2.37677274221907,73.6246241057724,0.24644843144419
503.07,515,7894,7974,7412466,9512982,2024-12-19,2025-09-19,586.28,80,2100516,400392887,101286695,2.37591183781444,76.0005359435868,0.220805211236603
533.59,540,14726,14706,3416432,9426546,2024-12-19,2025-02-21,586.28,-20,6010114,353457915,212469535,2.66695003845083,70.5347724353549,0.637573295669485
558.14,565,13358,13702,2204070,9399572,2024-12-19,2025-01-17,586.28,344,7195502,1514554687,1064352666,0.620616216811457,84.6079104306387,0.765513791479016
580.69,600,5326,4848,2796150,9361488,2024-12-19,2025-01-10,586.28,-478,6565338,116669968,87839585,8.02390551782786,25.1249953201324,0.701313509134445
581.21,600,5386,4979,2165172,9355541,2024-12-19,2025-01-03,586.28,-407,7190369,111409876,89722965,8.39740724601471,17.3002490371679,0.768567953472707
581.5,605,3230,3944,1621460,9268400,2024-12-19,2024-12-27,586.28,714,7646940,251147067,226682685,3.69042733037372,54.5482277123308,0.82505502567865
583.3,620,2559,2503,6430767,9186010,2024-12-19,2025-05-16,586.28,-56,2755243,60963155,21859848,15.0681341869528,15.0681341869528,0.299939037732378
581,599,5458,5099,1408164,9178200,2024-12-19,2024-12-27,586.28,-359,7770036,251147067,226682685,3.65451211898883,58.2027398313196,0.846575145453357
569.5,585,4542,5805,2961384,8997750,2024-12-19,2025-02-21,586.28,1263,6036366,353457915,212469535,2.54563545422374,73.0804078895786,0.670875052096358
561.52,585,3814,3829,5965096,8990492,2024-12-19,2025-06-20,586.28,15,3025396,449699453,166741904,1.99922235618107,74.6162493108481,0.336510615881756
559.03,570,8181,8131,3771441,8919707,2024-12-19,2025-02-21,586.28,-50,5148266,353457915,212469535,2.52355559784253,75.6039634874211,0.577178824371698
548.4,565,5197,5309,6038914,8812940,2024-12-19,2025-06-20,586.28,112,2774026,449699453,166741904,1.95973998660835,76.5759892974564,0.314767376153701
494.02,510,5485,5501,6263870,8790598,2024-12-19,2025-12-19,586.28,16,2526728,358192977,76766390,2.45415141123775,57.7606201921709,0.287435280284686
567.23,577,9296,8913,2231040,8708001,2024-12-19,2025-01-17,586.28,-383,6476961,1514554687,1064352666,0.574954544378231,85.1828649750169,0.743794241640533
441.65,450,10375,10412,6608875,8694020,2024-12-19,2025-12-19,586.28,37,2085145,358192977,76766390,2.42718885021579,60.1878090423867,0.239836692347154
521.87,525,27416,27770,1836872,8692010,2024-12-19,2025-01-17,586.28,354,6855138,1514554687,1064352666,0.57389872248304,85.7567636975,0.788671204934187
580.23,602,3893,3978,2651133,8660106,2024-12-19,2025-01-17,586.28,85,6008973,1514554687,1064352666,0.571792228721286,86.3285559262212,0.693868296762187
554.99,580,3588,3444,6960720,8613444,2024-12-19,2025-09-19,586.28,-144,1652724,400392887,101286695,2.15124800656112,78.151783950148,0.191877256066215
586,602,5408,5341,2330848,8545600,2024-12-19,2025-01-03,586.28,-67,6214752,111409876,89722965,7.67041514344743,24.9706641806154,0.727245834113462
548.3,580,2615,2614,6106025,8286380,2024-12-19,2025-12-19,586.28,-1,2180355,358192977,76766390,2.31338427386308,62.5011933162498,0.263125152358448
564.67,573,2218,9830,450254,8188390,2024-12-19,2025-01-17,586.28,7612,7738136,1514554687,1064352666,0.540646704294277,86.8692026305155,0.945013122237705
501.13,510,9080,9110,5275480,8080570,2024-12-19,2025-06-20,586.28,30,2805090,449699453,166741904,1.79688232798451,78.3728716254409,0.347140115115642
584.43,609,3240,3267,3366360,8027019,2024-12-19,2025-01-17,586.28,27,4660659,1514554687,1064352666,0.529992021344555,87.3991946518601,0.580621398803217
548.74,550,64572,63555,516576,8007930,2024-12-19,2024-12-20,586.28,-1017,7491354,1011142267,766681971,0.791968673583299,77.541033699069,0.935491943610896
579.56,595,5096,5172,2181088,7985568,2024-12-19,2025-01-10,586.28,76,5804480,116669968,87839585,6.84457888940194,31.9695742095344,0.72687127578151
582.65,598,4975,5054,1129325,7757890,2024-12-19,2024-12-27,586.28,79,6628565,251147067,226682685,3.0889829185224,61.291722749842,0.854428845987762
559.2,590,2441,2472,5262796,7613760,2024-12-19,2025-09-19,586.28,31,2350964,400392887,101286695,1.90157224246594,80.0533561926139,0.308778317152104
578.4,588,7784,7922,747264,7605120,2024-12-19,2024-12-27,586.28,138,6857856,251147067,226682685,3.02815401782096,64.319876767663,0.901741984347387
546,551,15022,15046,1577310,7523000,2024-12-19,2025-01-17,586.28,24,5945690,1514554687,1064352666,0.496713658778569,87.8959083106386,0.790334972750233
575.68,591,4852,4856,2081508,7439392,2024-12-19,2025-01-17,586.28,4,5357884,1514554687,1064352666,0.491193356295097,88.3871016669337,0.720204554350678
570.4,577,14149,11257,1372453,7429620,2024-12-19,2025-01-03,586.28,-2892,6057167,111409876,89722965,6.66872656783138,31.6393907484468,0.815272786495137
563.53,569,13826,13566,2696070,7420602,2024-12-19,2025-01-17,586.28,-260,4724532,1514554687,1064352666,0.489952727603292,88.877054394537,0.636677725068667
532.07,545,5652,5679,5041584,7342947,2024-12-19,2025-06-20,586.28,27,2301363,449699453,166741904,1.6328565558651,80.005728181306,0.313411359226752
582.5,593,6555,6949,471960,7296450,2024-12-19,2024-12-20,586.28,394,6824490,1011142267,766681971,0.721604687898978,78.262638386968,0.935316489525728
493.38,505,6148,6181,5127432,7182322,2024-12-19,2025-09-19,586.28,33,2054890,400392887,101286695,1.7938185799989,81.8471747726128,0.286103853322087
507.54,520,4666,5727,4610008,7135842,2024-12-19,2025-09-19,586.28,1061,2525834,400392887,101286695,1.78220998216684,83.6293847547796,0.35396439551212
394.7,400,13372,13394,5388916,7098820,2024-12-19,2025-12-19,586.28,22,1709904,358192977,76766390,1.98184231847739,64.4830356347272,0.240871581474104
499.41,500,116757,118191,350271,6973269,2024-12-19,2024-12-20,586.28,1434,6622998,1011142267,766681971,0.689642716715748,78.9522811036837,0.949769469670538
543.86,555,6158,6259,3085158,6972526,2024-12-19,2025-03-21,586.28,101,3887368,932064068,492438205,0.748073682849021,95.1146329352973,0.557526497570608
550.6,556,4400,12885,558800,6957900,2024-12-19,2025-01-17,586.28,8485,6399100,1514554687,1064352666,0.459402361613107,89.3364567561501,0.919688411733425
574.82,588,5193,5274,1962954,6951132,2024-12-19,2025-01-17,586.28,81,4988178,1514554687,1064352666,0.458955497590428,89.7954122537406,0.717606571131148
508.49,525,4138,4147,5578024,6846697,2024-12-19,2025-12-19,586.28,9,1268673,358192977,76766390,1.91145484128239,66.3944904760095,0.185297085587401
537.18,538,83446,83440,584122,6842080,2024-12-19,2024-12-20,586.28,-6,6257958,1011142267,766681971,0.676668380236943,79.6289494839207,0.91462800785726
574.82,610,1893,1938,4272501,6817884,2024-12-19,2025-06-20,586.28,45,2545383,449699453,166741904,1.51609790817335,81.5218260894794,0.373339147453961
588.36,620,2130,2151,4260000,6805764,2024-12-19,2025-02-21,586.28,21,2545764,353457915,212469535,1.9254807181217,77.5294442055428,0.374059987974899
555.5,575,2658,3474,3617538,6774300,2024-12-19,2025-06-20,586.28,816,3156762,449699453,166741904,1.50640610185488,83.0282321913342,0.465990877286214
583.29,607,2820,2857,1663800,6773947,2024-12-19,2024-12-27,586.28,37,5110147,251147067,226682685,2.69720330837071,67.0170800760337,0.754382489263645
578.69,594,4245,4316,1931475,6607796,2024-12-19,2025-01-17,586.28,71,4676321,1514554687,1064352666,0.436286392080605,90.2316986458212,0.707697543931441
581.13,599,3459,3684,3524721,6583308,2024-12-19,2025-02-21,586.28,225,3058587,353457915,212469535,1.86254366379092,79.3919878693338,0.464597281488273
558.09,575,3889,3892,4452905,6581372,2024-12-19,2025-05-16,586.28,3,2128467,60963155,21859848,10.7956551789355,25.8637893658883,0.323407793997969
604.15,624,3272,3272,6740320,6494920,2024-12-19,2024-12-20,586.28,0,-245400.000000001,1011142267,766681971,0.642334932676689,80.2712844165973,-0.0377833753148616
418.65,425,10154,10168,5056692,6456680,2024-12-19,2025-12-19,586.28,14,1399988,358192977,76766390,1.80257023855607,68.1970607145656,0.216827843411784
583.92,602,3510,3553,1260090,6423824,2024-12-19,2024-12-27,586.28,43,5163734,251147067,226682685,2.55779375675528,69.574873832789,0.803841138860591
560.04,567,9326,9228,1632050,6422688,2024-12-19,2025-01-17,586.28,-98,4790638,1514554687,1064352666,0.424064449777111,90.6557630955983,0.745892996826251
447.17,450,22685,22672,2586090,6416176,2024-12-19,2025-03-21,586.28,-13,3830086,932064068,492438205,0.688383580086686,95.803016515384,0.596942166174993
576.84,592,4124,4190,1826932,6352040,2024-12-19,2025-01-17,586.28,66,4525108,1514554687,1064352666,0.419399844358344,91.0751629399566,0.712386571872973
523.35,535,5592,5448,4356168,6346920,2024-12-19,2025-06-20,586.28,-144,1990752,449699453,166741904,1.41136929512787,84.4396014864621,0.313656387665198
577.5,596,3339,3413,1686195,6314050,2024-12-19,2025-01-17,586.28,74,4627855,1514554687,1064352666,0.416891516311421,91.492054456268,0.732945573760106
581,598,3769,3708,1771430,6303600,2024-12-19,2025-01-10,586.28,-61,4532170,116669968,87839585,5.40293282672367,37.372507036258,0.718981217082302
583.55,611,2185,2289,1988350,6283305,2024-12-19,2024-12-20,586.28,104,4294955,1011142267,766681971,0.621406621507595,80.8926910381049,0.683550297176406
589.22,615,2413,2435,6184519,6277430,2024-12-19,2025-07-18,586.28,22,92911.0000000009,27667536,4356049,22.6887931039468,22.6887931039468,0.014800802239133
525.49,545,3196,3204,5247832,6251004,2024-12-19,2025-12-19,586.28,8,1003172,358192977,76766390,1.74514979393356,69.9422105084992,0.160481740213252
564,595,1887,2003,4319343,6209300,2024-12-19,2025-09-19,586.28,116,1889957,400392887,101286695,1.55080177535721,85.1801865301368,0.304375211376484
480.24,490,6256,6354,4347920,6201504,2024-12-19,2025-09-19,586.28,98,1853584,400392887,101286695,1.54885468782067,86.7290412179575,0.298892655717065
512.12,530,3458,3458,4920734,6182904,2024-12-19,2025-12-19,586.28,0,1262170,358192977,76766390,1.7261376958823,71.6683482043815,0.20413870246085
566.37,595,2094,2152,3808986,6161176,2024-12-19,2025-06-20,586.28,58,2352190,449699453,166741904,1.37006526445564,85.8096667509178,0.381776141437933
541.72,545,18743,18754,1199552,6151312,2024-12-19,2025-01-10,586.28,11,4951760,116669968,87839585,5.2724039488894,42.6449109851474,0.804992495909816
489.46,500,5729,5823,4439975,6137442,2024-12-19,2025-09-19,586.28,94,1697467,400392887,101286695,1.53285490308923,88.2618961210467,0.276575648291259
567.82,570,30400,27874,395200,6076532,2024-12-19,2024-12-20,586.28,-2526,5681332,1011142267,766681971,0.600957174703884,81.4936482128088,0.934962903182276
560.74,570,6492,6557,1941108,6071782,2024-12-19,2025-01-31,586.28,65,4130674,308816945,198957159,1.96614275813136,63.5298762507997,0.68030670402857
557.44,563,10392,10822,1548408,6017032,2024-12-19,2025-01-17,586.28,430,4468624,1514554687,1064352666,0.397280603443803,91.8893350597118,0.742662495396401
531.41,535,16545,16550,1356690,5941450,2024-12-19,2025-01-17,586.28,5,4584760,1514554687,1064352666,0.392290225701173,92.281625285413,0.771656750456538
582.74,608,2341,2345,3129917,5923470,2024-12-19,2025-02-21,586.28,4,2793553,353457915,212469535,1.67586288172384,81.0678507510576,0.471607520591815
512.46,515,23527,23285,1364566,5914390,2024-12-19,2025-01-17,586.28,-242,4549824,1514554687,1064352666,0.390503561922555,92.6721288473356,0.769280348438301
570.57,580,6298,6211,1184024,5856973,2024-12-19,2025-01-10,586.28,-87,4672949,116669968,87839585,5.02012051636116,47.6650315015086,0.797843698442865
500,515,3898,3899,4704886,5848500,2024-12-19,2025-12-19,586.28,1,1143614,358192977,76766390,1.63277908153961,73.3011272859211,0.195539711037018
519.22,520,73715,74452,368575,5807256,2024-12-19,2024-12-20,586.28,737,5438681,1011142267,766681971,0.574326302986996,82.0679745157958,0.936531986879862
567.73,590,2299,2606,3273776,5803562,2024-12-19,2025-05-16,586.28,307,2529786,60963155,21859848,9.51978617248402,35.3835755383723,0.435902295865884
580.08,597,1718,3418,816050,5783256,2024-12-19,2025-01-10,586.28,1700,4967206,116669968,87839585,4.95693630429384,52.6219678058024,0.858894366771936
546.93,575,1902,1993,4237656,5594351,2024-12-19,2025-12-19,586.28,91,1356695,358192977,76766390,1.5618259874481,74.8629532733692,0.242511597860055
582,604,2129,2501,947405,5502200,2024-12-19,2024-12-27,586.28,372,4554795,251147067,226682685,2.19082789447826,71.7657017272672,0.827813420086511
541.96,570,1863,1947,3942108,5459388,2024-12-19,2025-12-19,586.28,84,1517280,358192977,76766390,1.52414713591663,76.3871004092858,0.277921261504037
468.71,480,4799,4820,4151135,5441780,2024-12-19,2025-12-19,586.28,21,1290645,358192977,76766390,1.51923134997703,77.9063317592628,0.237173314613968
581.86,605,2191,2348,1327746,5433272,2024-12-19,2025-01-03,586.28,157,4105526,111409876,89722965,4.87683156563248,36.5162223140792,0.755626811983644
558.13,580,2472,2482,3937896,5428134,2024-12-19,2025-07-18,586.28,10,1490238,27667536,4356049,19.6191449791554,42.3079380831022,0.274539648431671
579.91,595,1529,3590,425062,5417310,2024-12-19,2025-01-03,586.28,2061,4992248,111409876,89722965,4.86250429001465,41.3787266040939,0.921536334453816
574.65,589,3866,3763,1418822,5399905,2024-12-19,2025-01-17,586.28,-103,3981083,1514554687,1064352666,0.356534171156013,93.0286630184916,0.737250562741382
534.1,538,13766,13806,1968538,5384340,2024-12-19,2025-01-31,586.28,40,3415802,308816945,198957159,1.74353774531381,65.2734139961135,0.634395673378724
583.25,603,2865,2643,1148865,5219925,2024-12-19,2024-12-27,586.28,-222,4071060,251147067,226682685,2.07843358967039,73.8441353169376,0.779907757295363
581.92,602.5,2724,2536,1026948,5219088,2024-12-19,2024-12-27,586.28,-188,4192140,251147067,226682685,2.07810031880643,75.9222356357441,0.803232288859663
483.45,490,7896,7835,3545304,5131925,2024-12-19,2025-06-20,586.28,-61,1586621,449699453,166741904,1.14118995826308,86.9508567091808,0.309166833108434
581.93,605,1991,2218,1413610,5116926,2024-12-19,2025-01-10,586.28,227,3703316,116669968,87839585,4.38581246546669,57.0077802712691,0.723738432019537
582.88,607,2123,2110,2210043,5089320,2024-12-19,2025-01-31,586.28,-13,2879277,308816945,198957159,1.64800542275943,66.9214194188729,0.565748862323454
579.8,620,1314,1263,3771180,5077260,2024-12-19,2025-08-15,586.28,-51,1306080,61643559,10479837,8.23648095983556,8.23648095983556,0.257241110362676
560.07,575,3392,3392,5064256,5064256,2024-12-19,2025-07-18,586.28,0,0,27667536,4356049,18.3039646175937,60.6119027006959,0
590.95,615,2134,2097,4946612,5043285,2024-12-19,2025-05-16,586.28,-37,96673,60963155,21859848,8.27267716049145,43.6562526988638,0.0191686569368973
524.16,525,60491,59915,423437,5032860,2024-12-19,2024-12-20,586.28,-576,4609423,1011142267,766681971,0.497740047494227,82.56571456329,0.9158655317255
448.59,450,31037,35574,837999,5015934,2024-12-19,2025-01-17,586.28,4537,4177935,1514554687,1064352666,0.331182098807899,93.3598451172995,0.832932610357313
404.14,405,58192,58246,989264,5009156,2024-12-19,2025-01-17,586.28,54,4019892,1514554687,1064352666,0.330734574525139,93.6905796918246,0.802508845801568
574.8,593,2740,2745,2378320,4995900,2024-12-19,2025-02-21,586.28,5,2617580,353457915,212469535,1.41343559953948,82.4812863505971,0.523945635421045
516.63,520,14549,14522,1556743,4893914,2024-12-19,2025-01-31,586.28,-27,3337171,308816945,198957159,1.5847297498523,68.5061491687252,0.681902256557839
580.55,599,2314,2645,1411540,4880025,2024-12-19,2025-01-17,586.28,331,3468485,1514554687,1064352666,0.322208570075885,94.0127882619005,0.710751481805933
529.05,530,50012,51086,250060,4853170,2024-12-19,2024-12-20,586.28,1074,4603110,1011142267,766681971,0.479969056619409,83.0456836199094,0.948474914334342
525.39,535,5042,5043,3090746,4846323,2024-12-19,2025-05-16,586.28,1,1755577,60963155,21859848,7.94959348806669,51.6058461869305,0.362249276410177
445,450,9657,9636,2810187,4818000,2024-12-19,2025-06-20,586.28,-21,2007813,449699453,166741904,1.07138222380715,88.022238932988,0.416731631382316
535.48,555,2440,2467,3518480,4815584,2024-12-19,2025-09-19,586.28,27,1297104,400392887,101286695,1.20271467260106,89.4646107936478,0.269355492501013
579.85,597,2689,2753,1487017,4721395,2024-12-19,2025-01-17,586.28,64,3234378,1514554687,1064352666,0.311734864414308,94.3245231263148,0.685047110017273
606.32,850,193,193,4703024,4703024,2024-12-19,2024-12-20,586.28,0,0,1011142267,766681971,0.465119909778235,83.5108035296877,0
580.69,587,7381,7446,243573,4698426,2024-12-19,2024-12-20,586.28,65,4454853,1011142267,766681971,0.464665176537418,83.9754687062251,0.948158596091542
578.86,584,8852,9103,247856,4678942,2024-12-19,2024-12-20,586.28,251,4431086,1011142267,766681971,0.462738246901907,84.438206953127,0.947027340796274
580.04,603,2065,2007,1899800,4608072,2024-12-19,2025-01-31,586.28,-58,2708272,308816945,198957159,1.49216941447303,69.9983185831982,0.587723455709893
581.49,591,4917,4788,280269,4553388,2024-12-19,2024-12-20,586.28,-129,4273119,1011142267,766681971,0.450321200943329,84.8885281540703,0.938448249962446
581.53,601,3783,2323,1645605,4522881,2024-12-19,2025-01-03,586.28,-1460,2877276,111409876,89722965,4.05967689973912,45.438403503833,0.636160005094098
579.9,604,2096,1871,1999584,4509110,2024-12-19,2025-01-31,586.28,-225,2509526,308816945,198957159,1.46012389313676,71.458442476335,0.556545748495823
467.24,475,5624,5745,3385648,4458120,2024-12-19,2025-09-19,586.28,121,1072472,400392887,101286695,1.11343636331881,90.5780471569666,0.240565978484204
581.2,588,6523,6490,254397,4413200,2024-12-19,2024-12-20,586.28,-33,4158803,1011142267,766681971,0.436456880899036,85.3249850349694,0.942355433698903
584.29,608,1825,1856,1949100,4400576,2024-12-19,2025-01-31,586.28,31,2451476,308816945,198957159,1.42497880095278,72.8834212772878,0.557080709434401
602.44,628,1717,1717,4277047,4388652,2024-12-19,2024-12-20,586.28,0,111605,1011142267,766681971,0.434029131530707,85.7590141665001,0.0254303599374022
581.46,595,2870,3224,505120,4365296,2024-12-19,2024-12-27,586.28,354,3860176,251147067,226682685,1.73814333256777,77.6603789683118,0.884287342713988
509.3,510,62714,62287,313570,4360090,2024-12-19,2024-12-20,586.28,-427,4046520,1011142267,766681971,0.431204405383639,86.1902185718837,0.928081759780188
566.91,595,1546,1545,3237324,4339905,2024-12-19,2025-08-15,586.28,-1,1102581,61643559,10479837,7.04032192560459,15.2768028854402,0.254056482803195
564.07,566,23607,22379,259677,4319147,2024-12-19,2024-12-20,586.28,-1228,4059470,1011142267,766681971,0.427155222460896,86.6173737943446,0.939877711964886
573,586,3306,3310,1120734,4303000,2024-12-19,2025-01-17,586.28,4,3182266,1514554687,1064352666,0.284109912764081,94.6086330390789,0.739545898210551
454.95,465,4274,4274,3145664,4295370,2024-12-19,2025-12-19,586.28,0,1149706,358192977,76766390,1.19917761536681,79.1055093746297,0.267661691542288
582.85,630,903,901,3604776,4248215,2024-12-19,2025-12-19,586.28,-2,643439,358192977,76766390,1.18601292397757,80.2915222986072,0.151461025395372
561.69,565,2359,12770,70770,4226870,2024-12-19,2024-12-27,586.28,10411,4156100,251147067,226682685,1.68302582645729,79.3434047947691,0.983257114602531
571.5,584,3331,3380,1009293,4225000,2024-12-19,2025-01-17,586.28,49,3215707,1514554687,1064352666,0.278959884133916,94.8875929232128,0.761114082840237
584.04,606,1705,1918,961620,4211928,2024-12-19,2024-12-27,586.28,213,3250308,251147067,226682685,1.67707632436735,81.0204811191365,0.77169125398155
574.3,585,1445,3927,333795,4201890,2024-12-19,2025-01-10,586.28,2482,3868095,116669968,87839585,3.60151808732818,60.6092983585973,0.920560747663551
574,582,5214,5224,651750,4179200,2024-12-19,2025-01-03,586.28,10,3527450,111409876,89722965,3.7511934758818,49.1895969797148,0.844049100306279
583.55,604,2033,2022,1345846,4134990,2024-12-19,2025-01-10,586.28,-11,2789144,116669968,87839585,3.54417685277843,64.1534752113757,0.674522550235913
496.48,500,10069,11578,1258625,4075456,2024-12-19,2025-02-21,586.28,1509,2816831,353457915,212469535,1.1530243989585,83.6343107495556,0.691169528023367
582.5,603,1990,1984,1006940,4067200,2024-12-19,2025-01-03,586.28,-6,3060260,111409876,89722965,3.65066378854959,52.8402607682644,0.752424272226593
580.36,601,2308,1969,1481736,4064016,2024-12-19,2025-01-17,586.28,-339,2582280,1514554687,1064352666,0.268330753249321,95.1559236764621,0.635401041728182
504.37,505,64390,64136,193170,4040568,2024-12-19,2024-12-20,586.28,-254,3847398,1011142267,766681971,0.399604302170864,87.0169780965155,0.952192365033827
472.55,485,3182,3240,2835162,4033800,2024-12-19,2025-12-19,586.28,58,1198638,358192977,76766390,1.12615273302804,81.4176750316353,0.29714859437751
584.58,610,1577,1585,1979135,4029070,2024-12-19,2025-01-31,586.28,8,2049935,308816945,198957159,1.30467905509524,74.188100332383,0.50878614667901
543.85,545,34935,34929,279480,4016835,2024-12-19,2024-12-20,586.28,-6,3737355,1011142267,766681971,0.397257154714511,87.41423525123,0.930422832902024
516.26,530,2923,2918,2844079,4009332,2024-12-19,2025-08-15,586.28,-5,1165253,61643559,10479837,6.50405665253689,21.780859537977,0.290635198082873
389.58,390,95193,95178,1047123,3997476,2024-12-19,2025-01-17,586.28,-15,2950353,1514554687,1064352666,0.263937382671742,95.4198610591339,0.738053962050054
468.4,470,24686,24611,864010,3937760,2024-12-19,2025-01-17,586.28,-75,3073750,1514554687,1064352666,0.259994573573295,95.6798556327072,0.780583377351591
578,593,2590,2615,1144780,3922500,2024-12-19,2025-01-17,586.28,25,2777720,1514554687,1064352666,0.258987016690009,95.9388426493972,0.708150414276609
479.58,480,92384,92371,184768,3879582,2024-12-19,2024-12-20,586.28,-13,3694814,1011142267,766681971,0.383683100451383,87.7979183516814,0.952374250628032
409.45,410,70230,70147,1193910,3858085,2024-12-19,2025-01-17,586.28,-83,2664175,1514554687,1064352666,0.254733951379598,96.1935766007768,0.690543365426112
559.25,566,5645,5689,937070,3840075,2024-12-19,2025-01-17,586.28,44,2903005,1514554687,1064352666,0.253544822974094,96.4471214237509,0.755976120258068
515.16,520,7761,7779,1303848,3765036,2024-12-19,2025-02-21,586.28,18,2461188,353457915,212469535,1.06520064772068,84.6995113972763,0.653695741554663
571,600,1242,1297,2101464,3761300,2024-12-19,2025-05-16,586.28,55,1659836,60963155,21859848,6.1697922294212,57.7756384163517,0.441293169914657
464.87,470,7400,7263,2619600,3725919,2024-12-19,2025-06-20,586.28,-137,1106319,449699453,166741904,0.828535364040125,88.8507742970281,0.296925134443341
579.94,586,6772,6020,223476,3648120,2024-12-19,2024-12-20,586.28,-752,3424644,1011142267,766681971,0.360791959654081,88.1587103113355,0.938742146639913
563.1,565,23230,19175,325220,3643250,2024-12-19,2024-12-20,586.28,-4055,3318030,1011142267,766681971,0.360310326143255,88.5190206374787,0.910733548342826
406.35,410,9946,9945,2834610,3629925,2024-12-19,2025-09-19,586.28,-1,795315,400392887,101286695,0.906590780669887,91.4846379376365,0.219099568172896
556,590,1047,1058,2694978,3597200,2024-12-19,2025-12-19,586.28,11,902222,358192977,76766390,1.00426312936895,82.4219381610042,0.250812298454353
581.5,605,1625,1507,1428375,3541450,2024-12-19,2025-01-24,586.28,-118,2113075,44279935,29820575,7.9978663021976,32.0900425892676,0.59666944330712
593.45,623,1197,1196,2452653,3534180,2024-12-19,2025-01-17,586.28,-1,1081527,1514554687,1064352666,0.233347797232759,96.6804692209836,0.306019218036433
581.5,594,2070,2788,331200,3485000,2024-12-19,2024-12-27,586.28,718,3153800,251147067,226682685,1.38763316714346,82.4081142862799,0.904964131994261
489.52,490,72502,71335,217506,3424080,2024-12-19,2024-12-20,586.28,-1167,3206574,1011142267,766681971,0.338634840195044,88.8576554776738,0.936477535571599
510.76,515,7865,7946,1242670,3369104,2024-12-19,2025-02-21,586.28,81,2126434,353457915,212469535,0.953183917242312,85.6526953145186,0.631157126642573
535.25,540,7090,7062,1070590,3354450,2024-12-19,2025-01-31,586.28,-28,2283860,308816945,198957159,1.08622601651603,75.274326348899,0.680844847888626
568.82,571,12887,15363,180418,3349134,2024-12-19,2024-12-20,586.28,2476,3168716,1011142267,766681971,0.331222826826999,89.1888783045008,0.946129954788312
586.4,607,1640,1624,1067640,3345440,2024-12-19,2025-01-03,586.28,-16,2277800,111409876,89722965,3.00282176061304,55.8430825288774,0.680867090726482
487.88,495,4697,4679,2263954,3331448,2024-12-19,2025-06-20,586.28,-18,1067494,449699453,166741904,0.740816555985449,89.5915908530136,0.320429434888373
572.98,581,4153,4133,1175299,3314666,2024-12-19,2025-01-17,586.28,-20,2139367,1514554687,1064352666,0.218854164095298,96.8993233850789,0.645424606883469
486.67,490,9899,9949,1811517,3313017,2024-12-19,2025-03-21,586.28,50,1501500,932064068,492438205,0.355449492555699,96.1584660079397,0.453212283546991
573.99,587,2620,2528,922240,3288928,2024-12-19,2025-01-17,586.28,-92,2366688,1514554687,1064352666,0.217154786699359,97.1164781717783,0.719592523764582
581.03,602,1685,1568,921695,3288096,2024-12-19,2025-01-10,586.28,-117,2366401,116669968,87839585,2.81828825049476,66.9717634618705,0.71968732056485
539.37,565,1271,1282,2540729,3285766,2024-12-19,2025-12-19,586.28,11,745037,358192977,76766390,0.917317259405675,83.3392554204099,0.226746822506533
577.65,582,9176,7445,201872,3238575,2024-12-19,2024-12-20,586.28,-1731,3036703,1011142267,766681971,0.320288757150728,89.5091670616515,0.937666411924998
570.05,584,2256,2301,1464144,3209895,2024-12-19,2025-02-21,586.28,45,1745751,353457915,212469535,0.908140648088189,86.5608359626068,0.543865453542873
581.93,589,7353,4534,330885,3205538,2024-12-19,2024-12-20,586.28,-2819,2874653,1011142267,766681971,0.317021462223179,89.8261885238747,0.896777077669957
570.26,605,926,922,2394636,3203028,2024-12-19,2025-09-19,586.28,-4,808392,400392887,101286695,0.799971254234594,92.2846091918711,0.252383681940963
573.1,576,9188,11020,156196,3195800,2024-12-19,2024-12-20,586.28,1832,3039604,1011142267,766681971,0.31605839299763,90.1422469168723,0.951124601038864
478.39,480,19664,19658,806224,3164938,2024-12-19,2025-01-17,586.28,-6,2358714,1514554687,1064352666,0.20896822195764,97.3254463937359,0.745263888265742
580.21,606,1219,1226,1282388,3161854,2024-12-19,2025-01-31,586.28,7,1879466,308816945,198957159,1.02386026777125,76.2981866166703,0.594418970641908
397.2,400,11016,11242,1960848,3147760,2024-12-19,2025-06-20,586.28,226,1186912,449699453,166741904,0.699969719554006,90.2915605725676,0.377065595852289
435.75,440,7411,7398,1823106,3144150,2024-12-19,2025-06-20,586.28,-13,1321044,449699453,166741904,0.69916696118374,90.9907275337513,0.42015934354277
538.82,545,4984,5066,1295840,3130788,2024-12-19,2025-02-21,586.28,82,1834948,353457915,212469535,0.885759765770134,87.4465957283769,0.586097813074536
582.13,596,1662,2248,302484,3117976,2024-12-19,2024-12-27,586.28,586,2815492,251147067,226682685,1.24149409238373,83.6496083786637,0.902987065968436
560.36,562,18518,18994,166662,3115016,2024-12-19,2024-12-20,586.28,476,2948354,1011142267,766681971,0.308069012804901,90.4503159296772,0.946497225054382
553.59,555,21668,21800,216680,3073800,2024-12-19,2024-12-20,586.28,132,2857120,1011142267,766681971,0.303992830714098,90.7543087603913,0.929507450061813
574.8,585,2889,3012,416016,3072240,2024-12-19,2025-01-03,586.28,123,2656224,111409876,89722965,2.75760113044197,58.6006836593194,0.864588704007499
498.16,510,2596,2592,2266308,3068928,2024-12-19,2025-09-19,586.28,-4,802620,400392887,101286695,0.766479150764734,93.0510883426358,0.261531062312312
341.63,345,9083,9081,2143588,3060297,2024-12-19,2025-12-19,586.28,-2,916709.000000001,358192977,76766390,0.854371022467032,84.1936264428769,0.299549030698655
544.06,550,4945,5102,875265,3030588,2024-12-19,2025-01-31,586.28,157,2155323,308816945,198957159,0.981354180548609,77.2795407972189,0.711189709719698
483.71,495,2778,2682,2783556,3027978,2024-12-19,2025-12-19,586.28,-96,244422,358192977,76766390,0.84534823249759,85.0389746753745,0.0807211941434185
477.05,480,9570,10252,1559910,3024340,2024-12-19,2025-03-21,586.28,682,1464430,932064068,492438205,0.324477694595561,96.4829437025353,0.484214737760966
466.84,470,9404,9454,1354176,2987464,2024-12-19,2025-03-21,586.28,50,1633288,932064068,492438205,0.320521314206482,96.8034650167417,0.546713868351217
557.28,565,3599,3869,950136,2986868,2024-12-19,2025-01-31,586.28,270,2036732,308816945,198957159,0.967196926321514,78.2467377235404,0.681895550790996
385.89,390,7254,7254,2683980,2981394,2024-12-19,2025-12-19,586.28,0,297414,358192977,76766390,0.832342952385691,85.8713176277602,0.0997566909975668
544.52,557,2303,2303,2874144,2874144,2024-12-19,2025-08-15,586.28,0,0,61643559,10479837,4.66252118895342,26.4433807269305,0
566,570,6504,7106,247152,2842400,2024-12-19,2024-12-27,586.28,602,2595248,251147067,226682685,1.13176714900676,84.7813755276704,0.913048128342246
469.6,470,69834,69874,69834,2794960,2024-12-19,2024-12-20,586.28,40,2725126,1011142267,766681971,0.276416098032622,91.0307248584239,0.975014311474941
497.22,505,3721,3572,1972130,2779016,2024-12-19,2025-06-20,586.28,-149,806886,449699453,166741904,0.617971843519232,91.6086993772706,0.290349533791817
560.88,595,805,812,2193625,2770544,2024-12-19,2025-12-19,586.28,7,576919,358192977,76766390,0.773478034997878,86.6447956627581,0.208233112341836
576.06,596,160,1388,151200,2767672,2024-12-19,2025-02-21,586.28,1228,2616472,353457915,212469535,0.783027308923044,88.2296230372999,0.945369248957246
585.09,602.5,1840,1585,1203360,2759485,2024-12-19,2025-01-10,586.28,-255,1556125,116669968,87839585,2.36520592857281,69.3369693904433,0.563918629744318
560.05,565,868,5552,58156,2748240,2024-12-19,2025-01-03,586.28,4684,2690084,111409876,89722965,2.4667831063738,61.0674667656932,0.978838820481472
580.05,593,1879,2105,274334,2725975,2024-12-19,2024-12-27,586.28,226,2451641,251147067,226682685,1.08540984872421,85.8667853763946,0.899362980218087
474.58,475,64641,64624,64641,2714208,2024-12-19,2024-12-20,586.28,-17,2649567,1011142267,766681971,0.268429882577542,91.2991547410014,0.976184212853252
578.49,610,822,861,1670304,2713011,2024-12-19,2025-05-16,586.28,39,1042707,60963155,21859848,4.4502470385596,62.2258854549113,0.384335706711104
455.36,460,5539,5828,1805714,2704192,2024-12-19,2025-06-20,586.28,289,898478,449699453,166741904,0.601333175292966,92.2100325525635,0.33225377487989
457.04,460,9167,9112,1182543,2697152,2024-12-19,2025-03-21,586.28,-55,1514609,932064068,492438205,0.289374099120405,97.0928391158622,0.561558636665638
571.96,582,2647,2684,764983,2694736,2024-12-19,2025-01-17,586.28,37,1929753,1514554687,1064352666,0.177922660906862,97.5033690546428,0.716119501131094
566.3,600,736,790,1661888,2662300,2024-12-19,2025-08-15,586.28,54,1000412,61643559,10479837,4.31886160239385,30.7622423293243,0.375769823085302
582.5,606,904,1119,706024,2629650,2024-12-19,2025-01-10,586.28,215,1923626,116669968,87839585,2.25392193473474,71.5908913251781,0.731514079820508
582.06,606,1061,1096,717236,2623824,2024-12-19,2025-01-03,586.28,35,1906588,111409876,89722965,2.35510898513162,63.4225757508248,0.726644774954418
419.8,420,131181,131170,131181,2623400,2024-12-19,2024-12-20,586.28,-11,2492219,1011142267,766681971,0.259449148316535,91.558603889318,0.949995806968057
565.87,576,2553,2587,939504,2620631,2024-12-19,2025-01-31,586.28,34,1681127,308816945,198957159,0.848603369222502,79.0953410927629,0.641497028769026
582.9,625,611,621,1818947,2614410,2024-12-19,2025-06-20,586.28,10,795463,449699453,166741904,0.581368285542478,92.791400838106,0.30426099961368
566.94,569,13703,12687,219248,2613522,2024-12-19,2024-12-20,586.28,-1016,2394274,1011142267,766681971,0.258472233363775,91.8170761226818,0.91611013796708
473.39,475,16127,16202,612826,2608522,2024-12-19,2025-01-17,586.28,75,1995696,1514554687,1064352666,0.172230294646337,97.6755993492891,0.765067728008428
602.86,690,297,297,2588058,2588058,2024-12-19,2025-12-19,586.28,0,0,358192977,76766390,0.72253175416111,87.3673274169192,0
569.18,579,2102,2632,550724,2584624,2024-12-19,2025-01-17,586.28,530,2033900,1514554687,1064352666,0.170652405105264,97.8462517543944,0.786922972161522
605.79,695,287,287,2560327,2560327,2024-12-19,2025-12-19,586.28,0,0,358192977,76766390,0.714789837992831,88.082117254912,0
583.68,604,1256,1253,1011080,2546096,2024-12-19,2025-01-24,586.28,-3,1535016,44279935,29820575,5.7499994071807,37.8400419964483,0.602890071701931
571.76,610,557,656,1814149,2508544,2024-12-19,2025-12-19,586.28,99,694395,358192977,76766390,0.700333105637635,88.7824503605497,0.276811967420145
580.36,602,1188,1158,1022868,2505912,2024-12-19,2025-01-31,586.28,-30,1483044,308816945,198957159,0.811455472432058,79.906796565195,0.591818068631301
586.88,608,1182,1182,924324,2496384,2024-12-19,2025-01-03,586.28,0,1572060,111409876,89722965,2.24072056233148,65.6632963131563,0.629734848484849
574.61,578,4489,7313,85291,2479107,2024-12-19,2024-12-20,586.28,2824,2393816,1011142267,766681971,0.245178851770816,92.0622549744526,0.965596079556066
578.24,583,5896,5196,153296,2473296,2024-12-19,2024-12-20,586.28,-700,2320000,1011142267,766681971,0.244604155193524,92.3068591296461,0.938019549621234
573.89,577,8035,7945,136595,2470895,2024-12-19,2024-12-20,586.28,-90,2334300,1011142267,766681971,0.244366700971862,92.551225830618,0.944718411749589
514.27,515,33679,33720,168395,2461560,2024-12-19,2024-12-20,586.28,41,2293165,1011142267,766681971,0.243443487661069,92.794669318279,0.931590129836364
516.68,535,1179,1326,1756710,2429232,2024-12-19,2025-12-19,586.28,147,672522,358192977,76766390,0.678190851296339,89.460641211846,0.276845521547551
570.12,575,4101,4892,180444,2387296,2024-12-19,2024-12-27,586.28,791,2206852,251147067,226682685,0.950556989781609,86.8173423661762,0.924414902885943
568.63,595,854,904,1374940,2383848,2024-12-19,2025-05-16,586.28,50,1008908,60963155,21859848,3.91030943198396,66.1361948868952,0.423226648678943
520.02,525,4726,4779,855406,2379942,2024-12-19,2025-02-21,586.28,53,1524536,353457915,212469535,0.67333108101427,88.9029541183142,0.640576955236724
544.84,560,1558,1564,1308720,2371024,2024-12-19,2025-05-16,586.28,6,1062304,60963155,21859848,3.88927377528279,70.025468662178,0.448035954085661
584.7,597,1902,1916,642876,2356680,2024-12-19,2025-01-03,586.28,14,1713804,111409876,89722965,2.11532413876845,67.7786204519247,0.727211161464433
475.78,485,2487,2554,1656342,2354788,2024-12-19,2025-09-19,586.28,67,698446,400392887,101286695,0.588119338893251,93.6392076815291,0.296606743367131
583.23,608,873,950,567450,2353150,2024-12-19,2024-12-27,586.28,77,1785700,251147067,226682685,0.93696097195513,87.7543033381314,0.758855151605295
429.8,430,117744,117643,117744,2352860,2024-12-19,2024-12-20,586.28,-101,2235116,1011142267,766681971,0.232693269462545,93.0273625877416,0.949957073519036
577.32,585,2837,3042,212775,2336256,2024-12-19,2024-12-27,586.28,205,2123481,251147067,226682685,0.930234236022354,88.6845375741537,0.908924792488494
383.4,385,14447,14447,1950345,2311520,2024-12-19,2025-06-20,586.28,0,361175,449699453,166741904,0.514014412198985,93.305415250305,0.15625
453.3,455,13510,13573,634970,2307410,2024-12-19,2025-01-31,586.28,63,1672440,308816945,198957159,0.747177263864196,80.6539738290592,0.72481266874981
579.3,620,566,561,1547444,2283270,2024-12-19,2025-06-20,586.28,-5,735826,449699453,166741904,0.507732438802855,93.8131476891078,0.322268500878127
579.64,599,825,1168,409200,2261248,2024-12-19,2025-01-10,586.28,343,1852048,116669968,87839585,1.93815772710249,73.5290490522805,0.81903798256538
577.06,581,6837,5728,157251,2256832,2024-12-19,2024-12-20,586.28,-1109,2099581,1011142267,766681971,0.223196287372685,93.2505588751143,0.930322239315997
575,610,643,643,1772108,2250500,2024-12-19,2025-09-19,586.28,0,478392,400392887,101286695,0.562072922139598,94.2012806036687,0.212571428571429
534.7,550,1453,1465,1615736,2241450,2024-12-19,2025-07-18,586.28,12,625714,27667536,4356049,8.10137194725255,68.7132746479484,0.279155903544581
552.94,570,1336,1306,1422840,2228036,2024-12-19,2025-05-16,586.28,-30,805196,60963155,21859848,3.65472554693076,73.6801942091088,0.361392724354544
348,350,11109,11072,1221990,2214400,2024-12-19,2025-06-20,586.28,-37,992410,449699453,166741904,0.49241776596068,94.3055654550685,0.448162030346821
583.09,612,863,764,887164,2208724,2024-12-19,2024-12-20,586.28,-99,1321560,1011142267,766681971,0.218438499910913,93.4689973750252,0.598336415052311
556.42,558,14037,13957,168444,2205206,2024-12-19,2024-12-20,586.28,-80,2036762,1011142267,766681971,0.218090576565721,93.6870879515909,0.923615299432343
484.7,495,2074,2140,1540982,2204200,2024-12-19,2025-09-19,586.28,66,663218,400392887,101286695,0.550509280151123,94.7517898838198,0.300888304146629
562.67,590,799,799,1598799,2183667,2024-12-19,2025-08-15,586.28,0,584868,61643559,10479837,3.54240902930345,34.3046513586278,0.267837541163556
578.2,591,1607,1671,331042,2138880,2024-12-19,2025-01-03,586.28,64,1807838,111409876,89722965,1.91982980036707,69.6984502522918,0.845226473668462
450.85,460,2310,2321,1614690,2123715,2024-12-19,2025-12-19,586.28,11,509025,358192977,76766390,0.592896884184304,90.0535380960303,0.239686116074897
399.09,400,23362,23273,350430,2117843,2024-12-19,2025-01-17,586.28,-89,1767413,1514554687,1064352666,0.139832719028124,97.9860844734225,0.834534476823825
474.22,480,3910,3661,1544450,2116058,2024-12-19,2025-06-20,586.28,-249,571608,449699453,166741904,0.47054938267848,94.776114837747,0.270128701576233
564.58,585,936,1015,1150344,2072630,2024-12-19,2025-05-16,586.28,79,922286.000000001,60963155,21859848,3.3998076379085,77.0800018470173,0.444983426853804
433.91,435,18444,18940,442656,2064460,2024-12-19,2025-01-17,586.28,496,1621804,1514554687,1064352666,0.136308052638841,98.1223925260614,0.785582670528855
576.34,586,3437,2136,536172,2063376,2024-12-19,2025-01-03,586.28,-1301,1527204,111409876,89722965,1.85205842972126,71.5505086820131,0.740148184334799
546.87,555,2240,2534,707840,2060142,2024-12-19,2025-02-21,586.28,294,1352302,353457915,212469535,0.582853548491056,89.4858076668053,0.656412033733597
471.66,480,2366,2465,1526070,2055810,2024-12-19,2025-09-19,586.28,99,529740,400392887,101286695,0.51344818221009,95.2652380660299,0.257679454813431
417.9,420,9751,9780,848337,2053800,2024-12-19,2025-03-21,586.28,29,1205463,932064068,492438205,0.22034965948285,97.313188775345,0.586942740286299
434.18,440,3504,3504,2039328,2039328,2024-12-19,2025-12-19,586.28,0,0,358192977,76766390,0.569337795810553,90.6228758918408,0
607.16,685,260,260,2023840,2023840,2024-12-19,2024-12-20,586.28,0,0,1011142267,766681971,0.200153832556581,93.8872417841475,0
520.44,531,1910,1911,1906180,2018016,2024-12-19,2025-08-15,586.28,1,111836,61643559,10479837,3.27368509011623,37.578336448744,0.0554187875616447
548.46,555,3293,3058,655307,1999932,2024-12-19,2025-01-31,586.28,-235,1344625,308816945,198957159,0.64761083625123,81.3015846653104,0.67233535940222
557.15,567,120,2016,50520,1985760,2024-12-19,2025-02-21,586.28,1896,1935240,353457915,212469535,0.561809458984672,90.0476171257899,0.974558859076626
583.87,607,806,849,641576,1963737,2024-12-19,2025-01-10,586.28,43,1322161,116669968,87839585,1.6831555143651,75.2122045666456,0.673288225459927
356.54,360,5653,5653,1588493,1955938,2024-12-19,2025-12-19,586.28,0,367445,358192977,76766390,0.546057049019138,91.16893294086,0.187861271676301
572.08,588,1204,1228,863268,1954976,2024-12-19,2025-02-21,586.28,24,1091708,353457915,212469535,0.553100076992193,90.6007172027821,0.55842526967083
583.9,620,536,536,1934960,1934960,2024-12-19,2025-12-19,586.28,0,0,358192977,76766390,0.540200429446164,91.7091333703062,0
578.11,589,1488,1774,151776,1931886,2024-12-19,2024-12-27,586.28,286,1780110,251147067,226682685,0.769224989595439,89.4537625637492,0.921436358045972
572.38,585,1635,1529,668715,1929598,2024-12-19,2025-01-24,586.28,-106,1260883,44279935,29820575,4.35772545736574,42.197767453814,0.653443359704975
582.36,610,606,697,506010,1926508,2024-12-19,2024-12-27,586.28,91,1420498,251147067,226682685,0.767083614796903,90.2208461785461,0.737343421361344
587,625,508,506,1259840,1922800,2024-12-19,2025-03-21,586.28,-2,662960,932064068,492438205,0.206294831655285,97.5194836070003,0.344788849594342
578.32,596,692,1082,502392,1912976,2024-12-19,2025-01-31,586.28,390,1410584,308816945,198957159,0.619453054948134,81.9210377202585,0.737376736561253
418.89,420,17360,17230,329840,1912530,2024-12-19,2025-01-17,586.28,-130,1582690,1514554687,1064352666,0.126276721231394,98.2486692472928,0.827537345819412
420.13,425,3912,3912,1353552,1905144,2024-12-19,2025-09-19,586.28,0,551592,400392887,101286695,0.47581864260241,95.7410567086323,0.28952772073922
497.15,500,6768,6658,541440,1897530,2024-12-19,2025-01-31,586.28,-110,1356090,308816945,198957159,0.614451386403036,82.5354891066616,0.714660637776478
585.39,613,701,685,701000,1891285,2024-12-19,2024-12-20,586.28,-16,1190285,1011142267,766681971,0.187044401339421,94.0742861854869,0.629352530158067
534,535,22027,18889,154189,1888900,2024-12-19,2024-12-20,586.28,-3138,1734711,1011142267,766681971,0.186808529486583,94.2610947149735,0.918371009582297
578.5,599,922,919,746820,1883950,2024-12-19,2025-01-31,586.28,-3,1137130,308816945,198957159,0.610053959312369,83.1455430659739,0.603588205631784
598,612,1318,1318,1748986,1845200,2024-12-19,2025-01-31,586.28,0,96214,308816945,198957159,0.597506072731857,83.7430491387058,0.0521428571428571
577.79,586,2061,2247,162819,1844787,2024-12-19,2024-12-27,586.28,186,1681968,251147067,226682685,0.734544512916808,90.9553906914629,0.911741030265283
573.44,610,487,500,1260356,1828000,2024-12-19,2025-08-15,586.28,13,567644,61643559,10479837,2.96543552911992,40.5437719778639,0.310527352297593
578,605,550,666,1018600,1798200,2024-12-19,2025-05-16,586.28,116,779600,60963155,21859848,2.94965048970973,80.029652336727,0.433544655766878
585.64,603,1349,1030,820192,1788080,2024-12-19,2025-01-10,586.28,-319,967888,116669968,87839585,1.53259663189416,76.7448011985398,0.541300165540692
571.31,574,4513,6646,67695,1787774,2024-12-19,2024-12-20,586.28,2133,1720079,1011142267,766681971,0.176807365130153,94.4379020801036,0.962134475610452
568.23,580,980,1517,313600,1785509,2024-12-19,2025-01-24,586.28,537,1471909,44279935,29820575,4.03232073398482,46.2300881877988,0.824363808863467
472,475,5997,5948,929535,1784400,2024-12-19,2025-03-21,586.28,-49,854865,932064068,492438205,0.191446066988605,97.7109296739889,0.479077000672495
524.85,535,1751,1751,1777265,1777265,2024-12-19,2025-08-15,586.28,0,0,61643559,10479837,2.88313171535083,43.4269036932147,0
564.9,567,9160,8394,100760,1762740,2024-12-19,2024-12-20,586.28,-766,1661980,1011142267,766681971,0.174331551308793,94.6122336314124,0.942838989300748
564.7,570,4137,3314,302001,1756420,2024-12-19,2025-01-03,586.28,-823,1454419,111409876,89722965,1.57653886985746,73.1270475518705,0.828058778652031
493.42,500,1854,2664,660024,1752912,2024-12-19,2025-05-16,586.28,810,1092888,60963155,21859848,2.87536299589482,82.9050153326218,0.623469974533804
578.8,592.5,1342,1278,336842,1750860,2024-12-19,2025-01-03,586.28,-64,1414018,111409876,89722965,1.57154828895061,74.6985958408212,0.807613401414162
408.19,410,9497,9497,1718957,1718957,2024-12-19,2025-06-20,586.28,0,0,449699453,166741904,0.382245739578429,95.1583605773254,0
461.83,465,5530,5420,680190,1718140,2024-12-19,2025-03-21,586.28,-110,1037950,932064068,492438205,0.18433711361567,97.8952667876046,0.604112586867194
464.7,475,1641,1663,1321005,1712890,2024-12-19,2025-12-19,586.28,22,391885,358192977,76766390,0.478203122335366,92.1873364926415,0.228785853148772
512.31,515,6283,6301,622017,1694969,2024-12-19,2025-01-31,586.28,18,1072952,308816945,198957159,0.548858806954392,84.2919079456602,0.633021606884846
604.61,622,971,971,1688569,1688569,2024-12-19,2024-12-20,586.28,0,0,1011142267,766681971,0.166996183930663,94.7792298153431,0
444.23,445,21738,21893,586926,1685761,2024-12-19,2025-01-17,586.28,155,1098835,1514554687,1064352666,0.11130406940532,98.3599733166981,0.651833207672974
464.02,465,17124,17127,565092,1678446,2024-12-19,2025-01-17,586.28,3,1113354,1514554687,1064352666,0.110821089156221,98.4707944058543,0.663324289253274
582.67,606,523,719,625508,1677427,2024-12-19,2025-02-21,586.28,196,1051919,353457915,212469535,0.474576159936891,91.075293362719,0.627102699551158
579.87,587,2312,2347,235824,1673411,2024-12-19,2024-12-27,586.28,35,1437587,251147067,226682685,0.666307203977819,91.6216978954407,0.859075863610314
583.5,615,502,527,945768,1660050,2024-12-19,2025-03-21,586.28,25,714282,932064068,492438205,0.178104709428623,98.0733714970332,0.430277401283094
549.61,551,11678,11937,105102,1659243,2024-12-19,2024-12-20,586.28,259,1554141,1011142267,766681971,0.164095899672247,94.9433257150153,0.9366566560775
568.5,615,334,348,1122240,1618200,2024-12-19,2025-12-19,586.28,14,495960,358192977,76766390,0.451767651491391,92.6391041441329,0.306488691138302
575.08,583,2048,2029,135168,1606968,2024-12-19,2024-12-27,586.28,-19,1471800,251147067,226682685,0.639851390340943,92.2615492857816,0.915886315097749
403.72,405,12532,12528,939900,1603584,2024-12-19,2025-03-21,586.28,-4,663684,932064068,492438205,0.172046542191132,98.2454180392243,0.413875419061303
581,620,405,407,895050,1587300,2024-12-19,2025-03-21,586.28,2,692250,932064068,492438205,0.170299451990032,98.4157174912144,0.436117936117936
579.97,598,725,880,687300,1586640,2024-12-19,2025-02-21,586.28,155,899340,353457915,212469535,0.44889078237221,91.5241841450912,0.566820450763879
575.46,579,4704,4479,84672,1585566,2024-12-19,2024-12-20,586.28,-225,1500894,1011142267,766681971,0.15680938793156,95.1001351029469,0.946598249457922
590.55,607.5,933,934,765060,1583130,2024-12-19,2025-01-10,586.28,1,818070,116669968,87839585,1.35693017418159,78.1017313727214,0.516742150044532
448.25,450,8915,8939,632965,1564325,2024-12-19,2025-02-21,586.28,24,931360,353457915,212469535,0.442577442352649,91.9667615874439,0.595375001997667
440.64,445,3597,3586,931623,1563496,2024-12-19,2025-06-20,586.28,-11,631873,449699453,166741904,0.347675762016104,95.5060363393415,0.404141104294479
584,604,748,776,406164,1552000,2024-12-19,2025-01-03,586.28,28,1145836,111409876,89722965,1.3930542387463,76.0916500795675,0.738296391752577
577.5,594,907,937,604062,1546050,2024-12-19,2025-01-31,586.28,30,941988,308816945,198957159,0.50063638833031,84.7925443339905,0.609286892403221
581.68,597,1049,1004,775211,1538128,2024-12-19,2025-01-31,586.28,-45,762917,308816945,198957159,0.498071114588612,85.2906154485791,0.49600358357692
545.71,547,11757,11835,94056,1526715,2024-12-19,2024-12-20,586.28,78,1432659,1011142267,766681971,0.150989138702477,95.2511242416494,0.938393216808638
460.65,465,3507,3506,1167831,1525110,2024-12-19,2025-06-20,586.28,-1,357279,449699453,166741904,0.339139838802517,95.845176178144,0.234264413714421
532.54,535,1392,6161,41760,1515606,2024-12-19,2025-01-03,586.28,4769,1473846,111409876,89722965,1.3603874758823,77.4520375554498,0.972446664898397
428.96,430,14484,14560,318648,1514240,2024-12-19,2025-01-17,586.28,76,1195592,1514554687,1064352666,0.0999792224735956,98.5707736283279,0.7895657227388
484.55,485,33553,33593,100659,1511685,2024-12-19,2024-12-20,586.28,40,1411026,1011142267,766681971,0.149502700988366,95.4006269426377,0.933412714950535
582.57,596,983,1122,301781,1506846,2024-12-19,2025-01-03,586.28,139,1205065,111409876,89722965,1.35252461819453,78.8045621736443,0.799726713944225
353.65,355,11048,11049,1148992,1491615,2024-12-19,2025-06-20,586.28,1,342623,449699453,166741904,0.331691530876734,96.1768677090208,0.22969935271501
508.5,520,1296,1296,1130112,1490400,2024-12-19,2025-08-15,586.28,0,360288,61643559,10479837,2.41777084934372,45.8446745425585,0.241739130434783
591.05,611,751,746,821594,1488270,2024-12-19,2025-01-17,586.28,-5,666676,1514554687,1064352666,0.0982645270437831,98.6690381553717,0.447953664321662
585.07,608,663,645,600015,1478985,2024-12-19,2025-01-10,586.28,-18,878970,116669968,87839585,1.26766555725806,79.3693969299795,0.594306230286311
575,591,709,918,351664,1468800,2024-12-19,2025-01-24,586.28,209,1117136,44279935,29820575,3.31707803997454,49.5471662277734,0.76057734204793
459.76,470,1531,1413,1203366,1446912,2024-12-19,2025-12-19,586.28,-118,243546,358192977,76766390,0.403947618436975,93.0430517625699,0.168321224787686
459.82,465,2771,2771,1435378,1435378,2024-12-19,2025-09-19,586.28,0,0,400392887,101286695,0.358492382508284,96.0995490911406,0
578.03,598,710,718,547410,1433846,2024-12-19,2025-01-31,586.28,8,886436,308816945,198957159,0.464302889855996,85.7549183384351,0.618222598521738
584.41,615,474,468,821442,1431612,2024-12-19,2025-02-21,586.28,-6,610170,353457915,212469535,0.405030398031969,92.3717919854758,0.426211850696977
580.78,592,1147,1274,135346,1429428,2024-12-19,2024-12-27,586.28,127,1294082,251147067,226682685,0.569159742566295,92.8307090283479,0.9053145733818
409.17,415,2404,2450,1091416,1428350,2024-12-19,2025-12-19,586.28,46,336934,358192977,76766390,0.398765495617185,93.4418172581871,0.235890363006266
581.39,593,254,1229,90932,1426869,2024-12-19,2025-01-10,586.28,975,1335937,116669968,87839585,1.22299596413706,80.5923928941165,0.936271654931181
494.4,495,23645,23768,47290,1426080,2024-12-19,2024-12-20,586.28,123,1378790,1011142267,766681971,0.141036533289336,95.5416634759271,0.966839167508134
576.24,589,737,1106,229207,1411256,2024-12-19,2025-01-10,586.28,369,1182049,116669968,87839585,1.20961377138631,81.8020066655028,0.837586518675563
570.56,573,5663,5732,101934,1398608,2024-12-19,2024-12-20,586.28,69,1296674,1011142267,766681971,0.138319606018408,95.6799830819455,0.927117534005239
572.41,588,907,884,483431,1378156,2024-12-19,2025-01-31,586.28,-23,894725,308816945,198957159,0.446269552987126,86.2011878914222,0.649218956344565
527.82,540,317,1128,305271,1373904,2024-12-19,2025-07-18,586.28,811,1068633,27667536,4356049,4.96576203966989,73.6790366876183,0.777807619746358
559.5,585,531,530,956862,1351500,2024-12-19,2025-08-15,586.28,-1,394638,61643559,10479837,2.19244317155666,48.0371177141151,0.292
579.29,593,853,980,228604,1343580,2024-12-19,2025-01-03,586.28,127,1114976,111409876,89722965,1.20597926165899,80.0105414353033,0.829854567647628
575.5,615,340,339,954720,1339050,2024-12-19,2025-08-15,586.28,-1,384330,61643559,10479837,2.17224641426041,50.2093641283755,0.287016914977036
556.31,562,2363,2351,335546,1337719,2024-12-19,2025-01-17,586.28,-12,1002173,1514554687,1064352666,0.0883242455014766,98.7573624008732,0.74916555719101
453.25,460,1970,1979,1024400,1335825,2024-12-19,2025-09-19,586.28,9,311425,400392887,101286695,0.333628554195569,96.4331776453361,0.233133082551981
572.35,581,1578,1544,181470,1335560,2024-12-19,2025-01-03,586.28,-34,1154090,111409876,89722965,1.19878061797681,81.2093220532801,0.864124412231573
560.55,570,1302,1409,294252,1331505,2024-12-19,2025-01-24,586.28,107,1037253,44279935,29820575,3.00701660921589,52.5541828369893,0.779007964671556
575,590,527,887,246109,1330500,2024-12-19,2025-01-24,586.28,360,1084391,44279935,29820575,3.00474695818772,55.558929795177,0.815025178504322
577.34,588,290,1231,54520,1312246,2024-12-19,2025-01-03,586.28,941,1257726,111409876,89722965,1.17785428645482,82.3871763397349,0.958452912030214
568.78,575,1828,2109,164520,1311798,2024-12-19,2025-01-03,586.28,281,1147278,111409876,89722965,1.17745216770549,83.5646285074404,0.874584349114727
569.76,578,1597,1589,300236,1309336,2024-12-19,2025-01-10,586.28,-8,1009100,116669968,87839585,1.12225624335476,82.9242629088576,0.770695986362553
569.66,572,6306,5587,94590,1307358,2024-12-19,2024-12-20,586.28,-719,1212768,1011142267,766681971,0.129295158818635,95.8092782407641,0.92764797400559
600.01,616,821,815,1149400,1303185,2024-12-19,2024-12-20,586.28,-6,153785,1011142267,766681971,0.128882457249708,95.9381606980138,0.118007036606468
546.9,550,3720,4199,159960,1301690,2024-12-19,2025-01-03,586.28,479,1141730,111409876,89722965,1.16837936342376,84.7330078708642,0.877113598475828
490,500,1298,1299,906004,1299000,2024-12-19,2025-08-15,586.28,1,392996,61643559,10479837,2.10727612271705,52.3166402510926,0.302537336412625
553.51,560,1928,2000,345112,1298000,2024-12-19,2025-01-24,586.28,72,952888,44279935,29820575,2.93135028314743,58.4902800783244,0.734120184899846
574.38,584,1194,1345,185070,1293890,2024-12-19,2025-01-03,586.28,151,1108820,111409876,89722965,1.16137818877027,85.8943860596344,0.85696620269111
483.06,485,6712,6626,288616,1285444,2024-12-19,2025-01-17,586.28,-86,996828,1514554687,1064352666,0.0848727359291451,98.8422351368023,0.775473688468732
572.67,591,642,699,496908,1281267,2024-12-19,2025-02-21,586.28,57,784359,353457915,212469535,0.362494923900629,92.7342869093765,0.612174511635748
371.12,375,3194,3294,1006110,1278072,2024-12-19,2025-12-19,586.28,100,271962,358192977,76766390,0.356811015867572,93.7986282740546,0.212790828685708
584,597,959,983,201390,1277900,2024-12-19,2024-12-27,586.28,24,1076510,251147067,226682685,0.508825372824282,93.3395344011722,0.842405509038266
560.05,568,1602,1601,453366,1272795,2024-12-19,2025-01-31,586.28,-1,819429,308816945,198957159,0.412151930328823,86.6133398217511,0.643802811921794
573.4,587,733,932,395087,1267520,2024-12-19,2025-01-31,586.28,199,872433,308816945,198957159,0.410443798671734,87.0237836204228,0.688299198434739
575.2,582,427,1829,27328,1243720,2024-12-19,2024-12-27,586.28,1402,1216392,251147067,226682685,0.495215817113246,93.8347502182854,0.978027208696491
559.43,561,7863,7911,86493,1242027,2024-12-19,2024-12-20,586.28,48,1155534,1011142267,766681971,0.122834050215804,96.0609947482296,0.930361417263876
578.43,625,265,266,1012300,1238762,2024-12-19,2025-12-19,586.28,1,226462,358192977,76766390,0.345836484672339,94.144464758727,0.182813163464814
555.53,557,8576,8399,85760,1234653,2024-12-19,2024-12-20,586.28,-177,1148893,1011142267,766681971,0.122104775984011,96.1830995242136,0.930539187933776
430.76,435,2907,2911,732564,1234264,2024-12-19,2025-06-20,586.28,4,501700,449699453,166741904,0.274464198647802,96.4513319076686,0.406477058392694
346.85,350,3208,3888,834080,1224720,2024-12-19,2025-12-19,586.28,680,390640,358192977,76766390,0.341916251473574,94.4863810102006,0.318962701678751
585.97,610,227,502,218147,1206306,2024-12-19,2025-01-03,586.28,275,988159,111409876,89722965,1.08276397327648,86.9771500329109,0.819161141534569
577.19,591,923,870,285207,1201470,2024-12-19,2025-01-10,586.28,-53,916263,116669968,87839585,1.02980228810897,83.9540651969666,0.762618292591575
450.38,455,2587,2587,1195194,1195194,2024-12-19,2025-09-19,586.28,0,0,400392887,101286695,0.298505302867681,96.7316829482038,0
536.33,550,836,869,635360,1187923,2024-12-19,2025-05-16,586.28,33,552563,60963155,21859848,1.9485917354507,84.8536070680725,0.465150519015121
602.58,630,432,432,1168560,1184544,2024-12-19,2024-12-20,586.28,0,15984,1011142267,766681971,0.117149093521179,96.3002486177348,0.0134938001458789
408.02,410,5995,5920,461615,1172160,2024-12-19,2025-03-21,586.28,-75,710545,932064068,492438205,0.125759595315716,98.5414770865301,0.606184309309309
449.71,450,40441,40378,40441,1170962,2024-12-19,2024-12-20,586.28,-63,1130521,1011142267,766681971,0.115805860185647,96.4160544779205,0.965463439462596
525.74,530,2703,2739,537897,1166814,2024-12-19,2025-02-21,586.28,36,628917,353457915,212469535,0.330113982593939,93.0644008919704,0.539003645825299
530.07,535,2321,2339,492052,1153127,2024-12-19,2025-02-21,586.28,18,661075,353457915,212469535,0.326241668686355,93.3906425606568,0.573288978577381
561.36,580,610,615,752740,1146360,2024-12-19,2025-05-16,586.28,5,393620,60963155,21859848,1.88041448970284,86.7340215577754,0.343365086011375
563.5,570,1307,1754,172524,1140100,2024-12-19,2025-01-10,586.28,447,967576,116669968,87839585,0.977200919434554,84.9312661164011,0.848676431891939
505.84,510,2779,2736,411292,1138176,2024-12-19,2025-02-21,586.28,-43,726884,353457915,212469535,0.322011745019206,93.712654305676,0.638639366846604
353.06,355,5816,5816,1128304,1128304,2024-12-19,2025-09-19,586.28,0,0,400392887,101286695,0.281799211882603,97.0134821600864,0
567.46,575,976,1494,147376,1126476,2024-12-19,2025-01-10,586.28,518,979100,116669968,87839585,0.965523535585439,85.8967896519865,0.869170759075205
422.79,425,5074,5074,1126428,1121354,2024-12-19,2025-06-20,586.28,0,-5074,449699453,166741904,0.249356318429856,96.7006882260984,-0.00452488687782806
582.02,594,693,935,163548,1120130,2024-12-19,2025-01-03,586.28,242,956582,111409876,89722965,1.0054135595663,87.9825635924772,0.853991947363253
547.18,552,2398,2323,275770,1119686,2024-12-19,2025-01-17,586.28,-75,843916,1514554687,1064352666,0.0739283968819807,98.9161635336843,0.75370773591882
416.93,420,3641,3639,775533,1117173,2024-12-19,2025-06-20,586.28,-2,341640,449699453,166741904,0.248426586367229,96.9491148124657,0.305807605446963
572.57,605,195,340,473265,1102620,2024-12-19,2025-08-15,586.28,145,629355,61643559,10479837,1.78870269317189,54.1053429442645,0.570781411547043
583,604,483,524,544341,1100400,2024-12-19,2025-02-21,586.28,41,556059,353457915,212469535,0.311324192584568,94.0239784982605,0.505324427480916
366.1,370,2809,2805,865172,1093950,2024-12-19,2025-12-19,586.28,-4,228778,358192977,76766390,0.305407997990982,94.7917890081915,0.20913021618904
542.41,555,856,868,698496,1092812,2024-12-19,2025-05-16,586.28,12,394316,60963155,21859848,1.79257782836207,88.5265993861374,0.360826930890217
582.64,650,54,162,276966,1091232,2024-12-19,2025-12-19,586.28,108,814266,358192977,76766390,0.30464918914365,95.0964381973352,0.74618962787015
607.35,675,160,160,1082400,1082400,2024-12-19,2024-12-20,586.28,0,0,1011142267,766681971,0.107047250948318,96.5231017288688,0
544.82,546,8886,9134,71088,1077812,2024-12-19,2024-12-20,586.28,248,1006724,1011142267,766681971,0.106593506688016,96.6296952355568,0.934044156123703
149.62,150,30099,28266,842772,1074108,2024-12-19,2025-12-19,586.28,-1833,231336,358192977,76766390,0.299868525897983,95.3963067232332,0.215374990224447
487.63,490,4535,4531,303845,1073847,2024-12-19,2025-01-31,586.28,-4,770002,308816945,198957159,0.347729299634125,87.3715129200569,0.717050008055151
578.97,591,837,890,99603,1070670,2024-12-19,2024-12-27,586.28,53,971067,251147067,226682685,0.426311966446337,94.2610621847318,0.90697133570568
565.02,575,1102,1072,295336,1069856,2024-12-19,2025-01-24,586.28,-30,774520,44279935,29820575,2.41611917452002,60.9063992528444,0.723947895791583
437.5,440,4259,4254,451454,1063500,2024-12-19,2025-03-21,586.28,-5,612046,932064068,492438205,0.11410159843218,98.6555786849623,0.575501645510108
591.7,614,476,476,592144,1061480,2024-12-19,2024-12-20,586.28,0,469336,1011142267,766681971,0.104978303710847,96.7346735392677,0.442152466367713
559.51,565,1900,1924,203300,1056276,2024-12-19,2025-01-10,586.28,24,852976,116669968,87839585,0.905353809645341,86.8021434616319,0.807531364908414
429.57,435,1943,1939,755827,1052877,2024-12-19,2025-09-19,586.28,-4,297050,400392887,101286695,0.262960965138224,97.2764431252247,0.282131720989251
483.58,485,7334,7393,491378,1049806,2024-12-19,2025-01-31,586.28,59,558428,308816945,198957159,0.339944428891362,87.7114573489483,0.531934471702391
426.61,430,3132,3091,736020,1047849,2024-12-19,2025-06-20,586.28,-41,311829,449699453,166741904,0.233010957209236,97.1821257696749,0.297589633620875
577.33,592,775,714,246450,1047438,2024-12-19,2025-01-10,586.28,-61,800988,116669968,87839585,0.897778595430831,87.6999220570627,0.764711610615616
539.35,545,1888,1851,313408,1045815,2024-12-19,2025-01-31,586.28,-37,732407,308816945,198957159,0.338652077527676,88.050109426476,0.700321758628438
572.48,580,1324,1389,139020,1044528,2024-12-19,2025-01-03,586.28,65,905508,111409876,89722965,0.937554225444071,88.9201178179213,0.866906392169478
579,602,363,451,404019,1037300,2024-12-19,2025-02-21,586.28,88,633281,353457915,212469535,0.293471996517605,94.3174504947782,0.61050901378579
423.93,425,9801,9662,205821,1033834,2024-12-19,2025-01-17,586.28,-139,828013,1514554687,1064352666,0.0682599320363795,98.9844234657207,0.800914847064422
544.02,549,2072,2063,377104,1027374,2024-12-19,2025-01-31,586.28,-9,650270,308816945,198957159,0.332680578781064,88.382790005257,0.63294379651422
550.84,552,9135,8856,82215,1027296,2024-12-19,2024-12-20,586.28,-279,945081,1011142267,766681971,0.101597572718222,96.8362711119859,0.919969512195122
587.95,620,407,320,749694,1025600,2024-12-19,2025-01-17,586.28,-87,275906,1514554687,1064352666,0.0677162738858567,99.0521397396065,0.269019110764431
470.15,475,2173,2114,812702,1025290,2024-12-19,2025-06-20,586.28,-59,212588,449699453,166741904,0.22799449569266,97.4101202653675,0.207344263574208
573.82,610,257,279,620398,1009422,2024-12-19,2025-07-18,586.28,22,389024,27667536,4356049,3.64839861417367,77.327435301792,0.385392828767354
508.1,510,5255,5257,99845,998830,2024-12-19,2025-01-03,586.28,2,898985,111409876,89722965,0.896536317839542,89.8166541357608,0.900038044512079
380.3,385,2121,2123,704172,997810,2024-12-19,2025-12-19,586.28,2,293638,358192977,76766390,0.278567717423449,95.6748744406566,0.294282478628196
607.29,710,97,97,996287,996287,2024-12-19,2024-12-20,586.28,0,0,1011142267,766681971,0.098530843039123,96.934801955025,0
552.31,557,2079,2123,282744,995687,2024-12-19,2025-01-17,586.28,44,712943,1514554687,1064352666,0.0657412379061886,99.1178809775127,0.716031242749981
585.34,609,414,417,491004,986622,2024-12-19,2025-01-31,586.28,3,495618,308816945,198957159,0.319484411711929,88.7022744169689,0.502338281530312
559.37,575,628,628,981564,981564,2024-12-19,2025-08-15,586.28,0,0,61643559,10479837,1.59232207861327,55.6976650228777,0
566.08,568,4591,5091,68865,977472,2024-12-19,2024-12-20,586.28,500,908607,1011142267,766681971,0.0966700762000685,97.0314720312251,0.929547854056178
553.3,559,1495,1713,203320,976410,2024-12-19,2025-01-17,586.28,218,773090,1514554687,1064352666,0.0644684545484491,99.1823494320612,0.791767802460032
344.02,345,9900,9900,970200,970200,2024-12-19,2025-06-20,586.28,0,0,449699453,166741904,0.215744091643358,97.6258643570109,0
579.69,592.5,688,752,99072,963312,2024-12-19,2024-12-27,586.28,64,864240,251147067,226682685,0.383564901436814,94.6446270861686,0.897154815885196
352.39,355,3684,3684,998364,961524,2024-12-19,2025-12-19,586.28,0,-36840,358192977,76766390,0.268437423886175,95.9433118645428,-0.0383141762452107
580.39,594,683,705,398189,959505,2024-12-19,2025-01-24,586.28,22,561316,44279935,29820575,2.16690697490861,63.0733062277531,0.585005810287596
479.94,485,1883,1887,613858,954822,2024-12-19,2025-05-16,586.28,4,340964,60963155,21859848,1.56622799459772,90.0928273807351,0.357096924871861
543.16,560,1052,566,1259244,953144,2024-12-19,2025-07-18,586.28,-486,-306100,27667536,4356049,3.44499054776688,80.7724258495589,-0.321147696465592
575.99,588,771,789,228216,947589,2024-12-19,2025-01-10,586.28,18,719373,116669968,87839585,0.812196160026375,88.5121182170891,0.759161408585368
404.46,410,1732,1692,753420,937368,2024-12-19,2025-12-19,586.28,-40,183948,358192977,76766390,0.261693573070809,96.2050054376136,0.196238830427324
588,612,396,390,594000,936000,2024-12-19,2025-02-21,586.28,-6,342000,353457915,212469535,0.264812290311847,94.58226278509,0.365384615384615
603.76,621,542,542,952294,934408,2024-12-19,2024-12-20,586.28,0,-17886,1011142267,766681971,0.0924111305100848,97.1238831617351,-0.0191415313225058
379.2,380,11581,11642,335849,931360,2024-12-19,2025-02-21,586.28,61,595511,353457915,212469535,0.263499545624831,94.8457623307148,0.639399372959973
561.64,571,971,992,314604,928512,2024-12-19,2025-01-31,586.28,21,613908,308816945,198957159,0.30066743908758,89.0029418560565,0.661174007444169
507.1,510,3186,3196,273996,926840,2024-12-19,2025-01-31,586.28,10,652844,308816945,198957159,0.300126018020158,89.3030678740767,0.704376159854991
491.53,495,2617,2650,300955,919550,2024-12-19,2025-02-21,586.28,33,618595,353457915,212469535,0.260158270893439,95.1059206016083,0.672714914904029
519.74,530,893,893,521512,916218,2024-12-19,2025-05-16,586.28,0,394706,60963155,21859848,1.50290450026742,91.5957318810026,0.430799220272904
570.69,584,677,687,323606,914397,2024-12-19,2025-01-31,586.28,10,590791,308816945,198957159,0.296096770207995,89.5991646442847,0.646099013885654
437.59,445,978,1233,594624,913653,2024-12-19,2025-12-19,586.28,255,319029,358192977,76766390,0.255072840247228,96.4600782778608,0.349179611953335
376.57,380,2636,2661,893604,912723,2024-12-19,2025-12-19,586.28,25,19118.9999999999,358192977,76766390,0.254813203665911,96.7148914815267,0.0209472096134313
298.04,300,4658,4653,754596,911988,2024-12-19,2025-12-19,586.28,-5,157392,358192977,76766390,0.254608007012935,96.9694994885397,0.172581218173923
577.77,592,626,637,311748,906451,2024-12-19,2025-01-24,586.28,11,594703,44279935,29820575,2.04709198421362,65.1203982119667,0.656078486316414
562.54,578,586,586,905956,905956,2024-12-19,2025-08-15,586.28,0,0,61643559,10479837,1.46966855044823,57.167333573326,0
526.67,531,2082,2082,245676,901506,2024-12-19,2025-01-31,586.28,0,655830,308816945,198957159,0.29192245263614,89.8910870969208,0.727482678983834
565.32,573,1034,1172,358798,900096,2024-12-19,2025-01-31,586.28,138,541298,308816945,198957159,0.291465871472823,90.1825529683936,0.601378075227531
560.49,576,580,580,899580,899580,2024-12-19,2025-08-15,586.28,0,0,61643559,10479837,1.45932521514535,58.6266587884713,0
454.72,455,32177,32064,32177,897792,2024-12-19,2024-12-20,586.28,-113,865615,1011142267,766681971,0.0887898794562012,97.2126730411913,0.964159849942971
398.75,400,7127,7146,484636,893250,2024-12-19,2025-03-21,586.28,19,408614,932064068,492438205,0.0958356866944473,98.7514143716567,0.457446403582424
530.44,535,1946,1943,270494,886008,2024-12-19,2025-01-31,586.28,-3,615514,308816945,198957159,0.286903945636791,90.4694569140304,0.694704788218617
581.89,618,289,245,491011,884695,2024-12-19,2025-01-17,586.28,-44,393684,1514554687,1064352666,0.0584128792174805,99.2407623112786,0.444994037493148
573.18,587,645,637,286380,880334,2024-12-19,2025-01-24,586.28,-8,593954,44279935,29820575,1.98811041615124,67.1085086281179,0.674691651123324
587.06,617,296,294,467384,880236,2024-12-19,2024-12-20,586.28,-2,412852,1011142267,766681971,0.0870536252639907,97.2997266664553,0.469024216232919
549.8,555,1584,1692,248688,879840,2024-12-19,2025-01-24,586.28,108,631152,44279935,29820575,1.98699478669063,69.0955034148085,0.717348608837971
604.05,626,398,400,884754,878000,2024-12-19,2025-01-17,586.28,2,-6754.00000000012,1514554687,1064352666,0.0579708350933914,99.298733146372,-0.00769248291571767
603.32,680,113,113,825578,866484,2024-12-19,2024-12-20,586.28,0,40905.9999999999,1011142267,766681971,0.0856935792597027,97.385420245715,0.0472091810119978
399.88,400,71984,71835,71984,862020,2024-12-19,2024-12-20,586.28,-149,790036,1011142267,766681971,0.0852520983577873,97.4706723440728,0.916493816848797
554.84,556,7523,7388,75230,857008,2024-12-19,2024-12-20,586.28,-135,781778,1011142267,766681971,0.0847564213236474,97.5554287653965,0.912217855609283
525.7,539,641,641,685229,852530,2024-12-19,2025-08-15,586.28,0,167301,61643559,10479837,1.38299931709005,60.0096581055614,0.19624060150376
535.79,540,1699,2024,197084,852104,2024-12-19,2025-01-24,586.28,325,655020,44279935,29820575,1.92435693503163,71.0198603498402,0.768708983879902
580.5,587.5,844,1215,89464,850500,2024-12-19,2024-12-27,586.28,371,761036,251147067,226682685,0.338646200475039,94.9832732866436,0.894810111699001
581.62,594,358,684,129954,846792,2024-12-19,2025-01-10,586.28,326,716838,116669968,87839585,0.725801176186146,89.2379193932752,0.846533741461894
562.13,564,5367,4504,59037,842248,2024-12-19,2024-12-20,586.28,-863,783211,1011142267,766681971,0.0832966860834431,97.6387254514799,0.929905443527322
549.41,554,1836,1830,203796,839970,2024-12-19,2025-01-17,586.28,-6,636174,1514554687,1064352666,0.0554598660061457,99.3541930123782,0.757377049180328
442.95,445,4095,4088,450450,838040,2024-12-19,2025-03-21,586.28,-7,387590,932064068,492438205,0.0899122741420818,98.8413266457988,0.462495823588373
572.09,586,559,599,289562,833209,2024-12-19,2025-01-31,586.28,40,543647,308816945,198957159,0.269806762060936,90.7392636760914,0.652473749083363
581.69,601,243,429,258066,828399,2024-12-19,2025-02-21,586.28,186,570333,353457915,212469535,0.234369910771414,95.3402905123797,0.688476205306863
521.75,534,674,675,632886,826875,2024-12-19,2025-08-15,586.28,1,193989,61643559,10479837,1.34138101922376,61.3510391247851,0.234604988662132
574.72,582.5,999,1060,65934,824680,2024-12-19,2024-12-27,586.28,61,758746,251147067,226682685,0.328365371672845,95.3116386583165,0.920048988698647
379.48,380,15860,15841,174460,823732,2024-12-19,2025-01-17,586.28,-19,649272,1514554687,1064352666,0.0543877356869584,99.4085807480651,0.788207815163184
459.65,460,23596,23427,47192,819945,2024-12-19,2024-12-20,586.28,-169,772753,1011142267,766681971,0.0810909628407414,97.7198164143207,0.942444920086103
574.91,587,438,678,113880,819702,2024-12-19,2025-01-10,586.28,240,705822,116669968,87839585,0.702581833227211,89.9405012265024,0.861071462555904
606.16,660,151,151,812984,812984,2024-12-19,2024-12-20,586.28,0,0,1011142267,766681971,0.0804025335042195,97.8002189478249,0
557.32,573,517,517,810656,810656,2024-12-19,2025-08-15,586.28,0,0,61643559,10479837,1.31507007893558,62.6661092037207,0
414.01,415,8324,8183,124860,810117,2024-12-19,2025-01-17,586.28,-141,685257,1514554687,1064352666,0.0534887915869624,99.4620695396521,0.84587411447976
374.28,375,11232,11240,112320,809280,2024-12-19,2025-01-17,586.28,8,696960,1514554687,1064352666,0.0534335278182002,99.5155030674703,0.861209964412811
528.36,540,664,685,729736,797340,2024-12-19,2025-08-15,586.28,21,67604,61643559,10479837,1.29346847089085,63.9595776746116,0.0847869164973537
424.66,430,1483,1483,791922,791922,2024-12-19,2025-12-19,586.28,0,0,358192977,76766390,0.221088086827565,97.1905875753672,0
580.22,603,319,347,249777,790466,2024-12-19,2025-01-24,586.28,28,540689,44279935,29820575,1.78515618868908,72.8050165385293,0.684012974625095
358.79,360,6493,6493,785653,785653,2024-12-19,2025-06-20,586.28,0,0,449699453,166741904,0.174706238746526,97.8005705957574,0
570.17,583,610,612,289140,785196,2024-12-19,2025-01-31,586.28,2,496056,308816945,198957159,0.254259363908933,90.9935230400003,0.631760732352177
566.78,572,1408,1496,60544,780912,2024-12-19,2024-12-27,586.28,88,720368,251147067,226682685,0.310938132516594,95.6225767908331,0.922470137480279
579.4,598,353,418,218507,777480,2024-12-19,2025-01-24,586.28,65,558973,44279935,29820575,1.75582913570221,74.5608456742315,0.718954828420024
575.56,592,455,470,278005,772680,2024-12-19,2025-01-31,586.28,15,494675,308816945,198957159,0.250206477497535,91.2437295174978,0.640206812652068
327.35,330,2320,2912,505760,771680,2024-12-19,2025-12-19,586.28,592,265920,358192977,76766390,0.215436943086687,97.4060245184539,0.344598797428986
588.44,609,358,375,276734,771000,2024-12-19,2024-12-27,586.28,17,494266,251147067,226682685,0.306991440995009,95.9295682318281,0.641071335927367
574.72,582,998,1054,199600,767312,2024-12-19,2025-01-10,586.28,56,567712,116669968,87839585,0.657677389608952,90.5981786161114,0.739871134558042
477.91,480,3661,3669,362439,766821,2024-12-19,2025-02-21,586.28,8,404382,353457915,212469535,0.216948317595321,95.557238829975,0.527348625037655
561.36,563,5063,4664,70882,764896,2024-12-19,2024-12-20,586.28,-399,694014,1011142267,766681971,0.0756467240034779,97.8758656718284,0.907331192737313
377.75,380,3384,3386,460224,761850,2024-12-19,2025-06-20,586.28,2,301626,449699453,166741904,0.16941314802978,97.9699837437872,0.395912581216775
536.85,555,410,419,502250,760485,2024-12-19,2025-08-15,586.28,9,258235,61643559,10479837,1.23368120260545,65.193258877217,0.339566197886875
541.55,560,407,407,549043,750915,2024-12-19,2025-08-15,586.28,0,201872,61643559,10479837,1.21815646627412,66.4114153434911,0.268834688346883
339.01,340,7503,7503,742797,742797,2024-12-19,2025-06-20,586.28,0,0,449699453,166741904,0.165176318326542,98.1351600621138,0
427.74,435,1020,1020,559980,740520,2024-12-19,2025-12-19,586.28,0,180540,358192977,76766390,0.206737721716973,97.6127622401709,0.243801652892562
570.49,582,529,643,182505,740093,2024-12-19,2025-01-24,586.28,114,557588,44279935,29820575,1.6713958590951,76.2322415333266,0.753402612914863
399.36,405,1313,1312,554086,739968,2024-12-19,2025-12-19,586.28,-1,185882,358192977,76766390,0.206583614842901,97.8193458550138,0.251202754713717
348.93,350,6649,6889,272609,737123,2024-12-19,2025-03-21,586.28,240,464514,932064068,492438205,0.0790850141430406,98.9204116599418,0.630171626716301
555.22,563,896,935,226688,727430,2024-12-19,2025-01-31,586.28,39,500742,308816945,198957159,0.235553784135777,91.4792833016336,0.68837138968698
572.95,589,452,453,254024,727065,2024-12-19,2025-01-31,586.28,1,473041,308816945,198957159,0.235435591139599,91.7147188927732,0.650617207539904
587.76,640,139,139,634952,726136,2024-12-19,2025-12-19,586.28,0,91184,358192977,76766390,0.202722009259271,98.0220678642731,0.125574272588055
541.83,543,6666,6194,33330,724698,2024-12-19,2024-12-20,586.28,-472,691368,1011142267,766681971,0.0716712201291057,97.9475368919575,0.954008428338425
344.7,345,24117,24119,458223,723570,2024-12-19,2025-02-21,586.28,2,265347,353457915,212469535,0.204711783013828,95.7619506129888,0.366719184045773
602.76,650,153,153,722772,722772,2024-12-19,2024-12-20,586.28,0,0,1011142267,766681971,0.0714807424819083,98.0190176344394,0
582.43,599,539,435,384307,720795,2024-12-19,2025-01-24,586.28,-104,336488,44279935,29820575,1.62781404263579,77.8600555759624,0.466828987437482
584,610,144,276,152784,717600,2024-12-19,2025-01-24,586.28,132,564816,44279935,29820575,1.62059858488952,79.4806541608519,0.787090301003345
529.61,540,674,690,448884,716910,2024-12-19,2025-05-16,586.28,16,268026,60963155,21859848,1.1759726018117,92.7717044828142,0.373862827970038
575.64,584,276,855,60996,714780,2024-12-19,2025-01-10,586.28,579,653784,116669968,87839585,0.612651235149049,91.2108298512604,0.914664652060774
362.18,365,2528,2528,712896,712896,2024-12-19,2025-12-19,586.28,0,0,358192977,76766390,0.199025677714502,98.2210935419876,0
575.5,615,180,180,526860,711000,2024-12-19,2025-09-19,586.28,0,184140,400392887,101286695,0.177575582155634,97.4540187073803,0.258987341772152
438.62,440,5100,5144,316200,709872,2024-12-19,2025-02-21,586.28,44,393672,353457915,212469535,0.200836356995995,95.9627869699848,0.554567584015146
521.01,525,1760,1779,207680,709821,2024-12-19,2025-01-31,586.28,19,502141,308816945,198957159,0.229851700657164,91.9445705934304,0.707419194416621
550.99,555,1451,1770,126237,709770,2024-12-19,2025-01-10,586.28,319,583533,116669968,87839585,0.608357070947341,91.8191869222078,0.822143793059724
568.55,581,523,569,232735,708405,2024-12-19,2025-01-31,586.28,46,475670,308816945,198957159,0.22939317659528,92.1739637700256,0.671466181068739
429,430,7025,7051,667375,705100,2024-12-19,2025-03-21,586.28,26,37725,932064068,492438205,0.0756493061161542,98.996060966058,0.0535030492128776
548.44,553,1541,1546,178756,704976,2024-12-19,2025-01-17,586.28,5,526220,1514554687,1064352666,0.0465467510715247,99.5620498185418,0.746436758130773
586.27,607,335,339,435500,702747,2024-12-19,2025-02-21,586.28,4,267247,353457915,212469535,0.19882055831173,96.1616075282966,0.380289065623902
575.57,593,391,401,246721,698943,2024-12-19,2025-01-31,586.28,10,452222,308816945,198957159,0.226329225554641,92.4002929955803,0.64700841127245
488.78,490,5714,5712,171420,696864,2024-12-19,2025-01-10,586.28,-2,525444,116669968,87839585,0.597295098255277,92.416482020463,0.754012260641962
585.08,606,336,332,297696,694544,2024-12-19,2025-01-24,586.28,-4,396848,44279935,29820575,1.56852985443633,81.0491840152882,0.571379207076874
513.2,525,588,588,535080,693840,2024-12-19,2025-08-15,586.28,0,158760,61643559,10479837,1.1255677174642,67.5369830609553,0.228813559322034
581.23,608,301,258,322672,690666,2024-12-19,2025-01-24,586.28,-43,367994,44279935,29820575,1.5597719373346,82.6089559526228,0.53281035985556
527.47,538,651,651,685503,685503,2024-12-19,2025-08-15,586.28,0,0,61643559,10479837,1.11204319010848,68.6490262510638,0
607.82,670,110,110,683980,683980,2024-12-19,2024-12-20,586.28,0,0,1011142267,766681971,0.0676442892679513,98.0866619237073,0
373.31,375,4039,4039,533148,682591,2024-12-19,2025-06-20,586.28,0,149443,449699453,166741904,0.151788265573007,98.2869483276868,0.218934911242604
319.35,320,10466,10460,293048,679900,2024-12-19,2025-03-21,586.28,-6,386852,932064068,492438205,0.0729456293126837,99.0690065953707,0.568983674069716
464.66,465,19963,19969,19963,678946,2024-12-19,2024-12-20,586.28,6,658983,1011142267,766681971,0.0671464364766783,98.153808360184,0.970597072521231
434.4,440,1178,1206,493582,675360,2024-12-19,2025-09-19,586.28,28,181778,400392887,101286695,0.16867432512606,97.6226930325064,0.26915719023928
579.23,595,450,428,257850,674956,2024-12-19,2025-01-24,586.28,-22,417106,44279935,29820575,1.52429311379974,84.1332490664225,0.617975097635994
576.66,592,408,431,343944,661154,2024-12-19,2025-02-21,586.28,23,317210,353457915,212469535,0.187053103620554,96.3486606319171,0.479782320004114
576.65,584,880,899,60720,660765,2024-12-19,2024-12-27,586.28,19,600045,251147067,226682685,0.263098832048076,96.1926670638762,0.908106512905496
570.69,600,214,225,449186,659475,2024-12-19,2025-07-18,586.28,11,210289,27667536,4356049,2.38356968253335,83.1559955320922,0.318873346222374
569.5,578,362,775,145886,658750,2024-12-19,2025-01-31,586.28,413,512864,308816945,198957159,0.213314071868692,92.613607067449,0.778541176470588
607.58,760,43,43,655406,655406,2024-12-19,2025-03-21,586.28,0,0,932064068,492438205,0.0703176983752151,99.1393242937459,0
584.98,598,501,499,169338,649698,2024-12-19,2025-01-03,586.28,-2,480360,111409876,89722965,0.583160150003219,90.399814285764,0.739358902136069
583.51,599,412,415,141728,642835,2024-12-19,2025-01-03,586.28,3,501107,111409876,89722965,0.577000013894639,90.9768142996587,0.779526628139414
582.8,635,178,122,722858,636840,2024-12-19,2025-12-19,586.28,-56,-86018,358192977,76766390,0.177792430586935,98.3988859725745,-0.135070033289366
562.32,572,634,654,215560,633072,2024-12-19,2025-01-31,586.28,20,417512,308816945,198957159,0.204999113633483,92.8186061810825,0.659501604872748
472.82,475,2830,2887,158480,629366,2024-12-19,2025-01-31,586.28,57,470886,308816945,198957159,0.203799049951744,93.0224052310342,0.74819103669407
568.32,577,617,722,101805,626696,2024-12-19,2025-01-10,586.28,105,524891,116669968,87839585,0.537152800110479,92.9536348205735,0.837552816676666
581,601,415,313,338225,626000,2024-12-19,2025-01-31,586.28,-102,287775,308816945,198957159,0.202709083855486,93.2251143148897,0.459704472843451
549.41,565,398,401,388050,625159,2024-12-19,2025-05-16,586.28,3,237109,60963155,21859848,1.0254702204963,93.7971747033106,0.379277911699264
586.5,620,162,186,298080,623100,2024-12-19,2025-01-31,586.28,24,325020,308816945,198957159,0.201770016214622,93.4268843311043,0.521617717862301
448.31,450,3668,3656,165060,617864,2024-12-19,2025-01-31,586.28,-12,452804,308816945,198957159,0.20007451339822,93.6269588445025,0.73285383191123
369.4,370,10344,10283,103440,616980,2024-12-19,2025-01-17,586.28,-61,513540,1514554687,1064352666,0.0407367264646021,99.6027865450064,0.832344646503939
547.67,550,3545,2639,85080,614887,2024-12-19,2024-12-27,586.28,-906,529807,251147067,226682685,0.24483144770311,96.4374985115793,0.861633113076061
328.73,330,4899,4815,450708,611505,2024-12-19,2025-06-20,586.28,-84,160797,449699453,166741904,0.135980819171688,98.4229291468585,0.262952878553732
556.86,560,1924,1918,59644,602252,2024-12-19,2024-12-27,586.28,-6,542608,251147067,226682685,0.239800530897699,96.677299042477,0.900965044532853
604.87,665,100,100,601300,601300,2024-12-19,2024-12-20,586.28,0,0,1011142267,766681971,0.0594673983695709,98.2132757585536,0
573.58,605,176,190,399520,596980,2024-12-19,2025-07-18,586.28,14,197460,27667536,4356049,2.15769123784641,85.3136867699386,0.33076484974371
501.13,505,1533,1542,205422,596754,2024-12-19,2025-02-21,586.28,9,391332,353457915,212469535,0.168833112705936,96.5174937446231,0.655767703274716
444.69,445,19239,19249,38478,596719,2024-12-19,2024-12-20,586.28,10,558241,1011142267,766681971,0.0590143463956294,98.2722901049492,0.935517387581089
574.61,594,250,307,223000,595273,2024-12-19,2025-02-21,586.28,57,372273,353457915,212469535,0.168414109498722,96.6859078541218,0.62538196760142
552.39,555,2077,2265,47771,591165,2024-12-19,2024-12-27,586.28,188,543394,251147067,226682685,0.235385986012729,96.9126850284897,0.919191765412364
298.79,300,4869,4868,321354,589028,2024-12-19,2025-06-20,586.28,-1,267674,449699453,166741904,0.130982592055766,98.5539117389142,0.454433405542691
572.11,583,639,538,136746,585882,2024-12-19,2025-01-10,586.28,-101,449136,116669968,87839585,0.502170361442115,93.4558051820157,0.766598052167501
586.96,601,449,415,261767,582660,2024-12-19,2025-01-10,586.28,-34,320893,116669968,87839585,0.499408725302813,93.9552139073185,0.550737994713898
516.25,517,5746,7740,28730,580500,2024-12-19,2024-12-20,586.28,1994,551770,1011142267,766681971,0.0574103188982802,98.3297004238475,0.950508182601206
572.45,577.5,1048,1148,51352,579740,2024-12-19,2024-12-27,586.28,100,528388,251147067,226682685,0.230836858628335,97.1435218871181,0.91142236174837
545.82,550,1461,1378,105192,576004,2024-12-19,2025-01-10,586.28,-83,470812,116669968,87839585,0.493703743880345,94.4489176511988,0.81737626822036
502.12,505,1857,1991,155988,573408,2024-12-19,2025-01-31,586.28,134,417420,308816945,198957159,0.185678930280202,93.8126377747827,0.727963335007534
578.61,591,451,462,265639,572418,2024-12-19,2025-01-31,586.28,11,306779,308816945,198957159,0.185358352016597,93.9979961267993,0.535935278066029
559.06,567,421,720,123774,571680,2024-12-19,2025-01-31,586.28,299,447906,308816945,198957159,0.185119375492818,94.1831155022921,0.783490764063812
577.1,587.5,572,545,108108,566800,2024-12-19,2025-01-03,586.28,-27,458692,111409876,89722965,0.508752024820493,91.4855663244792,0.809266055045872
396.17,400,1475,1478,427750,566074,2024-12-19,2025-09-19,586.28,3,138324,400392887,101286695,0.141379634448901,97.7640726669553,0.244356744877878
423.74,425,4484,4455,403560,561330,2024-12-19,2025-03-21,586.28,-29,157770,932064068,492438205,0.0602244007973066,99.1995486945432,0.281064614397948
536.19,537,5707,6879,34242,557199,2024-12-19,2024-12-20,586.28,1172,522957,1011142267,766681971,0.0551058954001772,98.3848063192477,0.938546192652894
379.93,380,79457,79333,79457,555331,2024-12-19,2024-12-20,586.28,-124,475874,1011142267,766681971,0.054921153839967,98.4397274730876,0.856919566888937
547.04,548,5883,5740,47064,551040,2024-12-19,2024-12-20,586.28,-143,503976,1011142267,766681971,0.0544967823009618,98.4942242553886,0.914590592334495
397.91,400,2613,2633,347529,550297,2024-12-19,2025-05-16,586.28,20,202768,60963155,21859848,0.902671457866641,94.6998461611772,0.368470117045886
579.38,589,353,571,63187,549302,2024-12-19,2025-01-03,586.28,218,486115,111409876,89722965,0.493046056347823,91.978612380827,0.884968560099909
462.01,470,679,684,396536,546516,2024-12-19,2025-09-19,586.28,5,149980,400392887,101286695,0.136494932288845,97.9005675992441,0.274429293927351
572.63,578,479,1017,26824,546129,2024-12-19,2024-12-27,586.28,538,519305,251147067,226682685,0.217453863397099,97.3609757505151,0.950883399343379
569.96,587,262,319,182876,543576,2024-12-19,2025-02-21,586.28,57,360700,353457915,212469535,0.153788040083923,96.8396958942057,0.6635686638115
514.49,518,1535,1548,153500,543348,2024-12-19,2025-01-31,586.28,13,389848,308816945,198957159,0.175945008458004,94.3590605107502,0.71749228855172
551.28,555,1434,1447,67398,538284,2024-12-19,2025-01-03,586.28,13,470886,111409876,89722965,0.483156448356517,92.4617688291835,0.874791002519116
584,609,210,215,176400,537500,2024-12-19,2025-01-03,586.28,5,361100,111409876,89722965,0.482452740545192,92.9442215697287,0.671813953488372
537.44,542,1187,1174,178050,535344,2024-12-19,2025-01-31,586.28,-13,357294,308816945,198957159,0.173353181769219,94.5324136925194,0.667410113870708
452.93,455,2558,2578,319750,533646,2024-12-19,2025-03-21,586.28,20,213896,932064068,492438205,0.0572542187089225,99.2568029132521,0.400820019263707
388.42,390,3372,3372,532776,532776,2024-12-19,2025-06-20,586.28,0,0,449699453,166741904,0.118473793206949,98.6723855321212,0
486.84,490,988,1672,106704,528352,2024-12-19,2025-02-21,586.28,684,421648,353457915,212469535,0.149480879498766,96.9891767737045,0.798043728423475
436.94,440,245,1726,47285,528156,2024-12-19,2025-05-16,586.28,1481,480871,60963155,21859848,0.866352799490118,95.5661989606673,0.910471527351767
522.09,535,307,409,267704,528019,2024-12-19,2025-07-18,586.28,102,260315,27667536,4356049,1.90844244315793,87.2221292130965,0.49300309269174
524.43,527,2058,2050,238728,526850,2024-12-19,2025-01-31,586.28,-8,288122,308816945,198957159,0.170602685030771,94.7030163775501,0.546876720129069
573.53,586,381,422,149352,526234,2024-12-19,2025-01-24,586.28,41,376882,44279935,29820575,1.18842541209692,85.3216744785195,0.716187095474637
581.39,592,532,494,120232,524134,2024-12-19,2025-01-03,586.28,-38,403902,111409876,89722965,0.470455599465886,93.4146771691946,0.770608279562097
337.38,340,1594,2000,360244,524000,2024-12-19,2025-12-19,586.28,406,163756,358192977,76766390,0.146289858720485,98.545175831295,0.31251145038168
542.28,554,445,445,521540,521540,2024-12-19,2025-08-15,586.28,0,0,61643559,10479837,0.846057574320133,69.4950838253839,0
555.75,560,1195,1221,66920,518925,2024-12-19,2025-01-03,586.28,26,452005,111409876,89722965,0.465780071418444,93.880457240613,0.871041094570506
467.77,475,712,711,349592,514053,2024-12-19,2025-08-15,586.28,-1,164461,61643559,10479837,0.833911942040855,70.3289957674248,0.319930046123649
488.42,494,921,921,513918,513918,2024-12-19,2025-08-15,586.28,0,0,61643559,10479837,0.833692941058124,71.1626887084829,0
390.24,395,1073,1079,405594,513604,2024-12-19,2025-12-19,586.28,6,108010,358192977,76766390,0.14338751259213,98.6885633438871,0.210298206400262
585.75,630,115,116,336375,513300,2024-12-19,2025-03-21,586.28,1,176925,932064068,492438205,0.0550713215564061,99.3118742348085,0.344681472822911
367.3,370,1900,1898,250800,512460,2024-12-19,2025-06-20,586.28,-2,261660,449699453,166741904,0.113956109259488,98.7863416413806,0.510595948952113
537.9,540,2390,2430,45410,510300,2024-12-19,2024-12-27,586.28,40,464890,251147067,226682685,0.203187720285023,97.5641634708002,0.911013129531648
596.3,611,345,345,410895,507150,2024-12-19,2025-01-31,586.28,0,96255,308816945,198957159,0.164223501401453,94.8672398789516,0.189795918367347
587.5,645,110,88,535370,506000,2024-12-19,2025-12-19,586.28,-22,-29370,358192977,76766390,0.141264634565965,98.8298279784531,-0.0580434782608696
388.82,390,4272,4258,260592,502444,2024-12-19,2025-03-21,586.28,-14,241852,932064068,492438205,0.053906594755673,99.3657808295642,0.481351155551663
555.04,580,201,201,358182,501696,2024-12-19,2025-08-15,586.28,0,143514,61643559,10479837,0.813866052088264,71.9765547605712,0.286057692307692
349.48,350,9858,9645,78864,501540,2024-12-19,2025-01-17,586.28,-213,422676,1514554687,1064352666,0.0331146840919585,99.6359012290984,0.842756310563465
434.78,435,22509,22520,22509,495440,2024-12-19,2024-12-20,586.28,11,472931,1011142267,766681971,0.0489980506373195,98.5432223060259,0.954567657032133
416.69,420,1485,1485,491535,491535,2024-12-19,2025-09-19,586.28,0,0,400392887,101286695,0.122763169866202,98.0233307691103,0
526.99,537,490,490,490490,490490,2024-12-19,2025-08-15,586.28,0,0,61643559,10479837,0.795687348292139,72.7722421088633,0
481.87,485,1067,1563,110968,489219,2024-12-19,2025-02-21,586.28,496,378251,353457915,212469535,0.138409405826999,97.1275861795315,0.773173159668778
570.98,577.5,642,746,68052,486392,2024-12-19,2025-01-03,586.28,104,418340,111409876,89722965,0.43657889000792,94.317036130621,0.860088159344726
586.2,610,170,204,165240,485520,2024-12-19,2025-01-10,586.28,34,320280,116669968,87839585,0.41614822419425,94.8650658753931,0.659663865546219
319.66,320,14276,14219,57104,483446,2024-12-19,2025-01-17,586.28,-57,426342,1514554687,1064352666,0.0319200095017764,99.6678212386001,0.881881326973437
531.43,536,1054,1056,140182,482592,2024-12-19,2025-01-31,586.28,2,342410,308816945,198957159,0.156271217565474,95.0235110965171,0.709522743849877
558.37,574,302,302,472026,472026,2024-12-19,2025-08-15,586.28,0,0,61643559,10479837,0.765734502772625,73.5379766116359,0
557.35,559,2946,2858,32406,471570,2024-12-19,2024-12-20,586.28,-88,439164,1011142267,766681971,0.0466373541479104,98.5898596601738,0.931280615815255
532.8,550,274,274,339212,471280,2024-12-19,2025-08-15,586.28,0,132068,61643559,10479837,0.764524319564352,74.3025009312003,0.280232558139535
571.7,577,793,888,38857,470640,2024-12-19,2024-12-27,586.28,95,431783,251147067,226682685,0.187396176121778,97.7515596469219,0.917437956824749
394.72,395,16701,16702,200412,467656,2024-12-19,2025-01-17,586.28,1,267244,1514554687,1064352666,0.0308774588342085,99.6986986974344,0.571454231315326
318.08,320,2092,2435,357732,467520,2024-12-19,2025-12-19,586.28,343,109788,358192977,76766390,0.130521822040079,98.9603498004932,0.234830595482546
500.48,510,488,491,307440,467432,2024-12-19,2025-07-18,586.28,3,159992,27667536,4356049,1.6894601673239,88.9115893804205,0.342278662992692
551.69,553,3230,3568,32300,467408,2024-12-19,2024-12-20,586.28,338,435108,1011142267,766681971,0.0462257404575493,98.6360854006314,0.930895491733132
534.99,536,5037,4622,30222,466822,2024-12-19,2024-12-20,586.28,-415,436600,1011142267,766681971,0.0461677861993677,98.6822531868307,0.935260120559871
580.55,625,134,105,455868,466725,2024-12-19,2025-09-19,586.28,-29,10857,400392887,101286695,0.116566756092248,98.1398975252026,0.0232620922384702
538.42,543,1021,1018,155192,466244,2024-12-19,2025-01-31,586.28,-3,311052,308816945,198957159,0.150977466602424,95.1744885631195,0.667144242070676
532.61,533,12006,11880,72036,463320,2024-12-19,2024-12-20,586.28,-126,391284,1011142267,766681971,0.0458214452229995,98.7280746320537,0.844522144522145
540.17,545,950,955,111150,461265,2024-12-19,2025-01-24,586.28,5,350115,44279935,29820575,1.04170207115254,86.363376549672,0.759032226594257
512.97,516,1469,1517,130741,459651,2024-12-19,2025-01-31,586.28,48,328910,308816945,198957159,0.148842544893383,95.3233311080129,0.715564634907789
607.59,790,25,25,456025,456025,2024-12-19,2024-12-20,586.28,0,0,1011142267,766681971,0.0450999839372752,98.773174615991,0
586.6,597.5,386,418,96500,455620,2024-12-19,2024-12-27,586.28,32,359120,251147067,226682685,0.181415616531966,97.9329752634539,0.788200693560423
525.6,526,11365,11314,68190,452560,2024-12-19,2024-12-20,586.28,-51,384370,1011142267,766681971,0.0447573021888126,98.8179319181798,0.849323846561782
343.03,345,2292,2292,451524,451524,2024-12-19,2025-09-19,586.28,0,0,400392887,101286695,0.112770235101604,98.2526677603042,0
497.78,505,624,624,450528,450528,2024-12-19,2025-08-15,586.28,0,0,61643559,10479837,0.730859812944934,75.0333607441452,0
564.07,576,336,370,174720,441410,2024-12-19,2025-02-21,586.28,34,266690,353457915,212469535,0.124883325925804,97.2524695054573,0.604177522031671
567.72,577,454,472,173882,438016,2024-12-19,2025-01-31,586.28,18,264134,308816945,198957159,0.141836776476109,95.465167884489,0.60302363383986
574.04,581,461,628,27660,437088,2024-12-19,2024-12-27,586.28,167,409428,251147067,226682685,0.17403667310198,98.1070119365559,0.936717548868878
581.34,620,129,113,384033,436858,2024-12-19,2025-09-19,586.28,-16,52825,400392887,101286695,0.109107332868278,98.3617750931724,0.120920299044541
557.88,569,299,391,130065,434792,2024-12-19,2025-02-21,586.28,92,304727,353457915,212469535,0.123010967232124,97.3754804726894,0.700856961489632
576.77,587,434,425,66836,434775,2024-12-19,2025-01-03,586.28,-9,367939,111409876,89722965,0.390248167945183,94.7072842985661,0.846274509803922
574.5,586,390,377,104910,433550,2024-12-19,2025-01-10,586.28,-13,328640,116669968,87839585,0.371603770389309,95.2366696457824,0.758020989505247
293.09,295,2269,2267,365309,432997,2024-12-19,2025-12-19,586.28,-2,67688,358192977,76766390,0.120883721290828,99.081233521784,0.156324408714148
537.49,540,1725,1724,56925,432724,2024-12-19,2025-01-03,586.28,-1,375799,111409876,89722965,0.388407218045912,95.0956915166121,0.868449635333377
578.23,603,145,174,159500,430998,2024-12-19,2025-02-21,586.28,29,271498,353457915,212469535,0.121937572115198,97.4974180448046,0.629928677163235
553.31,554,6232,6228,62320,429732,2024-12-19,2024-12-20,586.28,-4,367412,1011142267,766681971,0.0424996574690711,98.8604315756489,0.85497938249886
604.4,659,78,78,425880,425880,2024-12-19,2024-12-20,586.28,0,0,1011142267,766681971,0.0421187021746763,98.9025502778236,0
412.9,415,2025,2025,352350,425250,2024-12-19,2025-06-20,586.28,0,72900,449699453,166741904,0.0945631570514719,98.8809047984321,0.171428571428571
538.52,539,8927,8827,62489,423696,2024-12-19,2024-12-20,586.28,-100,361207,1011142267,766681971,0.0419027088301908,98.9444529866538,0.852514538725879
538.47,544,771,765,122589,423045,2024-12-19,2025-01-31,586.28,-6,300456,308816945,198957159,0.136988920734256,95.6021568052232,0.710222316774811
484.49,490,763,763,420413,420413,2024-12-19,2025-08-15,586.28,0,0,61643559,10479837,0.682006371501036,75.7153671156463,0
582.06,597.5,270,271,90180,418424,2024-12-19,2025-01-03,586.28,1,328244,111409876,89722965,0.375571731181175,95.4712632477932,0.784476989847619
347.6,350,1735,1735,320975,416400,2024-12-19,2025-09-19,586.28,0,95425,400392887,101286695,0.103997851490304,98.4657729446627,0.229166666666667
551.05,559,365,522,127385,414990,2024-12-19,2025-02-21,586.28,157,287605,353457915,212469535,0.117408602944993,97.6148266477496,0.693040796163763
566.83,579,325,340,125775,413780,2024-12-19,2025-01-31,586.28,15,288005,308816945,198957159,0.133988761529909,95.7361455667531,0.69603412441394
515.04,525,859,411,687200,409356,2024-12-19,2025-07-18,586.28,-448,-277844,27667536,4356049,1.47955350993309,90.3911428903535,-0.678734402329512
433.25,435,2312,2322,231200,406350,2024-12-19,2025-03-21,586.28,10,175150,932064068,492438205,0.0435967884559627,99.4093776180201,0.431032361264919
551.1,558,598,586,129766,404340,2024-12-19,2025-01-31,586.28,-12,274574,308816945,198957159,0.130931934450682,95.8670775012038,0.679067121729238
568.3,576,534,525,83304,404250,2024-12-19,2025-01-10,586.28,-9,320946,116669968,87839585,0.346490195317445,95.5831598410998,0.793929499072356
359.45,360,7330,7304,65970,401720,2024-12-19,2025-01-17,586.28,-26,335750,1514554687,1064352666,0.0265239679655093,99.7252226653999,0.835781141093299
571.1,578,542,581,56368,400890,2024-12-19,2025-01-03,586.28,39,344522,111409876,89722965,0.35983344959472,95.8310966973879,0.859392850906733
573.29,579,666,697,36630,397987,2024-12-19,2024-12-27,586.28,31,361357,251147067,226682685,0.158467707687783,98.2654796442437,0.907961817848322
544.74,550,757,751,104466,395026,2024-12-19,2025-01-24,586.28,-6,290560,44279935,29820575,0.892110613983512,87.2554871636555,0.735546520988492
532.88,535,1933,1859,106315,394108,2024-12-19,2025-01-10,586.28,-74,287793,116669968,87839585,0.337797298444446,95.9209571395443,0.730238919281009
149.82,150,21861,21850,240471,393300,2024-12-19,2025-06-20,586.28,-11,152829,449699453,166741904,0.0874584119185042,98.9683632103506,0.388581235697941
424.82,425,21829,21772,21829,391896,2024-12-19,2024-12-20,586.28,-57,370067,1011142267,766681971,0.0387577507923522,98.9832107374461,0.944298997693265
570.98,583,285,326,106020,391852,2024-12-19,2025-01-24,586.28,41,285832,44279935,29820575,0.884942581781116,88.1404297454366,0.729438665618652
498.26,500,2244,2250,42636,391500,2024-12-19,2025-01-03,586.28,6,348864,111409876,89722965,0.351405112415707,96.1825018098036,0.891095785440613
542.9,544,3423,3542,27384,389620,2024-12-19,2024-12-20,586.28,119,362236,1011142267,766681971,0.0385326588271282,99.0217433962732,0.929716133668703
529.63,543,291,291,323301,389067,2024-12-19,2025-08-15,586.28,0,65766,61643559,10479837,0.631155965540536,76.3465230811868,0.169035153328347
577.5,592.5,260,258,84240,387000,2024-12-19,2025-01-10,586.28,-2,302760,116669968,87839585,0.331704899413361,96.2526620389576,0.782325581395349
480.81,488,538,538,386822,386822,2024-12-19,2025-08-15,586.28,0,0,61643559,10479837,0.627514060309204,76.974037141496,0
378.89,380,3477,3477,198189,385947,2024-12-19,2025-03-21,586.28,0,187758,932064068,492438205,0.0414077758440099,99.4507853938642,0.486486486486487
530.42,533,1487,1494,184388,385452,2024-12-19,2025-01-31,586.28,7,201064,308816945,198957159,0.124815689760806,95.9918931909646,0.521631746624742
390.7,395,921,895,252354,384850,2024-12-19,2025-09-19,586.28,-26,132496,400392887,101286695,0.0961180911288267,98.5618910357916,0.344279589450435
607.45,735,30,30,382650,382650,2024-12-19,2024-12-20,586.28,0,0,1011142267,766681971,0.0378433394081429,99.0595867356814,0
604.39,653,78,78,379158,379158,2024-12-19,2024-12-20,586.28,0,0,1011142267,766681971,0.0374979874122896,99.0970847230937,0
269.67,270,11431,11440,160034,377520,2024-12-19,2025-03-21,586.28,9,217486,932064068,492438205,0.0405036534462779,99.4912890473104,0.576091332909515
565.72,574,446,454,156992,375912,2024-12-19,2025-01-31,586.28,8,218920,308816945,198957159,0.121726481038791,96.1136196720034,0.582370341994935
572.99,588,243,250,108864,375250,2024-12-19,2025-01-24,586.28,7,266386,44279935,29820575,0.847449301811306,88.9878790472479,0.709889407061959
522.75,525,1817,1665,50876,374625,2024-12-19,2025-01-03,586.28,-152,323749,111409876,89722965,0.336258340328823,96.5187601501325,0.864194861528195
573.84,583,212,408,27348,373728,2024-12-19,2025-01-03,586.28,196,346380,111409876,89722965,0.335453205243672,96.8542133553762,0.926823786283072
403.19,405,2062,2062,369098,373222,2024-12-19,2025-06-20,586.28,0,4124,449699453,166741904,0.0829936522070886,99.0513568625577,0.0110497237569061
581.49,596,233,256,133509,371456,2024-12-19,2025-01-24,586.28,23,237947,44279935,29820575,0.838881086885064,89.826760134133,0.640579234148863
607.19,730,30,30,368430,368430,2024-12-19,2024-12-20,586.28,0,0,1011142267,766681971,0.0364370091157509,99.1335217322094,0
508.1,510,1796,1935,64656,367650,2024-12-19,2025-01-10,586.28,139,302994,116669968,87839585,0.315119654442693,96.5677816934003,0.824137086903305
606.78,645,96,96,366912,366912,2024-12-19,2024-12-20,586.28,0,0,1011142267,766681971,0.0362868818735673,99.169808614083,0
547.25,552,768,769,149760,365275,2024-12-19,2025-01-31,586.28,1,215515,308816945,198957159,0.118282045695388,96.2319017176988,0.590007528574362
480.47,486,659,659,364427,364427,2024-12-19,2025-08-15,586.28,0,0,61643559,10479837,0.591184230618482,77.5652213721145,0
566.88,574,536,511,77184,363832,2024-12-19,2025-01-10,586.28,-25,286648,116669968,87839585,0.311847175615922,96.8796288690162,0.787858132324809
576.86,593,213,222,112890,358308,2024-12-19,2025-01-24,586.28,9,245418,44279935,29820575,0.809188179702612,90.6359483138356,0.684935865233263
550.72,556,652,674,133008,355872,2024-12-19,2025-01-31,586.28,22,222864,308816945,198957159,0.115237199823993,96.3471389175228,0.626247639600755
536.53,548,310,310,355570,355570,2024-12-19,2025-08-15,586.28,0,0,61643559,10479837,0.576816143921865,78.1420375160364,0
507.4,515,469,466,331583,354160,2024-12-19,2025-07-18,586.28,-3,22577,27667536,4356049,1.28005616401836,91.6711990543719,0.0637480234922069
309.46,310,6552,6557,78624,354078,2024-12-19,2025-02-21,586.28,5,275454,353457915,212469535,0.100175433898545,97.7150020816481,0.777947231965838
557.74,568,277,344,117725,352944,2024-12-19,2025-02-21,586.28,67,235219,353457915,212469535,0.099854603623744,97.8148566852719,0.666448501745319
439.84,440,21892,21903,21892,350448,2024-12-19,2024-12-20,586.28,11,328556,1011142267,766681971,0.0346586243535995,99.2044672384366,0.937531388394284
557.56,565,470,470,92590,349680,2024-12-19,2025-01-24,586.28,0,257090,44279935,29820575,0.78970305624884,91.4256513700844,0.735215053763441
496.87,507,315,345,235305,349485,2024-12-19,2025-08-15,586.28,30,114180,61643559,10479837,0.56694487740398,78.7089823934403,0.326709300828362
516.55,525,394,410,210002,346450,2024-12-19,2025-05-16,586.28,16,136448,60963155,21859848,0.568294078611909,96.1344930392792,0.393846153846154
490.41,497,524,524,345316,345316,2024-12-19,2025-08-15,586.28,0,0,61643559,10479837,0.560181802611365,79.2691641960517,0
426.41,430,954,954,342486,342486,2024-12-19,2025-09-19,586.28,0,0,400392887,101286695,0.0855374835867152,98.6474285193783,0
329.35,330,5259,5259,157770,341835,2024-12-19,2025-03-21,586.28,0,184065,932064068,492438205,0.0366750539727919,99.5279641012832,0.538461538461538
481.38,487,606,606,340572,340572,2024-12-19,2025-08-15,586.28,0,0,61643559,10479837,0.552485945855268,79.821650141907,0
533.88,545,293,305,214183,339160,2024-12-19,2025-05-16,586.28,12,124977,60963155,21859848,0.556336036086059,96.6908290753653,0.368489798325274
590.98,640,41,69,163590,338238,2024-12-19,2025-09-19,586.28,28,174648,400392887,101286695,0.0844765256781397,98.7319050450564,0.516346477923829
199.32,200,4963,4963,292817,337484,2024-12-19,2025-12-19,586.28,0,44667,358192977,76766390,0.0942184860313439,99.1754520078153,0.132352941176471
576.6,582.5,541,571,71412,336890,2024-12-19,2025-01-03,586.28,30,265478,111409876,89722965,0.302387913976316,97.1566012693525,0.788025765086527
573.8,579,635,647,67945,336440,2024-12-19,2025-01-03,586.28,12,268495,111409876,89722965,0.301984000053999,97.4585852694065,0.798047200095114
577.64,597,79,172,76630,332992,2024-12-19,2025-02-21,586.28,93,256362,353457915,212469535,0.0942098014695752,97.9090664867414,0.769874351335768
582.98,602,168,175,136584,332850,2024-12-19,2025-01-24,586.28,7,196266,44279935,29820575,0.751694870374132,92.1773462404586,0.589652996845426
586.33,640,60,62,230580,332754,2024-12-19,2025-06-20,586.28,2,102174,449699453,166741904,0.0739947531134756,99.1253516156712,0.307055662741845
604.38,647,78,78,332436,332436,2024-12-19,2024-12-20,586.28,0,0,1011142267,766681971,0.032877272649903,99.2373445110865,0
334.05,335,3458,3458,328510,328510,2024-12-19,2025-06-20,586.28,0,0,449699453,166741904,0.0730510116942482,99.1984026273654,0
540.52,541,6736,6817,33680,327216,2024-12-19,2024-12-20,586.28,81,293536,1011142267,766681971,0.0323610248210502,99.2697055359075,0.89707104787052
598.96,613,232,232,325728,325728,2024-12-19,2025-01-31,586.28,0,0,308816945,198957159,0.105476077421853,96.4526149949447,0
387.39,390,1223,1248,305750,325728,2024-12-19,2025-09-19,586.28,25,19978,400392887,101286695,0.0813520945490722,98.8132571396055,0.0613333824540721
566.47,572,548,586,44388,324058,2024-12-19,2025-01-03,586.28,38,279670,111409876,89722965,0.290870084084826,97.7494553534913,0.863024520301921
397.58,400,1328,1328,309424,321376,2024-12-19,2025-08-15,586.28,0,11952,61643559,10479837,0.521345628340505,80.3429957702475,0.0371900826446281
528.56,529,6357,7254,31785,319176,2024-12-19,2024-12-20,586.28,897,287391,1011142267,766681971,0.0315658844869552,99.3012714203945,0.900415444770284
584.34,609,63,129,55881,318114,2024-12-19,2025-01-24,586.28,66,262233,44279935,29820575,0.71841568873125,92.8957619291898,0.824336558592203
517.22,518,2705,4064,10820,316992,2024-12-19,2024-12-20,586.28,1359,306172,1011142267,766681971,0.0313498911424697,99.332621311537,0.965866646476883
499.37,506,476,476,315588,315588,2024-12-19,2025-08-15,586.28,0,0,61643559,10479837,0.511956163984627,80.8549519342321,0
289.16,290,3733,3734,209048,313656,2024-12-19,2025-06-20,586.28,1,104608,449699453,166741904,0.0697479167269523,99.2681505440924,0.333511872879843
546.43,553,473,477,92235,313389,2024-12-19,2025-01-31,586.28,4,221154,308816945,198957159,0.10148050651819,96.5540955014629,0.705685266553708
446.42,450,867,874,176001,312892,2024-12-19,2025-05-16,586.28,7,136891,60963155,21859848,0.513247714951761,97.204076790317,0.437502396993212
547.9,549,2745,2837,21960,312070,2024-12-19,2024-12-20,586.28,92,290110,1011142267,766681971,0.0308631149329652,99.3634844264699,0.929631172493351
569.42,574,606,681,26058,311898,2024-12-19,2024-12-27,586.28,75,285840,251147067,226682685,0.124189385815125,98.3896690300588,0.916453455937518
587.17,612,125,125,155750,310375,2024-12-19,2025-01-17,586.28,0,154625,1514554687,1064352666,0.02049282225753,99.7457154876574,0.498187676198147
571.57,586,188,215,127652,310245,2024-12-19,2025-02-21,586.28,27,182593,353457915,212469535,0.0877742403929475,97.9968407271344,0.588544537381747
402.42,405,1200,1200,309600,309600,2024-12-19,2025-09-19,586.28,0,0,400392887,101286695,0.0773240509639723,98.8905811905695,0
382.8,385,1407,1407,309540,309540,2024-12-19,2025-09-19,586.28,0,0,400392887,101286695,0.0773090656827777,98.9678902562522,0
572.94,579,453,505,90147,306030,2024-12-19,2025-01-10,586.28,52,215883,116669968,87839585,0.262304006117495,97.1419328751337,0.705430840113714
542.8,545,1225,1388,24500,305360,2024-12-19,2024-12-27,586.28,163,280860,251147067,226682685,0.121586130249333,98.5112551603081,0.91976683259104
279.65,280,8654,8664,121156,303240,2024-12-19,2025-03-21,586.28,10,182084,932064068,492438205,0.0325342442017623,99.560498345485,0.600461680517082
367.08,370,1037,1038,203252,303096,2024-12-19,2025-09-19,586.28,1,99844,400392887,101286695,0.0756996464824811,99.0435899027347,0.329413783091826
249.91,250,33330,33306,66660,299754,2024-12-19,2025-01-17,586.28,-24,233094,1514554687,1064352666,0.0197915600257226,99.7655070476831,0.777617646470105
413.46,415,1851,1943,153633,299222,2024-12-19,2025-03-21,586.28,92,145589,932064068,492438205,0.0321031579558756,99.5926015034409,0.486558474978444
582.09,607,119,120,115787,298920,2024-12-19,2025-01-24,586.28,1,183133,44279935,29820575,0.675068741632073,93.5708306708219,0.612648869262679
497.76,508,260,288,192920,294912,2024-12-19,2025-08-15,586.28,28,101992,61643559,10479837,0.478414946807338,81.3333668810394,0.345838758680556
589.08,620,80,94,224400,290648,2024-12-19,2025-07-18,586.28,14,66248,27667536,4356049,1.05050193121643,92.7217009855883,0.227932069031956
600.23,616,183,183,288591,288591,2024-12-19,2025-01-17,586.28,0,0,1514554687,1064352666,0.0190545116975363,99.7845615593807,0
518.38,520,1803,1777,23439,287874,2024-12-19,2024-12-27,586.28,-26,264435,251147067,226682685,0.114623675856027,98.6258788361642,0.918578961629046
324.72,325,10349,10271,51745,287588,2024-12-19,2025-01-17,586.28,-78,235843,1514554687,1064352666,0.0189882876114331,99.8035498469921,0.820072464775999
570.83,576,560,556,24640,287452,2024-12-19,2024-12-27,586.28,-4,262812,251147067,226682685,0.114455646818284,98.7403344829824,0.914281340884739
525.96,536,286,286,287144,287144,2024-12-19,2025-08-15,586.28,0,0,61643559,10479837,0.46581346803808,81.7991803490775,0
553.14,567,207,207,286902,286902,2024-12-19,2025-08-15,586.28,0,0,61643559,10479837,0.465420888498667,82.2646012375762,0
602.42,630,102,104,279276,286832,2024-12-19,2025-01-03,586.28,2,7556,111409876,89722965,0.257456529257783,98.0069118827491,0.0263429463937078
428.85,430,2500,2481,142500,285315,2024-12-19,2025-02-21,586.28,-19,142815,353457915,212469535,0.0807210668913723,98.0775617940258,0.500552021449976
523.26,525,1352,1624,18928,282576,2024-12-19,2024-12-27,586.28,272,263648,251147067,226682685,0.112514154903509,98.8528486378859,0.933016250495442
583.68,635,25,55,96900,282260,2024-12-19,2025-09-19,586.28,30,185360,400392887,101286695,0.0704957578329807,99.1140856605677,0.656699496917736
591,630,74,72,237318,280800,2024-12-19,2025-06-20,586.28,-2,43482,449699453,166741904,0.0624417037038291,99.3305922477962,0.154850427350427
526.3,527,4075,4003,28525,280210,2024-12-19,2024-12-20,586.28,-72,251685,1011142267,766681971,0.0277122230120363,99.391196649482,0.898201348988259
377.24,380,1015,1015,233450,280140,2024-12-19,2025-09-19,586.28,0,46689.9999999999,400392887,101286695,0.0699662778974393,99.1840519384651,0.166666666666667
433.65,435,2003,2073,74111,279855,2024-12-19,2025-01-31,586.28,70,205744,308816945,198957159,0.0906216464255224,96.6447171478884,0.735180718586411
605.8,860,11,11,279620,279620,2024-12-19,2024-12-20,586.28,0,0,1011142267,766681971,0.0276538731616488,99.4188505226436,0
274.33,275,4157,4157,187065,278519,2024-12-19,2025-06-20,586.28,0,91454,449699453,166741904,0.0619344760466053,99.3925267238428,0.328358208955224
392.57,395,1130,1130,190970,274590,2024-12-19,2025-06-20,586.28,0,83620,449699453,166741904,0.061060781410379,99.4535875052532,0.304526748971193
570.25,582,225,233,103275,273775,2024-12-19,2025-01-31,586.28,8,170500,308816945,198957159,0.0886528425439867,96.7333699904324,0.622774175874349
556.31,564,339,356,83733,273764,2024-12-19,2025-01-31,586.28,17,190031,308816945,198957159,0.08864928056328,96.8220192709956,0.694141669467132
586.64,630,73,63,200750,273168,2024-12-19,2025-02-21,586.28,-10,72418,353457915,212469535,0.0772844484187035,98.1548462424445,0.265104258185439
594.36,625,83,89,246510,272696,2024-12-19,2025-07-18,586.28,6,26186,27667536,4356049,0.98561722301545,93.7073182086038,0.0960263443541526
418.51,420,1404,1823,70200,271627,2024-12-19,2025-02-21,586.28,419,201427,353457915,212469535,0.0768484700646752,98.2316947125091,0.741557356227474
384.87,385,20765,20703,20765,269139,2024-12-19,2024-12-20,586.28,-62,248374,1011142267,766681971,0.0266173226838316,99.4454678453275,0.922846558841342
566.87,571,658,647,25004,267211,2024-12-19,2024-12-27,586.28,-11,242207,251147067,226682685,0.106396225602746,98.9592448634887,0.906426007911351
590.32,609,137,143,131520,267124,2024-12-19,2025-01-10,586.28,6,135604,116669968,87839585,0.228956949743914,97.3708898248776,0.507644389871371
329.67,330,8077,8089,32308,266937,2024-12-19,2025-01-17,586.28,12,234629,1514554687,1064352666,0.017624784518593,99.8211746315107,0.878967696497676
542.8,546,832,831,133952,265920,2024-12-19,2025-01-31,586.28,-1,131968,308816945,198957159,0.0861092645029566,96.9081285354986,0.496269554753309
332.76,335,909,1178,209070,263872,2024-12-19,2025-12-19,586.28,269,54802,358192977,76766390,0.0736675526723127,99.2491195604877,0.207684028619937
565.43,577,207,227,111780,262639,2024-12-19,2025-02-21,586.28,20,150859,353457915,212469535,0.0743055930718089,98.306000305581,0.574396795601567
586.14,625,67,67,157986,260362,2024-12-19,2025-02-21,586.28,0,102376,353457915,212469535,0.0736613862501848,98.3796616918311,0.393206381883685
414.84,415,16254,16238,16254,259808,2024-12-19,2024-12-20,586.28,-16,243554,1011142267,766681971,0.0256945049652444,99.4711623502927,0.937438416061091
372.81,375,1179,1179,258201,258201,2024-12-19,2025-09-19,586.28,0,0,400392887,101286695,0.0644869098286454,99.2485388482938,0
470.87,472,2280,2280,107160,257640,2024-12-19,2025-01-31,586.28,0,150480,308816945,198957159,0.0834280644800757,96.9915565999787,0.584070796460177
398.89,400,2035,2301,48840,255411,2024-12-19,2025-01-31,586.28,266,206571,308816945,198957159,0.0827062776623219,97.074262877641,0.808778791829639
527.69,530,1339,1101,40170,254331,2024-12-19,2025-01-03,586.28,-238,214161,111409876,89722965,0.228284070615068,98.2351959533641,0.842056218078016
570.48,584,175,186,69300,251472,2024-12-19,2025-01-24,586.28,11,182172,44279935,29820575,0.567914112791719,94.1387447836136,0.724422599732773
304.5,305,4979,4986,59748,249300,2024-12-19,2025-02-21,586.28,7,189552,353457915,212469535,0.0705317350157515,98.4501934268469,0.760336943441637
553.26,568,169,169,249106,249106,2024-12-19,2025-08-15,586.28,0,0,61643559,10479837,0.404107102252159,82.6687083398283,0
530.6,531,5816,6190,40712,247600,2024-12-19,2024-12-20,586.28,374,206888,1011142267,766681971,0.0244871575524792,99.4956495078452,0.835573505654281
486.51,490,706,706,246394,246394,2024-12-19,2025-05-16,586.28,0,0,60963155,21859848,0.404168714693326,97.6082455050104,0
424.31,425,3570,3568,121380,246192,2024-12-19,2025-01-31,586.28,-2,124812,308816945,198957159,0.0797210140136578,97.1539838916546,0.506970169623708
334.21,335,3118,3102,99776,245058,2024-12-19,2025-03-21,586.28,-16,145282,932064068,492438205,0.0262919694486066,99.6188934728895,0.592847407552498
445.22,450,512,512,203264,244736,2024-12-19,2025-08-15,586.28,0,41472,61643559,10479837,0.397017959329701,83.065726299158,0.169456066945607
560.27,569,128,280,38528,244440,2024-12-19,2025-01-31,586.28,152,205912,308816945,198957159,0.0791536876320048,97.2331375792867,0.842382588774341
518.13,530,195,202,159120,239774,2024-12-19,2025-07-18,586.28,7,80654,27667536,4356049,0.866625781204369,94.5739439898081,0.336375086539825
517.92,520,1112,1146,24464,238368,2024-12-19,2025-01-03,586.28,34,213904,111409876,89722965,0.213955897410747,98.4491518507749,0.897368774332125
522.06,526,630,604,63000,237976,2024-12-19,2025-01-31,586.28,-26,174976,308816945,198957159,0.0770605382421615,97.3101981175288,0.7352674219249
506.91,515,289,289,233801,233801,2024-12-19,2025-08-15,586.28,0,0,61643559,10479837,0.379278879728537,83.4450051788866,0
603.29,720,10,20,112740,233420,2024-12-19,2024-12-20,586.28,10,120680,1011142267,766681971,0.0230847831821474,99.5187342910273,0.517007968468854
528.16,530,1203,1259,19248,231656,2024-12-19,2024-12-27,586.28,56,212408,251147067,226682685,0.0922391819132811,99.051484045402,0.916911282246089
474.6,480,425,425,221425,229500,2024-12-19,2025-08-15,586.28,0,8075,61643559,10479837,0.372301670641697,83.8173068495283,0.0351851851851852
587.19,597.5,192,222,82944,228882,2024-12-19,2025-01-10,586.28,30,145938,116669968,87839585,0.196179020122813,97.5670688450005,0.637612394159436
478.53,480,1544,1557,92640,228879,2024-12-19,2025-01-31,586.28,13,136239,308816945,198957159,0.0741147801976993,97.3843128977265,0.595244648919298
391.24,395,608,608,135584,228608,2024-12-19,2025-08-15,586.28,0,93024,61643559,10479837,0.370854641926174,84.1881614914545,0.406914893617021
583.94,607.5,98,97,93786,228532,2024-12-19,2025-01-24,586.28,-1,134746,44279935,29820575,0.516107352009437,94.6548521356231,0.58961545866662
587.19,615,86,82,135106,228042,2024-12-19,2025-01-31,586.28,-4,92936,308816945,198957159,0.0738437458475603,97.4581566435741,0.407538962121013
603.27,830,10,10,226730,226730,2024-12-19,2025-06-20,586.28,0,0,449699453,166741904,0.050418117809007,99.5040056230622,0
322.94,325,1056,1097,219648,225982,2024-12-19,2025-12-19,586.28,41,6334.00000000003,358192977,76766390,0.0630894558270471,99.3122090163147,0.0280287810533584
484.66,486,1672,1672,101992,224048,2024-12-19,2025-01-31,586.28,0,122056,308816945,198957159,0.0725504230345909,97.5307070666087,0.544776119402985
566.64,581,125,156,74875,224016,2024-12-19,2025-02-21,586.28,31,149141,353457915,212469535,0.0633784081479686,98.5135718349948,0.665760481394186
549.27,570,108,108,151200,223884,2024-12-19,2025-08-15,586.28,0,72684,61643559,10479837,0.363191229760112,84.5513527212146,0.324650265315967
489.72,496,356,356,223568,223568,2024-12-19,2025-08-15,586.28,0,0,61643559,10479837,0.362678605237572,84.9140313264521,0
453.59,455,1573,1575,102245,222075,2024-12-19,2025-02-21,586.28,2,119830,353457915,212469535,0.0628292621485078,98.5764010971434,0.539592480018012
603.2,629,86,86,221880,221880,2024-12-19,2024-12-20,586.28,0,0,1011142267,766681971,0.0219434996677871,99.5406777906951,0
591.25,645,86,41,368166,220375,2024-12-19,2025-06-20,586.28,-45,-147791,449699453,166741904,0.0490049517583025,99.5530105748205,-0.670634146341464
357.36,360,834,834,145950,220176,2024-12-19,2025-09-19,586.28,0,74226,400392887,101286695,0.0549899878715878,99.3035288361654,0.337121212121212
591,609,124,122,165664,219600,2024-12-19,2025-02-21,586.28,-2,53936,353457915,212469535,0.0621290373423948,98.6385301344858,0.245610200364299
542.37,548,390,390,66690,219570,2024-12-19,2025-01-31,586.28,0,152880,308816945,198957159,0.0711003730705256,97.6018074396792,0.696269982238011
459.71,464,511,511,219219,219219,2024-12-19,2025-08-15,586.28,0,0,61643559,10479837,0.35562352913465,85.2696548555868,0
441.02,445,550,550,218900,218900,2024-12-19,2025-09-19,586.28,0,0,400392887,101286695,0.0546713008915166,99.3582001370569,0
555.36,561,473,387,109736,218268,2024-12-19,2025-01-31,586.28,-86,108532,308816945,198957159,0.0706787640814205,97.6724862037606,0.497241922773838
527.43,530,365,846,17520,217422,2024-12-19,2025-01-10,586.28,481,199902,116669968,87839585,0.186356440930883,97.7534252859314,0.919419377983829
404.86,405,15487,15485,15487,216790,2024-12-19,2024-12-20,586.28,-2,201303,1011142267,766681971,0.0214401085856299,99.5621178992807,0.928562203053646
531.39,532,3316,3525,19896,215025,2024-12-19,2024-12-20,586.28,209,195129,1011142267,766681971,0.0212655535247247,99.5833834528055,0.907471224276247
536.46,552,134,137,148338,212898,2024-12-19,2025-08-15,586.28,3,64560,61643559,10479837,0.345369416454361,85.6150242720412,0.303243806893442
519.02,528,237,237,212826,212826,2024-12-19,2025-08-15,586.28,0,0,61643559,10479837,0.345252615930239,85.9602768879714,0
500.15,502,1147,1147,79143,212195,2024-12-19,2025-01-31,586.28,0,133052,308816945,198957159,0.06871222691488,97.7411984306755,0.627027027027027
430.12,434,546,546,211848,211848,2024-12-19,2025-08-15,586.28,0,0,61643559,10479837,0.343666075477569,86.3039429634489,0
567.85,583,133,139,85386,210585,2024-12-19,2025-02-21,586.28,6,125199,353457915,212469535,0.0595785215334618,98.6981086560192,0.594529524894936
509.98,512,1022,1042,91980,210484,2024-12-19,2025-01-31,586.28,20,118504,308816945,198957159,0.0681581770067701,97.8093566076823,0.563007164440053
555.19,561,349,362,126687,210322,2024-12-19,2025-02-21,586.28,13,83635,353457915,212469535,0.05950411380659,98.7576127698258,0.397652171432375
539.19,551,178,178,210218,210218,2024-12-19,2025-08-15,586.28,0,0,61643559,10479837,0.341021841389787,86.6449648048388,0
488.74,490,1704,1664,10224,209664,2024-12-19,2024-12-27,586.28,-40,199440,251147067,226682685,0.0834825596430318,99.134966605045,0.951236263736264
467.95,470,1014,1015,53742,208075,2024-12-19,2025-01-31,586.28,1,154333,308816945,198957159,0.0673781032319972,97.8767347109143,0.741718130481798
359.15,360,2424,2424,94536,206040,2024-12-19,2025-03-21,586.28,0,111504,932064068,492438205,0.022105776531233,99.6409992494207,0.541176470588235
556.13,570,148,148,205276,205276,2024-12-19,2025-07-18,586.28,0,0,27667536,4356049,0.741938132835537,95.3158821226437,0
393.81,395,1713,1723,113058,205037,2024-12-19,2025-03-21,586.28,10,91979,932064068,492438205,0.0219981659029044,99.6629974153236,0.448597082477797
560,585,80,81,139200,202500,2024-12-19,2025-07-18,586.28,1,63300,27667536,4356049,0.731904713162748,96.0477868358064,0.312592592592593
513.91,515,1980,1852,21780,201868,2024-12-19,2024-12-27,586.28,-128,180088,251147067,226682685,0.0803784023486128,99.2153450073936,0.892107713951691
561.45,579,115,115,201825,201825,2024-12-19,2025-08-15,586.28,0,0,61643559,10479837,0.327406469181963,86.9723712740207,0
465.17,470,418,417,106172,201411,2024-12-19,2025-05-16,586.28,-1,95239,60963155,21859848,0.330381523069139,97.9386270280795,0.472858979896828
354,355,1998,2012,83916,201200,2024-12-19,2025-03-21,586.28,14,117284,932064068,492438205,0.0215864989229474,99.6845839142465,0.582922465208748
541.48,542,4137,3828,24822,199056,2024-12-19,2024-12-20,586.28,-309,174234,1011142267,766681971,0.0196862505402516,99.6030697033457,0.875301422715216
504.23,506,1095,1124,77745,198948,2024-12-19,2025-01-31,586.28,29,121203,308816945,198957159,0.0644226306946985,97.941157341609,0.609219494541287
369.05,370,2125,2087,106250,198265,2024-12-19,2025-03-21,586.28,-38,92015,932064068,492438205,0.0212716064063527,99.7058555206529,0.464101076841601
585.56,597.5,135,166,82755,198204,2024-12-19,2025-01-24,586.28,31,115449,44279935,29820575,0.447615833221074,95.1024679688441,0.582475631167888
528.97,532,636,652,79500,197556,2024-12-19,2025-01-31,586.28,16,118056,308816945,198957159,0.0639718782270837,98.0051292198361,0.597582457632266
603.9,617,150,150,196500,196500,2024-12-19,2025-01-10,586.28,0,0,116669968,87839585,0.168423805516086,97.9218490914474,0
411.67,415,583,589,194139,196137,2024-12-19,2025-09-19,586.28,6,1998,400392887,101286695,0.048986134960984,99.4071862720179,0.0101867572156197
363.01,365,985,985,196015,196015,2024-12-19,2025-09-19,586.28,0,0,400392887,101286695,0.0489556648892217,99.4561419369071,0
309.75,310,7806,7787,23418,194675,2024-12-19,2025-01-17,586.28,-19,171257,1514554687,1064352666,0.0128536131227858,99.8340282446335,0.879707204314884
294.39,295,3177,3178,66717,193858,2024-12-19,2025-03-21,586.28,1,127141,932064068,492438205,0.0207987848320315,99.7266543054849,0.6558460316314
592.9,630,52,52,181220,192920,2024-12-19,2025-08-15,586.28,0,11700,61643559,10479837,0.312960515469264,87.28533178949,0.0606469002695418
492.4,495,863,740,63862,192400,2024-12-19,2025-01-31,586.28,-123,128538,308816945,198957159,0.0623022807249129,98.067431500561,0.668076923076923
607.01,720,17,17,192083,192083,2024-12-19,2025-03-21,586.28,0,0,932064068,492438205,0.0206083472794061,99.7472626527643,0
224.51,225,3896,3896,190904,190904,2024-12-19,2025-09-19,586.28,0,0,400392887,101286695,0.047679168686131,99.5038211055932,0
549.49,565,123,123,169617,190773,2024-12-19,2025-08-15,586.28,0,21156,61643559,10479837,0.3094775887291,87.5948093782191,0.110896196002579
536.89,540,457,608,26506,189088,2024-12-19,2025-01-10,586.28,151,162582,116669968,87839585,0.162070842429647,98.0839199338771,0.859821881875106
369.97,370,63165,62908,63165,188724,2024-12-19,2024-12-20,586.28,-257,125559,1011142267,766681971,0.0186644358721086,99.6217341392178,0.665304889680168
603.17,618,127,127,188341,188341,2024-12-19,2024-12-20,586.28,0,0,1011142267,766681971,0.0186265579183824,99.6403606971362,0
579.24,597,94,106,56024,188256,2024-12-19,2025-01-24,586.28,12,132232,44279935,29820575,0.425149675581051,95.5276176444252,0.702405235424103
603.68,635,60,60,187920,187920,2024-12-19,2024-12-27,586.28,0,0,251147067,226682685,0.0748246842954371,99.2901696916891,0
511.5,520,118,221,59944,187850,2024-12-19,2025-05-16,586.28,103,127906,60963155,21859848,0.308136939434975,98.2467639675145,0.680894330582912
593.22,620,73,70,124611,187460,2024-12-19,2024-12-27,586.28,-3,62849,251147067,226682685,0.0746415246808357,99.3648112163699,0.335266190120559
248.64,250,1378,1378,140556,187408,2024-12-19,2025-12-19,586.28,0,46852,358192977,76766390,0.0523204004639097,99.3645294167786,0.25
278.25,280,1055,1062,138205,185850,2024-12-19,2025-12-19,586.28,7,47645,358192977,76766390,0.051885439395424,99.416414856174,0.256362658057573
507.13,508,2136,2136,185832,185832,2024-12-19,2025-01-31,586.28,0,0,308816945,198957159,0.0601754544265698,98.1276069549875,0
531.39,535,273,511,28665,184471,2024-12-19,2025-01-24,586.28,238,155806,44279935,29820575,0.416601785887897,95.9442194303131,0.844609721853299
493.98,501,262,262,183924,183924,2024-12-19,2025-08-15,586.28,0,0,61643559,10479837,0.29836693887191,87.893176317091,0
527.41,528,3222,3113,19332,183667,2024-12-19,2024-12-20,586.28,-109,164335,1011142267,766681971,0.018164308425651,99.6585250055619,0.894744292660086
433.3,437,496,496,183520,183520,2024-12-19,2025-08-15,586.28,0,0,61643559,10479837,0.297711558153221,88.1908878752442,0
349.93,350,25948,26023,25948,182161,2024-12-19,2024-12-20,586.28,75,156213,1011142267,766681971,0.0180153679600855,99.6765403735219,0.85755458083783
549.59,554,416,413,84864,182133,2024-12-19,2025-01-31,586.28,-3,97269,308816945,198957159,0.0589776574598263,98.1865846124474,0.53405478414126
533.62,545,160,160,182080,182080,2024-12-19,2025-08-15,586.28,0,0,61643559,10479837,0.295375547670763,88.486263422915,0
585.66,630,67,41,241267,181794,2024-12-19,2025-09-19,586.28,-26,-59473,400392887,101286695,0.0454039034914224,99.5492250090846,-0.327145010286368
486.97,493,301,301,181503,181503,2024-12-19,2025-08-15,586.28,0,0,61643559,10479837,0.294439521248278,88.7807029441632,0
299.34,300,3287,2743,69027,181038,2024-12-19,2025-03-21,586.28,-544,112011,932064068,492438205,0.0194233429026469,99.766685995667,0.618715407814934
463.95,470,300,298,136800,180290,2024-12-19,2025-08-15,586.28,-2,43490,61643559,10479837,0.292471756862708,89.073174701026,0.241222474901548
384.85,385,11910,11973,142920,179595,2024-12-19,2025-01-17,586.28,63,36675,1514554687,1064352666,0.011857940920954,99.8458861855544,0.204209471310448
443.55,445,1231,1234,78784,178930,2024-12-19,2025-02-21,586.28,3,100146,353457915,212469535,0.0506227169930542,98.8082354868189,0.55969373498016
460.26,461,2408,2408,120400,178192,2024-12-19,2025-01-31,586.28,0,57792,308816945,198957159,0.0577014969175348,98.2442861093649,0.324324324324324
438.4,440,1118,1113,36894,178080,2024-12-19,2025-01-31,586.28,-5,141186,308816945,198957159,0.0576652294776117,98.3019513388425,0.792823450134771
474.26,480,307,306,92100,175644,2024-12-19,2025-05-16,586.28,-1,83544,60963155,21859848,0.288115009795671,98.5348789773101,0.475643916103027
582.57,596,94,130,40420,174590,2024-12-19,2025-01-10,586.28,36,134170,116669968,87839585,0.149644336921392,98.2335642707985,0.768486167592646
289.79,290,8256,8266,132096,173586,2024-12-19,2025-03-21,586.28,10,41490,932064068,492438205,0.0186238270479063,99.7853098227149,0.239016971414745
496.09,498,875,892,60375,170372,2024-12-19,2025-01-31,586.28,17,109997,308816945,198957159,0.0551692524514806,98.357120591294,0.64562838964149
313.12,315,887,904,152564,169952,2024-12-19,2025-12-19,586.28,17,17388,358192977,76766390,0.0474470497505036,99.4638619059245,0.102311240820938
179.86,180,11773,12135,58865,169890,2024-12-19,2025-03-21,586.28,362,111025,932064068,492438205,0.0182272877833973,99.8035371104983,0.65351109541468
582.58,601,68,92,49504,169464,2024-12-19,2025-01-24,586.28,24,119960,44279935,29820575,0.382710588893141,96.3269300192062,0.70787895954303
602.3,770,10,10,167700,167700,2024-12-19,2024-12-20,586.28,0,0,1011142267,766681971,0.016585203237281,99.6931255767592,0
567.55,574,360,260,23760,167700,2024-12-19,2025-01-03,586.28,-100,143940,111409876,89722965,0.1505252550501,98.599677105825,0.858318425760286
384.43,385,2940,2940,167580,167580,2024-12-19,2025-03-21,586.28,0,0,932064068,492438205,0.0179794507430792,99.8215165612414,0
344.88,345,13757,13963,96299,167556,2024-12-19,2025-01-17,586.28,206,71257,1514554687,1064352666,0.0110630538096905,99.8569492393641,0.42527274463463
584.18,613,3,58,4077,167156,2024-12-19,2025-02-21,586.28,55,163079,353457915,212469535,0.0472916273497511,98.8555271141686,0.975609610184498
541.98,556,118,118,165436,165436,2024-12-19,2025-08-15,586.28,0,0,61643559,10479837,0.268375159844356,89.3415498608703,0
603.32,635,52,52,160264,164736,2024-12-19,2025-03-21,586.28,0,4472,932064068,492438205,0.0176743215038304,99.8391908827452,0.0271464646464647
542.14,545,594,574,21978,164164,2024-12-19,2025-01-03,586.28,-20,142186,111409876,89722965,0.147351389207183,98.7470284950322,0.866121683194854
374.16,375,1947,1947,105138,163548,2024-12-19,2025-03-21,586.28,0,58410,932064068,492438205,0.0175468624545239,99.8567377451997,0.357142857142857
339.41,340,2579,2749,77370,162191,2024-12-19,2025-03-21,586.28,170,84821,932064068,492438205,0.0174012716044322,99.8741390168042,0.5229698318649
516.06,517,1718,1718,161492,161492,2024-12-19,2025-01-31,586.28,0,0,308816945,198957159,0.0522937625718692,98.4094143538659,0
584.86,625,41,40,115948,160560,2024-12-19,2025-05-16,586.28,-1,44612,60963155,21859848,0.263372195877986,98.7982511731881,0.277852516193323
592.75,615,71,72,74337,160200,2024-12-19,2025-01-10,586.28,1,85863,116669968,87839585,0.137310400222275,98.3708746710207,0.535973782771536
594.25,640,36,35,137556,160125,2024-12-19,2025-03-21,586.28,-1,22569,932064068,492438205,0.0171796130220525,99.8913186298262,0.140946135831382
606.03,700,17,17,159749,159749,2024-12-19,2025-01-17,586.28,0,0,1514554687,1064352666,0.0105475887646175,99.8674968281287,0
308.17,310,822,863,125766,157929,2024-12-19,2025-12-19,586.28,41,32163,358192977,76766390,0.0440904791944036,99.5079523851189,0.203654806906901
595,700,15,15,144330,157500,2024-12-19,2025-12-19,586.28,0,13170,358192977,76766390,0.0439707113520542,99.551923096471,0.0836190476190476
551.29,557,268,274,90048,156454,2024-12-19,2025-02-21,586.28,6,66406,353457915,212469535,0.0442638269962069,98.8997909411648,0.424444245592954
511.52,513,1052,1054,93628,155992,2024-12-19,2025-01-31,586.28,2,62364,308816945,198957159,0.0505127722185063,98.4599271260844,0.399789732806811
512.98,515,578,770,21386,155540,2024-12-19,2025-01-10,586.28,192,134154,116669968,87839585,0.133316227531664,98.5041908985524,0.862504821910763
588.05,650,21,25,92505,154875,2024-12-19,2025-06-20,586.28,4,62370,449699453,166741904,0.0344396683088694,99.5874502431294,0.40271186440678
498.7,500,1226,1189,8582,154570,2024-12-19,2024-12-27,586.28,-37,145988,251147067,226682685,0.0615456122368333,99.4263568286067,0.944478229928188
492.98,499,256,256,154112,154112,2024-12-19,2025-08-15,586.28,0,0,61643559,10479837,0.250005032967029,89.5915548938373,0
601,630,53,53,153700,153700,2024-12-19,2025-05-16,586.28,0,0,60963155,21859848,0.252119497424305,99.0503706706124,0
495.25,502,227,227,153225,153225,2024-12-19,2025-08-15,586.28,0,0,61643559,10479837,0.248566115399015,89.8401210092363,0
299.79,300,7290,7283,21870,152943,2024-12-19,2025-01-17,586.28,-7,131073,1514554687,1064352666,0.0100982157536316,99.8775950438824,0.85700555108766
607.29,760,10,10,152710,152710,2024-12-19,2024-12-20,586.28,0,0,1011142267,766681971,0.0151027214452306,99.7082282982045,0
303.28,305,880,881,149600,151532,2024-12-19,2025-12-19,586.28,1,1932,358192977,76766390,0.042304570365711,99.5942276668367,0.0127497822242167
604.96,730,12,12,150048,150048,2024-12-19,2025-01-17,586.28,0,0,1514554687,1064352666,0.00990707046024281,99.8875021143426,0
598.98,745,0,10,0,146020,2024-12-19,2024-12-20,586.28,10,146020,1011142267,766681971,0.0144410934806665,99.7226693916851,1
468.15,470,787,788,67682,145780,2024-12-19,2025-02-21,586.28,1,78098,353457915,212469535,0.041243948377843,98.9410348895426,0.53572506516669
561.33,577,93,93,145731,145731,2024-12-19,2025-08-15,586.28,0,0,61643559,10479837,0.236409127513225,90.0765301367496,0
590.72,615,57,60,56430,145680,2024-12-19,2025-01-03,586.28,3,89250,111409876,89722965,0.130760400451393,98.8777888954836,0.612644151565074
564.16,574,137,148,67952,145632,2024-12-19,2025-02-21,586.28,11,77680,353457915,212469535,0.041202076349033,98.9822369658917,0.533399252911448
526.16,530,377,377,35815,144768,2024-12-19,2025-01-24,586.28,0,108953,44279935,29820575,0.326938149299451,96.6538681685057,0.752604166666667
564.29,578,93,105,51522,143955,2024-12-19,2025-02-21,586.28,12,92433,353457915,212469535,0.0407276209955576,99.0229645868872,0.642096488485985
319.16,320,1709,1709,143556,143556,2024-12-19,2025-06-20,586.28,0,0,449699453,166741904,0.0319226539063635,99.6193728970358,0
533.6,534,3858,3570,19290,142800,2024-12-19,2024-12-20,586.28,-288,123510,1011142267,766681971,0.0141226417548224,99.7367920334399,0.864915966386555
590.95,602.5,118,123,92394,142065,2024-12-19,2025-01-24,586.28,5,49671,44279935,29820575,0.320833804295332,96.974701972801,0.349635730123535
533.64,535,1005,1044,15075,141984,2024-12-19,2024-12-27,586.28,39,126909,251147067,226682685,0.0565342059121081,99.4828910345188,0.893826064908722
597.9,630,46,44,126684,141240,2024-12-19,2025-01-31,586.28,-2,14556,308816945,198957159,0.0457358322743592,98.5056629583587,0.103058623619371
283.59,285,1000,1000,141000,141000,2024-12-19,2025-12-19,586.28,0,0,358192977,76766390,0.0393642558770771,99.6335919227138,0
601,655,26,26,128336,140400,2024-12-19,2024-12-20,586.28,0,12064,1011142267,766681971,0.013885286431212,99.7506773198712,0.085925925925926
338.59,340,987,987,139167,139167,2024-12-19,2025-09-19,586.28,0,0,400392887,101286695,0.0347576104667414,99.5839826195514,0
349.39,350,2747,2271,35711,138531,2024-12-19,2025-01-31,586.28,-476,102820,308816945,198957159,0.044858613571221,98.5505215719299,0.742216543589522
598.61,635,38,38,122550,138282,2024-12-19,2025-02-21,586.28,0,15732,353457915,212469535,0.0391226208642124,99.0620872077515,0.113767518549052
569.16,582,84,107,51660,137388,2024-12-19,2025-02-21,586.28,23,85728,353457915,212469535,0.0388696911766709,99.1009568989281,0.623984627478382
409.91,410,15303,15250,15303,137250,2024-12-19,2024-12-20,586.28,-53,121947,1011142267,766681971,0.0135737575689732,99.7642510774401,0.888502732240437
518.54,519,1033,2981,6198,137126,2024-12-19,2024-12-20,586.28,1948,130928,1011142267,766681971,0.0135614942105867,99.7778125716507,0.954800694252002
601.56,635,41,41,137104,137104,2024-12-19,2025-05-16,586.28,0,0,60963155,21859848,0.224896496908666,99.2752671675211,0
607.62,635,50,50,136900,136900,2024-12-19,2025-01-10,586.28,0,0,116669968,87839585,0.117339536769222,98.6215304353216,0
523.89,528,324,333,39852,136863,2024-12-19,2025-01-31,586.28,9,97011,308816945,198957159,0.0443184877695102,98.5948400596995,0.708818307358453
585.73,611,54,54,54378,136458,2024-12-19,2025-01-03,586.28,0,82080,111409876,89722965,0.122482857803378,99.000271753287,0.601503759398496
587.82,612,48,56,48912,135408,2024-12-19,2025-01-24,586.28,8,86496,44279935,29820575,0.305799906887849,97.2805018796888,0.638780574264445
472.98,475,662,667,60904,134734,2024-12-19,2025-02-21,586.28,5,73830,353457915,212469535,0.0381188238492269,99.1390757227774,0.547968589962445
476.1,481,273,273,133770,133770,2024-12-19,2025-08-15,586.28,0,0,61643559,10479837,0.217005640443311,90.2935357771929,0
473.7,475,1024,1027,20480,133510,2024-12-19,2025-01-10,586.28,3,113030,116669968,87839585,0.114433904704594,98.7359643400262,0.846603250692832
607.43,740,10,10,132570,132570,2024-12-19,2024-12-20,586.28,0,0,1011142267,766681971,0.0131109146879328,99.7909234863386,0
259.26,260,1785,1785,103530,132090,2024-12-19,2025-08-15,586.28,0,28560,61643559,10479837,0.214280294880443,90.5078160720733,0.216216216216216
494.05,495,1348,1382,8088,131290,2024-12-19,2024-12-27,586.28,34,123202,251147067,226682685,0.0522761430457,99.5351671775645,0.938395917434686
407.58,410,542,542,131164,131164,2024-12-19,2025-08-15,586.28,0,0,61643559,10479837,0.212778110361863,90.7205941824352,0
565,579,52,93,29744,130200,2024-12-19,2025-02-21,586.28,41,100456,353457915,212469535,0.0368360685882505,99.1759117913656,0.771551459293395
493.84,495,132,1121,3960,130036,2024-12-19,2025-01-10,586.28,989,126076,116669968,87839585,0.111456274677302,98.8474206147035,0.969546894706081
595.2,660,20,20,112000,129600,2024-12-19,2025-06-20,586.28,0,17600,449699453,166741904,0.0288192478633057,99.6481921448991,0.135802469135802
274.84,275,8078,8089,121170,129424,2024-12-19,2025-03-21,586.28,11,8254,932064068,492438205,0.0138857407385862,99.9052043705648,0.0637748794659414
454.11,455,1396,1452,50256,129228,2024-12-19,2025-01-24,586.28,56,78972,44279935,29820575,0.291843246834034,97.5723451265229,0.611105952270406
334.54,335,2790,2800,50220,128800,2024-12-19,2025-02-21,586.28,10,78580,353457915,212469535,0.036439981829237,99.2123517731948,0.610093167701863
530.75,534,398,395,50148,128375,2024-12-19,2025-01-31,586.28,-3,78227,308816945,198957159,0.0415699339296294,98.6364099936291,0.609363193768257
554.08,569,86,86,128312,128312,2024-12-19,2025-08-15,586.28,0,0,61643559,10479837,0.208151511822995,90.9287456942582,0
154.77,155,5534,5534,116214,127282,2024-12-19,2025-09-19,586.28,0,11068,400392887,101286695,0.031789276016784,99.6157718955682,0.0869565217391307
398.59,400,826,902,27258,127182,2024-12-19,2025-02-21,586.28,76,99924,353457915,212469535,0.0359822187034629,99.2483339918983,0.785677218474312
274.8,275,6340,6338,6340,126760,2024-12-19,2025-01-17,586.28,-2,120420,1514554687,1064352666,0.00836945678409828,99.8958715711267,0.949984222152098
523.9,533,139,139,126490,126490,2024-12-19,2025-08-15,586.28,0,0,61643559,10479837,0.205195809670885,91.1339415039291,0
339.68,340,3994,3952,43934,126464,2024-12-19,2025-01-31,586.28,-42,82530,308816945,198957159,0.0409511207359428,98.677361114365,0.652596786437247
485.11,491,214,214,126046,126046,2024-12-19,2025-08-15,586.28,0,0,61643559,10479837,0.204475539772128,91.3384170437012,0
409.34,410,1902,1903,81786,125598,2024-12-19,2025-02-21,586.28,1,43812,353457915,212469535,0.0355340748275505,99.2838680667259,0.348827210624373
511.98,514,616,616,58520,124432,2024-12-19,2025-01-31,586.28,0,65912,308816945,198957159,0.0402931257544822,98.7176542401195,0.52970297029703
555.43,562,141,189,36096,124173,2024-12-19,2025-01-31,586.28,48,88077,308816945,198957159,0.0402092572996602,98.7578634974192,0.709308786934358
573.92,581,201,175,41205,123900,2024-12-19,2025-01-10,586.28,-26,82695,116669968,87839585,0.106196994928464,98.953617609632,0.667433414043584
374.93,375,17549,17377,17549,121639,2024-12-19,2024-12-20,586.28,-172,104090,1011142267,766681971,0.0120298600869387,99.8029533464256,0.855728836968406
568.45,573,265,267,10865,121485,2024-12-19,2024-12-27,586.28,2,110620,251147067,226682685,0.0483720560431629,99.5835392336077,0.910565090340371
394.94,395,20591,20238,20591,121428,2024-12-19,2024-12-20,586.28,-353,100837,1011142267,766681971,0.0120089925980713,99.8149623390237,0.830426260829463
560.55,573,58,97,27898,120765,2024-12-19,2025-02-21,586.28,39,92867,353457915,212469535,0.0341667267516134,99.3180347934775,0.768989359499855
299.56,300,2719,2735,27190,120340,2024-12-19,2025-02-21,586.28,16,93150,353457915,212469535,0.0340464861283415,99.3520812796058,0.774056838956291
289.8,290,5952,5998,11904,119960,2024-12-19,2025-01-17,586.28,46,108056,1514554687,1064352666,0.00792047992916086,99.9037920510559,0.900766922307436
364.08,365,1329,1298,65121,119416,2024-12-19,2025-03-21,586.28,-31,54295,932064068,492438205,0.0128119948080651,99.9180163653729,0.454671065853822
463.57,465,823,831,64194,118833,2024-12-19,2025-02-21,586.28,8,54639,353457915,212469535,0.0336201270241749,99.38570140663,0.459796521168362
389.96,390,30049,29682,30049,118728,2024-12-19,2024-12-20,586.28,-367,88679,1011142267,766681971,0.0117419678590095,99.8267043068827,0.746908901017452
298.86,300,1037,1037,118218,118218,2024-12-19,2025-09-19,586.28,0,0,400392887,101286695,0.0295254995376579,99.6452973951058,0
314.8,315,5880,5885,76440,117700,2024-12-19,2025-02-21,586.28,5,41260,353457915,212469535,0.0332995796684876,99.4190009862985,0.350552251486831
509.33,510,1609,1743,11263,116781,2024-12-19,2024-12-27,586.28,134,105518,251147067,226682685,0.0464990498973257,99.630038283505,0.903554516573758
219.09,220,1274,1275,94276,116025,2024-12-19,2025-12-19,586.28,1,21749,358192977,76766390,0.03239175736268,99.6659836800765,0.187450980392157
369.2,370,1459,1450,23344,116000,2024-12-19,2025-01-31,586.28,-9,92656,308816945,198957159,0.0375627056345629,98.7954262030537,0.798758620689655
429.61,435,159,214,51198,115346,2024-12-19,2025-08-15,586.28,55,64148,61643559,10479837,0.187117684103866,91.5255347278051,0.556135453331715
354.91,355,12786,12780,12786,115020,2024-12-19,2024-12-20,586.28,-6,102234,1011142267,766681971,0.0113752538840313,99.8380795607667,0.888836724047992
224.57,225,2674,2672,66850,114896,2024-12-19,2025-06-20,586.28,-2,48046,449699453,166741904,0.0255495085069628,99.673741653406,0.418169475003481
199.74,200,4414,4418,92694,114868,2024-12-19,2025-06-20,586.28,4,22174,449699453,166741904,0.0255432821262516,99.6992849355323,0.193038966465856
324.04,325,1185,1185,104280,113760,2024-12-19,2025-06-20,586.28,0,9479.99999999999,449699453,166741904,0.0252968953466795,99.7245818308789,0.0833333333333332
546.31,559,89,89,112941,112941,2024-12-19,2025-08-15,586.28,0,0,61643559,10479837,0.183216222152261,91.7087509499573,0
214.35,215,1725,1725,112125,112125,2024-12-19,2025-12-19,586.28,0,0,358192977,76766390,0.0313029587958672,99.6972866388723,0
502.88,510,156,157,67080,111784,2024-12-19,2025-05-16,586.28,1,44704,60963155,21859848,0.183363213403243,99.4586303809244,0.399914120088743
329.59,330,2723,2719,43568,111479,2024-12-19,2025-02-21,586.28,-4,67911,353457915,212469535,0.0315395398628999,99.4505405261614,0.609181998403287
527.41,541,5,82,5055,111438,2024-12-19,2025-08-15,586.28,77,106383,61643559,10479837,0.180778011211196,91.8895289611685,0.954638453669305
567.2,573,187,192,12342,111360,2024-12-19,2025-01-03,586.28,5,99018,111409876,89722965,0.0999552319760234,99.100226985263,0.88917025862069
498.22,499,1416,1416,110448,110448,2024-12-19,2025-01-31,586.28,0,0,308816945,198957159,0.03576487682695,98.8311910798807,0
304.72,305,3922,3926,11766,109928,2024-12-19,2025-01-17,586.28,4,98162,1514554687,1064352666,0.00725810701611199,99.911050158072,0.892966305217961
424.4,428,302,302,108720,108720,2024-12-19,2025-08-15,586.28,0,0,61643559,10479837,0.176368791425557,92.0658977525941,0
606.85,715,10,10,108150,108150,2024-12-19,2024-12-20,586.28,0,0,1011142267,766681971,0.0106958242701964,99.8487753850369,0
279.5,280,2163,2163,108150,108150,2024-12-19,2025-06-20,586.28,0,0,449699453,166741904,0.024049395497041,99.748631226376,0
605.95,660,20,20,108100,108100,2024-12-19,2025-01-17,586.28,0,0,1514554687,1064352666,0.00713741147334352,99.9181875695453,0
518.97,521,533,532,54899,107996,2024-12-19,2025-01-31,586.28,-1,53097,308816945,198957159,0.0349708789457781,98.8661619588265,0.491657098411052
603.5,660,19,19,107350,107350,2024-12-19,2025-12-19,586.28,0,0,358192977,76766390,0.0299698784993208,99.7272565173716,0
538.34,541,399,403,53865,107198,2024-12-19,2025-01-31,586.28,4,53333,308816945,198957159,0.0347124734363265,98.9008744322628,0.497518610421836
540.83,553,88,88,107096,107096,2024-12-19,2025-08-15,586.28,0,0,61643559,10479837,0.173734290714785,92.2396320433089,0
498.15,500,627,578,39501,106930,2024-12-19,2025-01-24,586.28,-49,67429,44279935,29820575,0.241486352678702,97.8138314792016,0.630590105676611
593.57,613,87,55,113709,106865,2024-12-19,2025-01-17,586.28,-32,-6843.99999999997,1514554687,1064352666,0.00705586935336591,99.9252434388987,-0.0640434192672996
223.99,225,1053,1053,76869,106353,2024-12-19,2025-12-19,586.28,0,29484,358192977,76766390,0.0296915369169843,99.7569480542886,0.277227722772277
489.66,495,199,199,106266,106266,2024-12-19,2025-07-18,586.28,0,0,27667536,4356049,0.384081907402235,96.4318687432087,0
601.92,655,20,20,106160,106160,2024-12-19,2025-06-20,586.28,0,0,449699453,166741904,0.0236068777250659,99.7722381041011,0
460.47,465,234,234,106002,106002,2024-12-19,2025-08-15,586.28,0,0,61643559,10479837,0.171959571639918,92.4115916149488,0
498.85,505,170,171,108120,105165,2024-12-19,2025-07-18,586.28,1,-2954.99999999999,27667536,4356049,0.380102514369187,96.8119712575778,-0.0280987020396518
428.25,432,280,280,105000,105000,2024-12-19,2025-08-15,586.28,0,0,61643559,10479837,0.170334097679208,92.581925712628,0
339.76,340,4387,4371,30709,104904,2024-12-19,2025-01-17,586.28,-16,74195,1514554687,1064352666,0.00692639235152293,99.9321698312502,0.707265690536109
363.8,365,868,868,104160,104160,2024-12-19,2025-06-20,586.28,0,0,449699453,166741904,0.0231621362456939,99.7954002403468,0
501.83,510,125,127,96250,103759,2024-12-19,2025-08-15,586.28,2,7508.99999999999,61643559,10479837,0.16832091086759,92.7502466234956,0.0723696257674032
503.13,505,109,544,2943,101728,2024-12-19,2025-01-10,586.28,435,98785,116669968,87839585,0.0871929612597477,99.0408105708917,0.971069911921988
319.97,320,33385,33387,33385,100161,2024-12-19,2024-12-20,586.28,2,66776,1011142267,766681971,0.00990572773672807,99.8586811127736,0.666686634518425
575.82,595,52,52,102648,99736,2024-12-19,2025-07-18,586.28,0,-2912,27667536,4356049,0.3604802393679,97.1724514969458,-0.0291970802919708
555.29,566,72,93,29160,99603,2024-12-19,2025-02-21,586.28,21,70443,353457915,212469535,0.0281795924700116,99.4787201186314,0.707237733803199
469.47,470,1877,1878,9385,99534,2024-12-19,2024-12-27,586.28,1,90149,251147067,226682685,0.0396317588689977,99.669670042374,0.905710611449354
586.5,612,39,39,38805,99450,2024-12-19,2024-12-27,586.28,0,60645,251147067,226682685,0.0395983123306791,99.7092683547047,0.609803921568628
574.63,589,55,69,40865,99153,2024-12-19,2025-02-21,586.28,14,58288,353457915,212469535,0.0280522788689001,99.5067723975003,0.587859167145724
324.38,325,1587,1593,23805,98766,2024-12-19,2025-02-21,586.28,6,74961,353457915,212469535,0.0279427891719443,99.5347151866722,0.758975760889375
374.16,375,1177,1175,20009,98700,2024-12-19,2025-01-31,586.28,-2,78691,308816945,198957159,0.0319606814321669,98.932835113695,0.797274569402229
448.92,450,813,910,7317,98280,2024-12-19,2025-01-03,586.28,97,90963,111409876,89722965,0.088214800634012,99.188441785897,0.925549450549451
249.29,250,1351,1361,47285,96631,2024-12-19,2025-06-20,586.28,10,49346,449699453,166741904,0.021487906946598,99.8168881472933,0.510664279579017
491.25,498,142,143,89318,96525,2024-12-19,2025-08-15,586.28,1,7207,61643559,10479837,0.156585702652243,92.9068323261478,0.0746645946645947
269.57,270,2235,2235,96105,96105,2024-12-19,2025-06-20,586.28,0,0,449699453,166741904,0.0213709399375231,99.8382590872309,0
528.1,534,158,160,32864,94400,2024-12-19,2025-02-21,586.28,2,61536,353457915,212469535,0.0267075643220495,99.5614227509943,0.651864406779661
577.63,589,64,83,27008,94371,2024-12-19,2025-01-24,586.28,19,67363,44279935,29820575,0.213123619083903,98.0269550982855,0.713810386665395
598.6,620,45,44,81000,94160,2024-12-19,2025-01-10,586.28,-1,13160,116669968,87839585,0.0807062876712197,99.121516858563,0.139762107051827
587.29,612,39,38,39390,93898,2024-12-19,2025-01-03,586.28,-1,54508,111409876,89722965,0.0842815766171394,99.2727233625141,0.580502247119215
268.75,270,748,748,93500,93500,2024-12-19,2025-12-19,586.28,0,0,358192977,76766390,0.026103247691537,99.7830513019802,0
587.61,615,34,34,46070,93126,2024-12-19,2025-01-24,586.28,0,47056,44279935,29820575,0.210311961840052,98.2372670601256,0.505293902884264
419,420,942,930,29202,93000,2024-12-19,2025-01-31,586.28,-12,63798,308816945,198957159,0.0301149277932272,98.9629500414882,0.686
469.34,474,199,199,92734,92734,2024-12-19,2025-08-15,586.28,0,0,61643559,10479837,0.150435830611273,93.0572681567591,0
473.4,474,1547,1545,75803,92700,2024-12-19,2025-01-31,586.28,-2,16897,308816945,198957159,0.0300177828648619,98.992967824353,0.1822761596548
518.03,520,464,470,35728,92590,2024-12-19,2025-01-24,586.28,6,56862,44279935,29820575,0.209101481291696,98.4463685414173,0.614126795550275
560.98,566,178,184,48238,92368,2024-12-19,2025-01-31,586.28,6,44130,308816945,198957159,0.0299102758108044,99.0228781001638,0.47776286159709
497.16,504,135,135,92340,92340,2024-12-19,2025-08-15,586.28,0,0,61643559,10479837,0.1497966721876,93.2070648289467,0
318.63,320,670,673,90450,92201,2024-12-19,2025-09-19,586.28,3,1751,400392887,101286695,0.0230276318570065,99.6683250269628,0.0189911172330018
459.01,460,911,918,12754,90882,2024-12-19,2025-01-10,586.28,7,78128,116669968,87839585,0.0778966528901422,99.1994135114531,0.859664179925618
548.14,561,70,70,90020,90020,2024-12-19,2025-08-15,586.28,0,0,61643559,10479837,0.146033099743641,93.3530979286903,0
339.95,340,17998,17903,17998,89515,2024-12-19,2024-12-20,586.28,-95,71517,1011142267,766681971,0.00885285908041267,99.867533971854,0.798938725353293
577.68,587.5,74,91,20720,89362,2024-12-19,2025-01-10,586.28,17,68642,116669968,87839585,0.0765938326133766,99.2760073440665,0.768134106219646
443.52,445,597,602,23283,89096,2024-12-19,2025-01-31,586.28,5,65813,308816945,198957159,0.0288507484587674,99.0517288486226,0.738675136930951
408.78,410,780,730,17160,89060,2024-12-19,2025-01-31,586.28,-50,71900,308816945,198957159,0.0288390910673636,99.08056793969,0.807320907253537
606.75,695,10,10,88250,88250,2024-12-19,2024-12-20,586.28,0,0,1011142267,766681971,0.00872775304525965,99.8762617248993,0
508.64,519,85,85,88060,88060,2024-12-19,2025-08-15,586.28,0,0,61643559,10479837,0.142853529920295,93.4959514586106,0
472.53,473,1871,1871,87937,87937,2024-12-19,2025-01-31,586.28,0,0,308816945,198957159,0.0284754452188496,99.1090433849088,0
354.59,355,2501,2133,32513,87453,2024-12-19,2025-01-31,586.28,-368,54940,308816945,198957159,0.0283187180677537,99.1373621029766,0.62822315986873
468.5,470,530,582,10600,87300,2024-12-19,2025-01-10,586.28,52,76700,116669968,87839585,0.0748264540537116,99.3508337981202,0.878579610538374
601.5,650,18,18,87300,87300,2024-12-19,2025-09-19,586.28,0,0,400392887,101286695,0.0218035841380968,99.6901286111009,0
314.3,315,1246,1246,87220,87220,2024-12-19,2025-06-20,586.28,0,0,449699453,166741904,0.019395175915413,99.8576542631463,0
437.29,441,235,235,87185,87185,2024-12-19,2025-08-15,586.28,0,0,61643559,10479837,0.141434079106302,93.6373855377169,0
546.52,551,195,194,35295,86912,2024-12-19,2025-01-31,586.28,-1,51617,308816945,198957159,0.0281435333802684,99.1655056363568,0.593899576583211
334.54,335,1911,1867,9555,85882,2024-12-19,2025-01-17,586.28,-44,76327,1514554687,1064352666,0.00567044562584355,99.937840276876,0.888742693463124
602.95,660,15,15,85575,85575,2024-12-19,2025-08-15,586.28,0,0,61643559,10479837,0.138822289608554,93.7762078273255,0
274.16,275,1016,1016,85344,85344,2024-12-19,2025-09-19,586.28,0,0,400392887,101286695,0.0213150639711539,99.7114436750721,0
515.41,524,99,99,85041,85041,2024-12-19,2025-08-15,586.28,0,0,61643559,10479837,0.137956019054643,93.9141638463801,0
510.27,518,110,110,85030,85030,2024-12-19,2025-08-15,586.28,0,0,61643559,10479837,0.137938174530124,94.0521020209103,0
279.24,280,1114,1114,84664,84664,2024-12-19,2025-08-15,586.28,0,0,61643559,10479837,0.137344438532499,94.1894464594428,0
524.86,529,206,204,23896,84456,2024-12-19,2025-01-31,586.28,-2,60560,308816945,198957159,0.0273482402333849,99.1928538765902,0.717059770768211
364.92,365,10469,10469,104690,83752,2024-12-19,2025-01-17,586.28,0,-20938,1514554687,1064352666,0.00552981022863521,99.9433700871047,-0.25
588.73,625,32,23,71520,83421,2024-12-19,2025-01-31,586.28,-9,11901,308816945,198957159,0.0270130902305248,99.2198669668208,0.142661919660517
304.37,305,1322,1322,83286,83286,2024-12-19,2025-06-20,586.28,0,0,449699453,166741904,0.0185203694254883,99.8761746325718,0
591.17,611,41,42,57851,83286,2024-12-19,2025-02-21,586.28,1,25435,353457915,212469535,0.0235632012937099,99.584985952288,0.305393463487261
414.31,415,1203,1203,57744,83007,2024-12-19,2025-02-21,586.28,0,25263,353457915,212469535,0.0234842668610208,99.608470219149,0.304347826086957
603.16,635,26,26,82784,82784,2024-12-19,2024-12-20,586.28,0,0,1011142267,766681971,0.00818717629573683,99.884448901195,0
560.44,571,54,78,24732,82368,2024-12-19,2025-02-21,586.28,24,57636,353457915,212469535,0.0233034815474425,99.6317737006964,0.699737762237762
358.43,360,522,522,81954,81954,2024-12-19,2025-08-15,586.28,0,0,61643559,10479837,0.132948196582874,94.3223946560256,0
503.85,507,234,260,16848,81900,2024-12-19,2025-01-31,586.28,26,65052,308816945,198957159,0.0265205654437129,99.2463875322645,0.794285714285714
478.54,484,150,150,81900,81900,2024-12-19,2025-08-15,586.28,0,0,61643559,10479837,0.132860596189782,94.4552552522154,0
264.7,265,2718,2719,35334,81570,2024-12-19,2025-03-21,586.28,1,46236,932064068,492438205,0.00875154431980528,99.9267679096927,0.566826038984921
485.59,492,127,127,81407,81407,2024-12-19,2025-08-15,586.28,0,0,61643559,10479837,0.132060837045441,94.5873160892608,0
466.32,472,143,143,81224,81224,2024-12-19,2025-08-15,586.28,0,0,61643559,10479837,0.131763969046628,94.7190800583075,0
279.85,280,5405,5403,16215,81045,2024-12-19,2025-01-17,586.28,-2,64830,1514554687,1064352666,0.00535107782476527,99.9487211649295,0.79992596705534
481.39,482,1323,1328,83349,81008,2024-12-19,2025-01-31,586.28,5,-2341,308816945,198957159,0.0262317211900403,99.2726192534545,-0.0288983804068734
417.41,420,312,312,80808,80808,2024-12-19,2025-08-15,586.28,0,0,61643559,10479837,0.131089121573918,94.8501691798814,0
486.18,488,440,443,29480,80626,2024-12-19,2025-01-31,586.28,3,51146,308816945,198957159,0.0261080233145885,99.2987272767691,0.634361124203111
521.22,524,289,289,31790,80342,2024-12-19,2025-01-31,586.28,0,48552,308816945,198957159,0.0260160594490694,99.3247433362182,0.60431654676259
323.66,325,598,598,80132,80132,2024-12-19,2025-09-19,586.28,0,0,400392887,101286695,0.0200133425447191,99.7314570176168,0
588.03,613,31,32,33139,79904,2024-12-19,2025-01-24,586.28,1,46765,44279935,29820575,0.180451936074432,98.6268204774917,0.585264817781338
441.25,445,212,212,79500,79500,2024-12-19,2025-08-15,586.28,0,0,61643559,10479837,0.128967245385686,94.9791364252671,0
522.77,525,326,355,16300,79165,2024-12-19,2025-01-10,586.28,29,62865,116669968,87839585,0.0678537942172059,99.4186875923374,0.794100928440599
450.59,455,46,178,10856,78498,2024-12-19,2025-05-16,586.28,132,67642,60963155,21859848,0.128763020877118,99.5873934018015,0.861703482891284
329.96,330,19859,19609,19859,78436,2024-12-19,2024-12-20,586.28,-250,58577,1011142267,766681971,0.00775716756779588,99.8922060687628,0.746812688051405
349.18,350,937,944,19677,77408,2024-12-19,2025-02-21,586.28,7,57731,353457915,212469535,0.0219002027440806,99.6536739034405,0.745801467548574
364.53,365,1371,1646,19194,77362,2024-12-19,2025-01-31,586.28,275,58168,308816945,198957159,0.0250510864939746,99.3497944227121,0.751893694578734
493.31,494,903,1119,65919,77211,2024-12-19,2025-01-31,586.28,216,11292,308816945,198957159,0.0250021902133641,99.3747966129255,0.146248591521933
500.21,503,229,276,18091,77004,2024-12-19,2025-01-31,586.28,47,58913,308816945,198957159,0.0249351602127921,99.3997317731383,0.765064152511558
496.18,503,112,112,76384,76384,2024-12-19,2025-08-15,586.28,0,0,61643559,10479837,0.123912378258368,95.1030488035254,0
593.5,611,42,43,48384,75250,2024-12-19,2025-01-24,586.28,1,26866,44279935,29820575,0.169941532208663,98.7967620097003,0.357023255813954
488.52,495,116,116,75168,75168,2024-12-19,2025-08-15,586.28,0,0,61643559,10479837,0.121939747184292,95.2249885507097,0
513.02,520,107,107,74686,74686,2024-12-19,2025-07-18,586.28,0,0,27667536,4356049,0.269940915591472,97.4423924125372,0
219.52,220,1554,1554,74592,74592,2024-12-19,2025-09-19,586.28,0,0,400392887,101286695,0.0186297015810873,99.7500867191979,0
440.77,444,230,230,74290,74290,2024-12-19,2025-08-15,586.28,0,0,61643559,10479837,0.120515429681794,95.3455039803915,0
369.52,370,964,1546,4820,74208,2024-12-19,2025-01-10,586.28,582,69388,116669968,87839585,0.0636050573014643,99.4822926496389,0.935047434238896
568.98,576,95,105,9785,73710,2024-12-19,2025-01-03,586.28,10,63925,111409876,89722965,0.066161100475509,99.3388844629896,0.867250033916701
593.2,625,23,23,73140,73140,2024-12-19,2025-08-15,586.28,0,0,61643559,10479837,0.118649865754831,95.4641538461464,0
479.36,485,129,129,72756,72756,2024-12-19,2025-08-15,586.28,0,0,61643559,10479837,0.118026929626176,95.5821807757725,0
480.48,481,1387,1387,72124,72124,2024-12-19,2025-01-31,586.28,0,0,308816945,198957159,0.0233549360447174,99.423086709183,0
493.62,495,522,522,28188,72036,2024-12-19,2025-01-24,586.28,0,43848,44279935,29820575,0.162683165636987,98.9594451753373,0.608695652173913
479.4,480,1196,1197,14352,71820,2024-12-19,2025-01-03,586.28,1,57468,111409876,89722965,0.064464662001778,99.4033491249914,0.800167084377611
274.97,275,23832,23810,23832,71430,2024-12-19,2024-12-20,586.28,-22,47598,1011142267,766681971,0.00706428781895634,99.8992703565818,0.666358672826544
448.43,455,76,108,27664,70956,2024-12-19,2025-08-15,586.28,32,43292,61643559,10479837,0.115106916523103,95.6972876922956,0.610124584249394
595.03,615,35,35,42875,69895,2024-12-19,2024-12-27,586.28,0,27020,251147067,226682685,0.0278303070925371,99.7370986617972,0.386579869804707
288.66,290,514,514,68876,68876,2024-12-19,2025-12-19,586.28,0,0,358192977,76766390,0.0192287410481529,99.8022800430283,0
498.31,500,398,405,13532,68445,2024-12-19,2025-01-10,586.28,7,54913,116669968,87839585,0.0586654827915955,99.5409581324305,0.802293812550223
501.73,509,94,94,68338,68338,2024-12-19,2025-08-15,586.28,0,0,61643559,10479837,0.110859919687635,95.8081476119833,0
463.79,465,564,564,29328,68244,2024-12-19,2025-01-31,586.28,0,38916,308816945,198957159,0.0220985283045268,99.4451852374876,0.570247933884298
417.16,420,240,240,55920,68160,2024-12-19,2025-07-18,586.28,0,12240,27667536,4356049,0.246353704934187,97.6887461174714,0.179577464788732
426.02,429,227,227,67646,67646,2024-12-19,2025-08-15,586.28,0,0,61643559,10479837,0.109737336872454,95.9178849488557,0
588.54,650,11,11,48950,67606,2024-12-19,2025-07-18,586.28,0,18656,27667536,4356049,0.244351358212744,97.9330974756841,0.275951838594208
470.09,471,739,740,39167,67340,2024-12-19,2025-01-31,586.28,1,28173,308816945,198957159,0.0218057982537195,99.4669910357413,0.418369468369468
484.79,490,103,127,51191,66167,2024-12-19,2025-07-18,586.28,24,14976,27667536,4356049,0.239150316818961,98.1722477925031,0.226336391252437
604.08,670,10,10,65920,65920,2024-12-19,2025-06-20,586.28,0,0,449699453,166741904,0.0146586791601012,99.8908333117319,0
600.16,655,12,12,65808,65808,2024-12-19,2025-12-19,586.28,0,0,358192977,76766390,0.0183722195089269,99.8206522625372,0
605.49,640,19,19,65569,65569,2024-12-19,2025-02-21,586.28,0,0,353457915,212469535,0.0185507233583947,99.6722246267989,0
489.59,495,55,121,18810,65461,2024-12-19,2025-05-16,586.28,66,46651,60963155,21859848,0.10737797280997,99.6947713746114,0.712653335573853
314.84,315,4045,4050,16180,64800,2024-12-19,2025-01-17,586.28,5,48620,1514554687,1064352666,0.00427848532352137,99.952999650253,0.750308641975309
454.1,460,108,109,45900,64310,2024-12-19,2025-08-15,586.28,1,18410,61643559,10479837,0.10432557925476,96.0222105281105,0.286269631472555
354.71,355,2214,2215,17712,64235,2024-12-19,2025-01-17,586.28,1,46523,1514554687,1064352666,0.00424118062895671,99.9572408308819,0.724262473729275
461.75,463,515,513,26265,64125,2024-12-19,2025-01-31,586.28,-2,37860,308816945,198957159,0.0207647284380719,99.4877557641793,0.590409356725146
333.35,335,387,386,57276,63690,2024-12-19,2025-09-19,586.28,-1,6414,400392887,101286695,0.0159068759880342,99.7659935951859,0.100706547338672
458.9,460,624,574,26208,63140,2024-12-19,2025-01-31,586.28,-50,36932,308816945,198957159,0.020445769256606,99.5082015334359,0.584922394678492
593.02,635,15,15,48870,62970,2024-12-19,2025-01-31,586.28,0,14100,308816945,198957159,0.0203907204638657,99.5285922538998,0.22391615054788
597.03,630,5,19,18075,62643,2024-12-19,2025-07-18,586.28,14,44568,27667536,4356049,0.226413367637798,98.3986611601409,0.711460179110196
468.73,470,384,493,14976,62611,2024-12-19,2025-01-24,586.28,109,47635,44279935,29820575,0.141398129875304,99.1008433052126,0.760808803564869
491.7,500,49,75,29106,62250,2024-12-19,2025-07-18,586.28,26,33144,27667536,4356049,0.224992930342623,98.6236540904835,0.532433734939759
521.3,532,57,58,53694,62060,2024-12-19,2025-08-15,586.28,1,8366,61643559,10479837,0.10067556287592,96.1228860909864,0.134805027392846
519.26,523,172,163,17888,60962,2024-12-19,2025-01-31,586.28,-9,43074,308816945,198957159,0.0197404970766743,99.5483327509765,0.706571306715659
534.28,537,223,221,29882,60112,2024-12-19,2025-01-31,586.28,-2,30230,308816945,198957159,0.0194652531129728,99.5677980040895,0.502894596752728
364.95,365,11922,11891,11922,59455,2024-12-19,2024-12-20,586.28,-31,47533,1011142267,766681971,0.00587998365219165,99.905150340234,0.799478597258431
244.8,245,2954,2965,29540,59300,2024-12-19,2025-03-21,586.28,11,29760,932064068,492438205,0.0063622235891192,99.9331301332818,0.50185497470489
510.18,511,720,719,58320,58958,2024-12-19,2025-01-31,586.28,-1,637.999999999985,308816945,198957159,0.0190915689551945,99.5868895730447,0.0108212625937105
600.95,650,19,12,88920,58860,2024-12-19,2025-02-21,586.28,-7,-30060,353457915,212469535,0.0166526190253796,99.6888772458243,-0.510703363914373
582,680,12,6,93240,58800,2024-12-19,2025-01-10,586.28,-6,-34440,116669968,87839585,0.0503985738643556,99.5913567062948,-0.585714285714286
542.86,547,143,142,23595,58788,2024-12-19,2025-01-31,586.28,-1,35193,308816945,198957159,0.0190365201624542,99.6059260932071,0.598642580118392
249.37,250,933,933,58779,58779,2024-12-19,2025-09-19,586.28,0,0,400392887,101286695,0.0146803307222588,99.7806739259082,0
600.25,612,50,50,58750,58750,2024-12-19,2025-01-10,586.28,0,0,116669968,87839585,0.0503557179341988,99.641712424229,0
412.39,415,225,225,58725,58725,2024-12-19,2025-08-15,586.28,0,0,61643559,10479837,0.0952654274877283,96.2181515184741,0
605.2,621,37,37,58460,58460,2024-12-19,2025-01-17,586.28,0,0,1514554687,1064352666,0.0038598804323003,99.9611007113142,0
249.88,250,4777,4784,52547,57408,2024-12-19,2025-03-21,586.28,7,4860.99999999999,932064068,492438205,0.00615923325133482,99.9392893665331,0.0846746098104793
556.06,564,59,72,23128,57168,2024-12-19,2025-02-21,586.28,13,34040,353457915,212469535,0.0161739198852005,99.7050511657095,0.595438007276798
149.77,150,2475,2480,49500,57040,2024-12-19,2025-09-19,586.28,5,7540,400392887,101286695,0.0142460073223029,99.7949199332305,0.13218793828892
448.05,452,144,144,56880,56880,2024-12-19,2025-08-15,586.28,0,0,61643559,10479837,0.0922724140570794,96.3104239325312,0
537.11,539,255,300,35955,56700,2024-12-19,2025-01-31,586.28,45,20745,308816945,198957159,0.018360391461032,99.6242864846681,0.365873015873016
269.24,270,743,743,56468,56468,2024-12-19,2025-09-19,586.28,0,0,400392887,101286695,0.0141031476415814,99.8090230808721,0
485.38,487,348,348,22620,56376,2024-12-19,2025-01-31,586.28,0,33756,308816945,198957159,0.0182554749383976,99.6425419596065,0.598765432098765
602.8,634,18,18,56160,56160,2024-12-19,2024-12-20,586.28,0,0,1011142267,766681971,0.00555411457248478,99.9107044548064,0
488.03,490,268,285,15008,56145,2024-12-19,2025-01-24,586.28,17,41137,44279935,29820575,0.126795579081135,99.2276388842938,0.732692136432452
587,627,16,14,37920,56000,2024-12-19,2025-01-17,586.28,-2,18080,1514554687,1064352666,0.00369745645242587,99.9647981677667,0.322857142857143
503.64,514,54,54,55944,55944,2024-12-19,2025-08-15,586.28,0,0,61643559,10479837,0.0907540072434818,96.4011779397747,0
259.62,260,1460,1460,55480,55480,2024-12-19,2025-06-20,586.28,0,0,449699453,166741904,0.0123371286377793,99.9031704403697,0
519.55,522,228,226,22800,55370,2024-12-19,2025-01-31,586.28,-2,32570,308816945,198957159,0.0179297156119461,99.6604716752185,0.588224670399133
547.64,554,70,87,21910,55332,2024-12-19,2025-02-21,586.28,17,33422,353457915,212469535,0.0156544803926657,99.7207056461022,0.604026603050676
314.48,315,1033,1053,24792,54756,2024-12-19,2025-03-21,586.28,20,29964,932064068,492438205,0.00587470345439816,99.9451640699875,0.547227701073855
517.81,520,255,248,11475,54312,2024-12-19,2025-01-10,586.28,-7,42837,116669968,87839585,0.0465518255734844,99.6882642498025,0.788720724701723
531.56,536,118,122,25488,54168,2024-12-19,2025-02-21,586.28,4,28680,353457915,212469535,0.0153251625444574,99.7360308086466,0.529463890119628
495.44,497,344,345,25456,53820,2024-12-19,2025-01-31,586.28,1,28364,308816945,198957159,0.0174278001487257,99.6778994753672,0.527015979189892
546.3,553,49,80,15043,53600,2024-12-19,2025-02-21,586.28,31,38557,353457915,212469535,0.0151644644879434,99.7511952731346,0.719347014925373
344.95,345,10708,10710,10708,53550,2024-12-19,2024-12-20,586.28,2,42842,1011142267,766681971,0.00529599065805841,99.9160004454645,0.800037348272642
600.7,616,35,35,53550,53550,2024-12-19,2025-01-31,586.28,0,0,308816945,198957159,0.0173403697131969,99.6952398450804,0
599.36,611,47,46,43287,53544,2024-12-19,2024-12-27,586.28,-1,10257,251147067,226682685,0.0213197791396067,99.7584184409368,0.19156207978485
309.26,310,721,722,51912,53428,2024-12-19,2025-06-20,586.28,1,1516,449699453,166741904,0.0118808238799437,99.9150512642496,0.0283746350228345
534.59,549,37,37,42661,53317,2024-12-19,2025-08-15,586.28,0,10656,61643559,10479837,0.0864924103424982,96.4876703501172,0.199861207494795
606.7,660,10,10,53300,53300,2024-12-19,2025-03-21,586.28,0,0,932064068,492438205,0.0057184910168643,99.9508825610044,0
475.44,476,947,947,53032,53032,2024-12-19,2025-01-31,586.28,0,0,308816945,198957159,0.0171726328035529,99.712412477884,0
491.53,493,349,360,21289,52920,2024-12-19,2025-01-31,586.28,11,31631,308816945,198957159,0.0171363653636299,99.7295488432476,0.597713529856387
503.58,505,369,369,3690,52398,2024-12-19,2024-12-27,586.28,0,48708,251147067,226682685,0.020863472795404,99.7792819137323,0.929577464788732
209.62,210,1378,1378,52364,52364,2024-12-19,2025-09-19,586.28,0,0,400392887,101286695,0.0130781544078729,99.82210123528,0
607.08,665,9,9,52128,52128,2024-12-19,2025-06-20,586.28,0,0,449699453,166741904,0.0115917419183519,99.926643006168,0
258.82,260,441,441,46746,52038,2024-12-19,2025-12-19,586.28,0,5292,358192977,76766390,0.0145279230307187,99.835180185568,0.101694915254237
508.16,509,611,611,51324,51324,2024-12-19,2025-01-31,586.28,0,0,308816945,198957159,0.0166195543447268,99.7461683975923,0
549.55,563,38,38,51110,51110,2024-12-19,2025-08-15,586.28,0,0,61643559,10479837,0.0829121498322315,96.5705824999494,0
309.95,310,10392,10104,10392,50520,2024-12-19,2024-12-20,586.28,-288,40128,1011142267,766681971,0.0049963295620002,99.9209967750265,0.794299287410926
303.79,305,415,415,50215,50215,2024-12-19,2025-09-19,586.28,0,0,400392887,101286695,0.0125414315864208,99.8346426668664,0
439.49,440,973,974,6811,49674,2024-12-19,2025-01-03,586.28,1,42863,111409876,89722965,0.0445867115048221,99.4479358364962,0.86288601682973
184.38,185,801,801,49662,49662,2024-12-19,2025-09-19,586.28,0,0,400392887,101286695,0.0124033172447442,99.8470459841111,0
513.59,522,59,59,49619,49619,2024-12-19,2025-08-15,586.28,0,0,61643559,10479837,0.0804934056451867,96.6510759055946,0
503.13,511,63,63,49581,49581,2024-12-19,2025-08-15,586.28,0,0,61643559,10479837,0.0804317609241219,96.7315076665187,0
489.36,490,769,773,10766,49472,2024-12-19,2025-01-03,586.28,4,38706,111409876,89722965,0.0444053990330265,99.4923412355292,0.782381953428202
564.22,590,19,19,34599,48982,2024-12-19,2025-07-18,586.28,0,14383,27667536,4356049,0.177037810667347,98.8006919011509,0.293638479441428
480.22,485,100,100,47800,47800,2024-12-19,2025-07-18,586.28,0,0,27667536,4356049,0.172765655749034,98.9734575568999,0
559.38,563,121,132,46343,47784,2024-12-19,2025-02-21,586.28,11,1441,353457915,212469535,0.0135190069233561,99.7647142800579,0.0301565377532228
119.99,120,47568,47568,47568,47568,2024-12-19,2024-12-20,586.28,0,0,1011142267,766681971,0.00470438251395933,99.9257011575405,0
482.93,489,78,78,47346,47346,2024-12-19,2025-08-15,586.28,0,0,61643559,10479837,0.0768060779878073,96.8083137445065,0
299.98,300,23519,23403,23519,46806,2024-12-19,2024-12-20,586.28,-116,23287,1011142267,766681971,0.00462902219871301,99.9303301797392,0.497521685254027
344.27,345,627,640,22572,46720,2024-12-19,2025-03-21,586.28,13,24148,932064068,492438205,0.00501253096262477,99.955895091967,0.516866438356164
139.96,140,11661,11661,46644,46644,2024-12-19,2024-12-20,586.28,0,0,1011142267,766681971,0.00461300071436931,99.9349431804536,0
457.58,462,105,105,46410,46410,2024-12-19,2025-08-15,586.28,0,0,61643559,10479837,0.0752876711742098,96.8836014156808,0
523.08,524,501,503,2505,46276,2024-12-19,2024-12-20,586.28,2,43771,1011142267,766681971,0.0045766062314157,99.939519786685,0.945868268648976
530.82,544,35,35,46130,46130,2024-12-19,2025-08-15,586.28,0,0,61643559,10479837,0.0748334469137319,96.9584348625945,0
438.49,442,130,130,45630,45630,2024-12-19,2025-08-15,586.28,0,0,61643559,10479837,0.0740223321628785,97.0324571947574,0
353.39,355,283,282,64241,45402,2024-12-19,2025-08-15,586.28,-1,-18839,61643559,10479837,0.0736524638364894,97.1061096585939,-0.414937667944143
549.03,562,35,35,45395,45395,2024-12-19,2025-08-15,586.28,0,0,61643559,10479837,0.0736411082299775,97.1797507668238,0
424.01,425,438,458,23652,45342,2024-12-19,2025-02-21,586.28,20,21690,353457915,212469535,0.0128281184479912,99.7775423985059,0.478364430329496
199.56,200,1026,1026,38988,45144,2024-12-19,2025-09-19,586.28,0,6156,400392887,101286695,0.0112749255707932,99.8583209096819,0.136363636363636
359.2,360,562,563,13488,45040,2024-12-19,2025-02-21,586.28,1,31552,353457915,212469535,0.0127426768756897,99.7902850753816,0.700532859680284
229.17,230,542,542,44986,44986,2024-12-19,2025-12-19,586.28,0,0,358192977,76766390,0.0125591518786255,99.8477393374466,0
585,617,15,14,22980,44800,2024-12-19,2025-01-17,586.28,-1,21820,1514554687,1064352666,0.0029579651619407,99.9677561329286,0.487053571428571
294.85,295,2981,2974,8943,44610,2024-12-19,2025-01-17,586.28,-7,35667,1514554687,1064352666,0.00294542022040568,99.970701553149,0.799529253530599
549.35,556,51,67,16677,44555,2024-12-19,2025-02-21,586.28,16,27878,353457915,212469535,0.0126054611056029,99.8028905364872,0.625698574795197
603.76,624,22,22,44528,44528,2024-12-19,2025-01-17,586.28,0,0,1514554687,1064352666,0.0029400060877432,99.9736415592367,0
367.37,370,166,169,26892,44447,2024-12-19,2025-08-15,586.28,3,17555,61643559,10479837,0.0721032346623595,97.2518540014862,0.394964789524602
603.23,750,3,3,44190,44031,2024-12-19,2025-02-21,586.28,0,-158.999999999993,353457915,212469535,0.0124572114900865,99.8153477479773,-0.00361109218505128
494.13,495,491,500,10311,43500,2024-12-19,2025-01-03,586.28,9,33189,111409876,89722965,0.0390450124906341,99.5313862480199,0.762965517241379
219.94,220,7246,7244,7246,43464,2024-12-19,2025-01-17,586.28,-2,36218,1514554687,1064352666,0.00286975441514711,99.9765113136519,0.833287318240383
194.47,195,816,816,43248,43248,2024-12-19,2025-12-19,586.28,0,0,358192977,76766390,0.0120739385685946,99.8598132760152,0
478.35,479,660,660,42900,42900,2024-12-19,2025-01-31,586.28,0,0,308816945,198957159,0.0138917247562306,99.7600601223485,0
498.6,505,67,67,27805,42880,2024-12-19,2025-05-16,586.28,0,15075,60963155,21859848,0.0703375670107625,99.7651089416222,0.3515625
605.61,820,2,2,42878,42878,2024-12-19,2025-03-21,586.28,0,0,932064068,492438205,0.00460032753885755,99.9604954195059,0
273.78,275,349,349,42578,42578,2024-12-19,2025-12-19,586.28,0,0,358192977,76766390,0.0118868885583985,99.8717001645736,0
434.63,438,126,126,42462,42462,2024-12-19,2025-08-15,586.28,0,0,61643559,10479837,0.0688831091014716,97.3207371105877,0
402.78,405,191,191,42402,42402,2024-12-19,2025-08-15,586.28,0,0,61643559,10479837,0.0687857753313692,97.389522885919,0
449.39,450,695,695,11120,42395,2024-12-19,2025-01-10,586.28,0,31275,116669968,87839585,0.036337543179921,99.7246017929824,0.737704918032787
513.44,515,269,271,6187,42276,2024-12-19,2025-01-03,586.28,2,36089,111409876,89722965,0.0379463666219322,99.5693326146418,0.853652190368057
378.17,380,229,229,41907,41907,2024-12-19,2025-08-15,586.28,0,0,61643559,10479837,0.0679827717280243,97.4575056576471,0
555.89,572,28,26,45556,41886,2024-12-19,2025-08-15,586.28,-2,-3670,61643559,10479837,0.0679487049084885,97.5254543625556,-0.0876187747696128
544.73,551,52,66,15288,41382,2024-12-19,2025-02-21,586.28,14,26094,353457915,212469535,0.0117077587582103,99.8270555067355,0.630564013339133
509.06,517,52,52,41288,41288,2024-12-19,2025-08-15,586.28,0,0,61643559,10479837,0.0669786116664679,97.592432974222,0
510.62,515,94,94,41172,41172,2024-12-19,2025-05-16,586.28,0,0,60963155,21859848,0.0675358747427032,99.8326448163649,0
605.36,810,2,2,40928,40928,2024-12-19,2024-12-20,586.28,0,0,1011142267,766681971,0.00404769945197039,99.943567486137,0
449.24,450,521,534,1563,40584,2024-12-19,2024-12-27,586.28,13,39021,251147067,226682685,0.0161594560847489,99.795441369817,0.961487285629805
459.55,460,836,900,2508,40500,2024-12-19,2024-12-27,586.28,64,37992,251147067,226682685,0.0161260095464304,99.8115673793634,0.938074074074074
484.46,485,709,744,4963,40176,2024-12-19,2024-12-27,586.28,35,35213,251147067,226682685,0.015997001470059,99.8275643808335,0.876468538430904
502.93,505,211,194,10972,40158,2024-12-19,2025-01-24,586.28,-17,29186,44279935,29820575,0.0906911900390098,99.3183300743328,0.726779222072812
239.7,240,1330,1330,39900,39900,2024-12-19,2025-06-20,586.28,0,0,449699453,166741904,0.00887259251347144,99.9355155986814,0
429.79,433,124,124,39804,39804,2024-12-19,2025-08-15,586.28,0,0,61643559,10479837,0.0645712230859351,97.657004197308,0
463.58,468,90,90,39780,39780,2024-12-19,2025-08-15,586.28,0,0,61643559,10479837,0.0645322895778941,97.7215364868858,0
454.57,455,938,921,2814,39603,2024-12-19,2024-12-27,586.28,-17,36789,251147067,226682685,0.0157688482979576,99.8433332291314,0.92894477691084
334.94,335,6568,6587,6568,39522,2024-12-19,2024-12-20,586.28,19,32954,1011142267,766681971,0.00390864879155526,99.9474761349285,0.833814078234907
214.58,215,941,941,39522,39522,2024-12-19,2025-09-19,586.28,0,0,400392887,101286695,0.00987080472286212,99.8681917144048,0
501.09,504,89,135,7209,39285,2024-12-19,2025-01-31,586.28,46,32076,308816945,198957159,0.0127211283694293,99.772781250718,0.816494845360825
546.31,552,55,69,16775,39261,2024-12-19,2025-02-21,586.28,14,22486,353457915,212469535,0.0111076873183049,99.8381631940538,0.572731209087899
604.38,800,2,2,39124,39124,2024-12-19,2025-12-19,586.28,0,0,358192977,76766390,0.01092260387897,99.8826227684525,0
199.87,200,2985,2999,17910,38987,2024-12-19,2025-03-21,586.28,14,21077,932064068,492438205,0.00418286696575026,99.9646782864716,0.540616102803499
535.01,545,39,39,38961,38961,2024-12-19,2025-07-18,586.28,0,0,27667536,4356049,0.140818466812513,99.1142760237124,0
433.76,435,347,314,21167,38936,2024-12-19,2025-02-21,586.28,-33,17769,353457915,212469535,0.0110157386063911,99.8491789326602,0.456364290117115
294.05,295,409,409,38855,38855,2024-12-19,2025-09-19,586.28,0,0,400392887,101286695,0.00970421834691584,99.8778959327517,0
587,630,10,9,26980,38700,2024-12-19,2024-12-27,586.28,-1,11720,251147067,226682685,0.0154092980110335,99.8587425271425,0.302842377260982
444.41,445,657,654,9198,38586,2024-12-19,2025-01-10,586.28,-3,29388,116669968,87839585,0.0330727784205786,99.757674571403,0.761623386720572
469,470,375,383,4125,38300,2024-12-19,2025-01-03,586.28,8,34175,111409876,89722965,0.0343775627216388,99.6037101773635,0.892297650130548
304.51,305,784,781,18816,38269,2024-12-19,2025-03-21,586.28,-3,19453,932064068,492438205,0.00410583363460375,99.9687841201062,0.508322663252241
424.1,427,130,130,37700,37700,2024-12-19,2025-08-15,586.28,0,0,61643559,10479837,0.0611580522143441,97.7826945391002,0
436.35,440,103,103,37595,37595,2024-12-19,2025-08-15,586.28,0,0,61643559,10479837,0.0609877181166649,97.8436822572169,0
542.53,566,16,16,37552,37552,2024-12-19,2025-08-15,586.28,0,0,61643559,10479837,0.0609179622480915,97.9046002194649,0
339.48,340,637,721,11466,37492,2024-12-19,2025-02-21,586.28,84,26026,353457915,212469535,0.0106072034063801,99.8597861360666,0.694174757281553
602.72,619,23,23,37444,37444,2024-12-19,2024-12-20,586.28,0,0,1011142267,766681971,0.00370313864052921,99.951179273569,0
439.37,443,103,103,37389,37389,2024-12-19,2025-08-15,586.28,0,0,61643559,10479837,0.0606535388393133,97.9652537583043,0
479.22,480,477,478,2862,37284,2024-12-19,2024-12-27,586.28,1,34422,251147067,226682685,0.0148454849365213,99.873588012079,0.923237850016093
309.4,310,614,619,15964,37140,2024-12-19,2025-03-21,586.28,5,21176,932064068,492438205,0.00398470462225779,99.9727688247285,0.570166935918148
149.96,150,9277,9277,37108,37108,2024-12-19,2024-12-20,586.28,0,0,1011142267,766681971,0.00366990889522374,99.9548491824643,0
324.2,325,456,462,12768,36960,2024-12-19,2025-03-21,586.28,6,24192,932064068,492438205,0.00396539264509014,99.9767342173736,0.654545454545455
513.21,515,170,206,12750,36874,2024-12-19,2025-01-24,586.28,36,24124,44279935,29820575,0.0832747383210928,99.4016048126539,0.65422791126539
514.43,523,43,43,36851,36851,2024-12-19,2025-08-15,586.28,0,0,61643559,10479837,0.0597807793673951,98.0250345376717,0
459.41,460,621,622,6831,36698,2024-12-19,2025-01-03,586.28,1,29867,111409876,89722965,0.0329396291581906,99.6366498065216,0.813859065889149
457.88,460,170,173,13430,36676,2024-12-19,2025-02-21,586.28,3,23246,353457915,212469535,0.010376341409698,99.8701624774763,0.633820482059112
298.63,300,293,267,28714,36579,2024-12-19,2025-08-15,586.28,-26,7865,61643559,10479837,0.0593395329429308,98.0843740706146,0.215014079116433
434.61,435,937,936,6559,36504,2024-12-19,2025-01-03,586.28,-1,29945,111409876,89722965,0.0327654973783473,99.6694153039,0.820321060705676
284.82,285,1954,2020,29310,36360,2024-12-19,2025-03-21,586.28,66,7050,932064068,492438205,0.00390101938786466,99.9806352367614,0.193894389438944
471.62,477,67,67,36046,36046,2024-12-19,2025-08-15,586.28,0,0,61643559,10479837,0.0584748846185211,98.1428489552331,0
432.44,436,101,101,35956,35956,2024-12-19,2025-08-15,586.28,0,0,61643559,10479837,0.0583288839633675,98.2011778391965,0
593.13,617,8,15,11336,35805,2024-12-19,2025-01-31,586.28,7,24469,308816945,198957159,0.0115942472003925,99.7843754979184,0.683396173718754
602,780,2,2,35600,35600,2024-12-19,2025-12-19,586.28,0,0,358192977,76766390,0.00993877666116273,99.8925615451137,0
434.44,435,635,634,1270,35504,2024-12-19,2024-12-27,586.28,-1,34234,251147067,226682685,0.0141367368626288,99.8877247489416,0.964229382604777
382.93,385,171,171,35397,35397,2024-12-19,2025-08-15,586.28,0,0,61643559,10479837,0.0574220576719135,98.2585998968684,0
604.51,625,17,17,38896,34833,2024-12-19,2025-01-03,586.28,0,-4063,111409876,89722965,0.0312656303468106,99.7006809342468,-0.116642264519278
556.74,562,56,66,20720,34716,2024-12-19,2025-02-21,586.28,10,13996,353457915,212469535,0.00982181994707913,99.8799842974234,0.403157045742597
189.34,190,526,526,34716,34716,2024-12-19,2025-09-19,586.28,0,0,400392887,101286695,0.0086704836991772,99.8865664164509,0
234.25,235,461,461,34575,34575,2024-12-19,2025-12-19,586.28,0,0,358192977,76766390,0.00965261806347476,99.9022141631772,0
600.52,635,10,10,34480,34480,2024-12-19,2025-07-18,586.28,0,0,27667536,4356049,0.124622590172106,99.2388986138845,0
363,365,172,172,34400,34400,2024-12-19,2025-08-15,586.28,0,0,61643559,10479837,0.0558046948587119,98.3144045917271,0
269.88,270,2829,2827,5658,33924,2024-12-19,2025-01-17,586.28,-2,28266,1514554687,1064352666,0.00223986629807313,99.97875117995,0.833215422709586
504.26,505,457,453,9140,33522,2024-12-19,2025-01-03,586.28,-4,24382,111409876,89722965,0.0300888944531273,99.7307698286999,0.727343237277012
603.49,613,33,35,37092,33285,2024-12-19,2024-12-27,586.28,2,-3807,251147067,226682685,0.0132531908087145,99.9009779397503,-0.114375844975214
470.36,475,69,71,19872,32944,2024-12-19,2025-05-16,586.28,2,13072,60963155,21859848,0.0540391979384925,99.8866840143034,0.396794560466246
442.81,449,23,53,9384,32807,2024-12-19,2025-08-15,586.28,30,23423,61643559,10479837,0.053220483262493,98.3676250749896,0.713963483402932
454.16,455,389,389,6224,32676,2024-12-19,2025-01-10,586.28,0,26452,116669968,87839585,0.028007207476049,99.785681778879,0.80952380952381
184.53,185,686,686,32242,32242,2024-12-19,2025-12-19,586.28,0,0,358192977,76766390,0.00900129317722497,99.9112154563544,0
491.29,492,454,454,32234,32234,2024-12-19,2025-01-31,586.28,0,0,308816945,198957159,0.0104378987364181,99.7948133966548,0
521.85,525,51,102,4437,32130,2024-12-19,2025-01-24,586.28,51,27693,44279935,29820575,0.072561082124443,99.4741658947783,0.861904761904762
259.87,260,2461,2463,29532,32019,2024-12-19,2025-03-21,586.28,2,2487,932064068,492438205,0.00343527887183824,99.9840705156333,0.0776726318748243
164.64,165,880,880,31680,31680,2024-12-19,2025-12-19,586.28,0,0,358192977,76766390,0.00884439451195605,99.9200598508664,0
379.49,380,619,620,9285,31620,2024-12-19,2025-01-31,586.28,1,22335,308816945,198957159,0.0102390754496972,99.8050524721045,0.706356736242884
595.5,635,9,8,30510,31600,2024-12-19,2025-06-20,586.28,-1,1090,449699453,166741904,0.00702691537407763,99.9425425140555,0.0344936708860761
549.96,571,15,15,31560,31560,2024-12-19,2025-08-15,586.28,0,0,61643559,10479837,0.0511975630738647,98.4188226380635,0
404.37,405,438,496,19272,31248,2024-12-19,2025-02-21,586.28,58,11976,353457915,212469535,0.00884065646118011,99.8888249538845,0.383256528417819
204.39,205,508,509,30480,31049,2024-12-19,2025-12-19,586.28,1,569,358192977,76766390,0.00866823248742814,99.9287280833538,0.0183258720087603
465.93,467,290,290,14500,31030,2024-12-19,2025-01-31,586.28,0,16530,308816945,198957159,0.0100480237572456,99.8151004958617,0.532710280373832
389.57,390,803,719,16060,30917,2024-12-19,2025-01-31,586.28,-84,14857,308816945,198957159,0.0100114325008947,99.8251119283626,0.480544684154349
179.58,180,726,732,31218,30744,2024-12-19,2025-12-19,586.28,6,-474,358192977,76766390,0.00858308285592099,99.9373111662097,-0.0154176424668228
477.5,478,614,614,30700,30700,2024-12-19,2025-01-31,586.28,0,0,308816945,198957159,0.0099411643360438,99.8350530926987,0
531.44,542,29,29,30624,30624,2024-12-19,2025-08-15,586.28,0,0,61643559,10479837,0.0496791562602672,98.4685017943237,0
532.08,538,11,51,2464,30192,2024-12-19,2025-02-21,586.28,40,27728,353457915,212469535,0.00854189387723854,99.8973668477618,0.918388977212507
279.98,280,15113,15082,15113,30164,2024-12-19,2024-12-20,586.28,-31,15051,1011142267,766681971,0.00298316082557748,99.9578323432898,0.498972284842859
328.69,330,230,230,30130,30130,2024-12-19,2025-09-19,586.28,0,0,400392887,101286695,0.00752510870653904,99.8940915251574,0
464.33,465,445,449,4005,30083,2024-12-19,2025-01-03,586.28,4,26078,111409876,89722965,0.0270020945001321,99.7577719232001,0.866868330951036
414,415,297,299,2970,29900,2024-12-19,2025-01-10,586.28,2,26930,116669968,87839585,0.0256278462337454,99.8113096251128,0.90066889632107
373.01,375,150,150,29850,29850,2024-12-19,2025-08-15,586.28,0,0,61643559,10479837,0.0484235506259462,98.5169253449497,0
239.46,240,550,550,29700,29700,2024-12-19,2025-09-19,586.28,0,0,400392887,101286695,0.0074177141913113,99.9015092393487,0
359.98,360,15078,14736,15078,29472,2024-12-19,2024-12-20,586.28,-342,14394,1011142267,766681971,0.00291472337393646,99.9607470666638,0.488395765472313
294.42,295,506,506,29348,29348,2024-12-19,2025-06-20,586.28,0,0,449699453,166741904,0.00652613646830475,99.9490686505238,0
463.98,465,285,285,9405,29070,2024-12-19,2025-01-24,586.28,0,19665,44279935,29820575,0.0656505028744961,99.5398163976528,0.676470588235294
129.99,130,28959,28959,28959,28959,2024-12-19,2024-12-20,586.28,0,0,1011142267,766681971,0.00286398867351472,99.9636110553373,0
476.45,477,526,526,28930,28930,2024-12-19,2025-01-31,586.28,0,0,308816945,198957159,0.00936800925868883,99.8444211019573,0
552.44,565,23,23,28888,28888,2024-12-19,2025-07-18,586.28,0,0,27667536,4356049,0.104411177056027,99.3433097909406,0
521.78,522,1301,1301,6505,28622,2024-12-19,2024-12-20,586.28,0,22117,1011142267,766681971,0.00283066003015776,99.9664417153674,0.772727272727273
164.72,165,891,1017,21384,28476,2024-12-19,2025-09-19,586.28,126,7092,400392887,101286695,0.0071120144549421,99.9086212538037,0.24905183312263
384.58,385,677,678,13540,28476,2024-12-19,2025-01-31,586.28,1,14936,308816945,198957159,0.00922099660042942,99.8536420985578,0.524511869644613
389.46,390,275,527,9350,28458,2024-12-19,2025-02-21,586.28,252,19108,353457915,212469535,0.00805131213428903,99.9054181598961,0.671445639187575
194.61,195,727,727,28353,28353,2024-12-19,2025-09-19,586.28,0,0,400392887,101286695,0.00708129462849324,99.9157025484321,0
263.96,265,267,272,22695,28288,2024-12-19,2025-09-19,586.28,5,5593,400392887,101286695,0.00706506057386579,99.922767609006,0.197716346153846
387.64,390,120,119,23280,28084,2024-12-19,2025-08-15,586.28,-1,4804,61643559,10479837,0.0455586933259321,98.5624840382756,0.171058253809998
518.65,529,27,27,24624,27945,2024-12-19,2025-08-15,586.28,0,3321,61643559,10479837,0.0453332034251948,98.6078172417008,0.118840579710145
174.84,175,1718,1723,25770,27568,2024-12-19,2025-06-20,586.28,5,1798,449699453,166741904,0.00613031655166367,99.9551989670755,0.0652205455600697
253.97,255,267,267,27501,27501,2024-12-19,2025-12-19,586.28,0,0,358192977,76766390,0.00767770497074821,99.9449888711805,0
517.13,526,31,31,27497,27497,2024-12-19,2025-08-15,586.28,0,0,61643559,10479837,0.0446064446084302,98.6524236863092,0
426.69,430,83,83,27473,27473,2024-12-19,2025-08-15,586.28,0,0,61643559,10479837,0.0445675111003893,98.6969911974096,0
159.66,160,794,794,26996,26996,2024-12-19,2025-12-19,586.28,0,0,358192977,76766390,0.00753671951530194,99.9525255906958,0
471.28,476,57,57,26904,26904,2024-12-19,2025-08-15,586.28,0,0,61643559,10479837,0.0436444625139181,98.7406356599235,0
159.68,160,764,834,19100,26688,2024-12-19,2025-09-19,586.28,70,7588,400392887,101286695,0.00666545307534397,99.9294330620813,0.284322541966427
512.74,521,32,32,26432,26432,2024-12-19,2025-08-15,586.28,0,0,61643559,10479837,0.0428787701891125,98.7835144301127,0
169.77,170,1145,1145,26335,26335,2024-12-19,2025-09-19,586.28,0,0,400392887,101286695,0.00657728967098259,99.9360103517523,0
204.6,205,657,657,26280,26280,2024-12-19,2025-09-19,586.28,0,0,400392887,101286695,0.0065635531632209,99.9425739049155,0
452.5,459,40,40,15800,26000,2024-12-19,2025-08-15,586.28,0,10200,61643559,10479837,0.0421779670443752,98.825692397157,0.392307692307692
545.66,558,21,21,25914,25914,2024-12-19,2025-08-15,586.28,0,0,61643559,10479837,0.0420384553072284,98.8677308524642,0
595.61,660,4,4,25756,25756,2024-12-19,2025-09-19,586.28,0,0,400392887,101286695,0.00643268170745501,99.949006586623,0
598.86,614,15,17,18645,25738,2024-12-19,2025-01-17,586.28,2,7093,1514554687,1064352666,0.00169937739593816,99.9804505573459,0.275584738518921
605.72,670,4,4,25712,25712,2024-12-19,2025-12-19,586.28,0,0,358192977,76766390,0.00717825352561282,99.9597038442214,0
439.3,440,342,367,1026,25690,2024-12-19,2024-12-27,586.28,25,24664,251147067,226682685,0.0102290663024148,99.9112070060528,0.960062281043207
244.43,245,449,449,25593,25593,2024-12-19,2025-09-19,586.28,0,0,400392887,101286695,0.0063919716935431,99.9553985583166,0
464.99,470,6,51,2442,25551,2024-12-19,2025-07-18,586.28,45,23109,27667536,4356049,0.0923501102519574,99.4356599011925,0.904426441235177
444.46,448,72,72,25488,25488,2024-12-19,2025-08-15,586.28,0,0,61643559,10479837,0.0413473855395014,98.9090782380038,0
179.98,180,13162,12712,13162,25424,2024-12-19,2025-01-17,586.28,-450,12262,1514554687,1064352666,0.00167864522940135,99.9821292025753,0.482300188797986
598.89,613,16,18,15424,25398,2024-12-19,2025-01-10,586.28,2,9974,116669968,87839585,0.0217690982824303,99.8330787233952,0.392708087250965
597.18,614,15,15,25230,25230,2024-12-19,2025-02-21,586.28,0,0,353457915,212469535,0.00713804923564945,99.9125562091317,0
284.97,285,8530,8370,8530,25110,2024-12-19,2024-12-20,586.28,-160,16580,1011142267,766681971,0.00248333007327445,99.9689250454407,0.660294703305456
179.73,180,919,919,24813,24813,2024-12-19,2025-09-19,586.28,0,0,400392887,101286695,0.00619716303801371,99.9615957213546,0
602.39,620,12,14,21048,24654,2024-12-19,2025-01-03,586.28,2,3606,111409876,89722965,0.0221290974240022,99.7799010206241,0.146264297882697
543.97,549,26,49,7332,24647,2024-12-19,2025-02-21,586.28,23,17315,353457915,212469535,0.00697310739243171,99.9195293165242,0.702519576419037
396.53,400,71,71,15052,24637,2024-12-19,2025-07-18,586.28,0,9585,27667536,4356049,0.0890465995960031,99.5247065007885,0.389048991354467
522.55,523,411,547,2055,24615,2024-12-19,2024-12-20,586.28,136,22560,1011142267,766681971,0.00243437553777979,99.9713594209785,0.916514320536258
288.74,290,200,195,21200,24570,2024-12-19,2025-09-19,586.28,-5,3370,400392887,101286695,0.00613647264917571,99.9677321940037,0.137159137159137
359.56,360,553,556,7189,24464,2024-12-19,2025-01-31,586.28,3,17275,308816945,198957159,0.00792184509175816,99.8615639436495,0.706139633747547
593.65,614,12,12,16716,24420,2024-12-19,2025-01-31,586.28,0,7704,308816945,198957159,0.00790759716893126,99.8694715408185,0.315479115479116
523.87,528,4,59,656,24367,2024-12-19,2025-02-21,586.28,55,23711,353457915,212469535,0.00689389004062902,99.9264232065648,0.973078343661509
348.51,350,163,163,24287,24287,2024-12-19,2025-08-15,586.28,0,0,61643559,10479837,0.0393990879079516,98.9484773259117,0
602,650,5,5,24000,24000,2024-12-19,2025-01-31,586.28,0,0,308816945,198957159,0.00777159426921991,99.8772431350877,0
244.68,245,749,749,23968,23968,2024-12-19,2025-06-20,586.28,0,0,449699453,166741904,0.00532978188879407,99.9605287489643,0
450.2,454,62,62,23560,23560,2024-12-19,2025-08-15,586.28,0,0,61643559,10479837,0.0382197270602108,98.9866970529719,0
199.97,200,7845,7838,7845,23514,2024-12-19,2025-01-17,586.28,-7,15669,1514554687,1064352666,0.00155253555397039,99.9836817381293,0.666368971676448
404.72,405,834,835,19182,23380,2024-12-19,2025-01-31,586.28,1,4198,308816945,198957159,0.00757082808393173,99.8848139631716,0.179555175363558
535.37,547,20,20,23260,23260,2024-12-19,2025-08-15,586.28,0,0,61643559,10479837,0.0377330582096988,99.0244301111816,0
439.59,440,470,562,5640,23042,2024-12-19,2025-01-10,586.28,92,17402,116669968,87839585,0.0197497268534436,99.8528284502487,0.755229580765559
284.2,285,287,287,22960,22960,2024-12-19,2025-08-15,586.28,0,0,61643559,10479837,0.0372463893591867,99.0616765005408,0
461.35,462,349,351,18148,22815,2024-12-19,2025-01-31,586.28,2,4667,308816945,198957159,0.00738787180217718,99.8922018349738,0.204558404558405
505.4,513,30,30,22800,22800,2024-12-19,2025-08-15,586.28,0,0,61643559,10479837,0.0369868326389137,99.0986633331797,0
234.94,235,3817,3791,3817,22746,2024-12-19,2025-01-17,586.28,-26,18929,1514554687,1064352666,0.0015018275797657,99.9851835657091,0.832190275213224
603.22,660,4,4,22712,22712,2024-12-19,2025-01-31,586.28,0,0,308816945,198957159,0.00735451871010511,99.8995563536839,0
530.87,546,15,15,22695,22695,2024-12-19,2025-08-15,586.28,0,0,61643559,10479837,0.0368164985412345,99.1354798317209,0
354.41,355,384,384,8832,22656,2024-12-19,2025-02-21,586.28,0,13824,353457915,212469535,0.00640981543729188,99.9328330220021,0.610169491525424
605.64,830,1,1,22436,22436,2024-12-19,2024-12-20,586.28,0,0,1011142267,766681971,0.00221887668355179,99.9735782976621,0
586,618,7,7,9779,22400,2024-12-19,2025-01-31,586.28,0,12621,308816945,198957159,0.00725348798460525,99.9068098416685,0.5634375
474.58,475,565,526,2825,22092,2024-12-19,2024-12-27,586.28,-39,19267,251147067,226682685,0.00879643957777138,99.9200034456305,0.872125656346189
239.12,240,250,249,20500,21912,2024-12-19,2025-12-19,586.28,-1,1412,358192977,76766390,0.0061173728707696,99.9658212170922,0.0644395764877693
284.47,285,413,413,21889,21889,2024-12-19,2025-06-20,586.28,0,0,449699453,166741904,0.00486747312098687,99.9653962220852,0
535.44,539,61,61,13908,21716,2024-12-19,2025-02-21,586.28,0,7808,353457915,212469535,0.00614387147052571,99.9389768934726,0.359550561797753
179.83,180,1272,1277,20352,21709,2024-12-19,2025-06-20,586.28,5,1357,449699453,166741904,0.00482744638784339,99.9702236684731,0.0625086369708416
490.33,491,319,323,22968,21641,2024-12-19,2025-01-31,586.28,4,-1326.99999999999,308816945,198957159,0.00700771131584117,99.9138175529843,-0.061318793031745
452.98,458,43,43,21586,21586,2024-12-19,2025-08-15,586.28,0,0,61643559,10479837,0.0350174460238417,99.1704972777448,0
234.7,235,718,718,21540,21540,2024-12-19,2025-06-20,586.28,0,0,449699453,166741904,0.00478986573283646,99.9750135342059,0
465.02,471,36,36,21528,21528,2024-12-19,2025-08-15,586.28,0,0,61643559,10479837,0.0349233567127427,99.2054206344575,0
482.69,484,161,161,8855,21091,2024-12-19,2025-01-31,586.28,0,12236,308816945,198957159,0.00682961228050488,99.9206471652649,0.580152671755725
595.3,700,2,2,19416,20940,2024-12-19,2025-02-21,586.28,0,1524,353457915,212469535,0.00592432623838683,99.944901219711,0.0727793696275072
219.88,220,1743,1743,12201,20916,2024-12-19,2025-03-21,586.28,0,8715,932064068,492438205,0.00224405174688056,99.9863145673802,0.416666666666667
343.76,345,168,168,20832,20832,2024-12-19,2025-08-15,586.28,0,0,61643559,10479837,0.0337942849795548,99.2392149194371,0
466.92,468,191,192,8786,20736,2024-12-19,2025-01-31,586.28,1,11950,308816945,198957159,0.006714657448606,99.9273618227135,0.576292438271605
189.5,190,414,414,21528,20700,2024-12-19,2025-12-19,586.28,0,-828,358192977,76766390,0.00577900777769856,99.9716002248699,-0.04
603.55,655,4,4,20580,20580,2024-12-19,2025-01-17,586.28,0,0,1514554687,1064352666,0.00135881524626651,99.9865423809553,0
583.93,635,4,4,20428,20428,2024-12-19,2025-08-15,586.28,0,0,61643559,10479837,0.0331389042608653,99.272353823698,0
458.25,463,43,43,20425,20425,2024-12-19,2025-08-15,586.28,0,0,61643559,10479837,0.0331340375723602,99.3054878612703,0
508.15,516,26,26,20410,20410,2024-12-19,2025-08-15,586.28,0,0,61643559,10479837,0.0331097041298345,99.3385975654002,0
406.61,410,57,60,12711,20340,2024-12-19,2025-07-18,586.28,3,7629,27667536,4356049,0.0735157622999027,99.5982222630884,0.375073746312684
542.2,548,22,35,6072,20300,2024-12-19,2025-02-21,586.28,13,14228,353457915,212469535,0.00574325800569496,99.9506444777167,0.700886699507389
274.31,275,293,293,20217,20217,2024-12-19,2025-08-15,586.28,0,0,61643559,10479837,0.0327966138360052,99.3713941792362,0
399.44,400,359,360,2513,20160,2024-12-19,2025-01-10,586.28,1,17647,116669968,87839585,0.0172795110392076,99.8701079612879,0.875347222222222
494.23,496,117,113,7722,20001,2024-12-19,2025-01-31,586.28,-4,12279,308816945,198957159,0.00647665237411114,99.9338384750876,0.613919304034798
598.52,611,17,16,17085,19968,2024-12-19,2025-01-10,586.28,-1,2883,116669968,87839585,0.0171149442674056,99.8872229055553,0.144381009615384
462.8,464,171,165,9234,19800,2024-12-19,2025-01-31,586.28,-6,10566,308816945,198957159,0.00641156527210643,99.9402500403597,0.533636363636364
468.5,469,395,395,19750,19750,2024-12-19,2025-01-31,586.28,0,0,308816945,198957159,0.00639537445071222,99.9466454148104,0
429.69,430,637,637,19110,19747,2024-12-19,2025-01-31,586.28,0,637,308816945,198957159,0.00639440300142856,99.9530398178118,0.032258064516129
538.7,546,25,27,6625,19710,2024-12-19,2025-02-21,586.28,2,13085,353457915,212469535,0.00557633572868216,99.9562208134454,0.663876204972095
394.4,395,326,326,6846,19560,2024-12-19,2025-01-31,586.28,0,12714,308816945,198957159,0.00633384932941423,99.9593736671412,0.65
419.58,420,481,463,962,19446,2024-12-19,2024-12-27,586.28,-18,18484,251147067,226682685,0.00774287362073792,99.9277463192513,0.950529671911961
443.2,447,52,51,21476,19380,2024-12-19,2025-08-15,586.28,-1,-2096,61643559,10479837,0.0314388077430766,99.4028329869792,-0.108152734778122
435.35,439,53,53,19345,19345,2024-12-19,2025-08-15,586.28,0,0,61643559,10479837,0.0313820297105169,99.4342150166898,0
473.59,475,122,137,4880,19317,2024-12-19,2025-01-24,586.28,15,14437,44279935,29820575,0.0436247252847142,99.5834411229375,0.747372780452451
602,650,4,4,19200,19200,2024-12-19,2025-08-15,586.28,0,0,61643559,10479837,0.0311468064327694,99.4653618231225,0
606.87,645,5,5,19065,19065,2024-12-19,2025-02-21,586.28,0,0,353457915,212469535,0.00539385290042239,99.9616146663458,0
349.69,350,600,614,5400,19034,2024-12-19,2025-01-24,586.28,14,13634,44279935,29820575,0.0429856096220557,99.6264267325596,0.716297152464012
234.45,235,346,346,19030,19030,2024-12-19,2025-09-19,586.28,0,0,400392887,101286695,0.00475283168554391,99.9724850256893,0
605.52,616,18,18,18864,18864,2024-12-19,2024-12-27,586.28,0,0,251147067,226682685,0.00751113689095959,99.9352574561422,0
229.98,230,9238,9233,9238,18466,2024-12-19,2024-12-20,586.28,-5,9228,1011142267,766681971,0.00182625141907949,99.9754045490811,0.499729232102242
593.52,614,15,9,18060,18432,2024-12-19,2025-01-03,586.28,-6,372,111409876,89722965,0.0165443142581004,99.7964453348822,0.0201822916666667
189.81,190,964,969,17352,18411,2024-12-19,2025-06-20,586.28,5,1059,449699453,166741904,0.00409406768835896,99.9791076018943,0.0575199608929444
468.19,473,38,38,18278,18278,2024-12-19,2025-08-15,586.28,0,0,61643559,10479837,0.0296511108321958,99.4950129339547,0
229.92,230,2251,2251,18008,18008,2024-12-19,2025-03-21,586.28,0,0,932064068,492438205,0.00193205602686102,99.988246623407,0
444.39,445,308,295,2156,17995,2024-12-19,2025-01-03,586.28,-13,15839,111409876,89722965,0.016152068960206,99.8125974038424,0.880188941372604
304.97,305,6030,5997,6030,17991,2024-12-19,2024-12-20,586.28,-33,11961,1011142267,766681971,0.00177927484461492,99.9771838239258,0.664832416208104
602.05,620,10,10,17950,17950,2024-12-19,2025-01-24,586.28,0,0,44279935,29820575,0.0405375482145581,99.6669642807741,0
338.03,340,91,91,17927,17927,2024-12-19,2025-08-15,586.28,0,0,61643559,10479837,0.0290817082770967,99.5240946422318,0
259.95,260,3560,3561,7120,17805,2024-12-19,2025-01-17,586.28,1,10685,1514554687,1064352666,0.00117559307384719,99.9877179740292,0.600112327997754
602.89,619,11,11,17721,17721,2024-12-19,2025-01-31,586.28,0,0,308816945,198957159,0.00573835091853525,99.9651120180598,0
369.74,370,671,681,1342,17706,2024-12-19,2025-01-03,586.28,10,16364,111409876,89722965,0.0158926664634291,99.8284900703058,0.924206483677849
174.61,175,354,454,14514,17706,2024-12-19,2025-12-19,586.28,100,3192,358192977,76766390,0.00494314549332998,99.9765433703632,0.180277871907828
499.08,501,92,92,6256,17664,2024-12-19,2025-01-31,586.28,0,11408,308816945,198957159,0.00571989338214585,99.9708319114419,0.645833333333333
444.56,445,401,401,12030,17644,2024-12-19,2025-01-24,586.28,0,5614,44279935,29820575,0.0398464902895634,99.7068107710637,0.318181818181818
461.27,465,47,47,17531,17531,2024-12-19,2025-07-18,586.28,0,0,27667536,4356049,0.06336306926645,99.6615853323549,0
543.4,555,15,15,17400,17400,2024-12-19,2025-07-18,586.28,0,0,27667536,4356049,0.0628895901680583,99.7244749225229,0
518.3,527,20,20,17400,17400,2024-12-19,2025-08-15,586.28,0,0,61643559,10479837,0.0282267933296973,99.5523214355615,0
399.58,400,415,411,1245,17262,2024-12-19,2025-01-03,586.28,-4,16017,111409876,89722965,0.0154941380600765,99.8439842083659,0.927876259993048
608.89,695,2,2,17222,17222,2024-12-19,2025-01-17,586.28,0,0,1514554687,1064352666,0.00113709991113711,99.9888550739403,0
269.99,270,17230,17122,17230,17122,2024-12-19,2024-12-20,586.28,-108,-108,1011142267,766681971,0.00169333243785763,99.9788771563636,-0.00630767433711015
503.06,512,19,19,16986,16986,2024-12-19,2025-08-15,586.28,0,0,61643559,10479837,0.0275551903159907,99.5798766258775,0
284.96,285,4178,4179,8356,16716,2024-12-19,2025-01-17,586.28,1,8360,1514554687,1064352666,0.00110369075104912,99.9899587646913,0.500119645848289
154.69,155,536,536,16616,16616,2024-12-19,2025-12-19,586.28,0,0,358192977,76766390,0.0046388402528618,99.981182210616,0
174.75,175,659,659,16475,16475,2024-12-19,2025-09-19,586.28,0,0,400392887,101286695,0.00411470846134187,99.9765997341506,0
319.43,320,303,289,4242,16473,2024-12-19,2025-02-21,586.28,-14,12231,353457915,212469535,0.00466052655802035,99.9662751929038,0.742487707157166
602.24,614,14,14,16464,16464,2024-12-19,2024-12-27,586.28,0,0,251147067,226682685,0.00655552151043038,99.9418129776527,0
229.46,230,304,304,16416,16416,2024-12-19,2025-09-19,586.28,0,0,400392887,101286695,0.00409997293483388,99.9806997070855,0
477.74,483,30,30,15780,15780,2024-12-19,2025-08-15,586.28,0,0,61643559,10479837,0.0255987815369324,99.6054754074144,0
414.49,415,308,309,7392,15759,2024-12-19,2025-01-31,586.28,1,8367,308816945,198957159,0.00510302308702652,99.9759349345289,0.530934703978679
600.84,640,4,4,15664,15664,2024-12-19,2025-01-31,586.28,0,0,308816945,198957159,0.00507226052637753,99.9810071950553,0
598.65,616,8,9,8792,15615,2024-12-19,2025-01-10,586.28,1,6823,116669968,87839585,0.0133839069879577,99.9006068125432,0.436951649055395
593,645,15,3,66975,15600,2024-12-19,2025-09-19,586.28,-12,-51375,400392887,101286695,0.00389617311058775,99.984595880196,-3.29326923076923
259.25,260,205,205,15375,15375,2024-12-19,2025-09-19,586.28,0,0,400392887,101286695,0.00383997830610812,99.9884358585022,0
603.41,680,2,2,15318,15318,2024-12-19,2025-01-03,586.28,0,0,111409876,89722965,0.0137492299156674,99.8577334382816,0
239.78,240,694,695,6246,15290,2024-12-19,2025-03-21,586.28,1,9044,932064068,492438205,0.00164044517162955,99.9898870685787,0.591497710922171
462.05,469,25,22,11250,15290,2024-12-19,2025-08-15,586.28,-3,4040,61643559,10479837,0.0248038890810961,99.6302792964955,0.264224983649444
254.62,255,401,401,15238,15238,2024-12-19,2025-06-20,586.28,0,0,449699453,166741904,0.00338848533133528,99.9824960872256,0
587.02,617,4,5,5600,14990,2024-12-19,2025-01-03,586.28,1,9390,111409876,89722965,0.0134548215456231,99.8711882598272,0.626417611741161
184.86,185,884,1067,3536,14938,2024-12-19,2025-03-21,586.28,183,11402,932064068,492438205,0.0016026795273906,99.991489748106,0.763288258133619
324.99,325,14924,14893,14924,14893,2024-12-19,2024-12-20,586.28,-31,-31,1011142267,766681971,0.00147288868105441,99.9803500450447,-0.00208151480561338
482.37,483,235,235,14805,14805,2024-12-19,2025-01-31,586.28,0,0,308816945,198957159,0.00479410221482503,99.9858012972702,0
254.88,255,1222,1219,13442,14628,2024-12-19,2025-03-21,586.28,-3,1186,932064068,492438205,0.00156942001115743,99.9930591681172,0.0810773858353843
549.4,564,9,10,12555,14600,2024-12-19,2025-08-15,586.28,1,2045,61643559,10479837,0.0236845507249184,99.6539638472204,0.140068493150685
449.24,450,192,192,6336,14592,2024-12-19,2025-01-24,586.28,0,8256,44279935,29820575,0.0329539779134726,99.7397647489772,0.565789473684211
249.99,250,14484,14476,14484,14476,2024-12-19,2024-12-20,586.28,-8,-8,1011142267,766681971,0.0014316481935771,99.9817816932382,-0.000552638850511191
603.93,622,8,8,14456,14456,2024-12-19,2025-01-17,586.28,0,0,1514554687,1064352666,0.000954471972790508,99.9909132366641,0
409.11,410,159,162,1113,14418,2024-12-19,2025-01-10,586.28,3,13305,116669968,87839585,0.0123579360200047,99.9129647485632,0.922804827299209
189.93,190,1947,2043,7788,14301,2024-12-19,2025-03-21,586.28,96,6513,932064068,492438205,0.00153433658596954,99.9945935047032,0.455422697713447
269.35,270,220,220,14300,14300,2024-12-19,2025-08-15,586.28,0,0,61643559,10479837,0.0231978818744064,99.6771617290949,0
601.16,619,8,8,14272,14272,2024-12-19,2025-01-17,586.28,0,0,1514554687,1064352666,0.000942323187303966,99.9918555598514,0
313.73,315,112,112,14224,14224,2024-12-19,2025-09-19,586.28,0,0,400392887,101286695,0.00355251066185899,99.991988369164,0
602.81,650,3,3,14157,14157,2024-12-19,2025-01-17,586.28,0,0,1514554687,1064352666,0.000934730196374877,99.9927902900478,0
594.5,665,2,2,12136,14100,2024-12-19,2025-12-19,586.28,0,1964,358192977,76766390,0.00393642558770771,99.9851186362038,0.139290780141844
254.99,255,13650,13641,13650,13641,2024-12-19,2024-12-20,586.28,-9,-9,1011142267,766681971,0.00134906832057096,99.9831307615588,-0.000659775676270068
507.73,510,51,60,3060,13620,2024-12-19,2025-01-24,586.28,9,10560,44279935,29820575,0.03075885273996,99.7705236017171,0.775330396475771
399.61,400,389,348,778,13572,2024-12-19,2024-12-27,586.28,-41,12794,251147067,226682685,0.00540400497689268,99.9472169826296,0.942676097848512
194.74,195,515,521,9785,13546,2024-12-19,2025-06-20,586.28,6,3761,449699453,166741904,0.00301223403978657,99.9855083212654,0.277646537723313
369.48,370,256,260,6912,13520,2024-12-19,2025-02-21,586.28,4,6608,353457915,212469535,0.00382506641561556,99.9701002593194,0.488757396449704
585.5,612.5,5,5,5695,13500,2024-12-19,2025-01-10,586.28,0,7805,116669968,87839585,0.0115711011423265,99.9245358497055,0.578148148148148
464.15,465,120,158,2040,13430,2024-12-19,2025-01-10,586.28,38,11390,116669968,87839585,0.0115111028401071,99.9360469525457,0.848101265822785
461.81,466,32,32,13408,13408,2024-12-19,2025-08-15,586.28,0,0,61643559,10479837,0.021750853158884,99.6989125822537,0
389.64,390,269,370,1076,13320,2024-12-19,2025-01-03,586.28,101,12244,111409876,89722965,0.0119558521005804,99.8831441119277,0.919219219219219
209.38,210,212,212,13144,13144,2024-12-19,2025-12-19,586.28,0,0,358192977,76766390,0.00366953034927874,99.988788166553,0
418.38,420,81,81,13122,13122,2024-12-19,2025-05-16,586.28,0,0,60963155,21859848,0.0215244765465304,99.9082084908499,0
602.32,635,1,4,3241,13072,2024-12-19,2025-01-03,586.28,3,9831,111409876,89722965,0.0117332506500591,99.8948773625778,0.752065483476132
597.5,616,7,7,10591,12950,2024-12-19,2025-02-21,586.28,0,2359,353457915,212469535,0.00366380252087437,99.9737640618403,0.182162162162162
299.87,300,1029,996,1029,12948,2024-12-19,2025-01-03,586.28,-33,11919,111409876,89722965,0.0116219499247984,99.9064993125026,0.920528266913809
603.54,625,6,6,12876,12876,2024-12-19,2024-12-27,586.28,0,0,251147067,226682685,0.00512687651653921,99.9523438591461,0
404.58,405,303,304,5454,12768,2024-12-19,2025-01-24,586.28,1,7314,44279935,29820575,0.0288347306742885,99.7993583323914,0.572838345864662
599.73,625,3,5,6510,12635,2024-12-19,2025-01-10,586.28,2,6125,116669968,87839585,0.0108296935506145,99.9468766460963,0.484764542936288
169.62,170,331,331,12578,12578,2024-12-19,2025-12-19,586.28,0,0,358192977,76766390,0.00351151496753104,99.9922996815206,0
224.96,225,2716,3139,2716,12556,2024-12-19,2025-01-17,586.28,423,9840,1514554687,1064352666,0.000829022557440344,99.9936193126053,0.78368907295317
462.56,467,28,28,12432,12432,2024-12-19,2025-08-15,586.28,0,0,61643559,10479837,0.0201675571652182,99.719080139419,0
184.82,185,684,689,11628,12402,2024-12-19,2025-06-20,586.28,5,773.999999999998,449699453,166741904,0.00275784191358578,99.988266163179,0.062409288824383
333.84,335,106,106,12296,12296,2024-12-19,2025-08-15,586.28,0,0,61643559,10479837,0.0199469339529861,99.7390270733719,0
478.5,480,95,81,4180,12150,2024-12-19,2025-01-24,586.28,-14,7970,44279935,29820575,0.027439064668907,99.8267973970603,0.6559670781893
474,480,44,20,20856,12000,2024-12-19,2025-07-18,586.28,-24,-8856,27667536,4356049,0.0433721311503851,99.7678470536733,-0.738
422.15,425,42,42,11970,11970,2024-12-19,2025-08-15,586.28,0,0,61643559,10479837,0.0194180871354297,99.7584451605074,0
472.57,478,22,22,11946,11946,2024-12-19,2025-08-15,586.28,0,0,61643559,10479837,0.0193791536273887,99.7778243141348,0
199.99,200,11763,11763,11763,11763,2024-12-19,2024-12-20,586.28,0,0,1011142267,766681971,0.00116333777984577,99.9842940993386,0
483.3,485,66,69,3234,11730,2024-12-19,2025-01-24,586.28,3,8496,44279935,29820575,0.0264905537914633,99.8532879508518,0.724296675191816
541.47,547,20,21,5360,11613,2024-12-19,2025-02-21,586.28,1,6253,353457915,212469535,0.00328553966601653,99.9770496015063,0.538448290708689
259.98,260,5925,5771,5925,11542,2024-12-19,2024-12-20,586.28,-154,5617,1011142267,766681971,0.00114148131046331,99.9854355806491,0.486657425056316
447.2,451,30,30,11400,11400,2024-12-19,2025-08-15,586.28,0,0,61643559,10479837,0.0184934163194568,99.7963177304542,0
596,710,1,1,10600,11400,2024-12-19,2025-12-19,586.28,0,800,358192977,76766390,0.00318264196452964,99.9954823234851,0.0701754385964912
451.44,455,12,32,3744,11392,2024-12-19,2025-07-18,586.28,20,7648,27667536,4356049,0.0411746098387656,99.8090216635121,0.671348314606742
603.16,660,2,2,11368,11368,2024-12-19,2025-01-24,586.28,0,0,44279935,29820575,0.0256730277494761,99.8789609786013,0
520.14,521,125,132,750,11352,2024-12-19,2024-12-20,586.28,7,10602,1011142267,766681971,0.00112269068067748,99.9865582713298,0.933932346723044
409.83,410,686,663,686,11271,2024-12-19,2024-12-27,586.28,-23,10585,251147067,226682685,0.0044878087308103,99.9568316678769,0.939135835329607
587.99,616,5,4,6650,11204,2024-12-19,2025-01-03,586.28,-1,4554,111409876,89722965,0.0100565590791969,99.9165558715818,0.406461977865048
464.52,465,235,233,1175,11184,2024-12-19,2024-12-27,586.28,-2,10009,251147067,226682685,0.00445316767326612,99.9612848355502,0.894939198855508
594.19,650,0,2,0,11162,2024-12-19,2025-01-03,586.28,2,11162,111409876,89722965,0.0100188604464473,99.9265747320283,1
604.71,614,12,12,11148,11148,2024-12-19,2025-01-10,586.28,0,0,116669968,87839585,0.00955515818775231,99.956431804284,0
289.98,290,5980,5514,5980,11028,2024-12-19,2024-12-20,586.28,-466,5048,1011142267,766681971,0.00109064771199007,99.9876489190418,0.457743924555676
164.86,165,772,777,10036,10878,2024-12-19,2025-06-20,586.28,5,842.000000000002,449699453,166741904,0.00241894890630432,99.9906851120853,0.0774039345467918
448.84,453,26,26,10816,10816,2024-12-19,2025-08-15,586.28,0,0,61643559,10479837,0.0175460342904601,99.8138637647447,0
601.24,655,2,2,10752,10752,2024-12-19,2025-08-15,586.28,0,0,61643559,10479837,0.0174422116023509,99.831305976347,0
229.97,230,3578,3577,3578,10731,2024-12-19,2025-01-17,586.28,-1,7153,1514554687,1064352666,0.000708525092696108,99.9943278376979,0.666573478706551
314.98,315,5367,5294,5367,10588,2024-12-19,2024-12-20,586.28,-73,5221,1011142267,766681971,0.00104713256932815,99.9886960516111,0.493105402342274
605.53,632,4,4,10588,10588,2024-12-19,2024-12-20,586.28,0,0,1011142267,766681971,0.00104713256932815,99.9897431841804,0
263.84,265,91,91,10556,10556,2024-12-19,2025-12-19,586.28,0,0,358192977,76766390,0.00294701478750657,99.9984293382726,0
479.11,480,115,117,3105,10413,2024-12-19,2025-01-10,586.28,2,7308,116669968,87839585,0.00892517601444787,99.9653569802985,0.701815038893691
399.41,400,172,174,2924,10266,2024-12-19,2025-01-24,586.28,2,7342,44279935,29820575,0.0231843158758024,99.9021452944771,0.71517631015001
374.33,375,201,153,6030,10251,2024-12-19,2025-02-21,586.28,-48,4221,353457915,212469535,0.00290020383331917,99.9799498053396,0.411764705882353
209.94,210,1701,1701,10206,10206,2024-12-19,2025-03-21,586.28,0,0,932064068,492438205,0.00109498910540557,99.9956884938086,0
294.98,295,5038,5007,5038,10014,2024-12-19,2024-12-20,586.28,-31,4976,1011142267,766681971,0.000990365087764648,99.9907335492682,0.496904333932495
602.63,622,5,5,9685,9685,2024-12-19,2025-01-31,586.28,0,0,308816945,198957159,0.00313616210405812,99.9889374593742,0
606,700,1,1,9400,9400,2024-12-19,2025-05-16,586.28,0,0,60963155,21859848,0.0154191494846354,99.9236276403346,0
539.53,543,26,27,6422,9369,2024-12-19,2025-02-21,586.28,1,2947,353457915,212469535,0.0026506691751407,99.9826004745148,0.314547977372185
476.8,482,18,18,9360,9360,2024-12-19,2025-08-15,586.28,0,0,61643559,10479837,0.0151840681359751,99.846490044483,0
214.99,215,9293,9292,9293,9292,2024-12-19,2025-01-17,586.28,-1,-1,1514554687,1064352666,0.000613513667070379,99.994941351365,-0.000107619457597934
602.44,621,5,5,9280,9280,2024-12-19,2025-01-31,586.28,0,0,308816945,198957159,0.00300501645076503,99.991942475825,0
456.8,461,22,22,9240,9240,2024-12-19,2025-08-15,586.28,0,0,61643559,10479837,0.0149894005957703,99.8614794450788,0
264.99,265,9474,9234,9474,9234,2024-12-19,2024-12-20,586.28,-240,-240,1011142267,766681971,0.000913224607591248,99.9916467738758,-0.0259909031838856
445.25,450,25,19,8600,9025,2024-12-19,2025-07-18,586.28,-6,425,27667536,4356049,0.0326194569693521,99.8416411204814,0.0470914127423823
328.9,330,82,82,9020,9020,2024-12-19,2025-08-15,586.28,0,0,61643559,10479837,0.0146325101053948,99.8761119551842,0
605.46,628,4,4,9016,9016,2024-12-19,2025-01-17,586.28,0,0,1514554687,1064352666,0.000595290488840566,99.9955366418539,0
389.66,390,231,265,231,9010,2024-12-19,2024-12-27,586.28,34,8779,251147067,226682685,0.00358753940773674,99.9648723749579,0.974361820199778
456.09,460,23,23,5221,8993,2024-12-19,2025-05-16,586.28,0,3772,60963155,21859848,0.0147515331186518,99.9383791734532,0.419437340153453
600.16,645,3,2,12807,8968,2024-12-19,2025-03-21,586.28,-1,-3839,932064068,492438205,0.000962165617996981,99.9966506594266,-0.428077609277431
459.65,460,251,251,8785,8785,2024-12-19,2025-01-24,586.28,0,0,44279935,29820575,0.0198396858531974,99.9219849803303,0
319.73,320,326,325,326,8775,2024-12-19,2025-01-03,586.28,-1,8449,111409876,89722965,0.00787632148517965,99.9344510535134,0.962849002849003
264.33,265,129,129,5418,8643,2024-12-19,2025-06-20,586.28,0,3225,449699453,166741904,0.00192195030310611,99.9926070623884,0.373134328358209
159.87,160,559,664,6708,8632,2024-12-19,2025-06-20,586.28,105,1924,449699453,166741904,0.00191950422496956,99.9945265666134,0.22289156626506
603.98,690,1,1,11937,8602,2024-12-19,2025-09-19,586.28,0,-3335,400392887,101286695,0.00214838981392794,99.994136758978,-0.387700534759358
484.56,485,194,194,1746,8536,2024-12-19,2025-01-03,586.28,0,6790,111409876,89722965,0.00766179831310467,99.9421128518265,0.795454545454545
209.99,210,8515,8515,8515,8515,2024-12-19,2025-01-17,586.28,0,0,1514554687,1064352666,0.00056221145879297,99.9960988533127,0
602.99,631,3,3,8403,8403,2024-12-19,2024-12-20,586.28,0,0,1011142267,766681971,0.000831040326791126,99.9924778142026,0
596.68,680,1,1,8332,8332,2024-12-19,2025-03-21,586.28,0,0,932064068,492438205,0.000893929965337962,99.9975445893919,0
426.84,430,15,26,4290,8216,2024-12-19,2025-07-18,586.28,11,3926,27667536,4356049,0.0296954524609636,99.8713365729424,0.477848101265823
364.57,365,183,191,4575,8213,2024-12-19,2025-02-21,586.28,8,3638,353457915,212469535,0.00232361467984102,99.9849240891946,0.442956288810422
204.99,205,8130,8130,8130,8130,2024-12-19,2024-12-20,586.28,0,0,1011142267,766681971,0.000804041158730436,99.9932818553613,0
239.98,240,4089,4040,4089,8080,2024-12-19,2025-01-17,586.28,-49,3991,1514554687,1064352666,0.00053349014527859,99.9966323434579,0.493935643564356
600.29,640,2,2,7942,7942,2024-12-19,2025-01-17,586.28,0,0,1514554687,1064352666,0.000524378556163684,99.9971567220141,0
424.55,425,170,171,340,7695,2024-12-19,2024-12-27,586.28,1,7355,251147067,226682685,0.00306394181382178,99.9679363167717,0.955815464587394
369.89,370,687,699,687,7689,2024-12-19,2024-12-27,586.28,12,7002,251147067,226682685,0.00306155277537046,99.9709978695471,0.910651580179477
409.74,410,281,292,1124,7592,2024-12-19,2025-01-03,586.28,11,6468,111409876,89722965,0.0068144766627332,99.9489273284893,0.851949420442571
607.11,645,2,2,7578,7578,2024-12-19,2025-01-17,586.28,0,0,1514554687,1064352666,0.000500345089222916,99.9976570671033,0
452.79,457,19,18,7771,7578,2024-12-19,2025-08-15,586.28,-1,-192.999999999999,61643559,10479837,0.0122932551639337,99.8884052103481,-0.0254684613354446
189.99,190,7437,7437,7437,7437,2024-12-19,2024-12-20,586.28,0,0,1011142267,766681971,0.000735504809037916,99.9940173601703,0
427.14,430,24,26,4032,7436,2024-12-19,2025-05-16,586.28,2,3404,60963155,21859848,0.0121975314433776,99.9505767048966,0.457772996234535
469.4,475,12,13,4836,7280,2024-12-19,2025-07-18,586.28,1,2444,27667536,4356049,0.0263124262312336,99.8976489991736,0.335714285714286
413.98,415,19,71,342,7242,2024-12-19,2025-01-24,586.28,52,6900,44279935,29820575,0.0163550375582078,99.9383400178885,0.952775476387738
318.87,320,64,64,7232,7232,2024-12-19,2025-08-15,586.28,0,0,61643559,10479837,0.0117319637563431,99.9001371741045,0
414.44,415,169,128,507,7168,2024-12-19,2024-12-27,586.28,-41,6661,251147067,226682685,0.00285410460318057,99.9738519741503,0.929268973214286
606.7,630,3,3,6990,6990,2024-12-19,2025-01-10,586.28,0,0,116669968,87839585,0.00599125903591574,99.9713482393344,0
606,675,1,1,6900,6900,2024-12-19,2025-09-19,586.28,0,0,400392887,101286695,0.00172330733737535,99.9958600663153,0
219.99,220,6815,6815,6815,6815,2024-12-19,2024-12-20,586.28,0,0,1011142267,766681971,0.000673990221002205,99.9946913503913,0
484.73,485,223,252,5575,6804,2024-12-19,2025-01-10,586.28,29,1229,116669968,87839585,0.00583183497573257,99.9771800743101,0.180629041740153
289.15,290,76,80,9576,6800,2024-12-19,2025-08-15,586.28,4,-2776,61643559,10479837,0.0110311606116058,99.911168334716,-0.408235294117647
602.76,670,1,1,6724,6724,2024-12-19,2025-02-21,586.28,0,0,353457915,212469535,0.00190234811971886,99.9868264373143,0
204.97,205,2283,2235,2283,6705,2024-12-19,2025-01-17,586.28,-48,4422,1514554687,1064352666,0.000442704384169919,99.9980997714875,0.659507829977629
600.96,623,3,3,6612,6612,2024-12-19,2025-02-21,586.28,0,0,353457915,212469535,0.00187066117899779,99.9886970984933,0
602,624,3,3,6600,6600,2024-12-19,2024-12-27,586.28,0,0,251147067,226682685,0.00262794229645533,99.9764799164467,0
234.92,235,825,825,6600,6600,2024-12-19,2025-03-21,586.28,0,0,932064068,492438205,0.000708105829480383,99.9982526952214,0
279.16,280,77,77,6468,6468,2024-12-19,2025-09-19,586.28,0,0,400392887,101286695,0.00161541331277446,99.9974754796281,0
394.58,395,153,153,765,6426,2024-12-19,2025-01-10,586.28,0,5661,116669968,87839585,0.00550784414374743,99.9826879184539,0.880952380952381
169.99,170,6396,6396,6396,6396,2024-12-19,2024-12-20,586.28,0,0,1011142267,766681971,0.000632551937421878,99.9953239023288,0
214.94,215,1054,1054,6324,6324,2024-12-19,2025-03-21,586.28,0,0,932064068,492438205,0.000678494131156658,99.9989311893525,0
605.63,618,5,5,6185,6185,2024-12-19,2024-12-27,586.28,0,0,251147067,226682685,0.00246270047023882,99.978942616917,0
427.25,431,16,16,6000,6000,2024-12-19,2025-08-15,586.28,0,0,61643559,10479837,0.00973337701024044,99.9209017117263,0
411.56,415,17,17,4199,5848,2024-12-19,2025-07-18,586.28,0,1649,27667536,4356049,0.0211366852472877,99.9187856844209,0.281976744186047
488.41,489,98,98,5782,5782,2024-12-19,2025-01-31,586.28,0,0,308816945,198957159,0.00187230658602623,99.993814782411,0
472.63,479,9,9,5733,5733,2024-12-19,2025-08-15,586.28,0,0,61643559,10479837,0.00930024173328474,99.9302019534596,0
394.58,395,135,136,4995,5712,2024-12-19,2025-02-21,586.28,1,717,353457915,212469535,0.00161603397677486,99.9903131324701,0.125525210084034
603.2,660,0,1,0,5680,2024-12-19,2024-12-27,586.28,1,5680,251147067,226682685,0.00226162306725246,99.9812042399842,1
264.34,265,85,86,5355,5676,2024-12-19,2025-08-15,586.28,1,321.000000000001,61643559,10479837,0.00920777465168746,99.9394097281113,0.0565539112050742
605.68,617,5,5,5660,5660,2024-12-19,2024-12-27,586.28,0,0,251147067,226682685,0.00225365960574805,99.98345789959,0
244.03,245,58,58,5626,5626,2024-12-19,2025-12-19,586.28,0,0,358192977,76766390,0.00157066172740735,100,0
429.76,430,247,231,741,5544,2024-12-19,2024-12-27,586.28,-16,4803,251147067,226682685,0.00220747152902248,99.985665371119,0.866341991341991
518.05,519,58,58,5510,5510,2024-12-19,2025-01-31,586.28,0,0,308816945,198957159,0.00178422851764174,99.9955990109286,0
607.66,635,2,2,5468,5468,2024-12-19,2025-01-17,586.28,0,0,1514554687,1064352666,0.000361030212176155,99.9984608016997,0
308.28,310,31,31,5332,5332,2024-12-19,2025-09-19,586.28,0,0,400392887,101286695,0.00133169198882397,99.9988071716169,0
219.75,220,213,213,5325,5325,2024-12-19,2025-06-20,586.28,0,0,449699453,166741904,0.00118412418882796,99.9957106908022,0
313.96,315,51,51,5304,5304,2024-12-19,2025-08-15,586.28,0,0,61643559,10479837,0.00860430527705255,99.9480140333883,0
429.78,430,241,241,1687,5302,2024-12-19,2025-01-03,586.28,0,3615,111409876,89722965,0.00475900359138718,99.9536863320807,0.681818181818182
464.94,466,51,50,2550,5300,2024-12-19,2025-01-31,586.28,-1,2750,308816945,198957159,0.00171622706778606,99.9973152379964,0.518867924528302
184.99,185,5262,5262,5262,5262,2024-12-19,2025-01-17,586.28,0,0,1514554687,1064352666,0.000347428854511874,99.9988082305542,0
309.09,310,57,57,5187,5187,2024-12-19,2025-08-15,586.28,0,0,61643559,10479837,0.00841450442535286,99.9564285378137,0
603.25,655,1,1,5175,5175,2024-12-19,2025-01-03,586.28,0,0,111409876,89722965,0.00464501010664441,99.9583313421873,0
444.93,445,713,738,2139,5166,2024-12-19,2024-12-27,586.28,25,3027,251147067,226682685,0.00205696210658912,99.9877223332256,0.585946573751452
234.99,235,5253,5133,5253,5133,2024-12-19,2024-12-20,586.28,-120,-120,1011142267,766681971,0.000507643698371873,99.9958315460272,-0.0233781414377557
598.89,650,1,1,5111,5111,2024-12-19,2025-05-16,586.28,0,0,60963155,21859848,0.00838375244850763,99.9589604573451,0
303.71,305,39,39,3861,5031,2024-12-19,2025-08-15,586.28,0,1170,61643559,10479837,0.00816143662308661,99.9645899744367,0.232558139534884
540.17,544,10,13,2520,4979,2024-12-19,2025-02-21,586.28,3,2459,353457915,212469535,0.00140865426651996,99.9917217867366,0.493874271942157
294.16,295,59,59,4956,4956,2024-12-19,2025-08-15,586.28,0,0,61643559,10479837,0.0080397694104586,99.9726297438472,0
533.92,537,11,16,2431,4928,2024-12-19,2025-02-21,586.28,5,2497,353457915,212469535,0.00139422539172733,99.9931160121284,0.506696428571429
209.99,210,4869,4869,4869,4869,2024-12-19,2024-12-20,586.28,0,0,1011142267,766681971,0.000481534612774722,99.9963130806399,0
244.97,245,1714,1594,3428,4782,2024-12-19,2025-01-17,586.28,-120,1354,1514554687,1064352666,0.000315736370633938,99.9991239669248,0.28314512756169
592.27,640,0,1,0,4773,2024-12-19,2025-05-16,586.28,1,4773,60963155,21859848,0.00782931920108138,99.9667897765462,1
599.28,623,5,2,10505,4744,2024-12-19,2025-01-24,586.28,-3,-5761,44279935,29820575,0.0107136561966498,99.9490536740851,-1.2143760539629
599.95,623,0,2,0,4610,2024-12-19,2025-01-10,586.28,2,4610,116669968,87839585,0.00395131676045373,99.9866392352143,1
169.85,170,301,306,4214,4590,2024-12-19,2025-06-20,586.28,5,376,449699453,166741904,0.00102068169515874,99.9967313724974,0.081917211328976
454.43,455,77,80,770,4560,2024-12-19,2025-01-03,586.28,3,3790,111409876,89722965,0.0040929944128113,99.9624243366001,0.831140350877193
599.93,645,1,1,4507,4507,2024-12-19,2025-08-15,586.28,0,0,61643559,10479837,0.00731138836419228,99.9799411322114,0
529.36,532,13,17,2613,4488,2024-12-19,2025-02-21,586.28,4,1875,353457915,212469535,0.00126974098175167,99.9943857531101,0.417780748663102
441.55,446,10,10,4450,4450,2024-12-19,2025-08-15,586.28,0,0,61643559,10479837,0.00721892128259499,99.987160053494,0
194.93,195,601,632,3005,4424,2024-12-19,2025-03-21,586.28,31,1419,932064068,492438205,0.000474645483275942,99.9994058348358,0.320750452079566
604.8,649,1,1,4420,4420,2024-12-19,2024-12-20,586.28,0,0,1011142267,766681971,0.000437129387649265,99.9967502100276,0
604.29,619,3,3,4413,4413,2024-12-19,2024-12-27,586.28,0,0,251147067,226682685,0.00175713778094808,99.9894794710065,0
599.06,621,5,2,9605,4388,2024-12-19,2025-01-24,586.28,-3,-5217,44279935,29820575,0.00990968031005466,99.9589633543952,-1.18892433910665
602.15,646,0,1,0,4385,2024-12-19,2024-12-20,586.28,1,4385,1011142267,766681971,0.000433667955846613,99.9971838779834,1
359.8,360,214,217,214,4340,2024-12-19,2024-12-27,586.28,3,4126,251147067,226682685,0.00172807114645699,99.991207542153,0.950691244239631
159.99,160,4290,4290,4290,4290,2024-12-19,2024-12-20,586.28,0,0,1011142267,766681971,0.000424272640953699,99.9976081506244,0
344.67,345,124,127,1488,4191,2024-12-19,2025-01-31,586.28,3,2703,308816945,198957159,0.00135711464926253,99.9986723526457,0.644953471725125
204.8,205,209,209,4180,4180,2024-12-19,2025-06-20,586.28,0,0,449699453,166741904,0.000929509691887484,99.9976608821892,0
603.45,645,1,1,4155,4155,2024-12-19,2024-12-27,586.28,0,0,251147067,226682685,0.00165440912754119,99.9928619512805,0
239.99,240,4189,4150,4189,4150,2024-12-19,2024-12-20,586.28,-39,-39,1011142267,766681971,0.000410426913743089,99.9980185775381,-0.00939759036144578
604,645,1,1,4100,4100,2024-12-19,2025-01-31,586.28,0,0,308816945,198957159,0.00132764735432507,100,0
264.98,265,2046,2046,4092,4092,2024-12-19,2025-01-17,586.28,0,0,1514554687,1064352666,0.000270178425059405,99.9993941453499,0
323.98,325,5,39,525,3978,2024-12-19,2025-07-18,586.28,34,3453,27667536,4356049,0.0143778614763526,99.9331635458973,0.868024132730015
422.16,425,17,14,2754,3976,2024-12-19,2025-05-16,586.28,-3,1222,60963155,21859848,0.00652197216499048,99.9733117487112,0.307344064386318
434.88,435,330,330,3960,3960,2024-12-19,2025-01-10,586.28,0,0,116669968,87839585,0.00339418966841578,99.9900334248827,0
441.74,445,11,12,2101,3912,2024-12-19,2025-05-16,586.28,1,1811,60963155,21859848,0.00641699072169083,99.9797287394329,0.462934560327198
602.26,640,1,1,3774,3774,2024-12-19,2025-08-15,586.28,0,0,61643559,10479837,0.00612229413944124,99.9932823476334,0
603.22,622,2,2,3756,3756,2024-12-19,2025-01-03,586.28,0,0,111409876,89722965,0.0033713348716051,99.9657956714717,0
607.74,645,1,1,3726,3726,2024-12-19,2025-01-03,586.28,0,0,111409876,89722965,0.00334440727678397,99.9691400787485,0
584.21,621,1,1,1840,3679,2024-12-19,2024-12-27,586.28,0,1839,251147067,226682685,0.00146487874373624,99.9943268300242,0.49986409350367
605.01,623,2,2,3598,3598,2024-12-19,2024-12-27,586.28,0,0,251147067,226682685,0.00143262672464337,99.9957594567489,0
535.99,541,7,7,1659,3507,2024-12-19,2025-02-21,586.28,0,1848,353457915,212469535,0.000992197331328682,99.9953779504414,0.526946107784431
379.71,380,169,120,507,3480,2024-12-19,2025-01-03,586.28,-49,2973,111409876,89722965,0.00312360099925073,99.9722636797478,0.854310344827586
299.9,300,343,343,343,3430,2024-12-19,2024-12-27,586.28,0,3087,251147067,226682685,0.00136573364800633,99.9971251903969,0.9
419.52,420,71,71,1349,3408,2024-12-19,2025-01-24,586.28,0,2059,44279935,29820575,0.00769648826268602,99.9666598426579,0.604166666666667
525.25,529,4,9,668,3375,2024-12-19,2025-02-21,586.28,5,2707,353457915,212469535,0.000954852008335985,99.9963328024498,0.802074074074074
404.42,405,99,58,297,3364,2024-12-19,2025-01-03,586.28,-41,3067,111409876,89722965,0.00301948096594237,99.9752831607137,0.911712247324614
522.22,527,4,7,644,3346,2024-12-19,2025-02-21,586.28,3,2702,353457915,212469535,0.000946647354042135,99.9972794498038,0.807531380753138
224.99,225,3353,3341,3353,3341,2024-12-19,2024-12-20,586.28,-12,-11.9999999999995,1011142267,766681971,0.000330418390076062,99.9983489959282,-0.00359173900029918
244.99,245,3434,3308,3434,3308,2024-12-19,2024-12-20,586.28,-126,-126,1011142267,766681971,0.000327154754376419,99.9986761506826,-0.0380894800483677
229.62,230,84,85,2436,3230,2024-12-19,2025-06-20,586.28,1,794,449699453,166741904,0.000718257489185783,99.9983791396784,0.245820433436532
401.42,405,9,9,1989,3222,2024-12-19,2025-07-18,586.28,0,1233,27667536,4356049,0.0116454172138784,99.9448089631112,0.38268156424581
254.98,255,1592,1593,1592,3186,2024-12-19,2025-01-17,586.28,1,1594,1514554687,1064352666,0.000210358861739801,99.9996045042116,0.500313873195229
474.83,475,182,185,2366,3145,2024-12-19,2025-01-03,586.28,3,779,111409876,89722965,0.00282290952374815,99.9781060702374,0.247694753577107
283.8,285,26,26,2678,3120,2024-12-19,2025-09-19,586.28,0,442,400392887,101286695,0.00077923462211755,99.999586406239,0.141666666666667
434.79,435,147,147,3087,3087,2024-12-19,2025-01-24,586.28,0,0,44279935,29820575,0.00697155494921119,99.9736313976071,0
194.99,195,3012,3012,3012,3012,2024-12-19,2024-12-20,586.28,0,0,1011142267,766681971,0.000297880931131128,99.9989740316137,0
524.23,526,17,17,3009,3009,2024-12-19,2025-02-21,586.28,0,0,353457915,212469535,0.000851303612765327,99.9981307534166,0
414.92,415,346,375,1384,3000,2024-12-19,2025-01-03,586.28,29,1616,111409876,89722965,0.0026927594821127,99.9807988297196,0.538666666666667
154.88,155,249,249,2739,2988,2024-12-19,2025-06-20,586.28,0,249,449699453,166741904,0.000664443770181771,99.9990435834486,0.0833333333333333
368.51,370,20,20,2980,2980,2024-12-19,2025-07-18,586.28,0,0,27667536,4356049,0.0107707459023456,99.9555797090135,0
349.93,350,427,425,854,2975,2024-12-19,2025-01-03,586.28,-2,2121,111409876,89722965,0.00267031981976176,99.9834691495393,0.712941176470588
606.14,621,2,2,2972,2972,2024-12-19,2025-01-10,586.28,0,0,116669968,87839585,0.00254735648851811,99.9925807813713,0
214.99,215,2967,2962,2967,2962,2024-12-19,2024-12-20,586.28,-5,-5,1011142267,766681971,0.00029293602855591,99.9992669676423,-0.00168804861580014
224.93,225,420,420,2940,2940,2024-12-19,2025-03-21,586.28,0,0,932064068,492438205,0.000315428960404898,99.9997212637962,0
604.46,633,1,1,2854,2854,2024-12-19,2024-12-20,586.28,0,0,1011142267,766681971,0.00028225503899344,99.9995492226812,0
368.52,370,18,19,1638,2812,2024-12-19,2025-05-16,586.28,1,1174,60963155,21859848,0.00461262216497817,99.9843413615979,0.417496443812233
594.29,621,1,1,1650,2671,2024-12-19,2025-01-03,586.28,0,1021,111409876,89722965,0.00239745352557434,99.9858666030649,0.38225383751404
329.92,330,327,328,327,2624,2024-12-19,2025-01-03,586.28,1,2297,111409876,89722965,0.00235526696035457,99.9882218700252,0.875381097560976
184.99,185,2602,2600,2602,2600,2024-12-19,2024-12-20,586.28,-2,-2,1011142267,766681971,0.000257134933911333,99.9998063576152,-0.000769230769230769
204.94,205,433,433,2598,2598,2024-12-19,2025-03-21,586.28,0,0,932064068,492438205,0.000278736203786369,100,0
323.89,325,23,23,2553,2553,2024-12-19,2025-08-15,586.28,0,0,61643559,10479837,0.00414155191785731,99.9974238995513,0
313.84,315,15,22,1425,2552,2024-12-19,2025-07-18,586.28,7,1127,27667536,4356049,0.00922380655798189,99.9648035155715,0.441614420062696
439.72,440,89,89,2047,2492,2024-12-19,2025-01-24,586.28,0,445,44279935,29820575,0.00562783120616595,99.9792592288132,0.178571428571429
456.51,460,7,7,2443,2443,2024-12-19,2025-07-18,586.28,0,0,27667536,4356049,0.00882984303336589,99.9736333586048,0
189.99,190,2428,2428,2428,2428,2024-12-19,2025-01-17,586.28,0,0,1514554687,1064352666,0.000160311147615893,99.9997648153592,0
462.58,465,10,10,2420,2420,2024-12-19,2025-05-16,586.28,0,0,60963155,21859848,0.00396961082476785,99.9883109724226,0
604.95,629,1,1,2405,2405,2024-12-19,2025-01-17,586.28,0,0,1514554687,1064352666,0.000158792549430075,99.9999236079087,0
214.77,215,104,104,2392,2392,2024-12-19,2025-06-20,586.28,0,0,449699453,166741904,0.000531910809328914,99.9995754942579,0
538.6,542,7,7,1694,2380,2024-12-19,2025-02-21,586.28,0,686,353457915,212469535,0.000673347490322858,99.9988041009069,0.288235294117647
601.78,613,2,2,2244,2244,2024-12-19,2025-01-03,586.28,0,0,111409876,89722965,0.0020141840926203,99.9902360541179,0
602.34,624,1,1,2166,2166,2024-12-19,2025-01-03,586.28,0,0,111409876,89722965,0.00194417234608537,99.992180226464,0
408.12,410,10,11,1370,2068,2024-12-19,2025-05-16,586.28,1,698,60963155,21859848,0.00339221288661979,99.9917031853092,0.33752417794971
437.09,440,7,7,2037,2037,2024-12-19,2025-07-18,586.28,0,0,27667536,4356049,0.00736241926277786,99.9809957778676,0
604.87,625,1,1,2013,2013,2024-12-19,2025-01-24,586.28,0,0,44279935,29820575,0.00454607713403373,99.9838053059473,0
179.99,180,1958,1958,1958,1958,2024-12-19,2024-12-20,586.28,0,0,1011142267,766681971,0.000193642384845534,100,0
604.52,624,1,1,1948,1948,2024-12-19,2025-01-24,586.28,0,0,44279935,29820575,0.00439928378395316,99.9882045897312,0
209.77,210,83,83,1909,1909,2024-12-19,2025-06-20,586.28,0,0,449699453,166741904,0.000424505742060576,100,0
429.26,430,22,25,550,1850,2024-12-19,2025-01-24,586.28,3,1300,44279935,29820575,0.0041779645792163,99.9923825543105,0.702702702702703
419.95,420,369,369,1845,1845,2024-12-19,2025-01-03,586.28,0,0,111409876,89722965,0.00165604708149931,99.9938362735455,0
404.9,405,208,180,208,1800,2024-12-19,2024-12-27,586.28,-28,1592,251147067,226682685,0.000716711535396907,99.9978419019323,0.884444444444445
349.93,350,289,257,289,1799,2024-12-19,2024-12-27,586.28,-32,1510,251147067,226682685,0.000716313362321687,99.9985582152946,0.839355197331851
384.7,385,59,59,1770,1770,2024-12-19,2025-02-21,586.28,0,0,353457915,212469535,0.000500766831038428,99.9993048677379,0
363.45,365,4,11,380,1705,2024-12-19,2025-05-16,586.28,7,1325,60963155,21859848,0.00279677126290462,99.9944999565721,0.777126099706745
254.31,255,24,24,1656,1656,2024-12-19,2025-09-19,586.28,0,0,400392887,101286695,0.000413593760970084,100,0
606.47,623,1,1,1653,1653,2024-12-19,2025-01-03,586.28,0,0,111409876,89722965,0.0014837104746441,99.9953199840201,0
318.99,320,16,16,1616,1616,2024-12-19,2025-07-18,586.28,0,0,27667536,4356049,0.00584078032825186,99.9868365581959,0
384.57,385,37,37,259,1591,2024-12-19,2025-01-10,586.28,0,1332,116669968,87839585,0.00136367569758826,99.9939444570689,0.837209302325582
424.85,425,106,106,1166,1590,2024-12-19,2025-01-10,586.28,0,424,116669968,87839585,0.00136281857898512,99.9953072756478,0.266666666666667
452.03,456,4,4,1588,1588,2024-12-19,2025-08-15,586.28,0,0,61643559,10479837,0.0025761004487103,100,0
607.16,622,1,1,1484,1484,2024-12-19,2024-12-27,586.28,0,0,251147067,226682685,0.000590888843627228,99.9991491041383,0
529.21,531,8,8,1432,1432,2024-12-19,2025-02-21,586.28,0,0,353457915,212469535,0.000405140170648039,99.9997100079086,0
604.38,618,1,1,1362,1362,2024-12-19,2025-01-03,586.28,0,0,111409876,89722965,0.00122251280487917,99.996542496825,0
605.73,619,1,1,1327,1327,2024-12-19,2025-01-03,586.28,0,0,111409876,89722965,0.00119109727758785,99.9977335941026,0
374.58,375,2,29,12,1218,2024-12-19,2025-01-10,586.28,27,1206,116669968,87839585,0.00104397045861879,99.9963512461065,0.990147783251231
388.92,390,11,11,1188,1188,2024-12-19,2025-05-16,586.28,0,0,60963155,21859848,0.00194871804124967,99.9964486746134,0
194.99,195,1157,1157,1157,1157,2024-12-19,2025-01-17,586.28,0,0,1514554687,1064352666,7.63920913474417e-05,100,0
429.88,430,89,89,1068,1068,2024-12-19,2025-01-10,586.28,0,0,116669968,87839585,0.000915402668148499,99.9972666487746,0
389.56,390,23,24,207,1056,2024-12-19,2025-01-10,586.28,1,849,116669968,87839585,0.000905117244910875,99.9981717660195,0.803977272727273
530.95,533,5,5,1025,1025,2024-12-19,2025-02-21,586.28,0,0,353457915,212469535,0.000289992091420559,100,0
422.68,425,4,4,928,928,2024-12-19,2025-07-18,586.28,0,0,27667536,4356049,0.00335411147562978,99.9901906696715,0
378.18,380,4,5,604,910,2024-12-19,2025-07-18,586.28,1,306,27667536,4356049,0.0032890532789042,99.9934797229504,0.336263736263736
404.9,405,86,86,860,860,2024-12-19,2025-01-10,586.28,0,0,116669968,87839585,0.000737121998696357,99.9989088880182,0
424.92,425,106,106,530,848,2024-12-19,2025-01-03,586.28,0,318,111409876,89722965,0.000761153346943856,99.9984947474495,0.375
309.98,310,408,407,408,814,2024-12-19,2025-01-03,586.28,-1,406,111409876,89722965,0.000730635406146579,99.9992253828557,0.498771498771499
419.89,420,71,73,710,803,2024-12-19,2025-01-10,586.28,2,92.9999999999999,116669968,87839585,0.000688266238317645,99.9995971542565,0.115815691158157
379.87,380,80,59,80,767,2024-12-19,2024-12-27,586.28,-21,687,251147067,226682685,0.000305398748694127,99.999454502887,0.895697522816167
433.23,435,4,4,708,708,2024-12-19,2025-05-16,586.28,0,0,60963155,21859848,0.00116135721650233,99.9976100318299,0
424.77,425,30,30,690,690,2024-12-19,2025-01-24,586.28,0,0,44279935,29820575,0.00155826787008608,99.9939408221805,0
359.97,360,198,199,396,597,2024-12-19,2025-01-03,586.28,1,201,111409876,89722965,0.000535859136940427,99.9997612419926,0.336683417085427
309.97,310,291,190,291,570,2024-12-19,2024-12-27,586.28,-101,279,251147067,226682685,0.000226958652875687,99.9996814615398,0.489473684210526
379.01,380,5,5,495,495,2024-12-19,2025-05-16,586.28,0,0,60963155,21859848,0.000811965850520696,99.9984219976804,0
412.53,415,0,2,0,494,2024-12-19,2025-05-16,586.28,2,494,60963155,21859848,0.000810325515469139,99.9992323231959,1
394.84,395,30,30,480,480,2024-12-19,2025-01-24,586.28,0,0,44279935,29820575,0.00108401243136423,99.9950248346119,0
379.95,380,94,94,470,470,2024-12-19,2025-01-10,586.28,0,0,116669968,87839585,0.00040284574347359,100,0
339.96,340,111,112,111,448,2024-12-19,2024-12-27,586.28,1,337,251147067,226682685,0.000178381537698786,99.9998598430775,0.752232142857143
357.78,360,1,2,126,444,2024-12-19,2025-07-18,586.28,1,318,27667536,4356049,0.00160476885256425,99.995084491803,0.716216216216216
431.44,435,1,1,252,356,2024-12-19,2025-07-18,586.28,0,104,27667536,4356049,0.00128670655746142,99.9963711983604,0.292134831460674
338.89,340,3,3,333,333,2024-12-19,2025-07-18,586.28,0,0,27667536,4356049,0.00120357663942319,99.9975747749999,0
409.81,410,17,17,323,323,2024-12-19,2025-01-24,586.28,0,0,44279935,29820575,0.000729450031938846,99.9957542846438,0
369.88,370,25,25,300,300,2024-12-19,2025-01-24,586.28,0,0,44279935,29820575,0.000677507769602643,99.9964317924134,0
389.85,390,20,20,300,300,2024-12-19,2025-01-24,586.28,0,0,44279935,29820575,0.000677507769602643,99.997109300183,0
442,445,1,1,300,300,2024-12-19,2025-07-18,586.28,0,0,27667536,4356049,0.00108430327875963,99.9986590782786,0
384.86,385,21,20,315,280,2024-12-19,2025-01-24,586.28,-1,-35,44279935,29820575,0.000632340584962467,99.997741640768,-0.125
339.98,340,133,133,266,266,2024-12-19,2025-01-03,586.28,0,0,111409876,89722965,0.000238758007413993,100,0
403.72,405,2,2,256,256,2024-12-19,2025-05-16,586.28,0,0,60963155,21859848,0.000419925773198582,99.9996522489691,0
372.48,375,0,1,0,252,2024-12-19,2025-07-18,586.28,1,252,27667536,4356049,0.000910814754158086,99.9995698930328,1
374.88,375,20,20,240,240,2024-12-19,2025-01-24,586.28,0,0,44279935,29820575,0.000542006215682114,99.9982836469837,0
319.92,320,28,28,28,224,2024-12-19,2024-12-27,586.28,0,196,251147067,226682685,8.91907688493929e-05,99.9999490338464,0.875
359.89,360,10,20,100,220,2024-12-19,2025-01-24,586.28,10,120,44279935,29820575,0.000496839031041938,99.9987804860147,0.545454545454546
383.94,385,2,2,212,212,2024-12-19,2025-05-16,586.28,0,0,60963155,21859848,0.000347751030930076,100,0
379.87,380,15,15,195,195,2024-12-19,2025-01-24,586.28,0,0,44279935,29820575,0.000440380050241718,99.999220866065,0
364.88,365,15,15,180,180,2024-12-19,2025-01-24,586.28,0,0,44279935,29820575,0.000406504661761586,99.9996273707267,0
354.89,355,5,15,50,165,2024-12-19,2025-01-24,586.28,10,115,44279935,29820575,0.000372629273281454,100,0.696969696969697
329.98,330,65,64,65,128,2024-12-19,2024-12-27,586.28,-1,63,251147067,226682685,5.09661536282245e-05,100,0.4921875
348.81,350,1,1,119,119,2024-12-19,2025-07-18,586.28,0,0,27667536,4356049,0.000430106967241318,100,0
636,636,0,0,0,0,2024-12-19,2024-12-20,586.28,0,0,1011142267,766681971,0,100,
637,637,0,0,0,0,2024-12-19,2024-12-20,586.28,0,0,1011142267,766681971,0,100,
638,638,0,0,0,0,2024-12-19,2024-12-20,586.28,0,0,1011142267,766681971,0,100,
639,639,0,0,0,0,2024-12-19,2024-12-20,586.28,0,0,1011142267,766681971,0,100,
603.92,640,0,0,0,0,2024-12-19,2024-12-20,586.28,0,0,1011142267,766681971,0,100,
641,641,0,0,0,0,2024-12-19,2024-12-20,586.28,0,0,1011142267,766681971,0,100,
642,642,0,0,0,0,2024-12-19,2024-12-20,586.28,0,0,1011142267,766681971,0,100,
643,643,0,0,0,0,2024-12-19,2024-12-20,586.28,0,0,1011142267,766681971,0,100,
644,644,0,0,0,0,2024-12-19,2024-12-20,586.28,0,0,1011142267,766681971,0,100,
648,648,0,0,0,0,2024-12-19,2024-12-20,586.28,0,0,1011142267,766681971,0,100,
651,651,0,0,0,0,2024-12-19,2024-12-20,586.28,0,0,1011142267,766681971,0,100,
652,652,0,0,0,0,2024-12-19,2024-12-20,586.28,0,0,1011142267,766681971,0,100,
654,654,0,0,0,0,2024-12-19,2024-12-20,586.28,0,0,1011142267,766681971,0,100,
656,656,0,0,0,0,2024-12-19,2024-12-20,586.28,0,0,1011142267,766681971,0,100,
657,657,0,0,0,0,2024-12-19,2024-12-20,586.28,0,0,1011142267,766681971,0,100,
658,658,0,0,0,0,2024-12-19,2024-12-20,586.28,0,0,1011142267,766681971,0,100,
661,661,0,0,0,0,2024-12-19,2024-12-20,586.28,0,0,1011142267,766681971,0,100,
662,662,0,0,0,0,2024-12-19,2024-12-20,586.28,0,0,1011142267,766681971,0,100,
663,663,0,0,0,0,2024-12-19,2024-12-20,586.28,0,0,1011142267,766681971,0,100,
664,664,0,0,0,0,2024-12-19,2024-12-20,586.28,0,0,1011142267,766681971,0,100,
666,666,0,0,0,0,2024-12-19,2024-12-20,586.28,0,0,1011142267,766681971,0,100,
667,667,0,0,0,0,2024-12-19,2024-12-20,586.28,0,0,1011142267,766681971,0,100,
668,668,0,0,0,0,2024-12-19,2024-12-20,586.28,0,0,1011142267,766681971,0,100,
669,669,0,0,0,0,2024-12-19,2024-12-20,586.28,0,0,1011142267,766681971,0,100,
671,671,0,0,0,0,2024-12-19,2024-12-20,586.28,0,0,1011142267,766681971,0,100,
672,672,0,0,0,0,2024-12-19,2024-12-20,586.28,0,0,1011142267,766681971,0,100,
673,673,0,0,0,0,2024-12-19,2024-12-20,586.28,0,0,1011142267,766681971,0,100,
674,674,0,0,0,0,2024-12-19,2024-12-20,586.28,0,0,1011142267,766681971,0,100,
676,676,0,0,0,0,2024-12-19,2024-12-20,586.28,0,0,1011142267,766681971,0,100,
677,677,0,0,0,0,2024-12-19,2024-12-20,586.28,0,0,1011142267,766681971,0,100,
678,678,0,0,0,0,2024-12-19,2024-12-20,586.28,0,0,1011142267,766681971,0,100,
679,679,0,0,0,0,2024-12-19,2024-12-20,586.28,0,0,1011142267,766681971,0,100,
681,681,0,0,0,0,2024-12-19,2024-12-20,586.28,0,0,1011142267,766681971,0,100,
682,682,0,0,0,0,2024-12-19,2024-12-20,586.28,0,0,1011142267,766681971,0,100,
683,683,0,0,0,0,2024-12-19,2024-12-20,586.28,0,0,1011142267,766681971,0,100,
684,684,0,0,0,0,2024-12-19,2024-12-20,586.28,0,0,1011142267,766681971,0,100,
686,686,0,0,0,0,2024-12-19,2024-12-20,586.28,0,0,1011142267,766681971,0,100,
687,687,0,0,0,0,2024-12-19,2024-12-20,586.28,0,0,1011142267,766681971,0,100,
688,688,0,0,0,0,2024-12-19,2024-12-20,586.28,0,0,1011142267,766681971,0,100,
689,689,0,0,0,0,2024-12-19,2024-12-20,586.28,0,0,1011142267,766681971,0,100,
590.44,690,0,0,0,0,2024-12-19,2024-12-20,586.28,0,0,1011142267,766681971,0,100,
691,691,0,0,0,0,2024-12-19,2024-12-20,586.28,0,0,1011142267,766681971,0,100,
692,692,0,0,0,0,2024-12-19,2024-12-20,586.28,0,0,1011142267,766681971,0,100,
693,693,0,0,0,0,2024-12-19,2024-12-20,586.28,0,0,1011142267,766681971,0,100,
694,694,0,0,0,0,2024-12-19,2024-12-20,586.28,0,0,1011142267,766681971,0,100,
696,696,0,0,0,0,2024-12-19,2024-12-20,586.28,0,0,1011142267,766681971,0,100,
697,697,0,0,0,0,2024-12-19,2024-12-20,586.28,0,0,1011142267,766681971,0,100,
698,698,0,0,0,0,2024-12-19,2024-12-20,586.28,0,0,1011142267,766681971,0,100,
590.08,700,0,0,0,0,2024-12-19,2024-12-20,586.28,0,0,1011142267,766681971,0,100,
705,705,0,0,0,0,2024-12-19,2024-12-20,586.28,0,0,1011142267,766681971,0,100,
593.72,725,0,0,0,0,2024-12-19,2024-12-20,586.28,0,0,1011142267,766681971,0,100,
600.66,750,0,0,0,0,2024-12-19,2024-12-20,586.28,0,0,1011142267,766681971,0,100,
600.64,755,0,0,0,0,2024-12-19,2024-12-20,586.28,0,0,1011142267,766681971,0,100,
587.95,765,0,0,0,0,2024-12-19,2024-12-20,586.28,0,0,1011142267,766681971,0,100,
820,820,0,0,0,0,2024-12-19,2024-12-20,586.28,0,0,1011142267,766681971,0,100,
840,840,0,0,0,0,2024-12-19,2024-12-20,586.28,0,0,1011142267,766681971,0,100,
626,626,0,0,0,0,2024-12-19,2024-12-27,586.28,0,0,251147067,226682685,0,100,
627,627,0,0,0,0,2024-12-19,2024-12-27,586.28,0,0,251147067,226682685,0,100,
628,628,0,0,0,0,2024-12-19,2024-12-27,586.28,0,0,251147067,226682685,0,100,
629,629,0,0,0,0,2024-12-19,2024-12-27,586.28,0,0,251147067,226682685,0,100,
640,640,0,0,0,0,2024-12-19,2024-12-27,586.28,0,0,251147067,226682685,0,100,
602,650,0,0,0,0,2024-12-19,2024-12-27,586.28,0,0,251147067,226682685,0,100,
606,655,0,0,0,0,2024-12-19,2024-12-27,586.28,0,0,251147067,226682685,0,100,
665,665,0,0,0,0,2024-12-19,2024-12-27,586.28,0,0,251147067,226682685,0,100,
670,670,0,0,0,0,2024-12-19,2024-12-27,586.28,0,0,251147067,226682685,0,100,
675,675,0,0,0,0,2024-12-19,2024-12-27,586.28,0,0,251147067,226682685,0,100,
680,680,0,0,0,0,2024-12-19,2024-12-27,586.28,0,0,251147067,226682685,0,100,
685,685,0,0,0,0,2024-12-19,2024-12-27,586.28,0,0,251147067,226682685,0,100,
690,690,0,0,0,0,2024-12-19,2024-12-27,586.28,0,0,251147067,226682685,0,100,
695,695,0,0,0,0,2024-12-19,2024-12-27,586.28,0,0,251147067,226682685,0,100,
700,700,0,0,0,0,2024-12-19,2024-12-27,586.28,0,0,251147067,226682685,0,100,
640,640,0,0,0,0,2024-12-19,2025-01-03,586.28,0,0,111409876,89722965,0,100,
660,660,0,0,0,0,2024-12-19,2025-01-03,586.28,0,0,111409876,89722965,0,100,
665,665,0,0,0,0,2024-12-19,2025-01-03,586.28,0,0,111409876,89722965,0,100,
670,670,0,0,0,0,2024-12-19,2025-01-03,586.28,0,0,111409876,89722965,0,100,
675,675,0,0,0,0,2024-12-19,2025-01-03,586.28,0,0,111409876,89722965,0,100,
685,685,0,0,0,0,2024-12-19,2025-01-03,586.28,0,0,111409876,89722965,0,100,
690,690,0,0,0,0,2024-12-19,2025-01-03,586.28,0,0,111409876,89722965,0,100,
695,695,0,0,0,0,2024-12-19,2025-01-03,586.28,0,0,111409876,89722965,0,100,
700,700,0,0,0,0,2024-12-19,2025-01-03,586.28,0,0,111409876,89722965,0,100,
603.82,618,0,0,0,0,2024-12-19,2025-01-10,586.28,0,0,116669968,87839585,0,100,
603.67,619,0,0,0,0,2024-12-19,2025-01-10,586.28,0,0,116669968,87839585,0,100,
622,622,0,0,0,0,2024-12-19,2025-01-10,586.28,0,0,116669968,87839585,0,100,
624,624,0,0,0,0,2024-12-19,2025-01-10,586.28,0,0,116669968,87839585,0,100,
640,640,0,0,0,0,2024-12-19,2025-01-10,586.28,0,0,116669968,87839585,0,100,
645,645,0,0,0,0,2024-12-19,2025-01-10,586.28,0,0,116669968,87839585,0,100,
650,650,0,0,0,0,2024-12-19,2025-01-10,586.28,0,0,116669968,87839585,0,100,
655,655,0,0,0,0,2024-12-19,2025-01-10,586.28,0,0,116669968,87839585,0,100,
660,660,0,0,0,0,2024-12-19,2025-01-10,586.28,0,0,116669968,87839585,0,100,
665,665,0,0,0,0,2024-12-19,2025-01-10,586.28,0,0,116669968,87839585,0,100,
670,670,0,0,0,0,2024-12-19,2025-01-10,586.28,0,0,116669968,87839585,0,100,
675,675,0,0,0,0,2024-12-19,2025-01-10,586.28,0,0,116669968,87839585,0,100,
685,685,0,0,0,0,2024-12-19,2025-01-10,586.28,0,0,116669968,87839585,0,100,
690,690,0,0,0,0,2024-12-19,2025-01-10,586.28,0,0,116669968,87839585,0,100,
695,695,0,0,0,0,2024-12-19,2025-01-10,586.28,0,0,116669968,87839585,0,100,
607.6,700,0,0,0,0,2024-12-19,2025-01-10,586.28,0,0,116669968,87839585,0,100,
593.74,665,0,0,0,0,2024-12-19,2025-01-17,586.28,0,0,1514554687,1064352666,0,100,
670,670,0,0,0,0,2024-12-19,2025-01-17,586.28,0,0,1514554687,1064352666,0,100,
582.3,675,0,0,0,0,2024-12-19,2025-01-17,586.28,0,0,1514554687,1064352666,0,100,
596.7,680,0,0,0,0,2024-12-19,2025-01-17,586.28,0,0,1514554687,1064352666,0,100,
568.38,685,0,0,0,0,2024-12-19,2025-01-17,586.28,0,0,1514554687,1064352666,0,100,
589.5,690,0,0,0,0,2024-12-19,2025-01-17,586.28,0,0,1514554687,1064352666,0,100,
596.68,705,0,0,0,0,2024-12-19,2025-01-17,586.28,0,0,1514554687,1064352666,0,100,
710,710,0,0,0,0,2024-12-19,2025-01-17,586.28,0,0,1514554687,1064352666,0,100,
715,715,0,0,0,0,2024-12-19,2025-01-17,586.28,0,0,1514554687,1064352666,0,100,
583.09,720,0,0,0,0,2024-12-19,2025-01-17,586.28,0,0,1514554687,1064352666,0,100,
725,725,0,0,0,0,2024-12-19,2025-01-17,586.28,0,0,1514554687,1064352666,0,100,
735,735,0,0,0,0,2024-12-19,2025-01-17,586.28,0,0,1514554687,1064352666,0,100,
740,740,0,0,0,0,2024-12-19,2025-01-17,586.28,0,0,1514554687,1064352666,0,100,
745,745,0,0,0,0,2024-12-19,2025-01-17,586.28,0,0,1514554687,1064352666,0,100,
750,750,0,0,0,0,2024-12-19,2025-01-17,586.28,0,0,1514554687,1064352666,0,100,
755,755,0,0,0,0,2024-12-19,2025-01-17,586.28,0,0,1514554687,1064352666,0,100,
570.21,760,0,0,0,0,2024-12-19,2025-01-17,586.28,0,0,1514554687,1064352666,0,100,
765,765,0,0,0,0,2024-12-19,2025-01-17,586.28,0,0,1514554687,1064352666,0,100,
584.52,770,0,0,0,0,2024-12-19,2025-01-17,586.28,0,0,1514554687,1064352666,0,100,
780,780,0,0,0,0,2024-12-19,2025-01-17,586.28,0,0,1514554687,1064352666,0,100,
785,785,0,0,0,0,2024-12-19,2025-01-17,586.28,0,0,1514554687,1064352666,0,100,
790,790,0,0,0,0,2024-12-19,2025-01-17,586.28,0,0,1514554687,1064352666,0,100,
795,795,0,0,0,0,2024-12-19,2025-01-17,586.28,0,0,1514554687,1064352666,0,100,
600.35,800,0,0,0,0,2024-12-19,2025-01-17,586.28,0,0,1514554687,1064352666,0,100,
805,805,0,0,0,0,2024-12-19,2025-01-17,586.28,0,0,1514554687,1064352666,0,100,
810,810,0,0,0,0,2024-12-19,2025-01-17,586.28,0,0,1514554687,1064352666,0,100,
815,815,0,0,0,0,2024-12-19,2025-01-17,586.28,0,0,1514554687,1064352666,0,100,
820,820,0,0,0,0,2024-12-19,2025-01-17,586.28,0,0,1514554687,1064352666,0,100,
825,825,0,0,0,0,2024-12-19,2025-01-17,586.28,0,0,1514554687,1064352666,0,100,
830,830,0,0,0,0,2024-12-19,2025-01-17,586.28,0,0,1514554687,1064352666,0,100,
835,835,0,0,0,0,2024-12-19,2025-01-17,586.28,0,0,1514554687,1064352666,0,100,
840,840,0,0,0,0,2024-12-19,2025-01-17,586.28,0,0,1514554687,1064352666,0,100,
612.5,612.5,0,0,0,0,2024-12-19,2025-01-24,586.28,0,0,44279935,29820575,0,100,
614,614,0,0,0,0,2024-12-19,2025-01-24,586.28,0,0,44279935,29820575,0,100,
616,616,0,0,0,0,2024-12-19,2025-01-24,586.28,0,0,44279935,29820575,0,100,
617,617,0,0,0,0,2024-12-19,2025-01-24,586.28,0,0,44279935,29820575,0,100,
617.5,617.5,0,0,0,0,2024-12-19,2025-01-24,586.28,0,0,44279935,29820575,0,100,
618,618,0,0,0,0,2024-12-19,2025-01-24,586.28,0,0,44279935,29820575,0,100,
619,619,0,0,0,0,2024-12-19,2025-01-24,586.28,0,0,44279935,29820575,0,100,
622,622,0,0,0,0,2024-12-19,2025-01-24,586.28,0,0,44279935,29820575,0,100,
630,630,0,0,0,0,2024-12-19,2025-01-24,586.28,0,0,44279935,29820575,0,100,
635,635,0,0,0,0,2024-12-19,2025-01-24,586.28,0,0,44279935,29820575,0,100,
640,640,0,0,0,0,2024-12-19,2025-01-24,586.28,0,0,44279935,29820575,0,100,
645,645,0,0,0,0,2024-12-19,2025-01-24,586.28,0,0,44279935,29820575,0,100,
650,650,0,0,0,0,2024-12-19,2025-01-24,586.28,0,0,44279935,29820575,0,100,
655,655,0,0,0,0,2024-12-19,2025-01-24,586.28,0,0,44279935,29820575,0,100,
665,665,0,0,0,0,2024-12-19,2025-01-24,586.28,0,0,44279935,29820575,0,100,
670,670,0,0,0,0,2024-12-19,2025-01-24,586.28,0,0,44279935,29820575,0,100,
675,675,0,0,0,0,2024-12-19,2025-01-24,586.28,0,0,44279935,29820575,0,100,
680,680,0,0,0,0,2024-12-19,2025-01-24,586.28,0,0,44279935,29820575,0,100,
685,685,0,0,0,0,2024-12-19,2025-01-24,586.28,0,0,44279935,29820575,0,100,
690,690,0,0,0,0,2024-12-19,2025-01-24,586.28,0,0,44279935,29820575,0,100,
695,695,0,0,0,0,2024-12-19,2025-01-24,586.28,0,0,44279935,29820575,0,100,
700,700,0,0,0,0,2024-12-19,2025-01-24,586.28,0,0,44279935,29820575,0,100,
598.43,655,0,0,0,0,2024-12-19,2025-01-31,586.28,0,0,308816945,198957159,0,100,
665,665,0,0,0,0,2024-12-19,2025-01-31,586.28,0,0,308816945,198957159,0,100,
596.15,670,0,0,0,0,2024-12-19,2025-01-31,586.28,0,0,308816945,198957159,0,100,
598.55,675,0,0,0,0,2024-12-19,2025-01-31,586.28,0,0,308816945,198957159,0,100,
680,680,0,0,0,0,2024-12-19,2025-01-31,586.28,0,0,308816945,198957159,0,100,
685,685,0,0,0,0,2024-12-19,2025-01-31,586.28,0,0,308816945,198957159,0,100,
690,690,0,0,0,0,2024-12-19,2025-01-31,586.28,0,0,308816945,198957159,0,100,
695,695,0,0,0,0,2024-12-19,2025-01-31,586.28,0,0,308816945,198957159,0,100,
700,700,0,0,0,0,2024-12-19,2025-01-31,586.28,0,0,308816945,198957159,0,100,
617,617,0,0,0,0,2024-12-19,2025-02-21,586.28,0,0,353457915,212469535,0,100,
618,618,0,0,0,0,2024-12-19,2025-02-21,586.28,0,0,353457915,212469535,0,100,
619,619,0,0,0,0,2024-12-19,2025-02-21,586.28,0,0,353457915,212469535,0,100,
621,621,0,0,0,0,2024-12-19,2025-02-21,586.28,0,0,353457915,212469535,0,100,
622,622,0,0,0,0,2024-12-19,2025-02-21,586.28,0,0,353457915,212469535,0,100,
624,624,0,0,0,0,2024-12-19,2025-02-21,586.28,0,0,353457915,212469535,0,100,
655,655,0,0,0,0,2024-12-19,2025-02-21,586.28,0,0,353457915,212469535,0,100,
598.47,660,0,0,0,0,2024-12-19,2025-02-21,586.28,0,0,353457915,212469535,0,100,
665,665,0,0,0,0,2024-12-19,2025-02-21,586.28,0,0,353457915,212469535,0,100,
675,675,0,0,0,0,2024-12-19,2025-02-21,586.28,0,0,353457915,212469535,0,100,
680,680,0,0,0,0,2024-12-19,2025-02-21,586.28,0,0,353457915,212469535,0,100,
685,685,0,0,0,0,2024-12-19,2025-02-21,586.28,0,0,353457915,212469535,0,100,
690,690,0,0,0,0,2024-12-19,2025-02-21,586.28,0,0,353457915,212469535,0,100,
695,695,0,0,0,0,2024-12-19,2025-02-21,586.28,0,0,353457915,212469535,0,100,
705,705,0,0,0,0,2024-12-19,2025-02-21,586.28,0,0,353457915,212469535,0,100,
710,710,0,0,0,0,2024-12-19,2025-02-21,586.28,0,0,353457915,212469535,0,100,
715,715,0,0,0,0,2024-12-19,2025-02-21,586.28,0,0,353457915,212469535,0,100,
720,720,0,0,0,0,2024-12-19,2025-02-21,586.28,0,0,353457915,212469535,0,100,
725,725,0,0,0,0,2024-12-19,2025-02-21,586.28,0,0,353457915,212469535,0,100,
730,730,0,0,0,0,2024-12-19,2025-02-21,586.28,0,0,353457915,212469535,0,100,
735,735,0,0,0,0,2024-12-19,2025-02-21,586.28,0,0,353457915,212469535,0,100,
740,740,0,0,0,0,2024-12-19,2025-02-21,586.28,0,0,353457915,212469535,0,100,
745,745,0,0,0,0,2024-12-19,2025-02-21,586.28,0,0,353457915,212469535,0,100,
755,755,0,0,0,0,2024-12-19,2025-02-21,586.28,0,0,353457915,212469535,0,100,
760,760,0,0,0,0,2024-12-19,2025-02-21,586.28,0,0,353457915,212469535,0,100,
765,765,0,0,0,0,2024-12-19,2025-02-21,586.28,0,0,353457915,212469535,0,100,
770,770,0,0,0,0,2024-12-19,2025-02-21,586.28,0,0,353457915,212469535,0,100,
775,775,0,0,0,0,2024-12-19,2025-02-21,586.28,0,0,353457915,212469535,0,100,
780,780,0,0,0,0,2024-12-19,2025-02-21,586.28,0,0,353457915,212469535,0,100,
785,785,0,0,0,0,2024-12-19,2025-02-21,586.28,0,0,353457915,212469535,0,100,
790,790,0,0,0,0,2024-12-19,2025-02-21,586.28,0,0,353457915,212469535,0,100,
795,795,0,0,0,0,2024-12-19,2025-02-21,586.28,0,0,353457915,212469535,0,100,
800,800,0,0,0,0,2024-12-19,2025-02-21,586.28,0,0,353457915,212469535,0,100,
600.08,655,0,0,0,0,2024-12-19,2025-03-21,586.28,0,0,932064068,492438205,0,100,
549.3,665,0,0,0,0,2024-12-19,2025-03-21,586.28,0,0,932064068,492438205,0,100,
670,670,0,0,0,0,2024-12-19,2025-03-21,586.28,0,0,932064068,492438205,0,100,
675,675,0,0,0,0,2024-12-19,2025-03-21,586.28,0,0,932064068,492438205,0,100,
603.86,685,0,0,0,0,2024-12-19,2025-03-21,586.28,0,0,932064068,492438205,0,100,
690,690,0,0,0,0,2024-12-19,2025-03-21,586.28,0,0,932064068,492438205,0,100,
695,695,0,0,0,0,2024-12-19,2025-03-21,586.28,0,0,932064068,492438205,0,100,
593,700,0,0,0,0,2024-12-19,2025-03-21,586.28,0,0,932064068,492438205,0,100,
597.87,705,0,0,0,0,2024-12-19,2025-03-21,586.28,0,0,932064068,492438205,0,100,
569.21,710,0,0,0,0,2024-12-19,2025-03-21,586.28,0,0,932064068,492438205,0,100,
715,715,0,0,0,0,2024-12-19,2025-03-21,586.28,0,0,932064068,492438205,0,100,
725,725,0,0,0,0,2024-12-19,2025-03-21,586.28,0,0,932064068,492438205,0,100,
584.25,730,0,0,0,0,2024-12-19,2025-03-21,586.28,0,0,932064068,492438205,0,100,
735,735,0,0,0,0,2024-12-19,2025-03-21,586.28,0,0,932064068,492438205,0,100,
740,740,0,0,0,0,2024-12-19,2025-03-21,586.28,0,0,932064068,492438205,0,100,
745,745,0,0,0,0,2024-12-19,2025-03-21,586.28,0,0,932064068,492438205,0,100,
750,750,0,0,0,0,2024-12-19,2025-03-21,586.28,0,0,932064068,492438205,0,100,
755,755,0,0,0,0,2024-12-19,2025-03-21,586.28,0,0,932064068,492438205,0,100,
765,765,0,0,0,0,2024-12-19,2025-03-21,586.28,0,0,932064068,492438205,0,100,
770,770,0,0,0,0,2024-12-19,2025-03-21,586.28,0,0,932064068,492438205,0,100,
775,775,0,0,0,0,2024-12-19,2025-03-21,586.28,0,0,932064068,492438205,0,100,
780,780,0,0,0,0,2024-12-19,2025-03-21,586.28,0,0,932064068,492438205,0,100,
785,785,0,0,0,0,2024-12-19,2025-03-21,586.28,0,0,932064068,492438205,0,100,
790,790,0,0,0,0,2024-12-19,2025-03-21,586.28,0,0,932064068,492438205,0,100,
795,795,0,0,0,0,2024-12-19,2025-03-21,586.28,0,0,932064068,492438205,0,100,
575.54,800,0,0,0,0,2024-12-19,2025-03-21,586.28,0,0,932064068,492438205,0,100,
805,805,0,0,0,0,2024-12-19,2025-03-21,586.28,0,0,932064068,492438205,0,100,
810,810,0,0,0,0,2024-12-19,2025-03-21,586.28,0,0,932064068,492438205,0,100,
582.34,815,0,0,0,0,2024-12-19,2025-03-21,586.28,0,0,932064068,492438205,0,100,
375,375,0,0,0,0,2024-12-19,2025-05-16,586.28,0,0,60963155,21859848,0,100,
395,395,0,0,0,0,2024-12-19,2025-05-16,586.28,0,0,60963155,21859848,0,100,
598.22,645,0,0,0,0,2024-12-19,2025-05-16,586.28,0,0,60963155,21859848,0,100,
655,655,0,0,0,0,2024-12-19,2025-05-16,586.28,0,0,60963155,21859848,0,100,
589,660,0,0,0,0,2024-12-19,2025-05-16,586.28,0,0,60963155,21859848,0,100,
665,665,0,0,0,0,2024-12-19,2025-05-16,586.28,0,0,60963155,21859848,0,100,
670,670,0,0,0,0,2024-12-19,2025-05-16,586.28,0,0,60963155,21859848,0,100,
675,675,0,0,0,0,2024-12-19,2025-05-16,586.28,0,0,60963155,21859848,0,100,
680,680,0,0,0,0,2024-12-19,2025-05-16,586.28,0,0,60963155,21859848,0,100,
685,685,0,0,0,0,2024-12-19,2025-05-16,586.28,0,0,60963155,21859848,0,100,
690,690,0,0,0,0,2024-12-19,2025-05-16,586.28,0,0,60963155,21859848,0,100,
695,695,0,0,0,0,2024-12-19,2025-05-16,586.28,0,0,60963155,21859848,0,100,
705,705,0,0,0,0,2024-12-19,2025-05-16,586.28,0,0,60963155,21859848,0,100,
710,710,0,0,0,0,2024-12-19,2025-05-16,586.28,0,0,60963155,21859848,0,100,
715,715,0,0,0,0,2024-12-19,2025-05-16,586.28,0,0,60963155,21859848,0,100,
720,720,0,0,0,0,2024-12-19,2025-05-16,586.28,0,0,60963155,21859848,0,100,
725,725,0,0,0,0,2024-12-19,2025-05-16,586.28,0,0,60963155,21859848,0,100,
730,730,0,0,0,0,2024-12-19,2025-05-16,586.28,0,0,60963155,21859848,0,100,
735,735,0,0,0,0,2024-12-19,2025-05-16,586.28,0,0,60963155,21859848,0,100,
740,740,0,0,0,0,2024-12-19,2025-05-16,586.28,0,0,60963155,21859848,0,100,
745,745,0,0,0,0,2024-12-19,2025-05-16,586.28,0,0,60963155,21859848,0,100,
750,750,0,0,0,0,2024-12-19,2025-05-16,586.28,0,0,60963155,21859848,0,100,
755,755,0,0,0,0,2024-12-19,2025-05-16,586.28,0,0,60963155,21859848,0,100,
760,760,0,0,0,0,2024-12-19,2025-05-16,586.28,0,0,60963155,21859848,0,100,
765,765,0,0,0,0,2024-12-19,2025-05-16,586.28,0,0,60963155,21859848,0,100,
770,770,0,0,0,0,2024-12-19,2025-05-16,586.28,0,0,60963155,21859848,0,100,
775,775,0,0,0,0,2024-12-19,2025-05-16,586.28,0,0,60963155,21859848,0,100,
780,780,0,0,0,0,2024-12-19,2025-05-16,586.28,0,0,60963155,21859848,0,100,
785,785,0,0,0,0,2024-12-19,2025-05-16,586.28,0,0,60963155,21859848,0,100,
790,790,0,0,0,0,2024-12-19,2025-05-16,586.28,0,0,60963155,21859848,0,100,
795,795,0,0,0,0,2024-12-19,2025-05-16,586.28,0,0,60963155,21859848,0,100,
800,800,0,0,0,0,2024-12-19,2025-05-16,586.28,0,0,60963155,21859848,0,100,
675,675,0,0,0,0,2024-12-19,2025-06-20,586.28,0,0,449699453,166741904,0,100,
680,680,0,0,0,0,2024-12-19,2025-06-20,586.28,0,0,449699453,166741904,0,100,
685,685,0,0,0,0,2024-12-19,2025-06-20,586.28,0,0,449699453,166741904,0,100,
586.58,690,0,0,0,0,2024-12-19,2025-06-20,586.28,0,0,449699453,166741904,0,100,
585.3,695,0,0,0,0,2024-12-19,2025-06-20,586.28,0,0,449699453,166741904,0,100,
598.91,700,0,0,0,0,2024-12-19,2025-06-20,586.28,0,0,449699453,166741904,0,100,
705,705,0,0,0,0,2024-12-19,2025-06-20,586.28,0,0,449699453,166741904,0,100,
710,710,0,0,0,0,2024-12-19,2025-06-20,586.28,0,0,449699453,166741904,0,100,
715,715,0,0,0,0,2024-12-19,2025-06-20,586.28,0,0,449699453,166741904,0,100,
720,720,0,0,0,0,2024-12-19,2025-06-20,586.28,0,0,449699453,166741904,0,100,
725,725,0,0,0,0,2024-12-19,2025-06-20,586.28,0,0,449699453,166741904,0,100,
730,730,0,0,0,0,2024-12-19,2025-06-20,586.28,0,0,449699453,166741904,0,100,
735,735,0,0,0,0,2024-12-19,2025-06-20,586.28,0,0,449699453,166741904,0,100,
740,740,0,0,0,0,2024-12-19,2025-06-20,586.28,0,0,449699453,166741904,0,100,
745,745,0,0,0,0,2024-12-19,2025-06-20,586.28,0,0,449699453,166741904,0,100,
599.11,750,0,0,0,0,2024-12-19,2025-06-20,586.28,0,0,449699453,166741904,0,100,
755,755,0,0,0,0,2024-12-19,2025-06-20,586.28,0,0,449699453,166741904,0,100,
760,760,0,0,0,0,2024-12-19,2025-06-20,586.28,0,0,449699453,166741904,0,100,
765,765,0,0,0,0,2024-12-19,2025-06-20,586.28,0,0,449699453,166741904,0,100,
770,770,0,0,0,0,2024-12-19,2025-06-20,586.28,0,0,449699453,166741904,0,100,
775,775,0,0,0,0,2024-12-19,2025-06-20,586.28,0,0,449699453,166741904,0,100,
780,780,0,0,0,0,2024-12-19,2025-06-20,586.28,0,0,449699453,166741904,0,100,
785,785,0,0,0,0,2024-12-19,2025-06-20,586.28,0,0,449699453,166741904,0,100,
790,790,0,0,0,0,2024-12-19,2025-06-20,586.28,0,0,449699453,166741904,0,100,
795,795,0,0,0,0,2024-12-19,2025-06-20,586.28,0,0,449699453,166741904,0,100,
800,800,0,0,0,0,2024-12-19,2025-06-20,586.28,0,0,449699453,166741904,0,100,
805,805,0,0,0,0,2024-12-19,2025-06-20,586.28,0,0,449699453,166741904,0,100,
810,810,0,0,0,0,2024-12-19,2025-06-20,586.28,0,0,449699453,166741904,0,100,
815,815,0,0,0,0,2024-12-19,2025-06-20,586.28,0,0,449699453,166741904,0,100,
820,820,0,0,0,0,2024-12-19,2025-06-20,586.28,0,0,449699453,166741904,0,100,
825,825,0,0,0,0,2024-12-19,2025-06-20,586.28,0,0,449699453,166741904,0,100,
330,330,0,0,0,0,2024-12-19,2025-07-18,586.28,0,0,27667536,4356049,0,100,
335,335,0,0,0,0,2024-12-19,2025-07-18,586.28,0,0,27667536,4356049,0,100,
345,345,0,0,0,0,2024-12-19,2025-07-18,586.28,0,0,27667536,4356049,0,100,
355,355,0,0,0,0,2024-12-19,2025-07-18,586.28,0,0,27667536,4356049,0,100,
365,365,0,0,0,0,2024-12-19,2025-07-18,586.28,0,0,27667536,4356049,0,100,
385,385,0,0,0,0,2024-12-19,2025-07-18,586.28,0,0,27667536,4356049,0,100,
390,390,0,0,0,0,2024-12-19,2025-07-18,586.28,0,0,27667536,4356049,0,100,
395,395,0,0,0,0,2024-12-19,2025-07-18,586.28,0,0,27667536,4356049,0,100,
640,640,0,0,0,0,2024-12-19,2025-07-18,586.28,0,0,27667536,4356049,0,100,
645,645,0,0,0,0,2024-12-19,2025-07-18,586.28,0,0,27667536,4356049,0,100,
601.48,655,0,0,0,0,2024-12-19,2025-07-18,586.28,0,0,27667536,4356049,0,100,
660,660,0,0,0,0,2024-12-19,2025-07-18,586.28,0,0,27667536,4356049,0,100,
665,665,0,0,0,0,2024-12-19,2025-07-18,586.28,0,0,27667536,4356049,0,100,
670,670,0,0,0,0,2024-12-19,2025-07-18,586.28,0,0,27667536,4356049,0,100,
675,675,0,0,0,0,2024-12-19,2025-07-18,586.28,0,0,27667536,4356049,0,100,
680,680,0,0,0,0,2024-12-19,2025-07-18,586.28,0,0,27667536,4356049,0,100,
685,685,0,0,0,0,2024-12-19,2025-07-18,586.28,0,0,27667536,4356049,0,100,
690,690,0,0,0,0,2024-12-19,2025-07-18,586.28,0,0,27667536,4356049,0,100,
695,695,0,0,0,0,2024-12-19,2025-07-18,586.28,0,0,27667536,4356049,0,100,
700,700,0,0,0,0,2024-12-19,2025-07-18,586.28,0,0,27667536,4356049,0,100,
705,705,0,0,0,0,2024-12-19,2025-07-18,586.28,0,0,27667536,4356049,0,100,
710,710,0,0,0,0,2024-12-19,2025-07-18,586.28,0,0,27667536,4356049,0,100,
715,715,0,0,0,0,2024-12-19,2025-07-18,586.28,0,0,27667536,4356049,0,100,
720,720,0,0,0,0,2024-12-19,2025-07-18,586.28,0,0,27667536,4356049,0,100,
725,725,0,0,0,0,2024-12-19,2025-07-18,586.28,0,0,27667536,4356049,0,100,
730,730,0,0,0,0,2024-12-19,2025-07-18,586.28,0,0,27667536,4356049,0,100,
735,735,0,0,0,0,2024-12-19,2025-07-18,586.28,0,0,27667536,4356049,0,100,
740,740,0,0,0,0,2024-12-19,2025-07-18,586.28,0,0,27667536,4356049,0,100,
745,745,0,0,0,0,2024-12-19,2025-07-18,586.28,0,0,27667536,4356049,0,100,
750,750,0,0,0,0,2024-12-19,2025-07-18,586.28,0,0,27667536,4356049,0,100,
755,755,0,0,0,0,2024-12-19,2025-07-18,586.28,0,0,27667536,4356049,0,100,
760,760,0,0,0,0,2024-12-19,2025-07-18,586.28,0,0,27667536,4356049,0,100,
765,765,0,0,0,0,2024-12-19,2025-07-18,586.28,0,0,27667536,4356049,0,100,
770,770,0,0,0,0,2024-12-19,2025-07-18,586.28,0,0,27667536,4356049,0,100,
775,775,0,0,0,0,2024-12-19,2025-07-18,586.28,0,0,27667536,4356049,0,100,
780,780,0,0,0,0,2024-12-19,2025-07-18,586.28,0,0,27667536,4356049,0,100,
785,785,0,0,0,0,2024-12-19,2025-07-18,586.28,0,0,27667536,4356049,0,100,
790,790,0,0,0,0,2024-12-19,2025-07-18,586.28,0,0,27667536,4356049,0,100,
795,795,0,0,0,0,2024-12-19,2025-07-18,586.28,0,0,27667536,4356049,0,100,
800,800,0,0,0,0,2024-12-19,2025-07-18,586.28,0,0,27667536,4356049,0,100,
665,665,0,0,0,0,2024-12-19,2025-08-15,586.28,0,0,61643559,10479837,0,100,
553.14,670,0,0,0,0,2024-12-19,2025-08-15,586.28,0,0,61643559,10479837,0,100,
675,675,0,0,0,0,2024-12-19,2025-08-15,586.28,0,0,61643559,10479837,0,100,
680,680,0,0,0,0,2024-12-19,2025-08-15,586.28,0,0,61643559,10479837,0,100,
685,685,0,0,0,0,2024-12-19,2025-08-15,586.28,0,0,61643559,10479837,0,100,
690,690,0,0,0,0,2024-12-19,2025-08-15,586.28,0,0,61643559,10479837,0,100,
695,695,0,0,0,0,2024-12-19,2025-08-15,586.28,0,0,61643559,10479837,0,100,
550.87,700,0,0,0,0,2024-12-19,2025-08-15,586.28,0,0,61643559,10479837,0,100,
705,705,0,0,0,0,2024-12-19,2025-08-15,586.28,0,0,61643559,10479837,0,100,
710,710,0,0,0,0,2024-12-19,2025-08-15,586.28,0,0,61643559,10479837,0,100,
715,715,0,0,0,0,2024-12-19,2025-08-15,586.28,0,0,61643559,10479837,0,100,
720,720,0,0,0,0,2024-12-19,2025-08-15,586.28,0,0,61643559,10479837,0,100,
725,725,0,0,0,0,2024-12-19,2025-08-15,586.28,0,0,61643559,10479837,0,100,
730,730,0,0,0,0,2024-12-19,2025-08-15,586.28,0,0,61643559,10479837,0,100,
735,735,0,0,0,0,2024-12-19,2025-08-15,586.28,0,0,61643559,10479837,0,100,
740,740,0,0,0,0,2024-12-19,2025-08-15,586.28,0,0,61643559,10479837,0,100,
745,745,0,0,0,0,2024-12-19,2025-08-15,586.28,0,0,61643559,10479837,0,100,
750,750,0,0,0,0,2024-12-19,2025-08-15,586.28,0,0,61643559,10479837,0,100,
755,755,0,0,0,0,2024-12-19,2025-08-15,586.28,0,0,61643559,10479837,0,100,
760,760,0,0,0,0,2024-12-19,2025-08-15,586.28,0,0,61643559,10479837,0,100,
765,765,0,0,0,0,2024-12-19,2025-08-15,586.28,0,0,61643559,10479837,0,100,
770,770,0,0,0,0,2024-12-19,2025-08-15,586.28,0,0,61643559,10479837,0,100,
775,775,0,0,0,0,2024-12-19,2025-08-15,586.28,0,0,61643559,10479837,0,100,
780,780,0,0,0,0,2024-12-19,2025-08-15,586.28,0,0,61643559,10479837,0,100,
785,785,0,0,0,0,2024-12-19,2025-08-15,586.28,0,0,61643559,10479837,0,100,
790,790,0,0,0,0,2024-12-19,2025-08-15,586.28,0,0,61643559,10479837,0,100,
795,795,0,0,0,0,2024-12-19,2025-08-15,586.28,0,0,61643559,10479837,0,100,
553.08,800,0,0,0,0,2024-12-19,2025-08-15,586.28,0,0,61643559,10479837,0,100,
805,805,0,0,0,0,2024-12-19,2025-08-15,586.28,0,0,61643559,10479837,0,100,
810,810,0,0,0,0,2024-12-19,2025-08-15,586.28,0,0,61643559,10479837,0,100,
815,815,0,0,0,0,2024-12-19,2025-08-15,586.28,0,0,61643559,10479837,0,100,
820,820,0,0,0,0,2024-12-19,2025-08-15,586.28,0,0,61643559,10479837,0,100,
825,825,0,0,0,0,2024-12-19,2025-08-15,586.28,0,0,61643559,10479837,0,100,
830,830,0,0,0,0,2024-12-19,2025-08-15,586.28,0,0,61643559,10479837,0,100,
598.91,655,0,0,0,0,2024-12-19,2025-09-19,586.28,0,0,400392887,101286695,0,100,
606.52,665,0,0,0,0,2024-12-19,2025-09-19,586.28,0,0,400392887,101286695,0,100,
601.75,670,0,0,0,0,2024-12-19,2025-09-19,586.28,0,0,400392887,101286695,0,100,
680,680,0,0,0,0,2024-12-19,2025-09-19,586.28,0,0,400392887,101286695,0,100,
685,685,0,0,0,0,2024-12-19,2025-09-19,586.28,0,0,400392887,101286695,0,100,
695,695,0,0,0,0,2024-12-19,2025-09-19,586.28,0,0,400392887,101286695,0,100,
594.99,700,0,0,0,0,2024-12-19,2025-09-19,586.28,0,0,400392887,101286695,0,100,
705,705,0,0,0,0,2024-12-19,2025-09-19,586.28,0,0,400392887,101286695,0,100,
710,710,0,0,0,0,2024-12-19,2025-09-19,586.28,0,0,400392887,101286695,0,100,
715,715,0,0,0,0,2024-12-19,2025-09-19,586.28,0,0,400392887,101286695,0,100,
720,720,0,0,0,0,2024-12-19,2025-09-19,586.28,0,0,400392887,101286695,0,100,
553.12,725,0,0,0,0,2024-12-19,2025-09-19,586.28,0,0,400392887,101286695,0,100,
553.1,730,0,0,0,0,2024-12-19,2025-09-19,586.28,0,0,400392887,101286695,0,100,
735,735,0,0,0,0,2024-12-19,2025-09-19,586.28,0,0,400392887,101286695,0,100,
740,740,0,0,0,0,2024-12-19,2025-09-19,586.28,0,0,400392887,101286695,0,100,
745,745,0,0,0,0,2024-12-19,2025-09-19,586.28,0,0,400392887,101286695,0,100,
750,750,0,0,0,0,2024-12-19,2025-09-19,586.28,0,0,400392887,101286695,0,100,
755,755,0,0,0,0,2024-12-19,2025-09-19,586.28,0,0,400392887,101286695,0,100,
760,760,0,0,0,0,2024-12-19,2025-09-19,586.28,0,0,400392887,101286695,0,100,
765,765,0,0,0,0,2024-12-19,2025-09-19,586.28,0,0,400392887,101286695,0,100,
770,770,0,0,0,0,2024-12-19,2025-09-19,586.28,0,0,400392887,101286695,0,100,
775,775,0,0,0,0,2024-12-19,2025-09-19,586.28,0,0,400392887,101286695,0,100,
780,780,0,0,0,0,2024-12-19,2025-09-19,586.28,0,0,400392887,101286695,0,100,
785,785,0,0,0,0,2024-12-19,2025-09-19,586.28,0,0,400392887,101286695,0,100,
790,790,0,0,0,0,2024-12-19,2025-09-19,586.28,0,0,400392887,101286695,0,100,
795,795,0,0,0,0,2024-12-19,2025-09-19,586.28,0,0,400392887,101286695,0,100,
560.5,800,0,0,0,0,2024-12-19,2025-09-19,586.28,0,0,400392887,101286695,0,100,
805,805,0,0,0,0,2024-12-19,2025-09-19,586.28,0,0,400392887,101286695,0,100,
810,810,0,0,0,0,2024-12-19,2025-09-19,586.28,0,0,400392887,101286695,0,100,
815,815,0,0,0,0,2024-12-19,2025-09-19,586.28,0,0,400392887,101286695,0,100,
820,820,0,0,0,0,2024-12-19,2025-09-19,586.28,0,0,400392887,101286695,0,100,
825,825,0,0,0,0,2024-12-19,2025-09-19,586.28,0,0,400392887,101286695,0,100,
570.97,830,0,0,0,0,2024-12-19,2025-09-19,586.28,0,0,400392887,101286695,0,100,
607.45,675,0,0,0,0,2024-12-19,2025-12-19,586.28,0,0,358192977,76766390,0,100,
583.78,680,0,0,0,0,2024-12-19,2025-12-19,586.28,0,0,358192977,76766390,0,100,
685,685,0,0,0,0,2024-12-19,2025-12-19,586.28,0,0,358192977,76766390,0,100,
557.07,705,0,0,0,0,2024-12-19,2025-12-19,586.28,0,0,358192977,76766390,0,100,
715,715,0,0,0,0,2024-12-19,2025-12-19,586.28,0,0,358192977,76766390,0,100,
720,720,0,0,0,0,2024-12-19,2025-12-19,586.28,0,0,358192977,76766390,0,100,
725,725,0,0,0,0,2024-12-19,2025-12-19,586.28,0,0,358192977,76766390,0,100,
730,730,0,0,0,0,2024-12-19,2025-12-19,586.28,0,0,358192977,76766390,0,100,
735,735,0,0,0,0,2024-12-19,2025-12-19,586.28,0,0,358192977,76766390,0,100,
740,740,0,0,0,0,2024-12-19,2025-12-19,586.28,0,0,358192977,76766390,0,100,
745,745,0,0,0,0,2024-12-19,2025-12-19,586.28,0,0,358192977,76766390,0,100,
560.2,750,0,0,0,0,2024-12-19,2025-12-19,586.28,0,0,358192977,76766390,0,100,
755,755,0,0,0,0,2024-12-19,2025-12-19,586.28,0,0,358192977,76766390,0,100,
760,760,0,0,0,0,2024-12-19,2025-12-19,586.28,0,0,358192977,76766390,0,100,
765,765,0,0,0,0,2024-12-19,2025-12-19,586.28,0,0,358192977,76766390,0,100,
770,770,0,0,0,0,2024-12-19,2025-12-19,586.28,0,0,358192977,76766390,0,100,
775,775,0,0,0,0,2024-12-19,2025-12-19,586.28,0,0,358192977,76766390,0,100,
785,785,0,0,0,0,2024-12-19,2025-12-19,586.28,0,0,358192977,76766390,0,100,
790,790,0,0,0,0,2024-12-19,2025-12-19,586.28,0,0,358192977,76766390,0,100,
795,795,0,0,0,0,2024-12-19,2025-12-19,586.28,0,0,358192977,76766390,0,100,
805,805,0,0,0,0,2024-12-19,2025-12-19,586.28,0,0,358192977,76766390,0,100,
810,810,0,0,0,0,2024-12-19,2025-12-19,586.28,0,0,358192977,76766390,0,100,
815,815,0,0,0,0,2024-12-19,2025-12-19,586.28,0,0,358192977,76766390,0,100,
820,820,0,0,0,0,2024-12-19,2025-12-19,586.28,0,0,358192977,76766390,0,100,
825,825,0,0,0,0,2024-12-19,2025-12-19,586.28,0,0,358192977,76766390,0,100,
830,830,0,0,0,0,2024-12-19,2025-12-19,586.28,0,0,358192977,76766390,0,100,
835,835,0,0,0,0,2024-12-19,2025-12-19,586.28,0,0,358192977,76766390,0,100,
583.93,840,0,0,0,0,2024-12-19,2025-12-19,586.28,0,0,358192977,76766390,0,100,
