Watch,strike,open_interest.yt,open_interest.td,OI_Dollar.yt,OI_Dollar.td,Date.td,expiry,stkClose,diff_oi,diff_oi_d,totalOI,totalOIdiff,OI_pct,cum_sep_OI,pct
506.12,545,119581,119481,348100291,464542128,2025-04-22,2025-06-20,513.88,-100,116441837,2708121566,668417959,17.1536659887151,17.1536659887151,0.250659369692301
494.1,535,98949,98917,324057975,404570530,2025-04-22,2025-09-19,513.88,-32,80512555,2008366648,399422257,20.1442565481201,20.1442565481201,0.199007463544119
504.72,540,63436,63324,168676324,223407072,2025-04-22,2025-06-20,513.88,-112,54730748,2708121566,668417959,8.24952154308128,25.4031875317964,0.244982164217255
513.58,555,36032,36013,112059520,149165846,2025-04-22,2025-05-16,513.88,-19,37106326,2663342352,818155905,5.60070115987853,5.60070115987853,0.248758861328082
510.49,560,29921,29927,111784856,148168577,2025-04-22,2025-06-20,513.88,6,36383721,2708121566,668417959,5.4712675701206,30.8744551019169,0.245556255831491
508.16,550,34764,34635,109541364,144912840,2025-04-22,2025-06-20,513.88,-129,35371476,2708121566,668417959,5.35104634220841,36.2255014441254,0.244087935893051
497.99,525,52064,51644,101993376,139490444,2025-04-22,2025-06-20,513.88,-420,37497068,2708121566,668417959,5.1508191416249,41.3763205857503,0.26881460066182
513.44,580,19912,19861,105872104,132194816,2025-04-22,2025-06-20,513.88,-51,26322712,2708121566,668417959,4.88142104326789,46.2577416290182,0.199120606968431
503.75,525,62249,59993,86277114,127485125,2025-04-22,2025-05-16,513.88,-2256,41208011,2663342352,818155905,4.78665932317214,10.3873604830507,0.323237797350867
511.67,550,32308,31947,88685460,122452851,2025-04-22,2025-05-16,513.88,-361,33767391,2663342352,818155905,4.59771350491407,14.9850739879647,0.275758307987456
505.79,530,49678,49603,79137054,120088863,2025-04-22,2025-05-16,513.88,-75,40951809,2663342352,818155905,4.50895330485099,19.4940272928157,0.341012546683867
509.55,540,40720,39219,85674880,119421855,2025-04-22,2025-05-16,513.88,-1501,33746975,2663342352,818155905,4.48390928452446,23.9779365773402,0.28258625692927
489.78,510,53183,54499,77328082,110196978,2025-04-22,2025-06-20,513.88,1316,32868896,2708121566,668417959,4.06912966476484,50.326871293783,0.298274023449173
481.79,520,29077,28833,93395324,110170893,2025-04-22,2025-12-19,513.88,-244,16775569,1219948452,202053272,9.03078263834708,9.03078263834708,0.152268612363885
485.67,495,115698,117566,68608914,109689078,2025-04-22,2025-05-16,513.88,1868,41080164,2663342352,818155905,4.11847458955588,28.0964111668961,0.37451462578617
510.67,555,24493,24497,84990710,108595201,2025-04-22,2025-06-20,513.88,4,23604491,2708121566,668417959,4.00998250460371,54.3368537983867,0.217362192644222
483.4,500,65689,62955,77315953,104505300,2025-04-22,2025-06-20,513.88,-2734,27189347,2708121566,668417959,3.85895896668916,58.1958127650759,0.260171943432534
506.14,550,22098,23617,77718666,103584162,2025-04-22,2025-07-18,513.88,1519,25865496,970115399,237216107,10.6775093052615,10.6775093052615,0.249705123839299
502.69,560,17954,17951,79177140,102877181,2025-04-22,2025-09-19,513.88,-3,23700041,2008366648,399422257,5.12243026453604,25.2666868126561,0.230372185256515
512.41,575,16540,16422,80698660,102785298,2025-04-22,2025-06-20,513.88,-118,22086638,2708121566,668417959,3.79544623441029,61.9912589994862,0.214881295572058
474.92,500,39964,39991,80327640,100297428,2025-04-22,2025-09-19,513.88,27,19969788,2008366648,399422257,4.99397996376207,30.2606667764182,0.199105683946352
495.53,520,42076,39381,74684900,96365307,2025-04-22,2025-06-20,513.88,-2695,21680407,2708121566,668417959,3.55838187656898,65.5496408760551,0.224981455203583
514.3,570,17132,17040,75809100,94912800,2025-04-22,2025-05-16,513.88,-92,19103700,2663342352,818155905,3.56367253833239,31.6600837052284,0.201276329430804
500.75,530,31857,31585,68938548,92386125,2025-04-22,2025-06-20,513.88,-272,23447577,2708121566,668417959,3.41144674448488,68.96108762054,0.253799767010468
500.46,540,22848,23258,67995648,91962132,2025-04-22,2025-07-18,513.88,410,23966484,970115399,237216107,9.47950440687727,20.1570137121388,0.260612531253625
510.04,585,12923,12262,74501095,91915952,2025-04-22,2025-06-20,513.88,-661,17414857,2708121566,668417959,3.39408515311827,72.3551727736583,0.189465012558429
486.8,505,51667,50339,68717110,91616980,2025-04-22,2025-06-20,513.88,-1328,22899870,2708121566,668417959,3.38304532374896,75.7382180974072,0.249952246843325
489.2,500,92216,84367,61600288,91116360,2025-04-22,2025-05-16,513.88,-7849,29516072,2663342352,818155905,3.42112834016917,35.0812120453976,0.323938225802699
509.28,563,16761,16761,62535291,90040092,2025-04-22,2025-05-30,513.88,0,27504801,714922174,189462696,12.5943907287453,12.5943907287453,0.305472822040209
492.68,515,38253,38811,63499980,86626152,2025-04-22,2025-06-20,513.88,558,23126172,2708121566,668417959,3.19875418768405,78.9369722850913,0.26696524624573
503.95,555,16888,16813,64512160,85830365,2025-04-22,2025-07-18,513.88,-75,21318205,970115399,237216107,8.84743867466431,29.0044523868031,0.248376026363164
511,545,25018,24992,61419190,84972800,2025-04-22,2025-05-16,513.88,-26,23553610,2663342352,818155905,3.19045728147532,38.2716693268729,0.27718999491602
506.15,533,31349,31310,55393683,84067350,2025-04-22,2025-05-16,513.88,-39,28673667,2663342352,818155905,3.15646052550739,41.4281298523803,0.341079705735937
495.63,510,58602,57737,53503626,82968069,2025-04-22,2025-05-16,513.88,-865,29464443,2663342352,818155905,3.11518603448394,44.5433158868643,0.355129911484381
501.21,550,16574,16554,64638600,80766966,2025-04-22,2025-09-19,513.88,-20,16128366,2008366648,399422257,4.02152495812607,34.2821917345443,0.199690130739837
501.21,520,41661,42723,49368285,80276517,2025-04-22,2025-05-16,513.88,1062,30908232,2663342352,818155905,3.01412685228835,47.5574427391526,0.385022085599454
510.67,525,56326,56011,38301680,80263763,2025-04-22,2025-04-25,513.88,-315,41962083,260444684,116124758,30.8179693926869,30.8179693926869,0.522802338584599
513.4,570,13845,13847,62302500,78374020,2025-04-22,2025-06-20,513.88,2,16071520,2708121566,668417959,2.89403625686425,81.8310085419556,0.205061830438199
498.65,545,16802,16807,60789636,77900445,2025-04-22,2025-09-19,513.88,5,17110809,2008366648,399422257,3.87879598964541,38.1609877241897,0.219649695197505
506,575,11314,11253,60326248,77645700,2025-04-22,2025-09-19,513.88,-61,17319452,2008366648,399422257,3.86611180171321,42.0270995259029,0.223057451990258
502.71,565,12266,12268,59023992,76417372,2025-04-22,2025-09-19,513.88,2,17393380,2008366648,399422257,3.80495125609156,45.8320507819945,0.227610287357173
510,600,8442,8449,61187616,76041000,2025-04-22,2025-08-15,513.88,7,14853384,780536560,155968339,9.74214455758485,9.74214455758485,0.195333885666943
456.68,460,215875,220034,48571875,73051288,2025-04-22,2025-05-16,513.88,4159,24479413,2663342352,818155905,2.74284257692756,50.3002853160802,0.335098992368211
513.96,600,8439,8479,59461194,72953316,2025-04-22,2025-09-19,513.88,40,13492122,2008366648,399422257,3.63247000106526,49.4645207830597,0.184941860627692
510.82,610,7293,7293,62201997,72331974,2025-04-22,2025-12-19,513.88,0,10129977,1219948452,202053272,5.92910084695939,14.9598834853065,0.140048396854205
512.51,565,12893,13018,53144946,68331482,2025-04-22,2025-06-20,513.88,125,15186536,2708121566,668417959,2.52320585818192,84.3542144001375,0.22224801153881
505.93,560,11679,11670,45197730,63099690,2025-04-22,2025-07-18,513.88,-9,17901960,970115399,237216107,6.50434887076769,35.5088012575708,0.283709159268453
508,535,23214,23179,42551262,62583300,2025-04-22,2025-05-16,513.88,-35,20032038,2663342352,818155905,2.34980305678705,52.6500883728672,0.320085997382688
476.45,490,44268,44470,43028496,60256850,2025-04-22,2025-06-20,513.88,202,17228354,2708121566,668417959,2.22504228600792,86.5792566861454,0.285915277682122
512.6,560,13058,12684,45050100,60122160,2025-04-22,2025-05-16,513.88,-374,15072060,2663342352,818155905,2.25739510937646,54.9074834822437,0.250690593950716
504.85,570,9139,9169,46124533,59736035,2025-04-22,2025-09-19,513.88,30,13611502,2008366648,399422257,2.97435904243317,52.4388798254929,0.227860821361846
510.59,585,7774,7775,48035546,57853775,2025-04-22,2025-09-19,513.88,1,9818229,2008366648,399422257,2.88063810746971,55.3195179329626,0.169707663847346
490,525,16560,16528,47775600,57848000,2025-04-22,2025-09-19,513.88,-32,10072400,2008366648,399422257,2.88035056037238,58.199868493335,0.174118379200664
496.63,540,13280,13245,46161280,57443565,2025-04-22,2025-09-19,513.88,-35,11282285,2008366648,399422257,2.86021305209406,61.0600815454291,0.19640642080623
491.67,530,14903,14875,45856531,57015875,2025-04-22,2025-09-19,513.88,-28,11159344,2008366648,399422257,2.83891763771214,63.8989991831412,0.19572345421341
503.44,555,11065,11057,45576735,57009892,2025-04-22,2025-09-19,513.88,-8,11433157,2008366648,399422257,2.83861973394014,66.7376189170813,0.200546898071654
508.18,580,7817,7822,44838312,56177604,2025-04-22,2025-09-19,513.88,5,11339292,2008366648,399422257,2.79717869523195,69.5347976123133,0.201847198752015
496.14,550,10415,10416,45326080,56100576,2025-04-22,2025-12-19,513.88,1,10774496,1219948452,202053272,4.59860217110223,19.5584856564087,0.19205678030828
491.74,520,19385,19616,41580825,55434816,2025-04-22,2025-07-18,513.88,231,13853991,970115399,237216107,5.71424967144553,41.2230509290163,0.249914981227682
501.79,545,12704,12701,40017600,54881021,2025-04-22,2025-07-18,513.88,-3,14863421,970115399,237216107,5.65716419475164,46.880215123768,0.270829892177115
510.74,570,9267,9241,42563331,54762166,2025-04-22,2025-07-18,513.88,-26,12198835,970115399,237216107,5.64491255952118,52.5251276832892,0.222760272119258
467.58,490,23686,23711,42587428,53160062,2025-04-22,2025-09-19,513.88,25,10572634,2008366648,399422257,2.6469301336456,72.1817277459589,0.198883026133416
469.69,500,17620,17044,44472880,51660364,2025-04-22,2025-12-19,513.88,-576,7187483.99999999,1219948452,202053272,4.23463498931511,23.7931206457238,0.139129565560165
511.14,590,6472,6474,41356080,51053964,2025-04-22,2025-09-19,513.88,2,9697884,2008366648,399422257,2.54206392298146,74.7237916689403,0.189953594984319
505.67,529,21903,21864,34760061,51008712,2025-04-22,2025-05-16,513.88,-39,16248651,2663342352,818155905,1.91521424054612,56.8226977227898,0.318546584748111
498.57,515,31411,30278,33452715,49746754,2025-04-22,2025-05-16,513.88,-1133,16294039,2663342352,818155905,1.86783174767763,58.6905294704674,0.327539742593054
507.14,537,16139,16135,30970741,48179110,2025-04-22,2025-05-16,513.88,-4,17208369,2663342352,818155905,1.80897172170977,60.4995011921772,0.357174904227164
508.83,557,10011,10000,31364463,48170000,2025-04-22,2025-05-16,513.88,-11,16805537,2663342352,818155905,1.80862967030233,62.3081308624795,0.348879738426406
481.95,490,56527,58618,28150446,47187490,2025-04-22,2025-05-16,513.88,2091,19037044,2663342352,818155905,1.7717395574236,64.0798704199031,0.403434130529087
512.42,565,9031,8961,35004156,47116938,2025-04-22,2025-05-16,513.88,-70,12112782,2663342352,818155905,1.76909055512965,65.8489609750328,0.257079142112333
487.65,520,13571,13656,35366026,44177160,2025-04-22,2025-09-19,513.88,85,8811134,2008366648,399422257,2.19965612573746,76.9234477946778,0.199449987278494
472.01,480,58526,55247,32481930,44142353,2025-04-22,2025-05-30,513.88,-3279,11660423,714922174,189462696,6.17442773568246,18.7688184644277,0.264154994184383
462.68,490,16081,16115,35699820,44026180,2025-04-22,2025-12-19,513.88,34,8326360,1219948452,202053272,3.60885576171869,27.4019764074425,0.189122926404244
484.52,515,14111,14179,35362166,43217592,2025-04-22,2025-09-19,513.88,68,7855426,2008366648,399422257,2.1518775987959,79.0753253934737,0.181764546252369
509.78,600,4867,4748,36122874,42836456,2025-04-22,2025-12-19,513.88,-119,6713582,1219948452,202053272,3.51133328049831,30.9133096879408,0.156725897212412
509.98,546,11881,11885,27623325,42809770,2025-04-22,2025-05-16,513.88,4,15186445,2663342352,818155905,1.6073701515636,67.4563311265964,0.354742503872364
481.37,510,13895,14827,32569880,42449701,2025-04-22,2025-09-19,513.88,932,9879821,2008366648,399422257,2.1136429965252,81.1889683899989,0.232741827792851
509.57,575,6454,6466,32399080,42307038,2025-04-22,2025-07-18,513.88,12,9907958,970115399,237216107,4.3610314859047,56.8861591691939,0.23419172006322
508.87,560,8042,8258,28066580,42223154,2025-04-22,2025-05-30,513.88,216,14156574,714922174,189462696,5.90597907514336,24.6747975395711,0.335279879849809
513.62,605,4594,4592,36430420,41961696,2025-04-22,2025-12-19,513.88,-2,5531276,1219948452,202053272,3.43962861145546,34.3529382993963,0.131817264964695
493.04,540,8869,8850,35094633,41559600,2025-04-22,2025-12-19,513.88,-19,6464967,1219948452,202053272,3.40666853028639,37.7596068296827,0.155558932232264
501.29,525,23010,17369,37529310,41181899,2025-04-22,2025-05-30,513.88,-5641,3652589,714922174,189462696,5.76033315201103,30.4351306915821,0.0886940400684291
497,530,12239,12174,31123777,40174200,2025-04-22,2025-07-18,513.88,-65,9050423,970115399,237216107,4.14117743532489,61.0273366045187,0.225279482852179
503.76,535,13919,12690,32500865,39643560,2025-04-22,2025-06-20,513.88,-1229,7142695,2708121566,668417959,1.46387667738842,88.0431333635338,0.180172895673345
506.74,580,5359,5356,31693126,39238056,2025-04-22,2025-12-19,513.88,-3,7544930.00000001,1219948452,202053272,3.21636999790217,40.9759768275849,0.192286029664671
474.07,480,63463,66148,23544773,39225764,2025-04-22,2025-05-16,513.88,2685,15680991,2663342352,818155905,1.47280217169768,68.9291332982941,0.399762538723274
527.37,595,5782,5782,39103666,39103666,2025-04-22,2025-09-19,513.88,0,0,2008366648,399422257,1.94703820833416,83.136006598333,0
512.21,560,8189,8127,27809844,38838933,2025-04-22,2025-05-02,513.88,-62,11029089,283947147,97379483,13.6782261805927,13.6782261805927,0.283969927804144
498,555,6757,6755,34352588,38503500,2025-04-22,2025-12-19,513.88,-2,4150912,1219948452,202053272,3.15615794559818,44.132134773183,0.107806095549755
501.61,570,5378,5374,29025066,36752786,2025-04-22,2025-12-19,513.88,-4,7727720,1219948452,202053272,3.01265073452464,47.1447855077077,0.210262155364222
437.56,450,28130,29346,27567400,36506424,2025-04-22,2025-09-19,513.88,1216,8939024,2008366648,399422257,1.81771710042857,84.9537236987616,0.244861671469109
471.5,505,10837,10846,28728887,36334100,2025-04-22,2025-12-19,513.88,9,7605213,1219948452,202053272,2.97833075983115,50.1231162675388,0.20931337228664
511.07,550,9323,9313,27400297,36255509,2025-04-22,2025-05-30,513.88,-10,8855212,714922174,189462696,5.07125255286878,35.5063832444509,0.24424459190464
460.78,480,18766,18855,28505554,36239310,2025-04-22,2025-09-19,513.88,89,7733756,2008366648,399422257,1.80441703889518,86.7581407376568,0.213407926365044
492.49,505,29019,28628,22983048,35813628,2025-04-22,2025-05-16,513.88,-391,12830580,2663342352,818155905,1.34468736146918,70.2738206597632,0.358259710521369
510,590,4245,4245,28297170,33960000,2025-04-22,2025-12-19,513.88,0,5662830,1219948452,202053272,2.78372417656873,52.9068404441076,0.16675
500.18,560,6758,5665,32134290,33888030,2025-04-22,2025-12-19,513.88,-1093,1753740,1219948452,202053272,2.77782474697546,55.684665191083,0.0517510165093694
500.23,535,9617,9574,26398665,33288798,2025-04-22,2025-07-18,513.88,-43,6890133.00000001,970115399,237216107,3.43142661525776,64.4587632197765,0.206980528404781
510.12,580,4710,4711,24760470,32920468,2025-04-22,2025-07-18,513.88,1,8159998,970115399,237216107,3.39345896724602,67.8522221870225,0.247870048505993
505.31,585,4228,4071,27000008,32441799,2025-04-22,2025-12-19,513.88,-157,5441791,1219948452,202053272,2.65927621341824,58.3439414045013,0.167740112069617
472.73,485,25437,25658,22791552,31482366,2025-04-22,2025-06-20,513.88,221,8690814,2708121566,668417959,1.16251671990119,89.205650083435,0.276053394462157
506.62,532,12390,12383,20406330,31428054,2025-04-22,2025-05-16,513.88,-7,11021724,2663342352,818155905,1.18002306299074,71.453843722754,0.350696991929567
461.05,470,34229,34927,22214621,31259665,2025-04-22,2025-06-20,513.88,698,9045043.99999999,2708121566,668417959,1.15429327074751,90.3599433541825,0.289351917239036
508.37,580,4263,4263,23868537,30535869,2025-04-22,2025-08-15,513.88,0,6667332,780536560,155968339,3.91216383253079,13.6543083901156,0.218344269160966
408,420,25357,25430,25357000,30516000,2025-04-22,2025-12-19,513.88,73,5159000,1219948452,202053272,2.50141716643614,60.8453585709374,0.169058854371477
479.92,495,19976,20233,21614032,30511364,2025-04-22,2025-06-20,513.88,257,8897332,2708121566,668417959,1.1266615348094,91.4866048889919,0.291607153321628
507.4,545,8019,8064,19847025,30320640,2025-04-22,2025-05-30,513.88,45,10473615,714922174,189462696,4.24111058555585,39.7474938300067,0.345428559555471
507.33,565,5025,5026,22069800,28984942,2025-04-22,2025-07-18,513.88,1,6915142,970115399,237216107,2.98778289983623,70.8400050868587,0.238577051491081
432.86,450,16109,16659,22198202,28553526,2025-04-22,2025-12-19,513.88,550,6355324,1219948452,202053272,2.34055184489057,63.185910415828,0.222575803772886
485.46,530,6404,6391,22740604,28465514,2025-04-22,2025-12-19,513.88,-13,5724910,1219948452,202053272,2.33333744170364,65.5192478575316,0.201117394191442
510,585,3761,3761,21016468,28207500,2025-04-22,2025-07-18,513.88,0,7191032,970115399,237216107,2.90764377403724,73.747648860896,0.254933333333333
480.05,500,14007,14064,21290640,28057680,2025-04-22,2025-07-18,513.88,57,6767040,970115399,237216107,2.89220025049824,76.6398491113942,0.241183162684869
540.92,605,4245,4245,27201960,27201960,2025-04-22,2025-09-19,513.88,0,0,2008366648,399422257,1.35443197222423,88.112572709881,0
510,595,3188,3188,22437144,27098000,2025-04-22,2025-12-19,513.88,0,4660856,1219948452,202053272,2.22124139389457,67.7404892514262,0.172
441.56,445,77901,78548,19786854,27020512,2025-04-22,2025-05-30,513.88,647,7233658,714922174,189462696,3.77950397716997,43.5269978071767,0.26770987907261
489.99,505,4431,17713,4501896,26587213,2025-04-22,2025-05-30,513.88,13282,22085317,714922174,189462696,3.71889612141195,47.2458939285887,0.830674392235094
510.01,590,3301,3299,20007361,26388701,2025-04-22,2025-07-18,513.88,-2,6381340,970115399,237216107,2.72016102694603,79.3600101383403,0.241820921764963
493.8,545,5142,5125,21719808,26240000,2025-04-22,2025-12-19,513.88,-17,4520192,1219948452,202053272,2.15091055339115,69.8913998048173,0.172263414634146
494.18,530,7298,7255,20485486,25987410,2025-04-22,2025-08-15,513.88,-43,5501924,780536560,155968339,3.32942892514862,16.9837373152643,0.211714980446301
495.1,525,8620,8596,19963920,25702040,2025-04-22,2025-07-18,513.88,-24,5738120,970115399,237216107,2.64937965385291,82.0093897921932,0.223255430308256
501.91,565,4054,4064,21599712,25639776,2025-04-22,2025-12-19,513.88,10,4040064,1219948452,202053272,2.10170978601316,71.9931095908305,0.157570175340065
514.33,576,5246,4132,25406378,25482044,2025-04-22,2025-05-30,513.88,-1114,75666,714922174,189462696,3.56431020420413,50.8102041327928,0.00296938503049441
500.43,518,14314,14396,16876206,25293772,2025-04-22,2025-05-16,513.88,82,8417566,2663342352,818155905,0.94970036356783,72.4035440863218,0.332792040665188
516.13,547.5,7970,7970,15940000,25001890,2025-04-22,2025-05-02,513.88,0,9061890,283947147,97379483,8.80512104599523,22.4833472265879,0.362448198916162
484.08,525,6087,6104,20689713,24977568,2025-04-22,2025-12-19,513.88,17,4287855,1219948452,202053272,2.04742814821818,74.0405377390487,0.171668234473428
475.7,510,7748,7210,21895848,24730300,2025-04-22,2025-12-19,513.88,-538,2834452,1219948452,202053272,2.02715942296224,76.0676971620109,0.114614541675596
448.44,455,37873,37589,17573072,24658384,2025-04-22,2025-06-20,513.88,-284,7085312,2708121566,668417959,0.910534604856066,92.397139493848,0.287338862108725
465.19,475,14321,25033,9967416,24557373,2025-04-22,2025-06-20,513.88,10712,14589957,2708121566,668417959,0.906804676286087,93.3039441701341,0.594117172060709
501.91,521,12584,12807,15289560,24448563,2025-04-22,2025-05-16,513.88,223,9159003,2663342352,818155905,0.917965464771763,73.3215095510936,0.374623367434724
477.78,505,8856,8979,18579888,24440838,2025-04-22,2025-09-19,513.88,123,5860950,2008366648,399422257,1.21695099967623,89.3295237095572,0.239801515807273
465.55,470,47570,53275,13795300,23707375,2025-04-22,2025-05-16,513.88,5705,9912075,2663342352,818155905,0.890136222337218,74.2116457734308,0.41810090741805
505.25,557,4579,4579,18196946,23696325,2025-04-22,2025-08-15,513.88,0,5499379,780536560,155968339,3.0359019954171,20.0196393106814,0.23207729468599
455.77,470,16174,16155,18389838,22988565,2025-04-22,2025-08-15,513.88,-19,4598727,780536560,155968339,2.94522590972548,22.9648652204068,0.20004410888631
468.79,475,36497,36533,15109758,22686993,2025-04-22,2025-05-23,513.88,36,7577235,94643758,38004586,23.9709342479828,23.9709342479828,0.333990273633884
511.5,565,4166,4156,15401702,22234600,2025-04-22,2025-05-30,513.88,-10,6832898,714922174,189462696,3.11007278954534,53.9202769223381,0.307309238754014
509.83,565,3992,3992,17768392,22023864,2025-04-22,2025-08-15,513.88,0,4255472,780536560,155968339,2.82163131474585,25.7864965351527,0.193220953416712
528.36,620,2371,2371,21727844,21727844,2025-04-22,2025-12-19,513.88,0,0,1219948452,202053272,1.78104607324835,77.8487432352593,0
506.6,535,7666,7647,15377996,21717480,2025-04-22,2025-05-30,513.88,-19,6339484,714922174,189462696,3.03774044082175,56.9580173631599,0.291906979999521
497.88,540,5029,4943,16012336,20819916,2025-04-22,2025-08-15,513.88,-86,4807580,780536560,155968339,2.66738511262048,28.4538816477732,0.23091255507467
496.26,511,14009,14123,13686793,20817302,2025-04-22,2025-05-16,513.88,114,7130509,2663342352,818155905,0.781623210563506,74.9932689839943,0.342528008672786
503.47,560,3675,3676,15254925,20780428,2025-04-22,2025-08-15,513.88,1,5525503,780536560,155968339,2.66232602864881,31.116207676422,0.265899383785551
390.75,400,22577,22452,17948715,20768100,2025-04-22,2025-12-19,513.88,-125,2819385,1219948452,202053272,1.70237520822724,79.5511184434865,0.135755557802591
488.26,535,4286,4375,15511034,20448750,2025-04-22,2025-12-19,513.88,89,4937716,1219948452,202053272,1.67619787266225,81.2273163161487,0.241467864783911
436.69,455,11098,10953,15670376,20054943,2025-04-22,2025-12-19,513.88,-145,4384567,1219948452,202053272,1.64391724643133,82.8712335625801,0.218627746785419
502.73,550,4289,4229,15470423,19990483,2025-04-22,2025-08-15,513.88,-60,4520060,780536560,155968339,2.56112064757095,33.6773283239929,0.226110594726501
470.44,495,7939,8110,15338148,19918160,2025-04-22,2025-09-19,513.88,171,4580012,2008366648,399422257,0.991759150144979,90.3212828597022,0.229941520702715
469.11,480,17013,18211,13389231,19831779,2025-04-22,2025-06-20,513.88,1198,6442548,2708121566,668417959,0.732307561410262,94.0362517315443,0.324859812122755
521.79,573,3832,3832,19623672,19623672,2025-04-22,2025-08-15,513.88,0,0,780536560,155968339,2.51412592383885,36.1914542478318,0
457.5,475,11031,11065,15851547,19363750,2025-04-22,2025-09-19,513.88,34,3512203,2008366648,399422257,0.964154130884572,91.2854369905868,0.181380311148409
528,585,3322,3322,18935400,18935400,2025-04-22,2025-08-15,513.88,0,0,780536560,155968339,2.42594658218188,38.6174008300137,0
502.88,515,17711,15558,12043480,18856296,2025-04-22,2025-05-02,513.88,-2153,6812816,283947147,97379483,6.64077670764553,29.1241239342334,0.36130192271059
507.6,542,5477,5445,12147986,18730800,2025-04-22,2025-05-16,513.88,-32,6582814,2663342352,818155905,0.70328172365578,75.6965507076501,0.351443291263587
502.48,523,9146,9107,12539166,18687564,2025-04-22,2025-05-16,513.88,-39,6148398,2663342352,818155905,0.701658349928872,76.3982090575789,0.329010137436854
509.3,530,5671,8979,6981001,18586530,2025-04-22,2025-05-02,513.88,3308,11605529,283947147,97379483,6.54577099871336,35.6698949329468,0.624405362378023
467.95,475,26365,26350,13024310,18576750,2025-04-22,2025-05-30,513.88,-15,5552440,714922174,189462696,2.59842968585837,59.5564470490182,0.29889189443794
496.97,500,54306,60849,6951168,18437247,2025-04-22,2025-04-25,513.88,6543,11486079,260444684,116124758,7.07914122754757,37.8971106202344,0.622982324855766
511.19,535,7693,7628,11601044,18162268,2025-04-22,2025-05-02,513.88,-65,6561224,283947147,97379483,6.39635516394183,42.0662500968886,0.361255763872662
437.46,440,70900,70960,13329200,18023840,2025-04-22,2025-05-23,513.88,60,4694640,94643758,38004586,19.0438760895357,43.0148103375185,0.260468357464336
478.08,485,23351,25890,10554652,17915880,2025-04-22,2025-05-16,513.88,2539,7361228,2663342352,818155905,0.672684080082544,77.0708931376615,0.410877277588374
491.43,503,15308,15318,11236072,17722926,2025-04-22,2025-05-16,513.88,10,6486854,2663342352,818155905,0.665439273576347,77.7363324112378,0.366014844275714
510.7,563,3381,3382,15126594,17687860,2025-04-22,2025-08-15,513.88,1,2561266,780536560,155968339,2.26611550392976,40.8835163339434,0.144803611064312
473.03,490,10130,10291,13189260,17463827,2025-04-22,2025-07-18,513.88,161,4274567,970115399,237216107,1.80018037214973,83.8095701643429,0.244766911628247
463.19,485,8005,8004,13008125,17456724,2025-04-22,2025-09-19,513.88,-1,4448599,2008366648,399422257,0.869200054550996,92.1546370451378,0.254835844342845
503.59,575,2424,2419,14097984,17274079,2025-04-22,2025-12-19,513.88,-5,3176095,1219948452,202053272,1.41596794288157,84.2872015054616,0.183864795338727
509.55,539,5743,5732,11342425,16880740,2025-04-22,2025-05-16,513.88,-11,5538315,2663342352,818155905,0.633817878776405,78.3701502900142,0.328084846991305
452.7,470,8182,9619,10816604,16640870,2025-04-22,2025-09-19,513.88,1437,5824266,2008366648,399422257,0.828577292725487,92.9832143378633,0.349997686419039
494.92,508,12362,12460,10730216,16297680,2025-04-22,2025-05-16,513.88,98,5567464,2663342352,818155905,0.611925837764022,78.9820761277783,0.341610830498574
507.73,540,5008,5025,11628576,16215675,2025-04-22,2025-05-30,513.88,17,4587099,714922174,189462696,2.26817345855606,61.8246205075743,0.282880546138228
495.6,531,4579,4556,12702146,16128240,2025-04-22,2025-08-15,513.88,-23,3426094,780536560,155968339,2.06630167330022,42.9498180072436,0.212428262476253
444.08,450,27265,27077,11533095,16029584,2025-04-22,2025-06-20,513.88,-188,4496489,2708121566,668417959,0.591907844952334,94.6281595764967,0.280511896004288
508.85,520,22160,14327,11080000,15974605,2025-04-22,2025-04-25,513.88,-7833,4894605,260444684,116124758,6.13358842832054,44.030699048555,0.306399125361785
508.63,595,1903,1849,12706331,15969813,2025-04-22,2025-06-20,513.88,-54,3263482,2708121566,668417959,0.589700743146033,95.2178603196427,0.204353175581956
506.69,530,3578,6816,4969842,15888096,2025-04-22,2025-05-09,513.88,3238,10918254,145563771,48833654,10.9148697446152,10.9148697446152,0.687197131739385
489.81,520,4853,5147,11550140,15538793,2025-04-22,2025-08-15,513.88,294,3988653,780536560,155968339,1.9907834938571,44.9406015011007,0.256690014468949
456.01,480,6310,6349,12506420,15231251,2025-04-22,2025-12-19,513.88,39,2724831,1219948452,202053272,1.2485159495903,85.535717455052,0.178897386695288
512.29,530,9222,8342,8327466,14773682,2025-04-22,2025-04-25,513.88,-880,6446216,260444684,116124758,5.67248360500228,49.7031826535573,0.436331037855018
516.72,595,1883,1878,12744144,14700984,2025-04-22,2025-07-18,513.88,-5,1956840,970115399,237216107,1.51538507843024,85.3249552427731,0.133109457162867
412.13,425,11444,11417,12107752,14693679,2025-04-22,2025-12-19,513.88,-27,2585927,1219948452,202053272,1.20445080904123,86.7401682640932,0.175989076663509
433.1,445,12052,12322,11389140,14663180,2025-04-22,2025-09-19,513.88,270,3274040,2008366648,399422257,0.730104735338146,93.7133190732014,0.223283080477768
497.09,512,9693,9759,9838395,14550669,2025-04-22,2025-05-16,513.88,66,4712274,2663342352,818155905,0.546331153750226,79.5284072815285,0.323852738317393
478.91,515,4000,4009,12136000,14468481,2025-04-22,2025-12-19,513.88,9,2332481,1219948452,202053272,1.18599117661735,87.9261594407105,0.161211187269763
509.87,558,2989,2987,9809898,14376431,2025-04-22,2025-05-16,513.88,-2,4566533,2663342352,818155905,0.539789073274948,80.0681963548034,0.317640240474148
513.25,572,2382,2384,11776608,14006000,2025-04-22,2025-08-15,513.88,2,2229392,780536560,155968339,1.7944066579021,46.7350081590028,0.159174068256462
513.7,590,1881,1829,12034638,13955270,2025-04-22,2025-06-20,513.88,-52,1920632,2708121566,668417959,0.515311800445224,95.7331721200879,0.137627720567212
470.71,490,7163,7231,10916412,13948599,2025-04-22,2025-08-15,513.88,68,3032187,780536560,155968339,1.78705261416582,48.5220607731687,0.217382907057548
513.56,570,2442,2442,10630026,13782648,2025-04-22,2025-05-30,513.88,0,3152622,714922174,189462696,1.92785291899479,63.7524734265691,0.228738483345145
510.62,575,8092,2104,38032400,13545552,2025-04-22,2025-05-16,513.88,-5988,-24486848,2663342352,818155905,0.508592220216382,80.5767885750198,-1.80774087316634
448.55,465,8166,8163,9995184,13428135,2025-04-22,2025-09-19,513.88,-3,3432951,2008366648,399422257,0.668609738832907,94.3819288120343,0.255653595975912
508.51,567,2289,2280,9206358,13335720,2025-04-22,2025-05-16,513.88,-9,4129362,2663342352,818155905,0.500713698709658,81.0775022737295,0.309646723236541
435.18,440,27848,27665,9746800,13334530,2025-04-22,2025-06-20,513.88,-183,3587730,2708121566,668417959,0.492390377426654,96.2255624975146,0.269055602259697
512.06,590,1701,1701,10658466,13257594,2025-04-22,2025-05-16,513.88,0,2599128,2663342352,818155905,0.497780316903097,81.5752825906326,0.196048242237619
497.38,513,7425,8480,7439850,13245760,2025-04-22,2025-05-16,513.88,1055,5805910,2663342352,818155905,0.497335987994682,82.0726185786273,0.438322149880415
493.18,510,7784,7870,8959384,13237340,2025-04-22,2025-05-30,513.88,86,4277956,714922174,189462696,1.85157776348395,65.604051190053,0.323173386798254
496.08,515,6896,6874,8826880,13005608,2025-04-22,2025-05-30,513.88,-22,4178728,714922174,189462696,1.81916416541306,67.4232153554661,0.321302010640333
508.87,590,1606,1588,8572828,12883444,2025-04-22,2025-08-15,513.88,-18,4310616,780536560,155968339,1.65058815438447,50.1726489275531,0.334585689975444
477.44,500,7160,5710,12873680,12881760,2025-04-22,2025-08-15,513.88,-1450,8080,780536560,155968339,1.65037240536177,51.8230213329149,0.000627243482257083
512.01,568,2288,2285,8751600,12793715,2025-04-22,2025-05-16,513.88,-3,4042115,2663342352,818155905,0.480363141839153,82.5529817204664,0.315945368487574
466.74,470,39451,39142,8442514,12760292,2025-04-22,2025-05-09,513.88,-309,4317778,145563771,48833654,8.76611804732649,19.6809877919417,0.338376112396174
503.82,556,2446,2433,9676376,12695394,2025-04-22,2025-08-15,513.88,-13,3019018,780536560,155968339,1.62649575312654,53.4495170860414,0.237804198908675
486.37,510,5005,5353,9234225,12649139,2025-04-22,2025-07-18,513.88,348,3414914,970115399,237216107,1.30387982842441,86.6288350711976,0.269972051062132
499.13,516,7434,7483,7991550,12623821,2025-04-22,2025-05-16,513.88,49,4632271,2663342352,818155905,0.473984164691419,83.0269658851578,0.366946822202248
433.09,440,14859,18095,7979283,12503645,2025-04-22,2025-07-18,513.88,3236,4524362,970115399,237216107,1.28888223121588,87.9177173024134,0.361843446451015
484.18,510,4197,4841,8687790,12499462,2025-04-22,2025-08-15,513.88,644,3811672,780536560,155968339,1.60139353369943,55.0509106197409,0.304946884913927
513.34,575,2027,2015,9591764,12424490,2025-04-22,2025-05-30,513.88,-12,2832726,714922174,189462696,1.73788007308331,69.1610954285494,0.227995354336476
505.28,520,6696,8429,5557680,12407488,2025-04-22,2025-05-02,513.88,1733,6849808,283947147,97379483,4.36964700335587,46.4358971002445,0.552070491625702
393.65,400,18929,19189,9994512,12185015,2025-04-22,2025-09-19,513.88,260,2190503,2008366648,399422257,0.606712674308461,94.9886414863428,0.179770234176979
448.75,470,5669,5690,9750680,12091250,2025-04-22,2025-12-19,513.88,21,2340570,1219948452,202053272,0.991127943166569,88.9172873838771,0.193575519487233
452.76,460,16195,16581,8729105,12004644,2025-04-22,2025-06-20,513.88,386,3275539,2708121566,668417959,0.443283054598296,96.6688455521129,0.272855988065952
415.87,425,12632,13147,9044512,12003211,2025-04-22,2025-09-19,513.88,515,2958699,2008366648,399422257,0.597660343142683,95.5863018294855,0.24649229277066
440.99,460,5350,6273,8003600,11924973,2025-04-22,2025-12-19,513.88,923,3921373,1219948452,202053272,0.977498104977308,89.8947854888544,0.328837054809265
488,498,11962,11895,7847072,11895000,2025-04-22,2025-05-16,513.88,-67,4047928,2663342352,818155905,0.446619263613167,83.473585148771,0.340305002101723
493.93,507,9049,9084,7691650,11872788,2025-04-22,2025-05-16,513.88,35,4181138,2663342352,818155905,0.445785273946637,83.9193704227176,0.352161429985948
484.35,495,842,10824,613818,11527560,2025-04-22,2025-05-23,513.88,9982,10913742,94643758,38004586,12.1799474615114,55.1947577990299,0.94675213141376
510.32,548,3057,3053,8015454,11503704,2025-04-22,2025-05-16,513.88,-4,3488250,2663342352,818155905,0.431927348407217,84.3512977711248,0.303228421037259
486.89,500,9315,8709,8364870,11417499,2025-04-22,2025-05-30,513.88,-606,3052629,714922174,189462696,1.59702683945567,70.7581222680051,0.267364069837011
423.52,425,76770,76599,8828550,11336652,2025-04-22,2025-05-16,513.88,-171,2508102,2663342352,818155905,0.425655079283626,84.7769528504085,0.221238333857298
480.4,488,8658,14831,4129866,11271560,2025-04-22,2025-05-16,513.88,6173,7141694,2663342352,818155905,0.42321108255331,85.2001639329618,0.633602979534332
501.16,545,2556,2566,8741520,11249344,2025-04-22,2025-08-15,513.88,10,2507824,780536560,155968339,1.44123216982943,56.4921427895703,0.22293068822502
451.94,475,3208,4876,5873848,11244056,2025-04-22,2025-12-19,513.88,1668,5370208,1219948452,202053272,0.92168287779425,90.8164683666487,0.477604167037233
512.32,595,1354,1351,9491540,11170068,2025-04-22,2025-08-15,513.88,-3,1678528,780536560,155968339,1.43107556678703,57.9232183563573,0.150270168453764
515.55,569,2075,2074,8739900,11085530,2025-04-22,2025-05-16,513.88,-1,2345630,2663342352,818155905,0.416226250135491,85.6163901830973,0.211593852526672
445.75,460,7612,7760,8845144,11058000,2025-04-22,2025-09-19,513.88,148,2212856,2008366648,399422257,0.550596675712173,96.1368985051977,0.200113582926388
499.1,520,5488,5223,7765520,10916070,2025-04-22,2025-05-30,513.88,-265,3150550,714922174,189462696,1.52688927508353,72.2850115430886,0.288615774724787
500,510,6980,10856,3713360,10856000,2025-04-22,2025-05-02,513.88,3876,7142640,283947147,97379483,3.82324672556051,50.259143825805,0.657943994104643
504,530,4251,4170,7843095,10842000,2025-04-22,2025-05-30,513.88,-81,2998905,714922174,189462696,1.51652870680159,73.8015402498902,0.27660071942446
501.74,546,2431,2430,8360209,10755180,2025-04-22,2025-08-15,513.88,-1,2394971,780536560,155968339,1.37792136219731,59.3011397185546,0.222680698974819
513.2,540,4008,3958,5971920,10607440,2025-04-22,2025-04-25,513.88,-50,4635520,260444684,116124758,4.07281877943802,53.7760014329953,0.437006478471714
510,566,1909,1876,7328651,10505600,2025-04-22,2025-05-16,513.88,-33,3176949,2663342352,818155905,0.394451730627531,86.0108419137248,0.302405288607981
489.33,515,4066,4088,8005954,10493896,2025-04-22,2025-07-18,513.88,22,2487942,970115399,237216107,1.08171625878913,88.9994335612026,0.237084682371542
487.1,497,10607,10503,6533912,10397970,2025-04-22,2025-05-16,513.88,-104,3864058,2663342352,818155905,0.390410567841261,86.4012524815661,0.37161657515842
508.77,562,1949,1945,7942175,10353235,2025-04-22,2025-05-16,513.88,-4,2411060,2663342352,818155905,0.388730911451372,86.7899833930174,0.232879867983292
483.52,505,4827,4819,8065917,10351212,2025-04-22,2025-07-18,513.88,-8,2285295,970115399,237216107,1.0670083178424,90.066441879045,0.220775596133091
507.29,555,2177,2169,6537531,10348299,2025-04-22,2025-05-30,513.88,-8,3810768,714922174,189462696,1.44747209924979,75.24901234914,0.368250666123969
499.79,517,5970,6004,6698340,10332884,2025-04-22,2025-05-16,513.88,34,3634544,2663342352,818155905,0.387966796391784,87.1779501894092,0.351745359765967
450.17,460,10333,10421,7977076,10243843,2025-04-22,2025-07-18,513.88,88,2266767,970115399,237216107,1.05594066546716,91.1223825445121,0.221280919670479
447.48,450,40396,40515,6988508,10209780,2025-04-22,2025-05-16,513.88,119,3221272,2663342352,818155905,0.383344634321348,87.5612948237306,0.315508463453669
462.25,465,36342,36618,6650586,10069950,2025-04-22,2025-05-09,513.88,276,3419364,145563771,48833654,6.91789579977287,26.5988835917146,0.339561169618519
444.41,465,4849,4865,7845682,10017035,2025-04-22,2025-12-19,513.88,16,2171353,1219948452,202053272,0.821103136249563,91.6375715028982,0.216766039052474
506.88,531,4159,4148,6791647,10004976,2025-04-22,2025-05-16,513.88,-11,3213329,2663342352,818155905,0.375654898157832,87.9369497218884,0.321173084273266
508.8,541,3104,3104,6841216,9994880,2025-04-22,2025-05-16,513.88,0,3153664,2663342352,818155905,0.375275825599157,88.3122255474876,0.315527950310559
438.6,440,71159,71119,7400536,9956660,2025-04-22,2025-05-09,513.88,-40,2556124,145563771,48833654,6.84006736813654,33.4389509598511,0.256725046350885
496.89,535,2592,2608,7690464,9939088,2025-04-22,2025-08-15,513.88,16,2248624,780536560,155968339,1.27336610600277,60.5745058245574,0.226240475987334
459.25,485,3753,3754,7930089,9666550,2025-04-22,2025-12-19,513.88,1,1736461,1219948452,202053272,0.792373643669331,92.4299451465676,0.179636064573193
459.51,465,5065,17569,2020935,9645381,2025-04-22,2025-05-30,513.88,12504,7624446,714922174,189462696,1.34915118746897,76.598163536609,0.790476394867139
508,568,1609,1607,7652404,9642000,2025-04-22,2025-08-15,513.88,-2,1989596,780536560,155968339,1.23530408364216,61.8098099081996,0.206346816013275
532.24,578,2086,2086,9545536,9545536,2025-04-22,2025-08-15,513.88,0,0,780536560,155968339,1.22294540565787,63.0327553138574,0
509.6,554,2123,2119,7782918,9408360,2025-04-22,2025-05-30,513.88,-4,1625442,714922174,189462696,1.31599778859286,77.9141613252018,0.172765710495772
493.28,506,7265,7229,5906445,9195288,2025-04-22,2025-05-16,513.88,-36,3288843,2663342352,818155905,0.345253699476334,88.6574792469639,0.357666122039897
469.8,475,17560,17027,5970400,8854040,2025-04-22,2025-05-16,513.88,-533,2883640,2663342352,818155905,0.33244092684334,88.9899201738072,0.325686353348302
490.06,501,8105,8077,5949070,8836238,2025-04-22,2025-05-16,513.88,-28,2887168,2663342352,818155905,0.331772518593584,89.3216926924008,0.326741764990938
486.93,515,2742,3136,5824008,8802752,2025-04-22,2025-08-15,513.88,394,2978744,780536560,155968339,1.12778215026853,64.160537464126,0.33838781326567
484.74,494,9438,9468,5502354,8767368,2025-04-22,2025-05-16,513.88,30,3265014,2663342352,818155905,0.329186670028217,89.650879362429,0.372405264613052
465.97,480,6182,6162,6627104,8645286,2025-04-22,2025-07-18,513.88,-20,2018182,970115399,237216107,0.891160578309715,92.0135431228218,0.233443057869919
502.14,549,1850,1840,6754350,8622240,2025-04-22,2025-08-15,513.88,-10,1867890,780536560,155968339,1.10465549493287,65.2651929590588,0.216636280131381
465.76,485,4381,4379,6037018,8425196,2025-04-22,2025-08-15,513.88,-2,2388178,780536560,155968339,1.07941080940526,66.3446037684641,0.283456669732075
504.09,555,1653,1651,6488025,8405241,2025-04-22,2025-08-15,513.88,-2,1917216,780536560,155968339,1.07685423473309,67.4214580031972,0.228097683338288
513.96,571,1467,1468,5061150,8373472,2025-04-22,2025-05-30,513.88,1,3312322,714922174,189462696,1.17124245190918,79.085403777111,0.395573305792388
482.82,491,7165,10236,4026730,8373048,2025-04-22,2025-05-16,513.88,3071,4346318,2663342352,818155905,0.314381213279336,89.9652605757084,0.519084328669799
492.62,525,2662,2547,6854650,8247186,2025-04-22,2025-08-15,513.88,-115,1392536,780536560,155968339,1.05660470279573,68.4780627059929,0.168849835568156
509.7,547,2198,2198,5033420,8198540,2025-04-22,2025-05-16,513.88,0,3165120,2663342352,818155905,0.307828995166296,90.2730895708747,0.386058981233244
514.06,580,2797,1241,14312249,8183154,2025-04-22,2025-05-30,513.88,-1556,-6129095,714922174,189462696,1.14462165220238,80.2300254293134,-0.748989326120467
506.96,564,1406,1407,6350902,8025528,2025-04-22,2025-08-15,513.88,1,1674626,780536560,155968339,1.02820654550762,69.5062692515005,0.208662408255257
481.27,489,7148,10331,3702664,7985863,2025-04-22,2025-05-16,513.88,3183,4283199,2663342352,818155905,0.299843652995009,90.5729332238697,0.536347668373475
508.66,538,2698,2712,5549786,7957008,2025-04-22,2025-05-16,513.88,14,2407222,2663342352,818155905,0.298760239892735,90.8716934637624,0.302528538365174
513.9,575,1290,1290,7214970,7881900,2025-04-22,2025-08-15,513.88,0,666930,780536560,155968339,1.00980535748383,70.5160746089844,0.0846153846153846
428.9,430,71422,71346,6927934,7848060,2025-04-22,2025-05-09,513.88,-76,920126.000000001,145563771,48833654,5.39149264001961,38.8304435998707,0.117242477758835
496.64,534,2071,2056,6173651,7681216,2025-04-22,2025-08-15,513.88,-15,1507565,780536560,155968339,0.984094326087685,71.5001689350721,0.196266450520334
402.82,410,10639,10643,6149342,7641674,2025-04-22,2025-09-19,513.88,4,1492332,2008366648,399422257,0.38049197877339,96.517390483971,0.1952886239324
466.75,495,2734,2688,6580738,7593600,2025-04-22,2025-12-19,513.88,-46,1012862,1219948452,202053272,0.622452529658196,93.0523976762258,0.133383638853772
503.87,510,11391,12260,2927487,7515380,2025-04-22,2025-04-25,513.88,869,4587893,260444684,116124758,2.88559546870997,56.6615969017052,0.610467201924587
446.14,450,17320,19252,4814960,7431272,2025-04-22,2025-05-30,513.88,1932,2616312,714922174,189462696,1.0394518830521,81.2694773123655,0.352067855947138
504.55,527,3763,3241,5426246,7276045,2025-04-22,2025-05-16,513.88,-522,1849799,2663342352,818155905,0.273192253881149,91.1448857176436,0.254231385319909
462.27,475,5353,5700,5278058,7256100,2025-04-22,2025-07-18,513.88,347,1978042,970115399,237216107,0.747962562750744,92.7615056855726,0.272604015931423
457.15,465,9054,9238,5522940,7251830,2025-04-22,2025-06-20,513.88,184,1728890,2708121566,668417959,0.267780814976901,96.9366263670898,0.238407408888515
513.04,550,1995,1954,4887750,7221984,2025-04-22,2025-05-02,513.88,-41,2334234,283947147,97379483,2.54342544952565,52.8025692753307,0.323212291802363
511.02,559,1505,1503,4563160,7211394,2025-04-22,2025-05-16,513.88,-2,2648234,2663342352,818155905,0.27076481529251,91.4156505329361,0.367229137667419
468.16,470,35291,39002,4164338,7176368,2025-04-22,2025-05-02,513.88,3711,3012030,283947147,97379483,2.52736048797138,55.329929763302,0.419715098222388
430.62,435,15799,16300,5261067,7139400,2025-04-22,2025-06-20,513.88,501,1878333,2708121566,668417959,0.263629228821702,97.2002555959115,0.263093957475418
489.7,495,12645,13356,3780855,7078680,2025-04-22,2025-05-02,513.88,711,3297825,283947147,97379483,2.49295690229281,57.8228866655949,0.465881350760311
506.8,515,8607,8627,3141555,7074140,2025-04-22,2025-04-25,513.88,20,3932585,260444684,116124758,2.71617753580257,59.3777744375078,0.555909976336346
515.33,569,1315,1315,5408595,7057605,2025-04-22,2025-05-30,513.88,0,1649010,714922174,189462696,0.987185075056855,82.2566623874223,0.233650083845724
508.29,534,2763,2708,4945770,6962268,2025-04-22,2025-05-16,513.88,-55,2016498,2663342352,818155905,0.261410929570199,91.6770614625063,0.289632343943095
438,440,29378,34654,4406700,6930800,2025-04-22,2025-05-16,513.88,5276,2524100,2663342352,818155905,0.260229406662475,91.9372908691687,0.364185952559589
510.39,564,1275,1275,4813125,6835275,2025-04-22,2025-05-16,513.88,0,2022150,2663342352,818155905,0.256642747969188,92.1939336171379,0.29584032829696
506.45,544,1785,1782,4217955,6691410,2025-04-22,2025-05-16,513.88,-3,2473455,2663342352,818155905,0.251241076648489,92.4451746937864,0.369646307728864
511,600,906,749,6353778,6666100,2025-04-22,2025-06-20,513.88,-157,312322,2708121566,668417959,0.246152169965032,97.4464077658765,0.0468522824440077
491.16,505,4792,4810,4561984,6657040,2025-04-22,2025-05-23,513.88,18,2095056,94643758,38004586,7.03378663387394,62.2285444329039,0.314712845348683
490.54,502,5958,5780,4528080,6623880,2025-04-22,2025-05-16,513.88,-178,2095800,2663342352,818155905,0.248705540803866,92.6938802345903,0.316400659432236
506.13,543,1789,1783,3866029,6573921,2025-04-22,2025-05-16,513.88,-6,2707892,2663342352,818155905,0.246829739896691,92.940709974487,0.411914289812731
486.69,496,6814,7036,4360960,6550516,2025-04-22,2025-05-16,513.88,222,2189556,2663342352,818155905,0.245950956889976,93.186660931377,0.334257026469365
428.45,430,41669,41670,5083618,6458850,2025-04-22,2025-05-16,513.88,1,1375232,2663342352,818155905,0.242509191323069,93.4291701227,0.212922114617927
396.36,400,17891,17714,5277845,6447896,2025-04-22,2025-07-18,513.88,-177,1170051,970115399,237216107,0.664652473988819,93.4261581595614,0.181462449146202
489.44,523,1938,1912,4854690,6416672,2025-04-22,2025-08-15,513.88,-26,1561982,780536560,155968339,0.822084746421103,72.3222536814932,0.243425563906025
514.04,550,2407,1763,5605903,6339748,2025-04-22,2025-04-25,513.88,-644,733845,260444684,116124758,2.43420134465098,61.8119757821588,0.115753023621759
428.5,440,5375,5474,4633250,6295100,2025-04-22,2025-09-19,513.88,99,1661850,2008366648,399422257,0.313443763182827,96.8308342471539,0.263991040650665
508.8,535,2397,2389,4089282,6259180,2025-04-22,2025-05-09,513.88,-8,2169898,145563771,48833654,4.29995730187562,43.1304009017464,0.346674484517141
509.96,563,1179,1174,4339899,6226896,2025-04-22,2025-05-16,513.88,-5,1886997,2663342352,818155905,0.233800059362402,93.6629701820624,0.303039748857215
408.26,410,35678,35760,5030598,6222240,2025-04-22,2025-05-30,513.88,82,1191642,714922174,189462696,0.870338090814344,83.1270004782367,0.191513345676155
518.91,561,1463,1463,6157767,6157767,2025-04-22,2025-08-15,513.88,0,0,780536560,155968339,0.788914615351266,73.1111682968444,0
458.86,475,3604,3766,4396880,6078324,2025-04-22,2025-08-15,513.88,162,1681444,780536560,155968339,0.778736616770392,73.8899049136148,0.276629544591569
502.67,522,3008,3133,3982592,6056089,2025-04-22,2025-05-16,513.88,125,2073497,2663342352,818155905,0.227386801980311,93.8903569840427,0.342382187580136
493.38,500,7699,9114,2787038,6033468,2025-04-22,2025-05-02,513.88,1415,3246430,283947147,97379483,2.12485600357168,59.9477426691665,0.538070310474838
505.63,528,2792,2683,4126576,6001871,2025-04-22,2025-05-16,513.88,-109,1875295,2663342352,818155905,0.225351089224146,94.1157080732669,0.31245173380101
434.24,435,78794,78753,4570052,5985228,2025-04-22,2025-05-02,513.88,-41,1415176,283947147,97379483,2.10786692637556,62.0556095955421,0.236444793748876
513.41,556,1399,1399,4164823,5958341,2025-04-22,2025-05-16,513.88,0,1793518,2663342352,818155905,0.223716676736119,94.339424750003,0.301009626672928
503.15,551,1238,1238,4683354,5923830,2025-04-22,2025-08-15,513.88,0,1240476,780536560,155968339,0.758943309458816,74.6488482230736,0.209404388714734
508.54,551,1380,1373,4109640,5829758,2025-04-22,2025-05-16,513.88,-7,1720118,2663342352,818155905,0.218888795712734,94.5583135457157,0.295058216824781
497.7,538,1443,1445,4519476,5823350,2025-04-22,2025-08-15,513.88,2,1303874,780536560,155968339,0.746070113615178,75.3949183366888,0.223904453622056
381.28,390,6679,6678,4535041,5823216,2025-04-22,2025-12-19,513.88,-1,1288175,1219948452,202053272,0.47733295537638,93.5297306316021,0.221213672994442
507.98,553,1282,1281,3799848,5767062,2025-04-22,2025-05-30,513.88,-1,1967214,714922174,189462696,0.806669901946558,83.9336703801832,0.341111990819589
509.72,557,1255,1217,4019765,5753976,2025-04-22,2025-05-02,513.88,-38,1734211,283947147,97379483,2.02642500929935,64.0820346048414,0.301393505986122
425.21,440,3809,3884,4730778,5744436,2025-04-22,2025-12-19,513.88,75,1013658,1219948452,202053272,0.470875305475612,94.0006059370777,0.176459098856702
509.58,610,572,571,4789928,5733982,2025-04-22,2025-07-18,513.88,-1,944054,970115399,237216107,0.591061847478209,94.0172200070396,0.164641953881264
507.63,554,1236,1232,3607884,5712784,2025-04-22,2025-05-16,513.88,-4,2104900,2663342352,818155905,0.214496795566295,94.772810341282,0.368454329797871
510.99,551,1419,1418,3905088,5673418,2025-04-22,2025-05-30,513.88,-1,1768330,714922174,189462696,0.793571413271062,84.7272417934543,0.311686887869006
425.94,430,4400,13903,1302400,5644618,2025-04-22,2025-06-20,513.88,9503,4342218,2708121566,668417959,0.208432962200339,97.6548407280768,0.76926693710717
504.16,526,2578,2572,3660760,5617248,2025-04-22,2025-05-16,513.88,-6,1956488,2663342352,818155905,0.210909723858137,94.9837200651402,0.348300092856858
511.9,540,2055,1989,3686670,5589090,2025-04-22,2025-05-02,513.88,-66,1902420,283947147,97379483,1.96835575178362,66.0503903566251,0.340380992254553
479.6,490,4871,5335,3448668,5548400,2025-04-22,2025-05-30,513.88,464,2099732,714922174,189462696,0.776084474895585,85.5033262683499,0.378439189676303
508.79,536,2027,2039,3918191,5548119,2025-04-22,2025-05-16,513.88,12,1629928,2663342352,818155905,0.20831415066988,95.19203421581,0.293780288418471
491.21,526,1577,1589,4041851,5528131,2025-04-22,2025-08-15,513.88,12,1486280,780536560,155968339,0.708247541921675,76.1031658786105,0.268857594004194
508.14,558,1104,1104,3753600,5504544,2025-04-22,2025-05-30,513.88,0,1750944,714922174,189462696,0.769950100890282,86.2732763692402,0.318090653830726
497.39,510,4439,4347,3418030,5481567,2025-04-22,2025-05-09,513.88,-92,2063537,145563771,48833654,3.76574951469209,46.8961504164385,0.376450201192469
508.43,561,1036,1036,3713024,5446252,2025-04-22,2025-05-16,513.88,0,1733228,2663342352,818155905,0.204489370129612,95.3965235859397,0.318242343541944
397.59,400,22475,22512,4180350,5425392,2025-04-22,2025-06-20,513.88,37,1245042,2708121566,668417959,0.200337830772254,97.8551785588491,0.229484247405533
490.95,500,5887,5975,3190754,5407375,2025-04-22,2025-05-09,513.88,88,2216621,145563771,48833654,3.71478078841472,50.6109312048532,0.409925518389237
497.84,514,3401,3335,3571050,5389360,2025-04-22,2025-05-16,513.88,-66,1818310,2663342352,818155905,0.2023532572128,95.5988768431525,0.337388855077412
441.73,455,3449,4043,3528327,5365061,2025-04-22,2025-09-19,513.88,594,1836734,2008366648,399422257,0.267135535503077,97.0979697826569,0.342351000296175
420,430,5609,5357,4234795,5357000,2025-04-22,2025-09-19,513.88,-252,1122205,2008366648,399422257,0.266734164567744,97.3647039472247,0.209483852902744
510.4,538,1962,1906,2760534,5260560,2025-04-22,2025-04-25,513.88,-56,2500026,260444684,116124758,2.01983773260659,63.8318135147654,0.475239518226197
506.65,529,2334,2344,2842812,5238840,2025-04-22,2025-05-02,513.88,10,2396028,283947147,97379483,1.84500533122102,67.8953956878461,0.457358499209749
516.2,552,1446,1446,4066152,5176680,2025-04-22,2025-05-30,513.88,0,1110528,714922174,189462696,0.724090004235902,86.9973663734761,0.214525139664804
497.71,539,1256,1252,4000360,5169508,2025-04-22,2025-08-15,513.88,-4,1169148,780536560,155968339,0.6623018401598,76.7654677187703,0.226162334984296
461.14,465,13185,13368,3428100,5160048,2025-04-22,2025-05-16,513.88,183,1731948,2663342352,818155905,0.193743323914972,95.7926201670674,0.335645714923582
424.11,435,4430,4719,3938270,5138991,2025-04-22,2025-09-19,513.88,289,1200721,2008366648,399422257,0.255879124716475,97.6205830719412,0.233649173543989
475.16,481,8722,8783,3654518,5129272,2025-04-22,2025-05-16,513.88,61,1474754,2663342352,818155905,0.192587783397363,95.9852079504648,0.287517214918608
507.91,553,1138,1136,3253542,5122224,2025-04-22,2025-05-16,513.88,-2,1868682,2663342352,818155905,0.192323153504976,96.1775311039698,0.364818485095537
455.14,460,10028,10507,3439604,5106402,2025-04-22,2025-05-30,513.88,479,1666798,714922174,189462696,0.714259843337857,87.7116262168139,0.326413392443446
502.94,524,2668,2419,3615140,5094414,2025-04-22,2025-05-16,513.88,-249,1479274,2663342352,818155905,0.19127897681552,96.3688100807853,0.290371767979595
503.17,520,2854,3021,2996700,5084343,2025-04-22,2025-05-09,513.88,167,2087643,145563771,48833654,3.49286293221958,54.1037941370728,0.410602313809277
510.11,549,1299,1298,3146178,5047922,2025-04-22,2025-05-16,513.88,-1,1901744,2663342352,818155905,0.189533350686566,96.5583434314719,0.376737992385778
509.95,532,2291,2289,2923316,5047245,2025-04-22,2025-05-02,513.88,-2,2123929,283947147,97379483,1.77752974570299,69.6729254335491,0.420809570369578
469.89,485,3324,3318,3902376,5013498,2025-04-22,2025-07-18,513.88,-6,1111122,970115399,237216107,0.51679398194977,94.5340139889894,0.221626098185339
508.05,552,1139,1135,3200590,4988325,2025-04-22,2025-05-16,513.88,-4,1787735,2663342352,818155905,0.187295673658104,96.74563910513,0.358383826234257
487.33,495,5441,6441,2415804,4940247,2025-04-22,2025-05-09,513.88,1000,2524443,145563771,48833654,3.39387126759721,57.49766540467,0.510995300437407
446.1,455,5369,5458,3849573,4857620,2025-04-22,2025-07-18,513.88,89,1008047,970115399,237216107,0.500725996619295,95.0347399856087,0.207518702574512
485.75,490,12499,11332,3149748,4816100,2025-04-22,2025-05-02,513.88,-1167,1666352,283947147,97379483,1.69612551169602,71.3690509452451,0.345996137953946
353.68,360,7603,7601,4006781,4803832,2025-04-22,2025-12-19,513.88,-2,797051,1219948452,202053272,0.393773359204197,94.3943792962819,0.165919832333853
509.16,562,905,905,3289675,4782020,2025-04-22,2025-05-30,513.88,0,1492345,714922174,189462696,0.668886792704236,88.3805130095182,0.312074186222559
403.68,405,35706,35707,3820542,4713324,2025-04-22,2025-05-23,513.88,1,892782.000000001,94643758,38004586,4.98006852179306,67.2086129546969,0.189416640994763
508.09,534,1818,1811,2063430,4692301,2025-04-22,2025-04-25,513.88,-7,2628871,260444684,116124758,1.801649750701,65.6334632654664,0.56025199576924
533.15,576,1080,1080,4627800,4627800,2025-04-22,2025-08-15,513.88,0,0,780536560,155968339,0.592899838029368,77.3583675567997,0
475.97,485,4694,5123,2821094,4626069,2025-04-22,2025-05-30,513.88,429,1804975,714922174,189462696,0.647073089664722,89.0275860991829,0.390174681787064
486.15,517,1290,1491,2964420,4599735,2025-04-22,2025-08-15,513.88,201,1635315,780536560,155968339,0.589304234512731,77.9476717913124,0.355523742128623
500.63,505,8341,10494,1526403,4585878,2025-04-22,2025-04-25,513.88,2153,3059475,260444684,116124758,1.76078771490686,67.3942509803733,0.667151415715813
441.75,450,5228,5521,3377288,4554825,2025-04-22,2025-07-18,513.88,293,1177537,970115399,237216107,0.469513730500014,95.5042537161087,0.258525190320155
406.7,415,5443,5442,3396432,4516860,2025-04-22,2025-09-19,513.88,-1,1120428,2008366648,399422257,0.224902161390603,97.8454852333318,0.24805462201618
476.66,495,2299,2462,3273776,4515308,2025-04-22,2025-07-18,513.88,163,1241532,970115399,237216107,0.465440297582577,95.9696940136913,0.274960644988116
463.4,480,2730,2716,3480750,4508560,2025-04-22,2025-08-15,513.88,-14,1027810,780536560,155968339,0.577623167324795,78.5252949586372,0.227968575332257
521.81,569,935,935,4412265,4412265,2025-04-22,2025-08-15,513.88,0,0,780536560,155968339,0.56528614111298,79.0905810997502,0
484.49,493,4855,5165,2568295,4395415,2025-04-22,2025-05-16,513.88,310,1827120,2663342352,818155905,0.165033796601452,96.9106729017314,0.415687710944245
340.1,345,8832,8832,3824256,4327680,2025-04-22,2025-12-19,513.88,0,503424,1219948452,202053272,0.354742857610512,94.7491221538925,0.116326530612245
500.02,519,2198,2268,2657382,4304664,2025-04-22,2025-05-16,513.88,70,1647282,2663342352,818155905,0.161626386362514,97.0722992880939,0.382673769660071
512.47,533,2125,2095,2261000,4301035,2025-04-22,2025-04-25,513.88,-30,2040035,260444684,116124758,1.65141976942789,69.0456707498011,0.474312578251514
437,440,13507,13922,2958033,4176600,2025-04-22,2025-05-30,513.88,415,1218567,714922174,189462696,0.584203449255443,89.6117895484383,0.291760522913375
495.01,533,1090,1089,3048730,4137111,2025-04-22,2025-08-15,513.88,-1,1088381,780536560,155968339,0.530034236961303,79.6206153367115,0.263077543725561
507.5,525,2495,2363,2519950,4135250,2025-04-22,2025-05-02,513.88,-132,1615300,283947147,97379483,1.45634497253815,72.8253959177833,0.390617254095883
458.3,470,3594,3520,3216630,4118400,2025-04-22,2025-07-18,513.88,-74,901770,970115399,237216107,0.42452681446406,96.3942208281553,0.218961247086247
428.76,445,2583,2529,3466386,4107096,2025-04-22,2025-12-19,513.88,-54,640710,1219948452,202053272,0.336661437888361,95.0857835917808,0.156000736286661
514.19,610,455,428,3789695,4100668,2025-04-22,2025-09-19,513.88,-27,310973,2008366648,399422257,0.204179252034661,98.0496644853664,0.0758347176606347
514.36,545,1368,1329,2640240,4072056,2025-04-22,2025-04-25,513.88,-39,1431816,260444684,116124758,1.56350129227441,70.6091720420756,0.351619918783042
509.83,570,672,672,3212160,4043424,2025-04-22,2025-08-15,513.88,0,831264,780536560,155968339,0.518031339877276,80.1386466765887,0.205584178161875
478.86,486,2048,5634,927744,4022676,2025-04-22,2025-05-16,513.88,3586,3094932,2663342352,818155905,0.151038637484183,97.2233379255781,0.769371433344371
402.31,405,14819,14798,3141628,3980662,2025-04-22,2025-06-20,513.88,-21,839034,2708121566,668417959,0.146989782511115,98.0021683413602,0.210777503842326
512.31,585,649,536,3742783,3896184,2025-04-22,2025-05-16,513.88,-113,153401,2663342352,818155905,0.146289266833241,97.3696271924113,0.0393721138426726
520.79,640,323,323,3850483,3850483,2025-04-22,2025-12-19,513.88,0,0,1219948452,202053272,0.315626696659803,95.4014102884406,0
510.97,610,394,388,3258380,3842364,2025-04-22,2025-06-20,513.88,-6,583984,2708121566,668417959,0.141882995513947,98.1440513368742,0.151985600531339
411.88,420,4716,4731,3192732,3841572,2025-04-22,2025-09-19,513.88,15,648840,2008366648,399422257,0.191278420393287,98.2409429057597,0.168899606723497
486.88,518,266,1231,627494,3830872,2025-04-22,2025-08-15,513.88,965,3203378,780536560,155968339,0.490799815962496,80.6294464925512,0.836200739674936
510.13,548,1007,1006,2763208,3809722,2025-04-22,2025-05-30,513.88,-1,1046514,714922174,189462696,0.532886255112854,90.1446758035512,0.274695633959643
517.89,562,863,863,3806693,3806693,2025-04-22,2025-08-15,513.88,0,0,780536560,155968339,0.487702075095624,81.1171485676469,0
515.65,574,651,651,2828595,3798585,2025-04-22,2025-05-30,513.88,0,969990,714922174,189462696,0.531328463173391,90.6760042667246,0.255355612682091
510.68,571,663,629,2783274,3794128,2025-04-22,2025-05-16,513.88,-34,1010854,2663342352,818155905,0.14245738994654,97.5120845823579,0.266425908667288
496.83,505,3648,4630,1648896,3782710,2025-04-22,2025-05-02,513.88,982,2133814,283947147,97379483,1.33218806385824,74.1575839816415,0.564096639710684
512.69,545,1176,1168,2420208,3773808,2025-04-22,2025-05-02,513.88,-8,1353600,283947147,97379483,1.32905297336902,75.4866369550105,0.358682794673179
463.76,470,6112,6006,2756512,3747744,2025-04-22,2025-05-30,513.88,-106,991232,714922174,189462696,0.524217059743904,91.2002213264685,0.264487649103034
416.73,420,11526,11437,2939130,3739899,2025-04-22,2025-06-20,513.88,-89,800769,2708121566,668417959,0.138099376592018,98.2821507134662,0.214115140542565
508.17,615,349,349,3052005,3728367,2025-04-22,2025-06-20,513.88,0,676362,2708121566,668417959,0.137673546372844,98.419824259839,0.181409716371806
424.09,430,6260,6300,2986020,3723300,2025-04-22,2025-07-18,513.88,40,737280.000000001,970115399,237216107,0.383799700926096,96.7780205290814,0.198017887357989
488.75,522,1023,1115,2445993,3707375,2025-04-22,2025-08-15,513.88,92,1261382,780536560,155968339,0.474977751202327,81.5921263188492,0.340235881182778
513.91,547,1127,1113,2330636,3682917,2025-04-22,2025-04-25,513.88,-14,1352281,260444684,116124758,1.4140879911375,72.023260033213,0.367176615709776
504,553,748,747,2897752,3660300,2025-04-22,2025-08-15,513.88,-1,762548,780536560,155968339,0.468946643575542,82.0610729624247,0.208329371909406
479.34,487,4536,4771,1945944,3654586,2025-04-22,2025-05-16,513.88,235,1708642,2663342352,818155905,0.137218033470449,97.6493026158283,0.467533668656313
511.13,600,480,410,3360000,3643670,2025-04-22,2025-07-18,513.88,-70,283670.000000001,970115399,237216107,0.37559139910117,97.1536119281826,0.0778528242129502
420.23,435,2409,2407,2729397,3555139,2025-04-22,2025-12-19,513.88,-2,825742,1219948452,202053272,0.291417149156725,95.6928274375973,0.232267149048181
486.46,516,1090,1202,2468850,3550708,2025-04-22,2025-08-15,513.88,112,1081858,780536560,155968339,0.454906045656593,82.5159790080813,0.304687966456267
483.53,490,6443,5471,2577200,3539737,2025-04-22,2025-05-09,513.88,-972,962537,145563771,48833654,2.43174312927081,59.9294085339408,0.271923309556614
344.26,350,6136,6147,2834832,3528378,2025-04-22,2025-12-19,513.88,11,693546,1219948452,202053272,0.289223531880837,95.9820509694782,0.196562273089788
504.4,518,2578,2585,2052088,3515600,2025-04-22,2025-05-02,513.88,7,1463512,283947147,97379483,1.23811774027087,76.7247546952814,0.41629081806804
411.93,415,11217,11423,2591127,3506861,2025-04-22,2025-06-20,513.88,206,915734,2708121566,668417959,0.12949422374638,98.5493184835854,0.261126403356164
512.2,532,1771,1770,1857779,3504600,2025-04-22,2025-04-25,513.88,-1,1646821,260444684,116124758,1.34562162919785,73.3688816624109,0.469902699309479
493.15,532,904,887,2627928,3445995,2025-04-22,2025-08-15,513.88,-17,818067.000000001,780536560,155968339,0.441490530565282,82.9574695386466,0.237396455885746
483.55,492,4025,4077,2258025,3445065,2025-04-22,2025-05-16,513.88,52,1187040,2663342352,818155905,0.129351189020554,97.7786538048489,0.344562439315368
504.7,542,915,915,2008425,3412950,2025-04-22,2025-05-30,513.88,0,1404525,714922174,189462696,0.477387626810411,91.6776089532789,0.411528150134048
509.59,565,620,610,2345460,3380010,2025-04-22,2025-05-09,513.88,-10,1034550,145563771,48833654,2.32201321577469,62.2514217497155,0.306078976097704
519.69,567,712,712,3368472,3368472,2025-04-22,2025-08-15,513.88,0,0,780536560,155968339,0.431558516618363,83.389028055265,0
512.13,531,1891,1776,1771867,3351312,2025-04-22,2025-04-25,513.88,-115,1579445,260444684,116124758,1.28676536934039,74.6556470317513,0.471291541939396
347.96,350,16364,16367,2765516,3338868,2025-04-22,2025-07-18,513.88,3,573352,970115399,237216107,0.344172250377813,97.4977841785604,0.171720475322774
395.07,400,6753,6729,2667435,3317397,2025-04-22,2025-08-15,513.88,-24,649962,780536560,155968339,0.425014941004173,83.8140429962691,0.195925299263248
512.17,560,661,673,2098675,3218959,2025-04-22,2025-05-09,513.88,12,1120284,145563771,48833654,2.21137373529571,64.4627954850112,0.348026799968561
450.69,455,7279,7368,2234653,3175608,2025-04-22,2025-05-30,513.88,89,940955,714922174,189462696,0.444189327942149,92.121798281221,0.296307037896365
439.84,445,6448,6150,2579200,3173400,2025-04-22,2025-06-20,513.88,-298,594200,2708121566,668417959,0.117180854797713,98.6664993383831,0.18724396546291
510,605,332,333,2414636,3163500,2025-04-22,2025-08-15,513.88,1,748864,780536560,155968339,0.405298119539718,84.2193411158089,0.236720088509562
513.55,542,1128,1106,1994304,3146570,2025-04-22,2025-04-25,513.88,-22,1152266,260444684,116124758,1.20815289898564,75.8637999307369,0.366197478524234
512.89,541,1124,1116,1565732,3137076,2025-04-22,2025-04-25,513.88,-8,1571344,260444684,116124758,1.20450759517134,77.0683075259083,0.500894463506782
513.59,535,1540,1464,1877260,3134424,2025-04-22,2025-04-25,513.88,-76,1257164,260444684,116124758,1.20348933672227,78.2717968626305,0.401082942192888
422.6,430,4207,4221,2578891,3123540,2025-04-22,2025-08-15,513.88,14,544649,780536560,155968339,0.400178564345532,84.6195196801544,0.174369145264668
415.88,430,2193,2203,2403528,3110636,2025-04-22,2025-12-19,513.88,10,707107.999999999,1219948452,202053272,0.254980937506038,96.2370319069842,0.227319429209975
454.32,465,2417,2845,1981940,3038460,2025-04-22,2025-07-18,513.88,428,1056520,970115399,237216107,0.313206037460292,97.8109902160207,0.347715619096516
452.08,455,3083,10316,622766,3012272,2025-04-22,2025-05-16,513.88,7233,2389506,2663342352,818155905,0.113101193984242,97.8917549988331,0.79325704982817
421.43,425,8521,8437,2385880,3012009,2025-04-22,2025-06-20,513.88,-84,626129,2708121566,668417959,0.111221336509234,98.7777206748923,0.207877532902458
348.79,350,24743,24757,2474300,2995597,2025-04-22,2025-06-20,513.88,14,521297,2708121566,668417959,0.110615307584756,98.8883359824771,0.174021071592741
399.09,400,32818,32772,2428532,2982252,2025-04-22,2025-05-16,513.88,-46,553720,2663342352,818155905,0.111974038852366,98.0037290376855,0.185671767509922
519.37,566,631,631,2942353,2942353,2025-04-22,2025-08-15,513.88,0,0,780536560,155968339,0.376965430036999,84.9964851101914,0
506.34,543,792,792,1844568,2903472,2025-04-22,2025-05-30,513.88,0,1058904,714922174,189462696,0.406124205625772,92.5279224868468,0.364702673213311
409.21,410,36126,36126,2384316,2853954,2025-04-22,2025-05-09,513.88,0,469638,145563771,48833654,1.96062109437932,66.4234165793905,0.164556962025316
510.32,547,782,773,1742296,2835364,2025-04-22,2025-05-02,513.88,-9,1093068,283947147,97379483,0.998553438538335,77.7233081338197,0.385512406872627
505.95,534,999,998,1650348,2799390,2025-04-22,2025-05-09,513.88,-1,1149042,145563771,48833654,1.92313649252739,68.3465530719179,0.410461564840912
439.07,450,2520,2557,2066400,2794801,2025-04-22,2025-08-15,513.88,37,728401,780536560,155968339,0.358061510917567,85.354546621109,0.260627143041669
512.04,541,936,962,1607112,2785952,2025-04-22,2025-05-02,513.88,26,1178840,283947147,97379483,0.981151608471699,78.7044597422914,0.423137225623413
487.15,519,771,869,1752483,2767765,2025-04-22,2025-08-15,513.88,98,1015282,780536560,155968339,0.35459773979069,85.7091443608996,0.366823772972055
383.07,385,14218,14293,2274880,2758549,2025-04-22,2025-06-20,513.88,75,483669,2708121566,668417959,0.101862081622668,98.9901980640998,0.175334569007112
384.34,390,4844,4843,2451064,2741138,2025-04-22,2025-09-19,513.88,-1,290074,2008366648,399422257,0.136485935111984,98.3774288408717,0.105822472272465
474.41,498,1136,1149,1939152,2710491,2025-04-22,2025-08-15,513.88,13,771339,780536560,155968339,0.347259966913017,86.0564043278127,0.284575377671426
407.18,410,9314,9525,2077022,2686050,2025-04-22,2025-06-20,513.88,211,609028,2708121566,668417959,0.0991849861440083,99.0893830502438,0.226737402505538
471.82,477,5110,5185,1890700,2685830,2025-04-22,2025-05-16,513.88,75,795130,2663342352,818155905,0.100844339368655,98.1045733770542,0.296046287367406
510.12,540,906,891,1730460,2662308,2025-04-22,2025-05-09,513.88,-15,931848,145563771,48833654,1.82896333456489,70.1755164064828,0.350015099680428
477.29,502,1061,1062,1959667,2624202,2025-04-22,2025-08-15,513.88,1,664535,780536560,155968339,0.336204879371698,86.3926092071844,0.253233173360892
446.79,460,1916,1957,1845108,2585197,2025-04-22,2025-08-15,513.88,41,740089,780536560,155968339,0.331207675909505,86.7238168830939,0.286279536917303
403.23,415,2194,2195,2066748,2583515,2025-04-22,2025-12-19,513.88,1,516767,1219948452,202053272,0.211772472497879,96.4488043794821,0.200024772451486
343.82,345,21796,21794,2266784,2571692,2025-04-22,2025-06-20,513.88,-2,304908,2708121566,668417959,0.0949622067298289,99.1843452569736,0.11856318719349
516.82,559,608,608,2564544,2564544,2025-04-22,2025-08-15,513.88,0,0,780536560,155968339,0.328561675573531,87.0523785586674,0
509.49,556,552,551,1811112,2562701,2025-04-22,2025-05-30,513.88,-1,751589,714922174,189462696,0.358458737635965,92.8863812244828,0.293280019791618
494.42,505,2290,2401,1509110,2540258,2025-04-22,2025-05-09,513.88,111,1031148,145563771,48833654,1.74511692198466,71.9206333284674,0.405922548024649
510.51,538,1013,910,1700827,2501590,2025-04-22,2025-05-02,513.88,-103,800763,283947147,97379483,0.881005506281773,79.5854652485732,0.320101615372623
509.58,620,219,225,2088384,2484450,2025-04-22,2025-07-18,513.88,6,396066,970115399,237216107,0.256098398454553,98.0670886144753,0.159417979834571
498.14,542,575,565,1878525,2478090,2025-04-22,2025-08-15,513.88,-10,599565,780536560,155968339,0.317485448727732,87.3698640073951,0.241946418410954
509.82,547,666,666,1818180,2476188,2025-04-22,2025-05-30,513.88,0,658008,714922174,189462696,0.346357700187937,93.2327389246707,0.265734265734266
529.4,568,632,632,2439520,2439520,2025-04-22,2025-05-30,513.88,0,0,714922174,189462696,0.341228750305904,93.5739676749766,0
367.47,375,2834,3224,1686230,2427672,2025-04-22,2025-12-19,513.88,390,741442,1219948452,202053272,0.198997916348026,96.6478022958301,0.305412757571863
442.12,445,3364,8429,726624,2427552,2025-04-22,2025-05-23,513.88,5065,1700928,94643758,38004586,2.56493618945266,69.7735491441496,0.700676236801519
347.32,355,3121,3121,2396928,2396928,2025-04-22,2025-12-19,513.88,0,0,1219948452,202053272,0.19647780986733,96.8442801056975,0
501.59,548,527,511,1913010,2371551,2025-04-22,2025-08-15,513.88,-16,458541,780536560,155968339,0.30383599200017,87.6736999993953,0.193350680630524
510.22,559,486,485,1614006,2365830,2025-04-22,2025-05-30,513.88,-1,751824,714922174,189462696,0.330921334662645,93.9048890096393,0.317784456195077
506.52,539,747,724,1669545,2351552,2025-04-22,2025-05-30,513.88,-23,682007,714922174,189462696,0.328924194201871,94.2338132038411,0.290024205290804
347.28,350,8621,8621,2000072,2344912,2025-04-22,2025-08-15,513.88,0,344840.000000001,780536560,155968339,0.300423083321043,87.9741230827163,0.147058823529412
479.59,485,4619,4329,1542746,2341989,2025-04-22,2025-05-09,513.88,-290,799243,145563771,48833654,1.60890926630363,73.5295425947711,0.341266760860107
503.66,554,465,464,1847910,2335776,2025-04-22,2025-08-15,513.88,-1,487866,780536560,155968339,0.299252606437807,88.2733756891541,0.208866774896223
510.11,572,940,376,4154800,2327064,2025-04-22,2025-05-16,513.88,-564,-1827736,2663342352,818155905,0.0873738217789584,98.1919471988331,-0.785425755372435
457.87,474,1427,1427,1427000,2301751,2025-04-22,2025-08-15,513.88,0,874751,780536560,155968339,0.294893425619935,88.5682691147741,0.380037197768134
514.39,543,817,803,1449358,2297383,2025-04-22,2025-04-25,513.88,-14,848025,260444684,116124758,0.882100169877148,79.1538970325077,0.369126523526987
399.14,410,2107,2112,1860481,2293632,2025-04-22,2025-12-19,513.88,5,433151,1219948452,202053272,0.188010566859591,97.0322906725571,0.188849388219209
508.38,528,679,1168,753690,2291616,2025-04-22,2025-05-02,513.88,489,1537926,283947147,97379483,0.807057237310435,80.3925224858836,0.67110981944619
472.76,475,8632,10229,1251640,2291296,2025-04-22,2025-05-02,513.88,1597,1039656,283947147,97379483,0.806944540280942,81.1994670261646,0.453741463346508
481.07,508,840,850,1708560,2289050,2025-04-22,2025-08-15,513.88,10,580490,780536560,155968339,0.293266211642924,88.861535326417,0.253594285839104
492.92,495,11455,10988,1088225,2285504,2025-04-22,2025-04-25,513.88,-467,1197279,260444684,116124758,0.877539124584321,80.031436157092,0.523857757413682
511.96,545,699,691,1565760,2283064,2025-04-22,2025-05-09,513.88,-8,717304,145563771,48833654,1.56842872667815,75.0979713214492,0.314184797272437
480.15,505,894,912,1628868,2266320,2025-04-22,2025-08-15,513.88,18,637452,780536560,155968339,0.29035411230449,89.1518894387215,0.281271841575771
474.32,495,1049,1095,1708821,2264460,2025-04-22,2025-08-15,513.88,46,555639,780536560,155968339,0.290115814690346,89.4420052534118,0.245373731485652
509.01,542,668,686,1247156,2263114,2025-04-22,2025-05-02,513.88,18,1015958,283947147,97379483,0.797019453764753,81.9964864799293,0.448920381386002
483.24,495,1837,1924,1442045,2262624,2025-04-22,2025-05-30,513.88,87,820579,714922174,189462696,0.316485357747485,94.5502985615886,0.362666974274117
496.48,537,571,555,1667320,2248860,2025-04-22,2025-08-15,513.88,-16,581540,780536560,155968339,0.288117189539462,89.7301224429513,0.258593242798574
351.11,355,5775,5776,1899975,2246864,2025-04-22,2025-09-19,513.88,1,346889,2008366648,399422257,0.111875189833366,98.4893040307051,0.154388071552172
473.74,494,1109,1109,1721168,2246834,2025-04-22,2025-08-15,513.88,0,525666,780536560,155968339,0.287857624503841,90.0179800674552,0.23395853899309
506.9,549,534,533,1466898,2243930,2025-04-22,2025-05-30,513.88,-1,777032,714922174,189462696,0.313870527675086,94.8641690892637,0.346281746756806
394.38,395,35991,36002,1835541,2232124,2025-04-22,2025-05-09,513.88,11,396583,145563771,48833654,1.53343375529891,76.6314050767481,0.177670684961947
491.98,504,1719,1802,1356291,2166004,2025-04-22,2025-05-16,513.88,83,809713,2663342352,818155905,0.0813265331200651,98.2732737319532,0.373828026171697
511.6,600,245,245,1782865,2165800,2025-04-22,2025-05-16,513.88,0,382935,2663342352,818155905,0.081318873571534,98.3545926055247,0.176809954751131
495.44,509,1437,1576,1267434,2137056,2025-04-22,2025-05-16,513.88,139,869622,2663342352,818155905,0.0802396281647835,98.4348322336895,0.40692522797718
428.69,435,1817,3378,941206,2131518,2025-04-22,2025-07-18,513.88,1561,1190312,970115399,237216107,0.219717984293124,98.2868065987684,0.558433942382846
513.49,544,532,698,946428,2129598,2025-04-22,2025-04-25,513.88,166,1183170,260444684,116124758,0.817677660873278,80.8491138179653,0.555583729887049
510.92,564,393,401,1454493,2128508,2025-04-22,2025-05-30,513.88,8,674015,714922174,189462696,0.297725833301682,95.1618949225654,0.316660778348026
510.71,526,1474,1384,1049488,2116136,2025-04-22,2025-04-25,513.88,-90,1066648,260444684,116124758,0.812508808972273,81.6616226269376,0.504054559820352
372.36,380,2766,2766,1770240,2113224,2025-04-22,2025-12-19,513.88,0,342984,1219948452,202053272,0.173222401039614,97.2055130735967,0.162303664921466
513.4,550,581,573,1439137,2097180,2025-04-22,2025-05-09,513.88,-8,658043,145563771,48833654,1.44072936939783,78.0721344461459,0.313775164745039
507.7,527,1241,1065,1383715,2055450,2025-04-22,2025-05-02,513.88,-176,671735,283947147,97379483,0.72388471647507,82.7203711964044,0.326806781969885
353.55,355,14126,14137,1483230,2049865,2025-04-22,2025-06-20,513.88,11,566635,2708121566,668417959,0.0756932416083422,99.2600384985819,0.276425520705022
513.1,536,827,894,1037058,2047260,2025-04-22,2025-04-25,513.88,67,1010202,260444684,116124758,0.786063270156821,82.4476858970944,0.493440989420005
509.26,531,937,934,1173124,2030516,2025-04-22,2025-05-02,513.88,-3,857392,283947147,97379483,0.715103504808238,83.4354747012126,0.422253259762543
512.26,620,189,187,1764693,2014738,2025-04-22,2025-06-20,513.88,-2,250045,2708121566,668417959,0.0743961432638286,99.3344346418458,0.124107948527302
247.77,250,8959,8961,1666374,1998303,2025-04-22,2025-12-19,513.88,2,331929,1219948452,202053272,0.163802248916662,97.3693153225133,0.166105440466235
520.82,635,175,175,1998150,1998150,2025-04-22,2025-09-19,513.88,0,0,2008366648,399422257,0.0994912956750116,98.5887953263801,0
513.47,555,495,481,1309275,1997593,2025-04-22,2025-05-02,513.88,-14,688318,283947147,97379483,0.703508741364462,84.1389834425771,0.34457369444126
520.28,572,386,386,1996392,1996392,2025-04-22,2025-05-30,513.88,0,0,714922174,189462696,0.279246059585781,95.4411409821512,0
504.84,530,747,784,1286334,1972544,2025-04-22,2025-05-23,513.88,37,686210,94643758,38004586,2.08417759573748,71.8577267398871,0.347880706336589
488.64,499,1900,1901,1373700,1969436,2025-04-22,2025-05-16,513.88,1,595736,2663342352,818155905,0.0739460324550871,98.5087782661446,0.302490662301288
503.48,537,597,587,1305042,1967624,2025-04-22,2025-05-30,513.88,-10,662582,714922174,189462696,0.275222125086863,95.716363107238,0.336742182449492
509.68,630,163,163,1779634,1961216,2025-04-22,2025-09-19,513.88,0,181582,2008366648,399422257,0.0976522888364555,98.6864476152165,0.0925864361702128
509.68,625,169,169,1709942,1948908,2025-04-22,2025-09-19,513.88,0,238966,2008366648,399422257,0.0970394525292874,98.7834870677458,0.122615331252168
513.25,557,429,445,1423851,1946875,2025-04-22,2025-05-30,513.88,16,523024,714922174,189462696,0.272319851139489,95.9886829583775,0.268647961476726
484.32,514,547,651,1202853,1932168,2025-04-22,2025-08-15,513.88,104,729315,780536560,155968339,0.247543561572567,90.2655236290277,0.377459413467152
468.21,487,1020,1022,1491240,1920338,2025-04-22,2025-08-15,513.88,2,429098,780536560,155968339,0.246027937499814,90.5115515665275,0.223449205296151
477.11,484,2555,2784,1098650,1918176,2025-04-22,2025-05-16,513.88,229,819526,2663342352,818155905,0.072021383152623,98.5807996492972,0.42724233855496
296.57,300,5517,5550,1605447,1903650,2025-04-22,2025-12-19,513.88,33,298203,1219948452,202053272,0.15604347846658,97.5253588009799,0.156648018280671
534.03,579,422,422,1897734,1897734,2025-04-22,2025-08-15,513.88,0,0,780536560,155968339,0.243131980902983,90.7546835474305,0
470.71,476,3657,3584,1239723,1895936,2025-04-22,2025-05-16,513.88,-73,656213,2663342352,818155905,0.0711863421755102,98.6519859914727,0.346115586180124
338.92,340,17463,17493,1519281,1889244,2025-04-22,2025-06-20,513.88,30,369963,2708121566,668417959,0.069762156312299,99.4041967981581,0.19582594942739
505.76,525,1078,979,1281742,1883596,2025-04-22,2025-05-09,513.88,-99,601854,145563771,48833654,1.29400055182687,79.3661349979728,0.319523931883482
513.8,552,996,483,2420280,1845060,2025-04-22,2025-04-25,513.88,-513,-575220,260444684,116124758,0.708426822795124,83.1561127198895,-0.311762219114825
491.77,527,428,522,1160736,1839006,2025-04-22,2025-08-15,513.88,94,678270,780536560,155968339,0.235607925911888,90.9902914733424,0.36882424527163
378.12,380,9834,9748,1425930,1832624,2025-04-22,2025-06-20,513.88,-86,406694,2708121566,668417959,0.0676714082191981,99.4718682063773,0.221918953369595
149.4,150,30466,30401,1523300,1824060,2025-04-22,2025-12-19,513.88,-65,300760,1219948452,202053272,0.149519432317785,97.6748782332977,0.164884927030909
499.74,543,427,420,1387750,1816920,2025-04-22,2025-08-15,513.88,-7,429170,780536560,155968339,0.232778333919426,91.2230698072618,0.236207427955001
521.37,640,152,152,1803176,1803176,2025-04-22,2025-09-19,513.88,0,0,2008366648,399422257,0.0897832077522132,98.873270275498,0
523.92,615,197,197,1794276,1794276,2025-04-22,2025-12-19,513.88,0,0,1219948452,202053272,0.147078017686603,97.8219562509843,0
512.33,556,410,410,1223440,1790470,2025-04-22,2025-05-02,513.88,0,567030,283947147,97379483,0.630564532490267,84.7695479750673,0.316693382184566
509.16,522,1651,1369,962533,1757796,2025-04-22,2025-04-25,513.88,-282,795263,260444684,116124758,0.674921051565791,83.8310337714553,0.452420531165164
509.91,539,608,604,891936,1757036,2025-04-22,2025-04-25,513.88,-4,865100,260444684,116124758,0.674629242960475,84.5056630144158,0.492363275425205
508.75,533,730,722,1031490,1750850,2025-04-22,2025-05-02,513.88,-8,719360,283947147,97379483,0.616611231526126,85.3861592065935,0.410863294971014
415.05,420,2567,3528,1013965,1746360,2025-04-22,2025-07-18,513.88,961,732395,970115399,237216107,0.180015697287164,98.4668222960555,0.419383746764699
475.57,480,3850,3933,1078000,1742319,2025-04-22,2025-05-09,513.88,83,664319,145563771,48833654,1.19694549545573,80.5630804934286,0.381284368706305
449.02,450,17790,17511,1387620,1716078,2025-04-22,2025-05-02,513.88,-279,328458,283947147,97379483,0.60436529055881,85.9905244971523,0.191400390891323
325.33,330,3663,3668,1465200,1712956,2025-04-22,2025-12-19,513.88,5,247756,1219948452,202053272,0.140412162267328,97.9623684132516,0.144636523063056
477.27,480,6479,6212,1023682,1695876,2025-04-22,2025-05-02,513.88,-267,672194,283947147,97379483,0.59725058621561,86.5877750833679,0.396369781752911
522.16,574,327,327,1695168,1695168,2025-04-22,2025-08-15,513.88,0,0,780536560,155968339,0.217179833318762,91.4402496405806,0
427.49,430,4522,6715,845614,1685465,2025-04-22,2025-05-30,513.88,2193,839851,714922174,189462696,0.23575503198758,96.2244379903651,0.498290382772707
431.06,440,1821,1879,1218249,1679826,2025-04-22,2025-08-15,513.88,58,461577,780536560,155968339,0.215214262353066,91.6554639029336,0.274776673298306
495.56,536,420,415,1215060,1678260,2025-04-22,2025-08-15,513.88,-5,463200,780536560,155968339,0.215013631135997,91.8704775340696,0.276000143005255
476.79,483,2645,2697,1161155,1674837,2025-04-22,2025-05-16,513.88,52,513682,2663342352,818155905,0.0628847807996709,98.7148707722724,0.306705667476895
500.3,515,1039,1139,940295,1674330,2025-04-22,2025-05-09,513.88,100,734035,145563771,48833654,1.15023813171205,81.7133186251406,0.438405212831401
512.01,558,371,360,1141938,1655640,2025-04-22,2025-05-02,513.88,-11,513702,283947147,97379483,0.583080343469695,87.1708554268376,0.31027397260274
506.81,536,563,560,1140075,1634640,2025-04-22,2025-05-30,513.88,-3,494565,714922174,189462696,0.228645866563932,96.453083856929,0.302552855674644
417.66,425,2225,2226,1248225,1633884,2025-04-22,2025-08-15,513.88,1,385659,780536560,155968339,0.209328311283715,92.0798058453533,0.236038176516815
510.17,559,334,333,1082160,1626039,2025-04-22,2025-05-02,513.88,-1,543879,283947147,97379483,0.572655516063347,87.743510942901,0.334480907284512
527.44,567,409,409,1618004,1618004,2025-04-22,2025-05-30,513.88,0,0,714922174,189462696,0.226318899992603,96.6794027569216,0
512.91,560,344,343,1183016,1615187,2025-04-22,2025-05-23,513.88,-1,432171,94643758,38004586,1.70659643502322,73.5643231749103,0.267567160954119
509.45,548,419,416,901688,1603680,2025-04-22,2025-04-25,513.88,-3,701992,260444684,116124758,0.615746873912005,85.1214098883278,0.437738202135089
467.64,488,786,787,1175070,1602332,2025-04-22,2025-08-15,513.88,1,427262,780536560,155968339,0.205285963799056,92.2850918091524,0.266650107468365
375,380,3155,3159,1299860,1579500,2025-04-22,2025-09-19,513.88,4,279640,2008366648,399422257,0.0786459983077751,98.9519162738058,0.177043368154479
505,544,405,404,1053000,1575600,2025-04-22,2025-05-30,513.88,-1,522600,714922174,189462696,0.220387625017209,96.8997903819388,0.331683168316832
373.32,375,9294,9297,1245396,1561896,2025-04-22,2025-06-20,513.88,3,316500,2708121566,668417959,0.057674515782797,99.5295427221601,0.202638331873569
507.6,517,1254,1656,546744,1556640,2025-04-22,2025-04-25,513.88,402,1009896,260444684,116124758,0.597685457077711,85.7190953454055,0.648766574159729
499.27,508,1741,1773,922730,1547829,2025-04-22,2025-05-02,513.88,32,625099,283947147,97379483,0.545111657698748,88.2886226005997,0.403855335440801
525.78,566,384,384,1544448,1544448,2025-04-22,2025-05-30,513.88,0,0,714922174,189462696,0.216030227648247,97.1158206095871,0
502.62,508,705,2864,163560,1540832,2025-04-22,2025-04-25,513.88,2159,1377272,260444684,116124758,0.591615838087139,86.3107111834926,0.893849556603186
372.08,375,5252,5252,1181700,1533584,2025-04-22,2025-07-18,513.88,0,351884,970115399,237216107,0.158082636517349,98.6249049325729,0.229452054794521
268.2,270,8512,8513,1353408,1532340,2025-04-22,2025-09-19,513.88,1,178932,2008366648,399422257,0.076297821492204,99.028214095298,0.116770429539136
512.01,537,624,613,851136,1531887,2025-04-22,2025-04-25,513.88,-11,680751,260444684,116124758,0.588181327594308,86.8988925110869,0.444387216550568
466.69,472,2801,2852,851504,1514412,2025-04-22,2025-05-16,513.88,51,662908,2663342352,818155905,0.0568613343629208,98.7717321066353,0.437732928687834
506.14,514,2164,1912,761728,1502832,2025-04-22,2025-04-25,513.88,-252,741104,260444684,116124758,0.57702540782134,87.4759179189083,0.493138288245127
510.51,524,1185,1113,776175,1501437,2025-04-22,2025-04-25,513.88,-72,725262,260444684,116124758,0.576489785447109,88.0524077043554,0.483045242657534
488.63,490,6607,10881,455883,1490697,2025-04-22,2025-04-25,513.88,4274,1034814,260444684,116124758,0.572366069103564,88.624773773459,0.694181312500126
376.77,385,1838,1811,1246164,1490453,2025-04-22,2025-12-19,513.88,-27,244289,1219948452,202053272,0.122173440816826,98.0845418540684,0.16390251822768
358.6,365,2304,2310,1359360,1478400,2025-04-22,2025-12-19,513.88,6,119040,1219948452,202053272,0.121185448252038,98.2057273023205,0.0805194805194805
509.41,543,447,439,840807,1474601,2025-04-22,2025-05-02,513.88,-8,633794,283947147,97379483,0.519322351212073,88.8079449518118,0.429807113924377
511.27,528,984,873,837384,1460529,2025-04-22,2025-04-25,513.88,-111,623145,260444684,116124758,0.560782803307285,89.1855565767662,0.426657053711361
527.22,573,319,319,1460382,1460382,2025-04-22,2025-05-30,513.88,0,0,714922174,189462696,0.204271465218255,97.3200920748053,0
504.03,541,400,395,942000,1460315,2025-04-22,2025-05-30,513.88,-5,518315,714922174,189462696,0.204262093568803,97.5243541683741,0.354933695812205
320.53,325,3259,3254,1215607,1454538,2025-04-22,2025-12-19,513.88,-5,238931,1219948452,202053272,0.119229463967548,98.324956766288,0.16426590436276
461.12,478,68,855,86768,1443240,2025-04-22,2025-08-15,513.88,787,1356472,780536560,155968339,0.184903574535958,92.4699953836884,0.939879715085502
504.46,511,922,2194,267380,1434876,2025-04-22,2025-04-25,513.88,1272,1167496,260444684,116124758,0.550933111001797,89.736489687768,0.813656371700412
454.83,465,1407,1407,1430919,1430919,2025-04-22,2025-08-15,513.88,0,0,780536560,155968339,0.18332504501775,92.6533204287061,0
487.9,500,1306,1182,1038270,1430220,2025-04-22,2025-05-23,513.88,-124,391950,94643758,38004586,1.51116146508045,75.0754846399907,0.274048747745102
198.79,200,11766,11778,1270728,1425138,2025-04-22,2025-12-19,513.88,12,154410,1219948452,202053272,0.116819526076172,98.4417762923642,0.108347402146318
472.73,496,594,611,949806,1421797,2025-04-22,2025-08-15,513.88,17,471991,780536560,155968339,0.182156361772471,92.8354767904786,0.331967925097605
504.34,517,990,1117,747450,1414122,2025-04-22,2025-05-02,513.88,127,666672,283947147,97379483,0.498022964816054,89.3059679166278,0.471438815038589
511.33,549,439,373,971507,1405091,2025-04-22,2025-04-25,513.88,-66,433584,260444684,116124758,0.53949690138425,90.2759865891523,0.308580725376506
462.53,467,2778,3114,747282,1391958,2025-04-22,2025-05-16,513.88,336,644676,2663342352,818155905,0.0522635777167261,98.823995684352,0.463143284495653
491.5,528,374,378,1013540,1379700,2025-04-22,2025-08-15,513.88,4,366160,780536560,155968339,0.176763020556013,93.0122398110346,0.265391027034863
510.77,529,822,752,739800,1370896,2025-04-22,2025-04-25,513.88,-70,631096,260444684,116124758,0.526367433938487,90.8023540230908,0.460352937057224
508.73,620,123,123,1189656,1368621,2025-04-22,2025-09-19,513.88,0,178965,2008366648,399422257,0.0681459733143308,99.0963600686123,0.130763008897277
507.75,645,99,99,1229481,1358775,2025-04-22,2025-12-19,513.88,0,129294,1219948452,202053272,0.111379706066466,98.5531559984307,0.0951548269581057
512.16,580,248,200,1316632,1356800,2025-04-22,2025-05-16,513.88,-48,40167.9999999998,2663342352,818155905,0.0509435070929252,98.874939191445,0.0296049528301885
501.72,512,459,1312,287793,1348736,2025-04-22,2025-05-02,513.88,853,1060943,283947147,97379483,0.4749954399084,89.7809633565362,0.786620213296005
511.65,555,315,311,926730,1348185,2025-04-22,2025-05-09,513.88,-4,421455,145563771,48833654,0.92618169393262,82.6395003190732,0.312609174556904
479.43,506,482,506,945202,1344442,2025-04-22,2025-08-15,513.88,24,399240,780536560,155968339,0.172245871481023,93.1844856825156,0.296955911820666
363.25,370,1987,1990,1124642,1343250,2025-04-22,2025-12-19,513.88,3,218608,1219948452,202053272,0.110107111312602,98.6632631097433,0.162745579750605
511.74,573,1344,219,5867904,1341594,2025-04-22,2025-05-16,513.88,-1125,-4526310,2663342352,818155905,0.0503725703529082,98.9253117617979,-3.37382993662762
508.46,561,253,255,902451,1339770,2025-04-22,2025-05-30,513.88,2,437319,714922174,189462696,0.187400817700753,97.7117549860749,0.32641348888242
508.49,533,543,544,849795,1333344,2025-04-22,2025-05-09,513.88,1,483549,145563771,48833654,0.91598616251842,83.5554864815916,0.36265884872921
509.32,521,1165,1139,658225,1330352,2025-04-22,2025-04-25,513.88,-26,672127,260444684,116124758,0.510800212762262,91.313154235853,0.505224932950076
395,405,1329,1328,1172178,1328000,2025-04-22,2025-12-19,513.88,-1,155822,1219948452,202053272,0.108857058494796,98.7721201682381,0.117335843373494
437.54,445,1667,1780,1010202,1327880,2025-04-22,2025-07-18,513.88,113,317678,970115399,237216107,0.136878561186513,98.7617834937594,0.239236979245113
471.21,475,3399,3484,812361,1320436,2025-04-22,2025-05-09,513.88,85,508075,145563771,48833654,0.907118571419807,84.4626050530115,0.38477820962167
418.64,420,9575,9686,957500,1317296,2025-04-22,2025-05-16,513.88,111,359796,2663342352,818155905,0.0494602580479672,98.9747720198458,0.273132234516768
514.31,577,209,209,1058167,1310221,2025-04-22,2025-08-15,513.88,0,252054,780536560,155968339,0.167861579731768,93.3523472622474,0.192375179454458
501.83,547,290,288,1029500,1300896,2025-04-22,2025-08-15,513.88,-2,271396,780536560,155968339,0.166666888736128,93.5190141509835,0.20862236489312
511.03,554,303,302,1048683,1297694,2025-04-22,2025-05-02,513.88,-1,249011,283947147,97379483,0.457019559347782,90.237982915884,0.191887301628889
501.96,507,996,2560,208164,1290240,2025-04-22,2025-04-25,513.88,1564,1082076,260444684,116124758,0.495398861740637,91.8085530975937,0.838662574404762
500.35,527,499,483,854787,1287195,2025-04-22,2025-05-30,513.88,-16,432408,714922174,189462696,0.18004687038844,97.8918018564633,0.335930453427802
475.91,482,1974,2080,819210,1266720,2025-04-22,2025-05-16,513.88,106,447510,2663342352,818155905,0.0475612907611661,99.022333310607,0.3532824933687
503.14,552,261,258,997542,1260588,2025-04-22,2025-08-15,513.88,-3,263046,780536560,155968339,0.161502748827038,93.6805168998106,0.208669287665756
469.7,470,38697,41602,1044819,1248060,2025-04-22,2025-04-25,513.88,2905,203241,260444684,116124758,0.479203484145601,92.2877565817393,0.162845536272295
499.28,509,715,1277,376805,1241244,2025-04-22,2025-05-02,513.88,562,864439,283947147,97379483,0.437139098988728,90.6751220148727,0.696429549709807
510.5,527,940,747,716280,1232550,2025-04-22,2025-04-25,513.88,-193,516270,260444684,116124758,0.473248284845008,92.7610048665843,0.418863332116344
272.34,275,4582,4583,1095098,1219078,2025-04-22,2025-12-19,513.88,1,123980,1219948452,202053272,0.0999286484606318,98.8720488166987,0.101699809200067
499.97,520,573,607,806211,1215821,2025-04-22,2025-05-23,513.88,34,409610,94643758,38004586,1.28462882887639,76.3601134688671,0.336899921945747
511.78,549,326,326,740346,1213372,2025-04-22,2025-05-02,513.88,0,473026,283947147,97379483,0.427323187719861,91.1024452025926,0.389844169801182
386.81,390,4662,3778,1235430,1205182,2025-04-22,2025-07-18,513.88,-884,-30248,970115399,237216107,0.124230787516857,98.8860142812763,-0.0250982839106459
505.88,538,371,372,793940,1194864,2025-04-22,2025-05-30,513.88,1,400924,714922174,189462696,0.167132038067125,98.0589338945305,0.335539442145717
505.02,512,734,1710,225338,1193580,2025-04-22,2025-04-25,513.88,976,968242,260444684,116124758,0.45828541464874,93.219290281233,0.811208297726168
401.09,405,3021,3023,990888,1181993,2025-04-22,2025-07-18,513.88,2,191105,970115399,237216107,0.121840453333532,99.0078547346098,0.161680314519629
474,497,477,507,761292,1166100,2025-04-22,2025-08-15,513.88,30,404808,780536560,155968339,0.149397230028533,93.8299141298391,0.34714689992282
481.47,509,157,422,301440,1161766,2025-04-22,2025-08-15,513.88,265,860326,780536560,155968339,0.148841970964179,93.9787561008033,0.740532947254439
457.6,472,804,805,932640,1159200,2025-04-22,2025-08-15,513.88,1,226560,780536560,155968339,0.148513222750258,94.1272693235535,0.195445134575569
397.87,405,1609,1609,901040,1147217,2025-04-22,2025-09-19,513.88,0,246177,2008366648,399422257,0.0571218906240271,99.1534819592364,0.214586255259467
346.4,350,3123,3173,965007,1142280,2025-04-22,2025-09-19,513.88,50,177273,2008366648,399422257,0.0568760689756286,99.210358028212,0.155192247084778
488.15,521,372,347,918096,1139895,2025-04-22,2025-08-15,513.88,-25,221799,780536560,155968339,0.14603992412604,94.2733092476796,0.194578448014949
459.54,463,3302,3293,785876,1139378,2025-04-22,2025-05-16,513.88,-9,353502,2663342352,818155905,0.0427800053246778,99.0651133159317,0.310258755215565
358.6,360,8129,8131,975480,1138340,2025-04-22,2025-06-20,513.88,2,162860,2708121566,668417959,0.0420343020893767,99.5715770242494,0.143067976175835
466.36,486,580,578,798660,1135192,2025-04-22,2025-08-15,513.88,-2,336532,780536560,155968339,0.145437389889847,94.4187466375694,0.296453815742183
465.36,483,640,638,874880,1125432,2025-04-22,2025-08-15,513.88,-2,250552,780536560,155968339,0.144186968000576,94.56293360557,0.222627399967302
399.68,400,34867,35028,1046010,1120896,2025-04-22,2025-05-02,513.88,161,74886,283947147,97379483,0.394755154909163,91.4972003575017,0.0668090527577938
480.08,507,398,415,792020,1117180,2025-04-22,2025-08-15,513.88,17,325160,780536560,155968339,0.143129746542558,94.7060633521126,0.291054261623015
522.22,571,228,228,1112184,1112184,2025-04-22,2025-08-15,513.88,0,0,780536560,155968339,0.142489674026288,94.8485530261389,0
404.1,410,1864,1885,861168,1112150,2025-04-22,2025-08-15,513.88,21,250982,780536560,155968339,0.142485318048395,94.9910383441872,0.2256727959358
417.94,420,5380,5356,898460,1103336,2025-04-22,2025-05-30,513.88,-24,204876,714922174,189462696,0.154329525663866,98.2132634201943,0.185687768730468
472.9,480,1366,1539,652948,1092690,2025-04-22,2025-05-23,513.88,173,439742,94643758,38004586,1.1545293879814,77.5146428568485,0.402439850277755
465,482,638,637,867680,1082900,2025-04-22,2025-08-15,513.88,-1,215220,780536560,155968339,0.138737895890488,95.1297762400777,0.198744113029827
498,544,240,233,795840,1071800,2025-04-22,2025-08-15,513.88,-7,275960,780536560,155968339,0.137315797225437,95.2670920373032,0.257473409218138
419.52,425,1887,1953,822732,1070244,2025-04-22,2025-07-18,513.88,66,247512,970115399,237216107,0.110321308279738,99.1181760428895,0.231266888672116
505.55,513,424,1429,139496,1064605,2025-04-22,2025-04-25,513.88,1005,925109,260444684,116124758,0.408764342450545,93.6280546236835,0.868969242113272
434.94,445,1058,1058,833704,1064348,2025-04-22,2025-08-15,513.88,0,230644,780536560,155968339,0.136361069364899,95.4034531066681,0.216699801192843
505.49,519,756,787,524664,1063237,2025-04-22,2025-05-02,513.88,31,538573,283947147,97379483,0.374448911085555,91.8716492685873,0.506540874706204
509.95,539,371,364,648137,1057420,2025-04-22,2025-05-02,513.88,-7,409283,283947147,97379483,0.372400290396297,92.2440495589836,0.387058122600291
365.36,370,2048,2262,837632,1049568,2025-04-22,2025-09-19,513.88,214,211936,2008366648,399422257,0.0522597804063912,99.2626178086184,0.201926888014878
512.3,625,93,93,914934,1048110,2025-04-22,2025-06-20,513.88,0,133176,2708121566,668417959,0.0387024723394563,99.6102794965889,0.127062999112689
461.87,466,2529,2535,685359,1046955,2025-04-22,2025-05-16,513.88,6,361596,2663342352,818155905,0.039309816825231,99.1044231327569,0.345378741206642
306.17,310,2712,2712,862416,1038696,2025-04-22,2025-12-19,513.88,0,176280,1219948452,202053272,0.0851426138782461,98.957191430577,0.169712793733682
480.84,490,664,1133,418320,1037828,2025-04-22,2025-05-23,513.88,469,619508,94643758,38004586,1.09656254351185,78.6112054003604,0.596927429207923
509.95,552,264,246,836880,1034430,2025-04-22,2025-05-02,513.88,-18,197550,283947147,97379483,0.364303713183637,92.6083532721672,0.190974739711725
386.25,395,1152,1175,893952,1028125,2025-04-22,2025-12-19,513.88,23,134173,1219948452,202053272,0.0842761018561463,99.0414675324331,0.130502613981763
433.21,435,5655,5667,803010,1014393,2025-04-22,2025-05-16,513.88,12,211383,2663342352,818155905,0.0380872177111687,99.1425103504681,0.208383732931911
464.57,470,1754,1855,641964,1007265,2025-04-22,2025-05-23,513.88,101,365301,94643758,38004586,1.06426986975729,79.6754752701177,0.362666229840211
507.16,516,954,1130,382554,998920,2025-04-22,2025-04-25,513.88,176,616366,260444684,116124758,0.38354401581873,94.0115986395023,0.617032394986586
455.96,466,990,990,993960,993960,2025-04-22,2025-08-15,513.88,0,0,780536560,155968339,0.127343170190516,95.5307962768586,0
510.2,546,281,275,533900,984500,2025-04-22,2025-04-25,513.88,-6,450600,260444684,116124758,0.37800733149155,94.3896059709938,0.457694261046216
380.28,385,2076,2076,979872,979872,2025-04-22,2025-09-19,513.88,0,0,2008366648,399422257,0.0487894977232265,99.3114073063416,0
510.2,543,300,298,635400,977440,2025-04-22,2025-05-09,513.88,-2,342040,145563771,48833654,0.67148576413289,85.1340908171443,0.349934522835161
405.79,410,1552,2274,544752,957354,2025-04-22,2025-07-18,513.88,722,412602,970115399,237216107,0.098684548352376,99.2168605912419,0.430981643153943
497.17,515,332,531,413008,946773,2025-04-22,2025-05-23,513.88,199,533765,94643758,38004586,1.00035440266436,80.675829672782,0.563772942405413
498.38,507,332,1088,169320,937856,2025-04-22,2025-05-02,513.88,756,768536,283947147,97379483,0.330292454038991,92.9386457262062,0.819460556844548
506.42,522,601,599,538496,933242,2025-04-22,2025-05-02,513.88,-2,394746,283947147,97379483,0.328667503744984,93.2673132299512,0.422983534817336
193.85,195,2601,8002,260100,920230,2025-04-22,2025-12-19,513.88,5401,660130,1219948452,202053272,0.075431875706827,99.1168994081399,0.717353270378058
510.69,534,410,394,582200,918414,2025-04-22,2025-05-02,513.88,-16,336214,283947147,97379483,0.323445405140838,93.590758635092,0.366081091969417
506.49,546,225,232,582525,916632,2025-04-22,2025-05-30,513.88,7,334107,714922174,189462696,0.128214235526006,98.3414776557203,0.36449414814233
370.33,375,1947,1953,776853,912051,2025-04-22,2025-09-19,513.88,6,135198,2008366648,399422257,0.0454125744872457,99.3568198808289,0.148235131588036
387.88,390,4271,4285,717528,908420,2025-04-22,2025-06-20,513.88,14,190892,2708121566,668417959,0.0335442844001191,99.643823780989,0.210136280575064
477.14,485,747,1155,419814,907830,2025-04-22,2025-05-23,513.88,408,488016,94643758,38004586,0.959207473566297,81.6350371463483,0.53756320015862
469.27,474,1468,1919,499120,907687,2025-04-22,2025-05-16,513.88,451,408567,2663342352,818155905,0.0340807481741273,99.1765910986422,0.450118818491396
492.7,529,248,248,648520,900240,2025-04-22,2025-08-15,513.88,0,251720,780536560,155968339,0.115336045245594,95.6461323221042,0.279614325068871
522.21,544,413,413,899927,899927,2025-04-22,2025-05-09,513.88,0,0,145563771,48833654,0.618235563573027,85.7523263807174,0
463.44,465,4870,5743,516220,895908,2025-04-22,2025-05-02,513.88,873,379688,283947147,97379483,0.315519282185286,93.9062779172773,0.423802444000947
505.27,533,325,322,558025,892906,2025-04-22,2025-05-23,513.88,-3,334881,94643758,38004586,0.94343886894263,82.578476015291,0.375046197472074
484.09,485,5698,9728,290598,885248,2025-04-22,2025-04-25,513.88,4030,594650,260444684,116124758,0.339898663472048,94.7295046344659,0.671732667004049
315.81,320,2110,2110,734280,884090,2025-04-22,2025-12-19,513.88,0,149810,1219948452,202053272,0.0724694554553195,99.1893688635952,0.16945107398568
506.96,526,485,458,508280,872032,2025-04-22,2025-05-02,513.88,-27,363752,283947147,97379483,0.307110675072217,94.2133885923496,0.417131481413526
423.8,432,1061,1058,742700,867560,2025-04-22,2025-08-15,513.88,-3,124860,780536560,155968339,0.111149181788487,95.7572815038927,0.143920881552861
510.93,551,215,216,539865,865512,2025-04-22,2025-05-02,513.88,1,325647,283947147,97379483,0.304814473096291,94.5182030654458,0.376247816321438
506.49,528,420,398,585480,856098,2025-04-22,2025-05-09,513.88,-22,270618,145563771,48833654,0.58812573631388,86.3404521170312,0.316106333620684
508.5,549,213,211,569349,854550,2025-04-22,2025-05-09,513.88,-2,285201,145563771,48833654,0.587062284886808,86.927514401918,0.333744075829384
523.81,625,84,84,849996,849996,2025-04-22,2025-08-15,513.88,0,0,780536560,155968339,0.108898934855787,95.8661804387484,0
508.2,544,248,237,597680,848460,2025-04-22,2025-05-02,513.88,-11,250780,283947147,97379483,0.298809130137166,94.817012195583,0.295570798859109
463.92,468,1258,2069,337144,844152,2025-04-22,2025-05-16,513.88,811,507008,2663342352,818155905,0.0316952118215706,99.2082863104638,0.600612212018689
498.87,541,204,196,648924,825748,2025-04-22,2025-08-15,513.88,-8,176824,780536560,155968339,0.105792353916132,95.9719727926646,0.214137969453151
514.09,579,861,127,4420374,824357,2025-04-22,2025-05-30,513.88,-734,-3596017,714922174,189462696,0.115307236225128,98.4567848919455,-4.36220836360946
511.56,561,166,166,504308,820704,2025-04-22,2025-05-09,513.88,0,316396,145563771,48833654,0.563810620157676,87.4913250220757,0.385517799352751
503.24,509,901,1423,218042,819648,2025-04-22,2025-04-25,513.88,522,601606,260444684,116124758,0.314710973328985,95.0442156077949,0.733980928398532
506.03,558,155,155,641235,805535,2025-04-22,2025-08-15,513.88,0,164300,780536560,155968339,0.103202725058772,96.0751755177234,0.203963825283818
149.64,150,22340,22351,692540,804636,2025-04-22,2025-09-19,513.88,11,112096,2008366648,399422257,0.0400641984769705,99.3968840793058,0.139312683002003
509.12,562,156,152,557700,803776,2025-04-22,2025-05-09,513.88,-4,246076,145563771,48833654,0.552181352872481,88.0435063749482,0.306149972131539
460.35,465,886,1720,317188,799800,2025-04-22,2025-05-23,513.88,834,482612,94643758,38004586,0.845063654382786,83.4235396696737,0.603415853963491
451.08,454,2701,2737,542901,799204,2025-04-22,2025-05-16,513.88,36,256303,2663342352,818155905,0.0300075579618913,99.2382938684257,0.320697844355133
507.8,540,251,248,554208,798560,2025-04-22,2025-05-23,513.88,-3,244352,94643758,38004586,0.84375347817444,84.2672931478482,0.305990783410138
283.27,285,4614,4614,798222,798222,2025-04-22,2025-09-19,513.88,0,0,2008366648,399422257,0.0397448344800436,99.4366289137859,0
494.4,510,559,511,594776,797160,2025-04-22,2025-05-23,513.88,-48,202384,94643758,38004586,0.84227424697147,85.1095673948196,0.253881278538813
491.58,524,248,245,612312,794290,2025-04-22,2025-08-15,513.88,-3,181978,780536560,155968339,0.101762049429177,96.1769375671525,0.229107756612824
360.49,365,1743,1744,601335,786544,2025-04-22,2025-09-19,513.88,1,185209,2008366648,399422257,0.0391633669471293,99.475792280733,0.235471887141724
523.81,630,74,74,785806,785806,2025-04-22,2025-08-15,513.88,0,0,780536560,155968339,0.100675104827889,96.2776126719804,0
457.48,461,2049,2213,499956,778976,2025-04-22,2025-05-16,513.88,164,279020,2663342352,818155905,0.0292480611595065,99.2675419295852,0.358188185515343
361.55,365,2230,2255,631090,777975,2025-04-22,2025-08-15,513.88,25,146885,780536560,155968339,0.0996718206255451,96.377284492606,0.188804267489315
328.98,330,7618,7621,617058,777342,2025-04-22,2025-06-20,513.88,3,160284,2708121566,668417959,0.0287041028644871,99.6725278838535,0.206194956660003
455.77,460,1599,1836,466908,776628,2025-04-22,2025-05-23,513.88,237,309720,94643758,38004586,0.820580264786189,85.9301476596058,0.398800970348738
509.58,605,82,81,628120,772902,2025-04-22,2025-07-18,513.88,-1,144782,970115399,237216107,0.0796711402372039,99.2965317314791,0.187322584234483
223.91,225,7073,7073,572913,770957,2025-04-22,2025-09-19,513.88,0,198044,2008366648,399422257,0.0383872636387258,99.5141795443717,0.256880733944954
478.74,504,310,305,594580,770430,2025-04-22,2025-08-15,513.88,-5,175850,780536560,155968339,0.0987051778843005,96.4759896704903,0.228249159560246
442.68,445,3732,3301,612048,765832,2025-04-22,2025-05-16,513.88,-431,153784,2663342352,818155905,0.0287545459345438,99.2962964755197,0.200806443188584
520.82,635,67,67,765006,765006,2025-04-22,2025-08-15,513.88,0,0,780536560,155968339,0.098010271293378,96.5739999417836,0
511.18,552.5,181,184,469695,760288,2025-04-22,2025-05-02,513.88,3,290593,283947147,97379483,0.267756872373153,95.0847690679562,0.382214371396103
522.98,548,301,301,753102,753102,2025-04-22,2025-05-02,513.88,0,0,283947147,97379483,0.265226119704594,95.3499951876608,0
481.6,485,2229,2211,454716,751740,2025-04-22,2025-05-02,513.88,-18,297024,283947147,97379483,0.264746452972813,95.6147416406336,0.395115332428765
443.78,455,668,670,684700,751740,2025-04-22,2025-08-15,513.88,2,67040,780536560,155968339,0.096310671213146,96.6703106129968,0.0891797696011919
466.57,481,519,519,695460,748917,2025-04-22,2025-08-15,513.88,0,53457,780536560,155968339,0.0959489969310342,96.7662596099278,0.0713790713790714
319.1,320,8277,8291,604221,746190,2025-04-22,2025-06-20,513.88,14,141969,2708121566,668417959,0.0275537852276754,99.7000816690812,0.190258513247296
356.81,360,2211,2332,570438,743908,2025-04-22,2025-08-15,513.88,121,173470,780536560,155968339,0.0953072588938051,96.8615668688216,0.233187437156208
472.22,478,1221,1284,439560,742152,2025-04-22,2025-05-16,513.88,63,302592,2663342352,818155905,0.0278654375560352,99.3241619130758,0.40772240726967
511.76,536,329,306,496790,741744,2025-04-22,2025-05-02,513.88,-23,244954,283947147,97379483,0.261226079514016,95.8759677201476,0.330240622101426
484.3,513,225,258,494100,740460,2025-04-22,2025-08-15,513.88,33,246360,780536560,155968339,0.0948655114886611,96.9564323803103,0.332712097885099
494.58,497,2877,3049,319347,737858,2025-04-22,2025-04-25,513.88,172,418511,260444684,116124758,0.283306991975309,95.3275225997702,0.567197211387557
391.55,395,2392,2117,686504,730365,2025-04-22,2025-07-18,513.88,-275,43861,970115399,237216107,0.0752864041487089,99.3718181356278,0.0600535348763974
341.57,345,2124,2124,618084,728532,2025-04-22,2025-09-19,513.88,0,110448,2008366648,399422257,0.0362748505471099,99.5504543949188,0.151603498542274
422.3,425,2654,2670,456488,720900,2025-04-22,2025-05-30,513.88,16,264412,714922174,189462696,0.100836150593365,98.5576210425388,0.366780413372174
389.02,395,1186,1192,598930,712816,2025-04-22,2025-09-19,513.88,6,113886,2008366648,399422257,0.0354923241087401,99.5859467190276,0.15976914098449
498.46,502,1578,1999,247746,707646,2025-04-22,2025-04-25,513.88,421,459900,260444684,116124758,0.271706831996617,95.5992294317668,0.649901221797339
508.28,518,669,723,305064,702756,2025-04-22,2025-04-25,513.88,54,397692,260444684,116124758,0.269829273996623,95.8690587057634,0.565903386097024
509.65,565,126,126,472248,697410,2025-04-22,2025-05-23,513.88,0,225162,94643758,38004586,0.736879023759813,86.6670266833656,0.322854561878952
522.24,615,75,75,695700,695700,2025-04-22,2025-08-15,513.88,0,0,780536560,155968339,0.089130994709588,97.0455633750199,0
509.2,610,69,69,581394,695520,2025-04-22,2025-08-15,513.88,0,114126,780536560,155968339,0.0891079336501547,97.13467130867,0.164087301587302
501.6,513,856,603,563248,687420,2025-04-22,2025-05-02,513.88,-253,124172,283947147,97379483,0.242094350044658,96.1180620701922,0.180634837508365
526.68,577,1231,135,6194392,679320,2025-04-22,2025-05-30,513.88,-1096,-5515072,714922174,189462696,0.0950201329186917,98.6526411754575,-8.11851851851852
476.7,499,303,304,525099,677920,2025-04-22,2025-08-15,513.88,1,152821,780536560,155968339,0.0868530745055683,97.2215243831756,0.225426303988671
445.62,458,534,540,472056,668520,2025-04-22,2025-08-15,513.88,6,196464,780536560,155968339,0.0856487747351643,97.3071731579108,0.29387901633459
513.5,553,171,166,444942,655700,2025-04-22,2025-05-02,513.88,-5,210758,283947147,97379483,0.230923256996134,96.3489853271884,0.321424431904835
424.62,431,1014,1014,646932,646932,2025-04-22,2025-08-15,513.88,0,0,780536560,155968339,0.0828829850071341,97.3900561429179,0
309.2,310,8085,8080,533610,646400,2025-04-22,2025-06-20,513.88,-5,112790,2708121566,668417959,0.0238689432599866,99.7239506123412,0.17448948019802
508.62,519,445,618,218050,641484,2025-04-22,2025-04-25,513.88,173,423434,260444684,116124758,0.246303357069097,96.1153620628325,0.660085052783857
463.92,469,1191,1254,338244,637032,2025-04-22,2025-05-16,513.88,63,298788,2663342352,818155905,0.0239185172541423,99.3480804303299,0.469031383038843
385.39,390,1132,1380,396200,636180,2025-04-22,2025-08-15,513.88,248,239980,780536560,155968339,0.0815054710569867,97.4715616139749,0.377220283567544
477.77,503,221,252,412828,635796,2025-04-22,2025-08-15,513.88,31,222968,780536560,155968339,0.0814562741301958,97.5530178881051,0.350691102177428
496.15,504,673,807,323040,633495,2025-04-22,2025-05-02,513.88,134,310455,283947147,97379483,0.22310313968395,96.5720884668723,0.490067009210807
512.27,561,338,130,1309750,633490,2025-04-22,2025-05-02,513.88,-208,-676260,283947147,97379483,0.223101378792864,96.7951898456652,-1.06751487789863
458.67,460,3106,4763,291964,633479,2025-04-22,2025-05-02,513.88,1657,341515,283947147,97379483,0.223097504832475,97.0182873504977,0.539110215176825
218.38,220,3891,3892,478593,630504,2025-04-22,2025-12-19,513.88,1,151911,1219948452,202053272,0.0516828394647613,99.24105170306,0.240935822770355
526.57,620,67,67,625981,625981,2025-04-22,2025-08-15,513.88,0,0,780536560,155968339,0.0801988058060983,97.6332166939112,0
287.86,290,2919,2919,542934,624666,2025-04-22,2025-09-19,513.88,0,81732.0000000001,2008366648,399422257,0.0311031852984645,99.617049904326,0.130841121495327
469.76,491,283,293,419123,622332,2025-04-22,2025-08-15,513.88,10,203209,780536560,155968339,0.0797313068845872,97.7129480007958,0.326528283938477
452.27,464,527,527,618171,618171,2025-04-22,2025-08-15,513.88,0,0,780536560,155968339,0.0791982120606881,97.7921462128565,0
335.13,340,1263,1264,527934,615568,2025-04-22,2025-12-19,513.88,1,87634.0000000001,1219948452,202053272,0.0504585254394011,99.2915102284994,0.142362825877889
440.89,452,553,553,614383,614383,2025-04-22,2025-08-15,513.88,0,0,780536560,155968339,0.0787129048766146,97.8708591177331,0
510.68,548,164,164,417872,612048,2025-04-22,2025-05-09,513.88,0,194176,145563771,48833654,0.420467260359722,88.4639736353079,0.317256162915327
495.83,507,538,546,381980,609882,2025-04-22,2025-05-09,513.88,8,227902,145563771,48833654,0.418979252742772,88.8829528880507,0.373682122115426
520.81,650,47,47,607193,607193,2025-04-22,2025-12-19,513.88,0,0,1219948452,202053272,0.0497720210230653,99.3412822495225,0
494.5,506,522,523,358614,601450,2025-04-22,2025-05-09,513.88,1,242836,145563771,48833654,0.413186602592207,89.2961394906429,0.403750935239837
483.17,511,98,216,201782,601128,2025-04-22,2025-08-15,513.88,118,399346,780536560,155968339,0.077014714083348,97.9478738318164,0.664327730533264
507.68,550,143,142,409123,600944,2025-04-22,2025-05-23,513.88,-1,191821,94643758,38004586,0.634953654312839,87.3019803376785,0.319199459517027
299.37,300,9437,9485,519035,597555,2025-04-22,2025-06-20,513.88,48,78520,2708121566,668417959,0.022065294538554,99.7460159068797,0.131402130347834
408.88,410,5253,5314,457011,595168,2025-04-22,2025-05-16,513.88,61,138157,2663342352,818155905,0.0223466577457857,99.3704270880757,0.232131095757837
291.74,295,1810,1822,503180,593972,2025-04-22,2025-12-19,513.88,12,90791.9999999999,1219948452,202053272,0.0486882867080354,99.3899705362305,0.152855690167213
503.03,528,213,236,382335,589292,2025-04-22,2025-05-30,513.88,23,206957,714922174,189462696,0.0824274335628594,98.7350686090204,0.351196011484968
468.83,489,277,290,417439,584930,2025-04-22,2025-08-15,513.88,13,167491,780536560,155968339,0.0749394749683474,98.0228133067848,0.286343665053938
413.19,420,873,857,459198,583617,2025-04-22,2025-08-15,513.88,-16,124419,780536560,155968339,0.0747712573514814,98.0975845641363,0.213186044957566
510.07,538,206,208,348552,580944,2025-04-22,2025-05-09,513.88,2,232392,145563771,48833654,0.399099306104127,89.695238796747,0.400024787242832
338.2,340,3225,3227,506325,580860,2025-04-22,2025-07-18,513.88,2,74535,970115399,237216107,0.0598753509735804,99.4316934866014,0.128318355541783
460.25,464,1487,1530,382159,573750,2025-04-22,2025-05-16,513.88,43,191591,2663342352,818155905,0.0215424802436364,99.3919695683193,0.333927668845316
371.28,375,1538,1539,493698,572508,2025-04-22,2025-08-15,513.88,1,78810.0000000001,780536560,155968339,0.0733480056334581,98.1709325697697,0.137657465048523
510.8,537,218,218,359482,571160,2025-04-22,2025-05-02,513.88,0,211678,283947147,97379483,0.20115011051687,97.2194374610145,0.370610687022901
448.19,450,3030,3095,396930,560195,2025-04-22,2025-05-09,513.88,65,163265,145563771,48833654,0.384845072473425,90.0800838692205,0.291443158185989
446.74,450,1454,1709,332966,557134,2025-04-22,2025-05-23,513.88,255,224168,94643758,38004586,0.588664283597023,87.8906446212755,0.40235921699268
330.29,335,1180,1182,519200,556722,2025-04-22,2025-12-19,513.88,2,37522,1219948452,202053272,0.045634879005527,99.435605415236,0.0673980909682032
510.36,523,551,436,342722,551104,2025-04-22,2025-04-25,513.88,-115,208382,260444684,116124758,0.211601170557968,96.3269632333905,0.378117378933922
274.48,275,10556,10559,411684,549068,2025-04-22,2025-06-20,513.88,3,137384,2708121566,668417959,0.0202748653123056,99.766290772192,0.25021308836064
492.07,494,6075,2833,528525,546769,2025-04-22,2025-04-25,513.88,-3242,18244,260444684,116124758,0.209936709631593,96.5368999430221,0.0333669246061865
515.75,640,44,44,508596,546700,2025-04-22,2025-07-18,513.88,0,38104,970115399,237216107,0.0563541204029481,99.4880476070043,0.0696981891348089
501.35,506,919,1167,186557,542655,2025-04-22,2025-04-25,513.88,248,356098,260444684,116124758,0.208357103575975,96.7452570465981,0.656214353502686
509.9,605,58,57,430824,542070,2025-04-22,2025-06-20,513.88,-1,111246,2708121566,668417959,0.020016457414822,99.7863072296069,0.205224417510654
503.76,524,281,265,356027,536360,2025-04-22,2025-05-09,513.88,-16,180333,145563771,48833654,0.368470805829838,90.4485546750503,0.336216347229473
524.49,566,129,129,535479,535479,2025-04-22,2025-05-09,513.88,0,0,145563771,48833654,0.367865572814818,90.8164202478651,0
466.65,471,1217,1224,360232,532440,2025-04-22,2025-05-16,513.88,7,172208,2663342352,818155905,0.0199914216660945,99.4119609899854,0.323431748178199
284.42,285,9128,9125,429016,529250,2025-04-22,2025-06-20,513.88,-3,100234,2708121566,668417959,0.019543066553756,99.8058502961606,0.189388757675957
479.37,480,8368,8397,317984,529011,2025-04-22,2025-04-25,513.88,29,211027,260444684,116124758,0.203118371193171,96.9483754177912,0.398908529312245
483.31,512,91,184,197015,527896,2025-04-22,2025-08-15,513.88,93,330881,780536560,155968339,0.067632450169919,98.2385650199396,0.626792019640232
336.72,340,1607,1608,488528,527424,2025-04-22,2025-09-19,513.88,1,38896,2008366648,399422257,0.0262613403048306,99.6433112446309,0.0737471180681956
445.62,448,1547,2209,332605,525742,2025-04-22,2025-05-16,513.88,662,193137,2663342352,818155905,0.0197399331559911,99.4317009231414,0.367360796740607
500.95,511,475,521,280250,523605,2025-04-22,2025-05-02,513.88,46,243355,283947147,97379483,0.184402275399513,97.4038397364141,0.46476828907287
445.53,457,449,456,445857,523032,2025-04-22,2025-08-15,513.88,7,77175.0000000001,780536560,155968339,0.0670092890972333,98.3055743090368,0.147553113385032
319.82,320,29034,29015,493578,522270,2025-04-22,2025-05-16,513.88,-19,28691.9999999999,2663342352,818155905,0.0196095706437368,99.4513104937852,0.0549371014992244
442.7,454,459,460,645813,519800,2025-04-22,2025-08-15,513.88,1,-126013,780536560,155968339,0.0665952149634093,98.3721695240003,-0.242425933051174
499.91,519,264,271,258720,517339,2025-04-22,2025-05-09,513.88,7,258619,145563771,48833654,0.355403680768891,91.171823928634,0.499902385089854
507.08,535,212,185,404284,516520,2025-04-22,2025-05-23,513.88,-27,112236,94643758,38004586,0.545751786398845,88.4363964076743,0.217292650817006
410.32,415,992,1103,374976,516204,2025-04-22,2025-07-18,513.88,111,141228,970115399,237216107,0.0532105768583929,99.5412581838627,0.273589511123509
392.71,395,2156,2233,396704,511357,2025-04-22,2025-06-20,513.88,77,114653,2708121566,668417959,0.0188823502762948,99.8247326464369,0.224213220900467
503.12,525,258,233,387516,509804,2025-04-22,2025-05-23,513.88,-25,122288,94643758,38004586,0.538655702999452,88.9750521106738,0.239872578481142
505.75,536,175,168,311675,508200,2025-04-22,2025-05-09,513.88,-7,196525,145563771,48833654,0.349125332841233,91.5209492614752,0.386707988980716
500.01,504,1065,1271,181050,507129,2025-04-22,2025-04-25,513.88,206,326079,260444684,116124758,0.194716587112218,97.1430920049034,0.64299024508557
509.46,558,103,103,330939,499962,2025-04-22,2025-05-09,513.88,0,169023,145563771,48833654,0.343465957611115,91.8644152190864,0.338071693448702
497.9,506,635,616,330200,498960,2025-04-22,2025-05-02,513.88,-19,168760,283947147,97379483,0.175722843237442,97.5795625796515,0.338223504890172
327.21,330,1785,1784,469455,497736,2025-04-22,2025-09-19,513.88,-1,28280.9999999999,2008366648,399422257,0.0247831241618986,99.6680943687928,0.0568192776893774
465.54,484,273,268,355992,494728,2025-04-22,2025-08-15,513.88,-5,138736,780536560,155968339,0.0633830656183485,98.4355525896186,0.280428841706958
490.74,496,986,940,320450,494440,2025-04-22,2025-05-02,513.88,-46,173990,283947147,97379483,0.174130997695849,97.7536935773473,0.351893050724051
377.01,380,1708,1642,411628,490958,2025-04-22,2025-07-18,513.88,-66,79330,970115399,237216107,0.05060820604498,99.5918663899077,0.161582049788373
508.75,553,111,110,311688,486750,2025-04-22,2025-05-09,513.88,-1,175062,145563771,48833654,0.334389523338194,92.1988047424245,0.359654853620955
457.62,460,1280,2039,211200,485282,2025-04-22,2025-05-09,513.88,759,274082,145563771,48833654,0.333381030641203,92.5321857730657,0.564789132916531
304.23,305,6291,6296,440370,484792,2025-04-22,2025-06-20,513.88,5,44422,2708121566,668417959,0.0179014120372763,99.8426340584742,0.091631050017327
454.95,459,1205,1195,291610,483975,2025-04-22,2025-05-16,513.88,-10,192365,2663342352,818155905,0.0181717156878674,99.469482209473,0.397468877524666
446.47,459,383,385,336274,482405,2025-04-22,2025-08-15,513.88,2,146131,780536560,155968339,0.0618042798661475,98.4973568694848,0.302921818803702
425.5,434,562,562,904820,477700,2025-04-22,2025-08-15,513.88,0,-427120,780536560,155968339,0.0612014893959612,98.5585583588807,-0.894117647058824
433.95,441,677,677,477285,477285,2025-04-22,2025-08-15,513.88,0,0,780536560,155968339,0.0611483208422678,98.619706679723,0
523.81,640,41,41,476379,476379,2025-04-22,2025-08-15,513.88,0,0,780536560,155968339,0.0610322468431203,98.6807389265661,0
489.48,506,269,287,263351,474124,2025-04-22,2025-05-23,513.88,18,210773,94643758,38004586,0.500956439198029,89.4760085498718,0.444552479941956
293.78,295,3811,3812,358234,465064,2025-04-22,2025-07-18,513.88,1,106830,970115399,237216107,0.0479390390544661,99.6398054289622,0.229710319439905
223.37,225,2840,2838,394760,462594,2025-04-22,2025-12-19,513.88,-2,67833.9999999999,1219948452,202053272,0.0379191431606489,99.4735245583967,0.146638304863444
174.15,175,5432,5432,439992,461720,2025-04-22,2025-12-19,513.88,0,21728,1219948452,202053272,0.0378475007893202,99.511372059186,0.0470588235294118
529.63,625,48,48,457776,457776,2025-04-22,2025-07-18,513.88,0,0,970115399,237216107,0.0471877882231205,99.6869932171853,0
521.35,570,94,94,401380,457310,2025-04-22,2025-05-23,513.88,0,55930,94643758,38004586,0.483190872450352,89.9591994223222,0.122302158273381
258.82,260,3819,3819,381900,450642,2025-04-22,2025-08-15,513.88,0,68742,780536560,155968339,0.0577348996951533,98.7384738262613,0.152542372881356
434.94,435,74634,74645,597072,447870,2025-04-22,2025-04-25,513.88,11,-149202,260444684,116124758,0.171963579030087,97.3150555839335,-0.333136847745998
535.78,557.5,204,204,443088,443088,2025-04-22,2025-05-02,513.88,0,0,283947147,97379483,0.156045941887911,97.9097395192353,0
472.11,493,211,212,322408,442868,2025-04-22,2025-08-15,513.88,1,120460,780536560,155968339,0.0567389181616297,98.7952127444229,0.271999783231121
429.96,437,625,625,440000,440000,2025-04-22,2025-08-15,513.88,0,0,780536560,155968339,0.0563714786146596,98.8515842230376,0
512.32,610,46,45,364320,439560,2025-04-22,2025-05-16,513.88,-1,75240.0000000001,2663342352,818155905,0.0165040742760659,99.4859862837491,0.171171171171171
458.64,462,1382,1308,327534,439488,2025-04-22,2025-05-16,513.88,-74,111954,2663342352,818155905,0.0165013709059961,99.5024876546551,0.254737330712101
507.47,532,188,177,299484,434181,2025-04-22,2025-05-09,513.88,-11,134697,145563771,48833654,0.298275454817669,92.8304612278834,0.310232368528333
495.39,498,1459,1663,173621,434043,2025-04-22,2025-04-25,513.88,204,260422,260444684,116124758,0.166654582206792,97.4817101661403,0.599991245107052
504.79,532,168,159,326592,432639,2025-04-22,2025-05-30,513.88,-9,106047,714922174,189462696,0.0605155380171493,98.7955841470375,0.245116598364919
317.26,320,1563,1568,371994,429632,2025-04-22,2025-09-19,513.88,5,57638.0000000001,2008366648,399422257,0.0213921098733562,99.6894864786661,0.134156673618353
496.16,499,1299,1507,159777,427988,2025-04-22,2025-04-25,513.88,208,268211,260444684,116124758,0.164329712331544,97.6460398784719,0.626678785386506
497.16,509,287,361,209797,427424,2025-04-22,2025-05-09,513.88,74,217627,145563771,48833654,0.29363350307818,93.1240947309616,0.509159523096504
473.49,479,720,762,274320,419862,2025-04-22,2025-05-16,513.88,42,145542,2663342352,818155905,0.0157644772811393,99.5182521319362,0.346642468239564
522.21,615,45,45,417555,417555,2025-04-22,2025-09-19,513.88,0,0,2008366648,399422257,0.0207907754500811,99.7102772541162,0
524.71,546,196,196,417284,417284,2025-04-22,2025-05-02,513.88,0,0,283947147,97379483,0.146958335172144,98.0566978544074,0
219.14,220,4831,4831,415466,415466,2025-04-22,2025-09-19,513.88,0,0,2008366648,399422257,0.0206867605779918,99.7309640146942,0
355.65,360,944,954,354944,414990,2025-04-22,2025-09-19,513.88,10,60046,2008366648,399422257,0.0206630597263334,99.7516270744205,0.144692643196222
511.74,600,58,47,422298,414822,2025-04-22,2025-05-30,513.88,-11,-7476.00000000006,714922174,189462696,0.0580233786398126,98.8536075256773,-0.0180221878299609
504.2,522,234,231,268398,411180,2025-04-22,2025-05-09,513.88,-3,142782,145563771,48833654,0.282474132935179,93.4065688638968,0.34724937983365
248.53,250,2782,2793,331058,410571,2025-04-22,2025-09-19,513.88,11,79513,2008366648,399422257,0.0204430301812102,99.7720701046017,0.193664433191823
510.05,542,139,128,322897,408960,2025-04-22,2025-05-09,513.88,-11,86063,145563771,48833654,0.280949028175424,93.6875178920722,0.210443564162754
496.45,518,193,188,281201,405140,2025-04-22,2025-05-30,513.88,-5,123939,714922174,189462696,0.0566691053563545,98.9102766310337,0.305916473317865
493.21,509,218,253,241108,399487,2025-04-22,2025-05-30,513.88,35,158379,714922174,189462696,0.055878389918285,98.966155020952,0.396455954761982
446.14,449,1397,1395,262636,398970,2025-04-22,2025-05-16,513.88,-2,136334,2663342352,818155905,0.014980049399222,99.5332321813354,0.341714915908464
497.66,501,996,1190,146412,397460,2025-04-22,2025-04-25,513.88,194,251048,260444684,116124758,0.152608221406431,97.7986480998783,0.631630855935188
333.99,335,3912,3914,332520,395314,2025-04-22,2025-06-20,513.88,2,62794,2708121566,668417959,0.0145973506124355,99.8572314090866,0.158845879478086
233.39,235,2421,2421,389781,389781,2025-04-22,2025-12-19,513.88,0,0,1219948452,202053272,0.0319506122870182,99.543322671473,0
277.04,280,1309,1310,322014,387760,2025-04-22,2025-12-19,513.88,1,65746,1219948452,202053272,0.0317849495496552,99.5751076210227,0.169553331957912
368.3,370,2267,2272,301511,386240,2025-04-22,2025-06-20,513.88,5,84729,2708121566,668417959,0.0142622844132692,99.8714936934999,0.219368786246893
500.88,516,192,255,182976,385560,2025-04-22,2025-05-09,513.88,63,202584,145563771,48833654,0.264873599626654,93.9523914916989,0.525427948957361
529.63,630,38,38,381406,381406,2025-04-22,2025-07-18,513.88,0,0,970115399,237216107,0.0393155288941043,99.7263087460794,0
428.23,436,474,488,330378,379176,2025-04-22,2025-08-15,513.88,14,48798,780536560,155968339,0.0485788903981641,98.9001631134357,0.12869485410469
524.75,552,138,138,376050,376050,2025-04-22,2025-05-09,513.88,0,0,145563771,48833654,0.258340380588244,94.2107318722871,0
307.47,310,1494,1484,325692,375452,2025-04-22,2025-09-19,513.88,-10,49760,2008366648,399422257,0.0186943952875282,99.7907644998893,0.132533586184119
398.52,400,2500,2512,297500,371776,2025-04-22,2025-05-30,513.88,12,74276,714922174,189462696,0.0520023036801206,99.0181573246321,0.19978696849716
494.44,512,63,211,75978,370516,2025-04-22,2025-05-30,513.88,148,294538,714922174,189462696,0.051826060720282,99.0699833853524,0.794940029580369
453.94,455,1725,3484,162150,369304,2025-04-22,2025-05-02,513.88,1759,207154,283947147,97379483,0.130060824312491,98.1867586787199,0.560930832051643
503.89,527,185,159,243275,367449,2025-04-22,2025-05-09,513.88,-26,124174,145563771,48833654,0.252431630120382,94.4631635024075,0.337935332522336
297.75,300,1638,1615,312858,363375,2025-04-22,2025-09-19,513.88,-23,50517,2008366648,399422257,0.0180930608642531,99.8088575607535,0.139021671826625
494,509,92,242,86204,363000,2025-04-22,2025-05-23,513.88,150,276796,94643758,38004586,0.383543519055953,90.3427429413781,0.762523415977961
504.1,528,158,151,262280,360890,2025-04-22,2025-05-23,513.88,-7,98610,94643758,38004586,0.381314106314333,90.7240570476925,0.273241153814182
451.43,455,650,1002,183300,357714,2025-04-22,2025-05-23,513.88,352,174414,94643758,38004586,0.377958364671023,91.1020154123635,0.487579462922894
509.91,541,114,115,228342,357535,2025-04-22,2025-05-09,513.88,1,129193,145563771,48833654,0.245620869495061,94.7087843719025,0.361343644678143
390.2,395,740,740,291560,355200,2025-04-22,2025-08-15,513.88,0,63640,780536560,155968339,0.0455071572816525,98.9456702707174,0.179166666666667
311.08,315,901,901,292825,353192,2025-04-22,2025-12-19,513.88,0,60367,1219948452,202053272,0.0289513872017274,99.6040590082244,0.170918367346939
238.3,240,2034,2034,345780,345780,2025-04-22,2025-12-19,513.88,0,0,1219948452,202053272,0.0283438205469357,99.6324028287713,0
204,205,3449,3449,344900,344900,2025-04-22,2025-12-19,513.88,0,0,1219948452,202053272,0.0282716863515476,99.6606745151229,0
364.52,365,7300,7176,321200,344448,2025-04-22,2025-05-16,513.88,-124,23248,2663342352,818155905,0.0129329224138737,99.5461651037493,0.0674934968413229
467.99,473,552,684,180504,342684,2025-04-22,2025-05-16,513.88,132,162180,2663342352,818155905,0.0128666898471639,99.5590317935965,0.473263998319151
507.82,542,100,100,195400,341800,2025-04-22,2025-05-23,513.88,0,146400,94643758,38004586,0.361143732268112,91.4631591446316,0.428320655354008
495.78,503,491,470,210639,339340,2025-04-22,2025-05-02,513.88,-21,128701,283947147,97379483,0.119508156213311,98.3062668349332,0.379268580185065
503.04,523,169,170,186576,339320,2025-04-22,2025-05-09,513.88,1,152744,145563771,48833654,0.233107453639683,94.9418918255422,0.450147353530591
512.73,555,78,80,237510,338160,2025-04-22,2025-05-23,513.88,2,100650,94643758,38004586,0.357297731140389,91.820456875772,0.29764017033357
331.35,335,925,925,337625,337625,2025-04-22,2025-09-19,513.88,0,0,2008366648,399422257,0.0168109244562599,99.8256684852098,0
509.86,592,41,41,279579,336774,2025-04-22,2025-05-16,513.88,0,57195,2663342352,818155905,0.012644788220602,99.5716765818171,0.169831994156318
502.45,514,215,291,137815,336105,2025-04-22,2025-05-02,513.88,76,198290,283947147,97379483,0.118368859680777,98.424635694614,0.589964445634549
301.35,305,917,917,280602,334705,2025-04-22,2025-12-19,513.88,0,54103,1219948452,202053272,0.0274359953038409,99.6881105104267,0.161643835616438
448.87,452,1358,1069,247156,334597,2025-04-22,2025-05-16,513.88,-289,87441,2663342352,818155905,0.0125630488227974,99.5842396306399,0.261332289291297
289.48,290,6408,6410,326808,333320,2025-04-22,2025-06-20,513.88,2,6512,2708121566,668417959,0.0123081623877146,99.8838018558876,0.0195367814712589
439.23,440,4676,4327,294588,333179,2025-04-22,2025-05-02,513.88,-349,38591,283947147,97379483,0.117338386217348,98.5419740808313,0.115826627728638
487.72,489,936,2587,60840,331136,2025-04-22,2025-04-25,513.88,1651,270296,260444684,116124758,0.127142545170935,97.9257906450492,0.816268844221106
208.52,210,2241,2237,266679,331076,2025-04-22,2025-12-19,513.88,-4,64397,1219948452,202053272,0.0271385237185415,99.7152490341453,0.19450820959538
513.37,562,516,68,1839024,330684,2025-04-22,2025-05-02,513.88,-448,-1508340,283947147,97379483,0.116459701565517,98.6584337823968,-4.56127299778641
523.42,630,31,31,330398,330398,2025-04-22,2025-12-19,513.88,0,0,1219948452,202053272,0.027082947599822,99.7423319817451,0
474.57,475,7380,7650,228780,328950,2025-04-22,2025-04-25,513.88,270,100170,260444684,116124758,0.126303211471961,98.0520938565212,0.304514363885089
183.97,185,3170,3177,275790,327231,2025-04-22,2025-12-19,513.88,7,51441,1219948452,202053272,0.0268233464671014,99.7691553282122,0.15720087644508
491.68,508,193,200,193193,326400,2025-04-22,2025-05-30,513.88,7,133207,714922174,189462696,0.0456553191200921,99.1156387044725,0.408109681372549
507.36,531,186,138,282906,326232,2025-04-22,2025-05-09,513.88,-48,43326,145563771,48833654,0.224116205398389,95.1660080309406,0.132807327300817
434.15,436,852,1763,126096,326155,2025-04-22,2025-05-16,513.88,911,200059,2663342352,818155905,0.0122460786821145,99.596485709322,0.613386273397618
454.7,458,864,986,203040,325380,2025-04-22,2025-05-16,513.88,122,122340,2663342352,818155905,0.0122169799070578,99.608702689229,0.375991148810621
471.5,492,158,158,237632,323900,2025-04-22,2025-08-15,513.88,0,86268,780536560,155968339,0.0414970952802006,98.9871673659976,0.266341463414634
499.6,517,184,186,178480,323640,2025-04-22,2025-05-09,513.88,2,145160,145563771,48833654,0.222335542543756,95.3883435734844,0.448523050302805
519.9,557.5,85,86,260865,323360,2025-04-22,2025-05-09,513.88,1,62495,145563771,48833654,0.222143186988471,95.6104867604728,0.193267565561603
366.45,370,903,907,264579,321985,2025-04-22,2025-08-15,513.88,4,57406,780536560,155968339,0.04125175123123,99.0284191172288,0.178287808438281
403.99,405,2953,3176,253958,320776,2025-04-22,2025-05-16,513.88,223,66818,2663342352,818155905,0.0120441144098173,99.6207468036389,0.208301119784523
449.75,453,989,986,203734,320450,2025-04-22,2025-05-16,513.88,-3,116716,2663342352,818155905,0.0120318741508902,99.6327786777898,0.364225308160399
499.36,523,164,134,265188,316776,2025-04-22,2025-05-30,513.88,-30,51588,714922174,189462696,0.0443091586078011,99.1599478630803,0.162853246458065
498.15,516,180,175,222840,312375,2025-04-22,2025-05-23,513.88,-5,89535.0000000001,94643758,38004586,0.330053462162819,92.1505103379348,0.286626650660264
213.9,215,2833,2833,311630,311630,2025-04-22,2025-12-19,513.88,0,0,1219948452,202053272,0.0255445219418173,99.794699850154,0
502.48,532,110,105,200530,309960,2025-04-22,2025-05-23,513.88,-5,109430,94643758,38004586,0.327501788337695,92.4780121262725,0.353045554265066
507.7,537,111,105,233655,307650,2025-04-22,2025-05-23,513.88,-6,73995,94643758,38004586,0.325061056852793,92.8030731831253,0.240516821062896
492.92,508,188,204,182548,307632,2025-04-22,2025-05-23,513.88,16,125084,94643758,38004586,0.325042038165898,93.1281152212912,0.406602694128049
408.38,415,465,464,242730,307168,2025-04-22,2025-08-15,513.88,-1,64438,780536560,155968339,0.0393534416888813,99.0677725589177,0.209780966767372
498.92,522,159,133,241680,306964,2025-04-22,2025-05-30,513.88,-26,65284,714922174,189462696,0.0429367015268994,99.2028845646072,0.212676405050755
503.97,516,101,255,74437,306765,2025-04-22,2025-05-02,513.88,154,232328,283947147,97379483,0.108035950789109,98.7664697331859,0.757348458918064
426.78,435,326,370,210596,304140,2025-04-22,2025-08-15,513.88,44,93544,780536560,155968339,0.038965503422415,99.1067380623401,0.307568882751365
342.29,345,1111,1112,248864,301352,2025-04-22,2025-08-15,513.88,1,52488,780536560,155968339,0.038608313235193,99.1453463755753,0.174175051103029
508.12,554,65,65,187525,298220,2025-04-22,2025-05-09,513.88,0,110695,145563771,48833654,0.204872406060434,95.8153591665333,0.371185701830863
508.6,585,44,39,249964,297960,2025-04-22,2025-05-30,513.88,-5,47996,714922174,189462696,0.0416772637408782,99.244561828348,0.16108202443281
224.77,225,12781,12792,217277,294216,2025-04-22,2025-06-20,513.88,11,76939.0000000001,2708121566,668417959,0.0108642094835709,99.8946660653712,0.261505152676945
369.36,370,4578,4578,219744,292992,2025-04-22,2025-05-16,513.88,0,73248,2663342352,818155905,0.0110009139373307,99.6437795917271,0.25
503.62,529,119,114,213724,289332,2025-04-22,2025-05-30,513.88,-5,75608,714922174,189462696,0.0404704190920787,99.2850322474401,0.261319176586067
339.6,340,7192,7194,201376,287760,2025-04-22,2025-05-16,513.88,2,86384,2663342352,818155905,0.0108044690455927,99.6545840607727,0.300194606616625
491.3,507,154,183,158774,287310,2025-04-22,2025-05-30,513.88,29,128536,714922174,189462696,0.0401875911041472,99.3252198385443,0.447377397236435
476.26,501,119,116,216104,286984,2025-04-22,2025-08-15,513.88,-3,70880,780536560,155968339,0.0367675282244306,99.1821139037997,0.246982410169208
515.77,635,24,24,265368,286152,2025-04-22,2025-07-18,513.88,0,20784,970115399,237216107,0.0294966970212994,99.7558054431007,0.0726327266627527
490.38,492,1000,1763,77000,285606,2025-04-22,2025-04-25,513.88,763,208606,260444684,116124758,0.109660905960361,98.1617547624816,0.730397820774074
513.29,551,598,75,1448356,282825,2025-04-22,2025-04-25,513.88,-523,-1165531,260444684,116124758,0.10859311684012,98.2703478793217,-4.12103244055511
420.74,428,390,389,241800,282414,2025-04-22,2025-08-15,513.88,-1,40614,780536560,155968339,0.0361820335488193,99.2182959373485,0.143810151054834
381.56,385,818,818,281392,281392,2025-04-22,2025-08-15,513.88,0,0,780536560,155968339,0.0360510979780371,99.2543470353266,0
461.4,477,178,179,221966,279240,2025-04-22,2025-08-15,513.88,1,57274,780536560,155968339,0.0357753902008126,99.2901224255274,0.20510671823521
505.4,539,83,82,183845,275520,2025-04-22,2025-05-23,513.88,-1,91675,94643758,38004586,0.291112700744618,93.4192279220358,0.332734465737515
444.12,447,1101,940,190473,270720,2025-04-22,2025-05-16,513.88,-161,80247,2663342352,818155905,0.0101646714624091,99.6647487322351,0.296420656028369
509.26,559,54,54,163674,268596,2025-04-22,2025-05-09,513.88,0,104922,145563771,48833654,0.184521188311342,95.9998803548446,0.390631282669883
495.92,513,110,157,129800,268156,2025-04-22,2025-05-23,513.88,47,138356,94643758,38004586,0.283331944616992,93.7025598666528,0.51595340025955
506.16,523,180,159,172800,267756,2025-04-22,2025-05-02,513.88,-21,94956,283947147,97379483,0.0942978307156578,98.8607675639016,0.354636310670909
499.27,503,424,717,69960,267441,2025-04-22,2025-04-25,513.88,293,197481,260444684,116124758,0.102686296334618,98.3730341756563,0.738409593143908
506.21,526,152,134,192280,265186,2025-04-22,2025-05-09,513.88,-18,72905.9999999999,145563771,48833654,0.182178572441628,96.1820589272862,0.2749240155966
389.24,390,3495,3449,227175,262124,2025-04-22,2025-05-16,513.88,-46,34949,2663342352,818155905,0.00984191911352146,99.6745906513486,0.133330027010117
419.8,427,363,361,219978,259920,2025-04-22,2025-08-15,513.88,-2,39942.0000000001,780536560,155968339,0.0333001698216417,99.323422595349,0.153670360110804
491.2,497,336,446,114240,258680,2025-04-22,2025-05-02,513.88,110,144440,283947147,97379483,0.0911014612166538,98.9518690251183,0.558373279727849
497.62,522,111,106,159729,258428,2025-04-22,2025-05-23,513.88,-5,98699,94643758,38004586,0.273053400943779,93.9756132675966,0.381920689708545
497,516,136,136,175032,258400,2025-04-22,2025-05-30,513.88,0,83368,714922174,189462696,0.0361437943034062,99.3613636328477,0.322631578947368
494.76,512,68,149,72624,256876,2025-04-22,2025-05-23,513.88,81,184252,94643758,38004586,0.271413567495915,94.2470268350925,0.717279932730189
278.64,280,1886,1888,222548,256768,2025-04-22,2025-08-15,513.88,2,34220,780536560,155968339,0.0328963450475658,99.3563189403966,0.13327205882353
493.89,511,114,150,140562,256650,2025-04-22,2025-05-30,513.88,36,116088,714922174,189462696,0.0358990124147415,99.3972626452624,0.452320280537697
498.89,524,90,102,148230,256122,2025-04-22,2025-05-30,513.88,12,107892,714922174,189462696,0.0358251582220473,99.4330878034845,0.421252371916509
505.98,521,157,170,140515,255340,2025-04-22,2025-05-02,513.88,13,114825,283947147,97379483,0.0899251859713174,99.0417942110896,0.449694524947129
321.98,325,843,844,214965,254888,2025-04-22,2025-09-19,513.88,1,39923,2008366648,399422257,0.0126913081460413,99.8383597933558,0.156629578481529
511.56,562.5,50,50,154050,254700,2025-04-22,2025-05-09,513.88,0,100650,145563771,48833654,0.174974856896226,96.3570337841825,0.395170789163722
510.81,570,313,43,1283300,254517,2025-04-22,2025-05-09,513.88,-270,-1028783,145563771,48833654,0.174849138801165,96.5318829229836,-4.04209934896294
508.64,537,96,89,172992,252404,2025-04-22,2025-05-09,513.88,-7,79412,145563771,48833654,0.173397541342894,96.7052804643265,0.314622589182422
504,521,145,148,162400,251600,2025-04-22,2025-05-09,513.88,3,89200,145563771,48833654,0.172845206105577,96.8781256704321,0.354531001589825
515.3,615,24,25,218832,249250,2025-04-22,2025-07-18,513.88,1,30418,970115399,237216107,0.0256928196642305,99.7814982627649,0.122038114343029
505.43,533,109,90,222905,248130,2025-04-22,2025-05-30,513.88,-19,25225.0000000001,714922174,189462696,0.0347072743053568,99.4677950777898,0.10166041994116
430.05,438,304,308,166592,244860,2025-04-22,2025-08-15,513.88,4,78268,780536560,155968339,0.0313707278490581,99.3876896682456,0.319643878134444
495.13,513,91,136,114387,243032,2025-04-22,2025-05-30,513.88,45,128645,714922174,189462696,0.0339941896948352,99.5017892674847,0.529333585700648
498.15,519,82,115,122262,239775,2025-04-22,2025-05-30,513.88,33,117513,714922174,189462696,0.033538615631189,99.5353278831159,0.490096965905536
506.32,524,155,135,155465,238680,2025-04-22,2025-05-02,513.88,-20,83215,283947147,97379483,0.084057896873322,99.1258521079629,0.348646723646724
282.05,285,808,808,183416,238360,2025-04-22,2025-12-19,513.88,0,54944,1219948452,202053272,0.0195385304689907,99.814238380623,0.230508474576271
375.94,380,554,587,180604,238322,2025-04-22,2025-08-15,513.88,33,57718,780536560,155968339,0.030533098923643,99.4182227671693,0.242184943060229
427.92,430,747,1143,124002,237744,2025-04-22,2025-05-23,513.88,396,113742,94643758,38004586,0.251198816513605,94.4982256516061,0.478422168382798
502.09,518,151,149,149792,237059,2025-04-22,2025-05-09,513.88,-2,87267,145563771,48833654,0.162855769929181,97.0409814403613,0.36812354730257
494.52,501,324,363,137376,235224,2025-04-22,2025-05-02,513.88,39,97848,283947147,97379483,0.0828407689547943,99.2086928769177,0.415977961432507
228.98,230,2304,2306,191232,235212,2025-04-22,2025-09-19,513.88,2,43980,2008366648,399422257,0.011711606555219,99.850071399911,0.186980256109382
298.8,300,1529,1948,154429,233760,2025-04-22,2025-07-18,513.88,419,79331,970115399,237216107,0.0240961024060602,99.805594365171,0.339369438740589
440.56,443,957,958,162690,233752,2025-04-22,2025-05-16,513.88,1,71062,2663342352,818155905,0.00877664111879824,99.6833672924674,0.304005955029262
527.27,569,163,56,680199,233688,2025-04-22,2025-05-09,513.88,-107,-446511,145563771,48833654,0.160539946440382,97.2015213868017,-1.91071428571429
429.43,431,1498,1477,191744,231889,2025-04-22,2025-05-16,513.88,-21,40145,2663342352,818155905,0.00870669141824243,99.6920739838856,0.173121622845413
269.65,270,6614,6614,231490,231490,2025-04-22,2025-06-20,513.88,0,0,2708121566,668417959,0.00854799145305429,99.9032140568242,0
374.43,375,4036,4059,209872,231363,2025-04-22,2025-05-16,513.88,23,21490.9999999999,2663342352,818155905,0.00868694179801035,99.7007609256837,0.09288866413385
491.23,493,1391,1298,116844,229746,2025-04-22,2025-04-25,513.88,-93,112902,260444684,116124758,0.088212973469637,98.4612471491259,0.49142096053903
188.97,190,2227,2228,200430,229484,2025-04-22,2025-12-19,513.88,1,29054,1219948452,202053272,0.0188109587436896,99.8330493393667,0.126605776437573
524.34,551,86,86,229276,229276,2025-04-22,2025-05-09,513.88,0,0,145563771,48833654,0.1575089724764,97.3590303592781,0
492.5,507,154,158,146608,229100,2025-04-22,2025-05-23,513.88,4,82492,94643758,38004586,0.242065620428977,94.7402912720351,0.360069838498472
508.66,578,84,33,427728,228822,2025-04-22,2025-05-16,513.88,-51,-198906,2663342352,818155905,0.00859153536263069,99.7093524610463,-0.86926082282298
514.14,602,26,26,192374,228436,2025-04-22,2025-05-16,513.88,0,36062,2663342352,818155905,0.0085770422953121,99.7179295033416,0.157864784885045
459.21,476,135,135,167535,226665,2025-04-22,2025-08-15,513.88,0,59130,780536560,155968339,0.0290396390913451,99.4472624062606,0.260869565217391
399.46,405,216,409,112104,226586,2025-04-22,2025-08-15,513.88,193,114482,780536560,155968339,0.0290295178485938,99.4762919241092,0.50524745571218
441.57,444,906,932,172140,226476,2025-04-22,2025-05-16,513.88,26,54336,2663342352,818155905,0.00850345055452338,99.7264329538961,0.239919461664812
426.42,428,1419,1426,171699,225308,2025-04-22,2025-05-16,513.88,7,53609,2663342352,818155905,0.00845959588450235,99.7348925497806,0.237936513572532
513.06,554,370,55,966070,225170,2025-04-22,2025-04-25,513.88,-315,-740900,260444684,116124758,0.0864559784986819,98.5477031276246,-3.29040280676822
444.18,445,2450,2745,159250,225090,2025-04-22,2025-05-02,513.88,295,65840,283947147,97379483,0.079271794902028,99.2879646718197,0.292505220134169
349.64,350,6185,6180,191735,222480,2025-04-22,2025-05-16,513.88,-5,30745,2663342352,818155905,0.00835341351565005,99.7432459632963,0.13819219705142
523.81,635,20,20,222380,222380,2025-04-22,2025-12-19,513.88,0,0,1219948452,202053272,0.0182286390572837,99.851277978424,0
304.82,305,12143,12247,157859,220446,2025-04-22,2025-05-16,513.88,104,62587,2663342352,818155905,0.00827704331117849,99.7515230066075,0.283910799016539
498.9,518,63,115,74277,219650,2025-04-22,2025-05-23,513.88,52,145373,94643758,38004586,0.232080809808926,94.972372081844,0.661839289779194
509.31,564,42,40,136584,218760,2025-04-22,2025-05-09,513.88,-2,82176,145563771,48833654,0.150284647407218,97.5093150066853,0.375644541963796
448.29,451,767,805,144196,218155,2025-04-22,2025-05-16,513.88,38,73959.0000000001,2663342352,818155905,0.00819102357743005,99.7597140301849,0.339020421260113
519.71,539,113,113,217977,217977,2025-04-22,2025-05-09,513.88,0,0,145563771,48833654,0.149746738836547,97.6590617455218,0
429.94,432,933,1058,121290,217948,2025-04-22,2025-05-16,513.88,125,96658,2663342352,818155905,0.0081832513884794,99.7678972815734,0.443491107970709
481.29,482,2735,3061,112135,217331,2025-04-22,2025-04-25,513.88,326,105196,260444684,116124758,0.0834461263183241,98.6311492539429,0.484035871550768
451.17,463,182,182,215306,215306,2025-04-22,2025-08-15,513.88,0,0,780536560,155968339,0.0275843581241089,99.5038762822333,0
434.84,447,177,177,215232,215232,2025-04-22,2025-08-15,513.88,0,0,780536560,155968339,0.0275748774663419,99.5314511596997,0
490.11,501,0,197,0,214533,2025-04-22,2025-05-09,513.88,197,214533,145563771,48833654,0.147380765506549,97.8064425110284,1
249.68,250,6171,6652,154275,212864,2025-04-22,2025-06-20,513.88,481,58589,2708121566,668417959,0.0078602084438332,99.9110742652681,0.275241468731209
381.79,385,657,662,168849,212502,2025-04-22,2025-07-18,513.88,5,43653,970115399,237216107,0.0219048167072751,99.8274991818783,0.205423948951069
506.78,529,130,95,184080,211090,2025-04-22,2025-05-09,513.88,-35,27010,145563771,48833654,0.145015479160677,97.9514579901891,0.127954900753233
493.84,496,606,976,62418,210816,2025-04-22,2025-04-25,513.88,370,148398,260444684,116124758,0.080944635445122,98.7120938893881,0.703921903460838
334.75,335,8362,8384,200688,209600,2025-04-22,2025-05-16,513.88,22,8912,2663342352,818155905,0.0078698106476099,99.775767092221,0.0425190839694656
369.09,370,2232,2295,180792,208845,2025-04-22,2025-05-30,513.88,63,28053,714922174,189462696,0.0292122705932464,99.5645401537091,0.134324499030382
293.46,295,1346,1346,207284,207284,2025-04-22,2025-09-19,513.88,0,0,2008366648,399422257,0.0103210238133769,99.8603924237244,0
499.5,526,92,78,153640,206700,2025-04-22,2025-05-30,513.88,-14,53060,714922174,189462696,0.028912237935426,99.5934523916445,0.25670053217223
525.38,556,67,67,205154,205154,2025-04-22,2025-05-09,513.88,0,0,145563771,48833654,0.140937541388647,98.0923955315777,0
324.1,325,2267,2270,165491,204300,2025-04-22,2025-06-20,513.88,3,38809,2708121566,668417959,0.00754397448640974,99.9186182397545,0.189960841899168
508.49,605,21,21,165753,202671,2025-04-22,2025-05-16,513.88,0,36918,2663342352,818155905,0.00760964882519917,99.7833767410462,0.182157289400062
352.88,355,954,955,185076,202460,2025-04-22,2025-07-18,513.88,1,17384,970115399,237216107,0.0208696821232502,99.8483688640015,0.0858638743455497
445.53,453,270,270,201690,201690,2025-04-22,2025-08-15,513.88,0,0,780536560,155968339,0.0258399170949789,99.5572910767947,0
520.4,572,39,39,201240,201240,2025-04-22,2025-05-23,513.88,0,0,94643758,38004586,0.212628919489862,95.1850010013339,0
453.79,457,629,626,145299,200946,2025-04-22,2025-05-16,513.88,-3,55647,2663342352,818155905,0.0075448805839438,99.7909216216301,0.276925144068556
228.25,230,1139,1139,170850,199325,2025-04-22,2025-12-19,513.88,0,28475,1219948452,202053272,0.0163388051087916,99.8676167835328,0.142857142857143
489.5,491,783,1323,57159,198450,2025-04-22,2025-04-25,513.88,540,141291,260444684,116124758,0.0761966022696781,98.7882904916577,0.711972789115646
432.27,434,929,1137,137492,196701,2025-04-22,2025-05-16,513.88,208,59209,2663342352,818155905,0.00738549439024578,99.7983071160204,0.301010162632625
367.35,370,738,742,159408,196630,2025-04-22,2025-07-18,513.88,4,37222,970115399,237216107,0.0202687226903817,99.8686375866919,0.189299699944057
303.69,305,1492,1495,173072,195845,2025-04-22,2025-07-18,513.88,3,22773,970115399,237216107,0.0201878044820109,99.8888253911739,0.116280732211698
257.66,260,817,827,165851,193518,2025-04-22,2025-12-19,513.88,10,27667,1219948452,202053272,0.0158628013899066,99.8834795849227,0.142968612738867
363.55,365,1359,1330,165798,192850,2025-04-22,2025-06-20,513.88,-29,27052,2708121566,668417959,0.00712117219630014,99.9257394119508,0.140274824993518
502.5,529,72,72,118512,190800,2025-04-22,2025-05-23,513.88,0,72288,94643758,38004586,0.201598081090567,95.3865990824244,0.378867924528302
499.16,521,103,87,157590,190008,2025-04-22,2025-05-30,513.88,-16,32418,714922174,189462696,0.0265774383436595,99.6200298299882,0.170613868889731
490.69,506,95,124,99465,189844,2025-04-22,2025-05-30,513.88,29,90379,714922174,189462696,0.0265544987838075,99.646584328772,0.47606982575167
512.61,570,62,33,267344,189387,2025-04-22,2025-05-02,513.88,-29,-77957,283947147,97379483,0.0666979760145292,99.3546626478343,-0.411628042051461
495.82,514,83,104,98936,189072,2025-04-22,2025-05-30,513.88,21,90136,714922174,189462696,0.0264465150020651,99.6730308437741,0.476728442074977
496.58,514,91,108,133861,188136,2025-04-22,2025-05-23,513.88,17,54275,94643758,38004586,0.198783315430057,95.5853823978545,0.288488114980652
357.71,360,864,818,172800,187322,2025-04-22,2025-07-18,513.88,-46,14522,970115399,237216107,0.0193092492081965,99.9081346403821,0.0775242630337067
413.77,415,1780,1522,176220,187206,2025-04-22,2025-05-16,513.88,-258,10986,2663342352,818155905,0.00702898746229227,99.8053361034827,0.0586840165379315
514.24,670,12,12,172560,186912,2025-04-22,2025-09-19,513.88,0,14352,2008366648,399422257,0.00930666719575997,99.8696990909202,0.0767847971237802
498.78,512,97,141,84778,186402,2025-04-22,2025-05-09,513.88,44,101624,145563771,48833654,0.128055215057598,98.2204507466353,0.545187283398247
512.67,557,41,42,121606,186186,2025-04-22,2025-05-09,513.88,1,64580,145563771,48833654,0.127906826486379,98.3483575731217,0.346857443631637
527.34,563,57,52,203262,185432,2025-04-22,2025-05-09,513.88,-5,-17830,145563771,48833654,0.127388840455363,98.475746413577,-0.0961538461538463
513.81,555,563,45,1640582,185355,2025-04-22,2025-04-25,513.88,-518,-1455227,260444684,116124758,0.0711686632083456,98.8594591548661,-7.85102640878315
252.82,255,844,844,167112,183992,2025-04-22,2025-12-19,513.88,0,16880,1219948452,202053272,0.0150819487248302,99.8985615336475,0.091743119266055
452.96,455,876,898,137532,183192,2025-04-22,2025-05-09,513.88,22,45660,145563771,48833654,0.125849996013088,98.6015964095901,0.249246691995284
490.81,502,0,163,0,182397,2025-04-22,2025-05-09,513.88,163,182397,145563771,48833654,0.125303843632905,98.726900253223,1
509.47,545,54,51,133164,181203,2025-04-22,2025-05-23,513.88,-3,48039,94643758,38004586,0.191457951194203,95.7768403490487,0.265111504776411
503.14,531,77,65,136829,181090,2025-04-22,2025-05-23,513.88,-12,44261,94643758,38004586,0.191338556104249,95.9681789051529,0.244414379590259
495.04,517,63,82,79191,180072,2025-04-22,2025-05-30,513.88,19,100881,714922174,189462696,0.0251876367175037,99.6982184804916,0.560225909636146
204.3,205,2572,2572,180040,180040,2025-04-22,2025-09-19,513.88,0,0,2008366648,399422257,0.00896449859786758,99.8786635895181,0
453.05,456,691,607,144419,179065,2025-04-22,2025-05-16,513.88,-84,34646,2663342352,818155905,0.00672331891037341,99.812059422393,0.193482813503477
279.47,280,3374,3378,138334,179034,2025-04-22,2025-06-20,513.88,4,40700,2708121566,668417959,0.00661100307488929,99.9323504150257,0.227331121462962
505.52,531,79,70,146308,178360,2025-04-22,2025-05-30,513.88,-9,32052,714922174,189462696,0.0249481700927072,99.7231666505843,0.179703969499888
492.09,498,275,301,95975,177891,2025-04-22,2025-05-02,513.88,26,81916,283947147,97379483,0.0626493352299821,99.4173119830642,0.460484229106588
472.63,473,797,4745,23910,175565,2025-04-22,2025-04-25,513.88,3948,151655,260444684,116124758,0.0674097076214464,98.9268688624875,0.863811124085097
424.43,425,2869,3061,146319,174477,2025-04-22,2025-05-02,513.88,192,28158,283947147,97379483,0.0614469987965753,99.4787589818608,0.161385168245671
262.49,265,692,692,148088,173692,2025-04-22,2025-12-19,513.88,0,25604,1219948452,202053272,0.0142376507560829,99.9127991844036,0.147410358565737
214.26,215,2344,2344,173456,173456,2025-04-22,2025-09-19,513.88,0,0,2008366648,399422257,0.00863667001106264,99.8873002595291,0
286.9,290,555,556,169275,172360,2025-04-22,2025-12-19,513.88,1,3085,1219948452,202053272,0.0141284658148818,99.9269276502185,0.0178985843583198
436.81,439,766,785,125624,171915,2025-04-22,2025-05-16,513.88,19,46291,2663342352,818155905,0.00645485924372069,99.8185142816367,0.269266788820056
431.07,433,837,887,106299,171191,2025-04-22,2025-05-16,513.88,50,64892,2663342352,818155905,0.00642767535579669,99.8249419569926,0.37906198339866
453.42,468,119,117,118286,170586,2025-04-22,2025-08-15,513.88,-2,52300,780536560,155968339,0.0218549660249098,99.5791460428196,0.306590224285698
314.16,315,2035,2030,138380,170520,2025-04-22,2025-06-20,513.88,-5,32140,2708121566,668417959,0.00629661541567592,99.9386470304413,0.188482289467511
439.66,442,712,727,108224,170118,2025-04-22,2025-05-16,513.88,15,61894,2663342352,818155905,0.00638738763239552,99.8313293446249,0.363829812247969
494.82,502,144,236,60048,169448,2025-04-22,2025-05-02,513.88,92,109400,283947147,97379483,0.0596758945424446,99.5384348764033,0.645625796704594
492.82,499,217,271,75733,167478,2025-04-22,2025-05-02,513.88,54,91745,283947147,97379483,0.0589821034546264,99.5974169798579,0.547803293566916
421.58,429,226,225,142606,166950,2025-04-22,2025-08-15,513.88,-1,24344,780536560,155968339,0.0213891326243578,99.6005351754439,0.145816112608565
509.82,556,1383,36,3518352,166248,2025-04-22,2025-04-25,513.88,-1347,-3352104,260444684,116124758,0.0638323644954873,98.990701226983,-20.1632741446514
323.21,325,923,923,165217,165217,2025-04-22,2025-08-15,513.88,0,0,780536560,155968339,0.0211671058688141,99.6217022813127,0
500.35,526,64,64,102400,164160,2025-04-22,2025-05-23,513.88,0,61760,94643758,38004586,0.173450424485469,96.1416293296384,0.376218323586745
512,553,342,40,830034,164000,2025-04-22,2025-04-25,513.88,-302,-666034,260444684,116124758,0.0629692253576579,99.0536704523407,-4.06118292682927
499.5,513,114,120,91542,162000,2025-04-22,2025-05-09,513.88,6,70458,145563771,48833654,0.111291428414561,98.8381916816376,0.434925925925926
199.2,200,2014,2014,130910,161120,2025-04-22,2025-09-19,513.88,0,30210,2008366648,399422257,0.00802243953614988,99.8953226990653,0.1875
502.35,527,88,65,143440,160225,2025-04-22,2025-05-23,513.88,-23,16785,94643758,38004586,0.169292728211405,96.3109220578498,0.104758932750819
500.1,514,64,115,55296,159850,2025-04-22,2025-05-09,513.88,51,104554,145563771,48833654,0.109814412543627,98.9480060941812,0.654075695964967
388.71,390,1335,1229,134835,158541,2025-04-22,2025-05-30,513.88,-106,23706,714922174,189462696,0.0221759802347381,99.745342630819,0.149525990122429
394.17,395,2075,1908,149400,158364,2025-04-22,2025-05-16,513.88,-167,8964,2663342352,818155905,0.00594606246850236,99.8372754070935,0.0566037735849057
398.82,400,1325,1339,127200,158002,2025-04-22,2025-05-23,513.88,14,30802,94643758,38004586,0.166943920379831,96.4778659782296,0.194946899406337
209.12,210,1784,1785,133800,157080,2025-04-22,2025-09-19,513.88,1,23280,2008366648,399422257,0.00782128104728415,99.9031439801126,0.148204736440031
514.11,560,416,34,1420640,156026,2025-04-22,2025-04-25,513.88,-382,-1264614,260444684,116124758,0.0599075387539874,99.1135779910947,-8.1051491418097
149.97,150,51504,51637,206016,154911,2025-04-22,2025-06-20,513.88,133,-51105,2708121566,668417959,0.00572023804045139,99.9443672684818,-0.329899103356121
429.41,430,1237,2612,71746,154108,2025-04-22,2025-05-02,513.88,1375,82362,283947147,97379483,0.054273480691109,99.651690460549,0.534443377371713
438.3,449,144,144,114048,154080,2025-04-22,2025-08-15,513.88,0,40032,780536560,155968339,0.019740266874879,99.6414425481876,0.25981308411215
267.76,270,686,686,153664,153664,2025-04-22,2025-12-19,513.88,0,0,1219948452,202053272,0.0125959420455906,99.9395235922641,0
506.57,544,40,41,90480,153463,2025-04-22,2025-05-23,513.88,1,62983,94643758,38004586,0.162148041501057,96.6400140197307,0.410411630164926
498.07,511,80,118,68000,152574,2025-04-22,2025-05-09,513.88,38,84574,145563771,48833654,0.104815916042736,99.052822010224,0.554314627656088
433.14,442,172,172,128828,152392,2025-04-22,2025-08-15,513.88,0,23564,780536560,155968339,0.0195240053841937,99.6609665535718,0.154627539503386
498.94,521,71,69,103234,152214,2025-04-22,2025-05-23,513.88,-2,48980,94643758,38004586,0.160828355949264,96.80084237568,0.321783804380675
238.88,240,1346,1346,144022,150752,2025-04-22,2025-09-19,513.88,0,6730.00000000003,2008366648,399422257,0.0075061991370014,99.9106501792495,0.0446428571428573
398.11,399,1771,1686,134596,150054,2025-04-22,2025-05-16,513.88,-85,15458,2663342352,818155905,0.0056340485062808,99.8429094555997,0.103016247484239
327.61,330,602,627,121002,149853,2025-04-22,2025-08-15,513.88,25,28851,780536560,155968339,0.0191987163291877,99.680165269901,0.192528678104542
234.74,235,5586,5728,111720,148928,2025-04-22,2025-06-20,513.88,142,37208,2708121566,668417959,0.00549930999663255,99.9498665784784,0.249838848302535
418.36,420,620,908,85560,148912,2025-04-22,2025-05-23,513.88,288,63352,94643758,38004586,0.157339483497686,96.9581818591777,0.425432470183733
273.62,275,1071,1071,147798,147798,2025-04-22,2025-09-19,513.88,0,0,2008366648,399422257,0.00735911443994463,99.9180092936895,0
337.41,340,489,567,103668,146853,2025-04-22,2025-08-15,513.88,78,43185,780536560,155968339,0.0188143653386332,99.6989796352396,0.294069579783866
486.82,488,359,1207,21899,142426,2025-04-22,2025-04-25,513.88,848,120527,260444684,116124758,0.0546857005535963,99.1682636916483,0.846242961257074
273.9,275,1293,1293,142230,142230,2025-04-22,2025-08-15,513.88,0,0,780536560,155968339,0.0182220804621887,99.7172017157018,0
427.39,429,854,883,107604,142163,2025-04-22,2025-05-16,513.88,29,34559,2663342352,818155905,0.00533776665599316,99.8482472222557,0.243094194692009
501.56,523,71,66,101530,141504,2025-04-22,2025-05-23,513.88,-5,39974,94643758,38004586,0.149512237246539,97.1076940964242,0.282493781094527
509.61,541,45,45,99225,141255,2025-04-22,2025-05-23,513.88,0,42030,94643758,38004586,0.149249145411153,97.2569432418354,0.297546989487098
204.87,205,10782,10802,129384,140426,2025-04-22,2025-06-20,513.88,20,11042,2708121566,668417959,0.0051853654489896,99.9550519439274,0.0786321621352172
432.43,435,558,538,99324,138266,2025-04-22,2025-05-23,513.88,-20,38942,94643758,38004586,0.146090986792811,97.4030342286282,0.281645523845342
508,538,47,46,117970,138000,2025-04-22,2025-05-23,513.88,-1,20030,94643758,38004586,0.145809932864247,97.5488441614924,0.145144927536232
432.28,435,526,504,115720,137088,2025-04-22,2025-05-30,513.88,-22,21368,714922174,189462696,0.0191752340304387,99.7645178648494,0.155870681605976
485.91,487,1014,1256,57798,136904,2025-04-22,2025-04-25,513.88,242,79106,260444684,116124758,0.052565480660761,99.220829172309,0.577820954829662
508.41,584,18,18,112068,136062,2025-04-22,2025-05-30,513.88,0,23994,714922174,189462696,0.0190317219059987,99.7835495867555,0.176346077523482
477.49,478,2003,2654,78117,135354,2025-04-22,2025-04-25,513.88,651,57237,260444684,116124758,0.0519703446893929,99.2727995169984,0.422868921494747
332.61,335,507,565,100893,135035,2025-04-22,2025-08-15,513.88,58,34142,780536560,155968339,0.0173002786698422,99.7345019943717,0.252838153071426
527.99,578,650,27,3250650,135027,2025-04-22,2025-05-30,513.88,-623,-3115623,714922174,189462696,0.0188869509032741,99.8024365376587,-23.0740740740741
522.32,625,14,13,143752,133484,2025-04-22,2025-12-19,513.88,-1,-10268,1219948452,202053272,0.0109417737922586,99.9504653660563,-0.0769230769230769
164.38,165,2147,2147,133114,133114,2025-04-22,2025-12-19,513.88,0,0,1219948452,202053272,0.0109114446419249,99.9613768106982,0
509.59,565,38,24,147478,132984,2025-04-22,2025-04-25,513.88,-14,-14494,260444684,116124758,0.0510603625912365,99.3238598795896,-0.108990555254768
453.23,467,91,96,98280,132192,2025-04-22,2025-08-15,513.88,5,33912,780536560,155968339,0.0169360420477934,99.7514380364195,0.256535947712418
239.71,240,4531,4533,108744,131457,2025-04-22,2025-06-20,513.88,2,22713,2708121566,668417959,0.00485417647606444,99.9599061204035,0.172778931513727
451.28,462,123,121,138867,129712,2025-04-22,2025-08-15,513.88,-2,-9154.99999999996,780536560,155968339,0.0166183118956017,99.7680563483151,-0.0705794375231278
243.65,245,939,945,178410,127575,2025-04-22,2025-09-19,513.88,6,-50835,2008366648,399422257,0.00635217678639722,99.9243614704759,-0.398471487360376
416.54,418,663,872,67626,127312,2025-04-22,2025-05-16,513.88,209,59686,2663342352,818155905,0.00478015903229252,99.853027381288,0.46881676511248
502.97,534,40,41,74640,127223,2025-04-22,2025-05-23,513.88,1,52583,94643758,38004586,0.134423022382522,97.6832671838749,0.413313630397019
512.2,565,1203,24,4678467,126720,2025-04-22,2025-05-02,513.88,-1179,-4551747,283947147,97379483,0.0446280236793504,99.6963184842283,-35.9197206439394
454.13,469,87,85,91437,126395,2025-04-22,2025-08-15,513.88,-2,34958,780536560,155968339,0.0161933478170452,99.7842496961321,0.276577396257763
493.91,504,0,125,0,126125,2025-04-22,2025-05-09,513.88,125,126125,145563771,48833654,0.0866458728937436,99.1394678831177,1
494.83,511,67,77,91924,124509,2025-04-22,2025-05-23,513.88,10,32585,94643758,38004586,0.131555427036192,97.8148226109111,0.261707988980716
426.28,433,185,185,103970,124320,2025-04-22,2025-08-15,513.88,0,20350,780536560,155968339,0.0159275050485784,99.8001772011807,0.163690476190476
194.26,195,1664,1664,106496,123136,2025-04-22,2025-09-19,513.88,0,16640,2008366648,399422257,0.00613115140717075,99.9304926218831,0.135135135135135
352,355,408,408,105672,122400,2025-04-22,2025-08-15,513.88,0,16728,780536560,155968339,0.0156815204146235,99.8158587215953,0.136666666666667
502.16,524,77,56,103719,122304,2025-04-22,2025-05-23,513.88,-21,18585,94643758,38004586,0.129225637891513,97.9440482488026,0.151957417582418
422.35,424,637,735,71981,121275,2025-04-22,2025-05-16,513.88,98,49294,2663342352,818155905,0.00455348896130196,99.8575808702493,0.406464646464647
496.66,508,101,106,75851,120204,2025-04-22,2025-05-09,513.88,5,44353,145563771,48833654,0.082578239883604,99.2220461230013,0.368981065521946
413.09,415,513,626,79002,119566,2025-04-22,2025-05-30,513.88,113,40564,714922174,189462696,0.0167243378857627,99.8191608755445,0.33926032484151
179.41,180,2013,2015,98637,118885,2025-04-22,2025-09-19,513.88,2,20248,2008366648,399422257,0.00591948686851525,99.9364121087516,0.170315851453085
396.14,397,1211,1367,111412,117562,2025-04-22,2025-05-16,513.88,156,6149.99999999997,2663342352,818155905,0.00441407766867517,99.861994947918,0.052312822170429
485,486,882,1168,47628,116800,2025-04-22,2025-04-25,513.88,286,69172,260444684,116124758,0.044846375132771,99.3687062547224,0.59222602739726
233.82,235,973,973,97300,114814,2025-04-22,2025-09-19,513.88,0,17514,2008366648,399422257,0.00571678483678942,99.9421288935884,0.152542372881356
379.32,380,1617,1686,92169,114648,2025-04-22,2025-05-16,513.88,69,22479,2663342352,818155905,0.00430466627446174,99.8662996141925,0.196069709022399
294.38,295,1844,1847,103264,114514,2025-04-22,2025-06-20,513.88,3,11250,2708121566,668417959,0.00422853986459484,99.9641346602681,0.0982412630770037
420.5,422,733,746,79897,111900,2025-04-22,2025-05-16,513.88,13,32003,2663342352,818155905,0.00420148765013143,99.8705011018426,0.285996425379803
410.7,412,770,848,86240,110240,2025-04-22,2025-05-16,513.88,78,24000,2663342352,818155905,0.00413915995130017,99.8746402617939,0.217706821480406
505.83,534,42,39,90216,109863,2025-04-22,2025-05-30,513.88,-3,19647,714922174,189462696,0.0153671272196406,99.8345280027641,0.178831817809454
169.22,170,1381,1405,92527,109590,2025-04-22,2025-12-19,513.88,24,17063,1219948452,202053272,0.008983166446118,99.9703599771443,0.155698512638014
383.66,385,803,815,75482,109210,2025-04-22,2025-05-30,513.88,12,33728,714922174,189462696,0.0152757886063274,99.8498037913705,0.308836187162348
436.11,438,588,577,100548,109053,2025-04-22,2025-05-16,513.88,-11,8505,2663342352,818155905,0.00409459189195517,99.8787348536858,0.0779896013864818
421.31,423,1283,645,142413,109005,2025-04-22,2025-05-16,513.88,-638,-33408,2663342352,818155905,0.00409278964524197,99.8828276433311,-0.306481354066327
404.99,406,857,1076,80558,108676,2025-04-22,2025-05-16,513.88,219,28118,2663342352,818155905,0.00408043674589529,99.886908080077,0.25873237881409
329.77,330,4726,4714,103972,108422,2025-04-22,2025-05-16,513.88,-12,4450,2663342352,818155905,0.00407089985703798,99.890978979934,0.0410433306893435
509.77,559,79,22,239449,108306,2025-04-22,2025-04-25,513.88,-57,-131143,260444684,116124758,0.0415850300096738,99.4102912847321,-1.21085627758388
199.88,200,8921,9020,89210,108240,2025-04-22,2025-06-20,513.88,99,19030,2708121566,668417959,0.0039968663651933,99.9681315266333,0.175813008130081
515.76,650,8,8,100952,107392,2025-04-22,2025-09-19,513.88,0,6440,2008366648,399422257,0.0053472308010564,99.9474761243894,0.0599672228843862
189.32,190,1545,1574,97335,107032,2025-04-22,2025-09-19,513.88,29,9697.00000000002,2008366648,399422257,0.00532930578719708,99.9528054301766,0.0905990731743779
309.78,310,4833,4864,62829,107008,2025-04-22,2025-05-16,513.88,31,44179,2663342352,818155905,0.00401780867261183,99.8949967886066,0.412856982655502
462.28,479,61,64,77531,107008,2025-04-22,2025-08-15,513.88,3,29477,780536560,155968339,0.0137095435990852,99.8295682651944,0.27546538576555
159.4,160,1758,1758,105480,105480,2025-04-22,2025-12-19,513.88,0,0,1219948452,202053272,0.00864626696538486,99.9790062441097,0
507.61,536,70,37,141470,105043,2025-04-22,2025-05-23,513.88,-33,-36427,94643758,38004586,0.110987773752602,98.0550360225552,-0.346781794122407
443.66,446,441,447,74970,104598,2025-04-22,2025-05-16,513.88,6,29628,2663342352,818155905,0.00392732086888693,99.8989241094755,0.283255893994149
393.55,395,677,714,78532,103530,2025-04-22,2025-05-30,513.88,37,24998,714922174,189462696,0.0144812965334042,99.8642850879039,0.241456582633053
449.89,450,8900,9405,106800,103455,2025-04-22,2025-04-25,513.88,505,-3345,260444684,116124758,0.0397224463986372,99.4500137311307,-0.0323328983616065
384.28,385,1434,1436,93210,103392,2025-04-22,2025-05-16,513.88,2,10182,2663342352,818155905,0.00388203942021795,99.9028061488957,0.0984795728876509
433.73,435,805,807,81305,102489,2025-04-22,2025-05-09,513.88,2,21184,145563771,48833654,0.070408316091234,99.2924544390925,0.206695352671994
438.69,441,378,439,54432,101409,2025-04-22,2025-05-16,513.88,61,46977,2663342352,818155905,0.00380758410287916,99.9066137329986,0.463242907434251
419.55,421,670,687,77720,99615,2025-04-22,2025-05-16,513.88,17,21895,2663342352,818155905,0.00374022513197357,99.9103539581306,0.219796215429403
435.15,437,536,536,79864,99160,2025-04-22,2025-05-16,513.88,0,19296,2663342352,818155905,0.00372314133500476,99.9140770994656,0.194594594594595
179.01,180,1001,1001,85085,99099,2025-04-22,2025-12-19,513.88,0,14014,1219948452,202053272,0.00812321207814443,99.9871294561879,0.141414141414141
498,517,46,52,64998,98800,2025-04-22,2025-05-23,513.88,6,33802,94643758,38004586,0.104391459181069,98.1594274817363,0.342125506072875
302.69,305,425,425,90100,98175,2025-04-22,2025-09-19,513.88,0,8075,2008366648,399422257,0.00488830065455259,99.9576937308312,0.0822510822510823
283.77,285,788,788,96924,96924,2025-04-22,2025-08-15,513.88,0,0,780536560,155968339,0.0124176118028347,99.8419858769972,0
457.87,473,72,64,83088,96832,2025-04-22,2025-08-15,513.88,-8,13744,780536560,155968339,0.0124058250391244,99.8543917020364,0.141936549900859
244.71,245,3315,3324,76245,96396,2025-04-22,2025-06-20,513.88,9,20151,2708121566,668417959,0.00355951524518822,99.9716910418785,0.209043943732105
459.81,460,4746,5026,80682,95494,2025-04-22,2025-04-25,513.88,280,14812,260444684,116124758,0.0366657512579523,99.4866794823887,0.155109221521771
409.78,411,601,778,65509,94916,2025-04-22,2025-05-16,513.88,177,29407,2663342352,818155905,0.00356379268811327,99.9176408921537,0.309821315689662
444.33,451,142,142,94714,94714,2025-04-22,2025-08-15,513.88,0,0,780536560,155968339,0.0121344732397929,99.8665261752762,0
154.66,155,2765,2765,82950,94010,2025-04-22,2025-09-19,513.88,0,11060,2008366648,399422257,0.00468091820254127,99.9623746490337,0.117647058823529
184.35,185,1446,1445,79530,93925,2025-04-22,2025-09-19,513.88,-1,14395,2008366648,399422257,0.00467668590760227,99.9670513349413,0.1532605802502
298.34,300,577,563,83088,93458,2025-04-22,2025-08-15,513.88,-14,10370,780536560,155968339,0.0119735582917474,99.8784997335679,0.11095893342464
527.27,660,7,7,92911,92911,2025-04-22,2025-09-19,513.88,0,0,2008366648,399422257,0.00462619711856518,99.9716775320599,0
419.5,420,2170,1852,97650,92600,2025-04-22,2025-05-02,513.88,-318,-5050,283947147,97379483,0.0326117029096264,99.728930187138,-0.0545356371490281
425.26,427,537,530,63903,92220,2025-04-22,2025-05-16,513.88,-7,28317,2663342352,818155905,0.00346256649772226,99.9211034586514,0.307059206245934
529.96,645,8,8,92032,92032,2025-04-22,2025-07-18,513.88,0,0,970115399,237216107,0.00948670643666383,99.9176213468188,0
164.56,165,2091,2091,83640,92004,2025-04-22,2025-09-19,513.88,0,8363.99999999999,2008366648,399422257,0.00458103604198072,99.9762585681019,0.0909090909090907
378.84,380,704,790,64768,91640,2025-04-22,2025-05-30,513.88,86,26872,714922174,189462696,0.0128181784441337,99.877103266348,0.293234395460498
293.6,295,654,654,91560,91560,2025-04-22,2025-08-15,513.88,0,0,780536560,155968339,0.0117303922317233,99.8902301257996,0
403.16,405,501,489,65631,89976,2025-04-22,2025-05-30,513.88,-12,24345,714922174,189462696,0.0125854258368548,99.8896886921848,0.27057215257402
424.56,426,384,624,44160,89856,2025-04-22,2025-05-16,513.88,240,45696,2663342352,818155905,0.0033738058470975,99.9244772644985,0.508547008547009
362.37,365,237,341,58776,89683,2025-04-22,2025-07-18,513.88,104,30907,970115399,237216107,0.00924457029467275,99.9268659171134,0.344624956792257
399.37,400,1243,1420,69608,89460,2025-04-22,2025-05-09,513.88,177,19852,145563771,48833654,0.0614575999133741,99.3539120390059,0.221909233176839
174.45,175,1624,1623,71456,89265,2025-04-22,2025-09-19,513.88,-1,17809,2008366648,399422257,0.00444465656153438,99.9807032246634,0.19950708564387
373.91,375,804,816,69948,88944,2025-04-22,2025-05-30,513.88,12,18996,714922174,189462696,0.0124410744602251,99.9021297666451,0.213572584997302
328.25,330,496,507,73408,88725,2025-04-22,2025-07-18,513.88,11,15317,970115399,237216107,0.00914581915630431,99.9360117362697,0.172634544942237
443.43,445,661,565,77998,88705,2025-04-22,2025-05-09,513.88,-96,10707,145563771,48833654,0.0609389268982321,99.4148509659042,0.120703455273096
528.02,558,133,29,398734,86942,2025-04-22,2025-04-25,513.88,-104,-311792,260444684,116124758,0.0333821365307652,99.5200616189194,-3.58620689655172
369.77,370,3768,3776,52752,86848,2025-04-22,2025-05-02,513.88,8,34096,283947147,97379483,0.0305859738044841,99.7595161609424,0.392593957258659
359.57,360,1963,2016,76557,86688,2025-04-22,2025-05-16,513.88,53,10131,2663342352,818155905,0.00325485756402675,99.9277321220625,0.11686738648948
154.39,155,1416,1416,73632,86376,2025-04-22,2025-12-19,513.88,0,12744,1219948452,202053272,0.00708029916005008,99.9942097553479,0.147540983606557
435.11,443,109,109,83494,86001,2025-04-22,2025-08-15,513.88,0,2507,780536560,155968339,0.0110181898462258,99.9012483156459,0.0291508238276299
214.83,215,5036,5039,75540,85663,2025-04-22,2025-06-20,513.88,3,10123,2708121566,668417959,0.00316318887141125,99.9748542307499,0.118172373136594
317.87,320,355,402,57865,85626,2025-04-22,2025-08-15,513.88,47,27761,780536560,155968339,0.0109701459724065,99.9122184616183,0.324212271973466
379.84,380,5237,5273,99503,84368,2025-04-22,2025-05-02,513.88,36,-15135,283947147,97379483,0.029712571825911,99.7892287327684,-0.179392660724445
508.97,547,27,22,46845,83666,2025-04-22,2025-05-09,513.88,-5,36821,145563771,48833654,0.0574772138872385,99.4723281797914,0.44009514020032
399.98,400,41656,41636,83312,83272,2025-04-22,2025-04-25,513.88,-20,-40,260444684,116124758,0.031973008134042,99.5520346270535,-0.000480353540205591
288.41,290,521,523,75024,83157,2025-04-22,2025-08-15,513.88,2,8133,780536560,155968339,0.0106538251071801,99.9228722867254,0.09780295104441
189.9,190,8251,8277,66008,82770,2025-04-22,2025-06-20,513.88,26,16762,2708121566,668417959,0.0030563620569757,99.9779105928068,0.202512987797511
493.4,503,0,86,0,82560,2025-04-22,2025-05-09,513.88,86,82560,145563771,48833654,0.056717409443865,99.5290455892353,1
324.78,325,3718,3716,74360,81752,2025-04-22,2025-05-16,513.88,-2,7392,2663342352,818155905,0.00306952652702006,99.9308016485896,0.0904198062432723
514.51,605,9,9,69417,81441,2025-04-22,2025-05-30,513.88,0,12024,714922174,189462696,0.0113915895969958,99.9135213562421,0.14764062327329
422.94,425,156,395,22776,81370,2025-04-22,2025-05-23,513.88,239,58594,94643758,38004586,0.0859750307040851,98.2454025124404,0.720093400516161
392.99,394,645,802,48375,81002,2025-04-22,2025-05-16,513.88,157,32627,2663342352,818155905,0.00304136642212642,99.9338430150117,0.402792523641392
314.8,315,4037,4007,64592,80140,2025-04-22,2025-05-16,513.88,-30,15548,2663342352,818155905,0.00300900107490199,99.9368520160866,0.1940104816571
390.13,391,944,920,63248,80040,2025-04-22,2025-05-16,513.88,-24,16792,2663342352,818155905,0.00300524639424951,99.9398572624808,0.209795102448776
515.57,543,29,29,79547,79547,2025-04-22,2025-05-23,513.88,0,0,94643758,38004586,0.0840488603590741,98.3294513727995,0
407.77,409,655,646,62225,79458,2025-04-22,2025-05-16,513.88,-9,17233,2663342352,818155905,0.00298339415285204,99.9428406566337,0.2168818747011
318.73,320,623,623,79121,79121,2025-04-22,2025-07-18,513.88,0,0,970115399,237216107,0.00815583384013472,99.9441675701099,0
414.55,415,1738,1746,81686,78570,2025-04-22,2025-05-02,513.88,8,-3115.99999999999,283947147,97379483,0.0276706425227791,99.8168993752911,-0.0396589028891433
278.13,280,409,415,65849,77605,2025-04-22,2025-09-19,513.88,6,11756,2008366648,399422257,0.003864085279313,99.9845673099427,0.151485084723922
497.89,519,52,36,70460,75996,2025-04-22,2025-05-23,513.88,-16,5536,94643758,38004586,0.0802968960721107,98.4097482688716,0.0728459392599611
507.24,547,23,19,64492,75544,2025-04-22,2025-05-23,513.88,-4,11052,94643758,38004586,0.0798193157122945,98.4895675845839,0.146298845705814
259.62,260,1977,1976,57333,75088,2025-04-22,2025-06-20,513.88,-1,17755,2708121566,668417959,0.00277269679997814,99.9806832896068,0.236455891753676
414.16,415,682,892,50468,74928,2025-04-22,2025-05-09,513.88,210,24460,145563771,48833654,0.0514743465941124,99.5805199358294,0.326446722186633
499.06,572.5,10,10,73440,73440,2025-04-22,2025-05-23,513.88,0,0,94643758,38004586,0.077596242532973,98.5671638271169,0
439.86,448,90,90,73260,73260,2025-04-22,2025-08-15,513.88,0,0,780536560,155968339,0.00938585118934083,99.9322581379148,0
388.98,390,704,714,61248,72828,2025-04-22,2025-05-23,513.88,10,11580,94643758,38004586,0.0769496071785315,98.6441134342954,0.159004778381941
401.06,402,468,774,37440,72756,2025-04-22,2025-05-16,513.88,306,35316,2663342352,818155905,0.00273175545552245,99.9455724120892,0.485403265710045
514.49,595,9,9,60237,72459,2025-04-22,2025-05-16,513.88,0,12222,2663342352,818155905,0.00272060405398457,99.9482930161432,0.168674698795181
323.36,325,409,438,49080,71832,2025-04-22,2025-07-18,513.88,29,22752,970115399,237216107,0.00740447992826882,99.9515720500381,0.316739057801537
483.26,484,558,970,25668,71780,2025-04-22,2025-04-25,513.88,412,46112,260444684,116124758,0.0275605548547115,99.5795951819082,0.642407355809418
409.55,410,1432,1587,51552,71415,2025-04-22,2025-05-02,513.88,155,19863,283947147,97379483,0.0251508073789521,99.8420501826701,0.278134845620668
391.02,392,696,723,50808,70854,2025-04-22,2025-05-16,513.88,27,20046,2663342352,818155905,0.00266034142951218,99.9509533575727,0.28291980692692
464.79,465,3371,3373,74162,70833,2025-04-22,2025-04-25,513.88,2,-3329,260444684,116124758,0.0271969459741401,99.6067921278823,-0.0469978682252622
243.07,245,365,366,64605,70638,2025-04-22,2025-12-19,513.88,1,6033.00000000001,1219948452,202053272,0.00579024465207486,100,0.0854072878620574
476.49,477,224,1368,8064,69768,2025-04-22,2025-04-25,513.88,1144,61704,260444684,116124758,0.0267880299680066,99.6335801578503,0.884416924664603
419.08,420,776,758,60528,69736,2025-04-22,2025-05-09,513.88,-18,9208,145563771,48833654,0.0479075250118383,99.6284274608412,0.132040839738442
263.82,265,535,585,52430,69030,2025-04-22,2025-08-15,513.88,50,16600,780536560,155968339,0.00884391629265899,99.9411020542074,0.240475155729393
333.12,335,373,366,55204,68808,2025-04-22,2025-07-18,513.88,-7,13604,970115399,237216107,0.00709276443513088,99.9586648144733,0.197709568654808
512.2,580,10,10,52460,67800,2025-04-22,2025-05-02,513.88,0,15340,283947147,97379483,0.0238776831238949,99.865927865794,0.226253687315634
397.12,398,455,764,42315,67232,2025-04-22,2025-05-16,513.88,309,24917,2663342352,818155905,0.00252434689627915,99.953477704469,0.370612208472156
169.94,170,11194,11192,67164,67152,2025-04-22,2025-06-20,513.88,-2,-12,2708121566,668417959,0.00247965234807336,99.9831629419549,-0.000178699070764832
402.91,404,576,611,50688,66599,2025-04-22,2025-05-16,513.88,35,15911,2663342352,818155905,0.00250057976774891,99.9559782842367,0.23890749110347
414.67,416,342,495,35568,65835,2025-04-22,2025-05-16,513.88,153,30267,2663342352,818155905,0.00247189400756392,99.9584501782443,0.45974025974026
516.15,563,331,14,1193255,65590,2025-04-22,2025-05-02,513.88,-317,-1127665,283947147,97379483,0.0230993692639567,99.889027235058,-17.192636072572
169.57,170,1517,1517,65231,65231,2025-04-22,2025-09-19,513.88,0,0,2008366648,399422257,0.00324796271960398,99.9878152726623,0
411.6,413,491,463,55483,64820,2025-04-22,2025-05-16,513.88,-28,9337,2663342352,818155905,0.00243378399894119,99.9608839622432,0.144045047824745
268.83,270,553,554,60277,64818,2025-04-22,2025-08-15,513.88,1,4540.99999999999,780536560,155968339,0.00830428750192047,99.9494063417094,0.0700577000215987
209.84,210,4000,4035,56000,64560,2025-04-22,2025-06-20,513.88,35,8560,2708121566,668417959,0.00238394024886252,99.9855468822037,0.132589838909542
423.93,425,590,600,50150,64200,2025-04-22,2025-05-09,513.88,10,14050,145563771,48833654,0.0441043808902148,99.6725318417314,0.218847352024922
389.4,390,1020,1065,44880,63900,2025-04-22,2025-05-09,513.88,45,19020,145563771,48833654,0.04389828565241,99.7164301273838,0.297652582159624
408.62,410,319,463,36685,63894,2025-04-22,2025-05-23,513.88,144,27209,94643758,38004586,0.0675099989161462,98.7116234332115,0.425845932325414
343.01,345,320,320,63680,63680,2025-04-22,2025-07-18,513.88,0,0,970115399,237216107,0.00656416752745515,99.9652289820007,0
412.57,414,374,444,35904,63492,2025-04-22,2025-05-16,513.88,70,27588,2663342352,818155905,0.00238392183987618,99.9632678840831,0.434511434511434
512.92,548,18,18,51174,63144,2025-04-22,2025-05-23,513.88,0,11970,94643758,38004586,0.0667175536288405,98.7783409868404,0.189566704675028
429.96,430,15551,15467,124408,61868,2025-04-22,2025-04-25,513.88,-84,-62540,260444684,116124758,0.0237547563074852,99.6573349141578,-1.01086183487425
349.47,350,1137,1165,57987,61745,2025-04-22,2025-05-23,513.88,28,3758.00000000001,94643758,38004586,0.0652393790195863,98.84358036586,0.0608632277917241
391.99,393,602,607,56588,61307,2025-04-22,2025-05-16,513.88,5,4719.00000000001,2663342352,818155905,0.00230188206761937,99.9655697661508,0.0769732656955977
406.88,408,413,544,40061,60928,2025-04-22,2025-05-16,513.88,131,20867,2663342352,818155905,0.00228765182794645,99.9678574179787,0.342486213235294
478.4,479,654,1008,24852,60480,2025-04-22,2025-04-25,513.88,354,35628,260444684,116124758,0.0232218216440924,99.6805567358019,0.589087301587302
415.8,417,494,496,53352,59520,2025-04-22,2025-05-16,513.88,2,6167.99999999999,2663342352,818155905,0.00223478592435945,99.9700922039031,0.103629032258064
417.61,419,434,427,56854,59353,2025-04-22,2025-05-16,513.88,-7,2498.99999999999,2663342352,818155905,0.0022285156076698,99.9723207195107,0.0421040217006721
354.56,355,1164,1331,40740,58564,2025-04-22,2025-05-16,513.88,167,17824,2663342352,818155905,0.00219889117732169,99.974519610688,0.304350795710676
359.27,360,797,795,50211,58035,2025-04-22,2025-05-23,513.88,-2,7824,94643758,38004586,0.0613194163317141,98.9048997821917,0.13481519772551
313.6,315,412,412,57680,57680,2025-04-22,2025-07-18,513.88,0,0,970115399,237216107,0.00594568440614971,99.9711746664069,0
249.34,250,889,871,51562,57486,2025-04-22,2025-07-18,513.88,-18,5924,970115399,237216107,0.0059256867852275,99.9771003531921,0.103051177678043
404.62,405,1491,1508,50694,57304,2025-04-22,2025-05-02,513.88,17,6609.99999999999,283947147,97379483,0.0201812205565143,99.9092084556145,0.115349713807064
456.35,471,46,39,41170,57135,2025-04-22,2025-08-15,513.88,-7,15965,780536560,155968339,0.00731996461511041,99.9567263063245,0.279425921064146
344.45,345,1014,1017,45630,55935,2025-04-22,2025-05-23,513.88,3,10305,94643758,38004586,0.0591005695272582,98.9640003517189,0.184231697506034
263.47,265,362,362,55386,55386,2025-04-22,2025-09-19,513.88,0,0,2008366648,399422257,0.00275776338225668,99.9905730360446,0
334.59,335,1012,1342,38456,55022,2025-04-22,2025-05-23,513.88,330,16566,94643758,38004586,0.0581358994641781,99.0221362511831,0.301079568172731
339.55,340,1014,1220,40560,54900,2025-04-22,2025-05-23,513.88,206,14340,94643758,38004586,0.0580069950307764,99.0801432462139,0.26120218579235
395.16,396,654,652,62784,54768,2025-04-22,2025-05-16,513.88,-2,-8016.00000000001,2663342352,818155905,0.00205636349975334,99.9765759741878,-0.146362839614374
349.27,350,579,745,36477,54385,2025-04-22,2025-05-30,513.88,166,17908,714922174,189462696,0.00760712172287441,99.9211284779649,0.329281971131746
413.25,415,273,309,34398,54075,2025-04-22,2025-05-23,513.88,36,19677,94643758,38004586,0.0571353052147401,99.1372785514286,0.363883495145631
254.63,255,1450,1448,43500,53576,2025-04-22,2025-06-20,513.88,-2,10076,2708121566,668417959,0.00197834545807092,99.9875252276618,0.188069284754368
402.04,403,487,555,39447,53280,2025-04-22,2025-05-16,513.88,68,13833,2663342352,818155905,0.00200049385164435,99.9785764680394,0.259628378378378
510.83,546,15,15,33090,52755,2025-04-22,2025-05-09,513.88,0,19665,145563771,48833654,0.0362418475679639,99.7526719749518,0.372760875746375
523.38,546,23,23,52026,52026,2025-04-22,2025-05-23,513.88,0,0,94643758,38004586,0.054970344689821,99.1922488961184,0
258.51,260,342,342,44802,50958,2025-04-22,2025-09-19,513.88,0,6155.99999999999,2008366648,399422257,0.00253728571178702,99.9931103217564,0.120805369127517
194.89,195,4539,4627,40851,50897,2025-04-22,2025-06-20,513.88,88,10046,2708121566,668417959,0.00187942079997453,99.9894046484618,0.197379020374482
513.52,615,5,5,43430,50740,2025-04-22,2025-05-16,513.88,0,7310,2663342352,818155905,0.00190512496307121,99.9804815930025,0.14406779661017
159.6,160,1264,1264,44240,50560,2025-04-22,2025-09-19,513.88,0,6320,2008366648,399422257,0.00251746861313144,99.9956277903695,0.125
319.53,320,653,1063,25467,49961,2025-04-22,2025-05-30,513.88,410,24494,714922174,189462696,0.00698831310833003,99.9281167910733,0.490262404675647
482.21,483,565,619,25425,48901,2025-04-22,2025-04-25,513.88,54,23476,260444684,116124758,0.018775963958627,99.6993326997605,0.480071982168054
314.61,315,873,1251,31428,48789,2025-04-22,2025-05-30,513.88,378,17361,714922174,189462696,0.00682437918060715,99.9349411702539,0.355838406198119
354.36,355,757,758,40121,48512,2025-04-22,2025-05-23,513.88,1,8391,94643758,38004586,0.0512574743703647,99.2435063704888,0.172967513192612
513.4,675,3,3,43509,48480,2025-04-22,2025-05-16,513.88,0,4970.99999999999,2663342352,818155905,0.00182026918032504,99.9823018621828,0.102537128712871
364.23,365,616,614,42504,47278,2025-04-22,2025-05-23,513.88,-2,4774,94643758,38004586,0.0499536377243178,99.2934600082131,0.100977198697068
473.51,474,416,953,12064,46697,2025-04-22,2025-04-25,513.88,537,34633,260444684,116124758,0.0179297190032107,99.7172624187638,0.741653639420091
433.11,439,79,79,46531,46531,2025-04-22,2025-08-15,513.88,0,0,780536560,155968339,0.00596141198049711,99.962687718305,0
523.37,569,10,10,45630,45630,2025-04-22,2025-05-23,513.88,0,0,94643758,38004586,0.0482123712796781,99.3416723794928,0
308.76,310,362,367,44164,45508,2025-04-22,2025-07-18,513.88,5,1344,970115399,237216107,0.00469098831406139,99.9817913415062,0.0295332688758021
514.15,625,4,4,37732,44340,2025-04-22,2025-05-30,513.88,0,6608,714922174,189462696,0.00620207368193898,99.9411432439358,0.149030221019396
471.66,472,504,1293,14112,43962,2025-04-22,2025-04-25,513.88,789,29850,260444684,116124758,0.0168795919827644,99.7341420107465,0.678995496110277
264.62,265,1123,1122,46043,42636,2025-04-22,2025-06-20,513.88,-1,-3406.99999999999,2708121566,668417959,0.00157437540970419,99.9909790238715,-0.0799089970916595
329.46,330,344,786,15480,42444,2025-04-22,2025-05-30,513.88,442,26964,714922174,189462696,0.00593686998999139,99.9470801139258,0.635284139100933
405.97,407,419,412,38548,42436,2025-04-22,2025-05-16,513.88,-7,3888,2663342352,818155905,0.00159333628168881,99.9838951984645,0.0916203223678009
467.71,468,368,1454,8832,42166,2025-04-22,2025-04-25,513.88,1086,33334,260444684,116124758,0.0161900021733598,99.7503320129199,0.790542142958782
319.66,320,953,1229,27637,41786,2025-04-22,2025-05-23,513.88,276,14149,94643758,38004586,0.0441508250338073,99.3858232045266,0.338606231752262
515.71,574,804,7,3703224,40803,2025-04-22,2025-05-16,513.88,-797,-3662421,2663342352,818155905,0.00153202234663372,99.9854272208112,-89.7586206896552
515.01,566,8,8,31792,40792,2025-04-22,2025-05-23,513.88,0,9000,94643758,38004586,0.0431005708796982,99.4289237754063,0.220631496371838
509.4,589,5,5,30760,39800,2025-04-22,2025-05-16,513.88,0,9040,2663342352,818155905,0.00149436289968928,99.9869215837109,0.22713567839196
439.48,446,61,61,39772,39772,2025-04-22,2025-08-15,513.88,0,0,780536560,155968339,0.00509546919877783,99.9677831875037,0
525.56,575,8,8,39552,39552,2025-04-22,2025-04-25,513.88,0,0,260444684,116124758,0.0151863341545493,99.7655183470744,0
446.19,456,41,40,37638,39240,2025-04-22,2025-08-15,513.88,-1,1602,780536560,155968339,0.00502731095645283,99.9728104984602,0.0408256880733945
510.42,554,8,9,26400,39222,2025-04-22,2025-05-23,513.88,1,12822,94643758,38004586,0.0414417187449383,99.4703654941512,0.326908367752792
253.52,255,259,260,31598,38480,2025-04-22,2025-09-19,513.88,1,6882,2008366648,399422257,0.00191598481474086,99.9975437751842,0.178846153846154
389.65,390,1087,1080,28262,37800,2025-04-22,2025-05-02,513.88,-7,9538,283947147,97379483,0.0133123366088971,99.9225207922234,0.252328042328042
374.56,375,856,848,29960,37312,2025-04-22,2025-05-09,513.88,-8,7352,145563771,48833654,0.0256327517099018,99.7783047266617,0.197041166380789
399.94,401,238,352,22372,37312,2025-04-22,2025-05-16,513.88,114,14940,2663342352,818155905,0.00140094644505544,99.9883225301559,0.400407375643225
312.81,315,170,170,37230,37230,2025-04-22,2025-09-19,513.88,0,0,2008366648,399422257,0.00185374518328488,99.9993975203675,0
523.94,645,3,3,36318,36318,2025-04-22,2025-08-15,513.88,0,0,780536560,155968339,0.00465295309165275,99.9774634515519,0
359.18,360,433,440,29444,36080,2025-04-22,2025-05-30,513.88,7,6635.99999999999,714922174,189462696,0.00504670316744155,99.9521268170933,0.183924611973392
515.7,575,16,6,75472,35580,2025-04-22,2025-05-23,513.88,-10,-39892,94643758,38004586,0.0375936044297818,99.507959098581,-1.12119168071951
512.92,584,6,5,36570,35540,2025-04-22,2025-05-16,513.88,-1,-1030.00000000001,2663342352,818155905,0.0013344135038934,99.9896569436598,-0.0289814293753519
283.92,285,270,329,24030,35532,2025-04-22,2025-07-18,513.88,59,11502,970115399,237216107,0.00366265704437086,99.9854539985505,0.32370820668693
219.83,220,2065,2067,35105,35139,2025-04-22,2025-06-20,513.88,2,34.0000000000073,2708121566,668417959,0.00129754145608396,99.9922765653276,0.000967585873246457
514.3,602,4,4,28660,35080,2025-04-22,2025-05-30,513.88,0,6420,714922174,189462696,0.00490682780249029,99.9570336448957,0.183010262257697
304.64,305,329,959,9870,34524,2025-04-22,2025-05-30,513.88,630,24654,714922174,189462696,0.00482905709957739,99.9618627019953,0.714111922141119
244.38,245,521,553,26050,34286,2025-04-22,2025-07-18,513.88,32,8236,970115399,237216107,0.00353421871617976,99.9889882172667,0.240214664877793
174.93,175,4860,4861,43740,34027,2025-04-22,2025-06-20,513.88,1,-9712.99999999999,2708121566,668417959,0.00125647978389165,99.9935330451115,-0.285449789872748
480.35,481,462,521,18018,33865,2025-04-22,2025-04-25,513.88,59,15847,260444684,116124758,0.0130027610776652,99.7785211081521,0.467946257197697
449.74,461,30,30,33780,33780,2025-04-22,2025-08-15,513.88,0,0,780536560,155968339,0.00432779215364364,99.9817912437055,0
184.9,185,3318,3317,33180,33170,2025-04-22,2025-06-20,513.88,-1,-9.99999999999272,2708121566,668417959,0.00122483423257078,99.994757879344,-0.000301477238468276
510.11,576,623,5,2977940,32945,2025-04-22,2025-05-16,513.88,-618,-2944995,2663342352,818155905,0.00123697954096139,99.9908939232007,-89.3912581575353
512.2,566,1457,6,5268512,32280,2025-04-22,2025-05-02,513.88,-1451,-5236232,283947147,97379483,0.0113683128501376,99.9338891050735,-162.212887236679
509.45,590,14,4,90118,32220,2025-04-22,2025-05-30,513.88,-10,-57898,714922174,189462696,0.00450678425872968,99.966369486254,-1.79695841092489
514.52,620,3,3,27309,31644,2025-04-22,2025-05-16,513.88,0,4335,2663342352,818155905,0.00118813114567256,99.9920820543464,0.136992794842624
404.24,405,401,411,23258,31236,2025-04-22,2025-05-09,513.88,10,7978,145563771,48833654,0.0214586361602297,99.7997633628219,0.255410423869894
384.37,385,538,481,23134,30303,2025-04-22,2025-05-09,513.88,-57,7169,145563771,48833654,0.020817679970657,99.8205810427926,0.236577236577237
159.96,160,7459,7455,29836,29820,2025-04-22,2025-06-20,513.88,-4,-16,2708121566,668417959,0.00110113225249505,99.9958590115966,-0.000536552649228706
508.68,557,387,6,1119591,28992,2025-04-22,2025-04-25,513.88,-381,-1090599,260444684,116124758,0.0111317303754221,99.7896528385275,-37.6172392384106
154.96,155,7168,7075,28672,28300,2025-04-22,2025-06-20,513.88,-93,-372.000000000004,2708121566,668417959,0.00104500478690845,99.9969040163834,-0.0131448763250885
511.55,568,6,5,24660,28225,2025-04-22,2025-04-25,513.88,-1,3565,260444684,116124758,0.0108372340592676,99.8004900725868,0.126306465899026
329.6,330,493,703,16762,28120,2025-04-22,2025-05-23,513.88,210,11358,94643758,38004586,0.0297114153053813,99.5376705138864,0.403911806543386
515.3,585,0,4,0,27880,2025-04-22,2025-05-09,513.88,4,27880,145563771,48833654,0.0191531174333207,99.8397341602259,1
527.18,567,108,7,430056,27874,2025-04-22,2025-05-09,513.88,-101,-402182,145563771,48833654,0.0191489955285646,99.8588831557545,-14.4285714285714
514.3,570,6,5,25788,27850,2025-04-22,2025-04-25,513.88,-1,2062,260444684,116124758,0.0106932495500657,99.8111833221368,0.0740394973070018
229.75,230,1107,1104,22140,27600,2025-04-22,2025-06-20,513.88,-3,5460,2708121566,668417959,0.00101915661196725,99.9979231729954,0.197826086956522
463.7,464,353,917,7766,27510,2025-04-22,2025-04-25,513.88,564,19744,260444684,116124758,0.0105627035950559,99.8217460257319,0.717702653580516
344.66,345,805,806,24150,27404,2025-04-22,2025-05-16,513.88,1,3254,2663342352,818155905,0.00102893268600716,99.9931109870325,0.118741789519778
344.37,345,359,434,25489,27342,2025-04-22,2025-05-30,513.88,75,1853,714922174,189462696,0.00382447222849742,99.9701939584826,0.0677711944993051
512.76,567,88,5,344432,27120,2025-04-22,2025-05-02,513.88,-83,-317312,283947147,97379483,0.00955107324955795,99.943440178323,-11.7002949852507
508.75,552,7,6,20951,25950,2025-04-22,2025-05-23,513.88,-1,4999,94643758,38004586,0.0274186069407768,99.5650891208272,0.192639691714836
528.48,580,5,5,25760,25760,2025-04-22,2025-05-09,513.88,0,0,145563771,48833654,0.0176967110861672,99.8765798668406,0
284.92,285,2774,3198,19418,25584,2025-04-22,2025-05-16,513.88,424,6166,2663342352,818155905,0.000960597498131926,99.9940715845306,0.241010006253909
274.01,275,238,257,19992,25443,2025-04-22,2025-07-18,513.88,19,5451,970115399,237216107,0.00262267767589575,99.9916108949426,0.214243603348662
527.66,564,501,7,1820634,25438,2025-04-22,2025-05-02,513.88,-494,-1795196,283947147,97379483,0.00895870948828375,99.9523988878113,-70.5714285714286
454.87,455,1531,1951,29089,25363,2025-04-22,2025-04-25,513.88,420,-3726,260444684,116124758,0.00973834428503828,99.831484370017,-0.146906911642944
304.72,305,706,898,16238,25144,2025-04-22,2025-05-23,513.88,192,8906,94643758,38004586,0.0265669924053523,99.5916561132325,0.354199809099586
299.75,300,972,996,19440,24900,2025-04-22,2025-05-23,513.88,24,5460,94643758,38004586,0.0263091835385488,99.6179652967711,0.219277108433735
324.54,325,480,525,19680,24150,2025-04-22,2025-05-30,513.88,45,4470,714922174,189462696,0.00337799006357299,99.9735719485461,0.185093167701863
324.66,325,411,709,12741,24106,2025-04-22,2025-05-23,513.88,298,11365,94643758,38004586,0.0254702481277212,99.6434355448988,0.471459387704306
510.22,558,4,5,13200,23890,2025-04-22,2025-05-23,513.88,1,10690,94643758,38004586,0.0252420238849772,99.6686775687838,0.447467559648389
437.61,444,37,37,23643,23643,2025-04-22,2025-08-15,513.88,0,0,780536560,155968339,0.00302907015655999,99.984820313862,0
303.49,305,156,156,23556,23556,2025-04-22,2025-08-15,513.88,0,0,780536560,155968339,0.00301792397783391,99.9878382378399,0
379.57,380,563,541,21957,23263,2025-04-22,2025-05-09,513.88,-22,1306,145563771,48833654,0.0159813117235057,99.8925611785641,0.0561406525383655
514.23,572,4,4,19584,23108,2025-04-22,2025-04-25,513.88,0,3524,260444684,116124758,0.00887251743637048,99.8403568874533,0.152501298251688
374.86,375,1579,1637,25264,22918,2025-04-22,2025-05-02,513.88,58,-2346,283947147,97379483,0.00807122038102394,99.9604701081924,-0.102364953311807
334.43,335,266,397,12768,22629,2025-04-22,2025-05-30,513.88,131,9861,714922174,189462696,0.00316523963348212,99.9767371881796,0.435768261964736
475.54,476,424,488,13568,22448,2025-04-22,2025-04-25,513.88,64,8880,260444684,116124758,0.00861910470017503,99.8489759921535,0.395580898075552
364.55,365,496,495,12896,22275,2025-04-22,2025-05-09,513.88,-1,9379,145563771,48833654,0.0153025714070021,99.9078637499711,0.421054994388328
439.94,440,3699,3697,33291,22182,2025-04-22,2025-04-25,513.88,-2,-11109,260444684,116124758,0.00851697168831444,99.8574929638418,-0.500811468758453
394.7,395,732,738,19032,22140,2025-04-22,2025-05-02,513.88,6,3108,283947147,97379483,0.00779722572806833,99.9682673339204,0.140379403794038
530.22,640,2,2,21956,21956,2025-04-22,2025-06-20,513.88,0,0,2708121566,668417959,0.000810746470012787,99.9987339194654,0
526.14,557.5,7,7,21952,21952,2025-04-22,2025-05-23,513.88,0,0,94643758,38004586,0.0231943452625793,99.6918719140464,0
369.59,370,538,534,15064,21894,2025-04-22,2025-05-09,513.88,-4,6830,145563771,48833654,0.0150408304549901,99.9229045804261,0.311957613958162
528.07,564,6,6,21558,21558,2025-04-22,2025-04-25,513.88,0,0,260444684,116124758,0.00827738146500237,99.8657703453068,0
359.61,360,553,551,13825,21489,2025-04-22,2025-05-09,513.88,-2,7664,145563771,48833654,0.0147626018839537,99.9376671823101,0.356647587137605
509.77,563,28,4,102200,21292,2025-04-22,2025-04-25,513.88,-24,-80908,260444684,116124758,0.00817524845314178,99.8739455937599,-3.79992485440541
279.23,280,275,275,21175,21175,2025-04-22,2025-07-18,513.88,0,0,970115399,237216107,0.00218273001560714,99.9937936249582,0
308.3,310,124,124,21080,21080,2025-04-22,2025-08-15,513.88,0,0,780536560,155968339,0.0027007062936296,99.9905389441335,0
339.41,340,333,352,17649,20768,2025-04-22,2025-05-30,513.88,19,3119,714922174,189462696,0.00290493157930782,99.9796421197589,0.150182973805855
374.17,375,244,249,17324,20667,2025-04-22,2025-05-23,513.88,5,3343,94643758,38004586,0.0218366223369955,99.7137085363834,0.161755455557169
455.85,456,281,1375,4496,20625,2025-04-22,2025-04-25,513.88,1094,16129,260444684,116124758,0.00791914800610789,99.8818647417661,0.782012121212121
243.99,245,192,200,15168,20200,2025-04-22,2025-08-15,513.88,8,5032,780536560,155968339,0.00258796333640028,99.9931269074699,0.249108910891089
514.47,611,2,2,16542,19306,2025-04-22,2025-05-16,513.88,0,2764,2663342352,818155905,0.000724878646768878,99.9947964631773,0.143167927069305
309.59,310,262,470,8646,19270,2025-04-22,2025-05-30,513.88,208,10624,714922174,189462696,0.00269539828261083,99.9823375180415,0.551323300467047
468.71,469,627,655,16302,18995,2025-04-22,2025-04-25,513.88,28,2693,260444684,116124758,0.00729329533944337,99.8891580371055,0.141774151092393
299.68,300,527,591,14229,18912,2025-04-22,2025-05-30,513.88,64,4683,714922174,189462696,0.00264532290195828,99.9849828409435,0.247620558375634
512.46,575,3,3,14715,18762,2025-04-22,2025-05-09,513.88,0,4047,145563771,48833654,0.0128891961723086,99.9505563784824,0.215701950751519
179.91,180,2062,2063,14434,18567,2025-04-22,2025-06-20,513.88,1,4133,2708121566,668417959,0.000685604377333185,99.9994195238428,0.222599235202241
507.36,553,5,4,14035,18256,2025-04-22,2025-05-23,513.88,-1,4221,94643758,38004586,0.0192891748867369,99.7329977112701,0.231211656441718
393.7,395,140,138,13160,17940,2025-04-22,2025-05-23,513.88,-2,4780,94643758,38004586,0.0189552912723521,99.7519530025424,0.26644370122631
539.31,583,4,4,17476,17476,2025-04-22,2025-05-16,513.88,0,0,2663342352,818155905,0.000656167990828391,99.9954526311682,0
466.74,467,312,671,7800,17446,2025-04-22,2025-04-25,513.88,359,9646,260444684,116124758,0.00669854332676646,99.8958565804323,0.55290611028316
501.74,559,3,3,17178,17178,2025-04-22,2025-05-23,513.88,0,0,94643758,38004586,0.0181501668604495,99.7701031694029,0
253.97,255,162,163,15390,16789,2025-04-22,2025-08-15,513.88,1,1399,780536560,155968339,0.00215095626013982,99.9952778637301,0.0833283697659182
494.68,576,2,2,16264,16264,2025-04-22,2025-05-23,513.88,0,0,94643758,38004586,0.0171844402036529,99.7872876096065,0
530.27,562.5,419,5,1350437,16115,2025-04-22,2025-05-02,513.88,-414,-1334322,283947147,97379483,0.00567535196963962,99.9739426858901,-82.8
384.05,385,150,166,12300,15770,2025-04-22,2025-05-23,513.88,16,3470,94643758,38004586,0.0166624829077476,99.8039500925143,0.22003804692454
164.95,165,3144,3144,15720,15720,2025-04-22,2025-06-20,513.88,0,0,2708121566,668417959,0.000580476157250911,100,0
527.92,580,3,3,15624,15624,2025-04-22,2025-04-25,513.88,0,0,260444684,116124758,0.00599897059139053,99.9018555510236,0
536,567,5,5,15500,15500,2025-04-22,2025-05-23,513.88,0,0,94643758,38004586,0.0163772026043176,99.8203272951186,0
530,568,4,4,15200,15200,2025-04-22,2025-05-23,513.88,0,0,94643758,38004586,0.0160602244893953,99.836387519608,0
269.09,270,167,167,12358,15197,2025-04-22,2025-07-18,513.88,0,2839,970115399,237216107,0.00156651466574648,99.995360139624,0.186813186813187
525.02,598,2,2,14596,14596,2025-04-22,2025-05-30,513.88,0,0,714922174,189462696,0.00204162082682863,99.9870244617703,0
526.18,670,1,1,14382,14382,2025-04-22,2025-08-15,513.88,0,0,780536560,155968339,0.00184257864871826,99.9971204423788,0
451.89,452,260,1291,3380,14201,2025-04-22,2025-04-25,513.88,1031,10821,260444684,116124758,0.00545259737380549,99.9073081483975,0.761988592352651
288.85,290,34,123,3026,14145,2025-04-22,2025-07-18,513.88,89,11119,970115399,237216107,0.00145807395847759,99.9968182135824,0.786072817249912
509.08,650,1,1,12217,14092,2025-04-22,2025-05-16,513.88,0,1875,2663342352,818155905,0.000529109597548276,99.9959817407657,0.133054215157536
313.14,315,74,74,13764,13764,2025-04-22,2025-08-15,513.88,0,0,780536560,155968339,0.00176340234466403,99.9988838447234,0
528.6,563,4,4,13760,13760,2025-04-22,2025-05-23,513.88,0,0,94643758,38004586,0.0145387295377684,99.8509262491458,0
379.12,380,138,156,12558,13728,2025-04-22,2025-05-23,513.88,18,1170,94643758,38004586,0.0145049185388433,99.8654311676846,0.0852272727272727
525.3,593,2,2,13540,13540,2025-04-22,2025-05-30,513.88,0,0,714922174,189462696,0.00189391244144009,99.9889183742117,0
522.52,567.5,247,3,1111006,13494,2025-04-22,2025-05-09,513.88,-244,-1097512,145563771,48833654,0.00927016379645729,99.9598265422789,-81.3333333333333
428.94,429,2196,2231,13176,13386,2025-04-22,2025-04-25,513.88,35,209.999999999998,260444684,116124758,0.00513967104047322,99.9124478194379,0.0156880322725234
384.8,385,639,663,17892,13260,2025-04-22,2025-05-02,513.88,24,-4632,283947147,97379483,0.004669883159629,99.9786125690497,-0.349321266968326
354.26,355,173,179,11764,13246,2025-04-22,2025-05-30,513.88,6,1482,714922174,189462696,0.00185278908414442,99.9907711632959,0.111882832553223
299.89,300,1119,1193,12309,13123,2025-04-22,2025-05-16,513.88,74,813.999999999998,2663342352,818155905,0.000492726742025691,99.9964744675077,0.0620284995808884
349.77,350,458,562,9618,12926,2025-04-22,2025-05-09,513.88,104,3308,145563771,48833654,0.00887995681288032,99.9687064990917,0.255918304193099
526.51,591,2,2,12898,12898,2025-04-22,2025-05-16,513.88,0,0,2663342352,818155905,0.000484278710557598,99.9969587462183,0
525.47,588,2,2,12506,12506,2025-04-22,2025-05-16,513.88,0,0,2663342352,818155905,0.000469560362399854,99.9974283065807,0
526.46,650,1,1,12354,12354,2025-04-22,2025-07-18,513.88,0,0,970115399,237216107,0.00127345674676792,99.9980916703292,0
456.84,457,336,764,6384,12224,2025-04-22,2025-04-25,513.88,428,5840,260444684,116124758,0.00469351104129275,99.9171413304792,0.477748691099477
524,645,1,1,12100,12100,2025-04-22,2025-09-19,513.88,0,0,2008366648,399422257,0.000602479632493877,100,0
254.31,255,173,173,10034,11937,2025-04-22,2025-07-18,513.88,0,1903,970115399,237216107,0.00123047216983719,99.9993221424991,0.159420289855072
314.65,315,294,326,8526,11410,2025-04-22,2025-05-23,513.88,32,2884,94643758,38004586,0.0120557343042105,99.8774869019888,0.252760736196319
457.8,458,527,562,11067,11240,2025-04-22,2025-04-25,513.88,35,173,260444684,116124758,0.0043156956891468,99.9214570261684,0.0153914590747331
514.9,571,2,2,8868,11220,2025-04-22,2025-05-23,513.88,0,2352,94643758,38004586,0.0118549814980931,99.8893418834869,0.209625668449198
470.67,471,296,336,8288,11088,2025-04-22,2025-04-25,513.88,40,2800,260444684,116124758,0.0042573339680836,99.9257143601365,0.252525252525253
514.25,625,1,1,9710,11075,2025-04-22,2025-05-16,513.88,0,1365,2663342352,818155905,0.000415830882262785,99.997844137463,0.123250564334086
309.71,310,315,359,8820,10411,2025-04-22,2025-05-23,513.88,44,1591,94643758,38004586,0.0110001971815194,99.9003420806685,0.152819133608683
519.05,551,3,3,9585,9585,2025-04-22,2025-05-23,513.88,0,0,94643758,38004586,0.0101274507717667,99.9104695314402,0
514.19,610,1,1,8191,9581,2025-04-22,2025-05-02,513.88,0,1390,283947147,97379483,0.00337421949867311,99.9819867885484,0.14507880179522
525.26,573,2,2,9548,9548,2025-04-22,2025-05-23,513.88,0,0,94643758,38004586,0.0100883568042596,99.9205578882445,0
514.1,608,6,1,49554,9390,2025-04-22,2025-05-30,513.88,-5,-40164,714922174,189462696,0.00131342967689236,99.9920845929728,-4.27731629392971
526.23,549,4,4,9108,9108,2025-04-22,2025-05-23,513.88,0,0,94643758,38004586,0.00962345556904027,99.9301813438135,0
444.92,445,1236,1137,14832,9096,2025-04-22,2025-04-25,513.88,-99,-5736,260444684,116124758,0.00349248825520278,99.9292068483917,-0.630606860158311
525.61,571,2,2,9078,9078,2025-04-22,2025-04-25,513.88,0,0,260444684,116124758,0.00348557699876109,99.9326924253904,0
519.49,610,2,1,16728,9051,2025-04-22,2025-05-30,513.88,-1,-7677,714922174,189462696,0.00126601192817388,99.993350604901,-0.848193569771296
511.66,600,10,1,72930,8834,2025-04-22,2025-05-02,513.88,-9,-64096,283947147,97379483,0.00311114237044967,99.9850979309188,-7.25560335069051
534.63,564,3,3,8811,8811,2025-04-22,2025-05-23,513.88,0,0,94643758,38004586,0.00930964723526722,99.9394909910488,0
530.19,574,2,2,8762,8762,2025-04-22,2025-05-23,513.88,0,0,94643758,38004586,0.00925787414316325,99.9487488651919,0
249.01,250,71,88,5893,8712,2025-04-22,2025-08-15,513.88,17,2819,780536560,155968339,0.00111615527657026,100,0.323576675849403
519.95,607,1,1,7911,8705,2025-04-22,2025-05-30,513.88,0,794,714922174,189462696,0.00121761505190074,99.9945682199529,0.0912119471568064
512.96,556,1,2,2963,8608,2025-04-22,2025-05-23,513.88,1,5645,94643758,38004586,0.00909515871083648,99.9578440239028,0.65578531598513
519.11,562,2,2,8578,8578,2025-04-22,2025-05-23,513.88,0,0,94643758,38004586,0.00906346089934425,99.9669074848021,0
452.77,453,223,358,3791,8234,2025-04-22,2025-04-25,513.88,135,4443,260444684,116124758,0.00316151586338387,99.9358539412538,0.539591935875638
527.89,609,1,1,8111,8111,2025-04-22,2025-05-30,513.88,0,0,714922174,189462696,0.00113452908511969,99.995702749038,0
527.82,568,285,2,1145130,8036,2025-04-22,2025-05-09,513.88,-283,-1137094,145563771,48833654,0.00552060443666302,99.9742271035284,-141.5
419.98,420,3664,3942,18320,7884,2025-04-22,2025-04-25,513.88,278,-10436,260444684,116124758,0.00302713032146204,99.9388810715753,-1.32369355657027
519.66,598,1,1,6919,7834,2025-04-22,2025-05-16,513.88,0,915,2663342352,818155905,0.000294141682315725,99.9981382791453,0.11679857033444
519.14,593,1,1,6439,7386,2025-04-22,2025-05-16,513.88,0,947,2663342352,818155905,0.000277320712992589,99.9984155998583,0.128215542919036
424.92,425,842,913,5894,7304,2025-04-22,2025-04-25,513.88,71,1410,260444684,116124758,0.00280443428056301,99.9416855058558,0.193044906900329
528.66,601,1,1,7234,7234,2025-04-22,2025-05-16,513.88,0,0,2663342352,818155905,0.000271613598400811,99.9986872134567,0
509.46,581,273,1,1449630,7154,2025-04-22,2025-05-30,513.88,-272,-1442476,714922174,189462696,0.00100066836086133,99.9967034173988,-201.632093933464
531.88,603,1,1,7112,7112,2025-04-22,2025-05-30,513.88,0,0,714922174,189462696,0.000994793595533379,99.9976982109944,0
524.92,596,1,1,7108,7108,2025-04-22,2025-05-16,513.88,0,0,2663342352,818155905,0.000266882700778679,99.9989540961575,0
462.8,463,143,354,2860,7080,2025-04-22,2025-04-25,513.88,211,4220,260444684,116124758,0.00271842753373304,99.9444039333896,0.596045197740113
465.78,466,283,314,6226,6908,2025-04-22,2025-04-25,513.88,31,682,260444684,116124758,0.00265238663884574,99.9470563200284,0.0987261146496815
289.9,290,624,680,5616,6800,2025-04-22,2025-05-16,513.88,56,1184,2663342352,818155905,0.000255318284369024,99.9992094144418,0.174117647058824
528.36,595,1,1,6664,6664,2025-04-22,2025-05-23,513.88,0,0,94643758,38004586,0.00704114052614014,99.9739486253283,0
522.59,587,1,1,6441,6441,2025-04-22,2025-05-30,513.88,0,0,714922174,189462696,0.000900937225651082,99.99859914822,0
531.12,552.5,3,3,6414,6414,2025-04-22,2025-05-23,513.88,0,0,94643758,38004586,0.00677699209703824,99.9807256174253,0
523.19,587,1,1,6381,6381,2025-04-22,2025-05-16,513.88,0,0,2663342352,818155905,0.000239586172435109,99.9994490006143,0
354.66,355,161,185,3703,6290,2025-04-22,2025-05-09,513.88,24,2587,145563771,48833654,0.00432113015263942,99.978548233681,0.411287758346582
344.72,345,192,224,3072,6272,2025-04-22,2025-05-09,513.88,32,3200,145563771,48833654,0.00430876443837114,99.9828569981194,0.510204081632653
460.82,461,104,342,2288,6156,2025-04-22,2025-04-25,513.88,238,3868,260444684,116124758,0.0023636497030594,99.9494199697315,0.628330084470435
299.93,300,833,869,4998,6083,2025-04-22,2025-05-09,513.88,36,1085,145563771,48833654,0.00417892443855415,99.987035922558,0.178365937859609
508.96,568,3,1,11715,5904,2025-04-22,2025-05-02,513.88,-2,-5811,283947147,97379483,0.00207926019415155,99.987177191113,-0.984247967479675
389.97,390,1876,1950,1876,5850,2025-04-22,2025-04-25,513.88,74,3974,260444684,116124758,0.0022461583435506,99.951666128075,0.679316239316239
523.55,581,1,1,5745,5745,2025-04-22,2025-05-16,513.88,0,0,2663342352,818155905,0.0002157064034853,99.9996647070177,0
525.38,578,1,1,5262,5262,2025-04-22,2025-05-02,513.88,0,0,283947147,97379483,0.0018531617787306,99.9890303528917,0
324.83,325,295,307,2950,5219,2025-04-22,2025-05-09,513.88,12,2269,145563771,48833654,0.0035853701536765,99.9906212927116,0.43475761640161
533.85,586,1,1,5215,5215,2025-04-22,2025-05-30,513.88,0,0,714922174,189462696,0.000729450028220834,99.9993285982482,0
354.86,355,315,365,3780,5110,2025-04-22,2025-05-02,513.88,50,1330,283947147,97379483,0.00179963068972128,99.9908299835814,0.26027397260274
369.26,370,66,69,4686,5106,2025-04-22,2025-05-23,513.88,3,420,94643758,38004586,0.00539496751597712,99.9861205849413,0.082256169212691
511.54,562,14,1,47558,5046,2025-04-22,2025-04-25,513.88,-13,-42512,260444684,116124758,0.0019374555558216,99.9536035836308,-8.42489100277448
458.81,459,154,256,2926,4864,2025-04-22,2025-04-25,513.88,102,1938,260444684,116124758,0.00186757507402224,99.9554711587049,0.3984375
364,365,49,48,3528,4800,2025-04-22,2025-05-30,513.88,-1,1272,714922174,189462696,0.00067140175176606,100,0.265
514.84,562.5,1,1,2807,4766,2025-04-22,2025-05-23,513.88,0,1959,94643758,38004586,0.00503572565239855,99.9911563105937,0.411036508602602
526.55,574,1,1,4745,4745,2025-04-22,2025-04-25,513.88,0,0,260444684,116124758,0.00182188398976882,99.9572930426946,0
510.58,557,0,1,0,4642,2025-04-22,2025-05-23,513.88,1,4642,94643758,38004586,0.00490470803156401,99.9960610186252,1
294.87,295,342,345,3420,4485,2025-04-22,2025-05-16,513.88,3,1065,2663342352,818155905,0.000168397427263981,99.999833104445,0.237458193979933
532.55,577,22,1,97790,4445,2025-04-22,2025-05-16,513.88,-21,-93345,2663342352,818155905,0.000166895555002987,100,-21
319.9,320,39,426,351,4260,2025-04-22,2025-05-09,513.88,387,3909,145563771,48833654,0.00292655237682734,99.9935478450885,0.917605633802817
349.93,350,533,568,4264,3976,2025-04-22,2025-05-02,513.88,35,-288,283947147,97379483,0.00140026059145437,99.9922302441729,-0.0724346076458751
412.95,413,7,792,28,3960,2025-04-22,2025-04-25,513.88,785,3932,260444684,116124758,0.00152047641717272,99.9588135191118,0.992929292929293
523,562.5,11,1,43450,3950,2025-04-22,2025-04-25,513.88,-10,-39500,260444684,116124758,0.00151663683026066,99.9603301559421,-10
438.83,439,206,231,2266,3927,2025-04-22,2025-04-25,513.88,25,1661,260444684,116124758,0.00150780578036294,99.9618379617224,0.42296918767507
461.8,462,97,190,1940,3800,2025-04-22,2025-04-25,513.88,93,1860,260444684,116124758,0.00145904302657988,99.963297004749,0.489473684210526
531.37,569,2,1,7526,3763,2025-04-22,2025-04-25,513.88,-1,-3763,260444684,116124758,0.00144483655500528,99.964741841304,-1
540.72,578,1,1,3728,3728,2025-04-22,2025-05-23,513.88,0,0,94643758,38004586,0.00393898137476747,100,0
447.83,448,227,218,3859,3706,2025-04-22,2025-04-25,513.88,-9,-153,260444684,116124758,0.00142295090960659,99.9661647922136,-0.0412844036697249
394.97,395,1212,1219,6060,3657,2025-04-22,2025-04-25,513.88,7,-2403,260444684,116124758,0.00140413693373753,99.9675689291474,-0.657095980311731
259.99,260,3612,3612,3612,3612,2025-04-22,2025-04-25,513.88,0,0,260444684,116124758,0.00138685879263329,99.96895578794,0
411.96,412,5,870,25,3480,2025-04-22,2025-04-25,513.88,865,3455,260444684,116124758,0.0013361762453942,99.9702919641854,0.992816091954023
450.88,451,297,281,10098,3372,2025-04-22,2025-04-25,513.88,-16,-6726,260444684,116124758,0.00129470870674404,99.9715866728921,-1.99466192170819
344.93,345,475,480,4750,3360,2025-04-22,2025-05-02,513.88,5,-1390,283947147,97379483,0.00118331880967975,99.9934135629826,-0.413690476190476
264.3,265,47,47,3290,3290,2025-04-22,2025-07-18,513.88,0,0,970115399,237216107,0.000339134911515821,99.9996612774106,0
259.38,260,54,53,3564,3286,2025-04-22,2025-07-18,513.88,-1,-278,970115399,237216107,0.00033872258943495,100,-0.0846013390139988
540.57,572,1,1,3143,3143,2025-04-22,2025-05-02,513.88,0,0,283947147,97379483,0.0011068961365546,99.9945204591191,0
409.98,410,1334,1436,4002,2872,2025-04-22,2025-04-25,513.88,102,-1130,260444684,116124758,0.00110272936114142,99.9726894022533,-0.393454038997214
453.87,454,130,204,2860,2652,2025-04-22,2025-04-25,513.88,74,-208,260444684,116124758,0.00101825844907627,99.9737076607023,-0.0784313725490196
433.88,434,176,218,1760,2616,2025-04-22,2025-04-25,513.88,42,856,260444684,116124758,0.00100443593619288,99.9747120966385,0.327217125382263
249.99,250,2411,2414,2411,2414,2025-04-22,2025-04-25,513.88,3,3,260444684,116124758,0.000926876280569428,99.9756389729191,0.00124275062137531
349.99,350,2108,2406,2108,2406,2025-04-22,2025-04-25,513.88,298,298,260444684,116124758,0.000923804611039786,99.9765627775302,0.123857024106401
339.84,340,63,150,1071,2400,2025-04-22,2025-05-09,513.88,87,1329,145563771,48833654,0.00164876190243794,99.9951966069909,0.55375
364.9,365,130,226,1560,2260,2025-04-22,2025-05-02,513.88,96,700,283947147,97379483,0.000795922770796496,99.9953163818899,0.309734513274336
414.98,415,1117,1111,4468,2222,2025-04-22,2025-04-25,513.88,-6,-2246,260444684,116124758,0.000853156211858024,99.977415933742,-1.01080108010801
388.93,389,314,314,2198,2198,2025-04-22,2025-04-25,513.88,0,0,260444684,116124758,0.000843941203269098,99.9782598749453,0
379.98,380,920,1062,3680,2124,2025-04-22,2025-04-25,513.88,142,-1556,260444684,116124758,0.000815528260119911,99.9790754032054,-0.732580037664784
442.82,443,217,115,4557,2070,2025-04-22,2025-04-25,513.88,-102,-2487,260444684,116124758,0.000794794490794829,99.9798701976962,-1.20144927536232
420.94,421,285,343,1425,2058,2025-04-22,2025-04-25,513.88,58,633,260444684,116124758,0.000790186986500366,99.9806603846827,0.307580174927114
314.85,315,74,136,888,2040,2025-04-22,2025-05-09,513.88,62,1152,145563771,48833654,0.00140144761707225,99.996598054608,0.564705882352941
299.98,300,1032,1019,3096,2038,2025-04-22,2025-05-02,513.88,-13,-1058,283947147,97379483,0.000717739206585513,99.9960341210965,-0.519136408243376
274.98,275,501,1001,1002,2002,2025-04-22,2025-05-02,513.88,500,1000,283947147,97379483,0.000705060790767516,99.9967391818873,0.4995004995005
309.87,310,146,151,1460,1963,2025-04-22,2025-05-09,513.88,5,503,145563771,48833654,0.00134854983936903,99.9979466044473,0.256240448293428
445.88,446,75,147,2625,1764,2025-04-22,2025-04-25,513.88,72,-861,260444684,116124758,0.000677303131286028,99.981337687814,-0.488095238095238
359.99,360,1591,1688,4773,1688,2025-04-22,2025-04-25,513.88,97,-3085,260444684,116124758,0.00064812227075443,99.9819858100847,-1.82760663507109
374.98,375,746,806,1492,1612,2025-04-22,2025-04-25,513.88,60,120,260444684,116124758,0.000618941410222833,99.982604751495,0.0744416873449131
436.84,437,84,97,1512,1552,2025-04-22,2025-04-25,513.88,13,40,260444684,116124758,0.000595903888750519,99.9832006553837,0.0257731958762887
339.95,340,351,307,4212,1535,2025-04-22,2025-05-02,513.88,-44,-2677,283947147,97379483,0.000540593563350718,99.9972797754506,-1.74397394136808
384.97,385,511,511,1533,1533,2025-04-22,2025-04-25,513.88,0,0,260444684,116124758,0.000588608673617619,99.9837892640573,0
304.96,305,374,374,1496,1496,2025-04-22,2025-05-02,513.88,0,0,283947147,97379483,0.000526858612881221,99.9978066340635,0
299.99,300,1355,1355,1355,1355,2025-04-22,2025-04-25,513.88,0,0,260444684,116124758,0.000520264026583088,99.9843095280839,0
432.95,433,200,262,2600,1310,2025-04-22,2025-04-25,513.88,62,-1290,260444684,116124758,0.000502985885478853,99.9848125139694,-0.984732824427481
355.99,356,317,1299,634,1299,2025-04-22,2025-04-25,513.88,982,665,260444684,116124758,0.000498762339875595,99.9853112763093,0.511932255581216
334.77,335,55,56,825,1288,2025-04-22,2025-05-09,513.88,1,463,145563771,48833654,0.000884835554308359,99.9988314400017,0.359472049689441
329.79,330,49,60,637,1260,2025-04-22,2025-05-09,513.88,11,623,145563771,48833654,0.000865599998779916,99.9996970400004,0.494444444444445
443.87,444,28,93,700,1209,2025-04-22,2025-04-25,513.88,65,509,260444684,116124758,0.000464206057667124,99.9857754823669,0.421009098428453
404.99,405,1419,1181,4257,1181,2025-04-22,2025-04-25,513.88,-238,-3076,260444684,116124758,0.000453455214313378,99.9862289375812,-2.60457239627434
381.98,382,23,587,46,1174,2025-04-22,2025-04-25,513.88,564,1128,260444684,116124758,0.000450767503474941,99.9866797050847,0.960817717206133
448.89,449,59,106,885,1166,2025-04-22,2025-04-25,513.88,47,281,260444684,116124758,0.0004476958339453,99.9871274009187,0.240994854202401
359.91,360,106,128,1060,1152,2025-04-22,2025-05-02,513.88,22,91.9999999999998,283947147,97379483,0.000405709306175913,99.9982123433697,0.0798611111111109
369.99,370,1104,1109,1104,1109,2025-04-22,2025-04-25,513.88,5,5,260444684,116124758,0.000425810188546601,99.9875532111072,0.00450856627592426
427.95,428,105,214,735,1070,2025-04-22,2025-04-25,513.88,109,335,260444684,116124758,0.000410835799589597,99.9879640469068,0.313084112149533
435.9,436,82,107,738,1070,2025-04-22,2025-04-25,513.88,25,332,260444684,116124758,0.000410835799589597,99.9883748827064,0.310280373831776
264.98,265,534,534,1068,1068,2025-04-22,2025-04-25,513.88,0,0,260444684,116124758,0.000410067882207187,99.9887849505886,0
431.93,432,137,144,2055,1008,2025-04-22,2025-04-25,513.88,7,-1047,260444684,116124758,0.000387030360734873,99.9891719809493,-1.03869047619048
249.99,250,0,1000,0,1000,2025-04-22,2025-05-02,513.88,1000,1000,283947147,97379483,0.000352178217166591,99.9985645215868,1
426.9,427,85,96,1190,960,2025-04-22,2025-04-25,513.88,11,-230,260444684,116124758,0.000368600343557022,99.9895405812929,-0.239583333333333
400.97,401,314,317,1570,951,2025-04-22,2025-04-25,513.88,3,-619,260444684,116124758,0.000365144715336175,99.9899057260082,-0.650893796004206
417.94,418,139,152,695,912,2025-04-22,2025-04-25,513.88,13,217,260444684,116124758,0.000350170326379171,99.9902558963346,0.237938596491228
405.95,406,5,179,15,895,2025-04-22,2025-04-25,513.88,174,880,260444684,116124758,0.000343643028628682,99.9905995393632,0.983240223463687
354.99,355,806,883,806,883,2025-04-22,2025-04-25,513.88,77,77,260444684,116124758,0.000339035524334219,99.9909385748876,0.087202718006795
425.9,426,56,87,392,870,2025-04-22,2025-04-25,513.88,31,478,260444684,116124758,0.000334044061348551,99.9912726189489,0.549425287356322
407.95,408,73,163,438,815,2025-04-22,2025-04-25,513.88,90,377,260444684,116124758,0.000312926333332263,99.9915855452822,0.462576687116564
259.99,260,0,800,0,800,2025-04-22,2025-05-02,513.88,800,800,283947147,97379483,0.000281742573733273,99.9988462641606,1
441.9,442,19,79,342,790,2025-04-22,2025-04-25,513.88,60,448,260444684,116124758,0.000303327366052133,99.9918888726483,0.567088607594937
364.99,365,752,752,752,752,2025-04-22,2025-04-25,513.88,0,0,260444684,116124758,0.000288736935786334,99.9921776095841,0
430.91,431,79,80,1185,720,2025-04-22,2025-04-25,513.88,1,-465,260444684,116124758,0.000276450257667766,99.9924540598418,-0.645833333333334
324.99,325,709,709,709,709,2025-04-22,2025-04-25,513.88,0,0,260444684,116124758,0.000272226712064509,99.9927262865538,0
324.94,325,104,117,520,702,2025-04-22,2025-05-02,513.88,13,182,283947147,97379483,0.000247229108450947,99.999093493269,0.259259259259259
422.97,423,228,230,3648,690,2025-04-22,2025-04-25,513.88,2,-2958,260444684,116124758,0.000264931496931609,99.9929912180508,-4.28695652173913
367.98,368,207,341,1242,682,2025-04-22,2025-04-25,513.88,134,-560,260444684,116124758,0.000261859827401968,99.9932530778781,-0.821114369501466
413.95,414,9,135,36,675,2025-04-22,2025-04-25,513.88,126,639,260444684,116124758,0.000259172116563531,99.9935122499947,0.946666666666667
392.97,393,3,219,6,657,2025-04-22,2025-04-25,513.88,216,651,260444684,116124758,0.000252260860121837,99.9937645108548,0.990867579908676
416.97,417,10,204,50,612,2025-04-22,2025-04-25,513.88,194,562,260444684,116124758,0.000234982719017601,99.9939994935738,0.918300653594771
386.97,387,0,196,0,588,2025-04-22,2025-04-25,513.88,196,588,260444684,116124758,0.000225767710428676,99.9942252612843,1
365.99,366,578,583,578,583,2025-04-22,2025-04-25,513.88,5,5,260444684,116124758,0.00022384791697265,99.9944491092013,0.00857632933104631
395.97,396,93,185,558,555,2025-04-22,2025-04-25,513.88,92,-3,260444684,116124758,0.000213097073618903,99.9946622062749,-0.00540540540540541
357.99,358,45,547,315,547,2025-04-22,2025-04-25,513.88,502,232,260444684,116124758,0.000210025404089261,99.994872231679,0.424131627056673
319.95,320,108,108,540,540,2025-04-22,2025-05-02,513.88,0,0,283947147,97379483,0.000190176237269959,99.9992836695063,0
309.98,310,239,264,1195,528,2025-04-22,2025-05-02,513.88,25,-667,283947147,97379483,0.00018595009866396,99.999469619605,-1.26325757575758
446.88,447,24,43,360,516,2025-04-22,2025-04-25,513.88,19,156,260444684,116124758,0.000198122684661899,99.9950703543636,0.302325581395349
437.92,438,26,62,286,496,2025-04-22,2025-04-25,513.88,36,210,260444684,116124758,0.000190443510837795,99.9952607978745,0.423387096774194
408.95,409,47,98,376,490,2025-04-22,2025-04-25,513.88,51,114,260444684,116124758,0.000188139758690563,99.9954489376331,0.23265306122449
314.96,315,119,122,357,488,2025-04-22,2025-05-02,513.88,3,131,283947147,97379483,0.000171862969977297,99.9996414825749,0.26844262295082
358.99,359,472,485,1888,485,2025-04-22,2025-04-25,513.88,13,-1403,260444684,116124758,0.000186219965234537,99.9956351575984,-2.89278350515464
406.95,407,10,96,110,480,2025-04-22,2025-04-25,513.88,86,370,260444684,116124758,0.000184300171778511,99.9958194577702,0.770833333333333
403.97,404,38,155,114,465,2025-04-22,2025-04-25,513.88,117,351,260444684,116124758,0.000178540791410432,99.9959979985616,0.754838709677419
398.97,399,55,154,1100,462,2025-04-22,2025-04-25,513.88,99,-638,260444684,116124758,0.000177388915336817,99.9961753874769,-1.38095238095238
304.98,305,229,229,458,458,2025-04-22,2025-04-25,513.88,0,0,260444684,116124758,0.000175853080571996,99.9963512405575,0
304.93,305,48,63,384,441,2025-04-22,2025-05-09,513.88,15,57,145563771,48833654,0.000302959999572971,100,0.129251700680272
329.95,330,87,87,609,435,2025-04-22,2025-05-02,513.88,0,-174,283947147,97379483,0.000153197524467467,99.9997946800994,-0.4
370.99,371,410,410,410,410,2025-04-22,2025-04-25,513.88,0,0,260444684,116124758,0.000157423063394145,99.9965086636209,0
380.98,381,3,202,21,404,2025-04-22,2025-04-25,513.88,199,383,260444684,116124758,0.000155119311246913,99.9966637829321,0.948019801980198
385.98,386,2,196,22,392,2025-04-22,2025-04-25,513.88,194,370,260444684,116124758,0.000150511806952451,99.9968142947391,0.943877551020408
376.88,377,32,32,384,384,2025-04-22,2025-04-25,513.88,0,0,260444684,116124758,0.000147440137422809,99.9969617348765,0
396.97,397,32,126,128,378,2025-04-22,2025-04-25,513.88,94,250,260444684,116124758,0.000145136385275577,99.9971068712618,0.661375661375661
339.99,340,379,370,379,370,2025-04-22,2025-04-25,513.88,-9,-9,260444684,116124758,0.000142064715745936,99.9972489359775,-0.0243243243243243
366.99,367,166,367,166,367,2025-04-22,2025-04-25,513.88,201,201,260444684,116124758,0.00014091283967232,99.9973898488172,0.547683923705722
368.99,369,239,360,717,360,2025-04-22,2025-04-25,513.88,121,-357,260444684,116124758,0.000138225128833883,99.997528073946,-0.991666666666667
274.99,275,357,357,357,357,2025-04-22,2025-04-25,513.88,0,0,260444684,116124758,0.000137073252760268,99.9976651471988,0
294.98,295,175,175,350,350,2025-04-22,2025-04-25,513.88,0,0,260444684,116124758,0.000134385541921831,99.9977995327407,0
440.94,441,47,58,1457,348,2025-04-22,2025-04-25,513.88,11,-1109,260444684,116124758,0.00013361762453942,99.9979331503653,-3.1867816091954
377.98,378,102,162,204,324,2025-04-22,2025-04-25,513.88,60,120,260444684,116124758,0.000124402615950495,99.9980575529812,0.37037037037037
378.98,379,131,158,655,316,2025-04-22,2025-04-25,513.88,27,-339,260444684,116124758,0.000121330946420853,99.9981788839276,-1.07278481012658
421.93,422,0,42,0,294,2025-04-22,2025-04-25,513.88,42,294,260444684,116124758,0.000112883855214338,99.9982917677828,1
393.97,394,91,93,182,279,2025-04-22,2025-04-25,513.88,2,97,260444684,116124758,0.000107124474846259,99.9983988922577,0.347670250896057
309.98,310,138,138,276,276,2025-04-22,2025-04-25,513.88,0,0,260444684,116124758,0.000105972598772644,99.9985048648565,0
410.98,411,114,138,570,276,2025-04-22,2025-04-25,513.88,24,-294,260444684,116124758,0.000105972598772644,99.9986108374552,-1.06521739130435
284.99,285,255,255,255,255,2025-04-22,2025-04-25,513.88,0,0,260444684,116124758,9.79094662573339e-05,99.9987087469215,0
423.94,424,38,42,456,252,2025-04-22,2025-04-25,513.88,4,-204,260444684,116124758,9.67575901837182e-05,99.9988055045117,-0.809523809523809
344.99,345,238,236,476,236,2025-04-22,2025-04-25,513.88,-2,-240,260444684,116124758,9.06142511244346e-05,99.9988961187628,-1.01694915254237
264.99,265,20,230,40,230,2025-04-22,2025-05-02,513.88,210,190,283947147,97379483,8.1000989948316e-05,99.9998756810893,0.826086956521739
254.99,255,226,226,226,226,2025-04-22,2025-04-25,513.88,0,0,260444684,116124758,8.67746642123822e-05,99.998982893427,0
334.95,335,51,44,561,220,2025-04-22,2025-05-02,513.88,-7,-341,283947147,97379483,7.74792077766501e-05,99.9999531602971,-1.55
402.96,403,48,51,240,204,2025-04-22,2025-04-25,513.88,3,-36,260444684,116124758,7.83275730058672e-05,99.999061221,-0.176470588235294
356.99,357,0,193,0,193,2025-04-22,2025-04-25,513.88,193,193,260444684,116124758,7.41040274026096e-05,99.9991353250274,1
334.99,335,192,192,192,192,2025-04-22,2025-04-25,513.88,0,0,260444684,116124758,7.37200687114044e-05,99.9992090450961,0
269.99,270,177,177,177,177,2025-04-22,2025-04-25,513.88,0,0,260444684,116124758,6.79606883433259e-05,99.9992770057845,0
279.99,280,159,159,159,159,2025-04-22,2025-04-25,513.88,0,0,260444684,116124758,6.10494319016318e-05,99.9993380552164,0
415.97,416,8,51,40,153,2025-04-22,2025-04-25,513.88,43,113,260444684,116124758,5.87456797544004e-05,99.9993968008961,0.738562091503268
401.98,402,71,72,710,144,2025-04-22,2025-04-25,513.88,1,-566,260444684,116124758,5.52900515335533e-05,99.9994520909477,-3.93055555555556
360.99,361,132,142,660,142,2025-04-22,2025-04-25,513.88,10,-518,260444684,116124758,5.45221341511428e-05,99.9995066130818,-3.64788732394366
319.99,320,134,134,134,134,2025-04-22,2025-04-25,513.88,0,0,260444684,116124758,5.1450464621501e-05,99.9995580635464,0
373.93,374,19,19,133,133,2025-04-22,2025-04-25,513.88,0,0,260444684,116124758,5.10665059302957e-05,99.9996091300524,0
371.99,372,30,130,210,130,2025-04-22,2025-04-25,513.88,100,-80,260444684,116124758,4.991462985668e-05,99.9996590446822,-0.615384615384615
418.95,419,11,26,55,130,2025-04-22,2025-04-25,513.88,15,75,260444684,116124758,4.991462985668e-05,99.9997089593121,0.576923076923077
294.98,295,1,56,4,112,2025-04-22,2025-05-02,513.88,55,108,283947147,97379483,3.94439603226582e-05,99.9999926042575,0.964285714285714
397.98,398,50,51,450,102,2025-04-22,2025-04-25,513.88,1,-348,260444684,116124758,3.91637865029336e-05,99.9997481230986,-3.41176470588235
289.99,290,100,100,100,100,2025-04-22,2025-04-25,513.88,0,0,260444684,116124758,3.83958691205231e-05,99.9997865189677,0
387.98,388,46,47,552,94,2025-04-22,2025-04-25,513.88,1,-458,260444684,116124758,3.60921169732917e-05,99.9998226110847,-4.87234042553192
375.99,376,41,81,164,81,2025-04-22,2025-04-25,513.88,40,-83,260444684,116124758,3.11006539876237e-05,99.9998537117387,-1.02469135802469
314.99,315,75,75,75,75,2025-04-22,2025-04-25,513.88,0,0,260444684,116124758,2.87969018403923e-05,99.9998825086405,0
329.99,330,67,67,67,67,2025-04-22,2025-04-25,513.88,0,0,260444684,116124758,2.57252323107505e-05,99.9999082338728,0
382.99,383,47,47,47,47,2025-04-22,2025-04-25,513.88,0,0,260444684,116124758,1.80460584866459e-05,99.9999262799313,0
363.95,364,8,8,40,40,2025-04-22,2025-04-25,513.88,0,0,260444684,116124758,1.53583476482092e-05,99.9999416382789,0
390.97,391,6,12,60,36,2025-04-22,2025-04-25,513.88,6,-24,260444684,116124758,1.38225128833883e-05,99.9999554607918,-0.666666666666667
362.92,363,4,4,32,32,2025-04-22,2025-04-25,513.88,0,0,260444684,116124758,1.22866781185674e-05,99.9999677474699,0
372.99,373,1,31,7,31,2025-04-22,2025-04-25,513.88,30,24,260444684,116124758,1.19027194273622e-05,99.9999796501894,0.774193548387097
391.97,392,8,8,8,24,2025-04-22,2025-04-25,513.88,0,16,260444684,116124758,9.21500858892555e-06,99.999988865198,0.666666666666667
289.99,290,1,20,2,20,2025-04-22,2025-05-02,513.88,19,18,283947147,97379483,7.04356434333183e-06,99.9999996478218,0.9
383.98,384,7,8,28,16,2025-04-22,2025-04-25,513.88,1,-12,260444684,116124758,6.1433390592837e-06,99.999995008537,-0.75
361.99,362,13,13,26,13,2025-04-22,2025-04-25,513.88,0,-13,260444684,116124758,4.99146298566801e-06,100,-1
284.99,285,0,1,0,1,2025-04-22,2025-05-02,513.88,1,1,283947147,97379483,3.52178217166591e-07,100,1
509.7,561,1,0,3273,0,2025-04-22,2025-04-25,513.88,-1,-3273,260444684,116124758,0,100,-Inf
525.85,566,8,0,32120,0,2025-04-22,2025-04-25,513.88,-8,-32120,260444684,116124758,0,100,-Inf
528.7,567,1,0,3830,0,2025-04-22,2025-04-25,513.88,-1,-3830,260444684,116124758,0,100,-Inf
514.21,573,0,0,0,0,2025-04-22,2025-04-25,513.88,0,0,260444684,116124758,0,100,
525.54,576,0,0,0,0,2025-04-22,2025-04-25,513.88,0,0,260444684,116124758,0,100,
521.1,577,0,0,0,0,2025-04-22,2025-04-25,513.88,0,0,260444684,116124758,0,100,
542.02,578,0,0,0,0,2025-04-22,2025-04-25,513.88,0,0,260444684,116124758,0,100,
519.79,579,0,0,0,0,2025-04-22,2025-04-25,513.88,0,0,260444684,116124758,0,100,
526,581,0,0,0,0,2025-04-22,2025-04-25,513.88,0,0,260444684,116124758,0,100,
527.86,582,0,0,0,0,2025-04-22,2025-04-25,513.88,0,0,260444684,116124758,0,100,
525.87,583,0,0,0,0,2025-04-22,2025-04-25,513.88,0,0,260444684,116124758,0,100,
499.37,584,0,0,0,0,2025-04-22,2025-04-25,513.88,0,0,260444684,116124758,0,100,
515.32,585,4,0,22844,0,2025-04-22,2025-04-25,513.88,-4,-22844,260444684,116124758,0,100,-Inf
527.87,586,0,0,0,0,2025-04-22,2025-04-25,513.88,0,0,260444684,116124758,0,100,
486.38,587,0,0,0,0,2025-04-22,2025-04-25,513.88,0,0,260444684,116124758,0,100,
538,588,0,0,0,0,2025-04-22,2025-04-25,513.88,0,0,260444684,116124758,0,100,
525.25,589,0,0,0,0,2025-04-22,2025-04-25,513.88,0,0,260444684,116124758,0,100,
527.5,590,0,0,0,0,2025-04-22,2025-04-25,513.88,0,0,260444684,116124758,0,100,
556.92,591,0,0,0,0,2025-04-22,2025-04-25,513.88,0,0,260444684,116124758,0,100,
569.69,592,0,0,0,0,2025-04-22,2025-04-25,513.88,0,0,260444684,116124758,0,100,
500.8,593,0,0,0,0,2025-04-22,2025-04-25,513.88,0,0,260444684,116124758,0,100,
565.84,594,0,0,0,0,2025-04-22,2025-04-25,513.88,0,0,260444684,116124758,0,100,
538,595,0,0,0,0,2025-04-22,2025-04-25,513.88,0,0,260444684,116124758,0,100,
537.98,596,0,0,0,0,2025-04-22,2025-04-25,513.88,0,0,260444684,116124758,0,100,
566.33,597,0,0,0,0,2025-04-22,2025-04-25,513.88,0,0,260444684,116124758,0,100,
537.8,598,0,0,0,0,2025-04-22,2025-04-25,513.88,0,0,260444684,116124758,0,100,
530.6,599,0,0,0,0,2025-04-22,2025-04-25,513.88,0,0,260444684,116124758,0,100,
538,600,0,0,0,0,2025-04-22,2025-04-25,513.88,0,0,260444684,116124758,0,100,
574.29,601,0,0,0,0,2025-04-22,2025-04-25,513.88,0,0,260444684,116124758,0,100,
521.59,602,0,0,0,0,2025-04-22,2025-04-25,513.88,0,0,260444684,116124758,0,100,
540.9,603,0,0,0,0,2025-04-22,2025-04-25,513.88,0,0,260444684,116124758,0,100,
556.86,604,0,0,0,0,2025-04-22,2025-04-25,513.88,0,0,260444684,116124758,0,100,
542.4,605,0,0,0,0,2025-04-22,2025-04-25,513.88,0,0,260444684,116124758,0,100,
534.92,610,0,0,0,0,2025-04-22,2025-04-25,513.88,0,0,260444684,116124758,0,100,
537.93,615,0,0,0,0,2025-04-22,2025-04-25,513.88,0,0,260444684,116124758,0,100,
543.01,620,0,0,0,0,2025-04-22,2025-04-25,513.88,0,0,260444684,116124758,0,100,
568.49,625,0,0,0,0,2025-04-22,2025-04-25,513.88,0,0,260444684,116124758,0,100,
563.94,630,0,0,0,0,2025-04-22,2025-04-25,513.88,0,0,260444684,116124758,0,100,
570.5,635,0,0,0,0,2025-04-22,2025-04-25,513.88,0,0,260444684,116124758,0,100,
640,640,0,0,0,0,2025-04-22,2025-04-25,513.88,0,0,260444684,116124758,0,100,
560.84,645,0,0,0,0,2025-04-22,2025-04-25,513.88,0,0,260444684,116124758,0,100,
522.81,650,0,0,0,0,2025-04-22,2025-04-25,513.88,0,0,260444684,116124758,0,100,
655,655,0,0,0,0,2025-04-22,2025-04-25,513.88,0,0,260444684,116124758,0,100,
501.13,660,0,0,0,0,2025-04-22,2025-04-25,513.88,0,0,260444684,116124758,0,100,
665,665,0,0,0,0,2025-04-22,2025-04-25,513.88,0,0,260444684,116124758,0,100,
670,670,0,0,0,0,2025-04-22,2025-04-25,513.88,0,0,260444684,116124758,0,100,
675,675,0,0,0,0,2025-04-22,2025-04-25,513.88,0,0,260444684,116124758,0,100,
680,680,0,0,0,0,2025-04-22,2025-04-25,513.88,0,0,260444684,116124758,0,100,
685,685,0,0,0,0,2025-04-22,2025-04-25,513.88,0,0,260444684,116124758,0,100,
690,690,0,0,0,0,2025-04-22,2025-04-25,513.88,0,0,260444684,116124758,0,100,
695,695,0,0,0,0,2025-04-22,2025-04-25,513.88,0,0,260444684,116124758,0,100,
700,700,0,0,0,0,2025-04-22,2025-04-25,513.88,0,0,260444684,116124758,0,100,
255,255,0,0,0,0,2025-04-22,2025-05-02,513.88,0,0,283947147,97379483,0,100,
270,270,0,0,0,0,2025-04-22,2025-05-02,513.88,0,0,283947147,97379483,0,100,
280,280,0,0,0,0,2025-04-22,2025-05-02,513.88,0,0,283947147,97379483,0,100,
532.3,567.5,0,0,0,0,2025-04-22,2025-05-02,513.88,0,0,283947147,97379483,0,100,
522.84,569,0,0,0,0,2025-04-22,2025-05-02,513.88,0,0,283947147,97379483,0,100,
538.29,571,0,0,0,0,2025-04-22,2025-05-02,513.88,0,0,283947147,97379483,0,100,
537.62,572.5,0,0,0,0,2025-04-22,2025-05-02,513.88,0,0,283947147,97379483,0,100,
526.7,573,0,0,0,0,2025-04-22,2025-05-02,513.88,0,0,283947147,97379483,0,100,
528.46,574,0,0,0,0,2025-04-22,2025-05-02,513.88,0,0,283947147,97379483,0,100,
528.97,575,0,0,0,0,2025-04-22,2025-05-02,513.88,0,0,283947147,97379483,0,100,
522.85,576,0,0,0,0,2025-04-22,2025-05-02,513.88,0,0,283947147,97379483,0,100,
522.38,577,0,0,0,0,2025-04-22,2025-05-02,513.88,0,0,283947147,97379483,0,100,
525.36,579,0,0,0,0,2025-04-22,2025-05-02,513.88,0,0,283947147,97379483,0,100,
525.5,581,0,0,0,0,2025-04-22,2025-05-02,513.88,0,0,283947147,97379483,0,100,
519.6,582,0,0,0,0,2025-04-22,2025-05-02,513.88,0,0,283947147,97379483,0,100,
538.45,582.5,0,0,0,0,2025-04-22,2025-05-02,513.88,0,0,283947147,97379483,0,100,
534.33,583,0,0,0,0,2025-04-22,2025-05-02,513.88,0,0,283947147,97379483,0,100,
541.5,585,0,0,0,0,2025-04-22,2025-05-02,513.88,0,0,283947147,97379483,0,100,
525.11,590,0,0,0,0,2025-04-22,2025-05-02,513.88,0,0,283947147,97379483,0,100,
530.12,595,0,0,0,0,2025-04-22,2025-05-02,513.88,0,0,283947147,97379483,0,100,
538.06,605,0,0,0,0,2025-04-22,2025-05-02,513.88,0,0,283947147,97379483,0,100,
514.17,615,0,0,0,0,2025-04-22,2025-05-02,513.88,0,0,283947147,97379483,0,100,
527.11,620,0,0,0,0,2025-04-22,2025-05-02,513.88,0,0,283947147,97379483,0,100,
542.55,625,0,0,0,0,2025-04-22,2025-05-02,513.88,0,0,283947147,97379483,0,100,
560.31,630,0,0,0,0,2025-04-22,2025-05-02,513.88,0,0,283947147,97379483,0,100,
560.33,635,0,0,0,0,2025-04-22,2025-05-02,513.88,0,0,283947147,97379483,0,100,
640,640,0,0,0,0,2025-04-22,2025-05-02,513.88,0,0,283947147,97379483,0,100,
645,645,0,0,0,0,2025-04-22,2025-05-02,513.88,0,0,283947147,97379483,0,100,
650,650,0,0,0,0,2025-04-22,2025-05-02,513.88,0,0,283947147,97379483,0,100,
509.86,571,28,0,104608,0,2025-04-22,2025-05-09,513.88,-28,-104608,145563771,48833654,0,100,-Inf
510.7,572,2,0,12260,0,2025-04-22,2025-05-09,513.88,-2,-12260,145563771,48833654,0,100,-Inf
539.79,572.5,2,0,6542,0,2025-04-22,2025-05-09,513.88,-2,-6542,145563771,48833654,0,100,-Inf
509.18,573,9,0,28458,0,2025-04-22,2025-05-09,513.88,-9,-28458,145563771,48833654,0,100,-Inf
509.86,574,25,0,122400,0,2025-04-22,2025-05-09,513.88,-25,-122400,145563771,48833654,0,100,-Inf
520.35,576,1,0,5565,0,2025-04-22,2025-05-09,513.88,-1,-5565,145563771,48833654,0,100,-Inf
511.11,577,0,0,0,0,2025-04-22,2025-05-09,513.88,0,0,145563771,48833654,0,100,
541.83,577.5,0,0,0,0,2025-04-22,2025-05-09,513.88,0,0,145563771,48833654,0,100,
540.72,578,0,0,0,0,2025-04-22,2025-05-09,513.88,0,0,145563771,48833654,0,100,
532.28,579,0,0,0,0,2025-04-22,2025-05-09,513.88,0,0,145563771,48833654,0,100,
523.18,581,0,0,0,0,2025-04-22,2025-05-09,513.88,0,0,145563771,48833654,0,100,
538.22,582,0,0,0,0,2025-04-22,2025-05-09,513.88,0,0,145563771,48833654,0,100,
526.64,582.5,0,0,0,0,2025-04-22,2025-05-09,513.88,0,0,145563771,48833654,0,100,
537.95,583,0,0,0,0,2025-04-22,2025-05-09,513.88,0,0,145563771,48833654,0,100,
542.13,590,0,0,0,0,2025-04-22,2025-05-09,513.88,0,0,145563771,48833654,0,100,
541.81,595,0,0,0,0,2025-04-22,2025-05-09,513.88,0,0,145563771,48833654,0,100,
558.64,600,0,0,0,0,2025-04-22,2025-05-09,513.88,0,0,145563771,48833654,0,100,
605,605,0,0,0,0,2025-04-22,2025-05-09,513.88,0,0,145563771,48833654,0,100,
560.43,610,0,0,0,0,2025-04-22,2025-05-09,513.88,0,0,145563771,48833654,0,100,
615,615,0,0,0,0,2025-04-22,2025-05-09,513.88,0,0,145563771,48833654,0,100,
620,620,0,0,0,0,2025-04-22,2025-05-09,513.88,0,0,145563771,48833654,0,100,
560.06,625,0,0,0,0,2025-04-22,2025-05-09,513.88,0,0,145563771,48833654,0,100,
630,630,0,0,0,0,2025-04-22,2025-05-09,513.88,0,0,145563771,48833654,0,100,
635,635,0,0,0,0,2025-04-22,2025-05-09,513.88,0,0,145563771,48833654,0,100,
530,640,0,0,0,0,2025-04-22,2025-05-09,513.88,0,0,145563771,48833654,0,100,
552.82,645,0,0,0,0,2025-04-22,2025-05-09,513.88,0,0,145563771,48833654,0,100,
537.74,650,0,0,0,0,2025-04-22,2025-05-09,513.88,0,0,145563771,48833654,0,100,
508.63,579,47,0,268464,0,2025-04-22,2025-05-16,513.88,-47,-268464,2663342352,818155905,0,100,-Inf
527.39,582,4,0,21844,0,2025-04-22,2025-05-16,513.88,-4,-21844,2663342352,818155905,0,100,-Inf
538.46,586,0,0,0,0,2025-04-22,2025-05-16,513.88,0,0,2663342352,818155905,0,100,
525.36,594,0,0,0,0,2025-04-22,2025-05-16,513.88,0,0,2663342352,818155905,0,100,
514.47,597,0,0,0,0,2025-04-22,2025-05-16,513.88,0,0,2663342352,818155905,0,100,
524.88,599,0,0,0,0,2025-04-22,2025-05-16,513.88,0,0,2663342352,818155905,0,100,
514.12,603,0,0,0,0,2025-04-22,2025-05-16,513.88,0,0,2663342352,818155905,0,100,
528.24,604,0,0,0,0,2025-04-22,2025-05-16,513.88,0,0,2663342352,818155905,0,100,
528.01,606,0,0,0,0,2025-04-22,2025-05-16,513.88,0,0,2663342352,818155905,0,100,
537.75,607,0,0,0,0,2025-04-22,2025-05-16,513.88,0,0,2663342352,818155905,0,100,
512.29,608,0,0,0,0,2025-04-22,2025-05-16,513.88,0,0,2663342352,818155905,0,100,
528.15,609,0,0,0,0,2025-04-22,2025-05-16,513.88,0,0,2663342352,818155905,0,100,
514.45,612,0,0,0,0,2025-04-22,2025-05-16,513.88,0,0,2663342352,818155905,0,100,
563.89,613,0,0,0,0,2025-04-22,2025-05-16,513.88,0,0,2663342352,818155905,0,100,
527.08,614,0,0,0,0,2025-04-22,2025-05-16,513.88,0,0,2663342352,818155905,0,100,
516,616,0,0,0,0,2025-04-22,2025-05-16,513.88,0,0,2663342352,818155905,0,100,
525.61,617,0,0,0,0,2025-04-22,2025-05-16,513.88,0,0,2663342352,818155905,0,100,
525.59,618,0,0,0,0,2025-04-22,2025-05-16,513.88,0,0,2663342352,818155905,0,100,
537.66,619,0,0,0,0,2025-04-22,2025-05-16,513.88,0,0,2663342352,818155905,0,100,
514.5,621,0,0,0,0,2025-04-22,2025-05-16,513.88,0,0,2663342352,818155905,0,100,
580.47,622,0,0,0,0,2025-04-22,2025-05-16,513.88,0,0,2663342352,818155905,0,100,
524.48,623,0,0,0,0,2025-04-22,2025-05-16,513.88,0,0,2663342352,818155905,0,100,
574.74,624,0,0,0,0,2025-04-22,2025-05-16,513.88,0,0,2663342352,818155905,0,100,
514.23,626,0,0,0,0,2025-04-22,2025-05-16,513.88,0,0,2663342352,818155905,0,100,
537.34,627,0,0,0,0,2025-04-22,2025-05-16,513.88,0,0,2663342352,818155905,0,100,
516.66,628,0,0,0,0,2025-04-22,2025-05-16,513.88,0,0,2663342352,818155905,0,100,
597.78,629,0,0,0,0,2025-04-22,2025-05-16,513.88,0,0,2663342352,818155905,0,100,
567.6,630,0,0,0,0,2025-04-22,2025-05-16,513.88,0,0,2663342352,818155905,0,100,
567.58,631,0,0,0,0,2025-04-22,2025-05-16,513.88,0,0,2663342352,818155905,0,100,
500.15,632,0,0,0,0,2025-04-22,2025-05-16,513.88,0,0,2663342352,818155905,0,100,
526.73,633,0,0,0,0,2025-04-22,2025-05-16,513.88,0,0,2663342352,818155905,0,100,
521.53,634,0,0,0,0,2025-04-22,2025-05-16,513.88,0,0,2663342352,818155905,0,100,
560.27,635,0,0,0,0,2025-04-22,2025-05-16,513.88,0,0,2663342352,818155905,0,100,
636,636,0,0,0,0,2025-04-22,2025-05-16,513.88,0,0,2663342352,818155905,0,100,
637,637,0,0,0,0,2025-04-22,2025-05-16,513.88,0,0,2663342352,818155905,0,100,
638,638,0,0,0,0,2025-04-22,2025-05-16,513.88,0,0,2663342352,818155905,0,100,
564.17,639,0,0,0,0,2025-04-22,2025-05-16,513.88,0,0,2663342352,818155905,0,100,
573.75,640,0,0,0,0,2025-04-22,2025-05-16,513.88,0,0,2663342352,818155905,0,100,
573.01,645,0,0,0,0,2025-04-22,2025-05-16,513.88,0,0,2663342352,818155905,0,100,
527.81,655,0,0,0,0,2025-04-22,2025-05-16,513.88,0,0,2663342352,818155905,0,100,
519.69,660,0,0,0,0,2025-04-22,2025-05-16,513.88,0,0,2663342352,818155905,0,100,
665,665,0,0,0,0,2025-04-22,2025-05-16,513.88,0,0,2663342352,818155905,0,100,
610.41,670,0,0,0,0,2025-04-22,2025-05-16,513.88,0,0,2663342352,818155905,0,100,
513.46,680,0,0,0,0,2025-04-22,2025-05-16,513.88,0,0,2663342352,818155905,0,100,
525.76,685,0,0,0,0,2025-04-22,2025-05-16,513.88,0,0,2663342352,818155905,0,100,
593.46,690,0,0,0,0,2025-04-22,2025-05-16,513.88,0,0,2663342352,818155905,0,100,
695,695,0,0,0,0,2025-04-22,2025-05-16,513.88,0,0,2663342352,818155905,0,100,
521.65,700,0,0,0,0,2025-04-22,2025-05-16,513.88,0,0,2663342352,818155905,0,100,
502.42,705,0,0,0,0,2025-04-22,2025-05-16,513.88,0,0,2663342352,818155905,0,100,
521.65,710,0,0,0,0,2025-04-22,2025-05-16,513.88,0,0,2663342352,818155905,0,100,
715,715,0,0,0,0,2025-04-22,2025-05-16,513.88,0,0,2663342352,818155905,0,100,
720,720,0,0,0,0,2025-04-22,2025-05-16,513.88,0,0,2663342352,818155905,0,100,
725,725,0,0,0,0,2025-04-22,2025-05-16,513.88,0,0,2663342352,818155905,0,100,
730,730,0,0,0,0,2025-04-22,2025-05-16,513.88,0,0,2663342352,818155905,0,100,
735,735,0,0,0,0,2025-04-22,2025-05-16,513.88,0,0,2663342352,818155905,0,100,
610.03,740,0,0,0,0,2025-04-22,2025-05-16,513.88,0,0,2663342352,818155905,0,100,
610.01,745,0,0,0,0,2025-04-22,2025-05-16,513.88,0,0,2663342352,818155905,0,100,
750,750,0,0,0,0,2025-04-22,2025-05-16,513.88,0,0,2663342352,818155905,0,100,
755,755,0,0,0,0,2025-04-22,2025-05-16,513.88,0,0,2663342352,818155905,0,100,
760,760,0,0,0,0,2025-04-22,2025-05-16,513.88,0,0,2663342352,818155905,0,100,
765,765,0,0,0,0,2025-04-22,2025-05-16,513.88,0,0,2663342352,818155905,0,100,
770,770,0,0,0,0,2025-04-22,2025-05-16,513.88,0,0,2663342352,818155905,0,100,
775,775,0,0,0,0,2025-04-22,2025-05-16,513.88,0,0,2663342352,818155905,0,100,
780,780,0,0,0,0,2025-04-22,2025-05-16,513.88,0,0,2663342352,818155905,0,100,
785,785,0,0,0,0,2025-04-22,2025-05-16,513.88,0,0,2663342352,818155905,0,100,
790,790,0,0,0,0,2025-04-22,2025-05-16,513.88,0,0,2663342352,818155905,0,100,
795,795,0,0,0,0,2025-04-22,2025-05-16,513.88,0,0,2663342352,818155905,0,100,
800,800,0,0,0,0,2025-04-22,2025-05-16,513.88,0,0,2663342352,818155905,0,100,
561,561,0,0,0,0,2025-04-22,2025-05-23,513.88,0,0,94643758,38004586,0,100,
567.5,567.5,0,0,0,0,2025-04-22,2025-05-23,513.88,0,0,94643758,38004586,0,100,
515.73,577,6,0,28890,0,2025-04-22,2025-05-23,513.88,-6,-28890,94643758,38004586,0,100,-Inf
510.29,580,3,0,15549,0,2025-04-22,2025-05-23,513.88,-3,-15549,94643758,38004586,0,100,-Inf
527,585,0,0,0,0,2025-04-22,2025-05-23,513.88,0,0,94643758,38004586,0,100,
540.49,590,0,0,0,0,2025-04-22,2025-05-23,513.88,0,0,94643758,38004586,0,100,
524.23,600,0,0,0,0,2025-04-22,2025-05-23,513.88,0,0,94643758,38004586,0,100,
531.94,605,0,0,0,0,2025-04-22,2025-05-23,513.88,0,0,94643758,38004586,0,100,
610,610,0,0,0,0,2025-04-22,2025-05-23,513.88,0,0,94643758,38004586,0,100,
502.83,615,0,0,0,0,2025-04-22,2025-05-23,513.88,0,0,94643758,38004586,0,100,
541.02,620,0,0,0,0,2025-04-22,2025-05-23,513.88,0,0,94643758,38004586,0,100,
625,625,0,0,0,0,2025-04-22,2025-05-23,513.88,0,0,94643758,38004586,0,100,
630,630,0,0,0,0,2025-04-22,2025-05-23,513.88,0,0,94643758,38004586,0,100,
635,635,0,0,0,0,2025-04-22,2025-05-23,513.88,0,0,94643758,38004586,0,100,
640,640,0,0,0,0,2025-04-22,2025-05-23,513.88,0,0,94643758,38004586,0,100,
645,645,0,0,0,0,2025-04-22,2025-05-23,513.88,0,0,94643758,38004586,0,100,
534.06,650,0,0,0,0,2025-04-22,2025-05-23,513.88,0,0,94643758,38004586,0,100,
528.04,582,5,0,26980,0,2025-04-22,2025-05-30,513.88,-5,-26980,714922174,189462696,0,100,-Inf
521.25,583,0,0,0,0,2025-04-22,2025-05-30,513.88,0,0,714922174,189462696,0,100,
522.59,588,0,0,0,0,2025-04-22,2025-05-30,513.88,0,0,714922174,189462696,0,100,
523.99,589,0,0,0,0,2025-04-22,2025-05-30,513.88,0,0,714922174,189462696,0,100,
494.29,591,0,0,0,0,2025-04-22,2025-05-30,513.88,0,0,714922174,189462696,0,100,
535.66,592,0,0,0,0,2025-04-22,2025-05-30,513.88,0,0,714922174,189462696,0,100,
525.28,594,0,0,0,0,2025-04-22,2025-05-30,513.88,0,0,714922174,189462696,0,100,
523.11,595,0,0,0,0,2025-04-22,2025-05-30,513.88,0,0,714922174,189462696,0,100,
541.42,596,0,0,0,0,2025-04-22,2025-05-30,513.88,0,0,714922174,189462696,0,100,
511.83,597,5,0,35760,0,2025-04-22,2025-05-30,513.88,-5,-35760,714922174,189462696,0,100,-Inf
531.06,599,0,0,0,0,2025-04-22,2025-05-30,513.88,0,0,714922174,189462696,0,100,
526,601,0,0,0,0,2025-04-22,2025-05-30,513.88,0,0,714922174,189462696,0,100,
514.28,604,0,0,0,0,2025-04-22,2025-05-30,513.88,0,0,714922174,189462696,0,100,
514.49,606,0,0,0,0,2025-04-22,2025-05-30,513.88,0,0,714922174,189462696,0,100,
527.87,611,0,0,0,0,2025-04-22,2025-05-30,513.88,0,0,714922174,189462696,0,100,
537.31,612,0,0,0,0,2025-04-22,2025-05-30,513.88,0,0,714922174,189462696,0,100,
574.57,613,0,0,0,0,2025-04-22,2025-05-30,513.88,0,0,714922174,189462696,0,100,
570.5,614,0,0,0,0,2025-04-22,2025-05-30,513.88,0,0,714922174,189462696,0,100,
569.6,615,0,0,0,0,2025-04-22,2025-05-30,513.88,0,0,714922174,189462696,0,100,
499,616,0,0,0,0,2025-04-22,2025-05-30,513.88,0,0,714922174,189462696,0,100,
563.75,617,0,0,0,0,2025-04-22,2025-05-30,513.88,0,0,714922174,189462696,0,100,
563.76,618,0,0,0,0,2025-04-22,2025-05-30,513.88,0,0,714922174,189462696,0,100,
568.24,619,0,0,0,0,2025-04-22,2025-05-30,513.88,0,0,714922174,189462696,0,100,
525.49,620,0,0,0,0,2025-04-22,2025-05-30,513.88,0,0,714922174,189462696,0,100,
542.15,621,0,0,0,0,2025-04-22,2025-05-30,513.88,0,0,714922174,189462696,0,100,
599.58,622,0,0,0,0,2025-04-22,2025-05-30,513.88,0,0,714922174,189462696,0,100,
508.88,623,0,0,0,0,2025-04-22,2025-05-30,513.88,0,0,714922174,189462696,0,100,
567.64,624,0,0,0,0,2025-04-22,2025-05-30,513.88,0,0,714922174,189462696,0,100,
514.13,626,0,0,0,0,2025-04-22,2025-05-30,513.88,0,0,714922174,189462696,0,100,
627,627,0,0,0,0,2025-04-22,2025-05-30,513.88,0,0,714922174,189462696,0,100,
628,628,0,0,0,0,2025-04-22,2025-05-30,513.88,0,0,714922174,189462696,0,100,
629,629,0,0,0,0,2025-04-22,2025-05-30,513.88,0,0,714922174,189462696,0,100,
570.69,630,0,0,0,0,2025-04-22,2025-05-30,513.88,0,0,714922174,189462696,0,100,
540.72,631,0,0,0,0,2025-04-22,2025-05-30,513.88,0,0,714922174,189462696,0,100,
498.84,632,0,0,0,0,2025-04-22,2025-05-30,513.88,0,0,714922174,189462696,0,100,
633,633,0,0,0,0,2025-04-22,2025-05-30,513.88,0,0,714922174,189462696,0,100,
634,634,0,0,0,0,2025-04-22,2025-05-30,513.88,0,0,714922174,189462696,0,100,
570.62,635,0,0,0,0,2025-04-22,2025-05-30,513.88,0,0,714922174,189462696,0,100,
523.41,640,0,0,0,0,2025-04-22,2025-05-30,513.88,0,0,714922174,189462696,0,100,
501.16,645,0,0,0,0,2025-04-22,2025-05-30,513.88,0,0,714922174,189462696,0,100,
539.56,650,0,0,0,0,2025-04-22,2025-05-30,513.88,0,0,714922174,189462696,0,100,
501.17,655,0,0,0,0,2025-04-22,2025-05-30,513.88,0,0,714922174,189462696,0,100,
500.66,660,0,0,0,0,2025-04-22,2025-05-30,513.88,0,0,714922174,189462696,0,100,
665,665,0,0,0,0,2025-04-22,2025-05-30,513.88,0,0,714922174,189462696,0,100,
525.83,670,0,0,0,0,2025-04-22,2025-05-30,513.88,0,0,714922174,189462696,0,100,
525.84,675,0,0,0,0,2025-04-22,2025-05-30,513.88,0,0,714922174,189462696,0,100,
607.45,680,0,0,0,0,2025-04-22,2025-05-30,513.88,0,0,714922174,189462696,0,100,
685,685,0,0,0,0,2025-04-22,2025-05-30,513.88,0,0,714922174,189462696,0,100,
690,690,0,0,0,0,2025-04-22,2025-05-30,513.88,0,0,714922174,189462696,0,100,
593.54,695,0,0,0,0,2025-04-22,2025-05-30,513.88,0,0,714922174,189462696,0,100,
534.27,700,0,0,0,0,2025-04-22,2025-05-30,513.88,0,0,714922174,189462696,0,100,
705,705,0,0,0,0,2025-04-22,2025-05-30,513.88,0,0,714922174,189462696,0,100,
710,710,0,0,0,0,2025-04-22,2025-05-30,513.88,0,0,714922174,189462696,0,100,
521.53,715,0,0,0,0,2025-04-22,2025-05-30,513.88,0,0,714922174,189462696,0,100,
602,720,0,0,0,0,2025-04-22,2025-05-30,513.88,0,0,714922174,189462696,0,100,
531.7,630,0,0,0,0,2025-04-22,2025-06-20,513.88,0,0,2708121566,668417959,0,100,
524.34,635,0,0,0,0,2025-04-22,2025-06-20,513.88,0,0,2708121566,668417959,0,100,
525.47,645,0,0,0,0,2025-04-22,2025-06-20,513.88,0,0,2708121566,668417959,0,100,
540,650,0,0,0,0,2025-04-22,2025-06-20,513.88,0,0,2708121566,668417959,0,100,
512.41,655,0,0,0,0,2025-04-22,2025-06-20,513.88,0,0,2708121566,668417959,0,100,
574.7,660,0,0,0,0,2025-04-22,2025-06-20,513.88,0,0,2708121566,668417959,0,100,
574.68,665,0,0,0,0,2025-04-22,2025-06-20,513.88,0,0,2708121566,668417959,0,100,
598.01,670,0,0,0,0,2025-04-22,2025-06-20,513.88,0,0,2708121566,668417959,0,100,
593.4,675,0,0,0,0,2025-04-22,2025-06-20,513.88,0,0,2708121566,668417959,0,100,
564.32,680,0,0,0,0,2025-04-22,2025-06-20,513.88,0,0,2708121566,668417959,0,100,
501,685,0,0,0,0,2025-04-22,2025-06-20,513.88,0,0,2708121566,668417959,0,100,
577,690,0,0,0,0,2025-04-22,2025-06-20,513.88,0,0,2708121566,668417959,0,100,
503.51,695,0,0,0,0,2025-04-22,2025-06-20,513.88,0,0,2708121566,668417959,0,100,
510,700,0,0,0,0,2025-04-22,2025-06-20,513.88,0,0,2708121566,668417959,0,100,
564.85,705,0,0,0,0,2025-04-22,2025-06-20,513.88,0,0,2708121566,668417959,0,100,
506.98,710,0,0,0,0,2025-04-22,2025-06-20,513.88,0,0,2708121566,668417959,0,100,
715,715,0,0,0,0,2025-04-22,2025-06-20,513.88,0,0,2708121566,668417959,0,100,
527,720,0,0,0,0,2025-04-22,2025-06-20,513.88,0,0,2708121566,668417959,0,100,
725,725,0,0,0,0,2025-04-22,2025-06-20,513.88,0,0,2708121566,668417959,0,100,
730,730,0,0,0,0,2025-04-22,2025-06-20,513.88,0,0,2708121566,668417959,0,100,
735,735,0,0,0,0,2025-04-22,2025-06-20,513.88,0,0,2708121566,668417959,0,100,
505.32,740,0,0,0,0,2025-04-22,2025-06-20,513.88,0,0,2708121566,668417959,0,100,
745,745,0,0,0,0,2025-04-22,2025-06-20,513.88,0,0,2708121566,668417959,0,100,
604.99,750,0,0,0,0,2025-04-22,2025-06-20,513.88,0,0,2708121566,668417959,0,100,
604.97,755,0,0,0,0,2025-04-22,2025-06-20,513.88,0,0,2708121566,668417959,0,100,
760,760,0,0,0,0,2025-04-22,2025-06-20,513.88,0,0,2708121566,668417959,0,100,
497.76,765,0,0,0,0,2025-04-22,2025-06-20,513.88,0,0,2708121566,668417959,0,100,
770,770,0,0,0,0,2025-04-22,2025-06-20,513.88,0,0,2708121566,668417959,0,100,
537.22,775,0,0,0,0,2025-04-22,2025-06-20,513.88,0,0,2708121566,668417959,0,100,
537.22,780,0,0,0,0,2025-04-22,2025-06-20,513.88,0,0,2708121566,668417959,0,100,
785,785,0,0,0,0,2025-04-22,2025-06-20,513.88,0,0,2708121566,668417959,0,100,
790,790,0,0,0,0,2025-04-22,2025-06-20,513.88,0,0,2708121566,668417959,0,100,
795,795,0,0,0,0,2025-04-22,2025-06-20,513.88,0,0,2708121566,668417959,0,100,
574.7,800,0,0,0,0,2025-04-22,2025-06-20,513.88,0,0,2708121566,668417959,0,100,
805,805,0,0,0,0,2025-04-22,2025-06-20,513.88,0,0,2708121566,668417959,0,100,
810,810,0,0,0,0,2025-04-22,2025-06-20,513.88,0,0,2708121566,668417959,0,100,
815,815,0,0,0,0,2025-04-22,2025-06-20,513.88,0,0,2708121566,668417959,0,100,
537.22,820,0,0,0,0,2025-04-22,2025-06-20,513.88,0,0,2708121566,668417959,0,100,
500.76,825,0,0,0,0,2025-04-22,2025-06-20,513.88,0,0,2708121566,668417959,0,100,
535.22,830,0,0,0,0,2025-04-22,2025-06-20,513.88,0,0,2708121566,668417959,0,100,
526.44,655,0,0,0,0,2025-04-22,2025-07-18,513.88,0,0,970115399,237216107,0,100,
572.82,660,0,0,0,0,2025-04-22,2025-07-18,513.88,0,0,970115399,237216107,0,100,
609.47,665,0,0,0,0,2025-04-22,2025-07-18,513.88,0,0,970115399,237216107,0,100,
609.28,670,0,0,0,0,2025-04-22,2025-07-18,513.88,0,0,970115399,237216107,0,100,
675,675,0,0,0,0,2025-04-22,2025-07-18,513.88,0,0,970115399,237216107,0,100,
559.85,680,0,0,0,0,2025-04-22,2025-07-18,513.88,0,0,970115399,237216107,0,100,
685,685,0,0,0,0,2025-04-22,2025-07-18,513.88,0,0,970115399,237216107,0,100,
690,690,0,0,0,0,2025-04-22,2025-07-18,513.88,0,0,970115399,237216107,0,100,
695,695,0,0,0,0,2025-04-22,2025-07-18,513.88,0,0,970115399,237216107,0,100,
700,700,0,0,0,0,2025-04-22,2025-07-18,513.88,0,0,970115399,237216107,0,100,
705,705,0,0,0,0,2025-04-22,2025-07-18,513.88,0,0,970115399,237216107,0,100,
710,710,0,0,0,0,2025-04-22,2025-07-18,513.88,0,0,970115399,237216107,0,100,
715,715,0,0,0,0,2025-04-22,2025-07-18,513.88,0,0,970115399,237216107,0,100,
720,720,0,0,0,0,2025-04-22,2025-07-18,513.88,0,0,970115399,237216107,0,100,
725,725,0,0,0,0,2025-04-22,2025-07-18,513.88,0,0,970115399,237216107,0,100,
730,730,0,0,0,0,2025-04-22,2025-07-18,513.88,0,0,970115399,237216107,0,100,
735,735,0,0,0,0,2025-04-22,2025-07-18,513.88,0,0,970115399,237216107,0,100,
740,740,0,0,0,0,2025-04-22,2025-07-18,513.88,0,0,970115399,237216107,0,100,
745,745,0,0,0,0,2025-04-22,2025-07-18,513.88,0,0,970115399,237216107,0,100,
750,750,0,0,0,0,2025-04-22,2025-07-18,513.88,0,0,970115399,237216107,0,100,
755,755,0,0,0,0,2025-04-22,2025-07-18,513.88,0,0,970115399,237216107,0,100,
568.76,760,0,0,0,0,2025-04-22,2025-07-18,513.88,0,0,970115399,237216107,0,100,
765,765,0,0,0,0,2025-04-22,2025-07-18,513.88,0,0,970115399,237216107,0,100,
770,770,0,0,0,0,2025-04-22,2025-07-18,513.88,0,0,970115399,237216107,0,100,
775,775,0,0,0,0,2025-04-22,2025-07-18,513.88,0,0,970115399,237216107,0,100,
780,780,0,0,0,0,2025-04-22,2025-07-18,513.88,0,0,970115399,237216107,0,100,
785,785,0,0,0,0,2025-04-22,2025-07-18,513.88,0,0,970115399,237216107,0,100,
790,790,0,0,0,0,2025-04-22,2025-07-18,513.88,0,0,970115399,237216107,0,100,
795,795,0,0,0,0,2025-04-22,2025-07-18,513.88,0,0,970115399,237216107,0,100,
606.54,800,0,0,0,0,2025-04-22,2025-07-18,513.88,0,0,970115399,237216107,0,100,
523.92,650,0,0,0,0,2025-04-22,2025-08-15,513.88,0,0,780536560,155968339,0,100,
543,655,0,0,0,0,2025-04-22,2025-08-15,513.88,0,0,780536560,155968339,0,100,
538.17,660,0,0,0,0,2025-04-22,2025-08-15,513.88,0,0,780536560,155968339,0,100,
601.64,665,0,0,0,0,2025-04-22,2025-08-15,513.88,0,0,780536560,155968339,0,100,
526.16,675,0,0,0,0,2025-04-22,2025-08-15,513.88,0,0,780536560,155968339,0,100,
680,680,0,0,0,0,2025-04-22,2025-08-15,513.88,0,0,780536560,155968339,0,100,
685,685,0,0,0,0,2025-04-22,2025-08-15,513.88,0,0,780536560,155968339,0,100,
690,690,0,0,0,0,2025-04-22,2025-08-15,513.88,0,0,780536560,155968339,0,100,
695,695,0,0,0,0,2025-04-22,2025-08-15,513.88,0,0,780536560,155968339,0,100,
550.87,700,0,0,0,0,2025-04-22,2025-08-15,513.88,0,0,780536560,155968339,0,100,
705,705,0,0,0,0,2025-04-22,2025-08-15,513.88,0,0,780536560,155968339,0,100,
710,710,0,0,0,0,2025-04-22,2025-08-15,513.88,0,0,780536560,155968339,0,100,
715,715,0,0,0,0,2025-04-22,2025-08-15,513.88,0,0,780536560,155968339,0,100,
720,720,0,0,0,0,2025-04-22,2025-08-15,513.88,0,0,780536560,155968339,0,100,
725,725,0,0,0,0,2025-04-22,2025-08-15,513.88,0,0,780536560,155968339,0,100,
730,730,0,0,0,0,2025-04-22,2025-08-15,513.88,0,0,780536560,155968339,0,100,
586.99,735,0,0,0,0,2025-04-22,2025-08-15,513.88,0,0,780536560,155968339,0,100,
740,740,0,0,0,0,2025-04-22,2025-08-15,513.88,0,0,780536560,155968339,0,100,
745,745,0,0,0,0,2025-04-22,2025-08-15,513.88,0,0,780536560,155968339,0,100,
750,750,0,0,0,0,2025-04-22,2025-08-15,513.88,0,0,780536560,155968339,0,100,
755,755,0,0,0,0,2025-04-22,2025-08-15,513.88,0,0,780536560,155968339,0,100,
760,760,0,0,0,0,2025-04-22,2025-08-15,513.88,0,0,780536560,155968339,0,100,
765,765,0,0,0,0,2025-04-22,2025-08-15,513.88,0,0,780536560,155968339,0,100,
770,770,0,0,0,0,2025-04-22,2025-08-15,513.88,0,0,780536560,155968339,0,100,
775,775,0,0,0,0,2025-04-22,2025-08-15,513.88,0,0,780536560,155968339,0,100,
780,780,0,0,0,0,2025-04-22,2025-08-15,513.88,0,0,780536560,155968339,0,100,
785,785,0,0,0,0,2025-04-22,2025-08-15,513.88,0,0,780536560,155968339,0,100,
602.96,790,0,0,0,0,2025-04-22,2025-08-15,513.88,0,0,780536560,155968339,0,100,
604.5,795,0,0,0,0,2025-04-22,2025-08-15,513.88,0,0,780536560,155968339,0,100,
553.08,800,0,0,0,0,2025-04-22,2025-08-15,513.88,0,0,780536560,155968339,0,100,
805,805,0,0,0,0,2025-04-22,2025-08-15,513.88,0,0,780536560,155968339,0,100,
810,810,0,0,0,0,2025-04-22,2025-08-15,513.88,0,0,780536560,155968339,0,100,
815,815,0,0,0,0,2025-04-22,2025-08-15,513.88,0,0,780536560,155968339,0,100,
820,820,0,0,0,0,2025-04-22,2025-08-15,513.88,0,0,780536560,155968339,0,100,
825,825,0,0,0,0,2025-04-22,2025-08-15,513.88,0,0,780536560,155968339,0,100,
830,830,0,0,0,0,2025-04-22,2025-08-15,513.88,0,0,780536560,155968339,0,100,
515.74,655,0,0,0,0,2025-04-22,2025-09-19,513.88,0,0,2008366648,399422257,0,100,
527.25,665,0,0,0,0,2025-04-22,2025-09-19,513.88,0,0,2008366648,399422257,0,100,
514.22,675,0,0,0,0,2025-04-22,2025-09-19,513.88,0,0,2008366648,399422257,0,100,
680,680,0,0,0,0,2025-04-22,2025-09-19,513.88,0,0,2008366648,399422257,0,100,
685,685,0,0,0,0,2025-04-22,2025-09-19,513.88,0,0,2008366648,399422257,0,100,
603.98,690,0,0,0,0,2025-04-22,2025-09-19,513.88,0,0,2008366648,399422257,0,100,
695,695,0,0,0,0,2025-04-22,2025-09-19,513.88,0,0,2008366648,399422257,0,100,
608.28,700,0,0,0,0,2025-04-22,2025-09-19,513.88,0,0,2008366648,399422257,0,100,
705,705,0,0,0,0,2025-04-22,2025-09-19,513.88,0,0,2008366648,399422257,0,100,
710,710,0,0,0,0,2025-04-22,2025-09-19,513.88,0,0,2008366648,399422257,0,100,
715,715,0,0,0,0,2025-04-22,2025-09-19,513.88,0,0,2008366648,399422257,0,100,
720,720,0,0,0,0,2025-04-22,2025-09-19,513.88,0,0,2008366648,399422257,0,100,
553.12,725,0,0,0,0,2025-04-22,2025-09-19,513.88,0,0,2008366648,399422257,0,100,
553.1,730,0,0,0,0,2025-04-22,2025-09-19,513.88,0,0,2008366648,399422257,0,100,
611,735,0,0,0,0,2025-04-22,2025-09-19,513.88,0,0,2008366648,399422257,0,100,
740,740,0,0,0,0,2025-04-22,2025-09-19,513.88,0,0,2008366648,399422257,0,100,
745,745,0,0,0,0,2025-04-22,2025-09-19,513.88,0,0,2008366648,399422257,0,100,
750,750,0,0,0,0,2025-04-22,2025-09-19,513.88,0,0,2008366648,399422257,0,100,
755,755,0,0,0,0,2025-04-22,2025-09-19,513.88,0,0,2008366648,399422257,0,100,
760,760,0,0,0,0,2025-04-22,2025-09-19,513.88,0,0,2008366648,399422257,0,100,
765,765,0,0,0,0,2025-04-22,2025-09-19,513.88,0,0,2008366648,399422257,0,100,
770,770,0,0,0,0,2025-04-22,2025-09-19,513.88,0,0,2008366648,399422257,0,100,
775,775,0,0,0,0,2025-04-22,2025-09-19,513.88,0,0,2008366648,399422257,0,100,
780,780,0,0,0,0,2025-04-22,2025-09-19,513.88,0,0,2008366648,399422257,0,100,
785,785,0,0,0,0,2025-04-22,2025-09-19,513.88,0,0,2008366648,399422257,0,100,
790,790,0,0,0,0,2025-04-22,2025-09-19,513.88,0,0,2008366648,399422257,0,100,
795,795,0,0,0,0,2025-04-22,2025-09-19,513.88,0,0,2008366648,399422257,0,100,
597.26,800,0,0,0,0,2025-04-22,2025-09-19,513.88,0,0,2008366648,399422257,0,100,
805,805,0,0,0,0,2025-04-22,2025-09-19,513.88,0,0,2008366648,399422257,0,100,
810,810,0,0,0,0,2025-04-22,2025-09-19,513.88,0,0,2008366648,399422257,0,100,
815,815,0,0,0,0,2025-04-22,2025-09-19,513.88,0,0,2008366648,399422257,0,100,
820,820,0,0,0,0,2025-04-22,2025-09-19,513.88,0,0,2008366648,399422257,0,100,
825,825,0,0,0,0,2025-04-22,2025-09-19,513.88,0,0,2008366648,399422257,0,100,
570.97,830,0,0,0,0,2025-04-22,2025-09-19,513.88,0,0,2008366648,399422257,0,100,
561.11,655,0,0,0,0,2025-04-22,2025-12-19,513.88,0,0,1219948452,202053272,0,100,
510.13,660,0,0,0,0,2025-04-22,2025-12-19,513.88,0,0,1219948452,202053272,0,100,
565.77,665,0,0,0,0,2025-04-22,2025-12-19,513.88,0,0,1219948452,202053272,0,100,
502.51,670,0,0,0,0,2025-04-22,2025-12-19,513.88,0,0,1219948452,202053272,0,100,
605,675,0,0,0,0,2025-04-22,2025-12-19,513.88,0,0,1219948452,202053272,0,100,
603.25,680,0,0,0,0,2025-04-22,2025-12-19,513.88,0,0,1219948452,202053272,0,100,
587.15,685,0,0,0,0,2025-04-22,2025-12-19,513.88,0,0,1219948452,202053272,0,100,
609.11,690,0,0,0,0,2025-04-22,2025-12-19,513.88,0,0,1219948452,202053272,0,100,
591.04,695,0,0,0,0,2025-04-22,2025-12-19,513.88,0,0,1219948452,202053272,0,100,
518.75,700,0,0,0,0,2025-04-22,2025-12-19,513.88,0,0,1219948452,202053272,0,100,
537.36,705,0,0,0,0,2025-04-22,2025-12-19,513.88,0,0,1219948452,202053272,0,100,
601.65,710,0,0,0,0,2025-04-22,2025-12-19,513.88,0,0,1219948452,202053272,0,100,
715,715,0,0,0,0,2025-04-22,2025-12-19,513.88,0,0,1219948452,202053272,0,100,
720,720,0,0,0,0,2025-04-22,2025-12-19,513.88,0,0,1219948452,202053272,0,100,
557,725,0,0,0,0,2025-04-22,2025-12-19,513.88,0,0,1219948452,202053272,0,100,
730,730,0,0,0,0,2025-04-22,2025-12-19,513.88,0,0,1219948452,202053272,0,100,
735,735,0,0,0,0,2025-04-22,2025-12-19,513.88,0,0,1219948452,202053272,0,100,
557.52,740,0,0,0,0,2025-04-22,2025-12-19,513.88,0,0,1219948452,202053272,0,100,
745,745,0,0,0,0,2025-04-22,2025-12-19,513.88,0,0,1219948452,202053272,0,100,
568,750,0,0,0,0,2025-04-22,2025-12-19,513.88,0,0,1219948452,202053272,0,100,
755,755,0,0,0,0,2025-04-22,2025-12-19,513.88,0,0,1219948452,202053272,0,100,
760,760,0,0,0,0,2025-04-22,2025-12-19,513.88,0,0,1219948452,202053272,0,100,
556.84,765,0,0,0,0,2025-04-22,2025-12-19,513.88,0,0,1219948452,202053272,0,100,
770,770,0,0,0,0,2025-04-22,2025-12-19,513.88,0,0,1219948452,202053272,0,100,
775,775,0,0,0,0,2025-04-22,2025-12-19,513.88,0,0,1219948452,202053272,0,100,
602,780,0,0,0,0,2025-04-22,2025-12-19,513.88,0,0,1219948452,202053272,0,100,
785,785,0,0,0,0,2025-04-22,2025-12-19,513.88,0,0,1219948452,202053272,0,100,
790,790,0,0,0,0,2025-04-22,2025-12-19,513.88,0,0,1219948452,202053272,0,100,
795,795,0,0,0,0,2025-04-22,2025-12-19,513.88,0,0,1219948452,202053272,0,100,
605.59,800,0,0,0,0,2025-04-22,2025-12-19,513.88,0,0,1219948452,202053272,0,100,
805,805,0,0,0,0,2025-04-22,2025-12-19,513.88,0,0,1219948452,202053272,0,100,
810,810,0,0,0,0,2025-04-22,2025-12-19,513.88,0,0,1219948452,202053272,0,100,
815,815,0,0,0,0,2025-04-22,2025-12-19,513.88,0,0,1219948452,202053272,0,100,
820,820,0,0,0,0,2025-04-22,2025-12-19,513.88,0,0,1219948452,202053272,0,100,
516.96,825,0,0,0,0,2025-04-22,2025-12-19,513.88,0,0,1219948452,202053272,0,100,
830,830,0,0,0,0,2025-04-22,2025-12-19,513.88,0,0,1219948452,202053272,0,100,
835,835,0,0,0,0,2025-04-22,2025-12-19,513.88,0,0,1219948452,202053272,0,100,
567.7,840,0,0,0,0,2025-04-22,2025-12-19,513.88,0,0,1219948452,202053272,0,100,
