Watch,strike,open_interest.yt,open_interest.td,OI_Dollar.yt,OI_Dollar.td,Date.td,expiry,stkClose,diff_oi,diff_oi_d,totalOI,totalOIdiff,OI_pct,cum_sep_OI,pct
633.02,650,43684,43935,42329796,74601630,2025-10-13,2025-12-19,653.02,251,32271834,701482881,312345801,10.6348468395482,10.6348468395482,0.432588858983376
648.23,670,29615,29836,32191505,64952972,2025-10-13,2025-11-21,653.02,221,32761467,843514497,487080926,7.70027927569809,7.70027927569809,0.504387497465089
637.1,650,49978,49261,29786888,63546690,2025-10-13,2025-11-21,653.02,-717,33759802,843514497,487080926,7.53356228328107,15.2338415589792,0.531259802831587
639.15,660,30017,29843,35780264,62222655,2025-10-13,2025-12-19,653.02,-174,26442391,701482881,312345801,8.8701601543431,19.5050069938913,0.424964042437598
621.95,630,60853,75866,21420256,61072130,2025-10-13,2025-11-21,653.02,15013,39651874,843514497,487080926,7.24019921616119,22.4740407751403,0.649262994429702
653.06,670,34464,33216,13337568,56267904,2025-10-13,2025-10-17,653.02,-1248,42930336,520620291,402762213,10.8078584282455,10.8078584282455,0.762963127256349
609.85,620,49730,50568,27152580,51326520,2025-10-13,2025-12-19,653.02,838,24173940,701482881,312345801,7.31685995342201,26.8218669473133,0.470983421435936
629.85,640,50276,48559,22976132,49287385,2025-10-13,2025-11-21,653.02,-1717,26311253,843514497,487080926,5.84309874641076,28.3171395215511,0.533833413965866
614.13,625,40417,40285,23886447,43789795,2025-10-13,2025-12-19,653.02,-132,19903348,701482881,312345801,6.24246096178076,33.064327909094,0.454520236963886
643.17,660,28752,25658,22972848,43182414,2025-10-13,2025-11-21,653.02,-3094,20209566,843514497,487080926,5.1193446174998,33.4364841390509,0.46800454462782
625.84,640,30997,30429,24673612,43087464,2025-10-13,2025-12-19,653.02,-568,18413852,701482881,312345801,6.14234005804626,39.2066679671403,0.427359846474139
652.21,665,45870,30403,11742720,38885437,2025-10-13,2025-10-17,653.02,-15467,27142717,520620291,402762213,7.46905905747727,18.2769174857228,0.698017538031011
601.58,610,46063,45149,20590161,38015458,2025-10-13,2025-12-19,653.02,-914,17425297,701482881,312345801,5.41929946256237,44.6259674297027,0.458373985656046
644.83,650,61558,69783,5478662,36077811,2025-10-13,2025-10-17,653.02,8225,30599149,520620291,402762213,6.92977427573986,25.2066917614627,0.848143170327047
648.4,680,11058,10966,20910678,34652560,2025-10-13,2025-12-19,653.02,-92,13741882,701482881,312345801,4.93990102090603,49.5658684506087,0.396561812460609
647.01,660,30507,26330,14582346,34202670,2025-10-13,2025-10-31,653.02,-4177,19620324,386880465,248420262,8.84062988292779,8.84062988292779,0.573648899340315
633.41,645,24396,27496,12637128,31867864,2025-10-13,2025-11-21,653.02,3100,19230736,843514497,487080926,3.77798652107813,37.214470660129,0.603452305432206
617.73,625,21286,43694,6534802,31765538,2025-10-13,2025-11-21,653.02,22408,25230736,843514497,487080926,3.76585560923679,40.9803262693658,0.794280140950234
613.59,620,27361,48663,7469553,31192983,2025-10-13,2025-11-21,653.02,21302,23723430,843514497,487080926,3.69797829331201,44.6783045626778,0.760537393938887
640.7,650,33206,33000,10393478,30690000,2025-10-13,2025-10-31,653.02,-206,20296522,386880465,248420262,7.93268277321782,16.7733126561456,0.661339915281851
650.59,660,49701,32143,8697675,30246563,2025-10-13,2025-10-17,653.02,-17558,21548888,520620291,402762213,5.80971650987764,31.0164082713403,0.712440881299472
617.93,630,25325,24798,16486575,29931186,2025-10-13,2025-12-19,653.02,-527,13444611,701482881,312345801,4.26684482411482,53.8327132747235,0.449184038347161
592.89,600,42054,41943,15854358,29821473,2025-10-13,2025-12-19,653.02,-111,13967115,701482881,312345801,4.25120467052424,58.0839179452478,0.468357649536628
567.16,570,101519,101555,12892913,28841620,2025-10-13,2025-11-28,653.02,36,15948707,270802865,175543235,10.6504116933918,10.6504116933918,0.552975422323711
625.93,635,31623,31578,12585954,28641246,2025-10-13,2025-11-21,653.02,-45,16055292,843514497,487080926,3.39546576874067,48.0737703314185,0.560565416741995
629.36,645,15926,18194,13855620,28455416,2025-10-13,2025-12-19,653.02,2268,14599796,701482881,312345801,4.0564662047683,62.1403841500161,0.513076175024115
604.85,610,49835,51923,10814195,26740345,2025-10-13,2025-11-21,653.02,2088,15926150,843514497,487080926,3.17011089852081,51.2438812299393,0.595585060701349
644.75,670,10948,10563,16487688,26671575,2025-10-13,2025-12-19,653.02,-385,10183887,701482881,312345801,3.80217047663063,65.9425546266467,0.381825482747082
518.73,520,201728,201392,12910592,25576784,2025-10-13,2025-11-28,653.02,-336,12666192,270802865,175543235,9.44479815603133,20.0952098494231,0.495222229659523
562.87,565,119094,118945,11313930,25335285,2025-10-13,2025-11-21,653.02,-149,14021355,843514497,487080926,3.00353877616878,54.2474200061081,0.553431903371128
595.85,600,51986,57828,9149536,23998620,2025-10-13,2025-11-21,653.02,5842,14849084,843514497,487080926,2.84507499104666,57.0924949971548,0.618747411309484
628.05,638,27514,23981,11831020,23861095,2025-10-13,2025-11-21,653.02,-3533,12030075,843514497,487080926,2.82877118115493,59.9212661783097,0.504171120394936
577.68,580,100394,100418,10039400,23296976,2025-10-13,2025-11-14,653.02,24,13257576,75368075,44388034,30.9109341057205,30.9109341057205,0.569068534903414
648.01,655,35606,33062,4343932,23110338,2025-10-13,2025-10-17,653.02,-2544,18766406,520620291,402762213,4.43900063049982,35.4554089018401,0.812035116059315
636.12,655,11662,11910,12478340,22486080,2025-10-13,2025-12-19,653.02,248,10007740,701482881,312345801,3.205506593111,69.1480612197577,0.445063790576214
640.47,655,14590,14984,9994150,21771752,2025-10-13,2025-11-21,653.02,394,11777602,843514497,487080926,2.58107620881826,62.5023423871279,0.540957934850627
636.3,650,2736,15372,1819440,21059640,2025-10-13,2025-11-28,653.02,12636,19240200,270802865,175543235,7.77674194842806,27.8719517978512,0.913605360775398
649.45,665,13413,12816,8007561,19928880,2025-10-13,2025-10-31,653.02,-597,11921319,386880465,248420262,5.15117246873657,21.9244851248822,0.598193124751617
646.1,665,10278,10509,9568818,19862010,2025-10-13,2025-11-21,653.02,231,10293192,843514497,487080926,2.35467322383198,64.8570156109599,0.518235163510642
637.15,640,57818,69427,3006536,19786695,2025-10-13,2025-10-17,653.02,11609,16780159,520620291,402762213,3.80060004230607,39.2560089441462,0.848052643455615
529.03,530,200589,200604,9628272,19458588,2025-10-13,2025-11-14,653.02,15,9830316,75368075,44388034,25.8180774817454,56.7290115874659,0.505191640832315
578.23,580,105376,105303,7165568,18638631,2025-10-13,2025-11-07,653.02,-73,11473063,105052481,67146703,17.7422092487278,17.7422092487278,0.615552880466382
514.1,515,204950,204877,9837600,18438930,2025-10-13,2025-11-21,653.02,-73,8601330,843514497,487080926,2.18596480150358,67.0429804124635,0.466476633947848
633.34,640,24751,26742,5197710,17810172,2025-10-13,2025-10-31,653.02,1991,12612462,386880465,248420262,4.60353354879265,26.5280186736748,0.708160594967865
652.25,670,2438,10030,1336024,17803250,2025-10-13,2025-10-24,653.02,7592,16467226,132128798,101392771,13.4741632933042,13.4741632933042,0.924956173732324
652.33,667,11748,11887,3559644,17438229,2025-10-13,2025-10-17,653.02,139,13878585,520620291,402762213,3.34951005588063,42.6055190000268,0.795871243576398
641.2,645,49812,45855,3387216,17424900,2025-10-13,2025-10-17,653.02,-3957,14037684,520620291,402762213,3.34694984064691,45.9524688406738,0.805610591739407
650.9,662,16993,15509,3381607,17214990,2025-10-13,2025-10-17,653.02,-1484,13833383,520620291,402762213,3.30663062842474,49.2590994690985,0.803566136256832
548.39,550,106309,106387,8185793,17128307,2025-10-13,2025-11-21,653.02,78,8942514,843514497,487080926,2.03058833735729,69.0735687498208,0.522089778049868
628.43,630,108672,108725,4020864,17069825,2025-10-13,2025-10-17,653.02,53,13048961,520620291,402762213,3.27874754309182,52.5378470121903,0.764446091275101
499.24,500,223811,223973,8952440,17021948,2025-10-13,2025-11-21,653.02,162,8069508,843514497,487080926,2.01797930688084,71.0915480567016,0.474064895510197
574.91,580,31690,33030,8524610,16812270,2025-10-13,2025-12-19,653.02,1340,8287660,701482881,312345801,2.39667573584023,71.5447369555979,0.492953063447113
605.76,615,17531,18163,8642783,16782612,2025-10-13,2025-12-19,653.02,632,8139829,701482881,312345801,2.39244783508837,73.9371847906863,0.485015622121277
650.65,667,10534,10157,4845640,16606695,2025-10-13,2025-10-24,653.02,-377,11761055,132128798,101392771,12.5685658625306,26.0427291558348,0.708211658009014
654,675,5798,7896,3565770,16581600,2025-10-13,2025-10-17,653.02,2098,13015830,520620291,402762213,3.1849699841991,55.7228169963894,0.784956216529165
648.07,671,3619,6517,4064137,14943481,2025-10-13,2025-11-21,653.02,2898,10879344,843514497,487080926,1.77157370183289,72.8631217585345,0.728032778975662
620.82,625,35402,35245,4425250,14732410,2025-10-13,2025-10-31,653.02,-157,10307160,386880465,248420262,3.80800048924672,30.3360191629216,0.699624840742282
529.32,530,210536,210551,7368760,14317468,2025-10-13,2025-11-07,653.02,15,6948708,105052481,67146703,13.6288718397807,31.3710810885085,0.485330786141796
570.21,575,29555,29587,7329640,14172173,2025-10-13,2025-12-19,653.02,32,6842533,701482881,312345801,2.020316301917,75.9575010926033,0.482814667870622
641.87,665,6008,5772,8050720,13350636,2025-10-13,2025-12-19,653.02,-236,5299916,701482881,312345801,1.90320196851675,77.86070306112,0.396978540947412
629.02,640,11208,11241,5794536,12342618,2025-10-13,2025-11-28,653.02,33,6548082,270802865,175543235,4.55778708249634,32.4297388803475,0.530526181722549
604.07,610,20105,20340,5166985,12061620,2025-10-13,2025-11-28,653.02,235,6894635,270802865,175543235,4.4540223014258,36.8837611817733,0.571617659982656
649.69,658,15563,14433,2303324,11993823,2025-10-13,2025-10-17,653.02,-1130,9690499,520620291,402762213,2.30375634744517,58.0265733438346,0.807957479445878
546.77,550,37098,36903,6455052,11919669,2025-10-13,2025-12-19,653.02,-195,5464617,701482881,312345801,1.69921024772663,79.5599133088467,0.458453754043002
651.12,670,6547,6232,4942985,11766016,2025-10-13,2025-10-31,653.02,-315,6823031,386880465,248420262,3.04125358203341,33.377272744955,0.579893058109049
629.28,635,21040,19682,3766160,11258104,2025-10-13,2025-10-31,653.02,-1358,7491944,386880465,248420262,2.90996962071993,36.2872423656749,0.665471201900427
625.15,634,11396,12697,4444440,11236845,2025-10-13,2025-11-21,653.02,1301,6792405,843514497,487080926,1.33214604372117,74.1952678022557,0.604476167465156
625.14,630,18828,22859,2805372,11109474,2025-10-13,2025-10-31,653.02,4031,8304102,386880465,248420262,2.87155206970711,39.158794435382,0.747479313602066
637.15,645,13442,14099,3468036,11067715,2025-10-13,2025-10-31,653.02,657,7599679,386880465,248420262,2.86075829649347,42.0195527318755,0.686652936039643
631.72,640,3081,12922,887328,10699416,2025-10-13,2025-11-07,653.02,9841,9812088,105052481,67146703,10.184829428255,41.5559105167635,0.917067623130085
609.25,615,19518,18496,4703838,10635200,2025-10-13,2025-11-21,653.02,-1022,5931362,843514497,487080926,1.26082006151935,75.456087863775,0.557710433278171
621.87,635,7600,7646,5456800,10039198,2025-10-13,2025-12-19,653.02,46,4582398,701482881,312345801,1.43113941507576,80.9910527239224,0.456450604918839
517.89,520,47847,47399,6172263,10001189,2025-10-13,2025-12-19,653.02,-448,3828926,701482881,312345801,1.42572103623438,82.4167737601568,0.38284707948225
655.5,690,1239,2884,2642787,9949800,2025-10-13,2025-11-21,653.02,1645,7307013,843514497,487080926,1.17956478938856,76.6356526531636,0.734387927395526
626.4,636,10156,10234,4174116,9824640,2025-10-13,2025-11-21,653.02,78,5650524,843514497,487080926,1.16472687012989,77.8003795232935,0.575138020324409
631.17,638,14351,14046,2841498,9593418,2025-10-13,2025-10-31,653.02,-305,6751920,386880465,248420262,2.47968529504326,44.4992380269187,0.703807548050132
653.5,671,4684,5426,1990700,9495500,2025-10-13,2025-10-17,653.02,742,7504800,520620291,402762213,1.82388204304546,59.85045538688,0.790353325259333
643.37,648,21477,20107,1696683,9309541,2025-10-13,2025-10-17,653.02,-1370,7612858,520620291,402762213,1.78816330460697,61.638618691487,0.817747942675154
651.31,674,518,4023,714322,9128187,2025-10-13,2025-11-28,653.02,3505,8413865,270802865,175543235,3.37078671601203,40.2545478977854,0.921745468185522
649.5,675,2963,3534,3789677,9011700,2025-10-13,2025-11-21,653.02,571,5222023,843514497,487080926,1.06835152591337,78.8687310492069,0.579471464873442
647.25,659,6839,7666,2010666,9007550,2025-10-13,2025-10-24,653.02,827,6996884,132128798,101392771,6.81724963546554,32.8599787913003,0.776779923508612
623.77,625,75595,72788,2343445,8952924,2025-10-13,2025-10-17,653.02,-2807,6609479,520620291,402762213,1.71966482189992,63.3582835133869,0.738248085206576
559.22,560,114453,114538,3662496,8933964,2025-10-13,2025-10-31,653.02,85,5271468,386880465,248420262,2.3092310954496,46.8084691223683,0.590048045861837
655.8,690,1416,2559,2803680,8751780,2025-10-13,2025-10-31,653.02,1143,5948100,386880465,248420262,2.26214058132917,49.0706097036975,0.679644598013204
583.92,590,14349,14261,4562982,8670688,2025-10-13,2025-12-19,653.02,-88,4107706,701482881,312345801,1.23605126152751,83.6528250216843,0.473746258659059
565.73,570,19397,19443,4461310,8302161,2025-10-13,2025-12-19,653.02,46,3840851,701482881,312345801,1.18351583835729,84.8363408600416,0.462632680816476
632.87,635,37099,38558,1632356,8212854,2025-10-13,2025-10-17,653.02,1459,6580498,520620291,402762213,1.57751323603328,64.9357967494202,0.801243757651116
653.1,673,3088,4113,1565616,8184870,2025-10-13,2025-10-17,653.02,1025,6619254,520620291,402762213,1.5721381093846,66.5079348588048,0.808718281414366
607.32,610,29895,30010,2481285,8042680,2025-10-13,2025-10-31,653.02,115,5561395,386880465,248420262,2.07885399434681,51.1494636980443,0.691485300919594
600.37,605,17114,17331,3388572,8024253,2025-10-13,2025-11-21,653.02,217,4635681,843514497,487080926,0.951288096237663,79.8200191454445,0.577708728775127
648,670,1008,3642,1191456,8012400,2025-10-13,2025-11-28,653.02,2634,6820944,270802865,175543235,2.95875747104817,43.2133053688335,0.851298487344616
537.25,540,28430,28823,4378220,7926325,2025-10-13,2025-12-19,653.02,393,3548105,701482881,312345801,1.12993847956783,85.9662793396094,0.44763556881657
590.54,595,17610,17709,3363510,7898214,2025-10-13,2025-11-28,653.02,99,4534704,270802865,175543235,2.91659174285324,46.1298971116868,0.574142964472728
646.17,652,12952,13441,1321104,7836103,2025-10-13,2025-10-17,653.02,489,6514999,520620291,402762213,1.50514744343685,68.0130823022417,0.831408035346141
644,655,5826,7110,2243010,7821000,2025-10-13,2025-10-31,653.02,1284,5577990,386880465,248420262,2.02155464220712,53.1710183402514,0.713206751054852
642.71,647,14573,18206,1078402,7810374,2025-10-13,2025-10-17,653.02,3633,6731972,520620291,402762213,1.50020545395915,69.5132877562008,0.861926970462618
636.47,651,295,5366,201190,7796798,2025-10-13,2025-11-28,653.02,5071,7595608,270802865,175543235,2.87914162207996,49.0090387337667,0.974195817308593
648.82,672,3620,3358,4278840,7783844,2025-10-13,2025-11-21,653.02,-262,3505004,843514497,487080926,0.922787222707329,80.7428063681519,0.450292169267524
650.94,680,2619,2627,3957309,7634062,2025-10-13,2025-11-21,653.02,8,3676753,843514497,487080926,0.905030325756215,81.6478366939081,0.481624723508926
649.46,674,1170,3028,1462500,7430712,2025-10-13,2025-11-21,653.02,1858,5968212,843514497,487080926,0.880922856267164,82.5287595501752,0.80318171394612
577.22,580,23543,26710,2848703,7425380,2025-10-13,2025-11-21,653.02,3167,4576677,843514497,487080926,0.880290739093249,83.4090502892685,0.616355930605572
625.16,635,7577,7501,3447535,7380984,2025-10-13,2025-11-28,653.02,-76,3933449,270802865,175543235,2.7255930250221,51.7346317587888,0.532916613828183
586.61,590,19977,21377,2896665,7246803,2025-10-13,2025-11-21,653.02,1400,4350138,843514497,487080926,0.859120148589456,84.2681704378579,0.60028373891218
653.12,668,5363,4719,1753701,7021872,2025-10-13,2025-10-17,653.02,-644,5268171,520620291,402762213,1.34875111888407,70.8620388750849,0.750251642297097
650.25,668,4107,3939,2784546,6991725,2025-10-13,2025-10-31,653.02,-168,4207179,386880465,248420262,1.80720548916834,54.9782238294198,0.601736910419103
498.36,500,43023,42013,4130208,6890132,2025-10-13,2025-12-19,653.02,-1010,2759924,701482881,312345801,0.982223827070129,86.9485031666796,0.400561847000899
602.67,605,27580,28711,2068500,6689663,2025-10-13,2025-10-31,653.02,1131,4621163,386880465,248420262,1.7291291768893,56.7073530063091,0.690791598919109
591.09,595,17002,17036,2686316,6661076,2025-10-13,2025-11-21,653.02,34,3974760,843514497,487080926,0.789681270883955,85.0578517087419,0.596714404699781
556.14,560,16682,17171,3336400,6628006,2025-10-13,2025-12-19,653.02,489,3291606,701482881,312345801,0.944856414821048,87.8933595815006,0.496620853994399
646.16,666,3336,3314,3192552,6574976,2025-10-13,2025-11-21,653.02,-22,3382424,843514497,487080926,0.779473977434202,85.8373256861761,0.514438988066268
653.2,672,3491,3490,1623315,6561200,2025-10-13,2025-10-17,653.02,-1,4937885,520620291,402762213,1.26026590077719,72.1223047758621,0.752588703285984
638.94,654,185,4355,136715,6558630,2025-10-13,2025-11-28,653.02,4170,6421915,270802865,175543235,2.42192046232598,54.1565522211148,0.979154945468795
595.3,600,14865,13842,3151380,6505740,2025-10-13,2025-11-28,653.02,-1023,3354360,270802865,175543235,2.402389649755,56.5589418708698,0.51560007009195
469.38,470,101899,102115,3362667,6331130,2025-10-13,2025-11-28,653.02,216,2968463,270802865,175543235,2.337911011392,58.8968528822618,0.468867800850717
588.42,595,8874,9522,3043782,6265476,2025-10-13,2025-12-19,653.02,648,3221694,701482881,312345801,0.893175894908261,88.7865354764089,0.514197803965732
509.69,510,201729,201653,3025935,6251243,2025-10-13,2025-10-31,653.02,-76,3225308,386880465,248420262,1.61580735279565,58.3231603591047,0.515946668526564
619.04,620,64966,64148,1689116,6158208,2025-10-13,2025-10-17,653.02,-818,4469092,520620291,402762213,1.18285977447621,73.3051645503383,0.725713064579826
650.46,676,231,2391,309309,6106614,2025-10-13,2025-11-21,653.02,2160,5797305,843514497,487080926,0.72394890920292,86.561274595379,0.949348526040781
648.75,660,5719,5390,1732857,6063750,2025-10-13,2025-10-24,653.02,-329,4330893,132128798,101392771,4.58927205256193,37.4492508438622,0.71422683982684
652.65,666,4817,4398,1343943,5871330,2025-10-13,2025-10-17,653.02,-419,4527387,520620291,402762213,1.12775665902734,74.4329212093656,0.771100755706118
651.62,663,5679,5015,1220985,5707070,2025-10-13,2025-10-17,653.02,-664,4486085,520620291,402762213,1.09620583343725,75.5291270428029,0.786057469069067
616.44,620,16504,15909,1798936,5663604,2025-10-13,2025-10-31,653.02,-595,3864668,386880465,248420262,1.46391573428242,59.7870760933872,0.68236903568823
579.26,585,9914,9783,2884974,5615442,2025-10-13,2025-12-19,653.02,-131,2730468,701482881,312345801,0.800510198052859,89.5870456744617,0.486242757026072
623.1,632,5833,6292,2152377,5599880,2025-10-13,2025-11-21,653.02,459,3447503,843514497,487080926,0.663874778669038,87.2251493740481,0.615638727972742
615.46,620,1443,12246,229437,5559684,2025-10-13,2025-11-07,653.02,10803,5330247,105052481,67146703,5.29229195453271,46.8482024712962,0.958732007070905
656.2,685,1631,1918,2735187,5523840,2025-10-13,2025-10-31,653.02,287,2788653,386880465,248420262,1.42778984718187,61.214865940569,0.504839568126521
645.6,660,4138,3806,2429006,5480640,2025-10-13,2025-11-07,653.02,-332,3051634,105052481,67146703,5.21704956211363,52.0652520334099,0.55680249022012
538.51,540,36616,36659,3258824,5462191,2025-10-13,2025-11-28,653.02,43,2203367,270802865,175543235,2.01703589805078,60.9138887803126,0.403385198357216
652.07,664,4696,4564,1084776,5444852,2025-10-13,2025-10-17,653.02,-132,4360076,520620291,402762213,1.04583937547682,76.5749664182797,0.800770342334374
642.79,650,6993,7480,1237761,5393080,2025-10-13,2025-10-24,653.02,487,4155319,132128798,101392771,4.08168399443095,41.5309348382932,0.770490888323555
597.17,605,6675,6793,2743425,5318919,2025-10-13,2025-12-19,653.02,118,2575494,701482881,312345801,0.758239316177981,90.3452849906397,0.484213803594302
651.28,672,2300,2506,1886000,5192432,2025-10-13,2025-10-31,653.02,206,3306432,386880465,248420262,1.34212824625301,62.556994186822,0.636779066148579
464.49,465,101783,101667,2849924,5185017,2025-10-13,2025-11-21,653.02,-116,2335093,843514497,487080926,0.614692102914741,87.8398414769628,0.450353971838472
653.25,669,3888,3249,1372464,5117175,2025-10-13,2025-10-17,653.02,-639,3744711,520620291,402762213,0.982899646529528,77.5578660648092,0.731792639493471
551.45,555,14437,14392,2670845,5109160,2025-10-13,2025-12-19,653.02,-45,2438315,701482881,312345801,0.728337089668764,91.0736220803085,0.47724381307299
649.12,657,3962,6381,546756,5028228,2025-10-13,2025-10-17,653.02,2419,4481472,520620291,402762213,0.965814834135998,78.5236808989452,0.891262687372172
479.76,480,208408,208497,2084080,5003928,2025-10-13,2025-10-31,653.02,89,2919848,386880465,248420262,1.29340415262373,63.8503983394458,0.583511193606303
650.41,685,1071,1408,2296224,4870272,2025-10-13,2025-12-19,653.02,337,2574048,701482881,312345801,0.694282374084051,91.7679044543925,0.528522431601356
631.87,636,8204,11779,787584,4864727,2025-10-13,2025-10-24,653.02,3575,4077143,132128798,101392771,3.68180674738296,45.2127415856761,0.838103145356358
649.55,669,766,2499,863282,4860555,2025-10-13,2025-11-28,653.02,1733,3997273,270802865,175543235,1.79486838147004,62.7087571617826,0.822390241443621
643.84,662,2290,2647,1937340,4806952,2025-10-13,2025-11-21,653.02,357,2869612,843514497,487080926,0.569871889232035,88.4097133661948,0.596971220016343
649.96,661,4377,4354,831630,4806816,2025-10-13,2025-10-17,653.02,-23,3975186,520620291,402762213,0.923286334223958,79.4469672331692,0.826989425016477
651.91,675,1867,2072,1760581,4784248,2025-10-13,2025-10-31,653.02,205,3023667,386880465,248420262,1.23662175602482,65.0870200954706,0.632004653604913
648.79,675,458,1817,623796,4762357,2025-10-13,2025-11-28,653.02,1359,4138561,270802865,175543235,1.75860657899613,64.4673637407787,0.869015279618895
653.15,674,1034,2256,598686,4703760,2025-10-13,2025-10-17,653.02,1222,4105074,520620291,402762213,0.903491485313622,80.3504587184828,0.872721822541966
646.8,675,1599,1664,2692716,4692480,2025-10-13,2025-12-19,653.02,65,1999764,701482881,312345801,0.668937208176859,92.4368416625694,0.426163563829787
637.71,652,944,3269,595664,4671401,2025-10-13,2025-11-21,653.02,2325,4075737,843514497,487080926,0.553802100214527,88.9635154664093,0.872487076146963
479.54,480,100267,100416,2205874,4619136,2025-10-13,2025-11-14,653.02,149,2413262,75368075,44388034,6.12877003956914,62.8577816270351,0.522448786959293
628.06,634,6915,7627,1210125,4530438,2025-10-13,2025-10-31,653.02,712,3320313,386880465,248420262,1.17101751312256,66.2580376085931,0.732890064934119
527.61,530,19104,18930,2598144,4524270,2025-10-13,2025-12-19,653.02,-174,1926126,701482881,312345801,0.644958005753529,93.0817996683229,0.425731886028022
529.56,530,102886,102640,2263492,4516160,2025-10-13,2025-10-31,653.02,-246,2252668,386880465,248420262,1.16732696751696,67.4253645761101,0.498801636788776
648.34,673,403,1797,534781,4431402,2025-10-13,2025-11-28,653.02,1394,3896621,270802865,175543235,1.63639406104511,66.1037578018239,0.879320133898933
648.29,663,2984,3008,1620312,4424768,2025-10-13,2025-10-31,653.02,24,2804456,386880465,248420262,1.14370416712563,68.5690687432357,0.633808597422509
449.58,450,105184,105143,2208864,4416006,2025-10-13,2025-11-21,653.02,-41,2207142,843514497,487080926,0.523524612286539,89.4870400786959,0.499805027438821
643.49,661,1205,2490,1033890,4359990,2025-10-13,2025-11-21,653.02,1285,3326100,843514497,487080926,0.516883825412191,90.0039239041081,0.762868722175968
642.72,660,1577,2522,1379875,4358016,2025-10-13,2025-11-28,653.02,945,2978141,270802865,175543235,1.60929464317152,67.7130524449954,0.683370827459101
634.67,637,18555,18393,853530,4285569,2025-10-13,2025-10-17,653.02,-162,3432039,520620291,402762213,0.823165956856645,81.1736246753394,0.800836248348819
561.02,565,10432,10658,2222016,4241884,2025-10-13,2025-12-19,653.02,226,2019868,701482881,312345801,0.604702426088143,93.6865020944111,0.476172380008506
655,680,1738,1662,1618078,4155000,2025-10-13,2025-10-17,653.02,-76,2536922,520620291,402762213,0.798086450303183,81.9717111256426,0.610570878459687
645.29,651,5904,7261,549072,4146031,2025-10-13,2025-10-17,653.02,1357,3596959,520620291,402762213,0.796363697626223,82.7680748232689,0.867566836813328
649.77,667,2468,2402,1619008,4138646,2025-10-13,2025-10-31,653.02,-66,2519638,386880465,248420262,1.06974799050658,69.6388167337423,0.608807324907711
647.11,662,3940,2773,2044860,4128997,2025-10-13,2025-10-31,653.02,-1167,2084137,386880465,248420262,1.0672539385001,70.7060706722424,0.504756239832579
648.9,661,3642,3399,1158156,4112790,2025-10-13,2025-10-24,653.02,-243,2954634,132128798,101392771,3.11271279407234,48.3254543797485,0.718401377167324
641.19,652,3439,3789,1162382,4095909,2025-10-13,2025-10-31,653.02,350,2933527,386880465,248420262,1.05870142603349,71.7647720982759,0.71620902710485
650,659,3550,4544,568000,4089600,2025-10-13,2025-10-17,653.02,994,3521600,520620291,402762213,0.78552451195184,83.5535993352207,0.861111111111111
652.61,680,204,1478,326400,4048242,2025-10-13,2025-11-28,653.02,1274,3721842,270802865,175543235,1.49490368205669,69.2079561270521,0.919372409060525
645.88,655,5464,4425,1229400,4035600,2025-10-13,2025-10-24,653.02,-1039,2806200,132128798,101392771,3.05429252448055,51.379746904229,0.695361284567351
650,666,2631,2518,1639113,4028800,2025-10-13,2025-10-31,653.02,-113,2389687,386880465,248420262,1.0413552413405,72.8061273396164,0.593151062351072
614.28,615,57191,55898,1315393,4024656,2025-10-13,2025-10-17,653.02,-1293,2709263,520620291,402762213,0.773050161427535,84.3266494966482,0.673166352602558
649.59,670,2083,1950,1847621,3979950,2025-10-13,2025-11-07,653.02,-133,2132329,105052481,67146703,3.78853498947826,55.8537870228881,0.535767786027463
646.82,653,5635,6421,591675,3968178,2025-10-13,2025-10-17,653.02,786,3376503,520620291,402762213,0.762201948060453,85.0888514447087,0.850895045534752
647.47,654,5313,6001,600369,3918653,2025-10-13,2025-10-17,653.02,688,3318284,520620291,402762213,0.752689256977116,85.8415407016858,0.846791997148
645.25,657,2818,3304,1189196,3882200,2025-10-13,2025-10-31,653.02,486,2693004,386880465,248420262,1.00346240020157,73.809589739818,0.693679872237391
644.87,664,2170,2025,1950830,3873825,2025-10-13,2025-11-21,653.02,-145,1922995,843514497,487080926,0.459248182903488,90.4631720870116,0.496407297696721
599.57,600,87326,87259,1309890,3752137,2025-10-13,2025-10-17,653.02,-67,2442247,520620291,402762213,0.720705102137481,86.5622458038233,0.650894943334958
629.36,631,22609,22825,881751,3743300,2025-10-13,2025-10-17,653.02,216,2861549,520620291,402762213,0.719007703831505,87.2812535076548,0.764445542702963
642.63,655,3684,2994,1801476,3703578,2025-10-13,2025-11-07,653.02,-690,1902102,105052481,67146703,3.52545505326999,59.3792420761581,0.513584971073918
644.09,649,5807,7541,487788,3702631,2025-10-13,2025-10-17,653.02,1734,3214843,520620291,402762213,0.711196060546937,87.9924495682017,0.868259083878464
639.64,643,11213,11005,717632,3697680,2025-10-13,2025-10-17,653.02,-208,2980048,520620291,402762213,0.710245079556455,88.7026946477582,0.805923714328985
645.1,663,1898,2059,1651260,3685610,2025-10-13,2025-11-21,653.02,161,2034350,843514497,487080926,0.436934992001685,90.9001070790133,0.551971044141947
638.99,645,2266,6123,314974,3679923,2025-10-13,2025-10-24,653.02,3857,3364949,132128798,101392771,2.78510291147884,54.1648498157079,0.914407448199324
597.06,599,18499,18542,1387425,3597148,2025-10-13,2025-10-31,653.02,43,2209723,386880465,248420262,0.929782794796837,74.7393725346148,0.614298605450763
639.78,654,2046,2522,1370820,3586284,2025-10-13,2025-11-21,653.02,476,2215464,843514497,487080926,0.425159734984377,91.3252668139976,0.617760333537444
479.66,480,105368,105391,1369784,3583294,2025-10-13,2025-11-07,653.02,23,2213510,105052481,67146703,3.4109560915558,62.7901981677139,0.617730501599925
632,634,17234,17433,758296,3486600,2025-10-13,2025-10-17,653.02,199,2728304,520620291,402762213,0.669701135409646,89.3723957831678,0.78251132908851
598,600,16148,17258,1065768,3451600,2025-10-13,2025-10-31,653.02,1110,2385832,386880465,248420262,0.892161872272357,75.6315344068872,0.691224939158651
639.13,653,917,2466,599718,3420342,2025-10-13,2025-11-21,653.02,1549,2820624,843514497,487080926,0.405487044047804,91.7307538580454,0.824661393509772
654.69,676,190,1598,279300,3405338,2025-10-13,2025-11-28,653.02,1408,3126038,270802865,175543235,1.25749703571268,70.4654531627647,0.91798170989194
548.05,550,17077,17081,1622315,3330795,2025-10-13,2025-11-28,653.02,4,1708480,270802865,175543235,1.22997036977434,71.6954235325391,0.51293459969767
648.79,670,915,1566,892125,3321486,2025-10-13,2025-11-14,653.02,651,2429361,75368075,44388034,4.4070198157509,67.264801442786,0.731407869851025
627.45,633,5527,5819,945117,3229545,2025-10-13,2025-10-31,653.02,292,2284428,386880465,248420262,0.834765590968776,76.4662999978559,0.707352893364236
647.22,669,2228,1468,2348312,3197304,2025-10-13,2025-11-21,653.02,-760,848992,843514497,487080926,0.37904553050023,92.1097993885457,0.265533712152489
646.5,668,1521,1487,1563588,3197050,2025-10-13,2025-11-21,653.02,-34,1633462,843514497,487080926,0.379015418391796,92.4888148069375,0.510927886645501
654.2,692,817,831,1745112,3141180,2025-10-13,2025-11-21,653.02,14,1396068,843514497,487080926,0.372391940052217,92.8612067469897,0.444440624224018
651.01,665,3157,2230,1265957,3119770,2025-10-13,2025-10-24,653.02,-927,1853813,132128798,101392771,2.36115823894803,56.5260080546559,0.594214637617517
643.17,661,994,1735,920444,3093505,2025-10-13,2025-11-28,653.02,741,2173061,270802865,175543235,1.14234574290785,72.8377692754469,0.702459184646542
642.12,659,1422,1821,1106316,3073848,2025-10-13,2025-11-21,653.02,399,1967532,843514497,487080926,0.364409623181616,93.2256163701713,0.640087603550989
648.6,656,4140,4145,546480,3067300,2025-10-13,2025-10-17,653.02,5,2520820,520620291,402762213,0.589162591820687,89.9615583749885,0.821836794575033
650.7,669,1679,1675,1205522,3065250,2025-10-13,2025-10-31,653.02,-4,1859728,386880465,248420262,0.792298985682826,77.2585989835388,0.606713318652639
644.69,656,2562,2671,1024800,3020901,2025-10-13,2025-10-31,653.02,109,1996101,386880465,248420262,0.780835755043874,78.0394347385826,0.66076346096744
632.34,644,2584,2587,1369520,3016442,2025-10-13,2025-11-21,653.02,3,1646922,843514497,487080926,0.357604049572132,93.5832204197434,0.54598165653442
646.81,667,1053,1459,1063530,2945721,2025-10-13,2025-11-21,653.02,406,1882191,843514497,487080926,0.349219961301981,93.9324403810454,0.638957660959745
641.47,658,2044,1772,1535044,2929116,2025-10-13,2025-11-21,653.02,-272,1394072,843514497,487080926,0.347251411850957,94.2796917928964,0.475936084470537
522.78,525,13372,13180,1698244,2925960,2025-10-13,2025-12-19,653.02,-192,1227716,701482881,312345801,0.417110677858438,94.1036127722695,0.419594252826423
639.12,650,1493,2683,615116,2919104,2025-10-13,2025-11-07,653.02,1190,2303988,105052481,67146703,2.77871019533561,65.5689083630495,0.789279176075947
641.41,657,1450,1868,1052700,2912212,2025-10-13,2025-11-21,653.02,418,1859512,843514497,487080926,0.345247415469138,94.6249392083655,0.638522195499504
652,668,2055,1820,1004895,2912000,2025-10-13,2025-10-24,653.02,-235,1907105,132128798,101392771,2.20391015742079,58.7299182120767,0.654912431318681
581.96,585,8630,9534,1130530,2898336,2025-10-13,2025-11-21,653.02,904,1767806,843514497,487080926,0.343602393356376,94.9685416017219,0.609938254225873
630.7,640,2802,3053,1050750,2839290,2025-10-13,2025-11-14,653.02,251,1788540,75368075,44388034,3.76723168264547,71.0320331254314,0.629925086905529
648,668,814,1389,921448,2778000,2025-10-13,2025-11-28,653.02,575,1856552,270802865,175543235,1.02583848217411,73.863607757621,0.668305255579554
637.05,651,849,1958,522135,2731410,2025-10-13,2025-11-21,653.02,1109,2209275,843514497,487080926,0.32381304763752,95.2923546493594,0.80884048897822
635.58,648,2105,2195,1191430,2726190,2025-10-13,2025-11-21,653.02,90,1534760,843514497,487080926,0.323194208243703,95.6155488576031,0.562968831959621
583.46,585,17231,17550,878781,2702700,2025-10-13,2025-10-31,653.02,319,1823919,386880465,248420262,0.698587870028537,78.7380226086112,0.674850704850705
590.35,592,16175,16155,921975,2665575,2025-10-13,2025-10-31,653.02,-20,1743600,386880465,248420262,0.68899188280287,79.427014491414,0.654117779465969
609.27,612,9822,9757,874158,2663661,2025-10-13,2025-10-31,653.02,-65,1789503,386880465,248420262,0.688497156350347,80.1155116477644,0.67182085107677
620.91,630,2572,2930,1046804,2663370,2025-10-13,2025-11-28,653.02,358,1616566,270802865,175543235,0.983508797072734,74.8471165546938,0.606962607523551
652.47,673,1046,1292,703958,2652476,2025-10-13,2025-10-24,653.02,246,1948518,132128798,101392771,2.0074927193389,60.7374109314156,0.734603442217762
635.18,640,4108,5409,455988,2607138,2025-10-13,2025-10-24,653.02,1301,2151150,132128798,101392771,1.97317923076845,62.710590162184,0.825100167309901
609.38,610,42016,41804,840320,2591848,2025-10-13,2025-10-17,653.02,-212,1751528,520620291,402762213,0.497838452477835,90.4593968274663,0.67578345643726
644.7,653,2938,3114,614042,2584620,2025-10-13,2025-10-24,653.02,176,1970578,132128798,101392771,1.95613676891241,64.6667269310964,0.762424650432172
628.12,635,3702,3744,929202,2575872,2025-10-13,2025-11-07,653.02,42,1646670,105052481,67146703,2.45198587932445,68.020894242374,0.63926701326774
632.51,645,2038,2033,1192230,2539217,2025-10-13,2025-11-28,653.02,-5,1346987,270802865,175543235,0.93766253174611,75.7847790864399,0.530473370334241
611.74,615,8330,7770,766360,2533020,2025-10-13,2025-10-31,653.02,-560,1766660,386880465,248420262,0.654729361949045,80.7702410097134,0.697452053280274
488.55,490,17276,17278,1485736,2505310,2025-10-13,2025-12-19,653.02,2,1019574,701482881,312345801,0.357144852405885,94.4607576246754,0.406965205902663
635.04,647,1889,2091,1035172,2500836,2025-10-13,2025-11-21,653.02,202,1465664,843514497,487080926,0.296478129171976,95.9120269867751,0.586069618319634
567.73,570,11034,10995,1125468,2495865,2025-10-13,2025-11-21,653.02,-39,1370397,843514497,487080926,0.295888809128553,96.2079157959036,0.549066956746459
635.73,649,1584,1851,917136,2456277,2025-10-13,2025-11-21,653.02,267,1539141,843514497,487080926,0.29119558807061,96.4991113839742,0.626615402090237
648.07,664,1776,1533,1006992,2442069,2025-10-13,2025-10-31,653.02,-243,1435077,386880465,248420262,0.631220550254457,81.4014615599679,0.587648014859531
532.46,535,9554,9562,1375776,2428748,2025-10-13,2025-12-19,653.02,8,1052972,701482881,312345801,0.346230544719451,94.8069881693948,0.433545184597167
655.34,678,1042,1061,1500480,2404226,2025-10-13,2025-11-21,653.02,19,903746,843514497,487080926,0.285024858322026,96.7841362422963,0.37589893795342
650.71,671,1214,1180,945706,2394220,2025-10-13,2025-10-31,653.02,-34,1448514,386880465,248420262,0.618852647419145,82.020314207387,0.605004552630919
643.03,662,229,1261,219611,2392117,2025-10-13,2025-11-28,653.02,1032,2172506,270802865,175543235,0.883342574680663,76.6681216611205,0.908193871788044
647.91,672,583,981,720588,2363229,2025-10-13,2025-11-28,653.02,398,1642641,270802865,175543235,0.87267503613745,77.540796697258,0.695083294932484
648.46,671,723,1041,868323,2346414,2025-10-13,2025-11-28,653.02,318,1478091,270802865,175543235,0.866465722214571,78.4072624194726,0.629936149375174
652.4,669,1419,1412,733623,2343920,2025-10-13,2025-10-24,653.02,-7,1610297,132128798,101392771,1.7739660357767,66.4406929668731,0.687010222191884
640.66,656,1428,1523,1012452,2336282,2025-10-13,2025-11-21,653.02,95,1323830,843514497,487080926,0.276969987867322,97.0611062301636,0.566639643673152
558.07,560,12294,11870,1081872,2290910,2025-10-13,2025-11-21,653.02,-424,1209038,843514497,487080926,0.271591064308643,97.3326972944722,0.527754473113304
628.48,632,5850,6484,473850,2282368,2025-10-13,2025-10-24,653.02,634,1808518,132128798,101392771,1.72738118755913,68.1680741544323,0.7923866790982
541.93,545,7433,7430,1204146,2281010,2025-10-13,2025-12-19,653.02,-3,1076864,701482881,312345801,0.325169731405035,95.1321579007999,0.472099640071723
649.43,671,1182,1057,1069710,2279949,2025-10-13,2025-11-07,653.02,-125,1210239,105052481,67146703,2.17029524509754,70.1911894874715,0.530818452518017
645.2,658,2181,1774,959640,2270720,2025-10-13,2025-10-31,653.02,-407,1311080,386880465,248420262,0.586930642776187,82.6072448501632,0.577385146561443
640.1,657,883,1333,707283,2252770,2025-10-13,2025-11-28,653.02,450,1545487,270802865,175543235,0.831885585848584,79.2391480053211,0.686038521464686
651.61,673,1051,1051,896503,2248089,2025-10-13,2025-10-31,653.02,0,1351586,386880465,248420262,0.581081032354528,83.1883258825178,0.601215521271622
645.42,665,1271,1141,1295149,2234078,2025-10-13,2025-11-28,653.02,-130,938929,270802865,175543235,0.824983147796461,80.0641311531176,0.420275836385301
649.35,663,1566,1616,566892,2205840,2025-10-13,2025-10-24,653.02,50,1638948,132128798,101392771,1.66946194424625,69.8375360986785,0.743004025677293
637.6,653,449,1432,341689,2205280,2025-10-13,2025-11-28,653.02,983,1863591,270802865,175543235,0.81434884376131,80.8784799968789,0.845058677356163
650.56,675,559,885,670241,2162940,2025-10-13,2025-11-14,653.02,326,1492699,75368075,44388034,2.8698358024933,73.9018689279247,0.690125015025845
652.56,671,1203,1164,700146,2146416,2025-10-13,2025-10-24,653.02,-39,1446270,132128798,101392771,1.6244876457591,71.4620237444376,0.67380694143167
655.1,685,742,717,1332632,2143830,2025-10-13,2025-11-21,653.02,-25,811198,843514497,487080926,0.254154493802375,97.5868517882746,0.378387278842072
588.35,590,12950,12954,712250,2137410,2025-10-13,2025-10-31,653.02,4,1425160,386880465,248420262,0.552472971205719,83.7407988537235,0.666769594977098
625.65,627,15608,15594,639928,2105190,2025-10-13,2025-10-17,653.02,-14,1465262,520620291,402762213,0.404361880701265,90.8637587081676,0.69602363682138
612.19,613,27046,25857,567966,2094417,2025-10-13,2025-10-17,653.02,-1189,1526451,520620291,402762213,0.402292618287519,91.2660513264551,0.728819046063893
652,672,867,1047,537540,2094000,2025-10-13,2025-10-24,653.02,180,1556460,132128798,101392771,1.58481726292553,73.0468410073631,0.743295128939828
549.33,550,30934,31027,835218,2078809,2025-10-13,2025-10-31,653.02,93,1243591,386880465,248420262,0.537325915383192,84.2781247691067,0.598222828552311
399.45,400,32540,37715,1041280,2074325,2025-10-13,2025-12-19,653.02,5175,1033045,701482881,312345801,0.295705719438647,95.4278636202385,0.498015016933219
644.03,652,1318,2535,264918,2020395,2025-10-13,2025-10-24,653.02,1217,1755477,132128798,101392771,1.52911025498014,74.5759512623433,0.868878115418025
641.05,648,1007,2866,161120,1991870,2025-10-13,2025-10-24,653.02,1859,1830750,132128798,101392771,1.50752147158714,76.0834727339304,0.919111186975054
513.88,515,17754,17758,1082994,1988896,2025-10-13,2025-11-28,653.02,4,905902,270802865,175543235,0.734444223845269,81.6129242207242,0.455479823982752
503.28,505,11529,11524,1187487,1982128,2025-10-13,2025-12-19,653.02,-5,794641,701482881,312345801,0.282562561922306,95.7104261821608,0.400902968930362
655,695,441,491,1151010,1964000,2025-10-13,2025-11-21,653.02,50,812990,843514497,487080926,0.232835358133744,97.8196871464083,0.413946028513238
572.48,575,7967,7740,876370,1950480,2025-10-13,2025-11-21,653.02,-227,1074110,843514497,487080926,0.231232540393434,98.0509196868018,0.5506900865428
449.05,450,20485,20468,1126675,1944460,2025-10-13,2025-12-19,653.02,-17,817785,701482881,312345801,0.277192794388378,95.9876189765492,0.420571778282916
599.5,605,4248,3464,1002528,1905200,2025-10-13,2025-11-28,653.02,-784,902672,270802865,175543235,0.703537608437045,82.3164618291612,0.473793827419694
508.21,510,10650,10637,1150200,1904023,2025-10-13,2025-12-19,653.02,-13,753823,701482881,312345801,0.271428291633535,96.2590472681827,0.395910658642254
639.73,649,1590,2050,524700,1900350,2025-10-13,2025-10-31,653.02,460,1375650,386880465,248420262,0.491198230957461,84.7693230000641,0.723892967085011
644.52,660,1017,1217,700713,1883916,2025-10-13,2025-11-14,653.02,200,1183203,75368075,44388034,2.49962069483664,76.4014896227614,0.628055072519157
647.66,665,1189,1078,845379,1869252,2025-10-13,2025-11-07,653.02,-111,1023873,105052481,67146703,1.77935064665441,71.9705401341259,0.54774476635574
645.84,659,1433,1419,654881,1867404,2025-10-13,2025-10-31,653.02,-14,1212523,386880465,248420262,0.482682422334247,85.2520054223984,0.649309415637966
593.25,595,10394,10561,634034,1848175,2025-10-13,2025-10-31,653.02,167,1214141,386880465,248420262,0.47771215328745,85.7297175756858,0.656940495353524
612.6,620,2395,2495,778375,1846300,2025-10-13,2025-11-28,653.02,100,1067925,270802865,175543235,0.681787469272159,82.9982492984334,0.578413583924606
626.73,630,5525,5588,414375,1827276,2025-10-13,2025-10-24,653.02,63,1412901,132128798,101392771,1.38295059643243,77.4664233303628,0.773228018099072
585.98,590,4434,4469,798120,1796538,2025-10-13,2025-11-28,653.02,35,998418,270802865,175543235,0.66341174049248,83.6616610389259,0.555745550609005
647.24,658,1557,1616,420390,1738816,2025-10-13,2025-10-24,653.02,59,1318426,132128798,101392771,1.31600077070254,78.7824241010654,0.758232038352534
641.25,651,1524,1778,537972,1733550,2025-10-13,2025-10-31,653.02,254,1195578,386880465,248420262,0.448084138856688,86.1778017145425,0.68967032967033
620.04,621,17739,17841,656343,1712736,2025-10-13,2025-10-17,653.02,102,1056393,520620291,402762213,0.328979878350535,91.5950312048057,0.616786825290062
631.11,633,8685,8854,347400,1673406,2025-10-13,2025-10-17,653.02,169,1326006,520620291,402762213,0.321425428268604,91.9164566330743,0.792399453569546
647.21,661,1534,1211,767000,1669969,2025-10-13,2025-10-31,653.02,-323,902969,386880465,248420262,0.431649863737628,86.6094515782801,0.540710037132426
653.2,678,58,669,66062,1659120,2025-10-13,2025-10-31,653.02,611,1593058,386880465,248420262,0.428845638406685,87.0382972166868,0.960182506388929
643.36,654,1133,1540,414678,1638560,2025-10-13,2025-10-31,653.02,407,1223882,386880465,248420262,0.423531335447501,87.4618285521343,0.746925349087003
638.65,647,1835,1958,504625,1634930,2025-10-13,2025-10-31,653.02,123,1130305,386880465,248420262,0.422593061140991,87.8844216132753,0.691347641795062
513,515,8163,8164,979560,1632800,2025-10-13,2025-12-19,653.02,1,653240,701482881,312345801,0.232764055150193,96.4918113233329,0.400073493385595
648.58,673,1205,668,1467690,1631256,2025-10-13,2025-11-21,653.02,-537,163566,843514497,487080926,0.193388021877708,98.2443077086795,0.100269976018479
652.34,674,392,749,350840,1622334,2025-10-13,2025-10-31,653.02,357,1271494,386880465,248420262,0.41933727514518,88.3037588884205,0.783743668073282
633.75,646,1307,1323,700552,1620675,2025-10-13,2025-11-21,653.02,16,920123,843514497,487080926,0.192133627313343,98.4364413359928,0.567740601909698
654.52,676,654,746,675582,1602408,2025-10-13,2025-10-31,653.02,92,926826,386880465,248420262,0.414186847092422,88.7179457355129,0.578395764374616
642.76,653,532,1553,192584,1590272,2025-10-13,2025-10-31,653.02,1021,1397688,386880465,248420262,0.411049960870989,89.1289956963839,0.878898704121056
640.43,644,3990,4412,263340,1575084,2025-10-13,2025-10-17,653.02,422,1311744,520620291,402762213,0.30253987929948,92.2189965123737,0.832808916857768
632.01,643,1395,1429,696105,1570471,2025-10-13,2025-11-21,653.02,34,874366,843514497,487080926,0.186181862384755,98.6226231983776,0.556753992910407
656.4,690,12,464,22512,1559040,2025-10-13,2025-11-14,653.02,452,1536528,75368075,44388034,2.06856815700812,78.4700577797695,0.985560344827586
638.8,642,4275,4766,252225,1525120,2025-10-13,2025-10-17,653.02,491,1272895,520620291,402762213,0.292942865724763,92.5119393780985,0.83461957091901
635.54,638,7730,6158,394230,1514868,2025-10-13,2025-10-17,653.02,-1572,1120638,520620291,402762213,0.290973676244978,92.8029130543435,0.739759503798351
635.08,643,1916,1900,456008,1504800,2025-10-13,2025-10-31,653.02,-16,1048792,386880465,248420262,0.388957348880358,89.5179530452643,0.696964380648591
650,669,807,790,673038,1501000,2025-10-13,2025-11-07,653.02,-17,827962,105052481,67146703,1.4288096632387,73.3993497973646,0.551606928714191
641.97,646,3553,3719,284240,1498757,2025-10-13,2025-10-17,653.02,166,1214517,520620291,402762213,0.287879098434909,93.0907921527784,0.810349509626978
639.62,655,935,973,708730,1496474,2025-10-13,2025-11-28,653.02,38,787744,270802865,175543235,0.552606413525204,84.2142674524511,0.526400057735718
594.63,595,40165,39888,722970,1475856,2025-10-13,2025-10-17,653.02,-277,752886,520620291,402762213,0.283480307147691,93.3742724599261,0.510135135135135
579.75,580,54178,58983,487602,1474575,2025-10-13,2025-10-17,653.02,4805,986973,520620291,402762213,0.283234254502001,93.6575067144281,0.669327094247495
644.94,664,649,773,676258,1473338,2025-10-13,2025-11-28,653.02,124,797080,270802865,175543235,0.544062929319452,84.7583303817705,0.541002811303313
649.75,662,1645,1197,560945,1466325,2025-10-13,2025-10-24,653.02,-448,905380,132128798,101392771,1.10976942361952,79.8921935246849,0.617448382861917
659.53,705,212,320,746240,1455040,2025-10-13,2025-12-19,653.02,108,708800,701482881,312345801,0.207423451007923,96.6992347743409,0.487134374312734
634.82,642,2489,2023,565003,1452514,2025-10-13,2025-10-31,653.02,-466,887511,386880465,248420262,0.375442580177833,89.8933956254421,0.611017174361142
499.05,500,15105,15130,755250,1437350,2025-10-13,2025-11-28,653.02,25,682100,270802865,175543235,0.530773557362475,85.289103939133,0.474553866490416
653.46,680,639,537,774468,1425198,2025-10-13,2025-10-31,653.02,-102,650730,386880465,248420262,0.368382001401906,90.261777626844,0.456589189712587
627.51,629,9681,9555,367878,1423695,2025-10-13,2025-10-17,653.02,-126,1055817,520620291,402762213,0.273461296958939,93.930968011387,0.741603363079873
644.07,663,401,751,387767,1421643,2025-10-13,2025-11-28,653.02,350,1033876,270802865,175543235,0.524973397161068,85.8140773362941,0.727240242451867
459.86,460,101053,101015,707371,1414210,2025-10-13,2025-10-31,653.02,-38,706839,386880465,248420262,0.365541847660879,90.6273194745049,0.499811909122408
640.5,658,532,808,454328,1414000,2025-10-13,2025-11-28,653.02,276,959672,270802865,175543235,0.522151048881998,86.3362283851761,0.678693069306931
630.9,642,1182,1272,566178,1411920,2025-10-13,2025-11-21,653.02,90,845742,843514497,487080926,0.167385386382992,98.7900085847606,0.599001359850417
639.03,648,1695,1557,525450,1396629,2025-10-13,2025-10-31,653.02,-138,871179,386880465,248420262,0.360997549979682,90.9883170244846,0.623772669764125
624.71,626,11156,10813,390460,1394877,2025-10-13,2025-10-17,653.02,-343,1004417,520620291,402762213,0.267925976784489,94.1988939881715,0.720075676923485
657.39,685,542,504,794030,1391544,2025-10-13,2025-10-24,653.02,-38,597514,132128798,101392771,1.05317237503364,80.9453658997186,0.429389225205958
626.61,628,10129,9971,364644,1385969,2025-10-13,2025-10-17,653.02,-158,1021325,520620291,402762213,0.266214940900181,94.4651089290717,0.736903206348771
589.67,590,41670,41284,500040,1362372,2025-10-13,2025-10-17,653.02,-386,862332,520620291,402762213,0.26168246292959,94.7267913920013,0.632963683927738
651.36,690,351,348,866970,1344672,2025-10-13,2025-12-19,653.02,-3,477702,701482881,312345801,0.191689923791597,96.8909246981324,0.355255408010281
617.08,625,1646,1690,600790,1338480,2025-10-13,2025-11-28,653.02,44,737690,270802865,175543235,0.494263603895033,86.8304919890711,0.551140099217022
654.95,700,314,296,971830,1333480,2025-10-13,2025-12-19,653.02,-18,361650,701482881,312345801,0.190094446510092,97.0810191446425,0.271207667156613
615.2,616,20457,16582,490968,1326560,2025-10-13,2025-10-17,653.02,-3875,835592,520620291,402762213,0.254803745250106,94.9815951372514,0.62989386081293
633.91,641,1851,1859,405369,1318031,2025-10-13,2025-10-31,653.02,8,912662,386880465,248420262,0.3406817141827,91.3289987386672,0.692443500949523
650.45,666,852,844,362952,1312420,2025-10-13,2025-10-24,653.02,-8,949468,132128798,101392771,0.993288382143611,81.9386542818622,0.723448286371741
625.61,631,2404,2423,370216,1305997,2025-10-13,2025-10-31,653.02,19,935781,386880465,248420262,0.337571192693847,91.6665699313611,0.716526148222393
578.74,580,10500,10314,535500,1299564,2025-10-13,2025-10-31,653.02,-186,764064,386880465,248420262,0.335908405196939,92.002478336558,0.587938724064379
649.5,664,934,896,354920,1299200,2025-10-13,2025-10-24,653.02,-38,944280,132128798,101392771,0.983282993310815,82.921937275173,0.726816502463054
632.28,639,1922,1918,543926,1288896,2025-10-13,2025-11-07,653.02,-4,744970,105052481,67146703,1.22690676862739,74.626256565992,0.577990776602612
656.19,700,178,294,527948,1288014,2025-10-13,2025-11-21,653.02,116,760066,843514497,487080926,0.152696130840772,98.9427047156014,0.590106939831399
604.47,605,24147,24052,434646,1274756,2025-10-13,2025-10-17,653.02,-95,840110,520620291,402762213,0.244853307110153,95.2264484443615,0.65903592530649
622.82,624,10559,10770,401242,1270860,2025-10-13,2025-10-17,653.02,211,869618,520620291,402762213,0.244104969008978,95.4705534133705,0.684275215208599
630.49,637,2018,1949,381402,1268799,2025-10-13,2025-10-31,653.02,-69,887397,386880465,248420262,0.327956336590942,92.330434673149,0.699399195617273
639.94,656,385,783,313390,1257498,2025-10-13,2025-11-28,653.02,398,944108,270802865,175543235,0.464359193541028,87.2948511826121,0.750782903829668
637.91,641,2618,4029,159698,1244961,2025-10-13,2025-10-17,653.02,1411,1085263,520620291,402762213,0.239130326174705,95.7096837395452,0.871724495787418
630.09,641,1049,1140,511912,1243740,2025-10-13,2025-11-21,653.02,91,731828,843514497,487080926,0.14744737694769,99.090152092549,0.588409153038416
645.33,654,1328,1425,292160,1235475,2025-10-13,2025-10-24,653.02,97,943315,132128798,101392771,0.935053537685252,83.8569908128582,0.763524150630324
654.72,675,563,604,425065,1224912,2025-10-13,2025-10-24,653.02,41,799847,132128798,101392771,0.927059065503646,84.7840498783619,0.652983234714004
651.76,673,595,574,608685,1219176,2025-10-13,2025-11-07,653.02,-21,610491,105052481,67146703,1.16053994003245,75.7867965060245,0.500740664186303
653.95,690,103,338,206000,1218490,2025-10-13,2025-11-07,653.02,235,1012490,105052481,67146703,1.15988693308443,76.9466834391089,0.830938292476754
637.65,652,207,835,154215,1198225,2025-10-13,2025-11-28,653.02,628,1044010,270802865,175543235,0.442471315803841,87.737322498416,0.871297127000355
636.24,644,1508,1536,372476,1191936,2025-10-13,2025-10-31,653.02,28,819460,386880465,248420262,0.308088959725583,92.6385236328746,0.68750335588488
419.3,420,17050,17019,682000,1191330,2025-10-13,2025-12-19,653.02,-31,509330,701482881,312345801,0.169830231395198,97.2508493760377,0.427530575071559
632.41,639,1370,1751,278110,1153909,2025-10-13,2025-10-31,653.02,381,875799,386880465,248420262,0.298259825551027,92.9367834584256,0.758984460646377
653.19,677,418,483,300960,1150023,2025-10-13,2025-10-17,653.02,65,849063,520620291,402762213,0.220894771079908,95.9305785106251,0.73830088615619
637.6,646,1407,1346,374262,1130640,2025-10-13,2025-10-31,653.02,-61,756378,386880465,248420262,0.29224530631186,93.2290287647375,0.668982169390788
483.62,485,8138,8139,683592,1123182,2025-10-13,2025-12-19,653.02,1,439590,701482881,312345801,0.160115382772969,97.4109647588107,0.391379135349391
600.79,603,4895,4930,342650,1089530,2025-10-13,2025-10-31,653.02,35,746880,386880465,248420262,0.281619285171196,93.5106480499086,0.685506594586657
453.99,455,10740,10736,665880,1084336,2025-10-13,2025-12-19,653.02,-4,418456,701482881,312345801,0.154577685267846,97.5655424440786,0.385909902465656
635.77,645,1130,1171,387590,1080833,2025-10-13,2025-11-07,653.02,41,693243,105052481,67146703,1.02885052281631,77.9755339619252,0.641396959567297
630.23,632,6241,6104,243399,1080408,2025-10-13,2025-10-17,653.02,-137,837009,520620291,402762213,0.207523221564178,96.1381017321893,0.774715662971766
619.8,625,1835,2042,339475,1061840,2025-10-13,2025-11-07,653.02,207,722365,105052481,67146703,1.01077098788367,78.9863049498089,0.680295524749491
645.75,661,713,693,446338,1056825,2025-10-13,2025-11-07,653.02,-20,610487,105052481,67146703,1.00599718344586,79.9923021332547,0.577661391431883
630.96,635,2244,2556,204204,1032624,2025-10-13,2025-10-24,653.02,312,828420,132128798,101392771,0.781528338735058,85.5655782170969,0.802247478268954
634.12,639,2164,2102,248860,1025776,2025-10-13,2025-10-24,653.02,-62,776916,132128798,101392771,0.776345517046178,86.3419237341431,0.757393427025004
429.9,430,102177,102174,306531,1021740,2025-10-13,2025-10-31,653.02,-3,715209,386880465,248420262,0.264097077116571,93.7747451270252,0.699991191496858
623.51,628,2225,2274,356000,1021026,2025-10-13,2025-10-31,653.02,49,665026,386880465,248420262,0.263912523988514,94.0386576510137,0.651331112038283
645.7,667,268,479,286760,1020270,2025-10-13,2025-11-28,653.02,211,733510,270802865,175543235,0.376757461557875,88.1140799599738,0.71893714408931
554.26,555,13758,13762,412740,1018388,2025-10-13,2025-10-31,653.02,4,605648,386880465,248420262,0.26323065963023,94.301888310644,0.594712427876212
666.04,687,517,485,838057,1016560,2025-10-13,2025-10-31,653.02,-32,178503,386880465,248420262,0.26275816226596,94.5646464729099,0.175595144408594
637.92,644,1505,1667,200165,1013536,2025-10-13,2025-10-24,653.02,162,813371,132128798,101392771,0.767081828747129,87.1090055628902,0.80250824835033
636.29,639,3935,3736,200685,1012456,2025-10-13,2025-10-17,653.02,-199,811771,520620291,402762213,0.194471098707138,96.3325728308964,0.801783978760559
653.13,676,616,431,426272,985697,2025-10-13,2025-10-17,653.02,-185,559425,520620291,402762213,0.189331268304331,96.5219040992008,0.56754256125361
571.95,575,1858,3157,247114,962885,2025-10-13,2025-11-28,653.02,1299,715771,270802865,175543235,0.355566769945362,88.4696467299192,0.743360837483189
569.02,570,8867,9752,336946,955696,2025-10-13,2025-10-31,653.02,885,618750,386880465,248420262,0.247026171249045,94.811672644159,0.647433912038975
596.42,600,676,2669,89908,955502,2025-10-13,2025-11-14,653.02,1993,865594,75368075,44388034,1.26778082099085,79.7378386007603,0.905904958859322
598.89,601,4712,4511,329840,951821,2025-10-13,2025-10-31,653.02,-201,621981,386880465,248420262,0.24602456988879,95.0576972140477,0.653464254308321
645.93,666,376,469,389160,941283,2025-10-13,2025-11-28,653.02,93,552123,270802865,175543235,0.347589749465908,88.8172364793851,0.586564295753774
625.56,636,877,898,408682,937512,2025-10-13,2025-11-28,653.02,21,528830,270802865,175543235,0.346197223578118,89.1634337029632,0.564078113133485
478.74,480,7392,7392,613536,931392,2025-10-13,2025-12-19,653.02,0,317856,701482881,312345801,0.132774729822665,97.6983171739012,0.341269841269841
651.6,682,280,303,481600,921120,2025-10-13,2025-11-21,653.02,23,439520,843514497,487080926,0.109200257171158,99.1993523497202,0.477158242140003
444.14,445,10655,10657,564715,916502,2025-10-13,2025-12-19,653.02,2,351787,701482881,312345801,0.13065208358235,97.8289692574836,0.383836587372423
622.76,631,1066,1102,463710,908048,2025-10-13,2025-11-28,653.02,36,444338,270802865,175543235,0.33531698418331,89.4987506871465,0.489333163004599
627.45,638,890,850,457460,896750,2025-10-13,2025-11-28,653.02,-40,439290,270802865,175543235,0.331144945604619,89.8298956327512,0.489868971285197
617.99,619,8902,8863,231452,895163,2025-10-13,2025-10-17,653.02,-39,663711,520620291,402762213,0.171941627223285,96.6938457264241,0.741441502832445
635,649,586,638,379728,893200,2025-10-13,2025-11-28,653.02,52,513472,270802865,175543235,0.329834028897737,90.1597296616489,0.57486789072996
632.99,646,488,686,306464,892486,2025-10-13,2025-11-28,653.02,198,586022,270802865,175543235,0.329570368467114,90.489300030116,0.656617582796817
625.76,629,2714,2747,233404,890028,2025-10-13,2025-10-24,653.02,33,656624,132128798,101392771,0.673606370051138,87.7826119329414,0.737756564962001
641.63,655,530,665,315880,889105,2025-10-13,2025-11-14,653.02,135,573225,75368075,44388034,1.17968383828299,80.9175224390433,0.644721377115189
559.84,560,55035,55069,330210,881104,2025-10-13,2025-10-17,653.02,34,550894,520620291,402762213,0.169241194634882,96.8630869210589,0.62523152771977
640.37,652,690,744,310500,865272,2025-10-13,2025-11-07,653.02,54,554772,105052481,67146703,0.823656892025235,80.81595902528,0.641153302083044
647.02,657,702,867,183924,865266,2025-10-13,2025-10-24,653.02,165,681342,132128798,101392771,0.654865565340267,88.4374774982816,0.787436464624751
647.83,666,503,475,372723,863075,2025-10-13,2025-11-07,653.02,-28,490352,105052481,67146703,0.821565556362253,81.6375245816422,0.568145294441387
493.48,495,5675,5676,539125,862752,2025-10-13,2025-12-19,653.02,1,323627,701482881,312345801,0.122989744064759,97.9519590015483,0.375110112755462
529.92,530,107657,107568,322971,860544,2025-10-13,2025-10-17,653.02,-89,537573,520620291,402762213,0.1652920592755,97.0283789803344,0.62468973114681
652.46,674,409,399,289163,859446,2025-10-13,2025-10-24,653.02,-10,570283,132128798,101392771,0.650460772374543,89.0879382706562,0.663547215299158
584.74,585,33585,33053,403020,859378,2025-10-13,2025-10-17,653.02,-532,456358,520620291,402762213,0.165068095665138,97.1934470759996,0.531032909848751
644.89,659,355,609,206255,859299,2025-10-13,2025-11-07,653.02,254,653044,105052481,67146703,0.817971162432613,82.4554957440748,0.759972954699121
653.21,675,412,394,451552,858526,2025-10-13,2025-11-07,653.02,-18,406974,105052481,67146703,0.817235339734623,83.2727310838094,0.474038060582906
615.98,618,380,4196,23940,847592,2025-10-13,2025-10-24,653.02,3816,823652,132128798,101392771,0.641489223265317,89.7294274939215,0.971755278483044
653.11,693,210,210,496440,837690,2025-10-13,2025-11-28,653.02,0,341250,270802865,175543235,0.309335722869845,90.7986357529859,0.407370268237654
656.39,700,176,191,523776,832951,2025-10-13,2025-10-31,653.02,15,309175,386880465,248420262,0.215299317322729,95.2729965313705,0.371180297520502
468.81,470,6950,6940,493450,825860,2025-10-13,2025-12-19,653.02,-10,332410,701482881,312345801,0.117730599330192,98.0696896008785,0.402501634659628
617.84,620,3323,3820,182765,825120,2025-10-13,2025-10-24,653.02,497,642355,132128798,101392771,0.624481575924122,90.3539090698456,0.778498885010665
651.6,673,379,378,413489,808920,2025-10-13,2025-11-14,653.02,-1,395431,75368075,44388034,1.07329263749937,81.9908150765427,0.48883820402512
645.77,662,454,497,289652,806631,2025-10-13,2025-11-07,653.02,43,516979,105052481,67146703,0.767836220831377,84.0405673046408,0.640911395669147
653.93,678,505,333,404000,801531,2025-10-13,2025-10-17,653.02,-172,397531,520620291,402762213,0.153956926738378,97.347404002738,0.495964597751054
651.65,672,442,392,430066,797720,2025-10-13,2025-11-07,653.02,-50,367654,105052481,67146703,0.759353793843289,84.7999210984841,0.460881010881011
633.75,636,3194,3516,140536,791100,2025-10-13,2025-10-17,653.02,322,650564,520620291,402762213,0.151953355194909,97.4993573579329,0.822353684742763
573.89,575,7135,7094,306805,787434,2025-10-13,2025-10-31,653.02,-41,480629,386880465,248420262,0.203534184647964,95.4765307160184,0.610373694811248
638.2,650,521,663,266752,782340,2025-10-13,2025-11-14,653.02,142,515588,75368075,44388034,1.03802571579545,83.0288407923381,0.659033156939438
553.25,555,4197,4426,348351,774550,2025-10-13,2025-11-21,653.02,229,426199,843514497,487080926,0.0918241479849753,99.2911764977052,0.550253695694274
629.88,634,1915,1843,201075,759316,2025-10-13,2025-10-24,653.02,-72,558241,132128798,101392771,0.574678655594823,90.9285877254405,0.735189301950703
649.36,668,491,407,393782,758648,2025-10-13,2025-11-07,653.02,-84,364866,105052481,67146703,0.722160954961168,85.5220820534453,0.480942413345847
613.23,614,9581,9796,268268,754292,2025-10-13,2025-10-17,653.02,215,486024,520620291,402762213,0.144883327261634,97.6442406851945,0.644344630461413
603.54,606,3014,3060,247148,752760,2025-10-13,2025-10-31,653.02,46,505612,386880465,248420262,0.194571726437519,95.671102442456,0.671677559912854
628.18,639,726,694,364452,750908,2025-10-13,2025-11-28,653.02,-32,386456,270802865,175543235,0.277289533107414,91.0759252860933,0.514651595135489
653.18,695,179,179,496009,748578,2025-10-13,2025-12-19,653.02,0,252569,701482881,312345801,0.106713651933011,98.1764032528115,0.33739837398374
657.47,676,265,402,235850,744906,2025-10-13,2025-10-24,653.02,137,509056,132128798,101392771,0.56377263039962,91.4923603558401,0.683382869784913
652.98,671,418,408,428450,735216,2025-10-13,2025-11-14,653.02,-10,306766,75368075,44388034,0.975500568377261,84.0043413607154,0.417246088224413
504.93,505,104528,104552,209056,731864,2025-10-13,2025-10-17,653.02,24,522808,520620291,402762213,0.140575389137109,97.7848160743316,0.714351300241575
576.6,580,1391,2126,216996,722840,2025-10-13,2025-11-28,653.02,735,505844,270802865,175543235,0.266924797859875,91.3428500839531,0.699800785789386
591.82,595,164,2263,19844,719634,2025-10-13,2025-11-14,653.02,2099,699790,75368075,44388034,0.954826032109749,84.9591673928251,0.972424871531918
656.92,690,223,217,484356,717836,2025-10-13,2025-11-28,653.02,-6,233480,270802865,175543235,0.265076959211639,91.6079270431648,0.325255350804362
434.19,435,8822,8820,414634,714420,2025-10-13,2025-12-19,653.02,-2,299786,701482881,312345801,0.101844252988976,98.2782475058005,0.419621511155903
424.28,425,9834,9823,442530,707256,2025-10-13,2025-12-19,653.02,-11,264726,701482881,312345801,0.100822987867041,98.3790704936676,0.374300111982083
630.9,643,563,576,313028,696960,2025-10-13,2025-11-28,653.02,13,383932,270802865,175543235,0.25736803043055,91.8652950735953,0.550866620752984
473.78,475,5652,5638,435204,687836,2025-10-13,2025-12-19,653.02,-14,252632,701482881,312345801,0.0980545667799411,98.4771250604475,0.367285224966416
621.98,623,6522,6708,202182,684216,2025-10-13,2025-10-17,653.02,186,482034,520620291,402762213,0.131423229526027,97.9162393038576,0.704505594724473
344.72,345,24206,24429,411502,684012,2025-10-13,2025-12-19,653.02,223,272510,701482881,312345801,0.0975094358717501,98.5746344963192,0.398399443284621
630.21,641,621,630,349623,679770,2025-10-13,2025-11-28,653.02,9,330147,270802865,175543235,0.251020239390746,92.1163153129861,0.485674566397458
623.96,630,705,1123,150870,678292,2025-10-13,2025-11-07,653.02,418,527422,105052481,67146703,0.645669662956366,86.1677517164016,0.777573670336669
574.79,575,32241,32271,290169,677691,2025-10-13,2025-10-17,653.02,30,387522,520620291,402762213,0.130169916869414,98.0464092207271,0.571826983094065
608.59,615,1159,1053,350018,674973,2025-10-13,2025-11-28,653.02,-106,324955,270802865,175543235,0.249248840111053,92.3655641530971,0.481434072177702
611.51,617,1193,1217,378181,668133,2025-10-13,2025-11-28,653.02,24,289952,270802865,175543235,0.246723017498356,92.6122871705955,0.433973475340988
617.94,622,1709,1638,201662,665028,2025-10-13,2025-10-31,653.02,-71,463366,386880465,248420262,0.17189495468581,95.8429973971418,0.696761640111394
629.7,636,1085,1049,198555,660870,2025-10-13,2025-10-31,653.02,-36,462315,386880465,248420262,0.170820204116535,96.0138176012583,0.699555131871624
581.33,585,608,1769,106400,649223,2025-10-13,2025-11-28,653.02,1161,542823,270802865,175543235,0.239740078082261,92.8520272486777,0.836111782854274
639.41,651,568,557,242536,645563,2025-10-13,2025-11-07,653.02,-11,403027,105052481,67146703,0.614514758580523,86.7822664749822,0.624303127657564
619.13,627,819,819,331695,644553,2025-10-13,2025-11-28,653.02,0,312858,270802865,175543235,0.238015576386166,93.0900428250639,0.485387547649301
624,629,1333,1286,201283,643000,2025-10-13,2025-10-31,653.02,-47,441717,386880465,248420262,0.166201206359696,96.180018807618,0.68696267496112
619.22,623,1349,1689,164578,638442,2025-10-13,2025-10-31,653.02,340,473864,386880465,248420262,0.165023064682266,96.3450418723003,0.742219340206315
626.35,637,586,596,301790,634740,2025-10-13,2025-11-28,653.02,10,332950,270802865,175543235,0.234391907190495,93.3244347322544,0.524545483189968
479.97,480,211157,211075,211157,633225,2025-10-13,2025-10-17,653.02,-82,422068,520620291,402762213,0.121628951261909,98.168038171989,0.666537170831853
612.58,619,984,977,314880,627234,2025-10-13,2025-11-28,653.02,-7,312354,270802865,175543235,0.231620149218141,93.5560548814725,0.497986397421058
636.1,646,608,626,219488,619740,2025-10-13,2025-11-07,653.02,18,400252,105052481,67146703,0.58993371132282,87.372200186305,0.645838577467971
569.79,570,29131,29233,203917,613893,2025-10-13,2025-10-17,653.02,102,409976,520620291,402762213,0.117915688384109,98.2859538603731,0.667829735800864
538.57,540,4317,4289,315141,613327,2025-10-13,2025-11-21,653.02,-28,298186,843514497,487080926,0.0727109020866063,99.3638873997918,0.486177846401675
619.66,624,1478,1412,196574,612808,2025-10-13,2025-10-31,653.02,-66,416234,386880465,248420262,0.158397245516131,96.5034391178164,0.67922416156447
632.14,637,1259,1258,128418,611388,2025-10-13,2025-10-24,653.02,-1,482970,132128798,101392771,0.462721230537494,91.9550815863776,0.789956623289957
629.6,639,632,643,244584,604420,2025-10-13,2025-11-14,653.02,11,359836,75368075,44388034,0.801957592787132,85.7611249856123,0.595340988054664
626.49,632,1005,1093,177885,602243,2025-10-13,2025-10-31,653.02,88,424358,386880465,248420262,0.155666427871978,96.6591055456884,0.70462919452779
634.2,645,492,557,222876,601560,2025-10-13,2025-11-14,653.02,65,378684,75368075,44388034,0.798162882626364,86.5592878682386,0.62950329144225
648.84,667,220,329,179080,597464,2025-10-13,2025-11-07,653.02,109,418384,105052481,67146703,0.568729071710358,87.9409292580153,0.700266459569112
646.11,656,591,604,143022,597356,2025-10-13,2025-10-24,653.02,13,454334,132128798,101392771,0.452101289833879,92.4071828762114,0.760574933540468
637.7,647.5,76,603,30780,590940,2025-10-13,2025-11-07,653.02,527,560160,105052481,67146703,0.56251884236794,88.5034481003833,0.947913493755711
610.87,615,1223,1424,172443,588112,2025-10-13,2025-11-07,653.02,201,415669,105052481,67146703,0.559826854541398,89.0632749549247,0.706785442228691
374.61,375,14692,14689,352608,572871,2025-10-13,2025-12-19,653.02,-3,220263,701482881,312345801,0.081665713521525,98.6563002098408,0.384489701870054
626.81,635,409,689,130880,564291,2025-10-13,2025-11-14,653.02,280,433411,75368075,44388034,0.748713563402011,87.3080014316407,0.768062932068738
634.33,648,196,410,124264,560470,2025-10-13,2025-11-28,653.02,214,436206,270802865,175543235,0.206966052593277,93.7630209340658,0.778286081324603
622.13,627,1235,1135,182780,552745,2025-10-13,2025-10-31,653.02,-100,369965,386880465,248420262,0.142872295193297,96.8019778408817,0.669323105591186
570.97,572,5317,5315,233948,547445,2025-10-13,2025-10-31,653.02,-2,313497,386880465,248420262,0.141502363010239,96.9434802038919,0.572654787238901
622.96,632,552,598,234048,540592,2025-10-13,2025-11-28,653.02,46,306544,270802865,175543235,0.199625657579361,93.9626465916452,0.567052416609939
622.3,625,2011,1992,130715,537840,2025-10-13,2025-10-24,653.02,-19,407125,132128798,101392771,0.407057362317033,92.8142402385285,0.756963037334523
614.59,620,542,990,114904,535590,2025-10-13,2025-11-14,653.02,448,420686,75368075,44388034,0.710632452799146,88.0186338844398,0.785462760693814
623.05,633,585,538,269685,535310,2025-10-13,2025-11-28,653.02,-47,265625,270802865,175543235,0.197675161228446,94.1603217528736,0.496207804823373
608.4,609,8852,8883,203596,532980,2025-10-13,2025-10-17,653.02,31,329384,520620291,402762213,0.1023740352064,98.3883278955795,0.618004427933506
641.42,659,293,303,250222,532674,2025-10-13,2025-11-28,653.02,10,282452,270802865,175543235,0.196701759414547,94.3570235122882,0.53025302530253
649.78,672,317,239,337922,531058,2025-10-13,2025-11-14,653.02,-78,193136,75368075,44388034,0.704619296698237,88.723253181138,0.363681556440163
639.89,647,543,741,82536,526851,2025-10-13,2025-10-24,653.02,198,444315,132128798,101392771,0.398740477454431,93.2129807159829,0.843340906632046
429.22,430,6738,6741,316686,525798,2025-10-13,2025-12-19,653.02,3,209112,701482881,312345801,0.0749552147659609,98.7312554246067,0.397704061255463
458.95,460,5027,5000,326755,525000,2025-10-13,2025-12-19,653.02,-27,198245,701482881,312345801,0.074841455753216,98.8060968803599,0.377609523809524
523.85,525,4371,4393,240405,505195,2025-10-13,2025-11-21,653.02,22,264790,843514497,487080926,0.0598916796091532,99.4237790794009,0.52413424519245
364.62,365,13270,13273,291940,504374,2025-10-13,2025-12-19,653.02,3,212434,701482881,312345801,0.0719011131506144,98.8779979935106,0.421183486856975
652.66,672.5,253,253,260590,501952,2025-10-13,2025-11-07,653.02,0,241362,105052481,67146703,0.477810704918049,89.5410856598427,0.480846774193548
660.09,677,298,296,338528,500536,2025-10-13,2025-10-31,653.02,-2,162008,386880465,248420262,0.129377429279093,97.072857633171,0.323669026803267
638.24,649,460,461,182160,496036,2025-10-13,2025-11-07,653.02,1,313876,105052481,67146703,0.472179233920235,90.013264893763,0.632768589376577
646.97,665,491,273,407530,492219,2025-10-13,2025-11-14,653.02,-218,84689.0000000001,75368075,44388034,0.653086867350666,89.3763400484887,0.17205552812874
654.28,682,180,177,198180,490644,2025-10-13,2025-10-17,653.02,-3,292464,520620291,402762213,0.09424219694887,98.4825700925283,0.596081884217477
463.88,465,4376,4377,319448,490224,2025-10-13,2025-12-19,653.02,1,170776,701482881,312345801,0.069883957724123,98.9478819512347,0.348363197232286
645.18,663,335,275,270345,490050,2025-10-13,2025-11-14,653.02,-60,219705,75368075,44388034,0.650208991008461,90.0265490394972,0.448331802877257
647.57,662.5,353,326,244982,486718,2025-10-13,2025-11-07,653.02,-27,241736,105052481,67146703,0.463309381527125,90.4765742752901,0.496665420222798
596.97,602,940,962,219960,483886,2025-10-13,2025-11-28,653.02,22,263926,270802865,175543235,0.178685701866559,94.5357092141547,0.545430121970878
636.24,642,233,837,30989,482112,2025-10-13,2025-10-24,653.02,604,451123,132128798,101392771,0.364880334414304,93.5778610503972,0.935722404752423
611.28,612,6413,6666,141086,479952,2025-10-13,2025-10-17,653.02,253,338866,520620291,402762213,0.0921884928991367,98.5747585854275,0.706041437477081
648.94,664,336,314,234528,472884,2025-10-13,2025-11-07,653.02,-22,238356,105052481,67146703,0.450140725377062,90.9267150006671,0.504047504250514
655.7,674,264,257,295152,470310,2025-10-13,2025-11-07,653.02,-7,175158,105052481,67146703,0.447690521464219,91.3744055221314,0.372430949799069
621.27,626,1075,986,141900,466378,2025-10-13,2025-10-31,653.02,-89,324478,386880465,248420262,0.120548345598168,97.1934059787692,0.695740365111562
613.15,615,1735,2514,85015,465090,2025-10-13,2025-10-24,653.02,779,380075,132128798,101392771,0.351997450245479,93.9298585006427,0.817207422219356
645.09,658,191,360,108870,464760,2025-10-13,2025-11-07,653.02,169,355890,105052481,67146703,0.442407447759373,91.8168129698907,0.765750064549445
608.47,610,2232,3037,98208,464661,2025-10-13,2025-10-24,653.02,805,366453,132128798,101392771,0.351672767052645,94.2815312676953,0.78864591605493
598.88,600,2970,4131,106920,462672,2025-10-13,2025-10-24,653.02,1161,355752,132128798,101392771,0.35016741770405,94.6316986853994,0.76890756302521
656,683,241,170,290646,459000,2025-10-13,2025-10-17,653.02,-71,168354,520620291,402762213,0.0881640627410736,98.6629226481686,0.36678431372549
557.74,560,2067,1995,219102,450870,2025-10-13,2025-11-28,653.02,-72,231768,270802865,175543235,0.166493807220245,94.702203021375,0.514046177390379
622.85,630,533,630,149240,450450,2025-10-13,2025-11-14,653.02,97,301210,75368075,44388034,0.597666850320908,90.6242158898181,0.668686868686869
643.37,651,659,589,123233,449407,2025-10-13,2025-10-24,653.02,-70,326174,132128798,101392771,0.340127971193683,94.9718266565931,0.725787537799812
654,686,127,139,231267,444800,2025-10-13,2025-11-21,653.02,12,213533,843514497,487080926,0.0527317552433245,99.4765108346443,0.480065197841727
639.2,646,529,653,84111,444040,2025-10-13,2025-10-24,653.02,124,359929,132128798,101392771,0.336066025515497,95.3078926821086,0.810577875867039
609.99,613,950,1473,88350,443373,2025-10-13,2025-10-31,653.02,523,355023,386880465,248420262,0.114602064490385,97.3080080432596,0.800732114946106
616.17,617,5574,5303,150498,440149,2025-10-13,2025-10-17,653.02,-271,289651,520620291,402762213,0.0845431896545116,98.7474658378231,0.658074879188638
518.98,520,4119,4214,214188,429828,2025-10-13,2025-11-21,653.02,95,215640,843514497,487080926,0.0509568005681828,99.5274676352124,0.501689047712108
614.15,621,660,626,234960,428810,2025-10-13,2025-11-28,653.02,-34,193850,270802865,175543235,0.158347660021987,94.860550681397,0.452065017140458
587.54,591,1216,1238,220096,428348,2025-10-13,2025-11-28,653.02,22,208252,270802865,175543235,0.158177056213936,95.0187277376109,0.486174792458468
384.55,385,9453,9502,245778,427590,2025-10-13,2025-12-19,653.02,49,181812,701482881,312345801,0.0609551582200336,99.0088371094547,0.425201711920298
554.83,555,24991,25087,124955,426479,2025-10-13,2025-10-17,653.02,96,301524,520620291,402762213,0.0819174756290857,98.8293833134522,0.707007847983136
615.53,623,477,569,172197,425043,2025-10-13,2025-11-28,653.02,92,252846,270802865,175543235,0.156956611223445,95.1756843488343,0.594871577699198
661,688,157,157,268156,423900,2025-10-13,2025-10-31,653.02,0,155744,386880465,248420262,0.109568726867613,97.4175767701272,0.367407407407407
630.23,642,344,358,195048,421366,2025-10-13,2025-11-28,653.02,14,226318,270802865,175543235,0.155598796932965,95.3312831457673,0.53710550922476
605.32,608,1524,1568,126492,420224,2025-10-13,2025-10-31,653.02,44,293732,386880465,248420262,0.108618562583665,97.5261953327109,0.698989110569601
582.96,585,1734,2058,136986,419832,2025-10-13,2025-11-07,653.02,324,282846,105052481,67146703,0.39964025218976,92.2164532220805,0.673712342079689
608.42,611,1581,1624,145452,418992,2025-10-13,2025-10-31,653.02,43,273540,386880465,248420262,0.108300117970547,97.6344954506814,0.652852560430748
454.98,455,208324,208325,208324,416650,2025-10-13,2025-10-17,653.02,1,208326,520620291,402762213,0.0800295353835911,98.9094128488357,0.500002400096004
658.36,715,0,73,0,413472,2025-10-13,2025-10-31,653.02,73,413472,386880465,248420262,0.106873320678003,97.7413687713594,1
619.06,628,465,460,188325,411240,2025-10-13,2025-11-28,653.02,-5,222915,270802865,175543235,0.151859545503701,95.483142691271,0.542055733878027
615.79,622,608,660,203680,409860,2025-10-13,2025-11-28,653.02,52,206180,270802865,175543235,0.15134994971342,95.6344926409844,0.503049821890402
549.88,550,33567,34065,134268,408780,2025-10-13,2025-10-17,653.02,498,274512,520620291,402762213,0.0785178770529326,98.9879307258887,0.671539703507999
625.68,632,701,641,157024,405112,2025-10-13,2025-11-07,653.02,-60,248088,105052481,67146703,0.385628208057266,92.6020814301378,0.612393609668437
643.45,656,329,321,187201,402855,2025-10-13,2025-11-07,653.02,-8,215654,105052481,67146703,0.383479758083962,92.9855611882217,0.535314194933661
539.89,540,36463,36182,145852,398002,2025-10-13,2025-10-17,653.02,-281,252150,520620291,402762213,0.0764476542463459,99.064378380135,0.633539529952111
660.57,710,80,80,324800,395440,2025-10-13,2025-12-19,653.02,0,70640,701482881,312345801,0.0563720100248605,99.0652091194796,0.178636455593769
623.89,634,415,390,197955,394290,2025-10-13,2025-11-28,653.02,-25,196335,270802865,175543235,0.145600379818729,95.7800930208032,0.497945674503538
606.53,610,1076,1117,133424,387599,2025-10-13,2025-11-07,653.02,41,254175,105052481,67146703,0.368957492779252,93.354518681001,0.655767945737734
641.72,649,354,532,59472,387296,2025-10-13,2025-10-24,653.02,178,327824,132128798,101392771,0.293120050936965,95.6010127330455,0.846443030653557
628.82,638,198,420,69498,385560,2025-10-13,2025-11-14,653.02,222,316062,75368075,44388034,0.511569387966987,91.1357852777851,0.819747899159664
659.5,720,66,63,331584,381150,2025-10-13,2025-11-28,653.02,-3,49566,270802865,175543235,0.140748141641707,95.9208411624449,0.13004329004329
612.6,616,1142,1121,109632,381140,2025-10-13,2025-10-31,653.02,-21,271508,386880465,248420262,0.0985162174058078,97.8398849887652,0.712357663850554
643.11,657,179,274,96481,380586,2025-10-13,2025-11-07,653.02,95,284105,105052481,67146703,0.362281781807704,93.7168004628087,0.746493565186318
528.81,530,3283,3198,196980,380562,2025-10-13,2025-11-21,653.02,-85,183582,843514497,487080926,0.0451162370479093,99.5725838722604,0.482397086414303
659.5,685,68,148,94656,377400,2025-10-13,2025-10-17,653.02,80,282744,520620291,402762213,0.072490451587105,99.1368688317221,0.749189189189189
419.71,420,12984,12994,168792,376826,2025-10-13,2025-11-21,653.02,10,208034,843514497,487080926,0.04467332824038,99.6172572005007,0.552069124741923
631.49,644,294,298,178752,372798,2025-10-13,2025-11-28,653.02,4,194046,270802865,175543235,0.137663979293572,96.0585051417385,0.520512449101122
609.72,616,603,593,178488,372404,2025-10-13,2025-11-28,653.02,-10,193916,270802865,175543235,0.137518486002724,96.1960236277412,0.520714063221663
648.47,667,235,200,211500,370600,2025-10-13,2025-11-14,653.02,-35,159100,75368075,44388034,0.491720134818357,91.6275054126034,0.429303831624393
636.9,643,583,607,75207,370270,2025-10-13,2025-10-24,653.02,24,295063,132128798,101392771,0.280234139419024,95.8812468724645,0.796886056121209
633.77,643,709,394,231134,363662,2025-10-13,2025-11-07,653.02,-315,132528,105052481,67146703,0.346171738676024,94.0629722014847,0.36442630794529
595.93,601,665,712,150955,360984,2025-10-13,2025-11-28,653.02,47,210029,270802865,175543235,0.133301396201994,96.3293250239432,0.581823571127806
379.57,380,7975,8390,199375,360770,2025-10-13,2025-12-19,653.02,415,161395,701482881,312345801,0.0514296228420719,99.1166387423216,0.447362585580841
633.44,644,308,339,129360,357984,2025-10-13,2025-11-14,653.02,31,228624,75368075,44388034,0.474980951815474,92.1024863644189,0.638643067846608
654.23,681,117,131,119925,350687,2025-10-13,2025-10-17,653.02,14,230762,520620291,402762213,0.067359456798429,99.2042282885206,0.658028384285702
657.83,681,148,150,244496,347550,2025-10-13,2025-11-28,653.02,2,103054,270802865,175543235,0.128340591965303,96.4576656159085,0.296515609264854
651.04,669,205,191,208280,343036,2025-10-13,2025-11-14,653.02,-14,134756,75368075,44388034,0.455147620527657,92.5576339849466,0.392833405240266
439.14,440,3968,3974,198400,341764,2025-10-13,2025-12-19,653.02,6,143364,701482881,312345801,0.0487202195886517,99.1653589619103,0.419482449877693
589.41,591,2115,2149,126900,341691,2025-10-13,2025-10-31,653.02,34,214791,386880465,248420262,0.0883195278417586,97.928204516607,0.628611815938962
659,680,198,162,208098,340200,2025-10-13,2025-10-24,653.02,-36,132102,132128798,101392771,0.257476042429448,96.138722914894,0.388306878306878
623.84,627,840,1076,68040,340016,2025-10-13,2025-10-24,653.02,236,271976,132128798,101392771,0.257336784370051,96.3960596992641,0.799891769799068
610.04,615,305,682,57340,338272,2025-10-13,2025-11-14,653.02,377,280932,75368075,44388034,0.448826641784336,93.0064606267309,0.830491438842115
585.87,589,863,1077,150162,337101,2025-10-13,2025-11-28,653.02,214,186939,270802865,175543235,0.124482065579328,96.5821476814878,0.554548933405715
642.06,657,178,225,116590,336150,2025-10-13,2025-11-14,653.02,47,219560,75368075,44388034,0.446011126063655,93.4524717527945,0.653160791313402
359.66,360,9751,9823,195020,333982,2025-10-13,2025-12-19,653.02,72,138962,701482881,312345801,0.0476108553816583,99.212969817292,0.416076315490056
647.59,663,243,216,161595,332856,2025-10-13,2025-11-07,653.02,-27,171261,105052481,67146703,0.316847347946023,94.3798195494307,0.514519792342635
587.86,590,1831,1552,146480,332128,2025-10-13,2025-11-07,653.02,-279,185648,105052481,67146703,0.316154360980775,94.6959739104115,0.558965218229116
389.56,390,7483,7483,224490,329252,2025-10-13,2025-12-19,653.02,0,104762,701482881,312345801,0.0469365695041103,99.2599063867961,0.318181818181818
394.46,395,5902,5898,177060,318492,2025-10-13,2025-12-19,653.02,-4,141432,701482881,312345801,0.0454026760490539,99.3053090628451,0.444067668889642
644.38,659,85,217,59075,317254,2025-10-13,2025-11-14,653.02,132,258179,75368075,44388034,0.420939502567898,93.8734112553624,0.81379273389776
543.5,545,2032,2110,146304,316500,2025-10-13,2025-11-21,653.02,78,170196,843514497,487080926,0.0375215839355041,99.6547787844362,0.537744075829384
259.89,260,28182,28182,140910,310002,2025-10-13,2025-12-19,653.02,0,169092,701482881,312345801,0.044192382793159,99.3495014456383,0.545454545454545
648.16,668,186,156,182094,309504,2025-10-13,2025-11-14,653.02,-30,127410,75368075,44388034,0.410656634125258,94.2840678894877,0.411658653846154
654.13,679,303,123,266640,305901,2025-10-13,2025-10-17,653.02,-180,39261,520620291,402762213,0.0587570260491441,99.2629853145697,0.128345445094982
620.99,622,2842,2957,88102,298657,2025-10-13,2025-10-17,653.02,115,210555,520620291,402762213,0.0573656089020933,99.3203509234718,0.705006077205624
598.98,604,600,588,142800,295176,2025-10-13,2025-11-28,653.02,-12,152376,270802865,175543235,0.109000323907208,96.691148005395,0.516220830961867
633.34,642,287,334,100163,289244,2025-10-13,2025-11-07,653.02,47,189081,105052481,67146703,0.275332859582821,94.9713067699943,0.653707596354635
618.7,625,260,458,62920,288540,2025-10-13,2025-11-14,653.02,198,225620,75368075,44388034,0.382841143282484,94.6669090327702,0.781936646565468
409.37,410,4562,4559,159670,287217,2025-10-13,2025-12-19,653.02,-3,127547,701482881,312345801,0.0409442636134694,99.3904457092518,0.444078867197972
614.63,618,855,851,97470,286787,2025-10-13,2025-10-31,653.02,-4,189317,386880465,248420262,0.0741280643363577,98.0023325809433,0.660131038017762
667.7,700,85,88,252110,284240,2025-10-13,2025-11-28,653.02,3,32129.9999999999,270802865,175543235,0.104961961905388,96.7961099673004,0.113038277511962
640.51,654,133,209,77140,281941,2025-10-13,2025-11-14,653.02,76,204801,75368075,44388034,0.374085446656293,95.0409944794265,0.726396657456702
592.2,596,741,741,152646,281580,2025-10-13,2025-11-28,653.02,0,128934,270802865,175543235,0.103979697556006,96.9000896648564,0.457894736842105
633.1,638,512,570,52224,279300,2025-10-13,2025-10-24,653.02,58,227076,132128798,101392771,0.211384652118004,96.6074443513821,0.813018259935553
627.34,631,723,759,60732,277794,2025-10-13,2025-10-24,653.02,36,217062,132128798,101392771,0.210244855175327,96.8176892065574,0.781377567550055
564.8,565,13889,13847,97223,276940,2025-10-13,2025-10-17,653.02,-42,179717,520620291,402762213,0.0531942386394617,99.3735451621112,0.648938398208998
349.68,350,8554,8651,153972,276832,2025-10-13,2025-12-19,653.02,97,122860,701482881,312345801,0.0394638283410939,99.4299095375928,0.443807074326667
539.4,540,4616,4609,115400,276540,2025-10-13,2025-10-31,653.02,-7,161140,386880465,248420262,0.0714794426231885,98.0738120235665,0.582700513488103
606.43,609,639,1075,53676,276275,2025-10-13,2025-10-31,653.02,436,222599,386880465,248420262,0.0714109460140356,98.1452229695805,0.805715319880554
504.85,505,18197,18197,218364,272955,2025-10-13,2025-10-31,653.02,0,54591,386880465,248420262,0.0705527998163464,98.2157757693969,0.2
624.78,628,777,839,58275,270158,2025-10-13,2025-10-24,653.02,62,211883,132128798,101392771,0.204465645710332,97.0221548522677,0.784292895268695
605.54,610,488,597,81984,266262,2025-10-13,2025-11-14,653.02,109,184278,75368075,44388034,0.353282208680532,95.394276688107,0.692092750749262
633.55,647,221,193,136136,259585,2025-10-13,2025-11-28,653.02,-28,123449,270802865,175543235,0.0958575530580151,96.9959472179144,0.475562917734076
635.7,644,376,311,126712,258130,2025-10-13,2025-11-07,653.02,-65,131418,105052481,67146703,0.245715282059831,95.2170220520541,0.509115561926161
613.73,617,664,789,74368,258003,2025-10-13,2025-10-31,653.02,125,183635,386880465,248420262,0.0666880401935001,98.2824638095904,0.711755289667175
641.99,654,200,214,101600,257014,2025-10-13,2025-11-07,653.02,14,155414,105052481,67146703,0.244652955887829,95.461675007942,0.604690795053966
579.46,583,723,722,117126,255588,2025-10-13,2025-11-28,653.02,-1,138462,270802865,175543235,0.0943815716277595,97.0903287895422,0.541739048781633
647,666,42,133,38682,252700,2025-10-13,2025-11-14,653.02,91,214018,75368075,44388034,0.33528785231678,95.7295645404238,0.846925207756233
274.87,275,19176,19196,134232,249548,2025-10-13,2025-12-19,653.02,20,115316,701482881,312345801,0.0355743535243877,99.4654838911172,0.462099475852341
637.11,649,142,209,69438,248501,2025-10-13,2025-11-14,653.02,67,179063,75368075,44388034,0.329716527853471,96.0592810682773,0.720572553027956
611,614,865,816,89095,244800,2025-10-13,2025-10-31,653.02,-49,155705,386880465,248420262,0.063275358191063,98.3457391677815,0.636049836601307
654.53,680,103,96,135548,244512,2025-10-13,2025-11-07,653.02,-7,108964,105052481,67146703,0.23275223742693,95.6944272453689,0.445638659861275
617.34,621,550,665,64900,243390,2025-10-13,2025-10-31,653.02,115,178490,386880465,248420262,0.0629109045348154,98.4086500723163,0.733349767862279
615.3,619,753,653,86595,241610,2025-10-13,2025-10-31,653.02,-100,155015,386880465,248420262,0.0624508141035242,98.4711008864198,0.641591821530566
604.5,607,892,965,78496,241250,2025-10-13,2025-10-31,653.02,73,162754,386880465,248420262,0.0623577621061844,98.533458648526,0.674627979274611
589.16,590,2572,2870,72016,241080,2025-10-13,2025-10-24,653.02,298,169064,132128798,101392771,0.182458331301856,97.2046131835696,0.701277584204413
534.49,535,4686,4684,107778,238884,2025-10-13,2025-10-31,653.02,-2,131106,386880465,248420262,0.0617462037014456,98.5952048522274,0.548827045762797
597.24,600,639,858,61344,236808,2025-10-13,2025-11-07,653.02,219,175464,105052481,67146703,0.225418759981499,95.9198460053504,0.740954697476437
641.45,653,133,205,61047,236775,2025-10-13,2025-11-07,653.02,72,175728,105052481,67146703,0.225387347110822,96.1452333524612,0.742172949002217
239.91,240,26488,25892,105952,233028,2025-10-13,2025-12-19,653.02,-596,127076,701482881,312345801,0.0332193423833532,99.4987032335006,0.545325025318846
439.65,440,6576,6571,111792,229985,2025-10-13,2025-11-21,653.02,-5,118193,843514497,487080926,0.0272650915684262,99.6820438760047,0.513916124964672
635.81,641,391,442,47311,229398,2025-10-13,2025-10-24,653.02,51,182087,132128798,101392771,0.173616958204675,97.3782301417742,0.793760189713947
620.74,629,263,277,108882,228802,2025-10-13,2025-11-28,653.02,14,119920,270802865,175543235,0.0844902434839454,97.1748190330261,0.524121292646043
659.32,677,119,128,104125,226304,2025-10-13,2025-10-24,653.02,9,122179,132128798,101392771,0.171275303662416,97.5495054454367,0.539888822115385
626.45,633,323,344,76551,225320,2025-10-13,2025-11-07,653.02,21,148769,105052481,67146703,0.214483273365053,96.3597166258263,0.660256524054678
627.49,634,354,346,90624,225246,2025-10-13,2025-11-07,653.02,-8,134622,105052481,67146703,0.214412832382321,96.5741294582086,0.597666551237314
637.54,648,182,214,70798,223844,2025-10-13,2025-11-07,653.02,32,153046,105052481,67146703,0.213078261331115,96.7872077195397,0.683717231643466
249.9,250,22239,22217,88956,222170,2025-10-13,2025-12-19,653.02,-22,133214,701482881,312345801,0.0316714785232229,99.5303747120238,0.599603906918126
324.77,325,9630,9587,115560,220501,2025-10-13,2025-12-19,653.02,-43,104941,701482881,312345801,0.0314335539715046,99.5618082659953,0.47592074412361
429.98,430,109986,109996,109986,219992,2025-10-13,2025-10-17,653.02,10,110006,520620291,402762213,0.0422557483453906,99.4158009104567,0.500045456198407
546.31,547,3244,3187,87588,219903,2025-10-13,2025-10-31,653.02,-57,132315,386880465,248420262,0.0568400371417047,98.6520448893691,0.601697111908432
499.69,500,6985,7082,83820,219542,2025-10-13,2025-10-31,653.02,97,135722,386880465,248420262,0.0567467266665946,98.7087916160357,0.618205172586567
533.67,535,1654,1646,107510,218918,2025-10-13,2025-11-21,653.02,-8,111408,843514497,487080926,0.0259530809225677,99.7079969569272,0.508902876876273
299.83,300,12801,12855,128010,218535,2025-10-13,2025-12-19,653.02,54,90525,701482881,312345801,0.031153290539103,99.5929615565344,0.414235705950992
334.73,335,8064,8084,112896,218268,2025-10-13,2025-12-19,653.02,20,105372,701482881,312345801,0.0311152283130342,99.6240767848474,0.482764308098301
617.07,618,2428,2342,63128,217806,2025-10-13,2025-10-17,653.02,-86,154678,520620291,402762213,0.0418358645956041,99.4576367750522,0.710164090980047
611.34,618,297,327,107514,217782,2025-10-13,2025-11-28,653.02,30,110268,270802865,175543235,0.0804208626079344,97.2552398956341,0.506322836598066
562.1,563,2408,2409,132440,216810,2025-10-13,2025-10-31,653.02,1,84370,386880465,248420262,0.0560405653978936,98.7648321814336,0.389142567224759
524.54,525,4682,4670,84276,214820,2025-10-13,2025-10-31,653.02,-12,130544,386880465,248420262,0.0555261946348209,98.8203583760684,0.607690159203054
615.82,624,239,262,88191,214316,2025-10-13,2025-11-28,653.02,23,126125,270802865,175543235,0.0791409647752434,97.3343808604093,0.588500158644245
598.64,603,486,486,117126,211896,2025-10-13,2025-11-28,653.02,0,94770,270802865,175543235,0.0782473257806929,97.41262818619,0.447247706422018
606.23,612,340,366,94860,211182,2025-10-13,2025-11-28,653.02,26,116322,270802865,175543235,0.0779836653500693,97.4906118515401,0.550813989828679
607.46,608,3634,3886,69046,209844,2025-10-13,2025-10-17,653.02,252,140798,520620291,402762213,0.0403065350366838,99.4979433100889,0.670965097882236
636.51,647,192,199,71232,208751,2025-10-13,2025-11-07,653.02,7,137519,105052481,67146703,0.198711156569448,96.9859188761092,0.658770496907799
654.57,678,78,87,80574,203841,2025-10-13,2025-10-24,653.02,9,123267,132128798,101392771,0.154274467856735,97.7037799132934,0.604721326916567
599.9,602,931,962,71687,202020,2025-10-13,2025-10-31,653.02,31,130333,386880465,248420262,0.0522176791738503,98.8725760552423,0.645148995148995
659.43,684,82,80,118900,196560,2025-10-13,2025-10-24,653.02,-2,77660,132128798,101392771,0.148763935625903,97.8525438489193,0.395095645095645
588.7,593,251,457,50200,196510,2025-10-13,2025-11-28,653.02,206,146310,270802865,175543235,0.072565701991373,97.5631775535314,0.744542262480281
646.8,662,109,129,84148,196080,2025-10-13,2025-11-14,653.02,20,111932,75368075,44388034,0.260163205707456,96.3194442739847,0.570848633210934
479.4,480,3202,3260,99262,195600,2025-10-13,2025-11-21,653.02,58,96338,843514497,487080926,0.0231886945269656,99.7311856514542,0.492525562372188
414.76,415,8148,8138,105924,195312,2025-10-13,2025-11-21,653.02,-10,89388,843514497,487080926,0.0231545516638584,99.7543402031181,0.457667731629393
618.3,626,256,251,101888,193270,2025-10-13,2025-11-28,653.02,-5,91382,270802865,175543235,0.0713692597011483,97.6345468132326,0.472820406684949
414.36,415,2990,3005,116610,192320,2025-10-13,2025-12-19,653.02,15,75710,701482881,312345801,0.0274162071818257,99.6514929920293,0.393666805324459
660.29,697,51,52,146625,190892,2025-10-13,2025-11-28,653.02,1,44267,270802865,175543235,0.0704911301436933,97.7050379433763,0.23189552207531
587.76,592,395,447,77025,189528,2025-10-13,2025-11-28,653.02,52,112503,270802865,175543235,0.0699874427104012,97.7750253860867,0.593595669241484
601.7,606,471,439,119163,188770,2025-10-13,2025-11-28,653.02,-32,69607,270802865,175543235,0.0697075342980585,97.8447329203847,0.368739736186894
429.69,430,6039,6040,108702,187240,2025-10-13,2025-11-21,653.02,1,78538,843514497,487080926,0.022197603083993,99.7765378062021,0.419450972014527
580.97,584,628,616,100480,186648,2025-10-13,2025-11-28,653.02,-12,86168,270802865,175543235,0.0689239384524237,97.9136568588372,0.461660451759462
564.08,565,2091,2020,77367,185840,2025-10-13,2025-10-31,653.02,-71,108473,386880465,248420262,0.0480355088489671,98.9206115640913,0.583690271201033
601.72,604,812,804,69020,183312,2025-10-13,2025-10-31,653.02,-8,114292,386880465,248420262,0.0473820770454254,98.9679936411367,0.623483459893515
641.61,656,77,127,50666,182753,2025-10-13,2025-11-14,653.02,50,132087,75368075,44388034,0.24248065245132,96.561924926436,0.722762417032826
653.55,676,49,81,55909,181845,2025-10-13,2025-11-07,653.02,32,125936,105052481,67146703,0.173099196010421,97.1590180721196,0.692545849487201
519.91,520,20197,20146,60591,181314,2025-10-13,2025-10-17,653.02,-51,120723,520620291,402762213,0.0348265334898367,99.5327698435788,0.665822826698435
631.64,641,94,191,39386,178776,2025-10-13,2025-11-14,653.02,97,139390,75368075,44388034,0.237203882413077,96.7991288088491,0.779690786235289
592.14,594,870,949,53070,176514,2025-10-13,2025-10-31,653.02,79,123444,386880465,248420262,0.0456249451623255,99.013618586299,0.699343961385499
643.34,658,81,118,54351,172988,2025-10-13,2025-11-14,653.02,37,118637,75368075,44388034,0.229524238213594,97.0286530470627,0.68581057645617
494.16,495,2033,2043,95551,171612,2025-10-13,2025-11-28,653.02,10,76061,270802865,175543235,0.0633715599722329,97.9770284188094,0.443214926695103
574.29,575,2416,2414,50736,171394,2025-10-13,2025-10-24,653.02,-2,120658,132128798,101392771,0.129717368654182,97.9822612175735,0.703980302694377
499.94,500,28020,28294,56040,169764,2025-10-13,2025-10-17,653.02,274,113724,520620291,402762213,0.0326080260287051,99.5653778696075,0.669894677316746
579.29,580,2298,2362,48258,167702,2025-10-13,2025-10-24,653.02,64,119444,132128798,101392771,0.126923125418881,98.1091843429924,0.712239567804797
660.24,677,121,99,172425,165924,2025-10-13,2025-11-28,653.02,-22,-6500.99999999997,270802865,175543235,0.0612711390627274,98.0382995578721,-0.0391805887032616
572.93,575,367,800,33764,165600,2025-10-13,2025-11-14,653.02,433,131836,75368075,44388034,0.219721679238855,97.2483747263016,0.796111111111111
657.4,681,72,70,100512,165200,2025-10-13,2025-11-07,653.02,-2,64688,105052481,67146703,0.157254734421741,97.3162728065413,0.391573849878935
558.27,559,2240,2242,78400,163666,2025-10-13,2025-10-31,653.02,2,85266,386880465,248420262,0.0423040227683763,99.0559226090674,0.520975645521978
594.94,599,389,403,81301,163618,2025-10-13,2025-11-28,653.02,14,82317,270802865,175543235,0.0604195971117218,98.0987191549838,0.5031047928712
638.36,651,139,129,78952,163056,2025-10-13,2025-11-14,653.02,-10,84104,75368075,44388034,0.216346244746201,97.4647209710478,0.515798253360809
601.74,605,320,490,36800,159740,2025-10-13,2025-11-07,653.02,170,122940,105052481,67146703,0.152057332182378,97.4683301387237,0.76962564166771
594.02,595,1689,1621,57426,158858,2025-10-13,2025-10-24,653.02,-68,101432,132128798,101392771,0.120229656520451,98.2294139995128,0.638507346183384
654.39,667.5,120,120,105840,157320,2025-10-13,2025-11-07,653.02,0,51480,105052481,67146703,0.149753721666031,97.6180838603898,0.327231121281464
657.87,800,5,11,65115,156343,2025-10-13,2025-12-19,653.02,6,91228,701482881,312345801,0.0222875004130001,99.6737804924423,0.583511893720857
602.45,608,283,277,74429,153735,2025-10-13,2025-11-28,653.02,-6,79306,270802865,175543235,0.0567700788542248,98.1554892338381,0.515861710085537
606.41,607,2130,2601,51120,153459,2025-10-13,2025-10-17,653.02,471,102339,520620291,402762213,0.0294761849764323,99.5948540545839,0.666881707817723
570.06,573,515,516,71070,151704,2025-10-13,2025-11-28,653.02,1,80634,270802865,175543235,0.0560200867889636,98.211509320627,0.531521911090017
509.12,510,1553,1720,71438,151360,2025-10-13,2025-11-21,653.02,167,79922,843514497,487080926,0.0179439713885558,99.7944817775906,0.528025898520085
628.5,636,202,201,54136,150750,2025-10-13,2025-11-07,653.02,-1,96614,105052481,67146703,0.143499704685699,97.7615835650754,0.640888888888889
629.69,637,193,203,53075,148393,2025-10-13,2025-11-07,653.02,10,95318,105052481,67146703,0.14125606419519,97.9028396292706,0.642334881025385
645.05,661,20,93,15600,148335,2025-10-13,2025-11-14,653.02,73,132735,75368075,44388034,0.196814101992123,97.6615350730399,0.894832642329862
289.84,290,9214,9215,82926,147440,2025-10-13,2025-12-19,653.02,1,64514,701482881,312345801,0.0210183318785794,99.6947988243208,0.437561041779707
577.81,579,1230,1235,60270,146965,2025-10-13,2025-10-31,653.02,5,86695,386880465,248420262,0.0379871855251208,99.0939097945925,0.589902357704215
653,679,51,56,50643,145600,2025-10-13,2025-10-24,653.02,5,94957,132128798,101392771,0.11019550787104,98.3396095073839,0.652177197802198
630.09,638,179,184,49762,145544,2025-10-13,2025-11-07,653.02,5,95782,105052481,67146703,0.138544086360036,98.0413837156307,0.658096520639807
544.88,545,12023,11938,48092,143256,2025-10-13,2025-10-17,653.02,-85,95164,520620291,402762213,0.027516407346482,99.6223704619304,0.664293293125593
557.4,558,2370,2374,80580,142440,2025-10-13,2025-10-31,653.02,4,61860,386880465,248420262,0.0368175736141136,99.1307273682066,0.434288121314238
623.17,626,471,496,36738,140368,2025-10-13,2025-10-24,653.02,25,103630,132128798,101392771,0.106235735225564,98.4458452426094,0.738273680610965
404.41,405,2314,2316,78676,136644,2025-10-13,2025-12-19,653.02,2,57968,701482881,312345801,0.0194793064379856,99.7142781307588,0.424226457070929
583.16,586,315,479,51975,136036,2025-10-13,2025-11-28,653.02,164,84061,270802865,175543235,0.0502343282077167,98.2617436488347,0.617932017995237
569.44,570,2362,2417,44878,135352,2025-10-13,2025-10-24,653.02,55,90474,132128798,101392771,0.102439439432424,98.5482846820418,0.668434895679414
590.34,594,363,366,68970,133956,2025-10-13,2025-11-28,653.02,3,64986,270802865,175543235,0.0494662417991774,98.3112098906339,0.485129445489564
621.1,624,472,459,37288,133110,2025-10-13,2025-10-24,653.02,-13,95822,132128798,101392771,0.100742610252157,98.649027292294,0.719870783562467
653.54,686,44,41,83908,133086,2025-10-13,2025-11-28,653.02,-3,49178,270802865,175543235,0.0491449748879134,98.3603548655218,0.369520460454142
533.5,535,857,887,71988,133050,2025-10-13,2025-11-28,653.02,30,61062,270802865,175543235,0.0491316810846887,98.4094865466065,0.458940248027058
149.98,150,66607,66497,66607,132994,2025-10-13,2025-12-19,653.02,-110,66387,701482881,312345801,0.0189589801265585,99.7332371108854,0.49917289501782
219.94,220,21766,21636,65298,129816,2025-10-13,2025-12-19,653.02,-130,64518,701482881,312345801,0.0185059398477324,99.7517430507331,0.496995747827695
629.42,633,395,358,36340,128164,2025-10-13,2025-10-24,653.02,-37,91824,132128798,101392771,0.0969992930685709,98.7460265853626,0.716457039418246
494.23,495,1650,1653,62700,127281,2025-10-13,2025-11-21,653.02,3,64581,843514497,487080926,0.0150893672192572,99.8095711448099,0.507389162561576
354.66,355,3717,3738,74340,127092,2025-10-13,2025-12-19,653.02,21,52752,701482881,312345801,0.0181176196087385,99.7698606703419,0.415069398545935
534.9,535,12001,12700,48004,127000,2025-10-13,2025-10-17,653.02,699,78996,520620291,402762213,0.0243939781440443,99.6467644400744,0.622015748031496
643.9,657.5,56,93,33096,126480,2025-10-13,2025-11-07,653.02,37,93384,105052481,67146703,0.12039696616018,98.1617806817908,0.738330170777989
656.5,700,22,29,64020,126150,2025-10-13,2025-10-17,653.02,7,62130,520620291,402762213,0.0242307113611905,99.6709951514356,0.492508917954816
304.85,305,8375,8390,83750,125850,2025-10-13,2025-12-19,653.02,15,42100,701482881,312345801,0.0179405661076995,99.7878012364496,0.334525228446563
584.28,588,339,338,57291,125736,2025-10-13,2025-11-28,653.02,-1,68445,270802865,175543235,0.0464308233962,98.4559173700027,0.544354838709678
523.69,525,979,956,70488,125236,2025-10-13,2025-11-28,653.02,-23,54748,270802865,175543235,0.0462461872403012,98.502163557243,0.437158644479223
603.39,604,1834,2052,31178,125172,2025-10-13,2025-10-17,653.02,218,93994,520620291,402762213,0.0240428585216245,99.6950380099572,0.750918735819512
641.14,652.5,20,109,9580,123824,2025-10-13,2025-11-07,653.02,89,114244,105052481,67146703,0.11786870602323,98.2796493878141,0.922632123013309
659,681,32,56,38400,123200,2025-10-13,2025-10-24,653.02,24,84800,132128798,101392771,0.0932423528139566,98.8392689381765,0.688311688311688
543.21,545,678,684,61698,122436,2025-10-13,2025-11-28,653.02,6,60738,270802865,175543235,0.0452122247672675,98.5473757820103,0.49607958443595
624.5,631,192,188,44352,122200,2025-10-13,2025-11-07,653.02,-4,77848,105052481,67146703,0.11632281202383,98.3959721998379,0.637054009819967
369.6,370,3043,3046,66946,121840,2025-10-13,2025-12-19,653.02,3,54894,701482881,312345801,0.0173689199408987,99.8051701563905,0.450541694024951
631.83,642,73,119,28981,121023,2025-10-13,2025-11-14,653.02,46,92042,75368075,44388034,0.160575946778527,97.8221110198184,0.760533121803294
409.85,410,8006,8030,40030,120450,2025-10-13,2025-11-07,653.02,24,80420,105052481,67146703,0.114656977972753,98.5106291778107,0.667662930676629
622.84,629,182,194,37310,119504,2025-10-13,2025-11-07,653.02,12,82194,105052481,67146703,0.113756475679998,98.6243856534907,0.687792877225867
639.24,652,73,93,42194,118668,2025-10-13,2025-11-14,653.02,20,76474,75368075,44388034,0.157451281593699,97.9795623014121,0.644436579364277
655.65,678,53,53,69854,118455,2025-10-13,2025-11-14,653.02,0,48601,75368075,44388034,0.157168668564243,98.1367309699763,0.410290827740492
606.61,613,132,184,38148,117576,2025-10-13,2025-11-28,653.02,52,79428,270802865,175543235,0.0434175613319305,98.5907933433422,0.675546029802
651.69,730,7,15,41545,117465,2025-10-13,2025-11-21,653.02,8,75920,843514497,487080926,0.0139256646350205,99.8234968094449,0.646320180479292
504.13,505,1299,1316,55857,114492,2025-10-13,2025-11-21,653.02,17,58635,843514497,487080926,0.0135732107044036,99.8370700201493,0.512131852007127
605.5,606,2242,2281,42598,114050,2025-10-13,2025-10-17,653.02,39,71452,520620291,402762213,0.0219065606876241,99.7169445706449,0.626497150372644
369.86,370,8420,8112,58940,113568,2025-10-13,2025-11-21,653.02,-308,54628,843514497,487080926,0.0134636690186013,99.8505336891679,0.481015779092702
605.75,611,217,215,57939,112875,2025-10-13,2025-11-28,653.02,-2,54936,270802865,175543235,0.0416816121941694,98.6324749555364,0.486697674418605
660.2,679,57,60,62415,112800,2025-10-13,2025-10-31,653.02,3,50385,386880465,248420262,0.0291562924998035,99.1598836607064,0.446675531914894
663.49,688,47,46,96491,112746,2025-10-13,2025-11-21,653.02,-1,16255,843514497,487080926,0.0133662195968162,99.8638999087647,0.144173629219662
584.24,585,1445,1476,34680,112176,2025-10-13,2025-10-24,653.02,31,77496,132128798,101392771,0.0848989786465779,98.9241679168231,0.69084296106119
603.69,605,911,845,40995,110695,2025-10-13,2025-10-24,653.02,-66,69700,132128798,101392771,0.0837781026358841,99.007946019459,0.629658069470166
544.37,545,1787,1748,44675,110124,2025-10-13,2025-10-31,653.02,-39,65449,386880465,248420262,0.0284646059862444,99.1883482666927,0.594320947295776
329.76,330,4551,4587,59163,110088,2025-10-13,2025-12-19,653.02,36,50925,701482881,312345801,0.0156936117732572,99.8208637681637,0.462584477872248
595.13,597,595,588,36295,109956,2025-10-13,2025-10-31,653.02,-7,73661,386880465,248420262,0.0284211817208191,99.2167694484135,0.66991341991342
592.98,597,118,273,23364,109746,2025-10-13,2025-11-28,653.02,155,86382,270802865,175543235,0.0405261591305542,98.6730011146669,0.787108413974086
404.99,405,106971,106856,106971,106856,2025-10-13,2025-10-17,653.02,-115,-115,520620291,402762213,0.0205247474689764,99.7374693181138,-0.001076214718874
565.96,567,1027,1019,41080,105976,2025-10-13,2025-10-31,653.02,-8,64896,386880465,248420262,0.0273924401946736,99.2441618886082,0.612365063788027
661.1,695,30,31,69600,105090,2025-10-13,2025-11-07,653.02,1,35490,105052481,67146703,0.10003571453015,98.7244213680208,0.337710533828147
584.52,586,610,708,37210,104784,2025-10-13,2025-10-31,653.02,98,67574,386880465,248420262,0.0270843346923707,99.2712462233005,0.644888532600397
655.87,682,42,40,50274,104520,2025-10-13,2025-10-24,653.02,-2,54246,132128798,101392771,0.0791046324359963,99.087050651895,0.519001148105626
633.28,643,70,107,28210,104004,2025-10-13,2025-11-14,653.02,37,75794,75368075,44388034,0.13799476767849,98.2747257376548,0.728760432291066
653.9,682,37,37,59200,103970,2025-10-13,2025-11-14,653.02,0,44770,75368075,44388034,0.137949655739516,98.4126753933944,0.430604982206406
600.95,605,167,256,24716,103680,2025-10-13,2025-11-14,653.02,89,78964,75368075,44388034,0.137564877436501,98.5502402708309,0.761612654320988
632.67,641,112,124,36624,103292,2025-10-13,2025-11-07,653.02,12,66668,105052481,67146703,0.098324189030814,98.8227455570516,0.645432366494985
489.23,490,1338,1338,58872,103026,2025-10-13,2025-11-28,653.02,0,44154,270802865,175543235,0.0380446491952735,98.7110457638622,0.428571428571429
670.7,687,3,63,5340,102690,2025-10-13,2025-11-07,653.02,60,97350,105052481,67146703,0.0977511421172433,98.9204966991689,0.947998831434414
384.84,385,6558,6358,65580,101728,2025-10-13,2025-11-21,653.02,-200,36148,843514497,487080926,0.0120600179797503,99.8759599267444,0.355339729474678
657.11,720,10,16,49060,100624,2025-10-13,2025-11-21,653.02,6,51564,843514497,487080926,0.011929137004506,99.887889063749,0.512442359675624
635.98,646,59,98,27199,98196,2025-10-13,2025-11-14,653.02,39,70997,75368075,44388034,0.130288587044316,98.6805288578752,0.723013157358752
583.52,587,278,281,46704,97788,2025-10-13,2025-11-28,653.02,3,51084,270802865,175543235,0.0361104008260769,98.7471561646883,0.522395385936925
564,566,498,487,61254,97400,2025-10-13,2025-11-28,653.02,-11,36146,270802865,175543235,0.0359671231690994,98.7831232878574,0.371108829568789
653.85,684,30,32,49530,96480,2025-10-13,2025-11-21,653.02,2,46950,843514497,487080926,0.0114378591409082,99.8993269228899,0.486629353233831
658.1,679,16,46,21760,96140,2025-10-13,2025-11-07,653.02,30,74380,105052481,67146703,0.0915161632403522,99.0120128624092,0.773663407530684
575.27,578,345,345,62790,94185,2025-10-13,2025-11-28,653.02,0,31395,270802865,175543235,0.0347799126866697,98.8179032005441,0.333333333333333
602.43,603,1551,1635,27918,93195,2025-10-13,2025-10-17,653.02,84,65277,520620291,402762213,0.0179007621506631,99.7553700802645,0.700434572670208
637.65,648,48,90,23136,93150,2025-10-13,2025-11-14,653.02,42,70014,75368075,44388034,0.123593444571856,98.804122302447,0.751626409017713
661.1,686,37,37,69967,92130,2025-10-13,2025-10-31,653.02,0,22163,386880465,248420262,0.0238135569858768,99.2950597802864,0.240562248995984
585.58,587,659,647,42835,91874,2025-10-13,2025-10-31,653.02,-12,49039,386880465,248420262,0.0237473866766573,99.3188071669631,0.533763632801446
670.45,683,30,73,41700,91615,2025-10-13,2025-10-31,653.02,43,49915,386880465,248420262,0.0236804409341268,99.3424876078972,0.544834361185396
593.45,598,148,201,30636,91455,2025-10-13,2025-11-28,653.02,53,60819,270802865,175543235,0.0337717992754619,98.8516749998195,0.665015581433492
199.95,200,19762,18278,39524,91390,2025-10-13,2025-12-19,653.02,-1484,51866,701482881,312345801,0.0130281155072122,99.8338918836709,0.567523799102747
489.28,490,1237,1239,42058,89208,2025-10-13,2025-11-21,653.02,2,47150,843514497,487080926,0.0105757518474517,99.9099026747373,0.528540041251906
279.88,280,7436,7423,52052,89076,2025-10-13,2025-12-19,653.02,-13,37024,701482881,312345801,0.0126982428812828,99.8465901265522,0.415645067133683
562.55,565,351,358,41067,87710,2025-10-13,2025-11-28,653.02,7,46643,270802865,175543235,0.0323888744677794,98.8840638742873,0.531786569376354
586.52,588,591,591,30732,87468,2025-10-13,2025-10-31,653.02,0,56736,386880465,248420262,0.0226085336203264,99.3650961415175,0.648648648648649
479.32,480,1226,1284,47814,87312,2025-10-13,2025-11-28,653.02,58,39498,270802865,175543235,0.0322419040876839,98.916305778375,0.45237768004398
618.71,621,378,379,22302,86791,2025-10-13,2025-10-24,653.02,1,64489,132128798,101392771,0.0656866643106827,99.1527373162057,0.743037872590476
561.89,564,410,409,55760,86299,2025-10-13,2025-11-28,653.02,-1,30539,270802865,175543235,0.0318678312358328,98.9481736096108,0.35387432067579
214.93,215,12650,12310,25300,86170,2025-10-13,2025-12-19,653.02,-340,60870,701482881,312345801,0.0122839776042945,99.8588741041565,0.70639433677614
667.88,699,27,27,84024,84024,2025-10-13,2025-11-28,653.02,0,0,270802865,175543235,0.0310277367264929,98.9792013463373,0
474.5,475,1526,1677,42728,83850,2025-10-13,2025-11-21,653.02,151,41122,843514497,487080926,0.00994055233172833,99.9198432270691,0.490423375074538
639.89,653,41,62,22755,81282,2025-10-13,2025-11-14,653.02,21,58527,75368075,44388034,0.107846724226405,98.9119690266734,0.72004871927364
549.01,551,374,408,35904,81192,2025-10-13,2025-11-28,653.02,34,45288,270802865,175543235,0.0299819575394817,99.0091833038768,0.557788944723618
657.67,679,47,38,74965,81054,2025-10-13,2025-11-28,653.02,-9,6089,270802865,175543235,0.0299309979604536,99.0391143018373,0.0751227576677277
508.88,510,669,723,37464,80976,2025-10-13,2025-11-28,653.02,54,43512,270802865,175543235,0.0299021947201334,99.0690164965574,0.537344398340249
524.36,525,864,1263,25920,80832,2025-10-13,2025-11-07,653.02,399,54912,105052481,67146703,0.076944398866696,99.0889572612759,0.679334916864608
309.82,310,4449,4479,48939,80622,2025-10-13,2025-12-19,653.02,30,31683,701482881,312345801,0.0114930816109253,99.8703671857674,0.39298206444891
607.8,614,157,130,44745,80600,2025-10-13,2025-11-28,653.02,-27,35855,270802865,175543235,0.0297633483308975,99.0987798448883,0.44485111662531
662.4,690,29,29,62089,80040,2025-10-13,2025-10-24,653.02,0,17951,132128798,101392771,0.0605772558378984,99.2133145720436,0.224275362318841
636.34,647,84,75,43092,79950,2025-10-13,2025-11-14,653.02,-9,36858,75368075,44388034,0.106079397676005,99.0180484243494,0.461013133208255
594.09,596,385,416,25410,79456,2025-10-13,2025-10-31,653.02,31,54046,386880465,248420262,0.0205376097239751,99.3856337512415,0.68020036246476
444.62,445,2078,2078,39482,78964,2025-10-13,2025-11-21,653.02,0,39482,843514497,487080926,0.00936130917498624,99.929204536244,0.5
651.84,680,22,28,28798,78848,2025-10-13,2025-11-14,653.02,6,50050,75368075,44388034,0.104617240124549,99.122665664474,0.634765625
592.7,595,249,341,24153,78430,2025-10-13,2025-11-07,653.02,92,54277,105052481,67146703,0.0746579226434452,99.1636151839194,0.692043860767563
661.01,681,39,39,49101,77961,2025-10-13,2025-10-31,653.02,0,28860,386880465,248420262,0.0201511854572445,99.4057849366987,0.370185092546273
558.77,560,318,633,17172,77859,2025-10-13,2025-11-07,653.02,315,60687,105052481,67146703,0.0741143847902079,99.2377295687096,0.779447462721073
546.24,548,426,427,42600,75152,2025-10-13,2025-11-28,653.02,1,32552,270802865,175543235,0.0277515527762234,99.1265313976645,0.43314881839472
553.01,555,380,376,39900,74824,2025-10-13,2025-11-28,653.02,-4,34924,270802865,175543235,0.0276304314579537,99.1541618291225,0.466748636801026
514.91,515,8302,8306,24906,74754,2025-10-13,2025-10-17,653.02,4,49848,520620291,402762213,0.014358641277007,99.7697287215415,0.666827193193675
646.55,664,51,42,43146,73290,2025-10-13,2025-11-14,653.02,-9,30144,75368075,44388034,0.097242764924008,99.219908429398,0.411297584936554
652.9,682,26,25,33800,72750,2025-10-13,2025-10-31,653.02,-1,38950,386880465,248420262,0.0188042577957509,99.4245891944945,0.535395189003436
464.4,465,1209,1210,39897,72600,2025-10-13,2025-11-28,653.02,1,32703,270802865,175543235,0.0268091698365156,99.180970998959,0.450454545454545
449.5,450,1425,1450,38475,72500,2025-10-13,2025-11-28,653.02,25,34025,270802865,175543235,0.0267722426053358,99.2077432415643,0.469310344827586
559.96,562,346,352,41866,71808,2025-10-13,2025-11-28,653.02,6,29942,270802865,175543235,0.0265167061655718,99.2342599477299,0.416973039215686
600.55,601,1551,1590,24816,71550,2025-10-13,2025-10-17,653.02,39,46734,520620291,402762213,0.0137432215449321,99.7834719430865,0.653165618448637
553.99,555,395,708,18960,71508,2025-10-13,2025-11-07,653.02,313,52548,105052481,67146703,0.0680688350425536,99.3057984037521,0.734854841416345
159.98,160,36058,35742,36058,71484,2025-10-13,2025-12-19,653.02,-316,35426,701482881,312345801,0.0101904126153579,99.8805575983828,0.495579430362039
573.55,575,104,490,6864,71050,2025-10-13,2025-11-07,653.02,386,64186,105052481,67146703,0.0676328624737573,99.3734312662259,0.903391977480647
606.52,608,462,480,23562,71040,2025-10-13,2025-10-24,653.02,18,47478,132128798,101392771,0.0537657203238918,99.2670802923675,0.668327702702703
527.55,529,483,483,42987,70035,2025-10-13,2025-11-28,653.02,0,27048,270802865,175543235,0.0258619863567544,99.2601219340866,0.386206896551724
339.73,340,2556,2584,43452,69768,2025-10-13,2025-12-19,653.02,28,26316,701482881,312345801,0.00994578797141024,99.8905033863542,0.37719298245614
653.08,682,24,24,32160,69408,2025-10-13,2025-11-07,653.02,0,37248,105052481,67146703,0.0660698341812603,99.4395011004072,0.536652835408022
547.44,549,452,443,49720,69108,2025-10-13,2025-11-28,653.02,-9,19388,270802865,175543235,0.0255196709237179,99.2856416050103,0.280546391155872
399.82,400,4144,3808,41440,68544,2025-10-13,2025-11-21,653.02,-336,27104,843514497,487080926,0.00812600141951087,99.9373305376636,0.395424836601307
610.32,611,997,996,25922,67728,2025-10-13,2025-10-17,653.02,-1,41806,520620291,402762213,0.013009097257794,99.7964810403442,0.617263170328372
570.16,571,805,804,36225,67536,2025-10-13,2025-10-31,653.02,-1,31311,386880465,248420262,0.0174565547009462,99.4420457491954,0.463619402985075
590.67,591,2019,2013,20190,66429,2025-10-13,2025-10-17,653.02,-6,46239,520620291,402762213,0.0127595871978797,99.8092406275421,0.696066476990471
613.95,616,285,321,12825,65805,2025-10-13,2025-10-24,653.02,36,52980,132128798,101392771,0.049803677166578,99.316883969534,0.805105994985184
619.6,622,277,273,14681,65520,2025-10-13,2025-10-24,653.02,-4,50839,132128798,101392771,0.0495879785419678,99.366471948076,0.775931013431014
549.02,550,566,666,25470,65268,2025-10-13,2025-11-07,653.02,100,39798,105052481,67146703,0.0621289467689963,99.5016300471761,0.609762824048538
169.97,170,21698,21698,43396,65094,2025-10-13,2025-12-19,653.02,0,21698,701482881,312345801,0.00927948518247589,99.8997828715367,0.333333333333333
424.71,425,2224,2230,33360,64670,2025-10-13,2025-11-21,653.02,6,31310,843514497,487080926,0.00766673249007598,99.9449972701536,0.484150301530849
503.96,505,613,621,37393,64584,2025-10-13,2025-11-28,653.02,8,27191,270802865,175543235,0.0238490829851449,99.3094906879955,0.42101758949585
577.16,578,772,764,33196,64176,2025-10-13,2025-10-31,653.02,-8,30980,386880465,248420262,0.0165880693924414,99.4586338185879,0.482734978808277
672.83,687,45,45,63765,63765,2025-10-13,2025-10-24,653.02,0,0,132128798,101392771,0.0482597291167365,99.4147316771927,0
596.07,598,295,330,22125,63690,2025-10-13,2025-10-31,653.02,35,41565,386880465,248420262,0.0164624491960327,99.4750962677839,0.652614225153085
574.61,576,445,445,61855,61855,2025-10-13,2025-11-28,653.02,0,0,270802865,175543235,0.0228413388462489,99.3323320268417,0
194.95,195,12357,12237,24714,61185,2025-10-13,2025-12-19,653.02,-120,36471,701482881,312345801,0.00872223708621052,99.9085051086229,0.59607746996813
655.48,686,0,20,0,61040,2025-10-13,2025-11-14,653.02,20,61040,75368075,44388034,0.0809891986759646,99.300897628074,1
389.77,390,2625,2643,31500,60789,2025-10-13,2025-11-28,653.02,18,29289,270802865,175543235,0.0224476945618725,99.3547797214036,0.481814144006317
651.57,685,9,18,19035,60174,2025-10-13,2025-11-28,653.02,9,41139,270802865,175543235,0.0222205920901169,99.3770003134937,0.683667364642537
548.7,550,302,456,19026,59280,2025-10-13,2025-11-14,653.02,154,40254,75368075,44388034,0.0786539924231845,99.3795516204971,0.679048582995952
596.58,597,1107,1403,19926,58926,2025-10-13,2025-10-17,653.02,296,39000,520620291,402762213,0.0113184217017004,99.8205590492438,0.661847062417269
524.14,525,325,684,13325,58824,2025-10-13,2025-11-14,653.02,359,45499,75368075,44388034,0.0780489617122369,99.4576005822094,0.773476812185503
666.31,684,33,33,58377,58377,2025-10-13,2025-11-28,653.02,0,0,270802865,175543235,0.0215570097458164,99.3985573232396,0
484.25,485,771,775,31611,58125,2025-10-13,2025-11-28,653.02,4,26514,270802865,175543235,0.0214639531232434,99.4200212763628,0.456154838709678
429.64,430,1612,1613,30628,58068,2025-10-13,2025-11-28,653.02,1,27440,270802865,175543235,0.0214429046014709,99.4414641809643,0.472549424812289
667.39,695,21,21,57981,57981,2025-10-13,2025-11-28,653.02,0,0,270802865,175543235,0.0214107779103445,99.4628749588746,0
581.96,583,553,552,28756,57408,2025-10-13,2025-10-31,653.02,-1,28652,386880465,248420262,0.0148386918424532,99.4899349596264,0.499094202898551
620.43,623,174,218,10788,56026,2025-10-13,2025-10-24,653.02,44,45238,132128798,101392771,0.0424025654119702,99.4571342426047,0.807446542676614
524.92,525,6991,6997,20973,55976,2025-10-13,2025-10-17,653.02,6,35003,520620291,402762213,0.0107517899259136,99.8313108391697,0.625321566385594
484.93,485,8043,7975,8043,55825,2025-10-13,2025-10-17,653.02,-68,47782,520620291,402762213,0.010722786062136,99.8420336252319,0.855924764890282
449.83,450,3638,3280,18190,55760,2025-10-13,2025-10-31,653.02,-358,37570,386880465,248420262,0.0144127204768532,99.5043476801032,0.673780487804878
560.18,561,597,674,22089,55268,2025-10-13,2025-10-31,653.02,77,33179,386880465,248420262,0.0142855494138222,99.518633229517,0.600329304479988
597.57,598,1277,1285,19155,55255,2025-10-13,2025-10-17,653.02,8,36100,520620291,402762213,0.0106133012783399,99.8526469265102,0.653334539860646
591.48,593,363,360,22869,54720,2025-10-13,2025-10-31,653.02,-3,31851,386880465,248420262,0.0141439035956494,99.5327771331127,0.582072368421053
484.32,485,794,799,27790,54332,2025-10-13,2025-11-21,653.02,5,26542,843514497,487080926,0.00644114596645753,99.9514384161201,0.488515055584186
269.87,270,4144,4143,29008,53859,2025-10-13,2025-12-19,653.02,-1,24851,701482881,312345801,0.00767787802935707,99.9161829866522,0.46140849254535
504.81,505,569,2832,3983,53808,2025-10-13,2025-10-24,653.02,2263,49825,132128798,101392771,0.0407239003264073,99.4978581429311,0.92597754980672
469.49,470,868,1033,24304,52683,2025-10-13,2025-11-21,653.02,165,28379,843514497,487080926,0.00624565436484727,99.9576840704849,0.538674714803637
565,566,530,524,24910,52400,2025-10-13,2025-10-31,653.02,-6,27490,386880465,248420262,0.0135442351683484,99.546321368281,0.524618320610687
552.27,553,708,709,21240,51757,2025-10-13,2025-10-31,653.02,1,30517,386880465,248420262,0.0133780339619888,99.559699402243,0.589620727631045
667.23,685,29,29,47270,51533,2025-10-13,2025-11-07,653.02,0,4263,105052481,67146703,0.049054529230966,99.5506845764071,0.0827236916150816
596.83,598,437,438,15732,51246,2025-10-13,2025-10-24,653.02,1,35514,132128798,101392771,0.0387848832167534,99.5366430261479,0.693010186160871
662,694,18,16,46530,51200,2025-10-13,2025-11-21,653.02,-2,4670,843514497,487080926,0.00606984233016685,99.9637539128151,0.0912109375
179.96,180,12831,12782,25662,51128,2025-10-13,2025-12-19,653.02,-49,25466,701482881,312345801,0.00728855990428653,99.9234715465565,0.498083242059146
489.95,490,9152,10175,9152,50875,2025-10-13,2025-10-17,653.02,1023,41723,520620291,402762213,0.00977199715022248,99.8624189236604,0.820108108108108
612.27,614,207,292,11592,50516,2025-10-13,2025-10-24,653.02,85,38924,132128798,101392771,0.0382323920028395,99.5748754181507,0.770528149497189
664,692,18,18,41310,50400,2025-10-13,2025-11-28,653.02,0,9090,270802865,175543235,0.0186113245146059,99.4814862833892,0.180357142857143
568.23,571,181,181,26245,50137,2025-10-13,2025-11-28,653.02,0,23892,270802865,175543235,0.0185142058966031,99.5000004892858,0.476534296028881
469.95,470,9482,10017,9482,50085,2025-10-13,2025-10-17,653.02,535,40603,520620291,402762213,0.00962025508145245,99.8720391787419,0.81068184087052
434.69,435,1537,1603,26129,49693,2025-10-13,2025-11-21,653.02,66,23564,843514497,487080926,0.00589118505689417,99.969645097872,0.474191536031232
561.15,562,585,583,20475,49555,2025-10-13,2025-10-31,653.02,-2,29080,386880465,248420262,0.0128088659115937,99.5725082681546,0.586822722227828
587.39,589,298,305,17582,49105,2025-10-13,2025-10-31,653.02,7,31523,386880465,248420262,0.0126925509149189,99.5852008190695,0.641950921494756
580.5,582,327,327,51012,49050,2025-10-13,2025-11-28,653.02,0,-1962,270802865,175543235,0.0181128068936789,99.5181132961795,-0.04
656.66,677,31,24,36797,48816,2025-10-13,2025-11-07,653.02,-7,12019,105052481,67146703,0.0464682028785213,99.5971527792856,0.246210258931498
319.78,320,2140,2173,23540,47806,2025-10-13,2025-12-19,653.02,33,24266,701482881,312345801,0.00681499168331094,99.9302865382398,0.507593189139439
519.74,521,385,376,25025,47376,2025-10-13,2025-11-28,653.02,-9,22351,270802865,175543235,0.0174946450437295,99.5356079412232,0.471778959810875
574.97,576,448,459,20160,47277,2025-10-13,2025-10-31,653.02,11,27117,386880465,248420262,0.012220053550649,99.5974208726202,0.573577003616981
474.31,475,681,684,25197,47196,2025-10-13,2025-11-28,653.02,3,21999,270802865,175543235,0.0174281760276059,99.5530361172508,0.466120010170353
565.86,568,218,220,36406,47080,2025-10-13,2025-11-28,653.02,2,10674,270802865,175543235,0.0173853404394374,99.5704214576903,0.226720475785896
454.56,455,1061,1061,22281,46684,2025-10-13,2025-11-21,653.02,0,24403,843514497,487080926,0.00553446326838885,99.9751795611404,0.522727272727273
591.56,592,1089,1057,14157,46508,2025-10-13,2025-10-17,653.02,-32,32351,520620291,402762213,0.00893319004348987,99.8809723687854,0.695600756859035
567.02,569,234,234,29718,46332,2025-10-13,2025-11-28,653.02,0,16614,270802865,175543235,0.0171091247502127,99.5875305824405,0.358585858585859
544.06,545,401,491,16441,46154,2025-10-13,2025-11-07,653.02,90,29713,105052481,67146703,0.043934231310539,99.6410870105962,0.643779520734931
669.25,688,24,24,45000,45000,2025-10-13,2025-11-28,653.02,0,0,270802865,175543235,0.0166172540308981,99.6041478364714,0
459.63,460,1202,1201,28848,44437,2025-10-13,2025-11-21,653.02,-1,15589,843514497,487080926,0.00526807780518798,99.9804476389456,0.350811260886199
587.23,590,86,160,10234,44320,2025-10-13,2025-11-14,653.02,74,34086,75368075,44388034,0.0588047392745536,99.5164053214839,0.76908844765343
672.35,700,16,16,50720,44240,2025-10-13,2025-11-07,653.02,0,-6480,105052481,67146703,0.0421122848112459,99.6831992954074,-0.146473779385172
424.63,425,1187,1189,24927,43993,2025-10-13,2025-11-28,653.02,2,19066,270802865,175543235,0.0162453968129178,99.6203932332843,0.433387129770645
540.21,542,244,245,24400,43855,2025-10-13,2025-11-28,653.02,1,19455,270802865,175543235,0.0161944372338897,99.6365876705182,0.443621023828526
580,581,432,432,21600,43200,2025-10-13,2025-10-31,653.02,0,21600,386880465,248420262,0.0111662396807758,99.608587112301,0.5
587.69,588,1343,1387,13430,42997,2025-10-13,2025-10-17,653.02,44,29567,520620291,402762213,0.00825880219101948,99.8892311709764,0.68765262692746
174.97,175,14249,14250,28498,42750,2025-10-13,2025-12-19,653.02,1,14252,701482881,312345801,0.00609423282561902,99.9363807710655,0.333380116959064
567.97,569,423,415,16920,42745,2025-10-13,2025-10-31,653.02,-8,25825,386880465,248420262,0.0110486322952491,99.6196357445962,0.604164229734472
559.53,560,934,907,16812,42629,2025-10-13,2025-10-24,653.02,-27,25817,132128798,101392771,0.0322632163807318,99.6071386345314,0.605620586924394
184.96,185,10326,10525,10326,42100,2025-10-13,2025-12-19,653.02,199,31774,701482881,312345801,0.00600157197563885,99.9423823430411,0.754726840855107
602.64,604,175,309,6825,42024,2025-10-13,2025-10-24,653.02,134,35199,132128798,101392771,0.0318053298267347,99.6389439643582,0.837592804111936
592.56,593,1165,952,13980,41888,2025-10-13,2025-10-17,653.02,-213,27908,520620291,402762213,0.00804578705903724,99.8972769580354,0.666252864782277
528.64,530,323,304,23256,41344,2025-10-13,2025-11-28,653.02,-19,18088,270802865,175543235,0.0152671944589656,99.6518548649772,0.4375
449.96,450,10563,10271,10563,41084,2025-10-13,2025-10-17,653.02,-292,30521,520620291,402762213,0.00789135589031431,99.9051683139258,0.742892610261903
600.59,602,277,291,9141,41031,2025-10-13,2025-10-24,653.02,14,31890,132128798,101392771,0.0310537904083559,99.6699977547665,0.777217225999854
564.63,567,147,173,17934,41001,2025-10-13,2025-11-28,653.02,26,23067,270802865,175543235,0.0151405340560189,99.6669953990332,0.562596034243067
598.6,599,1024,1006,15360,40240,2025-10-13,2025-10-17,653.02,-18,24880,520620291,402762213,0.00772924157886885,99.9128975555046,0.618290258449304
655.93,677,16,19,18944,40033,2025-10-13,2025-11-14,653.02,3,21089,75368075,44388034,0.0531166544986057,99.5695219759826,0.526790397921715
409.92,410,4976,4996,9952,39968,2025-10-13,2025-10-31,653.02,20,30016,386880465,248420262,0.0103308395268807,99.6299665841231,0.751000800640512
666.31,678,23,34,29026,39746,2025-10-13,2025-11-07,653.02,11,10720,105052481,67146703,0.0378344229680782,99.7210337183755,0.269712675489357
514.6,515,598,970,9568,38800,2025-10-13,2025-10-31,653.02,372,29232,386880465,248420262,0.0100289374910672,99.6399955216142,0.75340206185567
494.92,495,3803,4822,7606,38576,2025-10-13,2025-10-17,653.02,1019,30970,520620291,402762213,0.00740962284161145,99.9203071783462,0.802830775611779
409.79,410,1848,1833,24024,38493,2025-10-13,2025-11-21,653.02,-15,14469,843514497,487080926,0.00456340704717017,99.9850110459927,0.375886524822695
209.95,210,7635,7673,22905,38365,2025-10-13,2025-12-19,653.02,38,15460,701482881,312345801,0.0054691284761374,99.9478514715172,0.402971458360485
314.8,315,1466,1906,17592,38120,2025-10-13,2025-12-19,653.02,440,20528,701482881,312345801,0.00543420246345256,99.9532856739807,0.538509968520462
519.62,520,999,996,17982,37848,2025-10-13,2025-10-31,653.02,-3,19866,386880465,248420262,0.00978286665365748,99.6497783882678,0.524889029803424
439.97,440,12548,12544,12548,37632,2025-10-13,2025-10-17,653.02,-4,25084,520620291,402762213,0.00722830067335966,99.9275354790196,0.66656037414966
545.55,547,239,256,21749,37120,2025-10-13,2025-11-28,653.02,17,15371,270802865,175543235,0.0137073882139319,99.6807027872471,0.414089439655172
573,574,370,368,15540,36800,2025-10-13,2025-10-31,653.02,-2,21260,386880465,248420262,0.00951198195029051,99.6592903702181,0.577717391304348
556.31,557,525,526,17325,36294,2025-10-13,2025-10-31,653.02,1,18969,386880465,248420262,0.00938119219847402,99.6686715624166,0.522648371631675
538.17,539,433,432,38104,35856,2025-10-13,2025-11-28,653.02,-1,-2248,270802865,175543235,0.0132406280118196,99.6939434152589,-0.0626952253458278
284.85,285,2377,2385,19016,35775,2025-10-13,2025-12-19,653.02,8,16759,701482881,312345801,0.00509991062775486,99.9583855846085,0.468455625436758
535.73,537,287,280,26691,35560,2025-10-13,2025-11-28,653.02,-7,8869,270802865,175543235,0.0131313234075275,99.7070747386665,0.249409448818898
459.42,460,600,610,18000,35380,2025-10-13,2025-11-28,653.02,10,17380,270802865,175543235,0.0130648543914039,99.7201395930579,0.491237987563595
564.48,565,555,673,11100,34996,2025-10-13,2025-10-24,653.02,118,23896,132128798,101392771,0.0264862774275749,99.6964840321941,0.682820893816436
610.34,612,167,210,8350,34860,2025-10-13,2025-10-24,653.02,43,26510,132128798,101392771,0.0263833475575854,99.7228673797517,0.760470453241538
663.33,750,2,4,16044,34668,2025-10-13,2025-12-19,653.02,2,18624,701482881,312345801,0.00494210207248094,99.9633276866809,0.537210107303565
563.2,564,432,433,18576,34640,2025-10-13,2025-10-31,653.02,1,16064,386880465,248420262,0.00895366996625172,99.6776252323828,0.463741339491917
540.1,541,383,383,34470,34470,2025-10-13,2025-11-28,653.02,0,0,270802865,175543235,0.0127288165876679,99.7328684096455,0
576.13,579,80,119,12880,34153,2025-10-13,2025-11-28,653.02,39,21273,270802865,175543235,0.0126117572648281,99.7454801669103,0.622873539659766
547.49,548,651,663,18879,33813,2025-10-13,2025-10-31,653.02,12,14934,386880465,248420262,0.00873990885014057,99.686365141233,0.441664448584864
189.96,190,8366,8388,8366,33552,2025-10-13,2025-12-19,653.02,22,25186,701482881,312345801,0.00478301052082267,99.9681106972018,0.750655698617072
224.94,225,5593,5578,22372,33468,2025-10-13,2025-12-19,653.02,-15,11096,701482881,312345801,0.00477103588790216,99.9728817330897,0.331540576072666
369.95,370,6835,6582,6835,32910,2025-10-13,2025-10-31,653.02,-253,26075,386880465,248420262,0.00850650342347991,99.6948716446565,0.792312367061683
527.49,528,643,641,12860,32691,2025-10-13,2025-10-31,653.02,-2,19831,386880465,248420262,0.00844989679176487,99.7033215414482,0.606619558900003
582.42,585,124,125,13020,32250,2025-10-13,2025-11-14,653.02,1,19230,75368075,44388034,0.0427900009387264,99.6123119769213,0.596279069767442
594.84,596,212,277,7844,32132,2025-10-13,2025-10-24,653.02,65,24288,132128798,101392771,0.0243186954595621,99.7471860752113,0.755881986804432
548.48,549,582,617,16878,32084,2025-10-13,2025-10-31,653.02,35,15206,386880465,248420262,0.00829300078513915,99.7116145422333,0.473943398578731
658.36,685,7,12,12068,31968,2025-10-13,2025-11-14,653.02,5,19900,75368075,44388034,0.0424158372095877,99.6547278141309,0.622497497497498
234.93,235,4560,4543,18240,31801,2025-10-13,2025-12-19,653.02,-17,13561,701482881,312345801,0.00453339644649147,99.9774151295362,0.426433131033615
567.21,568,388,401,16684,31679,2025-10-13,2025-10-31,653.02,13,14995,386880465,248420262,0.00818831728813188,99.7198028595215,0.473341961551817
294.84,295,2048,1971,18432,31536,2025-10-13,2025-12-19,653.02,-77,13104,701482881,312345801,0.00449561933073032,99.9819107488669,0.415525114155251
510.66,511,843,926,15174,31484,2025-10-13,2025-10-31,653.02,83,16310,386880465,248420262,0.00813791412290616,99.7279407736444,0.518040909668403
655.55,674,12,17,13836,31365,2025-10-13,2025-11-14,653.02,5,17529,75368075,44388034,0.0416157637036636,99.6963435778345,0.558871353419417
554.56,555,648,706,10368,31064,2025-10-13,2025-10-24,653.02,58,20696,132128798,101392771,0.0235103932452333,99.7706964684565,0.666237445274272
534,535,301,309,14448,30900,2025-10-13,2025-11-14,653.02,8,16452,75368075,44388034,0.0409987915971053,99.7373423694316,0.53242718446602
563.63,565,199,225,10348,30825,2025-10-13,2025-11-07,653.02,26,20477,105052481,67146703,0.0293424769282698,99.7503761953038,0.664298459042985
509.93,510,4443,4399,8886,30793,2025-10-13,2025-10-17,653.02,-44,21907,520620291,402762213,0.00591467534637447,99.933450154366,0.711427921930309
509.48,510,221,591,5083,30732,2025-10-13,2025-11-07,653.02,370,25649,105052481,67146703,0.0292539497472697,99.779630145051,0.834602368866328
571.98,573,302,301,13892,30702,2025-10-13,2025-10-31,653.02,-1,16810,386880465,248420262,0.00793578450646248,99.7358765581509,0.547521334115041
164.98,165,17010,14991,17010,29982,2025-10-13,2025-12-19,653.02,-2019,12972,701482881,312345801,0.00427408862170081,99.9861848374886,0.432659595757455
439.87,440,2142,2304,10710,29952,2025-10-13,2025-10-31,653.02,162,19242,386880465,248420262,0.00774192617867124,99.7436184843295,0.642427884615385
454.52,455,614,617,16578,29616,2025-10-13,2025-11-28,653.02,3,13038,270802865,175543235,0.0109363687862017,99.7564165356965,0.440235008103728
525.59,526,720,720,15840,29520,2025-10-13,2025-10-31,653.02,0,13680,386880465,248420262,0.00763026378186348,99.7512487481114,0.463414634146342
568.09,570,136,154,11832,29414,2025-10-13,2025-11-14,653.02,18,17582,75368075,44388034,0.0390271344995875,99.7763695039312,0.597742571564561
539.13,540,301,337,11739,29319,2025-10-13,2025-11-07,653.02,36,17580,105052481,67146703,0.0279089077391709,99.8075390527902,0.599611173641666
419.98,420,14604,14654,14604,29308,2025-10-13,2025-10-17,653.02,50,14704,520620291,402762213,0.0056294386728004,99.9390795930388,0.501706018834448
595.59,596,660,712,11220,29192,2025-10-13,2025-10-17,653.02,52,17972,520620291,402762213,0.00560715755890506,99.9446867505977,0.615648122773363
601.5,602,525,578,9450,28900,2025-10-13,2025-10-17,653.02,53,19450,520620291,402762213,0.00555107061703056,99.9502378212147,0.673010380622837
530.1,531,318,319,37524,28710,2025-10-13,2025-11-28,653.02,1,-8813.99999999999,270802865,175543235,0.010601808071713,99.7670183437683,-0.307001044932079
549.63,550,735,769,9555,28453,2025-10-13,2025-10-24,653.02,34,18898,132128798,101392771,0.0215342911088921,99.7922307595654,0.664183038695392
556.85,558,246,246,28290,28290,2025-10-13,2025-11-28,653.02,0,0,270802865,175543235,0.0104467137007579,99.777465057469,0
656.94,682,10,11,16810,27566,2025-10-13,2025-11-28,653.02,1,10756,270802865,175543235,0.0101793605470164,99.787644418016,0.39019081477182
444.54,445,599,599,14975,27554,2025-10-13,2025-11-28,653.02,0,12579,270802865,175543235,0.0101749292792748,99.7978193472953,0.456521739130435
511.65,512,767,772,29913,27020,2025-10-13,2025-10-31,653.02,5,-2893,386880465,248420262,0.00698406935589265,99.7582328174673,-0.107068837897853
469.8,470,1323,1324,10584,26480,2025-10-13,2025-10-31,653.02,1,15896,386880465,248420262,0.00684449135988295,99.7650773088272,0.600302114803625
490.74,491,1015,1016,10150,26416,2025-10-13,2025-10-31,653.02,1,16266,386880465,248420262,0.0068279487825781,99.7719052576097,0.61576317383404
545.51,546,538,537,23134,26313,2025-10-13,2025-10-31,653.02,-1,3179,386880465,248420262,0.0068013255722281,99.778706583182,0.120814806369475
532.5,533,524,525,19388,26250,2025-10-13,2025-10-31,653.02,1,6862,386880465,248420262,0.00678504147269364,99.7854916246547,0.261409523809524
576.16,577,313,312,15024,26208,2025-10-13,2025-10-31,653.02,-1,11184,386880465,248420262,0.00677418540633733,99.792265810061,0.426739926739927
464.97,465,8284,8713,16568,26139,2025-10-13,2025-10-17,653.02,429,9571,520620291,402762213,0.00502074169060768,99.9552585629053,0.366157848425724
499.54,500,181,567,3801,26082,2025-10-13,2025-11-07,653.02,386,22281,105052481,67146703,0.024827590697263,99.8323666434875,0.85426731078905
399.93,400,3735,3711,7470,25977,2025-10-13,2025-10-31,653.02,-24,18507,386880465,248420262,0.00671447704137763,99.7989802871024,0.712437925857489
529.73,530,938,959,13132,25893,2025-10-13,2025-10-24,653.02,21,12761,132128798,101392771,0.0195967876737969,99.8118275472392,0.492835901595026
540.55,541,595,565,21420,25425,2025-10-13,2025-10-31,653.02,-30,4005,386880465,248420262,0.00657179731212327,99.8055520844145,0.157522123893805
374.87,375,1827,1955,12789,25415,2025-10-13,2025-11-21,653.02,128,12626,843514497,487080926,0.00301298911760138,99.9880240351103,0.496793232343104
544.67,545,763,769,7630,25377,2025-10-13,2025-10-24,653.02,6,17747,132128798,101392771,0.0192062596376605,99.8310338068768,0.699334042637034
394.81,395,1408,1325,14080,25175,2025-10-13,2025-11-21,653.02,-83,11095,843514497,487080926,0.00298453673167872,99.991008571842,0.440714995034757
658.1,683,7,10,12019,24900,2025-10-13,2025-11-28,653.02,3,12881,270802865,175543235,0.00919488056376361,99.8070142278591,0.517309236947791
572.72,574,189,189,28728,24192,2025-10-13,2025-11-28,653.02,0,-4536,270802865,175543235,0.00893343576701081,99.8159476636261,-0.1875
561.06,563,121,121,13794,23474,2025-10-13,2025-11-28,653.02,0,9680,270802865,175543235,0.00866829824714004,99.8246159618732,0.412371134020619
559.83,561,198,198,23166,23166,2025-10-13,2025-11-28,653.02,0,0,270802865,175543235,0.00855456237510633,99.8331705242483,0
542.48,544,146,151,13140,22952,2025-10-13,2025-11-28,653.02,5,9812,270802865,175543235,0.00847553810038162,99.8416460623487,0.427500871383757
582.71,584,176,176,9328,22704,2025-10-13,2025-10-31,653.02,0,13376,386880465,248420262,0.00586847929889663,99.8114205637134,0.589147286821706
489.78,490,1015,1028,12180,22616,2025-10-13,2025-10-31,653.02,13,10436,386880465,248420262,0.00584573325510245,99.8172662969685,0.461443226034666
660.61,698,5,6,13595,22434,2025-10-13,2025-11-21,653.02,1,8839,843514497,487080926,0.00265958677412037,99.9936681586161,0.394000178300793
519.75,520,911,891,6377,22275,2025-10-13,2025-10-24,653.02,-20,15898,132128798,101392771,0.0168585503971663,99.847892357274,0.71371492704826
518.67,519,631,660,11358,21780,2025-10-13,2025-10-31,653.02,29,10422,386880465,248420262,0.00562964583905781,99.8228959428076,0.478512396694215
543.4,544,361,362,9747,21720,2025-10-13,2025-10-31,653.02,1,11973,386880465,248420262,0.00561413717283451,99.8285100799804,0.551243093922652
580.71,582,167,165,8517,21285,2025-10-13,2025-10-31,653.02,-2,12768,386880465,248420262,0.00550169934271559,99.8340117793231,0.599859055673009
501.69,502,684,685,12996,21235,2025-10-13,2025-10-31,653.02,1,8239,386880465,248420262,0.00548877545419617,99.8395005547773,0.387991523428302
667.92,683,14,14,21112,21112,2025-10-13,2025-11-07,653.02,0,0,105052481,67146703,0.0200966219922022,99.8524632654797,0
660,695,6,6,15846,21000,2025-10-13,2025-10-31,653.02,0,5154,386880465,248420262,0.00542803317815491,99.8449285879555,0.245428571428571
551.99,553,207,207,20907,20907,2025-10-13,2025-11-28,653.02,0,0,270802865,175543235,0.00772037622275525,99.8493664385715,0
532.15,533,245,245,20825,20825,2025-10-13,2025-11-28,653.02,0,0,270802865,175543235,0.00769009589318784,99.8570565344647,0
593,594,208,208,5824,20800,2025-10-13,2025-10-24,653.02,0,14976,132128798,101392771,0.0157422154101485,99.8636345726842,0.72
419.67,420,627,628,11913,20724,2025-10-13,2025-11-28,653.02,1,8811,270802865,175543235,0.00765279938969626,99.8647093338544,0.42515923566879
537.61,538,531,530,12744,20670,2025-10-13,2025-10-31,653.02,-1,7926,386880465,248420262,0.00534273551392676,99.8502713234694,0.383454281567489
535.65,536,586,586,20510,20510,2025-10-13,2025-10-31,653.02,0,0,386880465,248420262,0.00530137907066463,99.8555727025401,0
419.92,420,2078,2554,8312,20432,2025-10-13,2025-10-31,653.02,476,12120,386880465,248420262,0.00528121780457434,99.8608539203446,0.593187157400157
264.88,265,1720,1692,10320,20304,2025-10-13,2025-12-19,653.02,-28,9984,701482881,312345801,0.00289443984307295,99.9890792773316,0.491725768321513
669.5,692,9,9,20250,20250,2025-10-13,2025-10-31,653.02,0,0,386880465,248420262,0.00523417485036367,99.866088095195,0
551,552,201,201,20100,20100,2025-10-13,2025-11-28,653.02,0,0,270802865,175543235,0.00742237346713448,99.8721317073215,0
534.7,535,661,668,9915,20040,2025-10-13,2025-10-24,653.02,7,10125,132128798,101392771,0.0151670190778546,99.878801591762,0.505239520958084
244.91,245,2187,2206,10935,19854,2025-10-13,2025-12-19,653.02,19,8919,701482881,312345801,0.00283029002385591,99.9919095673555,0.449229374433364
670.69,710,5,5,19655,19655,2025-10-13,2025-11-07,653.02,0,0,105052481,67146703,0.0187096961565334,99.8711729616362,0
655,850,1,1,18005,19500,2025-10-13,2025-10-17,653.02,0,1495,520620291,402762213,0.00374553207723515,99.9590040949825,0.0766666666666667
544.37,546,118,118,10620,19234,2025-10-13,2025-11-28,653.02,0,8614,270802865,175543235,0.00710258364511764,99.8792342909666,0.447852760736196
434.98,435,9536,9537,9536,19074,2025-10-13,2025-10-17,653.02,1,9538,520620291,402762213,0.00366370660724017,99.9626678015898,0.500052427388068
399.72,400,649,678,9086,18984,2025-10-13,2025-11-28,653.02,29,9898,270802865,175543235,0.00701026556716821,99.8862445565338,0.521386430678466
522.73,524,142,149,11502,18923,2025-10-13,2025-11-28,653.02,7,7421,270802865,175543235,0.00698773995614854,99.8932322964899,0.392168260846589
524.73,525,706,696,4942,18792,2025-10-13,2025-10-24,653.02,-10,13850,132128798,101392771,0.0142224861532457,99.8930240779153,0.737015751383567
557.75,559,150,150,18750,18750,2025-10-13,2025-11-28,653.02,0,0,270802865,175543235,0.00692385584620754,99.9001561523361,0
504.38,505,300,302,9600,18724,2025-10-13,2025-11-14,653.02,2,9124,75368075,44388034,0.0248434101574175,99.8012129140886,0.487289040803247
542.14,543,215,215,18490,18490,2025-10-13,2025-11-28,653.02,0,0,270802865,175543235,0.00682784504514013,99.9069839973813,0
661.71,688,7,7,12684,18403,2025-10-13,2025-11-07,653.02,0,5719,105052481,67146703,0.0175179108811338,99.8886908725173,0.310764549258273
541.69,542,545,584,14170,18104,2025-10-13,2025-10-31,653.02,39,3934,386880465,248420262,0.00467948155511031,99.8707675767501,0.217300044189129
229.93,230,2415,2562,9660,17934,2025-10-13,2025-12-19,653.02,147,8274,701482881,312345801,0.00255658412852986,99.994466151484,0.46135831381733
424.89,425,1691,1621,5073,17831,2025-10-13,2025-10-31,653.02,-70,12758,386880465,248420262,0.0046089171237943,99.8753764938739,0.715495485390612
672.34,686,13,13,17758,17758,2025-10-13,2025-10-24,653.02,0,0,132128798,101392771,0.0134399164064143,99.9064639943217,0
204.97,205,5861,5861,17583,17583,2025-10-13,2025-12-19,653.02,0,0,701482881,312345801,0.00250654726954057,99.9969726987536,0
591.03,592,181,181,4887,17557,2025-10-13,2025-10-24,653.02,0,12670,132128798,101392771,0.0132877921132681,99.9197517864349,0.721649484536083
660.99,686,8,7,13480,17507,2025-10-13,2025-11-07,653.02,-1,4027,105052481,67146703,0.016665003846982,99.9053558763643,0.230022276803564
484.73,485,731,643,7310,17361,2025-10-13,2025-10-31,653.02,-88,10051,386880465,248420262,0.00448743257171178,99.8798639264456,0.578941305224353
568.59,570,92,122,5244,17202,2025-10-13,2025-11-07,653.02,30,11958,105052481,67146703,0.0163746727695084,99.9217305491338,0.695151726543425
496.68,497,535,537,6420,17184,2025-10-13,2025-10-31,653.02,2,10764,386880465,248420262,0.00444168200635305,99.884305608452,0.626396648044693
534.25,535,221,218,7735,16350,2025-10-13,2025-11-07,653.02,-3,8615,105052481,67146703,0.0155636495629266,99.9372941986968,0.52691131498471
536.71,538,155,126,14105,16254,2025-10-13,2025-11-28,653.02,-29,2149,270802865,175543235,0.00600215215596039,99.9129861495372,0.132213608957795
658.64,691,4,5,8964,16180,2025-10-13,2025-10-24,653.02,1,7216,132128798,101392771,0.0122456271796251,99.9319974136146,0.445982694684796
555,557,69,80,7521,16000,2025-10-13,2025-11-28,653.02,11,8479,270802865,175543235,0.00590835698876376,99.918894506526,0.5299375
379.85,380,1053,1064,8424,15960,2025-10-13,2025-11-21,653.02,11,7536,843514497,487080926,0.0018920836638567,99.99556024228,0.47218045112782
497.72,498,569,569,9104,15932,2025-10-13,2025-10-31,653.02,0,6828,386880465,248420262,0.00411806783782686,99.8884236762898,0.428571428571429
593.66,594,468,464,8424,15776,2025-10-13,2025-10-17,653.02,-4,7352,520620291,402762213,0.00303023148976727,99.9656980330796,0.466024340770791
604.49,606,103,102,4738,15402,2025-10-13,2025-10-24,653.02,-1,10664,132128798,101392771,0.0116568077763032,99.9436542213909,0.692377613296975
493.74,494,585,587,5850,15262,2025-10-13,2025-10-31,653.02,2,9412,386880465,248420262,0.00394488773166668,99.8923685640215,0.616695059625213
498.85,499,1012,1012,15180,15180,2025-10-13,2025-10-31,653.02,0,0,386880465,248420262,0.00392369255449484,99.8962922565759,0
542.77,543,658,658,15134,15134,2025-10-13,2025-10-31,653.02,0,0,386880465,248420262,0.00391180257705697,99.900204059153,0
579.32,581,90,90,15120,15120,2025-10-13,2025-11-28,653.02,0,0,270802865,175543235,0.00558339735438176,99.9244779038804,0
558.43,560,4,96,296,15072,2025-10-13,2025-11-14,653.02,92,14776,75368075,44388034,0.0199978571828987,99.8212107712715,0.98036093418259
434.78,435,685,685,15070,15070,2025-10-13,2025-11-28,653.02,0,0,270802865,175543235,0.00556493373879187,99.9300428376192,0
499.84,500,918,941,4590,15056,2025-10-13,2025-10-24,653.02,23,10466,132128798,101392771,0.0113949420776537,99.9550491634685,0.695138150903294
459.97,460,4975,4975,4975,14925,2025-10-13,2025-10-17,653.02,0,9950,520620291,402762213,0.00286677262834537,99.9685648057079,0.666666666666667
534.87,536,44,131,3916,14803,2025-10-13,2025-11-28,653.02,87,10887,270802865,175543235,0.00546633803154187,99.9355091756507,0.735459028575289
439.77,440,639,639,14697,14697,2025-10-13,2025-11-28,653.02,0,0,270802865,175543235,0.00542719516649132,99.9409363708172,0
399.99,400,14605,14625,58420,14625,2025-10-13,2025-10-17,653.02,20,-43795,520620291,402762213,0.00280914905792637,99.9713739547658,-2.99452991452992
657.16,730,2,2,12010,14568,2025-10-13,2025-10-17,653.02,0,2558,520620291,402762213,0.00279820057954675,99.9741721553454,0.17559033498078
494.68,495,415,447,4150,14304,2025-10-13,2025-10-31,653.02,32,10154,386880465,248420262,0.00369726602763466,99.9039013251807,0.709871364653244
513.68,514,457,447,6855,14304,2025-10-13,2025-10-31,653.02,-10,7449,386880465,248420262,0.00369726602763466,99.9075985912083,0.520763422818792
526.68,528,108,108,9288,14256,2025-10-13,2025-11-28,653.02,0,4968,270802865,175543235,0.00526434607698851,99.9462007168942,0.348484848484849
551.69,552,455,455,14105,14105,2025-10-13,2025-10-31,653.02,0,0,386880465,248420262,0.00364582895132738,99.9112444201596,0
454.86,455,982,991,6874,13874,2025-10-13,2025-10-31,653.02,9,7000,386880465,248420262,0.00358612058636768,99.914830540746,0.504540867810293
522.23,523,180,180,13860,13860,2025-10-13,2025-11-28,653.02,0,0,270802865,175543235,0.00511811424151661,99.9513188311357,0
538.71,539,477,477,13833,13833,2025-10-13,2025-10-31,653.02,0,0,386880465,248420262,0.00357552299778176,99.9184060637437,0
660.76,676,8,9,9144,13716,2025-10-13,2025-11-14,653.02,1,4572,75368075,44388034,0.0181986869108704,99.8394094581824,0.333333333333333
528.61,529,343,342,7203,13338,2025-10-13,2025-10-31,653.02,-1,6135,386880465,248420262,0.00344757650143953,99.9218536402452,0.459964012595592
570.68,572,101,101,13332,13332,2025-10-13,2025-11-28,653.02,0,0,270802865,175543235,0.00492313846088741,99.9562419695966,0
575.3,577,78,78,11310,13260,2025-10-13,2025-11-28,653.02,0,1950,270802865,175543235,0.00489655085443797,99.961138520451,0.147058823529412
552.72,554,103,103,10712,13184,2025-10-13,2025-11-28,653.02,0,2472,270802865,175543235,0.00486848615874134,99.9660070066098,0.1875
389.84,390,798,807,7182,12912,2025-10-13,2025-11-21,653.02,9,5730,843514497,487080926,0.00153073836263895,99.9970909806426,0.443773234200744
526.32,527,143,187,12012,12716,2025-10-13,2025-11-28,653.02,44,704.000000000004,270802865,175543235,0.00469566671682,99.9707026733266,0.0553633217993082
661.51,725,1,2,5505,12698,2025-10-13,2025-10-17,653.02,1,7193,520620291,402762213,0.00243901365726831,99.9766111690026,0.566467160182706
553.72,554,444,444,12432,12432,2025-10-13,2025-10-31,653.02,0,0,386880465,248420262,0.00321339564146771,99.9250670358867,0
444.84,445,750,752,4500,12032,2025-10-13,2025-10-31,653.02,2,7532,386880465,248420262,0.00311000453331238,99.92817704042,0.625997340425532
522.58,523,283,285,6226,11970,2025-10-13,2025-10-31,653.02,2,5744,386880465,248420262,0.0030939789115483,99.9312710193315,0.479866332497911
671.94,701,1,4,3075,11624,2025-10-13,2025-11-28,653.02,3,8549,270802865,175543235,0.00429242135233687,99.9749950946789,0.735461114934618
424.98,425,5784,5791,5784,11582,2025-10-13,2025-10-17,653.02,7,5798,520620291,402762213,0.00222465397530962,99.978835822978,0.500604386116387
659.79,688,0,4,0,11284,2025-10-13,2025-10-24,653.02,4,11284,132128798,101392771,0.00854015186000557,99.9635893153285,1
555.74,556,431,430,21119,11180,2025-10-13,2025-10-31,653.02,-1,-9939,386880465,248420262,0.00288978147294152,99.9341608008045,-0.888998211091234
254.9,255,1110,1108,5550,11080,2025-10-13,2025-12-19,653.02,-2,5530,701482881,312345801,0.0015795111042774,99.9985522098579,0.499097472924188
530.48,531,209,210,5434,10920,2025-10-13,2025-10-31,653.02,1,5486,386880465,248420262,0.00282257725264055,99.9369833780571,0.502380952380952
517.81,518,566,566,10754,10754,2025-10-13,2025-10-31,653.02,0,0,386880465,248420262,0.00277966994275609,99.9397630479999,0
464.79,465,507,508,4056,10668,2025-10-13,2025-10-31,653.02,1,6612,386880465,248420262,0.0027574408545027,99.9425204888544,0.619797525309336
449.71,450,466,366,6524,10614,2025-10-13,2025-11-14,653.02,-100,4090,75368075,44388034,0.0140828858903455,99.8534923440727,0.385340116826832
539.67,540,306,316,3060,10428,2025-10-13,2025-10-24,653.02,10,7368,132128798,101392771,0.00789229914889561,99.9714816144774,0.706559263521289
668.97,695,4,4,9848,10412,2025-10-13,2025-10-17,653.02,0,564,520620291,402762213,0.00199992205067551,99.9808357450286,0.0541682673837879
474.82,475,562,575,4496,10350,2025-10-13,2025-10-31,653.02,13,5854,386880465,248420262,0.00267524492351921,99.9451957337779,0.5656038647343
550.67,551,313,313,10329,10329,2025-10-13,2025-10-31,653.02,0,0,386880465,248420262,0.00266981689034105,99.9478655506682,0
519.29,520,115,144,5060,10224,2025-10-13,2025-11-14,653.02,29,5164,75368075,44388034,0.0135654254138772,99.8670577694866,0.50508607198748
154.98,155,5083,5078,5083,10156,2025-10-13,2025-12-19,653.02,-5,5073,701482881,312345801,0.00144779014215174,100,0.499507680189051
409.98,410,5076,5076,5076,10152,2025-10-13,2025-10-17,653.02,0,5076,520620291,402762213,0.00194998162297904,99.9827857266516,0.5
509.77,510,477,441,3339,10143,2025-10-13,2025-10-24,653.02,-36,6804,132128798,101392771,0.0076766005242854,99.9791582150017,0.670807453416149
491.74,492,383,388,6511,10088,2025-10-13,2025-10-31,653.02,5,3577,386880465,248420262,0.00260752374767747,99.9504730744159,0.354579698651864
667,683,6,6,9600,9600,2025-10-13,2025-11-14,653.02,0,0,75368075,44388034,0.0127374886515279,99.8797952581381,0
512.65,513,271,272,5149,9520,2025-10-13,2025-10-31,653.02,1,4371,386880465,248420262,0.00246070837409689,99.95293378279,0.459138655462185
531.14,532,109,109,9374,9374,2025-10-13,2025-11-28,653.02,0,0,270802865,175543235,0.00346155865079197,99.9784566533297,0
563.25,565,10,53,750,9275,2025-10-13,2025-11-14,653.02,43,8525,75368075,44388034,0.0123062715878043,99.892101529726,0.919137466307278
553.62,555,20,64,1260,8832,2025-10-13,2025-11-14,653.02,44,7572,75368075,44388034,0.0117184895594056,99.9038200192854,0.857336956521739
521.24,522,124,116,8680,8816,2025-10-13,2025-11-28,653.02,-8,136,270802865,175543235,0.00325550470080883,99.9817121580305,0.015426497277677
669.44,687,2,5,3744,8780,2025-10-13,2025-11-14,653.02,3,5036,75368075,44388034,0.0116494948292098,99.9154695141146,0.573576309794989
404.93,405,1243,1247,3729,8729,2025-10-13,2025-10-31,653.02,4,5000,386880465,248420262,0.00225625245771972,99.9551900352477,0.572803299347004
505.65,506,205,247,2460,8645,2025-10-13,2025-10-31,653.02,42,6185,386880465,248420262,0.0022345403250071,99.9574245755727,0.715442452284558
664,750,0,1,0,8600,2025-10-13,2025-11-21,653.02,1,8600,843514497,487080926,0.00101954382889521,99.9981105244715,1
474.98,475,3733,4260,3733,8520,2025-10-13,2025-10-17,653.02,527,4787,520620291,402762213,0.00163650939989967,99.9844222360515,0.561854460093897
379.94,380,1361,1410,4083,8460,2025-10-13,2025-10-31,653.02,49,4377,386880465,248420262,0.00218672193748526,99.9596112975102,0.517375886524823
404.77,405,355,365,4260,8395,2025-10-13,2025-11-21,653.02,10,4135,843514497,487080926,0.000995240749252944,99.9991057652208,0.492555092316855
670.71,697,3,3,7887,7887,2025-10-13,2025-10-31,653.02,0,0,386880465,248420262,0.00203861417505275,99.9616499116853,0
515.61,516,212,202,2968,7878,2025-10-13,2025-10-31,653.02,-10,4910,386880465,248420262,0.00203628787511926,99.9636861995604,0.623254633155623
503.8,504,390,390,7800,7800,2025-10-13,2025-10-31,653.02,0,0,386880465,248420262,0.00201612660902897,99.9657023261694,0
523.77,524,322,322,7406,7406,2025-10-13,2025-10-31,653.02,0,0,386880465,248420262,0.00191428636749597,99.9676166125369,0
671.05,708,0,2,0,7390,2025-10-13,2025-10-31,653.02,2,7390,386880465,248420262,0.00191015072316975,99.9695267632601,1
469.71,470,252,248,3276,7192,2025-10-13,2025-11-07,653.02,-4,3916,105052481,67146703,0.00684610199734359,99.9441403006941,0.544493882091213
502.68,503,220,224,3080,7168,2025-10-13,2025-10-31,653.02,4,4088,386880465,248420262,0.00185276865814354,99.9713795319182,0.5703125
389.94,390,1206,1193,1206,7158,2025-10-13,2025-10-31,653.02,-13,5952,386880465,248420262,0.00185018388043966,99.9732297157987,0.83151718357083
536.72,537,254,254,7112,7112,2025-10-13,2025-10-31,653.02,0,0,386880465,248420262,0.0018382939030018,99.9750680097017,0
514.79,515,313,334,2191,7014,2025-10-13,2025-10-24,653.02,21,4823,132128798,101392771,0.00530845667724912,99.984466671679,0.687624750499002
414.7,415,233,232,4660,6960,2025-10-13,2025-11-28,653.02,-1,2300,270802865,175543235,0.00257013529011224,99.9842822933206,0.330459770114942
359.98,360,3460,3460,6920,6920,2025-10-13,2025-10-17,653.02,0,0,520620291,402762213,0.00132918369099832,99.9857514197425,0
658.69,692,0,2,0,6662,2025-10-13,2025-10-24,653.02,2,6662,132128798,101392771,0.00504204995492353,99.9895087216339,1
525.3,526,94,94,6580,6580,2025-10-13,2025-11-28,653.02,0,0,270802865,175543235,0.0024298118116291,99.9867121051323,0
374.95,375,1299,1315,2598,6575,2025-10-13,2025-10-31,653.02,16,3977,386880465,248420262,0.00169949134030326,99.976767501042,0.604866920152091
324.99,325,6956,6500,6956,6500,2025-10-13,2025-10-17,653.02,-456,-456,520620291,402762213,0.00124851069241172,99.9869999304349,-0.0701538461538462
531.62,532,171,171,3591,6498,2025-10-13,2025-10-31,653.02,0,2907,386880465,248420262,0.00167958855198336,99.9784470895939,0.447368421052632
656.39,678,2,3,3208,6483,2025-10-13,2025-11-28,653.02,1,3275,270802865,175543235,0.00239399239738472,99.9891060975297,0.505167360789758
514.71,515,220,222,5940,6438,2025-10-13,2025-11-07,653.02,2,497.999999999999,105052481,67146703,0.00612836549762209,99.9502686661917,0.0773532152842496
384.99,385,6055,6426,6055,6426,2025-10-13,2025-10-17,653.02,371,371.000000000001,520620291,402762213,0.00123429687837503,99.9882342273133,0.0577342047930285
667.95,684,4,4,6420,6420,2025-10-13,2025-10-31,653.02,0,0,386880465,248420262,0.00165942728589307,99.9801065168798,0
414.91,415,590,700,1770,6300,2025-10-13,2025-10-31,653.02,110,4530,386880465,248420262,0.00162840995344647,99.9817349268333,0.719047619047619
507.85,508,420,420,6300,6300,2025-10-13,2025-10-31,653.02,0,0,386880465,248420262,0.00162840995344647,99.9833633367867,0
444.98,445,3054,3146,3054,6292,2025-10-13,2025-10-17,653.02,92,3238,520620291,402762213,0.00120855835025454,99.9894427856636,0.514621741894469
526.8,527,314,314,6280,6280,2025-10-13,2025-10-31,653.02,0,0,386880465,248420262,0.00162324039803871,99.9849865771848,0
668.51,684,2,4,3580,6196,2025-10-13,2025-11-14,653.02,2,2616,75368075,44388034,0.0082209874671736,99.9236905015817,0.422207876049064
419.81,420,319,321,3190,6099,2025-10-13,2025-11-14,653.02,2,2909,75368075,44388034,0.00809228575892379,99.9317827873407,0.476963436628956
500.88,501,497,497,5964,5964,2025-10-13,2025-10-31,653.02,0,0,386880465,248420262,0.00154156142259599,99.9865281386074,0
668.18,683,4,4,5928,5928,2025-10-13,2025-10-24,653.02,0,0,132128798,101392771,0.00448653139189233,99.9939952530258,0
660.66,690,2,2,3908,5868,2025-10-13,2025-10-17,653.02,0,1960,520620291,402762213,0.00112711703739569,99.9905699027009,0.334014996591684
533.77,534,255,255,5865,5865,2025-10-13,2025-10-31,653.02,0,0,386880465,248420262,0.00151597212332755,99.9880441107307,0
459.7,460,11,190,220,5700,2025-10-13,2025-11-14,653.02,179,5480,75368075,44388034,0.00756288388684466,99.9393456712275,0.96140350877193
520.66,521,166,167,3154,5678,2025-10-13,2025-10-31,653.02,1,2524,386880465,248420262,0.00146763678026493,99.989511747511,0.444522719267348
532.78,534,22,45,2684,5490,2025-10-13,2025-11-28,653.02,23,2806,270802865,175543235,0.00202730499176957,99.9911334025214,0.511111111111111
394.75,395,215,215,2580,5375,2025-10-13,2025-11-28,653.02,0,2795,270802865,175543235,0.00198483867591283,99.9931182411973,0.52
379.93,380,360,756,1440,5292,2025-10-13,2025-11-07,653.02,396,3852,105052481,67146703,0.00503748217045916,99.9553061483622,0.727891156462585
538.93,540,47,49,2444,5243,2025-10-13,2025-11-14,653.02,2,2799,75368075,44388034,0.00695652635416256,99.9463021975817,0.533854663360671
394.88,395,34,435,170,5220,2025-10-13,2025-11-07,653.02,401,5050,105052481,67146703,0.00496894499807196,99.9602750933602,0.967432950191571
394.94,395,911,866,1822,5196,2025-10-13,2025-10-31,653.02,-45,3374,386880465,248420262,0.00134305049493776,99.9908547980059,0.649345650500385
394.99,395,4022,5022,4022,5022,2025-10-13,2025-10-17,653.02,1000,1000,520620291,402762213,0.000964618568814099,99.9915345212698,0.199123855037834
666.11,691,0,2,0,4978,2025-10-13,2025-11-28,653.02,2,4978,270802865,175543235,0.00183823756812913,99.9949564787655,1
655.58,705,1,1,3401,4942,2025-10-13,2025-11-14,653.02,0,1541,75368075,44388034,0.00655715301206778,99.9528593505937,0.31181707810603
384.94,385,759,792,1518,4752,2025-10-13,2025-10-31,653.02,33,3234,386880465,248420262,0.00122828636488534,99.9920830843708,0.680555555555556
409.69,410,146,152,2336,4712,2025-10-13,2025-11-28,653.02,6,2376,270802865,175543235,0.00174001113319093,99.9966964898987,0.504244482173175
349.99,350,4632,4632,9264,4632,2025-10-13,2025-10-17,653.02,0,-4632,520620291,402762213,0.000889707927269396,99.992424229197,-1
429.86,430,328,328,1968,4592,2025-10-13,2025-11-07,653.02,0,2624,105052481,67146703,0.00437114855002806,99.9646462419103,0.571428571428571
419.86,420,25,325,175,4550,2025-10-13,2025-11-07,653.02,300,4375,105052481,67146703,0.00433116853280219,99.9689774104431,0.961538461538461
504.55,505,94,99,2068,4455,2025-10-13,2025-11-07,653.02,5,2387,105052481,67146703,0.00424073754145797,99.9732181479845,0.535802469135803
429.79,430,27,212,270,4452,2025-10-13,2025-11-14,653.02,185,4182,75368075,44388034,0.00590701036214604,99.9587663609559,0.939353099730458
389.9,390,179,440,716,4400,2025-10-13,2025-11-07,653.02,261,3684,105052481,67146703,0.00418838275699553,99.9774065307415,0.837272727272727
667.65,689,2,2,4270,4270,2025-10-13,2025-10-31,653.02,0,0,386880465,248420262,0.00110370007955817,99.9931867844503,0
657.45,700,0,1,0,4255,2025-10-13,2025-11-14,653.02,1,4255,75368075,44388034,0.00564562648044281,99.9644119874363,1
444.73,445,152,152,1976,4104,2025-10-13,2025-11-14,653.02,0,2128,75368075,44388034,0.00544527639852816,99.9698572638349,0.518518518518519
661.45,702,0,1,0,4055,2025-10-13,2025-11-21,653.02,1,4055,843514497,487080926,0.000480726770484894,99.9995864919913,1
516.68,517,125,125,1875,4000,2025-10-13,2025-10-31,653.02,0,2125,386880465,248420262,0.00103391108155332,99.9942206955319,0.53125
666.18,705,0,1,0,3882,2025-10-13,2025-10-17,653.02,1,3882,520620291,402762213,0.000745649001221891,99.9931698781982,1
495.9,496,377,377,3770,3770,2025-10-13,2025-10-31,653.02,0,0,386880465,248420262,0.000974461194364001,99.9951951567263,0
434.95,435,744,744,3720,3720,2025-10-13,2025-10-31,653.02,0,0,386880465,248420262,0.000961537305844585,99.9961566940321,0
508.81,509,192,192,3648,3648,2025-10-13,2025-10-31,653.02,0,0,386880465,248420262,0.000942926906376625,99.9970996209385,0
667.8,686,1,2,1413,3640,2025-10-13,2025-10-17,653.02,1,2227,520620291,402762213,0.000699165987750562,99.993869044186,0.611813186813187
374.99,375,3434,3616,3434,3616,2025-10-13,2025-10-17,653.02,182,182,520620291,402762213,0.000694556102117042,99.9945636002881,0.0503318584070796
661.12,696,1,1,2718,3488,2025-10-13,2025-11-21,653.02,0,770.000000000001,843514497,487080926,0.000413508008742617,100,0.220756880733945
494.57,495,69,80,1311,3440,2025-10-13,2025-11-07,653.02,11,2129,105052481,67146703,0.00327455379183286,99.9806810845334,0.618895348837209
404.9,405,22,319,110,3190,2025-10-13,2025-11-07,653.02,297,3080,105052481,67146703,0.00303657749882176,99.9837176620322,0.96551724137931
414.99,415,3134,3134,3134,3134,2025-10-13,2025-10-17,653.02,0,0,520620291,402762213,0.000601974232310511,99.9951655745204,0
434.85,435,208,208,1456,3120,2025-10-13,2025-11-07,653.02,0,1664,105052481,67146703,0.00296994413677865,99.986687606169,0.533333333333333
394.86,395,0,215,0,3010,2025-10-13,2025-11-14,653.02,215,3010,75368075,44388034,0.0039937334209478,99.9738509972558,1
339.99,340,3004,3004,3004,3004,2025-10-13,2025-10-17,653.02,0,0,520620291,402762213,0.000577004018462277,99.9957425785389,0
668.85,698,1,1,2915,2915,2025-10-13,2025-11-28,653.02,0,0,270802865,175543235,0.0010764287888904,99.9977729186875,0
506.88,507,244,242,5612,2904,2025-10-13,2025-10-31,653.02,-2,-2708,386880465,248420262,0.000750619445207708,99.9978502403837,-0.932506887052342
672.85,701,0,1,0,2815,2025-10-13,2025-10-24,653.02,1,2815,132128798,101392771,0.00213049694132539,99.9961257499671,1
668.96,696,1,1,2704,2704,2025-10-13,2025-10-31,653.02,0,0,386880465,248420262,0.000698923891130042,99.9985491642748,0
519.43,520,45,47,1260,2679,2025-10-13,2025-11-07,653.02,2,1419,105052481,67146703,0.00255015395590705,99.9892377601249,0.529675251959686
666.44,693,0,1,0,2656,2025-10-13,2025-10-24,653.02,1,2656,132128798,101392771,0.00201015981391127,99.998135909781,1
454.7,455,4,87,64,2610,2025-10-13,2025-11-14,653.02,83,2546,75368075,44388034,0.00346300472713413,99.9773140019829,0.975478927203065
670.37,695,1,1,2463,2463,2025-10-13,2025-10-24,653.02,0,0,132128798,101392771,0.0018640902189998,100,0
329.99,330,2355,2355,2355,2355,2025-10-13,2025-10-17,653.02,0,0,520620291,402762213,0.000452345027789169,99.9961949235667,0
344.99,345,2327,2327,2327,2327,2025-10-13,2025-10-17,653.02,0,0,520620291,402762213,0.000446966827883395,99.9966418903946,0
404.72,405,77,80,1078,2240,2025-10-13,2025-11-28,653.02,3,1162,270802865,175543235,0.000827169978426927,99.998600088666,0.51875
389.99,390,2233,2238,2233,2238,2025-10-13,2025-10-17,653.02,5,5,520620291,402762213,0.000429871835325758,99.9970717622299,0.00223413762287757
670.01,692,1,1,2199,2199,2025-10-13,2025-10-17,653.02,0,0,520620291,402762213,0.000422380771171287,99.997494143001,0
414.87,415,13,166,78,2158,2025-10-13,2025-11-07,653.02,153,2080,105052481,67146703,0.0020542113612719,99.9912919714861,0.963855421686747
521.73,522,77,77,2079,2079,2025-10-13,2025-10-31,653.02,0,0,386880465,248420262,0.000537375284637336,99.9990865395594,0
668.21,689,1,1,2079,2079,2025-10-13,2025-11-28,653.02,0,0,270802865,175543235,0.000767717136227491,99.9993678058022,0
379.9,380,6,207,30,2070,2025-10-13,2025-11-14,653.02,201,2040,75368075,44388034,0.00274652099048569,99.9800605229734,0.985507246376812
399.86,400,101,144,808,2016,2025-10-13,2025-11-14,653.02,43,1208,75368075,44388034,0.00267487261682085,99.9827353955902,0.599206349206349
369.99,370,1959,1959,1959,1959,2025-10-13,2025-10-17,653.02,0,0,520620291,402762213,0.000376281914836085,99.9978704249159,0
379.99,380,1863,1863,1863,1863,2025-10-13,2025-10-17,653.02,0,0,520620291,402762213,0.000357842372302005,99.9982282672882,0
672.78,691,1,1,1822,1822,2025-10-13,2025-10-31,653.02,0,0,386880465,248420262,0.000470946497647536,99.9995574860571,0
670.41,688,1,1,1759,1759,2025-10-13,2025-10-17,653.02,0,0,520620291,402762213,0.000337866201223417,99.9985661334894,0
666.68,684,0,1,0,1732,2025-10-13,2025-10-17,653.02,1,1732,520620291,402762213,0.000332680079885707,99.9988988135693,1
492.92,493,212,214,2544,1712,2025-10-13,2025-10-31,653.02,2,-832,386880465,248420262,0.000442513942904819,100,-0.485981308411215
543.93,545,7,16,420,1712,2025-10-13,2025-11-14,653.02,9,1292,75368075,44388034,0.00227151880952247,99.9850069143998,0.754672897196262
554.93,556,16,16,1712,1712,2025-10-13,2025-11-28,653.02,0,0,270802865,175543235,0.000632194197797723,100,0
484.64,485,41,46,656,1656,2025-10-13,2025-11-07,653.02,5,1000,105052481,67146703,0.00157635496490559,99.992868326451,0.603864734299517
364.99,365,1512,1509,1512,1509,2025-10-13,2025-10-17,653.02,-3,-3,520620291,402762213,0.000289846559207582,99.9991886601285,-0.00198807157057654
334.99,335,1479,1479,1479,1479,2025-10-13,2025-10-17,653.02,0,0,520620291,402762213,0.000284084202165682,99.9994727443307,0
464.73,465,50,52,550,1404,2025-10-13,2025-11-07,653.02,2,854,105052481,67146703,0.00133647486155039,99.9942048013126,0.608262108262108
354.99,355,1394,1395,2788,1395,2025-10-13,2025-10-17,653.02,1,-1393,520620291,402762213,0.000267949602448361,99.9997406939331,-0.998566308243728
673.5,687,0,1,0,1350,2025-10-13,2025-10-17,653.02,1,1350,520620291,402762213,0.000259306066885511,100,1
666.31,679,1,1,1269,1269,2025-10-13,2025-11-14,653.02,0,0,75368075,44388034,0.00168373678112384,99.9866906511809,0
409.91,410,133,133,1197,1197,2025-10-13,2025-11-14,653.02,0,0,75368075,44388034,0.00158820561623738,99.9882788567971,0
399.9,400,113,116,678,1160,2025-10-13,2025-11-07,653.02,3,482,105052481,67146703,0.00110420999957155,99.9953090113122,0.415517241379311
424.8,425,55,56,605,1120,2025-10-13,2025-11-14,653.02,1,515,75368075,44388034,0.00148604034267825,99.9897648971398,0.459821428571429
499.46,500,16,18,512,972,2025-10-13,2025-11-14,653.02,2,460,75368075,44388034,0.0012896707259672,99.9910545678658,0.473251028806585
359.91,360,52,105,208,945,2025-10-13,2025-11-14,653.02,53,737,75368075,44388034,0.00125384653913477,99.9923084144049,0.77989417989418
369.95,370,186,186,930,930,2025-10-13,2025-11-14,653.02,0,0,75368075,44388034,0.00123394421311676,99.993542358618,0
349.92,350,101,111,303,888,2025-10-13,2025-11-14,653.02,10,585,75368075,44388034,0.00117821770026633,99.9947205763183,0.658783783783784
384.91,385,92,95,368,855,2025-10-13,2025-11-07,653.02,3,487,105052481,67146703,0.000813878922097994,99.9961228902343,0.569590643274854
489.65,490,21,21,378,735,2025-10-13,2025-11-07,653.02,0,357,105052481,67146703,0.000699650301452662,99.9968225405357,0.485714285714286
439.92,440,88,88,704,704,2025-10-13,2025-11-07,653.02,0,0,105052481,67146703,0.000670141241119284,99.9974926817768,0
449.78,450,55,32,550,704,2025-10-13,2025-11-07,653.02,-23,154,105052481,67146703,0.000670141241119284,99.998162823018,0.21875
434.76,435,26,27,260,648,2025-10-13,2025-11-14,653.02,1,388,75368075,44388034,0.00085978048397813,99.9955803568023,0.598765432098765
494.49,495,1,11,28,561,2025-10-13,2025-11-14,653.02,10,533,75368075,44388034,0.000744346993073659,99.9963247037953,0.950089126559715
424.83,425,29,31,174,527,2025-10-13,2025-11-07,653.02,2,353,105052481,67146703,0.000501654025667419,99.9986644770436,0.669829222011385
469.63,470,8,12,160,444,2025-10-13,2025-11-14,653.02,4,284,75368075,44388034,0.000589108850133163,99.9969138126455,0.63963963963964
439.74,440,16,17,192,442,2025-10-13,2025-11-14,653.02,1,250,75368075,44388034,0.000586455206664095,99.9975002678521,0.565610859728507
369.93,370,51,56,153,392,2025-10-13,2025-11-07,653.02,5,239,105052481,67146703,0.00037314682744142,99.9990376238711,0.60969387755102
354.92,355,30,47,120,376,2025-10-13,2025-11-14,653.02,17,256,75368075,44388034,0.000498884972184841,99.9979991528243,0.680851063829787
459.89,460,33,33,363,363,2025-10-13,2025-11-07,653.02,0,0,105052481,67146703,0.000345541577452131,99.9993831654485,0
474.57,475,7,8,147,344,2025-10-13,2025-11-14,653.02,1,197,75368075,44388034,0.000456426676679748,99.998455579501,0.572674418604651
454.77,455,14,14,140,322,2025-10-13,2025-11-07,653.02,0,182,105052481,67146703,0.000306513465398309,99.9996896789139,0.565217391304348
404.83,405,13,14,104,238,2025-10-13,2025-11-14,653.02,1,134,75368075,44388034,0.000315783572819128,99.9987713630738,0.563025210084034
509.29,510,1,3,32,213,2025-10-13,2025-11-14,653.02,2,181,75368075,44388034,0.000282613029455774,99.9990539761033,0.849765258215962
474.66,475,5,6,85,204,2025-10-13,2025-11-07,653.02,1,119,105052481,67146703,0.000194188655097065,99.999883867569,0.583333333333333
514.34,515,0,3,0,198,2025-10-13,2025-11-14,653.02,3,198,75368075,44388034,0.000262710703437762,99.9993166868067,1
414.91,415,21,21,189,189,2025-10-13,2025-11-14,653.02,0,0,75368075,44388034,0.000250769307826955,99.9995674561145,0
464.67,465,1,4,20,132,2025-10-13,2025-11-14,653.02,3,112,75368075,44388034,0.000175140468958508,99.9997425965835,0.848484848484848
484.59,485,2,2,46,82,2025-10-13,2025-11-14,653.02,0,36,75368075,44388034,0.0001087993822318,99.9998513959657,0.439024390243902
374.91,375,3,8,9,72,2025-10-13,2025-11-07,653.02,5,63,105052481,67146703,6.85371723871995e-05,99.9999524047414,0.875
489.47,490,0,1,0,53,2025-10-13,2025-11-14,653.02,1,53,75368075,44388034,7.032155193031e-05,99.9999217175177,1
444.9,445,5,5,50,50,2025-10-13,2025-11-07,653.02,0,0,105052481,67146703,4.75952586022219e-05,100,0
374.96,375,11,11,55,44,2025-10-13,2025-11-14,653.02,0,-11,75368075,44388034,5.83801563195027e-05,99.999980097674,-0.25
389.94,390,1,1,6,6,2025-10-13,2025-11-14,653.02,0,0,75368075,44388034,7.96093040720491e-06,99.9999880586044,0
384.95,385,0,1,0,5,2025-10-13,2025-11-14,653.02,1,5,75368075,44388034,6.63410867267076e-06,99.9999946927131,1
364.96,365,1,1,4,4,2025-10-13,2025-11-14,653.02,0,0,75368075,44388034,5.30728693813661e-06,100,0
670.75,689,0,0,0,0,2025-10-13,2025-10-17,653.02,0,0,520620291,402762213,0,100,
691,691,0,0,0,0,2025-10-13,2025-10-17,653.02,0,0,520620291,402762213,0,100,
693,693,0,0,0,0,2025-10-13,2025-10-17,653.02,0,0,520620291,402762213,0,100,
694,694,0,0,0,0,2025-10-13,2025-10-17,653.02,0,0,520620291,402762213,0,100,
671.59,696,0,0,0,0,2025-10-13,2025-10-17,653.02,0,0,520620291,402762213,0,100,
697,697,0,0,0,0,2025-10-13,2025-10-17,653.02,0,0,520620291,402762213,0,100,
698,698,0,0,0,0,2025-10-13,2025-10-17,653.02,0,0,520620291,402762213,0,100,
699,699,0,0,0,0,2025-10-13,2025-10-17,653.02,0,0,520620291,402762213,0,100,
701,701,0,0,0,0,2025-10-13,2025-10-17,653.02,0,0,520620291,402762213,0,100,
702,702,0,0,0,0,2025-10-13,2025-10-17,653.02,0,0,520620291,402762213,0,100,
703,703,0,0,0,0,2025-10-13,2025-10-17,653.02,0,0,520620291,402762213,0,100,
704,704,0,0,0,0,2025-10-13,2025-10-17,653.02,0,0,520620291,402762213,0,100,
670.05,706,0,0,0,0,2025-10-13,2025-10-17,653.02,0,0,520620291,402762213,0,100,
708,708,0,0,0,0,2025-10-13,2025-10-17,653.02,0,0,520620291,402762213,0,100,
635.42,710,0,0,0,0,2025-10-13,2025-10-17,653.02,0,0,520620291,402762213,0,100,
667.85,712,0,0,0,0,2025-10-13,2025-10-17,653.02,0,0,520620291,402762213,0,100,
714,714,0,0,0,0,2025-10-13,2025-10-17,653.02,0,0,520620291,402762213,0,100,
715,715,0,0,0,0,2025-10-13,2025-10-17,653.02,0,0,520620291,402762213,0,100,
716,716,0,0,0,0,2025-10-13,2025-10-17,653.02,0,0,520620291,402762213,0,100,
718,718,0,0,0,0,2025-10-13,2025-10-17,653.02,0,0,520620291,402762213,0,100,
668.9,720,0,0,0,0,2025-10-13,2025-10-17,653.02,0,0,520620291,402762213,0,100,
657.14,735,0,0,0,0,2025-10-13,2025-10-17,653.02,0,0,520620291,402762213,0,100,
740,740,0,0,0,0,2025-10-13,2025-10-17,653.02,0,0,520620291,402762213,0,100,
745,745,0,0,0,0,2025-10-13,2025-10-17,653.02,0,0,520620291,402762213,0,100,
663.6,750,0,0,0,0,2025-10-13,2025-10-17,653.02,0,0,520620291,402762213,0,100,
755,755,0,0,0,0,2025-10-13,2025-10-17,653.02,0,0,520620291,402762213,0,100,
760,760,0,0,0,0,2025-10-13,2025-10-17,653.02,0,0,520620291,402762213,0,100,
765,765,0,0,0,0,2025-10-13,2025-10-17,653.02,0,0,520620291,402762213,0,100,
770,770,0,0,0,0,2025-10-13,2025-10-17,653.02,0,0,520620291,402762213,0,100,
775,775,0,0,0,0,2025-10-13,2025-10-17,653.02,0,0,520620291,402762213,0,100,
780,780,0,0,0,0,2025-10-13,2025-10-17,653.02,0,0,520620291,402762213,0,100,
785,785,0,0,0,0,2025-10-13,2025-10-17,653.02,0,0,520620291,402762213,0,100,
790,790,0,0,0,0,2025-10-13,2025-10-17,653.02,0,0,520620291,402762213,0,100,
795,795,0,0,0,0,2025-10-13,2025-10-17,653.02,0,0,520620291,402762213,0,100,
665.4,800,0,0,0,0,2025-10-13,2025-10-17,653.02,0,0,520620291,402762213,0,100,
805,805,0,0,0,0,2025-10-13,2025-10-17,653.02,0,0,520620291,402762213,0,100,
810,810,0,0,0,0,2025-10-13,2025-10-17,653.02,0,0,520620291,402762213,0,100,
815,815,0,0,0,0,2025-10-13,2025-10-17,653.02,0,0,520620291,402762213,0,100,
820,820,0,0,0,0,2025-10-13,2025-10-17,653.02,0,0,520620291,402762213,0,100,
825,825,0,0,0,0,2025-10-13,2025-10-17,653.02,0,0,520620291,402762213,0,100,
830,830,0,0,0,0,2025-10-13,2025-10-17,653.02,0,0,520620291,402762213,0,100,
835,835,0,0,0,0,2025-10-13,2025-10-17,653.02,0,0,520620291,402762213,0,100,
840,840,0,0,0,0,2025-10-13,2025-10-17,653.02,0,0,520620291,402762213,0,100,
671.32,845,0,0,0,0,2025-10-13,2025-10-17,653.02,0,0,520620291,402762213,0,100,
672.35,689,0,0,0,0,2025-10-13,2025-10-24,653.02,0,0,132128798,101392771,0,100,
694,694,0,0,0,0,2025-10-13,2025-10-24,653.02,0,0,132128798,101392771,0,100,
696,696,0,0,0,0,2025-10-13,2025-10-24,653.02,0,0,132128798,101392771,0,100,
661.43,697,0,0,0,0,2025-10-13,2025-10-24,653.02,0,0,132128798,101392771,0,100,
663.97,698,0,0,0,0,2025-10-13,2025-10-24,653.02,0,0,132128798,101392771,0,100,
699,699,0,0,0,0,2025-10-13,2025-10-24,653.02,0,0,132128798,101392771,0,100,
669.91,700,0,0,0,0,2025-10-13,2025-10-24,653.02,0,0,132128798,101392771,0,100,
702,702,0,0,0,0,2025-10-13,2025-10-24,653.02,0,0,132128798,101392771,0,100,
703,703,0,0,0,0,2025-10-13,2025-10-24,653.02,0,0,132128798,101392771,0,100,
704,704,0,0,0,0,2025-10-13,2025-10-24,653.02,0,0,132128798,101392771,0,100,
705,705,0,0,0,0,2025-10-13,2025-10-24,653.02,0,0,132128798,101392771,0,100,
706,706,0,0,0,0,2025-10-13,2025-10-24,653.02,0,0,132128798,101392771,0,100,
707,707,0,0,0,0,2025-10-13,2025-10-24,653.02,0,0,132128798,101392771,0,100,
708,708,0,0,0,0,2025-10-13,2025-10-24,653.02,0,0,132128798,101392771,0,100,
709,709,0,0,0,0,2025-10-13,2025-10-24,653.02,0,0,132128798,101392771,0,100,
710,710,0,0,0,0,2025-10-13,2025-10-24,653.02,0,0,132128798,101392771,0,100,
711,711,0,0,0,0,2025-10-13,2025-10-24,653.02,0,0,132128798,101392771,0,100,
712,712,0,0,0,0,2025-10-13,2025-10-24,653.02,0,0,132128798,101392771,0,100,
713,713,0,0,0,0,2025-10-13,2025-10-24,653.02,0,0,132128798,101392771,0,100,
714,714,0,0,0,0,2025-10-13,2025-10-24,653.02,0,0,132128798,101392771,0,100,
715,715,0,0,0,0,2025-10-13,2025-10-24,653.02,0,0,132128798,101392771,0,100,
656.42,716,0,0,0,0,2025-10-13,2025-10-24,653.02,0,0,132128798,101392771,0,100,
718,718,0,0,0,0,2025-10-13,2025-10-24,653.02,0,0,132128798,101392771,0,100,
720,720,0,0,0,0,2025-10-13,2025-10-24,653.02,0,0,132128798,101392771,0,100,
725,725,0,0,0,0,2025-10-13,2025-10-24,653.02,0,0,132128798,101392771,0,100,
730,730,0,0,0,0,2025-10-13,2025-10-24,653.02,0,0,132128798,101392771,0,100,
735,735,0,0,0,0,2025-10-13,2025-10-24,653.02,0,0,132128798,101392771,0,100,
740,740,0,0,0,0,2025-10-13,2025-10-24,653.02,0,0,132128798,101392771,0,100,
745,745,0,0,0,0,2025-10-13,2025-10-24,653.02,0,0,132128798,101392771,0,100,
750,750,0,0,0,0,2025-10-13,2025-10-24,653.02,0,0,132128798,101392771,0,100,
755,755,0,0,0,0,2025-10-13,2025-10-24,653.02,0,0,132128798,101392771,0,100,
760,760,0,0,0,0,2025-10-13,2025-10-24,653.02,0,0,132128798,101392771,0,100,
765,765,0,0,0,0,2025-10-13,2025-10-24,653.02,0,0,132128798,101392771,0,100,
770,770,0,0,0,0,2025-10-13,2025-10-24,653.02,0,0,132128798,101392771,0,100,
780,780,0,0,0,0,2025-10-13,2025-10-24,653.02,0,0,132128798,101392771,0,100,
659.09,693,0,0,0,0,2025-10-13,2025-10-31,653.02,0,0,386880465,248420262,0,100,
671.68,694,0,0,0,0,2025-10-13,2025-10-31,653.02,0,0,386880465,248420262,0,100,
698,698,0,0,0,0,2025-10-13,2025-10-31,653.02,0,0,386880465,248420262,0,100,
665.53,699,0,0,0,0,2025-10-13,2025-10-31,653.02,0,0,386880465,248420262,0,100,
668.84,701,0,0,0,0,2025-10-13,2025-10-31,653.02,0,0,386880465,248420262,0,100,
702,702,0,0,0,0,2025-10-13,2025-10-31,653.02,0,0,386880465,248420262,0,100,
703,703,0,0,0,0,2025-10-13,2025-10-31,653.02,0,0,386880465,248420262,0,100,
666.74,704,0,0,0,0,2025-10-13,2025-10-31,653.02,0,0,386880465,248420262,0,100,
672.5,705,0,0,0,0,2025-10-13,2025-10-31,653.02,0,0,386880465,248420262,0,100,
706,706,0,0,0,0,2025-10-13,2025-10-31,653.02,0,0,386880465,248420262,0,100,
670.37,707,0,0,0,0,2025-10-13,2025-10-31,653.02,0,0,386880465,248420262,0,100,
709,709,0,0,0,0,2025-10-13,2025-10-31,653.02,0,0,386880465,248420262,0,100,
665.37,710,0,0,0,0,2025-10-13,2025-10-31,653.02,0,0,386880465,248420262,0,100,
669.75,711,0,0,0,0,2025-10-13,2025-10-31,653.02,0,0,386880465,248420262,0,100,
712,712,0,0,0,0,2025-10-13,2025-10-31,653.02,0,0,386880465,248420262,0,100,
713,713,0,0,0,0,2025-10-13,2025-10-31,653.02,0,0,386880465,248420262,0,100,
714,714,0,0,0,0,2025-10-13,2025-10-31,653.02,0,0,386880465,248420262,0,100,
658.4,716,0,0,0,0,2025-10-13,2025-10-31,653.02,0,0,386880465,248420262,0,100,
718,718,0,0,0,0,2025-10-13,2025-10-31,653.02,0,0,386880465,248420262,0,100,
669.87,720,0,0,0,0,2025-10-13,2025-10-31,653.02,0,0,386880465,248420262,0,100,
643.98,725,0,0,0,0,2025-10-13,2025-10-31,653.02,0,0,386880465,248420262,0,100,
643.96,730,0,0,0,0,2025-10-13,2025-10-31,653.02,0,0,386880465,248420262,0,100,
735,735,0,0,0,0,2025-10-13,2025-10-31,653.02,0,0,386880465,248420262,0,100,
740,740,0,0,0,0,2025-10-13,2025-10-31,653.02,0,0,386880465,248420262,0,100,
745,745,0,0,0,0,2025-10-13,2025-10-31,653.02,0,0,386880465,248420262,0,100,
750,750,0,0,0,0,2025-10-13,2025-10-31,653.02,0,0,386880465,248420262,0,100,
755,755,0,0,0,0,2025-10-13,2025-10-31,653.02,0,0,386880465,248420262,0,100,
760,760,0,0,0,0,2025-10-13,2025-10-31,653.02,0,0,386880465,248420262,0,100,
765,765,0,0,0,0,2025-10-13,2025-10-31,653.02,0,0,386880465,248420262,0,100,
770,770,0,0,0,0,2025-10-13,2025-10-31,653.02,0,0,386880465,248420262,0,100,
780,780,0,0,0,0,2025-10-13,2025-10-31,653.02,0,0,386880465,248420262,0,100,
662.75,684,0,0,0,0,2025-10-13,2025-11-07,653.02,0,0,105052481,67146703,0,100,
705,705,0,0,0,0,2025-10-13,2025-11-07,653.02,0,0,105052481,67146703,0,100,
715,715,0,0,0,0,2025-10-13,2025-11-07,653.02,0,0,105052481,67146703,0,100,
720,720,0,0,0,0,2025-10-13,2025-11-07,653.02,0,0,105052481,67146703,0,100,
725,725,0,0,0,0,2025-10-13,2025-11-07,653.02,0,0,105052481,67146703,0,100,
671.49,730,0,0,0,0,2025-10-13,2025-11-07,653.02,0,0,105052481,67146703,0,100,
735,735,0,0,0,0,2025-10-13,2025-11-07,653.02,0,0,105052481,67146703,0,100,
740,740,0,0,0,0,2025-10-13,2025-11-07,653.02,0,0,105052481,67146703,0,100,
745,745,0,0,0,0,2025-10-13,2025-11-07,653.02,0,0,105052481,67146703,0,100,
750,750,0,0,0,0,2025-10-13,2025-11-07,653.02,0,0,105052481,67146703,0,100,
755,755,0,0,0,0,2025-10-13,2025-11-07,653.02,0,0,105052481,67146703,0,100,
760,760,0,0,0,0,2025-10-13,2025-11-07,653.02,0,0,105052481,67146703,0,100,
765,765,0,0,0,0,2025-10-13,2025-11-07,653.02,0,0,105052481,67146703,0,100,
770,770,0,0,0,0,2025-10-13,2025-11-07,653.02,0,0,105052481,67146703,0,100,
780,780,0,0,0,0,2025-10-13,2025-11-07,653.02,0,0,105052481,67146703,0,100,
681,681,0,0,0,0,2025-10-13,2025-11-14,653.02,0,0,75368075,44388034,0,100,
688,688,0,0,0,0,2025-10-13,2025-11-14,653.02,0,0,75368075,44388034,0,100,
695,695,0,0,0,0,2025-10-13,2025-11-14,653.02,0,0,75368075,44388034,0,100,
710,710,0,0,0,0,2025-10-13,2025-11-14,653.02,0,0,75368075,44388034,0,100,
715,715,0,0,0,0,2025-10-13,2025-11-14,653.02,0,0,75368075,44388034,0,100,
670.77,720,0,0,0,0,2025-10-13,2025-11-14,653.02,0,0,75368075,44388034,0,100,
725,725,0,0,0,0,2025-10-13,2025-11-14,653.02,0,0,75368075,44388034,0,100,
730,730,0,0,0,0,2025-10-13,2025-11-14,653.02,0,0,75368075,44388034,0,100,
735,735,0,0,0,0,2025-10-13,2025-11-14,653.02,0,0,75368075,44388034,0,100,
740,740,0,0,0,0,2025-10-13,2025-11-14,653.02,0,0,75368075,44388034,0,100,
745,745,0,0,0,0,2025-10-13,2025-11-14,653.02,0,0,75368075,44388034,0,100,
750,750,0,0,0,0,2025-10-13,2025-11-14,653.02,0,0,75368075,44388034,0,100,
755,755,0,0,0,0,2025-10-13,2025-11-14,653.02,0,0,75368075,44388034,0,100,
760,760,0,0,0,0,2025-10-13,2025-11-14,653.02,0,0,75368075,44388034,0,100,
765,765,0,0,0,0,2025-10-13,2025-11-14,653.02,0,0,75368075,44388034,0,100,
770,770,0,0,0,0,2025-10-13,2025-11-14,653.02,0,0,75368075,44388034,0,100,
780,780,0,0,0,0,2025-10-13,2025-11-14,653.02,0,0,75368075,44388034,0,100,
672.66,704,0,0,0,0,2025-10-13,2025-11-21,653.02,0,0,843514497,487080926,0,100,
671.22,705,0,0,0,0,2025-10-13,2025-11-21,653.02,0,0,843514497,487080926,0,100,
662.71,706,0,0,0,0,2025-10-13,2025-11-21,653.02,0,0,843514497,487080926,0,100,
669.22,708,0,0,0,0,2025-10-13,2025-11-21,653.02,0,0,843514497,487080926,0,100,
662,710,0,0,0,0,2025-10-13,2025-11-21,653.02,0,0,843514497,487080926,0,100,
712,712,0,0,0,0,2025-10-13,2025-11-21,653.02,0,0,843514497,487080926,0,100,
714,714,0,0,0,0,2025-10-13,2025-11-21,653.02,0,0,843514497,487080926,0,100,
654.93,715,0,0,0,0,2025-10-13,2025-11-21,653.02,0,0,843514497,487080926,0,100,
716,716,0,0,0,0,2025-10-13,2025-11-21,653.02,0,0,843514497,487080926,0,100,
657.09,725,0,0,0,0,2025-10-13,2025-11-21,653.02,0,0,843514497,487080926,0,100,
651.66,735,0,0,0,0,2025-10-13,2025-11-21,653.02,0,0,843514497,487080926,0,100,
740,740,0,0,0,0,2025-10-13,2025-11-21,653.02,0,0,843514497,487080926,0,100,
745,745,0,0,0,0,2025-10-13,2025-11-21,653.02,0,0,843514497,487080926,0,100,
668.92,755,0,0,0,0,2025-10-13,2025-11-21,653.02,0,0,843514497,487080926,0,100,
760,760,0,0,0,0,2025-10-13,2025-11-21,653.02,0,0,843514497,487080926,0,100,
765,765,0,0,0,0,2025-10-13,2025-11-21,653.02,0,0,843514497,487080926,0,100,
770,770,0,0,0,0,2025-10-13,2025-11-21,653.02,0,0,843514497,487080926,0,100,
775,775,0,0,0,0,2025-10-13,2025-11-21,653.02,0,0,843514497,487080926,0,100,
780,780,0,0,0,0,2025-10-13,2025-11-21,653.02,0,0,843514497,487080926,0,100,
785,785,0,0,0,0,2025-10-13,2025-11-21,653.02,0,0,843514497,487080926,0,100,
790,790,0,0,0,0,2025-10-13,2025-11-21,653.02,0,0,843514497,487080926,0,100,
795,795,0,0,0,0,2025-10-13,2025-11-21,653.02,0,0,843514497,487080926,0,100,
800,800,0,0,0,0,2025-10-13,2025-11-21,653.02,0,0,843514497,487080926,0,100,
687,687,0,0,0,0,2025-10-13,2025-11-28,653.02,0,0,270802865,175543235,0,100,
694,694,0,0,0,0,2025-10-13,2025-11-28,653.02,0,0,270802865,175543235,0,100,
663.21,696,0,0,0,0,2025-10-13,2025-11-28,653.02,0,0,270802865,175543235,0,100,
702,702,0,0,0,0,2025-10-13,2025-11-28,653.02,0,0,270802865,175543235,0,100,
703,703,0,0,0,0,2025-10-13,2025-11-28,653.02,0,0,270802865,175543235,0,100,
704,704,0,0,0,0,2025-10-13,2025-11-28,653.02,0,0,270802865,175543235,0,100,
705,705,0,0,0,0,2025-10-13,2025-11-28,653.02,0,0,270802865,175543235,0,100,
706,706,0,0,0,0,2025-10-13,2025-11-28,653.02,0,0,270802865,175543235,0,100,
707,707,0,0,0,0,2025-10-13,2025-11-28,653.02,0,0,270802865,175543235,0,100,
708,708,0,0,0,0,2025-10-13,2025-11-28,653.02,0,0,270802865,175543235,0,100,
709,709,0,0,0,0,2025-10-13,2025-11-28,653.02,0,0,270802865,175543235,0,100,
665,710,0,0,0,0,2025-10-13,2025-11-28,653.02,0,0,270802865,175543235,0,100,
672.85,711,0,0,0,0,2025-10-13,2025-11-28,653.02,0,0,270802865,175543235,0,100,
712,712,0,0,0,0,2025-10-13,2025-11-28,653.02,0,0,270802865,175543235,0,100,
713,713,0,0,0,0,2025-10-13,2025-11-28,653.02,0,0,270802865,175543235,0,100,
714,714,0,0,0,0,2025-10-13,2025-11-28,653.02,0,0,270802865,175543235,0,100,
715,715,0,0,0,0,2025-10-13,2025-11-28,653.02,0,0,270802865,175543235,0,100,
716,716,0,0,0,0,2025-10-13,2025-11-28,653.02,0,0,270802865,175543235,0,100,
717,717,0,0,0,0,2025-10-13,2025-11-28,653.02,0,0,270802865,175543235,0,100,
718,718,0,0,0,0,2025-10-13,2025-11-28,653.02,0,0,270802865,175543235,0,100,
719,719,0,0,0,0,2025-10-13,2025-11-28,653.02,0,0,270802865,175543235,0,100,
722,722,0,0,0,0,2025-10-13,2025-11-28,653.02,0,0,270802865,175543235,0,100,
725,725,0,0,0,0,2025-10-13,2025-11-28,653.02,0,0,270802865,175543235,0,100,
668.64,730,0,0,0,0,2025-10-13,2025-11-28,653.02,0,0,270802865,175543235,0,100,
735,735,0,0,0,0,2025-10-13,2025-11-28,653.02,0,0,270802865,175543235,0,100,
740,740,0,0,0,0,2025-10-13,2025-11-28,653.02,0,0,270802865,175543235,0,100,
745,745,0,0,0,0,2025-10-13,2025-11-28,653.02,0,0,270802865,175543235,0,100,
657.63,750,0,0,0,0,2025-10-13,2025-11-28,653.02,0,0,270802865,175543235,0,100,
755,755,0,0,0,0,2025-10-13,2025-11-28,653.02,0,0,270802865,175543235,0,100,
760,760,0,0,0,0,2025-10-13,2025-11-28,653.02,0,0,270802865,175543235,0,100,
765,765,0,0,0,0,2025-10-13,2025-11-28,653.02,0,0,270802865,175543235,0,100,
770,770,0,0,0,0,2025-10-13,2025-11-28,653.02,0,0,270802865,175543235,0,100,
658.89,780,0,0,0,0,2025-10-13,2025-11-28,653.02,0,0,270802865,175543235,0,100,
662.77,715,0,0,0,0,2025-10-13,2025-12-19,653.02,0,0,701482881,312345801,0,100,
661.42,720,0,0,0,0,2025-10-13,2025-12-19,653.02,0,0,701482881,312345801,0,100,
626.5,725,0,0,0,0,2025-10-13,2025-12-19,653.02,0,0,701482881,312345801,0,100,
663.08,730,0,0,0,0,2025-10-13,2025-12-19,653.02,0,0,701482881,312345801,0,100,
735,735,0,0,0,0,2025-10-13,2025-12-19,653.02,0,0,701482881,312345801,0,100,
557.52,740,0,0,0,0,2025-10-13,2025-12-19,653.02,0,0,701482881,312345801,0,100,
657.64,745,0,0,0,0,2025-10-13,2025-12-19,653.02,0,0,701482881,312345801,0,100,
669.53,755,0,0,0,0,2025-10-13,2025-12-19,653.02,0,0,701482881,312345801,0,100,
760,760,0,0,0,0,2025-10-13,2025-12-19,653.02,0,0,701482881,312345801,0,100,
556.84,765,0,0,0,0,2025-10-13,2025-12-19,653.02,0,0,701482881,312345801,0,100,
770,770,0,0,0,0,2025-10-13,2025-12-19,653.02,0,0,701482881,312345801,0,100,
775,775,0,0,0,0,2025-10-13,2025-12-19,653.02,0,0,701482881,312345801,0,100,
602,780,0,0,0,0,2025-10-13,2025-12-19,653.02,0,0,701482881,312345801,0,100,
785,785,0,0,0,0,2025-10-13,2025-12-19,653.02,0,0,701482881,312345801,0,100,
644.13,790,0,0,0,0,2025-10-13,2025-12-19,653.02,0,0,701482881,312345801,0,100,
795,795,0,0,0,0,2025-10-13,2025-12-19,653.02,0,0,701482881,312345801,0,100,
672.78,805,0,0,0,0,2025-10-13,2025-12-19,653.02,0,0,701482881,312345801,0,100,
810,810,0,0,0,0,2025-10-13,2025-12-19,653.02,0,0,701482881,312345801,0,100,
815,815,0,0,0,0,2025-10-13,2025-12-19,653.02,0,0,701482881,312345801,0,100,
820,820,0,0,0,0,2025-10-13,2025-12-19,653.02,0,0,701482881,312345801,0,100,
516.96,825,0,0,0,0,2025-10-13,2025-12-19,653.02,0,0,701482881,312345801,0,100,
830,830,0,0,0,0,2025-10-13,2025-12-19,653.02,0,0,701482881,312345801,0,100,
835,835,0,0,0,0,2025-10-13,2025-12-19,653.02,0,0,701482881,312345801,0,100,
663.65,840,0,0,0,0,2025-10-13,2025-12-19,653.02,0,0,701482881,312345801,0,100,
