Watch,strike,open_interest.yt,open_interest.td,OI_Dollar.yt,OI_Dollar.td,Date.td,expiry,stkClose,diff_oi,diff_oi_d,totalOI,totalOIdiff,OI_pct,cum_sep_OI,pct
497,545,124738,124311,297749606,596692800,2025-04-07,2025-06-20,505.28,-427,298943194,3776542538,1873897874,15.7999756125082,15.7999756125082,0.50100016960151
487,535,100496,99045,269530272,475416000,2025-04-07,2025-09-19,505.28,-1451,205885728,2220318620,913921523,21.4120620219813,21.4120620219813,0.43306436468272
495,540,66714,62952,145036236,283284000,2025-04-07,2025-06-20,505.28,-3762,138247764,3776542538,1873897874,7.50114680688922,23.3011224193975,0.488018257296565
497.84,540,69017,55613,122850260,234464408,2025-04-07,2025-05-16,505.28,-13404,111614148,4021897859,2337321162,5.82969573618901,5.82969573618901,0.476038768323421
501.74,560,36768,36623,115377984,213365598,2025-04-07,2025-06-20,505.28,-145,97987614,3776542538,1873897874,5.64976021991256,28.95088263931,0.459247483748528
502.24,555,40170,39846,100304490,210227496,2025-04-07,2025-05-16,505.28,-324,109923006,4021897859,2337321162,5.22707197870686,11.0567677148959,0.522876446190464
495.02,530,84965,55610,120310440,194523780,2025-04-07,2025-05-16,505.28,-29355,74213340,4021897859,2337321162,4.83661661284372,15.8933843277396,0.381512944072956
498.38,550,37597,36829,98428946,190111298,2025-04-07,2025-06-20,505.28,-768,91682352,3776542538,1873897874,5.03400388283936,33.9848865221494,0.482256199208108
449.5,460,156321,178539,42206670,187465950,2025-04-07,2025-05-16,505.28,22218,145259280,4021897859,2337321162,4.6611315496364,20.554515877376,0.77485687400832
481.11,510,52995,64447,66137760,186187383,2025-04-07,2025-06-20,505.28,11452,120049623,3776542538,1873897874,4.93010157112124,38.9149880932706,0.644778507897068
488.9,525,50765,50376,83153070,181857360,2025-04-07,2025-06-20,505.28,-389,98704290,3776542538,1873897874,4.81544582564954,43.7304339189202,0.542756641798825
475.8,495,91528,92355,55099856,177321600,2025-04-07,2025-05-16,505.28,827,122221744,4021897859,2337321162,4.40890361258675,24.9634194899627,0.689265966469962
501.39,550,39974,35091,89581734,170577351,2025-04-07,2025-05-16,505.28,-4883,80995617,4021897859,2337321162,4.24121539084566,29.2046348808084,0.474832189180849
493.34,510,5948,99345,1475104,165508770,2025-04-07,2025-04-11,505.28,93397,164033666,1332187463,1033620686,12.4238348278166,12.4238348278166,0.991087457178251
501.13,555,30837,30140,88409679,162364180,2025-04-07,2025-06-20,505.28,-697,73954501,3776542538,1873897874,4.29928111139417,48.0297150303143,0.455485323179041
505,580,20871,20130,93919500,150975000,2025-04-07,2025-06-20,505.28,-741,57055500,3776542538,1873897874,3.99770420909794,52.0274192394123,0.377913561847988
474.81,500,63802,58699,65779862,147862781,2025-04-07,2025-06-20,505.28,-5103,82082919,3776542538,1873897874,3.91529499567893,55.9427142350912,0.555129008428429
478.82,500,64208,69155,44303520,146470290,2025-04-07,2025-05-16,505.28,4947,102166770,4021897859,2337321162,3.64182023350584,32.8464551143142,0.697525552792993
492.83,525,52226,44660,65386952,143671220,2025-04-07,2025-05-16,505.28,-7566,78284268,4021897859,2337321162,3.57222448298879,36.418679597303,0.54488482801218
499.87,545,32007,31151,64078014,140584463,2025-04-07,2025-05-16,505.28,-856,76506449,4021897859,2337321162,3.49547571640605,39.9141553137091,0.544202733128482
501.54,530,50707,47560,33821569,135355760,2025-04-07,2025-04-11,505.28,-3147,101534191,1332187463,1033620686,10.1604138876362,22.5842487154527,0.750128335875769
483.42,515,41764,42218,56882568,133324444,2025-04-07,2025-06-20,505.28,454,76441876,3776542538,1873897874,3.53033078956411,59.4730450246553,0.573352295397534
476.08,520,30134,29224,78951080,128351808,2025-04-07,2025-12-19,505.28,-910,49400728,1385328150,446323561,9.2650833667099,9.2650833667099,0.384885330170028
477.64,505,46760,46515,52417960,127265040,2025-04-07,2025-06-20,505.28,-245,74847080,3776542538,1873897874,3.36988233865883,62.8429273633141,0.588119722431235
490,520,36317,42222,40348187,126666000,2025-04-07,2025-05-16,505.28,5905,86317813,4021897859,2337321162,3.14940867323503,43.0635639869441,0.681460005052658
496.2,525,56402,43265,50648996,124603200,2025-04-07,2025-04-25,505.28,-13137,73954204,438479392,268316798,28.4171165791071,28.4171165791071,0.593517694569642
491.38,530,34431,31755,61872507,122637810,2025-04-07,2025-06-20,505.28,-2676,60765303,3776542538,1873897874,3.2473567758341,66.0902841391482,0.495485878294793
498.27,560,18659,18448,70419066,113879504,2025-04-07,2025-09-19,505.28,-211,43460438,2220318620,913921523,5.12897126449356,26.5410332864749,0.3816352940912
503.26,570,17307,17001,61318701,113464674,2025-04-07,2025-05-16,505.28,-306,52145973,4021897859,2337321162,2.82117244091852,45.8847364278626,0.45957892586022
504.2,575,16555,15861,67627175,112295880,2025-04-07,2025-06-20,505.28,-694,44668705,3776542538,1873897874,2.97351026421829,69.0637944033665,0.39777688193013
487.02,520,34661,33218,52199466,109552964,2025-04-07,2025-06-20,505.28,-1443,57353498,3776542538,1873897874,2.90087991589306,71.9646743192596,0.523523014858822
505.09,585,13329,13262,64765611,105976642,2025-04-07,2025-06-20,505.28,-67,41211031,3776542538,1873897874,2.80618160483169,74.7708559240913,0.388869001907043
498.89,533,31381,31054,46726309,105925194,2025-04-07,2025-05-16,505.28,-327,59198885,4021897859,2337321162,2.63371168820128,48.5184481160639,0.558874454362576
472.35,490,32938,58673,17852396,103557845,2025-04-07,2025-05-16,505.28,25735,85705449,4021897859,2337321162,2.57485019835259,51.0932983144165,0.827609429300117
503.11,563,16976,16777,52116320,100477453,2025-04-07,2025-05-30,505.28,-199,48361133,754833589,384724462,13.31120586898,13.31120586898,0.481313285280032
496.87,535,27069,25736,42823158,98131368,2025-04-07,2025-05-16,505.28,-1333,55308210,4021897859,2337321162,2.43992690615965,53.5332252205761,0.563613971018931
505.01,590,12042,11520,64027314,97908480,2025-04-07,2025-06-20,505.28,-522,33881166,3776542538,1873897874,2.59254275610122,77.3633986801925,0.346049351394282
468.77,500,31316,31149,51264292,97278327,2025-04-07,2025-09-19,505.28,-167,46014035,2220318620,913921523,4.38127780957852,30.9223110960534,0.473014251159973
480.7,490,53989,104380,5830812,97073400,2025-04-07,2025-04-11,505.28,50391,91242588,1332187463,1033620686,7.28676726782858,29.8710159832813,0.939933988095606
502.81,570,14174,13943,52599714,93683017,2025-04-07,2025-06-20,505.28,-231,41083303,3776542538,1873897874,2.48065568062191,79.8440543608144,0.438535225653546
495.76,515,46023,47665,14497245,91707460,2025-04-07,2025-04-11,505.28,1642,77210215,1332187463,1033620686,6.88397560756808,36.7549915908494,0.841918585467311
493.63,550,16533,16225,54625032,91460325,2025-04-07,2025-09-19,505.28,-308,36835293,2220318620,913921523,4.11924325527658,35.04155435133,0.402746141564662
499.9,565,14384,13956,57766144,90853560,2025-04-07,2025-09-19,505.28,-428,33087416,2220318620,913921523,4.09191542067958,39.1334697720096,0.364184034175436
511.66,610,12110,9189,87192000,90364626,2025-04-07,2025-12-19,505.28,-2921,3172626,1385328150,446323561,6.52297623490868,15.7880596016186,0.0351091587542231
505.02,600,12001,9508,74490207,90306984,2025-04-07,2025-06-20,505.28,-2493,15816777,3776542538,1873897874,2.39126087132134,82.2353152321358,0.175144560247965
484.66,510,34853,35389,30287257,89675726,2025-04-07,2025-05-16,505.28,536,59388469,4021897859,2337321162,2.22968680816516,55.7629120287413,0.662258022867861
492.2,545,16871,16775,51844583,88572000,2025-04-07,2025-09-19,505.28,-96,36727417,2220318620,913921523,3.98915719582625,43.1226269678358,0.414661710247031
500.1,560,14078,13925,46429244,83410750,2025-04-07,2025-07-18,505.28,-153,36981506,906386767,426487786,9.20255602098833,9.20255602098833,0.443366184814308
502,575,11350,11311,51529000,82570300,2025-04-07,2025-09-19,505.28,-39,31041300,2220318620,913921523,3.71884914427282,46.8414761121086,0.375937837212654
505.32,600,8560,8522,53491440,80686296,2025-04-07,2025-08-15,505.28,-38,27194856,795796258,347369745,10.1390645141737,10.1390645141737,0.337044298080061
501.79,565,12532,12599,42145116,79638279,2025-04-07,2025-06-20,505.28,67,37493163,3776542538,1873897874,2.10876160399812,84.3440768361339,0.470793234996954
500.46,570,11393,11343,48989900,78879222,2025-04-07,2025-09-19,505.28,-50,29889322,2220318620,913921523,3.55260822881358,50.3940843409222,0.378925162319679
504.36,600,8717,8145,55788800,77898780,2025-04-07,2025-09-19,505.28,-572,22109980,2220318620,913921523,3.50845051238637,53.9025348533086,0.283829605547096
503.22,540,25695,20679,27185310,76057362,2025-04-07,2025-04-11,505.28,-5016,48872052,1332187463,1033620686,5.7092086596224,42.4642002504718,0.642568328888399
487.29,515,24918,27386,24394722,75886606,2025-04-07,2025-05-16,505.28,2468,51491884,4021897859,2337321162,1.88683573428362,57.6497477630249,0.678537184809662
505,595,8782,8412,49837850,75708000,2025-04-07,2025-06-20,505.28,-370,25870150,3776542538,1873897874,2.00469077835659,86.3487676144905,0.34170959475881
465.14,480,19035,50804,8146980,75494744,2025-04-07,2025-05-16,505.28,31769,67347764,4021897859,2337321162,1.87709252314953,59.5268402861745,0.892085467565795
502.94,560,13343,12934,37573888,73801404,2025-04-07,2025-05-16,505.28,-409,36227516,4021897859,2337321162,1.83498951458578,61.3618298007602,0.490878412015034
497.38,550,13975,13878,40122225,73026036,2025-04-07,2025-07-18,505.28,-97,32903811,906386767,426487786,8.05682945280687,17.2593854737952,0.450576435505824
495.25,529,21431,21312,28888988,71928000,2025-04-07,2025-05-16,505.28,-119,43039012,4021897859,2337321162,1.78840941569521,63.1502392164555,0.598362417973529
483.37,525,17550,17194,40294800,71578622,2025-04-07,2025-09-19,505.28,-356,31283822,2220318620,913921523,3.22379956440666,57.1263344177153,0.437055382262039
482.77,500,50824,41200,20380424,70987600,2025-04-07,2025-04-25,505.28,-9624,50607176,438479392,268316798,16.1894951724436,44.6066117515507,0.712901633524728
482.36,505,32942,30607,25595934,69294248,2025-04-07,2025-05-16,505.28,-2335,43698314,4021897859,2337321162,1.72292411267822,64.8731633291337,0.630619643927733
490,550,11683,11439,43706103,68634000,2025-04-07,2025-12-19,505.28,-244,24927897,1385328150,446323561,4.95434962467196,20.7424092262905,0.363200410875077
485.1,530,14610,14596,36700320,65536040,2025-04-07,2025-09-19,505.28,-14,28835720,2220318620,913921523,2.95165024558502,60.0779846633003,0.439997900391907
490.59,540,13104,13263,37464336,65532483,2025-04-07,2025-09-19,505.28,159,28068147,2220318620,913921523,2.95149004335243,63.0294747066527,0.428308919715433
502.23,570,10134,9648,39350322,65384496,2025-04-07,2025-07-18,505.28,-486,26034174,906386767,426487786,7.21375227226812,24.4731377460633,0.398170447012393
503.47,565,10820,10509,34137100,64661877,2025-04-07,2025-05-16,505.28,-311,30524777,4021897859,2337321162,1.60774537959245,66.4809087087261,0.472067598656315
497,555,11212,11138,37952620,64600400,2025-04-07,2025-09-19,505.28,-74,26647780,2220318620,913921523,2.90951034766353,65.9389850543162,0.412501780174736
504.92,580,8541,8435,37093563,63329980,2025-04-07,2025-05-16,505.28,-106,26236417,4021897859,2337321162,1.57462924768921,68.0555379564153,0.4142811508862
462.05,490,15371,21697,21826820,60643115,2025-04-07,2025-09-19,505.28,6326,38816295,2220318620,913921523,2.73127984667354,68.6702649009898,0.64007752570098
505.5,575,8632,8374,32974240,58199300,2025-04-07,2025-05-16,505.28,-258,25225060,4021897859,2337321162,1.44706061765752,69.5025985740728,0.433425487935422
503.75,585,8180,7105,39697540,57728125,2025-04-07,2025-09-19,505.28,-1075,18030585,2220318620,913921523,2.59999283346099,71.2702577344507,0.312336231256428
498.05,537,14892,14781,24765396,57571995,2025-04-07,2025-05-16,505.28,-111,32806599,4021897859,2337321162,1.43146337918971,70.9340619532626,0.569836063523593
484.27,495,2829,53409,345138,57307857,2025-04-07,2025-04-11,505.28,50580,56962719,1332187463,1033620686,4.30178624192622,46.765986492398,0.993977475025807
503.8,580,7354,7332,35549236,55869840,2025-04-07,2025-09-19,505.28,-22,20320604,2220318620,913921523,2.51629831397802,73.7865560484288,0.363713302203837
503.25,557,11421,10337,29454759,55561375,2025-04-07,2025-05-16,505.28,-1084,26106616,4021897859,2337321162,1.38147155765449,72.315533510917,0.469869869131209
505.27,605,5564,5536,37250980,55210528,2025-04-07,2025-12-19,505.28,-28,17959548,1385328150,446323561,3.98537545057465,24.7277846768652,0.325292089218926
500.34,546,12428,11948,24520444,54554568,2025-04-07,2025-05-16,505.28,-480,30034124,4021897859,2337321162,1.35643842565322,73.6719719365703,0.550533623508851
493.79,535,13236,13047,26405820,53766687,2025-04-07,2025-06-20,505.28,-189,27360867,3776542538,1873897874,1.42370134743601,87.7724689619265,0.508881400857003
499.13,525,22860,20704,12001500,53561248,2025-04-07,2025-04-11,505.28,-2156,41559748,1332187463,1033620686,4.02054887075604,50.7865353631541,0.775929418224161
468,490,17982,24278,15248736,53411600,2025-04-07,2025-06-20,505.28,6296,38162864,3776542538,1873897874,1.41429891130754,89.186767873234,0.714505163672311
458.99,490,16994,17147,30232326,53172847,2025-04-07,2025-12-19,505.28,153,22940521,1385328150,446323561,3.83828531889719,28.5660699957624,0.431433001885342
504.59,595,5819,5793,34285548,52374513,2025-04-07,2025-09-19,505.28,-26,18088965,2220318620,913921523,2.35887374578699,76.1454297942158,0.345377244844262
494.36,540,11530,11443,28144730,52225852,2025-04-07,2025-07-18,505.28,-87,24081122,906386767,426487786,5.7619830630206,30.2351208090839,0.461095818982522
477.54,515,13946,13897,27905946,52058162,2025-04-07,2025-09-19,505.28,-49,24152216,2220318620,913921523,2.34462574565087,78.4900555398666,0.463946767847854
487,540,9986,9570,33133548,50721000,2025-04-07,2025-12-19,505.28,-416,17587452,1385328150,446323561,3.66129858835251,32.2273685841149,0.346748920565446
504.18,600,5661,5238,37300329,50190516,2025-04-07,2025-12-19,505.28,-423,12890187,1385328150,446323561,3.62300556730909,35.850374151424,0.25682515397929
510.99,590,7560,6261,42993720,49468161,2025-04-07,2025-09-19,505.28,-1299,6474441.00000002,2220318620,913921523,2.22797577583707,80.7180313157037,0.130880972106483
464.1,500,13588,13738,28099984,49319420,2025-04-07,2025-12-19,505.28,150,21219436,1385328150,446323561,3.56012544753386,39.4104995989578,0.430245043433195
500.11,550,9820,9651,23332320,48148839,2025-04-07,2025-05-30,505.28,-169,24816519,754833589,384724462,6.37873561824234,19.6899414872223,0.515412614621923
495,560,7616,7215,32124288,46897500,2025-04-07,2025-12-19,505.28,-401,14773212,1385328150,446323561,3.38529899937426,42.7957985983321,0.315010650887574
502.7,560,8268,8165,24307920,46785450,2025-04-07,2025-05-30,505.28,-103,22477530,754833589,384724462,6.19811448268765,25.8880559699099,0.480438469652424
499.61,555,8532,8386,26440668,46450054,2025-04-07,2025-07-18,505.28,-146,20009386,906386767,426487786,5.12474979679398,35.3598706058779,0.430772071868851
419.01,425,76627,77334,11340796,46323066,2025-04-07,2025-05-16,505.28,707,34982270,4021897859,2337321162,1.15177131851672,74.823743255087,0.755180367378964
504.01,560,8457,8272,22224996,46314928,2025-04-07,2025-05-02,505.28,-185,24089932,334856295,202735238,13.8312848501176,13.8312848501176,0.520133206295819
496,545,9368,9348,24825200,45805200,2025-04-07,2025-07-18,505.28,-20,20980000,906386767,426487786,5.05360423030095,40.4134748361789,0.458026599600045
506.41,605,4739,4601,30703981,45361259,2025-04-07,2025-09-19,505.28,-138,14657278,2220318620,913921523,2.04300673747446,82.7610380531782,0.323123262517912
505.75,585,5908,5703,28435204,45196275,2025-04-07,2025-05-16,505.28,-205,16761071,4021897859,2337321162,1.12375491831206,75.947498173399,0.370850717232781
490,530,11051,11130,22997131,44520000,2025-04-07,2025-07-18,505.28,79,21522869,906386767,426487786,4.9118104567385,45.3252852929173,0.483442699910153
494.17,555,7363,7243,29223747,44059169,2025-04-07,2025-12-19,505.28,-120,14835422,1385328150,446323561,3.18041389688068,45.9762124952128,0.336715883134337
492.94,535,10299,10415,23090358,43805490,2025-04-07,2025-07-18,505.28,116,20715132,906386767,426487786,4.83297987072223,50.1582651636396,0.472888946111549
475.02,510,12414,12450,23512116,43550100,2025-04-07,2025-09-19,505.28,36,20037984,2220318620,913921523,1.96143470615942,84.7224727593376,0.460113386651236
465.51,485,21121,22118,15714024,43107982,2025-04-07,2025-06-20,505.28,997,27393958,3776542538,1873897874,1.14146687257571,90.3282347458097,0.6354729850263
479.97,520,11533,10718,24853615,42904154,2025-04-07,2025-09-19,505.28,-815,18050539,2220318620,913921523,1.93234221492049,86.6548149742581,0.420717746817709
442.02,455,32740,32823,14340120,42604254,2025-04-07,2025-06-20,505.28,83,28264134,3776542538,1873897874,1.12812853479899,91.4563632806087,0.663411076274214
509.5,575,6182,6291,26162224,41206050,2025-04-07,2025-07-18,505.28,109,15043826,906386767,426487786,4.54618839332636,54.7044535569659,0.365087796573561
457.55,470,31604,32298,10713756,40211010,2025-04-07,2025-05-16,505.28,694,29497254,4021897859,2337321162,0.999801869906215,76.9473000433053,0.733561629016531
498.58,570,5753,5609,27223196,40059478,2025-04-07,2025-12-19,505.28,-144,12836282,1385328150,446323561,2.89169594943985,48.8679084446526,0.320430585740533
472.44,495,17505,17699,16332165,39928944,2025-04-07,2025-06-20,505.28,194,23596779,3776542538,1873897874,1.05728834239865,92.5136516230073,0.590969272816231
473,500,13491,14569,16985169,39336300,2025-04-07,2025-07-18,505.28,1078,22351131,906386767,426487786,4.3399022836793,59.0443558406452,0.56820623698721
507.35,580,5416,5368,28244440,38998520,2025-04-07,2025-12-19,505.28,-48,10754080,1385328150,446323561,2.81511062920363,51.6830190738563,0.275756105616316
499.41,532,11786,11862,17407922,38658258,2025-04-07,2025-05-16,505.28,76,21250336,4021897859,2337321162,0.961194425002428,77.9084944683077,0.549697195357328
472.92,480,51705,54535,3722760,38610780,2025-04-07,2025-04-11,505.28,2830,34888020,1332187463,1033620686,2.89829930639424,53.6848346695483,0.903582367411381
503.71,576,5231,5231,17633701,37814899,2025-04-07,2025-05-30,505.28,0,20181198,754833589,384724462,5.00970009165822,30.8977560615682,0.533683773689307
502.01,547.5,9137,8311,17497355,37806739,2025-04-07,2025-05-02,505.28,-826,20309384,334856295,202735238,11.2904369917848,25.1217218419024,0.537189520630171
468,505,10343,10212,22568426,37784400,2025-04-07,2025-12-19,505.28,-131,15215974,1385328150,446323561,2.72746930032426,54.4104883741805,0.4027051905019
491.31,518,13685,13928,13958700,37173832,2025-04-07,2025-05-16,505.28,243,23215132,4021897859,2337321162,0.924285829805804,78.8327802981135,0.624501988387961
405.5,420,25222,25357,19446162,36767650,2025-04-07,2025-12-19,505.28,135,17321488,1385328150,446323561,2.65407513736005,57.0645635115406,0.471106747371671
501.29,585,4410,4330,24215310,36246430,2025-04-07,2025-12-19,505.28,-80,12031120,1385328150,446323561,2.61645083874171,59.6810143502823,0.331925654471351
503,580,5094,4692,23294862,36128400,2025-04-07,2025-07-18,505.28,-402,12833538,906386767,426487786,3.98598052347779,63.030336364123,0.355220214568041
451.57,455,100959,104597,3634524,35876771,2025-04-07,2025-04-11,505.28,3638,32242247,1332187463,1033620686,2.69307225870508,56.3779069282534,0.898694227526775
504.06,565,5932,5783,16342660,35241602,2025-04-07,2025-04-11,505.28,-149,18898942,1332187463,1033620686,2.64539360854201,59.0233005367954,0.536267959668803
505.75,590,4192,4178,24732800,35199650,2025-04-07,2025-12-19,505.28,-14,10466850,1385328150,446323561,2.54088895833092,62.2219033086132,0.297356649853053
485.88,511,13537,13789,12020856,34637968,2025-04-07,2025-05-16,505.28,252,22617112,4021897859,2337321162,0.861234402621362,79.6940147007349,0.652957240447823
499.95,545,7697,7606,16540853,34265030,2025-04-07,2025-05-30,505.28,-91,17724177,754833589,384724462,4.53941511073906,35.4371711723072,0.517267225506588
497.37,520,16541,14932,6765269,33791116,2025-04-07,2025-04-11,505.28,-1609,27025847,1332187463,1033620686,2.53651358675187,61.5598141235473,0.799791489573769
503.21,565,5353,5433,19270800,33570507,2025-04-07,2025-07-18,505.28,80,14299707,906386767,426487786,3.70377285086732,66.7341092149903,0.425960412215401
482.29,530,7171,7018,21025372,33482878,2025-04-07,2025-12-19,505.28,-153,12457506,1385328150,446323561,2.41696366308589,64.6388669716991,0.372056010239024
429.52,450,16313,16200,18254247,33177600,2025-04-07,2025-12-19,505.28,-113,14923353,1385328150,446323561,2.39492715137565,67.0337941230747,0.449802065248843
504.07,580,4355,4303,20185425,32672679,2025-04-07,2025-08-15,505.28,-52,12487254,795796258,347369745,4.10565878785522,14.2447233020289,0.38219253462503
450.36,470,3356,16529,2852600,32462956,2025-04-07,2025-08-15,505.28,13173,29610356,795796258,347369745,4.07930493184098,18.3240282338699,0.912127533918969
434.35,455,15514,15498,18461660,32003370,2025-04-07,2025-12-19,505.28,-16,13541710,1385328150,446323561,2.31016528466559,69.3439594077403,0.423133876213661
484.31,520,6653,8675,11822381,30961075,2025-04-07,2025-07-18,505.28,2022,19138694,906386767,426487786,3.41587897432311,70.1499881893135,0.618153407141063
487,525,9211,8139,17491689,30928200,2025-04-07,2025-07-18,505.28,-1072,13436511,906386767,426487786,3.41225193549191,73.5622401248054,0.434442062583662
468.89,485,17598,19152,8271060,30853872,2025-04-07,2025-05-16,505.28,1554,22582812,4021897859,2337321162,0.767147080350555,80.4611617810854,0.731927973254054
433.5,450,18536,18508,14810264,30538200,2025-04-07,2025-09-19,505.28,-28,15727936,2220318620,913921523,1.37539719411982,88.0302121683779,0.515024985100628
503.2,537,9961,9031,9074471,30524780,2025-04-07,2025-04-11,505.28,-930,21450309,1332187463,1033620686,2.29132767330359,63.8511417968509,0.702717890186268
503.67,550,6958,6433,11313708,29804089,2025-04-07,2025-04-11,505.28,-525,18490381,1332187463,1033620686,2.23722935606098,66.0883711529118,0.620397456201396
489.32,545,5493,5326,19373811,29655168,2025-04-07,2025-12-19,505.28,-167,10281357,1385328150,446323561,2.14066017499175,71.4846195827321,0.346696973694433
461.02,480,15688,15450,10777656,29324100,2025-04-07,2025-06-20,505.28,-238,18546444,3776542538,1873897874,0.776480066222943,93.2901316892303,0.632464218850706
496.21,535,8442,7408,14714406,28735632,2025-04-07,2025-05-30,505.28,-1034,14021226,754833589,384724462,3.80688305591552,39.2440542282227,0.487938667922808
497,565,4234,4204,18726982,28587200,2025-04-07,2025-12-19,505.28,-30,9860218,1385328150,446323561,2.06356883746281,73.5481884201949,0.344917235685902
472.27,505,7864,8721,13628312,28543833,2025-04-07,2025-09-19,505.28,857,14915521,2220318620,913921523,1.28557373445799,89.3157859028359,0.52254793531058
505.39,595,3174,3174,19431228,28442214,2025-04-07,2025-12-19,505.28,0,9010986,1385328150,446323561,2.05310301389602,75.6012914340909,0.316817319495592
455.9,480,10949,11698,13467270,28192180,2025-04-07,2025-09-19,505.28,749,14724910,2220318620,913921523,1.2697357823356,90.5855216851715,0.522304766782845
491,521,9380,9293,10552500,27879000,2025-04-07,2025-05-16,505.28,-87,17326500,4021897859,2337321162,0.693180209378361,81.1543419904638,0.621489293016249
505.37,620,3608,2409,29766000,27614367,2025-04-07,2025-12-19,505.28,-1199,-2151633,1385328150,446323561,1.99334482591724,77.5946362600082,-0.0779171581227989
437.97,450,20850,22947,8444250,27605241,2025-04-07,2025-06-20,505.28,2097,19160991,3776542538,1873897874,0.730965975418863,94.0210976646492,0.694106999464341
510.27,585,2126,3674,10421652,27455802,2025-04-07,2025-07-18,505.28,1548,17034150,906386767,426487786,3.02914859303104,76.5913887178364,0.620420776635846
505,580,3427,3649,14715538,27367500,2025-04-07,2025-05-30,505.28,222,12651962,754833589,384724462,3.62563356994438,42.8696877981671,0.462298785055266
442.34,445,101791,101820,2951939,27084120,2025-04-07,2025-04-11,505.28,29,24132181,1332187463,1033620686,2.0330562141013,68.1214273670132,0.891008495014791
504.67,585,3953,3340,19832201,26830220,2025-04-07,2025-08-15,505.28,-613,6998019,795796258,347369745,3.37149361162239,21.6955218454923,0.260826001426749
440.85,450,22052,29168,5005804,26688720,2025-04-07,2025-05-16,505.28,7116,21682916,4021897859,2337321162,0.663585226071252,81.817927216535,0.812437464217093
460,475,17607,17736,8433753,26604000,2025-04-07,2025-05-30,505.28,129,18170247,754833589,384724462,3.52448544787797,46.3941732460451,0.682989287325214
466.43,490,10697,11242,11317426,26497394,2025-04-07,2025-07-18,505.28,545,15179968,906386767,426487786,2.92340918520934,79.5147979030457,0.57288531845811
499.62,557,4584,4583,13568640,26297254,2025-04-07,2025-08-15,505.28,-1,12728614,795796258,347369745,3.30452094184137,25.0000427873336,0.484028256334293
504.62,565,4398,4331,14126376,26150578,2025-04-07,2025-05-30,505.28,-67,12024202,754833589,384724462,3.46441631388505,49.8585895599302,0.459806356861405
465.54,495,8790,8775,13167420,25851150,2025-04-07,2025-09-19,505.28,-15,12683730,2220318620,913921523,1.16429911307054,91.749820798242,0.490644710196645
505.46,573,3833,3822,15952946,25813788,2025-04-07,2025-08-15,505.28,-11,9860842,795796258,347369745,3.24376845712688,28.2438112444605,0.381999030905499
512.5,590,2339,3302,12448158,25590500,2025-04-07,2025-07-18,505.28,963,13142342,906386767,426487786,2.82335322311695,82.3381511261627,0.513563314511244
471.53,510,6296,6614,14537464,25444058,2025-04-07,2025-12-19,505.28,318,10906594,1385328150,446323561,1.83668093368347,79.4313171936916,0.428649942552403
505.02,552,4887,5316,8420301,24974568,2025-04-07,2025-04-11,505.28,429,16554267,1332187463,1033620686,1.87470372553716,69.9961310925503,0.662844978940176
503.52,545,5863,5934,7762612,24614232,2025-04-07,2025-04-11,505.28,71,16851620,1332187463,1033620686,1.84765528002871,71.843786372579,0.684629120258556
504.51,565,4051,4038,14883374,24425862,2025-04-07,2025-08-15,505.28,-13,9542488,795796258,347369745,3.06936125351823,31.3131724979788,0.390671494009096
495.46,550,4934,4404,15122710,24019416,2025-04-07,2025-08-15,505.28,-530,8896706,795796258,347369745,3.01828712544662,34.3314596234254,0.370396432619344
479.5,525,4934,5215,13785596,23728250,2025-04-07,2025-12-19,505.28,281,9942654,1385328150,446323561,1.71282522483933,81.144142418531,0.419021798910581
477.59,498,543,11553,351864,23579673,2025-04-07,2025-05-16,505.28,11010,23227809,4021897859,2337321162,0.586282243524275,82.4042094600593,0.985077655657057
501.3,535,11847,6994,9987021,23569780,2025-04-07,2025-04-11,505.28,-4853,13582759,1332187463,1033620686,1.76925400175456,73.6130403743336,0.57627856517965
504.75,590,2718,2679,14283090,22838475,2025-04-07,2025-05-16,505.28,-39,8555385,4021897859,2337321162,0.567853182767763,82.9720626428271,0.374604039893207
499.65,560,3803,3783,13538680,22830405,2025-04-07,2025-08-15,505.28,-20,9291725,795796258,347369745,2.86887564128255,37.2003352647079,0.406989056917737
453.97,470,11887,14049,6763703,22520547,2025-04-07,2025-06-20,505.28,2162,15756844,3776542538,1873897874,0.596327110667911,94.6174247753171,0.699665243477434
506.12,605,4727,2245,32025425,22198560,2025-04-07,2025-06-20,505.28,-2482,-9826865,3776542538,1873897874,0.587801137591741,95.2052259129088,-0.442680290973829
503.84,563,3739,3743,13834300,22143588,2025-04-07,2025-08-15,505.28,4,8309288,795796258,347369745,2.78257000801328,39.9829052727212,0.375245782210182
497.47,523,8591,8551,10034288,21830703,2025-04-07,2025-05-16,505.28,-40,11796415,4021897859,2337321162,0.542796057118864,83.5148586999459,0.540358915606154
457.55,475,15078,12329,9408672,21514105,2025-04-07,2025-06-20,505.28,-2749,12105433,3776542538,1873897874,0.56967728507021,95.774903197979,0.562674254866749
497.12,540,5155,5008,10021320,21474304,2025-04-07,2025-05-30,505.28,-147,11452984,754833589,384724462,2.84490572663162,52.7034952865618,0.533334351604597
504.5,560,4818,3866,11327118,21456300,2025-04-07,2025-04-11,505.28,-952,10129182,1332187463,1033620686,1.61060665979259,75.2236470341262,0.472084282937878
388.41,400,18654,18461,11472210,21396299,2025-04-07,2025-12-19,505.28,-193,9924089,1385328150,446323561,1.54449319462685,82.6886356131578,0.463822691952473
488.25,530,5061,5044,11422677,21058700,2025-04-07,2025-08-15,505.28,-17,9636023,795796258,347369745,2.64624265172154,42.6291479244428,0.457579195296956
503.25,570,3119,3077,11350041,20538975,2025-04-07,2025-05-30,505.28,-42,9188934,754833589,384724462,2.72099377919972,55.4244890657615,0.447390096146473
498.95,542,4791,4702,8369877,20242110,2025-04-07,2025-05-16,505.28,-89,11872233,4021897859,2337321162,0.503297465764906,84.0181561657108,0.586511633421615
451.85,480,7227,7093,11621016,19966795,2025-04-07,2025-12-19,505.28,-134,8345779,1385328150,446323561,1.44130435810461,84.1299399712624,0.417982906119886
500.2,575,2754,2657,13337622,19874360,2025-04-07,2025-12-19,505.28,-97,6536738,1385328150,446323561,1.43463193179176,85.5645719030542,0.32890306907996
505.75,595,3847,2226,22081780,19867050,2025-04-07,2025-05-16,505.28,-1621,-2214730,4021897859,2337321162,0.493972017602151,84.512128183313,-0.11147754699364
429.77,440,6427,19016,2217315,19453368,2025-04-07,2025-06-20,505.28,12589,17236053,3776542538,1873897874,0.515110522501945,96.290013720481,0.886018965970314
452.02,475,8170,8187,9321970,18813726,2025-04-07,2025-09-19,505.28,17,9491756,2220318620,913921523,0.847343522255378,92.5971643204974,0.504512290654175
505.21,555,3966,3754,7852680,18691166,2025-04-07,2025-04-11,505.28,-212,10838486,1332187463,1033620686,1.40304322920955,76.6266902633357,0.579872117127417
508.1,554,3956,3953,8537048,18144270,2025-04-07,2025-05-30,505.28,-3,9607222,754833589,384724462,2.40374438345244,57.8282334492139,0.529490687693691
474.9,494,3378,9367,2016666,17890970,2025-04-07,2025-05-16,505.28,5989,15874304,4021897859,2337321162,0.444838994604612,84.9569671779176,0.887280231312221
499.44,539,4425,4404,7575600,17422224,2025-04-07,2025-05-16,505.28,-21,9846624,4021897859,2337321162,0.433184148647968,85.3901513265656,0.565176064777953
503,558,3176,3152,8533912,17336000,2025-04-07,2025-05-16,505.28,-24,8802088,4021897859,2337321162,0.431040285153099,85.8211916117187,0.507734656206737
409.46,425,10956,11036,8896272,17149944,2025-04-07,2025-12-19,505.28,80,8253672,1385328150,446323561,1.23796979076762,86.8025416938218,0.481265244947739
491.14,540,3548,3508,9388008,17140088,2025-04-07,2025-08-15,505.28,-40,7752080,795796258,347369745,2.15382867507779,44.7829765995205,0.452277724595113
474.81,515,4191,4124,9978771,16574356,2025-04-07,2025-12-19,505.28,-67,6595585,1385328150,446323561,1.1964209346356,87.9989626284574,0.397939141647495
461.21,475,13139,11925,4992820,16444575,2025-04-07,2025-05-16,505.28,-1214,11451755,4021897859,2337321162,0.408875997763125,86.2300676094818,0.696384978024668
445.06,465,8114,8189,6961812,16328866,2025-04-07,2025-09-19,505.28,75,9367054,2220318620,913921523,0.735428953885907,93.3325932743833,0.573650001169708
487.5,500,9062,13022,1449920,16277500,2025-04-07,2025-04-11,505.28,3960,14827580,1332187463,1033620686,1.22186257205455,77.8485528353903,0.910924896329289
512.8,595,2206,1968,12702148,16176960,2025-04-07,2025-07-18,505.28,-238,3474812,906386767,426487786,1.78477451226955,84.1229256384322,0.214800061321781
432.55,440,11060,21657,2001860,16134465,2025-04-07,2025-05-16,505.28,10597,14132605,4021897859,2337321162,0.401165458836681,86.6312330683185,0.875926471686542
487,510,4399,6950,2960527,15985000,2025-04-07,2025-05-02,505.28,2551,13024473,334856295,202735238,4.77368956136841,29.8954114032708,0.814793431341883
492.69,531,4142,4142,8375124,15868002,2025-04-07,2025-08-15,505.28,0,7492878,795796258,347369745,1.99397796112783,46.7769545606484,0.472200469851214
506.06,556,3096,3065,6111504,15306610,2025-04-07,2025-04-11,505.28,-31,9195106,1332187463,1033620686,1.1489831893126,78.9975360247029,0.600727790150791
503.51,542,3999,3952,4570857,15211248,2025-04-07,2025-04-11,505.28,-47,10640391,1332187463,1033620686,1.14182488744829,80.1393609121512,0.699508087699313
504.44,567,2422,2393,7711648,14970608,2025-04-07,2025-05-16,505.28,-29,7258960,4021897859,2337321162,0.372227453924508,87.003460522243,0.484880774381375
491.5,525,4259,4419,5907233,14803650,2025-04-07,2025-05-30,505.28,160,8896417,754833589,384724462,1.96118061195605,59.78941406117,0.600961046768871
478.31,510,3615,4632,5397195,14678808,2025-04-07,2025-07-18,505.28,1017,9281613,906386767,426487786,1.61948613267872,85.742411771111,0.632313809132186
503,568,2288,2241,7559552,14566500,2025-04-07,2025-05-16,505.28,-47,7006948,4021897859,2337321162,0.362179759672509,87.3656402819155,0.481031682284694
444.15,470,5609,5628,7846991,14548380,2025-04-07,2025-12-19,505.28,19,6701389,1385328150,446323561,1.05017572912237,89.0491383575798,0.460627849973674
508.38,578,2087,2087,8679833,14529694,2025-04-07,2025-08-15,505.28,0,5849861,795796258,347369745,1.82580577050163,48.60276033115,0.402614191324332
465.97,481,440,9554,185240,14359662,2025-04-07,2025-05-16,505.28,9114,14174422,4021897859,2337321162,0.357036963727626,87.7226772456431,0.987099974915844
459.59,485,5472,5650,7217568,14356650,2025-04-07,2025-09-19,505.28,178,7139082,2220318620,913921523,0.646603143831672,93.979196418215,0.497266562882009
513.21,572,2413,2414,8896731,14191906,2025-04-07,2025-08-15,505.28,1,5295175,795796258,347369745,1.78335922760773,50.3861195587577,0.373112321910813
503.76,546,4781,3347,6530846,14137728,2025-04-07,2025-04-11,505.28,-1434,7606882,1332187463,1033620686,1.06124163397866,81.2006025461298,0.538055478221112
448.36,470,3264,6499,3469632,14063836,2025-04-07,2025-09-19,505.28,3235,10594204,2220318620,913921523,0.63341521677641,94.6126116349914,0.753294051494912
488,516,4959,5019,4959000,14053200,2025-04-07,2025-05-16,505.28,60,9094200,4021897859,2337321162,0.349417128248358,88.0720943738915,0.64712663308001
503.55,575,1980,1957,7524000,13982765,2025-04-07,2025-05-30,505.28,-23,6458765,754833589,384724462,1.85243015199208,61.6418442131621,0.461909000115499
505.08,590,1662,1626,8944884,13807992,2025-04-07,2025-08-15,505.28,-36,4863108,795796258,347369745,1.73511647751427,52.121236036272,0.352195163496619
453.76,465,9426,11848,2808948,13317152,2025-04-07,2025-05-16,505.28,2422,10508204,4021897859,2337321162,0.331116116492107,88.4032104903836,0.78907291889437
494.08,530,3955,3691,6165845,13258072,2025-04-07,2025-05-30,505.28,-264,7092227,754833589,384724462,1.75642316309271,63.3982673762548,0.534936527724393
503.2,556,2501,2501,7600539,13205280,2025-04-07,2025-08-15,505.28,0,5604741,795796258,347369745,1.65937950414439,53.7806155404164,0.424431818181818
507.89,585,1726,1706,8219212,13154966,2025-04-07,2025-05-30,505.28,-20,4935754,754833589,384724462,1.74276372854945,65.1410311048042,0.375200817698807
477.38,510,3930,4002,6500220,13054524,2025-04-07,2025-08-15,505.28,72,6554304,795796258,347369745,1.64043545929818,55.4210509997146,0.502071465799902
483.19,507,446,5454,358584,12985974,2025-04-07,2025-05-16,505.28,5008,12627390,4021897859,2337321162,0.322881745267117,88.7260922356507,0.972386822890605
446.07,460,8866,9210,4282278,12829530,2025-04-07,2025-06-20,505.28,344,8547252,3776542538,1873897874,0.339716284694474,96.6297300051754,0.666217078879741
500.99,540,3783,3282,5318898,12803082,2025-04-07,2025-04-25,505.28,-501,7484184,438479392,268316798,2.91988226438701,47.5264940159377,0.584561123641948
503.94,600,2129,1325,13306250,12727950,2025-04-07,2025-07-18,505.28,-804,-578300,906386767,426487786,1.40425152522113,87.1466632963321,-0.0454354393284072
449.87,465,8183,8404,4189696,12715252,2025-04-07,2025-06-20,505.28,221,8525556,3776542538,1873897874,0.336690289386593,96.966420294562,0.670498390436934
508.62,595,1490,1462,8305260,12628756,2025-04-07,2025-08-15,505.28,-28,4323496,795796258,347369745,1.58693332282545,57.00798432254,0.34235327691817
507.69,569,2040,2029,6630000,12439799,2025-04-07,2025-05-16,505.28,-11,5809799,4021897859,2337321162,0.309301713671391,89.0353939493221,0.467033189201851
481.13,515,3666,3666,5806944,12416742,2025-04-07,2025-07-18,505.28,0,6609798,906386767,426487786,1.36991651379659,88.5165798101287,0.532329495128432
466.25,490,4223,5213,4886011,12380875,2025-04-07,2025-08-15,505.28,990,7494864,795796258,347369745,1.55578452091691,58.5637688434569,0.605358183488647
477.48,500,5984,5431,4870976,12230612,2025-04-07,2025-05-30,505.28,-553,7359636,754833589,384724462,1.6203057439724,66.7613368487766,0.601738980845766
493.5,520,4160,4608,3132480,12211200,2025-04-07,2025-04-25,505.28,448,9078720,438479392,268316798,2.78489712921332,50.311391145151,0.743474842767296
497.14,545,2519,2524,7153960,12079864,2025-04-07,2025-08-15,505.28,5,4925904,795796258,347369745,1.51795938703698,60.0817282304939,0.407778100813056
501.68,547,2882,2655,5962858,12032460,2025-04-07,2025-05-16,505.28,-227,6069602,4021897859,2337321162,0.299173684211656,89.3345676335337,0.504435668184228
471.03,488,336,7070,172032,11997790,2025-04-07,2025-05-16,505.28,6734,11825758,4021897859,2337321162,0.298311653369117,89.6328792869029,0.985661359300338
475.72,505,3779,4056,5063860,11875968,2025-04-07,2025-07-18,505.28,277,6812108,906386767,426487786,1.31025390400476,89.8268337141334,0.57360444218105
497.32,546,2428,2428,6397780,11819504,2025-04-07,2025-08-15,505.28,0,5421724,795796258,347369745,1.48524247019015,61.5669707006841,0.458709942481512
513.1,584,1679,1650,7856041,11698500,2025-04-07,2025-05-30,505.28,-29,3842459,754833589,384724462,1.54981179566984,68.3111486444465,0.328457409069539
486.09,515,4113,4011,4635351,11595801,2025-04-07,2025-05-30,505.28,-102,6960450,754833589,384724462,1.53620628029578,69.8473549247422,0.60025607545352
503.59,562,1976,1956,5809440,11424996,2025-04-07,2025-05-16,505.28,-20,5615556,4021897859,2337321162,0.284069770057281,89.9169490569601,0.491514920442861
504.79,560,2102,2053,5370610,11334613,2025-04-07,2025-04-25,505.28,-49,5964003,438479392,268316798,2.58498191860292,52.8963730637539,0.526176147346186
499.46,541,2724,2711,4974024,11261494,2025-04-07,2025-05-16,505.28,-13,6287470,4021897859,2337321162,0.280004475369746,90.1969535323299,0.558315797175757
444.01,460,1365,6989,872235,11175411,2025-04-07,2025-07-18,505.28,5624,10303176,906386767,426487786,1.2329627270474,91.0597964411808,0.921950521551288
505.11,558,2112,2091,4680192,11059299,2025-04-07,2025-04-11,505.28,-21,6379107,1332187463,1033620686,0.8301608675325,82.0307634136623,0.576809343883369
431.88,445,5979,8414,4478271,11039168,2025-04-07,2025-09-19,505.28,2435,6560897,2220318620,913921523,0.497188462077573,95.109800097069,0.594328938557688
484,535,2140,2164,6738860,11036400,2025-04-07,2025-12-19,505.28,24,4297540,1385328150,446323561,0.796663231018586,89.8458015885983,0.389396904787793
505.14,565,1869,1842,5457480,11026212,2025-04-07,2025-04-25,505.28,-27,5568732,438479392,268316798,2.51464771233764,55.4110207760916,0.505044887582426
448.5,475,2282,4159,3340848,11021350,2025-04-07,2025-12-19,505.28,1877,7680502,1385328150,446323561,0.795576845818083,90.6413784344164,0.696874883748361
473.22,491,245,6187,128625,11000486,2025-04-07,2025-05-16,505.28,5942,10871861,4021897859,2337321162,0.273514802853177,90.470468335183,0.988307334785027
500.83,548,2324,2309,4996600,10891553,2025-04-07,2025-05-16,505.28,-15,5894953,4021897859,2337321162,0.270806305426863,90.7412746406099,0.541240812949264
472.5,489,4738,6552,2468498,10810800,2025-04-07,2025-05-16,505.28,1814,8342302,4021897859,2337321162,0.268798472238874,91.0100731128488,0.771663706663707
455.88,485,3772,3664,6348276,10669568,2025-04-07,2025-12-19,505.28,-108,4321292,1385328150,446323561,0.770183439930821,91.4115618743472,0.405010962018331
506.3,566,2227,1787,6257870,10668390,2025-04-07,2025-05-16,505.28,-440,4410520,4021897859,2337321162,0.265257606583092,91.2753307194319,0.413419456918992
490.16,515,3510,4278,2667600,10626552,2025-04-07,2025-05-02,505.28,768,7958952,334856295,202735238,3.17346639698083,33.0688778002516,0.748968433034535
504.61,610,2521,1005,18342796,10591695,2025-04-07,2025-09-19,505.28,-1516,-7751101,2220318620,913921523,0.477034913124316,95.5868350101933,-0.731809309086034
504.03,568,1655,1653,6103640,10574241,2025-04-07,2025-08-15,505.28,-2,4470601,795796258,347369745,1.32876234258443,62.8957330432685,0.422782211980983
489.45,520,3317,3442,4142933,10515310,2025-04-07,2025-05-30,505.28,125,6372377,754833589,384724462,1.39306333915673,71.240418263899,0.60600942815761
502.37,550,2645,2173,5054595,10349999,2025-04-07,2025-04-25,505.28,-472,5295404,438479392,268316798,2.36042997432363,57.7714507504152,0.511633286148144
492,520,3859,3636,3457664,10180800,2025-04-07,2025-05-02,505.28,-223,6723136,334856295,202735238,3.04034899508161,36.1092267953332,0.66037403740374
441.78,465,4331,4354,5825195,10109988,2025-04-07,2025-12-19,505.28,23,4284793,1385328150,446323561,0.729790122289798,92.141351996637,0.42381781264231
505.55,600,7387,1068,46161363,10087260,2025-04-07,2025-05-16,505.28,-6319,-36074103,4021897859,2337321162,0.250808457938017,91.5261391773699,-3.57620434092112
394.06,400,17222,16811,3358290,9985734,2025-04-07,2025-06-20,505.28,-411,6627444,3776542538,1873897874,0.264414710003195,97.2308350045652,0.663691221897159
470.63,500,3161,3366,4596094,9885942,2025-04-07,2025-08-15,505.28,205,5289848,795796258,347369745,1.24227048074408,64.1380035240126,0.535087905634081
489.35,517,1082,3551,1099312,9818515,2025-04-07,2025-05-16,505.28,2469,8719203,4021897859,2337321162,0.244126413554452,91.7702655909243,0.888036836527723
503.48,559,1817,1763,4824135,9788176,2025-04-07,2025-05-16,505.28,-54,4964041,4021897859,2337321162,0.243372068191551,92.0136376591159,0.507146683917412
501.71,555,1789,1814,4719382,9666806,2025-04-07,2025-05-30,505.28,25,4947424,754833589,384724462,1.28065392702073,72.5210721909197,0.511795105849854
481.58,515,2208,2859,3581376,9554778,2025-04-07,2025-08-15,505.28,651,5973402,795796258,347369745,1.20065631170636,65.3386598357189,0.625174336860574
501.99,549,2035,2021,5706140,9500721,2025-04-07,2025-08-15,505.28,-14,3794581,795796258,347369745,1.19386349263281,66.5325233283517,0.399399266645132
437,460,4103,4125,4894879,9487500,2025-04-07,2025-12-19,505.28,22,4592621,1385328150,446323561,0.684855786695737,92.8262077833328,0.484070724637681
499.02,531,3022,2921,4360746,9341358,2025-04-07,2025-05-16,505.28,-101,4980612,4021897859,2337321162,0.232262437473303,92.2459000965892,0.533178580673174
401,410,10250,10298,4879000,9268200,2025-04-07,2025-09-19,505.28,48,4389200,2220318620,913921523,0.417426576371278,96.0042615865645,0.473576314710516
505.2,570,1589,1429,5359697,9259920,2025-04-07,2025-05-02,505.28,-160,3900223,334856295,202735238,2.76534147282493,38.8745682681581,0.421194027594191
501.66,550,2018,1914,4094522,9252276,2025-04-07,2025-05-02,505.28,-104,5157754,334856295,202735238,2.76305870253985,41.637626970698,0.557457862260054
455.99,475,4766,4772,3908120,9071572,2025-04-07,2025-07-18,505.28,6,5163452,906386767,426487786,1.0008500046868,92.0606464458676,0.569190433587475
501.85,555,1696,1688,5344096,8971720,2025-04-07,2025-08-15,505.28,-8,3627624,795796258,347369745,1.12738906595864,67.6599123943104,0.404339859023688
482.28,520,2336,2377,4538848,8966044,2025-04-07,2025-08-15,505.28,41,4427196,795796258,347369745,1.12667581807101,68.7865882123814,0.493773619669946
461.77,495,2678,2689,5144438,8935547,2025-04-07,2025-12-19,505.28,11,3791109,1385328150,446323561,0.645013024531408,93.4712208078642,0.424272738982851
412.06,420,9173,11231,2320769,8917414,2025-04-07,2025-06-20,505.28,2058,6596645,3776542538,1873897874,0.236126401603371,97.4669614061686,0.739748653589482
504.6,577,1029,1228,3705429,8890720,2025-04-07,2025-05-30,505.28,199,5185291,754833589,384724462,1.17783841757471,73.6989106084944,0.583225093130815
505.6,575,1306,1279,5651062,8876260,2025-04-07,2025-08-15,505.28,-27,3225198,795796258,347369745,1.11539353330309,69.9019817456845,0.363351005941692
454.01,475,1921,4156,1851844,8723444,2025-04-07,2025-08-15,505.28,2235,6871600,795796258,347369745,1.09619062822987,70.9981723739143,0.787716411087181
504.78,556,1734,1702,3795726,8717644,2025-04-07,2025-04-25,505.28,-32,4921918,438479392,268316798,1.98815364166533,59.7596043920805,0.564592681233599
442.62,450,10277,11811,1613489,8716518,2025-04-07,2025-05-02,505.28,1534,7103029,334856295,202735238,2.60306230766843,44.2406892783664,0.814892942342344
503.14,561,1498,1498,4859512,8667428,2025-04-07,2025-08-15,505.28,0,3807916,795796258,347369745,1.08915164062005,72.0873240145344,0.439336329070169
498.59,538,2288,2175,3864432,8571675,2025-04-07,2025-05-16,505.28,-113,4707243,4021897859,2337321162,0.213125128993983,92.4590252255832,0.549162561576355
512.5,590,1311,1104,6804090,8556000,2025-04-07,2025-05-30,505.28,-207,1751910,754833589,384724462,1.13349486889355,74.832405477388,0.204758064516129
510.24,566,1530,1527,4527270,8514552,2025-04-07,2025-05-02,505.28,-3,3987282,334856295,202735238,2.54274807645471,46.7834373548211,0.468290287028607
491.51,515,2303,3560,1457799,8362440,2025-04-07,2025-04-25,505.28,1257,6904641,438479392,268316798,1.90714550160661,61.6667498936871,0.825673009313071
505.12,570,1286,1281,4169212,8311128,2025-04-07,2025-04-25,505.28,-5,4141916,438479392,268316798,1.89544324126412,63.5621931349513,0.498357864299527
503.41,564,1363,1351,3851838,8185709,2025-04-07,2025-05-16,505.28,-12,4333871,4021897859,2337321162,0.203528515317276,92.6625537409005,0.529443570495848
505.39,559,1567,1521,3611935,8154081,2025-04-07,2025-04-11,505.28,-46,4542146,1332187463,1033620686,0.61208210004,82.6428455137023,0.557039597718002
496.54,532,3030,2293,3696600,8130978,2025-04-07,2025-05-02,505.28,-737,4434378,334856295,202735238,2.42819923692938,49.2116365917505,0.545368343143961
491.36,535,1843,1834,4507978,8003576,2025-04-07,2025-08-15,505.28,-9,3495598,795796258,347369745,1.00573179624074,73.0930558107751,0.436754520729234
503.31,556,1511,1502,3818297,7914038,2025-04-07,2025-05-16,505.28,-9,4095741,4021897859,2337321162,0.196773719210456,92.8593274601109,0.517528599180343
483.69,510,2773,3004,2834006,7903524,2025-04-07,2025-05-30,505.28,231,5069518,754833589,384724462,1.04705515429839,75.8794606316863,0.641425014968007
511.05,573,1290,1269,4810410,7861455,2025-04-07,2025-05-16,505.28,-21,3051045,4021897859,2337321162,0.195466301621958,93.0547937617329,0.388101820846141
517.35,571,1461,1461,4777470,7838265,2025-04-07,2025-05-30,505.28,0,3060795,754833589,384724462,1.03840967257222,76.9178703042585,0.39049394221808
502.2,545,2037,1824,3350865,7806720,2025-04-07,2025-04-25,505.28,-213,4455855,438479392,268316798,1.78040750430524,65.3426006392565,0.570771719749139
504.87,561,1415,1385,3421470,7774005,2025-04-07,2025-04-11,505.28,-30,4352535,1332187463,1033620686,0.583551881091378,83.2263973947937,0.559883226213515
421.27,435,5582,5651,3700866,7758823,2025-04-07,2025-09-19,505.28,69,4057957,2220318620,913921523,0.349446378105859,96.3537079646704,0.523011931062224
504.16,600,836,804,5201592,7705536,2025-04-07,2025-05-30,505.28,-32,2503944,754833589,384724462,1.0208257968764,77.938696101135,0.324953903271622
470.96,490,3591,4047,2291058,7705488,2025-04-07,2025-05-30,505.28,456,5414430,754833589,384724462,1.02081943785891,78.9595155389939,0.702671913835957
502.14,543,1893,1830,3615630,7477380,2025-04-07,2025-05-16,505.28,-63,3861750,4021897859,2337321162,0.185916705549036,93.2407104672819,0.516457636230872
441,460,2980,3919,2747560,7446100,2025-04-07,2025-09-19,505.28,939,4698540,2220318620,913921523,0.335361777941582,96.689069742612,0.631006835793234
511.93,588,1128,976,5708808,7424432,2025-04-07,2025-05-16,505.28,-152,1715624,4021897859,2337321162,0.184600212643043,93.4253106799249,0.231078148469809
418.57,420,50583,51864,910494,7416552,2025-04-07,2025-04-11,505.28,1281,6506058,1332187463,1033620686,0.556719846567119,83.7831172413608,0.877234866013209
490.5,505,3651,5104,715596,7400800,2025-04-07,2025-04-11,505.28,1453,6685204,1332187463,1033620686,0.55553743039541,84.3386546717562,0.903308290995568
498,530,2210,2307,2271880,7382400,2025-04-07,2025-04-25,505.28,97,5110520,438479392,268316798,1.68363670783415,67.0262373470906,0.692257260511487
379.96,385,14579,14496,2157692,7305984,2025-04-07,2025-06-20,505.28,-83,5148292,3776542538,1873897874,0.193456949749311,97.6604183559179,0.704667844878938
505.22,557,1454,1407,3056308,7285446,2025-04-07,2025-04-11,505.28,-47,4229138,1332187463,1033620686,0.54687843883425,84.8855331105905,0.580491297306987
505.21,605,1027,728,6605664,7264712,2025-04-07,2025-08-15,505.28,-299,659048.000000001,795796258,347369745,0.912885921109722,74.0059417318849,0.090719081499721
467.01,485,3841,3990,2166324,7178010,2025-04-07,2025-05-30,505.28,149,5011686,754833589,384724462,0.950939399703899,79.9104549386978,0.698199918919032
379.72,390,7000,6982,3647000,7177496,2025-04-07,2025-12-19,505.28,-18,3530496,1385328150,446323561,0.518108002064348,93.9893288099285,0.491884077678343
499.56,544,1642,1614,3142788,7172616,2025-04-07,2025-05-16,505.28,-28,4029828,4021897859,2337321162,0.178339088944029,93.603649768869,0.561835179800508
509.08,579,1018,1019,4293924,7124848,2025-04-07,2025-05-30,505.28,1,2830924,754833589,384724462,0.943896522866578,80.8543514615643,0.397331143064385
506.6,554,1499,1484,3665055,7034160,2025-04-07,2025-05-16,505.28,-15,3369105,4021897859,2337321162,0.174896535083787,93.7785463039528,0.478963373025351
463.71,475,365,6163,93440,6958027,2025-04-07,2025-05-02,505.28,5798,6864587,334856295,202735238,2.07791434830275,51.2895509400533,0.986570905804188
515.49,564,1412,1429,4899640,6932079,2025-04-07,2025-08-15,505.28,17,2032439,795796258,347369745,0.871087157084873,74.8770288889697,0.293193282996342
461.28,485,2838,2881,2769888,6833732,2025-04-07,2025-08-15,505.28,43,4063844,795796258,347369745,0.858728843130599,75.7357577321003,0.594674183886638
499.25,535,1928,1908,2654856,6821100,2025-04-07,2025-05-02,505.28,-20,4166244,334856295,202735238,2.03702307582421,53.3265740158775,0.610787702863175
503.97,548,1646,1546,2432788,6807038,2025-04-07,2025-04-11,505.28,-100,4374250,1332187463,1033620686,0.510966976424699,85.3965000870152,0.642606960619288
501,553,1334,1308,3236284,6801600,2025-04-07,2025-05-16,505.28,-26,3565316,4021897859,2337321162,0.169114190326334,93.9476604942791,0.524187838155728
495,525,1799,2252,1852970,6756000,2025-04-07,2025-05-02,505.28,453,4903030,334856295,202735238,2.01758190031936,55.3441559161968,0.725729721728834
509.09,565,1235,1203,3674125,6725973,2025-04-07,2025-05-02,505.28,-32,3051848,334856295,202735238,2.00861477010608,57.3527706863029,0.453740745019345
503.99,557,1258,1254,2948752,6647454,2025-04-07,2025-05-02,505.28,-4,3698702,334856295,202735238,1.98516620390846,59.3379368902114,0.556408814562688
473.19,490,3216,3947,1447200,6634907,2025-04-07,2025-05-09,505.28,731,5187707,75554991,51277449,8.78156017515772,8.78156017515772,0.781880891472933
502.9,538,2028,1875,1965132,6581250,2025-04-07,2025-04-11,505.28,-153,4616118,1332187463,1033620686,0.494018310694762,85.8905183977099,0.701404444444445
462.99,485,1646,2988,1560408,6576588,2025-04-07,2025-07-18,505.28,1342,5016180,906386767,426487786,0.725582967386813,92.7862294132544,0.762732894321493
515.67,576,1088,1084,4852480,6539772,2025-04-07,2025-08-15,505.28,-4,1687292,795796258,347369745,0.821789740056807,76.5575474721571,0.258004713314165
501.45,552,1294,1292,3088778,6531060,2025-04-07,2025-05-16,505.28,-2,3442282,4021897859,2337321162,0.162387515271804,94.1100480095509,0.527063294472873
502.63,558,1215,1177,3421440,6517049,2025-04-07,2025-05-30,505.28,-38,3095609,754833589,384724462,0.863375596286561,81.7177270578509,0.475001645683499
408.7,415,10309,10338,2412306,6512940,2025-04-07,2025-06-20,505.28,29,4100634,3776542538,1873897874,0.17245774235206,97.83287609827,0.629613354337672
414.5,420,7136,11769,927680,6472950,2025-04-07,2025-05-16,505.28,4633,5545270,4021897859,2337321162,0.160942674998948,94.2709906845498,0.856683583219398
489.18,510,2228,3072,1198664,6395904,2025-04-07,2025-04-25,505.28,844,5197240,438479392,268316798,1.45865555296154,68.4848929000522,0.812588806836375
486.41,525,1678,1652,3523800,6375068,2025-04-07,2025-08-15,505.28,-26,2851268,795796258,347369745,0.801092985285186,77.3586404574423,0.447252954792012
496.49,518,464,2945,172144,6334695,2025-04-07,2025-04-11,505.28,2481,6162551,1332187463,1033620686,0.475510780272221,86.3660291779821,0.972825211000688
505.77,539,1908,1868,1888920,6207364,2025-04-07,2025-04-11,505.28,-40,4318444,1332187463,1033620686,0.465952741067043,86.8319819190492,0.695696917403265
503.98,563,1058,1049,3147550,6191198,2025-04-07,2025-05-16,505.28,-9,3043648,4021897859,2337321162,0.153937226082101,94.424927910632,0.4916088937876
486.7,512,2200,2443,1982200,6180790,2025-04-07,2025-05-16,505.28,243,4198590,4021897859,2337321162,0.153678442782154,94.5786063534141,0.679296659488512
501,551,1231,1231,3408639,6155000,2025-04-07,2025-08-15,505.28,0,2746361,795796258,347369745,0.7734391734222,78.1320796308645,0.4462
436.46,450,4000,4545,2148000,6153930,2025-04-07,2025-07-18,505.28,545,4005930,906386767,426487786,0.678951880593817,93.4651812938483,0.650954755741453
408.85,410,52494,52800,734916,6072000,2025-04-07,2025-04-11,505.28,306,5337084,1332187463,1033620686,0.455791708647839,87.287773627697,0.878966403162055
505.13,610,578,574,3965658,6019538,2025-04-07,2025-07-18,505.28,-4,2053880,906386767,426487786,0.664124656180026,94.1293059500283,0.341202265024326
494.36,526,1724,1894,2163620,5992616,2025-04-07,2025-05-16,505.28,170,3828996,4021897859,2337321162,0.148999706359773,94.7276060597739,0.638952337343157
342.26,345,21759,21746,2154141,5958404,2025-04-07,2025-06-20,505.28,-13,3804263,3776542538,1873897874,0.15777404702968,97.9906501452997,0.638470133948621
476.1,490,3715,4272,1088495,5938080,2025-04-07,2025-04-25,505.28,557,4849585,438479392,268316798,1.3542438044614,69.8391367045136,0.816692432570797
507.5,576,863,861,3370015,5897850,2025-04-07,2025-05-16,505.28,-2,2527835,4021897859,2337321162,0.146643455571655,94.8742495153456,0.428602795934112
499.02,536,1627,1593,2648756,5890914,2025-04-07,2025-05-16,505.28,-34,3242158,4021897859,2337321162,0.14647099967538,95.0207205150209,0.55036586852227
505.57,586,736,726,3233248,5839218,2025-04-07,2025-05-30,505.28,-10,2605970,754833589,384724462,0.773576863177985,82.4913039210289,0.446287499456263
476.39,496,401,2936,238996,5757496,2025-04-07,2025-05-16,505.28,2535,5518500,4021897859,2337321162,0.143153710060442,95.1638742250814,0.958489593392683
510.05,561,1142,1126,3163340,5736970,2025-04-07,2025-05-16,505.28,-16,2573630,4021897859,2337321162,0.142643353986778,95.3065175790681,0.448604402672491
492.73,509,468,3523,111384,5731921,2025-04-07,2025-04-11,505.28,3055,5620537,1332187463,1033620686,0.43026384493156,87.7180374726286,0.980567771258536
423.29,440,3281,3408,3061173,5694768,2025-04-07,2025-12-19,505.28,127,2633595,1385328150,446323561,0.411077187740681,94.4004059976692,0.462458698932072
505.25,543,3391,1495,4089546,5643625,2025-04-07,2025-04-11,505.28,-1896,1554079,1332187463,1033620686,0.423635948899483,88.1416734215281,0.275368933974174
510.56,572,952,918,3466232,5640192,2025-04-07,2025-05-16,505.28,-34,2173960,4021897859,2337321162,0.140237077064965,95.4467546561331,0.385440779320988
501.45,549,1199,1180,2635402,5610900,2025-04-07,2025-05-16,505.28,-19,2975498,4021897859,2337321162,0.139508764188136,95.5862634203212,0.530306724411414
488.69,513,516,2305,433440,5603455,2025-04-07,2025-05-16,505.28,1789,5170015,4021897859,2337321162,0.139323652575136,95.7255870728964,0.922647723591962
473.89,492,322,3092,170982,5599612,2025-04-07,2025-05-16,505.28,2770,5428630,4021897859,2337321162,0.139228100670669,95.864815173567,0.969465384387347
500,540,1457,1390,2268549,5560000,2025-04-07,2025-05-02,505.28,-67,3291451,334856295,202735238,1.66041376047597,60.9983506506873,0.591987589928058
502,534,1759,1729,2678957,5532800,2025-04-07,2025-05-16,505.28,-30,2853843,4021897859,2337321162,0.137566894883195,96.0023820684502,0.515804475130133
504.25,554,1142,1111,2161806,5527225,2025-04-07,2025-04-11,505.28,-31,3365419,1332187463,1033620686,0.414898439860187,88.5565718613883,0.608880405628503
511.5,551,1397,1391,2246376,5494450,2025-04-07,2025-04-11,505.28,-6,3248074,1332187463,1033620686,0.412438200523735,88.969010061912,0.591155438669931
423.56,430,3344,8523,531696,5488812,2025-04-07,2025-05-16,505.28,5179,4957116,4021897859,2337321162,0.136473182373774,96.138855250824,0.903130950741253
481.01,500,2367,2884,1221372,5476716,2025-04-07,2025-05-02,505.28,517,4255344,334856295,202735238,1.63554219579477,62.6338928464821,0.776988253544642
505.35,640,325,403,3237650,5426395,2025-04-07,2025-12-19,505.28,78,2188745,1385328150,446323561,0.391704665786226,94.7921106634555,0.403351580561312
502.68,562,908,905,2744884,5368460,2025-04-07,2025-05-30,505.28,-3,2623576,754833589,384724462,0.711211064032287,83.2025149850612,0.488701787849774
478.26,495,1545,3206,655080,5366844,2025-04-07,2025-05-02,505.28,1661,4711764,334856295,202735238,1.60273050862012,64.2366233551022,0.877939437032267
509.49,564,996,984,2727048,5363784,2025-04-07,2025-04-25,505.28,-12,2636736,438479392,268316798,1.22326934808375,71.0624060525973,0.491581316473594
502.73,534,1937,1708,1555411,5340916,2025-04-07,2025-04-11,505.28,-229,3785505,1332187463,1033620686,0.400913245946077,89.3699233078581,0.708774487372578
511.18,574,867,848,3300669,5327136,2025-04-07,2025-05-16,505.28,-19,2026467,4021897859,2337321162,0.132453289137595,96.2713085399616,0.380404592636644
510.96,564,1029,1002,2766981,5314608,2025-04-07,2025-04-11,505.28,-27,2547627,1332187463,1033620686,0.398938448799979,89.768861756658,0.479363106366453
468.96,475,2114,8759,143752,5290436,2025-04-07,2025-04-11,505.28,6645,5146684,1332187463,1033620686,0.397123989448623,90.1659857461067,0.972827948395935
507.52,583,722,700,3107488,5283600,2025-04-07,2025-05-16,505.28,-22,2176112,4021897859,2337321162,0.131370815103537,96.4026793550651,0.411861609508668
352.6,360,7128,7127,2715768,5273980,2025-04-07,2025-12-19,505.28,-1,2558212,1385328150,446323561,0.380702579385253,95.1728132428407,0.485062893678019
339.14,345,8909,8905,2975606,5218330,2025-04-07,2025-12-19,505.28,-4,2242724,1385328150,446323561,0.376685480620602,95.5494987234613,0.42977810908854
488.1,514,1930,2009,1864380,5203310,2025-04-07,2025-05-16,505.28,79,3338930,4021897859,2337321162,0.12937449389363,96.5320538489588,0.641693460508792
412.27,425,4032,4086,2318400,5201478,2025-04-07,2025-09-19,505.28,54,2883078,2220318620,913921523,0.234267188193017,96.923336930805,0.554280533340716
472.95,487,259,3636,130018,5108580,2025-04-07,2025-05-16,505.28,3377,4978562,4021897859,2337321162,0.12701913820532,96.6590729871641,0.974549091919868
510.28,575,786,787,2943570,5093464,2025-04-07,2025-04-25,505.28,1,2149894,438479392,268316798,1.16161992853703,72.2240259811344,0.422088778874259
395.97,400,9223,12615,959192,5083845,2025-04-07,2025-05-16,505.28,3392,4124653,4021897859,2337321162,0.12640413004581,96.7854771172099,0.811325482975976
500.36,533,1570,1557,1780380,5082048,2025-04-07,2025-04-25,505.28,-13,3301668,438479392,268316798,1.15901638542684,73.3830423665612,0.649672730363822
509.3,551,1220,1213,2775500,5058210,2025-04-07,2025-05-16,505.28,-7,2282710,4021897859,2337321162,0.125766744391109,96.911243861601,0.451288103894461
496.89,530,1520,1521,1813360,5036031,2025-04-07,2025-05-02,505.28,1,3222671,334856295,202735238,1.50393798032078,65.740561335423,0.639922788402216
515.72,569,943,943,3504188,5024304,2025-04-07,2025-08-15,505.28,0,1520116,795796258,347369745,0.631355569907694,78.7634352007722,0.302552552552553
504.4,544,1856,1268,2334848,5021280,2025-04-07,2025-04-11,505.28,-588,2686432,1332187463,1033620686,0.376919926020952,90.5429056721276,0.535009399993627
390.49,400,6955,5204,2997605,4949004,2025-04-07,2025-09-19,505.28,-1751,1951399,2220318620,913921523,0.222896117495065,97.1462330483001,0.394301358414744
479.88,500,1065,2454,639000,4937448,2025-04-07,2025-05-09,505.28,1389,4298448,75554991,51277449,6.53490647626442,15.3164666514221,0.870580915485085
425.38,440,3238,3373,2218030,4931326,2025-04-07,2025-09-19,505.28,135,2713296,2220318620,913921523,0.222099925460248,97.3683329737603,0.55021631098816
476.91,497,903,2440,553539,4901960,2025-04-07,2025-05-16,505.28,1537,4348421,4021897859,2337321162,0.121881762587049,97.0331256241881,0.887078025932484
434.02,445,4027,4462,1409450,4899276,2025-04-07,2025-06-20,505.28,435,3489826,3776542538,1873897874,0.129729135861782,98.1203792811614,0.712314635876811
493.81,538,1086,1106,2810568,4887414,2025-04-07,2025-08-15,505.28,20,2076846,795796258,347369745,0.614153930841932,79.3775891316142,0.424937605040211
452.51,470,2459,2777,1748349,4856973,2025-04-07,2025-07-18,505.28,318,3108624,906386767,426487786,0.535860978649967,94.6651669286783,0.640033205867111
480.46,505,1930,1977,1756300,4851558,2025-04-07,2025-05-30,505.28,47,3095258,754833589,384724462,0.642732129399186,83.8452471144604,0.637992578878785
504.62,578,665,661,2463825,4850418,2025-04-07,2025-05-30,505.28,-4,2386593,754833589,384724462,0.642581102733625,84.487828217194,0.492038624300009
506.25,562,873,868,2874789,4839100,2025-04-07,2025-08-15,505.28,-5,1964311,795796258,347369745,0.608082778896404,79.9856719105106,0.405924862061127
470.4,485,3115,3297,1258460,4813620,2025-04-07,2025-05-09,505.28,182,3555160,75554991,51277449,6.37101525165955,21.6874819030817,0.738562661780531
503.28,570,729,721,3036285,4810512,2025-04-07,2025-08-15,505.28,-8,1774227,795796258,347369745,0.604490402114959,80.5901623126255,0.368822902842774
511.75,571,810,809,1284660,4793325,2025-04-07,2025-05-02,505.28,-1,3508665,334856295,202735238,1.43145733604919,67.1720186714722,0.731989798313279
403.59,410,7524,7473,1647756,4790193,2025-04-07,2025-06-20,505.28,-51,3142437,3776542538,1873897874,0.126840700238394,98.2472199813998,0.65601469502377
504.37,610,482,452,3294470,4774476,2025-04-07,2025-06-20,505.28,-30,1480006,3776542538,1873897874,0.126424525924405,98.3736445073242,0.309982917497124
505.37,562,1035,838,2600955,4745594,2025-04-07,2025-04-11,505.28,-197,2144639,1332187463,1033620686,0.356225691338757,90.8991313634664,0.451922140832107
419.45,430,4268,4373,1634644,4613515,2025-04-07,2025-07-18,505.28,105,2978871,906386767,426487786,0.509000701242586,95.1741676299208,0.645683605667262
511,588,621,599,1661796,4612300,2025-04-07,2025-05-30,505.28,-22,2950504,754833589,384724462,0.611035341724837,85.0988635589188,0.639703401773519
484.48,505,1851,2239,1068027,4594428,2025-04-07,2025-05-02,505.28,388,3526401,334856295,202735238,1.37205961739498,68.5440782888672,0.767538635930305
456.23,470,1109,3330,450254,4585410,2025-04-07,2025-05-30,505.28,2221,4135156,754833589,384724462,0.607472967131037,85.7063365260499,0.901807253876971
485.93,505,2087,2398,964194,4572986,2025-04-07,2025-04-25,505.28,311,3608792,438479392,268316798,1.04291925309001,74.4259616196512,0.789154394962066
503.58,531,1715,1665,1145620,4565430,2025-04-07,2025-04-11,505.28,-50,3419810,1332187463,1033620686,0.342701768842573,91.2418331323089,0.749066353005084
504.91,567,738,735,2643516,4563615,2025-04-07,2025-08-15,505.28,-3,1920099,795796258,347369745,0.573465249945923,81.1636275625714,0.420740794304515
381.79,390,5505,5540,1915740,4548340,2025-04-07,2025-09-19,505.28,35,2632600,2220318620,913921523,0.204850779479569,97.5731837532399,0.578804574855881
505.33,569,711,713,1777500,4539671,2025-04-07,2025-05-02,505.28,2,2762171,334856295,202735238,1.35570722957441,69.8997855184416,0.608451801903706
372.85,380,1219,6330,398613,4525950,2025-04-07,2025-09-19,505.28,5111,4127337,2220318620,913921523,0.203842365651106,97.777026118891,0.911927219699731
505.52,562.5,853,794,2187945,4524212,2025-04-07,2025-04-11,505.28,-59,2336267,1332187463,1033620686,0.33960775984273,91.5814408921517,0.51639202583787
503.8,541,1206,1216,1332630,4523520,2025-04-07,2025-04-11,505.28,10,3190890,1332187463,1033620686,0.339555815201363,91.920996707353,0.705399777164686
444.8,455,1487,4416,478814,4504320,2025-04-07,2025-05-30,505.28,2929,4025506,754833589,384724462,0.596730201946538,86.3030667279964,0.893698937908497
351.85,355,14253,14283,1624842,4499145,2025-04-07,2025-06-20,505.28,30,2874303,3776542538,1873897874,0.119133968563285,98.4927784758875,0.638855382522679
459.19,470,514,4131,110510,4465611,2025-04-07,2025-05-02,505.28,3617,4355101,334856295,202735238,1.33359027937641,71.233375797818,0.975253106461803
508.64,574,692,681,2653820,4451016,2025-04-07,2025-05-30,505.28,-11,1797196,754833589,384724462,0.589668513015787,86.8927352410122,0.40377208259867
504.48,549,993,994,1564968,4425288,2025-04-07,2025-04-11,505.28,1,2860320,1332187463,1033620686,0.332182078191499,92.2531787855445,0.646357931958327
486.13,510,213,1850,160815,4415950,2025-04-07,2025-05-09,505.28,1637,4255135,75554991,51277449,5.84468337770036,27.5321652807821,0.963583147454115
505.89,567,723,711,2261544,4344921,2025-04-07,2025-05-02,505.28,-12,2083377,334856295,202735238,1.29754795262248,72.5309237504405,0.47949709557435
513.86,589,599,578,3086048,4343092,2025-04-07,2025-05-16,505.28,-21,1257044,4021897859,2337321162,0.107986133717475,97.1411117579055,0.289435268697969
504.25,539,1243,1242,3078911,4315950,2025-04-07,2025-08-15,505.28,-1,1237039,795796258,347369745,0.542343590663127,81.7059711532346,0.286620326926864
439.18,455,2717,2713,2336620,4291966,2025-04-07,2025-09-19,505.28,-4,1955346,2220318620,913921523,0.193304058315739,97.9703301772067,0.455582826145408
500.24,535,1604,1231,1942444,4278956,2025-04-07,2025-04-25,505.28,-373,2336512,438479392,268316798,0.975862509862265,75.4018241295135,0.546047213385695
503.68,571,628,635,2030952,4274820,2025-04-07,2025-05-16,505.28,7,2243868,4021897859,2337321162,0.106288626660024,97.2474003845656,0.52490350470897
512.5,534,1971,1971,4237650,4237650,2025-04-07,2025-08-15,505.28,0,0,795796258,347369745,0.53250438883064,82.2384755420652,0
505.56,574,748,618,2762364,4229592,2025-04-07,2025-04-25,505.28,-130,1467228,438479392,268316798,0.964604512131781,76.3664286416453,0.346895870807397
346.99,350,13206,13467,1479072,4053567,2025-04-07,2025-06-20,505.28,261,2574495,3776542538,1873897874,0.107335398958506,98.600113874846,0.635118403124951
509.2,567,715,701,2148575,4051780,2025-04-07,2025-04-25,505.28,-14,1903205,438479392,268316798,0.924052549315704,77.290481190961,0.469720715339925
504.93,553,847,831,1486485,3994617,2025-04-07,2025-04-11,505.28,-16,2508132,1332187463,1033620686,0.299853970326697,92.5530327558712,0.627877966773786
483.87,505,229,1879,156636,3970327,2025-04-07,2025-05-09,505.28,1650,3813691,75554991,51277449,5.25488382362457,32.7870491044066,0.960548337706189
418.34,435,2371,2381,2081738,3966746,2025-04-07,2025-12-19,505.28,10,1885008,1385328150,446323561,0.286339810535143,95.8358385339964,0.475202596788401
459.38,480,1306,1920,1150586,3959040,2025-04-07,2025-07-18,505.28,614,2808454,906386767,426487786,0.436793667355031,95.6109612972759,0.709377525864856
502,553,797,775,2002064,3952500,2025-04-07,2025-05-30,505.28,-22,1950436,754833589,384724462,0.523625347043214,87.4163605880554,0.493468943706515
501.69,533,1325,1261,999050,3948191,2025-04-07,2025-04-11,505.28,-64,2949141,1332187463,1033620686,0.296369025355405,92.8494017812267,0.746960063482238
416.7,425,4834,4750,1319682,3942500,2025-04-07,2025-06-20,505.28,-84,2622818,3776542538,1873897874,0.104394428510473,98.7045083033565,0.665267723525682
504.38,615,361,355,2647574,3927010,2025-04-07,2025-06-20,505.28,-6,1279436,3776542538,1873897874,0.103984264985393,98.8084925683419,0.325804110506467
505.68,563,933,683,2432331,3914956,2025-04-07,2025-04-11,505.28,-250,1482625,1332187463,1033620686,0.293874256344056,93.1432760375707,0.378707959936204
501.01,552,791,766,1915802,3905834,2025-04-07,2025-05-30,505.28,-25,1990032,754833589,384724462,0.517443057240528,87.9338036452959,0.509502451973125
464.33,480,2004,2485,1072140,3893995,2025-04-07,2025-05-30,505.28,481,2821855,754833589,384724462,0.515874632070725,88.4496782773667,0.72466836757623
505.13,547,961,913,1297350,3822731,2025-04-07,2025-04-11,505.28,-48,2525381,1332187463,1033620686,0.286951431849648,93.4302274694203,0.660622209619249
493.67,524,1234,1259,1459822,3818547,2025-04-07,2025-05-16,505.28,25,2358725,4021897859,2337321162,0.0949439079228491,97.3423442924884,0.6177022307176
493.37,526,72,1170,140400,3817710,2025-04-07,2025-08-15,505.28,1098,3677310,795796258,347369745,0.479734600611806,82.718210142677,0.963224026969047
508.62,577,557,558,2166730,3815604,2025-04-07,2025-04-25,505.28,1,1648874,438479392,268316798,0.87019004076707,78.160671231728,0.432139708418379
507.45,584,507,498,2375802,3812190,2025-04-07,2025-05-16,505.28,-9,1436388,4021897859,2337321162,0.0947858482151473,97.4371301407036,0.37678814539674
507.52,582,531,506,2279052,3768688,2025-04-07,2025-05-16,505.28,-25,1489636,4021897859,2337321162,0.0937042195531301,97.5308343602567,0.395266469392001
492,520,961,1345,978298,3766000,2025-04-07,2025-05-09,505.28,384,2787702,75554991,51277449,4.98444900880208,37.7714981132087,0.740228890069039
517.69,569,730,728,2529450,3735368,2025-04-07,2025-05-30,505.28,-2,1205918,754833589,384724462,0.494859801476058,88.9445380788427,0.322837803397149
448.23,460,3083,3129,1091382,3682833,2025-04-07,2025-05-30,505.28,46,2591451,754833589,384724462,0.487899989304795,89.4324380681475,0.703656940187079
505.49,568,613,588,1819997,3675588,2025-04-07,2025-05-02,505.28,-25,1855591,334856295,202735238,1.0976613116979,73.6285850621384,0.504841946377015
501.44,543,918,883,1437588,3669748,2025-04-07,2025-04-25,505.28,-35,2232160,438479392,268316798,0.836925991723689,78.9975972234517,0.608259749715784
503.5,560,589,649,1618572,3666850,2025-04-07,2025-05-09,505.28,60,2048278,75554991,51277449,4.85322008707539,42.6247182002841,0.55859334306012
505.12,605,817,366,5445305,3655608,2025-04-07,2025-07-18,505.28,-451,-1789697,906386767,426487786,0.403316567837756,96.0142778651136,-0.489575742256828
502.66,545,912,863,1637040,3653942,2025-04-07,2025-05-02,505.28,-49,2016902,334856295,202735238,1.09119704618365,74.719782108322,0.551979752278498
467,483,523,2278,236396,3644800,2025-04-07,2025-05-16,505.28,1755,3408404,4021897859,2337321162,0.0906238827483858,97.6214582430051,0.935141571553995
501,541,900,898,1457100,3592000,2025-04-07,2025-05-02,505.28,-2,2134900,334856295,202735238,1.0726989618039,75.7924810701259,0.59434855233853
425.49,435,3516,3772,1118088,3587172,2025-04-07,2025-06-20,505.28,256,2469084,3776542538,1873897874,0.0949856108836447,98.9034781792255,0.688309342289692
481.75,516,1004,1038,1858404,3555150,2025-04-07,2025-08-15,505.28,34,1696746,795796258,347369745,0.446741231095359,83.1649513737724,0.477264250453567
503.6,555,1032,690,2308584,3546600,2025-04-07,2025-04-25,505.28,-342,1238016,438479392,268316798,0.808840749350428,79.8064379728022,0.349071223143292
370.92,375,8833,8685,1289618,3543480,2025-04-07,2025-06-20,505.28,-148,2253862,3776542538,1873897874,0.0938286796546074,98.9973068588801,0.636058902547778
499.32,542,833,830,1683493,3542440,2025-04-07,2025-05-30,505.28,-3,1858947,754833589,384724462,0.469300790481914,89.9017388586294,0.524764569054098
500,538,951,927,1395117,3522600,2025-04-07,2025-05-02,505.28,-24,2127483,334856295,202735238,1.05197365335479,76.8444547234807,0.603952478283086
501.42,532,1230,1147,886830,3507526,2025-04-07,2025-04-11,505.28,-83,2620696,1332187463,1033620686,0.263290722771199,93.6935181921915,0.747163670347704
514.16,582,517,515,2088680,3493760,2025-04-07,2025-05-30,505.28,-2,1405080,754833589,384724462,0.462851686903403,90.3645905455328,0.402168437442755
414.44,430,2247,2244,1936914,3491664,2025-04-07,2025-12-19,505.28,-3,1554750,1385328150,446323561,0.252045986360705,96.0878845203572,0.445274803073835
501.67,559,603,604,1855431,3462732,2025-04-07,2025-08-15,505.28,1,1607301,795796258,347369745,0.435127957085719,83.6000793308581,0.464171353717238
505.32,565,582,580,1746000,3461440,2025-04-07,2025-05-09,505.28,-2,1715440,75554991,51277449,4.58135187918956,47.2060700794736,0.495585652214107
474.73,490,1987,2258,778904,3447966,2025-04-07,2025-05-02,505.28,271,2669062,334856295,202735238,1.02968528634052,77.8741400098212,0.774097540404981
472.29,485,2456,2695,643472,3425345,2025-04-07,2025-04-25,505.28,239,2781873,438479392,268316798,0.78118722624027,80.5876251990424,0.812143886236277
430.05,440,3129,3422,1439340,3404890,2025-04-07,2025-07-18,505.28,293,1965550,906386767,426487786,0.375655307862631,96.3899331729763,0.577272687223376
437.15,445,3967,4323,765631,3393555,2025-04-07,2025-05-16,505.28,356,2627924,4021897859,2337321162,0.0843769563268762,97.705835199332,0.774386741926976
495.53,528,816,1043,1073856,3386621,2025-04-07,2025-05-16,505.28,227,2312765,4021897859,2337321162,0.0842045501583684,97.7900397494903,0.682912259742085
434.77,450,2115,2218,1395900,3378014,2025-04-07,2025-08-15,505.28,103,1982114,795796258,347369745,0.42448226741976,84.0245615982778,0.58676903056056
488.05,522,994,992,1717632,3367840,2025-04-07,2025-08-15,505.28,-2,1650208,795796258,347369745,0.423203799483058,84.4477653977609,0.489990023279016
490.81,506,658,2207,134890,3352433,2025-04-07,2025-04-11,505.28,1549,3217543,1332187463,1033620686,0.251648742621443,93.945166934813,0.959763550830099
512.45,568,602,603,1970948,3349665,2025-04-07,2025-05-30,505.28,1,1378717,754833589,384724462,0.443762048856043,90.8083525943889,0.411598473280164
503.2,536,1167,1018,1032795,3339040,2025-04-07,2025-04-11,505.28,-149,2306245,1332187463,1033620686,0.250643403630349,94.1958103384433,0.690691036944751
503.47,547,776,764,1358776,3325692,2025-04-07,2025-04-25,505.28,-12,1966916,438479392,268316798,0.758460274456867,81.3460854734993,0.591430595497118
499.21,523,463,1396,215295,3321084,2025-04-07,2025-04-11,505.28,933,3105789,1332187463,1033620686,0.249295545277174,94.4451058837205,0.935173274750051
496.4,539,807,767,1513125,3267420,2025-04-07,2025-05-30,505.28,-40,1754295,754833589,384724462,0.432866269813014,91.2412188642019,0.536905264704262
515.15,566,641,641,2278114,3259485,2025-04-07,2025-08-15,505.28,0,981371,795796258,347369745,0.409587877202609,84.8573532749635,0.301081612586037
510,553,758,758,2367992,3259400,2025-04-07,2025-08-15,505.28,0,891408,795796258,347369745,0.409577196076738,85.2669304710402,0.273488372093023
504.95,562,572,568,1547832,3240440,2025-04-07,2025-04-25,505.28,-4,1692608,438479392,268316798,0.73901762753767,82.085103101037,0.522338941625212
508.58,576,488,480,1864648,3236160,2025-04-07,2025-04-25,505.28,-8,1371512,438479392,268316798,0.73804152693224,82.8231446279692,0.423808464352813
349.4,355,6003,5731,1608804,3209360,2025-04-07,2025-09-19,505.28,-272,1600556,2220318620,913921523,0.144545020299834,98.1148751975066,0.498715008599845
490.9,519,357,1138,386988,3197780,2025-04-07,2025-05-16,505.28,781,2810792,4021897859,2337321162,0.0795092295256621,97.869548979016,0.878982293966439
420.97,430,4044,3531,1176804,3188493,2025-04-07,2025-06-20,505.28,-513,2011689,3776542538,1873897874,0.0844288914507654,99.0817357503309,0.630921567022415
426.33,445,1719,1704,1572885,3181368,2025-04-07,2025-12-19,505.28,-15,1608483,1385328150,446323561,0.229647250003546,96.3175317703607,0.505594763007612
505.62,538,1013,982,1343238,3179716,2025-04-07,2025-04-25,505.28,-31,1836478,438479392,268316798,0.725168858106791,83.548313486076,0.577560385896099
505.71,579,434,431,1819328,3158799,2025-04-07,2025-08-15,505.28,-3,1339471,795796258,347369745,0.396935643796405,85.6638661148367,0.424044391555145
501.89,551,619,639,1516550,3138129,2025-04-07,2025-05-30,505.28,20,1621579,754833589,384724462,0.415737858745446,91.6569567229473,0.516734334375674
464.74,470,2792,5918,167520,3112868,2025-04-07,2025-04-11,505.28,3126,2945348,1332187463,1033620686,0.233665913128324,94.6787717968488,0.946184675996541
505.3,561,569,556,1495901,3096920,2025-04-07,2025-04-25,505.28,-13,1601019,438479392,268316798,0.706286328731271,84.2545998148073,0.516971378014285
507.77,552,707,700,1192002,3096100,2025-04-07,2025-04-25,505.28,-7,1904098,438479392,268316798,0.706099318802194,84.9606991336095,0.614998869545557
502.42,548,676,671,1229644,3058418,2025-04-07,2025-04-25,505.28,-5,1828774,438479392,268316798,0.697505528378401,85.6582046619879,0.597947697142771
466.95,480,1173,2336,421107,3048480,2025-04-07,2025-05-09,505.28,1163,2627373,75554991,51277449,4.03478308931305,51.2408531687867,0.861863289245788
470.43,495,844,1239,918272,3044223,2025-04-07,2025-07-18,505.28,395,2125951,906386767,426487786,0.335863575113294,96.7257967480896,0.6983558694616
343.3,350,4533,4512,1631880,3023040,2025-04-07,2025-12-19,505.28,-21,1391160,1385328150,446323561,0.21821833332413,96.5357501036848,0.460185773261353
483.48,508,720,1222,578160,2996344,2025-04-07,2025-05-16,505.28,502,2418184,4021897859,2337321162,0.0745007482796942,97.9440497272957,0.807044851992962
467.08,480,2191,2319,644154,2996148,2025-04-07,2025-05-02,505.28,128,2351994,334856295,202735238,0.894756361083192,78.7688963709044,0.785005947636766
482.89,517,872,878,1415256,2994858,2025-04-07,2025-08-15,505.28,6,1579602,795796258,347369745,0.376334767837021,86.0402008826737,0.527438028781331
507.18,564,546,525,1681680,2983050,2025-04-07,2025-05-30,505.28,-21,1301370,754833589,384724462,0.395193065527454,92.0521497884748,0.436254839845125
442.04,455,2229,2290,1248240,2967840,2025-04-07,2025-07-18,505.28,61,1719600,906386767,426487786,0.327436377940853,97.0532331260304,0.579411289018276
488.22,502,583,2148,99110,2959944,2025-04-07,2025-04-11,505.28,1565,2860834,1332187463,1033620686,0.222186747902161,94.900958544751,0.9665162584157
504.87,557,572,566,1577576,2950558,2025-04-07,2025-05-30,505.28,-6,1372982,754833589,384724462,0.390888540599907,92.4430383290747,0.465329608840091
417.26,430,2158,2301,1236534,2931474,2025-04-07,2025-09-19,505.28,143,1694940,2220318620,913921523,0.132029429181655,98.2469046266882,0.578186946225687
472.35,498,1110,1118,1396380,2867670,2025-04-07,2025-08-15,505.28,8,1471290,795796258,347369745,0.360352285044296,86.400553167718,0.513061126280221
500.62,540,777,728,1296813,2866864,2025-04-07,2025-05-09,505.28,-49,1570051,75554991,51277449,3.79440717556303,55.0352603443497,0.547654510294175
491.44,522,626,938,713014,2866528,2025-04-07,2025-05-16,505.28,312,2153514,4021897859,2337321162,0.0712730183732893,98.015322745669,0.75126215407629
319.01,320,28640,28696,859200,2840904,2025-04-07,2025-05-16,505.28,56,1981704,4021897859,2337321162,0.0706359062213071,98.0859586518903,0.697561058029416
468.59,494,1144,1116,1361360,2835756,2025-04-07,2025-08-15,505.28,-28,1474396,795796258,347369745,0.356341962090503,86.7568951298085,0.519930487672423
512.18,581,410,410,1781450,2821620,2025-04-07,2025-05-16,505.28,0,1040170,4021897859,2337321162,0.0701564310910065,98.1561150829813,0.368642836384772
495.87,554,483,484,1563471,2813492,2025-04-07,2025-08-15,505.28,1,1250021,795796258,347369745,0.353544261073919,87.1104393908824,0.444295203256309
475.14,502,1042,1043,1335844,2801498,2025-04-07,2025-08-15,505.28,1,1465654,795796258,347369745,0.352037091383257,87.4624764822656,0.523167962283036
408.69,420,2019,2458,1100355,2779998,2025-04-07,2025-09-19,505.28,439,1679643,2220318620,913921523,0.125207165086964,98.3721117917752,0.604188564164435
512.8,572,425,469,1374025,2776480,2025-04-07,2025-05-30,505.28,44,1402455,754833589,384724462,0.367826768768765,92.8108650978434,0.505119791966807
508.98,562,529,517,1453692,2741134,2025-04-07,2025-05-02,505.28,-12,1287442,334856295,202735238,0.818600110235347,79.5874964811398,0.469674959341645
402.97,415,2286,2266,1609344,2725998,2025-04-07,2025-12-19,505.28,-20,1116654,1385328150,446323561,0.196776337794045,96.7325264414789,0.409631261651696
504,559,522,495,1383300,2722500,2025-04-07,2025-05-30,505.28,-27,1339200,754833589,384724462,0.360675523674928,93.1715406215184,0.491900826446281
370.4,380,2815,2822,1379350,2709120,2025-04-07,2025-12-19,505.28,7,1329770,1385328150,446323561,0.195557998298093,96.928084439777,0.490849427120246
458,480,1138,1231,1193762,2708200,2025-04-07,2025-08-15,505.28,93,1514438,795796258,347369745,0.340313236305768,87.8027897185714,0.559204637766782
502.59,567,426,417,1419432,2685897,2025-04-07,2025-05-30,505.28,-9,1266465,754833589,384724462,0.355826375394643,93.527366996913,0.47152403833803
497.74,527,748,915,959684,2677290,2025-04-07,2025-05-16,505.28,167,1717606,4021897859,2337321162,0.0665678267788153,98.2226829097601,0.641546489173754
455.39,474,1430,1433,753610,2666813,2025-04-07,2025-08-15,505.28,3,1913203,795796258,347369745,0.33511253328864,88.1379022518601,0.717411757029833
508.13,551,625,620,1187500,2657940,2025-04-07,2025-04-25,505.28,-5,1470440,438479392,268316798,0.606172159625691,86.2643768216136,0.553225430220396
518.48,572.5,486,486,1533330,2625372,2025-04-07,2025-05-02,505.28,0,1092042,334856295,202735238,0.784029459562646,80.3715259407024,0.415957052943354
445.34,455,2019,2697,478503,2605302,2025-04-07,2025-05-16,505.28,678,2126799,4021897859,2337321162,0.0647779255301073,98.2874608352902,0.816334920097555
482.57,519,717,714,1216032,2601102,2025-04-07,2025-08-15,505.28,-3,1385070,795796258,347369745,0.326855269027917,88.464757520888,0.53249353543229
474.35,505,837,847,1258011,2596055,2025-04-07,2025-08-15,505.28,10,1338044,795796258,347369745,0.326221061471742,88.7909785823597,0.515414349850061
356.67,360,7840,7775,932960,2589075,2025-04-07,2025-06-20,505.28,-65,1656115,3776542538,1873897874,0.0685567545962592,99.1502925049272,0.639655089172774
494.72,513,338,1412,94978,2581136,2025-04-07,2025-04-11,505.28,1074,2486158,1332187463,1033620686,0.193751710753038,95.094710255504,0.963203023784876
369.72,375,379,4860,64430,2566080,2025-04-07,2025-07-18,505.28,4481,2501650,906386767,426487786,0.283110929398642,97.3363440554291,0.974891663549071
500.82,536,770,726,966350,2554068,2025-04-07,2025-04-25,505.28,-44,1587718,438479392,268316798,0.582483018951094,86.8468598405646,0.62164280669113
460.8,470,2641,2743,459534,2523560,2025-04-07,2025-04-25,505.28,102,2064026,438479392,268316798,0.575525337345843,87.4223851779105,0.817902486962862
497.68,532,734,734,1566356,2519088,2025-04-07,2025-08-15,505.28,0,952732,795796258,347369745,0.316549364824985,89.1075279471847,0.378205128205128
439.9,450,2426,2487,703540,2511870,2025-04-07,2025-05-30,505.28,61,1808330,754833589,384724462,0.332771360019592,93.8601383569326,0.719913849044736
503.4,570,405,377,1320300,2510820,2025-04-07,2025-05-09,505.28,-28,1190520,75554991,51277449,3.32316894856092,58.3584292929107,0.474155853466198
509.65,566,448,443,1263360,2496305,2025-04-07,2025-04-25,505.28,-5,1232945,438479392,268316798,0.569309537812897,87.9916947157234,0.493907996018115
503.93,562.5,430,425,1156700,2489225,2025-04-07,2025-05-02,505.28,-5,1332525,334856295,202735238,0.74337112282748,81.1148970635299,0.535317217206159
460.48,472,126,2159,44352,2487168,2025-04-07,2025-05-16,505.28,2033,2442816,4021897859,2337321162,0.0618406555112866,98.3493014908015,0.982167670217693
505.45,566,971,409,2789683,2476495,2025-04-07,2025-04-11,505.28,-562,-313188.000000001,1332187463,1033620686,0.185896885294438,95.2806071407985,-0.126464216564136
505.04,630,170,198,1518440,2474208,2025-04-07,2025-09-19,505.28,28,955768,2220318620,913921523,0.11143481740472,98.4835466091799,0.386292502489686
503.88,542,658,642,1079120,2447304,2025-04-07,2025-05-02,505.28,-16,1368184,334856295,202735238,0.730852021163287,81.8457490846932,0.559057640571012
320.09,325,4878,4978,1258524,2444198,2025-04-07,2025-12-19,505.28,100,1185674,1385328150,446323561,0.17643458699659,97.1045190267736,0.485097361179413
456.91,465,3110,3002,513150,2428618,2025-04-07,2025-04-25,505.28,-108,1915468,438479392,268316798,0.55387278041108,88.5455674961345,0.788706993030604
504.7,534,956,825,1082192,2417250,2025-04-07,2025-04-25,505.28,-131,1335058,438479392,268316798,0.551280184223572,89.096847680358,0.552304478229393
482.83,501,468,1324,304668,2405708,2025-04-07,2025-05-16,505.28,856,2101040,4021897859,2337321162,0.0598152435576311,98.4091167343591,0.873356201168222
508.05,581,329,328,1303827,2392760,2025-04-07,2025-05-30,505.28,-1,1088933,754833589,384724462,0.316991723059107,94.1771300799917,0.455094953108544
481.4,502,1144,1160,761904,2389600,2025-04-07,2025-05-16,505.28,16,1627696,4021897859,2337321162,0.0594147361214724,98.4685314704806,0.681158352862404
495.8,514,277,1311,79776,2386020,2025-04-07,2025-04-11,505.28,1034,2306244,1332187463,1033620686,0.179105423693662,95.4597125644921,0.966565242537783
431.2,440,2689,2709,599647,2383920,2025-04-07,2025-05-30,505.28,20,1784273,754833589,384724462,0.315820604003355,94.4929506839951,0.748461777240847
499.62,535,784,672,1161104,2377536,2025-04-07,2025-05-09,505.28,-112,1216432,75554991,51277449,3.14676233632269,61.5051916292333,0.511635575654796
427.96,435,3310,3360,546150,2365440,2025-04-07,2025-05-16,505.28,50,1819290,4021897859,2337321162,0.0588140246950016,98.5273454951756,0.769112723214286
502.22,541,647,605,923916,2346190,2025-04-07,2025-04-25,505.28,-42,1422274,438479392,268316798,0.535074177442757,89.6319218578008,0.606205806008891
505,548,547,543,1225280,2334900,2025-04-07,2025-05-30,505.28,-4,1109620,754833589,384724462,0.309326457384238,94.8022771413793,0.475232343997602
397.71,410,1803,1897,1179162,2331413,2025-04-07,2025-12-19,505.28,94,1152251,1385328150,446323561,0.168293194648503,97.272812221422,0.494228607286654
436.75,445,1063,2816,263624,2323200,2025-04-07,2025-05-30,505.28,1753,2059576,754833589,384724462,0.307776446869271,95.1100535882486,0.886525482093664
518,564,513,505,1437426,2323000,2025-04-07,2025-05-02,505.28,-8,885574,334856295,202735238,0.693730425465049,82.5394795101582,0.38121997417133
405.54,410,5359,5144,562695,2294224,2025-04-07,2025-05-16,505.28,-215,1731529,4021897859,2337321162,0.0570433183643911,98.58438881354,0.754734062584996
509.88,625,1279,198,10671976,2279376,2025-04-07,2025-09-19,505.28,-1081,-8392600,2220318620,913921523,0.102659860592441,98.5862064697724,-3.68197261004766
505.03,635,175,175,1651300,2274475,2025-04-07,2025-09-19,505.28,0,623175,2220318620,913921523,0.102439126506988,98.6886455962793,0.273986304531815
493.46,542,472,466,1165368,2261964,2025-04-07,2025-08-15,505.28,-6,1096596,795796258,347369745,0.284239084723115,89.3917670319078,0.48479816654907
508.66,640,152,172,1510120,2259048,2025-04-07,2025-09-19,505.28,20,748928,2220318620,913921523,0.101744316317989,98.7903899125973,0.331523721496843
505.52,620,206,196,1613804,2243808,2025-04-07,2025-06-20,505.28,-10,630004,3776542538,1873897874,0.059414344666386,99.2097068495936,0.280774469116787
504.07,557,407,423,959299,2238939,2025-04-07,2025-04-25,505.28,16,1279640,438479392,268316798,0.510614419023825,90.1425362768246,0.571538572511355
451.76,465,1688,1689,1098888,2236236,2025-04-07,2025-07-18,505.28,1,1137348,906386767,426487786,0.246719842060536,97.5830638974896,0.508599271275483
295.8,300,5089,5283,1160292,2218860,2025-04-07,2025-12-19,505.28,194,1058568,1385328150,446323561,0.160168549235068,97.4329807706571,0.477077418133636
507,573,362,334,1357500,2204400,2025-04-07,2025-05-30,505.28,-28,846900,754833589,384724462,0.292037878563457,95.402091466812,0.384186173108329
367.21,375,2748,2805,1302552,2185095,2025-04-07,2025-12-19,505.28,57,882543,1385328150,446323561,0.157731220577594,97.5907119912347,0.403892279283052
491.42,507,1054,1401,203422,2182758,2025-04-07,2025-04-11,505.28,347,1979336,1332187463,1033620686,0.163847661130557,95.6235602256227,0.906805060386905
502.12,545,532,508,1005480,2178304,2025-04-07,2025-05-09,505.28,-24,1172824,75554991,51277449,2.88307095424047,64.3882625834738,0.538411534845458
502.84,549,477,470,1073250,2169520,2025-04-07,2025-05-30,505.28,-7,1096270,754833589,384724462,0.287416992515419,95.6895084593275,0.505305320992662
510,574,339,338,1312947,2163200,2025-04-07,2025-08-15,505.28,-1,850253,795796258,347369745,0.271828370421918,89.6635954023297,0.393053346893491
478.14,499,734,1033,480036,2154838,2025-04-07,2025-05-16,505.28,299,1674802,4021897859,2337321162,0.0535776410924512,98.6379664546324,0.777228729027426
505.5,574,315,314,1185345,2150900,2025-04-07,2025-05-02,505.28,-1,965555,334856295,202735238,0.642335244138086,83.1818147542963,0.448907434097355
503.86,555,506,418,1169366,2137652,2025-04-07,2025-05-02,505.28,-88,968286,334856295,202735238,0.638378920127513,83.8201936744238,0.452967087252743
348.15,355,3118,3116,1119362,2134460,2025-04-07,2025-12-19,505.28,-2,1015098,1385328150,446323561,0.154076129904673,97.7447881211394,0.475576023912371
337.27,340,7962,7817,820086,2134041,2025-04-07,2025-06-20,505.28,-145,1313955,3776542538,1873897874,0.0565077972385333,99.2662146468321,0.615712162980936
455.94,465,1975,2341,361425,2120946,2025-04-07,2025-05-02,505.28,366,1759521,334856295,202735238,0.633389914321306,84.4535835887451,0.829592549739597
476.92,485,2280,2620,193800,2116960,2025-04-07,2025-04-11,505.28,340,1923160,1332187463,1033620686,0.158908566459013,95.7824687920817,0.908453631622704
446.99,450,5342,7014,213680,2111214,2025-04-07,2025-04-11,505.28,1672,1897534,1332187463,1033620686,0.158477245780836,95.9409460378625,0.898788090643582
509.93,561,450,413,1354050,2109191,2025-04-07,2025-05-30,505.28,-37,755141,754833589,384724462,0.279424634878033,95.9689330942055,0.358024000671347
479.48,495,1247,1340,423980,2079680,2025-04-07,2025-04-25,505.28,93,1655700,438479392,268316798,0.474293669883578,90.6168299467082,0.79613209724573
504.8,556,419,406,972499,2078720,2025-04-07,2025-05-02,505.28,-13,1106221,334856295,202735238,0.620779728808742,85.0743633175539,0.532164505080049
505.67,575,353,299,1322691,2072967,2025-04-07,2025-05-02,505.28,-54,750276,334856295,202735238,0.619061678383558,85.6934249959374,0.361933402702503
502.83,533,693,687,783783,2072679,2025-04-07,2025-05-02,505.28,-6,1288896,334856295,202735238,0.61897567133985,86.3124006672773,0.62185027203923
505.37,586,270,257,1312740,2072191,2025-04-07,2025-05-16,505.28,-13,759451,4021897859,2337321162,0.0515227157090267,98.6894891703415,0.366496621209145
375,385,2354,2066,1235850,2066000,2025-04-07,2025-12-19,505.28,-288,830150,1385328150,446323561,0.14913434048099,97.8939224616204,0.401815101645692
384.76,390,3949,3934,592350,2061416,2025-04-07,2025-06-20,505.28,-15,1469066,3776542538,1873897874,0.0545847419764983,99.3207993888086,0.712648975267486
493.9,512,506,1128,140668,2041680,2025-04-07,2025-04-11,505.28,622,1901012,1332187463,1033620686,0.153257710097517,96.0942037479601,0.931101837702284
512.21,567.5,369,369,769365,2040201,2025-04-07,2025-05-02,505.28,0,1270836,334856295,202735238,0.609276585348351,86.9216772526256,0.622897449810092
506,610,533,196,3685162,2038400,2025-04-07,2025-08-15,505.28,-337,-1646762,795796258,347369745,0.256145964436038,89.9197413667658,-0.807869897959184
397.3,405,2645,2645,748535,2036650,2025-04-07,2025-07-18,505.28,0,1288115,906386767,426487786,0.224699882450954,97.8077637799405,0.632467532467533
508,615,449,189,3167695,2022300,2025-04-07,2025-12-19,505.28,-260,-1145395,1385328150,446323561,0.145979853221058,98.0399023148414,-0.566382336943084
452.14,463,1765,1862,476550,2022132,2025-04-07,2025-05-16,505.28,97,1545582,4021897859,2337321162,0.0502780545625985,98.7397672249041,0.764332892214752
509.82,589,273,255,771771,2019090,2025-04-07,2025-05-30,505.28,-18,1247319,754833589,384724462,0.267488096637947,96.2364211908434,0.617762952617268
501.19,527,744,782,427056,2018342,2025-04-07,2025-04-11,505.28,38,1591286,1332187463,1033620686,0.15150585454804,96.2457096025081,0.788412469244558
504.92,558,402,380,988518,2017040,2025-04-07,2025-05-02,505.28,-22,1028522,334856295,202735238,0.602359886947922,87.5240371395736,0.509916511323524
327.46,330,8439,7936,759510,2015744,2025-04-07,2025-06-20,505.28,-503,1256234,3776542538,1873897874,0.0533753818398007,99.3741747706484,0.623211082359665
503.45,544,517,495,817894,2007225,2025-04-07,2025-04-25,505.28,-22,1189331,438479392,268316798,0.457769518162441,91.0745994648706,0.592525003425127
509.73,578,303,293,1233210,2000311,2025-04-07,2025-04-25,505.28,-10,767101,438479392,268316798,0.45619270517507,91.5307921700457,0.383490867170155
502.47,542,568,505,852568,1996265,2025-04-07,2025-04-25,505.28,-63,1143697,438479392,268316798,0.455269970817694,91.9860621408634,0.572918425158985
471.03,485,880,1426,303600,1992122,2025-04-07,2025-05-02,505.28,546,1688522,334856295,202735238,0.59491848585376,88.1189556254273,0.84759969519939
467.13,482,1297,1338,577165,1989606,2025-04-07,2025-05-16,505.28,41,1412441,4021897859,2337321162,0.049469331886382,98.7892365567905,0.709909901759444
396.79,400,6048,6164,423360,1978644,2025-04-07,2025-05-02,505.28,116,1555284,334856295,202735238,0.590893475662448,88.7098491010898,0.786035284770783
509.84,573,324,313,1130760,1976908,2025-04-07,2025-05-02,505.28,-11,846148,334856295,202735238,0.590375044315652,89.3002241454054,0.428015871249446
512.31,572,350,331,1015700,1975739,2025-04-07,2025-05-02,505.28,-19,960039,334856295,202735238,0.590025939336156,89.8902500847416,0.485913878300727
398.84,405,3164,3158,645456,1945328,2025-04-07,2025-06-20,505.28,-6,1299872,3776542538,1873897874,0.0515108192328271,99.4256855898812,0.668201969025275
463.89,488,782,798,807806,1923978,2025-04-07,2025-08-15,505.28,16,1116172,795796258,347369745,0.241767661088952,90.1615090278547,0.580137610721121
489.69,515,304,760,258704,1923560,2025-04-07,2025-05-09,505.28,456,1664856,75554991,51277449,2.54590725846291,66.9341698419367,0.865507704464639
496.34,517,792,929,264528,1919314,2025-04-07,2025-04-11,505.28,137,1654786,1332187463,1033620686,0.144072366187701,96.3897819686958,0.862175756546349
502.47,566,300,302,980700,1918606,2025-04-07,2025-05-30,505.28,2,937906,754833589,384724462,0.254176023425476,96.4905972142689,0.488847632082877
324.66,330,3592,3590,1020128,1917060,2025-04-07,2025-12-19,505.28,-2,896932,1385328150,446323561,0.138383097174485,98.1782854120159,0.467868506984654
500.42,537,602,524,1385202,1916792,2025-04-07,2025-08-15,505.28,-78,531590,795796258,347369745,0.24086466614172,90.4023736939964,0.277333169170155
507.35,556,409,392,1104709,1907080,2025-04-07,2025-05-30,505.28,-17,802371,754833589,384724462,0.252649064348937,96.7432462786179,0.420732743251463
492.17,508,654,1201,145842,1901183,2025-04-07,2025-04-11,505.28,547,1755341,1332187463,1033620686,0.142711371545162,96.532493340241,0.923288815437546
393.2,400,2654,2766,705964,1880880,2025-04-07,2025-07-18,505.28,112,1174916,906386767,426487786,0.207514062261238,98.0152778422018,0.624662923737825
484.35,509,475,755,401375,1861075,2025-04-07,2025-05-16,505.28,280,1459700,4021897859,2337321162,0.0462735520703337,98.8355101088608,0.78433163628548
509,554,421,410,911886,1845000,2025-04-07,2025-04-25,505.28,-11,933114,438479392,268316798,0.420772340425066,92.4068344812885,0.505752845528455
485.76,498,1266,1505,179772,1842120,2025-04-07,2025-04-11,505.28,239,1662348,1332187463,1033620686,0.138277836352826,96.6707711765938,0.902410266432154
511.55,615,188,178,1412068,1841410,2025-04-07,2025-09-19,505.28,-10,429342,2220318620,913921523,0.0829344934286954,98.873324406026,0.233159372437426
506,559,351,346,854685,1833800,2025-04-07,2025-05-02,505.28,-5,979115,334856295,202735238,0.547637905388639,90.4378879901302,0.533926818627986
503.72,580,380,240,1532160,1830720,2025-04-07,2025-05-02,505.28,-140,298560,334856295,202735238,0.546718107837871,90.9846060979681,0.163083377031987
509.67,573,355,288,1243210,1823904,2025-04-07,2025-04-25,505.28,-67,580694,438479392,268316798,0.415961167908206,92.8227956491967,0.318379695422566
476.81,495,810,999,427680,1817181,2025-04-07,2025-05-09,505.28,189,1389501,75554991,51277449,2.40511047112692,69.3392803130636,0.764646449638203
496.34,547,333,358,868131,1813628,2025-04-07,2025-08-15,505.28,25,945497,795796258,347369745,0.227901046501277,90.6302747404977,0.521329070790702
377.48,385,1543,2408,433583,1810816,2025-04-07,2025-09-19,505.28,865,1377233,2220318620,913921523,0.0815565830817561,98.9548809891078,0.760559327949389
482.36,506,568,764,431112,1806096,2025-04-07,2025-05-16,505.28,196,1374984,4021897859,2337321162,0.0449065606168593,98.8804166694776,0.761301724825259
369.05,375,3021,3031,676704,1803445,2025-04-07,2025-08-15,505.28,10,1126741,795796258,347369745,0.226621447621836,90.8568961881195,0.624771479030411
475,495,673,885,489271,1770000,2025-04-07,2025-05-30,505.28,212,1280729,754833589,384724462,0.234488770212901,96.9777350488308,0.723575706214689
468.05,484,436,1099,200560,1752905,2025-04-07,2025-05-16,505.28,663,1552345,4021897859,2337321162,0.0435840257871651,98.9240006952648,0.885584215915865
510.21,561,349,344,802700,1747176,2025-04-07,2025-05-02,505.28,-5,944476,334856295,202735238,0.521768897908878,91.506374995877,0.540572901642422
511.6,563,343,338,847553,1737320,2025-04-07,2025-05-02,505.28,-5,889767,334856295,202735238,0.518825545746422,92.0252005416234,0.512149172288352
502.08,536,520,511,923520,1733312,2025-04-07,2025-05-30,505.28,-9,809792,754833589,384724462,0.229628361172465,97.2073634100032,0.467193442380829
504.68,553,377,356,793962,1720192,2025-04-07,2025-04-25,505.28,-21,926230,438479392,268316798,0.392308516975867,93.2151041661725,0.538445708386041
426.93,440,752,1308,430144,1709556,2025-04-07,2025-08-15,505.28,556,1279412,795796258,347369745,0.214823327304462,91.071719515424,0.748388470456657
493.25,511,454,963,118040,1709325,2025-04-07,2025-04-11,505.28,509,1591285,1332187463,1033620686,0.128309644661474,96.7990808212553,0.930943501089611
502,555,538,322,1223412,1706600,2025-04-07,2025-05-09,505.28,-216,483188,75554991,51277449,2.25875217164674,71.5980324847104,0.283129028477675
505.82,563,305,298,850950,1703964,2025-04-07,2025-04-25,505.28,-7,853014,438479392,268316798,0.38860754486724,93.6037117110398,0.500605646598168
361.6,370,2160,2023,987120,1699320,2025-04-07,2025-12-19,505.28,-137,712200,1385328150,446323561,0.122665521522825,98.3009509335388,0.419108819998588
505.55,568,762,271,2330958,1692395,2025-04-07,2025-04-11,505.28,-491,-638563,1332187463,1033620686,0.127038802496222,96.9261196237515,-0.377313215886362
504.3,549,393,378,673995,1689660,2025-04-07,2025-04-25,505.28,-15,1015665,438479392,268316798,0.385345361909278,93.9890570729491,0.601106139696744
500.93,547,387,365,756972,1681555,2025-04-07,2025-05-30,505.28,-22,924583,754833589,384724462,0.222771618076471,97.4301350280797,0.549838096285878
452.95,464,1385,1514,394725,1672970,2025-04-07,2025-05-16,505.28,129,1278245,4021897859,2337321162,0.0415965312559172,98.9655972265207,0.764057335158431
504.93,532,696,615,750984,1664805,2025-04-07,2025-04-25,505.28,-81,913821,438479392,268316798,0.379676908510218,94.3687339814593,0.548905727697839
498.25,521,724,728,302632,1656200,2025-04-07,2025-04-11,505.28,4,1353568,1332187463,1033620686,0.124321842533358,97.0504414662848,0.817273276174375
512.06,587,261,221,1103769,1656174,2025-04-07,2025-05-16,505.28,-40,552405,4021897859,2337321162,0.0411789174678789,99.0067761439886,0.333542852381453
505.75,579,238,226,844900,1655450,2025-04-07,2025-05-16,505.28,-12,810550,4021897859,2337321162,0.0411609160161917,99.0479370600048,0.489625177444199
393.3,405,1426,1413,876990,1653210,2025-04-07,2025-12-19,505.28,-13,776220,1385328150,446323561,0.119337068260686,98.4202880017994,0.469522928121654
512.4,650,20,120,217120,1651200,2025-04-07,2025-06-20,505.28,100,1434080,3776542538,1873897874,0.0437225314791357,99.4694081213603,0.868507751937985
524.3,587,376,262,1598376,1642740,2025-04-07,2025-05-30,505.28,-114,44364.0000000005,754833589,384724462,0.217629425073187,97.6477644531529,0.0270060995653606
504.7,578,262,224,933244,1641920,2025-04-07,2025-05-16,505.28,-38,708676,4021897859,2337321162,0.0408245076718145,99.0887615676766,0.431614207756773
512.56,562.5,327,327,867204,1633038,2025-04-07,2025-04-25,505.28,0,765834,438479392,268316798,0.372432098245566,94.7411660797049,0.468962755306368
298.24,300,8974,9209,583310,1620784,2025-04-07,2025-06-20,505.28,235,1037474,3776542538,1873897874,0.0429171387238853,99.5123252600842,0.640106269558436
271.54,275,4688,4679,778208,1618934,2025-04-07,2025-12-19,505.28,-9,840726,1385328150,446323561,0.11686285303594,98.5371508548354,0.519308384406035
506.93,558,347,315,726618,1608705,2025-04-07,2025-04-25,505.28,-32,882087,438479392,268316798,0.366882692630627,95.1080487723355,0.548321165160797
503.96,543,413,412,1112622,1608448,2025-04-07,2025-08-15,505.28,-1,495826,795796258,347369745,0.202118065249812,91.2738375806738,0.308263618096451
498.01,552,294,294,819672,1587306,2025-04-07,2025-08-15,505.28,0,767634,795796258,347369745,0.199461355094736,91.4732989357686,0.48360807556955
509.4,571,245,257,906745,1583120,2025-04-07,2025-08-15,505.28,12,676375,795796258,347369745,0.198935341060626,91.6722342768292,0.427241775733994
507.07,547,439,394,823564,1573242,2025-04-07,2025-05-02,505.28,-45,749678,334856295,202735238,0.469826018949412,92.4950265605728,0.47651791650617
357.86,365,2208,2199,947232,1570086,2025-04-07,2025-12-19,505.28,-9,622854,1385328150,446323561,0.113336757070879,98.6504876119063,0.396700562899102
389.11,395,2675,2665,687475,1569685,2025-04-07,2025-07-18,505.28,-10,882210,906386767,426487786,0.173180485103,98.1884583273048,0.562029961425381
391.7,400,1915,1884,639610,1563720,2025-04-07,2025-08-15,505.28,-31,924110,795796258,347369745,0.19649753115577,91.868731807985,0.59096897142711
501.2,528,440,572,258720,1532960,2025-04-07,2025-04-11,505.28,132,1274240,1332187463,1033620686,0.115070892241237,97.1655123585261,0.831228473019518
317.82,320,7063,7020,579166,1530360,2025-04-07,2025-06-20,505.28,-43,951194,3776542538,1873897874,0.0405227793570798,99.5528480394413,0.621549177971196
411.27,420,1720,1750,610600,1527750,2025-04-07,2025-07-18,505.28,30,917150,906386767,426487786,0.168553872984776,98.3570122002896,0.600327278677794
466.98,487,748,761,756976,1523522,2025-04-07,2025-08-15,505.28,13,766546,795796258,347369745,0.191446238240542,92.0601780462255,0.503140748870052
463.85,469,534,2951,29904,1519765,2025-04-07,2025-04-11,505.28,2417,1489861,1332187463,1033620686,0.114080416023252,97.2795927745493,0.98032327366402
480.85,491,1357,1489,139771,1511335,2025-04-07,2025-04-11,505.28,132,1371564,1332187463,1033620686,0.113447622198498,97.3930403967478,0.907518187562652
502.64,541,394,393,730870,1507548,2025-04-07,2025-05-30,505.28,-1,776678,754833589,384724462,0.199719252292044,97.8474837054449,0.515192882747349
482.11,514,476,471,838236,1502019,2025-04-07,2025-08-15,505.28,-5,663783,795796258,347369745,0.188744164715587,92.2489222109411,0.441927166034518
484.19,503,526,793,380298,1491633,2025-04-07,2025-05-16,505.28,267,1111335,4021897859,2337321162,0.0370877892053399,99.1258493568819,0.745045865839654
476.05,506,489,494,665529,1479530,2025-04-07,2025-08-15,505.28,5,814001,795796258,347369745,0.18591819013052,92.4348404010716,0.550175393537137
469.87,496,565,563,466125,1471119,2025-04-07,2025-08-15,505.28,-2,1004994,795796258,347369745,0.18486126131043,92.6197016623821,0.683149357733807
494.45,536,355,354,779935,1470870,2025-04-07,2025-08-15,505.28,-1,690935,795796258,347369745,0.18482997189464,92.8045316342767,0.469745796705351
423.11,430,2101,2132,441210,1468948,2025-04-07,2025-05-30,505.28,31,1027738,754833589,384724462,0.194605542387966,98.0420892478329,0.699642192916291
432.9,445,1197,1214,531468,1468940,2025-04-07,2025-07-18,505.28,17,937472,906386767,426487786,0.162065472873348,98.5190776731629,0.638196250357401
511.32,568,264,259,840312,1468012,2025-04-07,2025-04-25,505.28,-5,627700,438479392,268316798,0.334796121957768,95.4428448942932,0.427585060612584
500.26,526,406,569,218834,1464606,2025-04-07,2025-04-11,505.28,163,1245772,1332187463,1033620686,0.10993993268048,97.5029803294283,0.850585072026197
503.15,543,376,365,620024,1454525,2025-04-07,2025-05-02,505.28,-11,834501,334856295,202735238,0.434372900171998,92.9293994607448,0.573727505543047
469.15,480,1010,1335,226240,1448475,2025-04-07,2025-04-25,505.28,325,1222235,438479392,268316798,0.330340496367045,95.7731853906603,0.843808143046998
308.18,310,7939,7931,539852,1443442,2025-04-07,2025-06-20,505.28,-8,903590,3776542538,1873897874,0.0382212562277777,99.5910692956691,0.625996749436417
451.47,466,991,991,737304,1439923,2025-04-07,2025-08-15,505.28,0,702619,795796258,347369745,0.180941162455177,92.9854727967319,0.487955953200275
491.71,508,883,883,1438407,1438407,2025-04-07,2025-08-15,505.28,0,0,795796258,347369745,0.180750661433746,93.1662234581656,0
273.75,275,11470,11500,562030,1437500,2025-04-07,2025-06-20,505.28,30,875470,3776542538,1873897874,0.0380639165463042,99.6291332122154,0.609022608695652
486.49,499,872,1149,118592,1437399,2025-04-07,2025-04-11,505.28,277,1318807,1332187463,1033620686,0.107897652539311,97.6108779819676,0.917495420547809
509.04,577,212,211,774860,1433956,2025-04-07,2025-05-16,505.28,-1,659096,4021897859,2337321162,0.0356537149940585,99.161503071876,0.459634744720201
462.5,475,1117,1142,351855,1427500,2025-04-07,2025-05-09,505.28,25,1075645,75554991,51277449,1.88935235264604,73.4873848373564,0.753516637478109
509.34,568,241,242,674800,1419572,2025-04-07,2025-05-09,505.28,1,744772,75554991,51277449,1.8788593330651,75.3662441704215,0.52464545651788
511.58,569,248,247,794840,1418274,2025-04-07,2025-04-25,505.28,-1,623434,438479392,268316798,0.323452829454753,96.096638220115,0.439572325234757
507.9,554,307,306,624745,1410660,2025-04-07,2025-05-02,505.28,-1,785915,334856295,202735238,0.421273250962775,93.3506727117076,0.55712574256022
496.67,516,525,726,167475,1403358,2025-04-07,2025-04-11,505.28,201,1235883,1332187463,1033620686,0.10534238153238,97.7162203635,0.880661242533979
502.41,548,334,307,647292,1399613,2025-04-07,2025-05-02,505.28,-27,752321,334856295,202735238,0.417974223838319,93.7686469355459,0.537520728944358
456,460,2705,3497,132545,1398800,2025-04-07,2025-04-11,505.28,792,1266255,1332187463,1033620686,0.105000237492852,97.8212206009928,0.905243780383186
149.45,150,25372,25393,837276,1396615,2025-04-07,2025-12-19,505.28,21,559339,1385328150,446323561,0.100814741980086,98.7513023538863,0.400496199740086
502,539,426,375,562320,1387500,2025-04-07,2025-04-25,505.28,-51,825180,438479392,268316798,0.316434483652997,96.413072703768,0.594724324324324
505.15,550,310,309,663710,1385865,2025-04-07,2025-05-09,505.28,-1,722155,75554991,51277449,1.83424679383523,77.2004909642568,0.521086108675809
500.89,543,336,329,694512,1385419,2025-04-07,2025-05-30,505.28,-7,690907,754833589,384724462,0.183539659626885,98.2256289074598,0.498698949559664
268.37,270,8386,8386,838600,1366918,2025-04-07,2025-09-19,505.28,0,528318,2220318620,913921523,0.0615640470555528,99.0164450361633,0.386503067484663
509.91,571,228,221,693348,1350089,2025-04-07,2025-04-25,505.28,-7,656741,438479392,268316798,0.307902497730156,96.7209752014982,0.4864427456264
452.4,460,1748,1766,251712,1342160,2025-04-07,2025-04-25,505.28,18,1090448,438479392,268316798,0.306094202940329,97.0270694044385,0.812457531143828
474.35,493,578,712,309808,1327880,2025-04-07,2025-05-16,505.28,134,1018072,4021897859,2337321162,0.0330162536830352,99.194519325559,0.766689761122993
521.77,548,503,503,1319369,1319369,2025-04-07,2025-08-15,505.28,0,0,795796258,347369745,0.165792310121669,93.3320157682873,0
500.5,538,371,351,671139,1316250,2025-04-07,2025-05-30,505.28,-20,645111,754833589,384724462,0.174376182933746,98.4000050903935,0.490112820512821
462.93,486,540,566,609660,1305762,2025-04-07,2025-08-15,505.28,26,696102,795796258,347369745,0.164082450360052,93.4960982186473,0.533100212749337
450.37,461,1108,1199,293620,1274537,2025-04-07,2025-05-16,505.28,91,980917,4021897859,2337321162,0.031689939543042,99.2262092651021,0.769626146592841
333.5,335,8437,8491,362791,1273650,2025-04-07,2025-05-16,505.28,54,910859,4021897859,2337321162,0.0316678852783367,99.2578771503804,0.715156440152318
344.9,350,2493,2497,633222,1273470,2025-04-07,2025-09-19,505.28,4,640248,2220318620,913921523,0.0573552817387984,99.0738003179021,0.502758604442979
519.25,620,126,126,999684,1269450,2025-04-07,2025-09-19,505.28,0,269766,2220318620,913921523,0.0571742266432013,99.1309745445453,0.212506203473945
505.2,544,328,327,690768,1268760,2025-04-07,2025-05-30,505.28,-1,577992,754833589,384724462,0.168084729997356,98.5680898203909,0.455556606450393
305.47,310,2791,2787,630766,1262511,2025-04-07,2025-12-19,505.28,-4,631745,1385328150,446323561,0.0911344362705688,98.8424367901569,0.500387719394128
517.75,577,213,213,972771,1262025,2025-04-07,2025-08-15,505.28,0,289254,795796258,347369745,0.158586445627645,93.654684664275,0.229198312236287
506.28,537,428,409,552548,1256448,2025-04-07,2025-04-25,505.28,-19,703900,438479392,268316798,0.286546648012137,97.3136160524507,0.560230109005705
499,522,543,546,242721,1255800,2025-04-07,2025-04-11,505.28,3,1013079,1332187463,1033620686,0.0942660124703485,97.9154866134632,0.806720019111323
282.29,285,4612,4617,355124,1251207,2025-04-07,2025-09-19,505.28,5,896083,2220318620,913921523,0.0563525878101225,99.1873271323555,0.716174861553684
511.18,559,291,261,722844,1248102,2025-04-07,2025-04-25,505.28,-30,525258,438479392,268316798,0.284643251831548,97.5982593042822,0.420845411673084
376.17,380,3375,3248,506250,1243984,2025-04-07,2025-06-20,505.28,-127,737734,3776542538,1873897874,0.0329397587206523,99.662072970936,0.593041389599866
456.4,472,791,793,518105,1237080,2025-04-07,2025-08-15,505.28,2,718975,795796258,347369745,0.155451849335034,93.81013651361,0.581187150386394
496.94,519,395,560,153260,1235360,2025-04-07,2025-04-11,505.28,165,1082100,1332187463,1033620686,0.0927316938727264,98.0082183073359,0.875938997539179
510.01,549,316,314,605772,1224286,2025-04-07,2025-05-02,505.28,-2,618514,334856295,202735238,0.365615345532029,94.1342622810779,0.50520384942734
404.49,415,1115,1151,496175,1209701,2025-04-07,2025-09-19,505.28,36,713526,2220318620,913921523,0.0544832164673735,99.2418103488228,0.589836662117333
508,620,71,108,562604,1209600,2025-04-07,2025-08-15,505.28,37,646996,795796258,347369745,0.151998704170836,93.9621352177809,0.534884259259259
494,525,286,389,330902,1205900,2025-04-07,2025-05-09,505.28,103,874998,75554991,51277449,1.5960560434717,78.7965470077285,0.725597479061282
498.71,530,360,385,472320,1204665,2025-04-07,2025-05-09,505.28,25,732345,75554991,51277449,1.59442147243456,80.390968480163,0.607924194693131
500.2,531,388,390,374808,1201200,2025-04-07,2025-04-25,505.28,2,826392,438479392,268316798,0.273946740010076,97.8722060442923,0.687972027972028
198.64,200,8668,8774,667436,1193264,2025-04-07,2025-12-19,505.28,106,525828,1385328150,446323561,0.086135837202182,98.9285726273591,0.44066359162767
303.96,305,11715,11336,351450,1178944,2025-04-07,2025-05-16,505.28,-379,827494,4021897859,2337321162,0.0293131263232312,99.2871902767036,0.701894237554965
383.7,390,1909,1869,418071,1177470,2025-04-07,2025-07-18,505.28,-40,759399,906386767,426487786,0.129908119013834,98.6489857921767,0.644941272389105
336.59,340,3333,3448,266640,1175768,2025-04-07,2025-07-18,505.28,115,909128,906386767,426487786,0.129720340455941,98.7787061326327,0.773220567322805
471.71,497,463,462,444480,1168398,2025-04-07,2025-08-15,505.28,-1,723918,795796258,347369745,0.146821248310017,94.1089564660908,0.619581683638623
359.77,365,2226,2217,494172,1159491,2025-04-07,2025-08-15,505.28,-9,665319,795796258,347369745,0.145701991978957,94.2546584580698,0.573802642711328
384.8,395,1140,1136,661200,1158720,2025-04-07,2025-12-19,505.28,-4,497520,1385328150,446323561,0.0836422763805096,99.0122149037396,0.42937033968517
503.2,546,273,269,452634,1151320,2025-04-07,2025-04-25,505.28,-4,698686,438479392,268316798,0.262571062860806,98.1347771071531,0.606856477782024
512.04,572,265,189,899940,1133244,2025-04-07,2025-04-25,505.28,-76,233304,438479392,268316798,0.258448634229086,98.3932257413822,0.205872698200917
503.83,552,238,233,458864,1122361,2025-04-07,2025-05-02,505.28,-5,663497,334856295,202735238,0.335176915219706,94.4694391962976,0.591161845431194
500.31,558,194,194,669106,1119186,2025-04-07,2025-08-15,505.28,0,450080,795796258,347369745,0.140637253411161,94.395295711481,0.402149419310106
421.38,432,1051,1052,237526,1117224,2025-04-07,2025-08-15,505.28,1,879698,795796258,347369745,0.14039070789398,94.535686419375,0.787396260731957
484.5,496,656,965,75440,1109750,2025-04-07,2025-04-11,505.28,309,1034310,1332187463,1033620686,0.0833028406903721,98.0915211480263,0.932020725388601
478.8,507,391,391,540362,1102620,2025-04-07,2025-08-15,505.28,0,562258,795796258,347369745,0.138555564808901,94.6742419841839,0.509929078014184
509.86,625,110,95,926970,1093830,2025-04-07,2025-08-15,505.28,-15,166860,795796258,347369745,0.137451010733453,94.8116929949173,0.152546556594718
476.31,484,609,1422,48720,1093518,2025-04-07,2025-04-11,505.28,813,1044798,1332187463,1033620686,0.082084393553552,98.1736055415799,0.955446549576687
502.34,537,326,315,590712,1091790,2025-04-07,2025-05-30,505.28,-11,501078,754833589,384724462,0.144639827362002,98.7127296477529,0.458950897150551
426.61,435,1253,1295,521248,1086505,2025-04-07,2025-07-18,505.28,42,565257,906386767,426487786,0.11987211635891,98.8985782489916,0.520252552910479
522.02,583,179,178,689150,1085444,2025-04-07,2025-05-30,505.28,-1,396294,754833589,384724462,0.143799112257046,98.8565287600099,0.365098521895187
451.33,462,919,1003,237102,1070201,2025-04-07,2025-05-16,505.28,84,833099,4021897859,2337321162,0.0266093530347907,99.3137996297384,0.778450963884354
489.98,504,425,760,73100,1065520,2025-04-07,2025-04-11,505.28,335,992420,1332187463,1033620686,0.0799827373844607,98.2535882789643,0.931394999624596
292.86,295,5088,4972,457920,1064008,2025-04-07,2025-07-18,505.28,-116,606088,906386767,426487786,0.117390063352503,99.0159683123441,0.569627296035368
338.35,340,6510,6428,279930,1060620,2025-04-07,2025-05-16,505.28,-82,780690,4021897859,2337321162,0.0263711321665367,99.340170761905,0.736069468801267
504.52,570,1857,161,6033393,1054228,2025-04-07,2025-04-11,505.28,-1696,-4979165,1332187463,1033620686,0.0791351089302362,98.3327233878946,-4.72304378180052
501.17,544,247,246,663689,1053618,2025-04-07,2025-08-15,505.28,-1,389929,795796258,347369745,0.132397958573965,94.9440909534913,0.370085742650562
444.53,460,299,678,201825,1048866,2025-04-07,2025-08-15,505.28,379,847041,795796258,347369745,0.131800820807579,95.0758917742989,0.807577898416004
500.4,539,260,271,393640,1046060,2025-04-07,2025-05-02,505.28,11,652420,334856295,202735238,0.312390722712858,94.7818299190105,0.623692713611074
443.63,450,1150,1632,143750,1039584,2025-04-07,2025-04-25,505.28,482,895834,438479392,268316798,0.237088451354175,98.6303141927363,0.861723535568073
490.23,533,193,242,410704,1035034,2025-04-07,2025-08-15,505.28,49,624330,795796258,347369745,0.130062687477477,95.2059544617763,0.603197576118272
541.66,645,99,99,1023066,1023066,2025-04-07,2025-12-19,505.28,0,0,1385328150,446323561,0.0738500838231,99.0860649875627,0
481.42,504,442,452,311168,1020616,2025-04-07,2025-05-16,505.28,10,709448,4021897859,2337321162,0.0253764773691633,99.3655472392742,0.695117458476058
479.33,488,1133,1176,113300,1019592,2025-04-07,2025-04-11,505.28,43,906292,1332187463,1033620686,0.076535174539471,98.409258562434,0.888877119475241
490.21,521,330,331,573210,1019149,2025-04-07,2025-08-15,505.28,1,445939,795796258,347369745,0.128066573542496,95.3340210353188,0.437560160486838
363.26,370,1542,1506,462600,1015044,2025-04-07,2025-09-19,505.28,-36,552444,2220318620,913921523,0.045716141406768,99.2875264902296,0.544256209583033
355.09,360,1962,2067,392400,1014897,2025-04-07,2025-08-15,505.28,105,622497,795796258,347369745,0.127532265928297,95.4615533012471,0.613359779366773
403.22,410,1465,1491,433640,1010898,2025-04-07,2025-07-18,505.28,26,577258,906386767,426487786,0.111530533852112,99.1274988461962,0.571034862073127
505.7,557.5,197,194,478513,1004920,2025-04-07,2025-05-02,505.28,-3,526407,334856295,202735238,0.30010485542761,95.0819347744381,0.523829757592644
386.57,395,1125,1190,394875,1003170,2025-04-07,2025-09-19,505.28,65,608295,2220318620,913921523,0.0451813532960418,99.3327078435256,0.606372798229612
505.19,551,222,218,467976,998658,2025-04-07,2025-05-02,505.28,-4,530682,334856295,202735238,0.298234799498095,95.3801695739362,0.531395132267503
287.12,290,3411,3410,460485,982080,2025-04-07,2025-09-19,505.28,-1,521595,2220318620,913921523,0.0442314896228722,99.3769393331485,0.531112536656891
520.9,625,98,94,815948,978540,2025-04-07,2025-06-20,505.28,-4,162592,3776542538,1873897874,0.0259110016676317,99.6879839726037,0.166157745212255
460.36,465,1737,2086,93798,967904,2025-04-07,2025-04-11,505.28,349,874106,1332187463,1033620686,0.0726552401131552,98.4819138025472,0.903091628921877
499.64,546,209,207,453321,959652,2025-04-07,2025-05-30,505.28,-2,506331,754833589,384724462,0.127134247069125,98.983663007079,0.527619387027798
434.15,440,1513,1636,195177,957060,2025-04-07,2025-05-02,505.28,123,761883,334856295,202735238,0.285812157122505,95.6659817310587,0.796066077361921
510.85,569,164,164,522176,953660,2025-04-07,2025-05-09,505.28,0,431484,75554991,51277449,1.26220649010467,81.6531749702677,0.452450558899398
475.2,483,362,1211,30408,944580,2025-04-07,2025-04-11,505.28,849,914172,1332187463,1033620686,0.0709044354668274,98.552818238014,0.967807914628724
451.15,460,875,1065,157500,942525,2025-04-07,2025-05-02,505.28,190,785025,334856295,202735238,0.281471489135362,95.947453220194,0.832895679159704
416.53,425,1162,1111,429940,941017,2025-04-07,2025-07-18,505.28,-51,511077,906386767,426487786,0.103820690488964,99.2313195366852,0.543111335926981
487.85,501,521,715,81276,940225,2025-04-07,2025-04-11,505.28,194,858949,1332187463,1033620686,0.0705775295229602,98.623395767537,0.913556861389561
223.8,225,7815,7835,492345,940200,2025-04-07,2025-09-19,505.28,20,447855,2220318620,913921523,0.0423452738508314,99.4192846069993,0.476340140395661
439.99,455,589,626,348688,939626,2025-04-07,2025-08-15,505.28,37,590938,795796258,347369745,0.118073689157759,95.5796269904049,0.628907671775792
474.77,482,818,1297,57260,937731,2025-04-07,2025-04-11,505.28,479,880471,1332187463,1033620686,0.0703903186334069,98.6937860861704,0.938937712414328
345.89,350,2693,2272,412029,933792,2025-04-07,2025-07-18,505.28,-421,521763,906386767,426487786,0.103023569407429,99.3343431060926,0.558757196463452
456.53,467,866,891,253738,932877,2025-04-07,2025-05-16,505.28,25,679139,4021897859,2337321162,0.0231949450907227,99.3887421843649,0.728004870952977
315.35,320,1947,2002,500379,930930,2025-04-07,2025-12-19,505.28,55,430551,1385328150,446323561,0.0671992408441278,99.1532642284068,0.462495568947182
485.56,497,676,800,95992,915200,2025-04-07,2025-04-11,505.28,124,819208,1332187463,1033620686,0.0686990401440221,98.7624851263144,0.895113636363636
503.9,553,153,185,327267,908350,2025-04-07,2025-05-02,505.28,32,581083,334856295,202735238,0.271265618584235,96.2187188387783,0.639712665822645
501.41,536,267,262,348702,906258,2025-04-07,2025-05-02,505.28,-5,557556,334856295,202735238,0.270640872975077,96.4893597117534,0.615228775911496
340.54,345,2026,2028,449772,904488,2025-04-07,2025-09-19,505.28,2,454716,2220318620,913921523,0.0407368560463633,99.4600214630457,0.502733037917584
395.11,405,912,911,373920,900979,2025-04-07,2025-09-19,505.28,-1,527059,2220318620,913921523,0.0405788156656543,99.5006002787114,0.584984777669624
366.07,370,2367,2291,310077,900363,2025-04-07,2025-06-20,505.28,-76,590286,3776542538,1873897874,0.0238409336301775,99.7118249062338,0.655608904408555
509.19,630,75,74,669750,893994,2025-04-07,2025-08-15,505.28,-1,224244,795796258,347369745,0.112339558148563,95.6919665485534,0.250833898214082
427.84,441,675,676,218025,889616,2025-04-07,2025-08-15,505.28,1,671591,795796258,347369745,0.111789417336014,95.8037559658895,0.754922348518912
303.4,305,5552,5556,394192,888960,2025-04-07,2025-06-20,505.28,4,494768,3776542538,1873897874,0.0235389907846975,99.7353638970186,0.556569474442045
420.31,425,1979,1890,195921,886410,2025-04-07,2025-05-02,505.28,-89,690489,334856295,202735238,0.26471355421286,96.7540732659662,0.778972484516195
500.03,524,240,369,118560,884493,2025-04-07,2025-04-11,505.28,129,765933,1332187463,1033620686,0.0663940342155885,98.82887916053,0.865957107631152
478.91,513,229,258,363881,879522,2025-04-07,2025-08-15,505.28,29,515641,795796258,347369745,0.110521002223662,95.9142769681131,0.58627413526893
454.54,466,456,764,141816,875544,2025-04-07,2025-05-16,505.28,308,733728,4021897859,2337321162,0.021769424055381,99.4105116084202,0.838025273430005
505,575,177,124,664458,868000,2025-04-07,2025-04-11,505.28,-53,203542,1332187463,1033620686,0.0651559952414895,98.8940351557715,0.234495391705069
484.16,518,252,255,480060,862920,2025-04-07,2025-08-15,505.28,3,382860,795796258,347369745,0.108434789850444,96.0227117579636,0.443679599499374
413.76,420,1263,1369,214710,854256,2025-04-07,2025-05-30,505.28,106,639546,754833589,384724462,0.11317143439943,99.0968344414785,0.74865848176659
382.98,390,1298,1214,349162,852228,2025-04-07,2025-08-15,505.28,-84,503066,795796258,347369745,0.107091229876077,96.1298029878396,0.590295085352746
513.95,561,183,181,469578,851605,2025-04-07,2025-05-09,505.28,-2,382027,75554991,51277449,1.12713268670762,82.7803076569753,0.448596473717275
247.55,250,3441,3459,457653,847455,2025-04-07,2025-12-19,505.28,18,389802,1385328150,446323561,0.0611735926971527,99.214437821104,0.459967785900136
332.86,335,3940,3923,386120,839522,2025-04-07,2025-06-20,505.28,-17,453402,3776542538,1873897874,0.0222299098064601,99.757593806825,0.540071612179312
448.78,459,711,817,182727,834974,2025-04-07,2025-05-16,505.28,106,652247,4021897859,2337321162,0.0207606962999206,99.4312723047202,0.781158455233337
483.58,494,486,795,60264,828390,2025-04-07,2025-04-11,505.28,309,768126,1332187463,1033620686,0.0621826899747667,98.9562178457462,0.927251656828305
465.64,481,539,539,296989,827904,2025-04-07,2025-08-15,505.28,0,530915,795796258,347369745,0.104034668632483,96.2338376564721,0.641276041666667
368.28,375,1220,1232,395280,827904,2025-04-07,2025-09-19,505.28,12,432624,2220318620,913921523,0.0372876213594966,99.5378879000708,0.522553339517625
488.7,523,174,241,312156,826630,2025-04-07,2025-08-15,505.28,67,514474,795796258,347369745,0.103874577404711,96.3377122338768,0.622375185996153
223.04,225,4180,4183,426360,819868,2025-04-07,2025-12-19,505.28,3,393508,1385328150,446323561,0.0591822233598588,99.2736200444638,0.479965067547459
522.82,615,75,88,556725,811184,2025-04-07,2025-08-15,505.28,13,254459,795796258,347369745,0.101933628343349,96.4396458622202,0.313688386358705
438.82,445,1243,1293,171534,799074,2025-04-07,2025-05-02,505.28,50,627540,334856295,202735238,0.238631918208377,96.9927051841746,0.785334024132934
447.79,455,1063,1107,139253,798147,2025-04-07,2025-04-25,505.28,44,658894,438479392,268316798,0.182026114467884,98.8123403072042,0.825529633012465
409.99,415,1318,1579,160796,791079,2025-04-07,2025-05-16,505.28,261,630283,4021897859,2337321162,0.0196692961316699,99.4509416008518,0.796738378847119
464.87,475,561,777,116688,787101,2025-04-07,2025-04-25,505.28,216,670413,438479392,268316798,0.179506953886672,98.9918472610909,0.851749648393281
511.9,562,156,156,405132,781560,2025-04-07,2025-05-09,505.28,0,376428,75554991,51277449,1.03442537634608,83.8147330333214,0.481636726546906
395.08,400,1721,1582,230614,778344,2025-04-07,2025-05-30,505.28,-139,547730,754833589,384724462,0.103114648227452,99.1999490897059,0.703711983390378
511,534,381,337,507111,775100,2025-04-07,2025-05-02,505.28,-44,267989,334856295,202735238,0.231472429090813,97.2241776132654,0.345747645465101
478.91,512,228,234,371412,774306,2025-04-07,2025-08-15,505.28,6,402894,795796258,347369745,0.0972995276386434,96.5369453898588,0.52032917218774
463.58,476,585,622,212355,772524,2025-04-07,2025-05-16,505.28,37,560169,4021897859,2337321162,0.0192079467724742,99.4701495476243,0.725115336222564
449.01,464,515,515,363590,771985,2025-04-07,2025-08-15,505.28,0,408395,795796258,347369745,0.0970078700721913,96.633953259931,0.529019346230821
258.21,260,4139,4302,310425,770058,2025-04-07,2025-08-15,505.28,163,459633,795796258,347369745,0.0967657226656625,96.7307189825967,0.596881014157375
268.85,270,6731,6625,309626,761875,2025-04-07,2025-06-20,505.28,-106,452249,3776542538,1873897874,0.0201738757695412,99.7777676825945,0.5936
466.61,472,755,1406,48320,757834,2025-04-07,2025-04-11,505.28,651,709514,1332187463,1033620686,0.0568864383615656,99.0131042841078,0.936239334735575
400.7,405,1071,1760,113526,756800,2025-04-07,2025-05-16,505.28,689,643274,4021897859,2337321162,0.0188169870675972,99.4889665346919,0.849992071881607
463.87,478,455,534,182910,754542,2025-04-07,2025-05-16,505.28,79,571632,4021897859,2337321162,0.0187608444185504,99.5077273791104,0.757588046788648
428.12,430,3125,4013,87500,754444,2025-04-07,2025-04-11,505.28,888,666944,1332187463,1033620686,0.0566319696704727,99.0697362537783,0.884020550233019
482.78,493,377,733,39208,749126,2025-04-07,2025-04-11,505.28,356,709918,1332187463,1033620686,0.0562327766028526,99.1259690303811,0.947661675072017
367.75,370,3324,3320,229356,747000,2025-04-07,2025-05-16,505.28,-4,517644,4021897859,2337321162,0.0185733210088466,99.5263007001193,0.692963855421687
511.04,552.5,180,180,328320,746280,2025-04-07,2025-05-02,505.28,0,417960,334856295,202735238,0.222865752008634,97.4470433652741,0.560057887120116
505.02,546,184,182,337640,745836,2025-04-07,2025-05-02,505.28,-2,408196,334856295,202735238,0.222733157816251,97.6697765230903,0.54729994261473
501.07,529,195,267,122265,745731,2025-04-07,2025-04-11,505.28,72,623466,1332187463,1033620686,0.0559779325892065,99.1819469629703,0.836046778261867
366.79,370,2323,2305,183517,739905,2025-04-07,2025-05-30,505.28,-18,556388,754833589,384724462,0.0980222675278961,99.2979713572338,0.751972212648921
329.17,335,1261,1265,281203,737495,2025-04-07,2025-12-19,505.28,4,456292,1385328150,446323561,0.053236123152482,99.3268561676163,0.618705211560756
505.26,567,551,119,1608369,734706,2025-04-07,2025-04-11,505.28,-432,-873663,1332187463,1033620686,0.0551503463593247,99.2370973093297,-1.18913279597553
473.02,499,276,282,257232,732636,2025-04-07,2025-08-15,505.28,6,475404,795796258,347369745,0.0920632627553773,96.8227822453521,0.648895222184004
288.73,290,5744,5751,292944,730377,2025-04-07,2025-06-20,505.28,7,437433,3776542538,1873897874,0.0193398324698018,99.7971075150644,0.598913985517069
505.5,544,213,188,370620,723800,2025-04-07,2025-05-02,505.28,-25,353180,334856295,202735238,0.216152424430307,97.8859289475206,0.487952473058856
325.8,330,1705,1706,206305,716520,2025-04-07,2025-09-19,505.28,1,510215,2220318620,913921523,0.0322710440540286,99.5701589441249,0.712073633673868
465.22,479,422,519,162470,715182,2025-04-07,2025-05-16,505.28,97,552712,4021897859,2337321162,0.0177822019621807,99.5440829020815,0.772827056609367
469.66,486,302,435,131974,710790,2025-04-07,2025-05-16,505.28,133,578816,4021897859,2337321162,0.0176729997856467,99.5617559018671,0.814327719861
471.07,495,172,295,209668,705935,2025-04-07,2025-08-15,505.28,123,496267,795796258,347369745,0.0887080069682861,96.9114902523203,0.702992485143816
429.33,435,1179,1242,143838,704214,2025-04-07,2025-05-02,505.28,63,560376,334856295,202735238,0.210303348187019,98.0962322957076,0.795746747437569
291.19,295,1831,1831,364369,697611,2025-04-07,2025-12-19,505.28,0,333242,1385328150,446323561,0.0503570940935547,99.3772132617099,0.477690288713911
508.96,610,66,69,465828,697176,2025-04-07,2025-05-16,505.28,3,231348,4021897859,2337321162,0.0173345028750518,99.5790904047422,0.331835863540914
437.68,440,2341,2986,77253,692752,2025-04-07,2025-04-11,505.28,645,615499,1332187463,1033620686,0.0520010898796456,99.2890983992093,0.888483901886967
348.08,350,3727,3567,204985,684864,2025-04-07,2025-05-16,505.28,-160,479879,4021897859,2337321162,0.0170283787408337,99.596118783483,0.700692400242968
335.74,340,1607,1605,359968,683730,2025-04-07,2025-09-19,505.28,-2,323762,2220318620,913921523,0.0307942289832258,99.6009531731081,0.473523174352449
391.59,395,1992,2004,189240,683364,2025-04-07,2025-05-16,505.28,12,494124,4021897859,2337321162,0.0169910829155147,99.6131098663985,0.723075842449997
502.87,552,137,137,236873,673081,2025-04-07,2025-05-09,505.28,0,436208,75554991,51277449,0.8908491564773,84.7055821897987,0.648076531650723
479.41,503,282,282,364908,665238,2025-04-07,2025-08-15,505.28,0,300330,795796258,347369745,0.0835940095611759,96.9950842618815,0.451462484103434
504.89,548,161,154,326186,663894,2025-04-07,2025-05-09,505.28,-7,337708,75554991,51277449,0.878689800915998,85.5842719907147,0.508677590097214
471.54,482,626,626,654796,654796,2025-04-07,2025-08-15,505.28,0,0,795796258,347369745,0.0822818646629022,97.0773661265444,0
540.05,579,169,168,658255,654360,2025-04-07,2025-05-02,505.28,-1,-3895,334856295,202735238,0.195415170558463,98.2916474662661,-0.00595238095238095
431.41,445,447,480,224841,652320,2025-04-07,2025-08-15,505.28,33,427479,795796258,347369745,0.0819707297492721,97.1593368562937,0.655321008094187
218.8,220,5407,5416,302792,649920,2025-04-07,2025-09-19,505.28,9,347128,2220318620,913921523,0.0292714745598089,99.6302246476679,0.534108813392418
149.85,150,52937,43068,211748,646020,2025-04-07,2025-06-20,505.28,-9869,434272,3776542538,1873897874,0.0171061226902563,99.8142136377546,0.672226866041299
512.84,569,1533,115,4844280,645840,2025-04-07,2025-04-11,505.28,-1418,-4198440,1332187463,1033620686,0.0484796635561793,99.3375780627655,-6.50074321813452
358.81,365,1036,1040,272468,643760,2025-04-07,2025-09-19,505.28,4,371292,2220318620,913921523,0.0289940369008841,99.6592186845688,0.576755312538834
334.9,340,1354,1261,425156,643110,2025-04-07,2025-12-19,505.28,-93,217954,1385328150,446323561,0.0464229359664712,99.4236361976763,0.3389062524296
509.66,640,49,49,483385,638666,2025-04-07,2025-07-18,505.28,0,155281,906386767,426487786,0.0704628557314319,99.404805961824,0.243133343562989
509.9,620,59,58,460377,638580,2025-04-07,2025-07-18,505.28,-1,178203,906386767,426487786,0.0704533675081777,99.4752593293322,0.279061354881142
440.5,452,555,554,188700,637100,2025-04-07,2025-08-15,505.28,-1,448400,795796258,347369745,0.0800581799166992,97.2393950362104,0.703814157902998
500.25,541,151,156,407851,635700,2025-04-07,2025-08-15,505.28,5,227849,795796258,347369745,0.0798822554905756,97.319277291701,0.358422211735095
386.76,390,1740,1958,146160,634392,2025-04-07,2025-05-16,505.28,218,488232,4021897859,2337321162,0.015773448810501,99.628883315209,0.769606174100556
540.74,635,67,67,631542,631542,2025-04-07,2025-08-15,505.28,0,0,795796258,347369745,0.0793597599449883,97.3986370516459,0
425.5,430,400,1346,31600,605700,2025-04-07,2025-04-25,505.28,946,574100,438479392,268316798,0.138136480539546,99.1299837416305,0.947828958230147
510,595,146,71,834682,603500,2025-04-07,2025-05-30,505.28,-75,-231182,754833589,384724462,0.0799513970754155,99.3779227543092,-0.383068765534383
328.66,330,4275,4502,145350,603268,2025-04-07,2025-05-16,505.28,227,457918,4021897859,2337321162,0.0149995852990159,99.643882900508,0.759062307299575
514.56,580,83,92,323783,602048,2025-04-07,2025-05-09,505.28,9,278265,75554991,51277449,0.796834189286053,86.3811061800007,0.462197366322951
434.83,440,115,1152,11615,595584,2025-04-07,2025-04-25,505.28,1037,583969,438479392,268316798,0.135829416585216,99.2658131582156,0.980498132924995
446.95,458,535,534,317255,590070,2025-04-07,2025-08-15,505.28,-1,272815,795796258,347369745,0.0741483758019883,97.4727854274479,0.462343450777027
467.47,491,220,250,237600,588250,2025-04-07,2025-08-15,505.28,30,350650,795796258,347369745,0.0739196740480275,97.546705101496,0.596090097747556
489.01,503,259,420,34706,587580,2025-04-07,2025-04-11,505.28,161,552874,1332187463,1033620686,0.0441064051658922,99.3816844679314,0.940934000476531
514.79,591,171,77,816696,586817,2025-04-07,2025-05-30,505.28,-94,-229879,754833589,384724462,0.0777412410565105,99.4556639953657,-0.391738821472452
218.27,220,1465,3389,136245,586297,2025-04-07,2025-12-19,505.28,1924,450052,1385328150,446323561,0.0423218859733703,99.4659580836497,0.767617777338107
478.59,487,284,696,20164,585336,2025-04-07,2025-04-11,505.28,412,565172,1332187463,1033620686,0.0439379604040006,99.4256224283354,0.965551409788566
378.1,385,849,847,219042,584430,2025-04-07,2025-08-15,505.28,-2,365388,795796258,347369745,0.0734396516853187,97.6201447531813,0.625204044966891
361.4,365,1699,1621,210676,583560,2025-04-07,2025-06-20,505.28,-78,372884,3776542538,1873897874,0.0154522289667905,99.8296658667214,0.63898142436082
458.47,471,405,461,139320,577633,2025-04-07,2025-05-16,505.28,56,438313,4021897859,2337321162,0.0143621996443147,99.6582451001524,0.758808793818913
424,434,573,575,270456,575000,2025-04-07,2025-08-15,505.28,2,304544,795796258,347369745,0.0722546750150715,97.6923994281964,0.529641739130435
520.79,566,128,127,355200,574167,2025-04-07,2025-05-09,505.28,-1,218967,75554991,51277449,0.75993259002572,87.1410387700265,0.381364655230969
432.91,435,2132,2745,66092,573705,2025-04-07,2025-04-11,505.28,613,507613,1332187463,1033620686,0.0430648850806668,99.468687313416,0.884797936221577
149.69,150,18577,18506,390117,573686,2025-04-07,2025-09-19,505.28,-71,183569,2220318620,913921523,0.0258380033762902,99.6850566879451,0.319981662442521
390.54,395,1294,1281,214804,571326,2025-04-07,2025-06-20,505.28,-13,356522,3776542538,1873897874,0.0151282818676409,99.844794148589,0.624025512579508
248.07,250,2584,2948,211888,568964,2025-04-07,2025-09-19,505.28,364,357076,2220318620,913921523,0.0256253311968352,99.7106820191419,0.627589794784907
458.41,468,594,593,191862,568687,2025-04-07,2025-05-16,505.28,-1,376825,4021897859,2337321162,0.0141397673421124,99.6723848674945,0.662622848772699
224.34,225,8539,8600,187858,567600,2025-04-07,2025-06-20,505.28,61,379742,3776542538,1873897874,0.0150296201959529,99.859823768785,0.669031007751938
173.99,175,8379,5619,418950,567519,2025-04-07,2025-12-19,505.28,-2760,148569,1385328150,446323561,0.0409663948574206,99.5069244785071,0.261786830044457
401.11,410,629,630,211344,560070,2025-04-07,2025-08-15,505.28,1,348726,795796258,347369745,0.0703785666707671,97.7627779948671,0.622647169103862
410.02,420,544,559,201280,557882,2025-04-07,2025-08-15,505.28,15,356602,795796258,347369745,0.0701036219247968,97.8328816167919,0.639206857364102
540.74,640,56,56,555856,555856,2025-04-07,2025-08-15,505.28,0,0,795796258,347369745,0.0698490341481349,97.9027306509401,0
509.84,625,55,48,459745,552768,2025-04-07,2025-07-18,505.28,-7,93023,906386767,426487786,0.0609858859512674,99.5362452152835,0.168285790783837
499.56,531,179,174,196721,547056,2025-04-07,2025-05-02,505.28,-5,350335,334856295,202735238,0.163370379523551,98.4550178457896,0.640400617121465
465.31,477,348,462,133284,540078,2025-04-07,2025-05-16,505.28,114,406794,4021897859,2337321162,0.0134284364977455,99.6858133039922,0.753213424727539
508.23,575,82,80,295036,534160,2025-04-07,2025-05-09,505.28,-2,239124,75554991,51277449,0.706981753197482,87.8480205232239,0.447663621386851
466.18,489,226,233,220124,531706,2025-04-07,2025-08-15,505.28,7,311582,795796258,347369745,0.0668143377975019,97.9695449887376,0.586004295606971
445.22,459,385,384,150150,529152,2025-04-07,2025-08-15,505.28,-1,379002,795796258,347369745,0.0664934013801307,98.0360383901177,0.716244103773585
506.75,558,107,103,272850,527875,2025-04-07,2025-05-09,505.28,-4,255025,75554991,51277449,0.698663308688635,88.5466838319126,0.483116268055884
473.97,481,126,750,7308,527250,2025-04-07,2025-04-11,505.28,624,519942,1332187463,1033620686,0.0395777632385661,99.5082650766546,0.986139402560455
523.82,583,93,89,424545,526702,2025-04-07,2025-05-02,505.28,-4,102157,334856295,202735238,0.157291951163707,98.6123097969534,0.193955975105468
447.14,455,543,669,93939,525834,2025-04-07,2025-05-02,505.28,126,431895,334856295,202735238,0.157032735490309,98.7693425324437,0.821352365955796
354.15,360,823,898,212334,525330,2025-04-07,2025-09-19,505.28,75,312996,2220318620,913921523,0.0236601177537303,99.7343421368956,0.595808349037748
508.62,528,271,271,525198,525198,2025-04-07,2025-08-15,505.28,0,0,795796258,347369745,0.0659965405366357,98.1020349306543,0
388.4,395,747,790,200196,521400,2025-04-07,2025-08-15,505.28,43,321204,795796258,347369745,0.0655192827006231,98.167554213355,0.616041426927503
540.11,650,47,47,516483,516483,2025-04-07,2025-12-19,505.28,0,0,1385328150,446323561,0.0372823579741738,99.5442068364813,0
508.83,579,128,73,517632,512241,2025-04-07,2025-04-25,505.28,-55,-5391,438479392,268316798,0.116822137903348,99.382635296119,-0.0105243430338454
447.99,465,275,298,224950,506898,2025-04-07,2025-08-15,505.28,23,281948,795796258,347369745,0.0636969569665908,98.2312511703216,0.556222356371499
449.72,458,509,598,124196,495144,2025-04-07,2025-05-16,505.28,89,370948,4021897859,2337321162,0.0123112027544904,99.6981245067467,0.749171958056646
273.35,275,2995,2996,134775,494340,2025-04-07,2025-08-15,505.28,1,359565,795796258,347369745,0.0621189148642616,98.2933700851858,0.72736375773759
407.26,415,601,636,189315,492264,2025-04-07,2025-07-18,505.28,35,302949,906386767,426487786,0.0543105899073657,99.5905558051908,0.61541977475501
505.51,580,73,66,311783,491634,2025-04-07,2025-04-25,505.28,-7,179851,438479392,268316798,0.112122487161267,99.4947577832803,0.365822949592583
203.58,205,3481,3445,198417,489190,2025-04-07,2025-12-19,505.28,-36,290773,1385328150,446323561,0.035312211045448,99.5795190475268,0.594396860115702
465.76,471,242,928,10890,486272,2025-04-07,2025-04-11,505.28,686,475382,1332187463,1033620686,0.0365017697212783,99.5447668463759,0.977605126349039
296.7,300,1405,1467,219180,484110,2025-04-07,2025-09-19,505.28,62,264930,2220318620,913921523,0.0218036274451457,99.7561457643408,0.547251657681105
458.22,470,260,404,73320,475912,2025-04-07,2025-05-09,505.28,144,402592,75554991,51277449,0.629888235973716,89.1765720678863,0.845937904486544
499.54,537,160,127,230400,475742,2025-04-07,2025-05-02,505.28,-33,245342,334856295,202735238,0.142073482596467,98.9114160150401,0.51570388992353
415.8,420,1045,1124,96140,472080,2025-04-07,2025-05-02,505.28,79,375940,334856295,202735238,0.140979879144873,99.052395894185,0.796348076597187
322.73,325,2119,2075,156806,471025,2025-04-07,2025-06-20,505.28,-44,314219,3776542538,1873897874,0.0124723869851986,99.8722961557702,0.667096226314952
416.33,420,744,1281,50592,470127,2025-04-07,2025-04-25,505.28,537,419535,438479392,268316798,0.107217581618978,99.6019753648993,0.892386525343152
249.19,250,5440,5795,184960,469395,2025-04-07,2025-06-20,505.28,355,284435,3776542538,1873897874,0.0124292258137409,99.8847253815839,0.605960864517091
306.91,310,1514,1514,224072,467826,2025-04-07,2025-09-19,505.28,0,243754,2220318620,913921523,0.0210702191922347,99.777215983533,0.521035598705502
480.07,489,465,522,33945,466146,2025-04-07,2025-04-11,505.28,57,432201,1332187463,1033620686,0.0349910213799993,99.5797578677559,0.927179467377174
308.92,310,4284,4289,124236,463212,2025-04-07,2025-05-16,505.28,5,338976,4021897859,2337321162,0.0115172492251002,99.7096417559718,0.731794513095516
482.16,492,330,468,36630,460512,2025-04-07,2025-04-11,505.28,138,423882,1332187463,1033620686,0.0345681079270148,99.6143259756829,0.920458098811757
397.37,400,1714,1741,94270,457883,2025-04-07,2025-04-25,505.28,27,363613,438479392,268316798,0.104425204092602,99.7064005689919,0.79411771129306
292.04,295,1549,1532,221507,453472,2025-04-07,2025-09-19,505.28,-17,231965,2220318620,913921523,0.0204237354006426,99.7976397189337,0.511531031684426
422.55,429,607,700,91050,451500,2025-04-07,2025-05-16,505.28,93,360450,4021897859,2337321162,0.0112260434210097,99.7208677993928,0.798338870431894
471.99,479,133,643,7315,450743,2025-04-07,2025-04-11,505.28,510,443428,1332187463,1033620686,0.0338348027225054,99.6481607784054,0.983771239930515
237.83,240,1861,2061,230764,447237,2025-04-07,2025-12-19,505.28,200,216473,1385328150,446323561,0.0322838310908502,99.6118028786176,0.484023012407292
283.56,285,4067,3054,199283,439776,2025-04-07,2025-06-20,505.28,-1013,240493,3776542538,1873897874,0.0116449370177861,99.8963703186017,0.546853398093575
323.75,325,3501,3499,133038,437375,2025-04-07,2025-05-16,505.28,-2,304337,4021897859,2337321162,0.0108748410659228,99.7317426404587,0.695826236067448
487.13,524,119,118,216818,435066,2025-04-07,2025-08-15,505.28,-1,218248,795796258,347369745,0.054670525982795,98.3480406111686,0.5016434288131
276.7,280,1316,1314,215824,433620,2025-04-07,2025-12-19,505.28,-2,217796,1385328150,446323561,0.0313008870858504,99.6431037657035,0.502273880356072
470.58,477,55,672,3410,431424,2025-04-07,2025-04-11,505.28,617,428014,1332187463,1033620686,0.0323846314413184,99.6805454098467,0.992095942738466
418.95,425,727,713,131587,431365,2025-04-07,2025-05-30,505.28,-14,299778,754833589,384724462,0.057147032973383,99.5128110283391,0.694952070752147
508.07,553,94,96,215918,431328,2025-04-07,2025-05-09,505.28,2,215410,75554991,51277449,0.570879559763299,89.7474516276496,0.499411121003042
464.21,484,185,215,187035,425485,2025-04-07,2025-08-15,505.28,30,238450,795796258,347369745,0.0534665746065873,98.4015071857752,0.560419286226306
510.46,605,64,45,431424,425430,2025-04-07,2025-05-16,505.28,-19,-5994,4021897859,2337321162,0.010577841976966,99.7423204824357,-0.0140892743812143
463.34,483,187,216,178211,424656,2025-04-07,2025-08-15,505.28,29,246445,795796258,347369745,0.0533624022142613,98.4548695879895,0.580340322519875
453.25,465,339,355,126108,417125,2025-04-07,2025-05-30,505.28,16,291017,754833589,384724462,0.0552605244491843,99.5680715527883,0.697673359304765
469.94,493,181,179,213037,412774,2025-04-07,2025-08-15,505.28,-2,199737,795796258,347369745,0.0518693064776889,98.5067388944671,0.483889489163562
505.37,630,2041,33,18507788,411279,2025-04-07,2025-12-19,505.28,-2008,-18096509,1385328150,446323561,0.0296882005898747,99.6727919662933,-44.0005665254
300.6,305,936,934,206856,410960,2025-04-07,2025-12-19,505.28,-2,204104,1385328150,446323561,0.0296651735547278,99.7024571398481,0.496651742262021
522,630,39,38,345462,410400,2025-04-07,2025-07-18,505.28,-1,64938,906386767,426487786,0.0452786839947322,99.6358344891856,0.158230994152047
213.55,215,2886,2828,253968,410060,2025-04-07,2025-12-19,505.28,-58,156092,1385328150,446323561,0.0296002069978871,99.732057346846,0.38065648929425
341.15,345,1059,1065,108018,410025,2025-04-07,2025-08-15,505.28,6,302007,795796258,347369745,0.0515238663009647,98.5582627607681,0.736557526980062
490.88,504,309,309,405408,405408,2025-04-07,2025-08-15,505.28,0,0,795796258,347369745,0.0509436926756698,98.6092064534438,0
330.45,335,895,890,184370,404950,2025-04-07,2025-09-19,505.28,-5,220580,2220318620,913921523,0.0182383733736377,99.8158780923073,0.544709223360909
463.27,474,228,376,80256,403448,2025-04-07,2025-05-16,505.28,148,323192,4021897859,2337321162,0.0100312840888583,99.7523517665246,0.801074735777597
551.07,567.5,245,245,402535,402535,2025-04-07,2025-05-09,505.28,0,0,75554991,51277449,0.532770892660155,90.2802225203098,0
312.98,315,1993,1991,143496,402182,2025-04-07,2025-06-20,505.28,-2,258686,3776542538,1873897874,0.010649476232644,99.9070197948344,0.643206309581234
471.58,478,12,626,624,401892,2025-04-07,2025-04-11,505.28,614,401268,1332187463,1033620686,0.0301678263128948,99.7107132361596,0.998447344062584
440.34,448,421,524,86726,401384,2025-04-07,2025-05-16,505.28,103,314658,4021897859,2337321162,0.00997996503321941,99.7623317315578,0.783932593227433
399.04,400,4020,4150,60300,398400,2025-04-07,2025-04-11,505.28,130,338100,1332187463,1033620686,0.0299057010417159,99.7406189372013,0.848644578313253
506.5,585,52,50,209456,392500,2025-04-07,2025-05-09,505.28,-2,183044,75554991,51277449,0.519489175771327,90.7997116960811,0.466354140127389
446.14,455,20,442,3960,391612,2025-04-07,2025-05-09,505.28,422,387652,75554991,51277449,0.518313872871747,91.3180255689528,0.989887950318172
386.98,390,1312,1293,141696,390486,2025-04-07,2025-05-30,505.28,-19,248790,754833589,384724462,0.0517314022177145,99.619802955006,0.637129116024646
416.66,427,338,377,160550,389818,2025-04-07,2025-08-15,505.28,39,229268,795796258,347369745,0.0489846485304785,98.6581911019743,0.588141132528513
427.15,431,1010,1010,388850,388850,2025-04-07,2025-08-15,505.28,0,0,795796258,347369745,0.0488630093558444,98.7070541113301,0
424.71,430,685,735,71925,388815,2025-04-07,2025-05-02,505.28,50,316890,334856295,202735238,0.116113988539472,99.1685098827245,0.815014852822036
278.02,280,2995,1952,245590,386496,2025-04-07,2025-08-15,505.28,-1043,140906,795796258,347369745,0.048567204999348,98.7556213163294,0.364572983937738
416.91,428,344,345,163056,382605,2025-04-07,2025-08-15,505.28,1,219549,795796258,347369745,0.0480782607550286,98.8036995770845,0.573826792645156
461.05,473,315,318,99540,380010,2025-04-07,2025-05-16,505.28,3,280470,4021897859,2337321162,0.00944852438630764,99.7717802559441,0.738059524749349
514.13,562.5,82,78,185484,377286,2025-04-07,2025-05-09,505.28,-4,191802,75554991,51277449,0.499352848840919,91.8173784177937,0.508372958445317
310.83,315,900,898,157500,374466,2025-04-07,2025-12-19,505.28,-2,216966,1385328150,446323561,0.0270308518599005,99.7590881987058,0.579401067119578
504.03,556,71,72,135326,374184,2025-04-07,2025-05-09,505.28,1,238858,75554991,51277449,0.495247229928199,92.3126256477219,0.638343702563445
441.62,450,400,441,73200,369558,2025-04-07,2025-05-09,505.28,41,296358,75554991,51277449,0.489124537120255,92.8017501848422,0.801925543487085
515.3,557.5,81,86,176580,362920,2025-04-07,2025-05-09,505.28,5,186340,75554991,51277449,0.480338883238038,93.2820890680802,0.513446489584482
419.2,430,249,336,97110,362880,2025-04-07,2025-08-15,505.28,87,265770,795796258,347369745,0.0455996112512507,98.8492991883357,0.732390873015873
505.76,551,59,80,111274,361920,2025-04-07,2025-05-09,505.28,21,250646,75554991,51277449,0.47901534393671,93.7611044120169,0.692545313881521
239.22,240,4811,4589,149141,357942,2025-04-07,2025-06-20,505.28,-222,208801,3776542538,1873897874,0.00947803437663807,99.916497829211,0.583337523956395
316.33,320,973,974,167356,357458,2025-04-07,2025-09-19,505.28,1,190102,2220318620,913921523,0.0160994010850569,99.8319774933924,0.531816325274578
362.65,365,1577,1498,96197,352030,2025-04-07,2025-05-16,505.28,-79,255833,4021897859,2337321162,0.00875283292469114,99.7805330888688,0.726736357696787
228.61,230,2532,2522,187368,350558,2025-04-07,2025-09-19,505.28,-10,163190,2220318620,913921523,0.0157886348761963,99.8477661282686,0.465514978976375
313.96,315,3443,3369,113619,350376,2025-04-07,2025-05-16,505.28,-74,236757,4021897859,2337321162,0.00871170806130609,99.7892447969301,0.675722652236455
234.37,235,5547,5559,144222,350217,2025-04-07,2025-06-20,505.28,12,205995,3776542538,1873897874,0.00927348219902402,99.92577131141,0.588192463529754
448.02,456,107,438,26322,349524,2025-04-07,2025-05-16,505.28,331,323202,4021897859,2337321162,0.00869052403252491,99.7979353209626,0.924691866652934
427.17,435,280,441,57960,345303,2025-04-07,2025-05-30,505.28,161,287343,754833589,384724462,0.0457455795597883,99.6655485345658,0.832147418354315
483.71,509,117,136,181233,343944,2025-04-07,2025-08-15,505.28,19,162711,795796258,347369745,0.0432201077276239,98.8925192960633,0.473074105086875
443.82,453,404,373,84032,342414,2025-04-07,2025-05-16,505.28,-31,258382,4021897859,2337321162,0.008513741820513,99.8064490627831,0.754589473561245
505.78,550,77,76,178948,336072,2025-04-07,2025-05-23,505.28,-1,157124,4148026,3841751,8.10197428849289,8.10197428849289,0.467530767216549
510.37,592,51,41,127602,334683,2025-04-07,2025-05-16,505.28,-10,207081,4021897859,2337321162,0.00832151913681903,99.81477058192,0.618737730927475
199.61,200,8409,8509,117726,331851,2025-04-07,2025-06-20,505.28,100,214125,3776542538,1873897874,0.00878716436160529,99.9345584757716,0.645244401855049
511.52,574,176,53,567248,331144,2025-04-07,2025-04-11,505.28,-123,-236104,1332187463,1033620686,0.0248571623136496,99.765476099515,-0.712994950837098
521,582,84,54,349356,329400,2025-04-07,2025-05-02,505.28,-30,-19956.0000000001,334856295,202735238,0.0983705562411482,99.2668804389656,-0.0605828779599273
477.93,500,0,149,0,328843,2025-04-07,2025-05-23,505.28,149,328843,4148026,3841751,7.92769862098261,16.0296729094755,1
297.7,300,1239,1413,118944,324990,2025-04-07,2025-07-18,505.28,174,206046,906386767,426487786,0.0358555543651268,99.6716900435507,0.634007200221545
208.55,210,2247,2239,186501,324655,2025-04-07,2025-12-19,505.28,-8,138154,1385328150,446323561,0.0234352416790202,99.7825234403849,0.425540958864025
479.17,511,84,101,124320,321483,2025-04-07,2025-08-15,505.28,17,197163,795796258,347369745,0.0403976516310787,98.9329169476944,0.613292149196069
537.55,567,109,109,321005,321005,2025-04-07,2025-05-09,505.28,0,0,75554991,51277449,0.424862733422865,94.1859671454398,0
461.18,477,195,198,150735,313236,2025-04-07,2025-08-15,505.28,3,162501,795796258,347369745,0.039361331100906,98.9722782787953,0.518781366126499
321.1,325,836,801,142120,312390,2025-04-07,2025-09-19,505.28,-35,170270,2220318620,913921523,0.0140696023168062,99.8618357305854,0.545055859662601
374.67,380,569,586,118352,312338,2025-04-07,2025-07-18,505.28,17,193986,906386767,426487786,0.0344596822649773,99.7061497258157,0.621077166403063
511.86,563,67,60,175339,306840,2025-04-07,2025-05-09,505.28,-7,131501,75554991,51277449,0.406114799219551,94.5920819446594,0.428565376091774
193.76,195,2458,2452,167144,304048,2025-04-07,2025-12-19,505.28,-6,136904,1385328150,446323561,0.0219477240825576,99.8044711644674,0.450271009840552
504.36,580,228,40,962160,302560,2025-04-07,2025-04-11,505.28,-188,-659600,1332187463,1033620686,0.0227115183413192,99.7881876178563,-2.18006345848757
546.92,582.5,85,85,302430,302430,2025-04-07,2025-05-02,505.28,0,0,334856295,202735238,0.090316354960566,99.3571967939262,0
468.6,492,140,129,162120,301860,2025-04-07,2025-08-15,505.28,-11,139740,795796258,347369745,0.0379318194783469,99.0102100982737,0.462929835022858
278.75,280,2932,2414,149532,301750,2025-04-07,2025-06-20,505.28,-518,152218,3776542538,1873897874,0.00799011256893725,99.9425485883406,0.504450704225352
302.76,305,1346,1345,133254,301280,2025-04-07,2025-07-18,505.28,-1,168026,906386767,426487786,0.0332396732795637,99.7393893990952,0.557707116303771
473.73,490,0,183,0,297741,2025-04-07,2025-05-23,505.28,183,297741,4148026,3841751,7.17789618483587,23.2075690943114,1
439.47,447,383,395,76983,297435,2025-04-07,2025-05-16,505.28,12,220452,4021897859,2337321162,0.00739538920249839,99.8221659711225,0.741177063896314
468.28,474,108,518,6480,296296,2025-04-07,2025-04-11,505.28,410,289816,1332187463,1033620686,0.0222413142466272,99.8104289321029,0.978129978129978
365.34,370,661,635,118980,295910,2025-04-07,2025-07-18,505.28,-26,176930,906386767,426487786,0.0326472109670595,99.7720366100623,0.597918285965327
390.98,395,729,731,69255,293862,2025-04-07,2025-05-30,505.28,2,224607,754833589,384724462,0.0389306999956516,99.7044792345615,0.764328154031484
432.31,437,621,621,291249,291249,2025-04-07,2025-08-15,505.28,0,0,795796258,347369745,0.036598437988634,99.0468085362623,0
457.63,469,277,256,91410,291072,2025-04-07,2025-05-16,505.28,-21,199662,4021897859,2337321162,0.00723718031149532,99.829403151434,0.685953990765172
443.16,451,466,370,74560,290080,2025-04-07,2025-05-16,505.28,-96,215520,4021897859,2337321162,0.00721251533901771,99.836615666773,0.742967457253172
450.33,460,213,299,44517,289133,2025-04-07,2025-05-09,505.28,86,244616,75554991,51277449,0.382678888810932,94.9747608334703,0.846032794596258
519.46,577,52,50,189540,287700,2025-04-07,2025-05-02,505.28,-2,98160,334856295,202735238,0.0859174530375784,99.4431142469638,0.34118873826903
493.23,529,81,80,181602,286160,2025-04-07,2025-08-15,505.28,-1,104558,795796258,347369745,0.0359589526996746,99.082767488962,0.365383002516075
511.78,571,183,48,614880,284256,2025-04-07,2025-04-11,505.28,-135,-330624,1332187463,1033620686,0.0213375375384388,99.8317664696414,-1.16312056737589
415.53,425,273,298,127764,282206,2025-04-07,2025-08-15,505.28,25,154442,795796258,347369745,0.0354620918561796,99.1182295808182,0.547266890144079
213.98,215,2742,2747,142584,280194,2025-04-07,2025-09-19,505.28,5,137610,2220318620,913921523,0.0126195401631141,99.8744552707485,0.49112400693805
541.32,615,38,38,279984,279984,2025-04-07,2025-07-18,505.28,0,0,906386767,426487786,0.030890124414184,99.8029267344765,0
506.1,557,66,55,142230,279950,2025-04-07,2025-05-09,505.28,-11,137720,75554991,51277449,0.370524827406835,95.3452856608771,0.491944990176817
509.08,554,62,62,129456,278504,2025-04-07,2025-05-09,505.28,0,149048,75554991,51277449,0.368610989577115,95.7138966504542,0.535173642030276
474.7,501,99,104,131967,273520,2025-04-07,2025-08-15,505.28,5,141553,795796258,347369745,0.0343706064523867,99.1526001872706,0.517523398654577
357.95,360,1356,1332,78648,273060,2025-04-07,2025-05-16,505.28,-24,194412,4021897859,2337321162,0.00678933204106514,99.843404998814,0.711975390024171
490.03,520,0,91,0,272727,2025-04-07,2025-05-23,505.28,91,272727,4148026,3841751,6.57486235621474,29.7824314505261,1
381.48,385,791,768,90965,270336,2025-04-07,2025-05-30,505.28,-23,179371,754833589,384724462,0.035813986544788,99.7402932211063,0.663511334043561
374.42,380,482,483,123392,269514,2025-04-07,2025-08-15,505.28,1,146122,795796258,347369745,0.0338672112730643,99.1864673985436,0.542168495885186
183.89,185,3055,2428,195520,269508,2025-04-07,2025-12-19,505.28,-627,73988.0000000001,1385328150,446323561,0.0194544520011378,99.8239256164686,0.274529884085074
377.02,380,936,885,63648,263730,2025-04-07,2025-05-16,505.28,-51,200082,4021897859,2337321162,0.00655735200758116,99.8499623508216,0.75866226822887
507.5,559,52,51,133432,262650,2025-04-07,2025-05-09,505.28,-1,129218,75554991,51277449,0.347627597493857,96.0615242479481,0.491977917380545
514.95,572,75,46,254700,262430,2025-04-07,2025-04-11,505.28,-29,7730,1332187463,1033620686,0.01969917952906,99.8514656491704,0.0294554738406432
281.8,285,827,817,141417,261440,2025-04-07,2025-12-19,505.28,-10,120023,1385328150,446323561,0.0188720629115925,99.8427976793802,0.459084302325581
346,350,632,648,108072,259200,2025-04-07,2025-08-15,505.28,16,151128,795796258,347369745,0.0325711508937505,99.2190385494374,0.583055555555556
409.21,415,393,438,62094,253602,2025-04-07,2025-05-30,505.28,45,191508,754833589,384724462,0.0335970740697921,99.773890295176,0.755151773251
352.99,355,1275,1261,67575,253461,2025-04-07,2025-05-16,505.28,-14,185886,4021897859,2337321162,0.00630202478744749,99.856264375609,0.733390935883627
513.27,585,36,35,171180,251055,2025-04-07,2025-05-02,505.28,-1,79875,334856295,202735238,0.074973952632427,99.5180881995962,0.318157375873813
169.78,170,12873,11304,102984,248688,2025-04-07,2025-06-20,505.28,-1569,145704,3776542538,1873897874,0.00658507080213378,99.9491336591427,0.585890754680564
427.1,433,129,419,20124,247210,2025-04-07,2025-05-16,505.28,290,227086,4021897859,2337321162,0.00614660065140158,99.8624109762605,0.918595526070952
432.41,440,0,325,0,246675,2025-04-07,2025-05-23,505.28,325,246675,4148026,3841751,5.9468045764419,35.729236026968,1
208.95,210,2347,2348,119697,246540,2025-04-07,2025-09-19,505.28,1,126843,2220318620,913921523,0.0111038117583322,99.8855590825068,0.514492577269409
522.73,576,47,46,146593,245042,2025-04-07,2025-05-02,505.28,-1,98449,334856295,202735238,0.0731782569594518,99.5912664565556,0.401763779270492
448.2,463,166,165,99268,244200,2025-04-07,2025-08-15,505.28,-1,144932,795796258,347369745,0.0306862463281399,99.2497247957655,0.593497133497134
382.1,385,1000,840,73000,243600,2025-04-07,2025-05-16,505.28,-160,170600,4021897859,2337321162,0.00605684203180059,99.8684678182923,0.700328407224959
394.13,395,2310,2796,25410,243252,2025-04-07,2025-04-11,505.28,486,217842,1332187463,1033620686,0.0182595923438742,99.8697252415143,0.895540427211287
508.88,564,44,44,104720,242528,2025-04-07,2025-05-09,505.28,0,137808,75554991,51277449,0.320995339672531,96.3825195876206,0.568214804063861
376.68,380,713,721,74865,239372,2025-04-07,2025-05-30,505.28,8,164507,754833589,384724462,0.0317118903409053,99.8056021855169,0.687244122119546
350.8,355,189,566,27216,237720,2025-04-07,2025-07-18,505.28,377,210504,906386767,426487786,0.0262272143256037,99.8291539488021,0.885512367491166
423.39,425,132,1458,2640,234738,2025-04-07,2025-04-11,505.28,1326,232098,1332187463,1033620686,0.0176204931002267,99.8873457346145,0.98875341870511
495.08,527,74,73,141266,233016,2025-04-07,2025-08-15,505.28,-1,91750,795796258,347369745,0.0292808614840207,99.2790056572495,0.39374978542246
424.92,435,230,230,114310,231840,2025-04-07,2025-08-15,505.28,0,117530,795796258,347369745,0.0291330849660768,99.3081387422156,0.506944444444445
257.06,260,778,781,118256,229614,2025-04-07,2025-12-19,505.28,3,111358,1385328150,446323561,0.0165747010915789,99.8593723804717,0.48497913890268
454.8,465,165,222,41250,226440,2025-04-07,2025-05-09,505.28,57,185190,75554991,51277449,0.299702239392762,96.6822218270134,0.817832538420774
404.43,410,295,406,41300,226142,2025-04-07,2025-05-30,505.28,111,184842,754833589,384724462,0.0299591861432123,99.8355613716602,0.817371386120225
541.42,635,24,24,224592,224592,2025-04-07,2025-07-18,505.28,0,0,906386767,426487786,0.0247788260130236,99.8539327748151,0
322.55,325,918,916,136782,224420,2025-04-07,2025-08-15,505.28,-2,87638,795796258,347369745,0.0282006855076215,99.3363394277232,0.39050886730238
434.12,447,159,173,93492,222824,2025-04-07,2025-08-15,505.28,14,129332,795796258,347369745,0.0280001316618405,99.3643395593851,0.580422216637346
513.36,602,26,25,159276,221600,2025-04-07,2025-05-16,505.28,-1,62324,4021897859,2337321162,0.00550983659378904,99.873977654886,0.281245487364621
509.68,549,67,56,138221,220192,2025-04-07,2025-05-09,505.28,-11,81971,75554991,51277449,0.291432765838064,96.9736545928514,0.37227056387153
467.44,473,14,396,882,220176,2025-04-07,2025-04-11,505.28,382,219294,1332187463,1033620686,0.0165274036961869,99.9038731383107,0.995994113799869
513.01,591,41,28,199916,218372,2025-04-07,2025-05-16,505.28,-13,18456,4021897859,2337321162,0.00542957597770262,99.8794072308637,0.0845163299324088
413.17,418,435,452,47415,218316,2025-04-07,2025-05-16,505.28,17,170901,4021897859,2337321162,0.00542818360022405,99.884835414464,0.782814818886385
373.11,375,1469,1143,69043,216027,2025-04-07,2025-05-02,505.28,-326,146984,334856295,202735238,0.0645133459414284,99.6557798024971,0.680396431927491
487.8,515,0,78,0,212160,2025-04-07,2025-05-23,505.28,78,212160,4148026,3841751,5.11472203886861,40.8439580658366,1
406.5,415,250,248,97000,210800,2025-04-07,2025-08-15,505.28,-2,113800,795796258,347369745,0.0264891921620471,99.3908287515471,0.539848197343454
355.41,360,460,457,76820,209763,2025-04-07,2025-07-18,505.28,-3,132943,906386767,426487786,0.0231427694707286,99.8770755442858,0.6337771675653
399.99,405,392,414,54488,207414,2025-04-07,2025-05-30,505.28,22,152926,754833589,384724462,0.0274781094830161,99.8630394811432,0.737298350159584
439.17,445,333,355,35964,206965,2025-04-07,2025-04-25,505.28,22,171001,438479392,268316798,0.0472006219165712,99.7536011909084,0.826231488415916
504.2,565,1,34,2946,206720,2025-04-07,2025-05-23,505.28,33,203774,4148026,3841751,4.98357531992326,45.8275333857599,0.985748839009288
238.37,240,1269,1259,92637,205217,2025-04-07,2025-09-19,505.28,-10,112580,2220318620,913921523,0.00924268247590519,99.8948017649827,0.548590029091157
484.09,510,0,79,0,204689,2025-04-07,2025-05-23,505.28,79,204689,4148026,3841751,4.93461227099348,50.7621456567534,1
267.05,270,693,693,107415,204435,2025-04-07,2025-12-19,505.28,0,97020,1385328150,446323561,0.0147571533863655,99.8741295338581,0.474576271186441
430.1,437,234,295,37206,203550,2025-04-07,2025-05-16,505.28,61,166344,4021897859,2337321162,0.00506104349578411,99.8898964579598,0.817214443625645
293.28,295,1193,1178,76352,202616,2025-04-07,2025-06-20,505.28,-15,126264,3776542538,1873897874,0.00536511896691894,99.9544987781096,0.62316895013227
420.97,425,415,499,31540,201097,2025-04-07,2025-04-25,505.28,84,169557,438479392,268316798,0.0458623606192193,99.7994635515276,0.843160265941312
228.24,230,921,1137,98547,200112,2025-04-07,2025-12-19,505.28,216,101565,1385328150,446323561,0.0144450973583407,99.8885746312165,0.507540777164788
509,609,1,20,3565,2e+05,2025-04-07,2025-05-30,505.28,19,196435,754833589,384724462,0.0264959062387458,99.8895353873819,0.982175
431.77,436,469,469,198387,198387,2025-04-07,2025-08-15,505.28,0,0,795796258,347369745,0.0249293708038522,99.415758122351,0
199.09,200,1958,2180,88110,198380,2025-04-07,2025-09-19,505.28,222,110270,2220318620,913921523,0.00893475369764723,99.9037365186804,0.555852404476258
258.96,260,1900,1905,74100,198120,2025-04-07,2025-06-20,505.28,5,124020,3776542538,1873897874,0.00524606827558525,99.9597448463852,0.625984251968504
440.34,450,0,205,0,198030,2025-04-07,2025-05-23,505.28,205,198030,4148026,3841751,4.77407807954916,55.5362237363025,1
469.84,476,8,320,512,197120,2025-04-07,2025-04-11,505.28,312,196608,1332187463,1033620686,0.0147967163387125,99.9186698546494,0.997402597402597
437.01,443,427,328,76006,196472,2025-04-07,2025-05-16,505.28,-99,120466,4021897859,2337321162,0.00488505692804567,99.8947815148878,0.613145893562441
477.75,486,58,231,3770,190575,2025-04-07,2025-04-11,505.28,173,186805,1332187463,1033620686,0.0143054191165286,99.932975273766,0.980217762035944
331.18,335,497,497,48706,189854,2025-04-07,2025-08-15,505.28,0,141148,795796258,347369745,0.0238571114266285,99.4396152337776,0.743455497382199
540.16,635,20,20,189680,189680,2025-04-07,2025-12-19,505.28,0,0,1385328150,446323561,0.0136920627794938,99.9022666939959,0
505.77,573,29,28,47647,188244,2025-04-07,2025-05-09,505.28,-1,140597,75554991,51277449,0.24914833223923,97.2228029250907,0.746887018975372
350.56,355,421,421,47573,186924,2025-04-07,2025-08-15,505.28,0,139351,795796258,347369745,0.0234889267348126,99.4631041605124,0.745495495495496
419.76,424,397,440,46052,186560,2025-04-07,2025-05-16,505.28,43,140508,4021897859,2337321162,0.00463860611433792,99.8994201210022,0.75315180102916
461.49,476,172,125,149124,181375,2025-04-07,2025-08-15,505.28,-47,32251,795796258,347369745,0.022791637705841,99.4858957982183,0.177813921433494
448.6,467,97,98,52380,180320,2025-04-07,2025-08-15,505.28,1,127940,795796258,347369745,0.0226590660847264,99.508554864303,0.709516415261757
273.25,275,1017,1028,101700,179900,2025-04-07,2025-09-19,505.28,11,78200,2220318620,913921523,0.00810244072087276,99.9118389594013,0.434685936631462
503.8,560,0,32,0,179840,2025-04-07,2025-05-23,505.28,32,179840,4148026,3841751,4.33555623807565,59.8717799743782,1
209.52,210,3680,3726,51520,178848,2025-04-07,2025-06-20,505.28,46,127328,3776542538,1873897874,0.00473576024102499,99.9644806066262,0.711934156378601
402.38,405,600,682,30000,178684,2025-04-07,2025-04-25,505.28,82,148684,438479392,268316798,0.0407508319113889,99.840214383439,0.832105840478163
433.19,440,58,261,8062,177741,2025-04-07,2025-05-09,505.28,203,169679,75554991,51277449,0.235247198957379,97.4580501240481,0.95464186653614
286.23,290,482,471,71818,177567,2025-04-07,2025-12-19,505.28,-11,105749,1385328150,446323561,0.0128176851094811,99.9150843791054,0.595544217112414
430.22,435,323,369,45866,176382,2025-04-07,2025-05-09,505.28,46,130516,75554991,51277449,0.233448509046874,97.6914986330949,0.739962127654749
406.75,410,469,540,36113,175500,2025-04-07,2025-05-02,505.28,71,139387,334856295,202735238,0.0524105422596281,99.7081903447567,0.79422792022792
424.67,430,209,328,26961,174824,2025-04-07,2025-05-09,505.28,119,147863,75554991,51277449,0.231386434815405,97.9228850679104,0.845782043655333
421.64,427,234,318,31824,170448,2025-04-07,2025-05-16,505.28,84,138624,4021897859,2337321162,0.0042379992226451,99.9036581202248,0.813292030413968
421.5,429,225,225,101250,168750,2025-04-07,2025-08-15,505.28,0,67500,795796258,347369745,0.0212051763631188,99.5297600406661,0.4
436.87,444,260,236,49400,168268,2025-04-07,2025-05-16,505.28,-24,118868,4021897859,2337321162,0.00418379595651487,99.9078419161813,0.706420709820049
505.38,625,2000,14,16708000,167468,2025-04-07,2025-12-19,505.28,-1986,-16540532,1385328150,446323561,0.0120886881566653,99.9271730672621,-98.768313946545
378.96,385,265,277,60420,167308,2025-04-07,2025-07-18,505.28,12,106888,906386767,426487786,0.0184587867002696,99.8955343309861,0.638869629665049
243.2,245,791,924,56161,166320,2025-04-07,2025-09-19,505.28,133,110159,2220318620,913921523,0.0074908167909703,99.9193297761922,0.66233164983165
425.79,431,259,318,36260,165678,2025-04-07,2025-05-16,505.28,59,129418,4021897859,2337321162,0.00411939849813078,99.9119613146794,0.781141732758725
372.65,375,702,704,70200,165440,2025-04-07,2025-05-30,505.28,2,95240,754833589,384724462,0.0219174136406905,99.9114528010226,0.575676982591876
430.2,435,288,343,25920,164640,2025-04-07,2025-04-25,505.28,55,138720,438479392,268316798,0.0375479447845978,99.8777623282236,0.842565597667639
440.75,449,183,199,38064,164175,2025-04-07,2025-05-16,505.28,16,126111,4021897859,2337321162,0.00408202808116117,99.9160433427606,0.768149840109639
505.41,571,25,25,35350,163975,2025-04-07,2025-05-09,505.28,0,128625,75554991,51277449,0.217027356935295,98.1399124248456,0.784418356456777
421.34,433,137,140,66856,163240,2025-04-07,2025-08-15,505.28,3,96384,795796258,347369745,0.0205127880860179,99.5502728287521,0.590443518745406
392.22,395,454,587,25878,163186,2025-04-07,2025-05-02,505.28,133,137308,334856295,202735238,0.0487331438699697,99.7569234886267,0.841420219871803
537.9,594,133,29,746130,162690,2025-04-07,2025-05-30,505.28,-104,-583440,754833589,384724462,0.0215530949299078,99.9330058959525,-3.58620689655172
397.26,405,210,208,54180,160992,2025-04-07,2025-08-15,505.28,-2,106812,795796258,347369745,0.020230303721785,99.5705031324739,0.663461538461538
326.99,330,520,533,76440,160433,2025-04-07,2025-08-15,505.28,13,83993,795796258,347369745,0.0201600596116399,99.5906631920855,0.523539421440726
496,530,0,47,0,159800,2025-04-07,2025-05-23,505.28,47,159800,4148026,3841751,3.85243486901963,63.7242148433978,1
453.59,457,467,467,159247,159247,2025-04-07,2025-08-15,505.28,0,0,795796258,347369745,0.0200110264906523,99.6106742185762,0
454.67,468,115,119,74290,158627,2025-04-07,2025-08-15,505.28,4,84337,795796258,347369745,0.0199331171019404,99.6306073356781,0.531668631443575
283.03,285,824,804,81576,158388,2025-04-07,2025-08-15,505.28,-20,76812,795796258,347369745,0.019903084289195,99.6505104199673,0.484960981892568
439.96,451,143,142,67210,156768,2025-04-07,2025-08-15,505.28,-1,89558,795796258,347369745,0.0196995145961091,99.6702099345634,0.5712773014901
429,443,115,111,56810,155400,2025-04-07,2025-08-15,505.28,-4,98590,795796258,347369745,0.0195276112997254,99.6897375458632,0.634427284427285
526.37,645,14,13,145138,154219,2025-04-07,2025-07-18,505.28,-1,9081,906386767,426487786,0.0170147011866072,99.9125490321727,0.0588837951225206
510.62,583,22,21,93940,151998,2025-04-07,2025-05-09,505.28,-1,58058,75554991,51277449,0.201175326723287,98.3410877515689,0.381965552178318
374.45,375,1837,2741,11022,150755,2025-04-07,2025-04-11,505.28,904,139733,1332187463,1033620686,0.01131635030257,99.9442916240685,0.926887997081357
317.18,320,525,526,59325,148332,2025-04-07,2025-07-18,505.28,1,89007,906386767,426487786,0.0163651992064002,99.9289142313791,0.600052584742335
447.18,457,73,151,15038,148282,2025-04-07,2025-05-16,505.28,78,133244,4021897859,2337321162,0.00368686637996492,99.9197302091406,0.898585128336548
426.25,438,146,126,34310,148050,2025-04-07,2025-08-15,505.28,-20,113740,795796258,347369745,0.0186040080625762,99.7083415539257,0.768253968253968
410.96,415,416,366,27040,147864,2025-04-07,2025-05-02,505.28,-50,120824,334856295,202735238,0.044157449690471,99.8010809383171,0.817129253908998
423.52,430,0,228,0,147744,2025-04-07,2025-05-23,505.28,228,147744,4148026,3841751,3.56179059629809,67.2860054396959,1
287.64,290,620,619,62620,146084,2025-04-07,2025-08-15,505.28,-1,83464,795796258,347369745,0.0183569599041769,99.7266985138299,0.57134251526519
433.17,442,142,165,78526,145695,2025-04-07,2025-08-15,505.28,23,67169,795796258,347369745,0.0183080780457754,99.7450065918757,0.46102474347095
540.63,650,13,13,142181,142181,2025-04-07,2025-09-19,505.28,0,0,2220318620,913921523,0.00640363048434913,99.9257334066766,0
429.37,434,234,307,37440,142141,2025-04-07,2025-05-16,505.28,73,104701,4021897859,2337321162,0.00353417727110906,99.9232643864117,0.736599573662772
364.99,370,279,282,61938,141282,2025-04-07,2025-08-15,505.28,3,79344,795796258,347369745,0.0177535391225728,99.7627601309983,0.561600203847624
164.26,165,1902,1897,89394,140378,2025-04-07,2025-12-19,505.28,-5,50984,1385328150,446323561,0.0101331947957601,99.9373062620578,0.363190813375315
204.2,205,1727,1727,79442,138160,2025-04-07,2025-09-19,505.28,0,58718,2220318620,913921523,0.00622253035017109,99.9319559370267,0.425
447.47,453,247,247,136591,136591,2025-04-07,2025-08-15,505.28,0,0,795796258,347369745,0.0171640666347541,99.779924197633,0
262.85,265,635,635,69850,136525,2025-04-07,2025-12-19,505.28,0,66675,1385328150,446323561,0.00985506574741876,99.9471613278053,0.488372093023256
372.5,375,475,542,34675,135500,2025-04-07,2025-05-16,505.28,67,100825,4021897859,2337321162,0.00336905622048021,99.9266334426321,0.74409594095941
389.06,392,32,454,2240,133476,2025-04-07,2025-05-16,505.28,422,131236,4021897859,2337321162,0.00331873172018315,99.9299521743523,0.983217956786239
214.49,215,2344,2587,42192,131937,2025-04-07,2025-06-20,505.28,243,89745,3776542538,1873897874,0.00349359231817026,99.9679741989444,0.680211009800132
297.56,300,468,539,51012,131516,2025-04-07,2025-08-15,505.28,71,80504,795796258,347369745,0.0165263405900559,99.7964505382231,0.6121232397579
558.65,604,29,29,131515,131515,2025-04-07,2025-05-16,505.28,0,0,4021897859,2337321162,0.00326997364454949,99.9332221479969,0
337,340,431,433,70253,129900,2025-04-07,2025-08-15,505.28,2,59647,795796258,347369745,0.0163232735381875,99.8127738117613,0.459176289453426
540.61,670,10,10,129390,129390,2025-04-07,2025-09-19,505.28,0,0,2220318620,913921523,0.00582754199485117,99.9377834790216,0
475.7,495,0,67,0,129310,2025-04-07,2025-05-23,505.28,67,129310,4148026,3841751,3.11738643875424,70.4033918784501,1
327,330,428,431,51788,129300,2025-04-07,2025-07-18,505.28,3,77512,906386767,426487786,0.0142654333345977,99.9431796647137,0.599474091260634
435.88,448,95,106,32870,128472,2025-04-07,2025-08-15,505.28,11,95602,795796258,347369745,0.0161438306235413,99.8289176423848,0.744146584469768
194.72,195,5342,4542,58762,127176,2025-04-07,2025-06-20,505.28,-800,68414,3776542538,1873897874,0.0033675246265689,99.971341723571,0.537947411461282
188.9,190,1097,1143,74596,125730,2025-04-07,2025-12-19,505.28,46,51134,1385328150,446323561,0.00907582799064611,99.9562371557959,0.406696890161457
504,528,0,52,0,124800,2025-04-07,2025-04-25,505.28,52,124800,438479392,268316798,0.0284619989620858,99.9062243271857,1
434.06,441,66,176,10890,122144,2025-04-07,2025-05-16,505.28,110,111254,4021897859,2337321162,0.00303697419184011,99.9362591221887,0.910842939481268
438.79,445,183,195,30378,121095,2025-04-07,2025-05-09,505.28,12,90717,75554991,51277449,0.160273991694341,98.5013617432633,0.749139105660845
407.2,410,368,425,19872,119000,2025-04-07,2025-04-25,505.28,57,99128,438479392,268316798,0.027139245805194,99.9333635729909,0.833008403361345
343.2,345,767,660,29913,118800,2025-04-07,2025-05-16,505.28,-107,88887,4021897859,2337321162,0.00295382936526236,99.939212951554,0.748207070707071
341.1,345,348,303,48720,118170,2025-04-07,2025-07-18,505.28,-45,69450,906386767,426487786,0.013037480720413,99.9562171454341,0.587712617415588
401.9,405,252,380,16380,117800,2025-04-07,2025-05-02,505.28,128,101420,334856295,202735238,0.0351792699611635,99.8362602082783,0.860950764006791
233.79,235,968,972,55176,117612,2025-04-07,2025-09-19,505.28,4,62436,2220318620,913921523,0.00529707758790042,99.9430805566095,0.530864197530864
431.56,438,213,182,36423,117208,2025-04-07,2025-05-16,505.28,-31,80785,4021897859,2337321162,0.00291424606265716,99.9421271976166,0.68924476144973
445.09,452,143,169,31460,116779,2025-04-07,2025-05-16,505.28,26,85319,4021897859,2337321162,0.00290357945661593,99.9450307770732,0.730602248691974
232.95,235,591,566,62646,116030,2025-04-07,2025-12-19,505.28,-25,53384,1385328150,446323561,0.00837563287802966,99.9646127886739,0.460087908299578
174.76,175,6381,4747,44667,113928,2025-04-07,2025-06-20,505.28,-1634,69261,3776542538,1873897874,0.00301672757167816,99.9743584511427,0.607936591531494
184.26,185,1505,1504,46655,111296,2025-04-07,2025-09-19,505.28,-1,64641,2220318620,913921523,0.00501261391034049,99.9480931705198,0.580802544565843
403.96,405,556,1059,5560,110136,2025-04-07,2025-04-11,505.28,503,104576,1332187463,1033620686,0.00826730494460448,99.9525589290131,0.949516960848406
446.3,454,102,143,17748,110110,2025-04-07,2025-05-16,505.28,41,92362,4021897859,2337321162,0.0027377622172478,99.9477685392905,0.838815729724821
184.67,185,4829,3327,43461,109791,2025-04-07,2025-06-20,505.28,-1502,66330,3776542538,1873897874,0.00290718292976368,99.9772656340724,0.604147880973851
244.32,245,1652,1612,42952,109616,2025-04-07,2025-06-20,505.28,-40,66664,3776542538,1873897874,0.00290254906166239,99.9801681831341,0.608159392789374
414.93,419,372,264,41292,107448,2025-04-07,2025-05-16,505.28,-108,66156,4021897859,2337321162,0.0026715745592484,99.9504401138497,0.615702479338843
154.58,155,2563,2542,58949,106764,2025-04-07,2025-09-19,505.28,-21,47815,2220318620,913921523,0.00480849906127437,99.9529016695811,0.447856955528081
277.37,280,300,398,35100,104674,2025-04-07,2025-09-19,505.28,98,69574,2220318620,913921523,0.0047143684269963,99.9576160380081,0.664673175764755
505.89,570,17,16,55505,102576,2025-04-07,2025-05-23,505.28,-1,47071,4148026,3841751,2.47288710340774,72.8762789818579,0.458889018873811
316.82,320,301,322,45150,102396,2025-04-07,2025-08-15,505.28,21,57246,795796258,347369745,0.0128671125266839,99.8417847549115,0.559064807219032
418.87,423,155,247,20460,102011,2025-04-07,2025-05-16,505.28,92,81551,4021897859,2337321162,0.00253638962440891,99.9529765034742,0.799433394437855
302.6,305,423,424,69795,101760,2025-04-07,2025-09-19,505.28,1,31965,2220318620,913921523,0.00458312600197894,99.9621991640101,0.314121462264151
460.97,478,43,59,43215,100477,2025-04-07,2025-08-15,505.28,16,57262,795796258,347369745,0.0126259704025902,99.8544107253141,0.569901569513421
194.35,195,1528,1529,59592,99385,2025-04-07,2025-09-19,505.28,1,39793,2220318620,913921523,0.0044761593721175,99.9666753233822,0.400392413342054
451.56,471,37,51,14837,99144,2025-04-07,2025-08-15,505.28,14,84307,795796258,347369745,0.0124584652168596,99.8668691905309,0.850348987331558
437.26,449,83,84,49800,98616,2025-04-07,2025-08-15,505.28,1,48816,795796258,347369745,0.0123921165761501,99.8792613071071,0.495010951569725
405.42,409,341,275,36487,98450,2025-04-07,2025-05-16,505.28,-66,61963,4021897859,2337321162,0.00244784933510168,99.9554243528092,0.629385474860335
263.92,265,911,910,40084,98280,2025-04-07,2025-06-20,505.28,-1,58196,3776542538,1873897874,0.00260238032568402,99.9827705634598,0.592144892144892
154.86,155,10117,7019,50585,98266,2025-04-07,2025-06-20,505.28,-3098,47681,3776542538,1873897874,0.00260200961623592,99.985372573076,0.485223780351292
409.03,413,180,247,19440,98059,2025-04-07,2025-05-16,505.28,67,78619,4021897859,2337321162,0.0024381275566352,99.9578624803659,0.801752006445099
411.57,415,247,285,14079,97755,2025-04-07,2025-04-25,505.28,38,83676,438479392,268316798,0.0222940922158549,99.9556576652068,0.85597667638484
407.35,412,126,209,12600,97185,2025-04-07,2025-05-16,505.28,83,84585,4021897859,2337321162,0.00241639652241601,99.9602788768883,0.870350362710295
433.94,439,114,188,17100,95128,2025-04-07,2025-05-16,505.28,74,78028,4021897859,2337321162,0.00236525151396193,99.9626441284023,0.820242199983181
382.61,385,387,397,20898,94883,2025-04-07,2025-05-02,505.28,10,73985,334856295,202735238,0.0283354386394319,99.8645956469177,0.779749797118557
332.09,335,384,324,52608,94284,2025-04-07,2025-07-18,505.28,-60,41676,906386767,426487786,0.0104021818756319,99.9666193273098,0.442026218658521
159.21,160,1173,1173,49266,92667,2025-04-07,2025-12-19,505.28,0,43401,1385328150,446323561,0.00668917324750818,99.9713019619215,0.468354430379747
312.49,315,357,366,38199,91866,2025-04-07,2025-07-18,505.28,9,53667,906386767,426487786,0.010135408342739,99.9767547356525,0.5841878388087
252.34,255,362,342,48870,90972,2025-04-07,2025-12-19,505.28,-20,42102,1385328150,446323561,0.00656681956545819,99.9778687814869,0.462801741195093
219.53,220,1455,1920,27645,90240,2025-04-07,2025-06-20,505.28,465,62595,3776542538,1873897874,0.00238948718548765,99.9877620602615,0.693650265957447
454.65,473,40,49,29960,89915,2025-04-07,2025-08-15,505.28,9,59955,795796258,347369745,0.0112987462677916,99.8905600533749,0.666796418840016
453.5,469,44,58,32076,89900,2025-04-07,2025-08-15,505.28,14,57824,795796258,347369745,0.011296861363226,99.9018569147381,0.643203559510567
458.07,470,0,75,0,89475,2025-04-07,2025-05-23,505.28,75,89475,4148026,3841751,2.15705012456528,75.0333291064232,1
254.2,255,1092,1117,31668,89360,2025-04-07,2025-06-20,505.28,25,57692,3776542538,1873897874,0.00236618544874974,99.9901282457102,0.645613249776186
159.88,160,7640,7416,38200,88992,2025-04-07,2025-06-20,505.28,-224,50792,3776542538,1873897874,0.00235644108611388,99.9924846867964,0.570747932398418
399.88,403,11,285,1045,88920,2025-04-07,2025-05-16,505.28,274,87875,4021897859,2337321162,0.00221089652490849,99.9648550249272,0.988247863247863
396.62,400,195,263,16575,88894,2025-04-07,2025-05-09,505.28,68,72319,75554991,51277449,0.117654702652271,98.6190164459155,0.813541971336648
523.83,592,17,13,82093,88621,2025-04-07,2025-05-30,505.28,-4,6528,754833589,384724462,0.0117404685339195,99.9447463644864,0.0736619988490313
387.82,390,343,405,20237,88290,2025-04-07,2025-05-02,505.28,62,68053,334856295,202735238,0.0263665343367668,99.8909621812545,0.770789443878129
389.21,390,751,1116,7510,88164,2025-04-07,2025-04-11,505.28,365,80654,1332187463,1033620686,0.00661798751667129,99.9591769165298,0.914817839480967
523.54,597,26,12,143884,88152,2025-04-07,2025-05-30,505.28,-14,-55732,754833589,384724462,0.0116783356337896,99.9564247001202,-0.632226154823487
179.12,180,997,997,53838,87736,2025-04-07,2025-12-19,505.28,0,33898,1385328150,446323561,0.00633322870108429,99.984202010188,0.386363636363636
164.55,165,1914,1914,45936,86130,2025-04-07,2025-09-19,505.28,0,40194,2220318620,913921523,0.00387917298103819,99.9705544963632,0.466666666666667
501,540,0,22,0,85800,2025-04-07,2025-05-23,505.28,22,85800,4148026,3841751,2.06845376571892,77.1017828721421,1
373.25,375,487,479,29707,83825,2025-04-07,2025-05-09,505.28,-8,54118,75554991,51277449,0.110945681933838,98.7299621278494,0.645606919176857
540.65,660,7,7,83545,83545,2025-04-07,2025-09-19,505.28,0,0,2220318620,913921523,0.00376274824916795,99.9743172446124,0
426.72,432,105,158,14910,83424,2025-04-07,2025-05-16,505.28,53,68514,4021897859,2337321162,0.00207424462093979,99.9669292695481,0.821274453394707
379.42,380,1309,1432,9163,83056,2025-04-07,2025-04-11,505.28,123,73893,1332187463,1033620686,0.00623455799628705,99.9654114745261,0.889676844538625
179.52,180,1708,1709,51240,82032,2025-04-07,2025-09-19,505.28,1,30792,2220318620,913921523,0.00369460487612359,99.9780118494885,0.375365710942071
360.71,365,182,187,16926,80223,2025-04-07,2025-07-18,505.28,5,63297,906386767,426487786,0.00885085737356093,99.9856055930261,0.789013125911522
392.47,395,204,316,13872,79948,2025-04-07,2025-05-09,505.28,112,66076,75554991,51277449,0.105814320062589,98.835776447912,0.826487216690849
415.29,420,44,169,4708,79599,2025-04-07,2025-05-09,505.28,125,74891,75554991,51277449,0.105352404846425,98.9411288527584,0.940853528310657
495.65,525,0,27,0,79245,2025-04-07,2025-05-23,505.28,27,79245,4148026,3841751,1.91042679096033,79.0122096631024,1
508.31,529,0,38,0,78622,2025-04-07,2025-05-02,505.28,38,78622,334856295,202735238,0.0234793256611765,99.9144415069157,1
189.4,190,1306,1307,56158,78420,2025-04-07,2025-09-19,505.28,1,22262,2220318620,913921523,0.00353192552157222,99.9815437750101,0.283881662841112
482.26,505,0,34,0,77316,2025-04-07,2025-05-23,505.28,34,77316,4148026,3841751,1.86392274301077,80.8761324061132,1
154.34,155,1043,1134,37548,74844,2025-04-07,2025-12-19,505.28,91,37296,1385328150,446323561,0.00540261886687281,99.9896046290549,0.498316498316498
502.2,528,0,29,0,74820,2025-04-07,2025-05-02,505.28,29,74820,334856295,202735238,0.0223439132300021,99.9367854201457,1
405.87,410,138,180,13662,74340,2025-04-07,2025-05-09,505.28,42,60678,75554991,51277449,0.0983919116607399,99.0395207644191,0.816222760290557
507.09,655,5,5,57130,73955,2025-04-07,2025-08-15,505.28,0,16825,795796258,347369745,0.00929320780998194,99.9111501225481,0.227503211412345
307.41,310,321,285,32742,73815,2025-04-07,2025-07-18,505.28,-36,41073,906386767,426487786,0.00814387441294142,99.993749467439,0.556431619589514
439.85,446,36,118,7128,72570,2025-04-07,2025-05-16,505.28,82,65442,4021897859,2337321162,0.00180437202893173,99.9687336415771,0.901777594047127
400.83,404,221,227,22984,71959,2025-04-07,2025-05-16,505.28,6,48975,4021897859,2337321162,0.00178918019608513,99.9705228217731,0.680595894884587
169.48,170,1346,1346,40380,69992,2025-04-07,2025-09-19,505.28,0,29612,2220318620,913921523,0.00315234036095234,99.9846961153711,0.423076923076923
470.78,485,0,49,0,69678,2025-04-07,2025-05-23,505.28,49,69678,4148026,3841751,1.67978696372684,82.55591936984,1
430.17,436,37,117,5254,68211,2025-04-07,2025-05-16,505.28,80,62957,4021897859,2337321162,0.0016959903605548,99.9722188121337,0.922974300332791
506.13,574,10,10,32100,67870,2025-04-07,2025-05-09,505.28,0,35770,75554991,51277449,0.0898286123811463,99.1293493768003,0.52703698246648
413.17,417,155,177,17670,67791,2025-04-07,2025-05-16,505.28,22,50121,4021897859,2337321162,0.00168554752946549,99.9739043596632,0.73934593087578
461.62,479,17,39,17323,67782,2025-04-07,2025-08-15,505.28,22,50459,795796258,347369745,0.00851750675108101,99.9196676292992,0.744430674810422
377.82,380,198,309,10494,67362,2025-04-07,2025-05-02,505.28,111,56868,334856295,202735238,0.0201166891606443,99.9569021093063,0.844214839226864
189.64,190,1850,1871,16650,67356,2025-04-07,2025-06-20,505.28,21,50706,3776542538,1873897874,0.00178353611331678,99.9942682229097,0.752805986103688
428.01,439,61,61,14152,67039,2025-04-07,2025-08-15,505.28,0,52887,795796258,347369745,0.0084241411449311,99.9280917704441,0.788898999090082
294.02,295,684,684,67032,67032,2025-04-07,2025-08-15,505.28,0,0,795796258,347369745,0.00842326152280048,99.9365150319669,0
417.25,421,99,178,12375,66750,2025-04-07,2025-05-16,505.28,79,54375,4021897859,2337321162,0.00165966422669413,99.9755640238899,0.814606741573034
407.24,411,122,174,12810,65424,2025-04-07,2025-05-16,505.28,52,52614,4021897859,2337321162,0.00162669471711216,99.977190718607,0.804200293470286
435.33,442,5,97,775,64699,2025-04-07,2025-05-16,505.28,92,63924,4021897859,2337321162,0.00160866840154132,99.9787993870085,0.98802145319093
174.47,175,1216,1217,25536,64501,2025-04-07,2025-09-19,505.28,1,38965,2220318620,913921523,0.00290503351271269,99.9876011488838,0.604099161253314
540.84,599,21,11,122136,63976,2025-04-07,2025-05-16,505.28,-10,-58160,4021897859,2337321162,0.00159069181373758,99.9803900788222,-0.909090909090909
384.35,385,985,983,5910,63895,2025-04-07,2025-04-11,505.28,-2,57985,1332187463,1033620686,0.00479624690778223,99.9702077214339,0.907504499569606
393.14,396,268,223,25192,63778,2025-04-07,2025-05-16,505.28,-45,38586,4021897859,2337321162,0.00158576876479548,99.981975847587,0.605004860610242
511.96,670,4,4,28296,63216,2025-04-07,2025-12-19,505.28,0,34920,1385328150,446323561,0.00456325095249093,99.9941678800073,0.552391799544419
263.33,265,382,378,34762,63126,2025-04-07,2025-09-19,505.28,-4,28364,2220318620,913921523,0.00284310546384554,99.9904442543476,0.449323575072078
307.29,310,130,231,14560,62601,2025-04-07,2025-08-15,505.28,101,48041,795796258,347369745,0.00786646071411912,99.944381492681,0.767415855976742
503.85,538,0,18,0,61470,2025-04-07,2025-05-09,505.28,18,61470,75554991,51277449,0.0813579608526457,99.2107073376529,1
258.19,260,336,338,34944,61178,2025-04-07,2025-09-19,505.28,2,26234,2220318620,913921523,0.00275537030806867,99.9931996246557,0.428814279643009
522.81,599,15,8,86025,60952,2025-04-07,2025-05-30,505.28,-7,-25073,754833589,384724462,0.00807489238532018,99.9644995925055,-0.411356477227983
311.35,315,170,164,28050,59860,2025-04-07,2025-09-19,505.28,-6,31810,2220318620,913921523,0.00269600945831819,99.995895634114,0.531406615436017
169.15,170,699,700,32154,59500,2025-04-07,2025-12-19,505.28,1,27346,1385328150,446323561,0.00429501125780199,99.9984628912652,0.459596638655462
465.13,480,0,40,0,59480,2025-04-07,2025-05-23,505.28,40,59480,4148026,3841751,1.43393508140981,83.9898544512498,1
513.61,578,9,9,33912,57951,2025-04-07,2025-05-02,505.28,0,24039,334856295,202735238,0.0173062298261408,99.9742083391325,0.414815965211989
401.6,405,165,169,14850,57460,2025-04-07,2025-05-09,505.28,4,42610,75554991,51277449,0.0760505682543196,99.2867579059072,0.741559345631744
541.54,605,9,9,57114,57114,2025-04-07,2025-05-30,505.28,0,0,754833589,384724462,0.00756643594459864,99.9720660284502,0
422.18,426,12,147,1692,56154,2025-04-07,2025-05-16,505.28,135,54462,4021897859,2337321162,0.00139620651664093,99.9833720541037,0.969868575702532
538.19,650,5,5,55905,55905,2025-04-07,2025-08-15,505.28,0,0,795796258,347369745,0.00702503931603056,99.9514065319971,0
497,527,0,18,0,54000,2025-04-07,2025-04-25,505.28,18,54000,438479392,268316798,0.012315288012441,99.9679729532192,1
505.96,555,1,11,1975,53944,2025-04-07,2025-05-23,505.28,10,51969,4148026,3841751,1.30047400860072,85.2903284598506,0.963387957882248
268.59,270,502,378,40662,53298,2025-04-07,2025-08-15,505.28,-124,12636,795796258,347369745,0.00669744290252745,99.9581039748996,0.237082066869301
508.71,615,6,5,44496,53145,2025-04-07,2025-05-16,505.28,-1,8649.00000000001,4021897859,2337321162,0.00132139109105108,99.9846934451947,0.162743437764606
499.51,529,0,18,0,53082,2025-04-07,2025-04-25,505.28,18,53082,438479392,268316798,0.0121059281162295,99.9800788813354,1
429.76,435,0,100,0,52400,2025-04-07,2025-05-23,505.28,100,52400,4148026,3841751,1.26325148395888,86.5535799438094,1
413.7,415,63,403,756,52390,2025-04-07,2025-04-11,505.28,340,51634,1332187463,1033620686,0.0039326297127899,99.9741403511467,0.985569765222371
229.39,230,851,852,17020,51972,2025-04-07,2025-06-20,505.28,1,34952,3776542538,1873897874,0.00137617938834402,99.995644402298,0.672515970137767
522.48,608,5,6,33170,51312,2025-04-07,2025-05-30,505.28,1,18142,754833589,384724462,0.00679778970461263,99.9788638181548,0.353562519488619
387.33,390,50,188,3700,50196,2025-04-07,2025-05-09,505.28,138,46496,75554991,51277449,0.0664363787694714,99.3531942846767,0.92628894732648
510.5,675,3,3,34998,49350,2025-04-07,2025-05-16,505.28,0,14352,4021897859,2337321162,0.00122703265299409,99.9859204778477,0.290820668693009
514.48,595,6,6,32010,48312,2025-04-07,2025-04-11,505.28,0,16302,1332187463,1033620686,0.00362651663837194,99.977766867785,0.337431693989071
508.3,577,12,7,39840,48090,2025-04-07,2025-04-11,505.28,-5,8250,1332187463,1033620686,0.00360985231700833,99.9813767201021,0.171553337492202
403.84,408,30,115,3030,47840,2025-04-07,2025-05-16,505.28,85,44810,4021897859,2337321162,0.00118948818883966,99.9871099660366,0.936663879598662
511.59,578,18,7,61002,46487,2025-04-07,2025-04-11,505.28,-11,-14515,1332187463,1033620686,0.00348952390644139,99.9848662440085,-0.312237829930948
164.85,165,4253,3078,29771,46170,2025-04-07,2025-06-20,505.28,-1175,16399,3776542538,1873897874,0.00122254680135156,99.9968669490994,0.355187351093784
411.39,416,53,100,5618,46100,2025-04-07,2025-05-16,505.28,47,40482,4021897859,2337321162,0.00114622503146965,99.988256191068,0.878134490238612
457.7,462,107,107,46010,46010,2025-04-07,2025-08-15,505.28,0,0,795796258,347369745,0.00578163060424946,99.9638856055038,0
431.95,444,38,38,9614,45790,2025-04-07,2025-08-15,505.28,0,36176,795796258,347369745,0.00575398533728717,99.9696395908411,0.790041493775934
511.75,625,4,4,34784,45300,2025-04-07,2025-05-30,505.28,0,10516,754833589,384724462,0.00600132276307593,99.9848651409178,0.232141280353201
253.1,255,236,236,19824,44840,2025-04-07,2025-09-19,505.28,0,25016,2220318620,913921523,0.00201952997178396,99.9979151640858,0.557894736842105
509.03,573,9,7,31275,44779,2025-04-07,2025-04-11,505.28,-2,13504,1332187463,1033620686,0.00336131372225652,99.9882275577307,0.301569932334353
420.39,425,75,93,9150,42873,2025-04-07,2025-05-09,505.28,18,33723,75554991,51277449,0.0567441004658448,99.4099383851426,0.78657896578266
396.07,400,0,109,0,42837,2025-04-07,2025-05-23,505.28,109,42837,4148026,3841751,1.03270808813638,87.5862880319458,1
179.79,180,4844,2025,43596,42525,2025-04-07,2025-06-20,505.28,-2819,-1071,3776542538,1873897874,0.00112602994861328,99.997992979048,-0.0251851851851852
509.73,579,16,6,61888,41562,2025-04-07,2025-04-11,505.28,-10,-20326,1332187463,1033620686,0.00311983119150552,99.9913473889223,-0.489052499879698
312.14,315,70,145,8330,41470,2025-04-07,2025-08-15,505.28,75,33140,795796258,347369745,0.00521113282239133,99.9748507236635,0.799131902580179
410.68,415,70,94,6860,40608,2025-04-07,2025-05-09,505.28,24,33748,75554991,51277449,0.0537462839483364,99.4636846690909,0.831067769897557
542.42,579,11,11,40238,40238,2025-04-07,2025-05-09,505.28,0,0,75554991,51277449,0.053256574406845,99.5169412434977,0
442.61,456,27,29,12690,38831,2025-04-07,2025-08-15,505.28,2,26141,795796258,347369745,0.00487951527914825,99.9797302389427,0.673199248023486
159.6,160,962,963,19240,38520,2025-04-07,2025-09-19,505.28,1,19280,2220318620,913921523,0.00173488613990005,99.9996500502257,0.500519210799585
504.98,543,0,10,0,38020,2025-04-07,2025-05-09,505.28,10,38020,75554991,51277449,0.050320964236499,99.5672622077342,1
539.3,593,85,7,456450,37590,2025-04-07,2025-05-30,505.28,-78,-418860,754833589,384724462,0.00497990557757228,99.9898450464954,-11.1428571428571
302.23,305,138,135,16284,37395,2025-04-07,2025-08-15,505.28,-3,21111,795796258,347369745,0.00469906708206713,99.9844293060247,0.564540713999198
507.04,569,5,6,15870,37176,2025-04-07,2025-05-23,505.28,1,21306,4148026,3841751,0.896233533733877,88.4825215656797,0.573111684958037
542.4,582.5,9,9,36090,36090,2025-04-07,2025-05-09,505.28,0,0,75554991,51277449,0.0477665333849355,99.6150287411192,0
463.75,475,0,32,0,36000,2025-04-07,2025-05-23,505.28,32,36000,4148026,3841751,0.867882698903044,89.3504042645827,1
521.02,581,31,6,68417,35988,2025-04-07,2025-04-25,505.28,-25,-32429,438479392,268316798,0.00820745527762454,99.9882863366131,-0.901105924196955
394.61,398,65,106,5850,35934,2025-04-07,2025-05-16,505.28,41,30084,4021897859,2337321162,0.000893458791341225,99.9891496498594,0.837201536149608
263.95,265,335,332,24790,34860,2025-04-07,2025-08-15,505.28,-3,10070,795796258,347369745,0.00438051821047894,99.9888098242352,0.288869764773379
402.73,406,120,106,11880,34662,2025-04-07,2025-05-16,505.28,-14,22782,4021897859,2337321162,0.000861831931470739,99.9900114817908,0.657261554440021
322.69,325,149,148,17582,34188,2025-04-07,2025-07-18,505.28,-1,16606,906386767,426487786,0.00377189972809919,99.9975213671671,0.485725985725986
501.76,532,0,11,0,33264,2025-04-07,2025-05-23,505.28,11,33264,4148026,3841751,0.801923613786413,90.1523278783691,1
398.31,402,85,85,8500,31365,2025-04-07,2025-05-16,505.28,0,22865,4021897859,2337321162,0.000779855707419645,99.9907913374983,0.7289972899729
391.58,394,47,127,3807,30734,2025-04-07,2025-05-16,505.28,80,26927,4021897859,2337321162,0.000764166596902132,99.9915555040952,0.876130669616711
417.04,422,30,61,3750,30256,2025-04-07,2025-05-16,505.28,31,26506,4021897859,2337321162,0.000752281660567154,99.9923077857557,0.876057641459545
506.75,566,1,5,3021,29625,2025-04-07,2025-05-23,505.28,4,26604,4148026,3841751,0.714195137638964,90.8665230160081,0.898025316455696
521.52,620,8,3,63152,29544,2025-04-07,2025-05-16,505.28,-5,-33608,4021897859,2337321162,0.000734578575482416,99.9930423643312,-1.13755754129434
499.72,536,0,8,0,29024,2025-04-07,2025-05-09,505.28,8,29024,75554991,51277449,0.0384144046817503,99.6534431458009,1
513.02,585,5,4,23955,28792,2025-04-07,2025-04-11,505.28,-1,4837,1332187463,1033620686,0.00216125739054489,99.9935086463128,0.167998055015282
204.7,205,928,950,13920,28500,2025-04-07,2025-06-20,505.28,22,14580,3776542538,1873897874,0.000754658519352814,99.9987476375673,0.511578947368421
543.75,572,10,10,28250,28250,2025-04-07,2025-05-09,505.28,0,0,75554991,51277449,0.0373899852625222,99.6908331310635,0
449.25,460,0,26,0,27950,2025-04-07,2025-05-23,505.28,26,27950,4148026,3841751,0.673814484287225,91.5403375002953,1
450.39,454,77,77,27797,27797,2025-04-07,2025-08-15,505.28,0,0,795796258,347369745,0.00349297948068512,99.9923028037159,0
396,399,69,91,6762,27300,2025-04-07,2025-05-16,505.28,22,20538,4021897859,2337321162,0.000678784020805239,99.993721148352,0.752307692307692
445.19,461,19,17,7638,26877,2025-04-07,2025-08-15,505.28,-2,19239,795796258,347369745,0.003377372000661,99.9956801757165,0.715816497376939
497.15,527,0,9,0,26865,2025-04-07,2025-05-09,505.28,9,26865,75554991,51277449,0.0355568833301827,99.7263900143936,1
555.93,645,3,3,26721,26721,2025-04-07,2025-08-15,505.28,0,0,795796258,347369745,0.00335776899317865,99.9990379447097,0
423.08,428,42,53,5166,26076,2025-04-07,2025-05-16,505.28,11,20910,4021897859,2337321162,0.00064835062734496,99.9943694989794,0.80188679245283
562.4,581,14,14,26040,26040,2025-04-07,2025-05-02,505.28,0,0,334856295,202735238,0.00777647020194141,99.9819848093344,0
509.7,596,4,3,22008,25890,2025-04-07,2025-05-16,505.28,-1,3882,4021897859,2337321162,0.000643725945005407,99.9950132249244,0.149942062572422
511.84,598,4,3,22900,25848,2025-04-07,2025-05-16,505.28,-1,2948,4021897859,2337321162,0.000642681661896476,99.9956559065863,0.114051377282575
554.79,576,12,12,25452,25452,2025-04-07,2025-05-09,505.28,0,0,75554991,51277449,0.0336867222974059,99.760076736691,0
501.92,527,0,10,0,25080,2025-04-07,2025-05-02,505.28,10,25080,334856295,202735238,0.00748978005624771,99.9894745893907,1
498.37,533,0,7,0,24241,2025-04-07,2025-05-09,505.28,7,24241,75554991,51277449,0.0320839162034974,99.7921606528945,1
541.66,602,4,4,24136,24136,2025-04-07,2025-05-30,505.28,0,0,754833589,384724462,0.00319752596489185,99.9930425724603,0
393.6,397,41,70,3034,23800,2025-04-07,2025-05-16,505.28,29,20766,4021897859,2337321162,0.00059176042839431,99.9962476670147,0.872521008403361
538.1,585,5,5,23450,23450,2025-04-07,2025-04-25,505.28,0,0,438479392,268316798,0.00534802784984705,99.9936343644629,0
523.5,640,27,2,266085,23300,2025-04-07,2025-06-20,505.28,-25,-242785,3776542538,1873897874,0.000616966438628792,99.999364604006,-10.4199570815451
507.86,554,2,5,4490,23070,2025-04-07,2025-05-23,505.28,3,18580,4148026,3841751,0.556168162880368,92.0965056631757,0.805374945817079
537.67,650,2,2,22466,22466,2025-04-07,2025-07-18,505.28,0,0,906386767,426487786,0.00247863283290852,100,0
396.98,401,38,55,3534,22110,2025-04-07,2025-05-16,505.28,17,18576,4021897859,2337321162,0.000549740465201605,99.9967974074799,0.840162822252374
505.38,542,0,6,0,21972,2025-04-07,2025-05-23,505.28,6,21972,4148026,3841751,0.529697740563825,92.6262034037395,1
244.22,245,273,273,21294,21294,2025-04-07,2025-12-19,505.28,0,0,1385328150,446323561,0.00153710873485102,100,0
387.78,391,25,63,1950,20286,2025-04-07,2025-05-16,505.28,38,18336,4021897859,2337321162,0.000504388741613739,99.9973017962215,0.903874593315587
501.5,541,0,5,0,19750,2025-04-07,2025-05-09,505.28,5,19750,75554991,51277449,0.0261399012012324,99.8183005540958,1
403.13,407,11,51,1100,19737,2025-04-07,2025-05-16,505.28,40,18637,4021897859,2337321162,0.000490738469546996,99.997792534691,0.944267112529766
455.15,465,0,20,0,19700,2025-04-07,2025-05-23,505.28,20,19700,4148026,3841751,0.474924699121944,93.1011281028615,1
507.7,700,0,1,0,19230,2025-04-07,2025-04-11,505.28,1,19230,1332187463,1033620686,0.00144349053973945,99.9949521368525,1
382.53,385,27,71,1458,17537,2025-04-07,2025-05-09,505.28,44,16079,75554991,51277449,0.023210908727393,99.8415114628231,0.916861492843702
508.66,552,0,4,0,17336,2025-04-07,2025-05-23,505.28,4,17336,4148026,3841751,0.417933735227311,93.5190618380888,1
514.72,558,4,4,8724,17312,2025-04-07,2025-05-23,505.28,0,8588,4148026,3841751,0.417355146761375,93.9364169848501,0.496072088724584
505.01,539,0,5,0,16995,2025-04-07,2025-05-09,505.28,5,16995,75554991,51277449,0.0224935504260731,99.8640050132492,1
501.31,534,0,5,0,16345,2025-04-07,2025-05-23,505.28,5,16345,4148026,3841751,0.394042853154729,94.3304598380049,1
500.81,533,0,5,0,16095,2025-04-07,2025-05-23,505.28,5,16095,4148026,3841751,0.388015889967903,94.7184757279728,1
509.74,563,0,3,0,15978,2025-04-07,2025-05-23,505.28,3,15978,4148026,3841751,0.385195271196468,95.1036709991692,1
498,537,0,4,0,15600,2025-04-07,2025-05-09,505.28,4,15600,75554991,51277449,0.0206472131007202,99.8846522263499,1
541.01,593,3,3,15597,15597,2025-04-07,2025-05-16,505.28,0,0,4021897859,2337321162,0.000387801991666641,99.9981803366827,0
507,582,4,2,17708,15000,2025-04-07,2025-04-11,505.28,-2,-2708,1332187463,1033620686,0.00112596765970316,99.9960781045122,-0.180533333333333
537.79,611,2,2,14642,14642,2025-04-07,2025-05-16,505.28,0,0,4021897859,2337321162,0.000364056982880231,99.9985443936656,0
538.37,680,1,1,14163,14163,2025-04-07,2025-04-11,505.28,0,0,1332187463,1033620686,0.00106313866429172,99.9971412431765,0
445.83,455,0,15,0,13755,2025-04-07,2025-05-23,505.28,15,13755,4148026,3841751,0.331603514539205,95.4352745137085,1
438.78,445,0,20,0,12440,2025-04-07,2025-05-23,505.28,20,12440,4148026,3841751,0.299901688176496,95.735176201885,1
541.79,583,4,3,16484,12363,2025-04-07,2025-04-11,505.28,-1,-4121,1332187463,1033620686,0.000928022545127345,99.9980692657217,-0.333333333333333
507.36,568,0,2,0,12128,2025-04-07,2025-05-23,505.28,2,12128,4148026,3841751,0.292380038119337,96.0275562400043,1
509.59,630,6,1,53136,12041,2025-04-07,2025-06-20,505.28,-5,-41095,3776542538,1873897874,0.000318836604614991,99.9996834406106,-3.4129225147413
525.45,645,11,1,113916,11955,2025-04-07,2025-06-20,505.28,-10,-101961,3776542538,1873897874,0.000316559389433786,100,-8.52873274780427
519.85,559,2,3,5020,11745,2025-04-07,2025-05-23,505.28,1,6725,4148026,3841751,0.283146730517118,96.3107029705214,0.572584078331205
518.53,575,2,2,6620,11294,2025-04-07,2025-05-23,505.28,0,4674,4148026,3841751,0.272274088928083,96.5829770594495,0.413848060917301
541.66,598,3,2,16902,11268,2025-04-07,2025-05-30,505.28,-1,-5634,754833589,384724462,0.00149277935749094,99.9945353518178,-0.5
555.52,578,5,5,11240,11240,2025-04-07,2025-05-09,505.28,0,0,75554991,51277449,0.0148765817469292,99.8995288080969,0
545.14,581,3,3,10758,10758,2025-04-07,2025-05-09,505.28,0,0,75554991,51277449,0.014238635803689,99.9137674439006,0
541.53,595,2,2,10694,10694,2025-04-07,2025-05-02,505.28,0,0,334856295,202735238,0.00319360876880036,99.9926681981595,0
377.61,380,43,44,2408,10516,2025-04-07,2025-05-09,505.28,1,8108,75554991,51277449,0.0139183392927676,99.9276857831933,0.771015595283378
558.6,610,2,2,10280,10280,2025-04-07,2025-04-11,505.28,0,0,1332187463,1033620686,0.000771663169449899,99.9988409288911,0
549.77,601,2,2,10246,10246,2025-04-07,2025-05-30,505.28,0,0,754833589,384724462,0.00135738527661095,99.9958927370944,0
498.25,532,0,3,0,10125,2025-04-07,2025-05-09,505.28,3,10125,75554991,51277449,0.0134008354259482,99.9410866186193,1
502.77,528,0,4,0,10092,2025-04-07,2025-05-09,505.28,4,10092,75554991,51277449,0.0133571586290044,99.9544437772483,1
493.66,527,0,3,0,10002,2025-04-07,2025-05-23,505.28,3,10002,4148026,3841751,0.241126743178563,96.8241038026281,1
506.08,556,1,2,2632,9984,2025-04-07,2025-05-23,505.28,1,7352,4148026,3841751,0.240692801829111,97.0647966044572,0.736378205128205
508.58,606,1,1,6823,9742,2025-04-07,2025-05-16,505.28,0,2919,4021897859,2337321162,0.000242223953504932,99.9987866176191,0.299630466023404
512.77,610,13,1,67548,9723,2025-04-07,2025-05-30,505.28,-12,-57825,754833589,384724462,0.00128809848179663,99.9971808355762,-5.94723850663376
389.87,393,29,30,2320,9390,2025-04-07,2025-05-16,505.28,1,7070,4021897859,2337321162,0.000233471866496747,99.9990200894856,0.752928647497338
419.36,425,0,16,0,9024,2025-04-07,2025-05-23,505.28,16,9024,4148026,3841751,0.217549263191696,97.2823458676489,1
520,610,5,1,35750,9000,2025-04-07,2025-05-02,505.28,-4,-26750,334856295,202735238,0.00268772011587837,99.9953559182753,-2.97222222222222
537.34,627,1,1,8966,8966,2025-04-07,2025-05-16,505.28,0,0,4021897859,2337321162,0.000222929579873252,99.9992430190655,0
511.7,600,1,1,6258,8830,2025-04-07,2025-05-02,505.28,0,2572,334856295,202735238,0.00263695206924511,99.9979928703446,0.291279728199321
415.8,420,0,21,0,8820,2025-04-07,2025-05-23,505.28,21,8820,4148026,3841751,0.212631261231246,97.4949771288801,1
512.43,600,0,1,0,8757,2025-04-07,2025-05-23,505.28,1,8757,4148026,3841751,0.211112466508166,97.7060895953883,1
555.17,577,4,4,8732,8732,2025-04-07,2025-05-09,505.28,0,0,75554991,51277449,0.011557145179198,99.9660009224275,0
564.25,650,1,1,8575,8575,2025-04-07,2025-05-16,505.28,0,0,4021897859,2337321162,0.000213207801406774,99.9994562268668,0
509.66,595,0,1,0,8534,2025-04-07,2025-05-23,505.28,1,8534,4148026,3841751,0.205736415345516,97.9118260107338,1
508.7,551,0,2,0,8460,2025-04-07,2025-05-23,505.28,2,8460,4148026,3841751,0.203952434242215,98.115778444976,1
537.34,620,1,1,8266,8266,2025-04-07,2025-05-30,505.28,0,0,754833589,384724462,0.00109507580484736,99.9982759113811,0
558,577.5,4,4,7800,7800,2025-04-07,2025-05-09,505.28,0,0,75554991,51277449,0.0103236065503601,99.9763245289778,0
525.03,603,2,1,12308,7797,2025-04-07,2025-05-30,505.28,-1,-4511,754833589,384724462,0.00103294290471751,99.9993088542858,-0.578555854815955
567.3,645,1,1,7770,7770,2025-04-07,2025-09-19,505.28,0,0,2220318620,913921523,0.000349949774325633,100,0
433.24,446,6,6,2994,7656,2025-04-07,2025-08-15,505.28,0,4662,795796258,347369745,0.00096205529028763,100,0.608934169278997
506.51,580,0,1,0,7349,2025-04-07,2025-05-23,505.28,1,7349,4148026,3841751,0.177168609839958,98.292947054816,1
498.95,535,0,2,0,7210,2025-04-07,2025-05-23,505.28,2,7210,4148026,3841751,0.173817618308082,98.466764673124,1
537.95,610,1,1,7205,7205,2025-04-07,2025-04-25,505.28,0,0,438479392,268316798,0.00164317870610439,99.995277543169,0
524.75,594,8,1,42304,6925,2025-04-07,2025-05-16,505.28,-7,-35379,4021897859,2337321162,0.000172182393555908,99.9996284092604,-5.10888086642599
542.14,576,2,2,6772,6772,2025-04-07,2025-05-23,505.28,0,0,4148026,3841751,0.163258378804762,98.6300230519288,0
537.79,605,1,1,6721,6721,2025-04-07,2025-05-02,505.28,0,0,334856295,202735238,0.00200712965542428,100,0
404.85,410,0,13,0,6695,2025-04-07,2025-05-23,505.28,13,6695,4148026,3841751,0.161402074143219,98.791425126072,1
567.85,633,1,1,6515,6515,2025-04-07,2025-05-16,505.28,0,0,4021897859,2337321162,0.000161988201302056,99.9997903974617,0
556.51,572.5,4,4,6396,6396,2025-04-07,2025-05-09,505.28,0,0,75554991,51277449,0.0084653573712953,99.9847898863491,0
520.74,584,3,1,12489,6326,2025-04-07,2025-04-25,505.28,-2,-6163,438479392,268316798,0.00144271318456855,99.9967202563536,-0.974233322794815
522.03,584,2,1,8456,6197,2025-04-07,2025-04-11,505.28,-1,-2259,1332187463,1033620686,0.000465174772478699,99.9993061036636,-0.364531224786187
538.47,600,1,1,6153,6153,2025-04-07,2025-04-25,505.28,0,0,438479392,268316798,0.00140325865075091,99.9981235150043,0
506.56,567,1,1,3041,6044,2025-04-07,2025-05-23,505.28,0,3003,4148026,3841751,0.145707862004722,98.9371329880768,0.496856386499007
499.2,529,0,2,0,5960,2025-04-07,2025-05-23,505.28,2,5960,4148026,3841751,0.143682802373948,99.0808157904507,1
566.4,625,1,1,5860,5860,2025-04-07,2025-04-11,505.28,0,0,1332187463,1033620686,0.000439878032390701,99.999745981696,0
567.88,625,1,1,5712,5712,2025-04-07,2025-05-16,505.28,0,0,4021897859,2337321162,0.000142022502814635,99.9999324199645,0
410,415,0,11,0,5500,2025-04-07,2025-05-23,505.28,11,5500,4148026,3841751,0.132593190110187,99.2134089805609,1
554.83,607,1,1,5217,5217,2025-04-07,2025-05-30,505.28,0,0,754833589,384724462,0.000691145714237685,100,0
512.06,564,0,1,0,5194,2025-04-07,2025-05-23,505.28,1,5194,4148026,3841751,0.125216187169511,99.3386251677304,1
541.53,590,1,1,4847,4847,2025-04-07,2025-05-09,505.28,0,0,75554991,51277449,0.00641519499353789,99.9912050813427,0
541.88,587,1,1,4512,4512,2025-04-07,2025-04-25,505.28,0,0,438479392,268316798,0.00102901073170618,99.999152525736,0
503.42,546,0,1,0,4258,2025-04-07,2025-05-23,505.28,1,4258,4148026,3841751,0.102651236998032,99.4412764047284,1
532.12,553,2,2,4176,4176,2025-04-07,2025-05-23,505.28,0,0,4148026,3841751,0.100674393072753,99.5419507978012,0
540.72,578,1,1,3728,3728,2025-04-07,2025-05-23,505.28,0,0,4148026,3841751,0.0898740750419597,99.6318248728431,0
544.84,582,1,1,3716,3716,2025-04-07,2025-04-25,505.28,0,0,438479392,268316798,0.000847474263967233,100,0
401.78,405,0,11,0,3542,2025-04-07,2025-05-23,505.28,11,3542,4148026,3841751,0.0853900144309607,99.7172148872741,1
558.16,592,1,1,3384,3384,2025-04-07,2025-04-11,505.28,0,0,1332187463,1033620686,0.000254018304029033,100,0
508.21,542,0,1,0,3379,2025-04-07,2025-05-09,505.28,1,3379,75554991,51277449,0.00447223929918806,99.9956773206419,1
498.34,531,0,1,0,3266,2025-04-07,2025-05-09,505.28,1,3266,75554991,51277449,0.00432267935813797,100,1
501.1,531,0,1,0,2990,2025-04-07,2025-05-23,505.28,1,2990,4148026,3841751,0.0720824797144473,99.7892973669885,1
513.11,543,0,1,0,2989,2025-04-07,2025-05-23,505.28,1,2989,4148026,3841751,0.0720583718617,99.8613557388502,1
509.56,539,0,1,0,2944,2025-04-07,2025-05-23,505.28,1,2944,4148026,3841751,0.0709735184880712,99.9323292573383,1
534.43,562.5,1,1,2807,2807,2025-04-07,2025-05-23,505.28,0,0,4148026,3841751,0.0676707426616902,100,0
409.47,414,4,6,404,2718,2025-04-07,2025-05-16,505.28,2,2314,4021897859,2337321162,6.75800354779721e-05,100,0.851361295069904
515.58,576,15,0,52410,0,2025-04-07,2025-04-11,505.28,-15,-52410,1332187463,1033620686,0,100,-Inf
521,581,13,0,52780,0,2025-04-07,2025-04-11,505.28,-13,-52780,1332187463,1033620686,0,100,-Inf
537.5,582.5,0,0,0,0,2025-04-07,2025-04-11,505.28,0,0,1332187463,1033620686,0,100,
541.78,586,0,0,0,0,2025-04-07,2025-04-11,505.28,0,0,1332187463,1033620686,0,100,
562.63,587,0,0,0,0,2025-04-07,2025-04-11,505.28,0,0,1332187463,1033620686,0,100,
518.76,587.5,500,0,2486000,0,2025-04-07,2025-04-11,505.28,-500,-2486000,1332187463,1033620686,0,100,-Inf
541.61,588,0,0,0,0,2025-04-07,2025-04-11,505.28,0,0,1332187463,1033620686,0,100,
541.53,589,0,0,0,0,2025-04-07,2025-04-11,505.28,0,0,1332187463,1033620686,0,100,
516.08,590,1,0,5076,0,2025-04-07,2025-04-11,505.28,-1,-5076,1332187463,1033620686,0,100,-Inf
540.04,591,0,0,0,0,2025-04-07,2025-04-11,505.28,0,0,1332187463,1033620686,0,100,
574.08,592.5,0,0,0,0,2025-04-07,2025-04-11,505.28,0,0,1332187463,1033620686,0,100,
541.94,593,0,0,0,0,2025-04-07,2025-04-11,505.28,0,0,1332187463,1033620686,0,100,
549.91,594,0,0,0,0,2025-04-07,2025-04-11,505.28,0,0,1332187463,1033620686,0,100,
562.3,596,0,0,0,0,2025-04-07,2025-04-11,505.28,0,0,1332187463,1033620686,0,100,
556.36,597,0,0,0,0,2025-04-07,2025-04-11,505.28,0,0,1332187463,1033620686,0,100,
573.88,597.5,0,0,0,0,2025-04-07,2025-04-11,505.28,0,0,1332187463,1033620686,0,100,
555.45,598,0,0,0,0,2025-04-07,2025-04-11,505.28,0,0,1332187463,1033620686,0,100,
560.5,599,0,0,0,0,2025-04-07,2025-04-11,505.28,0,0,1332187463,1033620686,0,100,
542.35,600,0,0,0,0,2025-04-07,2025-04-11,505.28,0,0,1332187463,1033620686,0,100,
566.04,601,0,0,0,0,2025-04-07,2025-04-11,505.28,0,0,1332187463,1033620686,0,100,
564.45,602,0,0,0,0,2025-04-07,2025-04-11,505.28,0,0,1332187463,1033620686,0,100,
555,602.5,0,0,0,0,2025-04-07,2025-04-11,505.28,0,0,1332187463,1033620686,0,100,
575.82,603,0,0,0,0,2025-04-07,2025-04-11,505.28,0,0,1332187463,1033620686,0,100,
560.48,604,0,0,0,0,2025-04-07,2025-04-11,505.28,0,0,1332187463,1033620686,0,100,
520.09,605,1,0,5757,0,2025-04-07,2025-04-11,505.28,-1,-5757,1332187463,1033620686,0,100,-Inf
559.49,606,0,0,0,0,2025-04-07,2025-04-11,505.28,0,0,1332187463,1033620686,0,100,
572.7,607,0,0,0,0,2025-04-07,2025-04-11,505.28,0,0,1332187463,1033620686,0,100,
570.55,608,0,0,0,0,2025-04-07,2025-04-11,505.28,0,0,1332187463,1033620686,0,100,
543.63,609,0,0,0,0,2025-04-07,2025-04-11,505.28,0,0,1332187463,1033620686,0,100,
558.58,611,0,0,0,0,2025-04-07,2025-04-11,505.28,0,0,1332187463,1033620686,0,100,
569.29,612,0,0,0,0,2025-04-07,2025-04-11,505.28,0,0,1332187463,1033620686,0,100,
613,613,0,0,0,0,2025-04-07,2025-04-11,505.28,0,0,1332187463,1033620686,0,100,
590.68,614,0,0,0,0,2025-04-07,2025-04-11,505.28,0,0,1332187463,1033620686,0,100,
572.5,615,0,0,0,0,2025-04-07,2025-04-11,505.28,0,0,1332187463,1033620686,0,100,
563.82,616,0,0,0,0,2025-04-07,2025-04-11,505.28,0,0,1332187463,1033620686,0,100,
617,617,0,0,0,0,2025-04-07,2025-04-11,505.28,0,0,1332187463,1033620686,0,100,
618,618,0,0,0,0,2025-04-07,2025-04-11,505.28,0,0,1332187463,1033620686,0,100,
619,619,0,0,0,0,2025-04-07,2025-04-11,505.28,0,0,1332187463,1033620686,0,100,
574.36,620,0,0,0,0,2025-04-07,2025-04-11,505.28,0,0,1332187463,1033620686,0,100,
621,621,0,0,0,0,2025-04-07,2025-04-11,505.28,0,0,1332187463,1033620686,0,100,
575.55,622,0,0,0,0,2025-04-07,2025-04-11,505.28,0,0,1332187463,1033620686,0,100,
623,623,0,0,0,0,2025-04-07,2025-04-11,505.28,0,0,1332187463,1033620686,0,100,
552.6,624,0,0,0,0,2025-04-07,2025-04-11,505.28,0,0,1332187463,1033620686,0,100,
626,626,0,0,0,0,2025-04-07,2025-04-11,505.28,0,0,1332187463,1033620686,0,100,
557.69,627,0,0,0,0,2025-04-07,2025-04-11,505.28,0,0,1332187463,1033620686,0,100,
573.36,628,0,0,0,0,2025-04-07,2025-04-11,505.28,0,0,1332187463,1033620686,0,100,
629,629,0,0,0,0,2025-04-07,2025-04-11,505.28,0,0,1332187463,1033620686,0,100,
630,630,0,0,0,0,2025-04-07,2025-04-11,505.28,0,0,1332187463,1033620686,0,100,
635,635,0,0,0,0,2025-04-07,2025-04-11,505.28,0,0,1332187463,1033620686,0,100,
555.41,640,0,0,0,0,2025-04-07,2025-04-11,505.28,0,0,1332187463,1033620686,0,100,
575.74,645,0,0,0,0,2025-04-07,2025-04-11,505.28,0,0,1332187463,1033620686,0,100,
555.23,650,0,0,0,0,2025-04-07,2025-04-11,505.28,0,0,1332187463,1033620686,0,100,
655,655,0,0,0,0,2025-04-07,2025-04-11,505.28,0,0,1332187463,1033620686,0,100,
557.99,660,0,0,0,0,2025-04-07,2025-04-11,505.28,0,0,1332187463,1033620686,0,100,
665,665,0,0,0,0,2025-04-07,2025-04-11,505.28,0,0,1332187463,1033620686,0,100,
558.36,670,0,0,0,0,2025-04-07,2025-04-11,505.28,0,0,1332187463,1033620686,0,100,
555.57,675,0,0,0,0,2025-04-07,2025-04-11,505.28,0,0,1332187463,1033620686,0,100,
685,685,0,0,0,0,2025-04-07,2025-04-11,505.28,0,0,1332187463,1033620686,0,100,
558.05,690,0,0,0,0,2025-04-07,2025-04-11,505.28,0,0,1332187463,1033620686,0,100,
695,695,0,0,0,0,2025-04-07,2025-04-11,505.28,0,0,1332187463,1033620686,0,100,
542.44,583,0,0,0,0,2025-04-07,2025-04-25,505.28,0,0,438479392,268316798,0,100,
541.67,586,0,0,0,0,2025-04-07,2025-04-25,505.28,0,0,438479392,268316798,0,100,
541.87,588,0,0,0,0,2025-04-07,2025-04-25,505.28,0,0,438479392,268316798,0,100,
525.25,589,5,0,25790,0,2025-04-07,2025-04-25,505.28,-5,-25790,438479392,268316798,0,100,-Inf
520.4,590,0,0,0,0,2025-04-07,2025-04-25,505.28,0,0,438479392,268316798,0,100,
556.92,591,0,0,0,0,2025-04-07,2025-04-25,505.28,0,0,438479392,268316798,0,100,
569.69,592,0,0,0,0,2025-04-07,2025-04-25,505.28,0,0,438479392,268316798,0,100,
558.38,593,1,0,3462,0,2025-04-07,2025-04-25,505.28,-1,-3462,438479392,268316798,0,100,-Inf
565.84,594,0,0,0,0,2025-04-07,2025-04-25,505.28,0,0,438479392,268316798,0,100,
538,595,0,0,0,0,2025-04-07,2025-04-25,505.28,0,0,438479392,268316798,0,100,
537.98,596,0,0,0,0,2025-04-07,2025-04-25,505.28,0,0,438479392,268316798,0,100,
566.33,597,0,0,0,0,2025-04-07,2025-04-25,505.28,0,0,438479392,268316798,0,100,
537.8,598,0,0,0,0,2025-04-07,2025-04-25,505.28,0,0,438479392,268316798,0,100,
537.78,599,0,0,0,0,2025-04-07,2025-04-25,505.28,0,0,438479392,268316798,0,100,
574.29,601,0,0,0,0,2025-04-07,2025-04-25,505.28,0,0,438479392,268316798,0,100,
521.59,602,1,0,6420,0,2025-04-07,2025-04-25,505.28,-1,-6420,438479392,268316798,0,100,-Inf
537.78,603,0,0,0,0,2025-04-07,2025-04-25,505.28,0,0,438479392,268316798,0,100,
556.86,604,0,0,0,0,2025-04-07,2025-04-25,505.28,0,0,438479392,268316798,0,100,
542.4,605,0,0,0,0,2025-04-07,2025-04-25,505.28,0,0,438479392,268316798,0,100,
537.93,615,0,0,0,0,2025-04-07,2025-04-25,505.28,0,0,438479392,268316798,0,100,
538.32,620,0,0,0,0,2025-04-07,2025-04-25,505.28,0,0,438479392,268316798,0,100,
568.49,625,0,0,0,0,2025-04-07,2025-04-25,505.28,0,0,438479392,268316798,0,100,
563.94,630,0,0,0,0,2025-04-07,2025-04-25,505.28,0,0,438479392,268316798,0,100,
570.5,635,0,0,0,0,2025-04-07,2025-04-25,505.28,0,0,438479392,268316798,0,100,
640,640,0,0,0,0,2025-04-07,2025-04-25,505.28,0,0,438479392,268316798,0,100,
560.84,645,0,0,0,0,2025-04-07,2025-04-25,505.28,0,0,438479392,268316798,0,100,
650,650,0,0,0,0,2025-04-07,2025-04-25,505.28,0,0,438479392,268316798,0,100,
655,655,0,0,0,0,2025-04-07,2025-04-25,505.28,0,0,438479392,268316798,0,100,
660,660,0,0,0,0,2025-04-07,2025-04-25,505.28,0,0,438479392,268316798,0,100,
665,665,0,0,0,0,2025-04-07,2025-04-25,505.28,0,0,438479392,268316798,0,100,
670,670,0,0,0,0,2025-04-07,2025-04-25,505.28,0,0,438479392,268316798,0,100,
675,675,0,0,0,0,2025-04-07,2025-04-25,505.28,0,0,438479392,268316798,0,100,
680,680,0,0,0,0,2025-04-07,2025-04-25,505.28,0,0,438479392,268316798,0,100,
685,685,0,0,0,0,2025-04-07,2025-04-25,505.28,0,0,438479392,268316798,0,100,
690,690,0,0,0,0,2025-04-07,2025-04-25,505.28,0,0,438479392,268316798,0,100,
695,695,0,0,0,0,2025-04-07,2025-04-25,505.28,0,0,438479392,268316798,0,100,
700,700,0,0,0,0,2025-04-07,2025-04-25,505.28,0,0,438479392,268316798,0,100,
541.53,590,0,0,0,0,2025-04-07,2025-05-02,505.28,0,0,334856295,202735238,0,100,
537.39,615,0,0,0,0,2025-04-07,2025-05-02,505.28,0,0,334856295,202735238,0,100,
560.08,620,0,0,0,0,2025-04-07,2025-05-02,505.28,0,0,334856295,202735238,0,100,
625,625,0,0,0,0,2025-04-07,2025-05-02,505.28,0,0,334856295,202735238,0,100,
560.31,630,0,0,0,0,2025-04-07,2025-05-02,505.28,0,0,334856295,202735238,0,100,
560.33,635,0,0,0,0,2025-04-07,2025-05-02,505.28,0,0,334856295,202735238,0,100,
640,640,0,0,0,0,2025-04-07,2025-05-02,505.28,0,0,334856295,202735238,0,100,
645,645,0,0,0,0,2025-04-07,2025-05-02,505.28,0,0,334856295,202735238,0,100,
650,650,0,0,0,0,2025-04-07,2025-05-02,505.28,0,0,334856295,202735238,0,100,
529,529,0,0,0,0,2025-04-07,2025-05-09,505.28,0,0,75554991,51277449,0,100,
499.37,534,0,0,0,0,2025-04-07,2025-05-09,505.28,0,0,75554991,51277449,0,100,
512.54,544,0,0,0,0,2025-04-07,2025-05-09,505.28,0,0,75554991,51277449,0,100,
514.88,546,0,0,0,0,2025-04-07,2025-05-09,505.28,0,0,75554991,51277449,0,100,
516.73,547,0,0,0,0,2025-04-07,2025-05-09,505.28,0,0,75554991,51277449,0,100,
513.2,582,6,0,23280,0,2025-04-07,2025-05-09,505.28,-6,-23280,75554991,51277449,0,100,-Inf
541.81,595,0,0,0,0,2025-04-07,2025-05-09,505.28,0,0,75554991,51277449,0,100,
558.64,600,0,0,0,0,2025-04-07,2025-05-09,505.28,0,0,75554991,51277449,0,100,
605,605,0,0,0,0,2025-04-07,2025-05-09,505.28,0,0,75554991,51277449,0,100,
560.43,610,0,0,0,0,2025-04-07,2025-05-09,505.28,0,0,75554991,51277449,0,100,
615,615,0,0,0,0,2025-04-07,2025-05-09,505.28,0,0,75554991,51277449,0,100,
620,620,0,0,0,0,2025-04-07,2025-05-09,505.28,0,0,75554991,51277449,0,100,
560.06,625,0,0,0,0,2025-04-07,2025-05-09,505.28,0,0,75554991,51277449,0,100,
630,630,0,0,0,0,2025-04-07,2025-05-09,505.28,0,0,75554991,51277449,0,100,
635,635,0,0,0,0,2025-04-07,2025-05-09,505.28,0,0,75554991,51277449,0,100,
640,640,0,0,0,0,2025-04-07,2025-05-09,505.28,0,0,75554991,51277449,0,100,
552.82,645,0,0,0,0,2025-04-07,2025-05-09,505.28,0,0,75554991,51277449,0,100,
650,650,0,0,0,0,2025-04-07,2025-05-09,505.28,0,0,75554991,51277449,0,100,
539.69,597,0,0,0,0,2025-04-07,2025-05-16,505.28,0,0,4021897859,2337321162,0,100,
555.53,601,0,0,0,0,2025-04-07,2025-05-16,505.28,0,0,4021897859,2337321162,0,100,
556.18,603,0,0,0,0,2025-04-07,2025-05-16,505.28,0,0,4021897859,2337321162,0,100,
537.75,607,0,0,0,0,2025-04-07,2025-05-16,505.28,0,0,4021897859,2337321162,0,100,
512.29,608,1,0,7020,0,2025-04-07,2025-05-16,505.28,-1,-7020,4021897859,2337321162,0,100,-Inf
537.78,609,0,0,0,0,2025-04-07,2025-05-16,505.28,0,0,4021897859,2337321162,0,100,
537.77,612,0,0,0,0,2025-04-07,2025-05-16,505.28,0,0,4021897859,2337321162,0,100,
563.89,613,0,0,0,0,2025-04-07,2025-05-16,505.28,0,0,4021897859,2337321162,0,100,
575.44,614,0,0,0,0,2025-04-07,2025-05-16,505.28,0,0,4021897859,2337321162,0,100,
558.92,616,0,0,0,0,2025-04-07,2025-05-16,505.28,0,0,4021897859,2337321162,0,100,
579.54,617,0,0,0,0,2025-04-07,2025-05-16,505.28,0,0,4021897859,2337321162,0,100,
579.23,618,0,0,0,0,2025-04-07,2025-05-16,505.28,0,0,4021897859,2337321162,0,100,
561.49,619,0,0,0,0,2025-04-07,2025-05-16,505.28,0,0,4021897859,2337321162,0,100,
558.79,621,0,0,0,0,2025-04-07,2025-05-16,505.28,0,0,4021897859,2337321162,0,100,
580.47,622,0,0,0,0,2025-04-07,2025-05-16,505.28,0,0,4021897859,2337321162,0,100,
580.45,623,0,0,0,0,2025-04-07,2025-05-16,505.28,0,0,4021897859,2337321162,0,100,
574.74,624,0,0,0,0,2025-04-07,2025-05-16,505.28,0,0,4021897859,2337321162,0,100,
567.86,626,0,0,0,0,2025-04-07,2025-05-16,505.28,0,0,4021897859,2337321162,0,100,
516.66,628,0,0,0,0,2025-04-07,2025-05-16,505.28,0,0,4021897859,2337321162,0,100,
597.78,629,0,0,0,0,2025-04-07,2025-05-16,505.28,0,0,4021897859,2337321162,0,100,
567.6,630,0,0,0,0,2025-04-07,2025-05-16,505.28,0,0,4021897859,2337321162,0,100,
567.58,631,0,0,0,0,2025-04-07,2025-05-16,505.28,0,0,4021897859,2337321162,0,100,
592.7,632,0,0,0,0,2025-04-07,2025-05-16,505.28,0,0,4021897859,2337321162,0,100,
567.83,634,0,0,0,0,2025-04-07,2025-05-16,505.28,0,0,4021897859,2337321162,0,100,
560.27,635,0,0,0,0,2025-04-07,2025-05-16,505.28,0,0,4021897859,2337321162,0,100,
636,636,0,0,0,0,2025-04-07,2025-05-16,505.28,0,0,4021897859,2337321162,0,100,
637,637,0,0,0,0,2025-04-07,2025-05-16,505.28,0,0,4021897859,2337321162,0,100,
638,638,0,0,0,0,2025-04-07,2025-05-16,505.28,0,0,4021897859,2337321162,0,100,
564.17,639,0,0,0,0,2025-04-07,2025-05-16,505.28,0,0,4021897859,2337321162,0,100,
573.75,640,0,0,0,0,2025-04-07,2025-05-16,505.28,0,0,4021897859,2337321162,0,100,
573.01,645,0,0,0,0,2025-04-07,2025-05-16,505.28,0,0,4021897859,2337321162,0,100,
564.23,655,0,0,0,0,2025-04-07,2025-05-16,505.28,0,0,4021897859,2337321162,0,100,
575.65,660,0,0,0,0,2025-04-07,2025-05-16,505.28,0,0,4021897859,2337321162,0,100,
665,665,0,0,0,0,2025-04-07,2025-05-16,505.28,0,0,4021897859,2337321162,0,100,
610.41,670,0,0,0,0,2025-04-07,2025-05-16,505.28,0,0,4021897859,2337321162,0,100,
558.32,680,0,0,0,0,2025-04-07,2025-05-16,505.28,0,0,4021897859,2337321162,0,100,
685,685,0,0,0,0,2025-04-07,2025-05-16,505.28,0,0,4021897859,2337321162,0,100,
593.46,690,0,0,0,0,2025-04-07,2025-05-16,505.28,0,0,4021897859,2337321162,0,100,
695,695,0,0,0,0,2025-04-07,2025-05-16,505.28,0,0,4021897859,2337321162,0,100,
573,700,0,0,0,0,2025-04-07,2025-05-16,505.28,0,0,4021897859,2337321162,0,100,
560.42,705,0,0,0,0,2025-04-07,2025-05-16,505.28,0,0,4021897859,2337321162,0,100,
710,710,0,0,0,0,2025-04-07,2025-05-16,505.28,0,0,4021897859,2337321162,0,100,
715,715,0,0,0,0,2025-04-07,2025-05-16,505.28,0,0,4021897859,2337321162,0,100,
720,720,0,0,0,0,2025-04-07,2025-05-16,505.28,0,0,4021897859,2337321162,0,100,
725,725,0,0,0,0,2025-04-07,2025-05-16,505.28,0,0,4021897859,2337321162,0,100,
730,730,0,0,0,0,2025-04-07,2025-05-16,505.28,0,0,4021897859,2337321162,0,100,
735,735,0,0,0,0,2025-04-07,2025-05-16,505.28,0,0,4021897859,2337321162,0,100,
610.03,740,0,0,0,0,2025-04-07,2025-05-16,505.28,0,0,4021897859,2337321162,0,100,
610.01,745,0,0,0,0,2025-04-07,2025-05-16,505.28,0,0,4021897859,2337321162,0,100,
750,750,0,0,0,0,2025-04-07,2025-05-16,505.28,0,0,4021897859,2337321162,0,100,
755,755,0,0,0,0,2025-04-07,2025-05-16,505.28,0,0,4021897859,2337321162,0,100,
760,760,0,0,0,0,2025-04-07,2025-05-16,505.28,0,0,4021897859,2337321162,0,100,
765,765,0,0,0,0,2025-04-07,2025-05-16,505.28,0,0,4021897859,2337321162,0,100,
770,770,0,0,0,0,2025-04-07,2025-05-16,505.28,0,0,4021897859,2337321162,0,100,
775,775,0,0,0,0,2025-04-07,2025-05-16,505.28,0,0,4021897859,2337321162,0,100,
780,780,0,0,0,0,2025-04-07,2025-05-16,505.28,0,0,4021897859,2337321162,0,100,
785,785,0,0,0,0,2025-04-07,2025-05-16,505.28,0,0,4021897859,2337321162,0,100,
790,790,0,0,0,0,2025-04-07,2025-05-16,505.28,0,0,4021897859,2337321162,0,100,
795,795,0,0,0,0,2025-04-07,2025-05-16,505.28,0,0,4021897859,2337321162,0,100,
800,800,0,0,0,0,2025-04-07,2025-05-16,505.28,0,0,4021897859,2337321162,0,100,
528,528,0,0,0,0,2025-04-07,2025-05-23,505.28,0,0,4148026,3841751,0,100,
536,536,0,0,0,0,2025-04-07,2025-05-23,505.28,0,0,4148026,3841751,0,100,
537,537,0,0,0,0,2025-04-07,2025-05-23,505.28,0,0,4148026,3841751,0,100,
538,538,0,0,0,0,2025-04-07,2025-05-23,505.28,0,0,4148026,3841751,0,100,
541,541,0,0,0,0,2025-04-07,2025-05-23,505.28,0,0,4148026,3841751,0,100,
544,544,0,0,0,0,2025-04-07,2025-05-23,505.28,0,0,4148026,3841751,0,100,
545,545,0,0,0,0,2025-04-07,2025-05-23,505.28,0,0,4148026,3841751,0,100,
547,547,0,0,0,0,2025-04-07,2025-05-23,505.28,0,0,4148026,3841751,0,100,
548,548,0,0,0,0,2025-04-07,2025-05-23,505.28,0,0,4148026,3841751,0,100,
549,549,0,0,0,0,2025-04-07,2025-05-23,505.28,0,0,4148026,3841751,0,100,
552.5,552.5,0,0,0,0,2025-04-07,2025-05-23,505.28,0,0,4148026,3841751,0,100,
557,557,0,0,0,0,2025-04-07,2025-05-23,505.28,0,0,4148026,3841751,0,100,
557.5,557.5,0,0,0,0,2025-04-07,2025-05-23,505.28,0,0,4148026,3841751,0,100,
561,561,0,0,0,0,2025-04-07,2025-05-23,505.28,0,0,4148026,3841751,0,100,
562,562,0,0,0,0,2025-04-07,2025-05-23,505.28,0,0,4148026,3841751,0,100,
567.5,567.5,0,0,0,0,2025-04-07,2025-05-23,505.28,0,0,4148026,3841751,0,100,
571,571,0,0,0,0,2025-04-07,2025-05-23,505.28,0,0,4148026,3841751,0,100,
572,572,0,0,0,0,2025-04-07,2025-05-23,505.28,0,0,4148026,3841751,0,100,
572.5,572.5,0,0,0,0,2025-04-07,2025-05-23,505.28,0,0,4148026,3841751,0,100,
573,573,0,0,0,0,2025-04-07,2025-05-23,505.28,0,0,4148026,3841751,0,100,
574,574,0,0,0,0,2025-04-07,2025-05-23,505.28,0,0,4148026,3841751,0,100,
544,577,0,0,0,0,2025-04-07,2025-05-23,505.28,0,0,4148026,3841751,0,100,
585,585,0,0,0,0,2025-04-07,2025-05-23,505.28,0,0,4148026,3841751,0,100,
590,590,0,0,0,0,2025-04-07,2025-05-23,505.28,0,0,4148026,3841751,0,100,
605,605,0,0,0,0,2025-04-07,2025-05-23,505.28,0,0,4148026,3841751,0,100,
610,610,0,0,0,0,2025-04-07,2025-05-23,505.28,0,0,4148026,3841751,0,100,
615,615,0,0,0,0,2025-04-07,2025-05-23,505.28,0,0,4148026,3841751,0,100,
620,620,0,0,0,0,2025-04-07,2025-05-23,505.28,0,0,4148026,3841751,0,100,
625,625,0,0,0,0,2025-04-07,2025-05-23,505.28,0,0,4148026,3841751,0,100,
630,630,0,0,0,0,2025-04-07,2025-05-23,505.28,0,0,4148026,3841751,0,100,
635,635,0,0,0,0,2025-04-07,2025-05-23,505.28,0,0,4148026,3841751,0,100,
640,640,0,0,0,0,2025-04-07,2025-05-23,505.28,0,0,4148026,3841751,0,100,
645,645,0,0,0,0,2025-04-07,2025-05-23,505.28,0,0,4148026,3841751,0,100,
650,650,0,0,0,0,2025-04-07,2025-05-23,505.28,0,0,4148026,3841751,0,100,
541.42,596,2,0,10916,0,2025-04-07,2025-05-30,505.28,-2,-10916,754833589,384724462,0,100,-Inf
556.7,604,0,0,0,0,2025-04-07,2025-05-30,505.28,0,0,754833589,384724462,0,100,
518.23,606,1,0,6061,0,2025-04-07,2025-05-30,505.28,-1,-6061,754833589,384724462,0,100,-Inf
513,611,1,0,7366,0,2025-04-07,2025-05-30,505.28,-1,-7366,754833589,384724462,0,100,-Inf
537.31,612,0,0,0,0,2025-04-07,2025-05-30,505.28,0,0,754833589,384724462,0,100,
574.57,613,0,0,0,0,2025-04-07,2025-05-30,505.28,0,0,754833589,384724462,0,100,
570.5,614,0,0,0,0,2025-04-07,2025-05-30,505.28,0,0,754833589,384724462,0,100,
569.6,615,0,0,0,0,2025-04-07,2025-05-30,505.28,0,0,754833589,384724462,0,100,
563.99,616,0,0,0,0,2025-04-07,2025-05-30,505.28,0,0,754833589,384724462,0,100,
563.75,617,0,0,0,0,2025-04-07,2025-05-30,505.28,0,0,754833589,384724462,0,100,
563.76,618,0,0,0,0,2025-04-07,2025-05-30,505.28,0,0,754833589,384724462,0,100,
568.24,619,0,0,0,0,2025-04-07,2025-05-30,505.28,0,0,754833589,384724462,0,100,
537.31,621,0,0,0,0,2025-04-07,2025-05-30,505.28,0,0,754833589,384724462,0,100,
599.58,622,0,0,0,0,2025-04-07,2025-05-30,505.28,0,0,754833589,384724462,0,100,
549.83,623,0,0,0,0,2025-04-07,2025-05-30,505.28,0,0,754833589,384724462,0,100,
567.64,624,0,0,0,0,2025-04-07,2025-05-30,505.28,0,0,754833589,384724462,0,100,
538.02,626,0,0,0,0,2025-04-07,2025-05-30,505.28,0,0,754833589,384724462,0,100,
627,627,0,0,0,0,2025-04-07,2025-05-30,505.28,0,0,754833589,384724462,0,100,
628,628,0,0,0,0,2025-04-07,2025-05-30,505.28,0,0,754833589,384724462,0,100,
629,629,0,0,0,0,2025-04-07,2025-05-30,505.28,0,0,754833589,384724462,0,100,
570.69,630,0,0,0,0,2025-04-07,2025-05-30,505.28,0,0,754833589,384724462,0,100,
631,631,0,0,0,0,2025-04-07,2025-05-30,505.28,0,0,754833589,384724462,0,100,
632,632,0,0,0,0,2025-04-07,2025-05-30,505.28,0,0,754833589,384724462,0,100,
633,633,0,0,0,0,2025-04-07,2025-05-30,505.28,0,0,754833589,384724462,0,100,
634,634,0,0,0,0,2025-04-07,2025-05-30,505.28,0,0,754833589,384724462,0,100,
570.62,635,0,0,0,0,2025-04-07,2025-05-30,505.28,0,0,754833589,384724462,0,100,
570.69,640,0,0,0,0,2025-04-07,2025-05-30,505.28,0,0,754833589,384724462,0,100,
610.6,645,0,0,0,0,2025-04-07,2025-05-30,505.28,0,0,754833589,384724462,0,100,
516.48,650,0,0,0,0,2025-04-07,2025-05-30,505.28,0,0,754833589,384724462,0,100,
602.48,655,0,0,0,0,2025-04-07,2025-05-30,505.28,0,0,754833589,384724462,0,100,
605.33,660,0,0,0,0,2025-04-07,2025-05-30,505.28,0,0,754833589,384724462,0,100,
665,665,0,0,0,0,2025-04-07,2025-05-30,505.28,0,0,754833589,384724462,0,100,
670,670,0,0,0,0,2025-04-07,2025-05-30,505.28,0,0,754833589,384724462,0,100,
675,675,0,0,0,0,2025-04-07,2025-05-30,505.28,0,0,754833589,384724462,0,100,
607.45,680,0,0,0,0,2025-04-07,2025-05-30,505.28,0,0,754833589,384724462,0,100,
685,685,0,0,0,0,2025-04-07,2025-05-30,505.28,0,0,754833589,384724462,0,100,
690,690,0,0,0,0,2025-04-07,2025-05-30,505.28,0,0,754833589,384724462,0,100,
593.54,695,0,0,0,0,2025-04-07,2025-05-30,505.28,0,0,754833589,384724462,0,100,
607.44,700,0,0,0,0,2025-04-07,2025-05-30,505.28,0,0,754833589,384724462,0,100,
705,705,0,0,0,0,2025-04-07,2025-05-30,505.28,0,0,754833589,384724462,0,100,
710,710,0,0,0,0,2025-04-07,2025-05-30,505.28,0,0,754833589,384724462,0,100,
715,715,0,0,0,0,2025-04-07,2025-05-30,505.28,0,0,754833589,384724462,0,100,
602,720,0,0,0,0,2025-04-07,2025-05-30,505.28,0,0,754833589,384724462,0,100,
514.5,635,2,0,15800,0,2025-04-07,2025-06-20,505.28,-2,-15800,3776542538,1873897874,0,100,-Inf
512.41,655,0,0,0,0,2025-04-07,2025-06-20,505.28,0,0,3776542538,1873897874,0,100,
574.7,660,0,0,0,0,2025-04-07,2025-06-20,505.28,0,0,3776542538,1873897874,0,100,
574.68,665,0,0,0,0,2025-04-07,2025-06-20,505.28,0,0,3776542538,1873897874,0,100,
598.01,670,0,0,0,0,2025-04-07,2025-06-20,505.28,0,0,3776542538,1873897874,0,100,
593.4,675,0,0,0,0,2025-04-07,2025-06-20,505.28,0,0,3776542538,1873897874,0,100,
564.32,680,0,0,0,0,2025-04-07,2025-06-20,505.28,0,0,3776542538,1873897874,0,100,
685,685,0,0,0,0,2025-04-07,2025-06-20,505.28,0,0,3776542538,1873897874,0,100,
577,690,0,0,0,0,2025-04-07,2025-06-20,505.28,0,0,3776542538,1873897874,0,100,
606.9,695,0,0,0,0,2025-04-07,2025-06-20,505.28,0,0,3776542538,1873897874,0,100,
510,700,0,0,0,0,2025-04-07,2025-06-20,505.28,0,0,3776542538,1873897874,0,100,
564.85,705,0,0,0,0,2025-04-07,2025-06-20,505.28,0,0,3776542538,1873897874,0,100,
710,710,0,0,0,0,2025-04-07,2025-06-20,505.28,0,0,3776542538,1873897874,0,100,
715,715,0,0,0,0,2025-04-07,2025-06-20,505.28,0,0,3776542538,1873897874,0,100,
720,720,0,0,0,0,2025-04-07,2025-06-20,505.28,0,0,3776542538,1873897874,0,100,
725,725,0,0,0,0,2025-04-07,2025-06-20,505.28,0,0,3776542538,1873897874,0,100,
730,730,0,0,0,0,2025-04-07,2025-06-20,505.28,0,0,3776542538,1873897874,0,100,
735,735,0,0,0,0,2025-04-07,2025-06-20,505.28,0,0,3776542538,1873897874,0,100,
740,740,0,0,0,0,2025-04-07,2025-06-20,505.28,0,0,3776542538,1873897874,0,100,
745,745,0,0,0,0,2025-04-07,2025-06-20,505.28,0,0,3776542538,1873897874,0,100,
604.99,750,0,0,0,0,2025-04-07,2025-06-20,505.28,0,0,3776542538,1873897874,0,100,
604.97,755,0,0,0,0,2025-04-07,2025-06-20,505.28,0,0,3776542538,1873897874,0,100,
760,760,0,0,0,0,2025-04-07,2025-06-20,505.28,0,0,3776542538,1873897874,0,100,
765,765,0,0,0,0,2025-04-07,2025-06-20,505.28,0,0,3776542538,1873897874,0,100,
770,770,0,0,0,0,2025-04-07,2025-06-20,505.28,0,0,3776542538,1873897874,0,100,
775,775,0,0,0,0,2025-04-07,2025-06-20,505.28,0,0,3776542538,1873897874,0,100,
780,780,0,0,0,0,2025-04-07,2025-06-20,505.28,0,0,3776542538,1873897874,0,100,
785,785,0,0,0,0,2025-04-07,2025-06-20,505.28,0,0,3776542538,1873897874,0,100,
790,790,0,0,0,0,2025-04-07,2025-06-20,505.28,0,0,3776542538,1873897874,0,100,
795,795,0,0,0,0,2025-04-07,2025-06-20,505.28,0,0,3776542538,1873897874,0,100,
574.7,800,0,0,0,0,2025-04-07,2025-06-20,505.28,0,0,3776542538,1873897874,0,100,
805,805,0,0,0,0,2025-04-07,2025-06-20,505.28,0,0,3776542538,1873897874,0,100,
810,810,0,0,0,0,2025-04-07,2025-06-20,505.28,0,0,3776542538,1873897874,0,100,
815,815,0,0,0,0,2025-04-07,2025-06-20,505.28,0,0,3776542538,1873897874,0,100,
820,820,0,0,0,0,2025-04-07,2025-06-20,505.28,0,0,3776542538,1873897874,0,100,
825,825,0,0,0,0,2025-04-07,2025-06-20,505.28,0,0,3776542538,1873897874,0,100,
560.05,830,0,0,0,0,2025-04-07,2025-06-20,505.28,0,0,3776542538,1873897874,0,100,
537.64,655,0,0,0,0,2025-04-07,2025-07-18,505.28,0,0,906386767,426487786,0,100,
572.82,660,0,0,0,0,2025-04-07,2025-07-18,505.28,0,0,906386767,426487786,0,100,
609.47,665,0,0,0,0,2025-04-07,2025-07-18,505.28,0,0,906386767,426487786,0,100,
609.28,670,0,0,0,0,2025-04-07,2025-07-18,505.28,0,0,906386767,426487786,0,100,
675,675,0,0,0,0,2025-04-07,2025-07-18,505.28,0,0,906386767,426487786,0,100,
559.85,680,0,0,0,0,2025-04-07,2025-07-18,505.28,0,0,906386767,426487786,0,100,
685,685,0,0,0,0,2025-04-07,2025-07-18,505.28,0,0,906386767,426487786,0,100,
690,690,0,0,0,0,2025-04-07,2025-07-18,505.28,0,0,906386767,426487786,0,100,
695,695,0,0,0,0,2025-04-07,2025-07-18,505.28,0,0,906386767,426487786,0,100,
700,700,0,0,0,0,2025-04-07,2025-07-18,505.28,0,0,906386767,426487786,0,100,
705,705,0,0,0,0,2025-04-07,2025-07-18,505.28,0,0,906386767,426487786,0,100,
710,710,0,0,0,0,2025-04-07,2025-07-18,505.28,0,0,906386767,426487786,0,100,
715,715,0,0,0,0,2025-04-07,2025-07-18,505.28,0,0,906386767,426487786,0,100,
720,720,0,0,0,0,2025-04-07,2025-07-18,505.28,0,0,906386767,426487786,0,100,
725,725,0,0,0,0,2025-04-07,2025-07-18,505.28,0,0,906386767,426487786,0,100,
730,730,0,0,0,0,2025-04-07,2025-07-18,505.28,0,0,906386767,426487786,0,100,
735,735,0,0,0,0,2025-04-07,2025-07-18,505.28,0,0,906386767,426487786,0,100,
740,740,0,0,0,0,2025-04-07,2025-07-18,505.28,0,0,906386767,426487786,0,100,
745,745,0,0,0,0,2025-04-07,2025-07-18,505.28,0,0,906386767,426487786,0,100,
750,750,0,0,0,0,2025-04-07,2025-07-18,505.28,0,0,906386767,426487786,0,100,
755,755,0,0,0,0,2025-04-07,2025-07-18,505.28,0,0,906386767,426487786,0,100,
568.76,760,0,0,0,0,2025-04-07,2025-07-18,505.28,0,0,906386767,426487786,0,100,
765,765,0,0,0,0,2025-04-07,2025-07-18,505.28,0,0,906386767,426487786,0,100,
770,770,0,0,0,0,2025-04-07,2025-07-18,505.28,0,0,906386767,426487786,0,100,
775,775,0,0,0,0,2025-04-07,2025-07-18,505.28,0,0,906386767,426487786,0,100,
780,780,0,0,0,0,2025-04-07,2025-07-18,505.28,0,0,906386767,426487786,0,100,
785,785,0,0,0,0,2025-04-07,2025-07-18,505.28,0,0,906386767,426487786,0,100,
790,790,0,0,0,0,2025-04-07,2025-07-18,505.28,0,0,906386767,426487786,0,100,
795,795,0,0,0,0,2025-04-07,2025-07-18,505.28,0,0,906386767,426487786,0,100,
606.54,800,0,0,0,0,2025-04-07,2025-07-18,505.28,0,0,906386767,426487786,0,100,
538.17,660,0,0,0,0,2025-04-07,2025-08-15,505.28,0,0,795796258,347369745,0,100,
601.64,665,0,0,0,0,2025-04-07,2025-08-15,505.28,0,0,795796258,347369745,0,100,
580.62,670,0,0,0,0,2025-04-07,2025-08-15,505.28,0,0,795796258,347369745,0,100,
675,675,0,0,0,0,2025-04-07,2025-08-15,505.28,0,0,795796258,347369745,0,100,
680,680,0,0,0,0,2025-04-07,2025-08-15,505.28,0,0,795796258,347369745,0,100,
685,685,0,0,0,0,2025-04-07,2025-08-15,505.28,0,0,795796258,347369745,0,100,
690,690,0,0,0,0,2025-04-07,2025-08-15,505.28,0,0,795796258,347369745,0,100,
695,695,0,0,0,0,2025-04-07,2025-08-15,505.28,0,0,795796258,347369745,0,100,
550.87,700,0,0,0,0,2025-04-07,2025-08-15,505.28,0,0,795796258,347369745,0,100,
705,705,0,0,0,0,2025-04-07,2025-08-15,505.28,0,0,795796258,347369745,0,100,
710,710,0,0,0,0,2025-04-07,2025-08-15,505.28,0,0,795796258,347369745,0,100,
715,715,0,0,0,0,2025-04-07,2025-08-15,505.28,0,0,795796258,347369745,0,100,
720,720,0,0,0,0,2025-04-07,2025-08-15,505.28,0,0,795796258,347369745,0,100,
725,725,0,0,0,0,2025-04-07,2025-08-15,505.28,0,0,795796258,347369745,0,100,
730,730,0,0,0,0,2025-04-07,2025-08-15,505.28,0,0,795796258,347369745,0,100,
586.99,735,0,0,0,0,2025-04-07,2025-08-15,505.28,0,0,795796258,347369745,0,100,
740,740,0,0,0,0,2025-04-07,2025-08-15,505.28,0,0,795796258,347369745,0,100,
745,745,0,0,0,0,2025-04-07,2025-08-15,505.28,0,0,795796258,347369745,0,100,
750,750,0,0,0,0,2025-04-07,2025-08-15,505.28,0,0,795796258,347369745,0,100,
755,755,0,0,0,0,2025-04-07,2025-08-15,505.28,0,0,795796258,347369745,0,100,
760,760,0,0,0,0,2025-04-07,2025-08-15,505.28,0,0,795796258,347369745,0,100,
765,765,0,0,0,0,2025-04-07,2025-08-15,505.28,0,0,795796258,347369745,0,100,
770,770,0,0,0,0,2025-04-07,2025-08-15,505.28,0,0,795796258,347369745,0,100,
775,775,0,0,0,0,2025-04-07,2025-08-15,505.28,0,0,795796258,347369745,0,100,
780,780,0,0,0,0,2025-04-07,2025-08-15,505.28,0,0,795796258,347369745,0,100,
785,785,0,0,0,0,2025-04-07,2025-08-15,505.28,0,0,795796258,347369745,0,100,
602.96,790,0,0,0,0,2025-04-07,2025-08-15,505.28,0,0,795796258,347369745,0,100,
604.5,795,0,0,0,0,2025-04-07,2025-08-15,505.28,0,0,795796258,347369745,0,100,
553.08,800,0,0,0,0,2025-04-07,2025-08-15,505.28,0,0,795796258,347369745,0,100,
805,805,0,0,0,0,2025-04-07,2025-08-15,505.28,0,0,795796258,347369745,0,100,
810,810,0,0,0,0,2025-04-07,2025-08-15,505.28,0,0,795796258,347369745,0,100,
815,815,0,0,0,0,2025-04-07,2025-08-15,505.28,0,0,795796258,347369745,0,100,
820,820,0,0,0,0,2025-04-07,2025-08-15,505.28,0,0,795796258,347369745,0,100,
825,825,0,0,0,0,2025-04-07,2025-08-15,505.28,0,0,795796258,347369745,0,100,
830,830,0,0,0,0,2025-04-07,2025-08-15,505.28,0,0,795796258,347369745,0,100,
604.94,655,0,0,0,0,2025-04-07,2025-09-19,505.28,0,0,2220318620,913921523,0,100,
574.75,665,0,0,0,0,2025-04-07,2025-09-19,505.28,0,0,2220318620,913921523,0,100,
557.86,675,0,0,0,0,2025-04-07,2025-09-19,505.28,0,0,2220318620,913921523,0,100,
680,680,0,0,0,0,2025-04-07,2025-09-19,505.28,0,0,2220318620,913921523,0,100,
685,685,0,0,0,0,2025-04-07,2025-09-19,505.28,0,0,2220318620,913921523,0,100,
603.98,690,0,0,0,0,2025-04-07,2025-09-19,505.28,0,0,2220318620,913921523,0,100,
695,695,0,0,0,0,2025-04-07,2025-09-19,505.28,0,0,2220318620,913921523,0,100,
608.28,700,0,0,0,0,2025-04-07,2025-09-19,505.28,0,0,2220318620,913921523,0,100,
705,705,0,0,0,0,2025-04-07,2025-09-19,505.28,0,0,2220318620,913921523,0,100,
710,710,0,0,0,0,2025-04-07,2025-09-19,505.28,0,0,2220318620,913921523,0,100,
715,715,0,0,0,0,2025-04-07,2025-09-19,505.28,0,0,2220318620,913921523,0,100,
720,720,0,0,0,0,2025-04-07,2025-09-19,505.28,0,0,2220318620,913921523,0,100,
553.12,725,0,0,0,0,2025-04-07,2025-09-19,505.28,0,0,2220318620,913921523,0,100,
553.1,730,0,0,0,0,2025-04-07,2025-09-19,505.28,0,0,2220318620,913921523,0,100,
611,735,0,0,0,0,2025-04-07,2025-09-19,505.28,0,0,2220318620,913921523,0,100,
740,740,0,0,0,0,2025-04-07,2025-09-19,505.28,0,0,2220318620,913921523,0,100,
745,745,0,0,0,0,2025-04-07,2025-09-19,505.28,0,0,2220318620,913921523,0,100,
750,750,0,0,0,0,2025-04-07,2025-09-19,505.28,0,0,2220318620,913921523,0,100,
755,755,0,0,0,0,2025-04-07,2025-09-19,505.28,0,0,2220318620,913921523,0,100,
760,760,0,0,0,0,2025-04-07,2025-09-19,505.28,0,0,2220318620,913921523,0,100,
765,765,0,0,0,0,2025-04-07,2025-09-19,505.28,0,0,2220318620,913921523,0,100,
770,770,0,0,0,0,2025-04-07,2025-09-19,505.28,0,0,2220318620,913921523,0,100,
775,775,0,0,0,0,2025-04-07,2025-09-19,505.28,0,0,2220318620,913921523,0,100,
780,780,0,0,0,0,2025-04-07,2025-09-19,505.28,0,0,2220318620,913921523,0,100,
785,785,0,0,0,0,2025-04-07,2025-09-19,505.28,0,0,2220318620,913921523,0,100,
790,790,0,0,0,0,2025-04-07,2025-09-19,505.28,0,0,2220318620,913921523,0,100,
795,795,0,0,0,0,2025-04-07,2025-09-19,505.28,0,0,2220318620,913921523,0,100,
597.26,800,0,0,0,0,2025-04-07,2025-09-19,505.28,0,0,2220318620,913921523,0,100,
805,805,0,0,0,0,2025-04-07,2025-09-19,505.28,0,0,2220318620,913921523,0,100,
810,810,0,0,0,0,2025-04-07,2025-09-19,505.28,0,0,2220318620,913921523,0,100,
815,815,0,0,0,0,2025-04-07,2025-09-19,505.28,0,0,2220318620,913921523,0,100,
820,820,0,0,0,0,2025-04-07,2025-09-19,505.28,0,0,2220318620,913921523,0,100,
825,825,0,0,0,0,2025-04-07,2025-09-19,505.28,0,0,2220318620,913921523,0,100,
570.97,830,0,0,0,0,2025-04-07,2025-09-19,505.28,0,0,2220318620,913921523,0,100,
561.11,655,0,0,0,0,2025-04-07,2025-12-19,505.28,0,0,1385328150,446323561,0,100,
567.82,660,0,0,0,0,2025-04-07,2025-12-19,505.28,0,0,1385328150,446323561,0,100,
565.77,665,0,0,0,0,2025-04-07,2025-12-19,505.28,0,0,1385328150,446323561,0,100,
605,675,0,0,0,0,2025-04-07,2025-12-19,505.28,0,0,1385328150,446323561,0,100,
603.25,680,0,0,0,0,2025-04-07,2025-12-19,505.28,0,0,1385328150,446323561,0,100,
587.15,685,0,0,0,0,2025-04-07,2025-12-19,505.28,0,0,1385328150,446323561,0,100,
609.11,690,0,0,0,0,2025-04-07,2025-12-19,505.28,0,0,1385328150,446323561,0,100,
591.04,695,0,0,0,0,2025-04-07,2025-12-19,505.28,0,0,1385328150,446323561,0,100,
537.38,700,0,0,0,0,2025-04-07,2025-12-19,505.28,0,0,1385328150,446323561,0,100,
537.36,705,0,0,0,0,2025-04-07,2025-12-19,505.28,0,0,1385328150,446323561,0,100,
601.65,710,0,0,0,0,2025-04-07,2025-12-19,505.28,0,0,1385328150,446323561,0,100,
715,715,0,0,0,0,2025-04-07,2025-12-19,505.28,0,0,1385328150,446323561,0,100,
720,720,0,0,0,0,2025-04-07,2025-12-19,505.28,0,0,1385328150,446323561,0,100,
557,725,0,0,0,0,2025-04-07,2025-12-19,505.28,0,0,1385328150,446323561,0,100,
730,730,0,0,0,0,2025-04-07,2025-12-19,505.28,0,0,1385328150,446323561,0,100,
735,735,0,0,0,0,2025-04-07,2025-12-19,505.28,0,0,1385328150,446323561,0,100,
557.52,740,0,0,0,0,2025-04-07,2025-12-19,505.28,0,0,1385328150,446323561,0,100,
745,745,0,0,0,0,2025-04-07,2025-12-19,505.28,0,0,1385328150,446323561,0,100,
568,750,0,0,0,0,2025-04-07,2025-12-19,505.28,0,0,1385328150,446323561,0,100,
755,755,0,0,0,0,2025-04-07,2025-12-19,505.28,0,0,1385328150,446323561,0,100,
760,760,0,0,0,0,2025-04-07,2025-12-19,505.28,0,0,1385328150,446323561,0,100,
556.84,765,0,0,0,0,2025-04-07,2025-12-19,505.28,0,0,1385328150,446323561,0,100,
770,770,0,0,0,0,2025-04-07,2025-12-19,505.28,0,0,1385328150,446323561,0,100,
775,775,0,0,0,0,2025-04-07,2025-12-19,505.28,0,0,1385328150,446323561,0,100,
602,780,0,0,0,0,2025-04-07,2025-12-19,505.28,0,0,1385328150,446323561,0,100,
785,785,0,0,0,0,2025-04-07,2025-12-19,505.28,0,0,1385328150,446323561,0,100,
790,790,0,0,0,0,2025-04-07,2025-12-19,505.28,0,0,1385328150,446323561,0,100,
795,795,0,0,0,0,2025-04-07,2025-12-19,505.28,0,0,1385328150,446323561,0,100,
605.59,800,0,0,0,0,2025-04-07,2025-12-19,505.28,0,0,1385328150,446323561,0,100,
805,805,0,0,0,0,2025-04-07,2025-12-19,505.28,0,0,1385328150,446323561,0,100,
810,810,0,0,0,0,2025-04-07,2025-12-19,505.28,0,0,1385328150,446323561,0,100,
815,815,0,0,0,0,2025-04-07,2025-12-19,505.28,0,0,1385328150,446323561,0,100,
820,820,0,0,0,0,2025-04-07,2025-12-19,505.28,0,0,1385328150,446323561,0,100,
825,825,0,0,0,0,2025-04-07,2025-12-19,505.28,0,0,1385328150,446323561,0,100,
830,830,0,0,0,0,2025-04-07,2025-12-19,505.28,0,0,1385328150,446323561,0,100,
835,835,0,0,0,0,2025-04-07,2025-12-19,505.28,0,0,1385328150,446323561,0,100,
567.7,840,0,0,0,0,2025-04-07,2025-12-19,505.28,0,0,1385328150,446323561,0,100,
