Watch,strike,open_interest.yt,open_interest.td,OI_Dollar.yt,OI_Dollar.td,Date.td,expiry,stkClose,diff_oi,diff_oi_d,totalOI,totalOIdiff,OI_pct,cum_sep_OI,pct
571.43,580,148080,164837,78482400,141265309,2025-03-04,2025-03-21,583.77,16757,62782909,1540551175,562998949,9.16979009152358,9.16979009152358,0.444432603053309
521.61,535,96490,96467,102568870,129169313,2025-03-04,2025-09-19,583.77,-23,26600443,565299051,92922140,22.8497310886163,22.8497310886163,0.205934694411513
581.45,600,62566,61441,76518218,113973055,2025-03-04,2025-03-21,583.77,-1125,37454837,1540551175,562998949,7.39819986830363,16.5679899598272,0.328628876360294
582.78,605,48734,49155,73588340,109222410,2025-03-04,2025-03-21,583.77,421,35634070,1540551175,562998949,7.0898267952702,23.6578167550974,0.326252368904879
577.15,590,111180,75995,90722880,97653575,2025-03-04,2025-03-21,583.77,-35185,6930695,1540551175,562998949,6.33887251424803,29.9966892693454,0.0709722608721698
535.43,545,97669,98042,70810025,93826194,2025-03-04,2025-06-20,583.77,373,23016169,681269429,193197040,13.7722595504869,13.7722595504869,0.245306433297294
579.7,595,51547,51913,51804735,79426890,2025-03-04,2025-03-21,583.77,366,27622155,1540551175,562998949,5.15574498847791,35.1524342578233,0.347768306174395
566.19,573,71642,92530,26937392,63012930,2025-03-04,2025-03-21,583.77,20888,36075538,1540551175,562998949,4.09028476447723,39.2427190223006,0.572510086421946
556.26,560,129259,154551,28436980,57802074,2025-03-04,2025-03-21,583.77,25292,29365094,1540551175,562998949,3.75203855204615,42.9947575743467,0.508028379742914
568.02,575,97165,77708,40809300,54240184,2025-03-04,2025-03-21,583.77,-19457,13430884,1540551175,562998949,3.520829744588,46.5155873189347,0.247618702768413
564.26,570,99055,91664,33777755,52615136,2025-03-04,2025-03-21,583.77,-7391,18837381,1540551175,562998949,3.41534490082746,49.9309322197622,0.358022090829529
568.95,610,12764,12769,46550308,52416745,2025-03-04,2025-12-19,583.77,5,5866437,530205131,60868876,9.88612556448459,9.88612556448459,0.1119191395803
531.26,540,23187,54999,15604851,48069126,2025-03-04,2025-06-20,583.77,31812,32464275,681269429,193197040,7.05581726609371,20.8280768165806,0.675366450390631
505.18,520,32362,32371,39869984,47973822,2025-03-04,2025-12-19,583.77,9,8103838,530205131,60868876,9.04816253089033,18.9342880953749,0.168922084215012
562.26,580,23782,25153,33152108,44621422,2025-03-04,2025-06-20,583.77,1371,11469314,681269429,193197040,6.54974670821461,27.3778235247952,0.257036048739101
560.38,565,113561,92865,30775031,42903630,2025-03-04,2025-03-21,583.77,-20696,12128599,1540551175,562998949,2.7849532489565,52.7158854687187,0.282694005145952
574.05,600,15767,15306,32243515,39719070,2025-03-04,2025-06-20,583.77,-461,7475555,681269429,193197040,5.8301559279273,33.2079794527225,0.188210725981248
575.07,600,15716,15700,28493108,39140100,2025-03-04,2025-05-16,583.77,-16,10646992,294462145,81706466,13.2920650971961,13.2920650971961,0.272022605971881
574.49,585,39939,37094,26199984,38985794,2025-03-04,2025-03-21,583.77,-2845,12785810,1540551175,562998949,2.53063933432786,55.2465248030465,0.327960743854544
565.03,571,39382,59359,12523476,35437323,2025-03-04,2025-03-21,583.77,19977,22913847,1540551175,562998949,2.30030157875151,57.5468263817981,0.646602086732116
568.34,590,13909,15581,23367120,33748446,2025-03-04,2025-06-20,583.77,1672,10381326,681269429,193197040,4.95375905088499,38.1617385036075,0.30760900813033
539.65,550,31843,31748,25792830,32859180,2025-03-04,2025-06-20,583.77,-95,7066350,681269429,193197040,4.82322831485809,42.9849668184656,0.215049493018389
567.83,600,11172,9973,29170092,32083141,2025-03-04,2025-09-19,583.77,-1199,2913049,565299051,92922140,5.67542806648016,28.5251591550965,0.0907968767771211
518.03,525,42401,42391,23490154,29546527,2025-03-04,2025-06-20,583.77,-10,6056373,681269429,193197040,4.33698119162191,47.3219480100875,0.204977491940085
547.55,560,23058,23263,21559230,28962435,2025-03-04,2025-06-20,583.77,205,7403205,681269429,193197040,4.25124536154697,51.5731933716345,0.255614039358224
544.46,565,13376,13362,26243712,27445548,2025-03-04,2025-09-19,583.77,-14,1201836,565299051,92922140,4.85504936748956,33.380208522586,0.0437898343294147
542.8,555,12254,22092,10697742,26952240,2025-03-04,2025-06-20,583.77,9838,16254498,681269429,193197040,3.95617928131045,55.5293726529449,0.603085235216071
582.59,610,10259,9578,18671380,26253298,2025-03-04,2025-03-21,583.77,-681,7581918,1540551175,562998949,1.70414968525794,59.250976067056,0.28879868731159
541.81,560,13196,14234,19622452,25891646,2025-03-04,2025-09-19,583.77,1038,6269194,565299051,92922140,4.58016795786201,37.9603764804481,0.24213192162445
570.42,600,8380,8600,21159500,25438800,2025-03-04,2025-08-15,583.77,220,4279300,178829414,22551067,14.2251766255858,14.2251766255858,0.168219412865387
568.7,576,34742,34791,14452672,25397430,2025-03-04,2025-03-21,583.77,49,10944758,1540551175,562998949,1.64859372490498,60.899569791961,0.430939587194452
558.7,575,15120,15544,19126800,25336720,2025-03-04,2025-06-20,583.77,424,6209920,681269429,193197040,3.71904549382033,59.2484181467653,0.245095655633405
565.47,585,12567,12696,19302912,24795288,2025-03-04,2025-06-20,583.77,129,5492376,681269429,193197040,3.63957150350864,62.8879896502739,0.221508860877115
570.53,595,9656,9895,17419424,24213065,2025-03-04,2025-06-20,583.77,239,6793641,681269429,193197040,3.55411001423344,66.4420996645073,0.280577489879947
547.48,570,10472,10591,18964792,23850932,2025-03-04,2025-09-19,583.77,119,4886140,565299051,92922140,4.21917071288344,42.1795471933315,0.204861596184166
578.8,585,43795,38186,12919525,23675320,2025-03-04,2025-03-07,583.77,-5609,10755795,206646316,100521871,11.4569281748047,11.4569281748047,0.454304102331035
562.05,567,47691,47655,13258098,23589225,2025-03-04,2025-03-21,583.77,-36,10331127,1540551175,562998949,1.53121982461894,62.4307896165799,0.43795957688309
564,600,6697,6470,20700427,23292000,2025-03-04,2025-12-19,583.77,-227,2591573,530205131,60868876,4.39301670960253,23.3273048049775,0.11126451142023
537.66,550,17349,18836,16863228,23243624,2025-03-04,2025-07-18,583.77,1487,6380396,194064071,38276888,11.9772938289025,11.9772938289025,0.274500912594353
575.1,630,4195,4195,20790420,23030550,2025-03-04,2025-12-19,583.77,0,2240130,530205131,60868876,4.34370560627411,27.6710104112516,0.0972677595628415
538.28,540,132183,131967,13614849,22698324,2025-03-04,2025-03-21,583.77,-216,9083475,1540551175,562998949,1.47338980803413,63.9041794246141,0.400182630224152
565.75,572,36975,35804,13569825,22377500,2025-03-04,2025-03-21,583.77,-1171,8807675,1540551175,562998949,1.45256453424859,65.3567439588626,0.393595129035862
576,605,7751,7601,17711035,22042900,2025-03-04,2025-06-20,583.77,-150,4331865,681269429,193197040,3.23556276880876,69.6776624333161,0.196519741050406
555.59,580,8852,8806,19368176,21495446,2025-03-04,2025-09-19,583.77,-46,2127270,565299051,92922140,3.8024910818398,45.9820382751713,0.0989637526013651
566.25,605,5480,5506,18834760,21335750,2025-03-04,2025-12-19,583.77,26,2500990,530205131,60868876,4.02405573853264,31.6950661497842,0.117220627350808
557.91,570,14577,17520,12915222,21181680,2025-03-04,2025-05-16,583.77,2943,8266458,294462145,81706466,7.1933456845531,20.4854107817492,0.390264511596814
577.4,605,7520,7505,16732000,20713800,2025-03-04,2025-05-16,583.77,-15,3981800,294462145,81706466,7.03445259491674,27.519863376666,0.192229335032684
552.78,575,9293,9313,16727400,20693486,2025-03-04,2025-09-19,583.77,20,3966086,565299051,92922140,3.66062634695631,49.6426646221276,0.191658669786231
569.36,577,27495,26925,11905335,20570700,2025-03-04,2025-03-21,583.77,-570,8665365,1540551175,562998949,1.33528183508737,66.69202579395,0.421247940031209
491.43,500,23993,23940,16195275,20516580,2025-03-04,2025-09-19,583.77,-53,4321305,565299051,92922140,3.6293321143396,53.2719967364672,0.21062501645011
559.26,564,42119,42764,11456368,20270136,2025-03-04,2025-03-21,583.77,645,8813768,1540551175,562998949,1.31577167503053,68.0077974689806,0.434815434884107
547.5,550,83436,80217,12265092,20054250,2025-03-04,2025-03-21,583.77,-3219,7789158,1540551175,562998949,1.30175811913551,69.3095555881161,0.388404353191967
562.63,590,7273,7314,16196971,20018418,2025-03-04,2025-09-19,583.77,41,3821447,565299051,92922140,3.54120849214021,56.8132052286074,0.190896553364007
573.77,595,9640,9369,15385440,19890387,2025-03-04,2025-05-16,583.77,-271,4504947,294462145,81706466,6.75481970696097,34.2746830836269,0.226488655047285
584.12,600,13081,12496,11929872,19843648,2025-03-04,2025-03-07,583.77,-585,7913776,206646316,100521871,9.60271074951077,21.0596389243155,0.398806509770784
576.07,610,5789,5704,15572410,19353672,2025-03-04,2025-06-20,583.77,-85,3781262,681269429,193197040,2.84082496236595,72.518487395682,0.195376980657727
528.76,530,125496,151356,9412200,18768144,2025-03-04,2025-03-21,583.77,25860,9355944,1540551175,562998949,1.21827462174374,70.5278302098598,0.49850129027143
522.45,530,23363,24385,13293547,18410675,2025-03-04,2025-06-20,583.77,1022,5117128,681269429,193197040,2.70240733200433,75.2208947276864,0.27794353004439
563,569,30641,30639,10448581,18383400,2025-03-04,2025-03-21,583.77,-2,7934819,1540551175,562998949,1.19330018361772,71.7211303934775,0.431629567979808
559.03,585,6262,7027,13219082,18249119,2025-03-04,2025-09-19,583.77,765,5030037,565299051,92922140,3.22822388746589,60.0414291160733,0.275631771594015
528.89,550,8915,8620,15467525,18196820,2025-03-04,2025-12-19,583.77,-295,2729295,530205131,60868876,3.43203393103338,35.1271000808176,0.149987470338224
564.33,595,5896,5903,14798960,18104501,2025-03-04,2025-09-19,583.77,7,3305541,565299051,92922140,3.20264132196465,63.2440704380379,0.182581171389369
570.91,590,9075,9457,12841125,18053413,2025-03-04,2025-05-16,583.77,382,5212288,294462145,81706466,6.13097924692493,40.4056623305519,0.288714826387675
581.23,590,22181,20406,9848364,17896062,2025-03-04,2025-03-07,583.77,-1775,8047698,206646316,100521871,8.66023762068906,29.7198765450046,0.449690999058899
560.02,580,7546,8814,11824582,17610372,2025-03-04,2025-07-18,583.77,1268,5785790,194064071,38276888,9.07451436489756,21.0518081938001,0.32854445096333
512.78,525,14094,14389,13234266,17583358,2025-03-04,2025-09-19,583.77,295,4349092,565299051,92922140,3.11045241786546,66.3545228559034,0.247341378137214
543.88,560,9226,10845,10453058,17482140,2025-03-04,2025-07-18,583.77,1619,7029082,194064071,38276888,9.00843721865445,30.0602454124545,0.402072171942337
569.74,605,4967,4947,13718854,17443122,2025-03-04,2025-09-19,583.77,-20,3724268,565299051,92922140,3.08564501729546,69.4401678731989,0.213509255969201
495.33,500,37153,37260,13597998,17400420,2025-03-04,2025-06-20,583.77,107,3802422,681269429,193197040,2.55411724925646,77.7750119769428,0.218524725265252
533.93,550,10339,10728,13575107,17239896,2025-03-04,2025-09-19,583.77,389,3664789,565299051,92922140,3.04969484196074,72.4898627151596,0.212576050342763
479.75,490,16123,16238,15397465,16643950,2025-03-04,2025-12-19,583.77,115,1246485,530205131,60868876,3.13915294795591,38.2662530287735,0.0748911766738063
577.61,615,4439,4445,12429200,16619855,2025-03-04,2025-06-20,583.77,6,4190655,681269429,193197040,2.43954216827187,80.2145541452147,0.252147506702074
564.98,580,9124,10998,10218880,16518996,2025-03-04,2025-05-16,583.77,1874,6300116,294462145,81706466,5.60988781766838,46.0155501482203,0.381386132668111
578.38,598,8088,8419,9099000,16518078,2025-03-04,2025-03-21,583.77,331,7419078,1540551175,562998949,1.07221871418845,72.793349107666,0.449148986946302
567.34,574,24698,24643,9755710,16412238,2025-03-04,2025-03-21,583.77,-55,6656528,1540551175,562998949,1.06534844582492,73.8586975534909,0.405583199561205
581.01,599,8337,8952,9754290,16104648,2025-03-04,2025-03-21,583.77,615,6350358,1540551175,562998949,1.04538221523216,74.904079768723,0.39431833592389
533.48,555,7450,7455,15071350,16043160,2025-03-04,2025-12-19,583.77,5,971810,530205131,60868876,3.02584020070526,41.2920932294788,0.0605747246801752
537.17,560,6892,6894,13315344,15739002,2025-03-04,2025-12-19,583.77,2,2423658,530205131,60868876,2.96847410177175,44.2605673312505,0.153990577039129
570.09,578,19756,19882,9443368,15726662,2025-03-04,2025-03-21,583.77,126,6283294,1540551175,562998949,1.02084645127092,75.924926219994,0.399531318216161
517.38,530,11469,12222,12673245,15424164,2025-03-04,2025-09-19,583.77,753,2750919,565299051,92922140,2.72849635475507,75.2183590699147,0.178351254563942
576,620,3468,3466,14912400,15250400,2025-03-04,2025-12-19,583.77,-2,338000,530205131,60868876,2.87632071218111,47.1368880434316,0.0221633530923779
572.35,575,43824,56608,5039760,15001120,2025-03-04,2025-03-07,583.77,12784,9961360,206646316,100521871,7.25932128400489,36.9791978290095,0.664041084932325
513.54,520,22755,22771,11218215,14710066,2025-03-04,2025-06-20,583.77,16,3491851,681269429,193197040,2.15921416312371,82.3737683083384,0.237378336711746
573.55,580,24865,22791,8951400,14700195,2025-03-04,2025-03-14,583.77,-2074,5748795,210547084,87993237,6.98190386716541,6.98190386716541,0.39106930214191
488.5,500,12648,12666,12344448,14565900,2025-03-04,2025-12-19,583.77,18,2221452,530205131,60868876,2.747219735978,49.8841077794096,0.152510452495211
521.13,540,7698,7676,12386082,14484612,2025-03-04,2025-12-19,583.77,-22,2098530,530205131,60868876,2.73188831135623,52.6159960907659,0.144879959504611
542.96,545,73616,70794,8981152,14441976,2025-03-04,2025-03-21,583.77,-2822,5460824,1540551175,562998949,0.93745512868146,76.8623813486754,0.378121664237636
550.41,580,4903,4803,13576407,14212077,2025-03-04,2025-12-19,583.77,-100,635669.999999998,530205131,60868876,2.68048650777769,55.2964825985436,0.044727452574314
554.93,570,9295,9219,10587005,13893033,2025-03-04,2025-06-20,583.77,-76,3306028,681269429,193197040,2.03928613388581,84.4130544422242,0.23796301354787
561.18,575,8461,9971,8232553,13779922,2025-03-04,2025-05-16,583.77,1510,5547369,294462145,81706466,4.67969218929652,50.6952423375168,0.402568969548594
557.19,590,4190,4188,11987590,13740828,2025-03-04,2025-12-19,583.77,-2,1753238,530205131,60868876,2.59160600239457,57.8880886009381,0.127593329892493
554.05,585,4426,4422,11941348,13686090,2025-03-04,2025-12-19,583.77,-4,1744742,530205131,60868876,2.58128207363576,60.4693706745739,0.127482867641525
555.3,575,7170,6931,10331970,13654070,2025-03-04,2025-07-18,583.77,-239,3322100,194064071,38276888,7.03585673001779,37.0961021424723,0.243304743567303
577.5,615,3582,3610,10831968,13537500,2025-03-04,2025-05-16,583.77,28,2705532,294462145,81706466,4.59736513839495,55.2926074759117,0.199854626038781
581.25,603,6169,6168,9450908,13415400,2025-03-04,2025-03-21,583.77,-1,3964492,1540551175,562998949,0.870818199207177,77.7331995478826,0.2955179867913
529.35,545,8568,8572,12774888,13415180,2025-03-04,2025-09-19,583.77,4,640292.000000002,565299051,92922140,2.37311206807598,77.5914711379906,0.0477289160488344
508.72,520,11809,11814,11313022,13326192,2025-03-04,2025-09-19,583.77,5,2013170,565299051,92922140,2.3573703115946,79.9488414495853,0.151068662375568
560.18,595,3770,3769,10902840,13123658,2025-03-04,2025-12-19,583.77,-1,2220818,530205131,60868876,2.47520388481491,62.9445745593888,0.169222483548413
585.44,610,5447,5336,9357946,13105216,2025-03-04,2025-03-14,583.77,-111,3747270,210547084,87993237,6.22436357275791,13.2062674399233,0.285937293975162
509.06,515,15933,22048,7185783,13096512,2025-03-04,2025-06-20,583.77,6115,5910729,681269429,193197040,1.92236895455939,86.3354233967836,0.451320855507176
492.07,505,9945,9947,10909665,12861471,2025-03-04,2025-12-19,583.77,2,1951806,530205131,60868876,2.42575377868231,65.3703283380711,0.151756047189315
537.95,545,18454,18153,9208546,12797865,2025-03-04,2025-05-16,583.77,-301,3589319,294462145,81706466,4.34618344575327,59.638790921665,0.280462327114718
558.77,563,30213,30231,7462611,12787713,2025-03-04,2025-03-21,583.77,18,5325102,1540551175,562998949,0.83007388573119,78.5632734336138,0.416423327611435
526,540,9004,9128,11074920,12779200,2025-03-04,2025-09-19,583.77,124,1704280,565299051,92922140,2.26060878350917,82.2094502330944,0.133363590835107
580.85,606,5007,5013,7745829,12607695,2025-03-04,2025-03-21,583.77,6,4861866,1540551175,562998949,0.818388587448255,79.381662021062,0.385626873112016
415.08,420,25208,25204,11444432,12400368,2025-03-04,2025-12-19,583.77,-4,955936,530205131,60868876,2.33878687228321,67.7091152103543,0.0770893250909973
579,594,9170,8000,8674820,1.2e+07,2025-03-04,2025-03-21,583.77,-1170,3325180,1540551175,562998949,0.778941991329824,80.1606040123919,0.277098333333333
523.45,525,76762,77338,7369152,11987390,2025-03-04,2025-03-28,583.77,576,4618238,97266807,33115876,12.3242351319294,12.3242351319294,0.385258008624062
576.93,591,7299,8406,6109263,11827242,2025-03-04,2025-03-21,583.77,1107,5717979,1540551175,562998949,0.767727952951644,80.9283319653435,0.483458358254613
562.81,568,22692,22388,7034520,11619372,2025-03-04,2025-03-21,583.77,-304,4584852,1540551175,562998949,0.754234730306833,81.6825666956503,0.394586901942721
575.83,580,27110,27749,5123790,11571333,2025-03-04,2025-03-07,583.77,639,6447543,206646316,100521871,5.59958349317972,42.5787813221892,0.557199676130658
579.34,586,18586,17322,5910348,11536452,2025-03-04,2025-03-07,583.77,-1264,5626104,206646316,100521871,5.58270392780678,48.1614852499959,0.487680614455814
568.03,585,6572,6644,8182140,11274868,2025-03-04,2025-05-16,583.77,72,3092728,294462145,81706466,3.82897027392095,63.4677611955859,0.274302812236915
572.31,605,3586,3446,10101762,11264974,2025-03-04,2025-07-18,583.77,-140,1163212,194064071,38276888,5.80477052859517,42.9008726710675,0.10325918195639
447.77,455,15408,15410,10046016,11141430,2025-03-04,2025-12-19,583.77,2,1095414,530205131,60868876,2.10134330065546,69.8104585110098,0.09831897700744
580.19,601,5253,5316,6629286,11062596,2025-03-04,2025-03-21,583.77,63,4433310,1540551175,562998949,0.718093379793112,82.4006600754435,0.400747708765646
581.24,597,6663,6968,7262670,10981568,2025-03-04,2025-03-21,583.77,305,3718898,1540551175,562998949,0.712833703820323,83.1134937792638,0.338649089091831
576.69,585,12364,13198,5885264,10967538,2025-03-04,2025-03-14,583.77,834,5082274,210547084,87993237,5.20906668078101,18.4153341207043,0.463392422255569
482.32,490,14182,14241,9672124,10937088,2025-03-04,2025-09-19,583.77,59,1264964,565299051,92922140,1.93474373973432,84.1441939728287,0.115658208108045
576.63,625,2239,2241,9193334,10839717,2025-03-04,2025-12-19,583.77,2,1646383,530205131,60868876,2.04443834399634,71.8548968550061,0.151884315799019
572.97,583,9800,10556,5919200,10587668,2025-03-04,2025-03-21,583.77,756,4668468,1540551175,562998949,0.687264932954921,83.8007587122187,0.440934490956838
580,620,2653,2643,8388786,10572000,2025-03-04,2025-05-16,583.77,-10,2183214,294462145,81706466,3.59027473633326,67.0580359319192,0.206509080590238
550.54,565,7131,7288,7273620,10538448,2025-03-04,2025-06-20,583.77,157,3264828,681269429,193197040,1.54688403022411,87.8823074270077,0.309801595073582
576.6,610,3136,3149,9135168,10517660,2025-03-04,2025-07-18,583.77,13,1382492,194064071,38276888,5.4196843062207,48.3205569772882,0.131444827081309
443.15,450,14990,15085,9293800,10333225,2025-03-04,2025-12-19,583.77,95,1039425,530205131,60868876,1.94891078864342,73.8038076436495,0.100590570707596
578.68,589,9850,9958,5860750,10276656,2025-03-04,2025-03-14,583.77,108,4415906,210547084,87993237,4.88093010112645,23.2962642218308,0.429702619217769
583.05,600,6149,6056,6456450,10264920,2025-03-04,2025-03-14,583.77,-93,3808470,210547084,87993237,4.87535605100093,28.1716202728317,0.371017991372558
552.68,570,7245,5891,9751770,10203212,2025-03-04,2025-07-18,583.77,-1354,451441.999999998,194064071,38276888,5.25765122179674,53.5782081990849,0.0442450867432724
584.49,605,5098,4960,6316422,10172960,2025-03-04,2025-03-07,583.77,-138,3856538,206646316,100521871,4.92288476122652,53.0843700112225,0.379096939337223
544.5,570,3960,3963,9405000,10105650,2025-03-04,2025-12-19,583.77,3,700650,530205131,60868876,1.90598872193864,75.7097963655882,0.0693325021151534
533.54,535,68614,68719,5832190,10032974,2025-03-04,2025-03-21,583.77,105,4200784,1540551175,562998949,0.651258728876696,84.4520174410954,0.418697785920705
581.98,604,4586,4526,6755178,9966252,2025-03-04,2025-03-21,583.77,-60,3211074,1540551175,562998949,0.646927681581237,85.0989451226766,0.322194742818062
576.96,592,6790,6477,6043100,9741408,2025-03-04,2025-03-21,583.77,-313,3698308,1540551175,562998949,0.63233264548969,85.7312777681663,0.379648198699818
540.3,565,3933,3934,9466731,9716980,2025-03-04,2025-12-19,583.77,1,250249,530205131,60868876,1.83268313184242,77.5424794974306,0.0257537835829651
474.36,475,151074,151089,6345108,9669696,2025-03-04,2025-03-28,583.77,15,3324588,97266807,33115876,9.94141403243555,22.265649164365,0.343815151996505
584,615,3109,3109,10965443,9637900,2025-03-04,2025-07-18,583.77,0,-1327543,194064071,38276888,4.96634948980329,58.5445576888882,-0.137741935483871
579.89,607,3554,3541,6589116,9599651,2025-03-04,2025-03-21,583.77,-13,3010535,1540551175,562998949,0.623130938834278,86.3544087070006,0.313608796819801
504.38,515,9011,9012,9128143,9570744,2025-03-04,2025-09-19,583.77,1,442600.999999998,565299051,92922140,1.69304087510311,85.8372348479318,0.0462452030897492
452.15,455,33485,33485,6630030,9543225,2025-03-04,2025-06-20,583.77,0,2913195,681269429,193197040,1.40080041665865,89.2831078436664,0.305263157894737
571.17,600,3244,3194,7286024,9208302,2025-03-04,2025-07-18,583.77,-50,1922278,194064071,38276888,4.74498033177919,63.2895380206674,0.208754882279056
444.91,450,17724,17757,6841464,9038313,2025-03-04,2025-09-19,583.77,33,2196849,565299051,92922140,1.59885515180177,87.4360899997336,0.243059628494831
479.48,480,165108,165038,6274104,8581976,2025-03-04,2025-03-21,583.77,-70,2307872,1540551175,562998949,0.557071789582063,86.9114804965827,0.268920817303614
551.15,554,4910,29954,834700,8536890,2025-03-04,2025-03-21,583.77,25044,7702190,1540551175,562998949,0.554145174696972,87.4656256712796,0.902224346336898
533.62,540,13197,12932,6215787,8250616,2025-03-04,2025-05-16,583.77,-265,2034829,294462145,81706466,2.80192756186029,69.8599634937795,0.246627524538774
509.3,510,116982,117821,6083064,8247470,2025-03-04,2025-03-21,583.77,839,2164406,1540551175,562998949,0.535358392102749,88.0009840633824,0.262432721792259
584.46,604,4199,4182,4875039,8171628,2025-03-04,2025-03-07,583.77,-17,3296589,206646316,100521871,3.95440294227166,57.0387729534941,0.403418878098709
581.22,608,3004,3002,5518348,8039356,2025-03-04,2025-03-21,583.77,-2,2521008,1540551175,562998949,0.521849330970781,88.5228333943532,0.313583326823691
571.7,610,2076,2069,6776064,7924270,2025-03-04,2025-09-19,583.77,-7,1148206,565299051,92922140,1.40178370828364,88.8378737080173,0.144897384869521
395.7,400,18181,18169,6454255,7812670,2025-03-04,2025-12-19,583.77,-12,1358415,530205131,60868876,1.47351836925169,79.0159978666823,0.173873336516197
552.91,573,3818,3819,6746406,7672371,2025-03-04,2025-08-15,583.77,1,925965,178829414,22551067,4.29032944211292,18.5155060676987,0.120688246175791
552,555,23799,25421,4069629,7626300,2025-03-04,2025-03-21,583.77,1622,3556671,1540551175,562998949,0.495037109039886,89.0178705033931,0.466369143621415
532.48,545,6053,6055,6670406,7580860,2025-03-04,2025-07-18,583.77,2,910453.999999999,194064071,38276888,3.90636966489279,67.1959076855602,0.120099038895323
577.89,596,4243,4185,4132682,7579035,2025-03-04,2025-03-21,583.77,-58,3446353,1540551175,562998949,0.491969051271536,89.5098395546646,0.454721874222774
513.35,530,4541,4540,6638942,7559100,2025-03-04,2025-12-19,583.77,-1,920158,530205131,60868876,1.42569348315115,80.4416913498334,0.121728512653623
566.22,570,18599,19820,3719800,7491960,2025-03-04,2025-03-14,583.77,1221,3772160,210547084,87993237,3.55832997430636,31.7299502471381,0.503494412677056
573.4,585,6269,6406,4714288,7430960,2025-03-04,2025-03-28,583.77,137,2716672,97266807,33115876,7.63976964926997,29.905418813635,0.365588295455769
547.36,575,2682,2681,6967836,7410284,2025-03-04,2025-12-19,583.77,-1,442448,530205131,60868876,1.39762585586898,81.8393172057024,0.0597072932697316
496.84,510,5609,5592,6153073,7359072,2025-03-04,2025-12-19,583.77,-17,1205999,530205131,60868876,1.38796695273777,83.2272841584402,0.163879222815051
556.9,561,17973,17888,3918114,7334080,2025-03-04,2025-03-21,583.77,-85,3415966,1540551175,562998949,0.476068573314353,89.9859081279789,0.465766121994851
524.71,545,3601,3606,5941650,7316574,2025-03-04,2025-12-19,583.77,5,1374924,530205131,60868876,1.37995156444459,84.6072357228848,0.187919099840991
582.94,595,6533,6024,4220318,7264944,2025-03-04,2025-03-07,583.77,-509,3044626,206646316,100521871,3.51564167250869,60.5544146260028,0.419084579316785
583.46,605,3376,3364,4290896,7246056,2025-03-04,2025-03-14,583.77,-12,2955160,210547084,87993237,3.44153709580704,35.1714873429451,0.407830135455757
578.59,593,5153,5010,4689230,7219410,2025-03-04,2025-03-21,583.77,-143,2530180,1540551175,562998949,0.46862513346887,90.4545332614478,0.350469082653569
554.29,558,11835,19283,2224980,7153993,2025-03-04,2025-03-21,583.77,7448,4929013,1540551175,562998949,0.464378796114968,90.9189120575628,0.688987674435801
581.49,602,3540,3436,6255180,7047236,2025-03-04,2025-03-21,583.77,-104,792056,1540551175,562998949,0.457449003600935,91.3763610611637,0.11239243300494
542.13,550,8556,8901,4817028,7005087,2025-03-04,2025-05-16,583.77,345,2188059,294462145,81706466,2.37894314055207,72.2389066343316,0.312352865853058
509.46,525,4390,4391,5750900,6823614,2025-03-04,2025-12-19,583.77,1,1072714,530205131,60868876,1.28697622882869,85.8942119517135,0.157206137392883
582,612,2269,2270,6593714,6810000,2025-03-04,2025-03-21,583.77,1,216286,1540551175,562998949,0.442049580079675,91.8184106412434,0.0317600587371513
470.68,480,7239,7279,5668137,6784028,2025-03-04,2025-12-19,583.77,40,1115891,530205131,60868876,1.27951006192733,87.1737220136408,0.164487970863328
582.18,598,4198,4260,3774002,6739320,2025-03-04,2025-03-14,583.77,62,2965318,210547084,87993237,3.20086123823971,38.3723485811848,0.440002552186274
577.97,620,1579,1580,5935461,6640740,2025-03-04,2025-08-15,583.77,1,705279,178829414,22551067,3.71344951116375,22.2289555788624,0.106204880781359
565.85,590,2749,2740,5140630,6617100,2025-03-04,2025-07-18,583.77,-9,1476470,194064071,38276888,3.40975017472451,70.6056578602847,0.223129467591543
554.16,565,5854,6097,4653930,6609148,2025-03-04,2025-05-16,583.77,243,1955218,294462145,81706466,2.24448137467721,74.4833880090088,0.295835106128657
539.23,540,83738,85014,3935686,6546078,2025-03-04,2025-03-14,583.77,1276,2610392,210547084,87993237,3.10908034233331,41.4814289235181,0.398771905864855
575.61,587,5666,5685,3960534,6475215,2025-03-04,2025-03-21,583.77,19,2514681,1540551175,562998949,0.420318072199062,92.2387287134424,0.388354826828144
504.53,510,11861,11827,4886732,6469369,2025-03-04,2025-06-20,583.77,-34,1582637,681269429,193197040,0.949605064401033,90.2327129080674,0.244635450536211
579.47,610,2139,2102,4812750,6417406,2025-03-04,2025-05-16,583.77,-37,1604656,294462145,81706466,2.179365364604,76.6627533736128,0.250047449078335
581.18,605,2684,2688,4294400,6402816,2025-03-04,2025-04-04,583.77,4,2108416,45742808,16834644,13.9974266555739,13.9974266555739,0.329295110151533
526.3,535,7254,7307,4388670,6357090,2025-03-04,2025-06-20,583.77,53,1968420,681269429,193197040,0.93312421332794,91.1658371213953,0.309641675672359
524.74,530,12116,12062,4604080,6344612,2025-03-04,2025-05-16,583.77,-54,1740532,294462145,81706466,2.15464436014347,78.8173977337562,0.27433229959531
535.23,550,4269,4274,5122800,6312698,2025-03-04,2025-08-15,583.77,5,1189898,178829414,22551067,3.53001100814433,25.7589665870068,0.188492780741293
583.6,611,2301,2295,6670599,6288300,2025-03-04,2025-03-21,583.77,-6,-382298.999999999,1540551175,562998949,0.408185077006611,92.6469137904491,-0.0607952864844233
536.53,555,3362,3358,4979122,6202226,2025-03-04,2025-09-19,583.77,-4,1223104,565299051,92922140,1.09715839590185,89.9350321039191,0.197204036099297
558.03,562,15206,15467,3466968,6140399,2025-03-04,2025-03-21,583.77,261,2673431,1540551175,562998949,0.398584552051638,93.0454983425007,0.435383922119719
481.13,485,15817,15833,4507845,6127371,2025-03-04,2025-06-20,583.77,16,1619526,681269429,193197040,0.899404954805333,92.0652420762007,0.264310093186784
579.14,590,5031,5636,3179592,6120696,2025-03-04,2025-03-14,583.77,605,2941104,210547084,87993237,2.9070438230339,44.388472746552,0.480517901885668
500.18,515,4086,4102,5009436,6079164,2025-03-04,2025-12-19,583.77,16,1069728,530205131,60868876,1.1465683081064,88.3202903217472,0.175966300629494
546.65,563,3673,3673,6005355,6005355,2025-03-04,2025-08-15,583.77,0,0,178829414,22551067,3.35814722291714,29.1171138099239,0
528,540,4911,4928,4076130,5913600,2025-03-04,2025-07-18,583.77,17,1837470,194064071,38276888,3.047241032061,73.6528988923457,0.310719358766234
575.98,588,4580,4909,3347980,5900618,2025-03-04,2025-03-21,583.77,329,2552638,1540551175,562998949,0.383019927916384,93.4285182704171,0.432605194913482
569.06,595,2244,2231,5165688,5787214,2025-03-04,2025-07-18,583.77,-13,621526,194064071,38276888,2.98211511805294,76.6350140103987,0.107396408703739
581.66,604,2586,2562,3297150,5723508,2025-03-04,2025-03-14,583.77,-24,2426358,210547084,87993237,2.7183981327426,47.1068708792946,0.423928471839299
459.66,460,165866,166059,4312516,5646006,2025-03-04,2025-03-21,583.77,193,1333490,1540551175,562998949,0.366492596391678,93.7950108668088,0.236182887513758
419.69,425,10632,10616,5028936,5637096,2025-03-04,2025-12-19,583.77,-16,608159.999999999,530205131,60868876,1.0631915216226,89.3834818433698,0.107885336705282
580.14,603,2434,2452,2920800,5605272,2025-03-04,2025-03-14,583.77,18,2684472,210547084,87993237,2.66224157253111,49.7691124518257,0.478919131845877
485.73,490,12654,13027,4327668,5562529,2025-03-04,2025-06-20,583.77,373,1234861,681269429,193197040,0.816494732218492,92.8817368084191,0.221996325771964
461.63,470,6582,6585,5054976,5511645,2025-03-04,2025-12-19,583.77,3,456669.000000001,530205131,60868876,1.03953067930608,90.4230125226759,0.0828553000057153
520.81,530,5984,5966,4254624,5482754,2025-03-04,2025-07-18,583.77,-18,1228130,194064071,38276888,2.82522878745546,79.4602427978541,0.223998742237933
550.25,560,5226,5530,3705234,5391750,2025-03-04,2025-05-16,583.77,304,1686516,294462145,81706466,1.83105030359675,80.648448037353,0.312795660036166
540.2,555,3718,3632,4699552,5375360,2025-03-04,2025-07-18,583.77,-86,675808.000000001,194064071,38276888,2.76988933206498,82.2301321299191,0.125723300392904
519.09,520,57746,58981,3522506,5367271,2025-03-04,2025-03-21,583.77,1235,1844765,1540551175,562998949,0.348399396728901,94.1434102635377,0.34370632673476
529.18,535,10026,9167,4261050,5335194,2025-03-04,2025-05-16,583.77,-859,1074144,294462145,81706466,1.81184376008672,82.4602917974397,0.201331760382097
561.23,566,11277,11182,3540978,5333814,2025-03-04,2025-03-21,583.77,-95,1792836,1540551175,562998949,0.346227641545241,94.4896379050829,0.336126456603099
582.37,609,1964,1978,3385936,5267414,2025-03-04,2025-03-21,583.77,14,1881478,1540551175,562998949,0.341917495859883,94.8315554009428,0.357191973139002
561.43,585,2231,2216,4243362,5223112,2025-03-04,2025-08-15,583.77,-15,979750,178829414,22551067,2.92072309759959,32.0378369075235,0.187579741732515
580.77,597,3187,3201,2928853,5195223,2025-03-04,2025-03-14,583.77,14,2266370,210547084,87993237,2.46748750982464,52.2365999616504,0.436241139215776
583,615,1614,1598,3776760,5113600,2025-03-04,2025-03-21,583.77,-16,1336840,1540551175,562998949,0.331933147238682,95.1634885481815,0.261428347934919
579.85,587,4975,7086,1711400,5066490,2025-03-04,2025-03-07,583.77,2111,3355090,206646316,100521871,2.45176884740592,63.0061834734087,0.662211906073041
552.82,556,15879,15788,2937615,5020584,2025-03-04,2025-03-21,583.77,-91,2082969,1540551175,562998949,0.325895308216554,95.489383856398,0.414885798146192
581.84,615,1486,1485,5348114,4924260,2025-03-04,2025-09-19,583.77,-1,-423854,565299051,92922140,0.871089380265031,90.8061214841841,-0.086074658933525
582.66,599,3055,2997,3045835,4897098,2025-03-04,2025-03-14,583.77,-58,1851263,210547084,87993237,2.32589210306992,54.5624920647203,0.37803266342638
497.58,505,6576,6582,5602752,4883844,2025-03-04,2025-09-19,583.77,6,-718908,565299051,92922140,0.863939890109598,91.6700613742937,-0.14720126195677
570.12,575,9721,9980,2576065,4870240,2025-03-04,2025-03-14,583.77,259,2294175,210547084,87993237,2.31313581146534,56.8756278761857,0.471059947764381
486.77,495,5896,5901,4162576,4856523,2025-03-04,2025-09-19,583.77,5,693947.000000001,565299051,92922140,0.85910687297439,92.5291682472681,0.142889676420765
584.55,603,2711,2625,2933302,4843125,2025-03-04,2025-03-07,583.77,-86,1909823,206646316,100521871,2.34367836492183,65.3498618383306,0.394336920893019
575.94,584,8869,5890,3884622,4747340,2025-03-04,2025-03-14,583.77,-2979,862718,210547084,87993237,2.25476406977928,59.1303919459649,0.181726609006307
570.69,579,5040,5706,2449440,4741686,2025-03-04,2025-03-21,583.77,666,2292246,1540551175,562998949,0.307791527925062,95.7971753843231,0.48342425036158
572.13,578,6976,7922,2232320,4650214,2025-03-04,2025-03-14,583.77,946,2417894,210547084,87993237,2.20863377048718,61.3390257164521,0.519953275268622
546.3,555,5322,5326,3326250,4633620,2025-03-04,2025-05-16,583.77,4,1307370,294462145,81706466,1.57358766777984,84.0338794652196,0.282148730366323
580.16,600,2339,2302,3031344,4567168,2025-03-04,2025-03-28,583.77,-37,1535824,97266807,33115876,4.69550521998733,34.6009240336223,0.336274908214456
565.48,595,1538,1545,3672744,4560840,2025-03-04,2025-08-15,583.77,7,888096.000000001,178829414,22551067,2.55038581069219,34.5882227182157,0.194722024890152
468.46,475,6847,6936,3560440,4536144,2025-03-04,2025-09-19,583.77,89,975704,565299051,92922140,0.802432622516467,93.3316008697846,0.21509546434152
548.54,565,2749,2752,3417007,4529792,2025-03-04,2025-07-18,583.77,3,1112785,194064071,38276888,2.33417343903911,84.5643055689582,0.245659182584984
580.93,594,3470,3453,2668430,4513071,2025-03-04,2025-03-14,583.77,-17,1844641,210547084,87993237,2.1434972711377,63.4825229875898,0.40873298913312
564.08,590,1712,1730,3461664,4484160,2025-03-04,2025-08-15,583.77,18,1022496,178829414,22551067,2.50750695855884,37.0957296767745,0.228023977734961
476.4,480,10987,12207,2911555,4394520,2025-03-04,2025-06-20,583.77,1220,1482965,681269429,193197040,0.6450487594094,93.5267855678286,0.337457788336383
551.7,572,2159,2164,3735070,4392920,2025-03-04,2025-08-15,583.77,5,657850,178829414,22551067,2.4564862690877,39.5522159458622,0.149752328747166
589.07,613,1799,1799,3704141,4305007,2025-03-04,2025-03-21,583.77,0,600866.000000001,1540551175,562998949,0.279445893772403,96.0766212780955,0.139573756790639
514.2,515,54262,53666,3038672,4293280,2025-03-04,2025-03-21,583.77,-596,1254608,1540551175,562998949,0.278684672711376,96.3553059508069,0.292225990384974
574.96,586,3624,3880,2464320,4283520,2025-03-04,2025-03-21,583.77,256,1819200,1540551175,562998949,0.278051133225094,96.633357084032,0.424697445091887
529.46,530,78482,79109,2825352,4271886,2025-03-04,2025-03-14,583.77,627,1446534,210547084,87993237,2.02894569653598,65.5114686841258,0.338617182200087
572.84,579,6878,6914,2187204,4259024,2025-03-04,2025-03-14,583.77,36,2071820,210547084,87993237,2.02283684916767,67.5343055332935,0.486454173538351
572,610,1115,1114,3747515,4233200,2025-03-04,2025-08-15,583.77,-1,485685,178829414,22551067,2.36717210290696,41.9193880487692,0.114732353774922
558,578,2101,2109,4311252,4218000,2025-03-04,2025-08-15,583.77,8,-93252,178829414,22551067,2.35867238260927,44.2780604313785,-0.0221081081081081
496.95,500,13540,13680,3019420,4172400,2025-03-04,2025-05-16,583.77,140,1152980,294462145,81706466,1.41695632897057,85.4508357941901,0.276334963090787
499.95,510,4120,4126,3440200,4146630,2025-03-04,2025-09-19,583.77,6,706430.000000001,565299051,92922140,0.733528562035389,94.06512943182,0.170362438896164
572.05,581,4551,4608,2503050,4124160,2025-03-04,2025-03-21,583.77,57,1621110,1540551175,562998949,0.267706783580234,96.9010638676122,0.393076408286778
582.25,601,2650,2196,2583750,4117500,2025-03-04,2025-03-07,583.77,-454,1533750,206646316,100521871,1.99253491651891,67.3423967548495,0.372495446265938
523.94,525,34552,38529,2349536,4084074,2025-03-04,2025-03-21,583.77,3977,1734538,1540551175,562998949,0.265104727858197,97.1661685954704,0.424707779535826
499.42,500,101303,67348,4558635,3906184,2025-03-04,2025-03-21,583.77,-33955,-652451.000000001,1540551175,562998949,0.253557561955058,97.4197261574255,-0.16703027814358
573.81,584,3966,3833,2447022,3905827,2025-03-04,2025-03-21,583.77,-133,1458805,1540551175,562998949,0.253534388430816,97.6732605458563,0.37349452497512
543.11,560,2302,2304,2987996,3891456,2025-03-04,2025-08-15,583.77,2,903460,178829414,22551067,2.17607154939288,46.4541319807714,0.232165030261167
545,557,3220,3220,3864000,3864000,2025-03-04,2025-08-15,583.77,0,0,178829414,22551067,2.16071837041305,48.6148503511844,0
574.03,588,2791,2739,2765881,3826383,2025-03-04,2025-04-04,583.77,-52,1060502,45742808,16834644,8.36499368381583,22.3624203393897,0.27715521420621
456.95,465,4768,4751,3180256,3824555,2025-03-04,2025-12-19,583.77,-17,644299.000000001,530205131,60868876,0.721334965730462,91.1443474884063,0.16846378206092
576.78,589,3145,3122,2412215,3815084,2025-03-04,2025-03-21,583.77,-23,1402869,1540551175,562998949,0.247644094004213,97.9209046398605,0.36771641201085
582.74,594,3514,3355,2108400,3777730,2025-03-04,2025-03-07,583.77,-159,1669330,206646316,100521871,1.82811388711135,69.1705106419608,0.441887059159866
559.37,565,6368,6594,2247904,3712422,2025-03-04,2025-03-28,583.77,226,1464518,97266807,33115876,3.81674089496944,38.4176649285917,0.394491251264
572.68,582,3739,3933,2157403,3665556,2025-03-04,2025-03-21,583.77,194,1508153,1540551175,562998949,0.237937957497582,98.158842597358,0.411439083184106
562.78,585,1653,1649,2793570,3664078,2025-03-04,2025-07-18,583.77,-4,870508.000000001,194064071,38276888,1.88807643842533,86.4523820073835,0.237579003503747
584.45,602,2051,2066,2063306,3625830,2025-03-04,2025-03-07,583.77,15,1562524,206646316,100521871,1.75460664878245,70.9251172907433,0.430942432491319
584.05,599,2352,2418,2003904,3614910,2025-03-04,2025-03-07,583.77,66,1611006,206646316,100521871,1.74932225745558,72.6744395481989,0.445655908445854
582.15,592,4927,3666,2552186,3611010,2025-03-04,2025-03-07,583.77,-1261,1058824,206646316,100521871,1.74743497483885,74.4218745230377,0.293221010188285
506.34,510,9710,9854,2563440,3606564,2025-03-04,2025-05-16,583.77,144,1043124,294462145,81706466,1.22479716365579,86.6756329578459,0.289229305233458
577.36,597,1803,1820,2071647,3574480,2025-03-04,2025-03-28,583.77,17,1502833,97266807,33115876,3.67492273083458,42.0925876594263,0.42043402117231
474.4,485,3326,3330,3013356,3529800,2025-03-04,2025-12-19,583.77,4,516444,530205131,60868876,0.665742331339302,91.8100898197456,0.146309705932347
582.54,593,3451,3371,1918756,3526066,2025-03-04,2025-03-07,583.77,-80,1607310,206646316,100521871,1.70632899160903,76.1282035146467,0.455836617919234
570.21,580,3015,3580,1812015,3504820,2025-03-04,2025-03-28,583.77,565,1692805,97266807,33115876,3.60330528789744,45.6958929473238,0.482993420489497
466.76,470,10618,10621,2569556,3441204,2025-03-04,2025-06-20,583.77,3,871648,681269429,193197040,0.505116456649341,94.0319020244779,0.253297392424279
494.11,500,5781,5796,2670822,3413844,2025-03-04,2025-07-18,583.77,15,743022,194064071,38276888,1.75913242590897,88.2115144332925,0.21764966413228
523.99,535,3096,3096,2820456,3408696,2025-03-04,2025-07-18,583.77,0,588240,194064071,38276888,1.75647969376052,89.967994127053,0.172570390554042
555.13,559,8346,8802,1627470,3406374,2025-03-04,2025-03-21,583.77,456,1778904,1540551175,562998949,0.221113978897845,98.3799565762559,0.522228034854658
519.19,530,3100,3114,2817900,3366234,2025-03-04,2025-08-15,583.77,14,548334.000000001,178829414,22551067,1.88237154319591,50.4972218943803,0.162892419243582
581.06,620,860,860,3348840,3348840,2025-03-04,2025-09-19,583.77,0,0,565299051,92922140,0.592401489808975,94.657530921629,0
472.95,480,4597,4740,2657066,3341700,2025-03-04,2025-09-19,583.77,143,684634,565299051,92922140,0.591138441518452,95.2486693631474,0.204875961337044
583.85,598,1965,2357,1530735,3335155,2025-03-04,2025-03-07,583.77,392,1804420,206646316,100521871,1.61394360400792,77.7421471186547,0.541030326926335
553.43,575,1534,1539,2497352,3319623,2025-03-04,2025-08-15,583.77,5,822271.000000001,178829414,22551067,1.85630703906461,52.3535289334449,0.247700115344423
577.62,583,6132,6161,1520736,3314618,2025-03-04,2025-03-07,583.77,29,1793882,206646316,100521871,1.60400536731562,79.3461524859703,0.541203239709674
581.58,595,2260,2452,1871280,3290584,2025-03-04,2025-03-14,583.77,192,1419304,210547084,87993237,1.56287322411931,69.0971787574128,0.431322829017585
563.22,570,3978,4847,1690650,3286266,2025-03-04,2025-03-28,583.77,869,1595616,97266807,33115876,3.37860993010699,49.0745028774308,0.485540732247481
489.79,490,152208,152215,2891952,3196515,2025-03-04,2025-03-14,583.77,7,304563,210547084,87993237,1.51819485659559,70.6153736140084,0.0952797030516046
520.49,531,2988,2988,3140388,3140388,2025-03-04,2025-08-15,583.77,0,0,178829414,22551067,1.75608023856747,54.1096091720124,0
580.37,588,5236,4092,1973972,3122196,2025-03-04,2025-03-07,583.77,-1144,1148224,206646316,100521871,1.51088877868019,80.8570412646505,0.367761665186939
483.8,495,2755,2759,2540110,3090080,2025-03-04,2025-12-19,583.77,4,549970,530205131,60868876,0.582808392323914,92.3928982120695,0.177979210894216
520.24,525,9445,6459,3258525,3074484,2025-03-04,2025-05-16,583.77,-2986,-184041,294462145,81706466,1.04410161109164,87.7197345689375,-0.0598607766376407
517.19,535,1722,1724,2748312,3070444,2025-03-04,2025-12-19,583.77,2,322132,530205131,60868876,0.579104920054046,92.9720031321236,0.104913817024508
531.93,546,2170,2170,2773260,3053190,2025-03-04,2025-08-15,583.77,0,279930,178829414,22551067,1.70731980366496,55.8169289756774,0.0916844349680171
564.05,565,20435,31859,858270,3026605,2025-03-04,2025-03-07,583.77,11424,2168335,206646316,100521871,1.46463051390667,82.3216717785572,0.716424839052338
568.36,570,21074,18396,1517328,3016944,2025-03-04,2025-03-07,583.77,-2678,1499616,206646316,100521871,1.45995537612197,83.7816271546791,0.49706457925636
584.5,606,1372,1397,1823388,3003550,2025-03-04,2025-03-07,583.77,25,1180162,206646316,100521871,1.45347377013002,85.2351009248091,0.392922375189359
580.74,589,3149,3630,1291090,2998380,2025-03-04,2025-03-07,583.77,481,1707290,206646316,100521871,1.45097191086629,86.6860728356754,0.569404144904915
447.6,450,12070,12480,2232950,2995200,2025-03-04,2025-06-20,583.77,410,762250,681269429,193197040,0.439649846668813,94.4715518711467,0.254490518162393
576.13,590,2238,2156,1987344,2990372,2025-03-04,2025-03-28,583.77,-82,1003028,97266807,33115876,3.07440132171708,52.1489041991478,0.335419138488455
569.12,580,2393,2721,1696637,2960448,2025-03-04,2025-04-04,583.77,328,1263811,45742808,16834644,6.47194199359165,28.8343623329814,0.426898564001124
583.64,597,2114,2208,1513624,2949888,2025-03-04,2025-03-07,583.77,94,1436264,206646316,100521871,1.42750572916093,88.1135785648364,0.486887637767942
558.23,580,1330,1341,2339470,2919357,2025-03-04,2025-08-15,583.77,11,579887,178829414,22551067,1.63248144402017,57.4494104196975,0.198635178910973
548.72,550,19467,22568,1362690,2888704,2025-03-04,2025-03-14,583.77,3101,1526014,210547084,87993237,1.37199905366536,71.9873726676737,0.528269424627792
577.75,595,1562,1673,1726010,2885925,2025-03-04,2025-03-28,583.77,111,1159915,97266807,33115876,2.96701936560948,55.1159235647573,0.40192139435363
538.73,555,1242,1759,1521450,2861893,2025-03-04,2025-08-15,583.77,517,1340443,178829414,22551067,1.60034802775789,59.0497584474554,0.468376350897815
386.07,390,7140,6976,2413320,2741568,2025-03-04,2025-12-19,583.77,-164,328248,530205131,60868876,0.517076851902439,93.489079984026,0.119730023110862
479.82,480,151136,151135,2115904,2720430,2025-03-04,2025-03-14,583.77,-1,604526,210547084,87993237,1.29207678791695,73.2794494555907,0.22221707597696
549.32,565,1728,1709,2438208,2679712,2025-03-04,2025-08-15,583.77,-19,241504,178829414,22551067,1.49847384726094,60.5482322947164,0.0901231177081716
581.51,591,2769,2808,1329120,2664792,2025-03-04,2025-03-07,583.77,39,1335672,206646316,100521871,1.28954246636558,89.4031210312019,0.501229364243063
471.58,475,7469,7751,2195886,2650842,2025-03-04,2025-06-20,583.77,282,454956,681269429,193197040,0.389103324934312,94.860655196081,0.17162697739058
527.73,540,2176,2159,2284800,2649093,2025-03-04,2025-08-15,583.77,-17,364293,178829414,22551067,1.48135194359022,62.0295842383066,0.137516123443005
581.72,596,1553,1847,1351110,2637516,2025-03-04,2025-03-14,583.77,294,1286406,210547084,87993237,1.25269652274073,74.5321459783314,0.487733913272943
578.3,584,4334,4536,1174514,2585520,2025-03-04,2025-03-07,583.77,202,1411006,206646316,100521871,1.25118126954656,90.6543023007485,0.545733933599431
407.49,410,10148,10148,2547148,2547148,2025-03-04,2025-09-19,583.77,0,0,565299051,92922140,0.450584163460766,95.6992535266082,0
472.92,475,10205,11869,1551160,2468752,2025-03-04,2025-05-16,583.77,1664,917592,294462145,81706466,0.83839367535681,88.5581282442944,0.371682534333137
568.54,573,487,5517,104218,2460582,2025-03-04,2025-03-14,583.77,5030,2356364,210547084,87993237,1.16866116274496,75.7008071410763,0.957644979927513
585.02,620,703,703,2459094,2459094,2025-03-04,2025-07-18,583.77,0,0,194064071,38276888,1.26715573229421,91.2351498593472,0
549.08,568,1291,1297,2155970,2453924,2025-03-04,2025-08-15,583.77,6,297954,178829414,22551067,1.37221497577574,63.4017992140823,0.121419408262033
581.46,620,617,633,1894190,2439582,2025-03-04,2025-06-20,583.77,16,545392,681269429,193197040,0.35809356711939,95.2187487632004,0.223559609802007
569.81,605,699,692,2069739,2435148,2025-03-04,2025-08-15,583.77,-7,365409,178829414,22551067,1.36171558443959,64.7635147985219,0.150056177283681
531.85,545,1837,1837,2112550,2415655,2025-03-04,2025-08-15,583.77,0,303105,178829414,22551067,1.35081525234993,66.1143300508718,0.125475285171103
591.46,640,493,493,2367879,2393022,2025-03-04,2025-08-15,583.77,0,25143,178829414,22551067,1.33815905698824,67.4524891078601,0.0105067985166873
583.31,596,1615,1885,1098200,2392065,2025-03-04,2025-03-07,583.77,270,1293865,206646316,100521871,1.157564792977,91.8118670937255,0.540898763202505
398.58,400,18700,16723,2131800,2374666,2025-03-04,2025-06-20,583.77,-1977,242866,681269429,193197040,0.348564884745474,95.5673136479459,0.102273751340189
580.23,601,1048,1139,1953472,2365703,2025-03-04,2025-03-14,583.77,91,412231,210547084,87993237,1.12359808317269,76.824405224249,0.174253065579238
483.46,490,3427,3608,2021930,2359632,2025-03-04,2025-08-15,583.77,181,337702,178829414,22551067,1.31948763193956,68.7719767397996,0.143116384249747
583.59,602,1277,1279,1852927,2354639,2025-03-04,2025-03-14,583.77,2,501712,210547084,87993237,1.11834320156151,77.9427484258106,0.213073851235795
424.69,425,75730,75715,2271900,2347165,2025-03-04,2025-03-28,583.77,-15,75265,97266807,33115876,2.41312023329809,57.5290437980554,0.0320663438658978
581.03,605,991,978,1531095,2344266,2025-03-04,2025-03-28,583.77,-13,813171,97266807,33115876,2.41013977152555,59.9391835695809,0.346876591649582
565.15,569,6035,6057,1086300,2331945,2025-03-04,2025-03-14,583.77,22,1245645,210547084,87993237,1.10756461485831,79.0503130406689,0.534165685725864
533.67,549,1518,1516,1686498,2324028,2025-03-04,2025-08-15,583.77,-2,637530,178829414,22551067,1.29957815552647,70.0715548953261,0.274321135545699
583.75,620,646,638,1707378,2312750,2025-03-04,2025-03-21,583.77,-8,605372,1540551175,562998949,0.150124840870671,98.5300814171266,0.261754188736353
570.55,615,529,518,1995388,2302510,2025-03-04,2025-12-19,583.77,-11,307122,530205131,60868876,0.434267770222691,93.9233477542487,0.133385739909924
555.53,576,1069,1096,1956270,2243512,2025-03-04,2025-08-15,583.77,27,287242,178829414,22551067,1.2545542424022,71.3261091377283,0.128032299359219
510.31,520,2258,2302,1862850,2230638,2025-03-04,2025-08-15,583.77,44,367788,178829414,22551067,1.24735520298691,72.5734643407152,0.164880182261756
567.79,572,838,5191,165924,2185411,2025-03-04,2025-03-14,583.77,4353,2019487,210547084,87993237,1.03796783051149,80.0882808711804,0.92407652382092
579.16,592,1609,1696,1137563,2177664,2025-03-04,2025-03-14,583.77,87,1040101,210547084,87993237,1.03428836848674,81.1225692396671,0.47762235129019
487.36,490,7961,8245,1496668,2176680,2025-03-04,2025-05-16,583.77,284,680012,294462145,81706466,0.739205373919965,89.2973336182143,0.31240788724112
583.05,609,995,837,2139250,2172015,2025-03-04,2025-03-14,583.77,-158,32765,210547084,87993237,1.03160535816302,82.1541745978301,0.0150850707752939
582.21,597.5,1215,1417,1057050,2166593,2025-03-04,2025-03-14,583.77,202,1109543,210547084,87993237,1.02903016220353,83.1832047600336,0.512114181112927
429.77,430,94280,94146,1697040,2165358,2025-03-04,2025-03-21,583.77,-134,468318,1540551175,562998949,0.140557356038497,98.6706387731651,0.216277400780841
582.75,625,507,509,1783119,2150525,2025-03-04,2025-06-20,583.77,2,367406,681269429,193197040,0.315664391862797,95.8829780398087,0.170844793713163
566.85,575,2887,2622,1457935,2136930,2025-03-04,2025-03-28,583.77,-265,678995,97266807,33115876,2.19697763904186,62.1361612086228,0.317743211055112
504.37,505,33235,33723,1595280,2124549,2025-03-04,2025-03-21,583.77,488,529269,1540551175,562998949,0.137908369061482,98.8085471422266,0.249120636897525
433.82,440,3422,3428,1991604,2118504,2025-03-04,2025-12-19,583.77,6,126900,530205131,60868876,0.399563089101829,94.3229108433506,0.0599007601590554
546.78,556,2289,2289,2110458,2110458,2025-03-04,2025-08-15,583.77,0,0,178829414,22551067,1.18015149342267,73.7536158341379,0
584.32,608,883,876,1749223,2074368,2025-03-04,2025-03-14,583.77,-7,325145,210547084,87993237,0.985227608281671,84.1684323683153,0.156744126403801
557.83,560,9286,9536,1049318,2069312,2025-03-04,2025-03-14,583.77,250,1019994,210547084,87993237,0.98282624517374,85.151258613489,0.492914553242817
581.5,603,960,962,1728000,2068300,2025-03-04,2025-03-28,583.77,2,340300,97266807,33115876,2.12641913905943,64.2625803476822,0.164531257554513
515.68,520,5472,4713,1701792,2036016,2025-03-04,2025-05-16,583.77,-759,334224,294462145,81706466,0.69143556636117,89.9887691845755,0.16415588089681
578.19,588,1053,2051,582309,2012031,2025-03-04,2025-03-14,583.77,998,1429722,210547084,87993237,0.955620453997834,86.1068790674869,0.710586467107117
585.43,614,742,702,2326170,2005614,2025-03-04,2025-03-21,583.77,-40,-320556,1540551175,562998949,0.130188080249914,98.9387352224765,-0.159829358989317
580.05,615,569,570,1761055,1992150,2025-03-04,2025-08-15,583.77,1,231095,178829414,22551067,1.11399459151614,74.867610425654,0.116002811033306
580.7,607,744,745,1504368,1959350,2025-03-04,2025-03-14,583.77,1,454982,210547084,87993237,0.930599447295124,87.037478514782,0.232210682113967
465.93,475,2161,2158,1752571,1957306,2025-03-04,2025-12-19,583.77,-3,204735,530205131,60868876,0.369160139266928,94.6920709826175,0.104600404842166
342.88,345,9151,9150,2196240,1939800,2025-03-04,2025-12-19,583.77,-1,-256440,530205131,60868876,0.36585839830358,95.057929380921,-0.132199195793381
584.03,640,345,345,1930965,1930965,2025-03-04,2025-12-19,583.77,0,0,530205131,60868876,0.364192062109637,95.4221214430307,0
569.23,588,1004,1028,1328292,1929556,2025-03-04,2025-05-16,583.77,24,601264,294462145,81706466,0.655281513350383,90.6440506979259,0.311607437151345
478.67,485,2647,3018,1450556,1910394,2025-03-04,2025-08-15,583.77,371,459838,178829414,22551067,1.06827728015706,75.9358877058111,0.240703226664238
490.56,495,4200,4255,1764000,1889220,2025-03-04,2025-06-20,583.77,55,125220,681269429,193197040,0.277308788502823,96.1602868283115,0.0662813224505351
494.46,495,34923,34325,1466766,1853550,2025-03-04,2025-03-21,583.77,-598,386784,1540551175,562998949,0.120317327335783,99.0590525498122,0.208672007768876
524.45,535,1758,1755,1837110,1851525,2025-03-04,2025-08-15,583.77,-3,14415.0000000002,178829414,22551067,1.03535819895937,76.9712459047705,0.00778547413618516
562.21,565,6685,6603,962640,1842237,2025-03-04,2025-03-14,583.77,-82,879597,210547084,87993237,0.87497625946698,87.912454774249,0.477461368976956
479.31,485,3181,3210,2007211,1826490,2025-03-04,2025-09-19,583.77,29,-180721,565299051,92922140,0.323101550722398,96.0223550773306,-0.0989444234570129
499.96,505,3474,3560,1476450,1794240,2025-03-04,2025-06-20,583.77,86,317790,681269429,193197040,0.263367167764106,96.4236539960756,0.177116773675763
573.75,577,2033,5445,282587,1769625,2025-03-04,2025-03-07,583.77,3412,1487038,206646316,100521871,0.856354487345422,92.6682215810709,0.840312495585223
470.69,475,4059,4069,1607364,1753739,2025-03-04,2025-07-18,583.77,10,146375,194064071,38276888,0.903690719752035,92.1388405790993,0.0834645292144384
553.38,555,9777,10794,821268,1748628,2025-03-04,2025-03-14,583.77,1017,927360,210547084,87993237,0.830516370390578,88.7429711446396,0.530335783254071
577.59,587,1800,1848,963000,1738968,2025-03-04,2025-03-14,583.77,48,775968,210547084,87993237,0.825928322996865,89.5688994676364,0.446223277254096
357.38,360,6633,6632,1585287,1737584,2025-03-04,2025-12-19,583.77,-1,152297,530205131,60868876,0.327719197421347,95.749840640452,0.0876487122349193
582,625,403,402,1736930,1728600,2025-03-04,2025-05-16,583.77,-1,-8330,294462145,81706466,0.587036408364138,91.23108710629,-0.0048189286127502
459.22,465,3073,2990,1659420,1728220,2025-03-04,2025-09-19,583.77,-83,68800,565299051,92922140,0.305717831463333,96.3280729087939,0.0398097464443184
580.67,593,740,1394,545380,1718802,2025-03-04,2025-03-14,583.77,654,1173422,210547084,87993237,0.81635041784763,90.385249885484,0.682697599839889
549.76,564,1206,1207,1718550,1718768,2025-03-04,2025-08-15,583.77,1,218,178829414,22551067,0.961121530040914,77.9323674348114,0.00012683503532763
511.65,520,2047,2049,1508639,1710915,2025-03-04,2025-07-18,583.77,2,202276,194064071,38276888,0.881623780838855,93.0204643599381,0.118226796772487
575.03,590,1343,1134,1330913,1697598,2025-03-04,2025-04-04,583.77,-209,366685,45742808,16834644,3.7111801269393,32.5455424599207,0.216002257307089
571.97,582.5,1572,1610,1427376,1695330,2025-03-04,2025-03-28,583.77,38,267954,97266807,33115876,1.74296869845846,66.0055490461407,0.158054184141141
577.1,582,3537,3382,795825,1657180,2025-03-04,2025-03-07,583.77,-155,861355,206646316,100521871,0.801940258155873,93.4701618392268,0.519771539603423
580.24,607,619,619,1436080,1656444,2025-03-04,2025-04-04,583.77,0,220364,45742808,16834644,3.62121188537442,36.1667543452951,0.133034379671151
465.01,470,3241,3249,1328810,1621251,2025-03-04,2025-08-15,583.77,8,292441,178829414,22551067,0.906590791602102,78.8389582264135,0.180379842479666
578.77,591,637,1309,405132,1600907,2025-03-04,2025-03-14,583.77,672,1195775,210547084,87993237,0.760355816659042,91.1456057021431,0.746935955680124
571.56,574,3311,6481,350966,1581364,2025-03-04,2025-03-07,583.77,3170,1230398,206646316,100521871,0.765251484086462,94.2354133233133,0.778061218037087
559.47,567,81,2085,60912,1570005,2025-03-04,2025-04-04,583.77,2004,1509093,45742808,16834644,3.43224447436633,39.5989988196614,0.961202671329072
408.29,410,9164,9163,1392928,1566873,2025-03-04,2025-06-20,583.77,-1,173945,681269429,193197040,0.229993147101864,96.6536471431775,0.111014102610741
383.92,385,14502,14501,1711236,1566108,2025-03-04,2025-06-20,583.77,-1,-145128,681269429,193197040,0.229880856726363,96.8835279999038,-0.0926679386095976
492.65,500,2175,2128,1233225,1564080,2025-03-04,2025-08-15,583.77,-47,330855,178829414,22551067,0.874621218632411,79.7135794450459,0.211533297529538
421.14,425,4034,4029,1278778,1555194,2025-03-04,2025-09-19,583.77,-5,276416,565299051,92922140,0.275109961222985,96.6031828700169,0.177737311229338
561.15,564,5004,5451,645516,1553535,2025-03-04,2025-03-14,583.77,447,908019,210547084,87993237,0.737856336210289,91.8834620383534,0.584485705182053
518.39,525,2348,2348,1643600,1552028,2025-03-04,2025-07-18,583.77,0,-91572,194064071,38276888,0.799750305145356,93.8202146650835,-0.0590015128593041
448.32,450,8180,9137,948880,1535016,2025-03-04,2025-05-16,583.77,957,586136,294462145,81706466,0.521294850990099,91.7523819572801,0.381843576874769
569.24,581,184,1305,147936,1534680,2025-03-04,2025-04-04,583.77,1121,1386744,45742808,16834644,3.35501921963339,42.9540180392948,0.903604660254907
506.89,515,1882,1883,1193188,1527113,2025-03-04,2025-07-18,583.77,1,333925,194064071,38276888,0.786911761734608,94.6071264268181,0.218664237682477
457.27,460,5603,5530,1199042,1509690,2025-03-04,2025-06-20,583.77,-73,310648,681269429,193197040,0.221599551621742,97.1051275515256,0.205769396366141
526.46,539,1200,1200,1376400,1504800,2025-03-04,2025-08-15,583.77,0,128400,178829414,22551067,0.841472309471416,80.5550517545173,0.0853269537480062
437.78,440,6595,6596,1213480,1464312,2025-03-04,2025-06-20,583.77,1,250832,681269429,193197040,0.21493875075965,97.3200663022852,0.171296827452073
543.77,561,830,831,1094770,1431813,2025-03-04,2025-08-15,583.77,1,337043,178829414,22551067,0.800658553855128,81.3557103083724,0.235395963020311
575.62,592,963,864,921591,1415232,2025-03-04,2025-03-28,583.77,-99,493641,97266807,33115876,1.45499995697402,67.4605490031147,0.348805708180708
523.99,534,1381,1382,1252567,1383382,2025-03-04,2025-08-15,583.77,1,130815,178829414,22551067,0.77357632005661,82.129286628429,0.0945617334908218
578.21,596,695,777,875005,1382283,2025-03-04,2025-03-28,583.77,82,507278,97266807,33115876,1.42112509152274,68.8816740946375,0.366985631741112
544.35,562,779,781,1150583,1378465,2025-03-04,2025-08-15,583.77,2,227882,178829414,22551067,0.770826772378732,82.9001134008078,0.165315767901252
548.4,551,2618,5291,369138,1375660,2025-03-04,2025-03-21,583.77,2673,1006522,1540551175,562998949,0.0892966116493988,99.1483491614616,0.73166480089557
572.73,587,1612,963,1275092,1374201,2025-03-04,2025-03-28,583.77,-649,99109,97266807,33115876,1.4128159876781,70.2944900823156,0.0721211816903059
585.5,650,209,212,1338227,1367400,2025-03-04,2025-12-19,583.77,3,29173,530205131,60868876,0.257900182410721,96.0077408228628,0.0213346497001609
581.48,608,510,511,969000,1355172,2025-03-04,2025-03-28,583.77,1,386172,97266807,33115876,1.39325227361478,71.6877423559303,0.284961613728737
535.91,551,896,896,916608,1352064,2025-03-04,2025-08-15,583.77,0,435456,178829414,22551067,0.756063541090617,83.6561769418984,0.3220675944334
555.3,560,2723,2866,803285,1347020,2025-03-04,2025-03-28,583.77,143,543735,97266807,33115876,1.38487120277321,73.0726135587035,0.403657703671809
413.61,415,9549,9548,1355958,1327172,2025-03-04,2025-06-20,583.77,-1,-28786,681269429,193197040,0.19480868265997,97.5148749849452,-0.0216897282341701
577.56,593,833,855,832167,1320120,2025-03-04,2025-03-28,583.77,22,487953,97266807,33115876,1.35721531395597,74.4298288726595,0.369627761112626
452.49,460,1739,1754,1133828,1317254,2025-03-04,2025-12-19,583.77,15,183426,530205131,60868876,0.248442333539017,96.2561831564018,0.139248770548429
572.36,585,989,1042,838672,1317088,2025-03-04,2025-04-04,583.77,53,478416,45742808,16834644,2.87933351183863,45.8333515511335,0.363237687990476
550.04,553,3153,4431,523398,1311576,2025-03-04,2025-03-21,583.77,1278,788178,1540551175,562998949,0.0851368017683671,99.23348596323,0.600939632930154
573.82,591,711,744,650565,1278192,2025-03-04,2025-03-28,583.77,33,627627,97266807,33115876,1.31410913899949,75.743938011659,0.491027169627098
482.45,485,4953,4947,970788,1261485,2025-03-04,2025-05-16,583.77,-6,290697,294462145,81706466,0.428403114430889,92.180785071711,0.230440314391372
585.75,640,230,232,1264310,1258600,2025-03-04,2025-09-19,583.77,2,-5710,565299051,92922140,0.222643218270678,96.8258260882876,-0.00453678690608613
570.77,573,2710,5632,262870,1255936,2025-03-04,2025-03-07,583.77,2922,993066,206646316,100521871,0.607770815522305,94.8431841388356,0.79069793365267
438.53,440,8542,8539,888368,1255233,2025-03-04,2025-05-16,583.77,-3,366865,294462145,81706466,0.426279921312127,92.6070649930231,0.292268447371922
576.85,599,557,561,774230,1242615,2025-03-04,2025-03-28,583.77,4,468385,97266807,33115876,1.27753242686377,77.0214704385228,0.37693493157575
580.22,610,414,415,794052,1235870,2025-03-04,2025-03-28,583.77,1,441818,97266807,33115876,1.27059789266034,78.2920683311831,0.357495529465073
575.44,583,960,1630,412800,1232280,2025-03-04,2025-03-14,583.77,670,819480,210547084,87993237,0.585275263180563,92.4687373015339,0.66501119875353
588.87,604,795,801,1206810,1211913,2025-03-04,2025-03-28,583.77,6,5103,97266807,33115876,1.2459677020137,79.5380360331968,0.00421069829269923
574.9,602,440,440,888360,1192400,2025-03-04,2025-05-16,583.77,0,304040,294462145,81706466,0.404941694627675,93.0120066876508,0.254981549815498
462.06,465,3931,4049,1108542,1190406,2025-03-04,2025-06-20,583.77,118,81864,681269429,193197040,0.174733512077202,97.6896084970224,0.0687698146682728
575.88,592.5,710,705,864780,1171710,2025-03-04,2025-03-28,583.77,-5,306930,97266807,33115876,1.20463499948138,80.7426710326782,0.261950482627954
568.87,589,572,581,768768,1169553,2025-03-04,2025-05-16,583.77,9,400785,294462145,81706466,0.397182802563637,93.4091894902144,0.342682204226743
586.2,635,239,239,1166320,1166320,2025-03-04,2025-12-19,583.77,0,0,530205131,60868876,0.219975238225297,96.4761583946271,0
571.6,583,270,1012,182520,1153680,2025-03-04,2025-03-28,583.77,742,971160,97266807,33115876,1.18609835727413,81.9287693899523,0.841793218223424
450.89,455,2793,2793,1301538,1147923,2025-03-04,2025-09-19,583.77,0,-153615,565299051,92922140,0.203064731484929,97.0288908197725,-0.133819951338199
579.48,602.5,487,497,730500,1144094,2025-03-04,2025-03-14,583.77,10,413594,210547084,87993237,0.5433910450168,93.0121283465507,0.361503512823247
566.35,583,509,686,601638,1142190,2025-03-04,2025-05-16,583.77,177,540552,294462145,81706466,0.387890266845676,93.7970797570601,0.473259265096
553.7,557,3446,3445,634064,1136850,2025-03-04,2025-03-21,583.77,-1,502786,1540551175,562998949,0.0737950169036092,99.3072809801336,0.442262391696354
354.03,355,11654,11647,1025552,1129759,2025-03-04,2025-06-20,583.77,-7,104207,681269429,193197040,0.165831454034025,97.8554399510564,0.0922382561236511
347.42,350,4371,4370,1031556,1127460,2025-03-04,2025-12-19,583.77,-1,95904,530205131,60868876,0.212645999459405,96.6888043940865,0.0850619977648874
574.81,582,749,1546,301098,1111574,2025-03-04,2025-03-14,583.77,797,810476,210547084,87993237,0.527945568697593,93.5400739152483,0.729124646672196
574.25,581,810,1643,286740,1109025,2025-03-04,2025-03-14,583.77,833,822285,210547084,87993237,0.526734913127555,94.0668088283759,0.741448569689592
580.61,610,380,377,874000,1108003,2025-03-04,2025-04-04,583.77,-3,234003,45742808,16834644,2.42224526312421,48.2555968142577,0.211193471497821
549.14,552,3737,3818,526917,1091948,2025-03-04,2025-03-21,583.77,81,565031,1540551175,562998949,0.0708803457957182,99.3781613259294,0.517452296263192
577.95,587.5,1202,1142,637060,1090610,2025-03-04,2025-03-14,583.77,-60,453550,210547084,87993237,0.517988650937574,94.5847974793135,0.415868183860408
579.48,600,483,531,662193,1089612,2025-03-04,2025-04-04,583.77,48,427419,45742808,16834644,2.38204003567074,50.6376368499284,0.392267155648066
397.2,400,3877,3884,949865,1087520,2025-03-04,2025-09-19,583.77,7,137655,565299051,92922140,0.192379590603629,97.2212704103761,0.126576982492276
467.98,470,3689,5318,568106,1074236,2025-03-04,2025-05-16,583.77,1629,506130,294462145,81706466,0.364812937160395,94.1618926942205,0.471153452314017
581.65,607,438,422,699924,1069770,2025-03-04,2025-03-07,583.77,-16,369846,206646316,100521871,0.517681621771568,95.3608657606071,0.345724781962478
349.2,350,13342,13342,1067360,1067360,2025-03-04,2025-06-20,583.77,0,0,681269429,193197040,0.156672229013229,98.0121121800697,0
422.97,425,5146,5171,910842,1049713,2025-03-04,2025-06-20,583.77,25,138871,681269429,193197040,0.15408191756686,98.1661940976365,0.132294255667978
575.1,588,816,813,687072,1048770,2025-03-04,2025-03-28,583.77,-3,361698,97266807,33115876,1.07824039088689,83.0070097808392,0.344878285992162
484.56,485,23102,23094,900978,1016136,2025-03-04,2025-03-21,583.77,-8,115158,1540551175,562998949,0.0659592499418268,99.4441205758712,0.113329318122771
438.18,445,1498,1486,864346,1013452,2025-03-04,2025-12-19,583.77,-12,149106,530205131,60868876,0.191143378429508,96.879947772516,0.147126849618926
576.03,593,559,595,609869,1009715,2025-03-04,2025-04-04,583.77,36,399846,45742808,16834644,2.20737432647336,52.8450111764018,0.395998870968541
579.75,608,363,357,872652,1008525,2025-03-04,2025-04-04,583.77,-6,135873,45742808,16834644,2.2047728246154,55.0497840010172,0.134724473860341
577.2,586,1145,1145,577080,1007600,2025-03-04,2025-03-14,583.77,0,430520,210547084,87993237,0.478562790259304,95.0633602695728,0.427272727272727
387.7,390,1491,4369,372750,1004870,2025-03-04,2025-09-19,583.77,2878,632120,565299051,92922140,0.177759010601983,97.3990294209781,0.629056494869983
580.24,592.5,818,819,570964,1004094,2025-03-04,2025-03-14,583.77,1,433130,210547084,87993237,0.476897604528211,95.540257874101,0.43136399580119
373.83,375,8501,8530,807595,998010,2025-03-04,2025-06-20,583.77,29,190415,681269429,193197040,0.146492702815819,98.3126868004523,0.190794681416018
581.2,611,337,332,615699,989360,2025-03-04,2025-03-14,583.77,-5,373661,210547084,87993237,0.469899644869933,96.0101575189709,0.377679509986254
580.5,609,343,344,652386,980400,2025-03-04,2025-04-04,583.77,1,328014,45742808,16834644,2.14328774919109,57.1930717502083,0.334571603427173
587.05,630,225,226,1028250,970670,2025-03-04,2025-09-19,583.77,1,-57579.9999999999,565299051,92922140,0.171709115428888,97.570738536407,-0.0593198512367745
556.38,579,414,423,795294,956826,2025-03-04,2025-08-15,583.77,9,161532,178829414,22551067,0.535049564049905,84.1912265059483,0.168820663318095
353.37,355,5812,5812,970604,947356,2025-03-04,2025-09-19,583.77,0,-23247.9999999999,565299051,92922140,0.167584926655042,97.738323463062,-0.0245398773006134
526.91,538,849,850,945786,942650,2025-03-04,2025-08-15,583.77,1,-3136,178829414,22551067,0.527122456488058,84.7183489624364,-0.00332679149207023
410.68,415,2169,2169,937008,937008,2025-03-04,2025-12-19,583.77,0,0,530205131,60868876,0.176725562469142,97.0566733349851,0
562.25,563,823,12488,28805,936600,2025-03-04,2025-03-07,583.77,11665,907795,206646316,100521871,0.453238179189219,95.8141039397963,0.96924514200299
576.4,594,531,531,557550,934560,2025-03-04,2025-03-28,583.77,0,377010,97266807,33115876,0.960821094908564,83.9678308757478,0.403409090909091
581.34,615,275,277,629750,932382,2025-03-04,2025-03-28,583.77,2,302632,97266807,33115876,0.958581893204328,84.9264127689521,0.324579410584932
574.83,589,683,647,568939,916799,2025-03-04,2025-03-28,583.77,-36,347860,97266807,33115876,0.942561011589493,85.8689737805416,0.379428860633574
442.69,445,3680,3876,809600,895356,2025-03-04,2025-06-20,583.77,196,85755.9999999999,681269429,193197040,0.13142465548678,98.4441114559391,0.0957786623421297
562.24,570,811,1142,401445,886192,2025-03-04,2025-04-04,583.77,331,484747,45742808,16834644,1.93733624748179,59.13040799769,0.546999972917833
576.47,581,1243,1951,248600,883803,2025-03-04,2025-03-07,583.77,708,635203,206646316,100521871,0.427688727826147,96.2417926676225,0.718715596122665
576.4,595,511,474,599914,881640,2025-03-04,2025-04-04,583.77,-37,281726,45742808,16834644,1.92738495634112,61.0577929540312,0.319547661176898
373.42,375,5516,5516,871528,871528,2025-03-04,2025-08-15,583.77,0,0,178829414,22551067,0.487351594184612,85.205700556621,0
565.83,575,1539,949,898776,870233,2025-03-04,2025-04-04,583.77,-590,-28543,45742808,16834644,1.90244770281702,62.9602406568482,-0.0327992618068954
399.07,400,9261,9323,703836,867039,2025-03-04,2025-05-16,583.77,62,163203,294462145,81706466,0.294448374679876,94.4563410689004,0.188230287218914
546.62,550,2217,2535,456702,856830,2025-03-04,2025-03-28,583.77,318,400128,97266807,33115876,0.880906885326255,86.7498806658679,0.46698645005427
589.95,635,180,190,943200,855950,2025-03-04,2025-09-19,583.77,10,-87250,565299051,92922140,0.151415431971068,97.8897388950331,-0.101933524154448
563.85,567,2032,2713,339344,854595,2025-03-04,2025-03-14,583.77,681,515251,210547084,87993237,0.405892584102471,96.4160501030734,0.602918341436587
572.58,586,661,635,509631,852170,2025-03-04,2025-03-28,583.77,-26,342539,97266807,33115876,0.87611593953115,87.625996605399,0.401960876350963
454.8,460,1905,1627,885825,846040,2025-03-04,2025-09-19,583.77,-278,-39785,565299051,92922140,0.149662377551028,98.0394012725841,-0.0470249633587064
501.36,510,911,969,655009,837216,2025-03-04,2025-08-15,583.77,58,182207,178829414,22551067,0.468164593996824,85.6738651506178,0.217634397813706
580.38,606,319,324,567501,830088,2025-03-04,2025-03-14,583.77,5,262587,210547084,87993237,0.394252907344943,96.8103030104183,0.316336340243444
579.7,630,165,163,700590,819890,2025-03-04,2025-07-18,583.77,-2,119300,194064071,38276888,0.422484180495214,95.0296106073133,0.14550732415324
584.91,640,148,148,815332,815332,2025-03-04,2025-07-18,583.77,0,0,194064071,38276888,0.420135471650494,95.4497460789638,0
575.11,579,1748,2077,298908,807953,2025-03-04,2025-03-07,583.77,329,509045,206646316,100521871,0.390983500523668,96.6327761681462,0.630042836650152
570.07,572,3792,4169,310944,804617,2025-03-04,2025-03-07,583.77,377,493673,206646316,100521871,0.389369148008426,97.0221453161546,0.61355029784357
298.33,300,4798,4785,734094,799095,2025-03-04,2025-12-19,583.77,-13,65001,530205131,60868876,0.150714309100113,97.2073876440852,0.0813432695737053
429.03,435,1354,1338,758240,798786,2025-03-04,2025-12-19,583.77,-16,40546,530205131,60868876,0.150656029769731,97.358043673855,0.0507595275831074
578.6,625,175,172,770000,798080,2025-03-04,2025-07-18,583.77,-3,28080,194064071,38276888,0.411245624132042,95.8609917030958,0.0351844426623897
405.62,410,1816,1811,740928,793218,2025-03-04,2025-12-19,583.77,-5,52289.9999999999,530205131,60868876,0.149605870185364,97.5076495440403,0.0659213482296164
569.21,571,3221,4416,241575,790464,2025-03-04,2025-03-07,583.77,1195,548889,206646316,100521871,0.382520247784141,97.4046655639387,0.694388359242167
469.59,470,19216,19240,672560,788840,2025-03-04,2025-03-21,583.77,24,116280,1540551175,562998949,0.0512050500367182,99.4953256259079,0.147406318138025
572.07,587.5,25,508,30525,783844,2025-03-04,2025-04-11,583.77,483,753319,6781178,4394519,11.5591125907623,11.5591125907623,0.961057302218298
439.9,440,77460,78214,1006980,782140,2025-03-04,2025-03-14,583.77,754,-224840,210547084,87993237,0.371479853883894,97.1817828643022,-0.287467716777048
573.7,599,307,309,534794,781770,2025-03-04,2025-05-16,583.77,2,246976,294462145,81706466,0.265490832446391,94.7218319013468,0.315919004310731
593.91,630,218,216,841480,779544,2025-03-04,2025-06-20,583.77,-2,-61936.0000000001,681269429,193197040,0.114425213699116,98.5585366696382,-0.0794515768192689
424.53,430,1423,1423,714346,778381,2025-03-04,2025-12-19,583.77,0,64035.0000000001,530205131,60868876,0.146807519295772,97.6544570633361,0.0822669104204755
366.81,370,2430,2429,692550,774851,2025-03-04,2025-12-19,583.77,-1,82301,530205131,60868876,0.146141739243184,97.8005988025793,0.106215259449881
552.3,574,341,352,603570,763840,2025-03-04,2025-08-15,583.77,11,160270,178829414,22551067,0.42713331264397,86.1009984632618,0.209821428571429
463.74,470,1379,1216,719838,761216,2025-03-04,2025-09-19,583.77,-163,41378,565299051,92922140,0.134657222341596,98.1740584949257,0.0543577644190348
485.7,490,1760,1765,749760,758950,2025-03-04,2025-07-18,583.77,5,9190,194064071,38276888,0.391082180276431,96.2520738833723,0.0121088345740826
149.72,150,27161,27087,760508,758436,2025-03-04,2025-12-19,583.77,-74,-2072.00000000012,530205131,60868876,0.143045767695522,97.9436445702748,-0.00273193782995548
551.63,567,488,493,775920,757741,2025-03-04,2025-08-15,583.77,5,-18179,178829414,22551067,0.423722799874522,86.5247212631363,-0.0239910470728125
352.58,355,3126,3126,772122,756492,2025-03-04,2025-12-19,583.77,0,-15630,530205131,60868876,0.142679117150981,98.0863236874258,-0.0206611570247934
431.54,435,2177,2178,746711,753588,2025-03-04,2025-09-19,583.77,1,6877,565299051,92922140,0.133307848061468,98.3073663429872,0.00912567609887631
511.05,515,1854,1898,537660,749710,2025-03-04,2025-05-16,583.77,44,212050,294462145,81706466,0.254603185071548,94.9764350864183,0.282842699177015
358.98,360,7367,7344,729333,749088,2025-03-04,2025-06-20,583.77,-23,19755,681269429,193197040,0.109954735690921,98.6684914053292,0.0263720684352172
578.93,601,333,335,549450,739345,2025-03-04,2025-03-28,583.77,2,189895,97266807,33115876,0.760120561991924,88.3861171673909,0.256842204924629
409.91,410,81665,81663,898315,734967,2025-03-04,2025-03-21,583.77,-2,-163348,1540551175,562998949,0.0477080548784756,99.5430336807864,-0.222252155538956
427.84,430,3236,3384,595424,730944,2025-03-04,2025-06-20,583.77,148,135520,681269429,193197040,0.107291472196678,98.7757828775258,0.185404080203134
372.13,375,2538,2539,748710,728693,2025-03-04,2025-12-19,583.77,1,-20017,530205131,60868876,0.137436052085282,98.2237597395111,-0.0274697300509268
381.85,385,2281,2283,686581,719145,2025-03-04,2025-12-19,583.77,2,32564,530205131,60868876,0.135635239637091,98.3593949791482,0.0452815496179491
576.75,606,245,245,615195,716625,2025-03-04,2025-05-16,583.77,0,101430,294462145,81706466,0.243367445414758,95.2198025318331,0.141538461538462
574.58,578,1441,2074,220473,709308,2025-03-04,2025-03-07,583.77,633,488835,206646316,100521871,0.343247348285657,97.7479129122244,0.689171699741156
492.15,495,1795,2458,421825,700530,2025-03-04,2025-05-16,583.77,663,278705,294462145,81706466,0.237901547582627,95.4577040794157,0.397848771644326
491.72,498,1109,1109,696452,696452,2025-03-04,2025-08-15,583.77,0,0,178829414,22551067,0.389450473734707,86.914171736871,0
551,555,1482,1741,363090,696400,2025-03-04,2025-03-28,583.77,259,333310,97266807,33115876,0.715968809380162,89.1020859767711,0.478618609994256
587.55,625,184,184,689080,689080,2025-03-04,2025-09-19,583.77,0,0,565299051,92922140,0.121896542861877,98.4292628858491,0
569.79,582,502,564,373990,688644,2025-03-04,2025-04-04,583.77,62,314654,45742808,16834644,1.50546944997343,64.4657101068216,0.456918233513978
562.58,572,549,731,344772,688602,2025-03-04,2025-04-04,583.77,182,343830,45742808,16834644,1.50537763226079,65.9710877390824,0.499316005471956
579.57,602,314,307,538196,688601,2025-03-04,2025-03-28,583.77,-7,150405,97266807,33115876,0.707950657823074,89.8100366345942,0.218421117599306
580.3,630,142,137,594554,680890,2025-03-04,2025-08-15,583.77,-5,86336,178829414,22551067,0.380748325887821,87.2949200627588,0.126798748696559
513.67,522,812,814,633360,678062,2025-03-04,2025-08-15,583.77,2,44702,178829414,22551067,0.37916693055875,87.6740869933176,0.0659261247496542
545.79,559,512,513,744960,677673,2025-03-04,2025-08-15,583.77,1,-67287,178829414,22551067,0.378949404822184,88.0530363981398,-0.0992912510901275
388.65,390,4987,4991,568518,673785,2025-03-04,2025-06-20,583.77,4,105267,681269429,193197040,0.0989013995518651,98.8746842770777,0.156232329303858
468.76,474,1261,1285,566189,673340,2025-03-04,2025-08-15,583.77,24,107151,178829414,22551067,0.376526425345218,88.429562823485,0.159133572934921
582.95,609,261,258,610218,672090,2025-03-04,2025-03-28,583.77,-3,61872.0000000001,97266807,33115876,0.690975699449042,90.5010123340432,0.0920590992277822
590.3,616,259,259,861434,665630,2025-03-04,2025-03-21,583.77,0,-195804,1540551175,562998949,0.0432072631407392,99.5862409439271,-0.294163424124514
449.73,450,24685,24616,592440,664632,2025-03-04,2025-03-21,583.77,-69,72192.0000000001,1540551175,562998949,0.0431424811317936,99.6293834250589,0.108619506734554
344.33,345,9913,9913,664171,664171,2025-03-04,2025-06-20,583.77,0,0,681269429,193197040,0.0974902104406625,98.9721744875184,0
517.15,525,846,846,829080,664110,2025-03-04,2025-08-15,583.77,0,-164970,178829414,22551067,0.37136508203287,88.8009279055178,-0.248407643312102
361.92,365,2126,2156,618666,664048,2025-03-04,2025-12-19,583.77,30,45382,530205131,60868876,0.125243601235538,98.4846385803837,0.0683414451967328
509.08,517,838,838,663696,663696,2025-03-04,2025-08-15,583.77,0,0,178829414,22551067,0.371133576493183,89.172061482011,0
592.34,635,153,153,652698,652698,2025-03-04,2025-07-18,583.77,0,0,194064071,38276888,0.336331190331465,96.5884050737037,0
549.83,570,305,323,460550,651491,2025-03-04,2025-08-15,583.77,18,190941,178829414,22551067,0.364308636609412,89.5363701186204,0.29308309708039
432.94,435,3112,3139,616176,646634,2025-03-04,2025-06-20,583.77,27,30458,681269429,193197040,0.0949160453227969,99.0670905328412,0.0471023793985469
575.72,594,342,353,388170,645284,2025-03-04,2025-04-04,583.77,11,257114,45742808,16834644,1.41067859235926,67.3817663314417,0.398450914636036
498.53,505,1022,980,619332,634060,2025-03-04,2025-07-18,583.77,-42,14728,194064071,38276888,0.326727145696124,96.9151322193999,0.0232280856701259
554.35,560,1069,1114,391254,629410,2025-03-04,2025-04-04,583.77,45,238156,45742808,16834644,1.37597586925577,68.7577422006974,0.378379752466596
574.08,591,334,368,349030,622656,2025-03-04,2025-04-04,583.77,34,273626,45742808,16834644,1.36121070660988,70.1189529073073,0.439449712200637
416.5,420,1759,1773,566398,620550,2025-03-04,2025-09-19,583.77,14,54152,565299051,92922140,0.109773755838129,98.5390366416872,0.0872645234066554
579.95,598,299,343,369265,619115,2025-03-04,2025-03-28,583.77,44,249850,97266807,33115876,0.636512104278287,91.1375244383215,0.403559920208685
500.98,508,879,879,632001,617058,2025-03-04,2025-08-15,583.77,0,-14943,178829414,22551067,0.345053974174517,89.8814240927949,-0.0242165242165242
571.95,589,312,361,346320,615505,2025-03-04,2025-04-04,583.77,49,269185,45742808,16834644,1.34557764796599,71.4645305552733,0.437340070348738
558.26,565,715,907,294580,611318,2025-03-04,2025-04-04,583.77,192,316738,45742808,16834644,1.33642429647082,72.8009548517441,0.518123137221544
418.28,420,3532,3536,593376,608192,2025-03-04,2025-06-20,583.77,4,14816,681269429,193197040,0.0892733438652507,99.1563638767064,0.0243607281910976
441.14,445,1566,1572,613872,606792,2025-03-04,2025-09-19,583.77,6,-7080,565299051,92922140,0.107339999762356,98.6463766414496,-0.0116679191551635
549.55,555,980,1113,286160,606585,2025-03-04,2025-04-04,583.77,133,320425,45742808,16834644,1.32607731471142,74.1270321664556,0.528244186717443
532.85,535,2695,2818,328790,605870,2025-03-04,2025-03-28,583.77,123,277080,97266807,33115876,0.622894920360653,91.7604193586821,0.457325828973212
408.89,410,5420,5443,466120,604173,2025-03-04,2025-05-16,583.77,23,138053,294462145,81706466,0.205178495864044,95.6628825752798,0.228499121940239
573.15,576,1681,2111,215168,601635,2025-03-04,2025-03-07,583.77,430,386467,206646316,100521871,0.291142378749206,98.0390552909736,0.642361232308626
376.51,380,1722,1722,532098,600978,2025-03-04,2025-12-19,583.77,0,68880.0000000001,530205131,60868876,0.113348205225121,98.5979867856088,0.114613180515759
583.03,645,96,96,594912,594912,2025-03-04,2025-12-19,583.77,0,0,530205131,60868876,0.112204119729652,98.7101909053385,0
545.81,550,549,1381,142740,578639,2025-03-04,2025-04-04,583.77,832,435899,45742808,16834644,1.2649835576338,75.3920157240894,0.753317698945284
487.74,494,923,923,577798,577798,2025-03-04,2025-08-15,583.77,0,0,178829414,22551067,0.323100091352981,90.2045241841479,0
573.85,598,234,238,468000,574770,2025-03-04,2025-05-16,583.77,4,106770,294462145,81706466,0.195193171604452,95.8580757468842,0.18576126102615
328.02,330,2892,2892,572616,572616,2025-03-04,2025-12-19,583.77,0,0,530205131,60868876,0.107998954842253,98.8181898601808,0
564.7,581,109,351,151946,572130,2025-03-04,2025-05-16,583.77,242,420184,294462145,81706466,0.194296621727047,96.0523723686113,0.734420498837677
418.78,420,4672,4679,443840,570838,2025-03-04,2025-05-16,583.77,7,126998,294462145,81706466,0.193857855650681,96.2462302242619,0.222476429389774
575.97,603,201,211,392553,570333,2025-03-04,2025-05-16,583.77,10,177780,294462145,81706466,0.193686356526405,96.4399165807883,0.311712631041865
495.58,502,885,885,458430,568170,2025-03-04,2025-08-15,583.77,0,109740,178829414,22551067,0.317716189574943,90.5222403737229,0.193146417445483
525.85,537,506,506,564190,564190,2025-03-04,2025-08-15,583.77,0,0,178829414,22551067,0.315490604918048,90.8377309786409,0
567.9,580,390,466,303420,563860,2025-03-04,2025-04-11,583.77,76,260440,6781178,4394519,8.31507446051409,19.8741870512763,0.461887702621218
574.9,592.5,314,319,392186,561440,2025-03-04,2025-04-04,583.77,5,169254,45742808,16834644,1.22738420431033,76.6193999283997,0.301464092333998
437.2,440,237,1995,52614,558600,2025-03-04,2025-07-18,583.77,1758,505986,194064071,38276888,0.287843080443262,97.2029752998431,0.905810955961332
565.38,582,202,335,236340,556770,2025-03-04,2025-05-16,583.77,133,320430,294462145,81706466,0.18908033153124,96.6289969123196,0.575515922194084
580.91,655,76,75,522196,555675,2025-03-04,2025-12-19,583.77,-1,33479.0000000001,530205131,60868876,0.104803776408569,98.9229936365893,0.0602492464120216
489.5,490,11040,11004,430560,550200,2025-03-04,2025-03-21,583.77,-36,119640,1540551175,562998949,0.0357144903024724,99.6650979153614,0.217448200654307
401.15,405,1414,1413,558530,544005,2025-03-04,2025-12-19,583.77,-1,-14525,530205131,60868876,0.102602741503835,99.0255963780931,-0.0267001222415235
542.2,545,1887,1931,330225,540680,2025-03-04,2025-03-28,583.77,44,210455,97266807,33115876,0.555873084226976,92.3162924429091,0.38924132573796
588.4,606,303,305,629634,536800,2025-03-04,2025-03-28,583.77,2,-92834,97266807,33115876,0.551884056397575,92.8681764993067,-0.172939642324888
571.73,584,428,435,413448,533745,2025-03-04,2025-04-04,583.77,7,120297,45742808,16834644,1.1668391673725,77.7862390957722,0.225382907568221
498.83,505,859,863,596146,532471,2025-03-04,2025-08-15,583.77,4,-63675,178829414,22551067,0.297753589909991,91.1354845685509,-0.119583977343367
571.84,588,17,325,21182,525200,2025-03-04,2025-04-11,583.77,308,504018,6781178,4394519,7.74496702490334,27.6191540761797,0.959668697638995
562.34,572,29,542,17023,523572,2025-03-04,2025-04-11,583.77,513,506549,6781178,4394519,7.72095939673018,35.3401134729099,0.967486802197215
501.69,505,1555,1564,374755,517684,2025-03-04,2025-05-16,583.77,9,142929,294462145,81706466,0.175806638914486,96.8048035512341,0.276093137898795
586.47,614,187,187,514811,514811,2025-03-04,2025-03-28,583.77,0,0,97266807,33115876,0.529277166464404,93.3974536657711,0
536.43,540,1654,1435,315914,512295,2025-03-04,2025-04-04,583.77,-219,196381,45742808,16834644,1.11994654984889,78.9061856456211,0.383335773333724
571.15,593,182,232,274274,506920,2025-03-04,2025-05-16,583.77,50,232646,294462145,81706466,0.172151160550705,96.9769547117848,0.458940266708751
446.8,450,1350,1573,334800,503360,2025-03-04,2025-07-18,583.77,223,168560,194064071,38276888,0.259378254514717,97.4623535543578,0.334869675778767
435.72,440,1167,1169,476136,500332,2025-03-04,2025-09-19,583.77,2,24196.0000000001,565299051,92922140,0.0885074898171022,98.7348841312667,0.0483598890336819
559.44,560,7244,8932,202832,500192,2025-03-04,2025-03-07,583.77,1688,297360,206646316,100521871,0.24205222221334,98.2811075131869,0.59449171518137
426.1,430,1291,1280,398919,499200,2025-03-04,2025-09-19,583.77,-11,100281,565299051,92922140,0.0883072418248231,98.8231913730915,0.200883413461539
524.82,532,694,694,498292,498292,2025-03-04,2025-08-15,583.77,0,0,178829414,22551067,0.278640962274808,91.4141255308257,0
581.35,630,103,102,424360,496230,2025-03-04,2025-05-16,583.77,-1,71870,294462145,81706466,0.16852081275167,97.1454755245365,0.144832033532837
317.93,320,2352,2352,453936,486864,2025-03-04,2025-12-19,583.77,0,32928,530205131,60868876,0.0918255919330211,99.1174219700262,0.0676328502415459
566.99,571,1177,1205,229515,483205,2025-03-04,2025-03-14,583.77,28,253690,210547084,87993237,0.229499735080634,97.4112825993829,0.525015262673193
566.5,576,263,503,155170,477850,2025-03-04,2025-04-04,583.77,240,322680,45742808,16834644,1.04464509480922,79.9508307404303,0.675274667782777
540.98,554,362,362,471324,471324,2025-03-04,2025-08-15,583.77,0,0,178829414,22551067,0.263560669051904,91.6776861998776,0
502.82,510,707,656,378952,471008,2025-03-04,2025-07-18,583.77,-51,92056,194064071,38276888,0.242707471595811,97.7050610259536,0.195444663360283
391.14,395,1213,1210,431828,467060,2025-03-04,2025-12-19,583.77,-3,35231.9999999999,530205131,60868876,0.0880904338136252,99.2055124038398,0.0754335631396393
572.1,592,172,233,253012,463670,2025-03-04,2025-05-16,583.77,61,210658,294462145,81706466,0.157463364263682,97.3029388888001,0.454327431147152
591.5,650,77,78,455070,456300,2025-03-04,2025-09-19,583.77,1,1230,565299051,92922140,0.0807183382305024,98.903909711322,0.00269559500328731
429.94,430,75503,75653,604024,453918,2025-03-04,2025-03-14,583.77,150,-150106,210547084,87993237,0.215589782283568,97.6268723816664,-0.330689684039849
339.39,340,7438,7438,461156,453718,2025-03-04,2025-06-20,583.77,0,-7438.00000000006,681269429,193197040,0.0665989079630344,99.2229627846694,-0.016393442622951
578.19,599,220,218,287540,453658,2025-03-04,2025-04-04,583.77,-2,166118,45742808,16834644,0.991758092332242,80.9425888327625,0.366174519131152
378.77,380,3662,3671,413806,451533,2025-03-04,2025-06-20,583.77,9,37727.0000000001,681269429,193197040,0.0662781831650338,99.2892409678345,0.0835531400805701
393.16,395,2497,2404,347083,442336,2025-03-04,2025-07-18,583.77,-93,95253.0000000001,194064071,38276888,0.227932969622182,97.9329939955758,0.215340826882732
458.06,460,2098,2278,297916,441932,2025-03-04,2025-05-16,583.77,180,144016,294462145,81706466,0.150081091068599,97.4530199798687,0.325878189404705
512.12,519,637,637,438256,438256,2025-03-04,2025-08-15,583.77,0,0,178829414,22551067,0.245069303867428,91.922755503745,0
587.87,625,112,117,426048,434421,2025-03-04,2025-08-15,583.77,5,8373.00000000006,178829414,22551067,0.242924802068635,92.1656803058137,0.0192739301276873
581.37,597.5,269,269,433897,433897,2025-03-04,2025-03-28,583.77,0,0,97266807,33115876,0.446089486622091,93.8435431523932,0
399.87,400,33231,33304,365541,432952,2025-03-04,2025-03-21,583.77,73,67411.0000000001,1540551175,562998949,0.0281037077525192,99.6932016231139,0.15570086291321
575.45,604,151,151,367383,431105,2025-03-04,2025-05-16,583.77,0,63722,294462145,81706466,0.146404217764562,97.5994241976333,0.147810858143608
505.3,515,426,429,331002,416130,2025-03-04,2025-08-15,583.77,3,85128,178829414,22551067,0.232696618913039,92.3983769247267,0.204570687044914
552.35,569,246,249,416478,414585,2025-03-04,2025-08-15,583.77,3,-1893.00000000006,178829414,22551067,0.231832667080148,92.6302095918069,-0.0045660117949276
567.46,584,161,250,192878,413500,2025-03-04,2025-05-16,583.77,89,220622,294462145,81706466,0.140425520570734,97.739849718204,0.533547762998791
535.44,548,328,329,419512,413224,2025-03-04,2025-08-15,583.77,1,-6288,178829414,22551067,0.23107160659823,92.8612811984051,-0.015216928348789
570.12,591,149,194,214560,405072,2025-03-04,2025-05-16,583.77,45,190512,294462145,81706466,0.137563353007566,97.8774130712116,0.470316388197654
572.53,597,157,165,334410,403755,2025-03-04,2025-05-16,583.77,8,69345,294462145,81706466,0.137116096875542,98.0145291680871,0.171750195044024
574.32,601,149,151,332121,402868,2025-03-04,2025-05-16,583.77,2,70747,294462145,81706466,0.136814869700824,98.151344037788,0.175608387859051
402.35,405,1518,1518,402270,402270,2025-03-04,2025-09-19,583.77,0,0,565299051,92922140,0.0711605652421306,98.9750702765641,0
570.84,576,570,773,157890,398868,2025-03-04,2025-03-14,583.77,203,240978,210547084,87993237,0.189443611577162,97.8163159932436,0.604154757965041
451.64,455,1186,1186,315476,398496,2025-03-04,2025-07-18,583.77,0,83020,194064071,38276888,0.205342492274111,98.1383364878499,0.208333333333333
343.37,345,2406,2406,392178,392178,2025-03-04,2025-09-19,583.77,0,0,565299051,92922140,0.0693753154735085,99.0444455920376,0
575.25,596,190,188,271130,390100,2025-03-04,2025-04-04,583.77,-2,118970,45742808,16834644,0.852811659485356,81.7954004922479,0.30497308382466
273.74,275,3096,3096,390096,390096,2025-03-04,2025-12-19,583.77,0,0,530205131,60868876,0.0735745426047188,99.2790869464445,0
570.54,583,294,307,293706,382522,2025-03-04,2025-04-04,583.77,13,88816,45742808,16834644,0.836245120763028,82.6316456130109,0.232185338359624
563.16,564,3377,4503,128326,378252,2025-03-04,2025-03-07,583.77,1126,249926,206646316,100521871,0.18304318572996,98.4641506989169,0.66073940124573
382.53,385,1530,1530,330480,377910,2025-03-04,2025-09-19,583.77,0,47430.0000000001,565299051,92922140,0.0668513416626981,99.1112969337003,0.125506072874494
572.91,596,149,163,241082,376367,2025-03-04,2025-05-16,583.77,14,135285,294462145,81706466,0.127815071101924,98.2791591088899,0.359449686077685
568.7,586,161,216,236992,373680,2025-03-04,2025-05-16,583.77,55,136688,294462145,81706466,0.126902559919884,98.4060616688098,0.365788910297581
581,612,114,120,290700,372000,2025-03-04,2025-03-14,583.77,6,81300,210547084,87993237,0.176682570441109,97.9929985636847,0.218548387096774
398,400,1290,1860,190920,372000,2025-03-04,2025-07-18,583.77,570,181080,194064071,38276888,0.191689269468123,98.3300257573181,0.486774193548387
537.57,540,1534,1518,216294,368874,2025-03-04,2025-03-28,583.77,-16,152580,97266807,33115876,0.379239343181071,94.2227824955743,0.413637176922201
329.27,330,5013,5014,355923,366022,2025-03-04,2025-06-20,583.77,1,10099,681269429,193197040,0.0537264677408562,99.3429674355753,0.0275912376851665
577.45,598,183,178,228567,365790,2025-03-04,2025-04-04,583.77,-5,137223,45742808,16834644,0.799666692958596,83.4313123059695,0.375141474616583
477.38,480,1375,1391,222750,364442,2025-03-04,2025-05-16,583.77,16,141692,294462145,81706466,0.123765314553421,98.5298269833632,0.388791632138996
544.03,545,2910,3754,162960,364138,2025-03-04,2025-03-14,583.77,844,201178,210547084,87993237,0.172948488804528,98.1659470524892,0.552477357485349
524.74,536,323,323,363698,363698,2025-03-04,2025-08-15,583.77,0,0,178829414,22551067,0.203377057423003,93.0646582558281,0
569.35,587,203,203,263088,358295,2025-03-04,2025-05-16,583.77,0,95207,294462145,81706466,0.121677779668419,98.6515047630316,0.265722379603399
572.67,584,301,315,222740,356895,2025-03-04,2025-03-28,583.77,14,134155,97266807,33115876,0.366923733807773,94.589706229382,0.375894871040502
586.72,607,172,173,357072,350844,2025-03-04,2025-03-28,583.77,1,-6228,97266807,33115876,0.360702700973828,94.9504089303559,-0.0177514792899408
288.97,290,206,3406,19776,350818,2025-03-04,2025-09-19,583.77,3200,331042,565299051,92922140,0.0620588340594968,99.1733557677598,0.943628890193776
568.6,579,325,337,282750,350480,2025-03-04,2025-04-04,583.77,12,67730.0000000001,45742808,16834644,0.766196950567617,84.1975092565371,0.193249258160238
563.98,575,133,316,86184,348232,2025-03-04,2025-04-11,583.77,183,262048,6781178,4394519,5.13527295699951,40.4753864299094,0.752509821038848
592.01,617,139,139,407409,347361,2025-03-04,2025-03-21,583.77,0,-60048,1540551175,562998949,0.0225478390875266,99.7157494622014,-0.172869147659064
588.01,607.5,173,175,361570,341075,2025-03-04,2025-03-14,583.77,2,-20495.0000000001,210547084,87993237,0.161994644390326,98.3279416968796,-0.0600894231474018
489.64,497,634,463,359478,340768,2025-03-04,2025-08-15,583.77,-171,-18710,178829414,22551067,0.190554782000236,93.2552130378283,-0.0549053901774815
397.57,400,1397,1397,257048,339471,2025-03-04,2025-08-15,583.77,0,82423,178829414,22551067,0.189829509814308,93.4450425476427,0.242798353909465
490,496,562,562,337200,337200,2025-03-04,2025-08-15,583.77,0,0,178829414,22551067,0.188559584498778,93.6336021321414,0
403.4,405,2095,2094,270255,335040,2025-03-04,2025-06-20,583.77,-1,64785,681269429,193197040,0.0491787809254538,99.3921462165008,0.193364971346705
574.48,592,180,191,204300,334632,2025-03-04,2025-04-04,583.77,11,130332,45742808,16834644,0.731551067000522,84.9290603235376,0.389478591407875
541.42,545,909,930,199071,332940,2025-03-04,2025-04-04,583.77,21,133869,45742808,16834644,0.727852124862995,85.6569124484006,0.402081456118219
573.55,587,265,247,297065,332215,2025-03-04,2025-04-04,583.77,-18,35149.9999999999,45742808,16834644,0.726267176252057,86.3831796246527,0.105804975693451
571.51,577,542,603,188074,331047,2025-03-04,2025-03-14,583.77,61,142973,210547084,87993237,0.157231814238757,98.4851735111183,0.431881273656007
581.57,604,142,144,219958,322992,2025-03-04,2025-04-04,583.77,2,103034,45742808,16834644,0.706104443784912,87.0892840684376,0.318998612968742
534.37,535,4321,5071,177161,319473,2025-03-04,2025-03-14,583.77,750,142312,210547084,87993237,0.151734706522936,98.6369082176412,0.445458614656012
337.63,340,1358,1344,310982,318528,2025-03-04,2025-12-19,583.77,-14,7546,530205131,60868876,0.0600763707056619,99.3391633171502,0.0236902250351617
274.44,275,5676,5676,317856,317856,2025-03-04,2025-08-15,583.77,0,0,178829414,22551067,0.177742572035717,93.8113447041771,0
587,611,113,131,302840,314400,2025-03-04,2025-04-04,583.77,18,11560,45742808,16834644,0.687321163143286,87.7766052315809,0.0367684478371501
454.68,455,9800,9808,274400,313856,2025-03-04,2025-03-21,583.77,8,39455.9999999999,1540551175,562998949,0.0203729681359011,99.7361224303373,0.12571370309951
562.23,573,287,289,155267,311253,2025-03-04,2025-04-04,583.77,2,155986,45742808,16834644,0.680441393103808,88.4570466246847,0.501155008947705
583.28,635,60,60,310320,310320,2025-03-04,2025-08-15,583.77,0,0,178829414,22551067,0.173528500182861,93.98487320436,0
539.2,552,242,242,207394,309760,2025-03-04,2025-08-15,583.77,0,102366,178829414,22551067,0.173215352592947,94.1580885569529,0.33046875
582.34,601,166,166,233396,309756,2025-03-04,2025-04-04,583.77,0,76360,45742808,16834644,0.677168747489223,89.1342153721739,0.246516613076099
589.97,625,88,88,318208,308264,2025-03-04,2025-03-21,583.77,0,-9943.99999999994,1540551175,562998949,0.0200099811679414,99.7561324115053,-0.0322580645161288
569.57,579,290,325,167620,306475,2025-03-04,2025-03-28,583.77,35,138855,97266807,33115876,0.315086934024677,95.2654958643805,0.453071212986377
332.62,335,1286,1286,252056,306068,2025-03-04,2025-12-19,583.77,0,54012,530205131,60868876,0.0577263368656461,99.3968896540158,0.176470588235294
588.68,607.5,162,162,304884,304884,2025-03-04,2025-03-28,583.77,0,0,97266807,33115876,0.313451226994631,95.5789470913752,0
572.56,594,171,142,259920,304448,2025-03-04,2025-05-16,583.77,-29,44528,294462145,81706466,0.103391218589405,98.754895981621,0.146258145890267
580.4,611,99,99,255024,302940,2025-03-04,2025-03-28,583.77,0,47916,97266807,33115876,0.311452600680107,95.8903996920553,0.158169934640523
475.27,480,635,639,280670,302247,2025-03-04,2025-07-18,583.77,4,21577,194064071,38276888,0.155745985561645,98.4857717428797,0.0713886324760874
199.47,200,5650,5690,322050,301570,2025-03-04,2025-12-19,583.77,40,-20479.9999999999,530205131,60868876,0.0568779859657752,99.4537676399816,-0.0679112643830618
348.2,350,1664,1663,279552,299340,2025-03-04,2025-09-19,583.77,-1,19788,565299051,92922140,0.0529525035413513,99.2263082713012,0.0661054319502907
474.57,475,7207,6951,237831,298893,2025-03-04,2025-03-21,583.77,-256,61062,1540551175,562998949,0.0194016923845454,99.7755341038898,0.204293844285413
224.46,225,5529,5531,243276,298674,2025-03-04,2025-09-19,583.77,2,55398,565299051,92922140,0.0528346897932436,99.2791429610944,0.185479820807971
499.95,506,486,491,345546,297055,2025-03-04,2025-08-15,583.77,5,-48491,178829414,22551067,0.166110816646751,94.3241993735997,-0.163239130800693
532.34,535,1519,1114,255192,296324,2025-03-04,2025-04-04,583.77,-405,41132,45742808,16834644,0.647804568534577,89.7820199407085,0.13880752149674
560.52,563,611,1193,76375,295864,2025-03-04,2025-03-14,583.77,582,219489,210547084,87993237,0.140521537690828,98.7774297553321,0.741857745450612
557.62,577,144,152,254304,294576,2025-03-04,2025-08-15,583.77,8,40272,178829414,22551067,0.164724579369253,94.4889239529689,0.136711748411276
576.68,607,96,97,251136,294104,2025-03-04,2025-05-16,583.77,1,42968,294462145,81706466,0.0998783731606655,98.8547743547817,0.146097978946223
484.22,488,776,776,293328,293328,2025-03-04,2025-08-15,583.77,0,0,178829414,22551067,0.164026707597443,94.6529506605664,0
289.48,290,5639,5638,231199,293176,2025-03-04,2025-06-20,583.77,-1,61977,681269429,193197040,0.0430337818666453,99.4351799983674,0.211398613801948
480.1,485,591,597,236991,292530,2025-03-04,2025-07-18,583.77,6,55539,194064071,38276888,0.150738876337393,98.6365106192171,0.189857450517896
149.81,150,15240,15252,274320,289788,2025-03-04,2025-09-19,583.77,12,15468,565299051,92922140,0.051262778433357,99.3304057395278,0.0533769514265601
469.36,475,513,513,235467,289332,2025-03-04,2025-08-15,583.77,0,53865,178829414,22551067,0.16179217586655,94.8147428364329,0.186170212765957
294.29,295,4319,3969,285054,281799,2025-03-04,2025-07-18,583.77,-350,-3255,194064071,38276888,0.14520925926572,98.7817198784828,-0.0115507861986735
483.27,487,750,750,279750,279750,2025-03-04,2025-08-15,583.77,0,0,178829414,22551067,0.156433996926255,94.9711768333592,0
503.45,505,1763,1802,172774,279310,2025-03-04,2025-04-04,583.77,39,106536,45742808,16834644,0.610609650373891,90.3926295910824,0.381425656081057
592.71,635,56,66,276192,279114,2025-03-04,2025-05-16,583.77,10,2922,294462145,81706466,0.094787735788585,98.9495620905702,0.0104688406887508
587.46,612,113,113,277302,277302,2025-03-04,2025-03-28,583.77,0,0,97266807,33115876,0.285094174007377,96.1754938660627,0
509.69,510,7434,8939,178416,277109,2025-03-04,2025-03-14,583.77,1505,98693,210547084,87993237,0.131613791431089,98.9090435467632,0.356152272210574
338.98,340,2649,2649,270198,270198,2025-03-04,2025-07-18,583.77,0,0,194064071,38276888,0.139231336644484,98.9209512151273,0
562.98,566,236,892,37996,269384,2025-03-04,2025-03-14,583.77,656,231388,210547084,87993237,0.127944778375558,99.0369883251387,0.858952276304458
574.92,597,103,121,166242,267168,2025-03-04,2025-04-11,583.77,18,100926,6781178,4394519,3.93984643965989,44.4152328695693,0.377762306863097
464.65,465,7779,7575,256707,265125,2025-03-04,2025-03-21,583.77,-204,8417.99999999997,1540551175,562998949,0.0172097496209433,99.7927438535108,0.0317510608203676
532.13,542,264,264,260568,260568,2025-03-04,2025-08-15,583.77,0,0,178829414,22551067,0.145707573587419,95.1168844069466,0
586.81,635,53,54,258905,260226,2025-03-04,2025-06-20,583.77,1,1320.99999999994,681269429,193197040,0.0381972225558355,99.4733772209233,0.00507635670532515
585.5,607,120,121,272280,260150,2025-03-04,2025-04-11,583.77,1,-12130,6781178,4394519,3.83635409658912,48.2515869661584,-0.0466269459926965
372.78,375,1174,1164,235974,258408,2025-03-04,2025-09-19,583.77,-10,22434.0000000001,565299051,92922140,0.045711734265763,99.3761174737935,0.0868161976409401
589.7,630,63,64,283500,257920,2025-03-04,2025-03-21,583.77,1,-25580,1540551175,562998949,0.0167420598669823,99.8094859133777,-0.0991780397022334
377.61,380,1066,1067,238784,255013,2025-03-04,2025-09-19,583.77,1,16229,565299051,92922140,0.0451111671864455,99.42122864098,0.0636398928682067
557.56,558,5834,5762,99178,253528,2025-03-04,2025-03-07,583.77,-72,154350,206646316,100521871,0.1226869198094,98.5868376187263,0.60880849452526
392.8,395,1144,1147,216216,252340,2025-03-04,2025-09-19,583.77,3,36124,565299051,92922140,0.0446383201163379,99.4658669610963,0.143156059285092
508.8,514,485,485,252200,252200,2025-03-04,2025-08-15,583.77,0,0,178829414,22551067,0.14102825388669,95.2579126608333,0
584.07,613,87,87,251691,251691,2025-03-04,2025-03-28,583.77,0,0,97266807,33115876,0.258763506033461,96.4342573720961,0
581.58,597,137,163,198650,251346,2025-03-04,2025-04-04,583.77,26,52696,45742808,16834644,0.549476542848004,90.9421061339304,0.209655216315358
457.08,460,848,849,257792,247908,2025-03-04,2025-07-18,583.77,1,-9884,194064071,38276888,0.12774543928845,99.0486966544158,-0.0398696290559401
299.45,300,7219,4500,389826,247500,2025-03-04,2025-06-20,583.77,-2719,-142326,681269429,193197040,0.0363292391327896,99.5097064600561,-0.575054545454545
494.2,495,2797,3062,167820,244960,2025-03-04,2025-03-28,583.77,265,77140,97266807,33115876,0.251843365229415,96.6861007373255,0.31490855649902
388.22,390,1373,1373,210069,244394,2025-03-04,2025-07-18,583.77,0,34325,194064071,38276888,0.125934697103206,99.174631351519,0.140449438202247
566.69,568,794,1856,44464,243136,2025-03-04,2025-03-07,583.77,1062,198672,206646316,100521871,0.11765803751372,98.70449565624,0.817122927086075
323.09,325,1258,1258,240278,240278,2025-03-04,2025-12-19,583.77,0,0,530205131,60868876,0.0453179318628661,99.4990855718445,0
566.52,578,185,209,172790,239932,2025-03-04,2025-04-04,583.77,24,67142,45742808,16834644,0.524523986371803,91.4666301203022,0.279837620659187
446.21,450,624,632,222768,239528,2025-03-04,2025-08-15,583.77,8,16760.0000000001,178829414,22551067,0.133942171280615,95.3918548321139,0.0699709428542803
508.96,510,2281,2292,173356,238368,2025-03-04,2025-03-28,583.77,11,65012,97266807,33115876,0.245066130319257,96.9311668676448,0.272737951402873
570.93,582,157,215,127327,238005,2025-03-04,2025-03-28,583.77,58,110678,97266807,33115876,0.244692930035218,97.17585979768,0.46502384403689
419.78,420,10689,10689,192402,235158,2025-03-04,2025-03-21,583.77,0,42756,1540551175,562998949,0.0152645367330949,99.8247504501108,0.181818181818182
581.99,612.5,77,77,88627,234927,2025-03-04,2025-03-28,583.77,0,146300,97266807,33115876,0.241528438370553,97.4173882360506,0.622746640445755
559.5,562,829,934,128495,233500,2025-03-04,2025-03-14,583.77,105,105005,210547084,87993237,0.11090155967204,99.1478898848108,0.449700214132762
534.95,543,290,290,233450,233450,2025-03-04,2025-08-15,583.77,0,0,178829414,22551067,0.130543401545788,95.5223982336597,0
592.7,626,70,70,233100,233100,2025-03-04,2025-05-16,583.77,0,0,294462145,81706466,0.0791612789480971,99.0287233695184,0
503.87,505,1630,2058,114100,232554,2025-03-04,2025-03-28,583.77,428,118454,97266807,33115876,0.239088757174891,97.6564769932255,0.509361266630546
368.22,370,1297,1306,274964,232468,2025-03-04,2025-09-19,583.77,9,-42496.0000000001,565299051,92922140,0.0411230126052343,99.5069899737016,-0.182803654696561
580,612.5,71,71,153715,230750,2025-03-04,2025-04-04,583.77,0,77035,45742808,16834644,0.504450885481276,91.9710810057835,0.333846153846154
269.59,270,5616,5617,174096,230297,2025-03-04,2025-06-20,583.77,1,56201,681269429,193197040,0.0338041001396527,99.5435105601957,0.244037047812173
293.44,295,1476,1476,230256,230256,2025-03-04,2025-12-19,583.77,0,0,530205131,60868876,0.0434277200535051,99.542513291898,0
589.45,606,139,139,230045,230045,2025-03-04,2025-04-04,583.77,0,0,45742808,16834644,0.50290965959064,92.4739906653741,0
554.66,555,1820,6747,32760,229398,2025-03-04,2025-03-07,583.77,4927,196638,206646316,100521871,0.111009963516601,98.8155056197566,0.857191431485889
500.71,507,361,364,184110,228956,2025-03-04,2025-08-15,583.77,3,44846,178829414,22551067,0.128030392136721,95.6504286257964,0.195871695871696
149.93,150,32434,32436,227038,227052,2025-03-04,2025-06-20,583.77,2,14.0000000000582,681269429,193197040,0.0333277834488006,99.5768383436445,6.16598840796743e-05
561.31,562,1688,3224,54016,222456,2025-03-04,2025-03-07,583.77,1536,168440,206646316,100521871,0.107650600458805,98.9231562202154,0.757183443017945
465.59,470,502,503,186242,221823,2025-03-04,2025-07-18,583.77,1,35581,194064071,38276888,0.114304002207601,99.2889353537266,0.160402663384771
475.42,480,478,479,207930,219382,2025-03-04,2025-08-15,583.77,1,11452.0000000001,178829414,22551067,0.122676686733425,95.7731053125299,0.0522011833240651
564.62,568,563,648,94021,219024,2025-03-04,2025-03-14,583.77,85,125003,210547084,87993237,0.10402613792552,99.2519160227363,0.570727408868435
569.32,574,417,466,98412,218088,2025-03-04,2025-03-14,583.77,49,119676,210547084,87993237,0.103581581780539,99.3554976045168,0.548750962914053
328.49,330,1426,1426,176824,215326,2025-03-04,2025-09-19,583.77,0,38502,565299051,92922140,0.0380906353228603,99.5450806090244,0.178807947019868
586.34,640,41,40,231158,214640,2025-03-04,2025-06-20,583.77,-1,-16518,681269429,193197040,0.0315058904543917,99.6083442340989,-0.0769567648155052
567.6,569,1822,1529,111142,214060,2025-03-04,2025-03-07,583.77,-293,102918,206646316,100521871,0.103587619727999,99.0267438399434,0.480790432588994
334.39,335,3506,3506,213866,213866,2025-03-04,2025-06-20,583.77,0,0,681269429,193197040,0.0313922790156492,99.6397365131146,0
428.72,430,1655,1668,196945,213504,2025-03-04,2025-05-16,583.77,13,16559,294462145,81706466,0.0725064337217268,99.1012298032401,0.0775582658872903
590.12,619,71,73,225283,210824,2025-03-04,2025-03-21,583.77,2,-14459,1540551175,562998949,0.0136849721983432,99.8384354223092,-0.0685832732516224
348.85,350,1814,1826,201354,209990,2025-03-04,2025-07-18,583.77,12,8635.99999999994,194064071,38276888,0.108206531439815,99.3971418851664,0.041125767893709
591.36,612.5,97,99,253558,209286,2025-03-04,2025-03-14,583.77,2,-44272,210547084,87993237,0.099401044186392,99.4548986487032,-0.211538277763443
412.3,415,773,773,208710,208710,2025-03-04,2025-09-19,583.77,0,0,565299051,92922140,0.0369202813326499,99.5820008903571,0
499.73,500,7659,7715,160839,208305,2025-03-04,2025-03-14,583.77,56,47466,210547084,87993237,0.0989351151498256,99.553833763853,0.227867790019443
489.34,495,345,368,168015,208288,2025-03-04,2025-07-18,583.77,23,40273,194064071,38276888,0.107329501502625,99.504471386669,0.193352473498233
309.63,310,5590,5621,162110,207977,2025-03-04,2025-05-16,583.77,31,45867,294462145,81706466,0.0706294522170244,99.1718592554571,0.220538809579905
586.37,597.5,186,186,207018,207018,2025-03-04,2025-04-04,583.77,0,0,45742808,16834644,0.452569505571237,92.9265601709453,0
580.29,602,98,95,144060,206245,2025-03-04,2025-04-04,583.77,-3,62185,45742808,16834644,0.450879622431575,93.3774397933769,0.301510339644598
339.64,340,5655,5674,237510,204264,2025-03-04,2025-05-16,583.77,19,-33246,294462145,81706466,0.0693685091508112,99.2412277646079,-0.162759957701798
476.97,482,401,401,201703,201703,2025-03-04,2025-08-15,583.77,0,0,178829414,22551067,0.112790729158236,95.8858960416881,0
570.97,581,192,201,124224,201603,2025-03-04,2025-03-28,583.77,9,77379,97266807,33115876,0.207268035435768,97.8637450286612,0.383818693174209
219.59,220,4909,4909,201269,201269,2025-03-04,2025-09-19,583.77,0,0,565299051,92922140,0.0356039868887026,99.6176048772458,0
558.5,559,761,4007,17503,200350,2025-03-04,2025-03-07,583.77,3246,182847,206646316,100521871,0.0969530954522315,99.1236969353957,0.912637883703519
444.68,445,6177,6171,129717,197472,2025-03-04,2025-03-21,583.77,-6,67755,1540551175,562998949,0.0128182694093236,99.8512536917185,0.343111934856587
573.1,589,120,124,125040,197160,2025-03-04,2025-04-11,583.77,4,72120,6781178,4394519,2.90745944141269,51.1590464075711,0.365794278758369
581.14,602.5,84,92,147000,196512,2025-03-04,2025-03-28,583.77,8,49512,97266807,33115876,0.202033978559613,98.0657790072208,0.251954079140205
404.86,405,13948,13929,195272,195006,2025-03-04,2025-03-21,583.77,-19,-266,1540551175,562998949,0.0126581968301053,99.8639118885486,-0.00136406059300739
363.03,365,982,981,163994,193257,2025-03-04,2025-09-19,583.77,-1,29263,565299051,92922140,0.0341866839610173,99.6517915612068,0.151420129671888
595.09,650,36,35,223848,192185,2025-03-04,2025-06-20,583.77,-1,-31663,681269429,193197040,0.0282098376676168,99.6679463507822,-0.164752712230403
528.2,530,1076,1065,114056,191700,2025-03-04,2025-03-28,583.77,-11,77644,97266807,33115876,0.19708676157119,98.262865768792,0.405028690662494
279.44,280,3416,3416,191296,191296,2025-03-04,2025-08-15,583.77,0,0,178829414,22551067,0.106971216714942,95.992867258403,0
482.44,486,533,533,189748,189748,2025-03-04,2025-08-15,583.77,0,0,178829414,22551067,0.106105587305677,96.0989728457087,0
174.6,175,4731,4731,189240,189240,2025-03-04,2025-12-19,583.77,0,0,530205131,60868876,0.0356918462186666,99.5782051381166,0
582.94,620,51,51,189006,189006,2025-03-04,2025-03-28,583.77,0,0,97266807,33115876,0.194317060289642,98.4571828290817,0
493.96,501,260,265,125840,186560,2025-03-04,2025-08-15,583.77,5,60720,178829414,22551067,0.104322882811661,96.2032957285204,0.325471698113208
598.61,617,100,100,183900,183900,2025-03-04,2025-03-28,583.77,0,0,97266807,33115876,0.189067581914147,98.6462504109958,0
433.73,435,1430,1433,153010,181991,2025-03-04,2025-05-16,583.77,3,28981,294462145,81706466,0.0618045487646638,99.3030323133726,0.159244138446407
583.5,640,33,32,183975,180800,2025-03-04,2025-05-16,583.77,-1,-3175,294462145,81706466,0.0614000825131529,99.3644323958857,-0.0175608407079646
460.5,464,513,514,222642,179900,2025-03-04,2025-08-15,583.77,1,-42742,178829414,22551067,0.100598663260173,96.3038943917805,-0.237587548638132
570.67,586,51,116,66045,177828,2025-03-04,2025-04-11,583.77,65,111783,6781178,4394519,2.62237623020661,53.7814226377777,0.628601794992914
349.44,350,3119,3161,165307,177016,2025-03-04,2025-05-16,583.77,42,11709,294462145,81706466,0.0601150276888732,99.4245474235746,0.0661465630225515
313.1,315,916,915,169460,173850,2025-03-04,2025-12-19,583.77,-1,4390,530205131,60868876,0.0327891960743775,99.610994334191,0.0252516537244751
492.41,499,263,263,173317,173317,2025-03-04,2025-08-15,583.77,0,0,178829414,22551067,0.0969175015022976,96.4008118932828,0
513.84,515,1490,1491,107280,172956,2025-03-04,2025-03-28,583.77,1,65676,97266807,33115876,0.177816055995341,98.8240664669912,0.379726635676126
358.45,360,1113,1113,160272,172515,2025-03-04,2025-08-15,583.77,0,12243,178829414,22551067,0.0964690294181694,96.497280922701,0.0709677419354839
564.08,574,147,168,83349,166656,2025-03-04,2025-04-04,583.77,21,83307,45742808,16834644,0.364332683730304,93.7417724771072,0.499873991935484
369.16,370,1961,1964,200022,164976,2025-03-04,2025-06-20,583.77,3,-35046,681269429,193197040,0.0242159699198832,99.692162320702,-0.21243089903986
510.99,518,229,230,190528,161230,2025-03-04,2025-08-15,583.77,1,-29298,178829414,22551067,0.0901585462892587,96.5874394689903,-0.181715561620046
542.93,553,160,160,161120,161120,2025-03-04,2025-08-15,583.77,0,0,178829414,22551067,0.0900970351555254,96.6775365041458,0
566.75,577,96,157,75840,160925,2025-03-04,2025-04-04,583.77,61,85085,45742808,16834644,0.351803938227841,94.0935764153351,0.528724561130962
521.62,528,251,251,160138,160138,2025-03-04,2025-08-15,583.77,0,0,178829414,22551067,0.0895479084889245,96.7670844126347,0
580,610,97,53,154424,159000,2025-03-04,2025-03-07,583.77,-44,4576,206646316,100521871,0.076943060528599,99.2006399959243,0.0287798742138365
564.96,566,1561,1523,70245,158392,2025-03-04,2025-03-07,583.77,-38,88147,206646316,100521871,0.0766488380078356,99.2772888339321,0.556511692509723
369.36,370,2474,2474,123700,158336,2025-03-04,2025-05-16,583.77,0,34636,294462145,81706466,0.0537712581017842,99.4783186816764,0.21875
561.14,570,162,176,92826,155936,2025-03-04,2025-04-11,583.77,14,63110,6781178,4394519,2.29954146609925,56.0809641038769,0.404717319926123
571.56,585,105,116,94710,155904,2025-03-04,2025-04-11,583.77,11,61194,6781178,4394519,2.29906957168799,58.3800336755649,0.392510775862069
469.46,470,2874,2873,137952,155142,2025-03-04,2025-03-28,583.77,-1,17190,97266807,33115876,0.1595014833786,98.9835679503697,0.110801717136559
433.89,437,496,496,154256,154256,2025-03-04,2025-08-15,583.77,0,0,178829414,22551067,0.086258740410568,96.8533431530453,0
565.87,567,1386,1363,69300,154019,2025-03-04,2025-03-07,583.77,-23,84719,206646316,100521871,0.0745326618839892,99.3518214958161,0.550055512631558
449.24,452,556,556,153456,153456,2025-03-04,2025-08-15,583.77,0,0,178829414,22551067,0.0858113867106896,96.939154539756,0
248.99,250,1519,1519,150381,153419,2025-03-04,2025-12-19,583.77,0,3038,530205131,60868876,0.0289357818379921,99.639930116029,0.0198019801980198
497.92,504,245,250,152145,152000,2025-03-04,2025-08-15,583.77,5,-145,178829414,22551067,0.0849972029769107,97.0241517427329,-0.000953947368421053
553.42,560,144,229,58752,150682,2025-03-04,2025-04-11,583.77,85,91930,6781178,4394519,2.22206230244952,60.6020959780144,0.610092778168593
527.65,530,600,637,87600,149695,2025-03-04,2025-04-04,583.77,37,62095,45742808,16834644,0.327253630778417,94.4208300461135,0.41481011389826
278.63,280,1066,1067,137514,146179,2025-03-04,2025-12-19,583.77,1,8665.00000000003,530205131,60868876,0.02757027260832,99.6675003886373,0.0592766402834882
572.64,586,60,109,69360,145624,2025-03-04,2025-04-04,583.77,49,76264,45742808,16834644,0.318353871060998,94.7391839171745,0.523704883810361
358.24,360,824,824,145024,145024,2025-03-04,2025-09-19,583.77,0,0,565299051,92922140,0.0256543858942371,99.677445947101,0
581.75,600,74,79,130314,144175,2025-03-04,2025-04-11,583.77,5,13861,6781178,4394519,2.12610552325864,62.7282015012731,0.0961401075082366
394.87,395,11060,11049,121660,143637,2025-03-04,2025-03-21,583.77,-11,21977,1540551175,562998949,0.00932374090072016,99.8732356294493,0.153003752515021
556.57,565,154,170,75152,143310,2025-03-04,2025-04-11,583.77,16,68158,6781178,4394519,2.11334962745411,64.8415511287272,0.475598353220292
424.77,425,6141,6211,116679,142853,2025-03-04,2025-03-21,583.77,70,26174,1540551175,562998949,0.00927285002395328,99.8825084794733,0.183223313476091
518.16,520,345,776,40710,142784,2025-03-04,2025-04-04,583.77,431,102074,45742808,16834644,0.312145244778152,95.0513291619526,0.714884020618557
580.43,620,48,36,132528,142452,2025-03-04,2025-04-04,583.77,-12,9924,45742808,16834644,0.311419447621143,95.3627486095738,0.0696655715609468
274.67,275,4304,4304,142032,142032,2025-03-04,2025-06-20,583.77,0,0,681269429,193197040,0.0208481393636702,99.7130104600657,0
298.85,300,1224,1227,121176,141105,2025-03-04,2025-09-19,583.77,3,19929,565299051,92922140,0.0249611245146067,99.7024070716156,0.141235250345487
476.12,481,289,289,141032,141032,2025-03-04,2025-08-15,583.77,0,0,178829414,22551067,0.0788639837515768,97.1030157264845,0
393.08,395,735,731,140385,140352,2025-03-04,2025-08-15,583.77,-4,-33,178829414,22551067,0.0784837331066801,97.1814994595911,-0.000235123119015048
439.71,440,4777,4831,95540,140099,2025-03-04,2025-03-21,583.77,54,44559,1540551175,562998949,0.00909408283694308,99.8916025623102,0.318053662053262
561.98,571,158,154,82950,138908,2025-03-04,2025-04-04,583.77,-4,55958,45742808,16834644,0.303671781583675,95.6664203911575,0.402842168917557
587.78,603,91,91,134953,138502,2025-03-04,2025-04-04,583.77,0,3549,45742808,16834644,0.30278421036155,95.969204601519,0.0256241787122208
576.2,593,24,82,28272,137760,2025-03-04,2025-04-11,583.77,58,109488,6781178,4394519,2.03150544050016,66.8730565692274,0.794773519163763
338.6,340,980,980,137200,137200,2025-03-04,2025-09-19,583.77,0,0,565299051,92922140,0.0242703397002519,99.7266774113159,0
308.36,310,841,832,140447,136448,2025-03-04,2025-12-19,583.77,-9,-3999,530205131,60868876,0.0257349452168919,99.6932353338542,-0.0293078681988743
417.53,420,552,552,136344,136344,2025-03-04,2025-08-15,583.77,0,0,178829414,22551067,0.0762424910702889,97.2577419506614,0
249.68,250,4224,4224,118272,135168,2025-03-04,2025-06-20,583.77,0,16896,681269429,193197040,0.0198406084650541,99.7328510685308,0.125
566.49,579,84,108,74760,135108,2025-03-04,2025-04-11,583.77,24,60348,6781178,4394519,1.99239719116649,68.8654537603939,0.446664890309974
199.83,200,7797,7927,116955,134759,2025-03-04,2025-06-20,583.77,130,17804,681269429,193197040,0.0197805734799822,99.7526316420108,0.132117335391328
319.41,320,2276,2276,134284,134284,2025-03-04,2025-06-20,583.77,0,0,681269429,193197040,0.0197108506978081,99.7723424927086,0
407.55,410,548,548,134260,134260,2025-03-04,2025-08-15,583.77,0,0,178829414,22551067,0.0750771346821055,97.3328190853435,0
234.73,235,4879,4880,121975,131760,2025-03-04,2025-06-20,583.77,1,9785,681269429,193197040,0.019340365851056,99.7916828585596,0.0742638129933212
575.21,595,15,66,18825,130614,2025-03-04,2025-04-11,583.77,51,111789,6781178,4394519,1.92612551978432,70.7915792801782,0.855873030456153
489.29,490,1656,1836,89424,130356,2025-03-04,2025-03-28,583.77,180,40932,97266807,33115876,0.13401899786841,99.1175869482382,0.314001657000829
303.43,305,830,830,130310,130310,2025-03-04,2025-12-19,583.77,0,0,530205131,60868876,0.0245772800716257,99.7178126139258,0
560.39,561,1251,2126,36279,129686,2025-03-04,2025-03-07,583.77,875,93407,206646316,100521871,0.0627574701113955,99.4145789659275,0.720255077649091
259.41,260,3986,2192,195314,129328,2025-03-04,2025-08-15,583.77,-1794,-65986,178829414,22551067,0.0723191991223547,97.4051382844659,-0.510222071013238
594.81,680,15,15,127785,127785,2025-03-04,2025-07-18,583.77,0,0,194064071,38276888,0.0658468099435057,99.5703181966125,0
479.01,480,1281,1288,87108,127512,2025-03-04,2025-04-04,583.77,7,40404,45742808,16834644,0.278758575555746,96.2479631770748,0.316864295125165
594,645,25,25,127500,127500,2025-03-04,2025-06-20,583.77,0,0,681269429,193197040,0.0187150625835583,99.8103979211432,0
393.93,395,1177,1177,150656,125939,2025-03-04,2025-06-20,583.77,0,-24717,681269429,193197040,0.0184859315036137,99.8288838526468,-0.196261682242991
283.74,285,998,998,125748,125748,2025-03-04,2025-12-19,583.77,0,0,530205131,60868876,0.0237168583719345,99.7415294722978,0
431.7,434,546,546,125580,125580,2025-03-04,2025-08-15,583.77,0,0,178829414,22551067,0.070223347038424,97.4753616315043,0
483.36,489,222,222,125208,125208,2025-03-04,2025-08-15,583.77,0,0,178829414,22551067,0.0700153275679805,97.5453769590723,0
462.03,465,308,420,109032,124740,2025-03-04,2025-07-18,583.77,112,15708,194064071,38276888,0.0642777405200368,99.6345959371325,0.125925925925926
214.28,215,1726,1726,124272,124272,2025-03-04,2025-12-19,583.77,0,0,530205131,60868876,0.0234384755510787,99.7649679478489,0
531.79,535,57,387,11628,124227,2025-03-04,2025-04-11,583.77,330,112599,6781178,4394519,1.8319383446357,72.6235176248139,0.906397160037673
551.56,571,54,62,90450,120528,2025-03-04,2025-08-15,583.77,8,30078,178829414,22551067,0.0673983084236914,97.612775267496,0.249551971326165
544.73,550,164,224,51988,118048,2025-03-04,2025-04-11,583.77,60,66060,6781178,4394519,1.7408184831603,74.3643361079742,0.559602873407428
239.7,240,3932,3934,94368,118020,2025-03-04,2025-06-20,583.77,2,23652,681269429,193197040,0.017323542636169,99.846207395283,0.200406710726995
592.96,700,11,11,117744,117744,2025-03-04,2025-12-19,583.77,0,0,530205131,60868876,0.0222072539694076,99.7871752018183,0
194.52,195,2443,2443,117264,117264,2025-03-04,2025-12-19,583.77,0,0,530205131,60868876,0.0221167229707553,99.809291924789,0
443.54,445,784,794,103488,115924,2025-03-04,2025-05-16,583.77,10,12436,294462145,81706466,0.0393680484803913,99.5176867301568,0.107277181601739
596.75,645,24,24,115800,115800,2025-03-04,2025-07-18,583.77,0,0,194064071,38276888,0.0596710145279803,99.6942669516605,0
485.6,491,219,214,121545,115560,2025-03-04,2025-08-15,583.77,-5,-5984.99999999999,178829414,22551067,0.0646202419474461,97.6773955094434,-0.0517912772585668
454.5,459,132,256,35904,115200,2025-03-04,2025-08-15,583.77,124,79296,178829414,22551067,0.0644189327825008,97.7418144422259,0.688333333333333
497.98,503,229,229,114958,114958,2025-03-04,2025-08-15,583.77,0,0,178829414,22551067,0.0642836082882875,97.8060980505142,0
389.38,390,1849,1854,133128,114948,2025-03-04,2025-05-16,583.77,5,-18180,294462145,81706466,0.0390365967075326,99.5567233268643,-0.158158471656749
451.35,455,311,311,113515,113515,2025-03-04,2025-08-15,583.77,0,0,178829414,22551067,0.0634766940521317,97.8695747445663,0
549.78,550,3622,5142,47086,113124,2025-03-04,2025-03-07,583.77,1520,66038,206646316,100521871,0.0547428099323097,99.4693217758598,0.583766486333581
580.1,609,39,39,112710,112710,2025-03-04,2025-05-16,583.77,0,0,294462145,81706466,0.0382765669250966,99.5949998937894,0
424.72,428,342,342,114570,112176,2025-03-04,2025-08-15,583.77,0,-2394,178829414,22551067,0.0627279357969601,97.9323026803633,-0.0213414634146341
584.87,616,40,36,106400,112068,2025-03-04,2025-03-14,583.77,-4,5668,210547084,87993237,0.053227049204823,99.6070608130579,0.0505764357354463
519.95,529,121,123,121605,111315,2025-03-04,2025-08-15,583.77,2,-10290,178829414,22551067,0.0622464713774659,97.9945491517408,-0.0924403719175313
589.84,614,75,46,153300,111136,2025-03-04,2025-03-07,583.77,-29,-42164,206646316,100521871,0.0537807797163923,99.5231025555762,-0.379391016412324
548.68,555,111,174,38739,109968,2025-03-04,2025-04-11,583.77,63,71229,6781178,4394519,1.62166514431563,75.9860012522898,0.647724792666958
499.06,500,1116,1166,66960,109604,2025-03-04,2025-03-28,583.77,50,42644,97266807,33115876,0.112683867580849,99.230270815819,0.389073391482063
556.5,564,155,146,77500,109500,2025-03-04,2025-04-04,583.77,-9,32000,45742808,16834644,0.239381893652003,96.4873450707267,0.292237442922374
487.72,495,144,150,81504,109200,2025-03-04,2025-08-15,583.77,6,27696,178829414,22551067,0.0610637800334122,98.0556129317742,0.253626373626374
506.14,513,154,159,121506,109074,2025-03-04,2025-08-15,583.77,5,-12432,178829414,22551067,0.0609933218256813,98.1166062535999,-0.113977666538313
389.91,390,12057,12085,192912,108765,2025-03-04,2025-03-21,583.77,28,-84147,1540551175,562998949,0.00706013547391569,99.8986626977841,-0.773658805681975
487.52,493,198,198,108504,108504,2025-03-04,2025-08-15,583.77,0,0,178829414,22551067,0.0606745823145179,98.1772808359144,0
591.01,621,35,36,82250,107964,2025-03-04,2025-03-21,583.77,1,25714,1540551175,562998949,0.00700814109599443,99.9056708388801,0.238171983253677
324.63,325,2902,2902,107374,107374,2025-03-04,2025-05-16,583.77,0,0,294462145,81706466,0.0364644494456155,99.631464343235,0
559.68,568,103,129,65714,107328,2025-03-04,2025-04-04,583.77,26,41614,45742808,16834644,0.234633606227235,96.721978676954,0.387727340488968
304.67,305,3697,3195,96122,105435,2025-03-04,2025-05-16,583.77,-502,9313.00000000001,294462145,81706466,0.03580596072884,99.6672703039639,0.0883293024138096
555.64,556,2850,2920,45600,105120,2025-03-04,2025-03-07,583.77,70,59520,206646316,100521871,0.0508695253004172,99.5739720808766,0.566210045662101
468.76,472,323,323,104652,104652,2025-03-04,2025-08-15,583.77,0,0,178829414,22551067,0.058520574249603,98.235801410164,0
329.59,330,2544,2544,104304,104304,2025-03-04,2025-05-16,583.77,0,0,294462145,81706466,0.0354218706109065,99.7026921745748,0
463.18,465,554,568,99166,103376,2025-03-04,2025-05-16,583.77,14,4210,294462145,81706466,0.0351067197449098,99.7377988943197,0.0407251199504721
516.27,523,153,153,102969,102969,2025-03-04,2025-08-15,583.77,0,0,178829414,22551067,0.0575794539034837,98.2933808640675,0
577.72,608,33,34,88704,102952,2025-03-04,2025-05-16,583.77,1,14248,294462145,81706466,0.0349627284009631,99.7727616227206,0.138394591654363
558.75,561,318,449,37842,101025,2025-03-04,2025-03-14,583.77,131,63183,210547084,87993237,0.0479821416097124,99.6550429546676,0.625419450631032
518.67,520,818,759,68712,100947,2025-03-04,2025-03-28,583.77,-59,32235,97266807,33115876,0.103783606261487,99.3340544220805,0.319325982941544
323.47,325,659,659,66559,100827,2025-03-04,2025-09-19,583.77,0,34268,565299051,92922140,0.0178360462168899,99.7445134575328,0.339869281045752
581.42,615,32,30,98592,100740,2025-03-04,2025-04-04,583.77,-2,2148,45742808,16834644,0.220231342159843,96.9422100191138,0.0213222156045265
460.94,465,247,247,100282,100282,2025-03-04,2025-08-15,583.77,0,0,178829414,22551067,0.0560769046640169,98.3494577687315,0
434.74,435,3741,3801,82302,98826,2025-03-04,2025-03-21,583.77,60,16524,1540551175,562998949,0.00641497676959676,99.9120858156497,0.167202962783073
540.64,545,46,225,12328,98100,2025-03-04,2025-04-11,583.77,179,85772,6781178,4394519,1.44665130453735,77.4326525568272,0.874332313965341
569.66,584,32,68,33248,97512,2025-03-04,2025-04-11,583.77,36,64264,6781178,4394519,1.43798024473034,78.8706328015575,0.659036836491919
555.16,562,102,142,41616,97128,2025-03-04,2025-04-04,583.77,40,55512,45742808,16834644,0.212335018873349,97.1545450379872,0.571534469977761
214.58,215,2310,2310,97020,97020,2025-03-04,2025-09-19,583.77,0,0,565299051,92922140,0.0171625973594638,99.7616760548922,0
573.75,590,35,59,37240,95875,2025-03-04,2025-04-11,583.77,24,58635,6781178,4394519,1.41383989625401,80.2844726978115,0.611577574967406
455.4,460,204,205,70992,94300,2025-03-04,2025-08-15,583.77,1,23308,178829414,22551067,0.0527318173731755,98.4021895861047,0.247168610816543
274.05,275,988,987,74100,93765,2025-03-04,2025-09-19,583.77,-1,19665,565299051,92922140,0.0165867959329017,99.7782628508251,0.209726443768997
554.37,561,122,141,47458,93483,2025-03-04,2025-04-04,583.77,19,46025,45742808,16834644,0.204366553098358,97.3589115910855,0.492335504851149
219.34,220,1403,1403,92598,92598,2025-03-04,2025-12-19,583.77,0,0,530205131,60868876,0.0174645612775105,99.8267564860665,0
582.38,613,53,30,104304,91860,2025-03-04,2025-03-14,583.77,-23,-12444,210547084,87993237,0.0436291960234415,99.698672150691,-0.135467015022861
526.45,533,139,139,91045,91045,2025-03-04,2025-08-15,583.77,0,0,178829414,22551067,0.050911647006795,98.4531012331115,0
472.09,477,185,185,90835,90835,2025-03-04,2025-08-15,583.77,0,0,178829414,22551067,0.0507942166605769,98.503895449772,0
184.52,185,1857,1857,89136,89136,2025-03-04,2025-12-19,583.77,0,0,530205131,60868876,0.0168116064497309,99.8435680925163,0
539.45,547,118,118,89090,89090,2025-03-04,2025-08-15,583.77,0,0,178829414,22551067,0.049818426402717,98.5537138761748,0
229.53,230,1893,1893,88971,88971,2025-03-04,2025-09-19,583.77,0,0,565299051,92922140,0.0157387492235503,99.7940016000487,0
279.65,280,2508,2508,87780,87780,2025-03-04,2025-06-20,583.77,0,0,681269429,193197040,0.0128847701457627,99.8590921654287,0
573.75,592,18,48,22500,87600,2025-03-04,2025-04-11,583.77,30,65100,6781178,4394519,1.29181095084069,81.5762836486522,0.743150684931507
584.93,615,54,29,144396,87203,2025-03-04,2025-03-14,583.77,-25,-57193,210547084,87993237,0.0414173392209032,99.7400894899119,-0.655860463516163
574.28,594,2,44,3490,86768,2025-03-04,2025-04-11,583.77,42,83278,6781178,4394519,1.27954169614778,82.8558253448,0.959777798266642
590.9,612,41,41,96309,86510,2025-03-04,2025-04-04,583.77,0,-9798.99999999999,45742808,16834644,0.189122626665158,97.5480342177507,-0.113270142180095
477.93,483,169,169,85683,85683,2025-03-04,2025-08-15,583.77,0,0,178829414,22551067,0.0479132588333595,98.6016271350081,0
588.81,660,12,12,85428,85428,2025-03-04,2025-12-19,583.77,0,0,530205131,60868876,0.0161122544851419,99.8596803470014,0
513.43,515,532,541,63840,84937,2025-03-04,2025-04-04,583.77,9,21097,45742808,16834644,0.185683834713426,97.7337180524641,0.248384096447956
484.26,485,1014,1140,57798,84360,2025-03-04,2025-03-28,583.77,126,26562,97266807,33115876,0.0867305122907962,99.4207849343713,0.314864864864865
558.47,566,33,111,14289,83583,2025-03-04,2025-04-04,583.77,78,69294,45742808,16834644,0.182723806548999,97.9164418590131,0.829044183625857
522.54,525,314,339,49298,83394,2025-03-04,2025-04-11,583.77,25,34096,6781178,4394519,1.22978632915992,84.0856116739599,0.408854354030266
516.06,524,105,105,94290,83370,2025-03-04,2025-08-15,583.77,0,-10920,178829414,22551067,0.0466198474485858,98.6482469824567,-0.130982367758187
324.4,325,1365,1365,81900,81900,2025-03-04,2025-06-20,583.77,0,0,681269429,193197040,0.0120216754948504,99.8711138409236,0
570.24,583,48,64,46512,81664,2025-03-04,2025-04-11,583.77,16,35152,6781178,4394519,1.20427453755085,85.2898862115108,0.43044670846395
493.92,495,723,734,69408,79272,2025-03-04,2025-04-04,583.77,11,9864,45742808,16834644,0.17329937418796,98.0897412332011,0.124432334241599
479.26,480,919,1065,40436,78810,2025-03-04,2025-03-28,583.77,146,38374,97266807,33115876,0.0810245575348228,99.5018094919061,0.486917903819312
224.83,225,4606,4606,87514,78302,2025-03-04,2025-06-20,583.77,0,-9211.99999999999,681269429,193197040,0.0114935437679826,99.8826073846916,-0.117647058823529
414.8,415,3896,3907,58440,78140,2025-03-04,2025-03-21,583.77,11,19700,1540551175,562998949,0.00507221060020937,99.9171580262499,0.252111594573842
204.46,205,1400,1418,75600,76572,2025-03-04,2025-12-19,583.77,18,972,530205131,60868876,0.0144419575600071,99.8741223045614,0.0126939351198872
598.38,618,39,39,76518,76518,2025-03-04,2025-03-21,583.77,0,0,1540551175,562998949,0.00496692360771462,99.9221249498576,0
441.49,445,215,216,73315,75816,2025-03-04,2025-08-15,583.77,1,2501,178829414,22551067,0.0423957101374833,98.6906426925942,0.0329877598396117
544.97,558,58,58,75574,75574,2025-03-04,2025-08-15,583.77,0,0,178829414,22551067,0.0422603856432701,98.7329030782375,0
580.18,614,22,22,49500,74404,2025-03-04,2025-04-04,583.77,0,24904,45742808,16834644,0.162657264066517,98.2523984972676,0.33471318746304
508.57,510,513,503,45144,71929,2025-03-04,2025-04-04,583.77,-10,26785,45742808,16834644,0.157246577429178,98.4096450746968,0.372381098027221
589.34,614,49,29,125636,71514,2025-03-04,2025-03-14,583.77,-20,-54122,210547084,87993237,0.0339657993078641,99.7740552892198,-0.756802863774925
486.37,492,127,127,76200,71501,2025-03-04,2025-08-15,583.77,0,-4699,178829414,22551067,0.0399827961187638,98.7728858743562,-0.0657193605683837
293.84,295,616,615,55440,71340,2025-03-04,2025-09-19,583.77,-1,15900,565299051,92922140,0.0126198690540522,99.8066214691027,0.222876366694701
154.82,155,3945,3946,78900,71028,2025-03-04,2025-09-19,583.77,1,-7872,565299051,92922140,0.0125646770279117,99.8191861461306,-0.110829532015543
314.51,315,1415,1415,80655,69335,2025-03-04,2025-06-20,583.77,0,-11320,681269429,193197040,0.0101773244253413,99.8927847091169,-0.163265306122449
567.95,581,18,53,22230,69165,2025-03-04,2025-04-11,583.77,35,46935,6781178,4394519,1.01995552985042,86.3098417413612,0.678594664931685
319.63,320,1857,1857,70566,68709,2025-03-04,2025-05-16,583.77,0,-1857,294462145,81706466,0.0233337293661296,99.7960953520868,-0.027027027027027
431.83,435,216,216,61776,68472,2025-03-04,2025-08-15,583.77,0,6696,178829414,22551067,0.0382890031725989,98.8111748775288,0.0977917981072555
288.6,290,488,488,68320,68320,2025-03-04,2025-12-19,583.77,0,0,530205131,60868876,0.0128855788081764,99.8870078833696,0
304.53,305,1449,1449,59409,68103,2025-03-04,2025-06-20,583.77,0,8694.00000000001,681269429,193197040,0.0099964855461025,99.902781194663,0.127659574468085
429.57,432,280,280,68040,68040,2025-03-04,2025-08-15,583.77,0,0,178829414,22551067,0.0380474321746645,98.8492223097035,0
349.94,350,11306,11304,56530,67824,2025-03-04,2025-03-21,583.77,-2,11294,1540551175,562998949,0.00440258013499617,99.9265275299926,0.166519226232602
417.82,420,303,310,65145,67580,2025-03-04,2025-07-18,583.77,7,2435.00000000001,194064071,38276888,0.0348235506200424,99.7290905022806,0.0360313702278782
284.61,285,1730,1730,67470,67470,2025-03-04,2025-06-20,583.77,0,0,681269429,193197040,0.0099035707648053,99.9126847654278,0
269,270,673,673,67300,67300,2025-03-04,2025-12-19,583.77,0,0,530205131,60868876,0.0126932004360403,99.8997010838056,0
377.98,380,327,327,54609,66054,2025-03-04,2025-08-15,583.77,0,11445,178829414,22551067,0.0369368766147162,98.8861591863182,0.173267326732673
578.6,610,1,21,2025,65940,2025-03-04,2025-04-11,583.77,20,63915,6781178,4394519,0.972397421215016,87.2822391625762,0.969290263876251
319.02,320,672,672,65856,65856,2025-03-04,2025-09-19,583.77,0,0,565299051,92922140,0.0116497630561209,99.8308359091868,0
524.55,525,1794,1463,60996,65835,2025-03-04,2025-03-14,583.77,-331,4839,210547084,87993237,0.0312685403897591,99.8053238296095,0.0735019366598314
333.71,335,510,509,66810,65661,2025-03-04,2025-09-19,583.77,-1,-1149,565299051,92922140,0.0116152680397831,99.8424511772266,-0.017498971992507
550.42,566,36,42,60732,65436,2025-03-04,2025-08-15,583.77,6,4703.99999999999,178829414,22551067,0.0365912958815601,98.9227504821998,0.0718870346598202
533.68,541,89,89,65148,65148,2025-03-04,2025-08-15,583.77,0,0,178829414,22551067,0.0364302485496038,98.9591807307494,0
224.39,225,1053,1053,64233,64233,2025-03-04,2025-12-19,583.77,0,0,530205131,60868876,0.0121147450759016,99.9118158288815,0
519.6,520,1585,1603,49135,64120,2025-03-04,2025-03-14,583.77,18,14985,210547084,87993237,0.0304539957437739,99.8357778253533,0.233702432938241
199.62,200,1664,1674,61568,63612,2025-03-04,2025-09-19,583.77,10,2044.00000000001,565299051,92922140,0.0112528050219564,99.8537039822485,0.0321323020813684
587.86,623,18,18,63252,63252,2025-03-04,2025-03-21,583.77,0,0,1540551175,562998949,0.0041058032362995,99.9306333332289,0
582,609,198,23,408870,62100,2025-03-04,2025-03-07,583.77,-175,-346770,206646316,100521871,0.0300513462819245,99.6040234271585,-5.58405797101449
502.52,509,95,95,54815,61560,2025-03-04,2025-08-15,583.77,0,6745,178829414,22551067,0.0344238672056488,98.993604597955,0.109567901234568
239.5,240,1230,1230,61500,61500,2025-03-04,2025-09-19,583.77,0,0,565299051,92922140,0.0108791974603899,99.8645831797089,0
572.75,587,41,43,39524,61275,2025-03-04,2025-04-11,583.77,2,21751,6781178,4394519,0.903604064072643,88.1858432266488,0.354973480212158
550.76,551,658,2496,7238,59904,2025-03-04,2025-03-07,583.77,1838,52666,206646316,100521871,0.0289886609931144,99.6330120881516,0.879173344017094
427.66,430,256,256,59904,59904,2025-03-04,2025-08-15,583.77,0,0,178829414,22551067,0.0334978450469004,99.0271024430019,0
610.22,670,10,10,59780,59780,2025-03-04,2025-09-19,583.77,0,0,565299051,92922140,0.0105749337265383,99.8751581134354,0
249.45,250,1082,1083,63838,59565,2025-03-04,2025-09-19,583.77,1,-4272.99999999999,565299051,92922140,0.0105369007598069,99.8856950141952,-0.0717367581633508
209.6,210,1478,1478,59120,59120,2025-03-04,2025-09-19,583.77,0,0,565299051,92922140,0.0104581813635488,99.8961531955588,0
593.5,690,6,6,57900,57900,2025-03-04,2025-06-20,583.77,0,0,681269429,193197040,0.0084988401850041,99.9211836056128,0
364.16,365,683,685,66934,57540,2025-03-04,2025-06-20,583.77,2,-9394,681269429,193197040,0.00844599765535641,99.9296296032682,-0.163260340632603
556.33,563,68,86,30600,57362,2025-03-04,2025-04-04,583.77,18,26762,45742808,16834644,0.125401134097408,98.5350462087942,0.466545796869007
364.92,365,7159,7161,57272,57288,2025-03-04,2025-03-21,583.77,2,16,1540551175,562998949,0.00371866906660858,99.9343520022956,0.000279290601871247
569.62,582,29,46,28855,56948,2025-03-04,2025-04-11,583.77,17,28093,6781178,4394519,0.839795091649268,89.0256383182981,0.49330968602936
480.31,484,154,154,56826,56826,2025-03-04,2025-08-15,583.77,0,0,178829414,22551067,0.031776651686618,99.0588790946885,0
587.59,602.5,38,38,56658,56658,2025-03-04,2025-04-04,583.77,0,0,45742808,16834644,0.123862094342787,98.658908303137,0
592.51,614,26,26,55874,55874,2025-03-04,2025-05-16,583.77,0,0,294462145,81706466,0.018974934791703,99.8150702868785,0
591,660,8,8,55200,55200,2025-03-04,2025-09-19,583.77,0,0,565299051,92922140,0.00976474308639871,99.9059179386452,0
510.45,521,50,52,45500,54860,2025-03-04,2025-08-15,583.77,2,9360,178829414,22551067,0.0306772799691666,99.0895563746577,0.170616113744076
527.2,530,160,195,34400,54600,2025-03-04,2025-04-11,583.77,35,20200,6781178,4394519,0.805169839222625,89.8308081575207,0.36996336996337
591.21,613,24,25,54936,54475,2025-03-04,2025-04-04,583.77,1,-461,45742808,16834644,0.119089759421853,98.7779980625588,-0.00846259752179899
578.96,592.5,34,40,39678,54160,2025-03-04,2025-04-11,583.77,6,14482,6781178,4394519,0.798681291067717,90.6294894485884,0.267392909896603
544.84,545,3294,3330,36234,53280,2025-03-04,2025-03-07,583.77,36,17046,206646316,100521871,0.0257831840563758,99.658795272208,0.319932432432432
561.22,571,51,54,42483,52812,2025-03-04,2025-04-11,583.77,3,10329,6781178,4394519,0.778802738993137,91.4082921875816,0.195580549875028
258.85,260,457,457,52555,52555,2025-03-04,2025-12-19,583.77,0,0,530205131,60868876,0.00991220132119015,99.9217280302027,0
539.87,540,4060,4042,36540,52546,2025-03-04,2025-03-07,583.77,-18,16006,206646316,100521871,0.0254279877895331,99.6842232599975,0.304609294713204
593.54,646,10,10,52460,52460,2025-03-04,2025-03-21,583.77,0,0,1540551175,562998949,0.00340527473876355,99.9377572770343,0
560.9,569,57,64,29868,51840,2025-03-04,2025-04-04,583.77,7,21972,45742808,16834644,0.113329291022099,98.8913273535809,0.423842592592593
438.17,442,130,135,34970,51705,2025-03-04,2025-08-15,583.77,5,16735,178829414,22551067,0.0289130288152708,99.118469403473,0.323663088676143
459.88,463,165,165,51480,51480,2025-03-04,2025-08-15,583.77,0,0,178829414,22551067,0.02878721058718,99.1472566140602,0
369.9,370,3895,5137,38950,51370,2025-03-04,2025-03-21,583.77,1242,12420,1540551175,562998949,0.00333452084121776,99.9410917978755,0.241775355265719
579.5,596,7,31,8526,51150,2025-03-04,2025-04-11,583.77,24,42624,6781178,4394519,0.754293723008008,92.1625859105896,0.833313782991202
354.92,355,6348,6343,44436,50744,2025-03-04,2025-03-21,583.77,-5,6307.99999999999,1540551175,562998949,0.00329388603400338,99.9443856839095,0.124310263282358
559.8,569,6,55,3858,50600,2025-03-04,2025-04-11,583.77,49,46742,6781178,4394519,0.746183037814374,92.9087689484039,0.923754940711462
584.84,635,10,10,41570,50160,2025-03-04,2025-03-07,583.77,0,8590,206646316,100521871,0.0242733579629844,99.7084966179605,0.171251993620415
169.91,170,5556,5556,50004,50004,2025-03-04,2025-06-20,583.77,0,0,681269429,193197040,0.00733982736806468,99.9369694306362,0
514.64,515,1282,1379,33332,49644,2025-03-04,2025-03-14,583.77,97,16312,210547084,87993237,0.0235785739972537,99.8593563993506,0.328579485939892
432.93,435,239,239,60706,49473,2025-03-04,2025-07-18,583.77,0,-11233,194064071,38276888,0.025493126958055,99.7545836292386,-0.227053140096619
374.91,375,5416,5488,48744,49392,2025-03-04,2025-03-21,583.77,72,647.999999999993,1540551175,562998949,0.00320612523631355,99.9475918091458,0.0131195335276966
556.61,557,1379,1256,31717,48984,2025-03-04,2025-03-07,583.77,-123,17267,206646316,100521871,0.0237042696662446,99.7322008876268,0.352502858076107
259.68,260,1525,1525,48800,48800,2025-03-04,2025-06-20,583.77,0,0,681269429,193197040,0.00716309846335406,99.9441325290996,0
594.99,627,15,15,48015,48015,2025-03-04,2025-03-21,583.77,0,0,1540551175,562998949,0.00311674164280846,99.9507085507886,0
412.86,415,223,223,42147,47722,2025-03-04,2025-08-15,583.77,0,5575,178829414,22551067,0.0266857665820009,99.1739423806422,0.116822429906542
427.4,430,184,183,38272,47580,2025-03-04,2025-07-18,583.77,-1,9308,194064071,38276888,0.0245176759174551,99.7791013051561,0.195628415300546
343.85,345,412,412,47380,47380,2025-03-04,2025-08-15,583.77,0,0,178829414,22551067,0.0264945228753028,99.2004369035175,0
436.57,440,138,138,46230,47334,2025-03-04,2025-08-15,583.77,0,1104,178829414,22551067,0.0264688000375598,99.226905703555,0.0233236151603499
426.9,429,224,224,47040,47040,2025-03-04,2025-08-15,583.77,0,0,178829414,22551067,0.0263043975528545,99.2532101011079,0
269.38,270,755,755,46810,46810,2025-03-04,2025-09-19,583.77,0,0,565299051,92922140,0.00828057289627398,99.9141985115415,0
179.52,180,934,969,37360,46512,2025-03-04,2025-12-19,583.77,35,9152,530205131,60868876,0.00877245376940722,99.9305004839721,0.196766425868593
382.92,385,198,223,36432,46384,2025-03-04,2025-08-15,583.77,25,9952,178829414,22551067,0.0259375675189541,99.2791476686268,0.214556743704726
309.39,310,748,748,35156,45628,2025-03-04,2025-06-20,583.77,0,10472,681269429,193197040,0.00669749706323605,99.9508300261628,0.229508196721311
585.26,650,7,7,45318,45318,2025-03-04,2025-03-21,583.77,0,0,1540551175,562998949,0.00294167443025708,99.9536502252189,0
512.83,515,183,208,23058,45136,2025-03-04,2025-04-11,583.77,25,22078,6781178,4394519,0.665607067090703,93.5743760154947,0.489143920595534
587.84,616,16,16,45056,45056,2025-03-04,2025-03-28,583.77,0,0,97266807,33115876,0.046322071618944,99.5481315635251,0
442.46,445,169,176,47658,44704,2025-03-04,2025-07-18,583.77,7,-2954,194064071,38276888,0.0230356911352231,99.8021369962913,-0.066079098067287
229.18,230,541,541,44362,44362,2025-03-04,2025-12-19,583.77,0,0,530205131,60868876,0.00836695033794382,99.9388674343101,0
189.57,190,1026,1026,44118,44118,2025-03-04,2025-12-19,583.77,0,0,530205131,60868876,0.00832093041362891,99.9471883647237,0
504.71,505,1477,1511,42833,43819,2025-03-04,2025-03-14,583.77,34,986,210547084,87993237,0.0208119719197821,99.8801683712703,0.0225016545334216
578.47,612,12,13,29112,43589,2025-03-04,2025-05-16,583.77,1,14477,294462145,81706466,0.0148029214417357,99.8298732083202,0.332125077427791
234.52,235,908,908,43584,43584,2025-03-04,2025-09-19,583.77,0,0,565299051,92922140,0.00770990149778263,99.9219084130393,0
303.96,305,417,417,43368,43368,2025-03-04,2025-09-19,583.77,0,0,565299051,92922140,0.00767169163353151,99.9295801046728,0
589.66,607.5,24,24,42816,42816,2025-03-04,2025-04-04,583.77,0,0,45742808,16834644,0.0936015996219559,98.9849289532029,0
423.76,425,338,343,30420,42532,2025-03-04,2025-05-16,583.77,5,12112,294462145,81706466,0.0144439618885477,99.8443171702088,0.284773817361046
599.26,670,6,6,42444,42444,2025-03-04,2025-12-19,583.77,0,0,530205131,60868876,0.00800520355582903,99.9551935682795,0
384.15,385,420,495,28980,42075,2025-03-04,2025-05-16,583.77,75,13095,294462145,81706466,0.0142887636711333,99.8586059338799,0.311229946524064
534.89,535,3628,3782,25396,41602,2025-03-04,2025-03-07,583.77,154,16206,206646316,100521871,0.020131982415791,99.7523328700426,0.389548579395221
591.54,616,16,17,38848,41582,2025-03-04,2025-04-04,583.77,1,2734,45742808,16834644,0.0909039077793388,99.0758328609822,0.0657496031936896
579.54,617,10,11,22690,41206,2025-03-04,2025-05-16,583.77,1,18516,294462145,81706466,0.0139936493364877,99.8725995832164,0.449352036111246
378.57,380,286,286,40898,40898,2025-03-04,2025-07-18,583.77,0,0,194064071,38276888,0.0210744831793207,99.8232114794706,0
532.73,544,36,36,40572,40572,2025-03-04,2025-08-15,583.77,0,0,178829414,22551067,0.022687542889337,99.3018352115162,0
606.69,626,21,21,40551,40551,2025-03-04,2025-03-21,583.77,0,0,1540551175,562998949,0.00263223972420131,99.9562824649431,0
536.35,540,78,111,22074,40515,2025-03-04,2025-04-11,583.77,33,18441,6781178,4394519,0.597462564763821,94.1718385802585,0.455164753794891
429.79,433,124,124,39804,39804,2025-03-04,2025-08-15,583.77,0,0,178829414,22551067,0.0222580833374536,99.3240932948536,0
408.2,410,221,221,39780,39780,2025-03-04,2025-07-18,583.77,0,0,194064071,38276888,0.0204983847834461,99.8437098642541,0
595.5,635,10,10,39500,39500,2025-03-04,2025-03-28,583.77,0,0,97266807,33115876,0.0406099482632343,99.5887415117883,0
504.83,511,64,64,50304,39488,2025-03-04,2025-08-15,583.77,0,-10816,178829414,22551067,0.0220813786260016,99.3461746734796,-0.273905996758509
269.98,270,18682,19705,37364,39410,2025-03-04,2025-03-21,583.77,1023,2046,1540551175,562998949,0.00255817532319236,99.9588406402663,0.0519157574219741
453.65,455,284,291,45724,39285,2025-03-04,2025-05-16,583.77,7,-6439,294462145,81706466,0.0133412734597855,99.8859408566762,-0.163904798269059
522.95,525,138,191,27462,39155,2025-03-04,2025-04-04,583.77,53,11693,45742808,16834644,0.0855981556707231,99.1614310166529,0.298633635551015
568.04,582.5,22,27,21032,39042,2025-03-04,2025-04-11,583.77,5,18010,6781178,4394519,0.575740675145233,94.7475792554037,0.461298089237232
586.72,611,16,16,38848,38848,2025-03-04,2025-05-16,583.77,0,0,294462145,81706466,0.0131928672868969,99.8991337239631,0
600.27,628,14,14,38822,38822,2025-03-04,2025-03-21,583.77,0,0,1540551175,562998949,0.0025200071656172,99.9613606474319,0
379.27,380,321,530,20865,38690,2025-03-04,2025-05-16,583.77,209,17825,294462145,81706466,0.0131392101351432,99.9122729340982,0.460713362626002
209.85,210,2567,2567,38505,38505,2025-03-04,2025-06-20,583.77,0,0,681269429,193197040,0.00565194890023459,99.9564819750631,0
294.58,295,913,916,46563,38472,2025-03-04,2025-06-20,583.77,3,-8091,681269429,193197040,0.00564710500168356,99.9621290800648,-0.210308796007486
353.65,355,284,284,38340,38340,2025-03-04,2025-08-15,583.77,0,0,178829414,22551067,0.021439426066676,99.3676140995463,0
458.4,462,105,105,37800,37800,2025-03-04,2025-08-15,583.77,0,0,178829414,22551067,0.0211374623192581,99.3887515618655,0
494.73,495,1725,1399,34500,37773,2025-03-04,2025-03-14,583.77,-326,3273,210547084,87993237,0.0179404051969677,99.8981087764673,0.0866491938686363
374.85,375,2359,2516,35385,37740,2025-03-04,2025-03-28,583.77,157,2355,97266807,33115876,0.0388004923406193,99.6275420041289,0.0624006359300477
463.74,468,88,88,37488,37488,2025-03-04,2025-08-15,583.77,0,0,178829414,22551067,0.0209629943763055,99.4097145562419,0
429.39,430,0,612,0,37332,2025-03-04,2025-04-11,583.77,612,37332,6781178,4394519,0.550523817543206,95.2981030729469,1
588.6,617,13,13,36920,36920,2025-03-04,2025-04-04,583.77,0,0,45742808,16834644,0.0807121416770042,99.2421431583299,0
529.92,530,2772,4582,16632,36656,2025-03-04,2025-03-07,583.77,1810,20024,206646316,100521871,0.01773852092287,99.7700713909654,0.546268005237887
403.1,405,192,192,36480,36480,2025-03-04,2025-08-15,583.77,0,0,178829414,22551067,0.0203993287144586,99.4301138849563,0
244.48,245,700,700,36400,36400,2025-03-04,2025-09-19,583.77,0,0,565299051,92922140,0.00643906971639335,99.9360191743892,0
189.67,190,1102,1102,36366,36366,2025-03-04,2025-09-19,583.77,0,0,565299051,92922140,0.00643305520072419,99.9424522295899,0
435.43,438,141,141,36237,36237,2025-03-04,2025-08-15,583.77,0,0,178829414,22551067,0.0202634450281205,99.4503773299844,0
379.91,380,4032,4023,36288,36207,2025-03-04,2025-03-21,583.77,-9,-81,1540551175,562998949,0.00235026272333991,99.9637109101553,-0.00223713646532438
154.66,155,1062,1062,36108,36108,2025-03-04,2025-12-19,583.77,0,0,530205131,60868876,0.00681019437361877,99.9620037626531,0
284.39,285,591,591,36051,36051,2025-03-04,2025-08-15,583.77,0,0,178829414,22551067,0.0201594352928987,99.4705367652773,0
598.67,621,16,16,35728,35728,2025-03-04,2025-03-28,583.77,0,0,97266807,33115876,0.0367319552290845,99.664273959358,0
499.95,500,6988,7108,27952,35540,2025-03-04,2025-03-07,583.77,120,7588,206646316,100521871,0.0171984677433107,99.7872698587087,0.213505908835115
412.83,415,161,163,32522,35371,2025-03-04,2025-07-18,583.77,2,2849,194064071,38276888,0.0182264547052607,99.8619363189593,0.0805462101721748
234.24,235,463,463,35188,35188,2025-03-04,2025-12-19,583.77,0,0,530205131,60868876,0.00663667662620187,99.9686404392794,0
363.44,365,225,225,35100,35100,2025-03-04,2025-08-15,583.77,0,0,178829414,22551067,0.0196276435821682,99.4901644088595,0
597,655,6,6,34800,34800,2025-03-04,2025-08-15,583.77,0,0,178829414,22551067,0.0194598859447138,99.5096242948042,0
509.09,516,49,50,35280,34550,2025-03-04,2025-08-15,583.77,1,-730,178829414,22551067,0.0193200879135017,99.5289443827177,-0.0211287988422576
319.96,320,8468,8563,33872,34252,2025-03-04,2025-03-21,583.77,95,380,1540551175,562998949,0.00222336009058576,99.9659342702459,0.0110942426719608
593.23,650,6,6,34062,34062,2025-03-04,2025-08-15,583.77,0,0,178829414,22551067,0.0190472021565759,99.5479915848743,0
439.97,440,3496,11201,6992,33603,2025-03-04,2025-03-07,583.77,7705,26611,206646316,100521871,0.0162611173769969,99.8035309760857,0.79192334017796
194.88,195,2775,2785,33300,33420,2025-03-04,2025-06-20,583.77,10,120,681269429,193197040,0.00490554816896092,99.9670346282337,0.00359066427289048
334.95,335,6663,6683,33315,33415,2025-03-04,2025-03-21,583.77,20,100,1540551175,562998949,0.00216902888669051,99.9681032991325,0.00299266796348945
299.29,300,475,470,32775,33370,2025-03-04,2025-07-18,583.77,-5,595,194064071,38276888,0.0171953519412669,99.8791316709006,0.0178303865747678
584.85,615,31,11,65782,33165,2025-03-04,2025-03-07,583.77,-20,-32617,206646316,100521871,0.0160491610215785,99.8195801371073,-0.983476556610885
588.19,618,10,11,22110,32791,2025-03-04,2025-04-04,583.77,1,10681,45742808,16834644,0.0716855860707108,99.3138287444007,0.325729620932573
459.54,460,697,699,28577,32154,2025-03-04,2025-03-28,583.77,2,3577,97266807,33115876,0.0330575259862288,99.6973314853442,0.11124587920632
333.84,335,275,275,31900,31900,2025-03-04,2025-08-15,583.77,0,0,178829414,22551067,0.0178382287826543,99.565829813657,0
461.03,466,35,64,14560,31808,2025-03-04,2025-08-15,583.77,29,17248,178829414,22551067,0.0177867831071683,99.5836165967641,0.542253521126761
384.9,385,3130,3130,28170,31300,2025-03-04,2025-03-21,583.77,0,3130,1540551175,562998949,0.00203174036071862,99.9701350394933,0.1
348.58,350,204,220,26724,31240,2025-03-04,2025-08-15,583.77,16,4516,178829414,22551067,0.0174691619802545,99.6010857587444,0.144558258642766
440.08,443,106,106,30952,30952,2025-03-04,2025-08-15,583.77,0,0,178829414,22551067,0.0173081146482983,99.6183938733927,0
299.23,300,392,397,30576,30569,2025-03-04,2025-08-15,583.77,5,-7,178829414,22551067,0.0170939440644815,99.6354878174571,-0.000228990153423403
368.48,370,201,201,30552,30552,2025-03-04,2025-08-15,583.77,0,0,178829414,22551067,0.0170844377983591,99.6525722552555,0
599.04,619,15,15,29940,29940,2025-03-04,2025-03-28,583.77,0,0,97266807,33115876,0.0307813126835756,99.7281127980278,0
584.78,618,45,9,109710,29898,2025-03-04,2025-03-14,583.77,-36,-79812,210547084,87993237,0.0142001491694846,99.9123089256368,-2.66947621914509
294.97,295,9425,9920,28275,29760,2025-03-04,2025-03-21,583.77,495,1485,1540551175,562998949,0.00193177613849796,99.9720668156318,0.049899193548387
422.88,425,140,140,29680,29680,2025-03-04,2025-07-18,583.77,0,0,194064071,38276888,0.0152939180586395,99.8944255889592,0
419.68,420,912,923,24624,29536,2025-03-04,2025-03-28,583.77,11,4912,97266807,33115876,0.030365960301339,99.7584787583291,0.166305525460455
359.93,360,4136,4197,33088,29379,2025-03-04,2025-03-21,583.77,61,-3709,1540551175,562998949,0.00190704473027324,99.973973860362,-0.126246638755574
586.69,645,5,5,29155,29155,2025-03-04,2025-09-19,583.77,0,0,565299051,92922140,0.00515744718630352,99.9476096767762,0
578.62,605,3,11,6411,29018,2025-03-04,2025-04-11,583.77,8,22607,6781178,4394519,0.427919750816156,95.7260228237631,0.779068164587497
517.85,526,35,35,28525,28525,2025-03-04,2025-08-15,583.77,0,0,178829414,22551067,0.015950955361292,99.6685232106168,0
194.61,195,729,729,28431,28431,2025-03-04,2025-09-19,583.77,0,0,565299051,92922140,0.00502937338205438,99.9526390501583,0
169.76,170,1182,1182,28368,28368,2025-03-04,2025-09-19,583.77,0,0,565299051,92922140,0.00501822883831447,99.9576572789966,0
159.74,160,1088,1088,28288,28288,2025-03-04,2025-12-19,583.77,0,0,530205131,60868876,0.00533529352057515,99.9739757327999,0
592.75,624,8,9,19608,28125,2025-03-04,2025-04-04,583.77,1,8517,45742808,16834644,0.0614850754243159,99.375313819825,0.302826666666667
214.79,215,1322,1338,23796,28098,2025-03-04,2025-06-20,583.77,16,4302,681269429,193197040,0.00412435943900251,99.9711589876727,0.153106982703395
592.66,618,11,11,27874,27874,2025-03-04,2025-03-28,583.77,0,0,97266807,33115876,0.028657258174415,99.7871360165036,0
498.85,500,198,241,15444,27715,2025-03-04,2025-04-04,583.77,43,12271,45742808,16834644,0.0605887596581303,99.4359025794831,0.442756629983763
387.95,390,135,135,27675,27675,2025-03-04,2025-08-15,583.77,0,0,178829414,22551067,0.0154756420551711,99.683998852672,0
318.99,320,273,273,27573,27573,2025-03-04,2025-08-15,583.77,0,0,178829414,22551067,0.0154186044584366,99.6994174571304,0
253.97,255,267,267,27501,27501,2025-03-04,2025-12-19,583.77,0,0,530205131,60868876,0.00518686040403483,99.979162593204,0
552.74,553,908,1055,13620,27430,2025-03-04,2025-03-07,583.77,147,13810,206646316,100521871,0.0132738877377325,99.832854024845,0.503463361283267
164.69,165,873,873,27063,27063,2025-03-04,2025-12-19,583.77,0,0,530205131,60868876,0.00510425086776461,99.9842668440717,0
600.04,645,6,6,26976,26976,2025-03-04,2025-08-15,583.77,0,0,178829414,22551067,0.0150847667599023,99.7145022238903,0
319.32,320,376,394,30080,26792,2025-03-04,2025-07-18,583.77,18,-3288,194064071,38276888,0.0138057497515859,99.9082313387108,-0.122723200955509
424.99,427,133,133,26733,26733,2025-03-04,2025-08-15,583.77,0,0,178829414,22551067,0.0149488830735642,99.7294511069639,0
444.29,448,72,72,26712,26712,2025-03-04,2025-08-15,583.77,0,0,178829414,22551067,0.0149371400389424,99.7443882470028,0
586.14,675,3,3,26658,26658,2025-03-04,2025-05-16,583.77,0,0,294462145,81706466,0.00905311614842716,99.9213260502466,0
164.79,165,1258,1258,26418,26418,2025-03-04,2025-09-19,583.77,0,0,565299051,92922140,0.00467327867493625,99.9623305576715,0
338.71,340,205,204,22960,26316,2025-03-04,2025-08-15,583.77,-1,3356,178829414,22551067,0.0147156999575025,99.7591039469603,0.127526979784162
604.57,622,15,15,26145,26145,2025-03-04,2025-03-28,583.77,0,0,97266807,33115876,0.026879673350437,99.814015689854,0
329.96,330,6458,6475,32290,25900,2025-03-04,2025-03-21,583.77,17,-6390,1540551175,562998949,0.0016812164646202,99.9756550768267,-0.246718146718147
179.74,180,986,986,25636,25636,2025-03-04,2025-09-19,583.77,0,0,565299051,92922140,0.0045349448145456,99.966865502486,0
594.65,680,4,3,36492,25605,2025-03-04,2025-06-20,583.77,-1,-10887,681269429,193197040,0.00375842492119223,99.9749174125939,-0.425190392501465
339.95,340,5010,5111,25050,25555,2025-03-04,2025-03-21,583.77,101,505,1540551175,562998949,0.00165882188236947,99.977313898709,0.0197612991586774
488.92,490,199,233,12935,25164,2025-03-04,2025-04-04,583.77,34,12229,45742808,16834644,0.0550119266836439,99.4909145061668,0.485972023525672
244.75,245,995,995,24875,24875,2025-03-04,2025-06-20,583.77,0,0,681269429,193197040,0.00365127201385107,99.9785686846077,0
433.71,436,108,108,24732,24732,2025-03-04,2025-08-15,583.77,0,0,178829414,22551067,0.0138299396317431,99.7729338865921,0
588.63,650,4,4,24548,24548,2025-03-04,2025-05-16,583.77,0,0,294462145,81706466,0.00833655545095618,99.9296626056976,0
204.63,205,657,657,24309,24309,2025-03-04,2025-09-19,583.77,0,0,565299051,92922140,0.00430020180592874,99.971165704292,0
551.73,552,629,899,7548,24273,2025-03-04,2025-03-07,583.77,270,16725,206646316,100521871,0.0117461566554131,99.8446001815005,0.689037201829193
449.46,450,434,445,20832,24030,2025-03-04,2025-04-04,583.77,11,3198,45742808,16834644,0.0525328484425355,99.5434473546093,0.133083645443196
469.47,470,414,447,24426,23691,2025-03-04,2025-04-04,583.77,33,-734.999999999996,45742808,16834644,0.0517917483334211,99.5952391029427,-0.0310244396606305
403.34,405,142,142,23572,23572,2025-03-04,2025-07-18,583.77,0,0,194064071,38276888,0.0121465039244694,99.9203778426353,0
328.93,330,220,220,23540,23540,2025-03-04,2025-08-15,583.77,0,0,178829414,22551067,0.0131633826189242,99.786097269211,0
591.66,621,8,8,23472,23472,2025-03-04,2025-04-04,583.77,0,0,45742808,16834644,0.0513129845461171,99.6465520874888,0
184.71,185,806,809,20150,23461,2025-03-04,2025-09-19,583.77,3,3311,565299051,92922140,0.00415019270923913,99.9753158970012,0.141127829163292
509.94,510,3833,3875,15332,23250,2025-03-04,2025-03-07,583.77,42,7918,206646316,100521871,0.0112511079074838,99.8558512894079,0.340559139784946
524.92,525,2376,2878,14256,23024,2025-03-04,2025-03-07,583.77,502,8768,206646316,100521871,0.0111417422994369,99.8669930317074,0.380820013898541
588.5,645,1,4,4630,22600,2025-03-04,2025-05-16,583.77,3,17970,294462145,81706466,0.00767501031414412,99.9373376160117,0.795132743362832
239.2,240,282,282,22560,22560,2025-03-04,2025-12-19,583.77,0,0,530205131,60868876,0.00425495693665779,99.9885218010084,0
517.66,527,24,24,22416,22416,2025-03-04,2025-08-15,583.77,0,0,178829414,22551067,0.0125348506705949,99.7986321198816,0
563.66,576,7,18,5775,22212,2025-03-04,2025-04-11,583.77,11,16437,6781178,4394519,0.327553708220017,96.0535765319831,0.740005402485143
358.85,360,172,193,19092,22195,2025-03-04,2025-07-18,583.77,21,3103,194064071,38276888,0.0114369444511962,99.9318147870865,0.139806262671773
450.74,454,68,68,22168,22168,2025-03-04,2025-08-15,583.77,0,0,178829414,22551067,0.0123961710236326,99.8110282909052,0
174.9,175,2212,2214,22120,22140,2025-03-04,2025-06-20,583.77,2,20,681269429,193197040,0.00324981557333318,99.9818185001811,0.000903342366757001
279.98,280,11025,11050,33075,22100,2025-03-04,2025-03-21,583.77,25,-10975,1540551175,562998949,0.00143455150069909,99.9787484502097,-0.496606334841629
472.16,476,57,57,21888,21888,2025-03-04,2025-08-15,583.77,0,0,178829414,22551067,0.0122395972286751,99.8232678881339,0
308.89,310,187,197,22440,21867,2025-03-04,2025-09-19,583.77,10,-573,565299051,92922140,0.0038682180628674,99.9791841150641,-0.0262038688434628
596.44,650,4,4,21424,21424,2025-03-04,2025-07-18,583.77,0,0,194064071,38276888,0.0110396529814115,99.9428544400679,0
179.87,180,1628,1643,17908,21359,2025-03-04,2025-06-20,583.77,15,3451,681269429,193197040,0.00313517664095859,99.984953676822,0.161571234608362
429.7,430,648,710,18792,21300,2025-03-04,2025-03-28,583.77,62,2508,97266807,33115876,0.0218985290634656,99.8359142189175,0.117746478873239
284.98,285,10689,10609,32067,21218,2025-03-04,2025-03-21,583.77,-80,-10849,1540551175,562998949,0.00137729926433635,99.980125749474,-0.511311150909605
587.8,609,0,10,0,21200,2025-03-04,2025-04-11,583.77,10,21200,6781178,4394519,0.31263004746373,96.3662065794468,1
299.97,300,7009,6991,21027,20973,2025-03-04,2025-03-21,583.77,-18,-54,1540551175,562998949,0.0013613958653467,99.9814871453394,-0.00257473895007867
594.21,624,7,7,20853,20853,2025-03-04,2025-03-21,583.77,0,0,1540551175,562998949,0.0013536064454334,99.9828407517848,0
553.73,554,654,755,10464,20385,2025-03-04,2025-03-07,583.77,101,9921,206646316,100521871,0.00986468106211001,99.8768577127695,0.486681383370125
438.63,441,86,86,20382,20382,2025-03-04,2025-08-15,583.77,0,0,178829414,22551067,0.0113974538886539,99.8346653420225,0
289.98,290,10173,10188,20346,20376,2025-03-04,2025-03-21,583.77,15,30,1540551175,562998949,0.00132264350127804,99.9841633952861,0.00147232037691402
517.51,520,42,81,5922,20169,2025-03-04,2025-04-11,583.77,39,14247,6781178,4394519,0.297426199400753,96.6636327788476,0.706381079875056
445.93,449,64,64,19648,19648,2025-03-04,2025-08-15,583.77,0,0,178829414,22551067,0.0109870068690154,99.8456523488916,0
179.99,180,19432,19432,19432,19432,2025-03-04,2025-03-21,583.77,0,0,1540551175,562998949,0.00126136673129343,99.9854247620174,0
598.75,623,8,8,19400,19400,2025-03-04,2025-04-04,583.77,0,0,45742808,16834644,0.0424110386926837,99.6889631261815,0
354.47,355,366,366,19398,19398,2025-03-04,2025-05-16,583.77,0,0,294462145,81706466,0.00658760398556494,99.9439252199973,0
374.97,375,6397,6444,19191,19332,2025-03-04,2025-03-14,583.77,47,141,210547084,87993237,0.00918179422518148,99.921490719862,0.00729360645561763
274.98,275,9499,9529,18998,19058,2025-03-04,2025-03-21,583.77,30,60,1540551175,562998949,0.00123708970589698,99.9866618517233,0.00314828418511911
561.92,573,6,17,3630,18836,2025-03-04,2025-04-11,583.77,11,15206,6781178,4394519,0.277768847831453,96.941401626679,0.807283924400085
154.92,155,2256,2263,18048,18104,2025-03-04,2025-06-20,583.77,7,56,681269429,193197040,0.0026573921020607,99.9876110689241,0.00309323906319046
464.06,469,36,36,15516,17784,2025-03-04,2025-08-15,583.77,0,2268,178829414,22551067,0.00994467274829855,99.8555970216399,0.12753036437247
174.74,175,679,679,17654,17654,2025-03-04,2025-09-19,583.77,0,0,565299051,92922140,0.00312294881245078,99.9823070638765,0
586.78,622,5,5,17610,17610,2025-03-04,2025-03-07,583.77,0,0,206646316,100521871,0.0085218068925071,99.885379519662,0
259.44,260,310,310,17360,17360,2025-03-04,2025-09-19,583.77,0,0,565299051,92922140,0.00307094094166452,99.9853780048182,0
464.41,465,282,291,11562,17169,2025-03-04,2025-03-28,583.77,9,5607,97266807,33115876,0.0176514481451005,99.8535656670626,0.326576970120566
414.11,415,185,191,15170,16999,2025-03-04,2025-05-16,583.77,6,1829,294462145,81706466,0.00577289824469627,99.949698118242,0.10759456438614
466.41,471,37,37,16983,16983,2025-03-04,2025-08-15,583.77,0,0,178829414,22551067,0.00949675985629523,99.8650937814961,0
443.62,447,50,50,16900,16900,2025-03-04,2025-08-15,583.77,0,0,178829414,22551067,0.00945034690993284,99.8745441284061,0
598.63,622,7,7,16359,16359,2025-03-04,2025-04-04,583.77,0,0,45742808,16834644,0.0357629990708048,99.7247261252523,0
506,512,27,27,16200,16200,2025-03-04,2025-08-15,583.77,0,0,178829414,22551067,0.00905891242253917,99.8836030408286,0
409.74,410,619,621,16094,16146,2025-03-04,2025-03-28,583.77,2,52,97266807,33115876,0.0165997018900806,99.8701653689526,0.00322061191626409
469.84,470,240,1007,3840,16112,2025-03-04,2025-03-14,583.77,767,12272,210547084,87993237,0.00765244509394393,99.9291431649559,0.761668321747766
314.69,315,519,519,16608,16089,2025-03-04,2025-05-16,583.77,0,-519.000000000002,294462145,81706466,0.00546386021877277,99.9551619784608,-0.0322580645161292
394.29,395,160,226,13760,16046,2025-03-04,2025-05-16,583.77,66,2286,294462145,81706466,0.00544925732304232,99.9606112357838,0.14246541194067
159.79,160,759,759,15939,15939,2025-03-04,2025-09-19,583.77,0,0,565299051,92922140,0.00281956956619763,99.9881975743844,0
585.42,665,2,2,15916,15916,2025-03-04,2025-09-19,583.77,0,0,565299051,92922140,0.00281550092324496,99.9910130753076,0
304.97,305,5357,5298,16071,15894,2025-03-04,2025-03-21,583.77,-59,-177,1540551175,562998949,0.00103170866751635,99.9876935603908,-0.0111362778406946
328.99,330,136,156,10608,15756,2025-03-04,2025-07-18,583.77,20,5148,194064071,38276888,0.00811896809069825,99.9509734081586,0.326732673267327
209.33,210,235,235,15510,15745,2025-03-04,2025-12-19,583.77,0,235.000000000002,530205131,60868876,0.00296960536204241,99.9914914063704,0.0149253731343285
454.64,458,46,46,14858,15456,2025-03-04,2025-08-15,583.77,0,597.999999999998,178829414,22551067,0.00864287348165219,99.8922459143103,0.0386904761904761
324.96,325,3439,3861,20634,15444,2025-03-04,2025-03-21,583.77,422,-5190,1540551175,562998949,0.00100249834284148,99.9886960587337,-0.336052836052836
484.8,485,654,770,9810,15400,2025-03-04,2025-03-14,583.77,116,5590,210547084,87993237,0.00731427845374482,99.9364574434097,0.362987012987013
422.17,425,54,54,15390,15282,2025-03-04,2025-08-15,583.77,0,-108,178829414,22551067,0.00854557405192862,99.9007914883622,-0.00706713780918728
264.43,265,266,266,15162,15162,2025-03-04,2025-09-19,583.77,0,0,565299051,92922140,0.00268212019340538,99.9936951955011,0
374.8,375,367,757,7707,15140,2025-03-04,2025-04-04,583.77,390,7433,45742808,16834644,0.033098099268414,99.7578242245207,0.490951122853369
449.98,450,7553,7539,7553,15078,2025-03-04,2025-03-07,583.77,-14,7525,206646316,100521871,0.00729652494748564,99.8926760446095,0.499071494893222
519.93,520,1005,2139,5025,14973,2025-03-04,2025-03-07,583.77,1134,9948,206646316,100521871,0.00724571349241958,99.8999217581019,0.664395912642757
593.24,623,5,5,14880,14880,2025-03-04,2025-03-28,583.77,0,0,97266807,33115876,0.015298127345745,99.8854634962984,0
514.93,515,1740,2125,8700,14875,2025-03-04,2025-03-07,583.77,385,6175,206646316,100521871,0.00719828946769126,99.9071200475696,0.415126050420168
169.65,170,421,421,14735,14735,2025-03-04,2025-12-19,583.77,0,0,530205131,60868876,0.00277911305237821,99.9942705194228,0
562.76,574,6,13,3756,14612,2025-03-04,2025-04-11,583.77,7,10856,6781178,4394519,0.215478785544341,97.1568804122234,0.742950999178757
373.53,375,94,99,13630,14553,2025-03-04,2025-07-18,583.77,5,923.000000000002,194064071,38276888,0.00749906972733763,99.9584724778859,0.063423349137635
449.9,450,738,1451,8118,14510,2025-03-04,2025-03-14,583.77,713,6392,210547084,87993237,0.00689157015349593,99.9433490135632,0.44052377670572
314.97,315,4772,4830,19088,14490,2025-03-04,2025-03-21,583.77,58,-4598,1540551175,562998949,0.000940572454530762,99.9896366311882,-0.317322291235335
581.91,630,3,3,10800,14427,2025-03-04,2025-03-28,583.77,0,3627,97266807,33115876,0.0148323980656628,99.9002958943641,0.251403618215845
559.06,568,5,16,2635,14304,2025-03-04,2025-04-11,583.77,11,11669,6781178,4394519,0.210936801835905,97.3678172140593,0.815785794183445
436.68,439,61,61,14152,14152,2025-03-04,2025-08-15,583.77,0,0,178829414,22551067,0.00791368695085027,99.9087051753131,0
419.97,420,3701,4701,22206,14103,2025-03-04,2025-03-14,583.77,1000,-8103,210547084,87993237,0.00669826422293267,99.9500472777861,-0.574558604552223
582.85,611,19,5,41971,14075,2025-03-04,2025-03-07,583.77,-14,-27896,206646316,100521871,0.00681115457194988,99.9139312021416,-1.98195381882771
189.89,190,1265,1275,16445,14025,2025-03-04,2025-06-20,583.77,10,-2420,681269429,193197040,0.00205865688419141,99.9896697258083,-0.172549019607843
578.26,613,3,4,5070,13896,2025-03-04,2025-05-16,583.77,1,8826,294462145,81706466,0.00471911253651976,99.9653303483203,0.635146804835924
399.76,400,474,574,7110,13776,2025-03-04,2025-03-28,583.77,100,6666,97266807,33115876,0.0141631049942865,99.9144589993583,0.483885017421603
596.52,665,2,2,13696,13696,2025-03-04,2025-12-19,583.77,0,0,530205131,60868876,0.00258315116154544,99.9968536705843,0
582.88,598,9,9,12267,13608,2025-03-04,2025-04-11,583.77,0,1341,6781178,4394519,0.20067309839087,97.5684903124501,0.0985449735449734
459.24,460,114,179,7068,13604,2025-03-04,2025-04-11,583.77,65,6536,6781178,4394519,0.200614111589461,97.7691044240396,0.480446927374302
259.99,260,13516,13423,27032,13423,2025-03-04,2025-03-21,583.77,-93,-13609,1540551175,562998949,0.000871311529135019,99.9905079427173,-1.01385681293303
184.88,185,1108,1118,13296,13416,2025-03-04,2025-06-20,583.77,10,120,681269429,193197040,0.00196926493820406,99.9916389907465,0.00894454382826476
592.34,619,5,5,13330,13330,2025-03-04,2025-04-04,583.77,0,0,45742808,16834644,0.0291411930811069,99.7869654176018,0
580.45,623,2,3,6166,12765,2025-03-04,2025-05-16,583.77,1,6599,294462145,81706466,0.00433502241858627,99.9696653707389,0.516960438699569
469.73,473,39,39,12753,12753,2025-03-04,2025-08-15,583.77,0,0,178829414,22551067,0.00713137716818778,99.9158365524812,0
309.34,310,193,193,12738,12738,2025-03-04,2025-07-18,583.77,0,0,194064071,38276888,0.00656381159807783,99.965036289484,0
493.57,495,32,89,3328,12727,2025-03-04,2025-04-11,583.77,57,9399,6781178,4394519,0.187681255380702,97.9567856794203,0.738508682328907
199.99,200,12697,12697,12697,12697,2025-03-04,2025-03-21,583.77,0,0,1540551175,562998949,0.000824185538659564,99.991332128256,0
583,608,152,5,222072,12500,2025-03-04,2025-03-07,583.77,-147,-209572,206646316,100521871,0.00604898274595904,99.9199801848875,-16.76576
374.48,375,239,239,15535,12428,2025-03-04,2025-05-16,583.77,0,-3107,294462145,81706466,0.00422057646832668,99.9738859472073,-0.25
588.67,630,3,3,12816,12399,2025-03-04,2025-03-07,583.77,0,-417,206646316,100521871,0.00600010696537169,99.9259802918529,-0.0336317444955238
264.98,265,5923,6079,11846,12158,2025-03-04,2025-03-21,583.77,156,312,1540551175,562998949,0.000789198060882333,99.9921213263169,0.0256621154795197
399.57,400,264,280,8448,12040,2025-03-04,2025-04-11,583.77,16,3592,6781178,4394519,0.177550272238835,98.1343359516591,0.298338870431894
576.18,591,8,8,9840,11856,2025-03-04,2025-04-11,583.77,0,2016,6781178,4394519,0.174836879374056,98.3091728310332,0.17004048582996
414.72,415,422,422,10550,11816,2025-03-04,2025-03-28,583.77,0,1266,97266807,33115876,0.0121480290804652,99.9266070284388,0.107142857142857
434.98,435,5210,5889,10420,11778,2025-03-04,2025-03-07,583.77,679,1358,206646316,100521871,0.00569959350255245,99.9316798853554,0.115299711326201
462.8,467,28,28,11760,11760,2025-03-04,2025-08-15,583.77,0,0,178829414,22551067,0.00657609938821362,99.9224126518695,0
379.87,380,906,902,10872,11726,2025-03-04,2025-03-28,583.77,-4,854,97266807,33115876,0.0120555000844224,99.9386625285232,0.0728296094149753
164.9,165,1151,1171,9208,11710,2025-03-04,2025-06-20,583.77,20,2502,681269429,193197040,0.00171885006159582,99.9933578408081,0.213663535439795
313.98,315,114,114,11628,11628,2025-03-04,2025-09-19,583.77,0,0,565299051,92922140,0.00205696435885225,99.9957521598599,0
473.05,478,23,23,11385,11385,2025-03-04,2025-08-15,583.77,0,0,178829414,22551067,0.00636640234139558,99.9287790542109,0
269.49,270,219,219,11169,11169,2025-03-04,2025-08-15,583.77,0,0,178829414,22551067,0.00624561684242839,99.9350246710533,0
592.74,620,4,4,10576,10904,2025-03-04,2025-03-07,583.77,0,328,206646316,100521871,0.00527664862895499,99.9369565339844,0.0300807043286867
605.51,660,2,2,10898,10898,2025-03-04,2025-08-15,583.77,0,0,178829414,22551067,0.00609407577659456,99.9411187468299,0
249.99,250,10810,10810,21620,10810,2025-03-04,2025-03-21,583.77,0,-10810,1540551175,562998949,0.00070169691052295,99.9928230232274,-1
441.08,444,37,37,10804,10804,2025-03-04,2025-08-15,583.77,0,0,178829414,22551067,0.00604151171685884,99.9471602585467,0
434.51,435,213,216,8733,10584,2025-03-04,2025-04-04,583.77,3,1851,45742808,16834644,0.0231380635836786,99.8101034811855,0.174886621315193
424.64,425,291,291,10476,10476,2025-03-04,2025-04-04,583.77,0,0,45742808,16834644,0.0229019608940492,99.8330054420796,0
244.99,245,10376,10376,10376,10376,2025-03-04,2025-03-21,583.77,0,0,1540551175,562998949,0.000673525175169854,99.9934965484026,0
484.04,485,90,108,6120,10368,2025-03-04,2025-04-04,583.77,18,4248,45742808,16834644,0.0226658582044198,99.855671300284,0.409722222222222
498.59,500,38,73,3990,10293,2025-03-04,2025-04-11,583.77,35,6303,6781178,4394519,0.151787786723782,98.460960617757,0.612357913144856
474.85,475,738,684,12546,10260,2025-03-04,2025-03-14,583.77,-54,-2286,210547084,87993237,0.0048730192815209,99.9549202970676,-0.22280701754386
304.38,305,156,165,9048,10230,2025-03-04,2025-07-18,583.77,9,1182,194064071,38276888,0.00527145491037339,99.9703077443944,0.115542521994135
444.91,445,606,1130,5454,10170,2025-03-04,2025-03-14,583.77,524,4716,210547084,87993237,0.00483027349834966,99.959750570566,0.463716814159292
184.99,185,10071,10071,10071,10071,2025-03-04,2025-03-21,583.77,0,0,1540551175,562998949,0.000653727066223555,99.9941502754688,0
263.94,265,95,95,10070,10070,2025-03-04,2025-12-19,583.77,0,0,530205131,60868876,0.00189926490922624,99.9987529354936,0
565.45,578,4,8,4180,10040,2025-03-04,2025-04-11,583.77,4,5860,6781178,4394519,0.14805687153471,98.6090174892917,0.583665338645418
589.04,622,3,3,10410,9888,2025-03-04,2025-03-14,583.77,0,-522,210547084,87993237,0.00469633671107979,99.9644469072771,-0.0527912621359223
504.94,505,1629,1642,4887,9852,2025-03-04,2025-03-07,583.77,13,4965,206646316,100521871,0.00476756624105508,99.9417241002254,0.503958587088916
424.93,425,1350,1375,13500,9625,2025-03-04,2025-03-14,583.77,25,-3875,210547084,87993237,0.00457142403359051,99.9690183313106,-0.402597402597402
449.58,450,216,228,7992,9576,2025-03-04,2025-03-28,583.77,12,1584,97266807,33115876,0.00984508517895524,99.9485076137022,0.165413533834586
452.54,456,27,27,9342,9342,2025-03-04,2025-08-15,583.77,0,0,178829414,22551067,0.00522397283033092,99.9523842313771,0
304.22,305,119,119,10710,9282,2025-03-04,2025-08-15,583.77,0,-1428,178829414,22551067,0.00519042130284004,99.9575746526799,-0.153846153846154
363.55,365,52,64,5044,9280,2025-03-04,2025-07-18,583.77,12,4236,194064071,38276888,0.00478192586200049,99.9750896702564,0.456465517241379
344.95,345,1717,1829,8585,9145,2025-03-04,2025-03-21,583.77,112,560,1540551175,562998949,0.000593618709225937,99.994743894178,0.0612356478950246
609.29,700,1,1,9071,9071,2025-03-04,2025-05-16,583.77,0,0,294462145,81706466,0.00308053179467262,99.9769664790019,0
434.93,435,233,1281,2097,8967,2025-03-04,2025-03-14,583.77,1048,6870,210547084,87993237,0.00425890486329414,99.9732772361739,0.766142522582804
404.27,405,122,122,10736,8906,2025-03-04,2025-05-16,583.77,0,-1830,294462145,81706466,0.00302449742733484,99.9799909764292,-0.205479452054795
324.23,325,112,112,8624,8624,2025-03-04,2025-07-18,583.77,0,0,194064071,38276888,0.00444389317175563,99.9795335634281,0
353.9,355,77,77,8470,8470,2025-03-04,2025-07-18,583.77,0,0,194064071,38276888,0.00436453793654571,99.9838981013647,0
219.82,220,470,470,8460,8460,2025-03-04,2025-06-20,583.77,0,0,681269429,193197040,0.00124179944672081,99.9945996402548,0
359.56,360,191,191,11078,8404,2025-03-04,2025-05-16,583.77,0,-2674,294462145,81706466,0.00285401710973748,99.982844993539,-0.318181818181818
580.47,622,0,2,0,8306,2025-03-04,2025-05-16,583.77,2,8306,294462145,81706466,0.00282073609156111,99.9856657296306,1
368.99,370,82,82,8282,8282,2025-03-04,2025-07-18,583.77,0,0,194064071,38276888,0.00426766271434139,99.988165764079,0
593.6,621,3,3,6510,8220,2025-03-04,2025-03-14,583.77,0,1710,210547084,87993237,0.00390411486297288,99.9771813510369,0.208029197080292
294.34,295,123,123,8118,8118,2025-03-04,2025-08-15,583.77,0,0,178829414,22551067,0.00453952166951685,99.9621141743494,0
464.23,465,103,105,6695,8085,2025-03-04,2025-04-04,583.77,2,1390,45742808,16834644,0.0176749096819767,99.873346209966,0.171923314780458
464.87,465,166,615,2490,7995,2025-03-04,2025-03-14,583.77,449,5505,210547084,87993237,0.00379725040504479,99.980978601442,0.688555347091933
159.92,160,992,999,7936,7992,2025-03-04,2025-06-20,583.77,7,56,681269429,193197040,0.0011731041581788,99.995772744413,0.00700700700700701
399.96,400,1892,1969,5676,7876,2025-03-04,2025-03-14,583.77,77,2200,210547084,87993237,0.00374073098062949,99.9847193324226,0.279329608938548
279.07,280,83,84,7055,7812,2025-03-04,2025-09-19,583.77,1,757,565299051,92922140,0.00138192342374903,99.9971340832837,0.0969022017409114
579.23,618,1,2,2350,7754,2025-03-04,2025-05-16,583.77,1,5404,294462145,81706466,0.00263327566264927,99.9882990052932,0.696930616456023
374.99,375,7989,7693,7989,7693,2025-03-04,2025-03-07,583.77,-296,-295.999999999999,206646316,100521871,0.00372278594117303,99.9454468861666,-0.0384765371116598
580.68,619,1,2,2993,7664,2025-03-04,2025-05-16,583.77,1,4671,294462145,81706466,0.00260271146228321,99.9909017167555,0.609472860125261
478.98,480,60,75,4320,7650,2025-03-04,2025-04-11,583.77,15,3330,6781178,4394519,0.11281225769328,98.721829746985,0.435294117647059
264.44,265,136,136,7616,7616,2025-03-04,2025-08-15,583.77,0,0,178829414,22551067,0.00425880722284311,99.9663729815723,0
448.38,451,29,29,7598,7598,2025-03-04,2025-08-15,583.77,0,0,178829414,22551067,0.00424874176459584,99.9706217233369,0
444.44,445,135,135,7560,7560,2025-03-04,2025-04-11,583.77,0,0,6781178,4394519,0.111485054661594,98.8333148016466,0
434.77,435,326,326,10432,7498,2025-03-04,2025-03-28,583.77,0,-2934,97266807,33115876,0.00770869347032231,99.9562163071725,-0.391304347826087
469.97,470,2488,2482,2488,7446,2025-03-04,2025-03-07,583.77,-6,4958,206646316,100521871,0.00360325804211288,99.9490501442087,0.665860864893903
254.76,255,310,310,7750,7440,2025-03-04,2025-06-20,583.77,0,-310.000000000001,681269429,193197040,0.00109207894605234,99.996864823359,-0.0416666666666668
194.99,195,7402,7402,7402,7402,2025-03-04,2025-03-21,583.77,0,0,1540551175,562998949,0.00048047738498528,99.995224371563,0
343.81,345,45,62,3420,7378,2025-03-04,2025-07-18,583.77,17,3958,194064071,38276888,0.00380183717778444,99.9919676012568,0.536459745188398
254.99,255,7361,7365,14722,7365,2025-03-04,2025-03-21,583.77,4,-7357,1540551175,562998949,0.00047807564717868,99.9957024472102,-0.998913781398506
586.5,623,2,2,7300,7300,2025-03-04,2025-03-07,583.77,0,0,206646316,100521871,0.00353260592364008,99.9525827501324,0
457.35,461,20,20,7300,7300,2025-03-04,2025-08-15,583.77,0,0,178829414,22551067,0.00408210251139111,99.9747038258483,0
454.68,455,219,227,9855,7264,2025-03-04,2025-03-28,583.77,8,-2591,97266807,33115876,0.00746811808061099,99.9636844252531,-0.356690528634361
583.71,620,0,2,0,7258,2025-03-04,2025-04-11,583.77,2,7258,6781178,4394519,0.107031551155271,98.9403463528018,1
603.13,675,1,1,7187,7187,2025-03-04,2025-09-19,583.77,0,0,565299051,92922140,0.00127136247394832,99.9984054457576,0
583.49,619,2,2,7102,7102,2025-03-04,2025-03-14,583.77,0,0,210547084,87993237,0.00337311724535686,99.9880924496679,0
389.71,390,244,244,6344,7076,2025-03-04,2025-04-04,583.77,0,731.999999999998,45742808,16834644,0.0154690984427541,99.8888153084087,0.103448275862069
581,616,4,2,8992,7000,2025-03-04,2025-03-07,583.77,-2,-1992,206646316,100521871,0.00338743033773706,99.9559701804701,-0.284571428571429
592,627,2,2,7000,7000,2025-03-04,2025-03-28,583.77,0,0,97266807,33115876,0.00719669969221874,99.9708811249453,0
590,660,0,1,0,7000,2025-03-04,2025-04-11,583.77,1,7000,6781178,4394519,0.103226902464439,99.0435732552663,1
414.72,415,212,248,7420,6944,2025-03-04,2025-04-04,583.77,36,-475.999999999998,45742808,16834644,0.0151805284887627,99.9039958368975,-0.0685483870967739
585.68,603,2,4,4690,6928,2025-03-04,2025-04-11,583.77,2,2238,6781178,4394519,0.102165140039091,99.1457383953054,0.323036951501155
494.95,495,1364,1376,4092,6880,2025-03-04,2025-03-07,583.77,12,2788,206646316,100521871,0.00332936010337586,99.9592995405735,0.405232558139535
314.3,315,93,98,5673,6860,2025-03-04,2025-07-18,583.77,5,1187,194064071,38276888,0.00353491502298743,99.9955025162798,0.173032069970845
309.97,310,2250,2267,9000,6801,2025-03-04,2025-03-21,583.77,17,-2199,1540551175,562998949,0.000441465373586178,99.9961439125838,-0.323334803705338
450.34,453,25,25,6650,6650,2025-03-04,2025-08-15,583.77,0,0,178829414,22551067,0.00371862763023984,99.9784224534785,0
244.24,245,87,87,6612,6612,2025-03-04,2025-12-19,583.77,0,0,530205131,60868876,0.00124706450643534,100,0
289.21,290,83,83,6557,6557,2025-03-04,2025-08-15,583.77,0,0,178829414,22551067,0.00366662276262897,99.9820890762411,0
309.23,310,85,85,6545,6545,2025-03-04,2025-08-15,583.77,0,0,178829414,22551067,0.00365991245713079,99.9857489886983,0
584.68,601,6,4,12630,6528,2025-03-04,2025-04-11,583.77,-2,-6102,6781178,4394519,0.0962664598982655,99.2420048552036,-0.934742647058824
595,660,1,1,6500,6500,2025-03-04,2025-06-20,583.77,0,0,681269429,193197040,0.000954101229750029,99.9978189245888,0
234.99,235,6485,6485,6485,6485,2025-03-04,2025-03-21,583.77,0,0,1540551175,562998949,0.000420953234481159,99.9965648658182,0
444.98,445,3221,3232,3221,6464,2025-03-04,2025-03-07,583.77,11,3243,206646316,100521871,0.00312804995759034,99.9624275905311,0.501701732673267
364.51,365,129,129,6321,6321,2025-03-04,2025-05-16,583.77,0,0,294462145,81706466,0.00214662567237633,99.9930483424279,0
479.96,480,1584,1570,3168,6280,2025-03-04,2025-03-07,583.77,-14,3112,206646316,100521871,0.00303900893156982,99.9654665994626,0.495541401273885
394.86,395,439,441,7902,6174,2025-03-04,2025-03-28,583.77,2,-1728,97266807,33115876,0.00634748912853693,99.9772286140739,-0.279883381924198
454.97,455,2038,2039,2038,6117,2025-03-04,2025-03-07,583.77,1,4079,206646316,100521871,0.00296013019656252,99.9684267296592,0.666830145496158
594.64,625,2,2,6072,6072,2025-03-04,2025-04-04,583.77,0,0,45742808,16834644,0.013274217883607,99.9172700547811,0
580,640,2,1,8022,6000,2025-03-04,2025-04-04,583.77,-1,-2022,45742808,16834644,0.0131168160905207,99.9303868708716,-0.337
204.83,205,334,345,5678,5865,2025-03-04,2025-06-20,583.77,11,187.000000000001,681269429,193197040,0.00086089287884368,99.9986798174676,0.0318840579710146
239.99,240,5817,5817,5817,5817,2025-03-04,2025-03-21,583.77,0,0,1540551175,562998949,0.000377592130297132,99.9969424579485,0
313.89,315,52,52,5148,5772,2025-03-04,2025-08-15,583.77,0,624.000000000001,178829414,22551067,0.00322765694462322,99.9889766456429,0.108108108108108
600.24,629,2,2,5752,5752,2025-03-04,2025-03-21,583.77,0,0,1540551175,562998949,0.000373372861177429,99.9973158308097,0
606.5,618,5,5,5750,5750,2025-03-04,2025-03-07,583.77,0,0,206646316,100521871,0.00278253206314116,99.9712092617223,0
209.99,210,5628,5628,5628,5628,2025-03-04,2025-03-21,583.77,0,0,1540551175,562998949,0.000365323793933687,99.9976811546036,0
453.5,457,16,16,5600,5600,2025-03-04,2025-08-15,583.77,0,0,178829414,22551067,0.00313147589914934,99.992108121542,0
597.32,625,2,2,5536,5536,2025-03-04,2025-03-28,583.77,0,0,97266807,33115876,0.005691561356589,99.9829201754305,0
219.99,220,5535,5535,5535,5535,2025-03-04,2025-03-21,583.77,0,0,1540551175,562998949,0.000359286993500881,99.9980404415972,0
264.73,265,197,197,5319,5319,2025-03-04,2025-06-20,583.77,0,0,681269429,193197040,0.000780748375544678,99.9994605658432,0
587.1,640,1,1,5290,5290,2025-03-04,2025-03-21,583.77,0,0,1540551175,562998949,0.000343383594511231,99.9983838251917,0
379.99,380,5279,5280,5279,5280,2025-03-04,2025-03-07,583.77,1,1,206646316,100521871,0.0025550903118931,99.9737643520342,0.000189393939393939
474.96,479,13,13,5252,5252,2025-03-04,2025-08-15,583.77,0,0,178829414,22551067,0.0029368770397022,99.9950449985817,0
580.3,597.5,3,3,5160,5160,2025-03-04,2025-04-11,583.77,0,0,6781178,4394519,0.0760929738166437,99.3180978290203,0
604.94,655,1,1,5006,5006,2025-03-04,2025-09-19,583.77,0,0,565299051,92922140,0.000885548983523767,99.9992909947411,0
229.99,230,4838,4973,4838,4973,2025-03-04,2025-03-21,583.77,135,135,1540551175,562998949,0.000322806543573601,99.9987066317352,0.0271465915946109
424.98,425,2441,2429,4882,4858,2025-03-04,2025-03-07,583.77,-12,-24,206646316,100521871,0.00235087665438952,99.9761152286886,-0.00494030465212021
484.95,485,769,941,1538,4705,2025-03-04,2025-03-07,583.77,172,3167,206646316,100521871,0.00227683710557898,99.9783920657942,0.673113708820404
588.55,612,6,2,11322,4690,2025-03-04,2025-03-07,583.77,-4,-6632,206646316,100521871,0.00226957832628383,99.9806616441205,-1.41407249466951
404.86,405,320,333,6720,4662,2025-03-04,2025-03-28,583.77,13,-2058,97266807,33115876,0.00479300199501768,99.9877131774255,-0.441441441441441
214.99,215,4577,4577,4577,4577,2025-03-04,2025-03-21,583.77,0,0,1540551175,562998949,0.000297101457859717,99.9990037331931,0
383.84,385,38,38,4408,4408,2025-03-04,2025-07-18,583.77,0,0,194064071,38276888,0.00227141478445023,99.9977739310643,0
581,625,1,1,3144,4400,2025-03-04,2025-03-07,583.77,0,1256,206646316,100521871,0.00212924192657758,99.9827908860471,0.285454545454545
568.26,577,0,5,0,4370,2025-03-04,2025-04-11,583.77,5,4370,6781178,4394519,0.0644430805385141,99.3825409095588,1
429.71,430,150,150,4350,4350,2025-03-04,2025-04-04,583.77,0,0,45742808,16834644,0.00950969166562752,99.9398965625372,0
606.8,650,1,1,4320,4320,2025-03-04,2025-04-04,583.77,0,0,45742808,16834644,0.00944410758517492,99.9493406701224,0
334.2,335,53,54,5300,4320,2025-03-04,2025-07-18,583.77,1,-980,194064071,38276888,0.00222606893575885,100,-0.226851851851852
189.99,190,4310,4310,4310,4310,2025-03-04,2025-03-21,583.77,0,0,1540551175,562998949,0.000279769998552628,99.9992835031916,0
323.93,325,39,39,4173,4173,2025-03-04,2025-08-15,583.77,0,0,178829414,22551067,0.00233350873699111,99.9973785073187,0
579.75,621,0,1,0,4125,2025-03-04,2025-05-16,583.77,1,4125,294462145,81706466,0.00140085918344445,99.9944492016113,1
603.77,645,1,1,4123,4123,2025-03-04,2025-03-21,583.77,0,0,1540551175,562998949,0.000267631485854405,99.9995511346775,0
409.96,410,1030,1027,4120,4108,2025-03-04,2025-03-14,583.77,-3,-12,210547084,87993237,0.00195110752519375,99.9900435571931,-0.00292112950340798
444.71,445,132,139,4620,4031,2025-03-04,2025-03-28,583.77,7,-589.000000000001,97266807,33115876,0.00414427092276196,99.9918574483482,-0.146117588687671
409.56,410,0,91,0,4004,2025-03-04,2025-04-11,583.77,91,4004,6781178,4394519,0.0590457882096592,99.4415866977685,1
399.98,400,1801,1981,1801,3962,2025-03-04,2025-03-07,583.77,180,2161,206646316,100521871,0.00191728557115918,99.9847081716182,0.545431600201918
592.7,632,1,1,3930,3930,2025-03-04,2025-05-16,583.77,0,0,294462145,81706466,0.00133463674931798,99.9957838383606,0
589.15,627,1,1,4041,3785,2025-03-04,2025-03-07,583.77,0,-256,206646316,100521871,0.0018316319754764,99.9865398035937,-0.0676354029062086
204.99,205,3781,3781,3781,3781,2025-03-04,2025-03-21,583.77,0,0,1540551175,562998949,0.000245431639101505,99.9997965663166,0
508.2,510,5,21,805,3780,2025-03-04,2025-04-11,583.77,16,2975,6781178,4394519,0.0557425273307971,99.4973292250992,0.787037037037037
384.99,385,3659,3676,3659,3676,2025-03-04,2025-03-07,583.77,17,16.9999999999995,206646316,100521871,0.00177888484593164,99.9883186884396,0.00462459194776919
229.75,230,147,147,2940,3675,2025-03-04,2025-06-20,583.77,0,735,681269429,193197040,0.000539434156820209,100,0.2
428.53,431,14,14,3458,3458,2025-03-04,2025-08-15,583.77,0,0,178829414,22551067,0.00193368636772472,99.9993121936864,0
589.54,624,1,1,3446,3446,2025-03-04,2025-03-14,583.77,0,0,210547084,87993237,0.00163668854231199,99.9916802457354,0
439.73,440,120,126,3000,3402,2025-03-04,2025-03-28,583.77,6,402.000000000001,97266807,33115876,0.00349759605041831,99.9953550443987,0.118165784832452
454.9,455,338,338,5070,3380,2025-03-04,2025-03-14,583.77,0,-1690,210547084,87993237,0.00160534163465308,99.9932855873701,-0.5
454.49,455,62,65,3658,3315,2025-03-04,2025-04-11,583.77,3,-343,6781178,4394519,0.0488853116670879,99.5462145367663,-0.103469079939668
489.95,490,642,660,3210,3300,2025-03-04,2025-03-07,583.77,18,90,206646316,100521871,0.00159693144493319,99.9899156198846,0.0272727272727273
503.95,505,20,31,2040,3255,2025-03-04,2025-04-11,583.77,11,1215,6781178,4394519,0.0480005096459642,99.5942150464123,0.373271889400922
583.79,616,1,1,3221,3221,2025-03-04,2025-05-16,583.77,0,0,294462145,81706466,0.00109385877087868,99.9968776971315,0
334.59,335,77,77,3157,3157,2025-03-04,2025-05-16,583.77,0,0,294462145,81706466,0.00107212422839615,99.9979498213599,0
224.99,225,2934,3134,2934,3134,2025-03-04,2025-03-21,583.77,200,200,1540551175,562998949,0.000203433683402306,100,0.0638162093171666
597.78,629,1,1,3122,3122,2025-03-04,2025-05-16,583.77,0,0,294462145,81706466,0.00106023815047601,99.9990100595104,0
379.83,380,183,183,3111,3111,2025-03-04,2025-04-04,583.77,0,0,45742808,16834644,0.006801069142935,99.9561417392653,0
585.94,617,1,1,3106,3106,2025-03-04,2025-03-14,583.77,0,0,210547084,87993237,0.00147520447255399,99.9947607918427,0
404.99,405,2983,2982,2983,2982,2025-03-04,2025-03-07,583.77,-1,-1,206646316,100521871,0.00144304532387599,99.9913586652085,-0.000335345405767941
344.47,345,55,55,2475,2915,2025-03-04,2025-05-16,583.77,0,440,294462145,81706466,0.000989940489634075,100,0.150943396226415
284.19,285,35,35,2835,2835,2025-03-04,2025-09-19,583.77,0,0,565299051,92922140,0.000501504468296021,99.9997924992094,0
580.09,608,0,1,0,2791,2025-03-04,2025-04-11,583.77,1,2791,6781178,4394519,0.0411580406826071,99.6353730870949,1
409.68,410,47,84,1269,2688,2025-03-04,2025-04-04,583.77,37,1419,45742808,16834644,0.00587633360855328,99.9620180728739,0.527901785714286
474.38,475,12,43,708,2666,2025-03-04,2025-04-04,583.77,31,1958,45742808,16834644,0.00582823861622137,99.9678463114901,0.734433608402101
464.98,465,1319,1319,2638,2638,2025-03-04,2025-03-07,583.77,0,0,206646316,100521871,0.0012765773187072,99.9926352425272,0
444.44,445,40,47,1800,2632,2025-03-04,2025-04-04,583.77,7,832,45742808,16834644,0.00575390999170842,99.9736002214818,0.316109422492401
419.99,420,2580,2580,2580,2580,2025-03-04,2025-03-07,583.77,0,0,206646316,100521871,0.00124851003876595,99.9938837525659,0
414.97,415,875,836,5250,2508,2025-03-04,2025-03-14,583.77,-39,-2742,210547084,87993237,0.00119118249103844,99.9959519743337,-1.0933014354067
399.68,400,31,78,868,2496,2025-03-04,2025-04-04,583.77,47,1628,45742808,16834644,0.00545659549365662,99.9790568169755,0.65224358974359
439.46,440,45,46,1935,2484,2025-03-04,2025-04-04,583.77,1,549,45742808,16834644,0.00543036186147558,99.984487178837,0.221014492753623
483.88,485,10,22,950,2464,2025-03-04,2025-04-11,583.77,12,1514,6781178,4394519,0.0363358696674826,99.6717089567624,0.614448051948052
394.99,395,2441,2443,2441,2443,2025-03-04,2025-03-07,583.77,2,2,206646316,100521871,0.00118221318787024,99.9950659657538,0.000818665575112567
414.99,415,2417,2417,2417,2417,2025-03-04,2025-03-07,583.77,0,0,206646316,100521871,0.00116963130375864,99.9962355970575,0
474,475,21,24,1617,2400,2025-03-04,2025-04-11,583.77,3,783,6781178,4394519,0.0353920808449505,99.7071010376073,0.32625
384.88,385,191,198,3247,2376,2025-03-04,2025-03-28,583.77,7,-871,97266807,33115876,0.00244276549553025,99.9977978098942,-0.366582491582492
590.68,614,0,1,0,2332,2025-03-04,2025-04-11,583.77,1,2332,6781178,4394519,0.0343893052210103,99.7414903428283,1
589.22,612,0,1,0,2278,2025-03-04,2025-04-11,583.77,1,2278,6781178,4394519,0.0335929834019989,99.7750833262304,1
389.99,390,2238,2238,2238,2238,2025-03-04,2025-03-07,583.77,0,0,206646316,100521871,0.00108300987083651,99.9973186069284,0
583.62,606,1,1,2238,2238,2025-03-04,2025-04-11,583.77,0,0,6781178,4394519,0.0330031153879164,99.8080864416183,0
589.03,611,0,1,0,2197,2025-03-04,2025-04-11,583.77,1,2197,6781178,4394519,0.0323985006734818,99.8404849422917,1
389.86,390,153,153,2448,2142,2025-03-04,2025-03-28,583.77,0,-306,97266807,33115876,0.00220219010581894,100,-0.142857142857143
488.81,490,2,18,220,2142,2025-03-04,2025-04-11,583.77,16,1922,6781178,4394519,0.0315874321541184,99.8720723744459,0.897292250233427
389.97,390,712,707,2848,2121,2025-03-04,2025-03-14,583.77,-5,-727,210547084,87993237,0.00100737562340213,99.9969593499571,-0.342762847713343
579.92,599,1,1,1908,1908,2025-03-04,2025-04-11,583.77,0,0,6781178,4394519,0.0281367042717357,99.9002090787176,0
459.97,460,622,627,1866,1881,2025-03-04,2025-03-07,583.77,5,14.9999999999998,206646316,100521871,0.000910250923611917,99.998228857852,0.00797448165869206
409.99,410,1706,1712,1706,1712,2025-03-04,2025-03-07,583.77,6,6.00000000000023,206646316,100521871,0.000828468676886551,99.9990573265289,0.00350467289719639
459.84,460,76,102,836,1632,2025-03-04,2025-03-14,583.77,26,796,210547084,87993237,0.000775123534838412,99.9977344734919,0.487745098039216
587.77,604,1,1,1623,1623,2025-03-04,2025-04-11,583.77,0,0,6781178,4394519,0.0239338946713978,99.924142973389,0
586.32,602,1,1,1568,1568,2025-03-04,2025-04-11,583.77,0,0,6781178,4394519,0.0231228261520344,99.947265799541,0
419.65,420,20,43,500,1505,2025-03-04,2025-04-04,583.77,23,1005,45742808,16834644,0.00329013470270561,99.9877773135397,0.667774086378738
379.99,380,1484,1484,2968,1484,2025-03-04,2025-03-14,583.77,0,-1484,210547084,87993237,0.000704830469179046,99.9984393039611,-1
394.98,395,681,695,2724,1390,2025-03-04,2025-03-14,583.77,14,-1334,210547084,87993237,0.000660184873422422,99.9990994888345,-0.959712230215827
404.69,405,61,43,1586,1333,2025-03-04,2025-04-04,583.77,-18,-253,45742808,16834644,0.00291411930811069,99.9906914328478,-0.189797449362341
459.38,460,21,21,1302,1302,2025-03-04,2025-04-04,583.77,0,0,45742808,16834644,0.002846349091643,99.9935377819394,0
443.54,446,5,5,1230,1230,2025-03-04,2025-08-15,583.77,0,0,178829414,22551067,0.000687806313563159,100,0
414.62,415,30,31,1200,1178,2025-03-04,2025-04-11,583.77,1,-22,6781178,4394519,0.0173716130147299,99.9646374125558,-0.0186757215619694
404.98,405,549,588,2745,1176,2025-03-04,2025-03-14,583.77,39,-1569,210547084,87993237,0.00055854490010415,99.9996580337346,-1.33418367346939
254.49,255,23,23,1173,1173,2025-03-04,2025-09-19,583.77,0,0,565299051,92922140,0.000207500790585972,100,0
384.76,385,47,47,1128,1128,2025-03-04,2025-04-04,583.77,0,0,45742808,16834644,0.0024659614250179,99.9960037433644,0
454.33,455,11,16,572,1072,2025-03-04,2025-04-04,583.77,5,500,45742808,16834644,0.00234353780817304,99.9983472811726,0.466417910447761
474.96,475,212,246,424,984,2025-03-04,2025-03-07,583.77,34,560,206646316,100521871,0.000476175921761896,99.9995335024506,0.569105691056911
429.98,430,473,482,946,964,2025-03-04,2025-03-07,583.77,9,17.9999999999999,206646316,100521871,0.000466497549368361,100,0.0186721991701244
394.82,395,44,42,1100,756,2025-03-04,2025-04-04,583.77,-2,-344,45742808,16834644,0.00165271882740561,100,-0.455026455026455
384.97,385,239,240,717,720,2025-03-04,2025-03-14,583.77,1,2.99999999999989,210547084,87993237,0.000341966265369887,100,0.00416666666666651
469.11,470,1,8,84,712,2025-03-04,2025-04-11,583.77,7,628,6781178,4394519,0.0104996506506687,99.9751370632064,0.882022471910112
449.29,450,6,7,360,497,2025-03-04,2025-04-11,583.77,1,137,6781178,4394519,0.00732911007497517,99.9824661732814,0.275653923541248
419.52,420,0,8,0,384,2025-03-04,2025-04-11,583.77,8,384,6781178,4394519,0.00566273293519209,99.9881289062166,1
439.58,440,8,8,400,336,2025-03-04,2025-04-11,583.77,0,-64,6781178,4394519,0.00495489131829308,99.9930837975349,-0.19047619047619
434.34,435,0,5,0,330,2025-03-04,2025-04-11,583.77,5,330,6781178,4394519,0.0048664111161807,99.9979502086511,1
404.67,405,2,3,72,99,2025-03-04,2025-04-11,583.77,1,27,6781178,4394519,0.00145992333485421,99.9994101319859,0.272727272727273
424.6,425,1,1,40,40,2025-03-04,2025-04-11,583.77,0,0,6781178,4394519,0.000589868014082509,100,0
588.68,613,0,0,0,0,2025-03-04,2025-03-07,583.77,0,0,206646316,100521871,0,100,
593.7,617,0,0,0,0,2025-03-04,2025-03-07,583.77,0,0,206646316,100521871,0,100,
600.48,619,0,0,0,0,2025-03-04,2025-03-07,583.77,0,0,206646316,100521871,0,100,
610.18,621,0,0,0,0,2025-03-04,2025-03-07,583.77,0,0,206646316,100521871,0,100,
600.1,624,0,0,0,0,2025-03-04,2025-03-07,583.77,0,0,206646316,100521871,0,100,
603.29,626,0,0,0,0,2025-03-04,2025-03-07,583.77,0,0,206646316,100521871,0,100,
608.67,628,0,0,0,0,2025-03-04,2025-03-07,583.77,0,0,206646316,100521871,0,100,
589.2,629,0,0,0,0,2025-03-04,2025-03-07,583.77,0,0,206646316,100521871,0,100,
603.11,631,0,0,0,0,2025-03-04,2025-03-07,583.77,0,0,206646316,100521871,0,100,
632,632,0,0,0,0,2025-03-04,2025-03-07,583.77,0,0,206646316,100521871,0,100,
633,633,0,0,0,0,2025-03-04,2025-03-07,583.77,0,0,206646316,100521871,0,100,
634,634,0,0,0,0,2025-03-04,2025-03-07,583.77,0,0,206646316,100521871,0,100,
636,636,0,0,0,0,2025-03-04,2025-03-07,583.77,0,0,206646316,100521871,0,100,
637,637,0,0,0,0,2025-03-04,2025-03-07,583.77,0,0,206646316,100521871,0,100,
638,638,0,0,0,0,2025-03-04,2025-03-07,583.77,0,0,206646316,100521871,0,100,
639,639,0,0,0,0,2025-03-04,2025-03-07,583.77,0,0,206646316,100521871,0,100,
586.7,640,0,0,0,0,2025-03-04,2025-03-07,583.77,0,0,206646316,100521871,0,100,
645,645,0,0,0,0,2025-03-04,2025-03-07,583.77,0,0,206646316,100521871,0,100,
603.23,650,0,0,0,0,2025-03-04,2025-03-07,583.77,0,0,206646316,100521871,0,100,
655,655,0,0,0,0,2025-03-04,2025-03-07,583.77,0,0,206646316,100521871,0,100,
660,660,0,0,0,0,2025-03-04,2025-03-07,583.77,0,0,206646316,100521871,0,100,
665,665,0,0,0,0,2025-03-04,2025-03-07,583.77,0,0,206646316,100521871,0,100,
670,670,0,0,0,0,2025-03-04,2025-03-07,583.77,0,0,206646316,100521871,0,100,
603.16,675,0,0,0,0,2025-03-04,2025-03-07,583.77,0,0,206646316,100521871,0,100,
680,680,0,0,0,0,2025-03-04,2025-03-07,583.77,0,0,206646316,100521871,0,100,
685,685,0,0,0,0,2025-03-04,2025-03-07,583.77,0,0,206646316,100521871,0,100,
690,690,0,0,0,0,2025-03-04,2025-03-07,583.77,0,0,206646316,100521871,0,100,
695,695,0,0,0,0,2025-03-04,2025-03-07,583.77,0,0,206646316,100521871,0,100,
700,700,0,0,0,0,2025-03-04,2025-03-07,583.77,0,0,206646316,100521871,0,100,
585.5,620,0,0,0,0,2025-03-04,2025-03-14,583.77,0,0,210547084,87993237,0,100,
593.73,623,0,0,0,0,2025-03-04,2025-03-14,583.77,0,0,210547084,87993237,0,100,
586.72,625,0,0,0,0,2025-03-04,2025-03-14,583.77,0,0,210547084,87993237,0,100,
587.8,626,0,0,0,0,2025-03-04,2025-03-14,583.77,0,0,210547084,87993237,0,100,
589,627,0,0,0,0,2025-03-04,2025-03-14,583.77,0,0,210547084,87993237,0,100,
628,628,0,0,0,0,2025-03-04,2025-03-14,583.77,0,0,210547084,87993237,0,100,
629,629,0,0,0,0,2025-03-04,2025-03-14,583.77,0,0,210547084,87993237,0,100,
586.6,630,0,0,0,0,2025-03-04,2025-03-14,583.77,0,0,210547084,87993237,0,100,
631,631,0,0,0,0,2025-03-04,2025-03-14,583.77,0,0,210547084,87993237,0,100,
632,632,0,0,0,0,2025-03-04,2025-03-14,583.77,0,0,210547084,87993237,0,100,
633,633,0,0,0,0,2025-03-04,2025-03-14,583.77,0,0,210547084,87993237,0,100,
609.09,635,0,0,0,0,2025-03-04,2025-03-14,583.77,0,0,210547084,87993237,0,100,
598.33,640,0,0,0,0,2025-03-04,2025-03-14,583.77,0,0,210547084,87993237,0,100,
645,645,0,0,0,0,2025-03-04,2025-03-14,583.77,0,0,210547084,87993237,0,100,
609.3,650,0,0,0,0,2025-03-04,2025-03-14,583.77,0,0,210547084,87993237,0,100,
655,655,0,0,0,0,2025-03-04,2025-03-14,583.77,0,0,210547084,87993237,0,100,
660,660,0,0,0,0,2025-03-04,2025-03-14,583.77,0,0,210547084,87993237,0,100,
665,665,0,0,0,0,2025-03-04,2025-03-14,583.77,0,0,210547084,87993237,0,100,
670,670,0,0,0,0,2025-03-04,2025-03-14,583.77,0,0,210547084,87993237,0,100,
675,675,0,0,0,0,2025-03-04,2025-03-14,583.77,0,0,210547084,87993237,0,100,
680,680,0,0,0,0,2025-03-04,2025-03-14,583.77,0,0,210547084,87993237,0,100,
685,685,0,0,0,0,2025-03-04,2025-03-14,583.77,0,0,210547084,87993237,0,100,
690,690,0,0,0,0,2025-03-04,2025-03-14,583.77,0,0,210547084,87993237,0,100,
695,695,0,0,0,0,2025-03-04,2025-03-14,583.77,0,0,210547084,87993237,0,100,
700,700,0,0,0,0,2025-03-04,2025-03-14,583.77,0,0,210547084,87993237,0,100,
585,622,0,0,0,0,2025-03-04,2025-03-21,583.77,0,0,1540551175,562998949,0,100,
592.59,631,0,0,0,0,2025-03-04,2025-03-21,583.77,0,0,1540551175,562998949,0,100,
607.25,632,0,0,0,0,2025-03-04,2025-03-21,583.77,0,0,1540551175,562998949,0,100,
609.9,633,0,0,0,0,2025-03-04,2025-03-21,583.77,0,0,1540551175,562998949,0,100,
588.24,634,0,0,0,0,2025-03-04,2025-03-21,583.77,0,0,1540551175,562998949,0,100,
602.47,635,0,0,0,0,2025-03-04,2025-03-21,583.77,0,0,1540551175,562998949,0,100,
603.55,636,0,0,0,0,2025-03-04,2025-03-21,583.77,0,0,1540551175,562998949,0,100,
607.3,637,0,0,0,0,2025-03-04,2025-03-21,583.77,0,0,1540551175,562998949,0,100,
609.5,638,0,0,0,0,2025-03-04,2025-03-21,583.77,0,0,1540551175,562998949,0,100,
605.09,639,0,0,0,0,2025-03-04,2025-03-21,583.77,0,0,1540551175,562998949,0,100,
597.3,641,0,0,0,0,2025-03-04,2025-03-21,583.77,0,0,1540551175,562998949,0,100,
642,642,0,0,0,0,2025-03-04,2025-03-21,583.77,0,0,1540551175,562998949,0,100,
607.66,643,0,0,0,0,2025-03-04,2025-03-21,583.77,0,0,1540551175,562998949,0,100,
644,644,0,0,0,0,2025-03-04,2025-03-21,583.77,0,0,1540551175,562998949,0,100,
647,647,0,0,0,0,2025-03-04,2025-03-21,583.77,0,0,1540551175,562998949,0,100,
648,648,0,0,0,0,2025-03-04,2025-03-21,583.77,0,0,1540551175,562998949,0,100,
649,649,0,0,0,0,2025-03-04,2025-03-21,583.77,0,0,1540551175,562998949,0,100,
592.91,655,0,0,0,0,2025-03-04,2025-03-21,583.77,0,0,1540551175,562998949,0,100,
577.28,660,0,0,0,0,2025-03-04,2025-03-21,583.77,0,0,1540551175,562998949,0,100,
599.05,665,0,0,0,0,2025-03-04,2025-03-21,583.77,0,0,1540551175,562998949,0,100,
670,670,0,0,0,0,2025-03-04,2025-03-21,583.77,0,0,1540551175,562998949,0,100,
675,675,0,0,0,0,2025-03-04,2025-03-21,583.77,0,0,1540551175,562998949,0,100,
598.65,680,0,0,0,0,2025-03-04,2025-03-21,583.77,0,0,1540551175,562998949,0,100,
603.86,685,0,0,0,0,2025-03-04,2025-03-21,583.77,0,0,1540551175,562998949,0,100,
690,690,0,0,0,0,2025-03-04,2025-03-21,583.77,0,0,1540551175,562998949,0,100,
695,695,0,0,0,0,2025-03-04,2025-03-21,583.77,0,0,1540551175,562998949,0,100,
593,700,0,0,0,0,2025-03-04,2025-03-21,583.77,0,0,1540551175,562998949,0,100,
597.87,705,0,0,0,0,2025-03-04,2025-03-21,583.77,0,0,1540551175,562998949,0,100,
569.21,710,0,0,0,0,2025-03-04,2025-03-21,583.77,0,0,1540551175,562998949,0,100,
715,715,0,0,0,0,2025-03-04,2025-03-21,583.77,0,0,1540551175,562998949,0,100,
594.75,720,0,0,0,0,2025-03-04,2025-03-21,583.77,0,0,1540551175,562998949,0,100,
725,725,0,0,0,0,2025-03-04,2025-03-21,583.77,0,0,1540551175,562998949,0,100,
584.25,730,0,0,0,0,2025-03-04,2025-03-21,583.77,0,0,1540551175,562998949,0,100,
735,735,0,0,0,0,2025-03-04,2025-03-21,583.77,0,0,1540551175,562998949,0,100,
740,740,0,0,0,0,2025-03-04,2025-03-21,583.77,0,0,1540551175,562998949,0,100,
745,745,0,0,0,0,2025-03-04,2025-03-21,583.77,0,0,1540551175,562998949,0,100,
750,750,0,0,0,0,2025-03-04,2025-03-21,583.77,0,0,1540551175,562998949,0,100,
755,755,0,0,0,0,2025-03-04,2025-03-21,583.77,0,0,1540551175,562998949,0,100,
594.75,760,0,0,0,0,2025-03-04,2025-03-21,583.77,0,0,1540551175,562998949,0,100,
765,765,0,0,0,0,2025-03-04,2025-03-21,583.77,0,0,1540551175,562998949,0,100,
770,770,0,0,0,0,2025-03-04,2025-03-21,583.77,0,0,1540551175,562998949,0,100,
775,775,0,0,0,0,2025-03-04,2025-03-21,583.77,0,0,1540551175,562998949,0,100,
780,780,0,0,0,0,2025-03-04,2025-03-21,583.77,0,0,1540551175,562998949,0,100,
785,785,0,0,0,0,2025-03-04,2025-03-21,583.77,0,0,1540551175,562998949,0,100,
790,790,0,0,0,0,2025-03-04,2025-03-21,583.77,0,0,1540551175,562998949,0,100,
795,795,0,0,0,0,2025-03-04,2025-03-21,583.77,0,0,1540551175,562998949,0,100,
575.54,800,0,0,0,0,2025-03-04,2025-03-21,583.77,0,0,1540551175,562998949,0,100,
805,805,0,0,0,0,2025-03-04,2025-03-21,583.77,0,0,1540551175,562998949,0,100,
810,810,0,0,0,0,2025-03-04,2025-03-21,583.77,0,0,1540551175,562998949,0,100,
582.34,815,0,0,0,0,2025-03-04,2025-03-21,583.77,0,0,1540551175,562998949,0,100,
585.25,820,0,0,0,0,2025-03-04,2025-03-21,583.77,0,0,1540551175,562998949,0,100,
591.85,624,0,0,0,0,2025-03-04,2025-03-28,583.77,0,0,97266807,33115876,0,100,
593.4,626,0,0,0,0,2025-03-04,2025-03-28,583.77,0,0,97266807,33115876,0,100,
591.85,640,0,0,0,0,2025-03-04,2025-03-28,583.77,0,0,97266807,33115876,0,100,
645,645,0,0,0,0,2025-03-04,2025-03-28,583.77,0,0,97266807,33115876,0,100,
650,650,0,0,0,0,2025-03-04,2025-03-28,583.77,0,0,97266807,33115876,0,100,
655,655,0,0,0,0,2025-03-04,2025-03-28,583.77,0,0,97266807,33115876,0,100,
660,660,0,0,0,0,2025-03-04,2025-03-28,583.77,0,0,97266807,33115876,0,100,
665,665,0,0,0,0,2025-03-04,2025-03-28,583.77,0,0,97266807,33115876,0,100,
670,670,0,0,0,0,2025-03-04,2025-03-28,583.77,0,0,97266807,33115876,0,100,
675,675,0,0,0,0,2025-03-04,2025-03-28,583.77,0,0,97266807,33115876,0,100,
680,680,0,0,0,0,2025-03-04,2025-03-28,583.77,0,0,97266807,33115876,0,100,
685,685,0,0,0,0,2025-03-04,2025-03-28,583.77,0,0,97266807,33115876,0,100,
690,690,0,0,0,0,2025-03-04,2025-03-28,583.77,0,0,97266807,33115876,0,100,
695,695,0,0,0,0,2025-03-04,2025-03-28,583.77,0,0,97266807,33115876,0,100,
700,700,0,0,0,0,2025-03-04,2025-03-28,583.77,0,0,97266807,33115876,0,100,
592.19,626,0,0,0,0,2025-03-04,2025-04-04,583.77,0,0,45742808,16834644,0,100,
602.2,627,0,0,0,0,2025-03-04,2025-04-04,583.77,0,0,45742808,16834644,0,100,
593.73,630,0,0,0,0,2025-03-04,2025-04-04,583.77,0,0,45742808,16834644,0,100,
609.3,635,0,0,0,0,2025-03-04,2025-04-04,583.77,0,0,45742808,16834644,0,100,
645,645,0,0,0,0,2025-03-04,2025-04-04,583.77,0,0,45742808,16834644,0,100,
613.35,655,0,0,0,0,2025-03-04,2025-04-04,583.77,0,0,45742808,16834644,0,100,
660,660,0,0,0,0,2025-03-04,2025-04-04,583.77,0,0,45742808,16834644,0,100,
665,665,0,0,0,0,2025-03-04,2025-04-04,583.77,0,0,45742808,16834644,0,100,
670,670,0,0,0,0,2025-03-04,2025-04-04,583.77,0,0,45742808,16834644,0,100,
675,675,0,0,0,0,2025-03-04,2025-04-04,583.77,0,0,45742808,16834644,0,100,
680,680,0,0,0,0,2025-03-04,2025-04-04,583.77,0,0,45742808,16834644,0,100,
685,685,0,0,0,0,2025-03-04,2025-04-04,583.77,0,0,45742808,16834644,0,100,
690,690,0,0,0,0,2025-03-04,2025-04-04,583.77,0,0,45742808,16834644,0,100,
695,695,0,0,0,0,2025-03-04,2025-04-04,583.77,0,0,45742808,16834644,0,100,
613.11,700,0,0,0,0,2025-03-04,2025-04-04,583.77,0,0,45742808,16834644,0,100,
465,465,0,0,0,0,2025-03-04,2025-04-11,583.77,0,0,6781178,4394519,0,100,
602.5,602.5,0,0,0,0,2025-03-04,2025-04-11,583.77,0,0,6781178,4394519,0,100,
613,613,0,0,0,0,2025-03-04,2025-04-11,583.77,0,0,6781178,4394519,0,100,
615,615,0,0,0,0,2025-03-04,2025-04-11,583.77,0,0,6781178,4394519,0,100,
616,616,0,0,0,0,2025-03-04,2025-04-11,583.77,0,0,6781178,4394519,0,100,
617,617,0,0,0,0,2025-03-04,2025-04-11,583.77,0,0,6781178,4394519,0,100,
618,618,0,0,0,0,2025-03-04,2025-04-11,583.77,0,0,6781178,4394519,0,100,
619,619,0,0,0,0,2025-03-04,2025-04-11,583.77,0,0,6781178,4394519,0,100,
621,621,0,0,0,0,2025-03-04,2025-04-11,583.77,0,0,6781178,4394519,0,100,
622,622,0,0,0,0,2025-03-04,2025-04-11,583.77,0,0,6781178,4394519,0,100,
623,623,0,0,0,0,2025-03-04,2025-04-11,583.77,0,0,6781178,4394519,0,100,
591.92,624,0,0,0,0,2025-03-04,2025-04-11,583.77,0,0,6781178,4394519,0,100,
625,625,0,0,0,0,2025-03-04,2025-04-11,583.77,0,0,6781178,4394519,0,100,
626,626,0,0,0,0,2025-03-04,2025-04-11,583.77,0,0,6781178,4394519,0,100,
627,627,0,0,0,0,2025-03-04,2025-04-11,583.77,0,0,6781178,4394519,0,100,
628,628,0,0,0,0,2025-03-04,2025-04-11,583.77,0,0,6781178,4394519,0,100,
629,629,0,0,0,0,2025-03-04,2025-04-11,583.77,0,0,6781178,4394519,0,100,
630,630,0,0,0,0,2025-03-04,2025-04-11,583.77,0,0,6781178,4394519,0,100,
635,635,0,0,0,0,2025-03-04,2025-04-11,583.77,0,0,6781178,4394519,0,100,
640,640,0,0,0,0,2025-03-04,2025-04-11,583.77,0,0,6781178,4394519,0,100,
645,645,0,0,0,0,2025-03-04,2025-04-11,583.77,0,0,6781178,4394519,0,100,
650,650,0,0,0,0,2025-03-04,2025-04-11,583.77,0,0,6781178,4394519,0,100,
655,655,0,0,0,0,2025-03-04,2025-04-11,583.77,0,0,6781178,4394519,0,100,
665,665,0,0,0,0,2025-03-04,2025-04-11,583.77,0,0,6781178,4394519,0,100,
670,670,0,0,0,0,2025-03-04,2025-04-11,583.77,0,0,6781178,4394519,0,100,
675,675,0,0,0,0,2025-03-04,2025-04-11,583.77,0,0,6781178,4394519,0,100,
680,680,0,0,0,0,2025-03-04,2025-04-11,583.77,0,0,6781178,4394519,0,100,
685,685,0,0,0,0,2025-03-04,2025-04-11,583.77,0,0,6781178,4394519,0,100,
690,690,0,0,0,0,2025-03-04,2025-04-11,583.77,0,0,6781178,4394519,0,100,
695,695,0,0,0,0,2025-03-04,2025-04-11,583.77,0,0,6781178,4394519,0,100,
700,700,0,0,0,0,2025-03-04,2025-04-11,583.77,0,0,6781178,4394519,0,100,
624,624,0,0,0,0,2025-03-04,2025-05-16,583.77,0,0,294462145,81706466,0,100,
627,627,0,0,0,0,2025-03-04,2025-05-16,583.77,0,0,294462145,81706466,0,100,
628,628,0,0,0,0,2025-03-04,2025-05-16,583.77,0,0,294462145,81706466,0,100,
631,631,0,0,0,0,2025-03-04,2025-05-16,583.77,0,0,294462145,81706466,0,100,
633,633,0,0,0,0,2025-03-04,2025-05-16,583.77,0,0,294462145,81706466,0,100,
634,634,0,0,0,0,2025-03-04,2025-05-16,583.77,0,0,294462145,81706466,0,100,
636,636,0,0,0,0,2025-03-04,2025-05-16,583.77,0,0,294462145,81706466,0,100,
637,637,0,0,0,0,2025-03-04,2025-05-16,583.77,0,0,294462145,81706466,0,100,
638,638,0,0,0,0,2025-03-04,2025-05-16,583.77,0,0,294462145,81706466,0,100,
593.35,639,0,0,0,0,2025-03-04,2025-05-16,583.77,0,0,294462145,81706466,0,100,
603.27,655,0,0,0,0,2025-03-04,2025-05-16,583.77,0,0,294462145,81706466,0,100,
587.02,660,0,0,0,0,2025-03-04,2025-05-16,583.77,0,0,294462145,81706466,0,100,
665,665,0,0,0,0,2025-03-04,2025-05-16,583.77,0,0,294462145,81706466,0,100,
610.41,670,0,0,0,0,2025-03-04,2025-05-16,583.77,0,0,294462145,81706466,0,100,
680,680,0,0,0,0,2025-03-04,2025-05-16,583.77,0,0,294462145,81706466,0,100,
685,685,0,0,0,0,2025-03-04,2025-05-16,583.77,0,0,294462145,81706466,0,100,
593.46,690,0,0,0,0,2025-03-04,2025-05-16,583.77,0,0,294462145,81706466,0,100,
695,695,0,0,0,0,2025-03-04,2025-05-16,583.77,0,0,294462145,81706466,0,100,
603.78,705,0,0,0,0,2025-03-04,2025-05-16,583.77,0,0,294462145,81706466,0,100,
710,710,0,0,0,0,2025-03-04,2025-05-16,583.77,0,0,294462145,81706466,0,100,
715,715,0,0,0,0,2025-03-04,2025-05-16,583.77,0,0,294462145,81706466,0,100,
720,720,0,0,0,0,2025-03-04,2025-05-16,583.77,0,0,294462145,81706466,0,100,
725,725,0,0,0,0,2025-03-04,2025-05-16,583.77,0,0,294462145,81706466,0,100,
730,730,0,0,0,0,2025-03-04,2025-05-16,583.77,0,0,294462145,81706466,0,100,
735,735,0,0,0,0,2025-03-04,2025-05-16,583.77,0,0,294462145,81706466,0,100,
610.03,740,0,0,0,0,2025-03-04,2025-05-16,583.77,0,0,294462145,81706466,0,100,
610.01,745,0,0,0,0,2025-03-04,2025-05-16,583.77,0,0,294462145,81706466,0,100,
750,750,0,0,0,0,2025-03-04,2025-05-16,583.77,0,0,294462145,81706466,0,100,
755,755,0,0,0,0,2025-03-04,2025-05-16,583.77,0,0,294462145,81706466,0,100,
760,760,0,0,0,0,2025-03-04,2025-05-16,583.77,0,0,294462145,81706466,0,100,
765,765,0,0,0,0,2025-03-04,2025-05-16,583.77,0,0,294462145,81706466,0,100,
770,770,0,0,0,0,2025-03-04,2025-05-16,583.77,0,0,294462145,81706466,0,100,
775,775,0,0,0,0,2025-03-04,2025-05-16,583.77,0,0,294462145,81706466,0,100,
780,780,0,0,0,0,2025-03-04,2025-05-16,583.77,0,0,294462145,81706466,0,100,
785,785,0,0,0,0,2025-03-04,2025-05-16,583.77,0,0,294462145,81706466,0,100,
790,790,0,0,0,0,2025-03-04,2025-05-16,583.77,0,0,294462145,81706466,0,100,
795,795,0,0,0,0,2025-03-04,2025-05-16,583.77,0,0,294462145,81706466,0,100,
800,800,0,0,0,0,2025-03-04,2025-05-16,583.77,0,0,294462145,81706466,0,100,
600.45,655,0,0,0,0,2025-03-04,2025-06-20,583.77,0,0,681269429,193197040,0,100,
597.6,665,0,0,0,0,2025-03-04,2025-06-20,583.77,0,0,681269429,193197040,0,100,
598.01,670,0,0,0,0,2025-03-04,2025-06-20,583.77,0,0,681269429,193197040,0,100,
593.4,675,0,0,0,0,2025-03-04,2025-06-20,583.77,0,0,681269429,193197040,0,100,
685,685,0,0,0,0,2025-03-04,2025-06-20,583.77,0,0,681269429,193197040,0,100,
606.9,695,0,0,0,0,2025-03-04,2025-06-20,583.77,0,0,681269429,193197040,0,100,
594,700,0,0,0,0,2025-03-04,2025-06-20,583.77,0,0,681269429,193197040,0,100,
605.21,705,0,0,0,0,2025-03-04,2025-06-20,583.77,0,0,681269429,193197040,0,100,
710,710,0,0,0,0,2025-03-04,2025-06-20,583.77,0,0,681269429,193197040,0,100,
715,715,0,0,0,0,2025-03-04,2025-06-20,583.77,0,0,681269429,193197040,0,100,
720,720,0,0,0,0,2025-03-04,2025-06-20,583.77,0,0,681269429,193197040,0,100,
725,725,0,0,0,0,2025-03-04,2025-06-20,583.77,0,0,681269429,193197040,0,100,
730,730,0,0,0,0,2025-03-04,2025-06-20,583.77,0,0,681269429,193197040,0,100,
735,735,0,0,0,0,2025-03-04,2025-06-20,583.77,0,0,681269429,193197040,0,100,
740,740,0,0,0,0,2025-03-04,2025-06-20,583.77,0,0,681269429,193197040,0,100,
745,745,0,0,0,0,2025-03-04,2025-06-20,583.77,0,0,681269429,193197040,0,100,
604.99,750,0,0,0,0,2025-03-04,2025-06-20,583.77,0,0,681269429,193197040,0,100,
604.97,755,0,0,0,0,2025-03-04,2025-06-20,583.77,0,0,681269429,193197040,0,100,
760,760,0,0,0,0,2025-03-04,2025-06-20,583.77,0,0,681269429,193197040,0,100,
765,765,0,0,0,0,2025-03-04,2025-06-20,583.77,0,0,681269429,193197040,0,100,
770,770,0,0,0,0,2025-03-04,2025-06-20,583.77,0,0,681269429,193197040,0,100,
775,775,0,0,0,0,2025-03-04,2025-06-20,583.77,0,0,681269429,193197040,0,100,
780,780,0,0,0,0,2025-03-04,2025-06-20,583.77,0,0,681269429,193197040,0,100,
785,785,0,0,0,0,2025-03-04,2025-06-20,583.77,0,0,681269429,193197040,0,100,
790,790,0,0,0,0,2025-03-04,2025-06-20,583.77,0,0,681269429,193197040,0,100,
795,795,0,0,0,0,2025-03-04,2025-06-20,583.77,0,0,681269429,193197040,0,100,
800,800,0,0,0,0,2025-03-04,2025-06-20,583.77,0,0,681269429,193197040,0,100,
805,805,0,0,0,0,2025-03-04,2025-06-20,583.77,0,0,681269429,193197040,0,100,
810,810,0,0,0,0,2025-03-04,2025-06-20,583.77,0,0,681269429,193197040,0,100,
815,815,0,0,0,0,2025-03-04,2025-06-20,583.77,0,0,681269429,193197040,0,100,
820,820,0,0,0,0,2025-03-04,2025-06-20,583.77,0,0,681269429,193197040,0,100,
825,825,0,0,0,0,2025-03-04,2025-06-20,583.77,0,0,681269429,193197040,0,100,
603.27,830,0,0,0,0,2025-03-04,2025-06-20,583.77,0,0,681269429,193197040,0,100,
601.48,655,0,0,0,0,2025-03-04,2025-07-18,583.77,0,0,194064071,38276888,0,100,
592.7,660,0,0,0,0,2025-03-04,2025-07-18,583.77,0,0,194064071,38276888,0,100,
609.47,665,0,0,0,0,2025-03-04,2025-07-18,583.77,0,0,194064071,38276888,0,100,
609.28,670,0,0,0,0,2025-03-04,2025-07-18,583.77,0,0,194064071,38276888,0,100,
675,675,0,0,0,0,2025-03-04,2025-07-18,583.77,0,0,194064071,38276888,0,100,
685,685,0,0,0,0,2025-03-04,2025-07-18,583.77,0,0,194064071,38276888,0,100,
690,690,0,0,0,0,2025-03-04,2025-07-18,583.77,0,0,194064071,38276888,0,100,
695,695,0,0,0,0,2025-03-04,2025-07-18,583.77,0,0,194064071,38276888,0,100,
700,700,0,0,0,0,2025-03-04,2025-07-18,583.77,0,0,194064071,38276888,0,100,
705,705,0,0,0,0,2025-03-04,2025-07-18,583.77,0,0,194064071,38276888,0,100,
710,710,0,0,0,0,2025-03-04,2025-07-18,583.77,0,0,194064071,38276888,0,100,
715,715,0,0,0,0,2025-03-04,2025-07-18,583.77,0,0,194064071,38276888,0,100,
720,720,0,0,0,0,2025-03-04,2025-07-18,583.77,0,0,194064071,38276888,0,100,
725,725,0,0,0,0,2025-03-04,2025-07-18,583.77,0,0,194064071,38276888,0,100,
730,730,0,0,0,0,2025-03-04,2025-07-18,583.77,0,0,194064071,38276888,0,100,
735,735,0,0,0,0,2025-03-04,2025-07-18,583.77,0,0,194064071,38276888,0,100,
740,740,0,0,0,0,2025-03-04,2025-07-18,583.77,0,0,194064071,38276888,0,100,
745,745,0,0,0,0,2025-03-04,2025-07-18,583.77,0,0,194064071,38276888,0,100,
750,750,0,0,0,0,2025-03-04,2025-07-18,583.77,0,0,194064071,38276888,0,100,
755,755,0,0,0,0,2025-03-04,2025-07-18,583.77,0,0,194064071,38276888,0,100,
760,760,0,0,0,0,2025-03-04,2025-07-18,583.77,0,0,194064071,38276888,0,100,
765,765,0,0,0,0,2025-03-04,2025-07-18,583.77,0,0,194064071,38276888,0,100,
770,770,0,0,0,0,2025-03-04,2025-07-18,583.77,0,0,194064071,38276888,0,100,
775,775,0,0,0,0,2025-03-04,2025-07-18,583.77,0,0,194064071,38276888,0,100,
780,780,0,0,0,0,2025-03-04,2025-07-18,583.77,0,0,194064071,38276888,0,100,
785,785,0,0,0,0,2025-03-04,2025-07-18,583.77,0,0,194064071,38276888,0,100,
790,790,0,0,0,0,2025-03-04,2025-07-18,583.77,0,0,194064071,38276888,0,100,
795,795,0,0,0,0,2025-03-04,2025-07-18,583.77,0,0,194064071,38276888,0,100,
606.54,800,0,0,0,0,2025-03-04,2025-07-18,583.77,0,0,194064071,38276888,0,100,
601.64,665,0,0,0,0,2025-03-04,2025-08-15,583.77,0,0,178829414,22551067,0,100,
580.62,670,0,0,0,0,2025-03-04,2025-08-15,583.77,0,0,178829414,22551067,0,100,
675,675,0,0,0,0,2025-03-04,2025-08-15,583.77,0,0,178829414,22551067,0,100,
680,680,0,0,0,0,2025-03-04,2025-08-15,583.77,0,0,178829414,22551067,0,100,
685,685,0,0,0,0,2025-03-04,2025-08-15,583.77,0,0,178829414,22551067,0,100,
690,690,0,0,0,0,2025-03-04,2025-08-15,583.77,0,0,178829414,22551067,0,100,
695,695,0,0,0,0,2025-03-04,2025-08-15,583.77,0,0,178829414,22551067,0,100,
550.87,700,0,0,0,0,2025-03-04,2025-08-15,583.77,0,0,178829414,22551067,0,100,
705,705,0,0,0,0,2025-03-04,2025-08-15,583.77,0,0,178829414,22551067,0,100,
710,710,0,0,0,0,2025-03-04,2025-08-15,583.77,0,0,178829414,22551067,0,100,
715,715,0,0,0,0,2025-03-04,2025-08-15,583.77,0,0,178829414,22551067,0,100,
720,720,0,0,0,0,2025-03-04,2025-08-15,583.77,0,0,178829414,22551067,0,100,
725,725,0,0,0,0,2025-03-04,2025-08-15,583.77,0,0,178829414,22551067,0,100,
730,730,0,0,0,0,2025-03-04,2025-08-15,583.77,0,0,178829414,22551067,0,100,
586.99,735,0,0,0,0,2025-03-04,2025-08-15,583.77,0,0,178829414,22551067,0,100,
740,740,0,0,0,0,2025-03-04,2025-08-15,583.77,0,0,178829414,22551067,0,100,
745,745,0,0,0,0,2025-03-04,2025-08-15,583.77,0,0,178829414,22551067,0,100,
750,750,0,0,0,0,2025-03-04,2025-08-15,583.77,0,0,178829414,22551067,0,100,
755,755,0,0,0,0,2025-03-04,2025-08-15,583.77,0,0,178829414,22551067,0,100,
760,760,0,0,0,0,2025-03-04,2025-08-15,583.77,0,0,178829414,22551067,0,100,
765,765,0,0,0,0,2025-03-04,2025-08-15,583.77,0,0,178829414,22551067,0,100,
770,770,0,0,0,0,2025-03-04,2025-08-15,583.77,0,0,178829414,22551067,0,100,
775,775,0,0,0,0,2025-03-04,2025-08-15,583.77,0,0,178829414,22551067,0,100,
780,780,0,0,0,0,2025-03-04,2025-08-15,583.77,0,0,178829414,22551067,0,100,
785,785,0,0,0,0,2025-03-04,2025-08-15,583.77,0,0,178829414,22551067,0,100,
602.96,790,0,0,0,0,2025-03-04,2025-08-15,583.77,0,0,178829414,22551067,0,100,
604.5,795,0,0,0,0,2025-03-04,2025-08-15,583.77,0,0,178829414,22551067,0,100,
553.08,800,0,0,0,0,2025-03-04,2025-08-15,583.77,0,0,178829414,22551067,0,100,
805,805,0,0,0,0,2025-03-04,2025-08-15,583.77,0,0,178829414,22551067,0,100,
810,810,0,0,0,0,2025-03-04,2025-08-15,583.77,0,0,178829414,22551067,0,100,
815,815,0,0,0,0,2025-03-04,2025-08-15,583.77,0,0,178829414,22551067,0,100,
820,820,0,0,0,0,2025-03-04,2025-08-15,583.77,0,0,178829414,22551067,0,100,
825,825,0,0,0,0,2025-03-04,2025-08-15,583.77,0,0,178829414,22551067,0,100,
830,830,0,0,0,0,2025-03-04,2025-08-15,583.77,0,0,178829414,22551067,0,100,
680,680,0,0,0,0,2025-03-04,2025-09-19,583.77,0,0,565299051,92922140,0,100,
685,685,0,0,0,0,2025-03-04,2025-09-19,583.77,0,0,565299051,92922140,0,100,
603.98,690,0,0,0,0,2025-03-04,2025-09-19,583.77,0,0,565299051,92922140,0,100,
695,695,0,0,0,0,2025-03-04,2025-09-19,583.77,0,0,565299051,92922140,0,100,
608.28,700,0,0,0,0,2025-03-04,2025-09-19,583.77,0,0,565299051,92922140,0,100,
705,705,0,0,0,0,2025-03-04,2025-09-19,583.77,0,0,565299051,92922140,0,100,
710,710,0,0,0,0,2025-03-04,2025-09-19,583.77,0,0,565299051,92922140,0,100,
715,715,0,0,0,0,2025-03-04,2025-09-19,583.77,0,0,565299051,92922140,0,100,
720,720,0,0,0,0,2025-03-04,2025-09-19,583.77,0,0,565299051,92922140,0,100,
553.12,725,0,0,0,0,2025-03-04,2025-09-19,583.77,0,0,565299051,92922140,0,100,
553.1,730,0,0,0,0,2025-03-04,2025-09-19,583.77,0,0,565299051,92922140,0,100,
611,735,0,0,0,0,2025-03-04,2025-09-19,583.77,0,0,565299051,92922140,0,100,
740,740,0,0,0,0,2025-03-04,2025-09-19,583.77,0,0,565299051,92922140,0,100,
745,745,0,0,0,0,2025-03-04,2025-09-19,583.77,0,0,565299051,92922140,0,100,
750,750,0,0,0,0,2025-03-04,2025-09-19,583.77,0,0,565299051,92922140,0,100,
755,755,0,0,0,0,2025-03-04,2025-09-19,583.77,0,0,565299051,92922140,0,100,
760,760,0,0,0,0,2025-03-04,2025-09-19,583.77,0,0,565299051,92922140,0,100,
765,765,0,0,0,0,2025-03-04,2025-09-19,583.77,0,0,565299051,92922140,0,100,
770,770,0,0,0,0,2025-03-04,2025-09-19,583.77,0,0,565299051,92922140,0,100,
775,775,0,0,0,0,2025-03-04,2025-09-19,583.77,0,0,565299051,92922140,0,100,
780,780,0,0,0,0,2025-03-04,2025-09-19,583.77,0,0,565299051,92922140,0,100,
785,785,0,0,0,0,2025-03-04,2025-09-19,583.77,0,0,565299051,92922140,0,100,
790,790,0,0,0,0,2025-03-04,2025-09-19,583.77,0,0,565299051,92922140,0,100,
795,795,0,0,0,0,2025-03-04,2025-09-19,583.77,0,0,565299051,92922140,0,100,
597.26,800,0,0,0,0,2025-03-04,2025-09-19,583.77,0,0,565299051,92922140,0,100,
805,805,0,0,0,0,2025-03-04,2025-09-19,583.77,0,0,565299051,92922140,0,100,
810,810,0,0,0,0,2025-03-04,2025-09-19,583.77,0,0,565299051,92922140,0,100,
815,815,0,0,0,0,2025-03-04,2025-09-19,583.77,0,0,565299051,92922140,0,100,
820,820,0,0,0,0,2025-03-04,2025-09-19,583.77,0,0,565299051,92922140,0,100,
825,825,0,0,0,0,2025-03-04,2025-09-19,583.77,0,0,565299051,92922140,0,100,
570.97,830,0,0,0,0,2025-03-04,2025-09-19,583.77,0,0,565299051,92922140,0,100,
605,675,0,0,0,0,2025-03-04,2025-12-19,583.77,0,0,530205131,60868876,0,100,
603.25,680,0,0,0,0,2025-03-04,2025-12-19,583.77,0,0,530205131,60868876,0,100,
587.15,685,0,0,0,0,2025-03-04,2025-12-19,583.77,0,0,530205131,60868876,0,100,
609.11,690,0,0,0,0,2025-03-04,2025-12-19,583.77,0,0,530205131,60868876,0,100,
591.04,695,0,0,0,0,2025-03-04,2025-12-19,583.77,0,0,530205131,60868876,0,100,
557.07,705,0,0,0,0,2025-03-04,2025-12-19,583.77,0,0,530205131,60868876,0,100,
601.65,710,0,0,0,0,2025-03-04,2025-12-19,583.77,0,0,530205131,60868876,0,100,
715,715,0,0,0,0,2025-03-04,2025-12-19,583.77,0,0,530205131,60868876,0,100,
720,720,0,0,0,0,2025-03-04,2025-12-19,583.77,0,0,530205131,60868876,0,100,
725,725,0,0,0,0,2025-03-04,2025-12-19,583.77,0,0,530205131,60868876,0,100,
730,730,0,0,0,0,2025-03-04,2025-12-19,583.77,0,0,530205131,60868876,0,100,
735,735,0,0,0,0,2025-03-04,2025-12-19,583.77,0,0,530205131,60868876,0,100,
740,740,0,0,0,0,2025-03-04,2025-12-19,583.77,0,0,530205131,60868876,0,100,
745,745,0,0,0,0,2025-03-04,2025-12-19,583.77,0,0,530205131,60868876,0,100,
587.7,750,0,0,0,0,2025-03-04,2025-12-19,583.77,0,0,530205131,60868876,0,100,
755,755,0,0,0,0,2025-03-04,2025-12-19,583.77,0,0,530205131,60868876,0,100,
760,760,0,0,0,0,2025-03-04,2025-12-19,583.77,0,0,530205131,60868876,0,100,
765,765,0,0,0,0,2025-03-04,2025-12-19,583.77,0,0,530205131,60868876,0,100,
770,770,0,0,0,0,2025-03-04,2025-12-19,583.77,0,0,530205131,60868876,0,100,
775,775,0,0,0,0,2025-03-04,2025-12-19,583.77,0,0,530205131,60868876,0,100,
602,780,0,0,0,0,2025-03-04,2025-12-19,583.77,0,0,530205131,60868876,0,100,
785,785,0,0,0,0,2025-03-04,2025-12-19,583.77,0,0,530205131,60868876,0,100,
790,790,0,0,0,0,2025-03-04,2025-12-19,583.77,0,0,530205131,60868876,0,100,
795,795,0,0,0,0,2025-03-04,2025-12-19,583.77,0,0,530205131,60868876,0,100,
605.59,800,0,0,0,0,2025-03-04,2025-12-19,583.77,0,0,530205131,60868876,0,100,
805,805,0,0,0,0,2025-03-04,2025-12-19,583.77,0,0,530205131,60868876,0,100,
810,810,0,0,0,0,2025-03-04,2025-12-19,583.77,0,0,530205131,60868876,0,100,
815,815,0,0,0,0,2025-03-04,2025-12-19,583.77,0,0,530205131,60868876,0,100,
820,820,0,0,0,0,2025-03-04,2025-12-19,583.77,0,0,530205131,60868876,0,100,
825,825,0,0,0,0,2025-03-04,2025-12-19,583.77,0,0,530205131,60868876,0,100,
830,830,0,0,0,0,2025-03-04,2025-12-19,583.77,0,0,530205131,60868876,0,100,
835,835,0,0,0,0,2025-03-04,2025-12-19,583.77,0,0,530205131,60868876,0,100,
592.08,840,0,0,0,0,2025-03-04,2025-12-19,583.77,0,0,530205131,60868876,0,100,
