Watch,strike,open_interest.yt,open_interest.td,OI_Dollar.yt,OI_Dollar.td,Date.td,expiry,stkClose,diff_oi,diff_oi_d,totalOI,totalOIdiff,OI_pct,cum_sep_OI,pct
633.99,650,47032,47435,58460776,75943435,2025-10-17,2025-12-19,660.64,403,17482659,744273030,196619847,10.2037064274652,10.2037064274652,0.230206323956771
637.67,650,55119,56420,47071626,69565860,2025-10-17,2025-11-21,660.64,1301,22494234,955429758,319411262,7.28110668707055,7.28110668707055,0.323351626789348
630.06,640,54823,67137,36457295,66734178,2025-10-17,2025-11-21,660.64,12314,30276883,955429758,319411262,6.98472885538907,14.2658355424596,0.453693802896621
640.9,660,32480,32529,49369600,62130390,2025-10-17,2025-12-19,660.64,49,12760790,744273030,196619847,8.34779543200699,18.5515018594722,0.205387250908935
621.94,630,68126,65898,35698024,53113788,2025-10-17,2025-11-21,660.64,-2228,17415764,955429758,319411262,5.55915152896044,19.8249870714201,0.327895348002669
650.48,670,29040,27064,42717840,52828928,2025-10-17,2025-11-21,660.64,-1976,10111088,955429758,319411262,5.52933667364378,25.3543237450638,0.191393018612833
644.61,660,32345,33883,35773570,52145937,2025-10-17,2025-11-21,660.64,1538,16372367,955429758,319411262,5.45785146038962,30.8121752054535,0.313972055004017
648.6,660,45311,44624,33077030,50871360,2025-10-17,2025-10-31,660.64,-687,17794330,419113393,176854159,12.1378511996156,12.1378511996156,0.349790727041699
626.15,640,36449,36628,37943409,50729780,2025-10-17,2025-12-19,660.64,179,12786371,744273030,196619847,6.8160175036841,25.3675193631563,0.252048619173984
610.3,620,51976,52114,38046432,50550580,2025-10-17,2025-12-19,660.64,138,12504148,744273030,196619847,6.79194031792338,32.1594596810797,0.247359140092952
614.7,625,42389,44924,33444921,46271720,2025-10-17,2025-12-19,660.64,2535,12826799,744273030,196619847,6.21703570261037,38.37649538369,0.277206012657407
617.84,625,64230,61629,29931180,44126364,2025-10-17,2025-11-21,660.64,-2601,14195184,955429758,319411262,4.61848331921016,35.4306585246636,0.32169394242408
601.28,610,47956,48159,29013380,41994648,2025-10-17,2025-12-19,660.64,203,12981268,744273030,196619847,5.64237132171779,44.0188667054078,0.309117199886995
618.71,630,36219,36732,30931026,41470428,2025-10-17,2025-12-19,660.64,513,10539402,744273030,196619847,5.57193749180996,49.5908041972178,0.25414259047435
641.71,650,44724,47250,22272552,39170250,2025-10-17,2025-10-31,660.64,2526,16897698,419113393,176854159,9.34597907254183,21.4838302721574,0.431391119535872
613.51,620,47467,49405,19081734,32063845,2025-10-17,2025-11-21,660.64,1938,12982111,955429758,319411262,3.35596047030388,38.7866189949675,0.404883163575672
592.79,600,41739,42414,21620802,30580494,2025-10-17,2025-12-19,660.64,675,8959692,744273030,196619847,4.1087736310961,53.6995778283139,0.292987157107403
604.65,610,55618,55357,18465176,29615995,2025-10-17,2025-11-21,660.64,-261,11150819,955429758,319411262,3.09975639255733,41.8863753875248,0.376513400951074
648.3,655,37481,43823,13793008,29361410,2025-10-17,2025-10-24,660.64,6342,15568402,173287338,82519072,16.943771160014,16.943771160014,0.530233459496666
659.17,670,32850,26950,19315800,29186850,2025-10-17,2025-10-17,660.64,-5900,9871050,170079065,62966839,17.1607540293098,17.1607540293098,0.338201964240745
633.99,645,25596,26194,19299384,28839594,2025-10-17,2025-11-21,660.64,598,9540210,955429758,319411262,3.0184944270911,44.9048698146159,0.330802507136543
626.41,635,31745,33452,18221630,28735268,2025-10-17,2025-11-21,660.64,1707,10513638,955429758,319411262,3.00757515237452,47.9124449669904,0.365879239407129
646.51,670,11507,11888,21172880,27924912,2025-10-17,2025-12-19,660.64,381,6752032,744273030,196619847,3.75197150432819,57.4515493326421,0.241792418182016
518.63,520,201249,201219,17911161,27567003,2025-10-17,2025-11-28,660.64,-30,9655842,279514775,81595020,9.86244931059548,9.86244931059548,0.350268108578941
567.29,570,101425,101404,18662200,27480484,2025-10-17,2025-11-28,660.64,-21,8818284,279514775,81595020,9.83149602735669,19.6939453379522,0.320892601454909
641.2,655,16229,19762,15774588,27271560,2025-10-17,2025-11-21,660.64,3533,11496972,955429758,319411262,2.85437623976539,50.7668212067558,0.421573683353648
595.6,600,59750,61260,16072750,26954400,2025-10-17,2025-11-21,660.64,1510,10881650,955429758,319411262,2.8211807068291,53.588001913585,0.403705888463479
630,645,18315,17905,20842470,26857500,2025-10-17,2025-12-19,660.64,-410,6015030,744273030,196619847,3.60855477995756,61.0601041125997,0.223960904775202
562.73,565,113904,113835,15946560,25840545,2025-10-17,2025-11-21,660.64,-69,9893985,955429758,319411262,2.70459913809802,56.292601051683,0.382886080769581
643.75,655,4260,22497,3152400,25309125,2025-10-17,2025-11-07,660.64,18237,22156725,175818360,89991170,14.3950409957185,14.3950409957185,0.875444133291846
651.48,680,8310,8504,19320750,24253408,2025-10-17,2025-12-19,660.64,194,4932658,744273030,196619847,3.25867081331699,64.3187749259166,0.203379995091824
637.21,655,12780,13434,17623620,23899086,2025-10-17,2025-12-19,660.64,654,6275466,744273030,196619847,3.21106435900277,67.5298392849194,0.262581840995928
513.89,515,206130,206199,14429100,22888089,2025-10-17,2025-11-21,660.64,69,8458989,955429758,319411262,2.39558050273749,58.6881815544205,0.369580396161514
647.68,665,11951,12892,15261427,22328944,2025-10-17,2025-11-21,660.64,941,7067517,955429758,319411262,2.33705762386354,61.025239178284,0.316518192709875
628.87,638,24063,24384,14943123,22262592,2025-10-17,2025-11-21,660.64,321,7319469,955429758,319411262,2.33011289564628,63.3553520739303,0.328778832222232
499.01,500,224059,223999,12547304,22175901,2025-10-17,2025-11-21,660.64,-60,9628597,955429758,319411262,2.32103938717806,65.6763914611083,0.434191918515509
577.82,580,100456,100623,13260192,21935814,2025-10-17,2025-11-14,660.64,167,8675622,100572682,37272857,21.8109068623625,21.8109068623625,0.395500344778635
528.95,530,200830,201010,13053950,21106050,2025-10-17,2025-11-14,660.64,180,8052100,100572682,37272857,20.9858677130635,42.796774575426,0.381506724375238
636.85,650,15480,15788,14241600,20761220,2025-10-17,2025-11-28,660.64,308,6519620,279514775,81595020,7.4275930494193,27.1215383873715,0.314028751682223
623.69,632,31904,24246,17547200,20148426,2025-10-17,2025-11-21,660.64,-7658,2601226,955429758,319411262,2.10883383433406,67.7852252954424,0.129103186521865
548.13,550,106710,107214,11738100,20049018,2025-10-17,2025-11-21,660.64,504,8310918,955429758,319411262,2.09842930180117,69.8836545972436,0.414529928597999
633.95,640,31308,32065,10488180,19399325,2025-10-17,2025-10-31,660.64,757,8911145,419113393,176854159,4.62865785823265,26.1124881303901,0.459353353789372
658.39,665,29237,28442,9794395,18800162,2025-10-17,2025-10-17,660.64,-795,9005767,170079065,62966839,11.0537778414998,28.2145318708096,0.47902603179696
574.84,580,35904,36103,13966656,18629148,2025-10-17,2025-12-19,660.64,199,4662492,744273030,196619847,2.50299920178486,70.0328384867043,0.250279400861489
605.61,615,19446,19674,12678792,18473886,2025-10-17,2025-12-19,660.64,228,5795094,744273030,196619847,2.48213830884078,72.514976795545,0.313691120536307
627.35,636,21050,20962,12798400,18132130,2025-10-17,2025-11-21,660.64,-88,5333730,955429758,319411262,1.89779833087426,71.7814529281178,0.294159042539404
529.14,530,210627,210620,9267588,18113320,2025-10-17,2025-11-07,660.64,-7,8845732,175818360,89991170,10.3022915240479,24.6973325197664,0.488355088962156
578.35,580,105415,105409,10330670,17392485,2025-10-17,2025-11-07,660.64,-6,7061815,175818360,89991170,9.89230305640435,34.5896355761708,0.406026798355727
651.6,665,13624,12967,12166232,17375780,2025-10-17,2025-10-31,660.64,-657,5209548,419113393,176854159,4.14584222079489,30.2583303511849,0.299816641324879
647.05,660,12112,12688,10622224,16430960,2025-10-17,2025-11-07,660.64,576,5808736,175818360,89991170,9.34541762305143,43.9350531992222,0.353523835491049
620.32,628,13353,20947,6476205,16087296,2025-10-17,2025-11-21,660.64,7594,9611091,955429758,319411262,1.68377589930583,73.4652288274237,0.597433589833866
645.3,655,8904,16431,5369112,15938070,2025-10-17,2025-10-31,660.64,7527,10568958,419113393,176854159,3.8028061775635,34.0611365287484,0.663126589354922
546.5,550,45545,45473,10839710,15915550,2025-10-17,2025-12-19,660.64,-72,5075840,744273030,196619847,2.13840208612692,74.653378881672,0.318923317133244
609.31,615,27585,27938,9930600,15896722,2025-10-17,2025-11-21,660.64,353,5966122,955429758,319411262,1.66382948269024,75.1290583101139,0.375305172978429
637.93,645,16981,22327,7013153,15785189,2025-10-17,2025-10-31,660.64,5346,8772036,419113393,176854159,3.76632893714279,37.8274654658912,0.555713080153808
570,575,31177,31214,10818419,15607000,2025-10-17,2025-12-19,660.64,37,4788581,744273030,196619847,2.09694552548814,76.7503244071601,0.306822643685526
640.8,645,34605,35413,7267050,14873460,2025-10-17,2025-10-24,660.64,808,7606410,173287338,82519072,8.58311990458299,25.526891064597,0.511408239911897
621.14,625,37857,37986,7382115,14662596,2025-10-17,2025-10-31,660.64,129,7280481,419113393,176854159,3.49847946758409,41.3259449334753,0.496534242640253
629.32,640,11799,12693,8554275,13556124,2025-10-17,2025-11-28,660.64,894,5001849,279514775,81595020,4.84987743492272,31.9714158222942,0.368973387968419
650.55,671,6490,6497,10332080,13286365,2025-10-17,2025-11-21,660.64,7,2954285,955429758,319411262,1.39061661924916,76.5196749293631,0.222354647038524
656.6,670,9537,9719,8087376,13023460,2025-10-17,2025-10-24,660.64,182,4936084,173287338,82519072,7.51552891879498,33.042419983392,0.379014793303776
655.3,667,11042,10846,7983366,12689820,2025-10-17,2025-10-24,660.64,-196,4706454,173287338,82519072,7.32299321257967,40.3654131959717,0.370884220579961
603.96,610,20938,20974,7788936,12668296,2025-10-17,2025-11-28,660.64,36,4879360,279514775,81595020,4.53224556734076,36.503661389635,0.385163087442857
651.6,660,12290,14687,5997520,12337080,2025-10-17,2025-10-24,660.64,2397,6339560,173287338,82519072,7.11943535078137,47.484848546753,0.513862275352028
625.54,630,28245,27550,6637575,12287300,2025-10-17,2025-10-31,660.64,-695,5649725,419113393,176854159,2.93173642389424,44.2576813573696,0.459801990673297
632.45,640,16010,15902,6932330,12006010,2025-10-17,2025-11-07,660.64,-108,5073680,175818360,89991170,6.82864406197396,50.7636972611962,0.422595016995655
644.49,665,6164,5826,10293880,11949126,2025-10-17,2025-12-19,660.64,-338,1655246,744273030,196619847,1.60547615167515,78.3558005588353,0.138524441034432
656.3,660,31071,31832,5872419,11777840,2025-10-17,2025-10-17,660.64,761,5905421,170079065,62966839,6.92492047742619,35.1394523482358,0.501401020900267
629.9,635,21326,22869,5971280,11663190,2025-10-17,2025-10-31,660.64,1543,5691910,419113393,176854159,2.78282445629219,47.0405058136617,0.488023430982433
659.25,667,11918,14217,5041314,11018175,2025-10-17,2025-10-17,660.64,2299,5976861,170079065,62966839,6.47826644625545,41.6177187944913,0.542454716865543
517.71,520,47534,47571,7700508,10893759,2025-10-17,2025-12-19,660.64,37,3193251,744273030,196619847,1.4636777850193,79.8194783438546,0.293126642511552
625.87,634,12705,12748,7102095,10364124,2025-10-17,2025-11-21,660.64,43,3262029,955429758,319411262,1.08476043510464,77.6044353644677,0.314742374753525
654.6,670,6469,6609,7090024,10177860,2025-10-17,2025-10-31,660.64,140,3087836,419113393,176854159,2.42842633282301,49.4689321464848,0.303387549052551
622.84,635,8065,8283,7669815,10072128,2025-10-17,2025-12-19,660.64,218,2402313,744273030,196619847,1.35328402266571,81.1727623665203,0.238510968089365
559.14,560,115019,115023,5175855,9891978,2025-10-17,2025-10-31,660.64,4,4716123,419113393,176854159,2.36021519837234,51.8291473448571,0.476762382609424
583.84,590,15425,16009,6771575,9861544,2025-10-17,2025-12-19,660.64,584,3089969,744273030,196619847,1.32499010477378,82.4977524712941,0.313335214039505
650.32,665,1417,6616,1429753,9712288,2025-10-17,2025-11-07,660.64,5199,8282535,175818360,89991170,5.52404652164882,56.287743782845,0.852789270664132
616.68,620,29576,29206,4732160,9696392,2025-10-17,2025-10-31,660.64,-370,4964232,419113393,176854159,2.31354859137131,54.1426959362284,0.511966925429582
658.02,690,2972,3025,7816360,9673950,2025-10-17,2025-11-21,660.64,53,1857590,955429758,319411262,1.01252341357364,78.6169587780413,0.192019805767034
565.34,570,19763,19987,6521790,9313942,2025-10-17,2025-12-19,660.64,224,2792152,744273030,196619847,1.25141468581765,83.7491671571117,0.299781982752308
632.62,638,14518,17293,4442508,9303634,2025-10-17,2025-10-31,660.64,2775,4861126,419113393,176854159,2.2198369594932,56.3625328957216,0.522497553106668
536.85,540,29479,29522,6131632,9299430,2025-10-17,2025-12-19,660.64,43,3167798,744273030,196619847,1.24946486372078,84.9986320208325,0.340644319060416
509.55,510,201701,201705,4034020,9076725,2025-10-17,2025-10-31,660.64,4,5042705,419113393,176854159,2.16569671873979,58.5282296144614,0.555564369307212
653.05,655,41389,46361,4470012,9040395,2025-10-17,2025-10-17,660.64,4972,4570383,170079065,62966839,5.31540727837374,46.933126072865,0.505551250802647
600.51,605,17432,19549,4968120,8777501,2025-10-17,2025-11-21,660.64,2117,3809381,955429758,319411262,0.918696631176104,79.5356554092174,0.433993798462683
577,580,27423,27956,4744179,8386800,2025-10-17,2025-11-21,660.64,533,3642621,955429758,319411262,0.87780393375606,80.4134593429735,0.434327872370868
586.7,590,24603,25158,5560278,8302140,2025-10-17,2025-11-21,660.64,555,2741862,955429758,319411262,0.868942999784606,81.2824023427581,0.330259667989217
648.97,650,61414,79262,3807668,8163986,2025-10-17,2025-10-17,660.64,17848,4356318,170079065,62966839,4.80011223015602,51.733238303021,0.533601845961029
469.21,470,101993,101979,4997657,8056341,2025-10-17,2025-11-28,660.64,-14,3058684,279514775,81595020,2.88225944406696,39.3859208337019,0.379661685124798
595.39,600,17398,17418,5323788,8029698,2025-10-17,2025-11-28,660.64,20,2705910,279514775,81595020,2.87272756869471,42.2586484023966,0.336987767161355
654.29,675,3927,3864,7013622,8002344,2025-10-17,2025-11-21,660.64,-63,988722,955429758,319411262,0.837564868897458,82.1199672116556,0.123554048663742
590.56,595,17820,17913,4829220,7953372,2025-10-17,2025-11-28,660.64,93,3124152,279514775,81595020,2.84542096209404,45.1040693644907,0.392808484250454
654.2,674,4024,4002,7001760,7923960,2025-10-17,2025-11-28,660.64,-22,922200.000000002,279514775,81595020,2.83489844141513,47.9389678059058,0.116381203337725
607.48,610,30562,30809,3698002,7763868,2025-10-17,2025-10-31,660.64,247,4065866,419113393,176854159,1.85245046559512,60.3806800800565,0.523690768570512
555.93,560,17898,19028,4939848,7744396,2025-10-17,2025-12-19,660.64,1130,2804548,744273030,196619847,1.04053159094049,86.039163611773,0.362139022849555
656.69,680,3434,3321,7008794,7741251,2025-10-17,2025-11-21,660.64,-113,732456.999999999,955429758,319411262,0.810237585252185,82.9302047969077,0.0946173945270602
644.71,650,13623,14405,3759948,7620245,2025-10-17,2025-10-24,660.64,782,3860297,173287338,82519072,4.39746209270062,51.8823106394537,0.506584368350362
498.22,500,40696,40745,5046304,7252610,2025-10-17,2025-12-19,660.64,49,2206306,744273030,196619847,0.974455570424203,87.0136191821972,0.304208553886118
625.68,635,7529,7581,5262771,7065492,2025-10-17,2025-11-28,660.64,52,1802721,279514775,81595020,2.52777049084436,50.4667382967502,0.255144440047487
650.93,659,8056,8624,3729928,6959568,2025-10-17,2025-10-24,660.64,568,3229640,173287338,82519072,4.01620111447497,55.8985117539286,0.464057539203583
650.69,670,3642,3576,5513988,6905256,2025-10-17,2025-11-28,660.64,-66,1391268,279514775,81595020,2.47044400425702,52.9371823010072,0.20147956860687
636.42,645,4839,7983,2584026,6849414,2025-10-17,2025-11-07,660.64,3144,4265388,175818360,89991170,3.89573307361074,60.1834768564557,0.622737653177338
538.16,540,36690,36740,4182660,6760160,2025-10-17,2025-11-28,660.64,50,2577500,279514775,81595020,2.41853404708213,55.3557163480893,0.381277957918156
659,668,5655,7501,2629575,6750900,2025-10-17,2025-10-17,660.64,1846,4121325,170079065,62966839,3.9692715855417,55.7025098885627,0.610485268630849
638.55,651,5398,5406,5155090,6730470,2025-10-17,2025-11-28,660.64,8,1575380,279514775,81595020,2.40791206833342,57.7636284164227,0.234066863086828
649.22,666,4543,3971,5874099,6663338,2025-10-17,2025-11-21,660.64,-572,789239,955429758,319411262,0.697417883858711,83.6276226807665,0.118444989583299
653.44,685,1520,2098,4420160,6621288,2025-10-17,2025-12-19,660.64,578,2201128,744273030,196619847,0.889631591245487,87.9032507734427,0.332431998124836
651.64,672,3383,3240,5321459,6596640,2025-10-17,2025-11-21,660.64,-143,1275181,955429758,319411262,0.690436941571585,84.318059622338,0.193307653593344
591.2,595,17094,17222,4051278,6544360,2025-10-17,2025-11-21,660.64,128,2493082,955429758,319411262,0.684965058415105,85.0030246807532,0.380951231289232
602.78,605,28735,28667,2873500,6364074,2025-10-17,2025-10-31,660.64,-68,3490574,419113393,176854159,1.51846113874963,61.8991412188062,0.548481051603108
657.27,662,12447,13324,2949939,6302252,2025-10-17,2025-10-17,660.64,877,3352313,170079065,62966839,3.70548368195698,59.4079935705197,0.531923033226853
479.7,480,208344,208350,2500128,6250500,2025-10-17,2025-10-31,660.64,6,3750372,419113393,176854159,1.49136250580282,63.390503724609,0.600011519078474
464.39,465,101605,102205,3048150,6234505,2025-10-17,2025-11-21,660.64,600,3186355,955429758,319411262,0.65253410287855,85.6555587836317,0.511083879153197
653.5,674,3034,3014,4996998,6178700,2025-10-17,2025-11-21,660.64,-20,1181702,955429758,319411262,0.64669327580228,86.302252059434,0.191254147312542
479.4,480,100945,101111,3129295,6066660,2025-10-17,2025-11-14,660.64,166,2937365,100572682,37272857,6.03211516224654,48.8288897376725,0.48418157602371
588.29,595,9396,8817,4491288,5916207,2025-10-17,2025-12-19,660.64,-579,1424919,744273030,196619847,0.794897404787058,88.6981481782297,0.240850091959257
615.51,620,12657,13107,2987052,5885043,2025-10-17,2025-11-07,660.64,450,2897991,175818360,89991170,3.34722892421474,63.5307057806705,0.492433275338855
527.26,530,21114,21137,3779406,5791538,2025-10-17,2025-12-19,660.64,23,2012132,744273030,196619847,0.778146965771419,89.4762951440011,0.347426193180464
655.12,658,16234,20070,2451334,5780160,2025-10-17,2025-10-17,660.64,3836,3328826,170079065,62966839,3.39851350899654,62.8065070795162,0.575905511266124
529.44,530,102662,102651,3079860,5748456,2025-10-17,2025-10-31,660.64,-11,2668596,419113393,176854159,1.37157535311691,64.7620790777259,0.464228307566414
640.87,654,4367,4373,4589717,5741749,2025-10-17,2025-11-28,660.64,6,1152032,279514775,81595020,2.05418443443643,59.8178128508592,0.200641302850403
449.46,450,104498,104555,3134940,5645970,2025-10-17,2025-11-21,660.64,57,2511030,955429758,319411262,0.590935121365563,86.8931871807995,0.444747315341739
579.36,585,9744,9944,3917088,5608416,2025-10-17,2025-12-19,660.64,200,1691328,744273030,196619847,0.753542822853597,90.2298379668547,0.301569641053731
551.24,555,14465,14557,3717505,5473432,2025-10-17,2025-12-19,660.64,92,1755927,744273030,196619847,0.735406467704466,90.9652444345592,0.32080913766719
560.7,565,12418,12642,3762654,5436060,2025-10-17,2025-12-19,660.64,224,1673406,744273030,196619847,0.730385192111556,91.6956296266707,0.307834350614232
654,668,3919,3853,3942514,5394200,2025-10-17,2025-10-31,660.64,-66,1451686,419113393,176854159,1.28705025658772,66.0491293343136,0.269119795335731
649.8,669,2830,2788,4281790,5352960,2025-10-17,2025-11-28,660.64,-42,1071170,279514775,81595020,1.91509017725449,61.7329030281136,0.200107977642276
597.14,605,6663,6751,3884529,5306286,2025-10-17,2025-12-19,660.64,88,1421757,744273030,196619847,0.712948848892187,92.4085784755629,0.267938252857083
647.5,664,3284,3177,4039320,5242050,2025-10-17,2025-11-21,660.64,-107,1202730,955429758,319411262,0.548658858080073,87.4418460388796,0.229438864566343
654.28,676,2399,2398,4267821,5208456,2025-10-17,2025-11-21,660.64,-1,940635,955429758,319411262,0.545142744025773,87.9869887829054,0.180597666563757
646.88,662,4225,3432,5230550,5189184,2025-10-17,2025-11-21,660.64,-793,-41366,955429758,319411262,0.543125641267707,88.5301144241731,-0.00797158088824755
657.5,675,2938,2946,3913416,5155500,2025-10-17,2025-10-31,660.64,8,1242084,419113393,176854159,1.23009669605094,67.2792260303645,0.240924061681699
647.2,663,3313,3182,4121372,5027560,2025-10-17,2025-11-21,660.64,-131,906188.000000001,955429758,319411262,0.526209274716771,89.0563236988899,0.180244094550836
640.18,650,3779,5101,2259842,5009182,2025-10-17,2025-11-07,660.64,1322,2749340,175818360,89991170,2.84906650249724,66.3797722831677,0.548860073361279
654.8,665,5262,4800,3420300,4896000,2025-10-17,2025-10-24,660.64,-462,1475700,173287338,82519072,2.82536511698275,58.7238768709114,0.30140931372549
657.7,663,6741,9196,1833552,4873880,2025-10-17,2025-10-17,660.64,2455,3040328,170079065,62966839,2.86565545265668,65.6721625321729,0.623800339770368
643.96,660,3229,2996,3813449,4805584,2025-10-17,2025-11-28,660.64,-233,992135,279514775,81595020,1.71925938441,63.4521624125236,0.206454616129902
640.38,648,1590,6142,815670,4680204,2025-10-17,2025-10-31,660.64,4552,3864534,419113393,176854159,1.11669158709037,68.3959176174549,0.825719135319743
649.35,675,1774,1787,3647344,4583655,2025-10-17,2025-12-19,660.64,13,936311.000000001,744273030,196619847,0.615856656797036,93.02443513236,0.204271700204313
479.58,480,105416,105796,2424568,4443432,2025-10-17,2025-11-07,660.64,380,2018864,175818360,89991170,2.52728554628766,68.9070578294554,0.454347900451723
646.23,661,2831,2950,3136748,4357150,2025-10-17,2025-11-21,660.64,119,1220402,955429758,319411262,0.456040851095199,89.5123645499851,0.280091803128192
658.05,664,6670,7266,1987660,4323270,2025-10-17,2025-10-17,660.64,596,2335610,170079065,62966839,2.5419177839436,68.2140803161165,0.540241530138067
655.03,672,2542,2544,3230882,4317168,2025-10-17,2025-10-31,660.64,2,1086286,419113393,176854159,1.03007159210491,69.4259892095598,0.251620043510005
649.81,667,2378,2506,3181764,4307814,2025-10-17,2025-11-21,660.64,128,1126050,955429758,319411262,0.450877101527332,89.9632416515124,0.26139707981821
653.34,663,5093,4442,2948847,4290972,2025-10-17,2025-10-24,660.64,-651,1342125,173287338,82519072,2.47621785268581,61.2000947235972,0.312778782989029
657.4,675,2133,2436,2463615,4287360,2025-10-17,2025-10-24,660.64,303,1823745,173287338,82519072,2.47413345342059,63.6742281770178,0.425377155172414
646.69,657,4020,4139,2568780,4267309,2025-10-17,2025-10-31,660.64,119,1698529,419113393,176854159,1.01817528890087,70.4441644984607,0.398032811779039
640.02,652,3489,3552,3283149,4255296,2025-10-17,2025-11-21,660.64,63,972147,955429758,319411262,0.445380308114707,90.4086219596271,0.228455787799486
650.76,673,1883,1857,3120131,4129968,2025-10-17,2025-11-28,660.64,-26,1009837,279514775,81595020,1.47754908483818,64.9297114973618,0.244514485342259
598.05,600,19496,20782,1793632,4052490,2025-10-17,2025-10-31,660.64,1286,2258858,419113393,176854159,0.966919709005816,71.4110842074665,0.557400018260378
641.24,654,3074,3170,2852672,4044920,2025-10-17,2025-11-21,660.64,96,1192248,955429758,319411262,0.423361316321906,90.831983275949,0.2947519357614
653.5,675,1820,1822,3276000,3917300,2025-10-17,2025-11-28,660.64,2,641300,279514775,81595020,1.40146437697256,66.3311758743344,0.16370969800628
636.25,648,3083,3322,2497230,3903350,2025-10-17,2025-11-21,660.64,239,1406120,955429758,319411262,0.408543900513511,91.2405271764625,0.36023415783878
654.3,680,1483,1492,2974898,3834440,2025-10-17,2025-11-28,660.64,9,859542,279514775,81595020,1.37182014796892,67.7029960223033,0.224163632759934
617.53,625,4921,5034,2578604,3760398,2025-10-17,2025-11-28,660.64,113,1181794,279514775,81595020,1.34533067169705,69.0483266940004,0.314273648693569
651.54,663,3275,3247,2665850,3721062,2025-10-17,2025-10-31,660.64,-28,1055212,419113393,176854159,0.887841348462945,72.2989255559295,0.283578182787602
631.39,640,3785,4219,2032545,3632559,2025-10-17,2025-11-14,660.64,434,1600014,100572682,37272857,3.6118744451898,52.4407641828623,0.440464697201064
658.99,669,3256,3627,1725680,3630627,2025-10-17,2025-10-17,660.64,371,1904947,170079065,62966839,2.13467013121221,70.3487504473287,0.524688159923892
666.39,685,1928,1928,3965896,3588008,2025-10-17,2025-10-31,660.64,0,-377888,419113393,176854159,0.856094808690592,73.15502036462,-0.105319720580333
645.06,654,6536,3933,3653624,3516102,2025-10-17,2025-10-31,660.64,-2603,-137522,419113393,176854159,0.838938115251306,73.9939584798713,-0.0391120621642946
653.37,666,2808,2731,2535624,3449253,2025-10-17,2025-10-31,660.64,-77,913629,419113393,176854159,0.822988016515139,74.8169464963865,0.264877351704847
657,685,1208,1231,2757864,3446800,2025-10-17,2025-11-21,660.64,23,688936,955429758,319411262,0.360759121341917,91.6012862978044,0.199876987350586
548,550,17141,17138,2245471,3427600,2025-10-17,2025-11-28,660.64,-3,1182129,279514775,81595020,1.22626791374445,70.2745946077448,0.344885342513712
649.07,662,1589,2641,1466647,3414813,2025-10-17,2025-11-07,660.64,1052,1948166,175818360,89991170,1.94223913816509,70.8492969676205,0.570504446363534
643.36,652,3940,3936,2107900,3400704,2025-10-17,2025-10-31,660.64,-4,1292804,419113393,176854159,0.811404277887154,75.6283507742736,0.380157755570611
653.5,670,1886,2055,2314122,3390750,2025-10-17,2025-11-07,660.64,169,1076628,175818360,89991170,1.92855285420704,72.7778498218275,0.317519132935191
656.82,661,5094,8076,1079928,3375768,2025-10-17,2025-10-17,660.64,2982,2295840,170079065,62966839,1.98482276463596,72.3335732119647,0.680094129691377
522.44,525,13202,13006,2310350,3329536,2025-10-17,2025-12-19,660.64,-196,1019186,744273030,196619847,0.447354111434079,93.471789243794,0.306104514262648
652.2,661,3489,3753,1744500,3302640,2025-10-17,2025-10-24,660.64,264,1558140,173287338,82519072,1.90587496935293,65.5801031463707,0.471786207397718
655.73,659,8618,10090,1447824,3299430,2025-10-17,2025-10-17,660.64,1472,1851606,170079065,62966839,1.93993893369534,74.27351214566,0.561189660032187
647.62,654,4863,5170,1595064,3298460,2025-10-17,2025-10-24,660.64,307,1703396,173287338,82519072,1.90346279080125,67.4835659371719,0.516421602808583
654.1,667,2344,2549,2339312,3288210,2025-10-17,2025-10-31,660.64,205,948898,419113393,176854159,0.784563331766399,76.41291410604,0.288575851299035
658.62,666,5170,4455,1995620,3287790,2025-10-17,2025-10-17,660.64,-715,1292170,170079065,62966839,1.93309505787793,76.206607203538,0.393020843788685
615.71,622,5013,5209,2150577,3276461,2025-10-17,2025-11-21,660.64,196,1125884,955429758,319411262,0.342930599823331,91.9442168976278,0.343628079198867
650.75,662,3095,2903,2423385,3265875,2025-10-17,2025-10-31,660.64,-192,842490,419113393,176854159,0.7792342250442,77.1921483310842,0.257967619703755
597.23,599,18438,18441,1788486,3264057,2025-10-17,2025-10-31,660.64,3,1475571,419113393,176854159,0.778800452220338,77.9709487833046,0.452066553984811
581.69,585,9613,9815,1845696,3248765,2025-10-17,2025-11-21,660.64,202,1403069,955429758,319411262,0.340031799595675,92.2842486972234,0.431877651969287
633.92,644,3038,3187,2181284,3212496,2025-10-17,2025-11-21,660.64,149,1031212,955429758,319411262,0.336235706822102,92.6204844040455,0.321000244046996
643.34,658,2164,2172,2228920,3184152,2025-10-17,2025-11-21,660.64,8,955232,955429758,319411262,0.33326908371217,92.9537534877577,0.299995728847115
644.46,659,2043,2181,2202354,3171174,2025-10-17,2025-11-21,660.64,138,968820.000000001,955429758,319411262,0.331910742097694,93.2856642298554,0.305508307018158
627.84,635,4210,4295,2050270,3075220,2025-10-17,2025-11-14,660.64,85,1024950,100572682,37272857,3.05770905065453,55.4984732335168,0.333293227801588
647.3,662,2068,2062,2134176,3031140,2025-10-17,2025-11-14,660.64,-6,896964,100572682,37272857,3.01388005144379,58.5123532849606,0.295916387893664
640.32,653,2295,2378,2058615,3015304,2025-10-17,2025-11-21,660.64,83,956689,955429758,319411262,0.315596617621784,93.6012608474772,0.317277793549174
643.26,657,2195,2167,2374990,2977458,2025-10-17,2025-11-21,660.64,-28,602468,955429758,319411262,0.311635468235018,93.9128963157122,0.202343072513533
629.5,634,6604,6583,1697228,2962350,2025-10-17,2025-10-31,660.64,-21,1265122,419113393,176854159,0.706813489971197,78.6777622732758,0.427067024490692
642.63,656,2057,2198,2026145,2938726,2025-10-17,2025-11-21,660.64,141,912581,955429758,319411262,0.307581585709831,94.220477901422,0.31053626639571
649.85,657,4019,4099,1675923,2930785,2025-10-17,2025-10-24,660.64,80,1254862,173287338,82519072,1.69128629582849,69.1748522330004,0.428165832703525
488.3,490,17325,17184,1853775,2921280,2025-10-17,2025-12-19,660.64,-141,1067505,744273030,196619847,0.392501122874223,93.8642903666683,0.36542371837003
657.79,673,1983,1917,2141640,2915757,2025-10-17,2025-10-24,660.64,-66,774117.000000001,173287338,82519072,1.68261399456664,70.8574662275671,0.265494346751118
610.54,615,6587,6523,1857534,2909258,2025-10-17,2025-11-14,660.64,-64,1051724,100572682,37272857,2.89269207318146,61.4050453581421,0.361509360806089
644.35,661,1706,1747,2043788,2908755,2025-10-17,2025-11-28,660.64,41,864967,279514775,81595020,1.04064445251597,71.3152390602608,0.297366742816085
628.33,633,6116,6214,1590160,2901938,2025-10-17,2025-10-31,660.64,98,1311778,419113393,176854159,0.692399252438111,79.3701615257139,0.45203515719495
657.53,676,1563,1564,2899365,2888708,2025-10-17,2025-11-28,660.64,1,-10657,279514775,81595020,1.03347238084284,72.3487114411036,-0.00368919253867127
646.3,656,2947,2963,1894921,2874110,2025-10-17,2025-10-31,660.64,16,979189,419113393,176854159,0.685759521886718,80.0559210476006,0.340692944946436
650.7,652,26134,21734,1986184,2825420,2025-10-17,2025-10-17,660.64,-4400,839236,170079065,62966839,1.66123914192496,77.8678463454629,0.297030529974305
656.69,668,1291,2484,987615,2809404,2025-10-17,2025-10-24,660.64,1193,1821789,173287338,82519072,1.62124020856042,72.4787064361275,0.648461025897308
633.65,636,12251,11854,1739642,2785690,2025-10-17,2025-10-24,660.64,-397,1046048,173287338,82519072,1.60755542335124,74.0862618594787,0.375507683913142
621.8,630,3376,3387,1954704,2777340,2025-10-17,2025-11-28,660.64,11,822636,279514775,81595020,0.993629048768531,73.3423404898722,0.296195640432932
567.58,570,10758,11390,1570668,2756380,2025-10-17,2025-11-21,660.64,632,1185712,955429758,319411262,0.288496352235242,94.5089742536573,0.430170005587038
650.49,668,1412,1574,1937264,2756074,2025-10-17,2025-11-21,660.64,162,818810,955429758,319411262,0.288464324763056,94.7974385784203,0.297092893732171
636.07,647,2303,2520,1777916,2754360,2025-10-17,2025-11-21,660.64,217,976444,955429758,319411262,0.288284929052838,95.0857235074732,0.354508488360272
650.05,669,1425,1446,1995000,2740170,2025-10-17,2025-11-21,660.64,21,745170,955429758,319411262,0.286799733528919,95.3725232410021,0.271942981639825
639.06,651,2237,2275,1948427,2716350,2025-10-17,2025-11-21,660.64,38,767923,955429758,319411262,0.284306614615619,95.6568298556177,0.282703996171333
628.44,635,3859,4116,1427830,2700096,2025-10-17,2025-11-07,660.64,257,1272266,175818360,89991170,1.53573039812224,74.3135802199497,0.471192876105146
659.11,671,5312,2269,3463424,2697841,2025-10-17,2025-10-17,660.64,-3043,-765583,170079065,62966839,1.58622755834176,79.4540739038047,-0.28377617509705
613.18,620,3854,3906,1776694,2663892,2025-10-17,2025-11-28,660.64,52,887198,279514775,81595020,0.953041569984986,74.2953820598571,0.333045784138396
647.08,653,3621,4487,1151478,2656304,2025-10-17,2025-10-24,660.64,866,1504826,173287338,82519072,1.53288984103386,75.6191517005126,0.566511212572055
651.41,670,1428,1424,1924944,2647216,2025-10-17,2025-11-14,660.64,-4,722272,100572682,37272857,2.63214219543235,64.0371875535745,0.272842110352914
609.29,612,9729,9751,904797,2642521,2025-10-17,2025-10-31,660.64,22,1737724,419113393,176854159,0.630502638220392,80.686423685821,0.657600828905428
645.8,662,1396,1631,1925084,2642220,2025-10-17,2025-11-28,660.64,235,717136,279514775,81595020,0.945288133695258,75.2406701935524,0.271414189583002
532.21,535,9300,9459,1804200,2639061,2025-10-17,2025-12-19,660.64,159,834861,744273030,196619847,0.354582376846303,94.2188727435146,0.31634774641435
649.86,668,1442,1443,2067828,2617602,2025-10-17,2025-11-28,660.64,1,549774,279514775,81595020,0.936480728076002,76.1771509216284,0.210029637813541
399.31,400,37740,37670,1622820,2599230,2025-10-17,2025-12-19,660.64,-70,976410,744273030,196619847,0.349230711745661,94.5681034552602,0.375653558938609
636.65,640,6016,7728,950528,2588880,2025-10-17,2025-10-24,660.64,1712,1638352,173287338,82519072,1.49398105474966,77.1131327552623,0.632842001174253
647.4,658,1976,2440,1268592,2586400,2025-10-17,2025-10-31,660.64,464,1317808,419113393,176854159,0.617112228623054,81.303535914444,0.509514382926075
633.14,645,2163,2150,1788801,2549900,2025-10-17,2025-11-28,660.64,-13,761099,279514775,81595020,0.912259468215947,77.0894103898443,0.29848190125103
635.08,646,2269,2312,1708557,2524704,2025-10-17,2025-11-21,660.64,43,816147,955429758,319411262,0.264247997182437,95.9210778528001,0.323264430206472
654.92,678,1080,1090,1998000,2515720,2025-10-17,2025-11-21,660.64,10,517720,955429758,319411262,0.263307687345447,96.1843855401456,0.205793967532158
650.35,658,2096,3269,905472,2500785,2025-10-17,2025-10-24,660.64,1173,1595313,173287338,82519072,1.44314352615885,78.5562762814211,0.637924891584043
651.51,653,17819,16777,1532434,2499773,2025-10-17,2025-10-17,660.64,-1042,967339,170079065,62966839,1.46977113262,80.9238450364247,0.386970736942914
654.47,657,7175,9876,961450,2498628,2025-10-17,2025-10-17,660.64,2701,1537178,170079065,62966839,1.46909791631322,82.3929429527379,0.61520882660404
541.7,545,7543,7552,1667003,2492160,2025-10-17,2025-12-19,660.64,9,825157,744273030,196619847,0.334844861972225,94.9029483172325,0.33110113315357
656.75,690,455,749,1461915,2490425,2025-10-17,2025-12-19,660.64,294,1028510,744273030,196619847,0.334611748594464,95.2375600658269,0.412985735366453
655,669,1764,1756,1857492,2458400,2025-10-17,2025-10-31,660.64,-8,600908,419113393,176854159,0.586571567757082,81.8901074822011,0.244430523917996
637.41,649,1924,2102,1604616,2436218,2025-10-17,2025-11-21,660.64,178,831602,955429758,319411262,0.254986615143716,96.4393721552893,0.341349583657949
549.25,550,31027,31057,1303134,2329275,2025-10-17,2025-10-31,660.64,30,1026141,419113393,176854159,0.555762483113967,82.4458699653151,0.440540940850694
653.68,675,1070,1090,1704510,2323880,2025-10-17,2025-11-14,660.64,20,619370,100572682,37272857,2.31064733860831,66.3478348921828,0.26652408902353
639.67,640,72535,70136,1740840,2314488,2025-10-17,2025-10-17,660.64,-2399,573648,170079065,62966839,1.36083062309873,83.7537735758366,0.247850928585502
448.85,450,19942,19924,1455766,2291260,2025-10-17,2025-12-19,660.64,-18,835494,744273030,196619847,0.307852079498299,95.5454121453252,0.364643907718897
583.72,585,17859,17878,1142976,2288384,2025-10-17,2025-10-31,660.64,19,1145408,419113393,176854159,0.546005934961854,82.9918759002769,0.50053137934892
507.95,510,11134,11133,1759172,2282265,2025-10-17,2025-12-19,660.64,-1,523093,744273030,196619847,0.30664351763492,95.8520556629601,0.229199063211327
649.82,671,1068,1067,1751520,2259906,2025-10-17,2025-11-28,660.64,-1,508386,279514775,81595020,0.808510390908674,77.897920780753,0.224958914220326
632.34,635,4688,8482,553184,2256212,2025-10-17,2025-10-24,660.64,3794,1703028,173287338,82519072,1.30200626660905,79.8582825480302,0.754817366453152
651,664,1713,1727,1474893,2245100,2025-10-17,2025-10-31,660.64,14,770207,419113393,176854159,0.535678419610895,83.5275543198878,0.343061333570888
623.4,625,4501,13955,324072,2232800,2025-10-17,2025-10-24,660.64,9454,1908728,173287338,82519072,1.28849575841485,81.146778306445,0.854858473665353
459.78,460,100971,100966,1009710,2221252,2025-10-17,2025-10-31,660.64,-5,1211542,419113393,176854159,0.529988312733304,84.0575426326211,0.545432035626755
645.95,660,1478,1579,1451396,2218495,2025-10-17,2025-11-14,660.64,101,767099,100572682,37272857,2.20586242295895,68.5536973151417,0.345774500280596
571.8,575,6855,6871,1384710,2198720,2025-10-17,2025-11-28,660.64,16,814010,279514775,81595020,0.786620313720447,78.6845410944735,0.370219946150488
503.09,505,11470,11476,1514040,2191916,2025-10-17,2025-12-19,660.64,6,677876,744273030,196619847,0.294504289642203,96.1465599526024,0.309261851275322
572.41,575,8433,8423,1433610,2181557,2025-10-17,2025-11-21,660.64,-10,747947,955429758,319411262,0.228332536404,96.6677046916933,0.342850083678767
618.78,622,1947,6656,340725,2143232,2025-10-17,2025-10-31,660.64,4709,1802507,419113393,176854159,0.511372825539841,84.568915458161,0.841022810409699
657.91,671,1169,1626,1001833,2128434,2025-10-17,2025-10-24,660.64,457,1126601,173287338,82519072,1.22826862283498,82.37504692928,0.529309811814696
590.7,592,16195,16269,1182235,2114970,2025-10-17,2025-10-31,660.64,74,932735,419113393,176854159,0.5046295430602,85.0735450012212,0.441015711806787
648,665,1249,1237,1642435,2102900,2025-10-17,2025-11-28,660.64,-12,460465,279514775,81595020,0.752339478297704,79.4368805727712,0.218966665081554
648.1,649,10660,23311,596960,2097990,2025-10-17,2025-10-17,660.64,12651,1501030,170079065,62966839,1.23353806066608,84.9873116365027,0.715460988851234
666.82,692,831,831,2647566,2092458,2025-10-17,2025-11-21,660.64,0,-555108,955429758,319411262,0.219006994755966,96.8867116864493,-0.265289912629071
629.02,631,10451,10527,1013747,2084346,2025-10-17,2025-10-24,660.64,76,1070599,173287338,82519072,1.20282648695313,83.5778734162331,0.513637850913428
648.02,659,1617,1896,1131900,2081808,2025-10-17,2025-10-31,660.64,279,949908,419113393,176854159,0.496717125906783,85.570262127128,0.456289917225796
657.18,678,1030,999,1704650,2079918,2025-10-17,2025-10-31,660.64,-31,375268,419113393,176854159,0.496266173961184,86.0665283010892,0.180424420578119
657.49,700,318,483,1197588,2053233,2025-10-17,2025-12-19,660.64,165,855645,744273030,196619847,0.27587093945887,96.4224308920612,0.416730590244751
639.3,653,1494,1496,1499976,2049520,2025-10-17,2025-11-28,660.64,2,549544,279514775,81595020,0.733242097846169,80.1701226706173,0.268133026269566
513.86,515,17921,17920,1487443,2042880,2025-10-17,2025-11-28,660.64,-1,555437,279514775,81595020,0.73086655258206,80.9009892231994,0.271889195645364
641.16,649,2488,2547,1184288,1996848,2025-10-17,2025-10-31,660.64,59,812560,419113393,176854159,0.476445762256994,86.5429740633462,0.406921307981379
612.47,615,7830,7878,1080540,1993134,2025-10-17,2025-10-31,660.64,48,912594,419113393,176854159,0.475559605894055,87.0185336692402,0.457868863809458
588.45,590,12788,12791,946312,1982605,2025-10-17,2025-10-31,660.64,3,1036293,419113393,176854159,0.473047397938915,87.4915810671791,0.522692619054224
639,650,1609,1795,1137563,1974500,2025-10-17,2025-11-14,660.64,186,836937,100572682,37272857,1.96325678179687,70.5169540969386,0.423872879209927
652.7,671,1061,1065,1416435,1948950,2025-10-17,2025-11-07,660.64,4,532515,175818360,89991170,1.10850197897421,75.4220821989239,0.273231740167783
642.38,657,1335,1327,1460490,1940074,2025-10-17,2025-11-28,660.64,-8,479584,279514775,81595020,0.694086385952227,81.5950756091516,0.247198818189409
651.6,672,927,923,1543455,1882920,2025-10-17,2025-11-28,660.64,-4,339465,279514775,81595020,0.673638808538833,82.2687144176905,0.180286469950927
646.17,652,3044,3214,913200,1873762,2025-10-17,2025-10-24,660.64,170,960562,173287338,82519072,1.0813034706552,84.6591768868883,0.512638211256286
620.26,625,3723,3904,1008933,1850496,2025-10-17,2025-11-07,660.64,181,841563,175818360,89991170,1.05250441421476,76.4745866131387,0.454776989520647
639.95,647,2574,2622,1268982,1848510,2025-10-17,2025-10-31,660.64,48,579528,419113393,176854159,0.441052476698114,87.9326335438772,0.313510881737183
599.89,605,3526,3574,1230574,1826314,2025-10-17,2025-11-28,660.64,48,595740,279514775,81595020,0.653387285162296,82.9221017028528,0.326198014142146
644.45,645,45025,32858,1665925,1807190,2025-10-17,2025-10-17,660.64,-12167,141265,170079065,62966839,1.062558757599,86.0498703941017,0.07816831655775
633.08,643,1799,1799,1250305,1784608,2025-10-17,2025-11-21,660.64,0,534303,955429758,319411262,0.186785892427688,97.073497578877,0.299395161290323
586.1,590,4519,4549,1116193,1774110,2025-10-17,2025-11-28,660.64,30,657917,279514775,81595020,0.634710633811755,83.5568123366645,0.370843408807797
653.8,664,1497,1726,919158,1760520,2025-10-17,2025-10-24,660.64,229,841362,173287338,82519072,1.01595420664838,85.6751310935367,0.477905391588849
659.75,695,486,492,1671840,1734300,2025-10-17,2025-11-21,660.64,6,62460.0000000002,955429758,319411262,0.181520408536407,97.2550179874134,0.0360145303580697
498.85,500,15019,15013,1021292,1726495,2025-10-17,2025-11-28,660.64,-6,705203,279514775,81595020,0.617675756138472,84.174488092803,0.40845933524279
593.35,595,10409,10361,843129,1709565,2025-10-17,2025-10-31,660.64,-48,866436,419113393,176854159,0.407900350729188,88.3405338946064,0.506816646339858
512.91,515,8141,8144,1278137,1702096,2025-10-17,2025-12-19,660.64,3,423959,744273030,196619847,0.228692419500946,96.6511233115622,0.249080545398144
655.71,673,1005,981,1322580,1696149,2025-10-17,2025-10-31,660.64,-24,373569,419113393,176854159,0.404699307712173,88.7452332023186,0.220245391177308
651.85,673,817,801,1294945,1694115,2025-10-17,2025-11-21,660.64,-16,399170,955429758,319411262,0.177314447850807,97.4323324352642,0.235621548714225
653.78,656,4983,7509,597960,1666998,2025-10-17,2025-10-17,660.64,2526,1069038,170079065,62966839,0.980131211328096,87.0300016054298,0.641295310492274
655.45,671,1182,1072,1470408,1666960,2025-10-17,2025-10-31,660.64,-110,196552,419113393,176854159,0.397734844040167,89.1429680463588,0.117910447761194
591.9,595,5315,5353,1015165,1659430,2025-10-17,2025-11-14,660.64,38,644265,100572682,37272857,1.64998085663063,72.1669349535692,0.38824475874246
629.82,630,97954,90722,1175448,1632996,2025-10-17,2025-10-17,660.64,-7232,457548,170079065,62966839,0.960139332844992,87.9901409382748,0.280189296238325
652.3,654,6643,9535,624442,1620950,2025-10-17,2025-10-17,660.64,2892,996508,170079065,62966839,0.953056744520556,88.9431976827954,0.614767883031556
631.57,639,2098,2179,965080,1618997,2025-10-17,2025-11-07,660.64,81,653917,175818360,89991170,0.920835002669801,77.3954216158085,0.403902539658814
637.11,644,2493,2345,977256,1615705,2025-10-17,2025-10-31,660.64,-148,638449,419113393,176854159,0.385505456753562,89.5284735031123,0.39515196152763
619.49,627,1865,2136,936230,1604136,2025-10-17,2025-11-21,660.64,271,667906,955429758,319411262,0.167896801054003,97.6002292363182,0.416364946613005
646.48,658,1438,1389,1235242,1600128,2025-10-17,2025-11-07,660.64,-49,364886,175818360,89991170,0.910102903928805,78.3055245197373,0.228035507159427
654.87,666,1384,1417,950808,1577121,2025-10-17,2025-10-24,660.64,33,626313,173287338,82519072,0.910119007079444,86.5852501006161,0.397124253624167
623.08,630,2242,2253,959576,1559076,2025-10-17,2025-11-14,660.64,11,599500,100572682,37272857,1.55019829340934,73.7171332469785,0.384522627505009
655.55,674,388,837,547080,1544265,2025-10-17,2025-11-07,660.64,449,997185,175818360,89991170,0.878329771703023,79.1838542914403,0.645734378490738
654.8,671,946,947,1303588,1534140,2025-10-17,2025-11-14,660.64,1,230552,100572682,37272857,1.52540428423695,75.2425375312155,0.150280939158095
645.12,657,1269,1291,1022814,1533708,2025-10-17,2025-11-07,660.64,22,510894,175818360,89991170,0.872325279339428,80.0561795707798,0.333110344341948
641.25,655,1079,1094,1132950,1504250,2025-10-17,2025-11-28,660.64,15,371300,279514775,81595020,0.538164753544781,84.7126528463478,0.246833970417151
652.53,669,850,909,991100,1497123,2025-10-17,2025-11-07,660.64,59,506023,175818360,89991170,0.851516872299344,80.9076964430791,0.337996944806806
647.41,664,878,898,1215152,1489782,2025-10-17,2025-11-28,660.64,20,274630,279514775,81595020,0.532988640761477,85.2456414871092,0.184342407144133
649.51,661,1396,1286,1056772,1477614,2025-10-17,2025-10-31,660.64,-110,420842,419113393,176854159,0.352557094256351,89.8810305973687,0.284811865615783
631.45,641,1130,1547,741280,1477385,2025-10-17,2025-11-21,660.64,417,736105,955429758,319411262,0.154630415017909,97.7548596513361,0.498248594645269
557.83,560,6383,6786,804258,1472562,2025-10-17,2025-11-21,660.64,403,668304,955429758,319411262,0.154125616003683,97.9089852673398,0.453837597330367
656.1,677,497,704,877702,1471360,2025-10-17,2025-11-14,660.64,207,593658,100572682,37272857,1.46298176675849,76.705519297974,0.403475695954763
659.53,705,320,320,1455040,1455040,2025-10-17,2025-12-19,660.64,0,0,744273030,196619847,0.195498149382089,96.8466214609442,0
632.3,642,1405,1499,953995,1454030,2025-10-17,2025-11-21,660.64,94,500035,955429758,319411262,0.152185965302538,98.0611712326423,0.343895930620414
642.56,652,1841,1529,1218742,1443376,2025-10-17,2025-11-07,660.64,-312,224634,175818360,89991170,0.820947254882823,81.7286436979619,0.15563096518163
635.28,645,1218,1481,785610,1439532,2025-10-17,2025-11-14,660.64,263,653922,100572682,37272857,1.43133500208337,78.1368543000574,0.454260134543727
643.31,651,1666,1855,872984,1426495,2025-10-17,2025-10-31,660.64,189,553511,419113393,176854159,0.340360156421916,90.2213907537906,0.388021689525726
646.31,647,18221,20512,838166,1415328,2025-10-17,2025-10-17,660.64,2291,577162,170079065,62966839,0.832158855059557,89.7753565378549,0.40779381175247
419.18,420,17034,17045,868734,1397690,2025-10-17,2025-12-19,660.64,11,528956,744273030,196619847,0.187792643782887,97.0344141047271,0.378450157044838
657.66,676,756,756,1143828,1386504,2025-10-17,2025-10-31,660.64,0,242676,419113393,176854159,0.330818347291517,90.5522091010821,0.175027262813522
614.52,620,2503,2530,851020,1386440,2025-10-17,2025-11-14,660.64,27,535420,100572682,37272857,1.3785453190957,79.5153996191531,0.386183318427051
633.64,639,2607,2580,894201,1382880,2025-10-17,2025-10-31,660.64,-27,488679,419113393,176854159,0.329953664830749,90.8821627659129,0.353377733425894
644.36,653,1353,1597,742797,1379808,2025-10-17,2025-10-31,660.64,244,637011,419113393,176854159,0.329220688969966,91.2113834548828,0.461666405760802
647.2,648,17907,17121,913257,1369680,2025-10-17,2025-10-17,660.64,-786,456423,170079065,62966839,0.80531957298801,90.5806761108429,0.333233309970212
629.79,632,6045,6050,628680,1337050,2025-10-17,2025-10-24,660.64,5,708370,173287338,82519072,0.771579744620464,87.3568298452366,0.52980068060282
661.74,690,464,469,1396640,1325394,2025-10-17,2025-11-14,660.64,5,-71246.0000000002,100572682,37272857,1.31784692785661,80.8332465470097,-0.0537545816564737
660.67,690,419,450,1036606,1319850,2025-10-17,2025-11-07,660.64,31,283244,175818360,89991170,0.750689518432546,82.4793332163945,0.214603174603175
654.75,672,713,765,927613,1319625,2025-10-17,2025-11-07,660.64,52,392012,175818360,89991170,0.75056154544952,83.229894761844,0.297063180827887
650.09,663,864,1011,864864,1305201,2025-10-17,2025-11-07,660.64,147,440337,175818360,89991170,0.742357624084311,83.9722523859283,0.337371025612147
656.98,669,1241,1082,999005,1300564,2025-10-17,2025-10-24,660.64,-159,301559,173287338,82519072,0.75052454207589,88.1073543873125,0.231867866556355
652.75,662,1584,1403,834768,1297775,2025-10-17,2025-10-24,660.64,-181,463007,173287338,82519072,0.748915076530289,88.8562694638428,0.356769856099863
638.3,652,894,944,1028100,1293280,2025-10-17,2025-11-28,660.64,50,265180,279514775,81595020,0.462687526983144,85.7083290140924,0.205044537919089
611.36,615,3505,3542,743060,1289288,2025-10-17,2025-11-07,660.64,37,546228,175818360,89991170,0.733306805955874,84.7055591918842,0.423666395716085
627.86,630,6392,6006,607240,1285284,2025-10-17,2025-10-24,660.64,-386,678044,173287338,82519072,0.74170681760949,89.5979762814523,0.527544106983359
648.99,656,1073,1821,387353,1276521,2025-10-17,2025-10-24,660.64,748,889168,173287338,82519072,0.736649898794106,90.3346261802464,0.696555716670544
636.99,643,2249,2121,845624,1274721,2025-10-17,2025-10-31,660.64,-128,429097,419113393,176854159,0.304147044997915,91.5155304998807,0.336620327114718
647.39,659,728,1085,620984,1259685,2025-10-17,2025-11-07,660.64,357,638701,175818360,89991170,0.716469542771301,85.4220287346555,0.507032313633964
638.69,648,1335,1349,764955,1255919,2025-10-17,2025-11-07,660.64,14,490964,175818360,89991170,0.714327559419847,86.1363562940753,0.390920115071115
656.8,674,727,727,1174832,1250440,2025-10-17,2025-10-31,660.64,0,75608,419113393,176854159,0.298353624790988,91.8138841246717,0.0604651162790698
483.46,485,8119,8118,876852,1250172,2025-10-17,2025-12-19,660.64,-1,373320,744273030,196619847,0.167972229223461,97.2023863339506,0.298614910588303
647.43,666,682,673,928884,1249761,2025-10-17,2025-11-28,660.64,-9,320877,279514775,81595020,0.447118045906518,86.1554470599989,0.256750690732068
649.06,667,511,692,756280,1241448,2025-10-17,2025-11-28,660.64,181,485168,279514775,81595020,0.444143963409448,86.5995910234083,0.390808153059975
453.83,455,10743,10583,859440,1238211,2025-10-17,2025-12-19,660.64,-160,378771,744273030,196619847,0.166365157689511,97.3687514916401,0.305901821256636
623.38,627,5489,3415,1141712,1236230,2025-10-17,2025-10-31,660.64,-2074,94518,419113393,176854159,0.294963134237039,92.1088472589088,0.0764566464169289
624.2,630,1954,2116,652636,1227280,2025-10-17,2025-11-07,660.64,162,574644,175818360,89991170,0.69803858937144,86.8343948834468,0.468225669773809
429.88,430,102271,102271,715897,1227252,2025-10-17,2025-10-31,660.64,0,511355,419113393,176854159,0.292820993195987,92.4016682521047,0.416666666666667
596.42,600,2769,3421,537186,1224718,2025-10-17,2025-11-14,660.64,652,687532,100572682,37272857,1.21774419817103,82.0509907451807,0.561379844176374
636.27,642,2147,2118,867388,1213614,2025-10-17,2025-10-31,660.64,-29,346226,419113393,176854159,0.289566981220283,92.691235233325,0.285285107126319
655.1,675,393,607,677139,1207930,2025-10-17,2025-11-07,660.64,214,530791,175818360,89991170,0.687032912831174,87.5214277962779,0.439421986373383
646.6,663,715,724,929500,1187360,2025-10-17,2025-11-28,660.64,9,257860,279514775,81595020,0.424793286866499,87.0243843102749,0.217170866460046
578.81,580,9993,9893,609573,1177267,2025-10-17,2025-10-31,660.64,-100,567694,419113393,176854159,0.280894626528912,92.9721298598539,0.482213465594466
478.47,480,7389,7668,753678,1173204,2025-10-17,2025-12-19,660.64,279,419526,744273030,196619847,0.157630862964361,97.5263823546045,0.357589984350548
554.17,555,14000,14003,574000,1162249,2025-10-17,2025-10-31,660.64,3,588249,419113393,176854159,0.277311348053246,93.2494412079072,0.506129925687181
647.72,661,718,875,678510,1162000,2025-10-17,2025-11-07,660.64,157,483490,175818360,89991170,0.660909361229396,88.1823371575073,0.416084337349398
626.77,631,2690,2731,726300,1155213,2025-10-17,2025-10-31,660.64,41,428913,419113393,176854159,0.27563256610127,93.5250737740085,0.371284776054286
658.01,672,838,822,786044,1149978,2025-10-17,2025-10-24,660.64,-16,363934,173287338,82519072,0.66362494413758,90.9982511243839,0.316470402042474
641.77,656,800,797,952000,1134131,2025-10-17,2025-11-28,660.64,-3,182131,279514775,81595020,0.405749928603953,87.4301342388788,0.160590795948616
649.85,651,8002,9807,560140,1127805,2025-10-17,2025-10-17,660.64,1805,567665,170079065,62966839,0.663106302942105,91.243782413785,0.503336126369364
659.35,680,591,542,997017,1119230,2025-10-17,2025-10-31,660.64,-49,122213,419113393,176854159,0.267047061414236,93.7921208354227,0.109193820751767
443.95,445,10659,10658,671517,1119090,2025-10-17,2025-12-19,660.64,-1,447573,744273030,196619847,0.150360144045526,97.67674249865,0.399943704259711
628.1,638,1121,1127,773490,1115730,2025-10-17,2025-11-28,660.64,6,342240,279514775,81595020,0.399166734567073,87.8293009734459,0.30674087816945
643.36,648,2507,2339,621736,1085296,2025-10-17,2025-10-24,660.64,-168,463560,173287338,82519072,0.62629850081718,91.6245496252011,0.427127714466837
643.57,658,744,752,841464,1085136,2025-10-17,2025-11-28,660.64,8,243672,279514775,81595020,0.388221338210118,88.217522311656,0.224554341575618
636.74,637,15563,41491,311260,1078766,2025-10-17,2025-10-17,660.64,25928,767506,170079065,62966839,0.634273242271175,91.8780556560562,0.711466620193814
623.35,631,343,1387,178017,1061055,2025-10-17,2025-11-21,660.64,1044,883038,955429758,319411262,0.111055259804876,98.1722264924472,0.832226416161273
655.71,673,586,613,970416,1059877,2025-10-17,2025-11-07,660.64,27,89460.9999999998,175818360,89991170,0.602824983693398,88.7851621412007,0.0844069642043367
568.96,570,10121,10126,516171,1053104,2025-10-17,2025-10-31,660.64,5,536933,419113393,176854159,0.25126946969218,94.0433903051149,0.509857525942357
635.45,641,1843,1894,646893,1051170,2025-10-17,2025-10-31,660.64,51,404277,419113393,176854159,0.250808019394408,94.2941983245093,0.384597163161049
643,655,800,848,733600,1017600,2025-10-17,2025-11-14,660.64,48,284000,100572682,37272857,1.01180557161636,83.062796316797,0.279088050314465
666.04,687,485,485,1016560,1016560,2025-10-17,2025-10-31,660.64,0,0,419113393,176854159,0.242550111014944,94.5367484355242,0
493.26,495,5848,5698,707608,991452,2025-10-17,2025-12-19,660.64,-150,283844,744273030,196619847,0.133210792281429,97.8099532909314,0.2862912173257
626,636,983,990,686134,990000,2025-10-17,2025-11-28,660.64,7,303866,279514775,81595020,0.354185212570606,88.5717075242266,0.306935353535354
652.55,667,486,682,529740,985490,2025-10-17,2025-11-07,660.64,196,455750,175818360,89991170,0.560515977967261,89.345678119168,0.462460298937584
634.41,646,807,839,673038,972401,2025-10-17,2025-11-28,660.64,32,299363,279514775,81595020,0.347888944332191,88.9195964685588,0.307859617585749
650.95,666,578,633,589560,952665,2025-10-17,2025-11-07,660.64,55,363105,175818360,89991170,0.541846141665751,89.8875242608337,0.381146573034592
622.66,631,1136,1140,670240,950760,2025-10-17,2025-11-28,660.64,4,280520,279514775,81595020,0.340146598690534,89.2597430672493,0.295048171988725
601.15,603,5123,5127,512300,948495,2025-10-17,2025-10-31,660.64,4,436195,419113393,176854159,0.226309876000551,94.7630583115248,0.459881180185452
630.39,641,858,892,792792,946412,2025-10-17,2025-11-28,660.64,34,153620,279514775,81595020,0.338591045857952,89.5983341131073,0.162318313799909
631.98,637,1907,1875,566379,941250,2025-10-17,2025-10-31,660.64,-32,374871,419113393,176854159,0.224581226875754,94.9876395384005,0.398269322709163
650.18,665,631,632,725019,936624,2025-10-17,2025-11-14,660.64,1,211605,100572682,37272857,0.931290665988205,83.9940869827853,0.22592310254702
656.69,695,143,244,483912,934764,2025-10-17,2025-12-19,660.64,101,450852,744273030,196619847,0.125594232535875,97.9355475234673,0.482316392158877
468.68,470,7029,7047,618552,930204,2025-10-17,2025-12-19,660.64,18,311652,744273030,196619847,0.124981554148214,98.0605290776155,0.335036185610898
344.62,345,24423,24363,561729,925794,2025-10-17,2025-12-19,660.64,-60,364065,744273030,196619847,0.124389029654884,98.1849181072704,0.393246229722811
639.51,646,1390,1404,635230,911196,2025-10-17,2025-10-31,660.64,14,275966,419113393,176854159,0.217410375143989,95.2050499135445,0.302861294386718
629.45,639,668,935,423512,892925,2025-10-17,2025-11-21,660.64,267,469413,955429758,319411262,0.093457943142692,98.2656844355899,0.525702606601898
616.21,623,1249,1306,537070,886774,2025-10-17,2025-11-21,660.64,57,349704,955429758,319411262,0.0928141490857772,98.3584985846757,0.394355269775614
652.2,668,490,561,589470,886380,2025-10-17,2025-11-07,660.64,71,296910,175818360,89991170,0.50414530086619,90.3916695616999,0.334969200568605
624.86,625,69780,62529,697800,875406,2025-10-17,2025-10-17,660.64,-7251,177606,170079065,62966839,0.514705322492219,92.3927609785484,0.20288414746986
424.11,425,9817,9820,500667,873980,2025-10-17,2025-12-19,660.64,3,373313,744273030,196619847,0.117427337115789,98.3023454443862,0.427141353349047
605.58,610,1442,1966,364826,868972,2025-10-17,2025-11-14,660.64,524,504146,100572682,37272857,0.864023890702249,84.8581108734875,0.580163687667727
576.72,580,2649,2622,558939,860016,2025-10-17,2025-11-28,660.64,-27,301077,279514775,81595020,0.307681767448608,89.9060158805559,0.350083021711224
645.39,656,853,808,665340,857288,2025-10-17,2025-11-07,660.64,-45,191948,175818360,89991170,0.48759867854529,90.8792682402452,0.223901419359655
581.19,585,2200,2213,521400,843153,2025-10-17,2025-11-28,660.64,13,321753,279514775,81595020,0.301648812661155,90.207664693217,0.381606896968878
552.98,555,4313,4158,526186,839916,2025-10-17,2025-11-21,660.64,-155,313730,955429758,319411262,0.0879097592436513,98.4464083439193,0.373525447782874
653.11,693,210,210,837690,837690,2025-10-17,2025-11-28,660.64,0,0,279514775,81595020,0.299694354260879,90.5073590474779,0
434.04,435,8721,8718,470934,836928,2025-10-17,2025-12-19,660.64,-3,365994,744273030,196619847,0.112449056497452,98.4147945008836,0.437306434962147
659.14,672,3211,649,2414672,834614,2025-10-17,2025-10-17,660.64,-2562,-1580058,170079065,62966839,0.490721183115629,92.883482161664,-1.89316019141783
623.82,628,2160,1979,464400,827222,2025-10-17,2025-10-31,660.64,-181,362822,419113393,176854159,0.197374270022433,95.402424183567,0.438602938509856
538.42,540,4715,5201,452640,821758,2025-10-17,2025-11-21,660.64,486,369118,955429758,319411262,0.0860092532307331,98.53241759715,0.449180902406791
583.11,585,2416,4331,246432,818559,2025-10-17,2025-11-07,660.64,1915,572127,175818360,89991170,0.465570831169168,91.3448390714144,0.69894412009397
599.13,601,4301,4285,404294,801295,2025-10-17,2025-10-31,660.64,-16,397001,419113393,176854159,0.191188116004682,95.5936122995716,0.495449241540257
634.76,635,34004,33177,578068,796248,2025-10-17,2025-10-17,660.64,-827,218180,170079065,62966839,0.468163439162839,93.3516456008269,0.274010107403723
473.6,475,5655,5669,559845,793660,2025-10-17,2025-12-19,660.64,14,233815,744273030,196619847,0.10663559849804,98.5214300993817,0.294603482599602
636.98,649,638,645,560164,775290,2025-10-17,2025-11-28,660.64,7,215126,279514775,81595020,0.277369952983702,90.7847290004616,0.277478104967174
642.37,647,1547,1669,365092,772747,2025-10-17,2025-10-24,660.64,122,407655,173287338,82519072,0.445933908916069,92.0704835341172,0.527540061624309
656,682,296,297,604728,772200,2025-10-17,2025-11-21,660.64,1,167472,955429758,319411262,0.0808222680457897,98.6132398651958,0.216876456876457
610.8,617,1241,1238,559691,767560,2025-10-17,2025-11-28,660.64,-3,207869,279514775,81595020,0.274604446222923,91.0593334466845,0.27081791651467
641.1,651,746,772,508026,764280,2025-10-17,2025-11-07,660.64,26,256254,175818360,89991170,0.434698628743892,91.7795377001583,0.335288114303658
628.66,639,731,739,545326,764126,2025-10-17,2025-11-28,660.64,8,218800,279514775,81595020,0.273375888626997,91.3327093353115,0.286340210907625
657.9,678,378,379,700434,761790,2025-10-17,2025-11-28,660.64,1,61356,279514775,81595020,0.272540154630466,91.605249489942,0.0805418816209192
640.11,644,1853,1952,405807,759328,2025-10-17,2025-10-24,660.64,99,353521,173287338,82519072,0.43819012327375,92.508673657391,0.465570873193139
656.44,673,394,452,567360,748512,2025-10-17,2025-11-14,660.64,58,181152,100572682,37272857,0.744249815272899,85.6023606887604,0.242016160061562
573.95,575,7076,7107,389180,746235,2025-10-17,2025-10-31,660.64,31,357055,419113393,176854159,0.178050859854054,95.7716631594257,0.478475279235093
650.53,664,495,550,485595,740850,2025-10-17,2025-11-07,660.64,55,255255,175818360,89991170,0.421372375444749,92.200910075603,0.344543429844098
659.64,700,177,182,624633,734552,2025-10-17,2025-10-31,660.64,5,109919,419113393,176854159,0.175263308753295,95.946926468179,0.149640869536806
374.5,375,14679,14689,543123,734450,2025-10-17,2025-12-19,660.64,10,191327,744273030,196619847,0.0986801846091346,98.6201102839908,0.260503778337531
658.84,690,231,232,600600,722912,2025-10-17,2025-11-28,660.64,1,122312,279514775,81595020,0.25863105089883,91.8638805408408,0.169193484130849
640.23,649,766,816,465728,715632,2025-10-17,2025-11-07,660.64,50,249904,175818360,89991170,0.407029163507156,92.6079392391102,0.349207413866345
635.44,648,556,569,489836,714664,2025-10-17,2025-11-28,660.64,13,224828,279514775,81595020,0.255680222986424,92.1195607638272,0.314592591763402
627.76,637,772,771,459340,712404,2025-10-17,2025-11-21,660.64,-1,253064,955429758,319411262,0.0745637231868593,98.6878035883827,0.355225405809063
504.61,505,18195,18209,400290,710151,2025-10-17,2025-10-31,660.64,14,309861,419113393,176854159,0.169441256676806,96.1163677248558,0.436331146474482
614.01,615,7088,7146,368576,707454,2025-10-17,2025-10-24,660.64,58,338878,173287338,82519072,0.408254872032254,92.9169285294232,0.479010649455654
603.73,606,3087,3108,348831,705516,2025-10-17,2025-10-31,660.64,21,356685,419113393,176854159,0.168335350714979,96.2847030755708,0.505566138826051
630.44,639,834,817,467874,699352,2025-10-17,2025-11-14,660.64,-17,231478,100572682,37272857,0.695369742650395,86.2977304314108,0.330989258627987
608.85,615,1169,1136,493318,698640,2025-10-17,2025-11-28,660.64,-33,205322,279514775,81595020,0.249947431222553,92.3695081950498,0.293888125500973
652.22,669,366,414,479826,694692,2025-10-17,2025-11-14,660.64,48,214866,100572682,37272857,0.690736277670312,86.9884667090811,0.309296781883194
630.69,637,940,1093,407960,689683,2025-10-17,2025-11-07,660.64,153,281723,175818360,89991170,0.392270181566931,93.0002094206771,0.408481867756636
631.85,643,612,614,495720,684610,2025-10-17,2025-11-28,660.64,2,188890,279514775,81595020,0.244928018563598,92.6144362136134,0.275908911643125
660,700,128,171,458240,684000,2025-10-17,2025-11-21,660.64,43,225760,955429758,319411262,0.0715908201804198,98.7593944085631,0.330058479532164
606.65,610,2294,2041,412920,683735,2025-10-17,2025-11-07,660.64,-253,270815,175818360,89991170,0.388887144664528,93.3890965653416,0.396081815323188
659.5,674,445,471,489500,682950,2025-10-17,2025-10-24,660.64,26,193450,173287338,82519072,0.394114196618336,93.3110427260415,0.283256460941504
648.52,663,474,461,491064,667528,2025-10-17,2025-11-14,660.64,-13,176464,100572682,37272857,0.663726955198431,87.6521936642796,0.264354454045373
619.43,623,1826,1836,334158,655452,2025-10-17,2025-10-31,660.64,10,321294,419113393,176854159,0.156390134733776,96.4410932103046,0.49018692444298
655.49,672.5,342,384,444942,653184,2025-10-17,2025-11-07,660.64,42,208242,175818360,89991170,0.371510688644804,93.7606072539864,0.318810626102293
619.89,620,59290,58556,533610,644116,2025-10-17,2025-10-17,660.64,-734,110506,170079065,62966839,0.378715628522535,93.7303612293494,0.171562265182048
523.67,525,4945,4810,400545,639730,2025-10-17,2025-11-21,660.64,-135,239185,955429758,319411262,0.0669573032076315,98.8263517117707,0.373884294936927
623.27,632,645,727,388290,634671,2025-10-17,2025-11-28,660.64,82,246381,279514775,81595020,0.227061700047878,92.8414979136613,0.388202706599167
627.72,632,1380,1447,328440,619316,2025-10-17,2025-10-31,660.64,67,290876,419113393,176854159,0.147768124413051,96.5888613347176,0.469672994077337
636.18,639,2364,2195,375876,618990,2025-10-17,2025-10-24,660.64,-169,243114,173287338,82519072,0.357204402320497,93.668247128362,0.392759172199874
650.72,666,266,403,308826,615784,2025-10-17,2025-11-14,660.64,137,306958,100572682,37272857,0.612277596415297,88.2644712606948,0.498483234380887
624.74,629,1475,1409,359900,600234,2025-10-17,2025-10-31,660.64,-66,240334,419113393,176854159,0.143215179954891,96.7320765146725,0.400400510467584
636.78,646,670,649,464310,598378,2025-10-17,2025-11-14,660.64,-21,134068,100572682,37272857,0.594970709839477,88.8594419705343,0.224052354865988
656.51,676,266,307,364686,598343,2025-10-17,2025-11-14,660.64,41,233657,100572682,37272857,0.594935909136837,89.4543778796711,0.390506782898772
641.78,654,475,489,393775,597558,2025-10-17,2025-11-14,660.64,14,203783,100572682,37272857,0.594155379091909,90.048533258763,0.34102631041673
618.84,627,850,730,471750,595680,2025-10-17,2025-11-28,660.64,-120,123930,279514775,81595020,0.21311216911521,93.0546100827765,0.208047945205479
610.21,616,871,1026,346658,594054,2025-10-17,2025-11-21,660.64,155,247396,955429758,319411262,0.0621766273266946,98.8885283390974,0.416453723062213
626.84,637,577,583,420056,592328,2025-10-17,2025-11-28,660.64,6,172272,279514775,81595020,0.211912948072244,93.2665230308487,0.290838859550789
631.03,636,1172,1188,363320,590436,2025-10-17,2025-10-31,660.64,16,227116,419113393,176854159,0.140877387805166,96.8729539024777,0.384658117052483
620.65,624,1806,1746,341334,584910,2025-10-17,2025-10-31,660.64,-60,243576,419113393,176854159,0.139558890211843,97.0125127926895,0.416433297430374
631.93,634,3070,2824,374540,584568,2025-10-17,2025-10-24,660.64,-246,210028,173287338,82519072,0.337340285070338,94.0055874134324,0.359287542253425
645.91,659,439,446,431098,583814,2025-10-17,2025-11-14,660.64,7,152716,100572682,37272857,0.580489640318034,90.6290228990811,0.261583312493363
627.24,629,3519,3304,334305,581504,2025-10-17,2025-10-24,660.64,-215,247199,173287338,82519072,0.33557212356739,94.3411595369998,0.425102836781862
458.8,460,5043,4815,408483,577800,2025-10-17,2025-12-19,660.64,-228,169317,744273030,196619847,0.0776328009628402,98.6977430849537,0.29303738317757
613.17,619,990,990,594000,577170,2025-10-17,2025-11-28,660.64,0,-16830,279514775,81595020,0.206489978928663,93.4730130097774,-0.0291595197255575
429.15,430,6756,6762,452652,574770,2025-10-17,2025-12-19,660.64,6,122118,744273030,196619847,0.0772256922973549,98.774968777251,0.212464116081215
642.93,659,285,355,331170,570485,2025-10-17,2025-11-28,660.64,70,239315,279514775,81595020,0.204098334336709,93.6771113441141,0.41949393936738
659.47,675,5587,364,5559065,565292,2025-10-17,2025-10-17,660.64,-5223,-4993773,170079065,62966839,0.332370124447709,94.0627313537971,-8.83397076201326
662.39,676,410,411,484210,559371,2025-10-17,2025-10-24,660.64,1,75160.9999999999,173287338,82519072,0.322799695843905,94.6639592328437,0.134366994356161
557.57,560,1984,2285,313472,555255,2025-10-17,2025-11-28,660.64,301,241783,279514775,81595020,0.198649606268577,93.8757609503827,0.435444975731871
463.74,465,4399,4397,413506,554022,2025-10-17,2025-12-19,660.64,-2,140516,744273030,196619847,0.0744380056334972,98.8494067828845,0.253628917263213
637.96,646,684,684,387144,549936,2025-10-17,2025-11-07,660.64,0,162792,175818360,89991170,0.312786446193674,94.0733937001801,0.296019900497512
608.74,611,2383,2427,305024,548502,2025-10-17,2025-10-31,660.64,44,243478,419113393,176854159,0.130871980986778,97.1433847736763,0.44389628479021
624.04,633,620,608,461280,544768,2025-10-17,2025-11-28,660.64,-12,83488,279514775,81595020,0.194897747355216,94.0706586977379,0.153254229323308
658.25,677,290,290,529250,543750,2025-10-17,2025-10-31,660.64,0,14500,419113393,176854159,0.129738158952129,97.2731229326284,0.0266666666666667
616.64,618,3923,3981,235380,541416,2025-10-17,2025-10-24,660.64,58,306036,173287338,82519072,0.312438292519676,94.9763975253633,0.565251119287203
384.43,385,9438,9433,377520,537681,2025-10-17,2025-12-19,660.64,-5,160161,744273030,196619847,0.0722424403850829,98.9216492232696,0.297873646269814
650.53,668,262,302,342172,527594,2025-10-17,2025-11-14,660.64,40,185422,100572682,37272857,0.524589768820126,91.1536126679012,0.35144827272486
650.74,667,339,324,403071,526824,2025-10-17,2025-11-14,660.64,-15,123753,100572682,37272857,0.523824153362043,91.6774368212633,0.234903876816546
518.76,520,4283,4221,312659,523404,2025-10-17,2025-11-21,660.64,-62,210745,955429758,319411262,0.0547820491896381,98.9433103882871,0.402643082590122
645.8,651,929,998,273126,518960,2025-10-17,2025-10-24,660.64,69,245834,173287338,82519072,0.299479469180835,95.2758769945442,0.473705102512718
586.85,591,1252,1249,363080,518335,2025-10-17,2025-11-28,660.64,-3,155255,279514775,81595020,0.185441002179581,94.2560996999175,0.299526368082418
571.01,572,5315,5213,265750,516087,2025-10-17,2025-10-31,660.64,-102,250337,419113393,176854159,0.123137797221383,97.3962607298498,0.48506744017966
648.74,662.5,374,374,357544,514624,2025-10-17,2025-11-07,660.64,0,157080,175818360,89991170,0.292702081853113,94.3660957820332,0.305232558139535
634.94,647,321,421,295962,507726,2025-10-17,2025-11-28,660.64,100,211764,279514775,81595020,0.18164549619962,94.4377451961171,0.417083229931104
618.79,620,4119,4190,255378,506990,2025-10-17,2025-10-24,660.64,71,251612,173287338,82519072,0.292571866964683,95.5684488615089,0.496285922799266
657.71,672,354,354,505866,505866,2025-10-17,2025-11-14,660.64,0,0,100572682,37272857,0.502985492621147,92.1804223138844,0
597.38,600,1656,1899,243432,497538,2025-10-17,2025-11-07,660.64,243,254106,175818360,89991170,0.282984097906498,94.6490798799397,0.510726818856047
419.62,420,13031,13002,234558,494076,2025-10-17,2025-11-21,660.64,-29,259518,955429758,319411262,0.0517124357769899,98.9950228240641,0.525259271852913
642.56,643,12736,11201,394816,492844,2025-10-17,2025-10-17,660.64,-1535,98027.9999999999,170079065,62966839,0.289773465064616,94.3525048188618,0.198902695376224
615.69,623,656,673,328656,491963,2025-10-17,2025-11-28,660.64,17,163307,279514775,81595020,0.176006080537245,94.6137512766543,0.331949760449465
634.48,637,1677,1952,219687,491904,2025-10-17,2025-10-24,660.64,275,272217,173287338,82519072,0.283866095282738,95.8523149567916,0.55339456479313
659.81,685,20,192,40500,483648,2025-10-17,2025-10-24,660.64,172,443148,173287338,82519072,0.279101754105081,96.1314167108967,0.91626141325923
364.64,365,13268,13269,398040,477684,2025-10-17,2025-12-19,660.64,1,79644.0000000001,744273030,196619847,0.0641812857305873,98.9858305090002,0.16672946969126
613.77,621,651,659,307272,476457,2025-10-17,2025-11-28,660.64,8,169185,279514775,81595020,0.170458609925003,94.7842098865794,0.355089756263419
631.21,642,421,435,315750,469365,2025-10-17,2025-11-28,660.64,14,153615,279514775,81595020,0.16792135585677,94.9521312424361,0.327282605221949
601.21,605,1005,1232,224115,466928,2025-10-17,2025-11-14,660.64,227,242813,100572682,37272857,0.464269213781134,92.6446915276655,0.520022358907583
618.83,625,642,753,247170,464601,2025-10-17,2025-11-14,660.64,111,217431,100572682,37272857,0.461955464208462,93.106646991874,0.467995118391911
643.9,649,983,909,248699,463590,2025-10-17,2025-10-24,660.64,-74,214891,173287338,82519072,0.267526759514304,96.398943470411,0.463536745831446
623.47,629,596,836,241976,462308,2025-10-17,2025-11-07,660.64,240,220332,175818360,89991170,0.26294637260864,94.9120262525484,0.476591363333535
658.96,673,3927,329,3141600,461916,2025-10-17,2025-10-17,660.64,-3598,-2679684,170079065,62966839,0.271588981277619,94.6240938001394,-5.80123658847063
633.77,634,19402,19869,329834,456987,2025-10-17,2025-10-17,660.64,467,127153,170079065,62966839,0.268690917368343,94.8927847175077,0.278242050649143
389.39,390,7476,7411,284088,452071,2025-10-17,2025-12-19,660.64,-65,167983,744273030,196619847,0.0607399410939289,99.0465704500941,0.371585436800856
543.34,545,2317,2716,238651,450856,2025-10-17,2025-11-21,660.64,399,212205,955429758,319411262,0.0471888169930751,99.0422116410571,0.470671345174512
656.55,686,149,153,359090,450585,2025-10-17,2025-11-21,660.64,4,91494.9999999999,955429758,319411262,0.0471604527938515,99.089372093851,0.20305824650177
620.11,628,559,569,316394,448941,2025-10-17,2025-11-28,660.64,10,132547,279514775,81595020,0.160614407592586,95.1127456500287,0.295243695719482
630.81,631,23646,23302,331044,442738,2025-10-17,2025-10-17,660.64,-344,111694,170079065,62966839,0.260313049110424,95.1530977666181,0.252280129557436
528.72,530,3056,3452,256704,441856,2025-10-17,2025-11-21,660.64,396,185152,955429758,319411262,0.0462468325170169,99.135618926368,0.419032444959444
644.36,657,353,346,316288,437344,2025-10-17,2025-11-14,660.64,-7,121056,100572682,37272857,0.434853671298137,93.5415006631721,0.276798126874954
643.5,644,8109,8650,267597,432500,2025-10-17,2025-10-17,660.64,541,164903,170079065,62966839,0.254293495792677,95.4073912624108,0.381278612716763
629.95,638,533,535,275561,430675,2025-10-17,2025-11-14,660.64,2,155114,100572682,37272857,0.428222645986512,93.9697233091586,0.360164857491148
628.19,634,708,736,262668,427616,2025-10-17,2025-11-07,660.64,28,164948,175818360,89991170,0.243214644932418,95.1552408974808,0.385738606600314
652.53,677,130,174,245570,425778,2025-10-17,2025-11-28,660.64,44,180208,279514775,81595020,0.152327546906957,95.2650731969357,0.42324403797284
359.57,360,9621,9619,279009,413617,2025-10-17,2025-12-19,660.64,-2,134608,744273030,196619847,0.0555732887432452,99.1021437388373,0.325441169004176
642.5,653,348,391,309372,410550,2025-10-17,2025-11-07,660.64,43,101178,175818360,89991170,0.233508036362073,95.3887489338429,0.246445012787724
615,618,1386,1361,214830,408300,2025-10-17,2025-10-31,660.64,-25,193470,419113393,176854159,0.0974199361841916,97.493680666034,0.473842762674504
634.32,642,485,530,252685,407040,2025-10-17,2025-11-07,660.64,45,154355,175818360,89991170,0.231511657826862,95.6202605916697,0.379213345125786
439.01,440,4111,4110,279548,406890,2025-10-17,2025-12-19,660.64,-1,127342,744273030,196619847,0.0546694537621496,99.1568131925995,0.312964191796309
379.5,380,8088,8116,274992,405800,2025-10-17,2025-12-19,660.64,28,130808,744273030,196619847,0.0545230021300113,99.2113361947295,0.322345983242977
625.91,632,655,666,242350,405594,2025-10-17,2025-11-07,660.64,11,163244,175818360,89991170,0.230689218122612,95.8509498097923,0.402481299033023
645.38,646,5455,6532,223655,404984,2025-10-17,2025-10-17,660.64,1077,181329,170079065,62966839,0.238115137803703,95.6455064002145,0.447743614562551
656.91,680,120,175,225600,404075,2025-10-17,2025-11-14,660.64,55,178475,100572682,37272857,0.401774111980031,94.3714974211387,0.441687805481656
610.62,613,1583,1692,300770,402696,2025-10-17,2025-10-31,660.64,109,101926,419113393,176854159,0.0960828278756532,97.5897634939096,0.253109045036454
624.39,634,417,416,291900,399776,2025-10-17,2025-11-28,660.64,-1,107876,279514775,81595020,0.143024997515784,95.4080981944514,0.269841111022172
663.04,680,200,235,291800,398560,2025-10-17,2025-10-24,660.64,35,106760,173287338,82519072,0.229999493673335,96.6289429640843,0.267864311521477
599.95,600,80309,79412,240927,397060,2025-10-17,2025-10-17,660.64,-897,156133,170079065,62966839,0.233456128183677,95.8789625283982,0.393222686747595
597.97,602,981,980,302148,394940,2025-10-17,2025-11-28,660.64,-1,92792,279514775,81595020,0.141294856416803,95.5493930508682,0.234952144629564
587.94,590,1568,1877,180320,386662,2025-10-17,2025-11-07,660.64,309,206342,175818360,89991170,0.219921286946369,96.0708710967387,0.533649544046221
659.31,674,2342,263,2067986,386347,2025-10-17,2025-10-17,660.64,-2079,-1681639,170079065,62966839,0.227157292991939,96.1061198213901,-4.35266483239161
614.92,615,46875,47646,375000,381168,2025-10-17,2025-10-17,660.64,771,6168,170079065,62966839,0.224112238622666,96.3302320600128,0.0161818410779499
635.1,643,484,481,257004,379990,2025-10-17,2025-11-07,660.64,-3,122986,175818360,89991170,0.216126461423028,96.2869975581617,0.323655885681202
603.96,609,147,753,48216,379512,2025-10-17,2025-11-21,660.64,606,331296,955429758,319411262,0.0397216013864203,99.1753405277544,0.872952633908809
635.03,644,340,423,206040,379431,2025-10-17,2025-11-14,660.64,83,173391,100572682,37272857,0.377270440098237,94.7487678612369,0.456976367244638
622.18,626,1003,990,215645,378180,2025-10-17,2025-10-31,660.64,-13,162535,419113393,176854159,0.0902333369241674,97.6799968308338,0.429782114337088
613.47,616,1522,1494,235910,377982,2025-10-17,2025-10-31,660.64,-28,142072,419113393,176854159,0.0901860943393904,97.7701829251732,0.375869750411395
606.7,609,1424,1640,122464,377200,2025-10-17,2025-10-31,660.64,216,254736,419113393,176854159,0.0899995099894123,97.8601824351626,0.675334040296925
605.69,608,1410,1618,217140,373758,2025-10-17,2025-10-31,660.64,208,156618,419113393,176854159,0.0891782525308133,97.9493606876934,0.419035846724351
610.28,616,647,650,278857,371800,2025-10-17,2025-11-28,660.64,3,92943,279514775,81595020,0.133016224276516,95.6824092751448,0.24998117267348
533.53,535,1812,2526,157644,371322,2025-10-17,2025-11-21,660.64,714,213678,955429758,319411262,0.0388643955132074,99.2142049232676,0.575452033545009
616.78,622,701,704,297224,367488,2025-10-17,2025-11-28,660.64,3,70263.9999999999,279514775,81595020,0.131473550906209,95.813882826051,0.191200801114594
636.46,644,472,486,259600,366444,2025-10-17,2025-11-07,660.64,14,106844,175818360,89991170,0.208421919076028,96.4954194772378,0.291569789654081
259.87,260,28182,28182,225456,366366,2025-10-17,2025-12-19,660.64,0,140910,744273030,196619847,0.0492246776696987,99.2605608723992,0.384615384615385
643.2,654,337,339,252413,366120,2025-10-17,2025-11-07,660.64,2,113707,175818360,89991170,0.20823763798047,96.7036571152182,0.310573036163007
621.47,629,323,483,159885,363699,2025-10-17,2025-11-21,660.64,160,203814,955429758,319411262,0.0380665346619861,99.2522714579296,0.56039197248274
614.49,621,622,558,263106,363258,2025-10-17,2025-11-21,660.64,-64,100152,955429758,319411262,0.0380203774226593,99.2902918353523,0.27570487091819
585.84,589,1127,1148,287385,362768,2025-10-17,2025-11-28,660.64,21,75383,279514775,81595020,0.129784910296781,95.9436677363477,0.20779947514665
633.92,641,400,506,181600,358248,2025-10-17,2025-11-07,660.64,106,176648,175818360,89991170,0.203760289880989,96.9074174050992,0.493088586677385
596,601,716,716,233416,358000,2025-10-17,2025-11-28,660.64,0,124584,279514775,81595020,0.128079097070987,96.0717468334187,0.348
641.82,646,929,851,202522,355718,2025-10-17,2025-10-24,660.64,-78,153196,173287338,82519072,0.205276394747318,96.8342193588316,0.430666989019392
658.94,680,182,167,313040,351702,2025-10-17,2025-10-17,660.64,-15,38662,170079065,62966839,0.206787355045725,96.5370194150585,0.109928291565018
632.88,642,343,385,202027,351120,2025-10-17,2025-11-14,660.64,42,149093,100572682,37272857,0.349120648885549,95.0978885101225,0.424621212121212
572.83,575,1044,1618,121104,351106,2025-10-17,2025-11-14,660.64,574,230002,100572682,37272857,0.349106728604493,95.446995238727,0.655078523294959
599.31,604,374,730,105468,342370,2025-10-17,2025-11-21,660.64,356,236902,955429758,319411262,0.0358341361186701,99.326125971471,0.691947308467448
349.6,350,8501,8500,204024,340000,2025-10-17,2025-12-19,660.64,-1,135976,744273030,196619847,0.0456821604834989,99.3062430328827,0.399929411764706
655.6,680,146,139,256376,339160,2025-10-17,2025-11-07,660.64,-7,82784,175818360,89991170,0.192903630769847,97.1003210358691,0.244085387427763
589.4,591,2184,2114,181272,338240,2025-10-17,2025-10-31,660.64,-70,156968,419113393,176854159,0.080703696338332,98.0300643840317,0.464072847682119
638.74,642,943,1031,165968,336106,2025-10-17,2025-10-24,660.64,88,170138,173287338,82519072,0.193958776145549,97.0281781349772,0.50620340011782
624.86,633,358,408,194752,332112,2025-10-17,2025-11-21,660.64,50,137360,955429758,319411262,0.0347604831458473,99.3608864546168,0.413595413595414
394.42,395,5844,5720,227916,331760,2025-10-17,2025-12-19,660.64,-124,103844,744273030,196619847,0.0445750398882518,99.350818072771,0.313009404388715
591.55,596,743,743,330635,330635,2025-10-17,2025-11-28,660.64,0,0,279514775,81595020,0.118288916927558,96.1900357503463,0
611.93,618,268,544,110148,330208,2025-10-17,2025-11-21,660.64,276,220060,955429758,319411262,0.0345612010966902,99.3954476557135,0.666428432987693
659.97,681,157,157,330171,330171,2025-10-17,2025-11-28,660.64,0,0,279514775,81595020,0.118122914969343,96.3081586653156,0
639.74,643,625,1000,116250,326000,2025-10-17,2025-10-24,660.64,375,209750,173287338,82519072,0.188126843982103,97.2163049789593,0.64340490797546
641.68,647.5,543,553,304623,321846,2025-10-17,2025-11-07,660.64,10,17223,175818360,89991170,0.183055967533766,97.2833770034028,0.0535131708953972
626.94,633,402,528,156780,319968,2025-10-17,2025-11-07,660.64,126,163188,175818360,89991170,0.181987819702106,97.4653648231049,0.510013501350135
641.6,642,7255,7960,210395,318400,2025-10-17,2025-10-17,660.64,705,108005,170079065,62966839,0.187207049850609,96.7242264649091,0.339211683417086
534.32,535,4614,4676,147648,317968,2025-10-17,2025-10-31,660.64,62,170320,419113393,176854159,0.0758668191736836,98.1059312032054,0.535651386303024
617.9,621,882,1019,148176,315890,2025-10-17,2025-10-31,660.64,137,167714,419113393,176854159,0.0753710106324376,98.1813022138379,0.530925322105796
599.33,600,4409,4685,149906,313895,2025-10-17,2025-10-24,660.64,276,163989,173287338,82519072,0.181141336477799,97.3974463154371,0.522432660603068
645.15,658,229,243,212970,312255,2025-10-17,2025-11-14,660.64,14,99285,100572682,37272857,0.310476954368185,95.7574721930951,0.317961281644809
635.45,638,1292,1224,170544,312120,2025-10-17,2025-10-24,660.64,-68,141576,173287338,82519072,0.180117026207651,97.5775633416447,0.45359477124183
639.05,649,294,312,208446,310440,2025-10-17,2025-11-14,660.64,18,101994,100572682,37272857,0.308672289359848,96.066144482455,0.328546579049092
664.29,677,238,238,302498,302498,2025-10-17,2025-10-24,660.64,0,0,173287338,82519072,0.174564398929136,97.7521277405739,0
602.24,605,872,1085,140392,299460,2025-10-17,2025-11-07,660.64,213,159068,175818360,89991170,0.170323508875865,97.6356883319808,0.531182795698925
539.35,540,4606,4604,151998,299260,2025-10-17,2025-10-31,660.64,-2,147262,419113393,176854159,0.0714031107089913,98.2527053245469,0.492087148299138
611.35,618,421,450,208395,299250,2025-10-17,2025-11-28,660.64,29,90855,279514775,81595020,0.107060530163388,96.415219195479,0.303609022556391
632.55,644,258,261,214656,298845,2025-10-17,2025-11-28,660.64,3,84189,279514775,81595020,0.106915636212791,96.5221348316918,0.281714601214677
299.77,300,12893,12886,154716,296378,2025-10-17,2025-12-19,660.64,-7,141662,744273030,196619847,0.039821139293466,99.3906392120644,0.477977447718792
667.1,700,93,90,348750,296100,2025-10-17,2025-11-28,660.64,-3,-52650,279514775,81595020,0.105933577214299,96.6280684089061,-0.177811550151976
646.47,657.5,166,265,133962,292295,2025-10-17,2025-11-07,660.64,99,158333,175818360,89991170,0.166248280327493,97.8019366123083,0.54168904702441
599.15,604,597,598,214920,290030,2025-10-17,2025-11-28,660.64,1,75110,279514775,81595020,0.103761956769548,96.7318303656757,0.258973209667965
249.87,250,22249,22270,155743,289510,2025-10-17,2025-12-19,660.64,21,133767,744273030,196619847,0.0388983596516993,99.4295375717161,0.462046216020172
508.93,510,2019,2700,129216,288900,2025-10-17,2025-11-21,660.64,681,159684,955429758,319411262,0.0302377016814668,99.425685357395,0.552731048805815
324.7,325,9574,9573,162758,287190,2025-10-17,2025-12-19,660.64,-1,124432,744273030,196619847,0.0385866460860472,99.4681242178022,0.433274139071695
603.16,608,699,590,218088,285560,2025-10-17,2025-11-21,660.64,-109,67472,955429758,319411262,0.0298881207759074,99.4555734781709,0.236279590979129
609.07,610,3012,3012,135540,280116,2025-10-17,2025-10-24,660.64,0,144576,173287338,82519072,0.161648279229727,97.9137760198036,0.516129032258065
409.25,410,3767,3726,184583,279450,2025-10-17,2025-12-19,660.64,-41,94867,744273030,196619847,0.0375467051385699,99.5056709229407,0.339477545178028
661,700,1,71,3576,276900,2025-10-17,2025-11-14,660.64,70,273324,100572682,37272857,0.275323273172729,96.3414677556277,0.987085590465872
637.71,638,7125,9505,142500,275645,2025-10-17,2025-10-17,660.64,2380,133145,170079065,62966839,0.162068741382133,96.8862952062913,0.483030709789766
414.66,415,8126,8103,138142,275502,2025-10-17,2025-11-21,660.64,-23,137360,955429758,319411262,0.0288354007914415,99.4844088789623,0.498580772553375
499.62,500,7105,7219,149205,274322,2025-10-17,2025-10-31,660.64,114,125117,419113393,176854159,0.0654529310162131,98.3181582555631,0.45609539154716
597.71,603,515,514,187975,271906,2025-10-17,2025-11-28,660.64,-1,83931,279514775,81595020,0.0972778630396193,96.8291082287153,0.308676527917736
637.78,647,233,294,165430,271068,2025-10-17,2025-11-07,660.64,61,105638,175818360,89991170,0.15417502472438,97.9561116370327,0.389710330987059
641.1,652,224,246,185024,268140,2025-10-17,2025-11-14,660.64,22,83116,100572682,37272857,0.266613154454805,96.6080809100825,0.309972402476318
334.67,335,8114,8124,178508,268092,2025-10-17,2025-12-19,660.64,10,89584,744273030,196619847,0.03602065225983,99.5416915752006,0.33415394715247
637.92,641,609,869,93786,267652,2025-10-17,2025-10-24,660.64,260,173866,173287338,82519072,0.154455601366558,98.0682316211702,0.649597238204833
625.17,627,1226,1461,106662,267363,2025-10-17,2025-10-24,660.64,235,160701,173287338,82519072,0.154288826342292,98.2225204475125,0.601059234075022
274.86,275,19063,19068,190630,266952,2025-10-17,2025-12-19,660.64,5,76322,744273030,196619847,0.0358674826629147,99.5775590578635,0.285901585303725
629.33,636,368,399,149408,266133,2025-10-17,2025-11-07,660.64,31,116725,175818360,89991170,0.151368150630002,98.1074797876627,0.43859649122807
614.41,617,751,1014,150951,262626,2025-10-17,2025-10-31,660.64,263,111675,419113393,176854159,0.0626622781295848,98.3808205336927,0.425224463686002
239.9,240,25892,25860,155352,258600,2025-10-17,2025-12-19,660.64,-32,103248,744273030,196619847,0.0347453138265671,99.6123043716901,0.399257540603248
646.57,661,193,178,196281,256854,2025-10-17,2025-11-14,660.64,-15,60573,100572682,37272857,0.255391419312055,96.8634723293946,0.235826578523208
641.8,653,230,227,184000,254240,2025-10-17,2025-11-14,660.64,-3,70240,100572682,37272857,0.252792303977734,97.1162646333723,0.276274386406545
605.84,612,410,411,152520,253176,2025-10-17,2025-11-28,660.64,1,100656,279514775,81595020,0.0905769650280562,96.9196851937433,0.397573229690018
429.59,430,6057,6095,163539,249895,2025-10-17,2025-11-21,660.64,38,86356,955429758,319411262,0.0261552456271725,99.5105641245895,0.345569139038396
562.09,563,2738,2738,147852,249158,2025-10-17,2025-10-31,660.64,0,101306,419113393,176854159,0.0594488279690933,98.4402693616618,0.406593406593407
632.8,633,8318,12423,174678,248460,2025-10-17,2025-10-17,660.64,4105,73782,170079065,62966839,0.146084998762193,97.0323802050535,0.29695725670128
479.25,480,3276,3275,160524,245625,2025-10-17,2025-11-21,660.64,-1,85101,955429758,319411262,0.0257083263257538,99.5362724509152,0.346467175572519
579.63,583,721,725,169435,244325,2025-10-17,2025-11-28,660.64,4,74890,279514775,81595020,0.0874104061225386,97.0070955998659,0.306517957638392
622.09,629,349,351,197185,242541,2025-10-17,2025-11-28,660.64,2,45356,279514775,81595020,0.0867721572142296,97.0938677570801,0.187003434470873
632.78,641,298,293,168370,240846,2025-10-17,2025-11-14,660.64,-5,72476,100572682,37272857,0.23947457223026,97.3557392056026,0.300922581234482
604.96,607,1113,1172,121317,239088,2025-10-17,2025-10-31,660.64,59,117771,419113393,176854159,0.0570461369150282,98.4973154985768,0.492584320417587
638.69,639,6418,7668,147614,237708,2025-10-17,2025-10-17,660.64,1250,90094,170079065,62966839,0.139763233058695,97.1721434381121,0.379011223854477
640.63,641,4811,6279,120275,232323,2025-10-17,2025-10-17,660.64,1468,112048,170079065,62966839,0.136597058550387,97.3087404966626,0.482294047511439
609.94,610,40787,38502,203935,231012,2025-10-17,2025-10-17,660.64,-2285,27077,170079065,62966839,0.135826240578169,97.4445667372407,0.117210361366509
563.96,565,2178,2208,111078,229632,2025-10-17,2025-10-31,660.64,30,118554,419113393,176854159,0.0547899455935544,98.5521054441703,0.516278219063545
524.48,525,4318,4395,107950,228540,2025-10-17,2025-10-31,660.64,77,120590,419113393,176854159,0.0545293955805416,98.6066348397509,0.52765380239783
600.95,606,447,452,200256,228260,2025-10-17,2025-11-28,660.64,5,28004,279514775,81595020,0.0816629460821883,97.1755307031623,0.122684657846315
618.86,626,111,319,51948,227766,2025-10-17,2025-11-21,660.64,208,175818,955429758,319411262,0.0238391151304291,99.5601115660457,0.771923816548563
582.2,586,581,591,137697,224580,2025-10-17,2025-11-28,660.64,10,86883,279514775,81595020,0.0803463788273804,97.2558770819897,0.386868821800695
631.47,638,296,329,137936,214837,2025-10-17,2025-11-07,660.64,33,76901,175818360,89991170,0.122192585575249,98.2296723732379,0.357950446152199
611.52,614,856,861,129256,213528,2025-10-17,2025-10-31,660.64,5,84272,419113393,176854159,0.0509475486983543,98.6575823884492,0.394664868307669
493.99,495,2044,2103,128772,212403,2025-10-17,2025-11-28,660.64,59,83631,279514775,81595020,0.075989900712762,97.3318669827025,0.393737376590726
479.99,480,211170,211169,211170,211169,2025-10-17,2025-10-17,660.64,-1,-0.999999999970896,170079065,62966839,0.124159313787385,97.5687260510281,-4.73554356923079e-06
659.89,720,45,35,248940,210385,2025-10-17,2025-11-28,660.64,-10,-38555,279514775,81595020,0.0752679352996635,97.4071349180021,-0.183259262780141
643.78,656,137,171,124122,208962,2025-10-17,2025-11-14,660.64,34,84840,100572682,37272857,0.207772126430913,97.5635113320335,0.40600683377839
454.99,455,208658,208658,208658,208658,2025-10-17,2025-10-17,660.64,0,0,170079065,62966839,0.122682941607187,97.6914089926353,0
616.05,619,843,701,148368,206795,2025-10-17,2025-10-31,660.64,-142,58427,419113393,176854159,0.0493410622170215,98.7069234506663,0.282535844677096
439.74,440,7934,7934,245954,206284,2025-10-17,2025-11-21,660.64,0,-39670,955429758,319411262,0.0215907028510201,99.5817022688967,-0.192307692307692
626.87,627,15813,15754,173943,204802,2025-10-17,2025-10-17,660.64,-59,30859,170079065,62966839,0.120415760752213,97.8118247533875,0.150677239480083
289.8,290,9240,10240,92400,204800,2025-10-17,2025-12-19,660.64,1000,112400,744273030,196619847,0.0275167837265311,99.6398211554166,0.548828125
601.84,604,927,939,94554,202824,2025-10-17,2025-10-31,660.64,12,108270,419113393,176854159,0.0483935859334374,98.7553170365997,0.533812566560171
304.76,305,8401,8411,126015,201864,2025-10-17,2025-12-19,660.64,10,75849,744273030,196619847,0.0271223048348265,99.6669434602514,0.375743074545238
634.37,643,237,231,149310,199353,2025-10-17,2025-11-14,660.64,-6,50043,100572682,37272857,0.198217842097519,97.761729174131,0.251027072579796
414.34,415,2962,2962,139214,195492,2025-10-17,2025-12-19,660.64,0,56278,744273030,196619847,0.0262661674036476,99.6932096276551,0.287878787878788
602.5,608,289,349,109820,191950,2025-10-17,2025-11-28,660.64,60,82130,279514775,81595020,0.0686725773261896,97.4758074953283,0.427871841625423
630.47,633,783,757,84564,191521,2025-10-17,2025-10-24,660.64,-26,106957,173287338,82519072,0.110522212534652,98.3330426600471,0.558460952062698
660.29,697,52,52,190892,190892,2025-10-17,2025-11-28,660.64,0,0,279514775,81595020,0.0682940642404324,97.5441015595687,0
657.48,678,84,92,152040,188784,2025-10-17,2025-10-24,660.64,8,36744,173287338,82519072,0.108942754951894,98.441985414999,0.194635138571065
617.01,624,266,267,136724,186633,2025-10-17,2025-11-28,660.64,1,49909,279514775,81595020,0.0667703523006968,97.6108719118694,0.267417873580771
618.05,626,233,233,124422,185235,2025-10-17,2025-11-28,660.64,0,60813,279514775,81595020,0.0662701998490062,97.6771421117184,0.328301886792453
658.32,683,73,75,91615,185100,2025-10-17,2025-10-31,660.64,2,93485,419113393,176854159,0.0441646587991522,98.7994816953988,0.50505132360886
599.99,602,919,920,102009,184920,2025-10-17,2025-10-31,660.64,1,82911,419113393,176854159,0.0441217109948095,98.8436034063937,0.448361453601557
661.79,681,95,95,182495,182495,2025-10-17,2025-11-21,660.64,0,0,955429758,319411262,0.0191008285509148,99.6008030974476,0
658.35,684,52,71,120224,182115,2025-10-17,2025-11-21,660.64,19,61891,955429758,319411262,0.0190610558730368,99.6198641533206,0.339845701891662
662.73,688,41,71,94423,179417,2025-10-17,2025-11-07,660.64,30,84994,175818360,89991170,0.102046794202835,98.3317191674408,0.473723225781281
620.9,621,17958,17870,161622,178700,2025-10-17,2025-10-17,660.64,-88,17078,170079065,62966839,0.105068780804974,97.9168935341925,0.0955679910464466
601.35,606,94,380,28482,176700,2025-10-17,2025-11-21,660.64,286,148218,955429758,319411262,0.0184942952132751,99.6383584485339,0.838811544991511
617.07,624,138,254,62928,176022,2025-10-17,2025-11-21,660.64,116,113094,955429758,319411262,0.0184233323827454,99.6567817809166,0.642499233050414
557.26,558,2374,2374,99708,175676,2025-10-17,2025-10-31,660.64,0,75968,419113393,176854159,0.041916102642895,98.8855195090365,0.432432432432432
588.09,592,449,449,121679,175559,2025-10-17,2025-11-28,660.64,0,53880,279514775,81595020,0.0628084865996797,97.7399505983181,0.30690537084399
649.16,664,133,118,145635,175112,2025-10-17,2025-11-14,660.64,-15,29477,100572682,37272857,0.174114875448981,97.93584404958,0.168332267348897
369.8,370,8366,8753,83660,175060,2025-10-17,2025-11-21,660.64,387,91400,955429758,319411262,0.018322644708749,99.6751044256254,0.522106706272135
626.15,628,857,946,78844,175010,2025-10-17,2025-10-24,660.64,89,96166,173287338,82519072,0.100994107255546,98.5429795222545,0.549488600651391
219.92,220,21634,21660,108170,173280,2025-10-17,2025-12-19,660.64,26,65110,744273030,196619847,0.0232817787311197,99.7164914063862,0.375750230840259
563.72,565,1357,1349,99061,172672,2025-10-17,2025-11-07,660.64,-8,73611,175818360,89991170,0.0982104485561121,98.4299296159969,0.426305365085248
625.86,626,11584,12330,150592,172620,2025-10-17,2025-10-17,660.64,746,22028,170079065,62966839,0.101493972817877,98.0183875070104,0.127609778704669
587.14,590,450,591,76500,169026,2025-10-17,2025-11-14,660.64,141,92526,100572682,37272857,0.168063530412762,98.1039075799928,0.547406907812999
640.53,651,158,159,129560,166473,2025-10-17,2025-11-14,660.64,1,36913,100572682,37272857,0.165525067731613,98.2694326477244,0.22173565683324
589.92,594,406,408,119770,166464,2025-10-17,2025-11-28,660.64,2,46694,279514775,81595020,0.0595546335609629,97.7995052318791,0.280505094194541
628.84,629,10353,10324,134589,165184,2025-10-17,2025-10-17,660.64,-29,30595,170079065,62966839,0.0971218885757633,98.1155093955861,0.185217696629213
592.32,594,962,980,75998,164640,2025-10-17,2025-10-31,660.64,18,88642,419113393,176854159,0.039282925038857,98.9248024340754,0.538398931000972
612.73,619,62,262,24800,164274,2025-10-17,2025-11-21,660.64,200,139474,955429758,319411262,0.0171937286466642,99.6922981542721,0.849032713636972
404.29,405,2313,2313,94833,164223,2025-10-17,2025-12-19,660.64,0,69390,744273030,196619847,0.0220648865914166,99.7385562929776,0.422535211267606
624.21,626,672,915,61152,163785,2025-10-17,2025-10-24,660.64,243,102633,173287338,82519072,0.0945164268147509,98.6374959490693,0.62663247550142
606.5,612,180,297,74700,163350,2025-10-17,2025-11-21,660.64,117,88650,955429758,319411262,0.0170970182404555,99.7093951725125,0.542699724517906
627.85,628,9929,10692,148935,160380,2025-10-17,2025-10-17,660.64,763,11445,170079065,62966839,0.0942973198964846,98.2098067154826,0.0713617658062103
594.96,595,39913,39943,159652,159772,2025-10-17,2025-10-17,660.64,30,120,170079065,62966839,0.0939398390977749,98.3037465545804,0.000751070275142078
558.71,560,975,1222,68250,157638,2025-10-17,2025-11-07,660.64,247,89388,175818360,89991170,0.0896595782146984,98.5195891942116,0.567046016823355
533.24,535,895,895,83235,157520,2025-10-17,2025-11-28,660.64,0,74285,279514775,81595020,0.0563548027112342,97.8558600345903,0.471590909090909
652.97,667.5,106,107,121370,155471,2025-10-17,2025-11-07,660.64,1,34101,175818360,89991170,0.0884270561959513,98.6080162504075,0.219339941210901
523.52,525,946,1049,90816,155252,2025-10-17,2025-11-28,660.64,103,64436,279514775,81595020,0.0555433965878906,97.9114034311782,0.415041352124288
558.31,559,2243,2243,78505,154767,2025-10-17,2025-10-31,660.64,0,76262,419113393,176854159,0.0369272379706558,98.9617296720461,0.492753623188406
660.02,681,80,73,125280,153154,2025-10-17,2025-10-24,660.64,-7,27874,173287338,82519072,0.0883815296418253,98.7258774787111,0.181999817177481
581.78,584,673,673,149406,149406,2025-10-17,2025-11-28,660.64,0,0,279514775,81595020,0.0534519150195191,97.9648553461977,0
589.93,593,485,485,148895,148895,2025-10-17,2025-11-28,660.64,0,0,279514775,81595020,0.0532690982077781,98.0181244444055,0
369.51,370,3049,3035,91470,148715,2025-10-17,2025-12-19,660.64,-14,57245,744273030,196619847,0.0199812426361869,99.7585375356138,0.384930908112833
595.33,599,405,405,132030,148635,2025-10-17,2025-11-28,660.64,0,16605,279514775,81595020,0.0531760798691232,98.0713005242746,0.111716621253406
329.68,330,4607,4607,87533,147424,2025-10-17,2025-12-19,660.64,0,59891,744273030,196619847,0.0198077847856451,99.7783453203994,0.40625
635.75,636,5485,5883,93245,147075,2025-10-17,2025-10-17,660.64,398,53830,170079065,62966839,0.0864744876155099,98.3902210421959,0.366003739588645
663.82,687,63,63,146034,146034,2025-10-17,2025-11-07,660.64,0,0,175818360,89991170,0.0830595849034196,98.691075835311,0
494.15,495,1655,1718,99300,146030,2025-10-17,2025-11-21,660.64,63,46730,955429758,319411262,0.0152842214487525,99.7246793939613,0.320002739163186
612.94,613,24454,24331,220086,145986,2025-10-17,2025-10-17,660.64,-123,-74100,170079065,62966839,0.0858341971717683,98.4760552393676,-0.507582918910033
354.61,355,3737,3737,97162,145743,2025-10-17,2025-12-19,660.64,0,48581,744273030,196619847,0.0195819268098429,99.7979272472093,0.333333333333333
660.26,681,70,70,145180,145180,2025-10-17,2025-11-07,660.64,0,0,175818360,89991170,0.082573856336733,98.7736496916477,0
568.44,570,733,919,60106,143364,2025-10-17,2025-11-07,660.64,186,83258,175818360,89991170,0.081540972171507,98.8551906638192,0.580745514913088
570.17,571,1966,1721,82572,142843,2025-10-17,2025-10-31,660.64,-245,60271,419113393,176854159,0.0340821845318601,98.9958118565779,0.421938771938422
659.64,695,25,40,75375,141440,2025-10-17,2025-11-28,660.64,15,66065,279514775,81595020,0.0506019762282692,98.1219025005029,0.467088518099548
474.3,475,1898,2017,83512,141190,2025-10-17,2025-11-21,660.64,119,57678,955429758,319411262,0.0147776431305168,99.7394570370918,0.408513350803881
503.98,505,1380,1380,82800,140760,2025-10-17,2025-11-21,660.64,0,57960,955429758,319411262,0.0147326372055495,99.7541896742973,0.411764705882353
637.45,647,129,147,88623,140385,2025-10-17,2025-11-14,660.64,18,51762,100572682,37272857,0.139585618289468,98.4090182660138,0.368714606261353
608.35,614,109,246,38259,138990,2025-10-17,2025-11-21,660.64,137,100731,955429758,319411262,0.0145473802585914,99.7687370545559,0.724735592488668
657.32,688,46,45,112746,138060,2025-10-17,2025-11-21,660.64,-1,25314,955429758,319411262,0.0144500418627321,99.7831870964187,0.18335506301608
606.64,613,207,213,102258,135468,2025-10-17,2025-11-28,660.64,6,33210,279514775,81595020,0.0484654165419341,98.1703679170448,0.245150146159979
625.17,631,226,231,84750,134673,2025-10-17,2025-11-07,660.64,5,49923,175818360,89991170,0.0765978024138093,98.931788466233,0.370697912721926
592.38,597,290,290,109910,133980,2025-10-17,2025-11-28,660.64,0,24070,279514775,81595020,0.0479330654345553,98.2183009824794,0.17965367965368
589.5,590,2888,2673,86640,133650,2025-10-17,2025-10-24,660.64,-215,47010,173287338,82519072,0.077126235270577,98.8030037139817,0.351739618406285
610.94,617,105,217,37485,131502,2025-10-17,2025-11-21,660.64,112,94017,955429758,319411262,0.0137636491745111,99.7969507455932,0.714947301181731
592.72,595,469,574,62846,130872,2025-10-17,2025-11-07,660.64,105,68026,175818360,89991170,0.0744359121538843,99.0062243783869,0.519790329482242
543.12,545,687,691,83814,129908,2025-10-17,2025-11-28,660.64,4,46094,279514775,81595020,0.0464762551460831,98.2647772376255,0.354820334390492
598.78,603,285,306,99750,129132,2025-10-17,2025-11-21,660.64,21,29382,955429758,319411262,0.0135155932624824,99.8104663388557,0.227534615742031
669.87,710,32,32,128416,128416,2025-10-17,2025-12-19,660.64,0,0,744273030,196619847,0.0172538832960265,99.8151811305053,0
479.24,480,1684,1685,109460,128060,2025-10-17,2025-11-28,660.64,1,18600,279514775,81595020,0.0458151094159513,98.3105923470414,0.145244416679681
642.85,652.5,130,132,89960,127380,2025-10-17,2025-11-07,660.64,2,37420,175818360,89991170,0.0724497714573154,99.0786741498442,0.293766682367719
489.05,490,1327,1327,70331,126065,2025-10-17,2025-11-28,660.64,0,55734,279514775,81595020,0.0451013725481954,98.3556937195896,0.442105263157895
614.81,616,303,1058,16968,125902,2025-10-17,2025-10-24,660.64,755,108934,173287338,82519072,0.0726550488068551,98.8756587627886,0.865228511064161
662,679,74,74,125800,125800,2025-10-17,2025-10-31,660.64,0,0,419113393,176854159,0.0300157432573385,99.0258275998353,0
574.58,575,2689,2957,61847,124194,2025-10-17,2025-10-24,660.64,268,62347,173287338,82519072,0.0716694026426789,98.9473281654312,0.502012979693061
566.24,567,1624,1625,64960,123500,2025-10-17,2025-10-31,660.64,1,58540,419113393,176854159,0.029466965757403,99.0552945655927,0.474008097165992
605.66,611,71,231,22152,123354,2025-10-17,2025-11-21,660.64,160,101202,955429758,319411262,0.0129108392288531,99.8233771780845,0.820419281093438
607.42,613,220,221,93280,123318,2025-10-17,2025-11-21,660.64,1,30038,955429758,319411262,0.0129070712909488,99.8362842493755,0.243581634473475
605.45,611,217,222,68355,123210,2025-10-17,2025-11-28,660.64,5,54855,279514775,81595020,0.0440799596371963,98.3997736792268,0.445215485756026
664.11,676,101,101,120089,120089,2025-10-17,2025-11-07,660.64,0,0,175818360,89991170,0.0683028780384483,99.1469770278827,0
604.95,605,24276,23913,97104,119565,2025-10-17,2025-10-17,660.64,-363,22461,170079065,62966839,0.0702996573975757,98.5463548967652,0.18785597791996
623.9,624,11116,11864,133392,118640,2025-10-17,2025-10-17,660.64,748,-14752,170079065,62966839,0.0697557926955913,98.6161106894608,-0.12434254888739
553.85,555,1001,1028,63063,118220,2025-10-17,2025-11-07,660.64,27,55157,175818360,89991170,0.0672398491261095,99.2142168770088,0.466562341397395
574.64,578,348,347,61248,116592,2025-10-17,2025-11-28,660.64,-1,55344,279514775,81595020,0.0417122851555879,98.4414859643824,0.474680938657884
661.1,679,46,65,70978,116350,2025-10-17,2025-11-07,660.64,19,45372,175818360,89991170,0.0661762514449572,99.2803931284537,0.389961323592609
544.33,545,1736,1733,60760,116111,2025-10-17,2025-10-31,660.64,-3,55351,419113393,176854159,0.0277039583891322,99.0829985239818,0.476707633213046
659.25,685,45,45,99720,115875,2025-10-17,2025-11-14,660.64,0,16155,100572682,37272857,0.115215183383496,98.5242334493973,0.139417475728155
662.3,679,60,69,112320,115230,2025-10-17,2025-10-24,660.64,9,2910.00000000002,173287338,82519072,0.0664964915093796,99.0138246569406,0.0252538401457955
607.85,614,183,186,81069,114390,2025-10-17,2025-11-28,660.64,3,33321,279514775,81595020,0.0409244913797491,98.4824104557621,0.291292945187517
543.96,545,1007,1082,55385,112528,2025-10-17,2025-11-07,660.64,75,57143,175818360,89991170,0.0640024170399496,99.3443955454937,0.507811389165363
309.75,310,4479,4489,80622,112225,2025-10-17,2025-12-19,660.64,10,31603,744273030,196619847,0.0150784719419431,99.8302596024472,0.281603920695032
658.06,678,56,56,108808,111664,2025-10-17,2025-11-14,660.64,0,2856.00000000001,100572682,37272857,0.111028161702996,98.6352616111003,0.0255767301905718
399.7,400,3761,3718,71459,111540,2025-10-17,2025-11-21,660.64,-43,40081,955429758,319411262,0.0116743276066141,99.8479585769821,0.359341940111171
279.85,280,7423,7424,81653,111360,2025-10-17,2025-12-19,660.64,1,29707,744273030,196619847,0.0149622511513013,99.8452218535986,0.266765445402299
558.25,560,528,634,50160,110950,2025-10-17,2025-11-14,660.64,106,60790,100572682,37272857,0.110318227369138,98.7455798384695,0.54790446146913
524.22,525,1275,1422,54825,110916,2025-10-17,2025-11-07,660.64,147,56091,175818360,89991170,0.0630855617126676,99.4074811072063,0.505707021529806
596.88,601,270,269,82620,110828,2025-10-17,2025-11-21,660.64,-1,28208,955429758,319411262,0.0115998061680637,99.8595583831501,0.254520518280579
638.24,648,156,113,108264,110288,2025-10-17,2025-11-14,660.64,-43,2023.99999999997,100572682,37272857,0.109659996936345,98.8552398354058,0.018351951254896
429.99,430,109998,109998,109998,109998,2025-10-17,2025-10-17,660.64,0,0,170079065,62966839,0.0646746264744576,98.6807853159353,0
529.99,530,109012,109010,109012,109010,2025-10-17,2025-10-17,660.64,-2,-2.0000000000291,170079065,62966839,0.0640937201765544,98.7448790361118,-1.8346940647914e-05
602.24,607,69,228,25737,108528,2025-10-17,2025-11-21,660.64,159,82791,955429758,319411262,0.0113590768019599,99.8709174599521,0.762853825740823
548.61,550,740,779,59200,108281,2025-10-17,2025-11-14,660.64,39,49081,100572682,37272857,0.107664425216382,98.9629042606222,0.453274350994173
594.42,595,1741,1863,52230,108054,2025-10-17,2025-10-24,660.64,122,55824,173287338,82519072,0.0623553926369392,99.0761800495775,0.516630573602088
583.36,587,295,295,64015,107380,2025-10-17,2025-11-28,660.64,0,43365,279514775,81595020,0.0384165738644764,98.5208270296266,0.403846153846154
404.99,405,106853,106853,106853,106853,2025-10-17,2025-10-17,660.64,0,0,170079065,62966839,0.0628254864877109,98.8077045225995,0
561.42,564,411,411,64527,106038,2025-10-17,2025-11-28,660.64,0,41511,279514775,81595020,0.0379364561318807,98.5587634857585,0.391472868217054
504.99,505,105345,105345,105345,105345,2025-10-17,2025-10-17,660.64,0,0,170079065,62966839,0.0619388400330164,98.8696433626325,0
579.98,580,51985,52631,155955,105262,2025-10-17,2025-10-17,660.64,646,-50693,170079065,62966839,0.0618900392002978,98.9315334018329,-0.481588797476772
523.97,525,956,1019,55448,104957,2025-10-17,2025-11-14,660.64,63,49509,100572682,37272857,0.104359352771362,99.0672636133936,0.471707461150757
569.65,570,2921,2972,58420,104020,2025-10-17,2025-10-24,660.64,51,45600,173287338,82519072,0.0600274672117128,99.1362075167893,0.438377235147087
449.36,450,1492,1617,56696,103488,2025-10-17,2025-11-28,660.64,125,46792,279514775,81595020,0.0370241608873807,98.5957876466459,0.452149041434756
573.75,576,455,455,91455,102375,2025-10-17,2025-11-28,660.64,0,10920,279514775,81595020,0.0366259708453694,98.6324136174913,0.106666666666667
584.71,586,719,789,49611,101781,2025-10-17,2025-10-31,660.64,70,52170,419113393,176854159,0.0242848359656214,99.1072833599474,0.512571108556607
631.81,632,5273,5252,79095,99788,2025-10-17,2025-10-17,660.64,-21,20693,170079065,62966839,0.0586715360882305,98.9902049379211,0.207369623602036
546.69,547,3154,3154,97774,97774,2025-10-17,2025-10-31,660.64,0,0,419113393,176854159,0.0233287701211686,99.1306121300686,0
562.38,565,365,373,60590,97726,2025-10-17,2025-11-28,660.64,8,37136,279514775,81595020,0.0349627313976515,98.6673763488889,0.380001227922968
564.01,566,491,491,97709,97709,2025-10-17,2025-11-28,660.64,0,0,279514775,81595020,0.0349566494293549,98.7023329983183,0
661.2,685,31,41,68138,97580,2025-10-17,2025-11-07,660.64,10,29442,175818360,89991170,0.0555004608164927,99.4629815680228,0.301721664275466
620.62,622,652,706,50856,97428,2025-10-17,2025-10-24,660.64,54,46572,173287338,82519072,0.0562233808450563,99.1924308976343,0.478014533809582
658.25,683,42,39,98700,96525,2025-10-17,2025-11-07,660.64,-3,-2175,175818360,89991170,0.0549004097183025,99.5178819777411,-0.0225330225330225
593.51,598,213,214,66030,96086,2025-10-17,2025-11-28,660.64,1,30056,279514775,81595020,0.0343760003384436,98.7367089986567,0.312803113877152
594.41,596,568,602,49416,95718,2025-10-17,2025-10-31,660.64,34,46302,419113393,176854159,0.0228382107560089,99.1534503408246,0.483733467059487
489.25,490,1256,1269,55264,95175,2025-10-17,2025-11-21,660.64,13,39911,955429758,319411262,0.00996148583431499,99.8808789457864,0.419343314946152
577.04,578,988,987,47424,94752,2025-10-17,2025-10-31,660.64,-1,47328,419113393,176854159,0.0226077242060361,99.1760580650306,0.499493414387032
559.37,562,358,359,54416,94417,2025-10-17,2025-11-28,660.64,1,40001,279514775,81595020,0.0337788941568473,98.7704878928135,0.423663111515935
595.37,597,612,565,69768,92095,2025-10-17,2025-10-31,660.64,-47,22327,419113393,176854159,0.0219737668941541,99.1980318319248,0.242434442695043
339.65,340,2629,2628,57838,91980,2025-10-17,2025-12-19,660.64,-1,34142,744273030,196619847,0.0123583680037419,99.8575802216023,0.371189388997608
552.78,555,390,412,58110,91464,2025-10-17,2025-11-28,660.64,22,33354,279514775,81595020,0.0327224204874322,98.803210313301,0.364668066124377
546.95,549,444,444,81696,91020,2025-10-17,2025-11-28,660.64,0,9324,279514775,81595020,0.0325635737860369,98.835773887087,0.102439024390244
615.93,616,12025,12948,108225,90636,2025-10-17,2025-10-17,660.64,923,-17589,170079065,62966839,0.0532905093287055,99.0434954472498,-0.194061962134251
619.55,621,615,625,37515,90625,2025-10-17,2025-10-24,660.64,10,53110,173287338,82519072,0.0522975313983991,99.2447284290327,0.586041379310345
548.94,550,763,854,44254,90524,2025-10-17,2025-11-07,660.64,91,46270,175818360,89991170,0.0514872280687864,99.5693692058099,0.51113516857408
444.6,445,2186,2260,56836,90400,2025-10-17,2025-11-21,660.64,74,33564,955429758,319411262,0.00946171073729525,99.8903406565237,0.371283185840708
571.27,573,517,517,89441,89441,2025-10-17,2025-11-28,660.64,0,0,279514775,81595020,0.0319986662601288,98.8677725533471,0
199.95,200,17811,17830,53433,89150,2025-10-17,2025-12-19,660.64,19,35717,744273030,196619847,0.0119781311973645,99.8695583527996,0.400639371845205
384.86,385,6359,6359,89026,89026,2025-10-17,2025-11-21,660.64,0,0,955429758,319411262,0.0093179011072837,99.899658557631,0
578.21,579,1121,1121,53808,88559,2025-10-17,2025-10-31,660.64,0,34751,419113393,176854159,0.0211300811377316,99.2191619130625,0.392405063291139
579.3,582,328,327,87576,88290,2025-10-17,2025-11-28,660.64,-1,714.000000000015,279514775,81595020,0.0315868812301604,98.8993594345773,0.00808698606863761
663.23,682,46,47,83582,88219,2025-10-17,2025-11-14,660.64,1,4637,100572682,37272857,0.0877166624630732,99.1549802758566,0.0525623731849148
548.97,551,410,430,55350,87290,2025-10-17,2025-11-28,660.64,20,31940,279514775,81595020,0.03122911838918,98.9305885529665,0.365906747622866
585.75,587,660,696,44220,87000,2025-10-17,2025-10-31,660.64,36,42780,419113393,176854159,0.0207581054323406,99.2399200184949,0.491724137931034
618.91,619,9094,9556,81846,86004,2025-10-17,2025-10-17,660.64,462,4158.00000000001,170079065,62966839,0.0505670700859039,99.0940625173357,0.0483465885307662
657.15,684,33,32,58377,85920,2025-10-17,2025-11-28,660.64,-1,27543,279514775,81595020,0.0307389832970368,98.9613275362635,0.320565642458101
586.65,588,631,633,50480,85455,2025-10-17,2025-10-31,660.64,2,34975,419113393,176854159,0.0203894701117318,99.2603094886066,0.409279737873735
508.76,510,686,687,63798,85188,2025-10-17,2025-11-28,660.64,1,21390,279514775,81595020,0.0304771008974391,98.991804637161,0.251091703056769
469.36,470,1377,1330,52326,85120,2025-10-17,2025-11-21,660.64,-47,32794,955429758,319411262,0.00890907984467446,99.9085676374757,0.385267857142857
429.52,430,1760,1760,51040,84480,2025-10-17,2025-11-28,660.64,0,33440,279514775,81595020,0.030223804806025,99.022028441967,0.395833333333333
667.88,699,27,27,84024,84024,2025-10-17,2025-11-28,660.64,0,0,279514775,81595020,0.030060664950538,99.0520891069175,0
664.6,686,39,39,83460,83460,2025-10-17,2025-11-28,660.64,0,0,279514775,81595020,0.029858886708225,99.0819479936258,0
389.69,390,2649,2674,45033,82894,2025-10-17,2025-11-28,660.64,25,37861,279514775,81595020,0.0296563929402301,99.111604386566,0.456739932926388
589.98,590,41233,41159,123699,82318,2025-10-17,2025-10-17,660.64,-74,-41381,170079065,62966839,0.0483998427437263,99.1424623600794,-0.50269685852426
561,562,821,816,36945,81600,2025-10-17,2025-10-31,660.64,-5,44655,419113393,176854159,0.0194696713020574,99.2797791599087,0.547242647058824
604.26,605,1241,1098,48399,81252,2025-10-17,2025-10-24,660.64,-143,32853,173287338,82519072,0.0468885960958094,99.2916170251285,0.404334662531384
531.51,533,243,544,30861,81056,2025-10-17,2025-11-28,660.64,301,50195,279514775,81595020,0.0289988248385081,99.1406032114045,0.619263225424398
464.33,465,1209,1198,53196,80266,2025-10-17,2025-11-28,660.64,-11,27070,279514775,81595020,0.0287161921941336,99.1693194035986,0.337253631674682
584.49,585,1594,1572,41444,80172,2025-10-17,2025-10-24,660.64,-22,38728,173287338,82519072,0.0462653537905926,99.3378823789191,0.483061417951405
573.33,575,467,477,47634,79659,2025-10-17,2025-11-07,660.64,10,32025,175818360,89991170,0.0453075549106476,99.6146767607206,0.402026136406432
582.42,585,256,301,37376,77658,2025-10-17,2025-11-14,660.64,45,40282,100572682,37272857,0.0772157990178685,99.2321960748745,0.518710242344639
459.41,460,1309,1301,45815,76759,2025-10-17,2025-11-21,660.64,-8,30944,955429758,319411262,0.00803397626641644,99.9166016137421,0.403131880300681
658.79,699,0,19,0,76399,2025-10-17,2025-11-21,660.64,19,76399,955429758,319411262,0.00799629688737411,99.9245979106295,1
659.01,679,38,38,75962,75962,2025-10-17,2025-11-28,660.64,0,0,279514775,81595020,0.0271763809265539,99.1964957845252,0
622.9,623,7204,7511,93652,75110,2025-10-17,2025-10-17,660.64,307,-18542,170079065,62966839,0.0441618138011283,99.1866241738806,-0.246864598588737
585.83,588,343,343,74431,74431,2025-10-17,2025-11-28,660.64,0,0,279514775,81595020,0.0266286460170129,99.2231244305422,0
654.61,674,26,38,38402,73682,2025-10-17,2025-11-14,660.64,12,35280,100572682,37272857,0.0732624391979524,99.3054585140725,0.478814364430933
214.94,215,12214,12234,48856,73404,2025-10-17,2025-12-19,660.64,20,24548,744273030,196619847,0.00986250972979634,99.8794208625294,0.334423192196611
591.63,593,432,531,45360,72747,2025-10-17,2025-10-31,660.64,99,27387,419113393,176854159,0.017357355125132,99.2971365150338,0.376469132747742
596.2,598,379,401,34110,72180,2025-10-17,2025-10-31,660.64,22,38070,419113393,176854159,0.0172220695414522,99.3143585845752,0.527431421446384
657.42,678,34,35,39746,72030,2025-10-17,2025-11-07,660.64,1,32284,175818360,89991170,0.0409684176328343,99.6556451783534,0.448202137998056
587.55,589,371,493,33390,71485,2025-10-17,2025-10-31,660.64,122,38095,419113393,176854159,0.0170562432969065,99.3314148278721,0.532909001888508
565,566,770,711,30800,71100,2025-10-17,2025-10-31,660.64,-59,40300,419113393,176854159,0.0169643827153956,99.3483792105875,0.566807313642757
653.61,682,25,25,70975,70975,2025-10-17,2025-10-31,660.64,0,0,419113393,176854159,0.0169345578512687,99.3653137684388,0
539.31,541,384,417,39936,70473,2025-10-17,2025-11-28,660.64,33,30537,279514775,81595020,0.0252126206924124,99.2483370512346,0.433314886552297
484.09,485,767,766,46020,69706,2025-10-17,2025-11-28,660.64,-1,23686,279514775,81595020,0.0249382165933804,99.273275267828,0.339798582618426
579.57,580,1660,1614,36520,69402,2025-10-17,2025-10-24,660.64,-46,32882,173287338,82519072,0.0400502430246808,99.3779326219438,0.473790380680672
664.43,686,32,32,69024,69024,2025-10-17,2025-10-31,660.64,0,0,419113393,176854159,0.0164690513719756,99.3817828198108,0
546.55,548,465,465,67425,67425,2025-10-17,2025-11-28,660.64,0,0,279514775,81595020,0.0241221595531041,99.2973974273811,0
613.94,614,10845,11141,108450,66846,2025-10-17,2025-10-17,660.64,296,-41604,170079065,62966839,0.0393028971555082,99.2259270710361,-0.622385782245759
527.64,529,490,490,66640,66640,2025-10-17,2025-11-28,660.64,0,0,279514775,81595020,0.0238413157229345,99.321238743104,0
269.84,270,4150,4149,33200,66384,2025-10-17,2025-12-19,660.64,-1,33184,744273030,196619847,0.00891930747510762,99.8883401700046,0.499879489033502
574.98,575,32914,33020,98742,66040,2025-10-17,2025-10-17,660.64,106,-32702,170079065,62966839,0.0388289999124819,99.2647560709485,-0.495184736523319
579.7,581,494,505,41496,65650,2025-10-17,2025-10-31,660.64,11,24154,419113393,176854159,0.0156640186394616,99.3974468384502,0.367920792079208
449.81,450,3300,3450,36300,65550,2025-10-17,2025-10-31,660.64,150,29250,419113393,176854159,0.0156401587481601,99.4130869971984,0.446224256292906
149.99,150,65669,65537,65669,65537,2025-10-17,2025-12-19,660.64,-132,-132,744273030,196619847,0.0088055051517855,99.8971456751563,-0.00201412942307399
608.93,609,9280,9320,55680,65240,2025-10-17,2025-10-17,660.64,40,9560.00000000001,170079065,62966839,0.0383586304404954,99.303114701389,0.146535867565911
584.98,585,31722,31964,158610,63928,2025-10-17,2025-10-17,660.64,242,-94682,170079065,62966839,0.0375872245064376,99.3407019258955,-1.48107245651358
601.29,602,676,899,23660,63829,2025-10-17,2025-10-24,660.64,223,40169,173287338,82519072,0.0368341973145205,99.4147668192583,0.629322094972505
484.21,485,802,802,32882,63358,2025-10-17,2025-11-21,660.64,0,30476,955429758,319411262,0.00663136138156585,99.931229272011,0.481012658227848
658.93,677,117,35,148005,63245,2025-10-17,2025-10-17,660.64,-82,-84760,170079065,62966839,0.0371856465697292,99.3778875724652,-1.34018499486125
622.48,624,503,416,43258,63232,2025-10-17,2025-10-24,660.64,-87,19974,173287338,82519072,0.0364896828180256,99.4512565020764,0.315884362348178
434.59,435,1533,1534,36792,62894,2025-10-17,2025-11-21,660.64,1,26102,955429758,319411262,0.00658279684857796,99.9378120688596,0.415015740770185
540.44,542,246,403,28782,62868,2025-10-17,2025-11-28,660.64,157,34086,279514775,81595020,0.0224918342867564,99.3437305773908,0.542183622828784
533.86,535,549,551,40626,62814,2025-10-17,2025-11-14,660.64,2,22188,100572682,37272857,0.0624563238753044,99.3679148379477,0.353233355621358
528.45,530,406,405,42224,62775,2025-10-17,2025-11-28,660.64,-1,20551,279514775,81595020,0.0224585623425452,99.3661891397333,0.327375547590601
597.86,602,61,151,19276,62514,2025-10-17,2025-11-21,660.64,90,43238,955429758,319411262,0.00654302417069995,99.9443550930303,0.691653069712384
504.01,505,624,621,45552,61479,2025-10-17,2025-11-28,660.64,-3,15927,279514775,81595020,0.0219949017006346,99.388184041434,0.259064070658274
424.82,425,3408,3408,61344,61344,2025-10-17,2025-11-21,660.64,0,0,955429758,319411262,0.00642056618881238,99.9507756592191,0
560.24,561,777,805,27972,61180,2025-10-17,2025-10-31,660.64,28,33208,419113393,176854159,0.0145974814982827,99.4276844786967,0.54279176201373
655.48,686,20,20,61040,61040,2025-10-17,2025-11-14,660.64,0,0,100572682,37272857,0.0606924254043459,99.4286072633521,0
319.72,320,2173,2177,39114,60956,2025-10-17,2025-12-19,660.64,4,21842,744273030,196619847,0.00819000521891812,99.9053356803753,0.358324037010303
551.15,552,713,713,22816,60605,2025-10-17,2025-10-31,660.64,0,37789,419113393,176854159,0.0144602871232989,99.44214476582,0.623529411764706
534.1,535,807,671,37122,60390,2025-10-17,2025-11-07,660.64,-136,23268,175818360,89991170,0.0343479486442713,99.6899931269976,0.385295578738202
568.1,569,656,656,43296,59040,2025-10-17,2025-10-31,660.64,0,15744,419113393,176854159,0.0140868798244298,99.4562316456444,0.266666666666667
454.47,455,1060,1113,29680,58989,2025-10-17,2025-11-21,660.64,53,29309,955429758,319411262,0.0061740802509105,99.95694973947,0.49685534591195
566.83,569,270,270,39960,58590,2025-10-17,2025-11-28,660.64,0,18630,279514775,81595020,0.0209613248530422,99.409145366287,0.317972350230415
519.6,521,439,402,35998,56280,2025-10-17,2025-11-28,660.64,-37,20282,279514775,81595020,0.0201348926903775,99.4292802589774,0.360376687988628
409.93,410,8034,8034,56238,56238,2025-10-17,2025-11-07,660.64,0,0,175818360,89991170,0.0319864205308251,99.7219795475285,0
535.33,537,285,333,33915,55611,2025-10-17,2025-11-28,660.64,48,21696,279514775,81595020,0.0198955493497616,99.4491758083271,0.390138641635648
542.31,543,756,800,25704,55200,2025-10-17,2025-10-31,660.64,44,29496,419113393,176854159,0.0131706599984506,99.4694023056429,0.534347826086956
568.14,570,294,294,32928,54684,2025-10-17,2025-11-14,660.64,0,21756,100572682,37272857,0.0543726178049025,99.482979881157,0.397849462365591
569.98,570,26992,27262,80976,54524,2025-10-17,2025-10-17,660.64,270,-26452,170079065,62966839,0.0320580313632369,99.4099456038284,-0.485144156701636
571.21,574,191,194,45076,54126,2025-10-17,2025-11-28,660.64,3,9050,279514775,81595020,0.0193642715309057,99.468540079858,0.167202453534346
559.99,560,54093,53935,108186,53935,2025-10-17,2025-10-17,660.64,-158,-54251,170079065,62966839,0.0317117218394868,99.4416573256679,-1.00585890423658
565.51,568,214,215,37022,53535,2025-10-17,2025-11-28,660.64,1,16513,279514775,81595020,0.0191528336918862,99.4876929135499,0.308452414308396
547.37,548,842,842,30312,53046,2025-10-17,2025-10-31,660.64,0,22734,419113393,176854159,0.0126567179398154,99.4820590235827,0.428571428571429
616.91,617,5309,5876,47781,52884,2025-10-17,2025-10-17,660.64,567,5103,170079065,62966839,0.0310937739456646,99.4727510996136,0.0964942137508509
184.95,185,10526,10528,31578,52640,2025-10-17,2025-12-19,660.64,2,21062,744273030,196619847,0.00707267331720995,99.9124083536925,0.400113981762918
667.77,694,20,20,52460,52460,2025-10-17,2025-11-21,660.64,0,0,955429758,319411262,0.0054907228460012,99.962440462316,0
474.36,475,684,811,30096,51904,2025-10-17,2025-11-28,660.64,127,21808,279514775,81595020,0.0185693224982472,99.5062622360482,0.42016029593095
575.02,576,526,527,32612,51646,2025-10-17,2025-10-31,660.64,1,19034,419113393,176854159,0.0123226794615938,99.4943817030443,0.368547418967587
556.2,557,564,645,24252,51600,2025-10-17,2025-10-31,660.64,81,27348,419113393,176854159,0.0123117039115951,99.5066934069559,0.53
660.2,686,12,20,31200,51600,2025-10-17,2025-11-07,660.64,8,20400,175818360,89991170,0.029348470774042,99.7513280183025,0.395348837209302
611.85,613,163,448,9617,51520,2025-10-17,2025-10-24,660.64,285,41903,173287338,82519072,0.0297309662636747,99.48098746834,0.813334627329193
621.53,623,301,350,19866,51450,2025-10-17,2025-10-24,660.64,49,31584,173287338,82519072,0.0296905709290773,99.5106780392691,0.613877551020408
552.25,553,711,686,26307,51450,2025-10-17,2025-10-31,660.64,-25,25143,419113393,176854159,0.0122759140746428,99.5189693210305,0.48868804664723
519.5,520,1011,1026,21231,51300,2025-10-17,2025-10-31,660.64,15,30069,419113393,176854159,0.0122401242376905,99.5312094452682,0.586140350877193
664,692,18,18,50400,50400,2025-10-17,2025-11-28,660.64,0,0,279514775,81595020,0.0180312471854126,99.5242934832336,0
540.34,541,643,757,21862,49962,2025-10-17,2025-10-31,660.64,114,28100,419113393,176854159,0.0119208788920759,99.5431303241603,0.562427444858092
527.45,528,907,907,24489,49885,2025-10-17,2025-10-31,660.64,0,25396,419113393,176854159,0.0119025067757737,99.5550328309361,0.509090909090909
658.85,730,7,7,44555,49805,2025-10-17,2025-11-21,660.64,0,5250.00000000001,955429758,319411262,0.00521283742556405,99.9676532997416,0.105411103302881
564.67,565,1395,1498,23715,49434,2025-10-17,2025-10-24,660.64,103,25719,173287338,82519072,0.0285271852926727,99.5392052245618,0.520269450175992
194.96,195,12237,12257,61185,49028,2025-10-17,2025-12-19,660.64,20,-12157,744273030,196619847,0.00658736754172054,99.9189957212342,-0.247960349188219
459.32,460,641,717,26922,48756,2025-10-17,2025-11-28,660.64,76,21834,279514775,81595020,0.0174430850748409,99.5417365683084,0.447821806546887
553.24,554,457,641,18737,48716,2025-10-17,2025-10-31,660.64,184,29979,419113393,176854159,0.0116235846464587,99.5666564155825,0.615383036374087
550.01,552,227,243,29056,48357,2025-10-17,2025-11-28,660.64,16,19301,279514775,81595020,0.0173003377012897,99.5590369060097,0.399135595673842
582.15,583,554,568,28808,48280,2025-10-17,2025-10-31,660.64,14,19472,419113393,176854159,0.011519555520384,99.5781759711029,0.403314001657001
409.74,410,1847,1847,38787,48022,2025-10-17,2025-11-21,660.64,0,9235,955429758,319411262,0.00502621983436275,99.972679519576,0.192307692307692
607.17,608,529,576,24334,47808,2025-10-17,2025-10-24,660.64,47,23474,173287338,82519072,0.0275888593775963,99.5667940839394,0.491005689424364
539.38,540,769,769,39219,47678,2025-10-17,2025-11-07,660.64,0,8459,175818360,89991170,0.0271177594876895,99.7784457777902,0.17741935483871
419.57,420,628,1100,15072,47300,2025-10-17,2025-11-28,660.64,472,32228,279514775,81595020,0.0169221823783734,99.5759590883881,0.681353065539112
563.18,564,488,573,20008,46986,2025-10-17,2025-10-31,660.64,85,26978,419113393,176854159,0.011210808526942,99.5893867796298,0.574171029668412
374.8,375,2172,2331,23892,46620,2025-10-17,2025-11-21,660.64,159,22728,955429758,319411262,0.00487947958598125,99.9775589991619,0.487516087516088
661.7,685,19,20,40280,46600,2025-10-17,2025-11-28,660.64,1,6320,279514775,81595020,0.0166717483896871,99.5926308367778,0.135622317596567
532.41,533,780,789,28860,46551,2025-10-17,2025-10-31,660.64,9,17691,419113393,176854159,0.0111070179997803,99.6004937976296,0.380034800541342
529.56,531,321,323,39483,46512,2025-10-17,2025-11-28,660.64,2,7029,279514775,81595020,0.0166402652596808,99.6092711020375,0.151122291021672
568.48,571,182,184,40404,46368,2025-10-17,2025-11-28,660.64,2,5964,279514775,81595020,0.0165887474105796,99.625859849448,0.128623188405797
519.1,520,512,514,29184,46260,2025-10-17,2025-11-14,660.64,2,17076,100572682,37272857,0.0459965858323237,99.5289764669893,0.369130998702983
663.54,682,25,25,46150,46150,2025-10-17,2025-11-07,660.64,0,0,175818360,89991170,0.0262486807407372,99.804694458531,0
658.85,683,19,19,33858,45885,2025-10-17,2025-10-17,660.64,0,12027,170079065,62966839,0.0269786290276231,99.4997297286412,0.262111801242236
284.81,285,2398,2394,28776,45486,2025-10-17,2025-12-19,660.64,-4,16710,744273030,196619847,0.00611146691691892,99.9251071881511,0.367365782878248
571.95,573,401,433,22456,45465,2025-10-17,2025-10-31,660.64,32,23009,419113393,176854159,0.0108478995802456,99.6113416972099,0.506081601231717
669.25,688,24,24,45000,45000,2025-10-17,2025-11-28,660.64,0,0,279514775,81595020,0.0160993278441184,99.6419591772922,0
564.43,567,173,175,35292,44975,2025-10-17,2025-11-28,660.64,2,9683,279514775,81595020,0.0160903837730939,99.6580495610652,0.215297387437465
224.92,225,5613,5611,28065,44888,2025-10-17,2025-12-19,660.64,-2,16823,744273030,196619847,0.00603112005818617,99.9311383082093,0.374777223311353
659.79,700,13,11,46397,44231,2025-10-17,2025-10-17,660.64,-2,-2166,170079065,62966839,0.0260061401442911,99.5257358687855,-0.0489701792860211
518.53,519,709,938,16307,44086,2025-10-17,2025-10-31,660.64,229,27779,419113393,176854159,0.0105188716791973,99.6218605688891,0.63010933176065
409.91,410,4923,4894,19692,44046,2025-10-17,2025-10-31,660.64,-29,24354,419113393,176854159,0.0105093277226767,99.6323698966117,0.552921945239068
580.76,582,359,355,22258,44020,2025-10-17,2025-10-31,660.64,-4,21762,419113393,176854159,0.0105031241509383,99.6428730207627,0.494366197183099
545.29,547,257,257,43433,43947,2025-10-17,2025-11-28,660.64,0,514,279514775,81595020,0.0157226035725661,99.6737721646378,0.0116959064327485
169.98,170,21699,21699,43398,43398,2025-10-17,2025-12-19,660.64,0,0,744273030,196619847,0.00583092470783202,99.9369692329171,0
521.68,523,180,328,13860,43296,2025-10-17,2025-11-28,660.64,148,29436,279514775,81595020,0.0154896999630878,99.6892618646009,0.679878048780488
525.46,526,689,798,26182,43092,2025-10-17,2025-10-31,660.64,109,16910,419113393,176854159,0.01028170435966,99.6531547251223,0.392416225749559
234.91,235,4512,4785,22560,43065,2025-10-17,2025-12-19,660.64,273,20505,744273030,196619847,0.0057861830624173,99.9427554159795,0.476140717520028
174.97,175,14250,14250,42750,42750,2025-10-17,2025-12-19,660.64,0,0,744273030,196619847,0.00574385988432229,99.9484992758639,0
541.48,542,815,822,26080,42744,2025-10-17,2025-10-31,660.64,7,16664,419113393,176854159,0.0101986719379307,99.6633533970603,0.389855886206251
603.23,604,554,554,21606,42658,2025-10-17,2025-10-24,660.64,0,21052,173287338,82519072,0.0246169169036459,99.591411000843,0.493506493506494
528.44,529,639,758,17253,42448,2025-10-17,2025-10-31,660.64,119,25195,419113393,176854159,0.0101280466596781,99.6734814437199,0.593549754994346
659.95,730,2,6,13068,42030,2025-10-17,2025-10-17,660.64,4,28962,170079065,62966839,0.0247120361344884,99.55044790492,0.689079229122056
572.89,574,377,377,25259,41847,2025-10-17,2025-10-31,660.64,0,16588,419113393,176854159,0.00998464871295583,99.6834660924329,0.396396396396396
672.35,700,16,15,44240,41475,2025-10-17,2025-11-07,660.64,-1,-2765,175818360,89991170,0.0235896865378565,99.8282841450688,-0.0666666666666667
661.28,681,21,21,41412,41412,2025-10-17,2025-10-31,660.64,0,0,419113393,176854159,0.00988085818579412,99.6933469506187,0
611.93,612,6178,5880,74136,41160,2025-10-17,2025-10-17,660.64,-298,-32976,170079065,62966839,0.0242005093337031,99.5746484142537,-0.801166180758018
504.9,505,3822,4109,22932,41090,2025-10-17,2025-10-24,660.64,287,18158,173287338,82519072,0.0237120614086645,99.6151230622517,0.44190800681431
314.78,315,1848,1858,27720,40876,2025-10-17,2025-12-19,660.64,10,13156,744273030,196619847,0.00549207056448089,99.9539913464283,0.321851453175458
545.23,546,476,517,17136,39809,2025-10-17,2025-10-31,660.64,41,22673,419113393,176854159,0.00949838412823042,99.7028453347469,0.569544575347283
575.9,577,355,360,25915,39600,2025-10-17,2025-10-31,660.64,5,13685,419113393,176854159,0.00944851695541021,99.7122938517023,0.345580808080808
209.95,210,7841,7859,23523,39295,2025-10-17,2025-12-19,660.64,18,15772,744273030,196619847,0.00527964851823262,99.9592709949466,0.401374220638758
294.78,295,1786,1785,19646,39270,2025-10-17,2025-12-19,660.64,-1,19624,744273030,196619847,0.00527628953584412,99.9645472844824,0.499719887955182
569.05,572,129,131,25413,38645,2025-10-17,2025-11-28,660.64,2,13232,279514775,81595020,0.0138257449896879,99.7030876095906,0.342398757924699
567.14,568,444,447,27528,38442,2025-10-17,2025-10-31,660.64,3,10914,419113393,176854159,0.00917221941413836,99.7214660711165,0.283908225378492
509.35,510,418,589,16302,38285,2025-10-17,2025-11-07,660.64,171,21983,175818360,89991170,0.0217753140229496,99.8500594590918,0.574193548387097
548.38,549,615,616,26445,38192,2025-10-17,2025-10-31,660.64,1,11747,419113393,176854159,0.00911256968588451,99.7305786408024,0.307577503142019
659.24,683,2,16,3614,38016,2025-10-17,2025-10-24,660.64,14,34402,173287338,82519072,0.0219381291436308,99.6370611913953,0.904934764309764
498.6,499,933,949,13062,37960,2025-10-17,2025-10-31,660.64,16,24898,419113393,176854159,0.00905721473806493,99.7396358555404,0.655900948366702
659.12,686,13,14,21788,37632,2025-10-17,2025-10-24,660.64,1,15844,173287338,82519072,0.0217165318795537,99.6587777232749,0.421024659863946
661.33,677,24,24,37608,37608,2025-10-17,2025-11-07,660.64,0,0,175818360,89991170,0.0213902575362437,99.871449716628,0
499.45,500,477,683,17649,37565,2025-10-17,2025-11-07,660.64,206,19916,175818360,89991170,0.0213658004772653,99.8928155171053,0.530174364434979
514.65,515,1073,1073,32190,37555,2025-10-17,2025-10-31,660.64,0,5365,419113393,176854159,0.00896058217829369,99.7485964377187,0.142857142857143
399.91,400,4128,4132,16512,37188,2025-10-17,2025-10-31,660.64,4,20676,419113393,176854159,0.00887301637721704,99.7574694540959,0.555985801871572
563.18,565,224,202,23520,36764,2025-10-17,2025-11-14,660.64,-22,13244,100572682,37272857,0.036554658053168,99.5655311250425,0.36024371667936
454.44,455,648,648,23976,36288,2025-10-17,2025-11-28,660.64,0,12312,279514775,81595020,0.0129824979734971,99.7160701075641,0.339285714285714
539.99,540,36253,36253,72506,36253,2025-10-17,2025-10-17,660.64,0,-36253,170079065,62966839,0.0213153805849062,99.5959637948386,-1
577.83,581,97,114,25705,36138,2025-10-17,2025-11-28,660.64,17,10433,279514775,81595020,0.01292883354735,99.7289989411114,0.288698876528862
499.89,500,2007,3272,10035,35992,2025-10-17,2025-10-24,660.64,1265,25957,173287338,82519072,0.0207701268975579,99.6795478501724,0.721188041787064
538.17,539,432,432,35856,35856,2025-10-17,2025-11-28,660.64,0,0,279514775,81595020,0.0128279444261936,99.7418268855376,0
541.41,543,225,225,22725,35775,2025-10-17,2025-11-28,660.64,0,13050,279514775,81595020,0.0127989656360742,99.7546258511737,0.364779874213836
159.99,160,35760,35760,35760,35760,2025-10-17,2025-12-19,660.64,0,0,744273030,196619847,0.00480468840849977,99.9693519728909,0
204.94,205,5857,5878,17571,35268,2025-10-17,2025-12-19,660.64,21,17697,744273030,196619847,0.00473858363509423,99.974090556526,0.50178632187819
556.64,558,258,258,35088,35088,2025-10-17,2025-11-28,660.64,0,0,279514775,81595020,0.0125531825643206,99.767179033738,0
537.34,538,529,529,13225,34914,2025-10-17,2025-10-31,660.64,0,21689,419113393,176854159,0.00833044244902,99.765799896545,0.621212121212121
549.99,550,34505,34549,69010,34549,2025-10-17,2025-10-17,660.64,44,-34461,170079065,62966839,0.0203134936095751,99.6162772884482,-0.997452892992561
369.95,370,6730,6892,20190,34460,2025-10-17,2025-10-31,660.64,162,14270,419113393,176854159,0.008222118542511,99.7740220150875,0.414103308183401
549.73,550,1060,1257,13780,33939,2025-10-17,2025-10-24,660.64,197,20159,173287338,82519072,0.0195853894414374,99.6991332396139,0.593977430095171
189.96,190,8388,8389,33552,33556,2025-10-17,2025-12-19,660.64,1,4,744273030,196619847,0.00450856052113026,99.9785991170472,0.000119203719156038
660.09,676,462,21,500346,33411,2025-10-17,2025-10-17,660.64,-441,-466935,170079065,62966839,0.0196443930356743,99.6359216814838,-13.975487115022
665.23,689,0,14,0,33278,2025-10-17,2025-11-21,660.64,14,33278,955429758,319411262,0.00348303993269592,99.9810420390946,1
612.99,614,350,329,18550,33229,2025-10-17,2025-10-24,660.64,-21,14679,173287338,82519072,0.0191756653333783,99.7183089049472,0.441752685906889
662.2,695,2,10,5938,32800,2025-10-17,2025-11-14,660.64,8,26862,100572682,37272857,0.0326132299027285,99.5981443549452,0.818963414634146
526.45,527,381,595,11811,32725,2025-10-17,2025-10-31,660.64,214,20914,419113393,176854159,0.00780814942842927,99.7818301645159,0.639083269671505
394.76,395,1506,1355,24096,32520,2025-10-17,2025-11-21,660.64,-151,8424,955429758,319411262,0.00340370390682347,99.9844457430014,0.259040590405904
424.73,425,1191,1191,32157,32157,2025-10-17,2025-11-28,660.64,0,0,279514775,81595020,0.011504579677407,99.7786836134154,0
559.69,560,930,1036,13950,32116,2025-10-17,2025-10-24,660.64,106,18166,173287338,82519072,0.0185333795132798,99.7368422844605,0.565637065637066
542.05,544,151,164,22952,31980,2025-10-17,2025-11-28,660.64,13,9028,279514775,81595020,0.0114412556545535,99.79012486907,0.282301438398999
439.86,440,2227,2232,13362,31248,2025-10-17,2025-10-31,660.64,5,17886,419113393,176854159,0.00745573883390551,99.7892859033498,0.572388632872504
559.43,561,199,199,31243,31243,2025-10-17,2025-11-28,660.64,0,0,279514775,81595020,0.0111775844407509,99.8013024535107,0
469.78,470,1331,1408,14641,30976,2025-10-17,2025-10-31,660.64,77,16335,419113393,176854159,0.00739083992956531,99.7966767432793,0.52734375
419.88,420,2556,2555,17892,30660,2025-10-17,2025-10-31,660.64,-1,12768,419113393,176854159,0.00731544267305245,99.8039921859524,0.416438356164384
576.52,579,122,122,30256,30256,2025-10-17,2025-11-28,660.64,0,0,279514775,81595020,0.0108244725167033,99.8121269260274,0
164.98,165,14996,14996,29992,29992,2025-10-17,2025-12-19,660.64,0,0,744273030,196619847,0.00402970399182676,99.982628821039,0
444.53,445,599,638,18569,29986,2025-10-17,2025-11-28,660.64,39,11417,279514775,81595020,0.0107278765496386,99.8228548025771,0.380744347362102
582.76,584,173,241,11418,29884,2025-10-17,2025-10-31,660.64,68,18466,419113393,176854159,0.00713028991655249,99.811122475869,0.617922634185517
543.33,544,362,444,21720,29748,2025-10-17,2025-10-31,660.64,82,8028,419113393,176854159,0.00709784046438239,99.8182203163334,0.26986688180718
621.88,622,2109,2437,18981,29244,2025-10-17,2025-10-17,660.64,328,10263,170079065,62966839,0.0171943560484649,99.6531160375323,0.350943783340172
551.59,553,207,207,29187,29187,2025-10-17,2025-11-28,660.64,0,0,279514775,81595020,0.0104420240396952,99.8332968266168,0
489.72,490,1028,1030,15420,28840,2025-10-17,2025-10-31,660.64,2,13420,419113393,176854159,0.0068811926513644,99.8251015089847,0.465325936199723
553.5,555,158,191,15800,28650,2025-10-17,2025-11-14,660.64,33,12850,100572682,37272857,0.0284868608754015,99.6266312158206,0.448516579406632
659.58,688,10,10,28420,28420,2025-10-17,2025-10-31,660.64,0,0,419113393,176854159,0.00678098110789793,99.8318824900926,0
525.49,527,187,188,12716,28388,2025-10-17,2025-11-28,660.64,1,15672,279514775,81595020,0.0101561715297519,99.8434529981465,0.552064252501057
555.34,556,430,430,20640,28380,2025-10-17,2025-10-31,660.64,0,7740,419113393,176854159,0.00677143715137731,99.838653927244,0.272727272727273
499.99,500,28329,28328,28329,28328,2025-10-17,2025-10-17,660.64,-1,-1,170079065,62966839,0.0166557830030404,99.6697718205353,-3.53007624964699e-05
554.71,555,868,969,17360,28101,2025-10-17,2025-10-24,660.64,101,10741,173287338,82519072,0.0162164185360156,99.7530587029965,0.382228390448738
538.82,540,146,237,10366,27966,2025-10-17,2025-11-14,660.64,91,17600,100572682,37272857,0.0278067557152349,99.6544379715358,0.629335621826504
510.7,511,926,926,27780,27780,2025-10-17,2025-10-31,660.64,0,0,419113393,176854159,0.00662827780356807,99.8452822050476,0
611.1,612,338,307,25012,27630,2025-10-17,2025-10-24,660.64,-31,2618,173287338,82519072,0.0159446156417961,99.7690033186383,0.0947520810712993
656.94,682,11,11,27566,27566,2025-10-17,2025-11-28,660.64,0,0,279514775,81595020,0.00986209047446597,99.853315088621,0
522.48,523,386,530,11194,27560,2025-10-17,2025-10-31,660.64,144,16366,419113393,176854159,0.00657578604270468,99.8518579910903,0.593831640058055
597.36,598,466,425,15844,27200,2025-10-17,2025-10-24,660.64,-41,11356,173287338,82519072,0.0156964728721264,99.7846997915105,0.4175
666,683,18,16,30600,27200,2025-10-17,2025-11-14,660.64,-2,-3400,100572682,37272857,0.0270451174803114,99.6814830890162,-0.125
538.55,539,571,603,18272,27135,2025-10-17,2025-10-31,660.64,32,8863,419113393,176854159,0.00647438150467313,99.8583323725949,0.326626128616178
244.88,245,2208,2207,17664,26484,2025-10-17,2025-12-19,660.64,-1,8820,744273030,196619847,0.00355837158307349,99.986187192622,0.333031264159492
526.51,528,177,177,15399,26373,2025-10-17,2025-11-28,660.64,0,10974,279514775,81595020,0.00943527940517635,99.8627503680262,0.416107382550336
659.09,683,12,11,27648,26301,2025-10-17,2025-11-28,660.64,-1,-1347,279514775,81595020,0.00940952048062576,99.8721598885068,-0.0512147827078818
504.18,505,315,320,13545,26240,2025-10-17,2025-11-14,660.64,5,12695,100572682,37272857,0.0260905839221828,99.7075736729384,0.483803353658537
615.69,617,50,198,2550,25938,2025-10-17,2025-10-24,660.64,148,23388,173287338,82519072,0.0149682026969564,99.7996679942074,0.901688642146657
179.98,180,12796,12796,25592,25592,2025-10-17,2025-12-19,660.64,0,0,744273030,196619847,0.00343852309145207,99.9896257157135,0
658.97,710,5,5,19655,25515,2025-10-17,2025-11-07,660.64,0,5860,175818360,89991170,0.0145121362751876,99.9073276533804,0.229668822261415
533.39,534,341,413,13299,25193,2025-10-17,2025-10-31,660.64,72,11894,419113393,176854159,0.0060110224155972,99.8643433950105,0.472115270114714
557.43,559,160,160,25120,25120,2025-10-17,2025-11-28,660.64,0,0,279514775,81595020,0.00898700256542789,99.8811468910722,0
658.86,690,8,8,23416,24912,2025-10-17,2025-10-24,660.64,0,1496,173287338,82519072,0.0143761225070005,99.8140441167144,0.0600513808606294
439.67,440,649,754,18821,24882,2025-10-17,2025-11-28,660.64,105,6061.00000000001,279514775,81595020,0.00890185500927456,99.8900487460815,0.243589743589744
658.86,678,14,13,26180,24882,2025-10-17,2025-10-17,660.64,-1,-1298,170079065,62966839,0.0146296665024587,99.6844014870378,-0.0521662245800177
551.76,554,107,111,14017,24864,2025-10-17,2025-11-28,660.64,4,10847,279514775,81595020,0.00889541527813691,99.8989441613596,0.436253217503217
434.64,435,685,685,19865,24660,2025-10-17,2025-11-28,660.64,0,4795,279514775,81595020,0.0088224316585769,99.9077665930182,0.194444444444445
399.65,400,694,695,15962,24325,2025-10-17,2025-11-28,660.64,1,8363,279514775,81595020,0.00870258110684847,99.9164691741251,0.343802672147996
573.84,577,77,76,14630,24016,2025-10-17,2025-11-28,660.64,-1,9386.00000000001,279514775,81595020,0.00859203238898552,99.9250612065141,0.390822784810127
517.64,518,661,661,13220,23796,2025-10-17,2025-10-31,660.64,0,10576,419113393,176854159,0.00567769973411468,99.8700210947447,0.444444444444444
657.75,679,11,11,23375,23375,2025-10-17,2025-11-14,660.64,0,0,100572682,37272857,0.0232418978346426,99.730815570773,0
534.55,536,140,156,14000,22620,2025-10-17,2025-11-28,660.64,16,8620,279514775,81595020,0.00809259546297687,99.933153801977,0.381078691423519
379.79,380,1066,1066,12792,22386,2025-10-17,2025-11-21,660.64,0,9594,955429758,319411262,0.00234302938678198,99.9867887723882,0.428571428571429
663.17,683,0,11,0,21813,2025-10-17,2025-11-21,660.64,11,21813,955429758,319411262,0.00228305637513962,99.9890718287634,1
600.28,601,221,301,8177,21672,2025-10-17,2025-10-24,660.64,80,13495,173287338,82519072,0.0125063955913501,99.8265505123058,0.622692875599852
531.35,532,171,327,6498,21255,2025-10-17,2025-10-31,660.64,156,14757,419113393,176854159,0.00507141989614252,99.8750925146408,0.694283697953423
530.6,532,113,151,11074,21140,2025-10-17,2025-11-28,660.64,38,10066,279514775,81595020,0.00756310645832586,99.9407169084354,0.476158940397351
595.36,596,296,327,9768,20928,2025-10-17,2025-10-24,660.64,31,11160,173287338,82519072,0.0120770508922008,99.838627563198,0.533256880733945
605.19,606,258,256,11868,20736,2025-10-17,2025-10-24,660.64,-2,8868,173287338,82519072,0.0119662522601623,99.8505938154581,0.427662037037037
660.41,690,306,7,810900,20713,2025-10-17,2025-10-31,660.64,-299,-790187,419113393,176854159,0.00494209928528817,99.8800346139261,-38.1493265099213
511.79,512,986,986,20706,20706,2025-10-17,2025-10-31,660.64,0,0,419113393,176854159,0.00494042909289706,99.884975043019,0
535.65,536,586,586,20510,20510,2025-10-17,2025-10-31,660.64,0,0,419113393,176854159,0.00489366370594604,99.8898687067249,0
554.99,555,20422,20487,40844,20487,2025-10-17,2025-10-17,660.64,65,-20357,170079065,62966839,0.0120455742157331,99.6964470612535,-0.993654512617758
484.4,485,241,341,6748,20460,2025-10-17,2025-11-14,660.64,100,13712,100572682,37272857,0.0203434964576166,99.7511590672306,0.670185728250244
519.99,520,20203,20203,20203,20203,2025-10-17,2025-10-17,660.64,0,0,170079065,62966839,0.0118785930531779,99.7083256543067,0
490.8,491,1008,1008,20160,20160,2025-10-17,2025-10-31,660.64,0,0,419113393,176854159,0.00481015408639065,99.8946788608113,0
444.62,445,523,529,13075,20102,2025-10-17,2025-11-14,660.64,6,7027,100572682,37272857,0.0199875349848978,99.7711466022155,0.34956720724306
514.85,515,1334,1334,13340,20010,2025-10-17,2025-10-24,660.64,0,6670,173287338,82519072,0.0115472949327665,99.8621411103909,0.333333333333333
607.95,608,3937,3981,27559,19905,2025-10-17,2025-10-17,660.64,44,-7654,170079065,62966839,0.011703380424863,99.7200290347316,-0.384526500879176
554.8,557,89,90,13261,19800,2025-10-17,2025-11-28,660.64,1,6539.00000000001,279514775,81595020,0.00708370425141211,99.9478006126868,0.330252525252525
655.2,677,8,9,16200,19620,2025-10-17,2025-11-21,660.64,1,3420,955429758,319411262,0.00205352615780678,99.9911253549212,0.174311926605505
497.7,498,569,649,15932,19470,2025-10-17,2025-10-31,660.64,80,3538,419113393,176854159,0.00464552083641002,99.8993243816477,0.181715459681561
389.75,390,813,763,10569,19075,2025-10-17,2025-11-21,660.64,-50,8506,955429758,319411262,0.00199648376453437,99.9931218386857,0.445923984272608
561.49,563,124,124,24180,18724,2025-10-17,2025-11-28,660.64,0,-5456,279514775,81595020,0.00669875143451719,99.9544993641213,-0.291390728476821
550.31,551,270,271,13230,18699,2025-10-17,2025-10-31,660.64,1,5469,419113393,176854159,0.00446156107447514,99.9037859427222,0.292475533450986
522.76,524,149,149,18923,18476,2025-10-17,2025-11-28,660.64,0,-447,279514775,81595020,0.00661002624995405,99.9611093903712,-0.0241935483870968
520.5,521,342,368,9234,18400,2025-10-17,2025-10-31,660.64,26,9166,419113393,176854159,0.00439021999948353,99.9081761627217,0.498152173913044
229.93,230,2589,2613,12945,18291,2025-10-17,2025-12-19,660.64,24,5346,744273030,196619847,0.0024575658747167,99.9920832815882,0.292274889289815
484.72,485,647,651,10352,18228,2025-10-17,2025-10-31,660.64,4,7876,419113393,176854159,0.00434918098644488,99.9125253437081,0.432082510423524
659.04,750,2,2,17882,18192,2025-10-17,2025-12-19,660.64,0,310,744273030,196619847,0.00244426430445827,99.9945275458927,0.0170404573438874
500.62,501,565,478,12430,18164,2025-10-17,2025-10-31,660.64,-87,5734,419113393,176854159,0.00433391065601189,99.9168592543641,0.315679365778463
534.8,535,796,905,7960,18100,2025-10-17,2025-10-24,660.64,109,10140,173287338,82519072,0.0104450793744665,99.8725861897654,0.560220994475138
464.98,465,9040,9040,18080,18080,2025-10-17,2025-10-17,660.64,0,0,170079065,62966839,0.0106303500668939,99.7306593847985,0
617.93,618,1848,2577,35112,18039,2025-10-17,2025-10-17,660.64,729,-17073,170079065,62966839,0.0106062436314546,99.7412656284299,-0.946449359720605
419.75,420,703,701,8436,17525,2025-10-17,2025-11-14,660.64,-2,9089,100572682,37272857,0.0174252089647962,99.7885718111803,0.518630527817404
424.89,425,1586,1585,12688,17435,2025-10-17,2025-10-31,660.64,-1,4747,419113393,176854159,0.00415997204842366,99.9210192264126,0.272268425580728
544.81,545,804,914,6432,17366,2025-10-17,2025-10-24,660.64,110,10934,173287338,82519072,0.0100215054374025,99.8826076952028,0.629621098698607
602.24,603,92,227,4140,17252,2025-10-17,2025-10-24,660.64,135,13112,173287338,82519072,0.00995571874962959,99.8925634139524,0.760027822861118
524.84,525,1023,1075,7161,17200,2025-10-17,2025-10-24,660.64,52,10039,173287338,82519072,0.00992571078678582,99.9024891247392,0.583662790697674
254.86,255,1108,1216,8864,17024,2025-10-17,2025-12-19,660.64,108,8160,744273030,196619847,0.0022873326472679,99.9968148785399,0.479323308270677
459.55,460,230,375,4830,16875,2025-10-17,2025-11-14,660.64,145,12045,100572682,37272857,0.01677891020148,99.8053507213818,0.713777777777778
605.94,606,2714,2808,13570,16848,2025-10-17,2025-10-17,660.64,94,3278,170079065,62966839,0.00990598108003475,99.75117160951,0.194563152896486
617.68,619,131,127,13886,16764,2025-10-17,2025-10-24,660.64,-4,2878,173287338,82519072,0.00967410555986497,99.912163230299,0.171677403960868
519.83,520,956,980,8604,16660,2025-10-17,2025-10-24,660.64,24,8056,173287338,82519072,0.00961408963417743,99.9217773199332,0.483553421368548
606.94,607,2312,2745,13872,16470,2025-10-17,2025-10-17,660.64,433,2598,170079065,62966839,0.00968373150452115,99.7608553410145,0.157741347905282
523.51,524,321,334,7062,16366,2025-10-17,2025-10-31,660.64,13,9304,419113393,176854159,0.00390490981041019,99.924924136223,0.568495661737749
493.68,494,587,511,9392,16352,2025-10-17,2025-10-31,660.64,-76,6960,419113393,176854159,0.00390156942562797,99.9288257056486,0.425636007827789
469.48,470,291,313,9021,16276,2025-10-17,2025-11-14,660.64,22,7255,100572682,37272857,0.0161833210334393,99.8215340424152,0.445748341115753
536.71,538,126,126,16254,16254,2025-10-17,2025-11-28,660.64,0,0,279514775,81595020,0.00581507721729558,99.9669244675885,0
521.12,522,183,183,16104,16104,2025-10-17,2025-11-28,660.64,0,0,279514775,81595020,0.00576141279114852,99.9726858803797,0
449.58,450,376,382,10528,16044,2025-10-17,2025-11-14,660.64,6,5516,100572682,37272857,0.0159526420902249,99.8374866845054,0.343804537521815
454.58,455,318,381,8268,16002,2025-10-17,2025-11-14,660.64,63,7734,100572682,37272857,0.0159108812470567,99.8533975657525,0.48331458567679
474.75,475,627,631,7524,15775,2025-10-17,2025-10-31,660.64,4,8251,419113393,176854159,0.00376389785281808,99.9325896035014,0.523042789223455
659.5,682,16,7,26784,15750,2025-10-17,2025-10-24,660.64,-9,-11034,173287338,82519072,0.00908895028441143,99.9308662702176,-0.700571428571428
591.48,592,195,302,5070,15704,2025-10-17,2025-10-24,660.64,107,10634,173287338,82519072,0.00906240477881886,99.9399286749964,0.677152317880795
496.68,497,489,489,7335,15648,2025-10-17,2025-10-31,660.64,0,8313,419113393,176854159,0.00373359579086512,99.9363231992923,0.53125
664.91,696,5,5,15545,15545,2025-10-17,2025-11-21,660.64,0,0,955429758,319411262,0.001627016520036,99.9947488552058,0
593.48,594,218,293,6976,15236,2025-10-17,2025-10-24,660.64,75,8260,173287338,82519072,0.00879233311322493,99.9487210081097,0.542137043843528
494.56,495,232,346,5568,15224,2025-10-17,2025-11-07,660.64,114,9656,175818360,89991170,0.0086589364159693,99.9159865897964,0.63426169206516
484.53,485,49,323,1274,15181,2025-10-17,2025-11-07,660.64,274,13907,175818360,89991170,0.00863447935699093,99.9246210691534,0.916079309663395
606.23,607,185,195,10360,15015,2025-10-17,2025-10-24,660.64,10,4655,173287338,82519072,0.0086647992711389,99.9573858073808,0.31002331002331
543.69,545,111,114,8769,14934,2025-10-17,2025-11-14,660.64,3,6165,100572682,37272857,0.0148489626636386,99.8682465284161,0.412816392125352
419.99,420,14655,14655,14655,14655,2025-10-17,2025-10-17,660.64,0,0,170079065,62966839,0.00861658076495188,99.7694719217795,0
399.99,400,14625,14621,14625,14621,2025-10-17,2025-10-17,660.64,-4,-4,170079065,62966839,0.00859659006239245,99.7780685118418,-0.00027357909855687
660.44,684,6,6,14136,14136,2025-10-17,2025-11-14,660.64,0,0,100572682,37272857,0.0140555066434442,99.8823020350596,0
501.82,502,780,780,14040,14040,2025-10-17,2025-10-31,660.64,0,0,419113393,176854159,0.00334992873873634,99.939673128031,0
503.66,504,390,412,7800,14008,2025-10-17,2025-10-31,660.64,22,6208,419113393,176854159,0.00334229357351985,99.9430154216045,0.443175328383781
512.55,513,272,310,5712,13950,2025-10-17,2025-10-31,660.64,38,8238,419113393,176854159,0.00332845483656496,99.9463438764411,0.590537634408602
529.83,530,1036,812,8288,13804,2025-10-17,2025-10-24,660.64,-224,5516,173287338,82519072,0.00796595998260415,99.9653517673634,0.399594320486816
530.43,531,211,239,5486,13623,2025-10-17,2025-10-31,660.64,28,8137,419113393,176854159,0.00325043299200892,99.9495943094331,0.597298686045658
607.99,609,201,134,8643,13534,2025-10-17,2025-10-24,660.64,-67,4891,173287338,82519072,0.00781014940629996,99.9731619167697,0.361386138613861
264.92,265,1691,1691,13528,13528,2025-10-17,2025-12-19,660.64,0,0,744273030,196619847,0.0018176125500611,99.99863249109,0
469.61,470,248,341,5456,13299,2025-10-17,2025-11-07,660.64,93,7843,175818360,89991170,0.00756405645007723,99.9321851256035,0.58974358974359
534.99,535,13235,13261,26470,13261,2025-10-17,2025-10-17,660.64,26,-13209,170079065,62966839,0.00779696196001548,99.7858654738019,-0.996078727094487
544.89,546,119,119,13209,13209,2025-10-17,2025-11-28,660.64,0,0,279514775,81595020,0.00472568936651023,99.9774115697462,0
494.67,495,396,398,6732,13134,2025-10-17,2025-10-31,660.64,2,6402,419113393,176854159,0.00313375812354438,99.9527280675566,0.487437185929648
658.85,685,11,5,22000,13075,2025-10-17,2025-10-17,660.64,-6,-8925,170079065,62966839,0.00768760105777863,99.7935530748596,-0.682600382409178
665.13,691,5,5,12935,12935,2025-10-17,2025-11-28,660.64,0,0,279514775,81595020,0.0046276623480816,99.9820392320943,0
514.45,515,234,235,8892,12925,2025-10-17,2025-11-07,660.64,1,4033,175818360,89991170,0.00735133691384677,99.9395364625173,0.312030947775629
495.66,496,377,380,5278,12920,2025-10-17,2025-10-31,660.64,3,7642,419113393,176854159,0.00308269795615909,99.9558107655128,0.591486068111455
564.99,565,12711,12858,25422,12858,2025-10-17,2025-10-17,660.64,147,-12564,170079065,62966839,0.0075600133385023,99.8011130881981,-0.977134857676155
665.59,687,6,6,12846,12846,2025-10-17,2025-11-14,660.64,0,0,100572682,37272857,0.0127728521747088,99.8950748872343,0
596.94,597,1558,2118,9348,12708,2025-10-17,2025-10-17,660.64,560,3360,170079065,62966839,0.00747181906250484,99.8085849072606,0.264400377714825
494.31,495,181,182,8507,12558,2025-10-17,2025-11-14,660.64,1,4051,100572682,37272857,0.0124864921072702,99.9075613793416,0.322583213887562
439.99,440,12545,12544,12545,12544,2025-10-17,2025-10-17,660.64,-1,-1,170079065,62966839,0.00737539332074762,99.8159603005814,-7.9719387755102e-05
509.14,510,136,142,7480,12212,2025-10-17,2025-11-14,660.64,6,4732,100572682,37272857,0.012142462304028,99.9197038416456,0.387487716999672
592.95,593,1750,2440,7000,12200,2025-10-17,2025-10-17,660.64,690,5200,170079065,62966839,0.00717313444779344,99.8231334350292,0.426229508196721
544.99,545,12197,12197,24394,12197,2025-10-17,2025-10-17,660.64,0,-12197,170079065,62966839,0.00717137056227349,99.8303048055914,-1
659.27,720,2,2,11854,12146,2025-10-17,2025-11-21,660.64,0,292,955429758,319411262,0.00127126038291137,99.9960201155887,0.0240408364893792
499.29,500,154,171,7854,12141,2025-10-17,2025-11-14,660.64,17,4287,100572682,37272857,0.0120718665929581,99.9317757082386,0.353101062515444
424.98,425,5791,5791,11582,11582,2025-10-17,2025-10-17,660.64,0,0,170079065,62966839,0.00680977403068391,99.8371145796221,0
536.6,537,288,288,11520,11520,2025-10-17,2025-10-31,660.64,0,0,419113393,176854159,0.00274865947793751,99.9585594249907,0
414.81,415,592,597,7104,11343,2025-10-17,2025-11-07,660.64,5,4239,175818360,89991170,0.00645154465096819,99.9459880071683,0.373710658555938
489.4,490,167,187,5010,11220,2025-10-17,2025-11-14,660.64,20,6210,100572682,37272857,0.0111561109606285,99.9429318191992,0.553475935828877
434.86,435,801,800,8010,11200,2025-10-17,2025-10-31,660.64,-1,3190,419113393,176854159,0.00267230782577258,99.9612317328165,0.284821428571429
394.9,395,1021,1117,8168,11170,2025-10-17,2025-11-07,660.64,96,3002,175818360,89991170,0.00635314764624127,99.9523411548146,0.268755595344673
474.6,475,113,276,2825,11040,2025-10-17,2025-11-07,660.64,163,8215,175818360,89991170,0.00627920770049271,99.958620362515,0.74411231884058
449.99,450,10782,10782,10782,10782,2025-10-17,2025-10-17,660.64,0,0,170079065,62966839,0.00633940455869745,99.8434539841808,0
504.4,505,106,179,3710,10740,2025-10-17,2025-11-07,660.64,73,7030,175818360,89991170,0.00610857705645759,99.9647289395715,0.654562383612663
603.96,604,2125,2631,10625,10524,2025-10-17,2025-10-17,660.64,506,-101,170079065,62966839,0.00618771040398182,99.8496416945848,-0.00959711136450019
513.77,514,452,452,10396,10396,2025-10-17,2025-10-31,660.64,0,0,419113393,176854159,0.00248047429970819,99.9637122071162,0
600.95,601,1777,2068,8885,10340,2025-10-17,2025-10-17,660.64,291,1455,170079065,62966839,0.00607952542542493,99.8557212200102,0.140715667311412
404.92,405,1287,1282,7722,10256,2025-10-17,2025-10-31,660.64,-5,2534,419113393,176854159,0.00244707045188604,99.9661592775681,0.24707488299532
489.99,490,10184,10184,10184,10184,2025-10-17,2025-10-17,660.64,0,0,170079065,62966839,0.00598780337838758,99.8617090233886,0
154.98,155,5084,5089,5084,10178,2025-10-17,2025-12-19,660.64,5,5094,744273030,196619847,0.00136750891000309,100,0.50049125564944
409.98,410,5076,5076,10152,10152,2025-10-17,2025-10-17,660.64,0,0,170079065,62966839,0.00596898859950812,99.8676780119881,0
610.93,611,1272,1431,7632,10017,2025-10-17,2025-10-17,660.64,159,2385,170079065,62966839,0.0058896137511104,99.8735676257392,0.238095238095238
469.99,470,9774,9774,9774,9774,2025-10-17,2025-10-17,660.64,0,0,170079065,62966839,0.00574673902399452,99.8793143647632,0
659.58,684,3,4,7053,9768,2025-10-17,2025-11-07,660.64,1,2715,175818360,89991170,0.00555573376978377,99.9702846733413,0.277948402948403
439.65,440,275,279,4125,9765,2025-10-17,2025-11-14,660.64,4,5640,100572682,37272857,0.00970939603658974,99.9526412152358,0.577572964669739
444.87,445,743,747,4458,9711,2025-10-17,2025-10-31,660.64,4,5253,419113393,176854159,0.00231703404429264,99.9684763116124,0.54093296261971
539.82,540,473,534,4730,9612,2025-10-17,2025-10-24,660.64,61,4882,173287338,82519072,0.00554685651642938,99.9787087732862,0.507906783187682
394.69,395,214,308,3852,9548,2025-10-17,2025-11-28,660.64,94,5696,279514775,81595020,0.00341591960568095,99.9854551517,0.596564725596984
434.99,435,9537,9534,19074,9534,2025-10-17,2025-10-17,660.64,-3,-9540,170079065,62966839,0.00560562818239858,99.8849199929456,-1.00062932662052
515.49,516,193,180,5597,9180,2025-10-17,2025-10-31,660.64,-13,3583,419113393,176854159,0.00219033802148146,99.9706666496339,0.390305010893246
404.75,405,383,362,6128,9050,2025-10-17,2025-11-21,660.64,-21,2922,955429758,319411262,0.000947217723147367,99.9969673333118,0.322872928176796
379.9,380,888,894,5328,8940,2025-10-17,2025-11-07,660.64,6,3612,175818360,89991170,0.00508479319224682,99.9753694665335,0.404026845637584
664.7,687,13,4,32435,8920,2025-10-17,2025-11-21,660.64,-9,-23515,955429758,319411262,0.000933611280715416,99.9979009445925,-2.63621076233184
525.07,526,95,95,8835,8835,2025-10-17,2025-11-28,660.64,0,0,279514775,81595020,0.00316083470006192,99.9886159864,0
506.66,507,255,256,4590,8704,2025-10-17,2025-10-31,660.64,1,4114,419113393,176854159,0.00207676493888612,99.9727434145728,0.47265625
516.75,517,129,345,2580,8625,2025-10-17,2025-10-31,660.64,216,6045,419113393,176854159,0.0020579156247579,99.9748013301975,0.700869565217391
379.95,380,1694,1699,3388,8495,2025-10-17,2025-10-31,660.64,5,5107,419113393,176854159,0.0020268977660659,99.9768282279636,0.601177163037081
590.96,591,2023,2104,8092,8416,2025-10-17,2025-10-17,660.64,81,324,170079065,62966839,0.00494828684529751,99.8898682797909,0.0384980988593156
514.99,515,8306,8304,8306,8304,2025-10-17,2025-10-17,660.64,-2,-2,170079065,62966839,0.00488243511921941,99.8947507149101,-0.000240847784200385
667.7,684,20,5,40000,8150,2025-10-17,2025-10-24,660.64,-15,-31850,173287338,82519072,0.00470317109955258,99.9834119443857,-3.9079754601227
657.31,698,2,2,8138,8138,2025-10-17,2025-11-21,660.64,0,0,955429758,319411262,0.000851763296240141,99.9987527078888,0
602.95,603,1907,1591,9535,7955,2025-10-17,2025-10-17,660.64,-316,-1580,170079065,62966839,0.00467723643706532,99.8994279513472,-0.198617221873036
484.99,485,7977,7952,7977,7952,2025-10-17,2025-10-17,660.64,-25,-25,170079065,62966839,0.00467547255154537,99.9041034238988,-0.00314386317907445
454.92,455,986,984,7888,7872,2025-10-17,2025-10-31,660.64,-2,-16,419113393,176854159,0.0018782506432573,99.9787064786069,-0.00203252032520325
509.9,510,743,784,3715,7840,2025-10-17,2025-10-24,660.64,41,4125,173287338,82519072,0.00452427747490702,99.9879362218606,0.526147959183674
502.68,503,224,241,5152,7712,2025-10-17,2025-10-31,660.64,17,2560,419113393,176854159,0.00184007481717484,99.980546553424,0.33195020746888
610.1,611,25,84,1675,7560,2025-10-17,2025-10-24,660.64,59,5885,173287338,82519072,0.00436269613651749,99.9922989179971,0.778439153439154
658.97,684,3,3,5643,7509,2025-10-17,2025-10-17,660.64,0,1866,170079065,62966839,0.00441500545643287,99.9085184293552,0.248501797842589
389.94,390,1187,1229,5935,7374,2025-10-17,2025-10-31,660.64,42,1439,419113393,176854159,0.00175942838457563,99.9823059818086,0.195145104420938
492.7,493,214,244,1712,7320,2025-10-17,2025-10-31,660.64,30,5608,419113393,176854159,0.0017465440432728,99.9840525258519,0.766120218579235
667.56,682,2,5,4324,7220,2025-10-17,2025-10-17,660.64,3,2896,170079065,62966839,0.00424508448467776,99.9127635138399,0.401108033240997
519.24,520,47,95,1692,7220,2025-10-17,2025-11-07,660.64,48,5528,175818360,89991170,0.00410651083311208,99.9794759773666,0.765650969529086
601.95,602,1414,1434,7070,7170,2025-10-17,2025-10-17,660.64,20,100,170079065,62966839,0.00421568639267861,99.9169792002326,0.0139470013947001
505.71,506,247,247,8645,7163,2025-10-17,2025-10-31,660.64,0,-1482,419113393,176854159,0.00170908401392938,99.9857616098658,-0.206896551724138
524.99,525,6953,6950,13906,6950,2025-10-17,2025-10-17,660.64,-3,-6956,170079065,62966839,0.00408633478788233,99.9210655350204,-1.00086330935252
598.96,599,1234,1706,7404,6824,2025-10-17,2025-10-17,660.64,472,-580,170079065,62966839,0.00401225159604446,99.9250777866165,-0.0849941383352872
597.96,598,1364,1661,6820,6644,2025-10-17,2025-10-17,660.64,297,-176,170079065,62966839,0.00390641846484751,99.9289842050813,-0.0264900662251656
324.99,325,6500,6526,6500,6526,2025-10-17,2025-10-17,660.64,26,26.0000000000009,170079065,62966839,0.00383703896772951,99.9328212440491,0.00398406374502006
591.96,592,1212,1626,4848,6504,2025-10-17,2025-10-17,660.64,414,1656,170079065,62966839,0.00382410380724988,99.9366453478563,0.254612546125461
429.7,430,213,216,4260,6480,2025-10-17,2025-11-14,660.64,3,2220,100572682,37272857,0.00644310151736831,99.9590843167531,0.342592592592593
667.95,684,4,4,6420,6420,2025-10-17,2025-10-31,660.64,0,0,419113393,176854159,0.00153180502155893,99.9872934148874,0
384.99,385,6414,6414,6414,6414,2025-10-17,2025-10-17,660.64,0,0,170079065,62966839,0.00377118724165141,99.940416535098,0
659,691,2,2,5556,6400,2025-10-17,2025-10-24,660.64,0,844,173287338,82519072,0.00369328773461798,99.9959922057317,0.131875
491.84,492,392,392,6272,6272,2025-10-17,2025-10-31,660.64,0,0,419113393,176854159,0.00149649238243265,99.9887899072698,0
658.1,679,4,3,8984,6270,2025-10-17,2025-11-21,660.64,-1,-2714,955429758,319411262,0.000656249184987181,99.9994089570738,-0.432854864433812
374.96,375,1485,1526,4455,6104,2025-10-17,2025-10-31,660.64,41,1649,419113393,176854159,0.00145640776504606,99.9902463150348,0.270150720838794
414.8,415,301,301,6020,6020,2025-10-17,2025-11-28,660.64,0,0,279514775,81595020,0.00215373230270207,99.9907697187027,0
507.82,508,418,331,9196,5958,2025-10-17,2025-10-31,660.64,-87,-3238,419113393,176854159,0.00142157232374581,99.9916678873586,-0.54347096341054
414.92,415,716,718,3580,5744,2025-10-17,2025-10-31,660.64,2,2164,419113393,176854159,0.00137051215636051,99.9930383995149,0.376740947075209
429.89,430,519,519,5709,5709,2025-10-17,2025-11-07,660.64,0,0,175818360,89991170,0.00324710115598849,99.9827230785226,0
399.79,400,148,260,1776,5460,2025-10-17,2025-11-14,660.64,112,3684,100572682,37272857,0.00542890961185663,99.964513226365,0.674725274725275
587.97,588,1477,1819,5908,5457,2025-10-17,2025-10-17,660.64,342,-451,170079065,62966839,0.00320850776078761,99.9436250428587,-0.0826461425691772
595.95,596,814,1084,4070,5420,2025-10-17,2025-10-17,660.64,270,1350,170079065,62966839,0.00318675317270823,99.9468117960315,0.249077490774908
474.43,475,88,92,3696,5244,2025-10-17,2025-11-14,660.64,4,1548,100572682,37272857,0.00521413956127768,99.9697273659263,0.295194508009153
379.84,380,227,322,2270,5152,2025-10-17,2025-11-14,660.64,95,2882,100572682,37272857,0.00512266342862369,99.9748500293549,0.559394409937888
509.99,510,5049,5049,5049,5049,2025-10-17,2025-10-17,660.64,0,0,170079065,62966839,0.00296861933007452,99.9497804153615,0
394.99,395,5022,5032,5022,5032,2025-10-17,2025-10-17,660.64,10,10,170079065,62966839,0.0029586239787948,99.9527390393403,0.0019872813990461
384.94,385,796,831,2388,4986,2025-10-17,2025-10-31,660.64,35,2598,419113393,176854159,0.00118965418029483,99.9942280536952,0.521058965102287
409.68,410,152,153,4712,4896,2025-10-17,2025-11-28,660.64,1,184,279514775,81595020,0.00175160686944009,99.9925213255722,0.0375816993464052
494.99,495,4876,4875,4876,4875,2025-10-17,2025-10-17,660.64,-1,-1,170079065,62966839,0.00286631396991746,99.9556053533102,-0.000205128205128205
464.91,465,532,541,4788,4869,2025-10-17,2025-10-31,660.64,9,81,419113393,176854159,0.00116173810747203,99.9953897918027,0.0166358595194085
521.5,522,80,95,2640,4750,2025-10-17,2025-10-31,660.64,15,2110,419113393,176854159,0.00113334483682319,99.9965231366395,0.44421052631579
434.78,435,208,211,3120,4642,2025-10-17,2025-11-07,660.64,3,1522,175818360,89991170,0.00264022483203688,99.9853633033547,0.327875915553641
349.99,350,4632,4632,4632,4632,2025-10-17,2025-10-17,660.64,0,0,170079065,62966839,0.00272343924280158,99.958328792553,0
659.87,705,1,1,4167,4513,2025-10-17,2025-10-17,660.64,0,346,170079065,62966839,0.00265347178384359,99.9609822643369,0.0766674052736539
434.65,435,131,128,2751,4480,2025-10-17,2025-11-14,660.64,-3,1729,100572682,37272857,0.00445448993793364,99.9793045192928,0.3859375
389.9,390,444,446,2220,4460,2025-10-17,2025-11-07,660.64,2,2240,175818360,89991170,0.0025367089079889,99.9879000122627,0.502242152466368
533.11,534,50,50,4450,4450,2025-10-17,2025-11-28,660.64,0,0,279514775,81595020,0.00159204464236282,99.9941133702145,0
474.99,475,4429,4429,4429,4429,2025-10-17,2025-10-17,660.64,0,0,170079065,62966839,0.00260408298928501,99.9635863473262,0
394.95,395,875,881,2625,4405,2025-10-17,2025-10-31,660.64,6,1780,419113393,176854159,0.00105102821183288,99.9975741648514,0.404086265607265
459.99,460,4228,4223,4228,4223,2025-10-17,2025-10-17,660.64,-5,-5,170079065,62966839,0.0024829628502485,99.9660693101764,-0.0011839924224485
658.52,699,1,1,3851,4048,2025-10-17,2025-10-17,660.64,0,197,170079065,62966839,0.00238006952825146,99.9684493797047,0.0486660079051382
593.97,594,543,1310,2172,3930,2025-10-17,2025-10-17,660.64,767,1758,170079065,62966839,0.00231069003113346,99.9707600697358,0.447328244274809
508.84,509,236,236,3776,3776,2025-10-17,2025-10-31,660.64,0,0,419113393,176854159,0.000900949495546185,99.9984751143469,0
660.13,697,0,1,0,3687,2025-10-17,2025-10-31,660.64,1,3687,419113393,176854159,0.000879714192287814,99.9993548285392,1
658.62,695,1,1,2463,3638,2025-10-17,2025-10-24,660.64,0,1175,173287338,82519072,0.00209940324664691,99.9980916089784,0.322979659153381
374.99,375,3616,3616,3616,3616,2025-10-17,2025-10-17,660.64,0,0,170079065,62966839,0.00212607001337878,99.9728861397492,0
464.51,465,109,73,2943,3577,2025-10-17,2025-11-14,660.64,-36,633.999999999999,100572682,37272857,0.00355663180981889,99.9828611511026,0.177243500139782
359.99,360,3460,3460,3460,3460,2025-10-17,2025-10-17,660.64,0,0,170079065,62966839,0.00203434796634142,99.9749204877155,0
444.99,445,3386,3384,3386,3384,2025-10-17,2025-10-17,660.64,-2,-1.99999999999955,170079065,62966839,0.00198966286650271,99.976910150582,-0.000591016548463223
660.92,694,1,1,3308,3308,2025-10-17,2025-11-28,660.64,0,0,279514775,81595020,0.0011834794779632,99.9952968496925,0
659.93,693,1,1,2944,3307,2025-10-17,2025-10-24,660.64,0,363,173287338,82519072,0.00190839102162213,100,0.109767160568491
659.16,692,1,1,3566,3284,2025-10-17,2025-10-17,660.64,0,-281.999999999999,170079065,62966839,0.0019308666825044,99.9788410172645,-0.0858708891595612
399.85,400,144,210,1296,3150,2025-10-17,2025-11-07,660.64,66,1854,175818360,89991170,0.00179162176236885,99.989691634025,0.588571428571429
414.99,415,3132,3132,3132,3132,2025-10-17,2025-10-17,660.64,0,0,170079065,62966839,0.00184149648282697,99.9806825137474,0
662,693,0,1,0,3100,2025-10-17,2025-11-21,660.64,1,3100,955429758,319411262,0.000324461319531142,99.9997334183933,1
339.99,340,3004,3004,3004,3004,2025-10-17,2025-10-17,660.64,0,0,170079065,62966839,0.00176623736730914,99.9824487511147,0
369.85,370,196,196,980,2940,2025-10-17,2025-11-14,660.64,0,1960,100572682,37272857,0.00292325902176895,99.9857844101244,0.666666666666667
668.85,698,1,1,2915,2915,2025-10-17,2025-11-28,660.64,0,0,279514775,81595020,0.00104287868145789,99.9963397283739,0
671.94,701,1,1,2906,2906,2025-10-17,2025-11-28,660.64,0,0,279514775,81595020,0.00103965881588907,99.9973793871898,0
658.97,688,1,1,1759,2903,2025-10-17,2025-10-17,660.64,0,1144,170079065,62966839,0.00170685322147085,99.9841556043361,0.39407509472959
659.03,688,4,1,10000,2897,2025-10-17,2025-11-14,660.64,-3,-7103,100572682,37272857,0.00288050387281111,99.9886649139972,-2.45184673800483
419.92,420,355,359,2840,2872,2025-10-17,2025-11-07,660.64,4,32,175818360,89991170,0.00163350403222963,99.9913251380573,0.011142061281337
660.35,689,0,1,0,2865,2025-10-17,2025-10-17,660.64,1,2865,170079065,62966839,0.00168451067155149,99.9858401150077,1
668.96,696,1,1,2704,2704,2025-10-17,2025-10-31,660.64,0,0,419113393,176854159,0.000645171460793666,100,0
658.97,686,1,1,2270,2703,2025-10-17,2025-10-17,660.64,0,433,170079065,62966839,0.00158926085347424,99.9874293758612,0.160192378838328
404.66,405,82,79,1558,2686,2025-10-17,2025-11-28,660.64,-3,1128,279514775,81595020,0.000960950990873381,99.9983403381807,0.419955323901713
404.92,405,321,325,3531,2600,2025-10-17,2025-11-07,660.64,4,-931,175818360,89991170,0.00147879891497111,99.9928039369722,-0.358076923076923
554.4,556,16,16,2560,2560,2025-10-17,2025-11-28,660.64,0,0,279514775,81595020,0.000915872872909849,99.9992562110536,0
665.53,691,0,1,0,2547,2025-10-17,2025-11-21,660.64,1,2547,955429758,319411262,0.000266581606724458,100,1
329.99,330,2355,2355,2355,2355,2025-10-17,2025-10-17,660.64,0,0,170079065,62966839,0.00138465013316013,99.9888140259943,0
439.77,440,102,102,1632,2346,2025-10-17,2025-11-07,660.64,0,714,175818360,89991170,0.0013343316363547,99.9941382686086,0.304347826086957
344.99,345,2327,2327,2327,2327,2025-10-17,2025-10-17,660.64,0,0,170079065,62966839,0.0013681872016406,99.990182213196,0
666.96,690,1,1,2529,2304,2025-10-17,2025-10-17,660.64,0,-225,170079065,62966839,0.00135466407932099,99.9915368772753,-0.09765625
389.99,390,2238,2238,2238,2238,2025-10-17,2025-10-17,660.64,0,0,170079065,62966839,0.00131585859788211,99.9928527358732,0
668.21,689,1,1,2079,2079,2025-10-17,2025-11-28,660.64,0,0,279514775,81595020,0.000743788946398272,100,0
661,681,1,1,2000,2000,2025-10-17,2025-10-17,660.64,0,0,170079065,62966839,0.00117592367996614,99.9940286595531,0
369.99,370,1959,1959,1959,1959,2025-10-17,2025-10-17,660.64,0,0,170079065,62966839,0.00115181724452683,99.9951804767977,0
659.48,679,3,1,4119,1952,2025-10-17,2025-10-17,660.64,-2,-2167,170079065,62966839,0.00114770151164695,99.9963281783093,-1.11014344262295
379.99,380,1863,1864,1863,1864,2025-10-17,2025-10-17,660.64,1,1,170079065,62966839,0.00109596086972844,99.997424139179,0.000536480686695279
464.67,465,53,54,1378,1782,2025-10-17,2025-11-07,660.64,1,404,175818360,89991170,0.00101354602556866,99.9951518146342,0.226711560044893
394.9,395,163,166,1467,1660,2025-10-17,2025-11-14,660.64,3,193,100572682,37272857,0.00165054761093077,99.9903154616081,0.116265060240964
665.26,681,1,1,1574,1574,2025-10-17,2025-11-14,660.64,0,0,100572682,37272857,0.00156503731301508,99.9918804989212,0
364.99,365,1509,1509,1509,1509,2025-10-17,2025-10-17,660.64,0,0,170079065,62966839,0.000887234416534451,99.9983113735956,0
459.68,460,43,47,774,1504,2025-10-17,2025-11-07,660.64,4,730,175818360,89991170,0.000855428295429442,99.9960072429296,0.485372340425532
334.99,335,1479,1479,1479,1479,2025-10-17,2025-10-17,660.64,0,0,170079065,62966839,0.000869595561334959,99.9991809691569,0
444.89,445,134,134,1474,1474,2025-10-17,2025-11-07,660.64,0,0,175818360,89991170,0.000838365231025929,99.9968456081606,0
424.75,425,56,58,896,1450,2025-10-17,2025-11-14,660.64,2,554,100572682,37272857,0.00144174339509013,99.9933222423163,0.382068965517241
354.99,355,1393,1393,1393,1393,2025-10-17,2025-10-17,660.64,0,0,170079065,62966839,0.000819030843096415,100,0
489.57,490,24,31,696,1333,2025-10-17,2025-11-07,660.64,7,637,175818360,89991170,0.000758168828329419,99.9976037769889,0.477869467366842
409.91,410,133,133,1197,1197,2025-10-17,2025-11-14,660.64,0,0,100572682,37272857,0.00119018403029165,99.9945124263466,0
349.91,350,120,132,720,1188,2025-10-17,2025-11-14,660.64,12,468,100572682,37272857,0.00118123527818419,99.9956936616247,0.393939393939394
384.9,385,99,105,792,1050,2025-10-17,2025-11-07,660.64,6,258,175818360,89991170,0.000597207254122948,99.9982009842431,0.245714285714286
449.74,450,40,40,560,1040,2025-10-17,2025-11-07,660.64,0,480,175818360,89991170,0.000591519565988444,99.9987925038091,0.461538461538462
384.83,385,55,53,440,901,2025-10-17,2025-11-14,660.64,-2,461,100572682,37272857,0.000895869516535315,99.9965895311413,0.51165371809101
389.88,390,61,61,732,732,2025-10-17,2025-11-14,660.64,0,0,100572682,37272857,0.000727831838073086,99.9973173629794,0
514.2,515,9,9,450,720,2025-10-17,2025-11-14,660.64,0,270,100572682,37272857,0.000715900168596478,99.998033263148,0.375
369.91,370,61,71,244,639,2025-10-17,2025-11-07,660.64,10,395,175818360,89991170,0.000363443271794823,99.9991559470809,0.618153364632238
354.87,355,47,49,376,637,2025-10-17,2025-11-14,660.64,2,261,100572682,37272857,0.00063337278804994,99.998666635936,0.409733124018838
374.89,375,14,56,70,616,2025-10-17,2025-11-07,660.64,42,546,175818360,89991170,0.000350361589085463,99.9995063086699,0.886363636363636
359.9,360,105,58,945,580,2025-10-17,2025-11-14,660.64,-47,-365,100572682,37272857,0.000576697358036052,99.999243333294,-0.629310344827586
454.76,455,22,22,374,528,2025-10-17,2025-11-07,660.64,0,154,175818360,89991170,0.000300309933501825,99.9998066186034,0.291666666666667
414.75,415,21,21,189,525,2025-10-17,2025-11-14,660.64,0,336,100572682,37272857,0.000522010539601599,99.9997653438336,0.64
424.9,425,31,34,310,340,2025-10-17,2025-11-07,660.64,3,30.0000000000001,175818360,89991170,0.000193381396573145,100,0.0882352941176472
404.92,405,17,17,136,136,2025-10-17,2025-11-14,660.64,0,0,100572682,37272857,0.000135225587401557,99.999900569421,0
364.93,365,7,8,49,56,2025-10-17,2025-11-14,660.64,1,7,100572682,37272857,5.56811242241705e-05,99.9999562505453,0.125
374.96,375,11,11,44,44,2025-10-17,2025-11-14,660.64,0,0,100572682,37272857,4.37494547475626e-05,100,0
667.16,687,0,0,0,0,2025-10-17,2025-10-17,660.64,0,0,170079065,62966839,0,100,
691,691,0,0,0,0,2025-10-17,2025-10-17,660.64,0,0,170079065,62966839,0,100,
658.88,693,0,0,0,0,2025-10-17,2025-10-17,660.64,0,0,170079065,62966839,0,100,
694,694,0,0,0,0,2025-10-17,2025-10-17,660.64,0,0,170079065,62966839,0,100,
666.8,695,0,0,0,0,2025-10-17,2025-10-17,660.64,0,0,170079065,62966839,0,100,
671.59,696,0,0,0,0,2025-10-17,2025-10-17,660.64,0,0,170079065,62966839,0,100,
697,697,0,0,0,0,2025-10-17,2025-10-17,660.64,0,0,170079065,62966839,0,100,
698,698,0,0,0,0,2025-10-17,2025-10-17,660.64,0,0,170079065,62966839,0,100,
701,701,0,0,0,0,2025-10-17,2025-10-17,660.64,0,0,170079065,62966839,0,100,
702,702,0,0,0,0,2025-10-17,2025-10-17,660.64,0,0,170079065,62966839,0,100,
703,703,0,0,0,0,2025-10-17,2025-10-17,660.64,0,0,170079065,62966839,0,100,
663.41,704,0,0,0,0,2025-10-17,2025-10-17,660.64,0,0,170079065,62966839,0,100,
666.87,706,0,0,0,0,2025-10-17,2025-10-17,660.64,0,0,170079065,62966839,0,100,
708,708,0,0,0,0,2025-10-17,2025-10-17,660.64,0,0,170079065,62966839,0,100,
635.42,710,0,0,0,0,2025-10-17,2025-10-17,660.64,0,0,170079065,62966839,0,100,
667.85,712,0,0,0,0,2025-10-17,2025-10-17,660.64,0,0,170079065,62966839,0,100,
714,714,0,0,0,0,2025-10-17,2025-10-17,660.64,0,0,170079065,62966839,0,100,
715,715,0,0,0,0,2025-10-17,2025-10-17,660.64,0,0,170079065,62966839,0,100,
716,716,0,0,0,0,2025-10-17,2025-10-17,660.64,0,0,170079065,62966839,0,100,
718,718,0,0,0,0,2025-10-17,2025-10-17,660.64,0,0,170079065,62966839,0,100,
668.9,720,0,0,0,0,2025-10-17,2025-10-17,660.64,0,0,170079065,62966839,0,100,
660.34,725,0,0,0,0,2025-10-17,2025-10-17,660.64,0,0,170079065,62966839,0,100,
663.11,735,0,0,0,0,2025-10-17,2025-10-17,660.64,0,0,170079065,62966839,0,100,
740,740,0,0,0,0,2025-10-17,2025-10-17,660.64,0,0,170079065,62966839,0,100,
745,745,0,0,0,0,2025-10-17,2025-10-17,660.64,0,0,170079065,62966839,0,100,
663.6,750,0,0,0,0,2025-10-17,2025-10-17,660.64,0,0,170079065,62966839,0,100,
755,755,0,0,0,0,2025-10-17,2025-10-17,660.64,0,0,170079065,62966839,0,100,
760,760,0,0,0,0,2025-10-17,2025-10-17,660.64,0,0,170079065,62966839,0,100,
765,765,0,0,0,0,2025-10-17,2025-10-17,660.64,0,0,170079065,62966839,0,100,
770,770,0,0,0,0,2025-10-17,2025-10-17,660.64,0,0,170079065,62966839,0,100,
775,775,0,0,0,0,2025-10-17,2025-10-17,660.64,0,0,170079065,62966839,0,100,
780,780,0,0,0,0,2025-10-17,2025-10-17,660.64,0,0,170079065,62966839,0,100,
785,785,0,0,0,0,2025-10-17,2025-10-17,660.64,0,0,170079065,62966839,0,100,
790,790,0,0,0,0,2025-10-17,2025-10-17,660.64,0,0,170079065,62966839,0,100,
795,795,0,0,0,0,2025-10-17,2025-10-17,660.64,0,0,170079065,62966839,0,100,
665.4,800,0,0,0,0,2025-10-17,2025-10-17,660.64,0,0,170079065,62966839,0,100,
805,805,0,0,0,0,2025-10-17,2025-10-17,660.64,0,0,170079065,62966839,0,100,
810,810,0,0,0,0,2025-10-17,2025-10-17,660.64,0,0,170079065,62966839,0,100,
815,815,0,0,0,0,2025-10-17,2025-10-17,660.64,0,0,170079065,62966839,0,100,
820,820,0,0,0,0,2025-10-17,2025-10-17,660.64,0,0,170079065,62966839,0,100,
825,825,0,0,0,0,2025-10-17,2025-10-17,660.64,0,0,170079065,62966839,0,100,
830,830,0,0,0,0,2025-10-17,2025-10-17,660.64,0,0,170079065,62966839,0,100,
835,835,0,0,0,0,2025-10-17,2025-10-17,660.64,0,0,170079065,62966839,0,100,
840,840,0,0,0,0,2025-10-17,2025-10-17,660.64,0,0,170079065,62966839,0,100,
663.26,845,0,0,0,0,2025-10-17,2025-10-17,660.64,0,0,170079065,62966839,0,100,
663.28,850,0,0,0,0,2025-10-17,2025-10-17,660.64,0,0,170079065,62966839,0,100,
662.85,687,0,0,0,0,2025-10-17,2025-10-24,660.64,0,0,173287338,82519072,0,100,
663.21,688,0,0,0,0,2025-10-17,2025-10-24,660.64,0,0,173287338,82519072,0,100,
672.35,689,0,0,0,0,2025-10-17,2025-10-24,660.64,0,0,173287338,82519072,0,100,
663.2,692,0,0,0,0,2025-10-17,2025-10-24,660.64,0,0,173287338,82519072,0,100,
659.47,694,0,0,0,0,2025-10-17,2025-10-24,660.64,0,0,173287338,82519072,0,100,
659.79,696,0,0,0,0,2025-10-17,2025-10-24,660.64,0,0,173287338,82519072,0,100,
661.43,697,0,0,0,0,2025-10-17,2025-10-24,660.64,0,0,173287338,82519072,0,100,
663.97,698,0,0,0,0,2025-10-17,2025-10-24,660.64,0,0,173287338,82519072,0,100,
699,699,0,0,0,0,2025-10-17,2025-10-24,660.64,0,0,173287338,82519072,0,100,
669.91,700,0,0,0,0,2025-10-17,2025-10-24,660.64,0,0,173287338,82519072,0,100,
672.85,701,0,0,0,0,2025-10-17,2025-10-24,660.64,0,0,173287338,82519072,0,100,
702,702,0,0,0,0,2025-10-17,2025-10-24,660.64,0,0,173287338,82519072,0,100,
703,703,0,0,0,0,2025-10-17,2025-10-24,660.64,0,0,173287338,82519072,0,100,
704,704,0,0,0,0,2025-10-17,2025-10-24,660.64,0,0,173287338,82519072,0,100,
705,705,0,0,0,0,2025-10-17,2025-10-24,660.64,0,0,173287338,82519072,0,100,
706,706,0,0,0,0,2025-10-17,2025-10-24,660.64,0,0,173287338,82519072,0,100,
707,707,0,0,0,0,2025-10-17,2025-10-24,660.64,0,0,173287338,82519072,0,100,
708,708,0,0,0,0,2025-10-17,2025-10-24,660.64,0,0,173287338,82519072,0,100,
709,709,0,0,0,0,2025-10-17,2025-10-24,660.64,0,0,173287338,82519072,0,100,
658.38,710,0,0,0,0,2025-10-17,2025-10-24,660.64,0,0,173287338,82519072,0,100,
711,711,0,0,0,0,2025-10-17,2025-10-24,660.64,0,0,173287338,82519072,0,100,
712,712,0,0,0,0,2025-10-17,2025-10-24,660.64,0,0,173287338,82519072,0,100,
713,713,0,0,0,0,2025-10-17,2025-10-24,660.64,0,0,173287338,82519072,0,100,
714,714,0,0,0,0,2025-10-17,2025-10-24,660.64,0,0,173287338,82519072,0,100,
715,715,0,0,0,0,2025-10-17,2025-10-24,660.64,0,0,173287338,82519072,0,100,
656.42,716,0,0,0,0,2025-10-17,2025-10-24,660.64,0,0,173287338,82519072,0,100,
718,718,0,0,0,0,2025-10-17,2025-10-24,660.64,0,0,173287338,82519072,0,100,
720,720,0,0,0,0,2025-10-17,2025-10-24,660.64,0,0,173287338,82519072,0,100,
725,725,0,0,0,0,2025-10-17,2025-10-24,660.64,0,0,173287338,82519072,0,100,
730,730,0,0,0,0,2025-10-17,2025-10-24,660.64,0,0,173287338,82519072,0,100,
735,735,0,0,0,0,2025-10-17,2025-10-24,660.64,0,0,173287338,82519072,0,100,
740,740,0,0,0,0,2025-10-17,2025-10-24,660.64,0,0,173287338,82519072,0,100,
745,745,0,0,0,0,2025-10-17,2025-10-24,660.64,0,0,173287338,82519072,0,100,
750,750,0,0,0,0,2025-10-17,2025-10-24,660.64,0,0,173287338,82519072,0,100,
755,755,0,0,0,0,2025-10-17,2025-10-24,660.64,0,0,173287338,82519072,0,100,
760,760,0,0,0,0,2025-10-17,2025-10-24,660.64,0,0,173287338,82519072,0,100,
765,765,0,0,0,0,2025-10-17,2025-10-24,660.64,0,0,173287338,82519072,0,100,
770,770,0,0,0,0,2025-10-17,2025-10-24,660.64,0,0,173287338,82519072,0,100,
780,780,0,0,0,0,2025-10-17,2025-10-24,660.64,0,0,173287338,82519072,0,100,
667.65,689,0,0,0,0,2025-10-17,2025-10-31,660.64,0,0,419113393,176854159,0,100,
672.78,691,0,0,0,0,2025-10-17,2025-10-31,660.64,0,0,419113393,176854159,0,100,
664.78,692,0,0,0,0,2025-10-17,2025-10-31,660.64,0,0,419113393,176854159,0,100,
659.09,693,0,0,0,0,2025-10-17,2025-10-31,660.64,0,0,419113393,176854159,0,100,
659.01,694,100,0,248700,0,2025-10-17,2025-10-31,660.64,-100,-248700,419113393,176854159,0,100,-Inf
666.26,695,0,0,0,0,2025-10-17,2025-10-31,660.64,0,0,419113393,176854159,0,100,
698,698,0,0,0,0,2025-10-17,2025-10-31,660.64,0,0,419113393,176854159,0,100,
665.53,699,0,0,0,0,2025-10-17,2025-10-31,660.64,0,0,419113393,176854159,0,100,
668.84,701,0,0,0,0,2025-10-17,2025-10-31,660.64,0,0,419113393,176854159,0,100,
702,702,0,0,0,0,2025-10-17,2025-10-31,660.64,0,0,419113393,176854159,0,100,
703,703,0,0,0,0,2025-10-17,2025-10-31,660.64,0,0,419113393,176854159,0,100,
666.74,704,0,0,0,0,2025-10-17,2025-10-31,660.64,0,0,419113393,176854159,0,100,
672.5,705,0,0,0,0,2025-10-17,2025-10-31,660.64,0,0,419113393,176854159,0,100,
661.1,706,0,0,0,0,2025-10-17,2025-10-31,660.64,0,0,419113393,176854159,0,100,
670.37,707,0,0,0,0,2025-10-17,2025-10-31,660.64,0,0,419113393,176854159,0,100,
671.05,708,0,0,0,0,2025-10-17,2025-10-31,660.64,0,0,419113393,176854159,0,100,
709,709,0,0,0,0,2025-10-17,2025-10-31,660.64,0,0,419113393,176854159,0,100,
665.37,710,0,0,0,0,2025-10-17,2025-10-31,660.64,0,0,419113393,176854159,0,100,
669.75,711,0,0,0,0,2025-10-17,2025-10-31,660.64,0,0,419113393,176854159,0,100,
712,712,0,0,0,0,2025-10-17,2025-10-31,660.64,0,0,419113393,176854159,0,100,
713,713,0,0,0,0,2025-10-17,2025-10-31,660.64,0,0,419113393,176854159,0,100,
714,714,0,0,0,0,2025-10-17,2025-10-31,660.64,0,0,419113393,176854159,0,100,
662.81,715,0,0,0,0,2025-10-17,2025-10-31,660.64,0,0,419113393,176854159,0,100,
658.4,716,0,0,0,0,2025-10-17,2025-10-31,660.64,0,0,419113393,176854159,0,100,
718,718,0,0,0,0,2025-10-17,2025-10-31,660.64,0,0,419113393,176854159,0,100,
669.87,720,0,0,0,0,2025-10-17,2025-10-31,660.64,0,0,419113393,176854159,0,100,
643.98,725,0,0,0,0,2025-10-17,2025-10-31,660.64,0,0,419113393,176854159,0,100,
643.96,730,0,0,0,0,2025-10-17,2025-10-31,660.64,0,0,419113393,176854159,0,100,
735,735,0,0,0,0,2025-10-17,2025-10-31,660.64,0,0,419113393,176854159,0,100,
740,740,0,0,0,0,2025-10-17,2025-10-31,660.64,0,0,419113393,176854159,0,100,
745,745,0,0,0,0,2025-10-17,2025-10-31,660.64,0,0,419113393,176854159,0,100,
750,750,0,0,0,0,2025-10-17,2025-10-31,660.64,0,0,419113393,176854159,0,100,
755,755,0,0,0,0,2025-10-17,2025-10-31,660.64,0,0,419113393,176854159,0,100,
760,760,0,0,0,0,2025-10-17,2025-10-31,660.64,0,0,419113393,176854159,0,100,
765,765,0,0,0,0,2025-10-17,2025-10-31,660.64,0,0,419113393,176854159,0,100,
770,770,0,0,0,0,2025-10-17,2025-10-31,660.64,0,0,419113393,176854159,0,100,
780,780,0,0,0,0,2025-10-17,2025-10-31,660.64,0,0,419113393,176854159,0,100,
666.5,695,1,0,2936,0,2025-10-17,2025-11-07,660.64,-1,-2936,175818360,89991170,0,100,-Inf
705,705,0,0,0,0,2025-10-17,2025-11-07,660.64,0,0,175818360,89991170,0,100,
715,715,0,0,0,0,2025-10-17,2025-11-07,660.64,0,0,175818360,89991170,0,100,
720,720,0,0,0,0,2025-10-17,2025-11-07,660.64,0,0,175818360,89991170,0,100,
725,725,0,0,0,0,2025-10-17,2025-11-07,660.64,0,0,175818360,89991170,0,100,
671.49,730,0,0,0,0,2025-10-17,2025-11-07,660.64,0,0,175818360,89991170,0,100,
735,735,0,0,0,0,2025-10-17,2025-11-07,660.64,0,0,175818360,89991170,0,100,
740,740,0,0,0,0,2025-10-17,2025-11-07,660.64,0,0,175818360,89991170,0,100,
745,745,0,0,0,0,2025-10-17,2025-11-07,660.64,0,0,175818360,89991170,0,100,
750,750,0,0,0,0,2025-10-17,2025-11-07,660.64,0,0,175818360,89991170,0,100,
755,755,0,0,0,0,2025-10-17,2025-11-07,660.64,0,0,175818360,89991170,0,100,
760,760,0,0,0,0,2025-10-17,2025-11-07,660.64,0,0,175818360,89991170,0,100,
765,765,0,0,0,0,2025-10-17,2025-11-07,660.64,0,0,175818360,89991170,0,100,
770,770,0,0,0,0,2025-10-17,2025-11-07,660.64,0,0,175818360,89991170,0,100,
780,780,0,0,0,0,2025-10-17,2025-11-07,660.64,0,0,175818360,89991170,0,100,
655.58,705,0,0,0,0,2025-10-17,2025-11-14,660.64,0,0,100572682,37272857,0,100,
710,710,0,0,0,0,2025-10-17,2025-11-14,660.64,0,0,100572682,37272857,0,100,
715,715,0,0,0,0,2025-10-17,2025-11-14,660.64,0,0,100572682,37272857,0,100,
670.77,720,0,0,0,0,2025-10-17,2025-11-14,660.64,0,0,100572682,37272857,0,100,
725,725,0,0,0,0,2025-10-17,2025-11-14,660.64,0,0,100572682,37272857,0,100,
730,730,0,0,0,0,2025-10-17,2025-11-14,660.64,0,0,100572682,37272857,0,100,
735,735,0,0,0,0,2025-10-17,2025-11-14,660.64,0,0,100572682,37272857,0,100,
740,740,0,0,0,0,2025-10-17,2025-11-14,660.64,0,0,100572682,37272857,0,100,
659.28,745,1,0,7862,0,2025-10-17,2025-11-14,660.64,-1,-7862,100572682,37272857,0,100,-Inf
666.36,750,0,0,0,0,2025-10-17,2025-11-14,660.64,0,0,100572682,37272857,0,100,
755,755,0,0,0,0,2025-10-17,2025-11-14,660.64,0,0,100572682,37272857,0,100,
760,760,0,0,0,0,2025-10-17,2025-11-14,660.64,0,0,100572682,37272857,0,100,
765,765,0,0,0,0,2025-10-17,2025-11-14,660.64,0,0,100572682,37272857,0,100,
770,770,0,0,0,0,2025-10-17,2025-11-14,660.64,0,0,100572682,37272857,0,100,
780,780,0,0,0,0,2025-10-17,2025-11-14,660.64,0,0,100572682,37272857,0,100,
697,697,0,0,0,0,2025-10-17,2025-11-21,660.64,0,0,955429758,319411262,0,100,
662.82,702,0,0,0,0,2025-10-17,2025-11-21,660.64,0,0,955429758,319411262,0,100,
672.66,704,0,0,0,0,2025-10-17,2025-11-21,660.64,0,0,955429758,319411262,0,100,
660.25,705,0,0,0,0,2025-10-17,2025-11-21,660.64,0,0,955429758,319411262,0,100,
662.71,706,0,0,0,0,2025-10-17,2025-11-21,660.64,0,0,955429758,319411262,0,100,
659,708,1,0,4387,0,2025-10-17,2025-11-21,660.64,-1,-4387,955429758,319411262,0,100,-Inf
662,710,0,0,0,0,2025-10-17,2025-11-21,660.64,0,0,955429758,319411262,0,100,
712,712,0,0,0,0,2025-10-17,2025-11-21,660.64,0,0,955429758,319411262,0,100,
714,714,0,0,0,0,2025-10-17,2025-11-21,660.64,0,0,955429758,319411262,0,100,
654.93,715,0,0,0,0,2025-10-17,2025-11-21,660.64,0,0,955429758,319411262,0,100,
716,716,0,0,0,0,2025-10-17,2025-11-21,660.64,0,0,955429758,319411262,0,100,
657.09,725,0,0,0,0,2025-10-17,2025-11-21,660.64,0,0,955429758,319411262,0,100,
666.33,735,0,0,0,0,2025-10-17,2025-11-21,660.64,0,0,955429758,319411262,0,100,
740,740,0,0,0,0,2025-10-17,2025-11-21,660.64,0,0,955429758,319411262,0,100,
745,745,0,0,0,0,2025-10-17,2025-11-21,660.64,0,0,955429758,319411262,0,100,
664.74,750,0,0,0,0,2025-10-17,2025-11-21,660.64,0,0,955429758,319411262,0,100,
664.72,755,0,0,0,0,2025-10-17,2025-11-21,660.64,0,0,955429758,319411262,0,100,
760,760,0,0,0,0,2025-10-17,2025-11-21,660.64,0,0,955429758,319411262,0,100,
765,765,0,0,0,0,2025-10-17,2025-11-21,660.64,0,0,955429758,319411262,0,100,
770,770,0,0,0,0,2025-10-17,2025-11-21,660.64,0,0,955429758,319411262,0,100,
775,775,0,0,0,0,2025-10-17,2025-11-21,660.64,0,0,955429758,319411262,0,100,
780,780,0,0,0,0,2025-10-17,2025-11-21,660.64,0,0,955429758,319411262,0,100,
785,785,0,0,0,0,2025-10-17,2025-11-21,660.64,0,0,955429758,319411262,0,100,
790,790,0,0,0,0,2025-10-17,2025-11-21,660.64,0,0,955429758,319411262,0,100,
795,795,0,0,0,0,2025-10-17,2025-11-21,660.64,0,0,955429758,319411262,0,100,
800,800,0,0,0,0,2025-10-17,2025-11-21,660.64,0,0,955429758,319411262,0,100,
687,687,0,0,0,0,2025-10-17,2025-11-28,660.64,0,0,279514775,81595020,0,100,
663.21,696,0,0,0,0,2025-10-17,2025-11-28,660.64,0,0,279514775,81595020,0,100,
702,702,0,0,0,0,2025-10-17,2025-11-28,660.64,0,0,279514775,81595020,0,100,
703,703,0,0,0,0,2025-10-17,2025-11-28,660.64,0,0,279514775,81595020,0,100,
704,704,0,0,0,0,2025-10-17,2025-11-28,660.64,0,0,279514775,81595020,0,100,
659.58,705,0,0,0,0,2025-10-17,2025-11-28,660.64,0,0,279514775,81595020,0,100,
706,706,0,0,0,0,2025-10-17,2025-11-28,660.64,0,0,279514775,81595020,0,100,
707,707,0,0,0,0,2025-10-17,2025-11-28,660.64,0,0,279514775,81595020,0,100,
708,708,0,0,0,0,2025-10-17,2025-11-28,660.64,0,0,279514775,81595020,0,100,
709,709,0,0,0,0,2025-10-17,2025-11-28,660.64,0,0,279514775,81595020,0,100,
665,710,0,0,0,0,2025-10-17,2025-11-28,660.64,0,0,279514775,81595020,0,100,
672.85,711,0,0,0,0,2025-10-17,2025-11-28,660.64,0,0,279514775,81595020,0,100,
712,712,0,0,0,0,2025-10-17,2025-11-28,660.64,0,0,279514775,81595020,0,100,
713,713,0,0,0,0,2025-10-17,2025-11-28,660.64,0,0,279514775,81595020,0,100,
714,714,0,0,0,0,2025-10-17,2025-11-28,660.64,0,0,279514775,81595020,0,100,
715,715,0,0,0,0,2025-10-17,2025-11-28,660.64,0,0,279514775,81595020,0,100,
716,716,0,0,0,0,2025-10-17,2025-11-28,660.64,0,0,279514775,81595020,0,100,
717,717,0,0,0,0,2025-10-17,2025-11-28,660.64,0,0,279514775,81595020,0,100,
718,718,0,0,0,0,2025-10-17,2025-11-28,660.64,0,0,279514775,81595020,0,100,
719,719,0,0,0,0,2025-10-17,2025-11-28,660.64,0,0,279514775,81595020,0,100,
722,722,0,0,0,0,2025-10-17,2025-11-28,660.64,0,0,279514775,81595020,0,100,
725,725,0,0,0,0,2025-10-17,2025-11-28,660.64,0,0,279514775,81595020,0,100,
668.64,730,0,0,0,0,2025-10-17,2025-11-28,660.64,0,0,279514775,81595020,0,100,
735,735,0,0,0,0,2025-10-17,2025-11-28,660.64,0,0,279514775,81595020,0,100,
740,740,0,0,0,0,2025-10-17,2025-11-28,660.64,0,0,279514775,81595020,0,100,
745,745,0,0,0,0,2025-10-17,2025-11-28,660.64,0,0,279514775,81595020,0,100,
657.63,750,0,0,0,0,2025-10-17,2025-11-28,660.64,0,0,279514775,81595020,0,100,
755,755,0,0,0,0,2025-10-17,2025-11-28,660.64,0,0,279514775,81595020,0,100,
760,760,0,0,0,0,2025-10-17,2025-11-28,660.64,0,0,279514775,81595020,0,100,
765,765,0,0,0,0,2025-10-17,2025-11-28,660.64,0,0,279514775,81595020,0,100,
770,770,0,0,0,0,2025-10-17,2025-11-28,660.64,0,0,279514775,81595020,0,100,
658.89,780,0,0,0,0,2025-10-17,2025-11-28,660.64,0,0,279514775,81595020,0,100,
662.77,715,0,0,0,0,2025-10-17,2025-12-19,660.64,0,0,744273030,196619847,0,100,
665.54,720,0,0,0,0,2025-10-17,2025-12-19,660.64,0,0,744273030,196619847,0,100,
626.5,725,0,0,0,0,2025-10-17,2025-12-19,660.64,0,0,744273030,196619847,0,100,
663.08,730,0,0,0,0,2025-10-17,2025-12-19,660.64,0,0,744273030,196619847,0,100,
735,735,0,0,0,0,2025-10-17,2025-12-19,660.64,0,0,744273030,196619847,0,100,
557.52,740,0,0,0,0,2025-10-17,2025-12-19,660.64,0,0,744273030,196619847,0,100,
657.64,745,0,0,0,0,2025-10-17,2025-12-19,660.64,0,0,744273030,196619847,0,100,
664.72,755,0,0,0,0,2025-10-17,2025-12-19,660.64,0,0,744273030,196619847,0,100,
760,760,0,0,0,0,2025-10-17,2025-12-19,660.64,0,0,744273030,196619847,0,100,
556.84,765,0,0,0,0,2025-10-17,2025-12-19,660.64,0,0,744273030,196619847,0,100,
770,770,0,0,0,0,2025-10-17,2025-12-19,660.64,0,0,744273030,196619847,0,100,
775,775,0,0,0,0,2025-10-17,2025-12-19,660.64,0,0,744273030,196619847,0,100,
602,780,0,0,0,0,2025-10-17,2025-12-19,660.64,0,0,744273030,196619847,0,100,
785,785,0,0,0,0,2025-10-17,2025-12-19,660.64,0,0,744273030,196619847,0,100,
644.13,790,0,0,0,0,2025-10-17,2025-12-19,660.64,0,0,744273030,196619847,0,100,
795,795,0,0,0,0,2025-10-17,2025-12-19,660.64,0,0,744273030,196619847,0,100,
659.04,800,2,0,27060,0,2025-10-17,2025-12-19,660.64,-2,-27060,744273030,196619847,0,100,-Inf
666.36,805,0,0,0,0,2025-10-17,2025-12-19,660.64,0,0,744273030,196619847,0,100,
810,810,0,0,0,0,2025-10-17,2025-12-19,660.64,0,0,744273030,196619847,0,100,
815,815,0,0,0,0,2025-10-17,2025-12-19,660.64,0,0,744273030,196619847,0,100,
820,820,0,0,0,0,2025-10-17,2025-12-19,660.64,0,0,744273030,196619847,0,100,
516.96,825,0,0,0,0,2025-10-17,2025-12-19,660.64,0,0,744273030,196619847,0,100,
830,830,0,0,0,0,2025-10-17,2025-12-19,660.64,0,0,744273030,196619847,0,100,
835,835,0,0,0,0,2025-10-17,2025-12-19,660.64,0,0,744273030,196619847,0,100,
663.65,840,0,0,0,0,2025-10-17,2025-12-19,660.64,0,0,744273030,196619847,0,100,
