Watch,strike,open_interest.yt,open_interest.td,OI_Dollar.yt,OI_Dollar.td,Date.td,expiry,stkClose,diff_oi,diff_oi_d,totalOI,totalOIdiff,OI_pct,cum_sep_OI,pct
399.81,405,126740,126737,76044000,65776503,2024-01-19,2024-09-20,476.49,-3,-10267497,290696056,-28418407,22.6272430060076,22.6272430060076,-0.156096729557058
451,460,59089,60132,59975335,54118800,2024-01-19,2024-06-21,476.49,1043,-5856535,466518390,-55433583,11.6005716301988,11.6005716301988,-0.108216276044554
463.09,490,17503,17541,50618676,47202831,2024-01-19,2024-12-20,476.49,38,-3415845,494206695,-38843079,9.55123260723937,9.55123260723937,-0.0723652570753648
392.8,400,64716,64717,50154900,46596240,2024-01-19,2024-12-20,476.49,1,-3558660,494206695,-38843079,9.42849226273634,18.9797248699757,-0.0763722566456006
458.7,470,35899,35964,46740498,40639320,2024-01-19,2024-06-21,476.49,65,-6101178,466518390,-55433583,8.71119357159747,20.3117652017962,-0.150129923433758
468.05,500,10669,10672,37085444,34097040,2024-01-19,2024-12-20,476.49,3,-2988404,494206695,-38843079,6.89934805516951,25.8790729251452,-0.0876440887537452
470.65,490,17414,17419,37631654,33705765,2024-01-19,2024-06-21,476.49,5,-3925889,466518390,-55433583,7.22495955625672,27.536724758053,-0.116475297326733
456.96,480,12819,12934,31752663,29799936,2024-01-19,2024-12-20,476.49,115,-1952727,494206695,-38843079,6.02985275219714,31.9089256773424,-0.0655278924088965
434.31,440,47376,48196,30225888,27423524,2024-01-19,2024-06-21,476.49,820,-2802364,466518390,-55433583,5.87833718623611,33.4150619442891,-0.10218832561417
456.14,460,67351,68943,33069341,26611998,2024-01-19,2024-03-15,476.49,1592,-6457343,380110584,-76081214,7.00111996881413,7.00111996881413,-0.242647808706434
450.11,453,41597,90625,15349293,26190625,2024-01-19,2024-03-15,476.49,49028,10841332,380110584,-76081214,6.89026459731519,13.8913845661293,0.413939415344231
435.32,450,16670,16656,26338600,24451008,2024-01-19,2024-12-20,476.49,-14,-1887592,494206695,-38843079,4.94752666189599,36.8564523392383,-0.0771989441089709
427.12,440,18510,18504,26932050,23833152,2024-01-19,2024-12-20,476.49,-6,-3098898,494206695,-38843079,4.82250690675083,41.6789592459892,-0.130024681586389
447.41,450,85485,91085,28210050,23591015,2024-01-19,2024-03-15,476.49,5600,-4619035,380110584,-76081214,6.20635572725857,20.0977402933879,-0.195796365692616
442.97,450,32189,32850,26137468,23093550,2024-01-19,2024-06-21,476.49,661,-3043918,466518390,-55433583,4.9501907095238,38.3652526538129,-0.131808145564454
466.36,470,59612,63200,30640568,23004800,2024-01-19,2024-02-16,476.49,3588,-7635768,250444868,-67869899,9.18557452732471,9.18557452732471,-0.331920642648491
423.15,435,18079,18102,23611174,21450870,2024-01-19,2024-12-20,476.49,23,-2160304,494206695,-38843079,4.34046527839935,46.0194245243885,-0.100709388477018
438.2,440,110033,111236,25197557,20022480,2024-01-19,2024-03-15,476.49,1203,-5175077,380110584,-76081214,5.26754077439738,25.3652810677853,-0.258463337208977
458.13,460,92584,104912,25182848,19618544,2024-01-19,2024-02-16,476.49,12328,-5564304,250444868,-67869899,7.8334781449784,17.0190526723031,-0.283624717512166
455.06,465,19557,19569,22392765,19451586,2024-01-19,2024-06-21,476.49,12,-2941179,466518390,-55433583,4.16952180598926,42.5347744598021,-0.151205099676705
448.96,450,183890,186094,27583500,19353776,2024-01-19,2024-02-16,476.49,2204,-8229724,250444868,-67869899,7.72775906911377,24.7468117414169,-0.425225754395421
410.47,420,20276,20283,21816976,19329699,2024-01-19,2024-12-20,476.49,7,-2487277,494206695,-38843079,3.9112580213022,49.9306825456907,-0.128676447574274
451.83,455,60985,60939,24576955,19317663,2024-01-19,2024-03-15,476.49,-46,-5259292,380110584,-76081214,5.08211657689595,30.4473976446812,-0.272253015284509
425.39,430,41658,41725,21703818,19235225,2024-01-19,2024-06-21,476.49,67,-2468593,466518390,-55433583,4.12314399867495,46.6579184584771,-0.128337100293862
450.16,470,9518,9635,20511290,19115840,2024-01-19,2024-12-20,476.49,117,-1395450,494206695,-38843079,3.86798483173118,53.7986673774219,-0.0729996693841338
462,475,14315,14460,21186200,18798000,2024-01-19,2024-06-21,476.49,145,-2388200,466518390,-55433583,4.0294231487852,50.6873416072623,-0.127045430364932
471.77,478,29755,30150,26719990,18783450,2024-01-19,2024-02-16,476.49,395,-7936540,250444868,-67869899,7.50003389967648,32.2468456410934,-0.422528342769832
446.93,460,14088,14131,21230616,18469217,2024-01-19,2024-09-20,476.49,43,-2761399,290696056,-28418407,6.35344601992123,28.9806890259289,-0.149513593348327
453.5,475,8357,8586,19296313,18459900,2024-01-19,2024-12-20,476.49,229,-836413,494206695,-38843079,3.73525898915635,57.5339263665783,-0.0453097254047964
434.35,445,17055,17055,19459755,18163575,2024-01-19,2024-09-20,476.49,0,-1296180,290696056,-28418407,6.24830458656102,35.2289936124899,-0.0713615023474178
397.42,400,67903,67954,19759773,17532132,2024-01-19,2024-06-21,476.49,51,-2227641,466518390,-55433583,3.75807950464718,54.4454211119095,-0.127060473877336
374.55,380,31506,31552,18746070,17195840,2024-01-19,2024-12-20,476.49,46,-1550230,494206695,-38843079,3.4794834173584,61.0134097839367,-0.0901514552356849
469.87,475,21250,33273,15087500,17069049,2024-01-19,2024-02-16,476.49,12023,1981549,250444868,-67869899,6.81549162348977,39.0623372645831,0.116090181708424
461.79,470,20434,20747,20004886,17033287,2024-01-19,2024-04-19,476.49,313,-2971599,125633382,-14358067,13.5579308053651,13.5579308053651,-0.174458341481594
447.07,455,20808,20920,18831240,16589560,2024-01-19,2024-06-21,476.49,112,-2241680,466518390,-55433583,3.55603559379513,58.0014567057046,-0.135125946679719
422.23,430,22355,20931,19694755,16263387,2024-01-19,2024-09-20,476.49,-1424,-3431368,290696056,-28418407,5.59463627535421,40.8236298878441,-0.210987293114282
416.21,420,42733,42742,18076059,16199218,2024-01-19,2024-06-21,476.49,9,-1876841,466518390,-55433583,3.47236429414926,61.4738209998538,-0.115859975463013
462.41,465,57213,61406,21226023,15904154,2024-01-19,2024-02-16,476.49,4193,-5321869,250444868,-67869899,6.35036130985922,45.4126985744423,-0.334621319687926
454.54,470,9831,9845,17538504,15220370,2024-01-19,2024-09-20,476.49,14,-2318134,290696056,-28418407,5.23583642978631,46.0594663176304,-0.152304707441409
383.72,390,24225,24230,16473000,15216440,2024-01-19,2024-12-20,476.49,5,-1256560,494206695,-38843079,3.07896274047846,64.0923725244151,-0.0825791052309213
418.9,430,13222,13223,16249838,14677530,2024-01-19,2024-12-20,476.49,1,-1572308,494206695,-38843079,2.96991727317656,67.0622897975917,-0.107123473772494
429.85,435,28202,28200,16554574,14523000,2024-01-19,2024-06-21,476.49,-2,-2031574,466518390,-55433583,3.11306055909179,64.5868815589456,-0.139886662535289
470.39,495,5846,5846,14761150,14387006,2024-01-19,2024-06-21,476.49,0,-374144,466518390,-55433583,3.08390972540225,67.6707912843479,-0.0260056887444128
464.11,470,23715,23139,17667675,13628871,2024-01-19,2024-03-15,476.49,-576,-4038804,380110584,-76081214,3.58550158129772,34.0328992259789,-0.296341787958812
439.08,455,8558,8559,14890920,13625928,2024-01-19,2024-12-20,476.49,1,-1264992,494206695,-38843079,2.75713140632383,69.8194212039155,-0.0928371263960883
420.83,425,33447,32498,15720090,13551666,2024-01-19,2024-06-21,476.49,-949,-2168424,466518390,-55433583,2.90485140360705,70.5756426879549,-0.160011617759765
460.27,465,28548,28275,17071704,13374075,2024-01-19,2024-03-15,476.49,-273,-3697629,380110584,-76081214,3.51846950938888,37.5513687353678,-0.27647736385507
461.13,480,6949,6963,14662390,13139181,2024-01-19,2024-09-20,476.49,14,-1523209,290696056,-28418407,4.51990342792955,50.57936974556,-0.115928762987587
395.25,400,26992,27082,14440720,12863950,2024-01-19,2024-09-20,476.49,90,-1576770,290696056,-28418407,4.42522343681195,55.0045931823719,-0.122572771193918
438.67,445,20311,20308,14745786,12854964,2024-01-19,2024-06-21,476.49,-3,-1890822,466518390,-55433583,2.75551066700715,73.3311533549621,-0.14708885999214
413.49,420,19711,19712,14251053,12832512,2024-01-19,2024-09-20,476.49,1,-1418541,290696056,-28418407,4.41440870460245,59.4190018869744,-0.110542737072835
446.54,449,56480,50595,17904160,12446370,2024-01-19,2024-03-15,476.49,-5885,-5457790,380110584,-76081214,3.27440763922533,40.8257763745931,-0.43850455996407
405.42,415,12961,12962,12792507,12417596,2024-01-19,2024-12-20,476.49,1,-374911,494206695,-38843079,2.51263208807805,72.3320532919936,-0.0301919147635339
442.13,455,7565,9598,10439700,12352626,2024-01-19,2024-09-20,476.49,2033,1912926,290696056,-28418407,4.24932700153317,63.6683288885075,0.154859865424566
439.23,450,9389,11444,11201077,12325188,2024-01-19,2024-09-20,476.49,2055,1124111,290696056,-28418407,4.2398882769844,67.9082171654919,0.0912043694587051
414.65,425,11668,11679,13219844,12087765,2024-01-19,2024-12-20,476.49,11,-1132079,494206695,-38843079,2.44589260370097,74.7779458956945,-0.0936549477922511
465.21,480,7817,8122,13054390,12012438,2024-01-19,2024-06-21,476.49,305,-1041952,466518390,-55433583,2.57491199864597,75.906065353608,-0.0867394279162983
463.79,485,5541,5574,12633480,11822454,2024-01-19,2024-09-20,476.49,33,-811026,290696056,-28418407,4.06694681815704,71.975163983649,-0.0686004783778393
430.17,445,7606,7606,11447030,11279698,2024-01-19,2024-12-20,476.49,0,-167332,494206695,-38843079,2.28238470140515,77.0603305970997,-0.0148347943358058
465.26,475,10671,11140,12196953,10850360,2024-01-19,2024-04-19,476.49,469,-1346593,125633382,-14358067,8.63652623790706,22.1944570432722,-0.124105836119723
445.65,450,19200,24080,9926400,10474800,2024-01-19,2024-04-19,476.49,4880,548399.999999998,125633382,-14358067,8.33759294961907,30.5320499928912,0.052354221560316
379.05,385,17466,17464,10898784,10391080,2024-01-19,2024-12-20,476.49,-2,-507704,494206695,-38843079,2.10257774836498,79.1629083454647,-0.0488595988097484
442.85,445,48039,48088,12826413,10338920,2024-01-19,2024-03-15,476.49,49,-2487493,380110584,-76081214,2.71997687914946,43.5457532537426,-0.240595052481303
397.08,405,12829,12853,10712215,10179576,2024-01-19,2024-12-20,476.49,24,-532639,494206695,-38843079,2.05978108006003,81.2226894255247,-0.0523242814828437
430.79,440,9505,10508,9970745,9677868,2024-01-19,2024-09-20,476.49,1003,-292877,290696056,-28418407,3.32920512688346,75.3043691105324,-0.0302625536946774
467.54,475,12371,12692,11591627,9468232,2024-01-19,2024-03-15,476.49,321,-2123395,380110584,-76081214,2.49091511748065,46.0366683712233,-0.224265206006781
467.84,472,13690,22585,7981270,9395360,2024-01-19,2024-02-16,476.49,8895,1414090,250444868,-67869899,3.75146836708189,49.1641669415242,0.150509400384871
467.9,485,5794,5478,11472120,9367380,2024-01-19,2024-06-21,476.49,-316,-2104740,466518390,-55433583,2.0079337065362,77.9139990601442,-0.224688226590573
404.14,410,15861,15864,10103457,9296304,2024-01-19,2024-09-20,476.49,3,-807153,290696056,-28418407,3.19794638011876,78.5023154906512,-0.0868251511568468
427.54,430,37127,37210,11026719,9153660,2024-01-19,2024-04-19,476.49,83,-1873059,125633382,-14358067,7.28600938244264,37.8180593753339,-0.204624052018537
470.53,480,9336,9378,10745736,8880966,2024-01-19,2024-03-15,476.49,42,-1864770,380110584,-76081214,2.33641639402496,48.3730847652482,-0.209973779879351
454.16,460,14469,14871,10157238,8684664,2024-01-19,2024-04-19,476.49,402,-1472574,125633382,-14358067,6.91270414100609,44.7307635163399,-0.169560273143555
411.56,415,26095,24103,10177050,8291432,2024-01-19,2024-06-21,476.49,-1992,-1885618,466518390,-55433583,1.77730014030101,79.6912992004453,-0.227417652342804
441.26,445,21531,22164,9473640,8289336,2024-01-19,2024-04-19,476.49,633,-1184304,125633382,-14358067,6.59803618117994,51.3287996975199,-0.142870792063442
445.57,448,34060,33950,10388300,8249850,2024-01-19,2024-03-15,476.49,-110,-2138450,380110584,-76081214,2.1703815540164,50.5434663192646,-0.259210773529216
317.55,320,33201,33203,8831466,8134735,2024-01-19,2024-12-20,476.49,2,-696730.999999999,494206695,-38843079,1.64601877762906,82.8687082031538,-0.0856488871487515
392.6,395,32689,32703,8891408,7848720,2024-01-19,2024-06-21,476.49,14,-1042688,466518390,-55433583,1.68240313098911,81.3737023314343,-0.132848158680651
469.62,478,9305,9350,10133145,7835300,2024-01-19,2024-03-15,476.49,45,-2297845,380110584,-76081214,2.0613211864682,52.6047875057328,-0.29326828583462
472.73,480,10017,10742,9836694,7809434,2024-01-19,2024-02-16,476.49,725,-2027260,250444868,-67869899,3.11822480626754,52.2823917477918,-0.259591156030002
401.93,405,25255,25281,8056345,7761267,2024-01-19,2024-06-21,476.49,26,-295078,466518390,-55433583,1.66365724618058,83.037359577615,-0.0380193079300068
457.74,475,4373,4391,8308700,7578866,2024-01-19,2024-09-20,476.49,18,-729834,290696056,-28418407,2.60714441891155,81.1094599095627,-0.0962985755388735
448.32,451,27720,27890,10062360,7474520,2024-01-19,2024-03-15,476.49,170,-2587840,380110584,-76081214,1.96640670231903,54.5711942080518,-0.346221563391361
428.7,430,56193,57456,9159459,7469280,2024-01-19,2024-03-15,476.49,1263,-1690179,380110584,-76081214,1.96502815612206,56.5362223641739,-0.226284059507744
442.3,460,3974,3974,7518808,7033980,2024-01-19,2024-12-20,476.49,0,-484828,494206695,-38843079,1.4232870722239,84.2919952753777,-0.0689265536723164
444.68,447,29363,29372,8427181,6814304,2024-01-19,2024-03-15,476.49,9,-1612877,380110584,-76081214,1.79271619545327,58.3289385596272,-0.23668990993064
387.83,390,30101,30099,7495149,6531483,2024-01-19,2024-06-21,476.49,-2,-963666.000000002,466518390,-55433583,1.40004834536105,84.437407922976,-0.147541683871795
453.62,455,44706,46104,8941200,6362352,2024-01-19,2024-02-16,476.49,1398,-2578848,250444868,-67869899,2.54042019339761,54.8228119411894,-0.405329349900791
346.46,350,17815,17821,6965665,6308634,2024-01-19,2024-12-20,476.49,6,-657031.000000001,494206695,-38843079,1.27651730820846,85.5685125835861,-0.104147902699697
474.83,490,3239,4125,5982433,6257625,2024-01-19,2024-03-15,476.49,886,275192.000000001,380110584,-76081214,1.64626434080036,59.9752029004275,0.0439770679770681
449.6,465,4039,4044,6531063,6227760,2024-01-19,2024-09-20,476.49,5,-303303,290696056,-28418407,2.14236136729698,83.2518212768597,-0.0487017804154303
443.75,446,27081,27088,7582680,6094800,2024-01-19,2024-03-15,476.49,7,-1487880,380110584,-76081214,1.6034281223803,61.5786310228078,-0.244122858830478
439.37,440,87143,95886,7494298,6040818,2024-01-19,2024-02-16,476.49,8743,-1453480,250444868,-67869899,2.41203505116344,57.2348469923528,-0.240609798209448
371.78,375,18664,18664,6943008,6009808,2024-01-19,2024-09-20,476.49,0,-933200,290696056,-28418407,2.06738546187913,85.3192067387388,-0.15527950310559
473.09,485,4952,4980,7130880,5931180,2024-01-19,2024-03-15,476.49,28,-1199700,380110584,-76081214,1.56038275429868,63.1390137771065,-0.202270037328154
399.41,400,98358,99992,6885060,5899528,2024-01-19,2024-03-15,476.49,1634,-985531.999999999,380110584,-76081214,1.5520557038738,64.6910694809803,-0.167052686248798
369.94,375,11632,11631,6572080,5885286,2024-01-19,2024-12-20,476.49,-1,-686794.000000001,494206695,-38843079,1.1908551744731,86.7593677580592,-0.116696792645251
365.28,370,12456,12453,6414840,5877816,2024-01-19,2024-12-20,476.49,-3,-537024,494206695,-38843079,1.18934366115781,87.948711419217,-0.0913645476483102
406.87,410,18448,18407,6346112,5761391,2024-01-19,2024-06-21,476.49,-41,-584721,466518390,-55433583,1.23497618175352,85.6723841047295,-0.101489553477624
468.5,473,12467,12617,7679672,5677650,2024-01-19,2024-02-16,476.49,150,-2002022,250444868,-67869899,2.26702589090386,59.5018728832567,-0.352614550033905
409.27,410,78007,76729,6864616,5601217,2024-01-19,2024-03-15,476.49,-1278,-1263399,380110584,-76081214,1.47357564765942,66.1646451286397,-0.225557945710727
385.62,390,12741,12742,5746191,5580996,2024-01-19,2024-09-20,476.49,1,-165195,290696056,-28418407,1.91987331262589,87.2390800513647,-0.0295995553481852
460.17,485,2190,2190,5836350,5437770,2024-01-19,2024-12-20,476.49,0,-398580,494206695,-38843079,1.10030277918433,89.0490141984014,-0.0732984293193717
426.6,435,6428,6429,6280156,5400360,2024-01-19,2024-09-20,476.49,1,-879795.999999999,290696056,-28418407,1.85773418267498,89.0968142340397,-0.162914324230236
409.62,410,140622,140619,6327990,5343522,2024-01-19,2024-02-23,476.49,-3,-984468,25896991,-6497202,20.6337562537671,20.6337562537671,-0.184235790551625
462.56,468,9739,9813,6573825,5338272,2024-01-19,2024-03-15,476.49,74,-1235553,380110584,-76081214,1.40439972594923,67.569044854589,-0.231451863074793
458.18,465,7764,7814,6304368,5329148,2024-01-19,2024-04-19,476.49,50,-975219.999999999,125633382,-14358067,4.24182483601373,55.5706245335336,-0.182997357176044
469.15,495,2049,2049,5911365,5296665,2024-01-19,2024-09-20,476.49,0,-614700,290696056,-28418407,1.82206290408013,90.9188771381198,-0.11605415860735
466.9,474,6978,7455,6336024,5293050,2024-01-19,2024-03-15,476.49,477,-1042974,380110584,-76081214,1.39250266180433,68.9615475163933,-0.197045937597416
368.46,370,33985,33968,6049330,5231072,2024-01-19,2024-06-21,476.49,-17,-818258,466518390,-55433583,1.12130027714449,86.793684381874,-0.156422622361153
449.27,452,19047,19155,6590262,5229315,2024-01-19,2024-03-15,476.49,108,-1360947,380110584,-76081214,1.37573517289905,70.3372826892923,-0.260253398389655
449.99,455,9362,10379,5598476,5199879,2024-01-19,2024-04-19,476.49,1017,-398597,125633382,-14358067,4.13893100481845,59.7095555383521,-0.0766550529348856
455.39,459,13994,14147,6479222,5107067,2024-01-19,2024-03-15,476.49,153,-1372155,380110584,-76081214,1.34357400582142,71.6808566951138,-0.268677697002996
472.39,479,7646,7710,6919630,5096310,2024-01-19,2024-02-16,476.49,64,-1823320,250444868,-67869899,2.03490294718277,61.5367758304395,-0.357772584477789
468.79,477,5822,5784,6054880,4748664,2024-01-19,2024-03-15,476.49,-38,-1306216,380110584,-76081214,1.24928486600626,72.93014156112,-0.275070209220951
388.09,395,6870,6872,4939530,4748552,2024-01-19,2024-12-20,476.49,2,-190978,494206695,-38843079,0.960843316782667,90.009857515184,-0.0402181549238589
469.15,474,9138,9671,6076770,4690435,2024-01-19,2024-02-16,476.49,533,-1386335,250444868,-67869899,1.87284133129053,63.40961716173,-0.295566402689729
446.63,465,2527,2537,5013568,4660469,2024-01-19,2024-12-20,476.49,10,-353099,494206695,-38843079,0.943020207364856,90.9528777225489,-0.0757646923517783
474.94,485,3669,4620,4839411,4647720,2024-01-19,2024-02-16,476.49,951,-191691,250444868,-67869899,1.85578568134205,65.265402843072,-0.0412440938782887
426.53,430,12256,13382,5110752,4643554,2024-01-19,2024-05-17,476.49,1126,-467198,26186486,998892,17.7326350698601,17.7326350698601,-0.100612160427121
401.67,410,5573,5573,5127160,4642309,2024-01-19,2024-12-20,476.49,0,-484851,494206695,-38843079,0.939345631487246,91.8922233540361,-0.104441776710684
467.79,470,20016,20213,7385904,4467073,2024-01-19,2024-02-02,476.49,197,-2918831,31361806,-16035500,14.243672701757,14.243672701757,-0.653410186043523
433.53,435,30288,30242,5724432,4445574,2024-01-19,2024-03-15,476.49,-46,-1278858,380110584,-76081214,1.16954754409049,74.0996891052105,-0.287669938685083
474.29,475,55945,62244,18629685,4419324,2024-01-19,2024-01-19,476.49,6299,-14210361,21818594,-53324159,20.254852352081,20.254852352081,-3.21550558411196
348.85,350,37772,37751,4834816,4341365,2024-01-19,2024-06-21,476.49,-21,-493451.000000001,466518390,-55433583,0.930588181100428,87.7242725629744,-0.113662638363741
429.57,430,100854,100642,6051240,4327606,2024-01-19,2024-02-16,476.49,-212,-1723634,250444868,-67869899,1.72796753016317,66.9933703732352,-0.398288106634476
440.06,442,22117,22237,5352314,4313978,2024-01-19,2024-03-15,476.49,120,-1038336,380110584,-76081214,1.13492709269048,75.234616197901,-0.240691074456105
432.2,435,14891,15354,4958703,4299120,2024-01-19,2024-04-19,476.49,463,-659583,125633382,-14358067,3.42195675350044,63.1315122918525,-0.153422793501926
355.83,360,10289,10289,4609472,4290513,2024-01-19,2024-12-20,476.49,0,-318959,494206695,-38843079,0.868161650460846,92.760385004497,-0.0743405275779377
383,385,20695,20691,4614985,4138200,2024-01-19,2024-06-21,476.49,-4,-476785,466518390,-55433583,0.887038986823221,88.6113115497976,-0.115215552655744
327.05,330,14020,13958,4234040,4117610,2024-01-19,2024-12-20,476.49,-62,-116430,494206695,-38843079,0.83317568168517,93.5935606861821,-0.0282761116278617
468.21,476,5125,5208,4920000,4057032,2024-01-19,2024-03-15,476.49,83,-862968,380110584,-76081214,1.06732939591074,76.3019455938117,-0.212709192335678
470.51,476,7146,7267,5230872,3989583,2024-01-19,2024-02-16,476.49,121,-1241289,250444868,-67869899,1.59299850376651,68.5863688770017,-0.311132516857025
414.73,415,146767,146767,5430379,3962709,2024-01-19,2024-02-16,476.49,0,-1467670,250444868,-67869899,1.58226799840035,70.1686368754021,-0.37037037037037
464.87,468,11102,12628,5007002,3952564,2024-01-19,2024-02-16,476.49,1526,-1054438,250444868,-67869899,1.57821720667081,71.7468540820729,-0.266773162939297
468.34,480,2842,3387,3907750,3949242,2024-01-19,2024-04-19,476.49,545,41492,125633382,-14358067,3.1434654843567,66.2749777762092,0.010506319946967
419.04,420,39654,40311,4798134,3869856,2024-01-19,2024-03-15,476.49,657,-928278,380110584,-76081214,1.01808688389482,77.3200324777066,-0.239874041824812
329.14,330,44909,44905,4356173,3861830,2024-01-19,2024-06-21,476.49,-4,-494343,466518390,-55433583,0.827798020995486,89.4391095707931,-0.128007447246513
358.66,360,27447,27446,4117050,3677764,2024-01-19,2024-06-21,476.49,-1,-439286,466518390,-55433583,0.78834277036753,90.2274523411607,-0.119443770725908
408.55,415,5662,5662,3651990,3651990,2024-01-19,2024-09-20,476.49,0,0,290696056,-28418407,1.25629155422735,92.1751686923472,0
461.84,467,6853,6969,4584657,3596004,2024-01-19,2024-03-15,476.49,116,-988653,380110584,-76081214,0.94604153406052,78.2660740117671,-0.274931006750827
466.34,473,5288,5363,4426056,3571758,2024-01-19,2024-03-15,476.49,75,-854298,380110584,-76081214,0.93966286400486,79.2057368757719,-0.239181377909702
464.04,467,11150,11936,4549200,3533056,2024-01-19,2024-02-16,476.49,786,-1016144,250444868,-67869899,1.41071207735828,73.1575661594312,-0.287610499239186
476.12,490,1194,2545,2085918,3532460,2024-01-19,2024-02-16,476.49,1351,1446542,250444868,-67869899,1.41047410083085,74.568040260262,0.40949989525713
457.86,462,8465,8512,4655750,3523968,2024-01-19,2024-03-15,476.49,47,-1131782,380110584,-76081214,0.927090206990921,80.1328270827628,-0.321166934546511
414.17,415,42146,42251,4509622,3506833,2024-01-19,2024-03-15,476.49,105,-1002789,380110584,-76081214,0.922582308310573,81.0554093910734,-0.285952881132349
424.51,425,70470,70469,4510080,3452981,2024-01-19,2024-02-23,476.49,-1,-1057099,25896991,-6497202,13.3335220296443,33.9672782834114,-0.306140983689166
423.9,425,31311,31331,4258296,3446410,2024-01-19,2024-03-15,476.49,20,-811886.000000001,380110584,-76081214,0.906686144787802,81.9620955358612,-0.235574409312879
454.42,458,9193,9402,4081692,3365916,2024-01-19,2024-03-15,476.49,209,-715776,380110584,-76081214,0.885509675784245,82.8476052116455,-0.212654148231863
422.82,425,14921,15212,3834697,3316216,2024-01-19,2024-04-19,476.49,291,-518481,125633382,-14358067,2.63959781007885,68.9145755862881,-0.156347174007966
459.85,462,16097,14997,4941779,3224355,2024-01-19,2024-02-16,476.49,-1100,-1717424,250444868,-67869899,1.28745101696394,75.8554912772259,-0.532641101863784
458.65,463,7685,7337,4272860,3191595,2024-01-19,2024-03-15,476.49,-348,-1081265,380110584,-76081214,0.839649074333589,83.6872542859791,-0.338785152878107
471.11,477,3971,5391,3117235,3175299,2024-01-19,2024-02-16,476.49,1420,58064,250444868,-67869899,1.26786347245095,77.1233547496769,0.0182861519497849
461.57,464,10212,12975,3553776,3152925,2024-01-19,2024-02-16,476.49,2763,-400851,250444868,-67869899,1.25892976972481,78.3822845194017,-0.127136230642974
418.07,420,16230,16250,3700440,3136250,2024-01-19,2024-04-19,476.49,20,-564190,125633382,-14358067,2.49635085044515,71.4109264367332,-0.179893184535671
360.61,365,7118,7117,3423758,3124363,2024-01-19,2024-12-20,476.49,-1,-299395,494206695,-38843079,0.632197627351042,94.2257583135332,-0.095825933158215
467.15,471,7627,8023,4164342,3088855,2024-01-19,2024-02-16,476.49,396,-1075487,250444868,-67869899,1.23334729302578,79.6156318124275,-0.348183064598371
381.23,385,8115,8119,3335265,3060863,2024-01-19,2024-09-20,476.49,4,-274402,290696056,-28418407,1.05294273411126,93.2281114264584,-0.0896485729678199
459.48,464,6191,6764,3547443,3057328,2024-01-19,2024-03-15,476.49,573,-490115,380110584,-76081214,0.804325932686999,84.4915802186661,-0.160308282264775
394.48,395,56198,56151,3484276,2919852,2024-01-19,2024-03-15,476.49,-47,-564424,380110584,-76081214,0.768158563035435,85.2597387817015,-0.19330568809652
456.24,465,3281,3287,3271157,2879412,2024-01-19,2024-05-17,476.49,6,-391745.000000001,26186486,998892,10.9957937846262,28.7284288544862,-0.136050346390166
336.86,340,8916,8901,3049272,2794914,2024-01-19,2024-12-20,476.49,-15,-254358,494206695,-38843079,0.565535438567865,94.791293752101,-0.0910074513920643
373.32,375,16557,16556,3145830,2781408,2024-01-19,2024-06-21,476.49,-1,-364422,466518390,-55433583,0.596205435759992,90.8236577769206,-0.131020691678459
453.67,457,8135,8287,3790910,2759571,2024-01-19,2024-03-15,476.49,152,-1031339,380110584,-76081214,0.725991623532377,85.9857304052339,-0.373731641621107
363.35,365,16282,16282,2686530,2686530,2024-01-19,2024-06-21,476.49,0,0,466518390,-55433583,0.575867973821997,91.3995257507426,0
456.98,461,6708,6615,3380832,2659230,2024-01-19,2024-03-15,476.49,-93,-721602.000000001,380110584,-76081214,0.699593779267141,86.685324184501,-0.27135749822317
460.33,470,1445,2724,1618400,2634108,2024-01-19,2024-05-17,476.49,1279,1015708,26186486,998892,10.0590357942643,38.7874646487505,0.385598464451723
347.72,350,11424,11482,2833152,2617896,2024-01-19,2024-09-20,476.49,58,-215256,290696056,-28418407,0.900561237748613,94.128672664207,-0.0822248095417083
465.5,472,3890,4025,3185910,2616250,2024-01-19,2024-03-15,476.49,135,-569660,380110584,-76081214,0.68828654347599,87.373610727977,-0.217739130434783
472.4,478,4645,4671,4129405,2615760,2024-01-19,2024-02-09,476.49,26,-1513645,29543519,-12165603,8.85392156567402,8.85392156567402,-0.578663562406337
436.17,442,4043,4458,2850315,2599014,2024-01-19,2024-06-21,476.49,415,-251301,466518390,-55433583,0.557108584722673,91.9566343354653,-0.0966908989332108
463.38,469,4540,4612,3241560,2591944,2024-01-19,2024-03-15,476.49,72,-649616,380110584,-76081214,0.681892088540213,88.0555028165172,-0.250628871611424
475.18,480,5263,5373,4415657,2589786,2024-01-19,2024-01-26,476.49,110,-1825871,21534368,-20240320,12.0262921112893,12.0262921112893,-0.705027751327716
474.91,476,15261,23745,6257010,2588205,2024-01-19,2024-01-19,476.49,8484,-3668805,21818594,-53324159,11.8623821498306,32.1172345019115,-1.41750943221267
475.42,477,14359,16347,7136423,2582826,2024-01-19,2024-01-19,476.49,1988,-4553597,21818594,-53324159,11.8377288655722,43.9549633674837,-1.76302894581362
351.06,355,6353,6354,2668260,2503476,2024-01-19,2024-12-20,476.49,1,-164784,494206695,-38843079,0.506564566066836,95.2978583181679,-0.0658220809786073
298.09,300,12971,12973,2646084,2477843,2024-01-19,2024-12-20,476.49,2,-168241,494206695,-38843079,0.501377869840472,95.7992361880083,-0.0678981678823073
378.17,380,13451,13462,2717102,2463546,2024-01-19,2024-06-21,476.49,11,-253556,466518390,-55433583,0.528070501143588,92.4847048366089,-0.10292318471017
417.42,422,5356,5356,2453048,2453048,2024-01-19,2024-06-21,476.49,0,0,466518390,-55433583,0.525820214718652,93.0105250513276,0
464.79,467,10452,10655,3543228,2354755,2024-01-19,2024-02-09,476.49,203,-1188473,29543519,-12165603,7.97046215110664,16.8243837167807,-0.504711955171557
465.57,469,6610,6771,3133140,2322453,2024-01-19,2024-02-16,476.49,161,-810687,250444868,-67869899,0.927331040378915,80.5429628528064,-0.349064975695956
451,454,7039,7687,2674820,2306100,2024-01-19,2024-03-15,476.49,648,-368720,380110584,-76081214,0.606691867333008,88.6621946838502,-0.159888990069815
341.57,345,6722,6722,2305646,2305646,2024-01-19,2024-12-20,476.49,0,0,494206695,-38843079,0.466534756272373,96.2657709442807,0
442.1,449,3273,3269,2798415,2255610,2024-01-19,2024-06-21,476.49,-4,-542805,466518390,-55433583,0.483498624780901,93.4940236761085,-0.240646654341841
441,443,11154,11235,2944656,2247000,2024-01-19,2024-03-15,476.49,81,-697656,380110584,-76081214,0.591143760416837,89.2533384442671,-0.310483311081442
448.04,453,4339,4448,2438518,2206208,2024-01-19,2024-04-19,476.49,109,-232310,125633382,-14358067,1.75606830356601,73.1669947402992,-0.10529832182641
456.32,458,13238,12984,3124168,2181312,2024-01-19,2024-02-16,476.49,-254,-942856,250444868,-67869899,0.870974924509134,81.4139377773155,-0.432242613619693
409.85,410,141158,141174,3105476,2117610,2024-01-19,2024-02-09,476.49,16,-987866,29543519,-12165603,7.16776495041095,23.9921486671916,-0.466500441535505
465.95,476,1708,2099,2100840,2109495,2024-01-19,2024-04-19,476.49,391,8655,125633382,-14358067,1.67908796724106,74.8460827075403,0.00410287770295734
299.38,300,33648,33648,2086176,2086176,2024-01-19,2024-06-21,476.49,0,0,466518390,-55433583,0.447179799278652,93.9412034753871,0
322.31,325,7739,7739,2197876,2081791,2024-01-19,2024-12-20,476.49,0,-116085,494206695,-38843079,0.421238931212779,96.6870098754935,-0.0557620817843866
399.8,400,105996,103883,2437908,2077660,2024-01-19,2024-02-16,476.49,-2113,-360248,250444868,-67869899,0.82958777178856,82.2435255491041,-0.173391218967492
463.2,466,5700,7357,2251500,2059960,2024-01-19,2024-02-16,476.49,1657,-191540,250444868,-67869899,0.822520348071177,83.0660458971753,-0.0929823880075343
444.21,445,25687,25862,2876944,2043098,2024-01-19,2024-02-16,476.49,175,-833846,250444868,-67869899,0.815787528934312,83.8818334261096,-0.408128244460129
417.85,425,2828,2829,2352896,2022735,2024-01-19,2024-09-20,476.49,1,-330161,290696056,-28418407,0.695824713906679,94.8244973781137,-0.163225039365018
473.69,479,3822,3785,3451266,2009835,2024-01-19,2024-02-02,476.49,-37,-1441431,31361806,-16035500,6.40854356410469,20.6522162658617,-0.717188724447529
473.17,478,3644,4159,2751220,2008797,2024-01-19,2024-02-02,476.49,515,-742423,31361806,-16035500,6.40523380573172,27.0574500715935,-0.369585876522117
464.99,471,3236,3271,2465832,1965871,2024-01-19,2024-03-15,476.49,35,-499961,380110584,-76081214,0.517183967705566,89.7705224119726,-0.254320349605849
466.62,477,1818,1879,2381580,1950402,2024-01-19,2024-04-19,476.49,61,-431178,125633382,-14358067,1.55245522245035,76.3985379299906,-0.221071348368183
460.74,463,7994,8629,2526104,1950154,2024-01-19,2024-02-16,476.49,635,-575950,250444868,-67869899,0.778675967918017,84.6605093940276,-0.295335650415301
473.38,480,2796,2860,2706528,1893320,2024-01-19,2024-02-09,476.49,64,-813208,29543519,-12165603,6.40857983099441,30.400728498186,-0.429514292354171
416.55,421,4227,4227,1881015,1881015,2024-01-19,2024-06-21,476.49,0,0,466518390,-55433583,0.403202754772433,94.3444062301596,0
474.26,478,4885,5027,3189905,1880098,2024-01-19,2024-01-26,476.49,142,-1309807,21534368,-20240320,8.73068575776173,20.756977869051,-0.696669535311457
433.52,434,38168,38163,2709928,1831824,2024-01-19,2024-02-16,476.49,-5,-878104,250444868,-67869899,0.731428044275198,85.3919374383028,-0.479360462577191
467.32,478,1684,1685,2187516,1799580,2024-01-19,2024-04-19,476.49,1,-387936,125633382,-14358067,1.43240591899373,77.8309438489844,-0.215570299736605
390.3,395,3819,3821,1852215,1795870,2024-01-19,2024-09-20,476.49,2,-56344.9999999998,290696056,-28418407,0.617782719418801,95.4422800975325,-0.0313747654340235
471.34,485,1310,1311,2182460,1790826,2024-01-19,2024-04-19,476.49,1,-391634,125633382,-14358067,1.42543802569925,79.2563818746836,-0.218689029531624
449.33,450,25961,26303,2622061,1762301,2024-01-19,2024-02-09,476.49,342,-859760,29543519,-12165603,5.96510185533416,36.3658303535202,-0.487862175644229
445.87,451,3394,3395,1792032,1741635,2024-01-19,2024-04-19,476.49,1,-50397.0000000002,125633382,-14358067,1.38628362324911,80.6426654979327,-0.0289366026750727
376.48,380,4897,4897,1890242,1723744,2024-01-19,2024-09-20,476.49,0,-166498,290696056,-28418407,0.592971237284348,96.0352513348169,-0.0965909090909091
464.61,474,1432,1819,1600976,1708041,2024-01-19,2024-04-19,476.49,387,107065,125633382,-14358067,1.359543914849,82.0022094127817,0.0626829215457943
435.48,436,32573,32575,2508121,1693900,2024-01-19,2024-02-16,476.49,2,-814221,250444868,-67869899,0.676356442648288,86.0682938809511,-0.480678316311471
394.76,395,70038,70038,1680912,1680912,2024-01-19,2024-02-23,476.49,0,0,25896991,-6497202,6.49076180317629,40.4580400865877,0
436.75,440,5021,5074,1933085,1649050,2024-01-19,2024-04-19,476.49,53,-284035,125633382,-14358067,1.31258903784028,83.314798450622,-0.172241593644826
434.5,435,32524,31786,2276680,1589300,2024-01-19,2024-02-16,476.49,-738,-687380,250444868,-67869899,0.634590763504884,86.702884644456,-0.432504876360662
470,479,1656,1764,1954080,1587600,2024-01-19,2024-03-15,476.49,108,-366480,380110584,-76081214,0.417667927920681,90.1881903398933,-0.230839002267574
424.78,425,71880,71885,2372040,1581470,2024-01-19,2024-02-09,476.49,5,-790570,29543519,-12165603,5.35301837265899,41.7188487261792,-0.499895666689852
472.93,484,1412,1411,1973976,1561977,2024-01-19,2024-03-15,476.49,-1,-411999,380110584,-76081214,0.410926994866315,90.5991173347596,-0.263767648307242
459.03,461,7492,7787,2090268,1534039,2024-01-19,2024-02-16,476.49,295,-556229,250444868,-67869899,0.612525627796055,87.315410272252,-0.362591172714644
473.54,474,20188,32863,5410384,1511698,2024-01-19,2024-01-19,476.49,12675,-3898686,21818594,-53324159,6.92848494270529,50.883448310189,-2.57901115169829
441.32,442,19116,22103,2083644,1503004,2024-01-19,2024-02-16,476.49,2987,-580640,250444868,-67869899,0.600133678922101,87.9155439511741,-0.386319663819923
472.51,488,947,960,1618423,1487040,2024-01-19,2024-02-16,476.49,13,-131383,250444868,-67869899,0.593759421734288,88.5093033729084,-0.0883520281902303
414.9,415,148647,148646,2081058,1486460,2024-01-19,2024-02-02,476.49,-1,-594598,31361806,-16035500,4.73971428813762,31.7971643597311,-0.400009418349636
471.29,475,3658,4006,2121640,1486226,2024-01-19,2024-02-02,476.49,348,-635414,31361806,-16035500,4.73896815763735,36.5361325173684,-0.427535246994737
436.58,443,2314,2314,1485588,1485588,2024-01-19,2024-06-21,476.49,0,0,466518390,-55433583,0.318441465940925,94.6628476961005,0
471.93,479,2055,2060,2186520,1456420,2024-01-19,2024-02-23,476.49,5,-730100,25896991,-6497202,5.62389661408926,46.0819367006769,-0.501297702585793
469.01,470,14869,14601,3494215,1445499,2024-01-19,2024-01-26,476.49,-268,-2048716,21534368,-20240320,6.71252111972824,27.4694989887792,-1.41730710294507
268.66,270,10738,10752,1557010,1440768,2024-01-19,2024-12-20,476.49,14,-116242,494206695,-38843079,0.291531461345339,96.9785413368388,-0.0806805814676617
471.92,476,3054,3498,1893480,1427184,2024-01-19,2024-02-02,476.49,444,-466296,31361806,-16035500,4.55070731577129,41.0868398331397,-0.326724514848821
454.55,456,9723,9819,2041830,1423755,2024-01-19,2024-02-16,476.49,96,-618075,250444868,-67869899,0.568490387273578,89.077793760182,-0.434116122507032
467.74,479,1100,1263,1557600,1422138,2024-01-19,2024-04-19,476.49,163,-135462,125633382,-14358067,1.13197462120378,84.4467730718258,-0.0952523594756627
403.63,405,10358,10372,1636564,1420964,2024-01-19,2024-04-19,476.49,14,-215600,125633382,-14358067,1.13104015619034,85.5778132280161,-0.151727981848942
472.06,474,5783,7311,2266936,1418334,2024-01-19,2024-01-26,476.49,1528,-848602,21534368,-20240320,6.58637393026812,34.0558729190474,-0.598309001969917
461.05,466,2456,2842,1527632,1406790,2024-01-19,2024-03-15,476.49,386,-120842,380110584,-76081214,0.37010019168527,90.9692175264449,-0.0858991036330938
463.96,473,1502,1541,1628168,1393064,2024-01-19,2024-04-19,476.49,39,-235104,125633382,-14358067,1.10883268270212,86.6866459107182,-0.16876755123957
436.35,438,8592,8372,1838688,1381380,2024-01-19,2024-03-15,476.49,-220,-457308,380110584,-76081214,0.363415294955323,91.3326328214002,-0.331051557138514
465.46,468,5564,5431,2053116,1379474,2024-01-19,2024-02-09,476.49,-133,-673642,29543519,-12165603,4.66929481217183,46.388143538351,-0.488332509347766
443.75,451,1868,1897,1585932,1375325,2024-01-19,2024-06-21,476.49,29,-210607,466518390,-55433583,0.294806170449144,94.9576538665496,-0.153132532310545
413.02,415,6892,6893,1364616,1364814,2024-01-19,2024-04-19,476.49,1,198,125633382,-14358067,1.08634662083681,87.772992531555,0.000145074713477441
439.75,448,1645,1645,1357125,1357125,2024-01-19,2024-06-21,476.49,0,0,466518390,-55433583,0.290904930886004,95.2485587974356,0
404.78,405,61279,61290,1715812,1348380,2024-01-19,2024-02-16,476.49,11,-367432,250444868,-67869899,0.538393943053367,89.6161877032354,-0.272498850472419
404.35,405,20616,20651,1669896,1342315,2024-01-19,2024-03-15,476.49,35,-327581,380110584,-76081214,0.353138022591868,91.6857708439921,-0.244041823268011
432.54,433,29187,28761,1897155,1323006,2024-01-19,2024-02-16,476.49,-426,-574149,250444868,-67869899,0.528262371900549,90.1444500751359,-0.433973088557421
473.83,480,1946,2129,1683290,1313593,2024-01-19,2024-02-02,476.49,183,-369697,31361806,-16035500,4.18851197536264,45.2753518085024,-0.281439532640628
468.81,481,619,1075,882694,1310425,2024-01-19,2024-04-19,476.49,456,427731,125633382,-14358067,1.04305478300345,88.8160473145585,0.326406318560772
473.32,476,4708,4864,2438744,1303552,2024-01-19,2024-01-26,476.49,156,-1135192,21534368,-20240320,6.05335619786938,40.1092291169167,-0.870845198350354
472.73,475,5332,5716,2436724,1297532,2024-01-19,2024-01-26,476.49,384,-1139192,21534368,-20240320,6.02540088476244,46.1346300016792,-0.877968327563405
319.22,320,16620,16581,1412700,1293318,2024-01-19,2024-06-21,476.49,-39,-119382,466518390,-55433583,0.277227656556047,95.5257864539917,-0.0923067644616405
248.93,250,12042,12042,1372788,1288494,2024-01-19,2024-12-20,476.49,0,-84294,494206695,-38843079,0.260719656984817,97.2392609938237,-0.0654205607476636
430.61,432,9236,9202,1634772,1279078,2024-01-19,2024-03-15,476.49,-34,-355694,380110584,-76081214,0.336501548191565,92.0222723921836,-0.278086246499432
463.67,467,3808,3811,1904000,1269063,2024-01-19,2024-02-23,476.49,3,-634937,25896991,-6497202,4.90042646267283,50.9823631633498,-0.500319527084156
470.5,475,2119,2751,1339208,1237950,2024-01-19,2024-02-09,476.49,632,-101258,29543519,-12165603,4.19025912248301,50.578402660834,-0.0817949028636052
419.69,420,39685,39764,1627085,1232684,2024-01-19,2024-02-16,476.49,79,-394401,250444868,-67869899,0.492197747889168,90.6366478230251,-0.319953045549386
332,335,4061,4061,1218300,1218300,2024-01-19,2024-12-20,476.49,0,0,494206695,-38843079,0.246516288088732,97.4857772819124,0
472.69,479,1785,1926,1724310,1215306,2024-01-19,2024-02-09,476.49,141,-509004,29543519,-12165603,4.11361287055885,54.6920155313929,-0.418827850763511
438.4,439,19376,20189,1860096,1211340,2024-01-19,2024-02-16,476.49,813,-648756,250444868,-67869899,0.483675313322851,91.1203231363479,-0.535568874139383
457.22,459,7174,6739,1786326,1199542,2024-01-19,2024-02-16,476.49,-435,-586784,250444868,-67869899,0.478964496090213,91.5992876324381,-0.489173367835391
465.3,483,665,665,1177050,1177050,2024-01-19,2024-05-17,476.49,0,0,26186486,998892,4.49487571566494,43.2823403644155,0
288.32,290,6998,7001,1287632,1176168,2024-01-19,2024-12-20,476.49,3,-111464,494206695,-38843079,0.237991110177089,97.7237683920895,-0.0947687745288088
475.78,478,4387,5255,2592717,1166610,2024-01-19,2024-01-19,476.49,868,-1426107,21818594,-53324159,5.34686148887504,56.2303097990641,-1.22243680407334
439.92,447,1601,1602,1290406,1134216,2024-01-19,2024-06-21,476.49,1,-156190,466518390,-55433583,0.243123534744257,95.7689099887359,-0.137707456075386
357.38,360,4327,4327,1246176,1133674,2024-01-19,2024-09-20,476.49,0,-112502,290696056,-28418407,0.389986027192608,96.4252373620095,-0.099236641221374
366.78,370,3516,3514,1153248,1131508,2024-01-19,2024-09-20,476.49,-2,-21740,290696056,-28418407,0.389240919044323,96.8144782810538,-0.0192132976523365
444.43,450,1065,2027,732720,1129039,2024-01-19,2024-05-17,476.49,962,396319,26186486,998892,4.31153305563794,47.5938734200534,0.351023303889414
362.03,365,3784,3784,1017896,1123848,2024-01-19,2024-09-20,476.49,0,105952,290696056,-28418407,0.386605864374025,97.2010841454278,0.0942760942760946
472.39,477,1814,2433,1451200,1121613,2024-01-19,2024-02-02,476.49,619,-329587,31361806,-16035500,3.57636610595704,48.8517179144594,-0.293850909360002
429.85,430,74645,74657,1642190,1119855,2024-01-19,2024-02-02,476.49,12,-522335,31361806,-16035500,3.5707605614294,52.4224784758888,-0.46643092186042
452.77,456,3252,3457,1343076,1116611,2024-01-19,2024-03-15,476.49,205,-226465,380110584,-76081214,0.293759512889544,92.3160319050732,-0.20281458807051
273.58,275,7867,7863,1140715,1116546,2024-01-19,2024-12-20,476.49,-4,-24169,494206695,-38843079,0.225926927193894,97.9496953192834,-0.0216462196810521
428.53,434,2026,2037,1162924,1114239,2024-01-19,2024-06-21,476.49,11,-48685,466518390,-55433583,0.238841388439157,96.0077513771751,-0.0436934984325625
418.38,423,2406,2406,1111572,1111572,2024-01-19,2024-06-21,476.49,0,0,466518390,-55433583,0.238269706795481,96.2460210839706,0
467.03,470,3574,3737,1583282,1109889,2024-01-19,2024-02-09,476.49,163,-473393,29543519,-12165603,3.75679349504709,58.44880902644,-0.426522832463426
470.6,472,7113,7910,2205030,1107400,2024-01-19,2024-01-26,476.49,797,-1097630,21534368,-20240320,5.14247736455512,51.2771073662343,-0.991177532960087
464.65,495,362,362,1134870,1098670,2024-01-19,2024-12-20,476.49,0,-36200,494206695,-38843079,0.222309817150494,98.1720051364339,-0.0329489291598023
374.23,375,14137,14149,1328878,1089473,2024-01-19,2024-04-19,476.49,12,-239405,125633382,-14358067,0.867184328445445,89.6832316430039,-0.219743857810152
474.86,479,2623,2628,1857084,1087992,2024-01-19,2024-01-26,476.49,5,-769092,21534368,-20240320,5.05235166409342,56.3294590303277,-0.706891227141376
393.87,395,9603,9606,1286802,1085478,2024-01-19,2024-04-19,476.49,3,-201324,125633382,-14358067,0.864004441112634,90.5472360841166,-0.185470364208211
472.76,477.5,2606,2289,2264614,1084986,2024-01-19,2024-02-02,476.49,-317,-1179628,31361806,-16035500,3.45957755111424,55.882056027003,-1.08722877530217
389.47,390,20397,20397,1142232,1081041,2024-01-19,2024-03-15,476.49,0,-61191.0000000002,380110584,-76081214,0.284401709792959,92.6004336148661,-0.0566037735849059
466.58,490,458,460,1183014,1077320,2024-01-19,2024-09-20,476.49,2,-105694,290696056,-28418407,0.370600143264414,97.5716842886922,-0.0981082686666914
452.5,460,616,1421,550088,1065750,2024-01-19,2024-05-17,476.49,805,515662,26186486,998892,4.06984732506683,51.6637207451202,0.483848932676519
369.67,370,31093,32096,1305906,1059168,2024-01-19,2024-03-15,476.49,1003,-246738,380110584,-76081214,0.278647331745964,92.8790809466121,-0.232954545454545
471.35,473,5007,6400,1767471,1056000,2024-01-19,2024-01-26,476.49,1393,-711471,21534368,-20240320,4.90378914301084,61.2332481733386,-0.673741477272727
338.86,340,9263,9263,1055982,1055982,2024-01-19,2024-06-21,476.49,0,0,466518390,-55433583,0.226353777822135,96.4723748617927,0
263.63,265,7633,7633,1045721,1045721,2024-01-19,2024-12-20,476.49,0,0,494206695,-38843079,0.211595878926731,98.3836010153606,0
454.09,455,11418,11461,1689864,1042951,2024-01-19,2024-02-09,476.49,43,-646913,29543519,-12165603,3.53021926737976,61.9790282938197,-0.620271709792694
410.72,411,36997,36991,1220901,1035748,2024-01-19,2024-02-16,476.49,-6,-185153,250444868,-67869899,0.413563275730609,92.0128509081687,-0.178762594762432
466.25,469,3737,3751,1528433,1031525,2024-01-19,2024-02-09,476.49,14,-496908,29543519,-12165603,3.49154411835638,65.4705724121761,-0.481721722692131
463.65,465,6857,7632,1583967,1030320,2024-01-19,2024-02-02,476.49,775,-553647,31361806,-16035500,3.28526998732152,59.1673260143246,-0.53735441416259
471.83,477,2393,1985,1782785,1026245,2024-01-19,2024-02-09,476.49,-408,-756540,29543519,-12165603,3.47367217832107,68.9442445904972,-0.737192385833792
472.7,473,18843,33949,3975873,1018470,2024-01-19,2024-01-19,476.49,15106,-2957403,21818594,-53324159,4.6678993156021,60.8982091146662,-2.90377036142449
384.84,385,63279,63303,1202301,1012848,2024-01-19,2024-02-16,476.49,24,-189453,250444868,-67869899,0.404419546740323,92.4172704549091,-0.187049784370409
473.88,477,3231,3203,1883673,999336,2024-01-19,2024-01-26,476.49,-28,-884337,21534368,-20240320,4.64065627558701,65.8739044489256,-0.884924589927712
437.27,439,7043,5750,1528331,994750,2024-01-19,2024-03-15,476.49,-1293,-533581,380110584,-76081214,0.261700158288673,93.1407811049008,-0.536397084694647
384.56,385,22491,22556,1147041,992464,2024-01-19,2024-03-15,476.49,65,-154577,380110584,-76081214,0.26109875435618,93.401879859257,-0.155750737558239
462.98,465,4683,4907,1423632,991214,2024-01-19,2024-02-09,476.49,224,-432418,29543519,-12165603,3.35509794889363,72.2993425393908,-0.436250900411011
421.84,425,3107,3128,1186874,988448,2024-01-19,2024-05-17,476.49,21,-198426,26186486,998892,3.77464925992743,55.4383700050477,-0.200745006312927
469.19,472,3489,3507,1549116,985467,2024-01-19,2024-02-02,476.49,18,-563649,31361806,-16035500,3.14225207566171,62.3095780899863,-0.571961313773064
431.48,433,6492,6482,1168560,985264,2024-01-19,2024-03-15,476.49,-10,-183296,380110584,-76081214,0.259204568742027,93.661084427999,-0.186037447831241
441.93,444,3874,4668,1007240,966276,2024-01-19,2024-03-15,476.49,794,-40964.0000000001,380110584,-76081214,0.25420918034737,93.9152936083464,-0.0423936846201294
458.86,468,1051,1050,1177120,959700,2024-01-19,2024-05-17,476.49,-1,-217420,26186486,998892,3.6648674434592,59.1032374485068,-0.22654996353027
455.49,457,6206,6328,1377732,955528,2024-01-19,2024-02-16,476.49,122,-422204,250444868,-67869899,0.381532274001318,92.7988027289104,-0.441854137189073
471.84,483,843,847,1203804,945252,2024-01-19,2024-03-15,476.49,4,-258552,380110584,-76081214,0.248678158354044,94.1639717667004,-0.273527059450813
423,428,1876,1877,979272,938500,2024-01-19,2024-06-21,476.49,1,-40771.9999999999,466518390,-55433583,0.201171062088249,96.6735459238809,-0.0434437932871602
410.2,411,11676,11632,1167600,930560,2024-01-19,2024-03-15,476.49,-44,-237040,380110584,-76081214,0.244812967375831,94.4087847340762,-0.25472833562586
469.92,473,3016,3019,1462760,929852,2024-01-19,2024-02-02,476.49,3,-532908,31361806,-16035500,2.96491853817347,65.2744966281597,-0.573110559529903
343.8,345,7638,7638,916560,916560,2024-01-19,2024-06-21,476.49,0,0,466518390,-55433583,0.196468139230267,96.8700140631112,0
448,449,9058,9156,1349642,915600,2024-01-19,2024-02-16,476.49,98,-434042,250444868,-67869899,0.365589443821225,93.1643921727316,-0.474051987767584
452.7,454,7319,6930,1383291,900900,2024-01-19,2024-02-16,476.49,-389,-482391,250444868,-67869899,0.359719888530517,93.5241120612621,-0.535454545454545
471.16,476,1894,1860,1289814,900240,2024-01-19,2024-02-09,476.49,-34,-389574,29543519,-12165603,3.04716577602011,75.3465083154109,-0.432744601439616
352.56,355,3665,3657,853945,892308,2024-01-19,2024-09-20,476.49,-8,38362.9999999999,290696056,-28418407,0.306955660932668,97.8786399496249,0.0429930024162059
471.81,472,37397,46939,6020917,891841,2024-01-19,2024-01-19,476.49,9542,-5129076,21818594,-53324159,4.0875273631289,64.9857364777951,-5.75111034365991
450.83,452,7470,7588,1232550,887796,2024-01-19,2024-02-16,476.49,118,-344754,250444868,-67869899,0.3544875992428,93.8785996605049,-0.388325696443778
374.64,375,24562,24563,1056166,884268,2024-01-19,2024-03-15,476.49,1,-171898,380110584,-76081214,0.23263440620217,94.6414191402784,-0.19439581665287
465.84,470,1514,2087,852382,868192,2024-01-19,2024-02-23,476.49,573,15810,25896991,-6497202,3.35248214744331,54.3348453107931,0.0182102576388633
439.19,441,4714,4751,1098362,859931,2024-01-19,2024-03-15,476.49,37,-238431,380110584,-76081214,0.226231795744998,94.8676509360234,-0.277267594725623
449.93,451,7720,8004,1204320,856428,2024-01-19,2024-02-16,476.49,284,-347892,250444868,-67869899,0.341962686973486,94.2205623474784,-0.406212781459737
419.13,424,1758,1758,856146,856146,2024-01-19,2024-06-21,476.49,0,0,466518390,-55433583,0.183518167418866,97.0535322305301,0
437.46,444,1295,1295,995855,846930,2024-01-19,2024-06-21,476.49,0,-148925,466518390,-55433583,0.181542682593927,97.235074913124,-0.175840978593272
394.88,395,70495,70495,1057425,845940,2024-01-19,2024-02-09,476.49,0,-211485,29543519,-12165603,2.86336911997518,78.2098774353861,-0.25
462.57,471,918,1002,918000,844686,2024-01-19,2024-04-19,476.49,84,-73314,125633382,-14358067,0.672342005407448,91.219578089524,-0.0867943827647197
440.15,445,739,1738,423447,842930,2024-01-19,2024-05-17,476.49,999,419483,26186486,998892,3.21895041587481,62.3221878643817,0.497648677826154
462.03,465,2331,2821,962703,837837,2024-01-19,2024-02-23,476.49,490,-124866,25896991,-6497202,3.23526775755531,57.5701130683484,-0.149033761936988
469.25,473,1069,2230,582605,836250,2024-01-19,2024-02-09,476.49,1161,253645,29543519,-12165603,2.83057004820583,81.0404474835919,0.303312406576981
469.97,476,1378,1379,1212640,831537,2024-01-19,2024-02-23,476.49,1,-381103,25896991,-6497202,3.21094060696086,60.7810536753092,-0.458311536347751
424.64,425,23055,23047,1083585,829692,2024-01-19,2024-02-16,476.49,-8,-253893,250444868,-67869899,0.331287283554958,94.5518496310334,-0.306008735771828
470.67,474,2114,2485,1088710,827505,2024-01-19,2024-02-02,476.49,371,-261205,31361806,-16035500,2.63857572488013,67.9130723530399,-0.315653681850865
471.97,482,731,819,1038020,821457,2024-01-19,2024-03-15,476.49,88,-216563,380110584,-76081214,0.216110004450705,95.0837609404741,-0.263632789056518
379.62,380,21139,21074,972394,800812,2024-01-19,2024-03-15,476.49,-65,-171582,380110584,-76081214,0.210678690283457,95.2944396307576,-0.214260026073535
406.31,407,11779,11579,883425,798951,2024-01-19,2024-03-15,476.49,-200,-84474.0000000001,380110584,-76081214,0.210189095918466,95.504628726676,-0.105731139957269
451.79,453,6422,6555,1098162,793155,2024-01-19,2024-02-16,476.49,133,-305007,250444868,-67869899,0.316698443986483,94.8685480750198,-0.384549047790155
332.98,335,3922,3922,792244,792244,2024-01-19,2024-09-20,476.49,0,0,290696056,-28418407,0.272533453291847,98.1511734029168,0
439.5,446,1215,1217,967140,791050,2024-01-19,2024-06-21,476.49,2,-176090,466518390,-55433583,0.169564591012157,97.4046395041362,-0.222602869603691
436.45,437,14308,14300,1087408,786500,2024-01-19,2024-02-16,476.49,-8,-300908,250444868,-67869899,0.314041172526642,95.1825892475465,-0.382591226954863
307.87,310,3679,3679,864565,783627,2024-01-19,2024-12-20,476.49,0,-80938,494206695,-38843079,0.158562603042033,98.5421636184026,-0.103286384976526
402.38,403,12324,12326,1010568,764212,2024-01-19,2024-03-15,476.49,2,-246356,380110584,-76081214,0.201049913411514,95.7056786400875,-0.322366045024156
471.33,481,636,774,786096,748458,2024-01-19,2024-03-15,476.49,138,-37638,380110584,-76081214,0.196905330055214,95.9025839701428,-0.0502873908756403
446.1,447,5778,8302,722250,747180,2024-01-19,2024-02-16,476.49,2524,24930,250444868,-67869899,0.298341110347687,95.4809303578942,0.033365454107444
278.53,280,5027,5029,804320,739263,2024-01-19,2024-12-20,476.49,2,-65057.0000000001,494206695,-38843079,0.149585792236182,98.6917494106388,-0.0880025106085387
408.47,410,4444,4816,813252,736848,2024-01-19,2024-04-19,476.49,372,-76404,125633382,-14358067,0.586506538524928,91.8060846280489,-0.103690313334636
424.62,426,5272,5273,801344,727674,2024-01-19,2024-03-15,476.49,1,-73670,380110584,-76081214,0.191437447582359,96.0940214177251,-0.101240390614478
312.62,315,3057,3057,761193,727566,2024-01-19,2024-12-20,476.49,0,-33627,494206695,-38843079,0.147218968775807,98.8389683794146,-0.046218487394958
283.28,285,4230,4230,727560,727560,2024-01-19,2024-12-20,476.49,0,0,494206695,-38843079,0.147217754708888,98.9861861341235,0
445.16,446,6351,8654,793875,726936,2024-01-19,2024-02-16,476.49,2303,-66939,250444868,-67869899,0.290257894204484,95.7711882520987,-0.0920837597807785
469.8,471,6874,5998,1855980,719760,2024-01-19,2024-01-26,476.49,-876,-1136220,21534368,-20240320,3.34237809997489,69.2162825489004,-1.57860953651217
468.48,472,998,2017,513970,709984,2024-01-19,2024-02-09,476.49,1019,196014,29543519,-12165603,2.4031802034145,83.4436276870064,0.276082277910488
408.05,409,7472,7472,709840,709840,2024-01-19,2024-03-15,476.49,0,0,380110584,-76081214,0.186745655048637,96.2807670727738,0
468.16,469,8443,8324,1713929,699216,2024-01-19,2024-01-26,476.49,-119,-1014713,21534368,-20240320,3.24697711119268,72.4632596600931,-1.45121536120455
469.91,470,67308,77680,6057720,699120,2024-01-19,2024-01-19,476.49,10372,-5358600,21818594,-53324159,3.20423946657608,68.1899759443711,-7.66477857878476
434.33,436,3821,4144,794768,692048,2024-01-19,2024-03-15,476.49,323,-102720,380110584,-76081214,0.182064911930997,96.4628319847048,-0.14842901070446
398.77,400,5555,5620,799920,691260,2024-01-19,2024-04-19,476.49,65,-108660,125633382,-14358067,0.550220004425257,92.3563046324742,-0.157191216040274
389.84,390,43176,43175,863520,690800,2024-01-19,2024-02-16,476.49,-1,-172720,250444868,-67869899,0.275829169715708,96.0470174218144,-0.25002895193978
470.65,477,1071,1086,888930,689610,2024-01-19,2024-02-23,476.49,15,-199320,25896991,-6497202,2.66289624149771,63.4439499168069,-0.289032931657024
471.5,510,176,176,677600,677600,2024-01-19,2024-09-20,476.49,0,0,290696056,-28418407,0.233095697727664,98.3842691006444,0
468.45,471,2328,2657,917232,677535,2024-01-19,2024-02-02,476.49,329,-239697,31361806,-16035500,2.16038260041529,70.0734549534552,-0.35377803360712
458.5,469,641,641,730740,673050,2024-01-19,2024-05-17,476.49,0,-57690,26186486,998892,2.57021885257915,64.8924067169608,-0.0857142857142857
467.27,468,10951,9206,1949278,672038,2024-01-19,2024-01-26,476.49,-1745,-1277240,21534368,-20240320,3.12076955311621,75.5840292132093,-1.9005472904806
425.83,427,5698,5705,849002,667485,2024-01-19,2024-03-15,476.49,7,-181517,380110584,-76081214,0.175602845092048,96.6384348297968,-0.271941691573593
469.4,475,1018,1186,750266,664160,2024-01-19,2024-02-23,476.49,168,-86106,25896991,-6497202,2.5646222760011,66.008572192808,-0.129646470729945
467.51,482,457,457,662193,662193,2024-01-19,2024-04-19,476.49,0,0,125633382,-14358067,0.527083637691135,92.8833882701653,0
447.05,448,7224,6932,1018584,658540,2024-01-19,2024-02-16,476.49,-292,-360044,250444868,-67869899,0.262948091234195,96.3099655130486,-0.546730646581833
472.81,481,796,800,938484,655200,2024-01-19,2024-02-16,476.49,4,-283284,250444868,-67869899,0.26161446438583,96.5715799774344,-0.432362637362637
334.04,335,6824,6824,696048,655104,2024-01-19,2024-06-21,476.49,0,-40944,466518390,-55433583,0.140424046306085,97.5450635504423,-0.0625
432.54,434,4365,4459,846810,651014,2024-01-19,2024-03-15,476.49,94,-195796,380110584,-76081214,0.171269632418339,96.8097044622152,-0.300755436903047
447.42,452,1367,1420,736813,650360,2024-01-19,2024-04-19,476.49,53,-86452.9999999999,125633382,-14358067,0.51766496264504,93.4010532328104,-0.132930992065933
293.18,295,3519,3515,700281,639730,2024-01-19,2024-12-20,476.49,-4,-60551,494206695,-38843079,0.129445838446199,99.1156319725697,-0.0946508683350789
448.93,454,1083,1254,666045,635778,2024-01-19,2024-04-19,476.49,171,-30267,125633382,-14358067,0.506058174888582,93.9071114076989,-0.0476062399139322
452.34,454,3783,3803,892788,631298,2024-01-19,2024-02-23,476.49,20,-261490,25896991,-6497202,2.4377272247575,68.4462994175656,-0.414210087787384
423.94,429,1246,1247,573160,630982,2024-01-19,2024-06-21,476.49,1,57822,466518390,-55433583,0.13525340340817,97.6803169538504,0.091638113290078
415.11,416,7097,7089,801961,630921,2024-01-19,2024-03-15,476.49,-8,-171040,380110584,-76081214,0.165983539148176,96.9756880013633,-0.271095747328112
460.97,462,3288,6022,572112,620266,2024-01-19,2024-02-02,476.49,2734,48154,31361806,-16035500,1.97777513195509,72.0512300854103,0.0776344342588502
473.3,490,365,368,774895,614560,2024-01-19,2024-04-19,476.49,3,-160335,125633382,-14358067,0.489169351502453,94.3962807592014,-0.260893972923718
470.05,474,1494,1554,875484,613830,2024-01-19,2024-02-09,476.49,60,-261654,29543519,-12165603,2.07771457421846,85.5213422612249,-0.426264600948145
313.54,315,4101,4170,602847,608820,2024-01-19,2024-09-20,476.49,69,5973,290696056,-28418407,0.209435246001411,98.5937043466458,0.00981078151177688
349.77,350,26015,25954,728420,596942,2024-01-19,2024-03-15,476.49,-61,-131478,380110584,-76081214,0.157044298456051,97.1327322998194,-0.220252553849453
369.29,370,8407,8407,714595,596897,2024-01-19,2024-04-19,476.49,0,-117698,125633382,-14358067,0.475110190060791,94.8713909492622,-0.19718309859155
399.92,400,74254,74258,668286,594064,2024-01-19,2024-02-02,476.49,4,-74222,31361806,-16035500,1.89422764747668,73.9454577328869,-0.124939400468636
413.15,414,6933,6933,714099,589305,2024-01-19,2024-03-15,476.49,0,-124794,380110584,-76081214,0.155035146298373,97.2877674461177,-0.211764705882353
324.19,325,7200,7202,662400,583362,2024-01-19,2024-06-21,476.49,2,-79037.9999999999,466518390,-55433583,0.125045874397363,97.8053628282478,-0.135487056064673
475.99,479,1790,1927,1235100,580027,2024-01-19,2024-01-19,476.49,137,-655073,21818594,-53324159,2.65840686159704,70.8483828059682,-1.12938363214126
353.69,355,4358,4353,562182,570243,2024-01-19,2024-06-21,476.49,-5,8061,466518390,-55433583,0.122233766604571,97.9275965948523,0.0141360788295516
467.33,484,339,339,565113,565113,2024-01-19,2024-04-19,476.49,0,0,125633382,-14358067,0.449811181553642,95.3212021308158,0
450.03,456,563,945,346245,564165,2024-01-19,2024-04-19,476.49,382,217920,125633382,-14358067,0.449056605035117,95.770258735851,0.386269974209673
426.98,432,1123,1123,563746,563746,2024-01-19,2024-06-21,476.49,0,0,466518390,-55433583,0.120841109822059,98.0484377046744,0
463.46,472,755,659,784445,562786,2024-01-19,2024-04-19,476.49,-96,-221659,125633382,-14358067,0.447958966829374,96.2182177026803,-0.393860188419755
302.88,305,2654,2654,562648,562648,2024-01-19,2024-12-20,476.49,0,0,494206695,-38843079,0.113848720726052,99.2294806932957,0
452.21,458,729,965,507384,558735,2024-01-19,2024-04-19,476.49,236,51351,125633382,-14358067,0.444734505356228,96.6629522080366,0.0919058229751134
473.2,493,281,281,556380,556380,2024-01-19,2024-05-17,476.49,0,0,26186486,998892,2.12468370135649,67.0170904183173,0
420.96,422,5350,5349,732950,556296,2024-01-19,2024-03-15,476.49,-1,-176654,380110584,-76081214,0.146351094501489,97.4341185406192,-0.317553964076679
454.47,455,10246,10470,983616,554910,2024-01-19,2024-02-02,476.49,224,-428706,31361806,-16035500,1.7693815209494,75.7148392538363,-0.772568524625615
394.82,395,30492,30506,670824,549108,2024-01-19,2024-02-16,476.49,14,-121716,250444868,-67869899,0.219253045344894,96.7908330227793,-0.221661312528683
458.66,460,3969,3998,829521,535732,2024-01-19,2024-02-09,476.49,29,-293789,29543519,-12165603,1.81336556420378,87.3347078254287,-0.548387999970134
443.25,444,7031,7051,766379,528825,2024-01-19,2024-02-16,476.49,20,-237554,250444868,-67869899,0.211154256912144,97.0019872796914,-0.449210986621283
467.35,472,1138,1135,703284,527775,2024-01-19,2024-02-23,476.49,-3,-175509,25896991,-6497202,2.03797808015611,70.4842774977217,-0.332545118658519
408.97,412,1711,1711,518433,518433,2024-01-19,2024-06-21,476.49,0,0,466518390,-55433583,0.111128095078953,98.1595657997534,0
427.31,433,907,907,516083,516083,2024-01-19,2024-06-21,476.49,0,0,466518390,-55433583,0.110624363596899,98.2701901633503,0
472.78,481,620,620,587140,509640,2024-01-19,2024-02-23,476.49,0,-77500,25896991,-6497202,1.96795063951638,72.452228137238,-0.152068126520681
471.2,478,663,749,656370,509320,2024-01-19,2024-02-23,476.49,86,-147050,25896991,-6497202,1.96671497472428,74.4189431119623,-0.28871829105474
419.95,420,101397,101342,811176,506710,2024-01-19,2024-01-26,476.49,-55,-304466,21534368,-20240320,2.35302935289301,77.9370585661023,-0.60086834678613
433.44,439,811,906,430641,503736,2024-01-19,2024-06-21,476.49,95,73095,466518390,-55433583,0.107977736954807,98.3781679003051,0.145105769688885
468.03,473,888,1008,586080,500976,2024-01-19,2024-02-23,476.49,120,-85104,25896991,-6497202,1.93449501527031,76.3534381272326,-0.169876401264731
471.38,500,175,175,500850,500850,2024-01-19,2024-09-20,476.49,0,0,290696056,-28418407,0.172293359219156,98.765997705865,0
466.67,471,927,1153,554346,499249,2024-01-19,2024-02-23,476.49,226,-55097,25896991,-6497202,1.92782628684545,78.2812644140781,-0.110359760360061
474.65,500,188,195,529972,494325,2024-01-19,2024-06-21,476.49,7,-35647,466518390,-55433583,0.105960453134548,98.4841283534396,-0.072112476609518
427.75,429,3934,3943,668780,492875,2024-01-19,2024-03-15,476.49,9,-175905,380110584,-76081214,0.129666213135491,97.5637847537547,-0.356895764646209
414.68,419,1137,1137,491184,491184,2024-01-19,2024-06-21,476.49,0,0,466518390,-55433583,0.105287167779174,98.5894155212188,0
442.28,443,6801,6809,700503,490248,2024-01-19,2024-02-16,476.49,8,-210255,250444868,-67869899,0.19575086681353,97.197738146505,-0.428874773583982
435.62,440,1033,1112,548523,487056,2024-01-19,2024-05-17,476.49,79,-61467.0000000001,26186486,998892,1.85995173235538,68.8770421506727,-0.126201093919385
258.73,260,3821,3821,485267,485267,2024-01-19,2024-12-20,476.49,0,0,494206695,-38843079,0.0981911020043952,99.3276717953002,0
476.61,500,194,206,531560,481834,2024-01-19,2024-03-15,476.49,12,-49726,380110584,-76081214,0.126761532112455,97.6905462858672,-0.103201517535085
455.4,456,7848,7951,808344,477060,2024-01-19,2024-02-02,476.49,103,-331284,31361806,-16035500,1.52114964297656,77.2359888968129,-0.694428373789461
334.82,335,26309,26309,552489,473562,2024-01-19,2024-03-15,476.49,0,-78927,380110584,-76081214,0.124585323306862,97.815131609174,-0.166666666666667
435.37,437,3039,2899,644268,472537,2024-01-19,2024-03-15,476.49,-140,-171731,380110584,-76081214,0.12431566493818,97.9394472741122,-0.363423393300419
364.7,365,15479,15480,588202,464400,2024-01-19,2024-03-15,476.49,1,-123802,380110584,-76081214,0.122174972112852,98.0616222462251,-0.266584840654608
430.28,436,800,811,478400,463892,2024-01-19,2024-06-21,476.49,11,-14508,466518390,-55433583,0.0994370232650421,98.6888525444838,-0.031274520793633
339.8,340,23148,23147,532404,462940,2024-01-19,2024-03-15,476.49,-1,-69463.9999999999,380110584,-76081214,0.121790873363316,98.1834131195884,-0.15004968246425
469.62,472.5,1585,1607,737025,462816,2024-01-19,2024-02-02,476.49,22,-274209,31361806,-16035500,1.47573134021682,78.7117202370297,-0.592479516697781
435.22,441,699,800,488601,462400,2024-01-19,2024-06-21,476.49,101,-26201,466518390,-55433583,0.0991172073623936,98.7879697518462,-0.056663062283737
429.68,431,3494,3494,569522,461208,2024-01-19,2024-03-15,476.49,0,-108314,380110584,-76081214,0.121335216490578,98.304748336079,-0.234848484848485
459.17,460,4373,5538,651577,459654,2024-01-19,2024-02-02,476.49,1165,-191923,31361806,-16035500,1.4656490126876,80.1773692497173,-0.417537974215388
457.69,460,1874,1978,594058,456918,2024-01-19,2024-02-23,476.49,104,-137140,25896991,-6497202,1.76436714211315,80.0456315561912,-0.300141382042292
388.98,390,4448,4466,515968,455532,2024-01-19,2024-04-19,476.49,18,-60435.9999999999,125633382,-14358067,0.362588344553202,97.0255405525898,-0.132671250318309
119.85,120,30286,30297,545148,454455,2024-01-19,2024-12-20,476.49,11,-90693,494206695,-38843079,0.0919564636816586,99.4196282589818,-0.199564313298346
467.7,485,262,262,461120,453260,2024-01-19,2024-05-17,476.49,0,-7860,26186486,998892,1.73089279714735,70.60793494782,-0.0173410404624277
473.75,484,406,442,470554,453050,2024-01-19,2024-02-02,476.49,36,-17504,31361806,-16035500,1.44459155190234,81.6219608016197,-0.0386359121509767
430.58,431,10542,10543,759024,442806,2024-01-19,2024-02-16,476.49,1,-316218,250444868,-67869899,0.17680777551409,97.3745459220191,-0.714123114862943
449.61,450,11378,11241,739570,438399,2024-01-19,2024-02-02,476.49,-137,-301171,31361806,-16035500,1.39787549224684,83.0198362938665,-0.68697921300003
464.55,465,7121,9659,840278,434655,2024-01-19,2024-01-26,476.49,2538,-405623,21534368,-20240320,2.01842468745774,79.9554832535601,-0.933206796194683
420.02,421,4432,4434,585024,434532,2024-01-19,2024-03-15,476.49,2,-150492,380110584,-76081214,0.114317258790142,98.4190655948691,-0.346331225318274
470.86,471,27788,30807,3334560,431298,2024-01-19,2024-01-19,476.49,3019,-2903262,21818594,-53324159,1.97674515598943,72.8251279619576,-6.73145249920009
437.43,438,7509,7508,653283,427956,2024-01-19,2024-02-16,476.49,-1,-225327,250444868,-67869899,0.170878326802049,97.5454242488211,-0.526519081400892
378.73,380,3356,3327,500044,422529,2024-01-19,2024-05-17,476.49,-29,-77515,26186486,998892,1.61353837242614,72.2214733202462,-0.183454863453159
465.46,466,7276,7790,967708,420660,2024-01-19,2024-01-26,476.49,514,-547048,21534368,-20240320,1.95343555009369,81.9089188036538,-1.30045167118338
467.91,471,914,1358,436892,419622,2024-01-19,2024-02-09,476.49,444,-17270,29543519,-12165603,1.42035212528338,88.7550599507121,-0.0411560880983361
464.37,478,306,305,437580,415715,2024-01-19,2024-05-17,476.49,-1,-21864.9999999999,26186486,998892,1.58751731713831,73.8089906373845,-0.0525961295599147
400.39,401,6804,6785,503496,413885,2024-01-19,2024-03-15,476.49,-19,-89611,380110584,-76081214,0.108885418460224,98.5279510133293,-0.216511832997088
421.97,427,820,820,412460,412460,2024-01-19,2024-06-21,476.49,0,0,466518390,-55433583,0.0884123774841974,98.8763821293304,0
443.62,449,822,759,556494,408342,2024-01-19,2024-05-17,476.49,-63,-148152,26186486,998892,1.55936157298845,75.368352210373,-0.362813523957859
462.74,466,1214,1220,541444,397720,2024-01-19,2024-02-23,476.49,6,-143724,25896991,-6497202,1.53577687847982,81.5814084346711,-0.361369807905059
476.05,480,648,1006,513216,397370,2024-01-19,2024-01-19,476.49,358,-115846,21818594,-53324159,1.82124476031774,74.6463727222753,-0.291531821727861
407.2,408,4968,4966,452088,397280,2024-01-19,2024-03-15,476.49,-2,-54808,380110584,-76081214,0.104516952887584,98.6324679662169,-0.137958115183246
466.16,468,2818,2136,859490,393024,2024-01-19,2024-02-02,476.49,-682,-466466,31361806,-16035500,1.25319313562491,84.2730294294914,-1.18686390652988
439.16,440,4639,4639,542763,389676,2024-01-19,2024-02-23,476.49,0,-153087,25896991,-6497202,1.50471535476844,83.0861237894395,-0.392857142857143
421.72,426,901,898,345984,384344,2024-01-19,2024-06-21,476.49,-3,38360.0000000001,466518390,-55433583,0.0823856054206138,98.958767734751,0.0998064234123599
338.04,340,1940,1940,436500,380240,2024-01-19,2024-09-20,476.49,0,-56260,290696056,-28418407,0.130803288228995,98.896800994094,-0.147959183673469
298.81,300,3193,3193,418283,379967,2024-01-19,2024-09-20,476.49,0,-38316.0000000001,290696056,-28418407,0.13070937570615,99.0275103698001,-0.100840336134454
475.9,485,408,414,530400,376740,2024-01-19,2024-02-02,476.49,6,-153660,31361806,-16035500,1.20127010542696,85.4742995349184,-0.407867494824017
464.53,466,2499,2555,639744,375585,2024-01-19,2024-02-02,476.49,56,-264159,31361806,-16035500,1.19758728180386,86.6718868167222,-0.703326810176125
468.74,474,700,713,490000,375038,2024-01-19,2024-02-23,476.49,13,-114962,25896991,-6497202,1.44819141343487,84.5343152028744,-0.306534271193853
432.44,438,670,674,442200,374744,2024-01-19,2024-06-21,476.49,4,-67456.0000000001,466518390,-55433583,0.0803278087279689,99.039095543479,-0.180005550455778
463.5,475,323,320,419577,368000,2024-01-19,2024-05-17,476.49,-3,-51577.0000000001,26186486,998892,1.40530501114201,76.773657221515,-0.140154891304348
472.25,494,164,169,305860,367575,2024-01-19,2024-05-17,476.49,5,61715,26186486,998892,1.40368203660468,78.1773392581196,0.167897707950758
434.93,435,52013,52009,624156,364063,2024-01-19,2024-01-26,476.49,-4,-260093,21534368,-20240320,1.69061381323102,83.5995326168848,-0.714417559598201
407.77,410,1622,1622,421720,361706,2024-01-19,2024-05-17,476.49,0,-60014,26186486,998892,1.38126971293514,79.5586089710548,-0.165919282511211
464.43,479,223,248,352340,361336,2024-01-19,2024-05-17,476.49,25,8996,26186486,998892,1.37985677039676,80.9384657414515,0.0248964952288175
474.5,481,540,542,561600,352300,2024-01-19,2024-02-02,476.49,2,-209300,31361806,-16035500,1.12334091984371,87.7952277365659,-0.59409594095941
470.62,491,172,172,313728,350536,2024-01-19,2024-05-17,476.49,0,36807.9999999999,26186486,998892,1.33861412333064,82.2770798647822,0.105004906771344
475.43,493,198,199,369864,349643,2024-01-19,2024-03-15,476.49,1,-20221,380110584,-76081214,0.0919845473179458,98.7244525135349,-0.0578332756554543
459.97,460,117418,116121,939344,348363,2024-01-19,2024-01-19,476.49,-1297,-590981,21818594,-53324159,1.59663358693049,76.2430063092058,-1.69645168976039
443.93,451,492,492,347844,347844,2024-01-19,2024-05-17,476.49,0,0,26186486,998892,1.32833401167304,83.6054138764552,0
471.82,490,190,190,387600,345420,2024-01-19,2024-05-17,476.49,0,-42179.9999999999,26186486,998892,1.31907732866487,84.9244912051201,-0.122112211221122
470.41,477.5,514,486,514000,344574,2024-01-19,2024-02-23,476.49,-28,-169426,25896991,-6497202,1.33055612522706,85.8648713281014,-0.491696993969365
451.65,457,507,643,341718,344005,2024-01-19,2024-04-19,476.49,136,2287,125633382,-14358067,0.273816556176128,97.2993571087659,0.00664815918373279
149.81,150,18003,18003,342057,342057,2024-01-19,2024-09-20,476.49,0,0,290696056,-28418407,0.117668263101581,99.1451786329017,0
459.78,460,10435,15411,615665,339042,2024-01-19,2024-01-26,476.49,4976,-276623,21534368,-20240320,1.57442280172792,85.1739554186127,-0.815895965691566
461.45,472,255,320,322065,337600,2024-01-19,2024-05-17,476.49,65,15535,26186486,998892,1.2892145971781,86.2137058022982,0.0460159952606635
454.05,461,87,484,66555,336380,2024-01-19,2024-04-19,476.49,397,269825,125633382,-14358067,0.267747309389474,97.5671044181554,0.802143409239551
457.3,458,4764,4793,585972,335510,2024-01-19,2024-02-02,476.49,29,-250462,31361806,-16035500,1.06980446215374,88.8650321987197,-0.746511281332896
464.47,482,190,190,333070,333070,2024-01-19,2024-05-17,476.49,0,0,26186486,998892,1.27191559799203,87.4856214002902,0
460.51,462,1943,2228,472149,331972,2024-01-19,2024-02-09,476.49,285,-140177,29543519,-12165603,1.123671151023,89.8787311017351,-0.422255491426988
426.8,428,2714,2760,436954,331200,2024-01-19,2024-03-15,476.49,46,-105754,380110584,-76081214,0.0871325382510264,98.8115850517859,-0.319305555555556
466.4,467,4237,5416,648261,324960,2024-01-19,2024-01-26,476.49,1179,-323301,21534368,-20240320,1.50902965900834,86.682985077621,-0.994894756277696
473.75,481,447,448,500640,324800,2024-01-19,2024-02-09,476.49,1,-175840,29543519,-12165603,1.09939509914171,90.9781262008767,-0.541379310344827
440.34,441,4916,4913,447356,324258,2024-01-19,2024-02-16,476.49,-3,-123098,250444868,-67869899,0.129472806765599,97.6748970555867,-0.379629800960963
417.26,420,231,1173,75768,321402,2024-01-19,2024-05-17,476.49,942,245634,26186486,998892,1.22735826410615,88.7129796643964,0.764257845315213
465.18,469,790,839,419490,320498,2024-01-19,2024-02-23,476.49,49,-98992,25896991,-6497202,1.23758779543152,87.1024591235329,-0.308869322117455
199.44,200,5665,5654,339900,316624,2024-01-19,2024-12-20,476.49,-11,-23276,494206695,-38843079,0.0640671207418588,99.4836953797237,-0.0735130628126737
462.16,464,1747,1671,525847,307464,2024-01-19,2024-02-09,476.49,-76,-218383,29543519,-12165603,1.04071556269245,92.0188417635692,-0.710271771654567
417.95,419,2893,2924,370304,307020,2024-01-19,2024-03-15,476.49,31,-63284,380110584,-76081214,0.0807712315634968,98.8923562833494,-0.206123379584392
467.01,469,1228,1492,410152,296908,2024-01-19,2024-02-02,476.49,264,-113244,31361806,-16035500,0.946718438345037,89.8117506370647,-0.38141107683188
464.97,465,89874,98085,1707606,294255,2024-01-19,2024-01-19,476.49,8211,-1413351,21818594,-53324159,1.34864327188086,77.5916495810867,-4.80315032879645
379.16,380,3431,3464,336238,290976,2024-01-19,2024-04-19,476.49,33,-45262,125633382,-14358067,0.231607233179475,97.7987116513348,-0.155552347959969
430.83,437,471,471,290607,290607,2024-01-19,2024-06-21,476.49,0,0,466518390,-55433583,0.0622927211936919,99.1013882646727,0
463.61,464,7269,7414,741438,289146,2024-01-19,2024-01-26,476.49,145,-452292,21534368,-20240320,1.34271876472066,88.0257038423417,-1.56423398559897
388.48,390,1863,1871,322299,284392,2024-01-19,2024-05-17,476.49,8,-37907,26186486,998892,1.08602582263233,89.7990054870287,-0.133291372471799
409.21,413,736,736,278944,278944,2024-01-19,2024-06-21,476.49,0,0,466518390,-55433583,0.0597927125659505,99.1611809772387,0
451.24,452,1412,3662,163792,278312,2024-01-19,2024-02-09,476.49,2250,114520,29543519,-12165603,0.942040790739925,92.9608825543091,0.411480640432321
413.68,418,642,642,277344,277344,2024-01-19,2024-06-21,476.49,0,0,466518390,-55433583,0.0594497464505097,99.2206307236892,0
428.6,429,6874,6874,419314,274960,2024-01-19,2024-02-16,476.49,0,-144354,250444868,-67869899,0.109788634199524,97.7846856897862,-0.525
379.86,380,19543,19547,332231,273658,2024-01-19,2024-02-16,476.49,4,-58573,250444868,-67869899,0.109268759302347,97.8939544490886,-0.214037228950003
229.13,230,3083,3083,268221,268221,2024-01-19,2024-12-20,476.49,0,0,494206695,-38843079,0.0542730405544182,99.5379684202781,0
467.95,468,27790,53381,1389500,266905,2024-01-19,2024-01-19,476.49,25591,-1122595,21818594,-53324159,1.22329147331858,78.8149410544053,-4.20597216237987
466.95,480,189,204,284445,266220,2024-01-19,2024-05-17,476.49,15,-18225,26186486,998892,1.01663125017996,90.8156367372086,-0.0684584178498986
462.77,464,1516,2158,321392,265434,2024-01-19,2024-02-02,476.49,642,-55958,31361806,-16035500,0.846360697467486,90.6581113345322,-0.210817001589849
308.63,310,1939,1919,248192,262903,2024-01-19,2024-09-20,476.49,-20,14711,290696056,-28418407,0.0904391355072254,99.235617768409,0.0559559989806126
384.09,385,2859,2888,308772,262808,2024-01-19,2024-04-19,476.49,29,-45964,125633382,-14358067,0.209186440591084,98.0078980919259,-0.174895741377736
469.01,483,186,186,299646,260214,2024-01-19,2024-04-19,476.49,0,-39432,125633382,-14358067,0.207121702733434,98.2150197946594,-0.151536812008578
421.96,423,2467,2471,320710,256984,2024-01-19,2024-03-15,476.49,4,-63726,380110584,-76081214,0.0676076938704764,98.9599639772199,-0.24797652772157
329.82,330,14196,14172,269724,255096,2024-01-19,2024-03-15,476.49,-24,-14628,380110584,-76081214,0.0671109963094319,99.0270749735293,-0.0573431178850315
314.2,315,3186,3186,254880,254880,2024-01-19,2024-06-21,476.49,0,0,466518390,-55433583,0.0546345021897208,99.2752652258789,0
470.98,500,87,87,252474,252474,2024-01-19,2024-04-19,476.49,0,0,125633382,-14358067,0.200960919765735,98.4159807144251,0
299.89,300,22894,22894,274728,251834,2024-01-19,2024-03-15,476.49,0,-22894,380110584,-76081214,0.0662528249936866,99.093327798523,-0.0909090909090909
459.76,467,291,346,256953,250504,2024-01-19,2024-04-19,476.49,55,-6449.00000000003,125633382,-14358067,0.199392865186102,98.6153735796112,-0.0257440998946126
462.2,462.5,7807,8318,640174,249540,2024-01-19,2024-01-26,476.49,511,-390634,21534368,-20240320,1.15879880941944,89.1845026517611,-1.56541636611365
453.17,459,429,427,308022,248941,2024-01-19,2024-04-19,476.49,-2,-59081,125633382,-14358067,0.198148769090686,98.8135223487019,-0.237329327029296
409.76,410,10271,10272,318401,246528,2024-01-19,2024-02-16,476.49,1,-71873,250444868,-67869899,0.0984360358304487,97.992390484919,-0.291540920301142
426.63,427,6614,6610,396840,244570,2024-01-19,2024-02-16,476.49,-4,-152270,250444868,-67869899,0.0976542270373055,98.0900447119563,-0.622602935764812
466.37,481,167,167,244321,244321,2024-01-19,2024-05-17,476.49,0,0,26186486,998892,0.933004145726158,91.7486408829348,0
465.4,467,1622,1524,454160,243840,2024-01-19,2024-02-02,476.49,-98,-210320,31361806,-16035500,0.777506244378911,91.4356175789111,-0.86253280839895
219.22,220,3071,3071,239538,239538,2024-01-19,2024-12-20,476.49,0,0,494206695,-38843079,0.0484691936437648,99.5864376139219,0
422.91,424,2195,2191,300715,238819,2024-01-19,2024-03-15,476.49,-4,-61896,380110584,-76081214,0.0628288214147702,99.1561566199378,-0.259175358744489
461.1,464,796,820,330340,237800,2024-01-19,2024-02-23,476.49,24,-92540,25896991,-6497202,0.918253398628435,88.0207125221614,-0.389150546677881
450.6,451,5812,5914,424276,236560,2024-01-19,2024-02-02,476.49,102,-187716,31361806,-16035500,0.754293295481772,92.1899108743929,-0.793523841731485
421.55,422,5246,5246,236070,236070,2024-01-19,2024-02-16,476.49,0,0,250444868,-67869899,0.0942602664950595,98.1843049784514,0
472.33,480,287,306,309960,234702,2024-01-19,2024-02-23,476.49,19,-75258.0000000001,25896991,-6497202,0.906290618859929,88.9270031410213,-0.320653424342358
342.9,345,1103,1103,223909,231630,2024-01-19,2024-09-20,476.49,0,7721.00000000006,290696056,-28418407,0.0796811636137231,99.3152989320227,0.0333333333333336
476.22,550,31,31,242637,228718,2024-01-19,2024-03-15,476.49,0,-13919,380110584,-76081214,0.060171436846915,99.2163280567847,-0.0608566007047982
429.99,430,224505,228628,449010,228628,2024-01-19,2024-01-19,476.49,4123,-220382,21818594,-53324159,1.04785853753913,79.8627995919444,-0.963932676662526
414.99,415,227552,227546,455104,227546,2024-01-19,2024-01-19,476.49,-6,-227558,21818594,-53324159,1.04289946455762,80.905699056502,-1.00005273658952
457.73,459,1759,1768,341246,224536,2024-01-19,2024-02-09,476.49,9,-116710,29543519,-12165603,0.760017789350009,93.7209003436591,-0.519783019204048
448.68,450,1554,1701,281274,224532,2024-01-19,2024-02-23,476.49,147,-56742,25896991,-6497202,0.867019647186038,89.7940227882073,-0.252712308267864
294.44,295,3975,3975,222600,222600,2024-01-19,2024-06-21,476.49,0,0,466518390,-55433583,0.0477151608107025,99.3229803866896,0
453.5,454,4454,4440,383044,222000,2024-01-19,2024-02-02,476.49,-14,-161044,31361806,-16035500,0.707867397687493,92.8977782720804,-0.725423423423424
412.86,417,535,535,221490,221490,2024-01-19,2024-06-21,476.49,0,0,466518390,-55433583,0.0474772280681154,99.3704576147577,0
453.26,455,1249,1266,309752,220284,2024-01-19,2024-02-23,476.49,17,-89468,25896991,-6497202,0.850616197070926,90.6446389852782,-0.406148426576601
459.5,462.5,708,728,290988,218400,2024-01-19,2024-02-23,476.49,20,-72588,25896991,-6497202,0.843341220607444,91.4879802058857,-0.332362637362637
359.73,360,8041,8070,249271,217890,2024-01-19,2024-03-15,476.49,29,-31381,380110584,-76081214,0.0573227921482976,99.273650848933,-0.144022213043279
472.97,492,114,114,216942,216942,2024-01-19,2024-05-17,476.49,0,0,26186486,998892,0.828450216649916,92.5770910995847,0
465.83,467.5,1340,1265,380560,211255,2024-01-19,2024-02-02,476.49,-75,-169305,31361806,-16035500,0.673605977921042,93.5713842500014,-0.801424818347495
359.1,360,109,2342,11227,210780,2024-01-19,2024-05-17,476.49,2233,199553,26186486,998892,0.804918995240522,93.3820100948252,0.946735933200493
189.5,190,4208,4208,223024,210400,2024-01-19,2024-12-20,476.49,0,-12624,494206695,-38843079,0.0425732799916845,99.6290108939135,-0.0600000000000001
289.51,290,4260,4259,242820,208691,2024-01-19,2024-06-21,476.49,-1,-34129,466518390,-55433583,0.0447337134984111,99.4151913282561,-0.163538437210996
461.25,469,245,265,229810,205375,2024-01-19,2024-04-19,476.49,20,-24435,125633382,-14358067,0.163471679843817,98.9769940285457,-0.118977480219112
259.62,260,5379,5379,204402,204402,2024-01-19,2024-06-21,476.49,0,0,466518390,-55433583,0.0438143499552076,99.4590056782113,0
359.9,360,20084,20136,200840,201360,2024-01-19,2024-02-16,476.49,52,520,250444868,-67869899,0.0804009287984292,98.2647059072498,0.00258243941199841
364.89,365,17996,18084,215952,198924,2024-01-19,2024-02-16,476.49,88,-17028,250444868,-67869899,0.0794282596359691,98.3441341668858,-0.0856005308560053
219.78,220,8970,8970,197340,197340,2024-01-19,2024-06-21,476.49,0,0,466518390,-55433583,0.0423005832631807,99.5013062614745,0
460.47,468,228,262,217968,197286,2024-01-19,2024-04-19,476.49,34,-20682,125633382,-14358067,0.157033104465818,99.1340271330115,-0.104832578084608
462.67,463,4896,5976,425952,197208,2024-01-19,2024-01-26,476.49,1080,-228744,21534368,-20240320,0.915782622457274,90.1002852742184,-1.15991237677985
473.62,486,158,159,247270,196842,2024-01-19,2024-03-15,476.49,1,-50428,380110584,-76081214,0.0517854562029244,99.3254363051359,-0.256185163735382
464.34,468,421,522,216394,191052,2024-01-19,2024-02-23,476.49,101,-25342,25896991,-6497202,0.737738218312699,92.2257184241984,-0.132644515629253
468.51,510,46,46,190854,190854,2024-01-19,2024-12-20,476.49,0,0,494206695,-38843079,0.0386182546555748,99.6676291485691,0
309.37,310,3179,2997,187561,188811,2024-01-19,2024-06-21,476.49,-182,1250,466518390,-55433583,0.040472359514059,99.5417786209886,0.00662037699074736
473.56,482,219,223,239148,188212,2024-01-19,2024-02-16,476.49,4,-50936,250444868,-67869899,0.075151070773788,98.4192852376596,-0.270630990585085
403.79,404,8960,8959,241920,188139,2024-01-19,2024-02-16,476.49,-1,-53781,250444868,-67869899,0.0751219226420723,98.4944071603017,-0.285857796629088
407.74,408,7234,7235,217020,188110,2024-01-19,2024-02-16,476.49,1,-28910,250444868,-67869899,0.0751103432472811,98.5695175035489,-0.15368667269151
468.93,469,21747,26859,1435302,188013,2024-01-19,2024-01-19,476.49,5112,-1247289,21818594,-53324159,0.861709970862467,81.7674090273645,-6.63405721944759
467.79,472.5,388,395,262288,186045,2024-01-19,2024-02-23,476.49,7,-76243,25896991,-6497202,0.718403925768828,92.9441223499672,-0.40980945470182
224.55,225,4132,4132,185940,185940,2024-01-19,2024-09-20,476.49,0,0,290696056,-28418407,0.0639637161090345,99.3792626481317,0
461.88,463,1148,1660,222712,185920,2024-01-19,2024-02-02,476.49,512,-36792,31361806,-16035500,0.592823002603868,94.1642072526053,-0.19789156626506
274.53,275,3904,3904,183488,183488,2024-01-19,2024-06-21,476.49,0,0,466518390,-55433583,0.0393313541187519,99.5811099751073,0
344.74,345,6974,6974,181324,181324,2024-01-19,2024-03-15,476.49,0,0,380110584,-76081214,0.0477029600417546,99.3731392651776,0
398.09,400,2603,948,551836,181068,2024-01-19,2024-05-17,476.49,-1655,-370768,26186486,998892,0.691455890645274,94.0734659854705,-2.04767269755009
304.36,305,2828,2823,200788,180672,2024-01-19,2024-06-21,476.49,-5,-20116,466518390,-55433583,0.0387277337555761,99.6198377088629,-0.111339886645413
423.47,424,3390,3390,179670,179670,2024-01-19,2024-02-16,476.49,0,0,250444868,-67869899,0.0717403400735686,98.6412578436225,0
412.71,413,6124,6123,208216,177567,2024-01-19,2024-02-16,476.49,-1,-30649.0000000001,250444868,-67869899,0.0709006343064694,98.712158477929,-0.17260527012339
463.9,466,829,844,266109,177240,2024-01-19,2024-02-09,476.49,15,-88869,29543519,-12165603,0.599928532548882,94.320828876208,-0.501404874746107
474.21,488,124,128,217000,176512,2024-01-19,2024-03-15,476.49,4,-40488,380110584,-76081214,0.0464370126562958,99.4195762778339,-0.229378172588832
474.7,484,133,189,166250,175770,2024-01-19,2024-02-16,476.49,56,9520,250444868,-67869899,0.0701831111188911,98.7823415890479,0.0541616885702907
472.1,483,161,161,175490,175490,2024-01-19,2024-02-02,476.49,0,0,31361806,-16035500,0.559565989280082,94.7237732418854,0
476.21,481,98,366,85358,175314,2024-01-19,2024-01-19,476.49,268,89956,21818594,-53324159,0.803507320407539,82.570916347772,0.513113613288157
431.54,432,3791,3793,235042,174478,2024-01-19,2024-02-16,476.49,2,-60564,250444868,-67869899,0.0696672291164697,98.8520088181643,-0.347115395637272
463.92,467.5,478,485,248560,173630,2024-01-19,2024-02-23,476.49,7,-74930,25896991,-6497202,0.670463993287869,93.6145863432551,-0.431549847376605
129.8,130,8614,8624,189508,172480,2024-01-19,2024-12-20,476.49,10,-17028,494206695,-38843079,0.0349003770578219,99.7025295256269,-0.0987244897959182
439.99,440,172106,172113,516318,172113,2024-01-19,2024-01-19,476.49,7,-344205,21818594,-53324159,0.788836347566667,83.3597526953387,-1.99987798713636
474.9,484,185,189,221075,171990,2024-01-19,2024-02-09,476.49,4,-49085,29543519,-12165603,0.58215813762741,94.9029870138354,-0.285394499680214
474.51,492,96,98,175680,171402,2024-01-19,2024-03-15,476.49,2,-4278.00000000006,380110584,-76081214,0.045092667032918,99.4646689448668,-0.0249588686246372
456.84,458,1041,1477,186339,171332,2024-01-19,2024-02-09,476.49,436,-15007,29543519,-12165603,0.579930914797252,95.4829179286327,-0.0875901757990335
319.86,320,12182,12184,194912,170576,2024-01-19,2024-03-15,476.49,2,-24336,380110584,-76081214,0.044875361849961,99.5095443067168,-0.142669543194822
454.99,456,1491,1685,228123,170185,2024-01-19,2024-02-09,476.49,194,-57938,29543519,-12165603,0.576048506611552,96.0589664352442,-0.340441284484532
427.6,428,4236,4254,220272,170160,2024-01-19,2024-02-16,476.49,18,-50112,250444868,-67869899,0.0679430971610087,98.9199519153253,-0.294499294781382
460.06,461,1651,1770,257556,166380,2024-01-19,2024-02-02,476.49,119,-91176,31361806,-16035500,0.530517917239843,95.2542911591252,-0.547998557518933
474.6,525,33,33,166320,166320,2024-01-19,2024-12-20,476.49,0,0,494206695,-38843079,0.0336539350200426,99.736183460647,0
410.07,414,421,421,165453,165453,2024-01-19,2024-06-21,476.49,0,0,466518390,-55433583,0.0354654829362675,99.6553031917992,0
444.98,445,82561,82501,165122,165002,2024-01-19,2024-01-19,476.49,-60,-120,21818594,-53324159,0.756244879940477,84.1159975752792,-0.000727263911952582
399.99,400,163733,163534,163733,163534,2024-01-19,2024-01-19,476.49,-199,-199,21818594,-53324159,0.749516673714172,84.8655142489933,-0.00121687233235902
425.63,426,4390,4387,232670,162319,2024-01-19,2024-02-16,476.49,-3,-70351,250444868,-67869899,0.0648122683831557,98.9847641837085,-0.433411985041801
460.75,461,6058,6455,411944,161375,2024-01-19,2024-01-26,476.49,397,-250569,21534368,-20240320,0.749383497114937,90.8496687713333,-1.55271262587142
279.54,280,3472,3472,159712,159712,2024-01-19,2024-06-21,476.49,0,0,466518390,-55433583,0.0342348776433015,99.6895380694425,0
455.78,464,18,194,18630,159468,2024-01-19,2024-05-17,476.49,176,140838,26186486,998892,0.608970596513026,94.6824365819836,0.883174053728648
469.87,486,97,98,160535,158074,2024-01-19,2024-05-17,476.49,1,-2461,26186486,998892,0.603647240030602,95.2860838220142,-0.0155686577172717
328.27,330,917,909,177898,157257,2024-01-19,2024-09-20,476.49,-8,-20641,290696056,-28418407,0.0540967091758548,99.4333593573076,-0.131256478248981
434.82,435,7162,8717,193374,156906,2024-01-19,2024-02-02,476.49,1555,-36468,31361806,-16035500,0.500309197754747,95.7546003568799,-0.232419410347597
449.98,450,65819,77389,263276,154778,2024-01-19,2024-01-19,476.49,11570,-108498,21818594,-53324159,0.709385765187253,85.5749000141806,-0.70099109692592
460.32,463,590,574,241900,153832,2024-01-19,2024-02-23,476.49,-16,-88068,25896991,-6497202,0.594014957181705,94.2086013004368,-0.572494669509595
471.38,515,35,35,152740,152670,2024-01-19,2024-12-20,476.49,0,-70.0000000000291,494206695,-38843079,0.0308919327772361,99.7670753934242,-0.000458505272810828
404.97,405,50576,50601,202304,151803,2024-01-19,2024-01-26,476.49,25,-50501,21534368,-20240320,0.704933620526964,91.5546023918603,-0.332674584823752
476.4,482,324,271,314604,151760,2024-01-19,2024-01-19,476.49,-53,-162844,21818594,-53324159,0.695553526501295,86.2704535406819,-1.07303637322088
426.06,431,307,307,151658,151658,2024-01-19,2024-06-21,476.49,0,0,466518390,-55433583,0.0325084719597013,99.7220465414022,0
458.8,459,7843,7430,368621,148600,2024-01-19,2024-01-26,476.49,-413,-220021,21534368,-20240320,0.690059722207775,92.2446621140681,-1.48062584118439
461.24,463,850,842,213350,148192,2024-01-19,2024-02-09,476.49,-8,-65158,29543519,-12165603,0.501605783657661,96.5605722189019,-0.439686352839559
411.99,416,368,368,147568,147568,2024-01-19,2024-06-21,476.49,0,0,466518390,-55433583,0.0316317648271057,99.7536783062293,0
443.95,445,1307,1405,190822,147525,2024-01-19,2024-02-23,476.49,98,-43297,25896991,-6497202,0.569660776419932,94.7782620768567,-0.293489239112015
457.33,457.5,8391,8539,360813,145163,2024-01-19,2024-01-26,476.49,148,-215650,21534368,-20240320,0.674099188794396,92.9187613028625,-1.48557139215916
474.72,482,193,196,223108,142688,2024-01-19,2024-02-02,476.49,3,-80420,31361806,-16035500,0.454973798383932,96.2095741552639,-0.563607311056291
463.14,474,21,130,27468,141180,2024-01-19,2024-05-17,476.49,109,113712,26186486,998892,0.539133047481056,95.8252168694952,0.8054398640034
234.74,235,5386,5386,145422,140036,2024-01-19,2024-06-21,476.49,0,-5386,466518390,-55433583,0.0300172518386681,99.7836955580679,-0.0384615384615385
466.82,467.5,1435,2042,236775,138856,2024-01-19,2024-01-26,476.49,607,-97919,21534368,-20240320,0.644811122388175,93.5635724252507,-0.705183787520885
416.13,417,1591,1590,171828,138330,2024-01-19,2024-03-15,476.49,-1,-33498,380110584,-76081214,0.0363920411119097,99.5459363478287,-0.242160052049447
476.19,499,60,60,163800,136860,2024-01-19,2024-03-15,476.49,0,-26940,380110584,-76081214,0.0360053115490202,99.5819416593777,-0.196843489697501
323.38,325,845,844,130975,136728,2024-01-19,2024-09-20,476.49,-1,5753.00000000003,290696056,-28418407,0.0470346938590732,99.4803940511666,0.042076238956176
474.36,510,38,38,135432,135432,2024-01-19,2024-06-21,476.49,0,0,466518390,-55433583,0.0290303668414872,99.8127259249094,0
239.06,240,1441,1440,149864,135360,2024-01-19,2024-12-20,476.49,-1,-14504,494206695,-38843079,0.0273893497132814,99.7944647431375,-0.107151300236407
458.59,461,476,537,159460,129417,2024-01-19,2024-02-23,476.49,61,-30043,25896991,-6497202,0.49973759499704,95.2779996718538,-0.232141063384254
429.43,430,2195,2267,169015,129219,2024-01-19,2024-02-23,476.49,72,-39796,25896991,-6497202,0.498973027406929,95.7769726992607,-0.307973285662325
454.86,455,12164,9213,377084,128982,2024-01-19,2024-01-26,476.49,-2951,-248102,21534368,-20240320,0.598958836405136,94.1625312616558,-1.92353971872044
464.34,476,88,110,117304,128260,2024-01-19,2024-05-17,476.49,22,10956,26186486,998892,0.489794621546396,96.3150114910416,0.0854202401372212
214.54,215,2831,2781,133057,127926,2024-01-19,2024-09-20,476.49,-50,-5131,290696056,-28418407,0.0440067890016368,99.5244008401683,-0.0401091255882307
475.43,486,78,121,108108,127897,2024-01-19,2024-02-16,476.49,43,19789,250444868,-67869899,0.0510679260554862,99.035832109764,0.154726068633353
439.61,440,3209,3239,189331,126321,2024-01-19,2024-02-09,476.49,30,-63010,29543519,-12165603,0.427576010833374,96.9881482297353,-0.498808590812296
318.45,320,1370,808,210980,125240,2024-01-19,2024-09-20,476.49,-562,-85740,290696056,-28418407,0.0430827998574566,99.5674836400257,-0.684605557329927
415.71,416,4275,4274,162450,123946,2024-01-19,2024-02-16,476.49,-1,-38504,250444868,-67869899,0.0494903333375551,99.0853224431015,-0.310651412711988
149.7,150,4103,4105,127193,123150,2024-01-19,2024-12-20,476.49,2,-4043,494206695,-38843079,0.0249187235312545,99.8193834666687,-0.0328298822574097
439.78,440,5632,5502,185856,121044,2024-01-19,2024-02-02,476.49,-130,-64812,31361806,-16035500,0.385959915701283,96.5955340709652,-0.535441657579062
453.12,454,1434,1374,220836,120912,2024-01-19,2024-02-09,476.49,-60,-99924,29543519,-12165603,0.409267426808567,97.3974156565438,-0.826419213973799
408.73,409,4379,4381,140128,118287,2024-01-19,2024-02-16,476.49,2,-21841,250444868,-67869899,0.0472307541953705,99.1325531972969,-0.184644128264306
476.61,495,49,64,117110,117696,2024-01-19,2024-02-16,476.49,15,586.000000000015,250444868,-67869899,0.0469947741153155,99.1795479714122,0.00497892876563362
411.65,412,3358,3358,117530,117530,2024-01-19,2024-02-16,476.49,0,0,250444868,-67869899,0.0469284920623728,99.2264764634746,0
474.87,490,2,77,3748,116501,2024-01-19,2024-02-23,476.49,75,112753,25896991,-6497202,0.449863074825952,96.2268357740867,0.967828602329594
454.98,455,57669,58180,230676,116360,2024-01-19,2024-01-19,476.49,511,-114316,21818594,-53324159,0.533306591616307,86.8037601322982,-0.982433826057064
413.74,414,4399,4397,145167,114322,2024-01-19,2024-02-16,476.49,-2,-30845,250444868,-67869899,0.0456475714247816,99.2721240348994,-0.269808085932716
403.37,404,1788,1794,119796,113022,2024-01-19,2024-03-15,476.49,6,-6774,380110584,-76081214,0.0297339786781628,99.6116756380559,-0.0599352338482773
446.69,447,3578,3638,221836,112778,2024-01-19,2024-02-02,476.49,60,-109058,31361806,-16035500,0.359603015209009,96.9551370861742,-0.967014843320506
458.21,459,1204,1422,162540,112338,2024-01-19,2024-02-02,476.49,218,-50202,31361806,-16035500,0.35820003478116,97.3133371209553,-0.446883512257651
412.21,413,1411,1414,146744,111706,2024-01-19,2024-03-15,476.49,3,-35038,380110584,-76081214,0.0293877636409093,99.6410634016968,-0.313662650170985
354.75,355,4469,4465,134070,111625,2024-01-19,2024-03-15,476.49,-4,-22445,380110584,-76081214,0.0293664540527501,99.6704298557496,-0.201075027995521
243.92,245,1029,1029,111132,111132,2024-01-19,2024-12-20,476.49,0,0,494206695,-38843079,0.0224869474906648,99.8418704141594,0
456.35,457,1686,1685,192204,109525,2024-01-19,2024-02-02,476.49,-1,-82679,31361806,-16035500,0.349230525818571,97.6625676467739,-0.754887012097694
214.81,215,5736,5736,108984,108984,2024-01-19,2024-06-21,476.49,0,0,466518390,-55433583,0.0233611369532507,99.8360870618627,0
288.89,290,945,966,102060,107226,2024-01-19,2024-09-20,476.49,21,5166,290696056,-28418407,0.036885949357359,99.6043695893831,0.0481786133960047
400.74,401,4038,4038,104988,104988,2024-01-19,2024-02-16,476.49,0,0,250444868,-67869899,0.04192060345992,99.3140446383593,0
304.89,305,9522,9523,123786,104753,2024-01-19,2024-03-15,476.49,1,-19033,380110584,-76081214,0.0275585591165754,99.6979884148661,-0.181694080360467
461.71,462,3305,3564,251180,103356,2024-01-19,2024-01-26,476.49,259,-147824,21534368,-20240320,0.479958362372186,94.642489624028,-1.43024110840203
456.04,458,514,520,157798,101920,2024-01-19,2024-02-23,476.49,6,-55878,25896991,-6497202,0.393559236283474,96.6203950103701,-0.548253532182104
374.88,375,8337,8451,116718,101412,2024-01-19,2024-02-16,476.49,114,-15306,250444868,-67869899,0.0404927442953233,99.3545373826546,-0.150928884155721
324.65,325,2878,2881,115120,100835,2024-01-19,2024-04-19,476.49,3,-14285,125633382,-14358067,0.0802613114402985,99.2142884444518,-0.141667079882977
224.15,225,1182,1182,100470,100470,2024-01-19,2024-12-20,476.49,0,0,494206695,-38843079,0.0203295505739759,99.8621999647334,0
475.79,575,10,10,103880,99210,2024-01-19,2024-01-19,476.49,0,-4670.00000000002,21818594,-53324159,0.454703909885302,87.2584640421835,-0.0470718677552668
456.82,459,245,454,77420,98972,2024-01-19,2024-02-23,476.49,209,21552,25896991,-6497202,0.382175674386264,97.0025706847564,0.217758557975993
284.07,285,1051,1051,97743,97743,2024-01-19,2024-09-20,476.49,0,0,290696056,-28418407,0.0336237791956833,99.6379933685788,0
444.71,445,3336,3350,143448,97150,2024-01-19,2024-02-02,476.49,14,-46298,31361806,-16035500,0.309771701285315,97.9723393480592,-0.476562017498714
229.92,230,12120,12124,109080,96992,2024-01-19,2024-04-19,476.49,4,-12088,125633382,-14358067,0.0772024110598249,99.2914908555117,-0.124628835367865
431.2,435,247,254,114608,96520,2024-01-19,2024-05-17,476.49,7,-18088,26186486,998892,0.368587064335398,96.683598555377,-0.18740157480315
476.15,489,21,75,34587,96375,2024-01-19,2024-02-16,476.49,54,61788,250444868,-67869899,0.0384815232069359,99.3930189058616,0.641120622568093
369.88,370,7906,7954,102778,95448,2024-01-19,2024-02-16,476.49,48,-7330,250444868,-67869899,0.0381113818630933,99.4311302877247,-0.076795742184226
303.74,305,766,756,116432,95256,2024-01-19,2024-09-20,476.49,-10,-21176,290696056,-28418407,0.0327682464326245,99.6707616150114,-0.222306206433191
384.9,385,9458,9488,94580,94880,2024-01-19,2024-02-09,476.49,30,300,29543519,-12165603,0.321153346695091,97.7185690032389,0.00316188870151771
471.23,550,12,12,94524,94524,2024-01-19,2024-12-20,476.49,0,0,494206695,-38843079,0.0191264102563402,99.8813263749897,0
417.09,418,1038,1037,124560,94367,2024-01-19,2024-03-15,476.49,-1,-30193,380110584,-76081214,0.0248261963681601,99.7228146112343,-0.31995294965401
411.22,412,1209,1207,114855,94146,2024-01-19,2024-03-15,476.49,-2,-20709,380110584,-76081214,0.024768055393059,99.7475826666274,-0.21996685998343
422.66,423,2724,2727,141648,92718,2024-01-19,2024-02-16,476.49,3,-48930,250444868,-67869899,0.037021321594819,99.4681516093195,-0.527729243512587
459.45,462,356,363,137060,92565,2024-01-19,2024-02-23,476.49,7,-44495,25896991,-6497202,0.35743534837696,97.3600060331334,-0.480689245395128
451.35,453,553,556,135485,91740,2024-01-19,2024-02-23,476.49,3,-43745,25896991,-6497202,0.35424965008483,97.7142556832182,-0.476836712448223
294.91,295,10183,10188,101830,91692,2024-01-19,2024-03-15,476.49,5,-10138,380110584,-76081214,0.0241224537962353,99.7717051204236,-0.11056580726781
417.71,418,3151,3157,126040,91553,2024-01-19,2024-02-16,476.49,6,-34487,250444868,-67869899,0.0365561493557936,99.5047077586753,-0.376688912433236
455.85,457,644,796,107548,91540,2024-01-19,2024-02-09,476.49,152,-16008,29543519,-12165603,0.309847990687907,98.0284169939268,-0.174874371859296
462.97,463,30439,30476,395707,91428,2024-01-19,2024-01-19,476.49,37,-304279,21818594,-53324159,0.419037083691094,87.6775011258746,-3.32807236295227
249.66,250,2674,2674,88242,90916,2024-01-19,2024-06-21,476.49,0,2674.00000000001,466518390,-55433583,0.0194881920946353,99.8555752539573,0.0294117647058825
465.97,466,29898,30246,807246,90738,2024-01-19,2024-01-19,476.49,348,-716508,21818594,-53324159,0.415874643434861,88.0933757693094,-7.89644911723864
269.93,270,12875,12875,90125,90125,2024-01-19,2024-03-15,476.49,0,0,380110584,-76081214,0.0237102053438217,99.7954153257674,0
444.51,445,1943,1807,153497,88543,2024-01-19,2024-02-09,476.49,-136,-64954,29543519,-12165603,0.299703633815593,98.3281206277424,-0.733587070688818
457.52,464,144,136,115200,88128,2024-01-19,2024-04-19,476.49,-8,-27072,125633382,-14358067,0.0701469614182638,99.3616378169299,-0.30718954248366
448.58,455,85,134,66300,86028,2024-01-19,2024-05-17,476.49,49,19728,26186486,998892,0.328520596463382,97.0121191518404,0.229320686288185
459.35,461,525,511,118125,84315,2024-01-19,2024-02-09,476.49,-14,-33810,29543519,-12165603,0.285392542438834,98.6135131701813,-0.400996264009963
473.48,485,8,73,11472,84096,2024-01-19,2024-02-23,476.49,65,72624,25896991,-6497202,0.32473270736357,98.0389883905818,0.863584474885845
419.99,420,84005,83970,168010,83970,2024-01-19,2024-01-19,476.49,-35,-84040,21818594,-53324159,0.38485522944329,88.4782309987527,-1.00083363105871
453.87,454,6270,6356,163020,82628,2024-01-19,2024-01-26,476.49,86,-80392,21534368,-20240320,0.383702925481723,95.0261925495097,-0.97293895531781
450.19,457,96,121,81696,82401,2024-01-19,2024-05-17,476.49,25,705,26186486,998892,0.314669940823675,97.3267890926641,0.00855572141114792
278.98,280,805,805,82110,82110,2024-01-19,2024-09-20,476.49,0,0,290696056,-28418407,0.0282459972556353,99.699007612267,0
199.84,200,5107,5127,86819,82032,2024-01-19,2024-06-21,476.49,20,-4787,466518390,-55433583,0.0175838727386502,99.873159126696,-0.0583552759898576
420.67,421,2476,2482,111420,81906,2024-01-19,2024-02-16,476.49,6,-29514,250444868,-67869899,0.0327042037850822,99.5374119624604,-0.360339901838693
476.17,490,52,59,93184,81597,2024-01-19,2024-01-19,476.49,7,-11587,21818594,-53324159,0.373979184909898,88.8522101836626,-0.142002769709671
474.87,482.5,104,105,93080,80115,2024-01-19,2024-02-02,476.49,1,-12965,31361806,-16035500,0.255454038584385,98.2277933866436,-0.161829869562504
449.9,450,7923,7853,158460,78530,2024-01-19,2024-01-26,476.49,-70,-79930,21534368,-20240320,0.364672880114243,95.3908654296239,-1.01782758181587
293.85,295,672,675,76608,77625,2024-01-19,2024-09-20,476.49,3,1016.99999999999,290696056,-28418407,0.0267031486660418,99.7257107609331,0.0131014492753621
284.93,285,11058,11064,99522,77448,2024-01-19,2024-03-15,476.49,6,-22074,380110584,-76081214,0.0203751232562364,99.8157904490237,-0.285017043693833
219.53,220,1627,1637,81350,76939,2024-01-19,2024-09-20,476.49,10,-4411,290696056,-28418407,0.0264671633522266,99.7521779242853,-0.0573311324555817
466.96,467,14826,19200,548562,76800,2024-01-19,2024-01-19,476.49,4374,-471762,21818594,-53324159,0.351993350258958,89.2042035339216,-6.142734375
475.65,486,74,74,76590,76590,2024-01-19,2024-02-02,476.49,0,0,31361806,-16035500,0.244214252202185,98.4720076388458,0
455.06,457,388,393,103208,76242,2024-01-19,2024-02-23,476.49,5,-26966,25896991,-6497202,0.294404859622494,98.3333932502043,-0.353689567430026
401.4,402,1268,1265,98904,75900,2024-01-19,2024-03-15,476.49,-3,-23004,380110584,-76081214,0.0199678733491936,99.8357583223729,-0.303083003952569
405.76,406,3160,3161,94800,75864,2024-01-19,2024-02-16,476.49,1,-18936,250444868,-67869899,0.0302916967737586,99.5677036592341,-0.249604555520405
471.48,483,61,65,80215,74880,2024-01-19,2024-02-16,476.49,4,-5335,250444868,-67869899,0.0298987959298092,99.5976024551639,-0.0712473290598291
174.79,175,3555,3555,74655,74655,2024-01-19,2024-09-20,476.49,0,0,290696056,-28418407,0.0256814629779497,99.7778593872632,0
179.88,180,6124,6161,67364,73932,2024-01-19,2024-06-21,476.49,37,6568,466518390,-55433583,0.0158476067792311,99.8890067334752,0.0888383920359249
474.2,485,63,68,86121,73440,2024-01-19,2024-02-09,476.49,5,-12681,29543519,-12165603,0.248582438672929,98.8620956088542,-0.172671568627451
471.62,495,31,31,72478,72478,2024-01-19,2024-04-19,476.49,0,0,125633382,-14358067,0.0576900811282785,99.4193278980582,0
253.85,255,627,627,72105,72105,2024-01-19,2024-12-20,476.49,0,0,494206695,-38843079,0.014590049210078,99.8959164241998,0
234.13,235,822,824,70692,71688,2024-01-19,2024-12-20,476.49,2,996,494206695,-38843079,0.0145056715591439,99.9104220957589,0.0138935386675594
354.89,355,6512,6512,71632,71632,2024-01-19,2024-02-16,476.49,0,0,250444868,-67869899,0.0286019037131957,99.6262043588771,0
269.6,270,1753,1753,68367,70120,2024-01-19,2024-06-21,476.49,0,1753,466518390,-55433583,0.0150304900091934,99.9040372234844,0.025
475.26,487,35,59,57505,69266,2024-01-19,2024-02-16,476.49,24,11761,250444868,-67869899,0.0276571848140246,99.6538615436911,0.169794704472613
274.15,275,812,812,69020,69020,2024-01-19,2024-09-20,476.49,0,0,290696056,-28418407,0.0237430121858963,99.8016023994492,0
394.93,395,9802,9793,78416,68551,2024-01-19,2024-02-02,476.49,-9,-9864.99999999999,31361806,-16035500,0.218581162067006,98.6905888009128,-0.143907455762862
456.97,457,22736,22818,90944,68454,2024-01-19,2024-01-19,476.49,82,-22490,21818594,-53324159,0.313741572898785,89.5179451068204,-0.32854179448973
452.53,453,1438,1454,110726,68338,2024-01-19,2024-02-02,476.49,16,-42388,31361806,-16035500,0.217901991996252,98.9084907929091,-0.620269835230765
475.72,482,94,108,90898,67824,2024-01-19,2024-01-26,476.49,14,-23074,21534368,-20240320,0.314957002685196,95.7058224323091,-0.340204057560745
474.2,486,54,57,73602,67260,2024-01-19,2024-02-09,476.49,3,-6342.00000000002,29543519,-12165603,0.227664145222511,99.0897597540767,-0.0942908117752009
339.92,340,8345,8345,66760,66760,2024-01-19,2024-02-16,476.49,0,0,250444868,-67869899,0.0266565653882754,99.6805181090794,0
406.77,407,2860,2861,85800,65803,2024-01-19,2024-02-16,476.49,1,-19997,250444868,-67869899,0.0262744453601661,99.7067925544396,-0.303891919821285
418.7,419,2183,2191,96052,65730,2024-01-19,2024-02-16,476.49,8,-30322,250444868,-67869899,0.0262452972284503,99.733037851668,-0.461311425528678
475.76,481,83,125,71961,65500,2024-01-19,2024-01-26,476.49,42,-6461,21534368,-20240320,0.304164951578797,96.0099873838879,-0.0986412213740458
359.4,360,1039,1084,72730,65040,2024-01-19,2024-04-19,476.49,45,-7690,125633382,-14358067,0.0517696801316707,99.4710975781899,-0.118234932349323
349.44,350,1254,1148,76494,64288,2024-01-19,2024-04-19,476.49,-106,-12206,125633382,-14358067,0.0511711131043181,99.5222686912942,-0.189864360378297
452.2,453,747,799,93375,63920,2024-01-19,2024-02-09,476.49,52,-29455,29543519,-12165603,0.216358789215327,99.306118543292,-0.460810387984981
463.96,464,14497,15967,217455,63868,2024-01-19,2024-01-19,476.49,1470,-153587,21818594,-53324159,0.292722803311708,89.8106679101321,-2.40475668566418
447.67,448,2199,1927,140736,63591,2024-01-19,2024-02-02,476.49,-272,-77145,31361806,-16035500,0.202765746334889,99.1112565392439,-1.21314336934472
474.7,520,14,14,63420,63420,2024-01-19,2024-12-20,476.49,0,0,494206695,-38843079,0.0128326873435011,99.9232547831024,0
405.2,406,790,790,63200,63200,2024-01-19,2024-03-15,476.49,0,0,380110584,-76081214,0.0166267403908964,99.8523850627637,0
264.69,265,1979,1979,61349,61349,2024-01-19,2024-06-21,476.49,0,0,466518390,-55433583,0.0131503926351113,99.9171876161195,0
416.71,417,2109,2114,84360,61306,2024-01-19,2024-02-16,476.49,5,-23054,250444868,-67869899,0.0244788405885802,99.7575166922566,-0.376048021400842
450.43,452,389,390,77800,61230,2024-01-19,2024-02-23,476.49,1,-16570,25896991,-6497202,0.236436735063159,98.5698299852674,-0.270618977625347
349.91,350,6677,6682,66770,60138,2024-01-19,2024-02-16,476.49,5,-6632,250444868,-67869899,0.024012470481128,99.7815291627377,-0.110279690046227
409.99,410,59987,59963,59987,59963,2024-01-19,2024-01-19,476.49,-24,-24,21818594,-53324159,0.274825224760129,90.0854931348922,-0.000400246818871638
471.81,505,18,18,59742,59742,2024-01-19,2024-06-21,476.49,0,0,466518390,-55433583,0.0128059260429155,99.9299935421624,0
229.47,230,1124,1124,59572,59572,2024-01-19,2024-09-20,476.49,0,0,290696056,-28418407,0.020492882091252,99.8220952815404,0
269.14,270,691,691,59426,59426,2024-01-19,2024-09-20,476.49,0,0,290696056,-28418407,0.0204426578116354,99.842537939352,0
284.51,285,1202,1202,58898,58898,2024-01-19,2024-06-21,476.49,0,0,466518390,-55433583,0.0126250114170205,99.9426185535794,0
451.89,452,5211,5274,109431,58014,2024-01-19,2024-01-26,476.49,63,-51417,21534368,-20240320,0.269401916044158,96.2793892999321,-0.886286068879926
443.92,444,5424,7243,75936,57944,2024-01-19,2024-01-26,476.49,1819,-17992,21534368,-20240320,0.269076854263845,96.5484661541959,-0.310506696120392
454.17,456,276,315,70104,57645,2024-01-19,2024-02-23,476.49,39,-12459,25896991,-6497202,0.222593427939176,98.7924234132066,-0.216133229247983
239.96,240,14279,14279,42837,57116,2024-01-19,2024-03-15,476.49,0,14279,380110584,-76081214,0.0150261535469373,99.8674112163107,0.25
457.82,458,2416,3169,101472,57042,2024-01-19,2024-01-26,476.49,753,-44430,21534368,-20240320,0.264888201037523,96.8133543552335,-0.778899758072999
445.97,446,18218,18920,54654,56760,2024-01-19,2024-01-19,476.49,702,2106,21818594,-53324159,0.260145085425761,90.345638220318,0.0371035940803383
259.1,260,630,630,56700,56700,2024-01-19,2024-09-20,476.49,0,0,290696056,-28418407,0.0195049085908479,99.8620428479429,0
460.74,471,56,55,68936,56430,2024-01-19,2024-05-17,476.49,-1,-12506,26186486,998892,0.215492830920498,97.5422819235846,-0.221619705830232
471.67,520,11,11,53163,53163,2024-01-19,2024-04-19,476.49,0,0,125633382,-14358067,0.0423159825467406,99.5645846738409,0
458.84,466,54,74,46926,52984,2024-01-19,2024-04-19,476.49,20,6058,125633382,-14358067,0.0421735044910277,99.6067581783319,0.114336403442549
402.8,403,2625,2624,57750,52480,2024-01-19,2024-02-16,476.49,-1,-5269.99999999999,250444868,-67869899,0.0209547116773022,99.802483874415,-0.100419207317073
264.03,265,540,540,52380,52380,2024-01-19,2024-09-20,476.49,0,0,290696056,-28418407,0.0180188203172595,99.8800616682601,0
154.82,155,2849,2876,56980,51768,2024-01-19,2024-09-20,476.49,27,-5212.00000000002,290696056,-28418407,0.0178082911451678,99.8978699594053,-0.100679956730027
373.59,375,367,367,51747,51747,2024-01-19,2024-05-17,476.49,0,0,26186486,998892,0.197609560900993,97.7398914844856,0
446.47,453,78,78,59280,50934,2024-01-19,2024-05-17,476.49,0,-8345.99999999999,26186486,998892,0.194504906080182,97.9343963905657,-0.16385911179173
239.74,240,1919,1923,57570,49998,2024-01-19,2024-06-21,476.49,4,-7571.99999999999,466518390,-55433583,0.010717262399881,99.9533358159793,-0.151446057842314
461.46,462.5,613,478,109727,49712,2024-01-19,2024-02-02,476.49,-135,-60015,31361806,-16035500,0.158511279611895,99.2697678188559,-1.20725378178307
455.5,457.5,216,246,61128,49200,2024-01-19,2024-02-23,476.49,30,-11928,25896991,-6497202,0.189983461785193,98.9824068749918,-0.242439024390244
473.48,493,0,25,0,48800,2024-01-19,2024-02-16,476.49,25,48800,250444868,-67869899,0.0194853264072474,99.8219692008223,1
477.28,720,2,2,48544,48544,2024-01-19,2024-12-20,476.49,0,0,494206695,-38843079,0.0098226107600586,99.9330773938625,0
456.84,457,2892,3031,135924,48496,2024-01-19,2024-01-26,476.49,139,-87428,21534368,-20240320,0.225202801400998,97.0385571566345,-1.80278785879248
249.28,250,672,672,48384,48384,2024-01-19,2024-09-20,476.49,0,0,290696056,-28418407,0.0166441886641902,99.9145141480695,0
364.3,365,686,691,50764,48370,2024-01-19,2024-04-19,476.49,5,-2394,125633382,-14358067,0.0385009137141592,99.6452590920461,-0.049493487698987
401.78,402,2171,2169,49933,47718,2024-01-19,2024-02-16,476.49,-2,-2215.00000000001,250444868,-67869899,0.0190532951946933,99.841022496017,-0.0464185422691648
471.02,505,13,14,44902,47572,2024-01-19,2024-09-20,476.49,1,2670,290696056,-28418407,0.016364859109062,99.9308790071786,0.0561254519465232
194.42,195,815,815,47270,47270,2024-01-19,2024-12-20,476.49,0,0,494206695,-38843079,0.00956482388406333,99.9426422177466,0
404.99,405,47234,47220,47234,47220,2024-01-19,2024-01-19,476.49,-14,-14,21818594,-53324159,0.216420911448281,90.5620591317662,-0.000296484540448962
461.97,462,14813,15719,148130,47157,2024-01-19,2024-01-19,476.49,906,-100973,21818594,-53324159,0.216132166903147,90.7781912986694,-2.14120915240579
472.22,484,0,40,0,47120,2024-01-19,2024-02-23,476.49,40,47120,25896991,-6497202,0.181951640636551,99.1643585156283,1
249.96,250,11763,11762,47052,47048,2024-01-19,2024-03-15,476.49,-1,-4,380110584,-76081214,0.012377450663147,99.8797886669738,-8.50195544975344e-05
451.57,452,1069,1091,78037,46913,2024-01-19,2024-02-02,476.49,22,-31124,31361806,-16035500,0.149586410935646,99.4193542297915,-0.663440837294567
329.39,330,8,769,456,46909,2024-01-19,2024-05-17,476.49,761,46453,26186486,998892,0.179134382520816,98.1135307730866,0.990279050928393
412.51,415,183,185,54717,46065,2024-01-19,2024-05-17,476.49,2,-8652.00000000001,26186486,998892,0.175911346027871,98.2894421191144,-0.187821556496255
467.12,505,12,12,45456,45456,2024-01-19,2024-12-20,476.49,0,0,494206695,-38843079,0.00919777098527571,99.9518399887318,0
435.98,436,22635,22626,67905,45252,2024-01-19,2024-01-19,476.49,-9,-22653,21818594,-53324159,0.207401081847895,90.9855923805173,-0.500596658711217
465.12,477,37,38,55130,45144,2024-01-19,2024-05-17,476.49,1,-9986,26186486,998892,0.172394264736399,98.4618363838508,-0.221203260676945
455.73,462,71,71,56090,44517,2024-01-19,2024-04-19,476.49,0,-11573,125633382,-14358067,0.0354340536657685,99.6806931457119,-0.259968102073365
436.98,437,21891,21890,65673,43780,2024-01-19,2024-01-19,476.49,-1,-21893,21818594,-53324159,0.200654542634599,91.1862469231519,-0.500068524440384
379.99,380,43704,43687,43704,43687,2024-01-19,2024-01-19,476.49,-17,-17,21818594,-53324159,0.20022830068702,91.3864752238389,-0.000389131778332227
453.43,461,1,57,901,43149,2024-01-19,2024-05-17,476.49,56,42248,26186486,998892,0.164775831320018,98.6266122151708,0.979118867181163
324.84,325,2677,2683,48186,42928,2024-01-19,2024-03-15,476.49,6,-5257.99999999999,380110584,-76081214,0.0112935555617152,99.8910822225355,-0.122484159522922
434.99,435,42850,42825,128550,42825,2024-01-19,2024-01-19,476.49,-25,-85725,21818594,-53324159,0.196277541990103,91.582752765829,-2.00175131348511
415.99,416,41953,41935,83906,41935,2024-01-19,2024-01-19,476.49,-18,-41971,21818594,-53324159,0.192198452384237,91.7749512182132,-1.0008584714439
334.94,335,6946,6946,48622,41676,2024-01-19,2024-02-16,476.49,0,-6946,250444868,-67869899,0.0166407881833698,99.8576632842003,-0.166666666666667
476.06,485,32,46,42112,41124,2024-01-19,2024-01-26,476.49,14,-988.000000000007,21534368,-20240320,0.190969152194297,97.2295263088288,-0.0240249003015273
349.99,350,40950,40947,40950,40947,2024-01-19,2024-01-19,476.49,-3,-3,21818594,-53324159,0.187670204597051,91.9626214228103,-7.32654406916258e-05
424.99,425,39375,39493,118125,39493,2024-01-19,2024-01-19,476.49,118,-78632,21818594,-53324159,0.181006163825222,92.1436275866355,-1.99103638619502
476.57,490,29,29,54723,38947,2024-01-19,2024-01-26,476.49,0,-15776,21534368,-20240320,0.180859730826556,97.4103860396553,-0.405063291139241
443.98,444,19073,19159,57219,38318,2024-01-19,2024-01-19,476.49,86,-18901,21818594,-53324159,0.17562084889613,92.3192484355316,-0.493266871966178
450.98,451,19194,19089,57582,38178,2024-01-19,2024-01-19,476.49,-105,-19404,21818594,-53324159,0.174979194351387,92.494227629883,-0.508250825082508
474.07,482,44,48,45760,38064,2024-01-19,2024-02-09,476.49,4,-7696,29543519,-12165603,0.128840440436361,99.4349589837284,-0.202185792349727
259.95,260,7599,7599,37995,37995,2024-01-19,2024-03-15,476.49,0,0,380110584,-76081214,0.00999577533468524,99.9010779978702,0
460.8,473,20,31,25540,37820,2024-01-19,2024-05-17,476.49,11,12280,26186486,998892,0.144425640003779,98.7710378551746,0.324695928080381
214.31,215,548,548,37812,37812,2024-01-19,2024-12-20,476.49,0,0,494206695,-38843079,0.00765104972930405,99.9594910384612,0
472.16,482,32,38,41536,37392,2024-01-19,2024-02-23,476.49,6,-4144,25896991,-6497202,0.144387430956747,99.3087459465851,-0.110825845100556
434.68,435,1171,1168,57379,37376,2024-01-19,2024-02-09,476.49,-3,-20003,29543519,-12165603,0.126511672492366,99.5614706562208,-0.535183005136986
389.99,390,37366,37356,37366,37356,2024-01-19,2024-01-19,476.49,-10,-10,21818594,-53324159,0.171211765524396,92.6654393954074,-0.000267694613984367
184.51,185,753,753,36897,36897,2024-01-19,2024-12-20,476.49,0,0,494206695,-38843079,0.00746590452401702,99.9669569429852,0
448.64,449,1016,1015,64008,36540,2024-01-19,2024-02-02,476.49,-1,-27468,31361806,-16035500,0.116511147349104,99.5358653771406,-0.751724137931035
431.99,432,35134,36461,105402,36461,2024-01-19,2024-01-19,476.49,1327,-68941,21818594,-53324159,0.16710975968479,92.8325491550922,-1.89081484325718
473.91,491,20,21,41160,35889,2024-01-19,2024-03-15,476.49,1,-5271,380110584,-76081214,0.00944172604254556,99.9105197239128,-0.146869514335869
369.99,370,35746,35746,35746,35746,2024-01-19,2024-01-19,476.49,0,0,21818594,-53324159,0.163832738259853,92.9963818933521,0
476.08,485,27,40,34209,35680,2024-01-19,2024-01-19,476.49,13,1471,21818594,-53324159,0.163530243974474,93.1599121373266,0.0412275784753363
476.15,484,15,45,13665,35325,2024-01-19,2024-01-26,476.49,30,21660,21534368,-20240320,0.164040105565206,97.5744261452205,0.613163481953291
448.43,456,44,46,33440,34822,2024-01-19,2024-05-17,476.49,2,1382,26186486,998892,0.132976986679312,98.9040148418539,0.0396875538452702
229.81,230,1829,1829,34751,34751,2024-01-19,2024-06-21,476.49,0,0,466518390,-55433583,0.0074490096735522,99.9607848256529,0
460.97,461,14170,11564,127530,34692,2024-01-19,2024-01-19,476.49,-2606,-92838,21818594,-53324159,0.159001996187289,93.3189141335138,-2.6760636457973
359.99,360,34465,34465,34465,34465,2024-01-19,2024-01-19,476.49,0,0,21818594,-53324159,0.157961599175456,93.4768757326893,0
393.34,395,196,207,37828,34362,2024-01-19,2024-05-17,476.49,11,-3466,26186486,998892,0.131220355415385,99.0352351972693,-0.100867237064199
254.27,255,465,464,30225,33872,2024-01-19,2024-09-20,476.49,-1,3647,290696056,-28418407,0.0116520328710617,99.9425310400496,0.107670051960321
429.72,430,1205,1203,54225,33684,2024-01-19,2024-02-09,476.49,-2,-20541,29543519,-12165603,0.114014853816162,99.6754855100369,-0.60981474884218
476.75,486,6,36,8322,33300,2024-01-19,2024-01-19,476.49,30,24978,21818594,-53324159,0.152622116713845,93.6294978494031,0.75009009009009
402.96,405,164,163,39196,33252,2024-01-19,2024-05-17,476.49,-1,-5944,26186486,998892,0.126981527800255,99.1622167250696,-0.178756165042704
434.3,435,474,474,43608,33180,2024-01-19,2024-02-23,476.49,0,-10428,25896991,-6497202,0.128122993130746,99.4368689397158,-0.314285714285715
439.93,440,4791,4731,52701,33117,2024-01-19,2024-01-26,476.49,-60,-19584,21534368,-20240320,0.153786728266184,97.7282128734867,-0.591357912854425
169.72,170,1173,1173,32844,32844,2024-01-19,2024-09-20,476.49,0,0,290696056,-28418407,0.0112983989022541,99.9538294389519,0
412.99,413,32489,32489,32489,32489,2024-01-19,2024-01-19,476.49,0,0,21818594,-53324159,0.148905103601084,93.7784029530042,0
384.99,385,32416,32416,32416,32416,2024-01-19,2024-01-19,476.49,0,0,21818594,-53324159,0.148570526588469,93.9269734795927,0
457.98,458,17536,16184,105216,32368,2024-01-19,2024-01-19,476.49,-1352,-72848,21818594,-53324159,0.148350530744557,94.0753240103373,-2.25061789421651
427.99,428,18425,31338,36850,31338,2024-01-19,2024-01-19,476.49,12913,-5512,21818594,-53324159,0.143629786593948,94.2189537969312,-0.175888697428043
452.38,452.5,2586,2588,69822,31056,2024-01-19,2024-01-26,476.49,2,-38766,21534368,-20240320,0.144215980705819,97.8724288541925,-1.24826120556414
455.98,456,16580,15484,82900,30968,2024-01-19,2024-01-19,476.49,-1096,-51932,21818594,-53324159,0.141933985297128,94.3608877822283,-1.67695685869284
159.8,160,1543,1544,32403,30880,2024-01-19,2024-09-20,476.49,1,-1523,290696056,-28418407,0.0106227791408357,99.9644522180927,-0.0493199481865284
394.97,395,10038,10185,40152,30555,2024-01-19,2024-01-26,476.49,147,-9597,21534368,-20240320,0.14188946710672,98.0143183212992,-0.314089347079038
452.98,453,15304,15228,61216,30456,2024-01-19,2024-01-19,476.49,-76,-30760,21818594,-53324159,0.139587362962068,94.5004751451904,-1.00998161281849
314.86,315,2163,2168,32445,30352,2024-01-19,2024-03-15,476.49,5,-2093,380110584,-76081214,0.00798504468899503,99.9185047686018,-0.0689575645756456
204.31,205,438,438,30222,30222,2024-01-19,2024-12-20,476.49,0,0,494206695,-38843079,0.00611525507561163,99.9730721980608,0
458.97,459,11162,9782,66972,29346,2024-01-19,2024-01-19,476.49,-1380,-37626,21818594,-53324159,0.134499959071607,94.634975104262,-1.28215088938867
344.92,345,3656,3656,32904,29248,2024-01-19,2024-02-16,476.49,0,-3656,250444868,-67869899,0.0116784185811306,99.8693417027815,-0.125
456.25,463,43,43,35948,29025,2024-01-19,2024-04-19,476.49,0,-6922.99999999999,125633382,-14358067,0.0231029361288706,99.7037960818407,-0.238518518518518
299.72,300,1031,1031,28868,28868,2024-01-19,2024-04-19,476.49,0,0,125633382,-14358067,0.0229779693425749,99.7267740511833,0
476.04,500,12,12,34632,28752,2024-01-19,2024-01-19,476.49,0,-5880,21818594,-53324159,0.131777510503197,94.7667526147652,-0.204507512520868
394.99,395,28325,28322,28325,28322,2024-01-19,2024-01-19,476.49,-3,-2.99999999999636,21818594,-53324159,0.129806714401487,94.8965593291667,-0.00010592472283018
475.2,488,20,22,34860,28160,2024-01-19,2024-02-23,476.49,2,-6700,25896991,-6497202,0.108738501704696,99.5456074414205,-0.237926136363636
244.71,245,956,956,27724,27724,2024-01-19,2024-06-21,476.49,0,0,466518390,-55433583,0.00594274536530061,99.9667275710182,0
431.92,432,3404,3424,27232,27392,2024-01-19,2024-01-26,476.49,20,160,21534368,-20240320,0.127201318376281,98.1415196396755,0.0058411214953271
179.59,180,668,668,27388,27388,2024-01-19,2024-12-20,476.49,0,0,494206695,-38843079,0.00554181080043847,99.9786140088612,0
374.99,375,27338,27338,27338,27338,2024-01-19,2024-01-19,476.49,0,0,21818594,-53324159,0.125296799601294,95.021856128768,0
209.83,210,1607,1607,27319,27319,2024-01-19,2024-06-21,476.49,0,0,466518390,-55433583,0.00585593206732965,99.9725835030855,0
432.99,433,26997,27187,80991,27187,2024-01-19,2024-01-19,476.49,190,-53804,21818594,-53324159,0.124604729342322,95.1464608581103,-1.9790340971788
294.74,295,1036,1036,26936,26936,2024-01-19,2024-04-19,476.49,0,0,125633382,-14358067,0.0214401615010253,99.7482142126843,0
224.79,225,1274,1275,22932,26775,2024-01-19,2024-06-21,476.49,1,3843,466518390,-55433583,0.00573932358807978,99.9783228266736,0.143529411764706
344.99,345,26758,26758,26758,26758,2024-01-19,2024-01-19,476.49,0,0,21818594,-53324159,0.122638516487359,95.2690993745976,0
169.65,170,763,763,26705,26705,2024-01-19,2024-12-20,476.49,0,0,494206695,-38843079,0.00540360951605482,99.9840176183773,0
476.12,500,1,11,2885,26268,2024-01-19,2024-02-16,476.49,10,23383,250444868,-67869899,0.0104885359439667,99.8798302387254,0.890170549718289
139.75,140,1046,1049,27196,26225,2024-01-19,2024-12-20,476.49,3,-971.000000000004,494206695,-38843079,0.00530648416246162,99.9893241025397,-0.0370257387988562
471.64,489,15,15,26040,26040,2024-01-19,2024-03-15,476.49,0,0,380110584,-76081214,0.00685063797118577,99.925355406573,0
452.88,453,1811,2167,52519,26004,2024-01-19,2024-01-26,476.49,356,-26515,21534368,-20240320,0.120755807646642,98.2622754473222,-1.01965082295032
475.69,494,11,14,21681,25634,2024-01-19,2024-03-15,476.49,3,3953,380110584,-76081214,0.00674382694905438,99.932099233522,0.154209253335414
339.56,340,579,581,30108,25564,2024-01-19,2024-04-19,476.49,2,-4544,125633382,-14358067,0.0203480950628234,99.7685623077472,-0.177749960882491
194.98,195,12633,12633,25266,25266,2024-01-19,2024-03-15,476.49,0,0,380110584,-76081214,0.00664701301766436,99.9387462465397,0
476.14,483,14,36,14938,24696,2024-01-19,2024-01-19,476.49,22,9758,21818594,-53324159,0.113187861692646,95.3822872362903,0.395124716553288
455.86,456,1740,1753,59160,24542,2024-01-19,2024-01-26,476.49,13,-34618,21534368,-20240320,0.113966660177814,98.3762421075,-1.41056148643142
369.98,370,344,12121,1032,24242,2024-01-19,2024-01-26,476.49,11777,23210,21534368,-20240320,0.112573538262186,98.4888156457622,0.957429255011963
299.99,300,24049,24047,24049,24047,2024-01-19,2024-01-19,476.49,-2,-2,21818594,-53324159,0.110213334553088,95.4925005708434,-8.31704578533705e-05
184.89,185,2175,2175,23925,23925,2024-01-19,2024-06-21,476.49,0,0,466518390,-55433583,0.00512841519495084,99.9834512418685,0
442.98,443,11682,11683,46728,23366,2024-01-19,2024-01-19,476.49,1,-23362,21818594,-53324159,0.107092143517589,95.599592714361,-0.999828811093041
224.97,225,7785,7785,23355,23355,2024-01-19,2024-03-15,476.49,0,0,380110584,-76081214,0.00614426458590798,99.9448905111256,0
437.98,438,11643,11639,46572,23278,2024-01-19,2024-01-19,476.49,-4,-23294,21818594,-53324159,0.10668881780375,95.7062815321647,-1.00068734427356
339.99,340,23157,23157,23157,23157,2024-01-19,2024-01-19,476.49,0,0,21818594,-53324159,0.106134244947223,95.8124157771119,0
447.91,448,2530,2546,40480,22914,2024-01-19,2024-01-26,476.49,16,-17566,21534368,-20240320,0.106406651915673,98.5952222976778,-0.766605568647988
334.57,335,237,530,9954,22790,2024-01-19,2024-04-19,476.49,293,12836,125633382,-14358067,0.0181400831826688,99.7867023909298,0.563229486616937
474.76,500,5,9,14435,22716,2024-01-19,2024-01-26,476.49,4,8281,21534368,-20240320,0.105487191451358,98.7007094891292,0.364544814227857
372.99,373,22713,22713,22713,22713,2024-01-19,2024-01-19,476.49,0,0,21818594,-53324159,0.104099283391038,95.916515060503,0
279.93,280,3213,3218,25704,22526,2024-01-19,2024-03-15,476.49,5,-3178,380110584,-76081214,0.00592617015894512,99.9508166812845,-0.141081417029211
364.99,365,22244,22243,22244,22243,2024-01-19,2024-01-19,476.49,-1,-1,21818594,-53324159,0.101945157419401,96.0184602179224,-4.49579643033763e-05
424.87,425,1715,1711,37730,22243,2024-01-19,2024-02-02,476.49,-4,-15487,31361806,-16035500,0.0709238492196527,99.6067892263602,-0.696263993166389
189.85,190,1459,1479,23344,22185,2024-01-19,2024-06-21,476.49,20,-1159,466518390,-55433583,0.00475543954440896,99.9882066814129,-0.0522425061978815
249.8,250,1105,1104,22100,22080,2024-01-19,2024-05-17,476.49,-1,-20,26186486,998892,0.0843183006685204,99.2465350257381,-0.000905797101449275
239.35,240,339,339,22035,22035,2024-01-19,2024-09-20,476.49,0,0,290696056,-28418407,0.00758008220104644,99.9720323002938,0
329.62,330,549,576,23607,21888,2024-01-19,2024-04-19,476.49,27,-1719,125633382,-14358067,0.0174221211365623,99.8041245120664,-0.0785361842105263
451.98,452,10935,10926,43740,21852,2024-01-19,2024-01-19,476.49,-9,-21888,21818594,-53324159,0.100153107940869,96.1186133258633,-1.00164744645799
476.35,490,11,16,19481,21840,2024-01-19,2024-02-02,476.49,5,2359,31361806,-16035500,0.0696388466914182,99.6764280730517,0.108012820512821
450.9,451,2135,2153,42700,21530,2024-01-19,2024-01-26,476.49,18,-21170,21534368,-20240320,0.0999797161449085,98.8006892052741,-0.983279145378541
444.92,445,2240,2684,33600,21472,2024-01-19,2024-01-26,476.49,444,-12128,21534368,-20240320,0.0997103792412204,98.9003995845153,-0.564828614008942
249.89,250,1949,1950,19490,21450,2024-01-19,2024-04-19,476.49,1,1960,125633382,-14358067,0.017073487681801,99.8211979997482,0.0913752913752914
446.05,452,35,36,26075,21420,2024-01-19,2024-05-17,476.49,1,-4655,26186486,998892,0.0817979166811462,99.3283329424192,-0.217320261437909
244.89,245,1915,1920,19150,21120,2024-01-19,2024-04-19,476.49,5,1970,125633382,-14358067,0.0168108186405425,99.8380088183887,0.0932765151515152
448.9,449,2084,2091,39596,20910,2024-01-19,2024-01-26,476.49,7,-18686,21534368,-20240320,0.0971005975192771,98.9975001820346,-0.893639406982305
274.83,275,1181,1201,22439,20417,2024-01-19,2024-04-19,476.49,20,-2022,125633382,-14358067,0.0162512539859828,99.8542600723747,-0.0990351177939952
319.99,320,20335,20335,20335,20335,2024-01-19,2024-01-19,476.49,0,0,21818594,-53324159,0.0932003226239051,96.2118136484872,0
279.97,280,6721,6720,20163,20160,2024-01-19,2024-02-16,476.49,-1,-3,250444868,-67869899,0.00804967582725632,99.8878799145527,-0.000148809523809524
289.77,290,911,871,19131,20033,2024-01-19,2024-04-19,476.49,-40,902,125633382,-14358067,0.0159456027379729,99.8702056751127,0.0450257075824889
442.66,448,35,37,21385,19758,2024-01-19,2024-05-17,476.49,2,-1627,26186486,998892,0.0754511315493037,99.4037840739685,-0.0823463913351556
413.98,414,9539,9539,19078,19078,2024-01-19,2024-01-19,476.49,0,0,21818594,-53324159,0.0874391814614635,96.2992528299486,0
259.98,260,9357,9357,18714,18714,2024-01-19,2024-02-16,476.49,0,0,250444868,-67869899,0.00747230324559895,99.8953522177983,0
383.56,385,120,129,19680,18576,2024-01-19,2024-05-17,476.49,9,-1104,26186486,998892,0.0709373529537335,99.4747214269223,-0.0594315245478036
309.88,310,1517,1517,22755,18204,2024-01-19,2024-03-15,476.49,0,-4551,380110584,-76081214,0.00478913262778287,99.9556058139123,-0.25
450.48,458,27,24,22896,18048,2024-01-19,2024-05-17,476.49,-3,-4848,26186486,998892,0.0689210457638341,99.5436424726861,-0.268617021276596
269.98,270,8858,8873,17716,17746,2024-01-19,2024-02-16,476.49,15,30,250444868,-67869899,0.00708579103325847,99.9024380088316,0.00169052180773132
419.88,420,1454,1478,26172,17736,2024-01-19,2024-02-02,476.49,24,-8436,31361806,-16035500,0.056552865609844,99.7329809386615,-0.475642760487145
476.13,520,4,4,19360,17548,2024-01-19,2024-02-16,476.49,0,-1812,250444868,-67869899,0.00700673171709791,99.9094447405487,-0.103259630727148
441.98,442,8199,8742,24597,17484,2024-01-19,2024-01-19,476.49,543,-7113,21818594,-53324159,0.0801334861448909,96.3793863160935,-0.406829100892244
472.44,487,13,12,22464,17472,2024-01-19,2024-03-15,476.49,-1,-4992,380110584,-76081214,0.004596557090344,99.9602023710027,-0.285714285714286
314.99,315,17332,17332,17332,17332,2024-01-19,2024-01-19,476.49,0,0,21818594,-53324159,0.0794368326391701,96.4588231487327,0
294.97,295,5739,5769,17217,17307,2024-01-19,2024-02-16,476.49,30,90,250444868,-67869899,0.00691050295348835,99.9163552435022,0.00520020800832033
475.77,495,4,9,9808,17307,2024-01-19,2024-03-15,476.49,5,7499,380110584,-76081214,0.00455314867001967,99.9647555196727,0.433292887271046
414.8,415,840,842,21000,16840,2024-01-19,2024-02-09,476.49,2,-4160,29543519,-12165603,0.0570006572338251,99.7324861672707,-0.247030878859857
430.98,431,8372,8373,25116,16746,2024-01-19,2024-01-19,476.49,1,-8370,21818594,-53324159,0.0767510500447462,96.5355741987774,-0.499820852740953
344.51,345,350,341,19250,16709,2024-01-19,2024-04-19,476.49,-9,-2541,125633382,-14358067,0.0132998091223876,99.8835054842351,-0.152073732718894
471.95,483,0,15,0,16575,2024-01-19,2024-02-23,476.49,15,16575,25896991,-6497202,0.0640035747782436,99.6096110161988,1
453.98,454,10213,8259,40852,16518,2024-01-19,2024-01-19,476.49,-1954,-24334,21818594,-53324159,0.075706069786165,96.6112802685636,-1.47318077249062
423.99,424,16377,16378,32754,16378,2024-01-19,2024-01-19,476.49,1,-16376,21818594,-53324159,0.0750644152414221,96.686344683805,-0.99987788496764
471.59,492,8,8,16328,16328,2024-01-19,2024-02-16,476.49,0,0,250444868,-67869899,0.00651959855691673,99.9228748420591,0
304.97,305,5411,5411,27055,16233,2024-01-19,2024-02-16,476.49,0,-10822,250444868,-67869899,0.00648166605673868,99.9293565081158,-0.666666666666667
199.98,200,8067,8068,16134,16136,2024-01-19,2024-03-15,476.49,1,2.00000000000182,380110584,-76081214,0.00424508042638455,99.9690006000991,0.000123946455131496
159.66,160,469,470,15477,15980,2024-01-19,2024-12-20,476.49,1,503,494206695,-38843079,0.00323346489670683,99.9925575674364,0.031476846057572
294.99,295,15778,15778,15778,15778,2024-01-19,2024-01-19,476.49,0,0,21818594,-53324159,0.072314467192524,96.7586591509976,0
184.72,185,561,561,15708,15708,2024-01-19,2024-09-20,476.49,0,0,290696056,-28418407,0.00540358208368675,99.9774358823774,0
416.99,417,15629,15628,46887,15628,2024-01-19,2024-01-19,476.49,-1,-31259,21818594,-53324159,0.0716269801802994,96.8302861311778,-2.00019196314308
179.99,180,15621,15621,15621,15621,2024-01-19,2024-01-19,476.49,0,0,21818594,-53324159,0.0715948974530623,96.9018810286309,0
472.44,550,2,2,15512,15512,2024-01-19,2024-06-21,476.49,0,0,466518390,-55433583,0.00332505648919864,99.9915317379021,0
309.99,310,15504,15504,15504,15504,2024-01-19,2024-01-19,476.49,0,0,21818594,-53324159,0.0710586575835272,96.9729396862144,0
446.99,447,14389,15395,43167,15395,2024-01-19,2024-01-19,476.49,1006,-27772,21818594,-53324159,0.0705590836879773,97.0434987699024,-1.80396232543033
385.99,386,15309,15309,15309,15309,2024-01-19,2024-01-19,476.49,0,0,21818594,-53324159,0.0701649244676353,97.1136636943701,0
473.82,489,10,10,17300,15180,2024-01-19,2024-01-26,476.49,0,-2120,21534368,-20240320,0.0704919689307808,99.0679921509654,-0.13965744400527
249.99,250,15121,15121,15121,15121,2024-01-19,2024-01-19,476.49,0,0,21818594,-53324159,0.0693032740789805,97.182966968449,0
354.99,355,15038,15038,15038,15038,2024-01-19,2024-01-19,476.49,0,0,21818594,-53324159,0.068922864598883,97.2518898330479,0
440.93,441,2723,2148,35399,15036,2024-01-19,2024-01-26,476.49,-575,-20363,21534368,-20240320,0.0698232704112793,99.1378154213767,-1.35428305400372
360.97,361,4972,4972,14916,14916,2024-01-19,2024-01-19,476.49,0,0,21818594,-53324159,0.068363708495607,97.3202535415435,0
471.33,496,6,6,14802,14802,2024-01-19,2024-02-16,476.49,0,0,250444868,-67869899,0.00591028281721469,99.935266790933,0
199.99,200,14731,14731,14731,14731,2024-01-19,2024-01-19,476.49,0,0,21818594,-53324159,0.0675158078471968,97.3877693493907,0
476.07,483,17,21,19210,14553,2024-01-19,2024-01-26,476.49,4,-4657,21534368,-20240320,0.0675803441271181,99.2053957655038,-0.320002748574177
259.85,260,968,968,14520,14520,2024-01-19,2024-04-19,476.49,0,0,125633382,-14358067,0.011557437815373,99.8950629220504,0
419.77,420,620,624,17980,14352,2024-01-19,2024-02-09,476.49,4,-3628,29543519,-12165603,0.0485791824596115,99.7810653497304,-0.252787068004459
184.99,185,14201,14201,14201,14201,2024-01-19,2024-01-19,476.49,0,0,21818594,-53324159,0.0650866870706701,97.4528560364614,0
398.99,399,14194,14194,14194,14194,2024-01-19,2024-01-19,476.49,0,0,21818594,-53324159,0.065054604343433,97.5179106408048,0
472.12,483,12,13,13344,14144,2024-01-19,2024-02-09,476.49,1,800,29543519,-12165603,0.0478751363370085,99.8289404860674,0.0565610859728507
433.99,434,14081,14116,56324,14116,2024-01-19,2024-01-19,476.49,35,-42208,21818594,-53324159,0.0646971110970762,97.5826077519019,-2.9900821762539
447.3,454,20,21,13400,14070,2024-01-19,2024-05-17,476.49,1,670.000000000002,26186486,998892,0.0537300040944784,99.5973724767806,0.0476190476190477
329.99,330,14043,14043,14043,14043,2024-01-19,2024-01-19,476.49,0,0,21818594,-53324159,0.0643625340844603,97.6469702859863,0
368.9,370,127,127,13970,13970,2024-01-19,2024-05-17,476.49,0,0,26186486,998892,0.053348127732755,99.6507206045133,0
249.99,250,13895,13893,27790,13893,2024-01-19,2024-02-16,476.49,-2,-13897,250444868,-67869899,0.00554732868393215,99.9408141196169,-1.00028791477723
428.99,429,9302,13867,18604,13867,2024-01-19,2024-01-19,476.49,4565,-4737,21818594,-53324159,0.0635558826567835,97.7105261686431,-0.341602365327756
204.82,205,765,765,13005,13770,2024-01-19,2024-06-21,476.49,0,764.999999999996,466518390,-55433583,0.00295165213101246,99.9944833900332,0.0555555555555553
476.35,545,2,2,14520,13730,2024-01-19,2024-02-02,476.49,0,-789.999999999996,31361806,-16035500,0.0437793665326544,99.7767603051942,-0.0575382374362707
234.96,235,3426,3426,13704,13704,2024-01-19,2024-03-15,476.49,0,0,380110584,-76081214,0.0036052666189374,99.972605866718,0
471.1,482.5,12,12,13680,13680,2024-01-19,2024-02-23,476.49,0,0,25896991,-6497202,0.0528246698622245,99.662435686061,0
440.99,441,13529,13633,40587,13633,2024-01-19,2024-01-19,476.49,104,-26954,21818594,-53324159,0.0624834029177132,97.7730095715609,-1.9771143548742
289.98,290,6715,6770,20145,13540,2024-01-19,2024-02-16,476.49,55,-6605,250444868,-67869899,0.00540637949906005,99.946220499116,-0.48781388478582
471.7,491,7,7,13510,13510,2024-01-19,2024-01-26,476.49,0,0,21534368,-20240320,0.0627369236004512,99.2681326891042,0
475.21,490,7,9,13314,13311,2024-01-19,2024-02-09,476.49,2,-3,29543519,-12165603,0.0450555670094683,99.8739960530768,-0.000225377507324769
209.33,210,200,198,13600,13266,2024-01-19,2024-12-20,476.49,-2,-334,494206695,-38843079,0.00268430195993197,99.9952418693964,-0.0251771445801297
204.99,205,13174,13174,13174,13174,2024-01-19,2024-01-19,476.49,0,0,21818594,-53324159,0.0603796926603062,97.8333892642212,0
289.91,290,1462,1461,16082,13149,2024-01-19,2024-03-15,476.49,-1,-2933,380110584,-76081214,0.00345925647784646,99.9760651231959,-0.223058787740513
429.94,430,2155,2172,17240,13032,2024-01-19,2024-01-26,476.49,17,-4208,21534368,-20240320,0.0605172160148837,99.3286499051191,-0.322897483118478
476.55,495,1,7,2228,12915,2024-01-19,2024-02-23,476.49,6,10687,25896991,-6497202,0.0498706587186133,99.7123063447796,0.82748741773132
454.98,463,15,16,14415,12832,2024-01-19,2024-05-17,476.49,1,-1583,26186486,998892,0.049002374736343,99.6997229792497,-0.123363466334164
374.92,375,1602,1602,12816,12816,2024-01-19,2024-02-09,476.49,0,0,29543519,-12165603,0.0433800726311581,99.917376125708,0
239.9,240,1080,1279,11880,12790,2024-01-19,2024-04-19,476.49,199,910,125633382,-14358067,0.0101804152657452,99.9052433373162,0.0711493354182955
472.43,600,1,1,12757,12757,2024-01-19,2024-12-20,476.49,0,0,494206695,-38843079,0.00258130861622585,99.9978231780126,0
194.98,195,6307,6307,12614,12614,2024-01-19,2024-01-19,476.49,0,0,21818594,-53324159,0.0578130744813346,97.8912023387025,0
366.99,367,12545,12545,12545,12545,2024-01-19,2024-01-19,476.49,0,0,21818594,-53324159,0.0574968304557113,97.9486991691582,0
279.79,280,593,593,12453,12453,2024-01-19,2024-04-19,476.49,0,0,125633382,-14358067,0.00991217445694489,99.9151555117732,0
234.91,235,1375,1380,13750,12420,2024-01-19,2024-04-19,476.49,5,-1330,125633382,-14358067,0.00988590755281904,99.925041419326,-0.107085346215781
364.97,365,300,4068,600,12204,2024-01-19,2024-01-26,476.49,3768,11604,21534368,-20240320,0.0566721995277502,99.3853221046469,0.950835791543756
404.7,405,254,402,8128,12060,2024-01-19,2024-02-23,476.49,148,3932,25896991,-6497202,0.0465691168522243,99.7588754616318,0.326036484245439
324.95,325,2395,2395,14370,11975,2024-01-19,2024-02-16,476.49,0,-2395,250444868,-67869899,0.00478149146981123,99.9510019905858,-0.2
334.99,335,11885,11885,11885,11885,2024-01-19,2024-01-19,476.49,0,0,21818594,-53324159,0.0544718876019234,98.0031710567601,0
422.99,423,10807,11827,21614,11827,2024-01-19,2024-01-19,476.49,1020,-9787,21818594,-53324159,0.0542060592905299,98.0573771160507,-0.827513316986556
447.98,448,5762,5825,17286,11650,2024-01-19,2024-01-19,476.49,63,-5636,21818594,-53324159,0.053394824616105,98.1107719406668,-0.483776824034335
438.99,439,11618,11613,34854,11613,2024-01-19,2024-01-19,476.49,-5,-23241,21818594,-53324159,0.0532252444864229,98.1639971851532,-2.00129165590287
414.64,415,122,320,6222,11520,2024-01-19,2024-02-23,476.49,198,5298,25896991,-6497202,0.0444839325155575,99.8033593941474,0.459895833333333
474.85,494,0,6,0,11490,2024-01-19,2024-02-16,476.49,6,11490,250444868,-67869899,0.00458783607416543,99.95558982666,1
435.94,436,1872,1908,20592,11448,2024-01-19,2024-01-26,476.49,36,-9144,21534368,-20240320,0.0531615323003675,99.4384836369472,-0.79874213836478
407.99,408,11344,11344,11344,11344,2024-01-19,2024-01-19,476.49,0,0,21818594,-53324159,0.0519923511111669,98.2159895362643,0
219.97,220,3778,3778,11334,11334,2024-01-19,2024-03-15,476.49,0,0,380110584,-76081214,0.00298176385427879,99.9790468870501,0
426.99,427,10936,11252,21872,11252,2024-01-19,2024-01-19,476.49,316,-10620,21818594,-53324159,0.0515706924103359,98.2675602286747,-0.943832207607536
199.62,200,295,295,11210,11210,2024-01-19,2024-09-20,476.49,0,0,290696056,-28418407,0.00385626146919585,99.9812921438466,0
244.99,245,11208,11208,11208,11208,2024-01-19,2024-02-16,476.49,0,0,250444868,-67869899,0.00447523644205798,99.960065063102,0
324.99,325,11191,11190,11191,11190,2024-01-19,2024-01-19,476.49,-1,-1,21818594,-53324159,0.0512865311119497,98.3188467597866,-8.93655049151028e-05
329.95,330,2514,2199,20112,10995,2024-01-19,2024-02-16,476.49,-315,-9117,250444868,-67869899,0.00439018778376405,99.9644552508858,-0.829195088676671
438.91,439,1205,1220,14460,10980,2024-01-19,2024-01-26,476.49,15,-3480,21534368,-20240320,0.0509882621119877,99.4894718990592,-0.316939890710383
476.21,530,2,2,10758,10758,2024-01-19,2024-12-20,476.49,0,0,494206695,-38843079,0.00217682198740752,100,0
274.93,275,1536,1536,10752,10752,2024-01-19,2024-03-15,476.49,0,0,380110584,-76081214,0.00282865051713477,99.9818755375673,0
244.96,245,2646,2662,10584,10648,2024-01-19,2024-03-15,476.49,16,64,380110584,-76081214,0.00280129005826368,99.9846768276255,0.00601051840721262
354.42,355,176,183,10912,10614,2024-01-19,2024-04-19,476.49,7,-298.000000000002,125633382,-14358067,0.00844839152702265,99.933489810853,-0.0280761258714907
380.99,381,10541,10541,10541,10541,2024-01-19,2024-01-19,476.49,0,0,21818594,-53324159,0.0483120039723916,98.367158763759,0
378.99,379,10518,10516,10518,10516,2024-01-19,2024-01-19,476.49,-2,-2,21818594,-53324159,0.0481974228036875,98.4153561865627,-0.000190186382655002
309.67,310,317,317,10461,10461,2024-01-19,2024-04-19,476.49,0,0,125633382,-14358067,0.00832660860789372,99.9418164194609,0
419.55,420,224,224,12544,10080,2024-01-19,2024-02-23,476.49,0,-2464,25896991,-6497202,0.0389234409511128,99.8422828350985,-0.244444444444445
373.99,374,9951,9951,9951,9951,2024-01-19,2024-01-19,476.49,0,0,21818594,-53324159,0.0456078883909752,98.4609640749537,0
470.38,495,4,4,9848,9848,2024-01-19,2024-05-17,476.49,0,0,26186486,998892,0.0376071841025176,99.7373301633522,0
209.99,210,9816,9815,9816,9815,2024-01-19,2024-02-16,476.49,-1,-1,250444868,-67869899,0.0039190262026052,99.9683742770884,-0.000101884870096791
309.96,310,2097,2395,10485,9580,2024-01-19,2024-02-16,476.49,298,-905,250444868,-67869899,0.00382519317584899,99.9721994702643,-0.0944676409185804
194.87,195,736,736,8096,9568,2024-01-19,2024-06-21,476.49,0,1472,466518390,-55433583,0.00205093737033603,99.9965343274035,0.153846153846154
356.99,357,9513,9513,9513,9513,2024-01-19,2024-01-19,476.49,0,0,21818594,-53324159,0.0436004263152795,98.504564501269,0
379.93,380,1358,1358,9506,9506,2024-01-19,2024-02-02,476.49,0,0,31361806,-16035500,0.0303107544253032,99.8070710596195,0
447.4,447.5,948,947,15168,9470,2024-01-19,2024-01-26,476.49,-1,-5698,21534368,-20240320,0.0439762151366597,99.5334481141959,-0.60168954593453
446.92,447,1199,1180,25179,9440,2024-01-19,2024-01-26,476.49,-19,-15739,21534368,-20240320,0.0438369029450969,99.577285017141,-1.66726694915254
382.99,383,9337,9337,9337,9337,2024-01-19,2024-01-19,476.49,0,0,21818594,-53324159,0.0427937748876028,98.5473582761566,0
476.9,500,0,4,0,9240,2024-01-19,2024-02-02,476.49,4,9240,31361806,-16035500,0.0294625889848308,99.8365336486043,1
234.35,235,142,142,9230,9230,2024-01-19,2024-09-20,476.49,0,0,290696056,-28418407,0.0031751376771345,99.9844672815238,0
264.95,265,1818,1819,12726,9095,2024-01-19,2024-03-15,476.49,1,-3631,380110584,-76081214,0.00239272474454434,99.9870695523701,-0.399230346344145
476.24,565,1,1,9242,8876,2024-01-19,2024-03-15,476.49,0,-366,380110584,-76081214,0.00233510993211386,99.9894046623022,-0.0412347904461469
209.99,210,8687,8687,8687,8687,2024-01-19,2024-01-19,476.49,0,0,21818594,-53324159,0.0398146645012965,98.5871729406579,0
304.99,305,8624,8624,8624,8624,2024-01-19,2024-01-19,476.49,0,0,21818594,-53324159,0.0395259199561622,98.626698860614,0
381.99,382,8615,8615,17230,8615,2024-01-19,2024-01-19,476.49,0,-8615,21818594,-53324159,0.0394846707354287,98.6661835313495,-1
476.52,486,1,9,1384,8532,2024-01-19,2024-01-26,476.49,8,7148,21534368,-20240320,0.0396203872804626,99.6169054044214,0.837787154242851
399.82,400,473,473,8514,8514,2024-01-19,2024-02-09,476.49,0,0,29543519,-12165603,0.0288185033069351,99.9461946290149,0
239.99,240,8490,8490,8490,8490,2024-01-19,2024-01-19,476.49,0,0,21818594,-53324159,0.0389117648919083,98.7050952962414,0
476.02,493,5,5,10900,8490,2024-01-19,2024-01-19,476.49,0,-2410,21818594,-53324159,0.0389117648919083,98.7440070611333,-0.283863368669022
472.6,515,2,2,8480,8480,2024-01-19,2024-06-21,476.49,0,0,466518390,-55433583,0.00181772041183628,99.9983520478153,0
254.99,255,8458,8458,8458,8458,2024-01-19,2024-01-19,476.49,0,0,21818594,-53324159,0.038765100995967,98.7827721621292,0
445.92,446,1055,1053,14770,8424,2024-01-19,2024-01-26,476.49,-2,-6346,21534368,-20240320,0.0391188633908365,99.6560242678123,-0.75332383665717
189.71,190,290,290,8410,8410,2024-01-19,2024-09-20,476.49,0,0,290696056,-28418407,0.00289305610668485,99.9873603376304,0
396.99,397,8296,8296,8296,8296,2024-01-19,2024-01-19,476.49,0,0,21818594,-53324159,0.0380226150227645,98.820794777152,0
390.99,391,8187,8187,8187,8187,2024-01-19,2024-01-19,476.49,0,0,21818594,-53324159,0.0375230411272147,98.8583178182792,0
254.95,255,1593,1593,7965,7965,2024-01-19,2024-03-15,476.49,0,0,380110584,-76081214,0.00209544283565648,99.9915001051378,0
254.9,255,792,792,7920,7920,2024-01-19,2024-04-19,476.49,0,0,125633382,-14358067,0.00630405699020345,99.9481204764511,0
424.94,425,1300,1309,11700,7854,2024-01-19,2024-01-26,476.49,9,-3846,21534368,-20240320,0.0364719317511431,99.6924961995634,-0.489686783804431
234.99,235,7697,7697,7697,7697,2024-01-19,2024-01-19,476.49,0,0,21818594,-53324159,0.0352772502206146,98.8935950684998,0
254.69,255,248,248,7688,7688,2024-01-19,2024-06-21,476.49,0,0,466518390,-55433583,0.00164795218469308,100,0
400.98,401,3812,3812,7624,7624,2024-01-19,2024-01-19,476.49,0,0,21818594,-53324159,0.0349426732079986,98.9285377417078,0
229.99,230,7618,7618,7618,7618,2024-01-19,2024-01-19,476.49,0,0,21818594,-53324159,0.0349151737275097,98.9634529154353,0
448.99,449,7259,7554,21777,7554,2024-01-19,2024-01-19,476.49,295,-14223,21818594,-53324159,0.0346218459356272,98.998074761371,-1.88284352660842
214.99,215,7445,7445,7445,7445,2024-01-19,2024-01-19,476.49,0,0,21818594,-53324159,0.0341222720400774,99.0321970334111,0
189.99,190,7422,7422,7422,7422,2024-01-19,2024-01-19,476.49,0,0,21818594,-53324159,0.0340168573648696,99.0662138907759,0
274.99,275,7344,7344,7344,7344,2024-01-19,2024-01-19,476.49,0,0,21818594,-53324159,0.0336593641185129,99.0998732548944,0
420.99,421,7305,7303,14610,7303,2024-01-19,2024-01-19,476.49,-2,-7307,21818594,-53324159,0.0334714510018382,99.1333447058963,-1.00054772011502
259.99,260,7281,7281,7281,7281,2024-01-19,2024-01-19,476.49,0,0,21818594,-53324159,0.0333706195733786,99.1667153254696,0
392.99,393,7229,7229,7229,7229,2024-01-19,2024-01-19,476.49,0,0,21818594,-53324159,0.0331322907424741,99.1998476162121,0
269.83,270,374,424,6732,7208,2024-01-19,2024-04-19,476.49,50,476.000000000001,125633382,-14358067,0.00573732863451849,99.9538578050856,0.0660377358490567
179.75,180,288,288,7200,7200,2024-01-19,2024-09-20,476.49,0,0,290696056,-28418407,0.00247681378931402,99.9898371514198,0
425.99,426,7192,7192,14384,7192,2024-01-19,2024-01-19,476.49,0,-7192,21818594,-53324159,0.032962710612792,99.2328103268249,-1
299.97,300,2383,2387,9532,7161,2024-01-19,2024-02-16,476.49,4,-2371,250444868,-67869899,0.00285931193447334,99.9750587821987,-0.331099008518363
409.91,410,823,792,10699,7128,2024-01-19,2024-02-02,476.49,-31,-3571,31361806,-16035500,0.0227282829311552,99.8592619315355,-0.500982042648709
264.85,265,453,473,7701,7095,2024-01-19,2024-04-19,476.49,20,-606.000000000001,125633382,-14358067,0.00564738438705726,99.9595051894727,-0.0854122621564483
219.99,220,6964,6944,6964,6944,2024-01-19,2024-02-16,476.49,-20,-20,250444868,-67869899,0.00277266611827718,99.977831448317,-0.00288018433179724
471.66,489,6,4,11988,6936,2024-01-19,2024-04-19,476.49,-2,-5052,125633382,-14358067,0.00552082566717817,99.9650260151398,-0.728373702422145
456.1,466,6,7,5058,6930,2024-01-19,2024-05-17,476.49,1,1872,26186486,998892,0.0264640318674296,99.7637941952196,0.27012987012987
349.99,350,2364,6902,2364,6902,2024-01-19,2024-01-26,476.49,4538,4538,21534368,-20240320,0.0320510915388833,99.7245472911023,0.657490582439873
475.73,487,0,6,0,6762,2024-01-19,2024-01-19,476.49,6,6762,21818594,-53324159,0.0309919145110817,99.263802241336,1
406.98,407,3349,3349,6698,6698,2024-01-19,2024-01-19,476.49,0,0,21818594,-53324159,0.0306985867191992,99.2945008280552,0
437.91,438,544,728,6528,6552,2024-01-19,2024-01-26,476.49,184,24,21534368,-20240320,0.0304257826373172,99.7549730737396,0.00366300366300366
472.34,505,2,2,6532,6532,2024-01-19,2024-02-16,476.49,0,0,250444868,-67869899,0.00260815885434714,99.9804396071714,0
421.99,422,6483,6483,12966,6483,2024-01-19,2024-01-19,476.49,0,-6483,21818594,-53324159,0.0297131886683441,99.3242140167235,-1
279.99,280,6345,6345,6345,6345,2024-01-19,2024-01-19,476.49,0,0,21818594,-53324159,0.0290807006170975,99.3532947173406,0
289.99,290,6336,6336,6336,6336,2024-01-19,2024-01-19,476.49,0,0,21818594,-53324159,0.029039451396364,99.382334168737,0
441.9,442,624,626,7488,6260,2024-01-19,2024-01-26,476.49,2,-1228,21534368,-20240320,0.0290698106394392,99.7840428843791,-0.196166134185304
269.99,270,6159,6159,6159,6159,2024-01-19,2024-01-19,476.49,0,0,21818594,-53324159,0.0282282167219391,99.4105623854589,0
219.99,220,6121,6116,6121,6116,2024-01-19,2024-01-19,476.49,-5,-5,21818594,-53324159,0.0280311371117681,99.4385935225707,-0.000817527795945062
475.72,496,0,3,0,6084,2024-01-19,2024-03-15,476.49,3,6084,380110584,-76081214,0.00160058684395907,99.9931006919818,1
319.96,320,1488,1504,7440,6016,2024-01-19,2024-02-16,476.49,16,-1424,250444868,-67869899,0.00240212548495903,99.9828417326563,-0.236702127659575
476.02,488,5,5,5990,5990,2024-01-19,2024-02-02,476.49,0,0,31361806,-16035500,0.0190996653700364,99.8783615969055,0
224.99,225,5890,5890,5890,5890,2024-01-19,2024-01-19,476.49,0,0,21818594,-53324159,0.0269953233466831,99.4655888459174,0
450.69,459,7,7,5817,5817,2024-01-19,2024-05-17,476.49,0,0,26186486,998892,0.0222137479614485,99.7860079431811,0
471.01,500,2,2,5798,5798,2024-01-19,2024-05-17,476.49,0,0,26186486,998892,0.0221411914527211,99.8081491346338,0
417.99,418,5748,5718,17244,5718,2024-01-19,2024-01-19,476.49,-30,-11526,21818594,-53324159,0.026207004905999,99.4917958508234,-2.01573976915005
229.99,230,5671,5692,5671,5692,2024-01-19,2024-02-16,476.49,21,21,250444868,-67869899,0.00227275569487812,99.9851144883512,0.00368938861560084
284.98,285,2818,2818,5636,5636,2024-01-19,2024-02-16,476.49,0,0,250444868,-67869899,0.00225039548424686,99.9873648838354,0
470.39,498,2,2,5522,5522,2024-01-19,2024-05-17,476.49,0,0,26186486,998892,0.0210872126943646,99.8292363473282,0
475.25,530,1,1,5871,5475,2024-01-19,2024-04-19,476.49,0,-396,125633382,-14358067,0.00435791818451564,99.9693839333244,-0.0723287671232877
314.69,315,156,176,5304,5456,2024-01-19,2024-04-19,476.49,20,151.999999999999,125633382,-14358067,0.00434279481547349,99.9737267281398,0.0278592375366567
436.93,437,777,777,8547,5439,2024-01-19,2024-01-26,476.49,0,-3108,21534368,-20240320,0.0252573003303371,99.8093001847094,-0.571428571428571
475.65,530,1,1,5435,5435,2024-01-19,2024-09-20,476.49,0,0,290696056,-28418407,0.0018696504090169,99.9917068018288,0
476.14,487,1,5,1577,5430,2024-01-19,2024-01-26,476.49,4,3853,21534368,-20240320,0.0252155066728682,99.8345156913823,0.709576427255985
475.95,530,1,1,5405,5405,2024-01-19,2024-01-19,476.49,0,0,21818594,-53324159,0.0247724486738238,99.5165682994972,0
473.51,487,4,4,5396,5396,2024-01-19,2024-02-23,476.49,0,0,25896991,-6497202,0.0208363975567663,99.8631192326553,0
453.05,462,6,6,5370,5370,2024-01-19,2024-05-17,476.49,0,0,26186486,998892,0.020506760624545,99.8497431079527,0
214.97,215,1784,1784,5352,5352,2024-01-19,2024-03-15,476.49,0,0,380110584,-76081214,0.00140801130652021,99.9945087032883,0
229.97,230,1787,1782,7148,5346,2024-01-19,2024-03-15,476.49,-5,-1802,380110584,-76081214,0.00140643281850842,99.9959151361068,-0.337074448185559
209.98,210,2672,2672,5344,5344,2024-01-19,2024-03-15,476.49,0,0,380110584,-76081214,0.00140590665583782,99.9973210427627,0
244.99,245,5341,5341,5341,5341,2024-01-19,2024-01-19,476.49,0,0,21818594,-53324159,0.0244791208819413,99.5410474203792,0
404.91,405,591,591,6501,5319,2024-01-19,2024-02-02,476.49,0,-1182,31361806,-16035500,0.0169601202175666,99.8953217171231,-0.222222222222222
204.97,205,1767,1766,3534,5298,2024-01-19,2024-03-15,476.49,-1,1764,380110584,-76081214,0.00139380491441406,99.9987148476771,0.332955832389581
274.97,275,1745,1745,5235,5235,2024-01-19,2024-02-16,476.49,0,0,250444868,-67869899,0.00209028040454796,99.98945516424,0
399.75,400,62,209,2108,5225,2024-01-19,2024-02-23,476.49,147,3117,25896991,-6497202,0.0201760891834885,99.8832953218388,0.596555023923445
209.6,210,129,129,5160,5160,2024-01-19,2024-09-20,476.49,0,0,290696056,-28418407,0.00177504988234171,99.9934818517111,0
474.1,525,0,1,0,5090,2024-01-19,2024-09-20,476.49,1,5090,290696056,-28418407,0.00175096974827894,99.9952328214594,1
284.99,285,4955,4955,4955,4955,2024-01-19,2024-01-19,476.49,0,0,21818594,-53324159,0.0227099876371502,99.5637574080163,0
442.93,443,708,706,9912,4942,2024-01-19,2024-01-26,476.49,-2,-4970,21534368,-20240320,0.0229493616901132,99.8574650530724,-1.0056657223796
194.65,195,141,141,4935,4935,2024-01-19,2024-09-20,476.49,0,0,290696056,-28418407,0.00169764945142565,99.9969304709108,0
319.67,320,139,149,4865,4917,2024-01-19,2024-04-19,476.49,10,52,125633382,-14358067,0.00391376871475131,99.9776404968546,0.0105755541997153
476.15,525,1,1,5254,4885,2024-01-19,2024-03-15,476.49,0,-369,380110584,-76081214,0.00128515232293558,100,-0.0755373592630502
395.99,396,4837,4836,9674,4836,2024-01-19,2024-01-19,476.49,-1,-4838,21818594,-53324159,0.0221645812741188,99.5859219892904,-1.00041356492969
470.85,495,2,2,4830,4830,2024-01-19,2024-01-26,476.49,0,0,21534368,-20240320,0.0224292628416121,99.879894315914,0
314.96,315,1194,1196,7164,4784,2024-01-19,2024-02-16,476.49,2,-2380,250444868,-67869899,0.00191020085107114,99.9913653650911,-0.497491638795987
408.99,409,4790,4768,4790,4768,2024-01-19,2024-01-19,476.49,-22,-22,21818594,-53324159,0.0218529204952436,99.6077749097857,-0.00461409395973154
418.99,419,4734,4731,9468,4731,2024-01-19,2024-01-19,476.49,-3,-4737,21818594,-53324159,0.0216833403655616,99.6294582501512,-1.00126823081801
383.99,384,4735,4729,9470,4729,2024-01-19,2024-01-19,476.49,-6,-4741,21818594,-53324159,0.0216741738720653,99.6511324240233,-1.00253753436244
379.97,380,1489,1566,4467,4698,2024-01-19,2024-01-26,476.49,77,231,21534368,-20240320,0.0218162891987357,99.9017106051127,0.0491698595146871
239.83,240,244,274,4392,4658,2024-01-19,2024-05-17,476.49,30,266.000000000001,26186486,998892,0.0177878009290746,99.8675309088818,0.0571060541004725
473.55,520,0,1,0,4645,2024-01-19,2024-02-23,476.49,1,4645,25896991,-6497202,0.0179364467478094,99.9012317685866,1
470.88,494,2,2,4624,4624,2024-01-19,2024-04-19,476.49,0,0,125633382,-14358067,0.00368055044478545,99.9813210472994,0
214.99,215,4620,4620,4620,4620,2024-01-19,2024-02-16,476.49,0,0,250444868,-67869899,0.00184471737707957,99.9932100824681,0
401.99,402,4597,4596,9194,4596,2024-01-19,2024-01-19,476.49,-1,-4598,21818594,-53324159,0.0210646020545595,99.6721970260779,-1.00043516100957
384.92,385,568,568,4544,4544,2024-01-19,2024-02-02,476.49,0,0,31361806,-16035500,0.0144889615094233,99.9098106786325,0
204.63,205,120,120,4440,4440,2024-01-19,2024-09-20,476.49,0,0,290696056,-28418407,0.00152736850341031,99.9984578394142,0
474.24,489,2,3,3014,4428,2024-01-19,2024-02-23,476.49,1,1414,25896991,-6497202,0.0170985115606674,99.9183302801472,0.3193315266486
379.81,380,233,233,5359,4427,2024-01-19,2024-02-23,476.49,0,-932,25896991,-6497202,0.0170946501081921,99.9354249302554,-0.210526315789474
264.99,265,4421,4421,4421,4421,2024-01-19,2024-01-19,476.49,0,0,21818594,-53324159,0.0202625338736309,99.6924595599515,0
472.28,487,3,3,4416,4416,2024-01-19,2024-04-19,476.49,0,0,125633382,-14358067,0.00351498935211344,99.9848360366515,0
405.99,406,4524,4384,9048,4384,2024-01-19,2024-01-19,476.49,-140,-4664,21818594,-53324159,0.0200929537439489,99.7125525136954,-1.06386861313869
397.99,398,4368,4367,4368,4367,2024-01-19,2024-01-19,476.49,-1,-1,21818594,-53324159,0.0200150385492301,99.7325675522447,-0.000228990153423403
384.8,385,68,218,1632,4360,2024-01-19,2024-02-23,476.49,150,2728,25896991,-6497202,0.0168359327923464,99.9522608630478,0.625688073394495
471.5,515,1,1,4350,4350,2024-01-19,2024-02-02,476.49,0,0,31361806,-16035500,0.0138703746844171,99.9236810533169,0
472.51,487,3,3,4347,4347,2024-01-19,2024-02-09,476.49,0,0,29543519,-12165603,0.0147138869949785,99.9609085160099,0
473.6,515,1,1,4349,4140,2024-01-19,2024-04-19,476.49,0,-209,125633382,-14358067,0.00329530251760635,99.9881313391691,-0.0504830917874396
402.99,403,4088,4087,4088,4087,2024-01-19,2024-01-19,476.49,-1,-1.00000000000091,21818594,-53324159,0.0187317294597443,99.7512992817044,-0.000244678248103966
389.93,390,469,570,3752,3990,2024-01-19,2024-02-02,476.49,101,238,31361806,-16035500,0.012722481607086,99.936403534924,0.0596491228070175
379.91,380,435,435,5220,3915,2024-01-19,2024-02-09,476.49,0,-1305,29543519,-12165603,0.013251637355726,99.9741601533656,-0.333333333333333
476.12,489,0,3,0,3864,2024-01-19,2024-02-02,476.49,3,3864,31361806,-16035500,0.0123207190300201,99.948724253954,1
457.35,467,4,4,3860,3860,2024-01-19,2024-05-17,476.49,0,0,26186486,998892,0.0147404275625221,99.8822713364443,0
254.98,255,1926,1926,3852,3852,2024-01-19,2024-02-16,476.49,0,0,250444868,-67869899,0.00153806305985076,99.994748145528,0
364.96,365,938,958,4690,3832,2024-01-19,2024-02-02,476.49,20,-858.000000000001,31361806,-16035500,0.0122186840898129,99.9609429380438,-0.223903966597078
284.78,285,174,174,3828,3828,2024-01-19,2024-04-19,476.49,0,0,125633382,-14358067,0.00304696087859833,99.9911783000477,0
377.99,378,3767,3764,3767,3764,2024-01-19,2024-01-19,476.49,-3,-3,21818594,-53324159,0.0172513407600875,99.7685506224645,-0.000797024442082891
244.83,245,117,217,2223,3689,2024-01-19,2024-05-17,476.49,100,1466,26186486,998892,0.0140874189839752,99.8963587554283,0.397397668744917
473.59,510,1,1,3749,3641,2024-01-19,2024-04-19,476.49,0,-108,125633382,-14358067,0.00289811508855186,99.9940764151362,-0.0296621807195827
473.6,510,4,1,15780,3640,2024-01-19,2024-02-16,476.49,-3,-12140,250444868,-67869899,0.00145341369103239,99.996201559219,-3.33516483516484
349.15,350,32,42,2784,3570,2024-01-19,2024-05-17,476.49,10,786,26186486,998892,0.0136329861135244,99.9099917415418,0.220168067226891
411.99,412,3535,3534,7070,3534,2024-01-19,2024-01-19,476.49,-1,-3536,21818594,-53324159,0.0161971940080099,99.7847478164725,-1.00056593095642
433.94,434,578,577,5202,3462,2024-01-19,2024-01-26,476.49,-1,-1740,21534368,-20240320,0.016076626906348,99.9177872320191,-0.50259965337955
414.96,415,856,864,5992,3456,2024-01-19,2024-01-26,476.49,8,-2536,21534368,-20240320,0.0160487644680355,99.9338359964871,-0.733796296296297
474.57,486,2,3,2548,3429,2024-01-19,2024-02-23,476.49,1,881,25896991,-6497202,0.0132409205378339,99.9655017835856,0.256926217556139
475.62,487,1,3,1512,3414,2024-01-19,2024-02-02,476.49,2,1902,31361806,-16035500,0.0108858526833563,99.9718287907272,0.557117750439367
474.08,491,1,2,1978,3384,2024-01-19,2024-02-16,476.49,1,1406,250444868,-67869899,0.00135119558528945,99.9975527548043,0.41548463356974
393.99,394,3380,3378,3380,3378,2024-01-19,2024-01-19,476.49,-2,-1.99999999999955,21818594,-53324159,0.0154822075152964,99.8002300239878,-0.000592066311426745
244.39,245,50,53,3550,3233,2024-01-19,2024-09-20,476.49,3,-317,290696056,-28418407,0.00111215819178503,99.999569997606,-0.098051345499536
476.04,492,2,2,3976,3192,2024-01-19,2024-01-19,476.49,0,-784,21818594,-53324159,0.0146297236201379,99.8148597476079,-0.245614035087719
371.99,372,3137,3137,3137,3137,2024-01-19,2024-01-19,476.49,0,0,21818594,-53324159,0.014377645048989,99.8292373926569,0
409.96,410,775,771,3875,3084,2024-01-19,2024-01-26,476.49,-4,-791,21534368,-20240320,0.0143212932926567,99.9481572897798,-0.256485084306096
399.97,400,1020,1017,5100,3051,2024-01-19,2024-01-26,476.49,-3,-2049,21534368,-20240320,0.0141680498819376,99.9623253396617,-0.671583087512291
410.99,411,3034,3032,6068,3032,2024-01-19,2024-01-19,476.49,-2,-3036,21818594,-53324159,0.0138964041404318,99.8431337967974,-1.00131926121372
304.73,305,111,111,2997,2997,2024-01-19,2024-04-19,476.49,0,0,125633382,-14358067,0.00238551247470199,99.9964619276109,0
432.94,433,427,477,4270,2862,2024-01-19,2024-01-26,476.49,50,-1408,21534368,-20240320,0.0132903830750919,99.9756157227368,-0.491963661774983
387.99,388,2815,2813,2815,2813,2024-01-19,2024-01-19,476.49,-2,-2,21818594,-53324159,0.012892673102584,99.8560264699,-0.000710984713828653
470.24,484,2,2,2752,2752,2024-01-19,2024-05-17,476.49,0,0,26186486,998892,0.0105092374746272,99.9205009790164,0
471.82,499,1,1,2718,2718,2024-01-19,2024-05-17,476.49,0,0,26186486,998892,0.0103793995116412,99.9308803785281,0
471.2,497,1,1,2580,2580,2024-01-19,2024-04-19,476.49,0,0,125633382,-14358067,0.00205359432256627,99.9985155219335,0
391.99,392,2569,2567,2569,2567,2024-01-19,2024-01-19,476.49,-2,-2,21818594,-53324159,0.0117651944025357,99.8677916643025,-0.000779119594857811
470.39,496,1,1,2561,2561,2024-01-19,2024-05-17,476.49,0,0,26186486,998892,0.00977985362373554,99.9406602321518,0
403.99,404,2555,2555,2555,2555,2024-01-19,2024-01-19,476.49,0,0,21818594,-53324159,0.0117101954415578,99.8795018597441,0
234.98,235,353,1246,706,2492,2024-01-19,2024-02-16,476.49,893,1786,250444868,-67869899,0.000995029373091406,99.9985477841774,0.71669341894061
388.99,389,2417,2415,2417,2415,2024-01-19,2024-01-19,476.49,-2,-2,21818594,-53324159,0.0110685408968149,99.8905704006409,-0.00082815734989648
404.82,405,134,134,2412,2412,2024-01-19,2024-02-09,476.49,0,0,29543519,-12165603,0.00816422715249324,99.9823243805181,0
476,488,3,2,4929,2400,2024-01-19,2024-02-09,476.49,-1,-2529,29543519,-12165603,0.00812360910695845,99.9904479896251,-1.05375
476.05,488,2,2,3402,2390,2024-01-19,2024-01-19,476.49,0,-1012,21818594,-53324159,0.0109539597281108,99.901524360369,-0.423430962343096
476.33,500,1,1,2367,2367,2024-01-19,2024-02-23,476.49,0,0,25896991,-6497202,0.00914005800905596,99.9746418415947,0
239.98,240,1107,1107,2214,2214,2024-01-19,2024-02-16,476.49,0,0,250444868,-67869899,0.000884026898886185,99.9994318110763,0
475.26,497,1,1,2174,2174,2024-01-19,2024-05-17,476.49,0,0,26186486,998892,0.0083019921038661,99.9489622242557,0
386.99,387,2065,2061,2065,2061,2024-01-19,2024-01-19,476.49,-4,-4,21818594,-53324159,0.00944607154796501,99.9109704319169,-0.00194080543425522
474.58,495,1,1,2235,2042,2024-01-19,2024-02-02,476.49,0,-193,31361806,-16035500,0.00651110462197235,99.9783398953491,-0.0945151811949068
357.99,358,2012,2012,2012,2012,2024-01-19,2024-01-19,476.49,0,0,21818594,-53324159,0.00922149245730499,99.9201919243743,0
365.98,366,1005,1005,2010,2010,2024-01-19,2024-01-19,476.49,0,0,21818594,-53324159,0.00921232596380867,99.929404250338,0
375.99,376,1966,1966,1966,1966,2024-01-19,2024-01-19,476.49,0,0,21818594,-53324159,0.00901066310688947,99.9384149134449,0
344.28,345,24,27,1968,1944,2024-01-19,2024-05-17,476.49,3,-24.0000000000002,26186486,998892,0.00742367647190234,99.9563859007276,-0.0123456790123458
374.95,375,377,377,1885,1885,2024-01-19,2024-02-02,476.49,0,0,31361806,-16035500,0.00601049569658074,99.9843503910457,0
369.94,370,314,314,2198,1884,2024-01-19,2024-02-02,476.49,0,-314,31361806,-16035500,0.00600730710469926,99.9903576981504,-0.166666666666667
389.78,390,80,85,1760,1870,2024-01-19,2024-02-23,476.49,5,110,25896991,-6497202,0.00722091612882748,99.9818627577235,0.0588235294117646
376.99,377,1869,1869,1869,1869,2024-01-19,2024-01-19,476.49,0,0,21818594,-53324159,0.00856608817231761,99.9469810016173,0
474.35,493,1,1,2000,1865,2024-01-19,2024-04-19,476.49,0,-135,125633382,-14358067,0.00148447806650624,100,-0.0723860589812334
474.59,492,0,1,0,1741,2024-01-19,2024-02-23,476.49,1,1741,25896991,-6497202,0.00672278875951264,99.988585546483,1
368.99,369,1711,1711,1711,1711,2024-01-19,2024-01-19,476.49,0,0,21818594,-53324159,0.00784193518610778,99.9548229368034,0
363.86,365,15,15,1710,1710,2024-01-19,2024-05-17,476.49,0,0,26186486,998892,0.00653008578546965,99.9629159865131,0
254.79,255,12,78,252,1638,2024-01-19,2024-05-17,476.49,66,1386,26186486,998892,0.00625513480502882,99.9691711213181,0.846153846153846
389.98,390,790,798,3160,1596,2024-01-19,2024-01-26,476.49,8,-1564,21534368,-20240320,0.00741140859114138,99.9830271313279,-0.979949874686717
334.37,335,0,25,0,1575,2024-01-19,2024-05-17,476.49,25,1575,26186486,998892,0.0060145526971431,99.9751856740152,1
374.98,375,761,770,2283,1540,2024-01-19,2024-01-26,476.49,9,-743,21534368,-20240320,0.00715135916689081,99.9901784904948,-0.482467532467533
362.98,363,741,741,1482,1482,2024-01-19,2024-01-19,476.49,0,0,21818594,-53324159,0.00679237168077833,99.9616153084841,0
349.97,350,339,487,1017,1461,2024-01-19,2024-02-02,476.49,148,444,31361806,-16035500,0.00465853273883526,99.9950162308892,0.303901437371663
476.76,484,43,2,55384,1448,2024-01-19,2024-01-19,476.49,-41,-53936,21818594,-53324159,0.00663654129134077,99.9682518497755,-37.2486187845304
349.9,350,115,141,1495,1410,2024-01-19,2024-02-23,476.49,26,-84.9999999999998,25896991,-6497202,0.00544464799018542,99.9940301944732,-0.0602836879432622
361.99,362,1353,1353,1353,1353,2024-01-19,2024-01-19,476.49,0,0,21818594,-53324159,0.00620113285026524,99.9744529826257,0
476.04,489,1,1,1400,1296,2024-01-19,2024-01-19,476.49,0,-104,21818594,-53324159,0.00593988778561992,99.9803928704114,-0.0802469135802469
164.75,165,50,50,1250,1250,2024-01-19,2024-09-20,476.49,0,0,290696056,-28418407,0.000430002393978128,100,0
359.98,360,567,568,1701,1136,2024-01-19,2024-01-26,476.49,1,-565,21534368,-20240320,0.00527528832051166,99.9954537788153,-0.497359154929577
370.99,371,1110,1110,1110,1110,2024-01-19,2024-01-19,476.49,0,0,21818594,-53324159,0.0050874038904615,99.9854802743018,0
354.16,355,12,13,1152,1092,2024-01-19,2024-05-17,476.49,1,-60,26186486,998892,0.00417008987001922,99.9793557638852,-0.054945054945055
367.99,368,1039,1038,1039,1038,2024-01-19,2024-01-19,476.49,-1,-1,21818594,-53324159,0.00475741012459373,99.9902376844264,-0.000963391136801541
274.69,275,33,33,1023,1023,2024-01-19,2024-05-17,476.49,0,0,26186486,998892,0.00390659518043009,99.9832623590657,0
359.96,360,248,249,992,996,2024-01-19,2024-02-02,476.49,1,4.00000000000011,31361806,-16035500,0.00317583751394929,99.9981920684032,0.00401606425702823
349.95,350,177,184,1062,920,2024-01-19,2024-02-09,476.49,7,-142,29543519,-12165603,0.00311405015766741,99.9935620397827,-0.154347826086956
355.99,356,893,893,893,893,2024-01-19,2024-01-19,476.49,0,0,21818594,-53324159,0.00409283934611002,99.9943305237725,0
363.99,364,820,820,820,820,2024-01-19,2024-01-19,476.49,0,0,21818594,-53324159,0.00375826233349408,99.998088786106,0
224.99,225,773,773,773,773,2024-01-19,2024-02-16,476.49,0,0,250444868,-67869899,0.000308650764606604,99.9997404618409,0
354.99,355,715,715,1430,715,2024-01-19,2024-01-26,476.49,0,-715,21534368,-20240320,0.00332027389891359,99.9987740527142,-1
294.66,295,21,21,714,714,2024-01-19,2024-05-17,476.49,0,0,26186486,998892,0.00272659722270487,99.9859889562884,0
389.89,390,62,62,868,682,2024-01-19,2024-02-09,476.49,0,-186,29543519,-12165603,0.00230845892122736,99.995870498704,-0.272727272727273
264.99,265,650,650,650,650,2024-01-19,2024-02-16,476.49,0,0,250444868,-67869899,0.000259538159112927,100,0
359.85,360,43,43,645,645,2024-01-19,2024-02-23,476.49,0,0,25896991,-6497202,0.00249063684657418,99.9965208313198,0
299.6,300,16,16,640,640,2024-01-19,2024-05-17,476.49,0,0,26186486,998892,0.00244400871502958,99.9884329650034,0
354.97,355,189,189,567,567,2024-01-19,2024-02-02,476.49,0,0,31361806,-16035500,0.00180793159679643,100,0
369.82,370,30,30,540,540,2024-01-19,2024-02-23,476.49,0,0,25896991,-6497202,0.00208518433666676,99.9986060156564,0
259.78,260,23,23,506,506,2024-01-19,2024-05-17,476.49,0,0,26186486,998892,0.00193229439032026,99.9903652593937,0
284.75,285,20,20,500,500,2024-01-19,2024-05-17,476.49,0,0,26186486,998892,0.00190938180861686,99.9922746412023,0
264.77,265,0,20,0,460,2024-01-19,2024-05-17,476.49,20,460,26186486,998892,0.00175663126392751,99.9940312724663,1
279.77,280,20,20,460,460,2024-01-19,2024-05-17,476.49,0,0,26186486,998892,0.00175663126392751,99.9957879037302,0
358.99,359,422,417,422,417,2024-01-19,2024-01-19,476.49,-5,-5,21818594,-53324159,0.00191121389398419,100,-0.0119904076738609
369.92,370,52,52,364,416,2024-01-19,2024-02-09,476.49,0,52,29543519,-12165603,0.00140809224520613,99.9972785909492,0.125
359.93,360,58,58,406,406,2024-01-19,2024-02-09,476.49,0,0,29543519,-12165603,0.00137424387392714,99.9986528348231,0
339.27,340,5,5,365,365,2024-01-19,2024-05-17,476.49,0,0,26186486,998892,0.00139384872029031,99.9971817524505,0
314.49,315,6,6,306,306,2024-01-19,2024-05-17,476.49,0,0,26186486,998892,0.00116854166687352,99.9983502941174,0
354.94,355,46,50,322,300,2024-01-19,2024-02-09,476.49,4,-22,29543519,-12165603,0.00101545113836981,99.9996682859615,-0.0733333333333333
384.97,385,88,88,264,264,2024-01-19,2024-01-26,476.49,0,0,21534368,-20240320,0.00122594728575271,100,0
374.81,375,11,11,209,209,2024-01-19,2024-02-23,476.49,0,0,25896991,-6497202,0.000807043567339542,99.9994130592238,0
324.49,325,4,4,204,204,2024-01-19,2024-05-17,476.49,0,0,26186486,998892,0.000779027777915678,99.9991293218953,0
364.86,365,10,10,140,140,2024-01-19,2024-02-23,476.49,0,0,25896991,-6497202,0.000540603346543234,99.9999536625703,0
364.93,365,12,14,96,98,2024-01-19,2024-02-09,476.49,2,2.00000000000001,29543519,-12165603,0.000331714038534137,100,0.0204081632653063
309.51,310,2,2,98,98,2024-01-19,2024-05-17,476.49,0,0,26186486,998892,0.000374238834488904,99.9995035607298,0
269.75,270,0,3,0,75,2024-01-19,2024-05-17,476.49,3,75,26186486,998892,0.000286407271292529,99.9997899680011,1
319.45,320,1,1,55,55,2024-01-19,2024-05-17,476.49,0,0,26186486,998892,0.000210031998947854,100,0
354.88,355,1,1,12,12,2024-01-19,2024-02-23,476.49,0,0,25896991,-6497202,4.63374297037057e-05,100,0
470.92,491,0,0,0,0,2024-01-19,2024-01-19,476.49,0,0,21818594,-53324159,0,100,
471.53,494,0,0,0,0,2024-01-19,2024-01-19,476.49,0,0,21818594,-53324159,0,100,
471,495,0,0,0,0,2024-01-19,2024-01-19,476.49,0,0,21818594,-53324159,0,100,
473.6,496,0,0,0,0,2024-01-19,2024-01-19,476.49,0,0,21818594,-53324159,0,100,
497,497,0,0,0,0,2024-01-19,2024-01-19,476.49,0,0,21818594,-53324159,0,100,
498,498,0,0,0,0,2024-01-19,2024-01-19,476.49,0,0,21818594,-53324159,0,100,
499,499,0,0,0,0,2024-01-19,2024-01-19,476.49,0,0,21818594,-53324159,0,100,
502,502,0,0,0,0,2024-01-19,2024-01-19,476.49,0,0,21818594,-53324159,0,100,
504,504,0,0,0,0,2024-01-19,2024-01-19,476.49,0,0,21818594,-53324159,0,100,
474,505,0,0,0,0,2024-01-19,2024-01-19,476.49,0,0,21818594,-53324159,0,100,
506,506,0,0,0,0,2024-01-19,2024-01-19,476.49,0,0,21818594,-53324159,0,100,
508,508,0,0,0,0,2024-01-19,2024-01-19,476.49,0,0,21818594,-53324159,0,100,
469.19,510,0,0,0,0,2024-01-19,2024-01-19,476.49,0,0,21818594,-53324159,0,100,
512,512,0,0,0,0,2024-01-19,2024-01-19,476.49,0,0,21818594,-53324159,0,100,
514,514,0,0,0,0,2024-01-19,2024-01-19,476.49,0,0,21818594,-53324159,0,100,
475.4,515,0,0,0,0,2024-01-19,2024-01-19,476.49,0,0,21818594,-53324159,0,100,
516,516,0,0,0,0,2024-01-19,2024-01-19,476.49,0,0,21818594,-53324159,0,100,
518,518,0,0,0,0,2024-01-19,2024-01-19,476.49,0,0,21818594,-53324159,0,100,
471.79,520,0,0,0,0,2024-01-19,2024-01-19,476.49,0,0,21818594,-53324159,0,100,
522,522,0,0,0,0,2024-01-19,2024-01-19,476.49,0,0,21818594,-53324159,0,100,
524,524,0,0,0,0,2024-01-19,2024-01-19,476.49,0,0,21818594,-53324159,0,100,
473.68,525,0,0,0,0,2024-01-19,2024-01-19,476.49,0,0,21818594,-53324159,0,100,
475.94,535,0,0,0,0,2024-01-19,2024-01-19,476.49,0,0,21818594,-53324159,0,100,
474.77,540,0,0,0,0,2024-01-19,2024-01-19,476.49,0,0,21818594,-53324159,0,100,
465.96,545,0,0,0,0,2024-01-19,2024-01-19,476.49,0,0,21818594,-53324159,0,100,
475.78,550,0,0,0,0,2024-01-19,2024-01-19,476.49,0,0,21818594,-53324159,0,100,
465.85,555,0,0,0,0,2024-01-19,2024-01-19,476.49,0,0,21818594,-53324159,0,100,
413.37,560,0,0,0,0,2024-01-19,2024-01-19,476.49,0,0,21818594,-53324159,0,100,
413.36,565,0,0,0,0,2024-01-19,2024-01-19,476.49,0,0,21818594,-53324159,0,100,
459.18,570,0,0,0,0,2024-01-19,2024-01-19,476.49,0,0,21818594,-53324159,0,100,
473.29,580,0,0,0,0,2024-01-19,2024-01-19,476.49,0,0,21818594,-53324159,0,100,
475.64,585,0,0,0,0,2024-01-19,2024-01-19,476.49,0,0,21818594,-53324159,0,100,
417.87,590,0,0,0,0,2024-01-19,2024-01-19,476.49,0,0,21818594,-53324159,0,100,
417.88,595,0,0,0,0,2024-01-19,2024-01-19,476.49,0,0,21818594,-53324159,0,100,
475.05,600,0,0,0,0,2024-01-19,2024-01-19,476.49,0,0,21818594,-53324159,0,100,
456.78,605,0,0,0,0,2024-01-19,2024-01-19,476.49,0,0,21818594,-53324159,0,100,
610,610,0,0,0,0,2024-01-19,2024-01-19,476.49,0,0,21818594,-53324159,0,100,
615,615,0,0,0,0,2024-01-19,2024-01-19,476.49,0,0,21818594,-53324159,0,100,
456.79,620,0,0,0,0,2024-01-19,2024-01-19,476.49,0,0,21818594,-53324159,0,100,
625,625,0,0,0,0,2024-01-19,2024-01-19,476.49,0,0,21818594,-53324159,0,100,
630,630,0,0,0,0,2024-01-19,2024-01-19,476.49,0,0,21818594,-53324159,0,100,
635,635,0,0,0,0,2024-01-19,2024-01-19,476.49,0,0,21818594,-53324159,0,100,
470.22,640,0,0,0,0,2024-01-19,2024-01-19,476.49,0,0,21818594,-53324159,0,100,
645,645,0,0,0,0,2024-01-19,2024-01-19,476.49,0,0,21818594,-53324159,0,100,
471.81,650,0,0,0,0,2024-01-19,2024-01-19,476.49,0,0,21818594,-53324159,0,100,
655,655,0,0,0,0,2024-01-19,2024-01-19,476.49,0,0,21818594,-53324159,0,100,
469.55,660,0,0,0,0,2024-01-19,2024-01-19,476.49,0,0,21818594,-53324159,0,100,
469.61,665,0,0,0,0,2024-01-19,2024-01-19,476.49,0,0,21818594,-53324159,0,100,
470.01,670,0,0,0,0,2024-01-19,2024-01-19,476.49,0,0,21818594,-53324159,0,100,
469.53,675,0,0,0,0,2024-01-19,2024-01-19,476.49,0,0,21818594,-53324159,0,100,
470.13,680,0,0,0,0,2024-01-19,2024-01-19,476.49,0,0,21818594,-53324159,0,100,
469.56,685,0,0,0,0,2024-01-19,2024-01-19,476.49,0,0,21818594,-53324159,0,100,
469.9,690,0,0,0,0,2024-01-19,2024-01-19,476.49,0,0,21818594,-53324159,0,100,
469.73,695,0,0,0,0,2024-01-19,2024-01-19,476.49,0,0,21818594,-53324159,0,100,
476.8,700,0,0,0,0,2024-01-19,2024-01-19,476.49,0,0,21818594,-53324159,0,100,
469.13,705,0,0,0,0,2024-01-19,2024-01-19,476.49,0,0,21818594,-53324159,0,100,
469.65,710,0,0,0,0,2024-01-19,2024-01-19,476.49,0,0,21818594,-53324159,0,100,
477.24,720,0,0,0,0,2024-01-19,2024-01-19,476.49,0,0,21818594,-53324159,0,100,
487.5,487.5,0,0,0,0,2024-01-19,2024-01-26,476.49,0,0,21534368,-20240320,0,100,
488,488,0,0,0,0,2024-01-19,2024-01-26,476.49,0,0,21534368,-20240320,0,100,
476.06,492,0,0,0,0,2024-01-19,2024-01-26,476.49,0,0,21534368,-20240320,0,100,
493,493,0,0,0,0,2024-01-19,2024-01-26,476.49,0,0,21534368,-20240320,0,100,
494,494,0,0,0,0,2024-01-19,2024-01-26,476.49,0,0,21534368,-20240320,0,100,
496,496,0,0,0,0,2024-01-19,2024-01-26,476.49,0,0,21534368,-20240320,0,100,
497,497,0,0,0,0,2024-01-19,2024-01-26,476.49,0,0,21534368,-20240320,0,100,
498,498,0,0,0,0,2024-01-19,2024-01-26,476.49,0,0,21534368,-20240320,0,100,
499,499,0,0,0,0,2024-01-19,2024-01-26,476.49,0,0,21534368,-20240320,0,100,
502,502,0,0,0,0,2024-01-19,2024-01-26,476.49,0,0,21534368,-20240320,0,100,
504,504,0,0,0,0,2024-01-19,2024-01-26,476.49,0,0,21534368,-20240320,0,100,
458.96,505,0,0,0,0,2024-01-19,2024-01-26,476.49,0,0,21534368,-20240320,0,100,
506,506,0,0,0,0,2024-01-19,2024-01-26,476.49,0,0,21534368,-20240320,0,100,
508,508,0,0,0,0,2024-01-19,2024-01-26,476.49,0,0,21534368,-20240320,0,100,
458.87,510,0,0,0,0,2024-01-19,2024-01-26,476.49,0,0,21534368,-20240320,0,100,
512,512,0,0,0,0,2024-01-19,2024-01-26,476.49,0,0,21534368,-20240320,0,100,
514,514,0,0,0,0,2024-01-19,2024-01-26,476.49,0,0,21534368,-20240320,0,100,
458.92,515,0,0,0,0,2024-01-19,2024-01-26,476.49,0,0,21534368,-20240320,0,100,
458.95,520,0,0,0,0,2024-01-19,2024-01-26,476.49,0,0,21534368,-20240320,0,100,
525,525,0,0,0,0,2024-01-19,2024-01-26,476.49,0,0,21534368,-20240320,0,100,
465.96,530,0,0,0,0,2024-01-19,2024-01-26,476.49,0,0,21534368,-20240320,0,100,
535,535,0,0,0,0,2024-01-19,2024-01-26,476.49,0,0,21534368,-20240320,0,100,
461.5,540,0,0,0,0,2024-01-19,2024-01-26,476.49,0,0,21534368,-20240320,0,100,
471.5,545,0,0,0,0,2024-01-19,2024-01-26,476.49,0,0,21534368,-20240320,0,100,
473.77,487.5,0,0,0,0,2024-01-19,2024-02-02,476.49,0,0,31361806,-16035500,0,100,
491,491,0,0,0,0,2024-01-19,2024-02-02,476.49,0,0,31361806,-16035500,0,100,
473.83,492,0,0,0,0,2024-01-19,2024-02-02,476.49,0,0,31361806,-16035500,0,100,
493,493,0,0,0,0,2024-01-19,2024-02-02,476.49,0,0,31361806,-16035500,0,100,
494,494,0,0,0,0,2024-01-19,2024-02-02,476.49,0,0,31361806,-16035500,0,100,
475.61,496,0,0,0,0,2024-01-19,2024-02-02,476.49,0,0,31361806,-16035500,0,100,
497,497,0,0,0,0,2024-01-19,2024-02-02,476.49,0,0,31361806,-16035500,0,100,
474.78,498,0,0,0,0,2024-01-19,2024-02-02,476.49,0,0,31361806,-16035500,0,100,
499,499,0,0,0,0,2024-01-19,2024-02-02,476.49,0,0,31361806,-16035500,0,100,
502,502,0,0,0,0,2024-01-19,2024-02-02,476.49,0,0,31361806,-16035500,0,100,
475.62,504,0,0,0,0,2024-01-19,2024-02-02,476.49,0,0,31361806,-16035500,0,100,
505,505,0,0,0,0,2024-01-19,2024-02-02,476.49,0,0,31361806,-16035500,0,100,
472.52,506,0,0,0,0,2024-01-19,2024-02-02,476.49,0,0,31361806,-16035500,0,100,
508,508,0,0,0,0,2024-01-19,2024-02-02,476.49,0,0,31361806,-16035500,0,100,
476.9,510,0,0,0,0,2024-01-19,2024-02-02,476.49,0,0,31361806,-16035500,0,100,
512,512,0,0,0,0,2024-01-19,2024-02-02,476.49,0,0,31361806,-16035500,0,100,
472.42,514,0,0,0,0,2024-01-19,2024-02-02,476.49,0,0,31361806,-16035500,0,100,
520,520,0,0,0,0,2024-01-19,2024-02-02,476.49,0,0,31361806,-16035500,0,100,
525,525,0,0,0,0,2024-01-19,2024-02-02,476.49,0,0,31361806,-16035500,0,100,
472.27,530,0,0,0,0,2024-01-19,2024-02-02,476.49,0,0,31361806,-16035500,0,100,
472.25,535,0,0,0,0,2024-01-19,2024-02-02,476.49,0,0,31361806,-16035500,0,100,
476.33,540,0,0,0,0,2024-01-19,2024-02-02,476.49,0,0,31361806,-16035500,0,100,
471.67,489,0,0,0,0,2024-01-19,2024-02-09,476.49,0,0,29543519,-12165603,0,100,
475.08,492,0,0,0,0,2024-01-19,2024-02-09,476.49,0,0,29543519,-12165603,0,100,
473.73,494,0,0,0,0,2024-01-19,2024-02-09,476.49,0,0,29543519,-12165603,0,100,
473.87,495,0,0,0,0,2024-01-19,2024-02-09,476.49,0,0,29543519,-12165603,0,100,
473.96,496,0,0,0,0,2024-01-19,2024-02-09,476.49,0,0,29543519,-12165603,0,100,
498,498,0,0,0,0,2024-01-19,2024-02-09,476.49,0,0,29543519,-12165603,0,100,
474.68,500,0,0,0,0,2024-01-19,2024-02-09,476.49,0,0,29543519,-12165603,0,100,
476.48,502,0,0,0,0,2024-01-19,2024-02-09,476.49,0,0,29543519,-12165603,0,100,
504,504,0,0,0,0,2024-01-19,2024-02-09,476.49,0,0,29543519,-12165603,0,100,
474.42,505,0,0,0,0,2024-01-19,2024-02-09,476.49,0,0,29543519,-12165603,0,100,
506,506,0,0,0,0,2024-01-19,2024-02-09,476.49,0,0,29543519,-12165603,0,100,
508,508,0,0,0,0,2024-01-19,2024-02-09,476.49,0,0,29543519,-12165603,0,100,
510,510,0,0,0,0,2024-01-19,2024-02-09,476.49,0,0,29543519,-12165603,0,100,
512,512,0,0,0,0,2024-01-19,2024-02-09,476.49,0,0,29543519,-12165603,0,100,
514,514,0,0,0,0,2024-01-19,2024-02-09,476.49,0,0,29543519,-12165603,0,100,
469.41,515,0,0,0,0,2024-01-19,2024-02-09,476.49,0,0,29543519,-12165603,0,100,
468.3,520,0,0,0,0,2024-01-19,2024-02-09,476.49,0,0,29543519,-12165603,0,100,
525,525,0,0,0,0,2024-01-19,2024-02-09,476.49,0,0,29543519,-12165603,0,100,
530,530,0,0,0,0,2024-01-19,2024-02-09,476.49,0,0,29543519,-12165603,0,100,
535,535,0,0,0,0,2024-01-19,2024-02-09,476.49,0,0,29543519,-12165603,0,100,
540,540,0,0,0,0,2024-01-19,2024-02-09,476.49,0,0,29543519,-12165603,0,100,
545,545,0,0,0,0,2024-01-19,2024-02-09,476.49,0,0,29543519,-12165603,0,100,
497,497,0,0,0,0,2024-01-19,2024-02-16,476.49,0,0,250444868,-67869899,0,100,
473.49,498,0,0,0,0,2024-01-19,2024-02-16,476.49,0,0,250444868,-67869899,0,100,
469.48,499,0,0,0,0,2024-01-19,2024-02-16,476.49,0,0,250444868,-67869899,0,100,
468.7,501,0,0,0,0,2024-01-19,2024-02-16,476.49,0,0,250444868,-67869899,0,100,
469.46,502,0,0,0,0,2024-01-19,2024-02-16,476.49,0,0,250444868,-67869899,0,100,
504,504,0,0,0,0,2024-01-19,2024-02-16,476.49,0,0,250444868,-67869899,0,100,
506,506,0,0,0,0,2024-01-19,2024-02-16,476.49,0,0,250444868,-67869899,0,100,
508,508,0,0,0,0,2024-01-19,2024-02-16,476.49,0,0,250444868,-67869899,0,100,
512,512,0,0,0,0,2024-01-19,2024-02-16,476.49,0,0,250444868,-67869899,0,100,
514,514,0,0,0,0,2024-01-19,2024-02-16,476.49,0,0,250444868,-67869899,0,100,
471.14,515,0,0,0,0,2024-01-19,2024-02-16,476.49,0,0,250444868,-67869899,0,100,
516,516,0,0,0,0,2024-01-19,2024-02-16,476.49,0,0,250444868,-67869899,0,100,
518,518,0,0,0,0,2024-01-19,2024-02-16,476.49,0,0,250444868,-67869899,0,100,
522,522,0,0,0,0,2024-01-19,2024-02-16,476.49,0,0,250444868,-67869899,0,100,
474.69,524,0,0,0,0,2024-01-19,2024-02-16,476.49,0,0,250444868,-67869899,0,100,
474.46,525,0,0,0,0,2024-01-19,2024-02-16,476.49,0,0,250444868,-67869899,0,100,
526,526,0,0,0,0,2024-01-19,2024-02-16,476.49,0,0,250444868,-67869899,0,100,
472,530,0,0,0,0,2024-01-19,2024-02-16,476.49,0,0,250444868,-67869899,0,100,
475.12,535,0,0,0,0,2024-01-19,2024-02-16,476.49,0,0,250444868,-67869899,0,100,
449.41,540,0,0,0,0,2024-01-19,2024-02-16,476.49,0,0,250444868,-67869899,0,100,
454.68,545,0,0,0,0,2024-01-19,2024-02-16,476.49,0,0,250444868,-67869899,0,100,
471.98,550,0,0,0,0,2024-01-19,2024-02-16,476.49,0,0,250444868,-67869899,0,100,
555,555,0,0,0,0,2024-01-19,2024-02-16,476.49,0,0,250444868,-67869899,0,100,
560,560,0,0,0,0,2024-01-19,2024-02-16,476.49,0,0,250444868,-67869899,0,100,
474.48,565,0,0,0,0,2024-01-19,2024-02-16,476.49,0,0,250444868,-67869899,0,100,
570,570,0,0,0,0,2024-01-19,2024-02-16,476.49,0,0,250444868,-67869899,0,100,
474.5,575,0,0,0,0,2024-01-19,2024-02-16,476.49,0,0,250444868,-67869899,0,100,
474.11,494,0,0,0,0,2024-01-19,2024-02-23,476.49,0,0,25896991,-6497202,0,100,
496,496,0,0,0,0,2024-01-19,2024-02-23,476.49,0,0,25896991,-6497202,0,100,
474.14,498,0,0,0,0,2024-01-19,2024-02-23,476.49,0,0,25896991,-6497202,0,100,
476.19,502,0,0,0,0,2024-01-19,2024-02-23,476.49,0,0,25896991,-6497202,0,100,
504,504,0,0,0,0,2024-01-19,2024-02-23,476.49,0,0,25896991,-6497202,0,100,
472.14,505,0,0,0,0,2024-01-19,2024-02-23,476.49,0,0,25896991,-6497202,0,100,
506,506,0,0,0,0,2024-01-19,2024-02-23,476.49,0,0,25896991,-6497202,0,100,
508,508,0,0,0,0,2024-01-19,2024-02-23,476.49,0,0,25896991,-6497202,0,100,
510,510,0,0,0,0,2024-01-19,2024-02-23,476.49,0,0,25896991,-6497202,0,100,
512,512,0,0,0,0,2024-01-19,2024-02-23,476.49,0,0,25896991,-6497202,0,100,
514,514,0,0,0,0,2024-01-19,2024-02-23,476.49,0,0,25896991,-6497202,0,100,
515,515,0,0,0,0,2024-01-19,2024-02-23,476.49,0,0,25896991,-6497202,0,100,
525,525,0,0,0,0,2024-01-19,2024-02-23,476.49,0,0,25896991,-6497202,0,100,
530,530,0,0,0,0,2024-01-19,2024-02-23,476.49,0,0,25896991,-6497202,0,100,
535,535,0,0,0,0,2024-01-19,2024-02-23,476.49,0,0,25896991,-6497202,0,100,
540,540,0,0,0,0,2024-01-19,2024-02-23,476.49,0,0,25896991,-6497202,0,100,
545,545,0,0,0,0,2024-01-19,2024-02-23,476.49,0,0,25896991,-6497202,0,100,
476.25,497,0,0,0,0,2024-01-19,2024-03-15,476.49,0,0,380110584,-76081214,0,100,
471.36,498,0,0,0,0,2024-01-19,2024-03-15,476.49,0,0,380110584,-76081214,0,100,
476.08,501,0,0,0,0,2024-01-19,2024-03-15,476.49,0,0,380110584,-76081214,0,100,
476.8,502,0,0,0,0,2024-01-19,2024-03-15,476.49,0,0,380110584,-76081214,0,100,
504,504,0,0,0,0,2024-01-19,2024-03-15,476.49,0,0,380110584,-76081214,0,100,
476.46,505,0,0,0,0,2024-01-19,2024-03-15,476.49,0,0,380110584,-76081214,0,100,
506,506,0,0,0,0,2024-01-19,2024-03-15,476.49,0,0,380110584,-76081214,0,100,
508,508,0,0,0,0,2024-01-19,2024-03-15,476.49,0,0,380110584,-76081214,0,100,
476.9,510,0,0,0,0,2024-01-19,2024-03-15,476.49,0,0,380110584,-76081214,0,100,
512,512,0,0,0,0,2024-01-19,2024-03-15,476.49,0,0,380110584,-76081214,0,100,
514,514,0,0,0,0,2024-01-19,2024-03-15,476.49,0,0,380110584,-76081214,0,100,
476.98,515,0,0,0,0,2024-01-19,2024-03-15,476.49,0,0,380110584,-76081214,0,100,
516,516,0,0,0,0,2024-01-19,2024-03-15,476.49,0,0,380110584,-76081214,0,100,
518,518,0,0,0,0,2024-01-19,2024-03-15,476.49,0,0,380110584,-76081214,0,100,
476.35,520,0,0,0,0,2024-01-19,2024-03-15,476.49,0,0,380110584,-76081214,0,100,
522,522,0,0,0,0,2024-01-19,2024-03-15,476.49,0,0,380110584,-76081214,0,100,
524,524,0,0,0,0,2024-01-19,2024-03-15,476.49,0,0,380110584,-76081214,0,100,
476.12,526,0,0,0,0,2024-01-19,2024-03-15,476.49,0,0,380110584,-76081214,0,100,
471.47,530,0,0,0,0,2024-01-19,2024-03-15,476.49,0,0,380110584,-76081214,0,100,
535,535,0,0,0,0,2024-01-19,2024-03-15,476.49,0,0,380110584,-76081214,0,100,
471.57,540,0,0,0,0,2024-01-19,2024-03-15,476.49,0,0,380110584,-76081214,0,100,
545,545,0,0,0,0,2024-01-19,2024-03-15,476.49,0,0,380110584,-76081214,0,100,
453.46,555,0,0,0,0,2024-01-19,2024-03-15,476.49,0,0,380110584,-76081214,0,100,
469,560,0,0,0,0,2024-01-19,2024-03-15,476.49,0,0,380110584,-76081214,0,100,
476.21,570,0,0,0,0,2024-01-19,2024-03-15,476.49,0,0,380110584,-76081214,0,100,
475.86,575,0,0,0,0,2024-01-19,2024-03-15,476.49,0,0,380110584,-76081214,0,100,
580,580,0,0,0,0,2024-01-19,2024-03-15,476.49,0,0,380110584,-76081214,0,100,
585,585,0,0,0,0,2024-01-19,2024-03-15,476.49,0,0,380110584,-76081214,0,100,
590,590,0,0,0,0,2024-01-19,2024-03-15,476.49,0,0,380110584,-76081214,0,100,
595,595,0,0,0,0,2024-01-19,2024-03-15,476.49,0,0,380110584,-76081214,0,100,
437.6,600,0,0,0,0,2024-01-19,2024-03-15,476.49,0,0,380110584,-76081214,0,100,
437.53,605,0,0,0,0,2024-01-19,2024-03-15,476.49,0,0,380110584,-76081214,0,100,
437.54,610,0,0,0,0,2024-01-19,2024-03-15,476.49,0,0,380110584,-76081214,0,100,
615,615,0,0,0,0,2024-01-19,2024-03-15,476.49,0,0,380110584,-76081214,0,100,
427.75,620,0,0,0,0,2024-01-19,2024-03-15,476.49,0,0,380110584,-76081214,0,100,
437.59,625,0,0,0,0,2024-01-19,2024-03-15,476.49,0,0,380110584,-76081214,0,100,
630,630,0,0,0,0,2024-01-19,2024-03-15,476.49,0,0,380110584,-76081214,0,100,
635,635,0,0,0,0,2024-01-19,2024-03-15,476.49,0,0,380110584,-76081214,0,100,
640,640,0,0,0,0,2024-01-19,2024-03-15,476.49,0,0,380110584,-76081214,0,100,
449.85,645,0,0,0,0,2024-01-19,2024-03-15,476.49,0,0,380110584,-76081214,0,100,
450.05,650,0,0,0,0,2024-01-19,2024-03-15,476.49,0,0,380110584,-76081214,0,100,
655,655,0,0,0,0,2024-01-19,2024-03-15,476.49,0,0,380110584,-76081214,0,100,
474.6,660,0,0,0,0,2024-01-19,2024-03-15,476.49,0,0,380110584,-76081214,0,100,
486,486,0,0,0,0,2024-01-19,2024-04-19,476.49,0,0,125633382,-14358067,0,100,
488,488,0,0,0,0,2024-01-19,2024-04-19,476.49,0,0,125633382,-14358067,0,100,
491,491,0,0,0,0,2024-01-19,2024-04-19,476.49,0,0,125633382,-14358067,0,100,
492,492,0,0,0,0,2024-01-19,2024-04-19,476.49,0,0,125633382,-14358067,0,100,
496,496,0,0,0,0,2024-01-19,2024-04-19,476.49,0,0,125633382,-14358067,0,100,
498,498,0,0,0,0,2024-01-19,2024-04-19,476.49,0,0,125633382,-14358067,0,100,
499,499,0,0,0,0,2024-01-19,2024-04-19,476.49,0,0,125633382,-14358067,0,100,
470.57,505,0,0,0,0,2024-01-19,2024-04-19,476.49,0,0,125633382,-14358067,0,100,
472.44,525,0,0,0,0,2024-01-19,2024-04-19,476.49,0,0,125633382,-14358067,0,100,
471.26,535,0,0,0,0,2024-01-19,2024-04-19,476.49,0,0,125633382,-14358067,0,100,
454.92,540,0,0,0,0,2024-01-19,2024-04-19,476.49,0,0,125633382,-14358067,0,100,
545,545,0,0,0,0,2024-01-19,2024-04-19,476.49,0,0,125633382,-14358067,0,100,
475,550,0,0,0,0,2024-01-19,2024-04-19,476.49,0,0,125633382,-14358067,0,100,
555,555,0,0,0,0,2024-01-19,2024-04-19,476.49,0,0,125633382,-14358067,0,100,
560,560,0,0,0,0,2024-01-19,2024-04-19,476.49,0,0,125633382,-14358067,0,100,
472.53,565,0,0,0,0,2024-01-19,2024-04-19,476.49,0,0,125633382,-14358067,0,100,
472.5,570,0,0,0,0,2024-01-19,2024-04-19,476.49,0,0,125633382,-14358067,0,100,
575,575,0,0,0,0,2024-01-19,2024-04-19,476.49,0,0,125633382,-14358067,0,100,
580,580,0,0,0,0,2024-01-19,2024-04-19,476.49,0,0,125633382,-14358067,0,100,
585,585,0,0,0,0,2024-01-19,2024-04-19,476.49,0,0,125633382,-14358067,0,100,
468.35,590,0,0,0,0,2024-01-19,2024-04-19,476.49,0,0,125633382,-14358067,0,100,
595,595,0,0,0,0,2024-01-19,2024-04-19,476.49,0,0,125633382,-14358067,0,100,
600,600,0,0,0,0,2024-01-19,2024-04-19,476.49,0,0,125633382,-14358067,0,100,
290,290,0,0,0,0,2024-01-19,2024-05-17,476.49,0,0,26186486,998892,0,100,
305,305,0,0,0,0,2024-01-19,2024-05-17,476.49,0,0,26186486,998892,0,100,
487,487,0,0,0,0,2024-01-19,2024-05-17,476.49,0,0,26186486,998892,0,100,
488,488,0,0,0,0,2024-01-19,2024-05-17,476.49,0,0,26186486,998892,0,100,
489,489,0,0,0,0,2024-01-19,2024-05-17,476.49,0,0,26186486,998892,0,100,
505,505,0,0,0,0,2024-01-19,2024-05-17,476.49,0,0,26186486,998892,0,100,
510,510,0,0,0,0,2024-01-19,2024-05-17,476.49,0,0,26186486,998892,0,100,
515,515,0,0,0,0,2024-01-19,2024-05-17,476.49,0,0,26186486,998892,0,100,
520,520,0,0,0,0,2024-01-19,2024-05-17,476.49,0,0,26186486,998892,0,100,
525,525,0,0,0,0,2024-01-19,2024-05-17,476.49,0,0,26186486,998892,0,100,
530,530,0,0,0,0,2024-01-19,2024-05-17,476.49,0,0,26186486,998892,0,100,
535,535,0,0,0,0,2024-01-19,2024-05-17,476.49,0,0,26186486,998892,0,100,
540,540,0,0,0,0,2024-01-19,2024-05-17,476.49,0,0,26186486,998892,0,100,
545,545,0,0,0,0,2024-01-19,2024-05-17,476.49,0,0,26186486,998892,0,100,
550,550,0,0,0,0,2024-01-19,2024-05-17,476.49,0,0,26186486,998892,0,100,
555,555,0,0,0,0,2024-01-19,2024-05-17,476.49,0,0,26186486,998892,0,100,
560,560,0,0,0,0,2024-01-19,2024-05-17,476.49,0,0,26186486,998892,0,100,
565,565,0,0,0,0,2024-01-19,2024-05-17,476.49,0,0,26186486,998892,0,100,
570,570,0,0,0,0,2024-01-19,2024-05-17,476.49,0,0,26186486,998892,0,100,
575,575,0,0,0,0,2024-01-19,2024-05-17,476.49,0,0,26186486,998892,0,100,
580,580,0,0,0,0,2024-01-19,2024-05-17,476.49,0,0,26186486,998892,0,100,
471.73,520,0,0,0,0,2024-01-19,2024-06-21,476.49,0,0,466518390,-55433583,0,100,
475.36,525,0,0,0,0,2024-01-19,2024-06-21,476.49,0,0,466518390,-55433583,0,100,
476.73,530,0,0,0,0,2024-01-19,2024-06-21,476.49,0,0,466518390,-55433583,0,100,
535,535,0,0,0,0,2024-01-19,2024-06-21,476.49,0,0,466518390,-55433583,0,100,
473.74,540,0,0,0,0,2024-01-19,2024-06-21,476.49,0,0,466518390,-55433583,0,100,
434.94,545,0,0,0,0,2024-01-19,2024-06-21,476.49,0,0,466518390,-55433583,0,100,
472.41,555,0,0,0,0,2024-01-19,2024-06-21,476.49,0,0,466518390,-55433583,0,100,
560,560,0,0,0,0,2024-01-19,2024-06-21,476.49,0,0,466518390,-55433583,0,100,
565,565,0,0,0,0,2024-01-19,2024-06-21,476.49,0,0,466518390,-55433583,0,100,
435.31,570,0,0,0,0,2024-01-19,2024-06-21,476.49,0,0,466518390,-55433583,0,100,
417.71,575,0,0,0,0,2024-01-19,2024-06-21,476.49,0,0,466518390,-55433583,0,100,
474.66,580,0,0,0,0,2024-01-19,2024-06-21,476.49,0,0,466518390,-55433583,0,100,
434.43,585,0,0,0,0,2024-01-19,2024-06-21,476.49,0,0,466518390,-55433583,0,100,
433.55,590,0,0,0,0,2024-01-19,2024-06-21,476.49,0,0,466518390,-55433583,0,100,
595,595,0,0,0,0,2024-01-19,2024-06-21,476.49,0,0,466518390,-55433583,0,100,
434.57,600,0,0,0,0,2024-01-19,2024-06-21,476.49,0,0,466518390,-55433583,0,100,
434.52,605,0,0,0,0,2024-01-19,2024-06-21,476.49,0,0,466518390,-55433583,0,100,
435.14,610,0,0,0,0,2024-01-19,2024-06-21,476.49,0,0,466518390,-55433583,0,100,
457.59,615,0,0,0,0,2024-01-19,2024-06-21,476.49,0,0,466518390,-55433583,0,100,
433.87,620,0,0,0,0,2024-01-19,2024-06-21,476.49,0,0,466518390,-55433583,0,100,
434.09,625,0,0,0,0,2024-01-19,2024-06-21,476.49,0,0,466518390,-55433583,0,100,
434.37,630,0,0,0,0,2024-01-19,2024-06-21,476.49,0,0,466518390,-55433583,0,100,
433.88,635,0,0,0,0,2024-01-19,2024-06-21,476.49,0,0,466518390,-55433583,0,100,
433.93,640,0,0,0,0,2024-01-19,2024-06-21,476.49,0,0,466518390,-55433583,0,100,
433.93,645,0,0,0,0,2024-01-19,2024-06-21,476.49,0,0,466518390,-55433583,0,100,
449.24,650,0,0,0,0,2024-01-19,2024-06-21,476.49,0,0,466518390,-55433583,0,100,
434.02,655,0,0,0,0,2024-01-19,2024-06-21,476.49,0,0,466518390,-55433583,0,100,
433.52,660,0,0,0,0,2024-01-19,2024-06-21,476.49,0,0,466518390,-55433583,0,100,
433.78,665,0,0,0,0,2024-01-19,2024-06-21,476.49,0,0,466518390,-55433583,0,100,
433.8,670,0,0,0,0,2024-01-19,2024-06-21,476.49,0,0,466518390,-55433583,0,100,
433.94,675,0,0,0,0,2024-01-19,2024-06-21,476.49,0,0,466518390,-55433583,0,100,
456.19,680,0,0,0,0,2024-01-19,2024-06-21,476.49,0,0,466518390,-55433583,0,100,
473.75,515,0,0,0,0,2024-01-19,2024-09-20,476.49,0,0,290696056,-28418407,0,100,
475.77,520,0,0,0,0,2024-01-19,2024-09-20,476.49,0,0,290696056,-28418407,0,100,
535,535,0,0,0,0,2024-01-19,2024-09-20,476.49,0,0,290696056,-28418407,0,100,
540,540,0,0,0,0,2024-01-19,2024-09-20,476.49,0,0,290696056,-28418407,0,100,
545,545,0,0,0,0,2024-01-19,2024-09-20,476.49,0,0,290696056,-28418407,0,100,
550,550,0,0,0,0,2024-01-19,2024-09-20,476.49,0,0,290696056,-28418407,0,100,
555,555,0,0,0,0,2024-01-19,2024-09-20,476.49,0,0,290696056,-28418407,0,100,
560,560,0,0,0,0,2024-01-19,2024-09-20,476.49,0,0,290696056,-28418407,0,100,
565,565,0,0,0,0,2024-01-19,2024-09-20,476.49,0,0,290696056,-28418407,0,100,
570,570,0,0,0,0,2024-01-19,2024-09-20,476.49,0,0,290696056,-28418407,0,100,
575,575,0,0,0,0,2024-01-19,2024-09-20,476.49,0,0,290696056,-28418407,0,100,
580,580,0,0,0,0,2024-01-19,2024-09-20,476.49,0,0,290696056,-28418407,0,100,
585,585,0,0,0,0,2024-01-19,2024-09-20,476.49,0,0,290696056,-28418407,0,100,
590,590,0,0,0,0,2024-01-19,2024-09-20,476.49,0,0,290696056,-28418407,0,100,
595,595,0,0,0,0,2024-01-19,2024-09-20,476.49,0,0,290696056,-28418407,0,100,
461.5,600,0,0,0,0,2024-01-19,2024-09-20,476.49,0,0,290696056,-28418407,0,100,
605,605,0,0,0,0,2024-01-19,2024-09-20,476.49,0,0,290696056,-28418407,0,100,
610,610,0,0,0,0,2024-01-19,2024-09-20,476.49,0,0,290696056,-28418407,0,100,
615,615,0,0,0,0,2024-01-19,2024-09-20,476.49,0,0,290696056,-28418407,0,100,
620,620,0,0,0,0,2024-01-19,2024-09-20,476.49,0,0,290696056,-28418407,0,100,
625,625,0,0,0,0,2024-01-19,2024-09-20,476.49,0,0,290696056,-28418407,0,100,
630,630,0,0,0,0,2024-01-19,2024-09-20,476.49,0,0,290696056,-28418407,0,100,
635,635,0,0,0,0,2024-01-19,2024-09-20,476.49,0,0,290696056,-28418407,0,100,
435.01,640,0,0,0,0,2024-01-19,2024-09-20,476.49,0,0,290696056,-28418407,0,100,
645,645,0,0,0,0,2024-01-19,2024-09-20,476.49,0,0,290696056,-28418407,0,100,
434.57,650,0,0,0,0,2024-01-19,2024-09-20,476.49,0,0,290696056,-28418407,0,100,
434.75,655,0,0,0,0,2024-01-19,2024-09-20,476.49,0,0,290696056,-28418407,0,100,
660,660,0,0,0,0,2024-01-19,2024-09-20,476.49,0,0,290696056,-28418407,0,100,
435,665,0,0,0,0,2024-01-19,2024-09-20,476.49,0,0,290696056,-28418407,0,100,
434.73,670,0,0,0,0,2024-01-19,2024-09-20,476.49,0,0,290696056,-28418407,0,100,
434.51,675,0,0,0,0,2024-01-19,2024-09-20,476.49,0,0,290696056,-28418407,0,100,
434.79,680,0,0,0,0,2024-01-19,2024-09-20,476.49,0,0,290696056,-28418407,0,100,
450.5,685,0,0,0,0,2024-01-19,2024-09-20,476.49,0,0,290696056,-28418407,0,100,
434.75,690,0,0,0,0,2024-01-19,2024-09-20,476.49,0,0,290696056,-28418407,0,100,
434.68,695,0,0,0,0,2024-01-19,2024-09-20,476.49,0,0,290696056,-28418407,0,100,
700,700,0,0,0,0,2024-01-19,2024-09-20,476.49,0,0,290696056,-28418407,0,100,
475.55,535,0,0,0,0,2024-01-19,2024-12-20,476.49,0,0,494206695,-38843079,0,100,
472,540,0,0,0,0,2024-01-19,2024-12-20,476.49,0,0,494206695,-38843079,0,100,
545,545,0,0,0,0,2024-01-19,2024-12-20,476.49,0,0,494206695,-38843079,0,100,
555,555,0,0,0,0,2024-01-19,2024-12-20,476.49,0,0,494206695,-38843079,0,100,
560,560,0,0,0,0,2024-01-19,2024-12-20,476.49,0,0,494206695,-38843079,0,100,
473,565,0,0,0,0,2024-01-19,2024-12-20,476.49,0,0,494206695,-38843079,0,100,
570,570,0,0,0,0,2024-01-19,2024-12-20,476.49,0,0,494206695,-38843079,0,100,
575,575,0,0,0,0,2024-01-19,2024-12-20,476.49,0,0,494206695,-38843079,0,100,
580,580,0,0,0,0,2024-01-19,2024-12-20,476.49,0,0,494206695,-38843079,0,100,
585,585,0,0,0,0,2024-01-19,2024-12-20,476.49,0,0,494206695,-38843079,0,100,
590,590,0,0,0,0,2024-01-19,2024-12-20,476.49,0,0,494206695,-38843079,0,100,
595,595,0,0,0,0,2024-01-19,2024-12-20,476.49,0,0,494206695,-38843079,0,100,
472.4,605,0,0,0,0,2024-01-19,2024-12-20,476.49,0,0,494206695,-38843079,0,100,
418.08,610,0,0,0,0,2024-01-19,2024-12-20,476.49,0,0,494206695,-38843079,0,100,
615,615,0,0,0,0,2024-01-19,2024-12-20,476.49,0,0,494206695,-38843079,0,100,
475.93,620,0,0,0,0,2024-01-19,2024-12-20,476.49,0,0,494206695,-38843079,0,100,
625,625,0,0,0,0,2024-01-19,2024-12-20,476.49,0,0,494206695,-38843079,0,100,
630,630,0,0,0,0,2024-01-19,2024-12-20,476.49,0,0,494206695,-38843079,0,100,
635,635,0,0,0,0,2024-01-19,2024-12-20,476.49,0,0,494206695,-38843079,0,100,
474.63,640,0,0,0,0,2024-01-19,2024-12-20,476.49,0,0,494206695,-38843079,0,100,
474.35,645,0,0,0,0,2024-01-19,2024-12-20,476.49,0,0,494206695,-38843079,0,100,
457.01,650,0,0,0,0,2024-01-19,2024-12-20,476.49,0,0,494206695,-38843079,0,100,
453.98,655,0,0,0,0,2024-01-19,2024-12-20,476.49,0,0,494206695,-38843079,0,100,
418.16,660,0,0,0,0,2024-01-19,2024-12-20,476.49,0,0,494206695,-38843079,0,100,
665,665,0,0,0,0,2024-01-19,2024-12-20,476.49,0,0,494206695,-38843079,0,100,
670,670,0,0,0,0,2024-01-19,2024-12-20,476.49,0,0,494206695,-38843079,0,100,
675,675,0,0,0,0,2024-01-19,2024-12-20,476.49,0,0,494206695,-38843079,0,100,
680,680,0,0,0,0,2024-01-19,2024-12-20,476.49,0,0,494206695,-38843079,0,100,
685,685,0,0,0,0,2024-01-19,2024-12-20,476.49,0,0,494206695,-38843079,0,100,
690,690,0,0,0,0,2024-01-19,2024-12-20,476.49,0,0,494206695,-38843079,0,100,
695,695,0,0,0,0,2024-01-19,2024-12-20,476.49,0,0,494206695,-38843079,0,100,
472.95,700,0,0,0,0,2024-01-19,2024-12-20,476.49,0,0,494206695,-38843079,0,100,
705,705,0,0,0,0,2024-01-19,2024-12-20,476.49,0,0,494206695,-38843079,0,100,
418.57,710,0,0,0,0,2024-01-19,2024-12-20,476.49,0,0,494206695,-38843079,0,100,
472.63,715,0,0,0,0,2024-01-19,2024-12-20,476.49,0,0,494206695,-38843079,0,100,
