Watch,strike,open_interest.yt,open_interest.td,OI_Dollar.yt,OI_Dollar.td,Date.td,expiry,stkClose,diff_oi,diff_oi_d,totalOI,totalOIdiff,OI_pct,cum_sep_OI,pct
567.55,585,51514,51268,57283568,89462660,2024-11-01,2024-11-15,568.64,-246,32179092,962401766,370639897,9.29577055659725,9.29577055659725,0.359692993702624
560.52,570,80063,79540,43634335,75403920,2024-11-01,2024-11-15,568.64,-523,31769585,962401766,370639897,7.8349731540289,17.1307437106262,0.421325376717815
561.66,572,70331,70529,40791980,72926986,2024-11-01,2024-11-15,568.64,198,32135006,962401766,370639897,7.57760309429856,24.7083468049247,0.440646292443788
565.6,580,49031,44520,42951156,64108800,2024-11-01,2024-11-15,568.64,-4511,21157644,962401766,370639897,6.6613344098955,31.3696812148202,0.330027141359689
549.27,560,46254,55049,32146530,59067577,2024-11-01,2024-12-20,568.64,8795,26921047,871138698,264257775,6.78050201829055,6.78050201829055,0.455766909145435
533.53,540,90527,89469,38745556,57886443,2024-11-01,2024-12-20,568.64,-1058,19140887,871138698,264257775,6.64491694983799,13.4254189681285,0.33066269074436
553.9,560,88837,85033,29760395,51870130,2024-11-01,2024-11-15,568.64,-3804,22109735,962401766,370639897,5.38965449072129,36.7593357055415,0.426251775347392
566.85,580,39924,38363,30621708,50447345,2024-11-01,2024-11-08,568.64,-1561,19825637,161842199,78603767,31.1706991821089,31.1706991821089,0.392996638376113
546.15,550,126254,125655,26387086,48377175,2024-11-01,2024-11-15,568.64,-599,21990089,962401766,370639897,5.02671303286033,41.7860487384018,0.454555045845484
532.36,538,83533,83886,35334459,47311704,2024-11-01,2024-12-20,568.64,353,11977245,871138698,264257775,5.43101851732914,18.8564374854577,0.253156068950719
537.69,545,59959,57666,29200033,42153846,2024-11-01,2024-12-20,568.64,-2293,12953813,871138698,264257775,4.83893622184145,23.6953737072991,0.30729848469817
541.69,550,44868,44648,25485024,37102488,2024-11-01,2024-12-20,568.64,-220,11617464,871138698,264257775,4.25907930449899,27.9544530117981,0.313118193044089
563.39,575,33260,31004,23015920,35995644,2024-11-01,2024-11-15,568.64,-2256,12979724,962401766,370639897,3.74018889736742,45.5262376357693,0.360591520462865
561.88,580,18980,18501,24370320,33523812,2024-11-01,2024-12-20,568.64,-479,9153492,871138698,264257775,3.84827491614889,31.802727927947,0.27304448551376
524.93,530,67922,64672,23568934,32788704,2024-11-01,2024-12-20,568.64,-3250,9219770,871138698,264257775,3.76389019053772,35.5666181184847,0.28118738697327
556.14,570,25441,21943,24779534,30412998,2024-11-01,2024-12-20,568.64,-3498,5633464,871138698,264257775,3.49117747493293,39.0577955934177,0.185232116873187
557.4,565,37536,37706,15952800,28656560,2024-11-01,2024-11-15,568.64,170,12703760,962401766,370639897,2.97760883368953,48.5038464694588,0.4433107114043
497.45,500,112419,112169,20010582,28603095,2024-11-01,2024-12-20,568.64,-250,8592513,871138698,264257775,3.28341457745687,42.3412101708745,0.300405008618823
568.51,590,12399,12312,16887438,26458488,2024-11-01,2024-11-15,568.64,-87,9571050,962401766,370639897,2.74921440657456,51.2530608760334,0.361738357838135
570.73,597,11574,10020,19594782,26322540,2024-11-01,2024-11-15,568.64,-1554,6727758,962401766,370639897,2.73508849733345,53.9881493733668,0.255589240248092
550.14,555,51542,51478,12937042,25018308,2024-11-01,2024-11-15,568.64,-64,12081266,962401766,370639897,2.59957004276736,56.5877194161342,0.482897004865397
516.14,520,64492,64519,17735300,24904334,2024-11-01,2024-12-20,568.64,27,7169034,871138698,264257775,2.85882535779624,45.2000355286708,0.287862907717187
545.77,555,24951,25705,16118346,23725715,2024-11-01,2024-12-20,568.64,754,7607369,871138698,264257775,2.72352899193556,47.9235645206063,0.3206381346147
559.06,575,13951,13885,15569316,22132690,2024-11-01,2024-12-20,568.64,-66,6563374,871138698,264257775,2.54066201522367,50.46422653583,0.296546601429831
568.11,584,14050,13882,14850850,22058498,2024-11-01,2024-11-15,568.64,-168,7207648,962401766,370639897,2.29202592714278,58.8797453432769,0.326751531314598
520.38,525,46486,47672,14131744,22024464,2024-11-01,2024-12-20,568.64,1186,7892720,871138698,264257775,2.52823850559788,52.9924650414279,0.358361502009765
558.8,570,19400,19613,13774000,21966560,2024-11-01,2024-11-29,568.64,213,8192560,236849892,81006864,9.27446485810515,9.27446485810515,0.372955984004778
568.43,600,6929,6958,16005990,21966406,2024-11-01,2024-12-20,568.64,29,5960416,871138698,264257775,2.52157389522833,55.5140389366562,0.271342339752802
537.5,540,78303,76095,10179390,19023750,2024-11-01,2024-11-15,568.64,-2208,8844360,962401766,370639897,1.97669525057792,60.8564405938549,0.46491149221368
541.88,545,58175,60713,9715225,18942456,2024-11-01,2024-11-15,568.64,2538,9227231,962401766,370639897,1.96824825859682,62.8246888524517,0.48711904095224
509.08,510,178513,178358,9818215,16408936,2024-11-01,2024-11-15,568.64,-155,6590721,962401766,370639897,1.70499853384517,64.5296873862969,0.401654379052975
502.08,505,54520,54567,11176600,15933564,2024-11-01,2024-12-20,568.64,47,4756964,871138698,264257775,1.82905018874503,57.3430891254013,0.298549903838212
518.83,520,122562,132060,8824464,15451020,2024-11-01,2024-11-15,568.64,9498,6626556,962401766,370639897,1.60546463502645,66.1351520213233,0.428874986894069
487.81,490,70866,68955,11125962,15101145,2024-11-01,2024-12-20,568.64,-1911,3975183,871138698,264257775,1.73349491127761,59.0765840366789,0.263237191616927
564.01,585,7120,7102,10615920,14907098,2024-11-01,2024-12-20,568.64,-18,4291178,871138698,264257775,1.71121981312785,60.7878038498067,0.287861393277216
567.49,581,11258,10437,8274630,14100387,2024-11-01,2024-11-08,568.64,-821,5825757,161842199,78603767,8.71242919777678,39.8831283798856,0.413162915315729
532.97,535,72425,68663,7677050,13938589,2024-11-01,2024-11-15,568.64,-3762,6261539,962401766,370639897,1.44831290760537,67.5834649289287,0.449223303736124
561.9,575,10680,9718,8511960,12730580,2024-11-01,2024-11-22,568.64,-962,4218620,84503763,32131963,15.0651042605049,15.0651042605049,0.331376889348325
552.79,565,7114,10065,6046900,12289365,2024-11-01,2024-12-20,568.64,2951,6242465,871138698,264257775,1.41072426563238,62.1985281154391,0.507956676362042
562.03,570,8114,14889,3448450,11866533,2024-11-01,2024-11-08,568.64,6775,8418083,161842199,78603767,7.33216248501418,47.2152908648998,0.709397007533709
557.5,568,11176,11097,6694424,11651850,2024-11-01,2024-11-29,568.64,-79,4957426,236849892,81006864,4.91950825968711,14.1939731177923,0.425462566030287
544.47,550,23100,19920,7484400,11015760,2024-11-01,2024-11-29,568.64,-3180,3531360,236849892,81006864,4.65094575597273,18.844918873765,0.320573432972396
569.94,597,4052,4051,8059428,10962006,2024-11-01,2024-12-20,568.64,-1,2902578,871138698,264257775,1.25835369559027,63.4568818110294,0.26478529568402
571,592,5127,5121,6839418,10754100,2024-11-01,2024-11-15,568.64,-6,3914682,962401766,370639897,1.11742313656561,68.7008880654943,0.364017630485117
439.3,440,150657,150662,7231536,10546340,2024-11-01,2024-12-06,568.64,5,3314804,48433338,18287295,21.7749600492124,21.7749600492124,0.314308470995625
511.36,515,28494,28973,7095006,10546172,2024-11-01,2024-12-20,568.64,479,3451166,871138698,264257775,1.21061916135885,64.6675009723882,0.32724347753858
488.66,490,75545,75553,7025685,10124102,2024-11-01,2024-12-06,568.64,8,3098417,48433338,18287295,20.9031679790478,42.6781280282602,0.306043637252963
506.74,510,30584,30621,6881400,9982446,2024-11-01,2024-12-20,568.64,37,3101046,871138698,264257775,1.14590776680202,65.8134087391902,0.310649914860546
529.26,535,16571,16233,6512403,9317742,2024-11-01,2024-12-20,568.64,-338,2805339,871138698,264257775,1.06960487708698,66.8830136162772,0.301074981470833
551.14,556,19062,19108,5203926,9286488,2024-11-01,2024-11-15,568.64,46,4082562,962401766,370639897,0.96492840392398,69.6658164694183,0.439623892261531
561.48,575,7112,6710,6102096,9071920,2024-11-01,2024-11-29,568.64,-402,2969824,236849892,81006864,3.83024029413533,22.6751591679003,0.327364438839849
473.59,475,63350,63348,7918750,8932068,2024-11-01,2024-12-20,568.64,-2,1013318,871138698,264257775,1.02533247811246,67.9083460943897,0.11344718826592
555.7,565,9887,9129,5813556,8489970,2024-11-01,2024-11-29,568.64,-758,2676414,236849892,81006864,3.58453615001015,26.2596953179105,0.315244223477822
568.8,575,18416,13501,2983392,8370620,2024-11-01,2024-11-01,568.64,-4915,5387228,93001030,32389597,9.00056698296782,9.00056698296782,0.643587691234341
528.33,530,49354,49991,4737984,8348497,2024-11-01,2024-11-15,568.64,637,3610513,962401766,370639897,0.8674648462771,70.5332813156953,0.432474611897207
567.19,570,23974,29536,1534336,8299616,2024-11-01,2024-11-01,568.64,5562,6765280,93001030,32389597,8.9242194414406,17.9247864244084,0.815131688020265
549.97,557,769,11675,315290,8207525,2024-11-01,2024-11-29,568.64,10906,7892235,236849892,81006864,3.46528551509747,29.7249808330079,0.961585252557866
552.1,560,10395,10231,5093550,8082490,2024-11-01,2024-11-29,568.64,-164,2988940,236849892,81006864,3.4124946951633,33.1374755281712,0.369804354846093
542.73,551,13760,9526,7801920,7878002,2024-11-01,2024-12-20,568.64,-4234,76081.9999999991,871138698,264257775,0.904333835482992,68.8126799298727,0.00965752483941983
566.82,583,4836,4817,4686084,7793906,2024-11-01,2024-11-15,568.64,-19,3107822,962401766,370639897,0.809839120764872,71.3431204364602,0.398750254365398
499.28,500,106215,108048,5310750,7779456,2024-11-01,2024-11-15,568.64,1833,2468706,962401766,370639897,0.808337668823438,72.1514581052837,0.317336584974579
541.1,544,16108,26444,2448416,7668760,2024-11-01,2024-11-15,568.64,10336,5220344,962401766,370639897,0.796835611791677,72.9482937170753,0.680728566287118
563.83,576,6532,6271,4761828,7631807,2024-11-01,2024-11-15,568.64,-261,2869979,962401766,370639897,0.792995947183247,73.7412896642586,0.376054976233021
569.9,598,2677,2677,5755550,7522370,2024-11-01,2024-12-20,568.64,0,1766820,871138698,264257775,0.863510026275977,69.6761899561486,0.234875444839858
548.44,555,11260,11367,4515260,7456752,2024-11-01,2024-11-29,568.64,107,2941492,236849892,81006864,3.14830289219638,36.2857784203676,0.394473626050591
561.16,571,6720,7283,3722880,7166472,2024-11-01,2024-11-15,568.64,563,3443592,962401766,370639897,0.744644518867186,74.4859341831258,0.480514261410636
565.98,581,4756,4757,4375520,7145014,2024-11-01,2024-11-15,568.64,1,2769494,962401766,370639897,0.742414888710834,75.2283490718366,0.387612116645258
562.84,574,6327,6369,4226436,7107804,2024-11-01,2024-11-15,568.64,42,2881368,962401766,370639897,0.738548520078256,75.9668975919148,0.405380902455948
548.32,556,9195,9204,4248090,7068672,2024-11-01,2024-12-06,568.64,9,2820582,48433338,18287295,14.5946414017551,57.2727694300153,0.399025729302477
538.44,541,10030,27538,1163480,7049728,2024-11-01,2024-11-15,568.64,17508,5886248,962401766,370639897,0.732514034060906,76.6994116259758,0.834961008424722
568.29,586,3921,3927,4540518,6954717,2024-11-01,2024-11-15,568.64,6,2414199,962401766,370639897,0.722641753755884,77.4220533797316,0.347131162921511
555.76,563,9187,9525,3987158,6896100,2024-11-01,2024-11-22,568.64,338,2908942,84503763,32131963,8.16070167194803,23.225805932453,0.421824219486376
548.66,553,15852,15805,3550848,6859370,2024-11-01,2024-11-15,568.64,-47,3308522,962401766,370639897,0.712734560796722,78.1347879405284,0.482336132910165
523.7,525,51604,51680,4025112,6718400,2024-11-01,2024-11-15,568.64,76,2693288,962401766,370639897,0.698086832064271,78.8328747725926,0.400882352941176
565.8,582,4123,4097,3941588,6637140,2024-11-01,2024-11-15,568.64,-26,2695552,962401766,370639897,0.689643372911267,79.5225181455039,0.406131556664467
555.58,560,5932,14781,1281312,6533202,2024-11-01,2024-11-08,568.64,8849,5251890,161842199,78603767,4.03677288146585,51.2520637463657,0.803876873851444
536.07,540,16696,16613,4190696,6528909,2024-11-01,2024-11-29,568.64,-83,2338213,236849892,81006864,2.75655983833001,39.0423382586976,0.358132269878474
559.33,568,7314,7423,3481464,6435741,2024-11-01,2024-11-15,568.64,109,2954277,962401766,370639897,0.668716665675778,80.1912348111797,0.459042245485019
564.57,580,4208,4166,4376320,6428138,2024-11-01,2024-11-29,568.64,-42,2051818,236849892,81006864,2.71401348158521,41.7563517402828,0.319193209604399
559.51,570,6056,6070,3863728,6367430,2024-11-01,2024-11-22,568.64,14,2503702,84503763,32131963,7.53508456185555,30.7608904943085,0.393204479672332
548.09,558,6005,6394,3783150,6336454,2024-11-01,2024-12-20,568.64,389,2553304,871138698,264257775,0.727376021125857,70.4035659772745,0.402954712525334
569.66,580,25050,6115,8867700,6322910,2024-11-01,2024-11-01,568.64,-18935,-2544790,93001030,32389597,6.79875265897593,24.7235390833843,-0.402471330447531
538.46,546,3216,8370,1521168,6310980,2024-11-01,2024-12-20,568.64,5154,4789812,871138698,264257775,0.724451802507343,71.1280177797818,0.758964851734596
558.66,567,6973,7457,3158769,6219138,2024-11-01,2024-11-15,568.64,484,3060369,962401766,370639897,0.646210160840457,80.8374449720201,0.492088935797855
566.78,585,3422,3407,4345940,6207554,2024-11-01,2024-11-29,568.64,-15,1861614,236849892,81006864,2.62088107686365,44.3772328171465,0.299894934462109
484.48,485,118237,118141,4847717,6143332,2024-11-01,2024-11-15,568.64,-96,1295615,962401766,370639897,0.638333408876974,81.4757783808971,0.210897766879602
478.18,480,32382,33408,4177278,6080256,2024-11-01,2024-12-20,568.64,1026,1902978,871138698,264257775,0.697966467792021,71.8259842475739,0.312976624668435
522.66,525,25934,25566,3890100,5982444,2024-11-01,2024-11-29,568.64,-368,2092344,236849892,81006864,2.52583775719011,46.9030705743366,0.349747360777635
439.43,440,104608,104588,3975104,5961516,2024-11-01,2024-11-29,568.64,-20,1986412,236849892,81006864,2.51700178102678,49.4200723553634,0.333205848982038
483.19,485,31527,32820,4476834,5940420,2024-11-01,2024-12-20,568.64,1293,1463586,871138698,264257775,0.681914374098899,72.5078986216728,0.246377528861596
568.36,573,9068,12703,1060956,5894192,2024-11-01,2024-11-01,568.64,3635,4833236,93001030,32389597,6.33777066770121,31.0613097510856,0.819999755691705
558.24,573,3418,3851,3523958,5684076,2024-11-01,2024-12-20,568.64,433,2160118,871138698,264257775,0.652488061091737,73.1603866827645,0.380029753296754
557.99,566,6935,7077,2961245,5668677,2024-11-01,2024-11-15,568.64,142,2707432,962401766,370639897,0.589013570035365,82.0647919509325,0.477612677525991
562.17,573,5474,5225,3475990,5658675,2024-11-01,2024-11-15,568.64,-249,2182685,962401766,370639897,0.58797429513445,82.6527662460669,0.385723689733021
547.16,551,29033,14385,5748534,5523840,2024-11-01,2024-11-15,568.64,-14648,-224694,962401766,370639897,0.573964034060179,83.2267302801271,-0.0406771376433785
543.54,552,6381,6463,3745647,5467698,2024-11-01,2024-12-20,568.64,82,1722051,871138698,264257775,0.627649536469105,73.7880362192336,0.314949911278933
434.47,435,102296,102300,3478064,5421900,2024-11-01,2024-11-29,568.64,4,1943836,236849892,81006864,2.28917140481533,51.7092437601787,0.358515649495564
534.45,541,3253,8231,1392284,5391305,2024-11-01,2024-12-20,568.64,4978,3999021,871138698,264257775,0.618880209589771,74.4069164288234,0.741753805433007
542.76,546,11519,16613,1900635,5382612,2024-11-01,2024-11-15,568.64,5094,3481977,962401766,370639897,0.55928949739687,83.786019777524,0.646893552795557
399.28,400,74825,74623,3890900,5372856,2024-11-01,2024-12-20,568.64,-202,1481956,871138698,264257775,0.61676240675971,75.0236788355831,0.275822765397025
570.4,591,2601,2593,3818268,5341580,2024-11-01,2024-11-15,568.64,-8,1523312,962401766,370639897,0.555025997323451,84.3410457748474,0.285180040362589
492.65,495,26770,22563,4470590,5302305,2024-11-01,2024-12-20,568.64,-4207,831715,871138698,264257775,0.608663696397976,75.6323425319811,0.156859139562888
547.08,556,6399,5917,4152951,5277964,2024-11-01,2024-12-20,568.64,-482,1125013,871138698,264257775,0.605869537436162,76.2382120694172,0.213152836965163
552.12,564,4671,4432,3713445,5265216,2024-11-01,2024-12-20,568.64,-239,1551771,871138698,264257775,0.604406165411791,76.842618234829,0.294721242205448
567.66,571,12221,15622,977680,5217748,2024-11-01,2024-11-01,568.64,3401,4240068,93001030,32389597,5.61041958352504,36.6717293346106,0.81262414359605
566.11,590,2205,2179,3699990,5205631,2024-11-01,2024-12-20,568.64,-26,1505641,871138698,264257775,0.597566267226026,77.440184502055,0.289233140036242
489.01,490,52069,52093,3384485,5157207,2024-11-01,2024-11-29,568.64,24,1772722,236849892,81006864,2.17741581237453,53.8866595725532,0.343736832746873
547.69,557,4984,5528,3424008,5146568,2024-11-01,2024-12-20,568.64,544,1722560,871138698,264257775,0.590786290612015,78.0309707926671,0.334700717060379
545.31,549,14288,13898,2714720,5128362,2024-11-01,2024-11-15,568.64,-390,2413642,962401766,370639897,0.532871216697248,84.8739169915447,0.470645792945194
556.66,564,6320,6949,2559600,5100566,2024-11-01,2024-11-15,568.64,629,2540966,962401766,370639897,0.52998302582084,85.4039000173655,0.498173339978348
559.07,565,4123,8554,1236900,5072522,2024-11-01,2024-11-08,568.64,4431,3835622,161842199,78603767,3.13423942046166,54.3863031668273,0.756156799319944
570.05,584,7379,3631,4464295,5065245,2024-11-01,2024-11-01,568.64,-3748,600950,93001030,32389597,5.44643967921646,42.1181690138271,0.118641842595965
564.32,577,5960,3968,4505760,5031424,2024-11-01,2024-11-15,568.64,-1992,525664,962401766,370639897,0.522798708164465,85.92669872553,0.104476188053322
559.96,569,5752,5558,2979536,5024432,2024-11-01,2024-11-15,568.64,-194,2044896,962401766,370639897,0.522072192456887,86.4487709179869,0.406990481710171
569.69,588,2726,2692,3121270,4929052,2024-11-01,2024-11-15,568.64,-34,1807782,962401766,370639897,0.512161570576337,86.9609324885632,0.366760586011266
544.29,553,5175,5595,3006675,4873245,2024-11-01,2024-12-20,568.64,420,1866570,871138698,264257775,0.55941091943088,78.5903817120979,0.383024042501454
565.13,579,4122,3491,3371796,4842017,2024-11-01,2024-11-15,568.64,-631,1470221,962401766,370639897,0.503118050180303,87.4640505387435,0.303638132621178
489.4,490,79761,79799,3270201,4787940,2024-11-01,2024-11-15,568.64,38,1517739,962401766,370639897,0.497499087091243,87.9615496258348,0.316992067569769
567.97,572,9746,11872,945362,4784416,2024-11-01,2024-11-01,568.64,2126,3839054,93001030,32389597,5.14447635687476,47.2626453707018,0.802408068194739
563.19,582,2592,2524,3367008,4747644,2024-11-01,2024-12-20,568.64,-68,1380636,871138698,264257775,0.544992893887031,79.135374605985,0.290804449533284
554.73,567,4018,3862,3531822,4738674,2024-11-01,2024-12-20,568.64,-156,1206852,871138698,264257775,0.543963207108037,79.679337813093,0.254681372890391
558.46,574,2912,3041,3048864,4725714,2024-11-01,2024-12-20,568.64,129,1676850,871138698,264257775,0.542475499119659,80.2218133122127,0.354835269337078
551.96,563,5040,4236,4082400,4676544,2024-11-01,2024-12-20,568.64,-804,594143.999999999,871138698,264257775,0.5368311625619,80.7586444747746,0.127047665968715
563.05,577,3424,3336,3177472,4653720,2024-11-01,2024-11-29,568.64,-88,1476248,236849892,81006864,1.96483940132006,55.8514989738733,0.31721891304161
569.42,578,14002,5388,3654522,4622904,2024-11-01,2024-11-01,568.64,-8614,968382,93001030,32389597,4.97080946307799,52.2334548337798,0.209474823617363
434.7,435,153668,153707,2766024,4611210,2024-11-01,2024-11-15,568.64,39,1845186,962401766,370639897,0.479135654453901,88.4406852802887,0.400152237698999
568.5,589,2247,2248,2918853,4608400,2024-11-01,2024-11-15,568.64,1,1689547,962401766,370639897,0.478843676602314,88.919528956891,0.366623339987848
448.81,450,37781,38141,3211385,4538779,2024-11-01,2024-12-20,568.64,360,1327394,871138698,264257775,0.521016803686983,81.2796612784615,0.29245618700536
513.98,515,46314,43651,2871468,4452402,2024-11-01,2024-11-15,568.64,-2663,1580934,962401766,370639897,0.462634437850772,89.3821633947417,0.355074407027937
547.77,552,10846,10281,2255968,4348863,2024-11-01,2024-11-15,568.64,-565,2092895,962401766,370639897,0.451876041133532,89.8340394358753,0.481251076430782
566.65,569,8388,18386,452952,4320710,2024-11-01,2024-11-01,568.64,9998,3867758,93001030,32389597,4.64587327688736,56.8793281106672,0.895167229459973
555.85,563,6015,5894,2213520,4214210,2024-11-01,2024-11-15,568.64,-121,2000690,962401766,370639897,0.437884691080253,90.2719241269555,0.474748529380358
544.68,548,12260,12378,2268100,4109496,2024-11-01,2024-11-15,568.64,118,1841396,962401766,370639897,0.427004203980233,90.6989283309357,0.448083171269664
554.84,568,2960,3122,2616640,4108552,2024-11-01,2024-12-20,568.64,162,1491912,871138698,264257775,0.471630064125564,81.7512913425871,0.363123553018192
569.03,587,2269,2266,2693303,4072002,2024-11-01,2024-11-15,568.64,-3,1378699,962401766,370639897,0.42310832584237,91.1220366567781,0.338580138221936
553.66,566,3675,3233,3189900,3989522,2024-11-01,2024-12-20,568.64,-442,799622,871138698,264257775,0.457966338673661,82.2092576812608,0.200430527767487
567.49,587,2027,2037,2910772,3974187,2024-11-01,2024-12-20,568.64,10,1063415,871138698,264257775,0.45620599901303,82.6654636802738,0.267580513951659
568.89,595,1519,1519,2886100,3966109,2024-11-01,2024-12-20,568.64,0,1080009,871138698,264257775,0.455278706950521,83.1207423872243,0.27230945997702
568.59,600,4832,1260,9422400,3957660,2024-11-01,2024-11-15,568.64,-3572,-5464740,962401766,370639897,0.411227424950507,91.5332640817286,-1.38080077621625
564.75,580,2616,2578,2581992,3931450,2024-11-01,2024-11-22,568.64,-38,1349458,84503763,32131963,4.65239636724817,35.4132868615567,0.343246893639751
543.35,545,11121,23541,945285,3884265,2024-11-01,2024-11-08,568.64,12420,2938980,161842199,78603767,2.40003226846912,56.7863354352965,0.75663735610212
453.75,455,29844,30873,2685960,3859125,2024-11-01,2024-12-20,568.64,1029,1173165,871138698,264257775,0.442997769340285,83.5637401565646,0.303997667865125
564.03,565,27585,39742,606870,3854974,2024-11-01,2024-11-01,568.64,12157,3248104,93001030,32389597,4.14508742537583,61.024415536043,0.842574813734152
565.95,582,2429,2398,2601459,3848790,2024-11-01,2024-11-22,568.64,-31,1247331,84503763,32131963,4.55457823813124,39.9678650996879,0.324083932872409
569.31,605,1152,1074,2612736,3833106,2024-11-01,2024-11-22,568.64,-78,1220370,84503763,32131963,4.53601811791506,44.503883217603,0.318376272401546
569.4,582,10078,3030,4676192,3817800,2024-11-01,2024-11-01,568.64,-7048,-858392,93001030,32389597,4.10511582506129,65.1295313611043,-0.224839436324585
564.73,575,4607,3706,2649025,3806062,2024-11-01,2024-11-08,568.64,-901,1157037,161842199,78603767,2.35171174361021,59.1380471789067,0.303998463503747
570.85,593,1706,1704,2337220,3774360,2024-11-01,2024-11-15,568.64,-2,1437140,962401766,370639897,0.392181325236679,91.9254454069653,0.380763891096769
560.44,577,2319,2272,2673807,3762432,2024-11-01,2024-12-20,568.64,-47,1088625,871138698,264257775,0.431898159114956,83.9956383156796,0.289340777454583
561.59,579,2165,2131,2608825,3710071,2024-11-01,2024-12-20,568.64,-34,1101246,871138698,264257775,0.425887520381973,84.4215258360615,0.296826125429945
569.12,576,5946,5335,1165416,3670480,2024-11-01,2024-11-01,568.64,-611,2505064,93001030,32389597,3.94670897730918,69.0762403384135,0.682489483664262
564.03,584,1844,1829,2631388,3652513,2024-11-01,2024-12-20,568.64,-15,1021125,871138698,264257775,0.419280306153958,84.8408061422155,0.279567793461652
504.19,505,43356,44141,2167800,3575421,2024-11-01,2024-11-15,568.64,785,1407621,962401766,370639897,0.371510228504714,92.29695563547,0.393693777599897
578.81,596,2078,2078,3572082,3572082,2024-11-01,2024-12-20,568.64,0,0,871138698,264257775,0.410047448035651,85.2508535902511,0
521.78,526,7483,8447,2312247,3564634,2024-11-01,2024-12-20,568.64,964,1252387,871138698,264257775,0.409192475111466,85.6600460653626,0.351336771180435
560.05,566,2905,5943,825020,3536085,2024-11-01,2024-11-08,568.64,3038,2711065,161842199,78603767,2.18489678331669,61.3229439622234,0.766685472775683
568.66,574,8220,6618,1159020,3534012,2024-11-01,2024-11-01,568.64,-1602,2374992,93001030,32389597,3.79997081752751,72.876211155941,0.672038465064635
550.9,562,3301,3182,2584683,3532020,2024-11-01,2024-12-20,568.64,-119,947337,871138698,264257775,0.405448639591947,86.0654947049546,0.268213939898415
569.89,594,1442,1442,2462936,3476662,2024-11-01,2024-11-15,568.64,0,1013726,962401766,370639897,0.361248505855298,92.6582041413253,0.291580257154708
534.86,537,15211,16102,1794898,3445828,2024-11-01,2024-11-15,568.64,891,1650930,962401766,370639897,0.358044646397708,93.016248787723,0.479109810472258
562.01,581,1817,1794,2314858,3406806,2024-11-01,2024-12-20,568.64,-23,1091948,871138698,264257775,0.391075038661639,86.4565697436162,0.320519571704406
564.54,578,2512,2522,1936752,3394612,2024-11-01,2024-11-15,568.64,10,1457860,962401766,370639897,0.352722960402382,93.3689717481254,0.429462925365255
569.64,593,1436,1436,2551772,3354496,2024-11-01,2024-11-29,568.64,0,802724,236849892,81006864,1.41629619151357,57.2677951653869,0.239297945205479
569.02,577,7165,4203,1640785,3353994,2024-11-01,2024-11-01,568.64,-2962,1713209,93001030,32389597,3.60640521938305,76.482616375324,0.510796680017913
389.56,390,76026,76029,2128728,3345276,2024-11-01,2024-12-06,568.64,3,1216548,48433338,18287295,6.9069697405535,64.1797391705688,0.363661473672127
562.92,583,1689,1632,2371356,3277056,2024-11-01,2024-12-20,568.64,-57,905700,871138698,264257775,0.376180739935399,86.8327504835516,0.276376113194282
571.12,595,1360,1355,2147440,3235740,2024-11-01,2024-11-15,568.64,-5,1088300,962401766,370639897,0.336215093769892,93.7051868418953,0.33633728297082
568.29,584,2024,2035,1845888,3196985,2024-11-01,2024-11-08,568.64,11,1351097,161842199,78603767,1.97537170141886,63.2983156636422,0.42261599600874
458.7,460,23499,24501,2349900,3185130,2024-11-01,2024-12-20,568.64,1002,835230,871138698,264257775,0.365628344523388,87.198378828075,0.262227915344115
530.07,533,10926,10741,1879272,3147113,2024-11-01,2024-11-29,568.64,-185,1267841,236849892,81006864,1.32873735910338,58.5965325244902,0.402858429296946
539.43,542,11998,12190,1679720,3132830,2024-11-01,2024-11-15,568.64,192,1453110,962401766,370639897,0.325522054372456,94.0307088962678,0.463833019985125
555.15,562,4263,4541,1466472,3110585,2024-11-01,2024-11-15,568.64,278,1644113,962401766,370639897,0.323210649636318,94.3539195459041,0.52855427516046
557.09,571,2141,2230,2087475,3101930,2024-11-01,2024-12-20,568.64,89,1014455,871138698,264257775,0.356077626573306,87.5544564546483,0.327039939650476
554.7,561,5058,4918,1750068,3098340,2024-11-01,2024-11-15,568.64,-140,1348272,962401766,370639897,0.321938311987678,94.6758578578918,0.435159472491721
535.99,543,4325,4412,2067350,3092812,2024-11-01,2024-12-20,568.64,87,1025462,871138698,264257775,0.355030950536421,87.9094874051847,0.331562991866302
560.79,576,2017,2028,2269125,3084588,2024-11-01,2024-12-20,568.64,11,815463,871138698,264257775,0.354086898800586,88.2635743039853,0.264366910589032
547.69,550,13599,13090,1509489,3023790,2024-11-01,2024-11-08,568.64,-509,1514301,161842199,78603767,1.86835696665244,65.1666726302947,0.500795690176897
553.17,559,4935,5159,1480500,3007697,2024-11-01,2024-11-15,568.64,224,1527197,962401766,370639897,0.312519896186475,94.9883777540782,0.507762916277803
558.7,572,2085,2244,2114190,2984520,2024-11-01,2024-12-20,568.64,159,870330,871138698,264257775,0.342599864619951,88.6061741686052,0.291614732017209
468.43,470,18789,18999,2123157,2982843,2024-11-01,2024-12-20,568.64,210,859686,871138698,264257775,0.342407357961269,88.9485815265665,0.28821027456021
560.74,578,1628,1722,2000812,2972172,2024-11-01,2024-12-20,568.64,94,971360,871138698,264257775,0.341182409508801,89.2897639360753,0.326818232592192
542.85,548,623,5770,181916,2971550,2024-11-01,2024-11-29,568.64,5147,2789634,236849892,81006864,1.25461319610819,59.8511457205984,0.938780770978109
531,537,4877,4946,1916661,2967600,2024-11-01,2024-12-20,568.64,69,1050939,871138698,264257775,0.340657579190679,89.630421515266,0.354137687019814
513.13,515,15731,15800,1746141,2954600,2024-11-01,2024-11-29,568.64,69,1208459,236849892,81006864,1.24745676472591,61.0986024853243,0.409009341366006
569.8,599,1009,1009,2048270,2946280,2024-11-01,2024-12-20,568.64,0,898010,871138698,264257775,0.33821020771597,89.968631722982,0.304794520547945
550.64,561,2748,2827,2044512,2928772,2024-11-01,2024-12-20,568.64,79,884259.999999999,871138698,264257775,0.336200424424263,90.3048321474062,0.30192176106573
531.23,533,16052,16462,1653356,2913774,2024-11-01,2024-11-15,568.64,410,1260418,962401766,370639897,0.302760666380573,95.2911384204588,0.432572327160583
560.91,567.5,4050,4409,1405350,2905531,2024-11-01,2024-11-08,568.64,359,1500181,161842199,78603767,1.79528640734794,66.9619590376426,0.516319048050081
569.38,581,8533,2490,3447332,2893380,2024-11-01,2024-11-01,568.64,-6043,-553952,93001030,32389597,3.11112683375657,79.5937432090806,-0.191454976532637
569.07,595,1117,1109,1931293,2875637,2024-11-01,2024-11-29,568.64,-8,944344,236849892,81006864,1.21411792748464,62.312720412809,0.328394717413916
563.58,578,1930,1982,1841220,2858044,2024-11-01,2024-11-29,568.64,52,1016824,236849892,81006864,1.206690016139,63.519410428948,0.355776188190245
555.74,569,2401,2123,2196915,2815098,2024-11-01,2024-12-20,568.64,-278,618183,871138698,264257775,0.323151526440397,90.6279836738466,0.219595552268518
525.69,531,5468,5296,1957544,2812176,2024-11-01,2024-12-20,568.64,-172,854632,871138698,264257775,0.322816103389314,90.9507997772359,0.3039041653154
566.11,584,1536,1531,1774080,2738959,2024-11-01,2024-11-22,568.64,-5,964879,84503763,32131963,3.24122725753645,47.7451104751394,0.352279460919276
568.59,594,1062,1060,1842570,2693460,2024-11-01,2024-12-20,568.64,-2,850890,871138698,264257775,0.30918842271429,91.2599881999502,0.315909647813593
552.55,558,5149,4936,1488061,2690120,2024-11-01,2024-11-15,568.64,-213,1202059,962401766,370639897,0.279521515341858,95.5706599358007,0.446842148305652
479.48,480,48519,51330,1698165,2669160,2024-11-01,2024-11-15,568.64,2811,970995,962401766,370639897,0.277343630726463,95.8480035665271,0.363782987906308
565.6,583,1549,1528,1702351,2658720,2024-11-01,2024-11-22,568.64,-21,956368.999999999,84503763,32131963,3.14627408959291,50.8913845647323,0.359710311728952
565.62,588,1172,1173,1714636,2625174,2024-11-01,2024-12-20,568.64,1,910538,871138698,264257775,0.301349716873673,91.5613379168239,0.346848627938567
549.33,554,5162,5617,1290500,2623139,2024-11-01,2024-11-15,568.64,455,1332639,962401766,370639897,0.272561740083091,96.1205653066102,0.508032170616959
551.8,557,5232,5014,1485888,2607280,2024-11-01,2024-11-15,568.64,-218,1121392,962401766,370639897,0.270913883589029,96.3914791901992,0.430100334448161
567.16,583,1627,1622,1825494,2569248,2024-11-01,2024-11-29,568.64,-5,743754,236849892,81006864,1.08475793605175,64.6041683649997,0.28948314837649
419.17,420,31050,30750,1894050,2552250,2024-11-01,2024-12-20,568.64,-300,658200,871138698,264257775,0.292978604424252,91.8543165212482,0.257890096973259
564.55,581,1748,1544,1886092,2539880,2024-11-01,2024-11-29,568.64,-204,653788,236849892,81006864,1.07235852148921,65.6765268864889,0.25740901144936
528.21,534,4168,4357,1471304,2522703,2024-11-01,2024-12-20,568.64,189,1051399,871138698,264257775,0.289586836836859,92.143903358085,0.416774784824056
568.87,583,1979,1785,1759331,2522205,2024-11-01,2024-11-08,568.64,-194,762874,161842199,78603767,1.55843470713099,68.5203937447736,0.302463122545551
566.07,568,9339,13001,410916,2509193,2024-11-01,2024-11-01,568.64,3662,2098277,93001030,32389597,2.69802710787182,82.2917703169524,0.836235793739262
433.99,435,24362,24402,1778426,2464602,2024-11-01,2024-12-20,568.64,40,686176,871138698,264257775,0.282917290399146,92.4268206484841,0.278412498245153
551.82,555,6435,7740,939510,2461320,2024-11-01,2024-11-08,568.64,1305,1521810,161842199,78603767,1.52081472891999,70.0412084736936,0.618290185753986
544.95,554,2557,2612,1572555,2363860,2024-11-01,2024-12-20,568.64,55,791305,871138698,264257775,0.271352886219733,92.6981735347039,0.334751212000711
484.57,485,54836,54823,3235324,2357389,2024-11-01,2024-11-29,568.64,-13,-877935,236849892,81006864,0.995309299106626,66.6718361855956,-0.37241838321974
535.41,542,3279,3561,1472271,2346699,2024-11-01,2024-12-20,568.64,282,874428,871138698,264257775,0.269382935850245,92.9675564705541,0.372620434065042
498.75,500,18518,18456,1592548,2307000,2024-11-01,2024-11-29,568.64,-62,714452,236849892,81006864,0.97403464300503,67.6458708286006,0.309688773298656
560.29,573,4604,1787,3360920,2271277,2024-11-01,2024-11-29,568.64,-2817,-1089643,236849892,81006864,0.958952094434563,68.6048229230352,-0.479749057468552
564.19,574,2477,2287,1273178,2243547,2024-11-01,2024-11-08,568.64,-190,970369,161842199,78603767,1.38625588002546,71.427464353719,0.432515565753693
540.32,548,2242,2901,1143420,2227968,2024-11-01,2024-12-20,568.64,659,1084548,871138698,264257775,0.255753533290975,93.2233100038451,0.486787961047915
439.69,440,70912,71289,1276416,2209959,2024-11-01,2024-11-15,568.64,377,933543,962401766,370639897,0.229629566161873,96.6211087563611,0.422425483911692
524.24,529,4743,4622,1560447,2200072,2024-11-01,2024-12-20,568.64,-121,639625,871138698,264257775,0.252551287762905,93.475861291608,0.290729121592384
560.9,568,1425,3098,490200,2199580,2024-11-01,2024-11-08,568.64,1673,1709380,161842199,78603767,1.35908929413397,72.786553647853,0.777139272042845
556.22,565,2355,2499,1224600,2194122,2024-11-01,2024-11-22,568.64,144,969522,84503763,32131963,2.59647845504821,53.4878630197806,0.441872420950157
539.12,543,550,5642,129800,2189096,2024-11-01,2024-11-29,568.64,5092,2059296,236849892,81006864,0.924254590751513,69.5290775137867,0.940706117959194
565.2,581,1389,1383,1373721,2185140,2024-11-01,2024-11-22,568.64,-6,811419,84503763,32131963,2.58584934259081,56.0737123623714,0.371335017435954
569.19,583,9643,1578,4995074,2179218,2024-11-01,2024-11-01,568.64,-8065,-2815856,93001030,32389597,2.34321920950768,84.6349895264601,-1.29214057519716
531.56,535,5107,6264,1016293,2154816,2024-11-01,2024-11-29,568.64,1157,1138523,236849892,81006864,0.909781288817307,70.438858802604,0.528362050402447
557.84,567,2193,2344,1197378,2147104,2024-11-01,2024-11-22,568.64,151,949726,84503763,32131963,2.54083832929428,58.6145506916657,0.442328829902976
552.86,560,2556,3006,1091412,2146284,2024-11-01,2024-11-22,568.64,450,1054872,84503763,32131963,2.53986795830619,61.1544186499718,0.491487613009276
438.94,440,20251,20211,1518825,2142366,2024-11-01,2024-12-20,568.64,-40,623541,871138698,264257775,0.245927084276998,93.721788375885,0.291052509235117
527.93,533,3822,4213,1375920,2135991,2024-11-01,2024-12-20,568.64,391,760071,871138698,264257775,0.245195283472529,93.9669836593575,0.355839982471836
568.65,586,1221,1226,1199022,2127110,2024-11-01,2024-11-08,568.64,5,928088,161842199,78603767,1.3143111086868,74.1008647565398,0.436314059921678
463.58,465,14880,14839,1577280,2107138,2024-11-01,2024-12-20,568.64,-41,529858,871138698,264257775,0.241883181729576,94.2088668410871,0.251458613531719
530.72,536,4330,3973,1732000,2097744,2024-11-01,2024-12-20,568.64,-357,365744,871138698,264257775,0.240804823022568,94.4496716641097,0.174351112433166
565.19,576,1853,1931,1093270,2087411,2024-11-01,2024-11-08,568.64,78,994141,161842199,78603767,1.28978165947931,75.3906464160191,0.476255514606371
555.58,564,2459,2467,1047534,2077214,2024-11-01,2024-11-22,568.64,8,1029680,84503763,32131963,2.45813195324805,63.6125506032199,0.495702416794803
540.28,545,4238,4389,1199354,2071608,2024-11-01,2024-11-29,568.64,151,872254,236849892,81006864,0.874650177167908,71.3135089797719,0.421051666145332
539.51,547,2535,2757,1264965,2064993,2024-11-01,2024-12-20,568.64,222,800028,871138698,264257775,0.23704526096027,94.6867169250699,0.387424073592501
560.7,567,3248,3264,1058848,2056320,2024-11-01,2024-11-08,568.64,16,997472,161842199,78603767,1.27057097141889,76.661217387438,0.485076252723312
554.41,558,2924,5696,526320,2044864,2024-11-01,2024-11-08,568.64,2772,1518544,161842199,78603767,1.26349247145363,77.9247098588916,0.742613689712372
528.95,532,6590,6611,1080760,2016355,2024-11-01,2024-11-29,568.64,21,935595,236849892,81006864,0.851321899695019,72.1648308794669,0.464003114530923
563.31,572,2266,2317,1089946,2013473,2024-11-01,2024-11-08,568.64,51,923527,161842199,78603767,1.24409641764692,79.1688062765386,0.458673644990521
565.1,586,974,962,1426910,2010580,2024-11-01,2024-12-20,568.64,-12,583670,871138698,264257775,0.23079906846246,94.9175159935324,0.290299316615106
566.15,578,1662,1673,1120188,1982505,2024-11-01,2024-11-08,568.64,11,862317,161842199,78603767,1.22496172954249,80.393768006081,0.434963341832681
564.95,582,1186,1156,1264276,1970980,2024-11-01,2024-11-29,568.64,-30,706704,236849892,81006864,0.832164196215889,72.9969950756828,0.35855462764716
565.44,567,7610,12513,266350,1952028,2024-11-01,2024-11-01,568.64,4903,1685678,93001030,32389597,2.09893159247806,86.7339211189382,0.863552162161608
568.56,585,1357,1179,1314933,1938276,2024-11-01,2024-11-08,568.64,-178,623343,161842199,78603767,1.19763325756591,81.591401263647,0.3215966147236
494.35,495,29542,29346,1240764,1907490,2024-11-01,2024-11-15,568.64,-196,666726,962401766,370639897,0.198201007873047,96.8193097642342,0.349530534891402
564.76,566,7013,15351,189351,1903524,2024-11-01,2024-11-01,568.64,8338,1714173,93001030,32389597,2.04677733139085,88.780698450329,0.900526076897376
540.32,543,7054,7007,987560,1877876,2024-11-01,2024-11-15,568.64,-47,890316.000000001,962401766,370639897,0.195123914600132,97.0144336788343,0.474107981570668
536.95,544,2796,2590,1325304,1825950,2024-11-01,2024-12-20,568.64,-206,500646,871138698,264257775,0.209604969242223,95.1271209627746,0.274183849502998
569.5,587,1043,1043,1413265,1825250,2024-11-01,2024-11-29,568.64,0,411985,236849892,81006864,0.770635774661869,73.7676308503447,0.225714285714286
389.4,390,30816,30333,1355904,1819980,2024-11-01,2024-12-20,568.64,-483,464076,871138698,264257775,0.208919659312391,95.336040622087,0.254989615270497
543.58,547,5078,5308,893728,1815336,2024-11-01,2024-11-15,568.64,230,921608,962401766,370639897,0.188625589034923,97.2030592678692,0.507679019200853
552.75,561,2169,2192,1062810,1808400,2024-11-01,2024-11-29,568.64,23,745590,236849892,81006864,0.763521564113696,74.5311524144584,0.412292634372926
526.66,532,3734,3352,1366644,1789968,2024-11-01,2024-12-20,568.64,-382,423324,871138698,264257775,0.205474513313378,95.5415151354004,0.236498082647288
567.8,590,635,799,932180,1773780,2024-11-01,2024-11-29,568.64,164,841600,236849892,81006864,0.748904711343504,75.2800571258019,0.474466957570838
535.7,538,6542,7692,758872,1769160,2024-11-01,2024-11-15,568.64,1150,1010288,962401766,370639897,0.183827592851695,97.3868868607209,0.571055190033688
542.02,547,3571,3550,992738,1767900,2024-11-01,2024-11-29,568.64,-21,775162,236849892,81006864,0.746422126297613,76.0264792520995,0.43846484529668
567,585,970,977,1130050,1758600,2024-11-01,2024-11-22,568.64,7,628550,84503763,32131963,2.08109075568623,65.6936413589061,0.357414989195951
389.67,390,52760,52760,1107960,1741080,2024-11-01,2024-11-29,568.64,0,633120,236849892,81006864,0.735098498588296,76.7615777506878,0.363636363636364
558.43,564,1796,3106,468756,1730042,2024-11-01,2024-11-08,568.64,1310,1261286,161842199,78603767,1.0689684215178,82.6603696851647,0.729049352559071
571.83,605,521,521,1284265,1728157,2024-11-01,2024-12-20,568.64,0,443892,871138698,264257775,0.198379087505535,95.7398942229059,0.256858607175158
541,549,1771,2143,963424,1714400,2024-11-01,2024-12-20,568.64,372,750976,871138698,264257775,0.196799890067563,95.9366941129735,0.438040130657956
566.5,584,975,975,1170000,1706250,2024-11-01,2024-11-29,568.64,0,536250,236849892,81006864,0.720392982066464,77.4819707327542,0.314285714285714
569.15,605,774,471,1962090,1688535,2024-11-01,2024-11-15,568.64,-303,-273555,962401766,370639897,0.175450114458747,97.5623369751797,-0.162007302187991
561.47,569,2470,2242,988000,1688226,2024-11-01,2024-11-08,568.64,-228,700226,161842199,78603767,1.04313090802727,83.703500593192,0.414770297341707
567.57,582,1161,1161,909063,1675323,2024-11-01,2024-11-08,568.64,0,766260,161842199,78603767,1.03515832727903,84.7386589204711,0.457380457380458
558.25,568,1493,1691,853996,1648725,2024-11-01,2024-11-22,568.64,198,794729,84503763,32131963,1.95106696017786,67.644708319084,0.482026414350483
522.6,527,3867,3741,1156233,1646040,2024-11-01,2024-12-20,568.64,-126,489807,871138698,264257775,0.188952689598,96.1256468025715,0.297566887803456
545.08,550,2758,3340,752934,1643280,2024-11-01,2024-11-22,568.64,582,890346,84503763,32131963,1.94462346014106,69.589331779225,0.541810281875274
443.88,445,14340,14554,1118520,1630048,2024-11-01,2024-12-20,568.64,214,511528,871138698,264257775,0.187116931407403,96.3127637339789,0.31381161781739
384.69,385,52202,52177,1044040,1617487,2024-11-01,2024-11-29,568.64,-25,573447,236849892,81006864,0.682916503082045,78.1648872358363,0.354529588182162
389.85,390,104351,106611,730457,1599165,2024-11-01,2024-11-15,568.64,2260,868708,962401766,370639897,0.166163971897782,97.7285009470774,0.543225996066697
569.13,592,697,682,982770,1559734,2024-11-01,2024-11-29,568.64,-15,576964,236849892,81006864,0.65853270475631,78.8234199405926,0.369911792651824
538.78,540,9489,12692,588318,1548424,2024-11-01,2024-11-08,568.64,3203,960106,161842199,78603767,0.956749234481175,85.6954081549522,0.620053680387284
532.59,539,2216,2344,893048,1502504,2024-11-01,2024-12-20,568.64,128,609456,871138698,264257775,0.172475864457579,96.4852395984365,0.405626873539105
563.71,573,2304,1607,1179648,1492903,2024-11-01,2024-11-08,568.64,-697,313255,161842199,78603767,0.922443595813969,86.6178517507662,0.209829439688982
562.34,578,674,949,668608,1486134,2024-11-01,2024-12-06,568.64,275,817526,48433338,18287295,3.06841126663622,67.2481504372051,0.550102480664597
429.11,430,16511,16508,1073215,1469212,2024-11-01,2024-12-20,568.64,-3,395997,871138698,264257775,0.16865419977015,96.6538937982066,0.269530197139691
549.19,559,1839,1494,1279944,1465614,2024-11-01,2024-12-20,568.64,-345,185670,871138698,264257775,0.168241177135722,96.8221349753424,0.126684106456407
567.61,591,620,616,1046560,1440824,2024-11-01,2024-12-20,568.64,-4,394264,871138698,264257775,0.165395476438816,96.9875304517812,0.273637862778521
579.1,597,801,801,1433790,1433790,2024-11-01,2024-11-29,568.64,0,0,236849892,81006864,0.605358097440044,79.4287780380326,0
570.27,596,515,557,849750,1433161,2024-11-01,2024-11-15,568.64,42,583411,962401766,370639897,0.14891504261849,97.8774159896959,0.407079874487235
547.65,555,1799,1942,813148,1427370,2024-11-01,2024-12-06,568.64,143,614222,48433338,18287295,2.94708161555993,70.195232052765,0.430317296846648
517.95,520,6503,6926,858396,1419830,2024-11-01,2024-11-29,568.64,423,561434,236849892,81006864,0.59946406899776,80.0282421070304,0.395423395758647
569.61,587,815,814,832930,1415546,2024-11-01,2024-11-08,568.64,-1,582616,161842199,78603767,0.874645802359618,87.4924975531258,0.411583940048575
541.11,545,3209,3621,754115,1408569,2024-11-01,2024-11-22,568.64,412,654454,84503763,32131963,1.66687133210861,71.2562031113336,0.464623316287665
554.57,563,1691,1670,894539,1407810,2024-11-01,2024-11-29,568.64,-21,513271,236849892,81006864,0.594389124737283,80.6226312317677,0.36458826120002
536.66,539,5197,5969,623640,1396746,2024-11-01,2024-11-15,568.64,772,773106,962401766,370639897,0.145131279819368,98.0225472695153,0.553505075368034
424.12,425,15681,15709,1034946,1382392,2024-11-01,2024-12-20,568.64,28,347446,871138698,264257775,0.158687933755412,97.1462183855366,0.251336813291744
549.31,555,2367,2424,769275,1379256,2024-11-01,2024-11-22,568.64,57,609981,84503763,32131963,1.63218293604274,72.8883860473764,0.442253649793802
379.46,380,25292,25307,961096,1366578,2024-11-01,2024-12-20,568.64,15,405482,871138698,264257775,0.156872608591198,97.3030909941278,0.296713396527677
564.38,579,928,919,849120,1343578,2024-11-01,2024-11-22,568.64,-9,494458,84503763,32131963,1.58996233102661,74.478348378403,0.368015850214874
557.77,563,2080,2549,476320,1333127,2024-11-01,2024-11-08,568.64,469,856807,161842199,78603767,0.823720270879414,88.3162178240052,0.642704708553649
557.1,562,2097,2673,524250,1309770,2024-11-01,2024-11-08,568.64,576,785520,161842199,78603767,0.809288311758542,89.1255061357638,0.599738885453171
394.42,395,22251,22250,1068048,1290500,2024-11-01,2024-12-20,568.64,-1,222452,871138698,264257775,0.148139441281026,97.4512304354088,0.172376598217745
512.31,514,7641,7632,817587,1289808,2024-11-01,2024-11-29,568.64,-9,472221,236849892,81006864,0.544567696066334,81.167198927834,0.36611728257229
569.4,585,5169,812,3380526,1266720,2024-11-01,2024-11-01,568.64,-4357,-2113806,93001030,32389597,1.36204943106544,90.1427478813944,-1.66872394846533
563.7,579,817,818,813732,1251540,2024-11-01,2024-11-29,568.64,1,437808,236849892,81006864,0.528410627267671,81.6956095551017,0.349815427393451
563.14,576,961,973,763034,1251278,2024-11-01,2024-11-22,568.64,12,488244,84503763,32131963,1.48073642590331,75.9590848043063,0.390196263340361
503.68,505,9029,9291,812610,1226412,2024-11-01,2024-11-29,568.64,262,413802,236849892,81006864,0.517801376071559,82.2134109311732,0.337408635923328
553.51,562,1427,1427,750602,1211523,2024-11-01,2024-11-29,568.64,0,460921,236849892,81006864,0.511515116080357,82.7249260472536,0.380447585394582
560,571,1106,1090,722218,1199000,2024-11-01,2024-11-22,568.64,-16,476782,84503763,32131963,1.41887172527453,77.3779565295808,0.397649708090075
508.32,510,7099,7110,745395,1194480,2024-11-01,2024-11-29,568.64,11,449085,236849892,81006864,0.504319419322345,83.2292454665759,0.375966947960619
384.42,385,20548,20548,801372,1191784,2024-11-01,2024-12-20,568.64,0,390412,871138698,264257775,0.136807606267079,97.5880380416759,0.327586206896552
569.88,591,550,561,728200,1184832,2024-11-01,2024-11-29,568.64,11,456632,236849892,81006864,0.500245953247046,83.729491419823,0.385398098633393
561.49,573,619,998,422777,1148698,2024-11-01,2024-11-22,568.64,379,725921,84503763,32131963,1.35934538205121,78.737301911632,0.631951130758476
414.23,415,14931,14909,880929,1147993,2024-11-01,2024-12-20,568.64,-22,267064,871138698,264257775,0.131780737399867,97.7198187790758,0.232635564851005
569.77,600,332,378,688900,1142694,2024-11-01,2024-11-29,568.64,46,453794,236849892,81006864,0.48245493816818,84.2119463579912,0.397126439799281
579.3,601,525,525,1139250,1139250,2024-11-01,2024-12-20,568.64,0,0,871138698,264257775,0.130777108469127,97.8505958875449,0
532.12,534,5022,6034,507222,1134392,2024-11-01,2024-11-15,568.64,1012,627170,962401766,370639897,0.117870939152038,98.1404182086673,0.552868849568756
562.62,571,1292,1353,521968,1133814,2024-11-01,2024-11-08,568.64,61,611846,161842199,78603767,0.700567594240363,89.8260737300041,0.539635248815061
559.48,571,808,973,579336,1120896,2024-11-01,2024-11-29,568.64,165,541560,236849892,81006864,0.473251640748057,84.6851979987392,0.483149194929771
567.9,589,534,531,856536,1120410,2024-11-01,2024-12-20,568.64,-3,263874,871138698,264257775,0.128614421856392,97.9792103094013,0.235515570193054
559.96,572,862,928,628398,1117312,2024-11-01,2024-11-29,568.64,66,488914,236849892,81006864,0.471738446053419,85.1569364447926,0.437580550463971
527.18,530,3998,3962,675662,1117284,2024-11-01,2024-11-29,568.64,-36,441622,236849892,81006864,0.471726624219867,85.6286630690125,0.395263872032536
566.66,579,1001,889,703703,1097026,2024-11-01,2024-11-08,568.64,-112,393323,161842199,78603767,0.677836810657769,90.5039105406619,0.358535713829937
404.27,405,14966,14956,763266,1091788,2024-11-01,2024-12-20,568.64,-10,328522,871138698,264257775,0.125328837130824,98.1045391465321,0.300902739359656
523.32,528,2069,2304,664149,1078272,2024-11-01,2024-12-20,568.64,235,414123,871138698,264257775,0.123777304633068,98.2283164511652,0.384061720975783
527.66,530,4397,4602,611183,1076868,2024-11-01,2024-11-22,568.64,205,465685,84503763,32131963,1.27434325025265,80.0116451618847,0.432443902130995
554.92,559,1899,2579,379800,1052232,2024-11-01,2024-11-08,568.64,680,672432,161842199,78603767,0.650159233192327,91.1540697738542,0.639052984512921
536.75,540,3246,3233,623232,1050725,2024-11-01,2024-11-22,568.64,-13,427493,84503763,32131963,1.24340616642125,81.255051328306,0.406855266601632
532.48,536,2822,2968,553112,1044736,2024-11-01,2024-11-29,568.64,146,491624,236849892,81006864,0.441096253486998,86.0697593224995,0.470572469982847
561.12,574,480,811,384960,1044568,2024-11-01,2024-11-29,568.64,331,659608,236849892,81006864,0.441025322485686,86.5107846449852,0.63146487351709
479.8,480,52021,52164,936378,1043280,2024-11-01,2024-11-08,568.64,143,106902,161842199,78603767,0.644627919322821,91.798697693177,0.102467218771567
566.89,585,571,574,713179,1039514,2024-11-01,2024-12-06,568.64,3,326335,48433338,18287295,2.1462778386243,72.3415098913893,0.313930355916322
578.17,594,653,653,1033699,1033699,2024-11-01,2024-11-29,568.64,0,0,236849892,81006864,0.436436340025859,86.9472209850111,0
565.71,577,963,913,628839,1030777,2024-11-01,2024-11-08,568.64,-50,401938,161842199,78603767,0.636902492902979,92.43560018608,0.389936911669546
570.18,598,900,370,1591200,1029340,2024-11-01,2024-11-15,568.64,-530,-561860,962401766,370639897,0.10695533158446,98.2473735402518,-0.545844910330892
570.78,615,233,232,803850,1025904,2024-11-01,2024-12-20,568.64,-1,222054,871138698,264257775,0.117765862354102,98.3460823135193,0.216447152949984
564,578,752,732,652736,1024800,2024-11-01,2024-11-22,568.64,-20,372064,84503763,32131963,1.21272705926717,82.4677783875731,0.363060109289617
429.9,430,101673,101529,711711,1015290,2024-11-01,2024-11-08,568.64,-144,303579,161842199,78603767,0.627333295193301,93.0629334812733,0.29900718021452
409.25,410,13450,13477,739750,1010775,2024-11-01,2024-12-20,568.64,27,271025,871138698,264257775,0.11602916990378,98.4621114834231,0.268135836363187
562.42,563,6258,17335,87612,1005430,2024-11-01,2024-11-01,568.64,11077,917818,93001030,32389597,1.08109555345785,91.2238434348523,0.912861163880131
563.23,564,8690,12743,156420,981211,2024-11-01,2024-11-01,568.64,4053,824791,93001030,32389597,1.05505390639222,92.2788973412445,0.840584746807771
557.04,566,1099,1074,602252,962304,2024-11-01,2024-11-22,568.64,-25,360052,84503763,32131963,1.13877058942334,83.6065489769965,0.374156191806332
384.88,385,79923,79882,479538,958584,2024-11-01,2024-11-15,568.64,-41,479046,962401766,370639897,0.0996033085001633,98.346976848752,0.499743371472923
556.54,566,1261,1004,761644,949784,2024-11-01,2024-11-29,568.64,-257,188140,236849892,81006864,0.401006727079276,87.3482277120903,0.198087144024326
569.19,586,2357,559,1720610,939679,2024-11-01,2024-11-01,568.64,-1798,-780931,93001030,32389597,1.01039633647068,93.2892936777152,-0.831061458221371
533.94,536,3355,4561,362340,939566,2024-11-01,2024-11-15,568.64,1206,577226,962401766,370639897,0.0976272107131607,98.4446040594651,0.614353861250833
449.4,450,15632,15652,656544,939120,2024-11-01,2024-11-29,568.64,20,282576,236849892,81006864,0.396504297329382,87.7447320094197,0.300894454382826
571.79,600,340,331,691900,933751,2024-11-01,2024-11-22,568.64,-9,241851,84503763,32131963,1.10498156159034,84.7115305385868,0.259010164380011
568.08,582.5,642,643,561750,927206,2024-11-01,2024-11-08,568.64,1,365456,161842199,78603767,0.572907440537187,93.6358409218105,0.394147578855184
464.58,465,21980,22013,659400,924546,2024-11-01,2024-11-15,568.64,33,265146,962401766,370639897,0.0960665319477396,98.5406705914129,0.286785081542725
547.79,554,1407,1476,493857,916596,2024-11-01,2024-11-29,568.64,69,422739,236849892,81006864,0.386994476653593,88.1317264860733,0.461205372923294
515.04,517,4655,4663,558600,913948,2024-11-01,2024-11-29,568.64,8,355348,236849892,81006864,0.38587646896626,88.5176029550396,0.388805490027879
349.64,350,25281,25288,707868,910368,2024-11-01,2024-12-20,568.64,7,202500,871138698,264257775,0.10450322113919,98.5666147045622,0.222437519772224
569.67,579,7860,975,2444460,909675,2024-11-01,2024-11-01,568.64,-6885,-1534785,93001030,32389597,0.978134328189699,94.2674280059049,-1.68717948717949
579.03,604,363,363,906411,906411,2024-11-01,2024-12-20,568.64,0,0,871138698,264257775,0.104048988075146,98.6706636926374,0
556.83,567,941,885,590007,900045,2024-11-01,2024-11-29,568.64,-56,310038,236849892,81006864,0.38000650639942,88.897609461439,0.344469443194507
527.48,529,5776,5905,485184,897560,2024-11-01,2024-11-15,568.64,129,412376,962401766,370639897,0.093262505505419,98.6339330969183,0.459441151566469
570.28,605,268,257,637304,892304,2024-11-01,2024-11-29,568.64,-11,255000,236849892,81006864,0.376738191630672,89.2743476530697,0.285777044594667
319.73,320,31800,32685,636000,882495,2024-11-01,2024-12-20,568.64,885,246495,871138698,264257775,0.101303615833629,98.771967308471,0.279316030119151
558.06,569,748,806,468996,881764,2024-11-01,2024-11-29,568.64,58,412768,236849892,81006864,0.372288115715079,89.6466357687847,0.468116185283137
560.77,572,673,785,458986,881555,2024-11-01,2024-11-22,568.64,112,422569,84503763,32131963,1.04321389806037,85.7547444366472,0.479345021014004
558.72,569,859,839,532580,862492,2024-11-01,2024-11-22,568.64,-20,329912,84503763,32131963,1.02065513934569,86.7753995759929,0.382510214587498
493.86,495,7331,7411,542494,844854,2024-11-01,2024-11-29,568.64,80,302360,236849892,81006864,0.356704405843681,90.0033401746284,0.357884320841234
554.32,561,1243,1258,504658,840344,2024-11-01,2024-11-22,568.64,15,335686,84503763,32131963,0.994445655633111,87.769845231626,0.399462601030054
563.34,577,612,607,529992,829162,2024-11-01,2024-11-22,568.64,-5,299170,84503763,32131963,0.981213108817414,88.7510583404434,0.360810070890851
374.48,375,15764,15812,488684,822224,2024-11-01,2024-12-20,568.64,48,333540,871138698,264257775,0.0943849701416892,98.8663522786127,0.405655879662963
449.64,450,21945,22701,548625,817236,2024-11-01,2024-11-15,568.64,756,268611,962401766,370639897,0.0849163030318047,98.7188493999501,0.328682290060643
546.38,552,1456,1448,493584,813776,2024-11-01,2024-11-29,568.64,-8,320192,236849892,81006864,0.343583015017799,90.3469231896462,0.393464540610684
562.15,574,632,680,451248,805800,2024-11-01,2024-11-22,568.64,48,354552,84503763,32131963,0.953567002690756,89.7046253431341,0.44
567.47,586,432,432,515808,800496,2024-11-01,2024-11-29,568.64,0,284688,236849892,81006864,0.337976088247488,90.6848992778937,0.355639503507825
568.05,592,328,328,590400,785560,2024-11-01,2024-12-20,568.64,0,195160,871138698,264257775,0.0901762258758019,98.9565285044885,0.248434237995825
526.44,528,5129,4999,425707,779844,2024-11-01,2024-11-15,568.64,-130,354137,962401766,370639897,0.0810310233782343,98.7998804233283,0.454112617395274
504.59,506,5241,5405,471690,762105,2024-11-01,2024-11-29,568.64,164,290415,236849892,81006864,0.321767087822865,91.0066663657166,0.381069537662133
529.31,531,3643,4414,349728,745966,2024-11-01,2024-11-15,568.64,771,396238,962401766,370639897,0.0775108718992105,98.8773912952275,0.531174343066574
553.32,557,1731,1980,287346,728640,2024-11-01,2024-11-08,568.64,249,441294,161842199,78603767,0.450216324606415,94.0860572464169,0.605640645586298
570,600,245,241,507395,723000,2024-11-01,2024-12-06,568.64,-4,215605,48433338,18287295,1.4927734280879,73.8342833194772,0.298208852005533
552.22,559,976,1062,455792,720036,2024-11-01,2024-11-29,568.64,86,264244,236849892,81006864,0.304005205119536,91.3106715708361,0.366987206195246
554.83,564,753,781,408879,716177,2024-11-01,2024-11-29,568.64,28,307298,236849892,81006864,0.302375903131085,91.6130474739672,0.42908107911871
539.57,545,1249,1312,408423,712416,2024-11-01,2024-12-06,568.64,63,303993,48433338,18287295,1.47092071168004,75.3052040311572,0.42670714863226
568.13,593,287,286,532672,711282,2024-11-01,2024-12-20,568.64,-1,178610,871138698,264257775,0.0816496846751262,99.0381781891636,0.251109967635903
469.53,470,15069,15058,421932,707726,2024-11-01,2024-11-15,568.64,-11,285794,962401766,370639897,0.0735374793566204,98.9509287745842,0.403820122476778
571.09,586,467,467,529111,696297,2024-11-01,2024-11-22,568.64,0,167186,84503763,32131963,0.823983424264787,90.5286087673989,0.240107310529846
474.53,475,14942,14729,478144,692263,2024-11-01,2024-11-15,568.64,-213,214119,962401766,370639897,0.0719307699192231,99.0228595445034,0.309302967224884
570.49,588,393,394,424833,689894,2024-11-01,2024-11-08,568.64,1,265061,161842199,78603767,0.426275720586323,94.5123329670032,0.384205399670094
570,590,358,339,491892,678000,2024-11-01,2024-11-22,568.64,-19,186108,84503763,32131963,0.802331134058492,91.3309399014574,0.274495575221239
569.09,588,355,356,449075,673196,2024-11-01,2024-11-22,568.64,1,224121,84503763,32131963,0.796646180123363,92.1275860815808,0.332920872970131
534.08,535,7590,7314,379500,672888,2024-11-01,2024-11-08,568.64,-276,293388,161842199,78603767,0.41576795431456,94.9281009213178,0.436013125512715
529.27,530,7854,9152,337722,668096,2024-11-01,2024-11-08,568.64,1298,330374,161842199,78603767,0.412807045460375,95.3409079667782,0.494500790305585
369.54,370,14258,14258,470514,655868,2024-11-01,2024-12-20,568.64,0,185354,871138698,264257775,0.0752885851019788,99.1134667742656,0.282608695652174
547.27,553,1042,1142,369910,654366,2024-11-01,2024-11-29,568.64,100,284456,236849892,81006864,0.276278783357013,91.8893262573242,0.434704737104312
550.77,558,787,891,336049,644193,2024-11-01,2024-11-29,568.64,104,308144,236849892,81006864,0.271983657902618,92.1613099152268,0.478341118267352
559.75,560,20867,25693,208670,642325,2024-11-01,2024-11-01,568.64,4826,433655,93001030,32389597,0.69066439371693,94.9580923996218,0.675133304791188
543.64,549,1114,1190,333086,637840,2024-11-01,2024-11-29,568.64,76,304754,236849892,81006864,0.269301368311369,92.4306112835382,0.477790668506208
454.64,455,17793,17539,498204,631404,2024-11-01,2024-11-15,568.64,-254,133200,962401766,370639897,0.0656071115314225,99.0884666560348,0.21095843548663
329.69,330,20137,20160,463151,624960,2024-11-01,2024-12-20,568.64,23,161809,871138698,264257775,0.0717405852173496,99.185207359483,0.258910970302099
561.3,575,165,449,153450,615130,2024-11-01,2024-12-06,568.64,284,461680,48433338,18287295,1.27005493612685,76.5752589672841,0.750540536146831
562.78,576,549,462,456768,610764,2024-11-01,2024-11-29,568.64,-87,153996,236849892,81006864,0.257869655266721,92.6884809388049,0.252136668172977
569.72,590,293,299,380900,606372,2024-11-01,2024-11-08,568.64,6,225472,161842199,78603767,0.374668661045566,95.7155766278238,0.371837749764171
549.74,556,962,965,366522,604090,2024-11-01,2024-11-29,568.64,3,237568,236849892,81006864,0.255051836797967,92.9435327756029,0.393265904087139
551.04,554,1465,2038,190450,603248,2024-11-01,2024-11-08,568.64,573,412798,161842199,78603767,0.372738385740792,96.0883150135646,0.684292364002865
570.27,603,186,184,424824,602232,2024-11-01,2024-12-20,568.64,-2,177408,871138698,264257775,0.0691315862081012,99.2543389456911,0.29458414697326
561.98,562.5,1996,11580,23952,602160,2024-11-01,2024-11-01,568.64,9584,578208,93001030,32389597,0.647476699989237,95.6055690996111,0.960223196492626
535.53,539,1404,1702,307476,590594,2024-11-01,2024-11-29,568.64,298,283118,236849892,81006864,0.24935371302597,93.1928864886289,0.479378388537642
548.58,551,2312,2313,263568,559746,2024-11-01,2024-11-08,568.64,1,296178,161842199,78603767,0.345859116756069,96.4341741303206,0.529129283639365
543.52,550,628,853,254968,552744,2024-11-01,2024-12-06,568.64,225,297776,48433338,18287295,1.14124696505535,77.7165059323394,0.538723170219849
498.99,500,5400,5452,378000,550652,2024-11-01,2024-11-22,568.64,52,172652,84503763,32131963,0.651630152848933,92.7792162344297,0.313541038623305
524.55,526,3835,3751,299130,543895,2024-11-01,2024-11-15,568.64,-84,244765,962401766,370639897,0.0565143393554413,99.1449809953902,0.450022522729571
574.32,587,426,426,540168,540168,2024-11-01,2024-11-22,568.64,0,0,84503763,32131963,0.639223604752371,93.4184398391821,0
567.82,588,265,265,353775,534770,2024-11-01,2024-11-29,568.64,0,180995,236849892,81006864,0.225784354590291,93.4186708432191,0.338453914767096
510.38,512,3309,3301,330900,534762,2024-11-01,2024-11-29,568.64,-8,203862,236849892,81006864,0.225780976923561,93.6444518201427,0.38122005677292
545.83,552,781,866,320991,534322,2024-11-01,2024-12-06,568.64,85,213331,48433338,18287295,1.10321118069541,78.8197171130348,0.399255505107407
532.14,535,1574,1859,253414,531674,2024-11-01,2024-11-22,568.64,285,278260,84503763,32131963,0.629171981370818,94.0476118205529,0.523365821913428
525.47,527,3142,3432,245076,525096,2024-11-01,2024-11-15,568.64,290,280020,962401766,370639897,0.0545609971376549,99.1995419925279,0.533273915626857
364.55,365,11614,11614,336806,522630,2024-11-01,2024-12-20,568.64,0,185824,871138698,264257775,0.0599938908924466,99.3143328365835,0.355555555555556
579.08,606,193,193,519556,519556,2024-11-01,2024-12-20,568.64,0,0,871138698,264257775,0.059641019414339,99.3739738559979,0
530.19,532,2693,2838,253142,513678,2024-11-01,2024-11-15,568.64,145,260536,962401766,370639897,0.0533745903371503,99.252916582865,0.507197115702833
545.89,551,996,1002,314736,512022,2024-11-01,2024-11-29,568.64,6,197286,236849892,81006864,0.216179959246087,93.8606317793888,0.385307662561374
299.78,300,22493,23176,292409,509872,2024-11-01,2024-12-20,568.64,683,217463,871138698,264257775,0.0585293709452453,99.4325032269431,0.426505083628832
551.16,560,493,571,270657,504764,2024-11-01,2024-12-06,568.64,78,234107,48433338,18287295,1.04218296909455,79.8619000821294,0.46379496160582
563.3,572.5,496,538,248000,494960,2024-11-01,2024-11-08,568.64,42,246960,161842199,78603767,0.305828765957388,96.740002896278,0.498949410053338
554.52,562,641,656,287809,490688,2024-11-01,2024-11-22,568.64,15,202879,84503763,32131963,0.580669999275654,94.6282818198286,0.413458246380592
506.52,508,3096,3280,291024,485440,2024-11-01,2024-11-29,568.64,184,194416,236849892,81006864,0.20495681712196,94.0655885965107,0.40049439683586
359.62,360,12686,12685,342522,482030,2024-11-01,2024-12-20,568.64,-1,139508,871138698,264257775,0.0553333242004593,99.4878365511435,0.289417671099309
522.95,525,2136,2343,252048,480315,2024-11-01,2024-11-22,568.64,207,228267,84503763,32131963,0.56839480627626,95.1966766261048,0.475244370881609
569.15,595,195,185,335595,478225,2024-11-01,2024-11-22,568.64,-10,142630,84503763,32131963,0.565921543635873,95.7625981697407,0.298248732291285
487.97,489,4451,4453,275962,458659,2024-11-01,2024-11-29,568.64,2,182697,236849892,81006864,0.193649655537947,94.2592382520487,0.398328605783382
572.2,602,154,152,339878,452960,2024-11-01,2024-12-20,568.64,-2,113082,871138698,264257775,0.0519963125320832,99.5398328636756,0.249651183327446
557.92,570,348,374,265872,451792,2024-11-01,2024-12-06,568.64,26,185920,48433338,18287295,0.932812022991271,80.7947121051207,0.41151680419308
564.5,582,256,254,286720,444500,2024-11-01,2024-12-06,568.64,-2,157780,48433338,18287295,0.917756277711026,81.7124683828317,0.35496062992126
562.09,577,64,293,59648,436863,2024-11-01,2024-12-06,568.64,229,377215,48433338,18287295,0.901988213160117,82.6144565959918,0.863462916291835
444.68,445,13450,13486,282450,431552,2024-11-01,2024-11-15,568.64,36,149102,962401766,370639897,0.044841147974369,99.2977577308394,0.345501816698799
478.11,479,4843,4843,261522,431027,2024-11-01,2024-11-29,568.64,0,169505,236849892,81006864,0.181983194655626,94.4412214467043,0.393258426966292
580.9,605,183,178,441030,428980,2024-11-01,2024-12-06,568.64,-5,-12050,48433338,18287295,0.885712233998821,83.5001688299906,-0.0280898876404494
537.07,541,1096,1079,253176,424047,2024-11-01,2024-11-29,568.64,-17,170871,236849892,81006864,0.179036180434484,94.6202576271388,0.402952974552349
539.8,544,984,978,246000,410760,2024-11-01,2024-11-29,568.64,-6,164760,236849892,81006864,0.173426298205785,94.7936839253446,0.401110137306456
557.52,562.5,839,822,191292,409356,2024-11-01,2024-11-08,568.64,-17,218064,161842199,78603767,0.252935268137329,96.9929381644153,0.532700143640255
541.15,546,576,835,199296,404975,2024-11-01,2024-11-29,568.64,259,205679,236849892,81006864,0.170983822952303,94.9646677482969,0.507880733378604
568.36,589,190,192,262200,396288,2024-11-01,2024-11-29,568.64,2,134088,236849892,81006864,0.167316099092838,95.1319838473897,0.338359980620155
500.3,501,4875,5651,209625,395570,2024-11-01,2024-11-15,568.64,776,185945,962401766,370639897,0.0411023767801357,99.3388601076195,0.470068508734232
479.11,480,4362,4377,266082,389553,2024-11-01,2024-11-29,568.64,15,123471,236849892,81006864,0.164472525915275,95.296456373305,0.316955587558047
550.48,557,575,596,218500,388592,2024-11-01,2024-11-22,568.64,21,170092,84503763,32131963,0.459851710982385,96.2224498807231,0.437713591633384
354.67,355,11674,11673,350220,385209,2024-11-01,2024-12-20,568.64,-1,34989,871138698,264257775,0.0442190205629001,99.5840518842385,0.0908312111087747
544.53,551,434,587,153202,379789,2024-11-01,2024-12-06,568.64,153,226587,48433338,18287295,0.784147894163314,84.2843167241539,0.596612856085879
324.72,325,13522,13458,270440,376824,2024-11-01,2024-12-20,568.64,-64,106384,871138698,264257775,0.0432564872694933,99.627308371508,0.282317474470841
485.98,487,3655,3675,226610,374850,2024-11-01,2024-11-29,568.64,20,148240,236849892,81006864,0.158264796675525,95.4547211699805,0.39546485260771
526.4,529,1433,1440,236445,374400,2024-11-01,2024-11-29,568.64,7,137955,236849892,81006864,0.158074802922013,95.6127959729025,0.368469551282051
564,580,176,231,189376,369600,2024-11-01,2024-12-06,568.64,55,180224,48433338,18287295,0.763110731703027,85.047427455857,0.487619047619048
429.49,430,7154,7153,250390,364803,2024-11-01,2024-11-29,568.64,-1,114413,236849892,81006864,0.154022869472113,95.7668188423746,0.313629548002621
528.06,531,1229,1231,202785,361914,2024-11-01,2024-11-29,568.64,2,159129,236849892,81006864,0.152803109574566,95.9196219519492,0.439687329033969
554.7,565,388,351,240560,361530,2024-11-01,2024-12-06,568.64,-37,120970,48433338,18287295,0.746448654850095,85.7938761107071,0.334605703537742
561.56,562,4287,8211,38583,361284,2024-11-01,2024-11-01,568.64,3924,322701,93001030,32389597,0.388473116910641,95.9940422165217,0.893205898960375
564,581,207,209,223974,355300,2024-11-01,2024-12-06,568.64,2,131326,48433338,18287295,0.733585614107374,86.5274617248144,0.369620039403321
570.45,605,100,100,256900,345500,2024-11-01,2024-11-08,568.64,0,88599.9999999999,161842199,78603767,0.213479551152169,97.2064177155675,0.25643994211288
552.6,556,1061,1012,150662,344080,2024-11-01,2024-11-08,568.64,-49,193418,161842199,78603767,0.212602153286363,97.4190198688539,0.562130899790746
339.68,340,10609,10615,254616,339680,2024-11-01,2024-12-20,568.64,6,85064,871138698,264257775,0.0389926427077402,99.6663010142158,0.250423928403203
560.67,561,6370,10251,63700,338283,2024-11-01,2024-11-01,568.64,3881,274583,93001030,32389597,0.363741132759498,96.3577833492812,0.811696124250997
519.83,522,1558,1558,200982,338086,2024-11-01,2024-11-29,568.64,0,137104,236849892,81006864,0.142742729221933,96.0623646811712,0.405529953917051
570.45,589,173,182,198950,337610,2024-11-01,2024-11-08,568.64,9,138660,161842199,78603767,0.208604432024555,97.6276243008784,0.410710583217322
274.86,275,23935,23935,215415,335090,2024-11-01,2024-12-20,568.64,0,119675,871138698,264257775,0.0384657461285229,99.7047667603443,0.357142857142857
566.86,588,156,156,194688,329784,2024-11-01,2024-12-06,568.64,0,135096,48433338,18287295,0.680902893787746,87.2083646186022,0.40964995269631
565.51,582.5,186,186,211482,316014,2024-11-01,2024-12-06,568.64,0,104532,48433338,18287295,0.652472063767317,87.8608366823695,0.330782813419659
518.29,520,1246,1825,134568,312075,2024-11-01,2024-11-22,568.64,579,177507,84503763,32131963,0.369303080621392,96.5917529613445,0.568795962509012
550.23,553,289,1102,34391,305254,2024-11-01,2024-11-08,568.64,813,270863,161842199,78603767,0.188612118400591,97.816236419279,0.887336447679637
575.83,589,231,231,304227,304227,2024-11-01,2024-11-22,568.64,0,0,84503763,32131963,0.360015920237777,96.9517688815822,0
556.65,561,569,698,124611,303630,2024-11-01,2024-11-08,568.64,129,179019,161842199,78603767,0.187608671827303,98.0038450911063,0.589595889734216
565.23,583,172,170,198660,302090,2024-11-01,2024-12-06,568.64,-2,103430,48433338,18287295,0.623723270942011,88.4845599533115,0.342381409513721
521.79,523,2533,2459,182376,297539,2024-11-01,2024-11-15,568.64,-74,115163,962401766,370639897,0.0309162982146897,99.3697764058342,0.387051781447138
494.09,495,3340,3264,213760,297024,2024-11-01,2024-11-22,568.64,-76,83264,84503763,32131963,0.351492039472846,97.3032609210551,0.280327515621633
566.3,577.5,263,265,176473,296800,2024-11-01,2024-11-08,568.64,2,120327,161842199,78603767,0.183388511669938,98.1872336027762,0.405414420485175
566.51,587,144,143,173808,293007,2024-11-01,2024-12-06,568.64,-1,119199,48433338,18287295,0.604969659534926,89.0895296128464,0.406812806519981
562.17,576,38,209,37012,289047,2024-11-01,2024-12-06,568.64,171,252035,48433338,18287295,0.596793473123822,89.6863230859703,0.871951620324722
444.38,445,4647,4660,185880,288920,2024-11-01,2024-11-29,568.64,13,103040,236849892,81006864,0.121984433921549,96.1843491150927,0.356638515852139
569.72,591,139,133,163881,283024,2024-11-01,2024-11-08,568.64,-6,119143,161842199,78603767,0.174876516599975,98.3621101193762,0.420964299847363
566.97,584,168,166,180936,282698,2024-11-01,2024-12-06,568.64,-2,101762,48433338,18287295,0.58368473385006,90.2700078198203,0.359967173450113
459.6,460,6725,6874,181575,274960,2024-11-01,2024-11-15,568.64,149,93385,962401766,370639897,0.0285701886378293,99.3983465944721,0.339631219086413
530.91,535,642,672,166920,274848,2024-11-01,2024-12-06,568.64,30,107928,48433338,18287295,0.567476889575524,90.8374847093958,0.39268250087321
553.82,557.5,691,724,114706,266432,2024-11-01,2024-11-08,568.64,33,151726,161842199,78603767,0.164624555058103,98.5267346744343,0.569473636800384
517.2,520,878,947,151016,265160,2024-11-01,2024-12-06,568.64,69,114144,48433338,18287295,0.547474138577853,91.3849588479737,0.430472167747775
339.95,340,53103,52667,159309,263335,2024-11-01,2024-11-15,568.64,-436,104026,962401766,370639897,0.0273622731486135,99.4257088676207,0.395032942829476
489.17,490,3119,3126,187140,259458,2024-11-01,2024-11-22,568.64,7,72318,84503763,32131963,0.307037214425587,97.6102981354807,0.27872719284046
530.9,534,664,823,129480,255130,2024-11-01,2024-11-29,568.64,159,125650,236849892,81006864,0.107718014074501,96.2920671291672,0.492494022655117
414.56,415,5699,5699,153873,250756,2024-11-01,2024-11-29,568.64,0,96883,236849892,81006864,0.105871274790364,96.3979384039576,0.386363636363636
513.11,514,2918,2778,172162,247242,2024-11-01,2024-11-15,568.64,-140,75080,962401766,370639897,0.0256901024847039,99.4513989701054,0.303670088415399
551.76,558,391,396,141542,247104,2024-11-01,2024-11-22,568.64,5,105562,84503763,32131963,0.292417747124468,97.9027158826051,0.427196645946646
534.48,538,527,696,111724,244992,2024-11-01,2024-11-29,568.64,169,133268,236849892,81006864,0.103437665912045,96.5013760698696,0.543968782654128
419.77,420,10605,10648,169680,244904,2024-11-01,2024-11-15,568.64,43,75224,962401766,370639897,0.025447168599647,99.476846138705,0.30715709012511
512.05,513,2760,2574,168360,244530,2024-11-01,2024-11-15,568.64,-186,76170,962401766,370639897,0.0254083074905746,99.5022544461956,0.311495522021838
559.02,571,95,204,72960,244392,2024-11-01,2024-12-06,568.64,109,171432,48433338,18287295,0.504594583177397,91.8895534311511,0.701463223018757
501.29,502,2423,3433,109035,243743,2024-11-01,2024-11-15,568.64,1010,134708,962401766,370639897,0.0253265329107885,99.5275809791064,0.552664076506812
570.85,610,392,62,1179920,242730,2024-11-01,2024-12-20,568.64,-330,-937190,871138698,264257775,0.027863530865667,99.73263029121,-3.86103901454291
537.87,542,477,573,123543,236649,2024-11-01,2024-11-29,568.64,96,113106,236849892,81006864,0.0999151817219321,96.6012912515915,0.477948353891206
269.87,270,17978,17996,143824,233948,2024-11-01,2024-12-20,568.64,18,90124,871138698,264257775,0.0268554250358879,99.7594857162458,0.385230906013302
526.41,530,406,651,89320,233709,2024-11-01,2024-12-06,568.64,245,144389,48433338,18287295,0.48253746210926,92.3720908932603,0.617815317339084
515.96,517,2341,2234,142801,232336,2024-11-01,2024-11-15,568.64,-107,89535,962401766,370639897,0.0241412690840802,99.5517222481905,0.385368604090627
344.66,345,6808,6818,183816,231812,2024-11-01,2024-12-20,568.64,10,47996,871138698,264257775,0.0266102287192848,99.7860959449651,0.207047089883181
523.54,526,603,938,80802,230748,2024-11-01,2024-11-29,568.64,335,149946,236849892,81006864,0.0974237303008777,96.6987149818924,0.649825783972125
503.25,504,2924,3056,140352,229200,2024-11-01,2024-11-15,568.64,132,88848,962401766,370639897,0.023815417645441,99.5755376658359,0.387643979057592
535.39,540,311,497,89879,229117,2024-11-01,2024-12-06,568.64,186,139238,48433338,18287295,0.473056389382041,92.8451472826424,0.607715708568112
569.9,587,1965,133,1670250,227430,2024-11-01,2024-11-01,568.64,-1832,-1442820,93001030,32389597,0.244545678687645,96.6023290279688,-6.34401793958581
522.65,524,1736,1675,128464,226125,2024-11-01,2024-11-15,568.64,-61,97661,962401766,370639897,0.0234959045160356,99.5990335703519,0.431889441680487
507.18,508,2515,2742,133295,224844,2024-11-01,2024-11-15,568.64,227,91549,962401766,370639897,0.0233628000221271,99.6223963703741,0.407166746722172
474.17,475,2552,2670,142912,221610,2024-11-01,2024-11-29,568.64,118,78698,236849892,81006864,0.0935655904795599,96.792280572372,0.355119353819774
519.81,521,1914,1849,132066,220031,2024-11-01,2024-11-15,568.64,-65,87965,962401766,370639897,0.0228626970329146,99.645259067407,0.399784575809772
552.42,559,326,332,125836,218456,2024-11-01,2024-11-22,568.64,6,92620,84503763,32131963,0.258516298262363,98.1612321808675,0.423975537407991
409.8,410,10842,10804,140946,216080,2024-11-01,2024-11-15,568.64,-38,75134,962401766,370639897,0.0224521616266444,99.6677112290336,0.347713809700111
570.53,607,338,59,867984,215173,2024-11-01,2024-11-29,568.64,-279,-652811,236849892,81006864,0.0908478353876556,96.8831284077596,-3.03388901023827
334.68,335,6671,6674,160104,213568,2024-11-01,2024-12-20,568.64,3,53464,871138698,264257775,0.0245159583072499,99.8106119032724,0.250337129157926
557.34,569,146,183,94170,213378,2024-11-01,2024-12-06,568.64,37,119208,48433338,18287295,0.44056017778498,93.2857074604274,0.558670528358125
549.84,556,753,343,245478,211288,2024-11-01,2024-11-22,568.64,-410,-34190,84503763,32131963,0.250033835771314,98.4112660166388,-0.161817045927833
480.11,481,2358,2359,134406,209951,2024-11-01,2024-11-29,568.64,1,75545,236849892,81006864,0.0886430634302337,96.9717714711899,0.359822053717296
520.85,522,1752,1799,129648,206885,2024-11-01,2024-11-15,568.64,47,77237,962401766,370639897,0.0214967394396905,99.6892079684733,0.373333011093119
469.81,470,10777,10870,161655,206530,2024-11-01,2024-11-08,568.64,93,44875,161842199,78603767,0.127611958609139,98.6543466330435,0.217280782452913
404.61,405,5288,5288,142776,206232,2024-11-01,2024-11-29,568.64,0,63456,236849892,81006864,0.087072870609542,97.0588443417994,0.307692307692308
429.74,430,7880,7897,141840,205322,2024-11-01,2024-11-15,568.64,17,63482,962401766,370639897,0.0213343332539147,99.7105423017273,0.309182649691704
569.57,582.5,3734,157,1829660,203001,2024-11-01,2024-11-01,568.64,-3577,-1626659,93001030,32389597,0.218278227671242,96.8206072556401,-8.0130590489702
444.99,445,201587,201587,201587,201587,2024-11-01,2024-11-01,568.64,0,0,93001030,32389597,0.216757814402701,97.0373650700428,0
569.37,588,430,108,349160,201204,2024-11-01,2024-11-01,568.64,-322,-147956,93001030,32389597,0.216345991006766,97.2537110610496,-0.735353173893163
424.74,425,7769,7622,108766,198172,2024-11-01,2024-11-15,568.64,-147,89406,962401766,370639897,0.020591400286354,99.7311337020136,0.451153543386553
502.25,503,2102,2615,105100,196125,2024-11-01,2024-11-15,568.64,513,91025,962401766,370639897,0.0203787032535433,99.7515124052671,0.464117272147865
516,518,950,976,111150,195200,2024-11-01,2024-11-29,568.64,26,84050,236849892,81006864,0.0824150681901092,97.1412594099895,0.430584016393443
520.94,523,833,945,109123,194670,2024-11-01,2024-11-29,568.64,112,85547,236849892,81006864,0.0821912977693062,97.2234507077588,0.439446242358864
409.58,410,4504,4606,108096,193452,2024-11-01,2024-11-29,568.64,102,85356,236849892,81006864,0.0816770480098002,97.3051277557686,0.441225730413746
459.28,460,2614,2630,125472,189360,2024-11-01,2024-11-29,568.64,16,63888,236849892,81006864,0.0799493714778641,97.3850771272465,0.337389100126743
454.33,455,2749,2751,112709,184317,2024-11-01,2024-11-29,568.64,2,71608,236849892,81006864,0.0778201748135059,97.46289730206,0.388504587205738
521.75,524,810,811,113400,182475,2024-11-01,2024-11-29,568.64,1,69075,236849892,81006864,0.07704246704913,97.5399397691091,0.378545006165228
570.63,587.5,311,108,230762,182196,2024-11-01,2024-11-01,568.64,-203,-48566,93001030,32389597,0.195907507691044,97.4496185687406,-0.266559090210543
394.67,395,5398,5398,97164,178134,2024-11-01,2024-11-29,568.64,0,80970,236849892,81006864,0.0752096606402506,97.6151494297494,0.454545454545455
510.14,511,1932,2066,98532,177676,2024-11-01,2024-11-15,568.64,134,79144,962401766,370639897,0.0184617283838193,99.769974133651,0.445440014408249
469.23,470,2198,2289,118692,176253,2024-11-01,2024-11-29,568.64,91,57561,236849892,81006864,0.0744154867505703,97.6895649164999,0.326581675205528
563.3,579,105,112,111090,175840,2024-11-01,2024-12-06,568.64,7,64750,48433338,18287295,0.363055711749622,93.648763172177,0.368232484076433
505.2,506,1700,2168,83300,173440,2024-11-01,2024-11-15,568.64,468,90140,962401766,370639897,0.0180215795655554,99.7879957132165,0.519718634686347
477.14,478,2012,2011,112672,172946,2024-11-01,2024-11-29,568.64,-1,60274,236849892,81006864,0.0730192437664274,97.7625841602664,0.348513408809686
499.69,500,4694,5568,112656,172608,2024-11-01,2024-11-08,568.64,874,59952,161842199,78603767,0.106652035789504,98.760998668833,0.347330367074527
507.41,509,875,1057,84000,168063,2024-11-01,2024-11-29,568.64,182,84063,236849892,81006864,0.0709576004366512,97.833541760703,0.500187429713857
516.97,519,829,815,101967,165445,2024-11-01,2024-11-29,568.64,-14,63478,236849892,81006864,0.0698522589995523,97.9033940197026,0.383680377164617
399.85,400,11556,11005,127116,165075,2024-11-01,2024-11-15,568.64,-551,37959,962401766,370639897,0.0171523999468638,99.8051481131634,0.229950022716947
519.59,520,4503,3991,153102,163631,2024-11-01,2024-11-08,568.64,-512,10529,161842199,78603767,0.101105274774473,98.8621039436075,0.0643459980077123
511.09,512,1464,1776,80520,161616,2024-11-01,2024-11-15,568.64,312,81096,962401766,370639897,0.0167929866412984,99.8219410998047,0.501782001782002
514.3,516,957,948,112926,161160,2024-11-01,2024-11-29,568.64,-9,48234,236849892,81006864,0.0680430962577766,97.9714371159604,0.299292628443783
509.3,511,875,939,87500,159630,2024-11-01,2024-11-29,568.64,64,72130,236849892,81006864,0.0673971174958357,98.0388342334562,0.451857420284408
579.61,596,96,96,157344,157344,2024-11-01,2024-11-29,568.64,0,0,236849892,81006864,0.0664319492279946,98.1052661826842,0
549.22,557,39,202,19422,157156,2024-11-01,2024-12-06,568.64,163,137734,48433338,18287295,0.324478977682686,93.9732421498597,0.876415790679325
506.19,507,1512,1926,69552,156006,2024-11-01,2024-11-15,568.64,414,86454,962401766,370639897,0.0162100700052124,99.8381511698099,0.55417099342333
399.62,400,4104,4101,94392,155838,2024-11-01,2024-11-29,568.64,-3,61446,236849892,81006864,0.065796103466241,98.1710622861504,0.394294074615947
549.42,552,262,597,31440,154026,2024-11-01,2024-11-08,568.64,335,122586,161842199,78603767,0.095170481463861,98.9572744250713,0.79587861789568
503.88,505,1391,1362,107107,152544,2024-11-01,2024-11-22,568.64,-29,45437,84503763,32131963,0.180517404887638,98.5917834215265,0.297861600587372
429.99,430,152378,152377,152378,152377,2024-11-01,2024-11-01,568.64,-1,-1,93001030,32389597,0.163844421938123,97.6134629906787,-6.56267021925881e-06
439.99,440,152144,152143,152144,152143,2024-11-01,2024-11-01,568.64,-1,-1,93001030,32389597,0.163592811821547,97.7770558025003,-6.57276378144246e-06
379.98,380,75633,75633,151266,151266,2024-11-01,2024-11-01,568.64,0,0,93001030,32389597,0.16264981151284,97.9397056140131,0
379.97,380,50203,50278,100406,150834,2024-11-01,2024-11-08,568.64,75,50428,161842199,78603767,0.0931981899232598,99.0504726149946,0.334327804076004
569.51,590,1741,73,1878539,149577,2024-11-01,2024-11-01,568.64,-1668,-1728962,93001030,32389597,0.160833702594477,98.1005393166076,-11.5590097408024
517.9,519,1231,1347,88632,148170,2024-11-01,2024-11-15,568.64,116,59538,962401766,370639897,0.0153958570354494,99.8535470268453,0.401822231220895
471.14,472,1716,1716,85800,147576,2024-11-01,2024-11-29,568.64,0,61776,236849892,81006864,0.06230781815176,98.2333701043022,0.418604651162791
475.14,476,1665,1667,86580,143362,2024-11-01,2024-11-29,568.64,2,56782,236849892,81006864,0.0605286322022051,98.2938987365044,0.39607427351739
533.4,537,401,397,81002,142920,2024-11-01,2024-11-29,568.64,-4,61918,236849892,81006864,0.0603420161154222,98.3542407526198,0.433235376434369
501.68,503,973,1064,82705,140448,2024-11-01,2024-11-29,568.64,91,57743,236849892,81006864,0.0592983170961294,98.4135390697159,0.411134370015949
572.67,599,54,53,106326,139549,2024-11-01,2024-11-29,568.64,-1,33223,236849892,81006864,0.0589187517974465,98.4724578215134,0.238074081505421
249.9,250,13881,13935,83286,139350,2024-11-01,2024-12-20,568.64,54,56064,871138698,264257775,0.0159963046435575,99.8266082079159,0.40232508073197
304.78,305,6227,6319,112086,139018,2024-11-01,2024-12-20,568.64,92,26932,871138698,264257775,0.0159581936055836,99.8425664015215,0.193730308305399
557.87,568,72,137,49680,138781,2024-11-01,2024-12-06,568.64,65,89101,48433338,18287295,0.286540233919042,94.2597823837787,0.642025925739114
578.99,597,77,77,138677,138677,2024-11-01,2024-12-06,568.64,0,0,48433338,18287295,0.286325505791073,94.5461078895698,0
524.41,527,527,526,77996,136234,2024-11-01,2024-11-29,568.64,-1,58238,236849892,81006864,0.0575191311465745,98.52997695266,0.427485062466051
495.77,497,1102,1107,83752,136161,2024-11-01,2024-11-29,568.64,5,52409,236849892,81006864,0.0574883099376714,98.5874652625976,0.384904634954209
518.83,521,629,622,73593,134974,2024-11-01,2024-11-29,568.64,-7,61381,236849892,81006864,0.0569871486367408,98.6444524112344,0.454761657800762
511.25,513,724,748,80364,130900,2024-11-01,2024-11-29,568.64,24,50536,236849892,81006864,0.0552670718549452,98.6997194830893,0.386065699006875
555.98,566,92,126,62100,126252,2024-11-01,2024-12-06,568.64,34,64152,48433338,18287295,0.260671688579466,94.8067795781492,0.508126603934987
419.55,420,2777,2797,88864,125865,2024-11-01,2024-11-29,568.64,20,37001,236849892,81006864,0.0531412528573161,98.7528607359466,0.293973701982283
508.16,509,1276,1482,67628,124488,2024-11-01,2024-11-15,568.64,206,56860,962401766,370639897,0.012935138358838,99.8664821652042,0.456750851487693
314.75,315,3954,4956,67218,123900,2024-11-01,2024-12-20,568.64,1002,56682,871138698,264257775,0.0142227638703751,99.8567891653919,0.457481840193705
521.83,525,269,381,52186,120777,2024-11-01,2024-12-06,568.64,112,68591,48433338,18287295,0.249367491458053,95.0561470696073,0.567914420792038
552.08,561,119,135,59500,120420,2024-11-01,2024-12-06,568.64,16,60920,48433338,18287295,0.248630395864931,95.3047774654722,0.505896030559708
516.97,518,1066,1158,68224,119274,2024-11-01,2024-11-15,568.64,92,51050,962401766,370639897,0.0123933687794168,99.8788755339836,0.428006103593407
558.81,559,3772,6266,26404,119054,2024-11-01,2024-11-01,568.64,2494,92650,93001030,32389597,0.12801363597801,98.2285529525856,0.77821828749979
560.22,574,89,84,71734,115752,2024-11-01,2024-12-06,568.64,-5,44018,48433338,18287295,0.238992406428812,95.5437698719011,0.380278526504942
525.37,528,431,439,67667,115457,2024-11-01,2024-11-29,568.64,8,47790,236849892,81006864,0.0487469084427533,98.8016076443894,0.413920333977152
404.83,405,6811,6756,81732,114852,2024-11-01,2024-11-15,568.64,-55,33120,962401766,370639897,0.0119338933133254,99.8908094272969,0.288371121094974
515.06,516,1062,1221,65844,114774,2024-11-01,2024-11-15,568.64,159,48930,962401766,370639897,0.011925788590043,99.902735215887,0.426316064613937
470.22,471,1464,1463,73200,114114,2024-11-01,2024-11-29,568.64,-1,40914,236849892,81006864,0.0481798826406051,98.84978752703,0.358536200641464
309.77,310,4921,4939,68894,113597,2024-11-01,2024-12-20,568.64,18,44703,871138698,264257775,0.013040058978071,99.86982922437,0.393522716268916
559.89,572.5,3,90,2385,113490,2024-11-01,2024-12-06,568.64,87,111105,48433338,18287295,0.234322069645499,95.7780919415466,0.97898493259318
502.58,504,715,797,61490,113174,2024-11-01,2024-11-29,568.64,82,51684,236849892,81006864,0.0477830067999356,98.8975705338299,0.456677328715076
557.36,557.5,2982,8057,26838,112798,2024-11-01,2024-11-01,568.64,5075,85960,93001030,32389597,0.121286828758778,98.3498397813444,0.762070249472508
424.5,425,2235,2247,64815,112350,2024-11-01,2024-11-29,568.64,12,47535,236849892,81006864,0.047435107126838,98.9450056409568,0.423097463284379
474.82,475,6031,6052,96496,108936,2024-11-01,2024-11-08,568.64,21,12440,161842199,78603767,0.0673100097954057,99.11778262479,0.114195490930454
409.68,410,3386,3394,67720,108608,2024-11-01,2024-11-22,568.64,8,40888,84503763,32131963,0.128524453993842,98.7203078755203,0.376473187978786
379.71,380,3771,3736,64107,108344,2024-11-01,2024-11-29,568.64,-35,44237,236849892,81006864,0.0457437405122397,98.990749381469,0.408301336483792
414.78,415,5179,4854,72506,106788,2024-11-01,2024-11-15,568.64,-325,34282,962401766,370639897,0.0110959896139675,99.9138312055009,0.321028579990261
553.91,565,0,96,0,106464,2024-11-01,2024-12-13,568.64,96,106464,831409,831409,12.8052498830299,12.8052498830299,1
570.74,598,41,39,72980,106314,2024-11-01,2024-11-29,568.64,-2,33334,236849892,81006864,0.0448866575797299,99.0356360390487,0.313542901217149
553.92,554,12904,13150,38712,105200,2024-11-01,2024-11-01,568.64,246,66488,93001030,32389597,0.113117026768413,98.4629568081128,0.632015209125475
500.6,502,754,750,64844,105000,2024-11-01,2024-11-29,568.64,-4,40156,236849892,81006864,0.0443318758194747,99.0799679148682,0.382438095238095
534.65,540,0,193,0,103255,2024-11-01,2024-12-13,568.64,193,103255,831409,831409,12.4192785981388,25.2245284811687,1
546.74,554,139,142,60465,103092,2024-11-01,2024-12-06,568.64,3,42627,48433338,18287295,0.212853386235737,95.9909453277823,0.413485042486323
496.79,498,851,850,62974,102850,2024-11-01,2024-11-29,568.64,-1,39876,236849892,81006864,0.0434241278860283,99.1233920427542,0.387710257656782
554.92,555,13296,12856,79776,102848,2024-11-01,2024-11-01,568.64,-440,23072,93001030,32389597,0.110588022519751,98.5735448306325,0.224331051649035
494.99,495,102709,102707,205418,102707,2024-11-01,2024-11-01,568.64,-2,-102711,93001030,32389597,0.11043641129566,98.6839812419282,-1.00003894573885
497.77,499,832,833,65728,102459,2024-11-01,2024-11-29,568.64,1,36731,236849892,81006864,0.0432590444246434,99.1666510871789,0.358494617359139
530.15,535,0,211,0,102335,2024-11-01,2024-12-13,568.64,211,102335,831409,831409,12.3086230723988,37.5331515535675,1
394.99,395,101912,101912,101912,101912,2024-11-01,2024-11-01,568.64,0,0,93001030,32389597,0.109581582053446,98.7935628239816,0
289.83,290,5968,5969,71616,101473,2024-11-01,2024-12-20,568.64,1,29857,871138698,264257775,0.0116483173383258,99.8814775417083,0.294235905117618
579.35,598,54,54,100710,100710,2024-11-01,2024-12-06,568.64,0,0,48433338,18287295,0.207935286227846,96.1988806140101,0
491.84,493,833,843,59143,97788,2024-11-01,2024-11-29,568.64,10,38645,236849892,81006864,0.0412869092631885,99.2079379964421,0.395191639055917
483.05,484,1139,1011,66062,96045,2024-11-01,2024-11-29,568.64,-128,29983,236849892,81006864,0.0405510001245852,99.2484889965667,0.312176583892967
553.2,562.5,103,102,56135,94860,2024-11-01,2024-12-06,568.64,-1,38725,48433338,18287295,0.195856829029624,96.3947374430398,0.408233185747417
492.94,494,888,889,57720,94234,2024-11-01,2024-11-29,568.64,1,36514,236849892,81006864,0.0397863808187846,99.2882753773854,0.387482225099221
494.99,496,932,932,69900,94132,2024-11-01,2024-11-29,568.64,0,24232,236849892,81006864,0.0397433155679885,99.3280186929534,0.257425742574257
539.75,541,702,751,66690,93875,2024-11-01,2024-11-08,568.64,49,27185,161842199,78603767,0.0580040314454699,99.1757866562354,0.289587217043941
545.13,547,73,501,6205,93687,2024-11-01,2024-11-08,568.64,428,87482,161842199,78603767,0.0578878689111237,99.2336745251466,0.933768825984395
484.2,485,1174,1171,61048,93680,2024-11-01,2024-11-22,568.64,-3,32632,84503763,32131963,0.11085896849351,98.8311668440138,0.348334756618275
476.11,477,1041,1041,56214,92649,2024-11-01,2024-11-29,568.64,0,36435,236849892,81006864,0.0391171805980811,99.3671358735515,0.393258426966292
369.75,370,3702,3703,51828,92575,2024-11-01,2024-11-29,568.64,1,40747,236849892,81006864,0.0390859371808369,99.4062218107324,0.440151228733459
508.66,510,672,690,53760,92460,2024-11-01,2024-11-22,568.64,18,38700,84503763,32131963,0.109415245803906,98.9405820898177,0.418559377027904
284.89,285,8379,8379,92169,92169,2024-11-01,2024-12-20,568.64,0,0,871138698,264257775,0.0105802899367926,99.8920578316451,0
579.86,599,48,48,91872,91872,2024-11-01,2024-12-06,568.64,0,0,48433338,18287295,0.189687524737609,96.5844249677774,0
479.29,480,1292,1293,68476,91803,2024-11-01,2024-11-22,568.64,1,23327,84503763,32131963,0.108637765634177,99.0492198554519,0.254098449941723
294.82,295,5029,5030,60348,90540,2024-11-01,2024-12-20,568.64,1,30192,871138698,264257775,0.0103932933076978,99.9024511249528,0.333465871438038
444.88,445,7356,7361,73560,88332,2024-11-01,2024-11-08,568.64,5,14772,161842199,78603767,0.0545790903397204,99.2882536154863,0.167232712946611
479.99,480,87657,87657,87657,87657,2024-11-01,2024-11-01,568.64,0,0,93001030,32389597,0.0942537948235627,98.8878166188052,0
559.66,572,21,71,16674,87614,2024-11-01,2024-12-06,568.64,50,70940,48433338,18287295,0.180896059652135,96.7653210274295,0.809687949414477
553.32,562,42,100,21630,86800,2024-11-01,2024-12-06,568.64,58,65170,48433338,18287295,0.179215399112074,96.9445364265416,0.750806451612903
264.89,265,7990,7885,55930,86735,2024-11-01,2024-12-20,568.64,-105,30805,871138698,264257775,0.00995650867067784,99.9124076336235,0.35516227589785
513.47,515,579,565,55584,86445,2024-11-01,2024-11-22,568.64,-14,30861,84503763,32131963,0.102297219592458,99.1515170750444,0.357001561686622
489.99,490,85582,85430,85582,85430,2024-11-01,2024-11-01,568.64,-152,-152,93001030,32389597,0.0918591976884557,98.9796758164937,-0.00177923446096219
562.58,577.5,47,57,42065,85044,2024-11-01,2024-12-06,568.64,10,42979,48433338,18287295,0.17558979725907,97.1201262238007,0.505373688913974
472.5,473,1667,1667,83350,83350,2024-11-01,2024-11-29,568.64,0,0,236849892,81006864,0.0351910652338402,99.4414128759662,0
339.83,340,4852,4884,48520,83028,2024-11-01,2024-11-29,568.64,32,34508,236849892,81006864,0.0350551141479938,99.4764679901142,0.415618827383533
549.95,550,16829,16562,84145,82810,2024-11-01,2024-11-01,568.64,-267,-1335,93001030,32389597,0.0890420245883298,99.068717841082,-0.0161212413959667
557.25,570,0,64,0,81600,2024-11-01,2024-12-13,568.64,64,81600,831409,831409,9.81466402215997,47.3478155757275,1
524.49,525,1357,1595,51566,81345,2024-11-01,2024-11-08,568.64,238,29779,161842199,78603767,0.0502619221084607,99.3385155375947,0.366082734034053
578.55,596,46,46,80270,80270,2024-11-01,2024-12-06,568.64,0,0,48433338,18287295,0.165732950307906,97.2858591741085,0
557.85,558,3696,5321,33264,79815,2024-11-01,2024-11-01,568.64,1625,46551,93001030,32389597,0.0858216301475371,99.1545394712295,0.583236233790641
464.22,465,1012,1021,48576,79638,2024-11-01,2024-11-29,568.64,9,31062,236849892,81006864,0.0336238278715365,99.5100918179857,0.390039930686356
379.9,380,3806,7906,30448,79060,2024-11-01,2024-11-15,568.64,4100,48612,962401766,370639897,0.00821486439375466,99.9220460698947,0.614874778649127
374.9,375,8308,7803,58156,78030,2024-11-01,2024-11-15,568.64,-505,19874,962401766,370639897,0.00810784048374242,99.9301539103784,0.254696911444316
484.98,486,750,765,50250,78030,2024-11-01,2024-11-29,568.64,15,27780,236849892,81006864,0.0329449168589868,99.5430367348447,0.35601691657055
389.99,390,76908,76908,76908,76908,2024-11-01,2024-11-01,568.64,0,0,93001030,32389597,0.0826958583146875,99.2372353295442,0
482.12,483,868,869,50344,76472,2024-11-01,2024-11-29,568.64,1,26128,236849892,81006864,0.032287116263494,99.5753238511082,0.341667538445444
465.52,466,1559,1559,74832,74832,2024-11-01,2024-11-29,568.64,0,0,236849892,81006864,0.0315946945840279,99.6069185456922,0
473.45,474,1359,1359,74745,74745,2024-11-01,2024-11-29,568.64,0,0,236849892,81006864,0.0315579624583489,99.6384765081506,0
374.73,375,2742,2745,43872,74115,2024-11-01,2024-11-29,568.64,3,30243,236849892,81006864,0.0312919712034321,99.669768479354,0.408055049585104
349.93,350,10548,10560,42192,73920,2024-11-01,2024-11-15,568.64,12,31728,962401766,370639897,0.00768078391078098,99.9378346942892,0.429220779220779
575.21,587.5,60,60,73740,73740,2024-11-01,2024-12-06,568.64,0,0,48433338,18287295,0.152250501503737,97.4381096756123,0
556.77,567.5,31,68,19747,72964,2024-11-01,2024-12-06,568.64,37,53217,48433338,18287295,0.150648299318127,97.5887579749304,0.729359684227838
546.06,548,10,369,910,71586,2024-11-01,2024-11-08,568.64,359,70676,161842199,78603767,0.0442319743814158,99.3827475119762,0.987288017210069
550.48,560,0,74,0,70448,2024-11-01,2024-12-13,568.64,74,70448,831409,831409,8.47332660579811,55.8211421815256,1
461.28,462,965,972,42460,69984,2024-11-01,2024-11-29,568.64,7,27524,236849892,81006864,0.0295478285461916,99.6993163079002,0.393289894833105
259.89,260,6238,6232,43666,68552,2024-11-01,2024-12-20,568.64,-6,24886,871138698,264257775,0.00786924058790923,99.9202768742114,0.363023690045513
552.94,553,6638,10883,39828,65298,2024-11-01,2024-11-01,568.64,4245,25470,93001030,32389597,0.0702121256076411,99.3074474551518,0.390057888449876
507.88,510,223,306,31443,64872,2024-11-01,2024-12-06,568.64,83,33429,48433338,18287295,0.133940799207356,97.7226987741378,0.515307066222715
505.42,507,406,407,37352,64306,2024-11-01,2024-11-29,568.64,1,26954,236849892,81006864,0.0271505295852109,99.7264668374854,0.419152178645849
553.3,563,56,66,29904,64020,2024-11-01,2024-12-06,568.64,10,34116,48433338,18287295,0.132181680312846,97.8548804544506,0.532895970009372
504.69,505,2002,2014,52052,62434,2024-11-01,2024-11-08,568.64,12,10382,161842199,78603767,0.0385770833477121,99.4213245953239,0.166287599705289
512.67,515,165,263,23925,61279,2024-11-01,2024-12-06,568.64,98,37354,48433338,18287295,0.126522355324756,97.9814028097754,0.609572610519101
540.63,542,23,447,1679,61239,2024-11-01,2024-11-08,568.64,424,59560,161842199,78603767,0.0378387097916286,99.4591633051155,0.972582831202338
487.06,488,650,650,38350,61100,2024-11-01,2024-11-29,568.64,0,22750,236849892,81006864,0.0257969296435229,99.7522637671289,0.372340425531915
509.58,510,1390,1448,38920,60816,2024-11-01,2024-11-08,568.64,58,21896,161842199,78603767,0.0375773440893497,99.4967406492049,0.360036832412523
580.16,601,29,29,60436,60436,2024-11-01,2024-12-06,568.64,0,0,48433338,18287295,0.124781818672089,98.1061846284475,0
394.86,395,3324,4293,29916,60102,2024-11-01,2024-11-15,568.64,969,30186,962401766,370639897,0.00624500100927703,99.9440796952985,0.502246181491465
279.9,280,5833,5833,58330,58330,2024-11-01,2024-12-20,568.64,0,0,871138698,264257775,0.00669583387053252,99.9269727080819,0
571.23,592,47,28,65330,58156,2024-11-01,2024-11-08,568.64,-19,-7174.00000000002,161842199,78603767,0.0359337678055153,99.5326744170104,-0.123357865052617
359.91,360,6433,6449,32165,58041,2024-11-01,2024-11-15,568.64,16,25876,962401766,370639897,0.00603084928254381,99.950110544581,0.445822780448304
129.98,130,28998,28928,28998,57856,2024-11-01,2024-12-20,568.64,-70,28858,871138698,264257775,0.00664142232836498,99.9336141304103,0.498790099557522
474.34,475,867,869,43350,57354,2024-11-01,2024-11-22,568.64,2,14004,84503763,32131963,0.0678715337209303,99.2193886087653,0.244167799979077
542.74,550,0,79,0,57354,2024-11-01,2024-12-13,568.64,79,57354,831409,831409,6.89840980792847,62.7195519894541,1
369.91,370,6322,6342,44254,57078,2024-11-01,2024-11-15,568.64,20,12824,962401766,370639897,0.00593078712201781,99.956041331703,0.22467500613196
483.75,485,399,453,33516,56625,2024-11-01,2024-12-06,568.64,54,23109,48433338,18287295,0.116913271598171,98.2230979000456,0.408105960264901
555.9,556,4815,5579,33705,55790,2024-11-01,2024-11-01,568.64,764,22085,93001030,32389597,0.0599885829221461,99.367436038074,0.395859473023839
544.96,545,13620,13843,40860,55372,2024-11-01,2024-11-01,568.64,223,14512,93001030,32389597,0.0595391255344161,99.4269751636084,0.26208191865925
344.94,345,9343,9202,28029,55212,2024-11-01,2024-11-15,568.64,-141,27183,962401766,370639897,0.00573689720349079,99.9617782289065,0.492338622038687
580.99,603,25,25,55025,55025,2024-11-01,2024-11-22,568.64,0,0,84503763,32131963,0.0651154434388916,99.2845040522042,0
570.98,610,15,14,42480,54628,2024-11-01,2024-12-06,568.64,-1,12148,48433338,18287295,0.11279007860247,98.3358879786481,0.222376803104635
569.05,590,23,26,33626,54470,2024-11-01,2024-12-06,568.64,3,20844,48433338,18287295,0.112463857023441,98.4483518356715,0.382669359280338
199.95,200,10869,10893,43476,54465,2024-11-01,2024-12-20,568.64,24,10989,871138698,264257775,0.00625216169652929,99.9398662921068,0.201762599834756
571.07,620,19,11,76380,53823,2024-11-01,2024-12-20,568.64,-8,-22557,871138698,264257775,0.00617846505080871,99.9460447571576,-0.419095925533694
541.58,543,4,379,272,53818,2024-11-01,2024-11-08,568.64,375,53546,161842199,78603767,0.0332533791140591,99.5659277961244,0.994945928871381
556.39,567,48,50,32208,53050,2024-11-01,2024-12-06,568.64,2,20842,48433338,18287295,0.109531992199257,98.5578838278708,0.392874646559849
494.75,495,2070,2075,47610,51875,2024-11-01,2024-11-08,568.64,5,4265,161842199,78603767,0.0320528269638749,99.5979806230883,0.0822168674698795
546.88,555,0,62,0,50344,2024-11-01,2024-12-13,568.64,62,50344,831409,831409,6.05526281288752,68.7748148023416,1
498.36,500,244,304,26108,49856,2024-11-01,2024-12-06,568.64,60,23748,48433338,18287295,0.102937361038382,98.6608211889092,0.476331835686778
577.48,593,32,32,49664,49664,2024-11-01,2024-11-22,568.64,0,0,84503763,32131963,0.0587713472594114,99.3432753994636,0
554.86,564,44,54,24244,49356,2024-11-01,2024-12-06,568.64,10,25112,48433338,18287295,0.101905014269304,98.7627262031785,0.508793257152119
574.14,586,41,41,48626,48626,2024-11-01,2024-12-06,568.64,0,0,48433338,18287295,0.100397787986449,98.8631239911649,0
491.34,492,734,734,48444,48444,2024-11-01,2024-11-29,568.64,0,0,236849892,81006864,0.0204534608780822,99.772717228007,0
349.81,350,2533,2537,25330,48203,2024-11-01,2024-11-29,568.64,4,22873,236849892,81006864,0.020351708667868,99.7930689366749,0.474514034396199
469.38,470,735,773,30135,47926,2024-11-01,2024-11-22,568.64,38,17791,84503763,32131963,0.0567146341163529,99.3999900335799,0.371218127947252
538.87,545,0,78,0,47814,2024-11-01,2024-12-13,568.64,78,47814,831409,831409,5.75096011710241,74.525774919444,1
254.91,255,5561,5307,38927,47763,2024-11-01,2024-12-20,568.64,-254,8835.99999999999,871138698,264257775,0.00548282381550223,99.9515275809731,0.184996754810209
578.01,592,34,34,47566,47566,2024-11-01,2024-11-22,568.64,0,0,84503763,32131963,0.0562886175849944,99.4562786511649,0
119.99,120,47319,47320,47319,47320,2024-11-01,2024-12-20,568.64,1,1,871138698,264257775,0.00543197083410936,99.9569595518072,2.11327134404057e-05
459.1,460,502,514,31124,46260,2024-11-01,2024-12-06,568.64,12,15136,48433338,18287295,0.0955127230751678,98.9586367142401,0.327194120190229
464.39,465,748,746,30668,45506,2024-11-01,2024-11-22,568.64,-2,14838,84503763,32131963,0.0538508563222208,99.5101295074871,0.326066892277941
570.11,589,362,24,323990,45336,2024-11-01,2024-11-01,568.64,-338,-278654,93001030,32389597,0.0487478472012622,99.4757230108097,-6.14641785777307
489.77,490,1965,1870,39300,43010,2024-11-01,2024-11-08,568.64,-95,3710,161842199,78603767,0.0265752691607953,99.6245558922491,0.0862590095326668
514.63,515,1123,1145,33690,42365,2024-11-01,2024-11-08,568.64,22,8675,161842199,78603767,0.0261767328062565,99.6507326250554,0.204768086864157
468.26,469,566,569,27168,42106,2024-11-01,2024-11-29,568.64,3,14938,236849892,81006864,0.0177775044119505,99.8108464410868,0.354771291502399
558.11,571,0,32,0,41248,2024-11-01,2024-12-13,568.64,32,41248,831409,831409,4.96121644100557,79.4869913604496,1
560.13,573,46,32,40480,41184,2024-11-01,2024-12-06,568.64,-14,704,48433338,18287295,0.0850323386754801,99.0436690529156,0.0170940170940171
463.43,464,714,714,35700,40698,2024-11-01,2024-11-29,568.64,0,4997.99999999999,236849892,81006864,0.0171830350676284,99.8280294761545,0.12280701754386
239.92,240,5166,5058,25830,40464,2024-11-01,2024-12-20,568.64,-108,14634,871138698,264257775,0.00464495494149199,99.9616045067487,0.361654804270463
499.68,501,302,302,24764,39864,2024-11-01,2024-11-29,568.64,0,15100,236849892,81006864,0.0168309133111194,99.8448603894656,0.378787878787879
364.92,365,4586,4843,27516,38744,2024-11-01,2024-11-15,568.64,257,11228,962401766,370639897,0.00402576152380003,99.9658039904303,0.289799710922982
354.94,355,6434,6434,25736,38604,2024-11-01,2024-11-15,568.64,0,12868,962401766,370639897,0.00401121458457507,99.9698152050149,0.333333333333333
374.63,375,866,1034,20784,38258,2024-11-01,2024-12-06,568.64,168,17474,48433338,18287295,0.0789910453828311,99.1226600982984,0.45674107376235
561.4,575,0,28,0,38080,2024-11-01,2024-12-13,568.64,28,38080,831409,831409,4.58017654367465,84.0671679041242,1
464.83,465,2188,2220,30632,37740,2024-11-01,2024-11-08,568.64,32,7108,161842199,78603767,0.0233190108841761,99.6740516359395,0.188341282458929
299.98,300,18789,18837,18789,37674,2024-11-01,2024-11-15,568.64,48,18885,962401766,370639897,0.00391458134543781,99.9737297863603,0.50127408823061
434.55,435,827,832,22329,37440,2024-11-01,2024-11-22,568.64,5,15111,84503763,32131963,0.0443057192612831,99.5544352267484,0.403605769230769
219.94,220,6226,6226,24904,37356,2024-11-01,2024-12-20,568.64,0,12452,871138698,264257775,0.00428818052576055,99.9658926872745,0.333333333333333
466.39,467,607,607,29136,37027,2024-11-01,2024-11-29,568.64,0,7891,236849892,81006864,0.0156331082473113,99.8604934977129,0.213114754098361
576.76,591,26,26,37024,37024,2024-11-01,2024-11-22,568.64,0,0,84503763,32131963,0.0438134334917133,99.5982486602401,0
580.43,602,17,17,36669,36669,2024-11-01,2024-12-06,568.64,0,0,48433338,18287295,0.0757102473506988,99.1983703456491,0
229.93,230,4895,4895,19580,34265,2024-11-01,2024-12-20,568.64,0,14685,871138698,264257775,0.00393335757884102,99.9698260448533,0.428571428571429
459.38,460,549,549,21960,34038,2024-11-01,2024-11-22,568.64,0,12078,84503763,32131963,0.0402798630399453,99.6385285232801,0.354838709677419
439.51,440,693,694,20097,34006,2024-11-01,2024-11-22,568.64,1,13909,84503763,32131963,0.0402419949038246,99.6787705181839,0.409016055990119
490.35,491,522,522,33930,33930,2024-11-01,2024-11-29,568.64,0,0,236849892,81006864,0.0143255290148074,99.8748190267277,0
556.88,557,2095,2813,16760,33756,2024-11-01,2024-11-01,568.64,718,16996,93001030,32389597,0.0362963722014692,99.5120193830111,0.503495674842991
546.85,549,74,156,7918,33540,2024-11-01,2024-11-08,568.64,82,25622,161842199,78603767,0.0207238904360166,99.6947755263755,0.763923673225999
571.77,594,36,15,50400,33345,2024-11-01,2024-11-01,568.64,-21,-17055,93001030,32389597,0.0358544416120983,99.5478738246232,-0.511470985155196
569.35,595,23,13,39031,33345,2024-11-01,2024-12-06,568.64,-10,-5685.99999999999,48433338,18287295,0.0688472060298632,99.267217551679,-0.170520317888739
542.46,544,8,216,584,33264,2024-11-01,2024-11-08,568.64,208,32680,161842199,78603767,0.0205533539494233,99.715328880325,0.982443482443482
462.52,463,681,681,32688,32688,2024-11-01,2024-11-29,568.64,0,0,236849892,81006864,0.0138011462551142,99.8886201729828,0
379.65,380,849,926,19527,32410,2024-11-01,2024-12-06,568.64,77,12883,48433338,18287295,0.0669167175716858,99.3341342692507,0.397500771366862
204.96,205,7938,7940,23814,31760,2024-11-01,2024-12-20,568.64,2,7946,871138698,264257775,0.00364580290979107,99.9734718477631,0.250188916876574
364.78,365,1426,1427,18538,31394,2024-11-01,2024-11-29,568.64,1,12856,236849892,81006864,0.0132548086616818,99.9018749816445,0.409505000955597
551.94,552,4668,5093,32676,30558,2024-11-01,2024-11-01,568.64,425,-2118,93001030,32389597,0.0328577006082621,99.5807315252315,-0.0693108187708621
467.28,468,423,422,19881,30384,2024-11-01,2024-11-29,568.64,-1,10503,236849892,81006864,0.0128283782371326,99.9147033598816,0.345675355450237
550.59,558,23,41,12029,30381,2024-11-01,2024-12-06,568.64,18,18352,48433338,18287295,0.0627274543827642,99.3968617236334,0.604061749119516
569.7,600,320,10,673920,30300,2024-11-01,2024-11-08,568.64,-310,-643620,161842199,78603767,0.0187219403760079,99.734050820701,-21.2415841584158
570,595,164,12,252560,30000,2024-11-01,2024-11-08,568.64,-152,-222560,161842199,78603767,0.0185365746297108,99.7525873953307,-7.41866666666667
189.96,190,7472,7473,14944,29892,2024-11-01,2024-12-20,568.64,1,14948,871138698,264257775,0.00343137092504643,99.9769032186882,0.500066907533788
344.82,345,1655,1652,18205,29736,2024-11-01,2024-11-29,568.64,-3,11531,236849892,81006864,0.0125547872320752,99.9272581471137,0.387779122948615
571.5,720,2,2,28108,29700,2024-11-01,2024-12-20,568.64,0,1592,871138698,264257775,0.00340933080670008,99.9803125494948,0.0536026936026936
414.68,415,924,924,19404,29568,2024-11-01,2024-11-22,568.64,0,10164,84503763,32131963,0.0349901577755774,99.7137606759595,0.34375
399.71,400,996,1018,18924,29522,2024-11-01,2024-11-22,568.64,22,10598,84503763,32131963,0.0349357223299038,99.7486963982894,0.358986518528555
481.42,482,492,492,28536,28536,2024-11-01,2024-11-29,568.64,0,0,236849892,81006864,0.0120481372227098,99.9393062843364,0
359.88,360,2376,2376,28512,28512,2024-11-01,2024-11-29,568.64,0,0,236849892,81006864,0.0120380042225225,99.9513442885589,0
539.98,540,13702,13681,41106,27362,2024-11-01,2024-11-01,568.64,-21,-13744,93001030,32389597,0.0294211795288719,99.6101527047604,-0.502302463270229
294.98,295,13627,13658,13627,27316,2024-11-01,2024-11-15,568.64,31,13689,962401766,370639897,0.00283831565620797,99.9765681020166,0.501134866012593
570.16,597,10,10,16100,26840,2024-11-01,2024-11-08,568.64,0,10740,161842199,78603767,0.0165840554353812,99.7691714507661,0.400149031296572
429.62,430,712,698,20648,26524,2024-11-01,2024-11-22,568.64,-14,5876,84503763,32131963,0.0313879513270906,99.7800843496165,0.221535213391645
309.97,310,8112,8732,16224,26196,2024-11-01,2024-11-15,568.64,620,9972,962401766,370639897,0.00272194014240826,99.979290042159,0.380668804397618
493.55,495,173,180,17473,26100,2024-11-01,2024-12-06,568.64,7,8627,48433338,18287295,0.0538885013459118,99.4507502249793,0.330536398467433
460.5,461,521,521,26050,26050,2024-11-01,2024-11-29,568.64,0,0,236849892,81006864,0.0109985272866411,99.9623428158456,0
424.64,425,718,717,17950,25812,2024-11-01,2024-11-22,568.64,-1,7862,84503763,32131963,0.0305453852984038,99.8106297349149,0.304587013792035
498.7,499,838,843,20112,25290,2024-11-01,2024-11-08,568.64,5,5178,161842199,78603767,0.0156263324128462,99.7847977831789,0.204744958481613
384.96,385,5293,6307,21172,25228,2024-11-01,2024-11-08,568.64,1014,4056,161842199,78603767,0.0155880234919448,99.8003858066709,0.160773743459648
419.91,420,2811,2791,16866,25119,2024-11-01,2024-11-08,568.64,-20,8253,161842199,78603767,0.0155206739374568,99.8159064806083,0.328556073092082
544.22,546,10,140,1140,24920,2024-11-01,2024-11-08,568.64,130,23780,161842199,78603767,0.0153977146590797,99.8313041952674,0.954253611556982
550.94,551,3525,4128,17625,24768,2024-11-01,2024-11-01,568.64,603,7143,93001030,32389597,0.0266319631083656,99.6367846678687,0.288396317829457
503.18,505,94,133,11656,24206,2024-11-01,2024-12-06,568.64,39,12550,48433338,18287295,0.0499779717846414,99.500728196764,0.518466495910105
329.96,330,6123,5996,18369,23984,2024-11-01,2024-11-15,568.64,-127,5615,962401766,370639897,0.00249209850265383,99.9817821406616,0.234114409606404
571.49,593,27,11,34074,23661,2024-11-01,2024-11-01,568.64,-16,-10413,93001030,32389597,0.025441653710717,99.6622263215795,-0.440091289463674
434.89,435,2149,2151,15043,23661,2024-11-01,2024-11-08,568.64,2,8618,161842199,78603767,0.0146197964104529,99.8459239916779,0.364228054604624
573.55,603,185,8,391275,23560,2024-11-01,2024-11-29,568.64,-177,-367715,236849892,81006864,0.00994722851720785,99.9722900443628,-15.60759762309
334.95,335,4473,4393,13419,21965,2024-11-01,2024-11-15,568.64,-80,8546,962401766,370639897,0.0022823108576881,99.9840644515193,0.389073526064193
570.69,592,26,10,31954,21310,2024-11-01,2024-11-01,568.64,-16,-10644,93001030,32389597,0.0229137247189628,99.6851400462984,-0.499483810417644
570.6,597,8,8,12752,21120,2024-11-01,2024-11-22,568.64,0,8368,84503763,32131963,0.0249929698396981,99.8356227047546,0.396212121212121
571.34,601,38,7,75658,20762,2024-11-01,2024-11-08,568.64,-31,-54896,161842199,78603767,0.0128285454154018,99.8587525370933,-2.64406126577401
546.17,553,21,30,8043,20490,2024-11-01,2024-12-06,568.64,9,12447,48433338,18287295,0.042305570596848,99.5430337673608,0.607467057101025
570.08,599,37,7,69005,20244,2024-11-01,2024-11-22,568.64,-30,-48761,84503763,32131963,0.0239563296133925,99.859579034368,-2.40866429559376
577.69,592,14,14,20034,20034,2024-11-01,2024-12-06,568.64,0,0,48433338,18287295,0.0413640703434482,99.5843978377043,0
558.7,572,0,15,0,19950,2024-11-01,2024-12-13,568.64,15,19950,831409,831409,2.39954102012367,86.4667089242479,1
571.19,596,20,8,32760,19848,2024-11-01,2024-11-08,568.64,-12,-12912,161842199,78603767,0.0122637977750166,99.8710163348683,-0.650544135429262
484.75,485,818,773,16360,19325,2024-11-01,2024-11-08,568.64,-45,2965,161842199,78603767,0.0119406434906387,99.8829569783589,0.153428201811125
571.08,595,106,8,161650,19136,2024-11-01,2024-11-01,568.64,-98,-142514,93001030,32389597,0.0205761162000034,99.7057161624984,-7.44742892976589
579.41,770,1,1,19059,19059,2024-11-01,2024-12-20,568.64,0,0,871138698,264257775,0.0021878261227238,99.9825003756176,0
555.22,567,0,16,0,18848,2024-11-01,2024-12-13,568.64,16,18848,831409,831409,2.26699494472636,88.7337038689742,1
419.64,420,395,515,9480,18540,2024-11-01,2024-11-22,568.64,120,9060,84503763,32131963,0.0219398513649623,99.8815188857329,0.488673139158576
534.97,535,4429,6126,13287,18378,2024-11-01,2024-11-01,568.64,1697,5091,93001030,32389597,0.0197610714634021,99.7254772339618,0.277015997388182
499.99,500,16600,18101,16600,18101,2024-11-01,2024-11-01,568.64,1501,1501,93001030,32389597,0.0194632252997628,99.7449404592616,0.0829235953814706
324.95,325,4122,3619,8244,18095,2024-11-01,2024-11-15,568.64,-503,9851,962401766,370639897,0.00188019189482659,99.9859446434141,0.544404531638574
369.69,370,427,576,8540,17856,2024-11-01,2024-12-06,568.64,149,9316,48433338,18287295,0.036867167817341,99.6212650055216,0.521729390681004
459.86,460,1207,1258,14484,17612,2024-11-01,2024-11-08,568.64,51,3128,161842199,78603767,0.0108822050792822,99.8938391834382,0.177606177606178
571.57,630,3,3,14250,17529,2024-11-01,2024-11-29,568.64,0,3279,236849892,81006864,0.00740089001180545,99.9796909343746,0.187061441040561
529.98,530,8154,8723,24462,17446,2024-11-01,2024-11-01,568.64,569,-7016,93001030,32389597,0.0187589320247313,99.7636993912863,-0.402155221827353
564.19,580,0,11,0,17391,2024-11-01,2024-12-13,568.64,11,17391,831409,831409,2.09175026972284,90.8254541386971,1
354.8,355,860,860,10320,17200,2024-11-01,2024-11-29,568.64,0,6880,236849892,81006864,0.0072619834675711,99.9869529178422,0.4
399.95,400,3416,3438,10248,17190,2024-11-01,2024-11-08,568.64,22,6942,161842199,78603767,0.0106214572628243,99.904460640701,0.403839441535777
570.08,594,7,7,10997,16744,2024-11-01,2024-11-22,568.64,0,5747,84503763,32131963,0.0198145022251849,99.9013333879581,0.343227424749164
224.94,225,2784,2754,11136,16524,2024-11-01,2024-12-20,568.64,-30,5388,871138698,264257775,0.00189682768518223,99.9843972033027,0.326071169208424
454.63,455,443,443,16391,16391,2024-11-01,2024-11-22,568.64,0,0,84503763,32131963,0.0193967693486029,99.9207301573067,0
234.93,235,2340,2340,11700,16380,2024-11-01,2024-12-20,568.64,0,4680,871138698,264257775,0.00188029759642247,99.9862775008992,0.285714285714286
244.92,245,2042,2023,12252,16184,2024-11-01,2024-12-20,568.64,-19,3932,871138698,264257775,0.00185779830894391,99.9881352992081,0.242956005931785
550.51,559,8,19,3736,16131,2024-11-01,2024-12-06,568.64,11,12395,48433338,18287295,0.0333055714640193,99.6545705769856,0.76839625565681
449.87,450,1197,1227,13167,15951,2024-11-01,2024-11-08,568.64,30,2784,161842199,78603767,0.00985589673061721,99.9143165374316,0.174534511942825
556.74,569,0,13,0,15938,2024-11-01,2024-12-13,568.64,13,15938,831409,831409,1.9169867057008,92.7424408443979,1
404.69,405,521,499,9899,15469,2024-11-01,2024-11-22,568.64,-22,5570,84503763,32131963,0.0183056936766236,99.9390358509834,0.360074988687052
570.4,596,8,6,13048,15360,2024-11-01,2024-11-22,568.64,-2,2312,84503763,32131963,0.0181767053379623,99.9572125563213,0.150520833333334
399.55,400,314,340,9106,15300,2024-11-01,2024-12-06,568.64,26,6194,48433338,18287295,0.0315898111338104,99.6861603881194,0.40483660130719
269.99,270,14978,14978,14978,14978,2024-11-01,2024-11-15,568.64,0,0,962401766,370639897,0.00155631468365365,99.9875009580978,0
468.98,470,129,142,8514,14484,2024-11-01,2024-12-06,568.64,13,5970,48433338,18287295,0.0299050212066738,99.7160654093261,0.412178956089478
289.98,290,6689,7185,6689,14370,2024-11-01,2024-11-15,568.64,496,7681,962401766,370639897,0.0014931394047338,99.9889940975025,0.534516353514266
556.95,568,0,13,0,14365,2024-11-01,2024-12-13,568.64,13,14365,831409,831409,1.72778981223441,94.4702306566323,1
394.55,395,305,311,9150,13995,2024-11-01,2024-12-06,568.64,6,4845,48433338,18287295,0.0288953860665148,99.7449607953926,0.346195069667739
424.9,425,1373,1376,6865,13760,2024-11-01,2024-11-08,568.64,3,6895,161842199,78603767,0.00850210889682734,99.9228186463285,0.50109011627907
571.52,640,2,2,11924,13696,2024-11-01,2024-11-29,568.64,0,1772,236849892,81006864,0.00578256544022406,99.9927354832824,0.129380841121495
570.84,593,12,6,16632,13296,2024-11-01,2024-11-08,568.64,-6,-3336,161842199,78603767,0.00821540987588781,99.9310340562043,-0.250902527075812
519.98,520,6524,6621,19572,13242,2024-11-01,2024-11-01,568.64,97,-6330,93001030,32389597,0.0142385519816286,99.7779379432679,-0.478024467603081
573.21,599,1130,5,1998970,12895,2024-11-01,2024-11-15,568.64,-1125,-1986075,962401766,370639897,0.00133987700932793,99.9903339745119,-154.018999612253
444.66,445,377,377,12818,12818,2024-11-01,2024-11-22,568.64,0,0,84503763,32131963,0.0151685552748698,99.9723811115962,0
169.98,170,6400,6400,12800,12800,2024-11-01,2024-12-20,568.64,0,0,871138698,264257775,0.0014693412230896,99.9896046404312,0
214.96,215,3121,3121,12484,12484,2024-11-01,2024-12-20,568.64,0,0,871138698,264257775,0.00143306686164457,99.9910377072928,0
537.46,537.5,3068,3103,9204,12412,2024-11-01,2024-11-01,568.64,35,3208,93001030,32389597,0.0133460887476192,99.7912840320156,0.258459555269094
571.49,695,1,1,11505,12351,2024-11-01,2024-12-20,568.64,0,846,871138698,264257775,0.00141779948799841,99.9924555067808,0.0684964780179743
469.99,470,12345,12344,12345,12344,2024-11-01,2024-11-01,568.64,-1,-1,93001030,32389597,0.013272971277845,99.8045570032934,-8.10110174983798e-05
569.18,610,2566,3,7061632,12246,2024-11-01,2024-11-29,568.64,-2563,-7049386,236849892,81006864,0.00517036334557417,99.997905846628,-575.648048342316
473.87,475,32,108,2432,12204,2024-11-01,2024-12-06,568.64,76,9772,48433338,18287295,0.0251975199396746,99.7701583153323,0.800721075057358
384.61,385,277,312,7479,12168,2024-11-01,2024-12-06,568.64,35,4689,48433338,18287295,0.0251231909723009,99.7952815063046,0.385355029585799
264.99,265,12150,12150,12150,12150,2024-11-01,2024-11-15,568.64,0,0,962401766,370639897,0.00126246651130937,99.9915964410232,0
389.97,390,4014,4028,12042,12084,2024-11-01,2024-11-08,568.64,14,41.9999999999982,161842199,78603767,0.00746653226084749,99.9385005884652,0.00347567030784493
571.83,602,19,4,38228,12068,2024-11-01,2024-11-08,568.64,-15,-26160,161842199,78603767,0.00745664608771165,99.9459572345529,-2.16771627444481
547.96,548,1903,2942,7612,11768,2024-11-01,2024-11-01,568.64,1039,4156,93001030,32389597,0.0126536232985807,99.817210626592,0.353161114887831
364.68,365,127,364,2413,11648,2024-11-01,2024-12-06,568.64,237,9235,48433338,18287295,0.024049550332459,99.8193310566371,0.792839972527473
139.99,140,11629,11629,11629,11629,2024-11-01,2024-12-20,568.64,0,0,871138698,264257775,0.00133491945963351,99.9937904262405,0
478.79,480,52,96,4368,11616,2024-11-01,2024-12-06,568.64,44,7248,48433338,18287295,0.023983480139238,99.8433145367763,0.62396694214876
449.47,450,215,219,7955,11607,2024-11-01,2024-11-22,568.64,4,3652,84503763,32131963,0.01373548299855,99.9861165945947,0.314637718618075
569.62,625,2,2,8628,11076,2024-11-01,2024-11-15,568.64,0,2448,962401766,370639897,0.00115087070611215,99.9927473117293,0.221018418201517
552.43,552.5,1397,1581,6985,11067,2024-11-01,2024-11-01,568.64,184,4082,93001030,32389597,0.0118998682057607,99.8291104947977,0.368844311918316
563.42,578,0,7,0,10206,2024-11-01,2024-12-13,568.64,7,10206,831409,831409,1.22755466924221,95.6977853258745,1
543.96,544,1380,2550,6900,10200,2024-11-01,2024-11-01,568.64,1170,3300,93001030,32389597,0.0109676204661389,99.8400781152639,0.323529411764706
409.52,410,206,208,6592,9984,2024-11-01,2024-12-06,568.64,2,3392,48433338,18287295,0.0206139002849649,99.8639284370613,0.33974358974359
449.2,450,110,124,6050,9920,2024-11-01,2024-12-06,568.64,14,3870,48433338,18287295,0.0204817598985228,99.8844101969598,0.390120967741935
569.71,594,43,4,60200,9716,2024-11-01,2024-11-08,568.64,-39,-50484,161842199,78603767,0.00600337863674232,99.9519606131896,-5.19596541786744
209.97,210,3212,3212,9636,9636,2024-11-01,2024-12-20,568.64,0,0,871138698,264257775,0.00110613843950714,99.99489656468,0
284.99,285,9611,9611,9611,9611,2024-11-01,2024-11-15,568.64,0,0,962401766,370639897,0.000998647377793777,99.9937459591071,0
548.94,549,1412,1562,5648,9372,2024-11-01,2024-11-01,568.64,150,3724,93001030,32389597,0.0100773077459465,99.8501554230099,0.397353819889031
319.96,320,2319,2323,4638,9292,2024-11-01,2024-11-15,568.64,4,4654,962401766,370639897,0.000965501137702609,99.9947114602448,0.500860955660784
149.99,150,9286,9286,9286,9286,2024-11-01,2024-12-20,568.64,0,0,871138698,264257775,0.00106596114043828,99.9959625258204,0
194.96,195,2332,2302,4664,9208,2024-11-01,2024-12-20,568.64,-30,4544,871138698,264257775,0.00105700734236008,99.9970195331628,0.493483927019983
454.89,455,808,821,9696,9031,2024-11-01,2024-11-08,568.64,13,-665,161842199,78603767,0.00558012684936393,99.957540740039,-0.0736352563392758
561.01,576,0,6,0,8994,2024-11-01,2024-12-13,568.64,6,8994,831409,831409,1.08177804185425,96.7795633677288,1
571.86,615,2,2,7230,8628,2024-11-01,2024-11-15,568.64,0,1398,962401766,370639897,0.00089650708309278,99.9956079673279,0.162030598052851
159.98,160,4227,4227,8454,8454,2024-11-01,2024-12-20,568.64,0,0,871138698,264257775,0.000970453960937458,99.9979899871237,0
536.97,537,2286,2760,6858,8280,2024-11-01,2024-11-01,568.64,474,1422,93001030,32389597,0.00890312720192454,99.8590585502118,0.171739130434783
359.69,360,80,254,1440,7874,2024-11-01,2024-12-06,568.64,174,6434,48433338,18287295,0.0162573969194525,99.9006675938792,0.817119634239269
394.95,395,1597,1568,6388,7840,2024-11-01,2024-11-08,568.64,-29,1452,161842199,78603767,0.00484422483656441,99.9623849648756,0.185204081632653
184.97,185,2482,2588,4964,7764,2024-11-01,2024-12-20,568.64,106,2800,871138698,264257775,0.000891247285630284,99.9988812344094,0.360638845955693
571.24,610,2,2,5832,7752,2024-11-01,2024-11-15,568.64,0,1920,962401766,370639897,0.000805484806228005,99.9964134521341,0.247678018575851
314.97,315,2181,2572,4362,7716,2024-11-01,2024-11-15,568.64,391,3354,962401766,370639897,0.000801744164713015,99.9972151962988,0.434681181959565
404.48,405,145,148,4930,7696,2024-11-01,2024-12-06,568.64,3,2766,48433338,18287295,0.0158898814696604,99.9165574753489,0.359407484407484
444.26,445,103,104,5150,7696,2024-11-01,2024-12-06,568.64,1,2546,48433338,18287295,0.0158898814696604,99.9324473568186,0.330821205821206
561.4,574,0,6,0,7560,2024-11-01,2024-12-13,568.64,6,7560,831409,831409,0.909299754994233,97.688863122723,1
545.96,546,1792,1866,7168,7464,2024-11-01,2024-11-01,568.64,74,295.999999999999,93001030,32389597,0.00802571756463343,99.8670842677764,0.0396570203644157
571.94,596,3,3,4875,7218,2024-11-01,2024-11-01,568.64,0,2343,93001030,32389597,0.00776120436515595,99.8748454721416,0.324605153782211
414.66,415,200,200,6800,6800,2024-11-01,2024-12-06,568.64,0,0,48433338,18287295,0.0140399160594713,99.946487272878,0
509.99,510,6564,6626,19692,6626,2024-11-01,2024-11-01,568.64,62,-13066,93001030,32389597,0.00712465227535652,99.8819701244169,-1.97192876546936
504.99,505,6090,6574,12180,6574,2024-11-01,2024-11-01,568.64,484,-5606,93001030,32389597,0.00706873891611738,99.889038863333,-0.852753270459386
524.98,525,2963,3246,8889,6492,2024-11-01,2024-11-01,568.64,283,-2397,93001030,32389597,0.00698056784962489,99.8960194311827,-0.369223659889094
419.43,420,111,112,4440,6384,2024-11-01,2024-12-06,568.64,1,1944,48433338,18287295,0.0131810035475977,99.9596682764256,0.304511278195489
571.13,603,13,2,28210,6374,2024-11-01,2024-11-08,568.64,-11,-21836,161842199,78603767,0.00393840422299255,99.9663233690986,-3.42579228114214
354.98,355,3078,3092,3078,6184,2024-11-01,2024-11-08,568.64,14,3106,161842199,78603767,0.00382100591700438,99.9701443750156,0.502263906856404
349.74,350,193,236,3474,6136,2024-11-01,2024-12-06,568.64,43,2662,48433338,18287295,0.0126689595501347,99.9723372359758,0.433833116036506
274.99,275,5709,5709,5709,5709,2024-11-01,2024-11-15,568.64,0,0,962401766,370639897,0.000593203400252281,99.9978083996991,0
579.46,635,1,1,5554,5554,2024-11-01,2024-12-20,568.64,0,0,871138698,264257775,0.000637556340081221,99.9995187907494,0
579.9,598,3,3,5430,5430,2024-11-01,2024-11-22,568.64,0,0,84503763,32131963,0.00642574934799058,99.9925423439427,0
569.38,620,1,1,3765,5062,2024-11-01,2024-11-15,568.64,0,1297,962401766,370639897,0.000525975759691198,99.9983343754587,0.25622283682339
570.4,620,1,1,3645,4960,2024-11-01,2024-11-29,568.64,0,1315,236849892,81006864,0.00209415337204376,100,0.265120967741935
449.99,450,4904,4904,4904,4904,2024-11-01,2024-11-01,568.64,0,0,93001030,32389597,0.00527305987901424,99.9012924910617,0
404.95,405,960,964,2880,4820,2024-11-01,2024-11-08,568.64,4,1940,161842199,78603767,0.00297820965717353,99.9731225846728,0.402489626556017
439.89,440,443,437,3987,4807,2024-11-01,2024-11-08,568.64,-6,820.000000000001,161842199,78603767,0.00297017714150065,99.9760927618143,0.170584564177242
495.98,496,2399,2399,4798,4798,2024-11-01,2024-11-01,568.64,0,0,93001030,32389597,0.00515908264671907,99.9064515737084,0
546.96,547,1173,1191,4692,4764,2024-11-01,2024-11-01,568.64,18,72,93001030,32389597,0.00512252391183194,99.9115740976202,0.0151133501259446
279.99,280,4673,4673,4673,4673,2024-11-01,2024-11-15,568.64,0,0,962401766,370639897,0.000485556049987548,99.9988199315087,0
304.98,305,2221,2240,4442,4480,2024-11-01,2024-11-15,568.64,19,38,962401766,370639897,0.000465502055198847,99.9992854335639,0.00848214285714286
349.98,350,2216,2234,4432,4468,2024-11-01,2024-11-08,568.64,18,36,161842199,78603767,0.00276071384818492,99.9788534756624,0.00805729632945389
496.99,497,2148,4448,4296,4448,2024-11-01,2024-11-01,568.64,2300,152,93001030,32389597,0.00478274272876333,99.916356840349,0.0341726618705036
409.95,410,854,857,4270,4285,2024-11-01,2024-11-08,568.64,3,15,161842199,78603767,0.00264764074294369,99.9815011164054,0.00350058343057176
497.99,498,2497,4268,2497,4268,2024-11-01,2024-11-01,568.64,1771,1771,93001030,32389597,0.00458919648524323,99.9209460368342,0.414948453608247
179.98,180,2095,2096,4190,4192,2024-11-01,2024-12-20,568.64,1,2,871138698,264257775,0.000481209250561843,100,0.000477099236641221
369.99,370,4015,4015,4015,4015,2024-11-01,2024-11-01,568.64,0,0,93001030,32389597,0.00431715648740665,99.9252631933216,0
369.97,370,315,1320,945,3960,2024-11-01,2024-11-08,568.64,1005,3015,161842199,78603767,0.00244682785112182,99.9839479442565,0.761363636363636
399.99,400,3880,3879,3880,3879,2024-11-01,2024-11-01,568.64,-1,-1.00000000000045,93001030,32389597,0.00417092154785813,99.9294341148695,-0.000257798401650027
560.22,573,0,3,0,3834,2024-11-01,2024-12-13,568.64,3,3834,831409,831409,0.461144875747075,98.1500079984701,1
571.86,610,5,1,13850,3814,2024-11-01,2024-11-22,568.64,-4,-10036,84503763,32131963,0.00451340847389246,99.9970557524166,-2.63135815416885
309.99,310,3168,3776,3168,3776,2024-11-01,2024-11-08,568.64,608,608,161842199,78603767,0.00233313686005959,99.9862810811165,0.161016949152542
259.99,260,3827,3769,3827,3769,2024-11-01,2024-11-15,568.64,-58,-58.0000000000005,962401766,370639897,0.00039162438527778,99.9996770579492,-0.0153886972671797
414.94,415,591,599,2364,3594,2024-11-01,2024-11-08,568.64,8,1230,161842199,78603767,0.00222068164063935,99.9885017627572,0.342237061769616
434.99,435,3489,3487,3489,3487,2024-11-01,2024-11-01,568.64,-2,-2.00000000000045,93001030,32389597,0.00374942083974769,99.9331835357092,-0.000573558933180515
564.68,582,0,2,0,3464,2024-11-01,2024-12-13,568.64,2,3464,831409,831409,0.41664210996032,98.5666501084304,1
496.73,497,126,128,3024,3456,2024-11-01,2024-11-08,568.64,2,432,161842199,78603767,0.00213541339734268,99.9906371761545,0.125
459.99,460,3436,3427,3436,3427,2024-11-01,2024-11-01,568.64,-9,-8.99999999999955,93001030,32389597,0.00368490542524099,99.9368684411345,-0.00262620367668501
474.99,475,3226,3424,3226,3424,2024-11-01,2024-11-01,568.64,198,198,93001030,32389597,0.00368167965451565,99.940550120789,0.0578271028037383
454.99,455,3333,3332,3333,3332,2024-11-01,2024-11-01,568.64,-1,-1,93001030,32389597,0.00358275601893871,99.9441328768079,-0.000300120048019208
571.69,605,1,1,2410,3331,2024-11-01,2024-11-01,568.64,0,921,93001030,32389597,0.00358168076203027,99.94771455757,0.276493545481837
538.98,539,1539,1570,6156,3140,2024-11-01,2024-11-01,568.64,31,-3016,93001030,32389597,0.00337630669251728,99.9510908642625,-0.960509554140127
424.99,425,3189,3132,9567,3132,2024-11-01,2024-11-01,568.64,-57,-6435,93001030,32389597,0.00336770463724972,99.9544585688997,-2.05459770114943
569.92,601,2023,1,3922597,3108,2024-11-01,2024-11-15,568.64,-2022,-3919489,962401766,370639897,0.0003229420507942,100,-1261.09684684685
542.47,542.5,1037,1017,4148,3051,2024-11-01,2024-11-01,568.64,-20,-1097,93001030,32389597,0.00328060882766567,99.9577391777274,-0.359554244509997
464.99,465,2993,2993,2993,2993,2024-11-01,2024-11-01,568.64,0,0,93001030,32389597,0.00321824392697586,99.9609574216544,0
547.47,547.5,829,971,4145,2913,2024-11-01,2024-11-01,568.64,142,-1232,93001030,32389597,0.00313222337430026,99.9640896450287,-0.422931685547546
498.99,499,2095,2900,2095,2900,2024-11-01,2024-11-01,568.64,805,805,93001030,32389597,0.00311824503449048,99.9672078900632,0.277586206896552
514.98,515,1136,1449,2272,2898,2024-11-01,2024-11-01,568.64,313,626,93001030,32389597,0.00311609452067359,99.9703239845838,0.216011042097999
540.98,541,1202,1437,6010,2874,2024-11-01,2024-11-01,568.64,235,-3136,93001030,32389597,0.00309028835487091,99.9734142729387,-1.09116214335421
374.97,375,931,953,1862,2859,2024-11-01,2024-11-08,568.64,22,997,161842199,78603767,0.00176653556221144,99.9924037117168,0.348723329835607
541.98,542,1039,1377,5195,2754,2024-11-01,2024-11-01,568.64,338,-2441,93001030,32389597,0.00296125752585751,99.9763755304646,-0.886347131445171
571.22,598,117,1,206388,2678,2024-11-01,2024-11-08,568.64,-116,-203710,161842199,78603767,0.00165469822861218,99.9940584099454,-76.0679611650486
576.06,589,2,2,2588,2588,2024-11-01,2024-12-06,568.64,0,0,48433338,18287295,0.00534342687675171,99.9776806628525,0
542.97,543,789,841,3156,2523,2024-11-01,2024-11-01,568.64,52,-633,93001030,32389597,0.00271287318000672,99.9790884036446,-0.25089179548157
429.36,430,26,39,1040,2496,2024-11-01,2024-12-06,568.64,13,1456,48433338,18287295,0.00515347507124122,99.9828341379238,0.583333333333333
581.12,606,1,1,2488,2488,2024-11-01,2024-11-22,568.64,0,0,84503763,32131963,0.00294424758338868,100,0
580.64,604,1,1,2336,2336,2024-11-01,2024-12-06,568.64,0,0,48433338,18287295,0.00482312410513601,99.9876572620289,0
497.7,498,2,74,48,2220,2024-11-01,2024-11-08,568.64,72,2172,161842199,78603767,0.0013717065225986,99.995430116468,0.978378378378378
409.99,410,2210,2210,2210,2210,2024-11-01,2024-11-01,568.64,0,0,93001030,32389597,0.00237631776766343,99.9814647214122,0
537.97,538,730,721,2920,2163,2024-11-01,2024-11-01,568.64,-9,-757,93001030,32389597,0.00232578069296652,99.9837905021052,-0.349976883957466
484.99,485,2049,2047,2049,2047,2024-11-01,2024-11-01,568.64,-2,-2,93001030,32389597,0.0022010508915869,99.9859915529968,-0.000977039570102589
569.75,590,0,1,0,2025,2024-11-01,2024-12-13,568.64,1,2025,831409,831409,0.243562434373455,98.8102125428038,1
344.99,345,1998,1998,1998,1998,2024-11-01,2024-11-01,568.64,0,0,93001030,32389597,0.0021483633030731,99.9881399162999,0
566.14,586,0,1,0,1986,2024-11-01,2024-12-13,568.64,1,1986,831409,831409,0.238871602304041,99.0490841451079,1
419.99,420,1848,1847,1848,1847,2024-11-01,2024-11-01,568.64,-1,-1,93001030,32389597,0.0019859995098979,99.9901259158098,-0.000541418516513265
324.99,325,1776,1833,1776,1833,2024-11-01,2024-11-08,568.64,57,57,161842199,78603767,0.00113258470987533,99.9965627011778,0.0310965630114566
354.99,355,1695,1695,1695,1695,2024-11-01,2024-11-01,568.64,0,0,93001030,32389597,0.00182256045981426,99.9919484762696,0
566.65,583,0,1,0,1635,2024-11-01,2024-12-13,568.64,1,1635,831409,831409,0.196654113679308,99.2457382587872,1
568.8,585,0,1,0,1620,2024-11-01,2024-12-13,568.64,1,1620,831409,831409,0.194849947498764,99.440588206286,1
564.85,581,0,1,0,1615,2024-11-01,2024-12-13,568.64,1,1615,831409,831409,0.194248558771916,99.6348367650579,1
577.42,593,1,1,1558,1558,2024-11-01,2024-12-06,568.64,0,0,48433338,18287295,0.00321679253244945,99.9908740545614,0
464.04,465,7,16,469,1536,2024-11-01,2024-12-06,568.64,9,1067,48433338,18287295,0.00317136927460998,99.994045423836,0.694661458333333
562.16,577.5,0,1,0,1534,2024-11-01,2024-12-13,568.64,1,1534,831409,831409,0.184506061396978,99.8193428264548,1
561.98,577,0,1,0,1502,2024-11-01,2024-12-13,568.64,1,1502,831409,831409,0.18065717354515,100,1
454.19,455,6,18,336,1458,2024-11-01,2024-12-06,568.64,12,1122,48433338,18287295,0.00301032317863369,99.9970557470146,0.769547325102881
404.99,405,1358,1358,1358,1358,2024-11-01,2024-11-01,568.64,0,0,93001030,32389597,0.0014601988816683,99.9934086751512,0
334.99,335,1196,1196,1196,1196,2024-11-01,2024-11-01,568.64,0,0,93001030,32389597,0.00128600726250021,99.9946946824137,0
414.99,415,1143,1143,1143,1143,2024-11-01,2024-11-01,568.64,0,0,93001030,32389597,0.00122901864635263,99.9959237010601,0
424.62,425,30,30,1140,1140,2024-11-01,2024-12-06,568.64,0,0,48433338,18287295,0.0023537506334996,99.9994094976481,0
359.98,360,130,543,260,1086,2024-11-01,2024-11-08,568.64,413,826,161842199,78603767,0.00067102400159553,99.9972337251794,0.760589318600368
344.99,345,1058,1062,1058,1062,2024-11-01,2024-11-08,568.64,4,4,161842199,78603767,0.000656194741891761,99.9978899199213,0.00376647834274953
299.99,300,2,1004,2,1004,2024-11-01,2024-11-08,568.64,1002,1002,161842199,78603767,0.00062035736427432,99.9985102772856,0.99800796812749
374.99,375,915,915,915,915,2024-11-01,2024-11-01,568.64,0,0,93001030,32389597,0.000983860071227168,99.9969075611313,0
349.99,350,871,871,871,871,2024-11-01,2024-11-01,568.64,0,0,93001030,32389597,0.000936548767255589,99.9978441098986,0
304.99,305,600,600,600,600,2024-11-01,2024-11-01,568.64,0,0,93001030,32389597,0.000645154145066996,99.9984892640436,0
364.98,365,258,279,516,558,2024-11-01,2024-11-08,568.64,21,42,161842199,78603767,0.00034478028811262,99.9988550575737,0.0752688172043011
359.99,360,449,449,449,449,2024-11-01,2024-11-01,568.64,0,0,93001030,32389597,0.000482790351891802,99.9989720543955,0
299.99,300,416,446,416,446,2024-11-01,2024-11-01,568.64,30,30,93001030,32389597,0.000479564581166467,99.9994516189767,0.0672645739910314
329.98,330,220,220,220,440,2024-11-01,2024-11-08,568.64,0,220,161842199,78603767,0.000271869761235758,99.999126927335,0.5
319.99,320,303,387,303,387,2024-11-01,2024-11-08,568.64,84,84,161842199,78603767,0.000239121812723269,99.9993660491477,0.217054263565891
339.99,340,379,380,758,380,2024-11-01,2024-11-08,568.64,1,-378,161842199,78603767,0.000234796611976336,99.9996008457597,-0.994736842105263
334.99,335,367,371,367,371,2024-11-01,2024-11-08,568.64,4,4,161842199,78603767,0.000229235639587423,99.9998300813992,0.0107816711590297
384.99,385,360,360,360,360,2024-11-01,2024-11-01,568.64,0,0,93001030,32389597,0.000387092487040197,99.9998387114637,0
354.74,355,10,11,160,286,2024-11-01,2024-12-06,568.64,1,126,48433338,18287295,0.000590502351913056,100,0.440559440559441
495.75,496,6,11,138,275,2024-11-01,2024-11-08,568.64,5,137,161842199,78603767,0.000169918600772349,100,0.498181818181818
364.99,365,109,109,109,109,2024-11-01,2024-11-01,568.64,0,0,93001030,32389597,0.000117203003020504,99.9999559144668,0
329.98,330,14,14,28,28,2024-11-01,2024-11-01,568.64,0,0,93001030,32389597,3.01071934364598e-05,99.9999860216602,0
339.99,340,11,11,11,11,2024-11-01,2024-11-01,568.64,0,0,93001030,32389597,1.18278259928949e-05,99.9999978494862,0
314.98,315,1,1,2,2,2024-11-01,2024-11-01,568.64,0,0,93001030,32389597,2.15051381688998e-06,100,0
310,310,0,0,0,0,2024-11-01,2024-11-01,568.64,0,0,93001030,32389597,0,100,
320,320,0,0,0,0,2024-11-01,2024-11-01,568.64,0,0,93001030,32389597,0,100,
325,325,0,0,0,0,2024-11-01,2024-11-01,568.64,0,0,93001030,32389597,0,100,
568.81,591,102,0,113934,0,2024-11-01,2024-11-01,568.64,-102,-113934,93001030,32389597,0,100,-Inf
578.4,597,0,0,0,0,2024-11-01,2024-11-01,568.64,0,0,93001030,32389597,0,100,
572.04,598,1,0,1662,0,2024-11-01,2024-11-01,568.64,-1,-1662,93001030,32389597,0,100,-Inf
571.97,599,1,0,1545,0,2024-11-01,2024-11-01,568.64,-1,-1545,93001030,32389597,0,100,-Inf
569.23,600,142,0,291100,0,2024-11-01,2024-11-01,568.64,-142,-291100,93001030,32389597,0,100,-Inf
571,601,0,0,0,0,2024-11-01,2024-11-01,568.64,0,0,93001030,32389597,0,100,
583.85,602,0,0,0,0,2024-11-01,2024-11-01,568.64,0,0,93001030,32389597,0,100,
603,603,0,0,0,0,2024-11-01,2024-11-01,568.64,0,0,93001030,32389597,0,100,
581,604,0,0,0,0,2024-11-01,2024-11-01,568.64,0,0,93001030,32389597,0,100,
580.38,606,0,0,0,0,2024-11-01,2024-11-01,568.64,0,0,93001030,32389597,0,100,
583.16,607,0,0,0,0,2024-11-01,2024-11-01,568.64,0,0,93001030,32389597,0,100,
608,608,0,0,0,0,2024-11-01,2024-11-01,568.64,0,0,93001030,32389597,0,100,
609,609,0,0,0,0,2024-11-01,2024-11-01,568.64,0,0,93001030,32389597,0,100,
581.51,610,0,0,0,0,2024-11-01,2024-11-01,568.64,0,0,93001030,32389597,0,100,
568,615,0,0,0,0,2024-11-01,2024-11-01,568.64,0,0,93001030,32389597,0,100,
582.58,620,0,0,0,0,2024-11-01,2024-11-01,568.64,0,0,93001030,32389597,0,100,
583.1,625,0,0,0,0,2024-11-01,2024-11-01,568.64,0,0,93001030,32389597,0,100,
569.04,630,0,0,0,0,2024-11-01,2024-11-01,568.64,0,0,93001030,32389597,0,100,
567.75,635,0,0,0,0,2024-11-01,2024-11-01,568.64,0,0,93001030,32389597,0,100,
584.34,640,0,0,0,0,2024-11-01,2024-11-01,568.64,0,0,93001030,32389597,0,100,
568.48,645,0,0,0,0,2024-11-01,2024-11-01,568.64,0,0,93001030,32389597,0,100,
650,650,0,0,0,0,2024-11-01,2024-11-01,568.64,0,0,93001030,32389597,0,100,
655,655,0,0,0,0,2024-11-01,2024-11-01,568.64,0,0,93001030,32389597,0,100,
579.75,660,0,0,0,0,2024-11-01,2024-11-01,568.64,0,0,93001030,32389597,0,100,
665,665,0,0,0,0,2024-11-01,2024-11-01,568.64,0,0,93001030,32389597,0,100,
571.01,670,0,0,0,0,2024-11-01,2024-11-01,568.64,0,0,93001030,32389597,0,100,
568.73,599,126,0,222642,0,2024-11-01,2024-11-08,568.64,-126,-222642,161842199,78603767,0,100,-Inf
578.79,604,0,0,0,0,2024-11-01,2024-11-08,568.64,0,0,161842199,78603767,0,100,
606,606,0,0,0,0,2024-11-01,2024-11-08,568.64,0,0,161842199,78603767,0,100,
577.92,607,0,0,0,0,2024-11-01,2024-11-08,568.64,0,0,161842199,78603767,0,100,
608,608,0,0,0,0,2024-11-01,2024-11-08,568.64,0,0,161842199,78603767,0,100,
609,609,0,0,0,0,2024-11-01,2024-11-08,568.64,0,0,161842199,78603767,0,100,
579.76,610,0,0,0,0,2024-11-01,2024-11-08,568.64,0,0,161842199,78603767,0,100,
583.81,615,0,0,0,0,2024-11-01,2024-11-08,568.64,0,0,161842199,78603767,0,100,
583.56,620,0,0,0,0,2024-11-01,2024-11-08,568.64,0,0,161842199,78603767,0,100,
569.92,625,0,0,0,0,2024-11-01,2024-11-08,568.64,0,0,161842199,78603767,0,100,
569.92,630,0,0,0,0,2024-11-01,2024-11-08,568.64,0,0,161842199,78603767,0,100,
568.93,635,0,0,0,0,2024-11-01,2024-11-08,568.64,0,0,161842199,78603767,0,100,
640,640,0,0,0,0,2024-11-01,2024-11-08,568.64,0,0,161842199,78603767,0,100,
575.34,645,0,0,0,0,2024-11-01,2024-11-08,568.64,0,0,161842199,78603767,0,100,
579,650,0,0,0,0,2024-11-01,2024-11-08,568.64,0,0,161842199,78603767,0,100,
566.02,655,0,0,0,0,2024-11-01,2024-11-08,568.64,0,0,161842199,78603767,0,100,
584.67,660,0,0,0,0,2024-11-01,2024-11-08,568.64,0,0,161842199,78603767,0,100,
665,665,0,0,0,0,2024-11-01,2024-11-08,568.64,0,0,161842199,78603767,0,100,
670,670,0,0,0,0,2024-11-01,2024-11-08,568.64,0,0,161842199,78603767,0,100,
569.91,602,1962,0,4179060,0,2024-11-01,2024-11-15,568.64,-1962,-4179060,962401766,370639897,0,100,-Inf
570.76,603,95,0,222205,0,2024-11-01,2024-11-15,568.64,-95,-222205,962401766,370639897,0,100,-Inf
570.39,604,81,0,189216,0,2024-11-01,2024-11-15,568.64,-81,-189216,962401766,370639897,0,100,-Inf
570.42,606,5,0,13140,0,2024-11-01,2024-11-15,568.64,-5,-13140,962401766,370639897,0,100,-Inf
583.23,607,1,0,2377,0,2024-11-01,2024-11-15,568.64,-1,-2377,962401766,370639897,0,100,-Inf
608,608,0,0,0,0,2024-11-01,2024-11-15,568.64,0,0,962401766,370639897,0,100,
609,609,0,0,0,0,2024-11-01,2024-11-15,568.64,0,0,962401766,370639897,0,100,
578.81,611,0,0,0,0,2024-11-01,2024-11-15,568.64,0,0,962401766,370639897,0,100,
583.24,612,0,0,0,0,2024-11-01,2024-11-15,568.64,0,0,962401766,370639897,0,100,
613,613,0,0,0,0,2024-11-01,2024-11-15,568.64,0,0,962401766,370639897,0,100,
614,614,0,0,0,0,2024-11-01,2024-11-15,568.64,0,0,962401766,370639897,0,100,
569.51,630,0,0,0,0,2024-11-01,2024-11-15,568.64,0,0,962401766,370639897,0,100,
566.3,635,0,0,0,0,2024-11-01,2024-11-15,568.64,0,0,962401766,370639897,0,100,
567.09,640,0,0,0,0,2024-11-01,2024-11-15,568.64,0,0,962401766,370639897,0,100,
567.09,645,0,0,0,0,2024-11-01,2024-11-15,568.64,0,0,962401766,370639897,0,100,
582.52,650,0,0,0,0,2024-11-01,2024-11-15,568.64,0,0,962401766,370639897,0,100,
567.08,655,0,0,0,0,2024-11-01,2024-11-15,568.64,0,0,962401766,370639897,0,100,
580.38,660,0,0,0,0,2024-11-01,2024-11-15,568.64,0,0,962401766,370639897,0,100,
580.36,665,0,0,0,0,2024-11-01,2024-11-15,568.64,0,0,962401766,370639897,0,100,
566.95,670,0,0,0,0,2024-11-01,2024-11-15,568.64,0,0,962401766,370639897,0,100,
675,675,0,0,0,0,2024-11-01,2024-11-15,568.64,0,0,962401766,370639897,0,100,
568.17,680,0,0,0,0,2024-11-01,2024-11-15,568.64,0,0,962401766,370639897,0,100,
601,601,0,0,0,0,2024-11-01,2024-11-22,568.64,0,0,84503763,32131963,0,100,
570.2,602,1,0,2116,0,2024-11-01,2024-11-22,568.64,-1,-2116,84503763,32131963,0,100,-Inf
578.26,604,1,0,2574,0,2024-11-01,2024-11-22,568.64,-1,-2574,84503763,32131963,0,100,-Inf
607,607,0,0,0,0,2024-11-01,2024-11-22,568.64,0,0,84503763,32131963,0,100,
608,608,0,0,0,0,2024-11-01,2024-11-22,568.64,0,0,84503763,32131963,0,100,
576.97,609,0,0,0,0,2024-11-01,2024-11-22,568.64,0,0,84503763,32131963,0,100,
611,611,0,0,0,0,2024-11-01,2024-11-22,568.64,0,0,84503763,32131963,0,100,
612,612,0,0,0,0,2024-11-01,2024-11-22,568.64,0,0,84503763,32131963,0,100,
613,613,0,0,0,0,2024-11-01,2024-11-22,568.64,0,0,84503763,32131963,0,100,
581.53,614,0,0,0,0,2024-11-01,2024-11-22,568.64,0,0,84503763,32131963,0,100,
577.39,615,0,0,0,0,2024-11-01,2024-11-22,568.64,0,0,84503763,32131963,0,100,
620,620,0,0,0,0,2024-11-01,2024-11-22,568.64,0,0,84503763,32131963,0,100,
582.15,625,0,0,0,0,2024-11-01,2024-11-22,568.64,0,0,84503763,32131963,0,100,
584.41,630,0,0,0,0,2024-11-01,2024-11-22,568.64,0,0,84503763,32131963,0,100,
635,635,0,0,0,0,2024-11-01,2024-11-22,568.64,0,0,84503763,32131963,0,100,
640,640,0,0,0,0,2024-11-01,2024-11-22,568.64,0,0,84503763,32131963,0,100,
645,645,0,0,0,0,2024-11-01,2024-11-22,568.64,0,0,84503763,32131963,0,100,
650,650,0,0,0,0,2024-11-01,2024-11-22,568.64,0,0,84503763,32131963,0,100,
655,655,0,0,0,0,2024-11-01,2024-11-22,568.64,0,0,84503763,32131963,0,100,
660,660,0,0,0,0,2024-11-01,2024-11-22,568.64,0,0,84503763,32131963,0,100,
665,665,0,0,0,0,2024-11-01,2024-11-22,568.64,0,0,84503763,32131963,0,100,
670,670,0,0,0,0,2024-11-01,2024-11-22,568.64,0,0,84503763,32131963,0,100,
601,601,0,0,0,0,2024-11-01,2024-11-29,568.64,0,0,236849892,81006864,0,100,
580.28,602,0,0,0,0,2024-11-01,2024-11-29,568.64,0,0,236849892,81006864,0,100,
604,604,0,0,0,0,2024-11-01,2024-11-29,568.64,0,0,236849892,81006864,0,100,
606,606,0,0,0,0,2024-11-01,2024-11-29,568.64,0,0,236849892,81006864,0,100,
608,608,0,0,0,0,2024-11-01,2024-11-29,568.64,0,0,236849892,81006864,0,100,
609,609,0,0,0,0,2024-11-01,2024-11-29,568.64,0,0,236849892,81006864,0,100,
611,611,0,0,0,0,2024-11-01,2024-11-29,568.64,0,0,236849892,81006864,0,100,
612,612,0,0,0,0,2024-11-01,2024-11-29,568.64,0,0,236849892,81006864,0,100,
613,613,0,0,0,0,2024-11-01,2024-11-29,568.64,0,0,236849892,81006864,0,100,
614,614,0,0,0,0,2024-11-01,2024-11-29,568.64,0,0,236849892,81006864,0,100,
582.63,615,0,0,0,0,2024-11-01,2024-11-29,568.64,0,0,236849892,81006864,0,100,
625,625,0,0,0,0,2024-11-01,2024-11-29,568.64,0,0,236849892,81006864,0,100,
571.55,635,0,0,0,0,2024-11-01,2024-11-29,568.64,0,0,236849892,81006864,0,100,
571.5,645,0,0,0,0,2024-11-01,2024-11-29,568.64,0,0,236849892,81006864,0,100,
569.97,650,0,0,0,0,2024-11-01,2024-11-29,568.64,0,0,236849892,81006864,0,100,
571.5,655,0,0,0,0,2024-11-01,2024-11-29,568.64,0,0,236849892,81006864,0,100,
570.06,660,0,0,0,0,2024-11-01,2024-11-29,568.64,0,0,236849892,81006864,0,100,
570.99,665,0,0,0,0,2024-11-01,2024-11-29,568.64,0,0,236849892,81006864,0,100,
579.16,670,0,0,0,0,2024-11-01,2024-11-29,568.64,0,0,236849892,81006864,0,100,
435,435,0,0,0,0,2024-11-01,2024-12-06,568.64,0,0,48433338,18287295,0,100,
591,591,0,0,0,0,2024-11-01,2024-12-06,568.64,0,0,48433338,18287295,0,100,
594,594,0,0,0,0,2024-11-01,2024-12-06,568.64,0,0,48433338,18287295,0,100,
580.37,603,1,0,2263,0,2024-11-01,2024-12-06,568.64,-1,-2263,48433338,18287295,0,100,-Inf
582.36,615,0,0,0,0,2024-11-01,2024-12-06,568.64,0,0,48433338,18287295,0,100,
620,620,0,0,0,0,2024-11-01,2024-12-06,568.64,0,0,48433338,18287295,0,100,
625,625,0,0,0,0,2024-11-01,2024-12-06,568.64,0,0,48433338,18287295,0,100,
630,630,0,0,0,0,2024-11-01,2024-12-06,568.64,0,0,48433338,18287295,0,100,
635,635,0,0,0,0,2024-11-01,2024-12-06,568.64,0,0,48433338,18287295,0,100,
640,640,0,0,0,0,2024-11-01,2024-12-06,568.64,0,0,48433338,18287295,0,100,
645,645,0,0,0,0,2024-11-01,2024-12-06,568.64,0,0,48433338,18287295,0,100,
650,650,0,0,0,0,2024-11-01,2024-12-06,568.64,0,0,48433338,18287295,0,100,
655,655,0,0,0,0,2024-11-01,2024-12-06,568.64,0,0,48433338,18287295,0,100,
660,660,0,0,0,0,2024-11-01,2024-12-06,568.64,0,0,48433338,18287295,0,100,
665,665,0,0,0,0,2024-11-01,2024-12-06,568.64,0,0,48433338,18287295,0,100,
670,670,0,0,0,0,2024-11-01,2024-12-06,568.64,0,0,48433338,18287295,0,100,
572.5,572.5,0,0,0,0,2024-11-01,2024-12-13,568.64,0,0,831409,831409,0,100,
579,579,0,0,0,0,2024-11-01,2024-12-13,568.64,0,0,831409,831409,0,100,
582.5,582.5,0,0,0,0,2024-11-01,2024-12-13,568.64,0,0,831409,831409,0,100,
584,584,0,0,0,0,2024-11-01,2024-12-13,568.64,0,0,831409,831409,0,100,
587,587,0,0,0,0,2024-11-01,2024-12-13,568.64,0,0,831409,831409,0,100,
587.5,587.5,0,0,0,0,2024-11-01,2024-12-13,568.64,0,0,831409,831409,0,100,
588,588,0,0,0,0,2024-11-01,2024-12-13,568.64,0,0,831409,831409,0,100,
589,589,0,0,0,0,2024-11-01,2024-12-13,568.64,0,0,831409,831409,0,100,
591,591,0,0,0,0,2024-11-01,2024-12-13,568.64,0,0,831409,831409,0,100,
592,592,0,0,0,0,2024-11-01,2024-12-13,568.64,0,0,831409,831409,0,100,
592.5,592.5,0,0,0,0,2024-11-01,2024-12-13,568.64,0,0,831409,831409,0,100,
593,593,0,0,0,0,2024-11-01,2024-12-13,568.64,0,0,831409,831409,0,100,
594,594,0,0,0,0,2024-11-01,2024-12-13,568.64,0,0,831409,831409,0,100,
595,595,0,0,0,0,2024-11-01,2024-12-13,568.64,0,0,831409,831409,0,100,
600,600,0,0,0,0,2024-11-01,2024-12-13,568.64,0,0,831409,831409,0,100,
605,605,0,0,0,0,2024-11-01,2024-12-13,568.64,0,0,831409,831409,0,100,
610,610,0,0,0,0,2024-11-01,2024-12-13,568.64,0,0,831409,831409,0,100,
615,615,0,0,0,0,2024-11-01,2024-12-13,568.64,0,0,831409,831409,0,100,
620,620,0,0,0,0,2024-11-01,2024-12-13,568.64,0,0,831409,831409,0,100,
625,625,0,0,0,0,2024-11-01,2024-12-13,568.64,0,0,831409,831409,0,100,
579.26,607,303,0,840522,0,2024-11-01,2024-12-20,568.64,-303,-840522,871138698,264257775,0,100,-Inf
582.65,625,0,0,0,0,2024-11-01,2024-12-20,568.64,0,0,871138698,264257775,0,100,
583.94,630,0,0,0,0,2024-11-01,2024-12-20,568.64,0,0,871138698,264257775,0,100,
579.44,640,0,0,0,0,2024-11-01,2024-12-20,568.64,0,0,871138698,264257775,0,100,
581.09,645,0,0,0,0,2024-11-01,2024-12-20,568.64,0,0,871138698,264257775,0,100,
573.89,650,0,0,0,0,2024-11-01,2024-12-20,568.64,0,0,871138698,264257775,0,100,
582.31,655,0,0,0,0,2024-11-01,2024-12-20,568.64,0,0,871138698,264257775,0,100,
568.47,660,0,0,0,0,2024-11-01,2024-12-20,568.64,0,0,871138698,264257775,0,100,
570,665,15,0,126990,0,2024-11-01,2024-12-20,568.64,-15,-126990,871138698,264257775,0,100,-Inf
580.32,670,0,0,0,0,2024-11-01,2024-12-20,568.64,0,0,871138698,264257775,0,100,
675,675,0,0,0,0,2024-11-01,2024-12-20,568.64,0,0,871138698,264257775,0,100,
579.24,680,0,0,0,0,2024-11-01,2024-12-20,568.64,0,0,871138698,264257775,0,100,
579.24,685,0,0,0,0,2024-11-01,2024-12-20,568.64,0,0,871138698,264257775,0,100,
579.22,690,0,0,0,0,2024-11-01,2024-12-20,568.64,0,0,871138698,264257775,0,100,
571.47,700,0,0,0,0,2024-11-01,2024-12-20,568.64,0,0,871138698,264257775,0,100,
705,705,0,0,0,0,2024-11-01,2024-12-20,568.64,0,0,871138698,264257775,0,100,
571.19,710,0,0,0,0,2024-11-01,2024-12-20,568.64,0,0,871138698,264257775,0,100,
570.54,715,0,0,0,0,2024-11-01,2024-12-20,568.64,0,0,871138698,264257775,0,100,
571.48,725,0,0,0,0,2024-11-01,2024-12-20,568.64,0,0,871138698,264257775,0,100,
572.89,730,0,0,0,0,2024-11-01,2024-12-20,568.64,0,0,871138698,264257775,0,100,
568.81,735,0,0,0,0,2024-11-01,2024-12-20,568.64,0,0,871138698,264257775,0,100,
568.47,740,0,0,0,0,2024-11-01,2024-12-20,568.64,0,0,871138698,264257775,0,100,
571.94,745,0,0,0,0,2024-11-01,2024-12-20,568.64,0,0,871138698,264257775,0,100,
571.91,750,0,0,0,0,2024-11-01,2024-12-20,568.64,0,0,871138698,264257775,0,100,
571.83,755,0,0,0,0,2024-11-01,2024-12-20,568.64,0,0,871138698,264257775,0,100,
571.19,760,0,0,0,0,2024-11-01,2024-12-20,568.64,0,0,871138698,264257775,0,100,
579.39,765,0,0,0,0,2024-11-01,2024-12-20,568.64,0,0,871138698,264257775,0,100,
