Watch,strike,open_interest.yt,open_interest.td,OI_Dollar.yt,OI_Dollar.td,Date.td,expiry,stkClose,diff_oi,diff_oi_d,totalOI,totalOIdiff,OI_pct,cum_sep_OI,pct
421.36,425,121010,121851,71274890,44353764,2023-10-17,2023-11-17,436.04,841,-26921126,546129639,-270693943,8.12147168595623,8.12147168595623,-0.606963729166255
434.12,450,25988,25952,53275400,41211776,2023-10-17,2023-12-15,436.04,-36,-12063624,677524762,-222864345,6.08269664983846,6.08269664983846,-0.292722740218718
414.81,420,72048,73297,53099376,38041143,2023-10-17,2023-12-15,436.04,1249,-15058233,677524762,-222864345,5.61472364311904,11.6974202929575,-0.395840708571769
422.52,430,50863,50814,52134575,38008872,2023-10-17,2023-12-15,436.04,-49,-14125703,677524762,-222864345,5.6099605699725,17.30738086293,-0.371642257628693
428.7,435,36164,53618,34283472,33779340,2023-10-17,2023-11-17,436.04,17454,-504132,546129639,-270693943,6.1852237248746,14.3066954108308,-0.0149242702788154
418.7,425,51484,53272,44327724,33561360,2023-10-17,2023-12-15,436.04,1788,-10766364,677524762,-222864345,4.95352522628538,22.2609060892154,-0.32079641587826
417.16,420,111070,113222,51536480,32155048,2023-10-17,2023-11-17,436.04,2152,-19381432,546129639,-270693943,5.88780496493068,20.1945003757615,-0.602749279055656
397.43,400,110395,123285,42612470,31684245,2023-10-17,2023-12-15,436.04,12890,-10928225,677524762,-222864345,4.67647040773397,26.9373764969494,-0.344910380537709
406.37,410,85662,85429,45400860,31010727,2023-10-17,2023-12-15,436.04,-233,-14390133,677524762,-222864345,4.57706179010473,31.5144382870541,-0.464037266846404
435.24,440,64752,64500,61125888,30702000,2023-10-17,2023-10-20,436.04,-252,-30423888,162148087,-228680623,18.9345434584128,18.9345434584128,-0.990941567324604
433.73,445,26761,26747,40462632,30143869,2023-10-17,2023-11-17,436.04,-14,-10318763,546129639,-270693943,5.51954460028858,25.7140449760501,-0.342317139183427
425.96,435,32269,33020,38658262,29850080,2023-10-17,2023-12-15,436.04,751,-8808182,677524762,-222864345,4.40575484088359,35.9201931279377,-0.295080683200849
429.14,440,25256,26680,35964544,28974480,2023-10-17,2023-12-15,436.04,1424,-6990064,677524762,-222864345,4.27651971190981,40.1967128398475,-0.241248988765286
431.68,440,29427,29517,35312400,24558144,2023-10-17,2023-11-17,436.04,90,-10754256,546129639,-270693943,4.49676088720759,30.2108058632577,-0.437909965834552
410.69,415,36667,52669,22806874,22700339,2023-10-17,2023-12-15,436.04,16002,-106535,677524762,-222864345,3.3504810854426,43.5471939252901,-0.00469310171975846
435.79,450,13640,13665,26488880,19417965,2023-10-17,2023-11-17,436.04,25,-7070915,546129639,-270693943,3.555559635173,33.7663654984307,-0.364142947008093
412.87,415,57548,84219,21235212,17938647,2023-10-17,2023-11-17,436.04,26671,-3296565,546129639,-270693943,3.28468658702481,37.0510520854555,-0.183768876214577
425.22,430,32016,37430,23947968,17891540,2023-10-17,2023-11-17,436.04,5414,-6056428,546129639,-270693943,3.27606097936025,40.3271130648157,-0.33850792050321
398.97,400,176964,172225,33269232,17739175,2023-10-17,2023-11-17,436.04,-4739,-15530057,546129639,-270693943,3.24816192589027,43.575274990706,-0.875466700114295
432.99,448,10159,10504,19627188,15766504,2023-10-17,2023-12-15,436.04,345,-3860684,677524762,-222864345,2.32707420957701,45.8742681348671,-0.244866204962115
433.39,444,14727,14725,21103791,15623225,2023-10-17,2023-11-17,436.04,-2,-5480566,546129639,-270693943,2.86071728840925,46.4359922791153,-0.350796074434056
378.63,380,108000,108107,22680000,14810659,2023-10-17,2023-12-15,436.04,107,-7869341,677524762,-222864345,2.18599523304212,48.0602633679092,-0.531329564741177
434.61,446,12854,12854,20180780,14640706,2023-10-17,2023-11-17,436.04,0,-5540074,546129639,-270693943,2.68081146938081,49.1168037484961,-0.378402107111501
408.35,410,75900,87073,22086900,14367045,2023-10-17,2023-11-17,436.04,11173,-7719855,546129639,-270693943,2.63070230473245,51.7475060532285,-0.537330745466448
432.4,442,12509,13829,16224173,13275840,2023-10-17,2023-11-17,436.04,1320,-2948333,546129639,-270693943,2.43089535010569,54.1784014033342,-0.222082595150288
421.99,426,34588,32928,20891152,13204128,2023-10-17,2023-11-17,436.04,-1660,-7687024,546129639,-270693943,2.41776440190605,56.5961658052403,-0.582168243143356
431.78,445,9544,9540,16702000,12611880,2023-10-17,2023-12-15,436.04,-4,-4090120,677524762,-222864345,1.86146406852655,49.9217274364358,-0.324306923313574
388.16,390,68241,68246,18902757,12557264,2023-10-17,2023-12-15,436.04,5,-6345493,677524762,-222864345,1.85340296093857,51.7751303973743,-0.505324487882074
430.91,454,5359,5359,12373931,12373931,2023-10-17,2023-12-15,436.04,0,0,677524762,-222864345,1.82634372852634,53.6014741259007,0
422.87,427,29629,29922,19021818,12357786,2023-10-17,2023-11-17,436.04,293,-6664032,546129639,-270693943,2.26279350496852,58.8589593102088,-0.539257760249287
420.95,428,16981,17205,16199874,12129525,2023-10-17,2023-12-15,436.04,224,-4070349,677524762,-222864345,1.79027036062779,55.3917444865285,-0.33557365189486
435.17,448,8891,8893,16252748,11409719,2023-10-17,2023-11-17,436.04,2,-4843029,546129639,-270693943,2.08919607822274,60.9481553884315,-0.424465230037655
430.94,439,13746,13936,15739170,11232416,2023-10-17,2023-11-17,436.04,190,-4506754,546129639,-270693943,2.05673070968412,63.0048860981156,-0.401227483027694
436.13,445,11972,12013,16856576,10655531,2023-10-17,2023-10-20,436.04,41,-6201045,162148087,-228680623,6.57148116708895,25.5060246255018,-0.581955512118542
424.42,429,23480,23262,16741240,10653996,2023-10-17,2023-11-17,436.04,-218,-6087244,546129639,-270693943,1.95081812800129,64.9557042261169,-0.571357826678366
418.85,422,36463,33769,18596130,10637235,2023-10-17,2023-11-17,436.04,-2694,-7958895,546129639,-270693943,1.94774907647889,66.9034533025958,-0.748210883749395
418.03,424,16436,17705,13691188,10569885,2023-10-17,2023-12-15,436.04,1269,-3121303,677524762,-222864345,1.56007360805508,56.9518180945835,-0.295301509902899
435.4,441,17565,17839,18056820,9989840,2023-10-17,2023-10-20,436.04,274,-8066980,162148087,-228680623,6.16093608307571,31.6669607085775,-0.807518438733754
402,405,32389,32854,14477883,9856200,2023-10-17,2023-12-15,436.04,465,-4621683,677524762,-222864345,1.45473649861966,58.4065545932032,-0.468911243684178
432.8,435,44677,44422,25823306,9772840,2023-10-17,2023-10-20,436.04,-255,-16050466,162148087,-228680623,6.02710780053791,37.6940685091154,-1.64235432075016
426.61,432,15646,17074,12735844,9202886,2023-10-17,2023-11-17,436.04,1428,-3532958,546129639,-270693943,1.68511015385488,68.5885634564507,-0.383896747172572
430.15,442,7619,7669,11809450,9087765,2023-10-17,2023-12-15,436.04,50,-2721685,677524762,-222864345,1.34131850372134,59.7478730969245,-0.299488928245834
383.35,385,54057,54067,13298022,8921055,2023-10-17,2023-12-15,436.04,10,-4376967,677524762,-222864345,1.31671276097212,61.0645858578967,-0.49063333876991
429.05,430,86825,89600,28999550,8512000,2023-10-17,2023-10-20,436.04,2775,-20487550,162148087,-228680623,5.24952230857956,42.9435908176949,-2.40690202067669
408.05,412,22680,21458,12678120,8475910,2023-10-17,2023-12-15,436.04,-1222,-4202210,677524762,-222864345,1.25101110326651,62.3155969611632,-0.495782753710221
430.36,438,11836,11048,12700028,8440672,2023-10-17,2023-11-17,436.04,-788,-4259356,546129639,-270693943,1.54554365799583,70.1341071144465,-0.504622854673182
430.2,453,3641,3641,8301480,8301480,2023-10-17,2023-12-15,436.04,0,0,677524762,-222864345,1.225265918768,63.5408628799312,0
427.87,434,12380,12695,10956300,7782035,2023-10-17,2023-11-17,436.04,315,-3174265,546129639,-270693943,1.42494280556709,71.5590499200136,-0.407896520640167
430.66,452,3646,3646,7780564,7780564,2023-10-17,2023-12-15,436.04,0,0,677524762,-222864345,1.14838075836998,64.6892436383012,0
436.57,475,2004,2004,8743452,7701372,2023-10-17,2023-12-15,436.04,0,-1042080,677524762,-222864345,1.13669232948271,65.8259359677839,-0.135310954983086
420.49,424,22976,21874,12912512,7677774,2023-10-17,2023-11-17,436.04,-1102,-5234738,546129639,-270693943,1.40585191714892,72.9649018371625,-0.681804127081626
436.25,448,6452,6448,10800648,7576400,2023-10-17,2023-10-20,436.04,-4,-3224248,162148087,-228680623,4.67251889317695,47.6161097108719,-0.42556464811784
436.25,450,5830,5507,10931250,7572125,2023-10-17,2023-10-20,436.04,-323,-3359125,162148087,-228680623,4.66988241433894,52.2859921252108,-0.443617214454331
410.13,412,40416,40280,12771456,7532360,2023-10-17,2023-11-17,436.04,-136,-5239096,546129639,-270693943,1.37922563840195,74.3441274755645,-0.695545088126431
433.4,436,26317,27971,16790246,7272460,2023-10-17,2023-10-20,436.04,1654,-9517786,162148087,-228680623,4.48507295679659,56.7710650820074,-1.30874367132992
373.77,375,55847,56752,10275848,6980496,2023-10-17,2023-12-15,436.04,905,-3295352,677524762,-222864345,1.03029385662513,66.856229824409,-0.472079920968367
427.31,433,12196,12172,10476364,6925868,2023-10-17,2023-11-17,436.04,-24,-3550496,546129639,-270693943,1.26817288522955,75.612300360794,-0.512642747450572
424.59,433,7796,8022,8918624,6746502,2023-10-17,2023-12-15,436.04,226,-2172122,677524762,-222864345,0.995757259127305,67.8519870835363,-0.321962700077759
402.73,404,53324,53031,11731280,6734937,2023-10-17,2023-11-17,436.04,-293,-4996343,546129639,-270693943,1.23321213848275,76.8455124992768,-0.741854452387602
407.18,411,18230,17618,9789510,6730076,2023-10-17,2023-12-15,436.04,-612,-3059434,677524762,-222864345,0.993332845892354,68.8453199294287,-0.454591300306267
394.68,397,28762,28638,10009176,6644016,2023-10-17,2023-12-15,436.04,-124,-3365160,677524762,-222864345,0.980630727117248,69.8259506565459,-0.506494866959983
416.38,422,11982,11772,9298032,6615864,2023-10-17,2023-12-15,436.04,-210,-2682168,677524762,-222864345,0.976475602230461,70.8024262587764,-0.405414621582306
425.85,431,13217,12560,10243175,6468400,2023-10-17,2023-11-17,436.04,-657,-3774775,546129639,-270693943,1.18440742601776,78.0299199252945,-0.583571671510729
429.36,436,9317,9485,9158611,6298040,2023-10-17,2023-11-17,436.04,168,-2860571,546129639,-270693943,1.15321336734848,79.183133292643,-0.454200195616414
406.49,408,41084,41467,10517504,6261517,2023-10-17,2023-11-17,436.04,383,-4255987,546129639,-270693943,1.14652576107484,80.3296590537178,-0.679705413240913
414.04,419,12374,12406,8661800,6153376,2023-10-17,2023-12-15,436.04,32,-2508424,677524762,-222864345,0.90821418568315,71.7106404444595,-0.407650044463397
428.02,438,5735,6157,7920035,6144686,2023-10-17,2023-12-15,436.04,422,-1775349,677524762,-222864345,0.906931575734792,72.6175720201943,-0.288924283519125
414.59,417,25424,25440,10017056,6131040,2023-10-17,2023-11-17,436.04,16,-3886016,546129639,-270693943,1.122634547216,81.4522936009338,-0.63382656123594
403.7,405,46016,46414,10491648,6033820,2023-10-17,2023-11-17,436.04,398,-4457828,546129639,-270693943,1.1048329131245,82.5571265140583,-0.738806924966274
429.97,437,8450,8554,8771100,6013462,2023-10-17,2023-11-17,436.04,104,-2757638,546129639,-270693943,1.10110522677565,83.658231740834,-0.458577438420664
423.06,431,7202,7553,7526090,5997082,2023-10-17,2023-12-15,436.04,351,-1529008,677524762,-222864345,0.885145803718979,73.5027178239133,-0.254958661562406
419.6,426,8657,9340,7635474,5977600,2023-10-17,2023-12-15,436.04,683,-1657874,677524762,-222864345,0.882270336858921,74.3849881607722,-0.277347764989294
423.97,432,6901,7358,7556595,5908474,2023-10-17,2023-12-15,436.04,457,-1648121,677524762,-222864345,0.872067610128174,75.2570557709004,-0.278941906150387
434.39,438,15159,16159,11854338,5833399,2023-10-17,2023-10-20,436.04,1000,-6020939,162148087,-228680623,3.59757497478216,60.3686400567896,-1.03214935237586
400.85,402,50509,50263,10303836,5780245,2023-10-17,2023-11-17,436.04,-246,-4523591,546129639,-270693943,1.05840162980058,84.7166333706346,-0.782595028411426
431.34,451,2863,2863,5628658,5628658,2023-10-17,2023-12-15,436.04,0,0,677524762,-222864345,0.830767864983214,76.0878236358836,0
427.06,437,5530,5639,7133700,5605166,2023-10-17,2023-12-15,436.04,109,-1528534,677524762,-222864345,0.827300537836284,76.9151241737199,-0.272700933388949
426.54,436,5352,5828,6647184,5513288,2023-10-17,2023-12-15,436.04,476,-1133896,677524762,-222864345,0.813739705058927,77.7288638787788,-0.205666019986621
418.09,421,17956,18530,8582968,5392230,2023-10-17,2023-11-17,436.04,574,-3190738,546129639,-270693943,0.987353480736467,85.703986851371,-0.591728839459741
430.59,455,2204,2204,5379964,5379964,2023-10-17,2023-12-15,436.04,0,0,677524762,-222864345,0.794061605087136,78.5229254838659,0
430.68,443,4294,4295,6737286,5291440,2023-10-17,2023-12-15,436.04,1,-1445846,677524762,-222864345,0.780995809567179,79.3039212934331,-0.273242444400768
432.23,447,3303,3448,6437547,5092696,2023-10-17,2023-12-15,436.04,145,-1344851,677524762,-222864345,0.751661973942733,80.0555832673758,-0.264074470575114
425.19,434,5225,5551,6165500,4890431,2023-10-17,2023-12-15,436.04,326,-1275069,677524762,-222864345,0.721808452515275,80.7773917198911,-0.260727326487175
392.78,395,21738,21672,7108326,4811184,2023-10-17,2023-12-15,436.04,-66,-2297142,677524762,-222864345,0.710111905843524,81.4875036257346,-0.477458771063422
405.56,407,32876,32800,8021744,4723200,2023-10-17,2023-11-17,436.04,-76,-3298544,546129639,-270693943,0.864849600297925,86.568836451669,-0.698370596205962
404.6,406,33299,33465,7858564,4685100,2023-10-17,2023-11-17,436.04,166,-3173464,546129639,-270693943,0.857873234746741,87.4267096864157,-0.677352457791723
404.66,408,14018,14022,6882838,4683348,2023-10-17,2023-12-15,436.04,4,-2199490,677524762,-222864345,0.691243813167082,82.1787474389017,-0.469640522122208
423.57,428,11396,10279,7749280,4553597,2023-10-17,2023-11-17,436.04,-1117,-3195683,546129639,-270693943,0.833794153406129,88.2605038398218,-0.701793109930458
359.17,360,54196,54201,6882892,4498683,2023-10-17,2023-12-15,436.04,5,-2384209,677524762,-222864345,0.663987982774274,82.842735421676,-0.529979329505991
424.59,425,111881,108286,20250461,4439726,2023-10-17,2023-10-20,436.04,-3595,-15810735,162148087,-228680623,2.73806868902499,63.1067087458146,-3.56119611885959
349.33,350,65407,65675,6606107,4400225,2023-10-17,2023-12-15,436.04,268,-2205882,677524762,-222864345,0.649455967780555,83.4921913894566,-0.501311182950872
421.85,429,5802,6041,5720772,4319315,2023-10-17,2023-12-15,436.04,239,-1401457,677524762,-222864345,0.637513968825246,84.1297053582818,-0.324462790974958
432.37,441,5532,4950,7058832,4271850,2023-10-17,2023-11-17,436.04,-582,-2786982,546129639,-270693943,0.782204387921894,89.0427082277437,-0.652406334492081
435.56,442,6471,6475,7150455,4169900,2023-10-17,2023-10-20,436.04,4,-2980555,162148087,-228680623,2.57166154541188,65.6783702912265,-0.714778531859277
368.96,370,39994,39989,6479028,4158856,2023-10-17,2023-12-15,436.04,-5,-2320172,677524762,-222864345,0.613830849181568,84.7435362074634,-0.557887072791171
431.43,446,2803,2800,4933280,4079600,2023-10-17,2023-12-15,436.04,-3,-853680,677524762,-222864345,0.602132974145084,85.3456691816085,-0.209255809393078
433.96,437,12554,13358,8812908,4060832,2023-10-17,2023-10-20,436.04,804,-4752076,162148087,-228680623,2.50439710707164,68.1827673982981,-1.17022225987187
423.68,425,31112,30696,9706944,4051872,2023-10-17,2023-10-27,436.04,-416,-5655072,55088455,-50860427,7.35521081504283,7.35521081504283,-1.39566896486365
434.81,439,9567,9498,8218053,3979662,2023-10-17,2023-10-20,436.04,-69,-4238391,162148087,-228680623,2.45433792876015,70.6371053270582,-1.06501280762035
374.65,376,29355,29361,5606805,3963735,2023-10-17,2023-12-15,436.04,6,-1643070,677524762,-222864345,0.585031754160448,85.9307009357689,-0.414525693569323
384.41,385,65734,65453,6902070,3861727,2023-10-17,2023-11-17,436.04,-281,-3040343,546129639,-270693943,0.707108115771025,89.7498163435147,-0.787301380962456
379.5,380,75739,76396,6665032,3819800,2023-10-17,2023-11-17,436.04,657,-2845232,546129639,-270693943,0.699431000850697,90.4492473443654,-0.74486412901199
425.34,427,22639,22904,8353791,3802064,2023-10-17,2023-10-27,436.04,265,-4551727,55088455,-50860427,6.90174375011969,14.2569545651625,-1.19717264096554
420.28,427,5377,5566,4914578,3740352,2023-10-17,2023-12-15,436.04,189,-1174226,677524762,-222864345,0.552061298683575,86.4827622344525,-0.313934624334822
415.47,418,13758,14609,5805876,3696077,2023-10-17,2023-11-17,436.04,851,-2109799,546129639,-270693943,0.676776489693503,91.1260238340589,-0.570821170662841
429.63,441,3294,3215,4776300,3655455,2023-10-17,2023-12-15,436.04,-79,-1120845,677524762,-222864345,0.539530834151269,87.0222930686037,-0.306622568189186
432.1,434,15917,19077,8276840,3624630,2023-10-17,2023-10-20,436.04,3160,-4652210,162148087,-228680623,2.23538252412438,72.8724878511826,-1.28349928130595
419.79,420,167762,172088,15769628,3613848,2023-10-17,2023-10-20,436.04,4326,-12155780,162148087,-228680623,2.22873304697082,75.1012208981534,-3.36366665117072
433.52,449,2330,2330,4538840,3606840,2023-10-17,2023-12-15,436.04,0,-932000,677524762,-222864345,0.532355450648459,87.5546485192522,-0.258397932816537
431.41,444,2865,2864,4664220,3605776,2023-10-17,2023-12-15,436.04,-1,-1058444,677524762,-222864345,0.532198408417728,88.0868469276699,-0.29354125159189
432.96,443,3536,3565,4897360,3579260,2023-10-17,2023-11-17,436.04,29,-1318100,546129639,-270693943,0.655386513457476,91.7814103475164,-0.368260478422914
428.53,439,3278,3387,4556420,3546189,2023-10-17,2023-12-15,436.04,109,-1010231,677524762,-222864345,0.523403600708545,88.6102505283785,-0.284877935157996
339.46,340,66953,65079,5557099,3514266,2023-10-17,2023-12-15,436.04,-1874,-2042833,677524762,-222864345,0.518691890998369,89.1289424193768,-0.581297204024966
399.21,402,12377,12489,5099324,3484431,2023-10-17,2023-12-15,436.04,112,-1614893,677524762,-222864345,0.514288361906395,89.6432307812832,-0.463459600721036
418.44,420,20551,21966,6350259,3426696,2023-10-17,2023-11-03,436.04,1415,-2923563,46941710,-29046484,7.29989597737279,7.29989597737279,-0.853172560390534
434.42,447,2671,2671,4674250,3360118,2023-10-17,2023-11-17,436.04,0,-1314132,546129639,-270693943,0.615260143388775,92.3966704909052,-0.391096979332273
369.63,370,86948,89804,5738568,3322748,2023-10-17,2023-11-17,436.04,2856,-2415820,546129639,-270693943,0.608417445733979,93.0050879366392,-0.72705483533509
403.76,407,10339,10146,4921364,3287304,2023-10-17,2023-12-15,436.04,-193,-1634060,677524762,-222864345,0.485193189145757,90.128423970429,-0.49708210740473
415.65,421,6455,6074,4828340,3249590,2023-10-17,2023-12-15,436.04,-381,-1578750,677524762,-222864345,0.479626750527533,90.6080507209565,-0.485830520157928
402.81,406,10120,10173,4665320,3245187,2023-10-17,2023-12-15,436.04,53,-1420133,677524762,-222864345,0.478976884980626,91.0870276059372,-0.437612069812926
390.69,393,14158,14038,4360664,3242778,2023-10-17,2023-12-15,436.04,-120,-1117886,677524762,-222864345,0.478621326020259,91.5656489319574,-0.344730968324073
425.89,430,7254,7622,4831164,3132642,2023-10-17,2023-11-10,436.04,368,-1698522,33474606,-11957812,9.35826399271137,9.35826399271137,-0.542201119693856
431.4,433,17741,19062,8302788,3049920,2023-10-17,2023-10-20,436.04,1321,-5252868,162148087,-228680623,1.88094726026586,76.9821681584193,-1.7222969782814
408.95,413,7539,7522,4350003,3046410,2023-10-17,2023-12-15,436.04,-17,-1303593,677524762,-222864345,0.44963817868549,92.0152871106429,-0.427911213526741
364.57,365,145,70301,10875,3022943,2023-10-17,2023-11-24,436.04,70156,3012068,21486950,736744,14.0687393976344,14.0687393976344,0.996402512386109
428.2,429,35139,37667,10401144,3013360,2023-10-17,2023-10-20,436.04,2528,-7387784,162148087,-228680623,1.85839996989912,78.8405681283184,-2.45167653383598
427.8,430,9406,13541,4402008,2979020,2023-10-17,2023-10-27,436.04,4135,-1422988,55088455,-50860427,5.40770293884626,19.6646575040088,-0.477669837731871
416.27,419,10904,10824,4765048,2954952,2023-10-17,2023-11-17,436.04,-80,-1810096,546129639,-270693943,0.541071531186389,93.5461594678256,-0.612563588173344
413.9,415,20059,26222,4593511,2884420,2023-10-17,2023-11-03,436.04,6163,-1709091,46941710,-29046484,6.14468454600397,13.4445805233768,-0.592525013694261
427.32,428,38870,42153,10261680,2866404,2023-10-17,2023-10-20,436.04,3283,-7395276,162148087,-228680623,1.76776923677182,80.6083373650902,-2.57998384037979
409.81,414,6343,6631,3831172,2778389,2023-10-17,2023-12-15,436.04,288,-1052783,677524762,-222864345,0.410079329321989,92.4253664399649,-0.37891850277265
394.13,395,30262,31782,4599824,2765034,2023-10-17,2023-11-17,436.04,1520,-1834790,546129639,-270693943,0.506296271534166,94.0524557393597,-0.663568693911178
417.82,420,12170,12323,4782810,2686414,2023-10-17,2023-11-10,436.04,153,-2096396,33474606,-11957812,8.02522963227708,17.3834936249884,-0.7803696675196
425.52,426,54506,55882,11228236,2682336,2023-10-17,2023-10-20,436.04,1376,-8545900,162148087,-228680623,1.65425078372957,82.2625881488198,-3.18599161328036
426.69,430,7745,7722,4546315,2555982,2023-10-17,2023-11-03,436.04,-23,-1990333,46941710,-29046484,5.44501254854159,18.8895930719183,-0.778696015856137
432.18,440,2148,3250,2418648,2541500,2023-10-17,2023-11-10,436.04,1102,122852,33474606,-11957812,7.59232237117294,24.9758159961614,0.0483383828447767
430.66,432,16173,18319,6760314,2454746,2023-10-17,2023-10-20,436.04,2146,-4305568,162148087,-228680623,1.51389143431584,83.7764795831356,-1.75397698988001
430.2,435,4554,5055,3620430,2426400,2023-10-17,2023-11-03,436.04,501,-1194030,46941710,-29046484,5.16896380638882,24.0585568783072,-0.49209940652819
364.07,365,26043,26071,3750192,2424603,2023-10-17,2023-12-15,436.04,28,-1325589,677524762,-222864345,0.357861902027427,92.7832283419923,-0.546724144117614
434.42,445,2335,2273,3507170,2404834,2023-10-17,2023-11-10,436.04,-62,-1102336,33474606,-11957812,7.18405468312308,32.1598706792845,-0.458383406089568
435.97,443,3325,3374,3863650,2371922,2023-10-17,2023-10-20,436.04,49,-1491728,162148087,-228680623,1.46281220080012,85.2392917839358,-0.628911068745094
430.84,436,4336,4593,3611888,2369988,2023-10-17,2023-11-03,436.04,257,-1241900,46941710,-29046484,5.04878923243316,29.1073461107403,-0.524011092039284
379.37,380,2144,37206,235840,2343978,2023-10-17,2023-11-24,436.04,35062,2108138,21486950,736744,10.9088446708351,24.9775840684695,0.899384721187656
389.32,390,34333,34331,4291625,2334508,2023-10-17,2023-11-17,436.04,-2,-1957117,546129639,-270693943,0.427464073232619,94.4799198125923,-0.838342383063155
396.49,399,9212,9214,3408440,2312714,2023-10-17,2023-12-15,436.04,2,-1095726,677524762,-222864345,0.341347524062892,93.1245758660552,-0.473783615267603
434.12,440,3281,3904,3169446,2295552,2023-10-17,2023-10-27,436.04,623,-873894,55088455,-50860427,4.16702918969138,23.8316866937002,-0.380690134660422
419.74,423,8326,7014,4404454,2286564,2023-10-17,2023-11-17,436.04,-1312,-2117890,546129639,-270693943,0.418685205253986,94.8986050178463,-0.926232548050262
407.42,409,14224,14246,3925824,2250868,2023-10-17,2023-11-17,436.04,22,-1674956,546129639,-270693943,0.412149028227344,95.3107540460737,-0.744137817055465
422.7,425,8034,9767,3358212,2246410,2023-10-17,2023-11-03,436.04,1733,-1111802,46941710,-29046484,4.78553082109706,33.8928769318374,-0.494923900801723
421.91,423,18431,20402,4699905,2223818,2023-10-17,2023-10-27,436.04,1971,-2476087,55088455,-50860427,4.03681315803829,27.8684998517385,-1.11343958903112
433.55,439,3507,4031,3268524,2196895,2023-10-17,2023-10-27,436.04,524,-1071629,55088455,-50860427,3.9879408489492,31.8564407006877,-0.487792543567171
419.2,420,21466,26957,4464928,2156560,2023-10-17,2023-10-27,436.04,5491,-2308368,55088455,-50860427,3.91472224080345,35.7711629414911,-1.07039358979115
429.87,431,13154,18242,4932750,2061346,2023-10-17,2023-10-20,436.04,5088,-2871404,162148087,-228680623,1.27127370919893,86.5105654931347,-1.39297526955688
430.04,433,5717,6856,3298709,2029376,2023-10-17,2023-10-27,436.04,1139,-1269333,55088455,-50860427,3.68384991011274,39.4550128516038,-0.625479457724936
413.25,418,4234,4255,2874886,2021125,2023-10-17,2023-12-15,436.04,21,-853761,677524762,-222864345,0.298310130250265,93.4228859963055,-0.422418702455316
411.88,414,8901,9425,3275568,1998100,2023-10-17,2023-11-17,436.04,524,-1277468,546129639,-270693943,0.365865512016278,95.6766195580899,-0.63934137430559
428.82,433,4090,4660,2879360,1947880,2023-10-17,2023-11-03,436.04,570,-931480,46941710,-29046484,4.14957188393861,38.042448815776,-0.478201942624802
432.01,436,5036,4856,3656136,1937544,2023-10-17,2023-10-27,436.04,-180,-1718592,55088455,-50860427,3.51715073512227,42.9721635867261,-0.886995082434257
436.47,455,1000,1003,2400000,1858559,2023-10-17,2023-11-17,436.04,3,-541441,546129639,-270693943,0.340314618961744,96.0169341770517,-0.291323008847177
411,413,9054,9208,3033090,1841600,2023-10-17,2023-11-17,436.04,154,-1191490,546129639,-270693943,0.337209312311284,96.354143489363,-0.646986316246742
429.28,432,6378,6716,3380340,1826752,2023-10-17,2023-10-27,436.04,338,-1553588,55088455,-50860427,3.31603418538422,46.2881977721103,-0.850464649826578
411.52,416,3922,4029,2459094,1804992,2023-10-17,2023-12-15,436.04,107,-654102,677524762,-222864345,0.26640974636437,93.6892957426698,-0.362384985639825
426.43,427,26390,30664,6148870,1747848,2023-10-17,2023-10-20,436.04,4274,-4401022,162148087,-228680623,1.07793316118494,87.5884986543196,-2.51796609316142
400.14,403,5920,6078,2551520,1738308,2023-10-17,2023-12-15,436.04,158,-813212,677524762,-222864345,0.256567449264681,93.9458631919345,-0.467818131194242
374.57,375,37150,38175,2860550,1641525,2023-10-17,2023-11-17,436.04,1025,-1219025,546129639,-270693943,0.300574237832201,96.6547177271952,-0.742617383225964
364.77,365,1265,71276,54395,1639348,2023-10-17,2023-11-10,436.04,70011,1584953,33474606,-11957812,4.89728841020563,37.0571590894901,0.966819125652393
431.79,438,2222,2636,2093124,1636956,2023-10-17,2023-11-03,436.04,414,-456168,46941710,-29046484,3.48720998872857,41.5296588045046,-0.278668455352496
417.25,423,2876,2793,2289296,1605975,2023-10-17,2023-12-15,436.04,-83,-683321,677524762,-222864345,0.23703561700967,94.1828988089442,-0.425486698111739
428.03,432,3514,3972,2336810,1576884,2023-10-17,2023-11-03,436.04,458,-759926,46941710,-29046484,3.35923851091066,44.8888973154152,-0.481916234802306
354.74,355,59698,59748,2865504,1553448,2023-10-17,2023-11-17,436.04,50,-1312056,546129639,-270693943,0.284446748366279,96.9391644755615,-0.844608895823999
412.23,417,3245,3253,2131965,1551681,2023-10-17,2023-12-15,436.04,8,-580284,677524762,-222864345,0.229022035359942,94.4119208443041,-0.37397119639926
409.2,411,8563,8483,2568900,1526940,2023-10-17,2023-11-17,436.04,-80,-1041960,546129639,-270693943,0.279592955767046,97.2187574313285,-0.68238437659633
413.67,416,6341,6546,2403239,1525218,2023-10-17,2023-11-17,436.04,205,-878021,546129639,-270693943,0.279277646016938,97.4980350773454,-0.575669183028262
409.21,410,15101,18943,2506766,1496497,2023-10-17,2023-11-03,436.04,3842,-1010269,46941710,-29046484,3.18798995605401,48.0768872714692,-0.675089225036869
354.27,355,20491,20488,2315483,1495624,2023-10-17,2023-12-15,436.04,-3,-819859,677524762,-222864345,0.220748241818503,94.6326690861227,-0.548171866725862
401.04,404,5276,5031,2284508,1489176,2023-10-17,2023-12-15,436.04,-245,-795332,677524762,-222864345,0.2197965422849,94.8524656284076,-0.534075220121732
416.68,420,4186,4452,2105558,1478064,2023-10-17,2023-11-24,436.04,266,-627494,21486950,736744,6.87889160630057,31.85647567477,-0.424537773736455
390.03,392,3641,7459,1088659,1469423,2023-10-17,2023-12-15,436.04,3818,380764,677524762,-222864345,0.216881076886752,95.0693467052943,0.259124840158348
423.64,424,38674,40629,6149166,1462644,2023-10-17,2023-10-20,436.04,1955,-4686522,162148087,-228680623,0.902042094397327,88.4905407487169,-3.20414400223158
374.8,375,72894,73124,2915760,1462480,2023-10-17,2023-11-03,436.04,230,-1453280,46941710,-29046484,3.11552348646864,51.1924107579379,-0.993709315682949
414.86,415,104263,103988,5421676,1455832,2023-10-17,2023-10-20,436.04,-275,-3965844,162148087,-228680623,0.897840996421993,89.388381745139,-2.72410827622967
433.05,438,2627,2915,2269728,1442925,2023-10-17,2023-10-27,436.04,288,-826803.000000001,55088455,-50860427,2.61928747139487,48.9074852435052,-0.573004833931078
424.67,430,2374,2668,1858842,1422044,2023-10-17,2023-11-24,436.04,294,-436798,21486950,736744,6.61817521798115,38.4746508927512,-0.307162084998777
429.45,435,2160,2557,1881360,1419135,2023-10-17,2023-11-10,436.04,397,-462225,33474606,-11957812,4.23943750077297,41.2965965902631,-0.325708970605334
421.96,425,4577,4653,2306808,1414512,2023-10-17,2023-11-10,436.04,76,-892296,33474606,-11957812,4.22562703202541,45.5222236222885,-0.630815433167057
379.65,380,4846,39905,314990,1396675,2023-10-17,2023-11-10,436.04,35059,1081685,33474606,-11957812,4.17234186415816,49.6945654864467,0.774471512699805
433.07,440,1759,1968,1866299,1363824,2023-10-17,2023-11-03,436.04,209,-502475,46941710,-29046484,2.90535645165036,54.0977672095882,-0.368430970565117
432.59,437,2684,3063,2149884,1350783,2023-10-17,2023-10-27,436.04,379,-799101,55088455,-50860427,2.45202556506622,51.3595108085714,-0.591583548208706
401.77,403,11495,10958,2390960,1347834,2023-10-17,2023-11-17,436.04,-537,-1043126,546129639,-270693943,0.246797445835017,97.7448325231805,-0.77392764984412
405.49,409,3804,3813,1921020,1338363,2023-10-17,2023-12-15,436.04,9,-582657,677524762,-222864345,0.197537134443508,95.2668838397378,-0.435350499079846
433.2,456,587,587,1338360,1338360,2023-10-17,2023-12-15,436.04,0,0,677524762,-222864345,0.197536691655264,95.4644205313931,0
319.63,320,36207,36164,2100006,1338068,2023-10-17,2023-12-15,436.04,-43,-761938,677524762,-222864345,0.197493593599462,95.6619141249925,-0.569431448924868
429.51,434,2766,2968,2013648,1332632,2023-10-17,2023-11-03,436.04,202,-681016,46941710,-29046484,2.83890808408982,56.9366752936781,-0.511030802201958
399.78,400,61474,60104,3258122,1322288,2023-10-17,2023-10-27,436.04,-1370,-1935834,55088455,-50860427,2.40029966351389,53.7598104720853,-1.46400330336508
435.48,449,963,964,1762290,1303328,2023-10-17,2023-11-17,436.04,1,-458962,546129639,-270693943,0.238648098716356,97.9834806218968,-0.352146198040708
436.51,446,1319,1350,1846600,1281150,2023-10-17,2023-10-20,436.04,31,-565450,162148087,-228680623,0.790111079139651,90.1784928242786,-0.441361276977715
431.37,435,2567,3491,1771230,1267233,2023-10-17,2023-10-27,436.04,924,-503997,55088455,-50860427,2.30036039311685,56.0601708652022,-0.397714548153339
391.87,394,5942,5945,1883614,1266285,2023-10-17,2023-12-15,436.04,3,-617329,677524762,-222864345,0.186898704080132,95.8488128290727,-0.48751189503153
422.79,424,9538,10352,2746944,1252592,2023-10-17,2023-10-27,436.04,814,-1494352,55088455,-50860427,2.27378313659368,58.3339540017958,-1.19300777906932
430.66,434,3239,3740,2050287,1249160,2023-10-17,2023-10-27,436.04,501,-801127,55088455,-50860427,2.2675531561014,60.6015071578973,-0.64133257549073
426.17,428,4948,6709,1959408,1227747,2023-10-17,2023-10-27,436.04,1761,-731661,55088455,-50860427,2.22868294273274,62.83019010063,-0.595937925321748
425.12,428,3880,4155,1947760,1196640,2023-10-17,2023-11-03,436.04,275,-751120,46941710,-29046484,2.54920410867009,59.4858794023482,-0.62769086776307
399.54,400,24798,26009,2355810,1196414,2023-10-17,2023-11-03,436.04,1211,-1159396,46941710,-29046484,2.54872266050811,62.0346020628563,-0.96905920525838
389.69,390,38333,38339,2453312,1188509,2023-10-17,2023-11-03,436.04,6,-1264803,46941710,-29046484,2.53188262634659,64.5664846892028,-1.06419303513899
431.39,437,1835,2109,1622140,1183149,2023-10-17,2023-11-03,436.04,274,-438991,46941710,-29046484,2.52046420976143,67.0869488989643,-0.371036107878213
299.73,300,41931,43653,1761102,1178631,2023-10-17,2023-12-15,436.04,1722,-582471,677524762,-222864345,0.173961317151092,96.0227741462238,-0.494192838980139
436.22,460,489,493,1403430,1172354,2023-10-17,2023-12-15,436.04,4,-231076,677524762,-222864345,0.173034856547428,96.1958090027712,-0.197104287612786
379.87,380,89294,89413,2410938,1162369,2023-10-17,2023-10-27,436.04,119,-1248569,55088455,-50860427,2.11000471877456,64.9401948194045,-1.07415889446467
398.02,399,11849,11493,2097273,1126314,2023-10-17,2023-11-17,436.04,-356,-970959,546129639,-270693943,0.206235648016166,98.189716269913,-0.862067771509544
426.03,429,3448,3780,1868816,1122660,2023-10-17,2023-11-03,436.04,332,-746156,46941710,-29046484,2.3916043961756,69.4785532951399,-0.664632212780361
349.69,350,1115,36115,55750,1119565,2023-10-17,2023-11-24,436.04,35000,1063815,21486950,736744,5.21044168669821,43.6850925794494,0.950203873825995
324.56,325,25150,25149,1609600,1106556,2023-10-17,2023-12-15,436.04,-1,-503044,677524762,-222864345,0.16332332957596,96.3591323323472,-0.454603291654467
398.32,401,3795,4071,1495230,1091028,2023-10-17,2023-12-15,436.04,276,-404202,677524762,-222864345,0.161031457622209,96.5201637899693,-0.370478117885151
404.42,405,18492,18611,2366976,1079438,2023-10-17,2023-11-03,436.04,119,-1287538,46941710,-29046484,2.29952850034649,71.7780817954864,-1.19278550504985
395.53,398,3982,4345,1429538,1073215,2023-10-17,2023-12-15,436.04,363,-356323,677524762,-222864345,0.158402328622197,96.6785661185916,-0.332014554399631
384.86,385,73146,73133,2194380,1023862,2023-10-17,2023-10-27,436.04,-13,-1170518,55088455,-50860427,1.85857817214151,66.798772991546,-1.14323805356581
432.32,439,1772,1521,1763140,1016028,2023-10-17,2023-11-03,436.04,-251,-747112,46941710,-29046484,2.16444607578207,73.9425278712684,-0.735326191797864
377.62,379,7247,7244,1492882,999672,2023-10-17,2023-12-15,436.04,-3,-493210,677524762,-222864345,0.147547669999403,96.8261137885909,-0.493371825958915
399.91,401,9719,9108,1914643,992772,2023-10-17,2023-11-17,436.04,-611,-921871,546129639,-270693943,0.181783212099206,98.3714994820122,-0.92858279645276
379.51,381,6587,6581,1429379,980569,2023-10-17,2023-12-15,436.04,-6,-448810,677524762,-222864345,0.144728142054238,96.9708419306452,-0.457703639417522
422.7,423,32864,30689,4600960,920670,2023-10-17,2023-10-20,436.04,-2175,-3680290,162148087,-228680623,0.567795782875934,90.7462886071545,-3.99740406443134
409.89,410,82919,82968,2736327,912648,2023-10-17,2023-10-20,436.04,49,-1823679,162148087,-228680623,0.562848453463407,91.3091370606179,-1.99822823257159
426.92,429,3900,4349,1684800,904592,2023-10-17,2023-10-27,436.04,449,-780208,55088455,-50860427,1.64207182793564,68.4408448194817,-0.86249712577604
409.64,410,23334,24539,2240064,883404,2023-10-17,2023-10-27,436.04,1205,-1356660,55088455,-50860427,1.60361004860274,70.0444548680844,-1.53571865194181
434.69,445,612,838,875772,863978,2023-10-17,2023-11-03,436.04,226,-11794,46941710,-29046484,1.84053371724209,75.7830615885105,-0.0136508105530465
420.98,422,6118,8413,1468320,858126,2023-10-17,2023-10-27,436.04,2295,-610194,55088455,-50860427,1.55772384613074,71.6021787142152,-0.71107739422882
414.47,415,15766,16090,2144176,852770,2023-10-17,2023-10-27,436.04,324,-1291406,55088455,-50860427,1.54800130081702,73.1501800150322,-1.51436612451188
416.85,417,56979,56831,3760614,852465,2023-10-17,2023-10-20,436.04,-148,-2908149,162148087,-228680623,0.52573238190593,91.8348694425238,-3.41145853495451
435.79,445,921,925,1281111,851925,2023-10-17,2023-10-27,436.04,4,-429186,55088455,-50860427,1.54646740410491,74.6966474191371,-0.503783783783784
428.54,432.5,2141,2117,1445175,838332,2023-10-17,2023-11-03,436.04,-24,-606843,46941710,-29046484,1.78590000236464,77.5689615908752,-0.723869540945592
408.76,410,6628,6742,1531068,836008,2023-10-17,2023-11-10,436.04,114,-695060,33474606,-11957812,2.49743940227407,52.1920048887207,-0.831403527238974
399.28,400,10444,11519,1472604,829368,2023-10-17,2023-11-10,436.04,1075,-643236,33474606,-11957812,2.4776034705233,54.669608359244,-0.775573689845762
374.89,375,74232,74239,1707336,816629,2023-10-17,2023-10-27,436.04,7,-890707,55088455,-50860427,1.48239590309803,76.1790433222351,-1.09071193895882
294.72,295,21109,29098,823251,814744,2023-10-17,2023-12-15,436.04,7989,-8507,677524762,-222864345,0.120253021837156,97.0910949524824,-0.0104413165362371
420.85,425,1859,1949,1178606,808835,2023-10-17,2023-11-24,436.04,90,-369771,21486950,736744,3.7643081032906,47.44940068274,-0.457164934751835
416.38,417,12086,12949,1921674,802838,2023-10-17,2023-10-27,436.04,863,-1118836,55088455,-50860427,1.45736161959888,77.636404941834,-1.39360119974391
421.73,422,31255,29651,3844365,800577,2023-10-17,2023-10-20,436.04,-1604,-3043788,162148087,-228680623,0.493732004374495,92.3286014468984,-3.80199281268385
431.11,440,891,894,1081674,794766,2023-10-17,2023-11-24,436.04,3,-286908,21486950,736744,3.69883115100096,51.148231833741,-0.360996821706011
429.95,436,722,1311,659908,793155,2023-10-17,2023-11-10,436.04,589,133247,33474606,-11957812,2.36942295900361,57.0390313182476,0.167996167205653
424.32,427,2365,2874,1123375,770232,2023-10-17,2023-11-03,436.04,509,-353143,46941710,-29046484,1.64082646328819,79.2097880541633,-0.458489130547679
432.79,437.5,1572,1632,1301616,768672,2023-10-17,2023-10-27,436.04,60,-532944,55088455,-50860427,1.39534136508276,79.0317463069168,-0.693330835518921
396.1,397,9134,8525,1470574,767250,2023-10-17,2023-11-17,436.04,-609,-703324,546129639,-270693943,0.14048862123742,98.5119881032496,-0.916681655262301
394.82,395,41823,42336,1672920,762048,2023-10-17,2023-10-27,436.04,513,-910872,55088455,-50860427,1.38331706706968,80.4150633739864,-1.1952947845805
388.83,391,3520,3511,1020800,761887,2023-10-17,2023-12-15,436.04,-9,-258913,677524762,-222864345,0.112451535756563,97.2035464882389,-0.339831234815662
387.16,389,4046,4049,1104558,745016,2023-10-17,2023-12-15,436.04,3,-359542,677524762,-222864345,0.109961442265338,97.3135079305042,-0.482596346924093
399.92,400,91510,91204,1921710,729632,2023-10-17,2023-10-20,436.04,-306,-1192078,162148087,-228680623,0.449978790067378,92.7785802369657,-1.63380717950967
424.51,426,4246,4896,1443640,729504,2023-10-17,2023-10-27,436.04,650,-714136,55088455,-50860427,1.32424116813586,81.7393045421223,-0.978933631618195
389.94,390,121089,120973,1937424,725838,2023-10-17,2023-10-20,436.04,-116,-1211586,162148087,-228680623,0.447638953643653,93.2262191906094,-1.66922371107603
389.83,390,44795,42597,1478235,724149,2023-10-17,2023-10-27,436.04,-2198,-754086,55088455,-50860427,1.31452043808453,83.0538249802068,-1.04134093950278
427.43,432,1639,1566,1201387,715662,2023-10-17,2023-11-10,436.04,-73,-485725,33474606,-11957812,2.1379250886478,59.1769564068954,-0.678707266838256
410.62,411,21584,18645,2223152,708510,2023-10-17,2023-10-27,436.04,-2939,-1514642,55088455,-50860427,1.28613154970492,84.3399565299118,-2.13778492893537
384.37,386,4321,4327,1093213,705301,2023-10-17,2023-12-15,436.04,6,-387912,677524762,-222864345,0.104099663888004,97.4176075943923,-0.549994966687982
436.65,470,310,210,1197530,700350,2023-10-17,2023-12-15,436.04,-100,-497180,677524762,-222864345,0.103368915688428,97.5209765100807,-0.709902191761262
380.45,382,4496,4496,1016096,696880,2023-10-17,2023-12-15,436.04,0,-319216,677524762,-222864345,0.102856757285574,97.6238332673663,-0.458064516129032
431.67,437.5,1021,1182,929110,689106,2023-10-17,2023-11-03,436.04,161,-240004,46941710,-29046484,1.46800361554788,80.6777916697112,-0.34828313786268
412.99,414,1764,6723,379260,679023,2023-10-17,2023-11-03,436.04,4959,299763,46941710,-29046484,1.44652378449784,82.1243154542091,0.441462218511008
422.91,426,2241,2149,1245996,664041,2023-10-17,2023-11-10,436.04,-92,-581955,33474606,-11957812,1.98371565598113,61.1606720628766,-0.876384138931181
334.5,335,13262,13256,1021174,662800,2023-10-17,2023-12-15,436.04,-6,-358374,677524762,-222864345,0.0978266828275717,97.7216599501938,-0.540697042848521
349.82,350,1651,36686,52832,660348,2023-10-17,2023-11-10,436.04,35035,607516,33474606,-11957812,1.97268341261433,63.1333554754909,0.919993700291361
426.79,431,1647,1539,1164429,647919,2023-10-17,2023-11-10,436.04,-108,-516510,33474606,-11957812,1.93555377470313,65.068909250194,-0.797182981205984
374.94,375,107231,107229,1286772,643374,2023-10-17,2023-10-20,436.04,-2,-643398,162148087,-228680623,0.396781739398504,93.6230009300079,-1.00003730334145
359.7,360,20600,21260,1091800,637800,2023-10-17,2023-11-17,436.04,660,-454000,546129639,-270693943,0.11678545796706,98.6287735612167,-0.711821887739103
397.04,398,5756,6602,967008,633792,2023-10-17,2023-11-17,436.04,846,-333216,546129639,-270693943,0.11605156628388,98.7448251275005,-0.525749772796122
394.64,395,17474,17487,1345498,629532,2023-10-17,2023-11-03,436.04,13,-715966,46941710,-29046484,1.34109302792762,83.4654084821367,-1.13729881880508
344.38,345,10138,10134,912420,628308,2023-10-17,2023-12-15,436.04,-4,-284112,677524762,-222864345,0.092735798783986,97.8143957489778,-0.452185870623962
381.46,383,4012,4012,930784,617848,2023-10-17,2023-12-15,436.04,0,-312936,677524762,-222864345,0.0911919437713481,97.9055876927492,-0.506493506493507
436.77,460,277,265,793051,615595,2023-10-17,2023-11-17,436.04,-12,-177456,546129639,-270693943,0.112719573529684,98.8575447010302,-0.288267448566021
393.41,396,2322,2375,782514,615125,2023-10-17,2023-12-15,436.04,53,-167389,677524762,-222864345,0.0907900396413851,97.9963777323906,-0.272121926437716
428.1,435,550,888,558800,612720,2023-10-17,2023-11-24,436.04,338,53920.0000000001,21486950,736744,2.85159131472824,53.9998231484692,0.0880010445227838
427.45,431,1715,1718,1063300,609890,2023-10-17,2023-11-03,436.04,3,-453410,46941710,-29046484,1.29924964386683,84.7646581260035,-0.743429142960206
411.59,413,4381,4282,1174108,603762,2023-10-17,2023-11-10,436.04,-99,-570346,33474606,-11957812,1.80364184122137,66.8725510914154,-0.944653688042639
430.86,437,585,980,585000,601720,2023-10-17,2023-11-10,436.04,395,16720,33474606,-11957812,1.79754169474019,68.6700927861556,0.0277870105697002
436.1,455,340,314,817700,593460,2023-10-17,2023-10-20,436.04,-26,-224240,162148087,-228680623,0.365998767534026,93.9889996975419,-0.377851919253193
423.16,428,1136,1191,821328,576444,2023-10-17,2023-11-24,436.04,55,-244884,21486950,736744,2.68276325862908,56.6825864070983,-0.424818369173762
429.26,437,338,744,344422,575856,2023-10-17,2023-11-24,436.04,406,231434,21486950,736744,2.68002671388913,59.3626131209874,0.401895612792087
376.69,378,4306,4314,861200,565134,2023-10-17,2023-12-15,436.04,8,-296066,677524762,-222864345,0.0834115639304118,98.079789296321,-0.523886370312174
433.75,441,563,779,632249,564775,2023-10-17,2023-11-03,436.04,216,-67474.0000000001,46941710,-29046484,1.20314108710569,85.9677992131092,-0.119470585631446
424.08,429,1131,1144,860691,562848,2023-10-17,2023-11-24,436.04,13,-297843,21486950,736744,2.61948764249928,61.9821007634867,-0.529171286031042
404.72,405,20125,20014,1368500,560392,2023-10-17,2023-10-27,436.04,-111,-808108,55088455,-50860427,1.01725851632615,85.3572150462379,-1.44204057159988
349.75,350,22307,22411,959201,560275,2023-10-17,2023-11-17,436.04,104,-398926,546129639,-270693943,0.102590110477414,98.9601348115077,-0.712018205345589
423.99,427.5,1595,1591,918720,558441,2023-10-17,2023-11-10,436.04,-4,-360279,33474606,-11957812,1.66825264500499,70.3383454311606,-0.645151412593273
421.09,423,2362,2915,873940,556765,2023-10-17,2023-11-03,436.04,553,-317175,46941710,-29046484,1.18607737127599,87.1538765843852,-0.569674817921385
304.7,305,18374,18339,826830,550170,2023-10-17,2023-12-15,436.04,-35,-276660,677524762,-222864345,0.0812029361666342,98.1609922324876,-0.502862751513169
417.83,418,32468,32309,2402632,549253,2023-10-17,2023-10-20,436.04,-159,-1853379,162148087,-228680623,0.338735417828272,94.3277351153702,-3.37436299847247
427.3,434,557,816,528036,546720,2023-10-17,2023-11-24,436.04,259,18684,21486950,736744,2.54442812963217,64.5265288931189,0.0341747146619842
369.95,370,108840,109117,1088400,545585,2023-10-17,2023-10-20,436.04,277,-542815,162148087,-228680623,0.336473288149246,94.6642084035194,-0.994922880944307
433.63,442.5,614,613,640402,543731,2023-10-17,2023-10-27,436.04,-1,-96671,55088455,-50860427,0.987014429792958,86.3442294760309,-0.177791959627095
420.12,421,3356,6159,734964,541992,2023-10-17,2023-10-27,436.04,2803,-192972,55088455,-50860427,0.983857688512049,87.3280871645429,-0.356042155603773
359.85,360,35903,36103,1041187,541545,2023-10-17,2023-11-03,436.04,200,-499642,46941710,-29046484,1.15365418089797,88.3075307652832,-0.922623235372868
314.63,315,14545,14545,785430,538165,2023-10-17,2023-12-15,436.04,0,-247265,677524762,-222864345,0.0794310452080569,98.2404232776956,-0.45945945945946
384.93,385,76599,76568,1072386,535976,2023-10-17,2023-10-20,436.04,-31,-536410,162148087,-228680623,0.330547223785625,94.9947556273051,-1.00080973774945
427.87,432.5,1272,1147,946368,531061,2023-10-17,2023-11-10,436.04,-125,-415307,33474606,-11957812,1.58645929992425,71.9248047310848,-0.782032572529333
348,349,5303,5303,530300,530300,2023-10-17,2023-12-15,436.04,0,0,677524762,-222864345,0.0782702020269482,98.3186934797226,0
364.66,365,15532,15521,900856,527714,2023-10-17,2023-11-17,436.04,-11,-373142,546129639,-270693943,0.0966279729784085,99.056762784486,-0.707091341143119
435.1,442,759,761,859947,525090,2023-10-17,2023-10-27,436.04,2,-334857,55088455,-50860427,0.953176123744984,88.2812632882879,-0.637713534822602
434.46,441,768,791,825600,517314,2023-10-17,2023-10-27,436.04,23,-308286,55088455,-50860427,0.939060643468763,89.2203239317567,-0.595935930595344
412.36,415,2258,1950,941586,514800,2023-10-17,2023-11-24,436.04,-308,-426786,21486950,736744,2.39587284374935,66.9224017368682,-0.829032634032634
418.81,419,26623,27046,2236332,513874,2023-10-17,2023-10-20,436.04,423,-1722458,162148087,-228680623,0.316916474013042,95.3116721013181,-3.3519072768811
428.62,434,878,955,741910,513790,2023-10-17,2023-11-10,436.04,77,-228120,33474606,-11957812,1.5348649659984,73.4596696970832,-0.443994628155472
428.47,431,1918,2003,978180,506759,2023-10-17,2023-10-27,436.04,85,-471421,55088455,-50860427,0.919900549035183,90.1402244807919,-0.930266655352939
402.89,403,44083,44065,925743,484715,2023-10-17,2023-10-20,436.04,-18,-441028,162148087,-228680623,0.298933529817099,95.6106056311352,-0.909870748790527
385.03,387,2419,2442,624102,481074,2023-10-17,2023-12-15,436.04,23,-143028,677524762,-222864345,0.0710046373183332,98.3896981170409,-0.297309769390988
434.16,442,617,610,765697,478240,2023-10-17,2023-11-03,436.04,-7,-287457,46941710,-29046484,1.01879543800173,89.3263262032849,-0.60107268317163
329.55,330,10636,10441,733884,469845,2023-10-17,2023-12-15,436.04,-195,-264039,677524762,-222864345,0.0693472809190109,98.45904539796,-0.56197043705903
418.26,419,4980,6314,951180,467236,2023-10-17,2023-10-27,436.04,1334,-483944,55088455,-50860427,0.848155933942965,90.9883804147348,-1.03575923088118
395.14,396,4487,5402,708946,464572,2023-10-17,2023-11-17,436.04,915,-244374,546129639,-270693943,0.0850662492610111,99.1418290337471,-0.526019648192315
415.84,416,28736,28995,1637952,463920,2023-10-17,2023-10-20,436.04,259,-1174032,162148087,-228680623,0.286108833340723,95.8967144644759,-2.53067770305225
420.76,421,19978,19319,2157624,463656,2023-10-17,2023-10-20,436.04,-659,-1693968,162148087,-228680623,0.285946019208972,96.1826604836849,-3.65350173404421
428.89,436,464,637,482560,452907,2023-10-17,2023-11-24,436.04,173,-29653,21486950,736744,2.10782358594403,69.0302253228122,-0.065472602543127
358.2,359,5039,5404,629875,432320,2023-10-17,2023-12-15,436.04,365,-197555,677524762,-222864345,0.0638087379601928,98.5228541359201,-0.456964748334567
421.18,424,1458,1532,694008,432024,2023-10-17,2023-11-10,436.04,74,-261984,33474606,-11957812,1.29060219558671,74.7502718926699,-0.606410754958058
357.17,358,5166,5166,630252,428778,2023-10-17,2023-12-15,436.04,0,-201474,677524762,-222864345,0.0632859526394697,98.5861400885596,-0.469879518072289
392.24,393,5602,5503,789882,418228,2023-10-17,2023-11-17,436.04,-99,-371654,546129639,-270693943,0.0765803520141854,99.2184093857612,-0.888639689356045
420.16,422,2374,2268,807160,417312,2023-10-17,2023-11-03,436.04,-106,-389848,46941710,-29046484,0.889000422012747,90.2153266252976,-0.934188329115865
369.89,370,37614,37616,827508,413776,2023-10-17,2023-10-27,436.04,2,-413732,55088455,-50860427,0.751112007043944,91.7394924217788,-0.999893662271374
416.07,418,2089,2097,724883,404721,2023-10-17,2023-11-10,436.04,8,-320162,33474606,-11957812,1.20903887561813,75.9593107682881,-0.79106841503159
431.63,439,383,548,421683,403876,2023-10-17,2023-11-10,436.04,165,-17807,33474606,-11957812,1.2065145740625,77.1658253423506,-0.0440902653289624
364.9,365,39988,40093,799760,400930,2023-10-17,2023-10-27,436.04,105,-398830,55088455,-50860427,0.727793146495032,92.4672855682738,-0.994762177936298
353.25,354,5337,5342,597744,400650,2023-10-17,2023-12-15,436.04,5,-197094,677524762,-222864345,0.05913437005864,98.6452744586182,-0.491935604642456
309.67,310,12250,12067,612500,398211,2023-10-17,2023-12-15,436.04,-183,-214289,677524762,-222864345,0.058774383215827,98.7040488418341,-0.538129283219198
425.17,429,1043,1038,652918,397554,2023-10-17,2023-11-10,436.04,-5,-255364,33474606,-11957812,1.1876286161516,78.3534539585022,-0.64233789623548
433.68,447,306,298,535194,396936,2023-10-17,2023-11-10,436.04,-8,-138258,33474606,-11957812,1.185782440576,79.5392363990782,-0.34831307817885
421.64,426,624,901,414336,392836,2023-10-17,2023-11-24,436.04,277,-21499.9999999999,21486950,736744,1.82825389364242,70.8584792164546,-0.0547302182081071
426.28,432,682,686,589248,392392,2023-10-17,2023-11-24,436.04,4,-196856,21486950,736744,1.8261875231245,72.6846667395791,-0.50168199147791
423.55,427,1127,1135,631120,391575,2023-10-17,2023-11-10,436.04,8,-239545,33474606,-11957812,1.16976731555855,80.7090037146367,-0.611747430249633
424.36,428,1061,1051,620685,382564,2023-10-17,2023-11-10,436.04,-10,-238121,33474606,-11957812,1.14284840275641,81.8518521173931,-0.622434416202256
367.98,369,3732,3734,589656,380868,2023-10-17,2023-12-15,436.04,2,-208788,677524762,-222864345,0.0562146243741273,98.7602634662082,-0.548189924068181
419.29,421,2240,2214,725760,378594,2023-10-17,2023-11-03,436.04,-26,-347166,46941710,-29046484,0.806519404597745,91.0218460298954,-0.916987590928541
415.17,417,2014,2067,656564,378261,2023-10-17,2023-11-10,436.04,53,-278303,33474606,-11957812,1.12999388252695,82.9818459999201,-0.735743309513801
417.02,419,1864,1876,682224,371448,2023-10-17,2023-11-10,436.04,12,-310776,33474606,-11957812,1.10964114110858,84.0914871410286,-0.836660851586225
422.08,427.5,664,676,472104,366392,2023-10-17,2023-11-24,436.04,12,-105712,21486950,736744,1.70518384414726,74.3898505837264,-0.288521583440686
435.19,443,460,465,562120,363165,2023-10-17,2023-10-27,436.04,5,-198955,55088455,-50860427,0.659239762668966,93.1265253309428,-0.547836382911349
433.62,457,155,155,362390,362390,2023-10-17,2023-12-15,436.04,0,0,677524762,-222864345,0.053487343979909,98.8137508101881,0
417.32,418,5260,5247,925760,356796,2023-10-17,2023-10-27,436.04,-13,-568964,55088455,-50860427,0.647678356563095,93.7742036875058,-1.59464792206191
422.5,427,603,785,416673,353250,2023-10-17,2023-11-24,436.04,182,-63423.0000000001,21486950,736744,1.64402113841192,76.0338717221383,-0.179541401273886
413.37,415,1953,2151,572229,350613,2023-10-17,2023-11-10,436.04,198,-221616,33474606,-11957812,1.04739993056229,85.1388870715909,-0.63208152578484
413.5,414,5854,6972,755166,348600,2023-10-17,2023-10-27,436.04,1118,-406566,55088455,-50860427,0.632800466086769,94.4070041535926,-1.16628227194492
412.87,413,26478,26412,1112076,343356,2023-10-17,2023-10-20,436.04,-66,-768720,162148087,-228680623,0.211754579626955,96.3944150633119,-2.23884248418551
404.9,405,36337,34189,872088,341890,2023-10-17,2023-10-20,436.04,-2148,-530198,162148087,-228680623,0.21085046781958,96.6052655311314,-1.55078534031414
274.81,275,17914,17949,519506,341031,2023-10-17,2023-12-15,436.04,35,-178475,677524762,-222864345,0.0503348392748485,98.864085649463,-0.523339520454152
423.55,426,1204,1383,540596,338835,2023-10-17,2023-11-03,436.04,179,-201761,46941710,-29046484,0.721820743215362,91.7436667731107,-0.595455014977791
379.94,380,56075,56026,728975,336156,2023-10-17,2023-10-20,436.04,-49,-392819,162148087,-228680623,0.207314194215563,96.812579725347,-1.16856162020015
403.41,405,1941,2095,516306,333105,2023-10-17,2023-11-24,436.04,154,-183201,21486950,736744,1.55026655714282,77.5841382792812,-0.549979736119242
393.18,394,4215,4039,611175,331198,2023-10-17,2023-11-17,436.04,-176,-279977,546129639,-270693943,0.060644575270891,99.2790539610321,-0.845346288322997
351.92,353,3059,3059,330372,330372,2023-10-17,2023-12-15,436.04,0,0,677524762,-222864345,0.0487616126419893,98.9128472621049,0
386.26,388,1913,1895,506945,329730,2023-10-17,2023-12-15,436.04,-18,-177215,677524762,-222864345,0.0486668559576572,98.9615141180626,-0.53745488733206
429.91,444,234,234,329706,329706,2023-10-17,2023-11-10,436.04,0,0,33474606,-11957812,0.984943631599428,86.1238307031904,0
370.89,372,2936,2947,504992,327117,2023-10-17,2023-12-15,436.04,11,-177875,677524762,-222864345,0.0482811873966608,99.0097953054592,-0.543765686283501
359.91,360,36246,36292,724920,326628,2023-10-17,2023-10-27,436.04,46,-398292,55088455,-50860427,0.592915521047014,94.9999196746396,-1.21940556229105
346.36,347,5056,5056,485376,323584,2023-10-17,2023-12-15,436.04,0,-161792,677524762,-222864345,0.0477597304406713,99.0575550358999,-0.5
372.79,374,2658,2659,481098,321739,2023-10-17,2023-12-15,436.04,1,-159359,677524762,-222864345,0.0474874156702778,99.1050424515702,-0.495305200799406
425.53,431,532,588,442624,321636,2023-10-17,2023-11-24,436.04,56,-120988,21486950,736744,1.4968899727509,79.0810282520321,-0.376164359710978
436.11,449,250,249,440500,320961,2023-10-17,2023-10-20,436.04,-1,-119539,162148087,-228680623,0.197943130836937,97.0105228561839,-0.372440888456853
435.85,447,256,287,403712,320005,2023-10-17,2023-10-20,436.04,31,-83707,162148087,-228680623,0.197353546329535,97.2078764025135,-0.261580287808003
284.8,285,15907,15906,524931,318120,2023-10-17,2023-12-15,436.04,-1,-206811,677524762,-222864345,0.0469532654512781,99.1519957170215,-0.650103734439834
436.42,452,199,199,410139,310042,2023-10-17,2023-10-20,436.04,0,-100097,162148087,-228680623,0.191209163016521,97.39908556553,-0.322849807445443
362.03,363,3194,3190,437578,309430,2023-10-17,2023-12-15,436.04,-4,-128148,677524762,-222864345,0.0456706555029202,99.1976663725244,-0.414142132307792
414.27,416,1400,1769,434000,306037,2023-10-17,2023-11-10,436.04,369,-127963,33474606,-11957812,0.914236301989634,87.03806700518,-0.418129180458572
429.79,432.5,934,1128,513700,305688,2023-10-17,2023-10-27,436.04,194,-208012,55088455,-50860427,0.554903926784659,95.5548236014243,-0.680471591949962
359.96,360,76234,76221,686106,304884,2023-10-17,2023-10-20,436.04,-13,-381222,162148087,-228680623,0.188028120245415,97.5871136857754,-1.25038375250915
417.53,419,1960,2067,560560,303849,2023-10-17,2023-11-03,436.04,107,-256711,46941710,-29046484,0.647290011377941,92.3909567844887,-0.844863731656185
421.94,424,1417,1470,551213,302820,2023-10-17,2023-11-03,436.04,53,-248393,46941710,-29046484,0.645097931029781,93.0360547155185,-0.820266164718315
428.22,433,572,626,447876,299228,2023-10-17,2023-11-10,436.04,54,-148648,33474606,-11957812,0.893895509927735,87.9319625151077,-0.496771692488671
430.93,451,149,149,299043,299043,2023-10-17,2023-11-17,436.04,0,0,546129639,-270693943,0.0547567790950822,99.3338107401272,0
369.91,371,2721,2726,451686,297134,2023-10-17,2023-12-15,436.04,5,-154552,677524762,-222864345,0.0438558140846223,99.241522186609,-0.520142427322353
375.6,377,2115,2115,412425,296100,2023-10-17,2023-12-15,436.04,0,-116325,677524762,-222864345,0.0437031997363367,99.2852253863454,-0.392857142857143
400.91,401,32649,32615,652980,293535,2023-10-17,2023-10-20,436.04,-34,-359445,162148087,-228680623,0.181028962740708,97.7681426485161,-1.22453881138535
394.93,395,41459,41301,787721,289107,2023-10-17,2023-10-20,436.04,-158,-498614,162148087,-228680623,0.178298125712701,97.9464407742288,-1.72466941305468
433.52,443,238,294,324870,278712,2023-10-17,2023-11-10,436.04,56,-46158,33474606,-11957812,0.832607260560438,88.7645697756682,-0.165611814345991
411.08,412,2288,2952,432432,271584,2023-10-17,2023-11-03,436.04,664,-160848,46941710,-29046484,0.578555830198772,93.6146105457172,-0.592258748674443
398.7,400,1958,2083,430760,270790,2023-10-17,2023-11-24,436.04,125,-159970,21486950,736744,1.26025331654795,80.34128156858,-0.590752982015584
410.12,411,2525,3069,449450,270072,2023-10-17,2023-11-03,436.04,544,-179378,46941710,-29046484,0.575334814176987,94.1899453598942,-0.664185846737166
405.91,406,27911,29751,669864,267759,2023-10-17,2023-10-20,436.04,1840,-402105,162148087,-228680623,0.165132382967922,98.1115731571967,-1.50174223835613
391.27,392,4084,3665,547256,267545,2023-10-17,2023-11-17,436.04,-419,-279711,546129639,-270693943,0.0489892840260223,99.3828000241533,-1.04547272421462
382.39,384,1624,1628,388136,262108,2023-10-17,2023-12-15,436.04,4,-126028,677524762,-222864345,0.0386861137335081,99.3239115000789,-0.480824698216002
412.46,414,1631,1689,455049,260106,2023-10-17,2023-11-10,436.04,58,-194943,33474606,-11957812,0.777024828910608,89.5415946045788,-0.749475213951235
393.92,395,1923,2387,349986,257796,2023-10-17,2023-11-24,436.04,464,-92190,21486950,736744,1.19977940098525,81.5410609695653,-0.357608341479309
426.82,433,437,411,390241,253998,2023-10-17,2023-11-24,436.04,-26,-136243,21486950,736744,1.18210355587927,82.7231645254445,-0.536393987354231
309.89,310,22837,22962,479577,252582,2023-10-17,2023-11-17,436.04,125,-226995,546129639,-270693943,0.0462494583634931,99.4290494825167,-0.898698244530489
434.83,444,266,268,333830,245756,2023-10-17,2023-10-27,436.04,2,-88074,55088455,-50860427,0.446111621754504,96.0009352231788,-0.358379856442976
434.73,446,215,215,354105,242305,2023-10-17,2023-11-10,436.04,0,-111800,33474606,-11957812,0.723847205251647,90.2654418098304,-0.461401952085182
329.82,330,13306,13426,425792,241668,2023-10-17,2023-11-17,436.04,120,-184124,546129639,-270693943,0.0442510317591461,99.4733005142759,-0.761888210271944
339.74,340,9177,9177,238602,238602,2023-10-17,2023-11-10,436.04,0,0,33474606,-11957812,0.712785088493648,90.9782268983241,0
304.89,305,21498,21557,429960,237127,2023-10-17,2023-11-17,436.04,59,-192833,546129639,-270693943,0.0434195442009329,99.5167200584768,-0.813205581819025
360.11,361,2667,2647,349377,235583,2023-10-17,2023-12-15,436.04,-20,-113794,677524762,-222864345,0.0347711276713455,99.3586826277502,-0.483031458127284
239.9,240,23486,23486,352290,234860,2023-10-17,2023-12-15,436.04,0,-117430,677524762,-222864345,0.0346644157044108,99.3933470434546,-0.5
407.99,410,1110,1153,371850,231753,2023-10-17,2023-11-24,436.04,43,-140097,21486950,736744,1.07857560053893,83.8017401259834,-0.60450997398092
413.87,414,17796,17807,836412,231491,2023-10-17,2023-10-20,436.04,11,-604921,162148087,-228680623,0.142765174898425,98.2543383320952,-2.61315126721989
387.37,388,3274,3664,405976,230832,2023-10-17,2023-11-17,436.04,390,-175144,546129639,-270693943,0.0422668874779748,99.5589869459548,-0.758750953074097
416.58,418,1414,1580,388850,224360,2023-10-17,2023-11-03,436.04,166,-164490,46941710,-29046484,0.477954467359625,94.6678998272539,-0.733152077019077
420.45,423,855,877,392445,223635,2023-10-17,2023-11-10,436.04,22,-168810,33474606,-11957812,0.668073583898194,91.6463004822223,-0.75484606613455
415.45,416,3820,4048,573000,222640,2023-10-17,2023-10-27,436.04,228,-350360,55088455,-50860427,0.404150016550655,96.4050852397295,-1.57366151634926
365.02,366,2247,2248,328062,220304,2023-10-17,2023-12-15,436.04,1,-107758,677524762,-222864345,0.032516007141891,99.4258630505965,-0.489133197763091
355.81,357,1839,1839,218841,218841,2023-10-17,2023-12-15,436.04,0,0,677524762,-222864345,0.0323000740746358,99.4581631246712,0
415.74,417,1627,1736,413258,218736,2023-10-17,2023-11-03,436.04,109,-194522,46941710,-29046484,0.465973651151609,95.1338734784055,-0.889300343793431
415.6,417.5,1134,1149,379890,218310,2023-10-17,2023-11-10,436.04,15,-161580,33474606,-11957812,0.652166003089028,92.2984664853113,-0.740140167651505
366.99,368,2131,2139,326043,216039,2023-10-17,2023-12-15,436.04,8,-110004,677524762,-222864345,0.0318865098542332,99.4900496345254,-0.509185841445295
407.29,408,3048,3031,460248,215201,2023-10-17,2023-11-03,436.04,-17,-245047,46941710,-29046484,0.458443034989565,95.592316513395,-1.1386889466127
344.78,345,9673,9680,367574,212960,2023-10-17,2023-11-17,436.04,7,-154614,546129639,-270693943,0.0389944044036768,99.5979813503585,-0.726023666416228
435.57,450,151,146,291430,210678,2023-10-17,2023-11-24,436.04,-5,-80752,21486950,736744,0.980492810752573,84.782232936736,-0.38329583535063
431.44,438,292,319,312732,209264,2023-10-17,2023-11-10,436.04,27,-103468,33474606,-11957812,0.62514253341772,92.923609018729,-0.494437648138237
418.59,422.5,530,529,312170,206839,2023-10-17,2023-11-24,436.04,-1,-105331,21486950,736744,0.962626152152818,85.7448590888889,-0.509241487340395
289.78,290,9224,9295,332064,204490,2023-10-17,2023-12-15,436.04,71,-127574,677524762,-222864345,0.0301819227088264,99.5202315572342,-0.623864247640471
397.92,398,24989,25278,449802,202224,2023-10-17,2023-10-20,436.04,289,-247578,162148087,-228680623,0.12471562492131,98.3790539570165,-1.22427605032044
390.28,391,2813,2785,348812,200520,2023-10-17,2023-11-17,436.04,-28,-148292,546129639,-270693943,0.0367165569638677,99.6346979073223,-0.739537203271494
414.85,416,1173,1735,275655,199525,2023-10-17,2023-11-03,436.04,562,-76130,46941710,-29046484,0.425048427081161,96.0173649404762,-0.381556195965418
414.96,418,639,651,309915,197904,2023-10-17,2023-11-24,436.04,12,-112011,21486950,736744,0.921042772473525,86.6659018613624,-0.565986538927965
410.9,411,19482,19587,701352,195870,2023-10-17,2023-10-20,436.04,105,-505482,162148087,-228680623,0.120796984795756,98.4998509418122,-2.58070148567928
299.91,300,21387,21649,363579,194841,2023-10-17,2023-11-17,436.04,262,-168738,546129639,-270693943,0.0356766939726558,99.670374601295,-0.866029223828661
314.88,315,16035,16059,352770,192708,2023-10-17,2023-11-17,436.04,24,-160062,546129639,-270693943,0.035286127365814,99.7056607286608,-0.830593436702161
436.74,480,50,44,240550,190344,2023-10-17,2023-12-15,436.04,-6,-50206,677524762,-222864345,0.0280940285397274,99.5483255857739,-0.263764552599504
339.79,340,9042,9057,334554,190197,2023-10-17,2023-11-17,436.04,15,-144357,546129639,-270693943,0.0348263464235824,99.7404870750844,-0.758986734806543
435.45,448,152,150,277552,188250,2023-10-17,2023-11-10,436.04,-2,-89302.0000000001,33474606,-11957812,0.562366589169115,93.4859756078981,-0.474379814077026
411.59,412,3737,4555,392385,186755,2023-10-17,2023-10-27,436.04,818,-205630,55088455,-50860427,0.339009326001247,96.7440945657307,-1.10106824449145
418.2,422,467,490,259652,186200,2023-10-17,2023-11-24,436.04,23,-73452,21486950,736744,0.866572500983155,87.5324743623455,-0.394479054779807
407.69,408,5439,5969,440559,185039,2023-10-17,2023-10-27,436.04,530,-255520,55088455,-50860427,0.335894335755105,97.0799889014858,-1.3808980809451
419.53,422,715,749,303160,185003,2023-10-17,2023-11-10,436.04,34,-118157,33474606,-11957812,0.552666699049423,94.0386423069475,-0.638676129576277
384.27,385,2445,2446,325185,178558,2023-10-17,2023-11-24,436.04,1,-146627,21486950,736744,0.831006727339153,88.3634810896847,-0.821172952206006
412.54,413,3372,3859,387780,177514,2023-10-17,2023-10-27,436.04,487,-210266,55088455,-50860427,0.322234486336565,97.4022233878224,-1.18450375745012
426.47,432.5,254,293,232410,176679,2023-10-17,2023-11-24,436.04,39,-55731,21486950,736744,0.82226188453922,89.1857429742239,-0.315436469529486
430,438,206,219,240196,175200,2023-10-17,2023-11-24,436.04,13,-64996,21486950,736744,0.815378636800477,90.0011216110244,-0.370981735159817
366.01,367,1764,1766,266364,174834,2023-10-17,2023-12-15,436.04,2,-91530,677524762,-222864345,0.0258048133154431,99.5741303990894,-0.523525172449295
429.38,442,138,138,174156,174156,2023-10-17,2023-11-24,436.04,0,0,21486950,736744,0.810519873690775,90.8116414847151,0
379.77,380,7186,7461,323370,171603,2023-10-17,2023-11-03,436.04,275,-151767,46941710,-29046484,0.365566145758218,96.3829310862344,-0.884407615251482
417.61,421,466,486,240456,164754,2023-10-17,2023-11-24,436.04,20,-75702,21486950,736744,0.766763081777544,91.5784045664927,-0.459485050438836
407.9,408,10468,15956,293104,159560,2023-10-17,2023-10-20,436.04,5488,-133544,162148087,-228680623,0.0984038744780258,98.5982548162903,-0.836951616946604
351.23,352,2037,2034,215922,156618,2023-10-17,2023-12-15,436.04,-3,-59304,677524762,-222864345,0.0231162030945815,99.597246602184,-0.378653794582998
199.96,200,38273,38348,229638,153392,2023-10-17,2023-12-15,436.04,75,-76246,677524762,-222864345,0.0226400581356169,99.6198866603196,-0.497066339835194
403.44,404,2199,2726,268278,152656,2023-10-17,2023-11-03,436.04,527,-115622,46941710,-29046484,0.325203321310621,96.708134407545,-0.757402263913636
345.06,346,1590,1590,149460,149460,2023-10-17,2023-12-15,436.04,0,0,677524762,-222864345,0.0220597103431033,99.6419463706627,0
436.04,450,77,107,142912,149372,2023-10-17,2023-11-03,436.04,30,6460,46941710,-29046484,0.318207410850606,97.0263418183956,0.0432477304983531
433.87,442.5,96,173,118944,149299,2023-10-17,2023-11-03,436.04,77,30355,46941710,-29046484,0.318051898833681,97.3443937172293,0.203316834004247
431.76,441,291,160,366660,147840,2023-10-17,2023-11-24,436.04,-131,-218820,21486950,736744,0.688045534615197,92.2664501011079,-1.48011363636364
410.67,412,1075,1106,268750,147098,2023-10-17,2023-11-10,436.04,31,-121652,33474606,-11957812,0.439431609740231,94.4780739166878,-0.827013283661233
402.48,404,962,960,246272,145920,2023-10-17,2023-11-24,436.04,-2,-100352,21486950,736744,0.679109878321493,92.9455599794294,-0.687719298245614
279.7,280,4787,4787,143610,143610,2023-10-17,2023-12-15,436.04,0,0,677524762,-222864345,0.0211962732662456,99.6631426439289,0
435.5,446,133,136,203889,142800,2023-10-17,2023-10-27,436.04,3,-61089,55088455,-50860427,0.259219468035544,97.6614428558579,-0.427794117647059
389.13,390,1623,1634,248319,142158,2023-10-17,2023-11-24,436.04,11,-106161,21486950,736744,0.661601576771017,93.6071615562004,-0.746781749883932
436.36,460,87,60,248907,141840,2023-10-17,2023-10-20,436.04,-27,-107067,162148087,-228680623,0.087475592604432,98.6857304088947,-0.754843485617598
381.46,382,2606,2606,255388,140724,2023-10-17,2023-11-17,436.04,0,-114664,546129639,-270693943,0.0257675082893642,99.7662545833738,-0.814814814814815
354.97,355,46522,46663,372176,139989,2023-10-17,2023-10-20,436.04,141,-232187,162148087,-228680623,0.0863340435215865,98.7720644524163,-1.65860889069856
408.69,409,3798,4468,349416,138508,2023-10-17,2023-10-27,436.04,670,-210908,55088455,-50860427,0.251428361895428,97.9128712177533,-1.52271348947353
408.24,409,1630,1802,260800,136952,2023-10-17,2023-11-03,436.04,172,-123848,46941710,-29046484,0.291749064957369,97.6361427821867,-0.904316840936971
384.59,385,3254,3290,253812,134890,2023-10-17,2023-11-10,436.04,36,-118922,33474606,-11957812,0.402962173774353,94.8810360904621,-0.881622062421232
269.83,270,7811,7808,195275,132736,2023-10-17,2023-12-15,436.04,-3,-62539,677524762,-222864345,0.0195913134758608,99.6827339574048,-0.471153266634523
410.61,413,543,544,193308,130016,2023-10-17,2023-11-24,436.04,1,-63292,21486950,736744,0.605092858688646,94.2122544148891,-0.486801624415456
363.08,364,1401,1406,196140,129352,2023-10-17,2023-12-15,436.04,5,-66788,677524762,-222864345,0.019091848336017,99.7018258057408,-0.516327540355
364.95,365,25829,25434,284119,127170,2023-10-17,2023-10-20,436.04,-395,-156949,162148087,-228680623,0.0784283073287198,98.850492759745,-1.23416686325391
436.45,444,153,167,192780,126085,2023-10-17,2023-10-20,436.04,14,-66695,162148087,-228680623,0.0777591659160308,98.928251925661,-0.528968552960305
401.9,402,12514,12556,325364,125560,2023-10-17,2023-10-20,436.04,42,-199804,162148087,-228680623,0.0774353878131168,99.0056873134741,-1.59130296272698
418.68,421,336,540,136416,125280,2023-10-17,2023-11-10,436.04,204,-11136,33474606,-11957812,0.374253844839877,95.255289935302,-0.0888888888888889
411.88,412,10211,10218,398229,122616,2023-10-17,2023-10-20,436.04,7,-275613,162148087,-228680623,0.0756197635560141,99.0813070770302,-2.24777353689567
324.85,325,8405,8047,243745,120705,2023-10-17,2023-11-17,436.04,-358,-123040,546129639,-270693943,0.022101895114321,99.7883564784881,-1.01934468331883
420.03,422.5,514,484,229758,119548,2023-10-17,2023-11-10,436.04,-30,-110210,33474606,-11957812,0.35713041700924,95.6124203523112,-0.92188911566902
433.7,442,130,144,167700,119520,2023-10-17,2023-11-10,436.04,14,-48180,33474606,-11957812,0.357046771513905,95.9694671238251,-0.403112449799197
420.06,424,285,295,183540,116230,2023-10-17,2023-11-24,436.04,10,-67310,21486950,736744,0.540932984904791,94.7531873997938,-0.579110384582294
371.82,373,961,982,168175,115876,2023-10-17,2023-12-15,436.04,21,-52299,677524762,-222864345,0.0171028435415324,99.7189286492824,-0.451335910801201
404.07,405,1311,1245,229425,115785,2023-10-17,2023-11-10,436.04,-66,-113640,33474606,-11957812,0.345889059904096,96.3153561837292,-0.981474284233709
389.52,390,2465,2404,224315,115392,2023-10-17,2023-11-10,436.04,-61,-108923,33474606,-11957812,0.344715035630292,96.6600712193596,-0.943938921242374
434.06,443,132,129,170676,115326,2023-10-17,2023-11-03,436.04,-3,-55350,46941710,-29046484,0.245679162518792,97.8818219447055,-0.47994381145622
385.41,386,1907,1949,209770,114991,2023-10-17,2023-11-17,436.04,42,-94779.0000000001,546129639,-270693943,0.0210556233883508,99.8094121018764,-0.824229722326096
406.67,407,3293,3455,256854,114015,2023-10-17,2023-10-27,436.04,162,-142839,55088455,-50860427,0.206967140392665,98.119838358146,-1.25280884094198
403.12,404,924,1279,147840,112552,2023-10-17,2023-11-10,436.04,355,-35288,33474606,-11957812,0.33623099253207,96.9963022118916,-0.313526192337764
436.1,464,40,40,128720,111600,2023-10-17,2023-10-20,436.04,0,-17120,162148087,-228680623,0.0688259738765836,99.1501330509067,-0.153405017921147
436.35,454,79,62,178698,109430,2023-10-17,2023-10-20,436.04,-17,-69268,162148087,-228680623,0.0674876910512056,99.217620741958,-0.632989125468336
319.86,320,7796,7731,171512,108234,2023-10-17,2023-11-17,436.04,-65,-63278,546129639,-270693943,0.0198183713665832,99.829230473243,-0.584640685921245
369.8,370,5206,5365,182210,107300,2023-10-17,2023-11-03,436.04,159,-74910,46941710,-29046484,0.228581361863469,98.1104033065689,-0.698136067101584
431.23,454,46,46,104742,104742,2023-10-17,2023-11-17,436.04,0,0,546129639,-270693943,0.0191789627444117,99.8484094359874,0
430.91,500,15,15,103635,103635,2023-10-17,2023-12-15,436.04,0,0,677524762,-222864345,0.0152961199077179,99.7342247691901,0
408.89,409,7848,9324,235440,102564,2023-10-17,2023-10-20,436.04,1476,-132876,162148087,-228680623,0.063253290185286,99.2808740321432,-1.2955422955423
434.87,446,89,91,134657,101283,2023-10-17,2023-11-03,436.04,2,-33374,46941710,-29046484,0.21576333712598,98.3261666436949,-0.329512356466535
384.74,385,3709,3823,200286,99398,2023-10-17,2023-11-03,436.04,114,-100888,46941710,-29046484,0.211747718606757,98.5379143623017,-1.01499024125234
406.89,407,8398,9005,218348,99055,2023-10-17,2023-10-20,436.04,607,-119293,162148087,-228680623,0.0610892190174282,99.3419632511607,-1.20431073645954
361.15,362,1158,1158,155172,98430,2023-10-17,2023-12-15,436.04,0,-56742,677524762,-222864345,0.0145278823034368,99.7487526514935,-0.576470588235294
264.85,265,6224,6526,143152,97890,2023-10-17,2023-12-15,436.04,302,-45262,677524762,-222864345,0.0144481804194191,99.7632008319129,-0.462376136479722
436.33,465,34,34,113900,97478,2023-10-17,2023-12-15,436.04,0,-16422,677524762,-222864345,0.0143873708338353,99.7775882027468,-0.168468782699686
435.95,449,76,74,136876,96570,2023-10-17,2023-11-10,436.04,-2,-40306,33474606,-11957812,0.288487338730738,97.2847895506224,-0.417375996686342
406.1,408,498,505,153384,95950,2023-10-17,2023-11-24,436.04,7,-57434,21486950,736744,0.446550115302544,95.1997375150964,-0.598582595101615
411.16,412.5,715,716,214500,95944,2023-10-17,2023-11-10,436.04,1,-118556,33474606,-11957812,0.286617264442186,97.5714068150645,-1.2356791461686
436.09,452,59,60,124785,95460,2023-10-17,2023-11-17,436.04,1,-29325,546129639,-270693943,0.0174793662865091,99.8658888022739,-0.307196731615336
436.18,447,85,85,131750,91970,2023-10-17,2023-10-27,436.04,0,-39780,55088455,-50860427,0.166949681199082,98.2867880393451,-0.432532347504621
434.3,444,48,94,64800,91180,2023-10-17,2023-11-03,436.04,46,26380,46941710,-29046484,0.194240900043906,98.7321552623456,0.289317832858083
394.44,395,1600,1623,184000,90888,2023-10-17,2023-11-10,436.04,23,-93112,33474606,-11957812,0.271513277856056,97.8429200929206,-1.02446967696506
344.89,345,8243,8237,181346,90607,2023-10-17,2023-11-03,436.04,-6,-90739,46941710,-29046484,0.193020237226126,98.9251754995717,-1.00145684108292
347.02,348,924,924,90552,90552,2023-10-17,2023-12-15,436.04,0,0,677524762,-222864345,0.0133651203732684,99.79095332312,0
407.02,409,461,457,141527,90486,2023-10-17,2023-11-24,436.04,-4,-51041,21486950,736744,0.421120726766712,95.6208582418631,-0.564076210684526
374.47,375,1999,1694,183908,89782,2023-10-17,2023-11-24,436.04,-305,-94126,21486950,736744,0.417844319459021,96.0387025613221,-1.04838386313515
433.07,441,60,112,78300,88816,2023-10-17,2023-11-10,436.04,52,10516,33474606,-11957812,0.265323511201297,98.1082436041219,0.118402089713565
401.77,402,3776,3772,241664,86756,2023-10-17,2023-10-27,436.04,-4,-154908,55088455,-50860427,0.157484903143499,98.4442729424886,-1.78555950020748
431.82,475,20,20,86360,86360,2023-10-17,2023-10-20,436.04,0,0,162148087,-228680623,0.0532599561288688,99.3952232072895,0
234.87,235,6639,6639,86307,86307,2023-10-17,2023-12-15,436.04,0,0,677524762,-222864345,0.0127385750072408,99.8036918981273,0
219.95,220,17120,17095,154080,85475,2023-10-17,2023-12-15,436.04,-25,-68605,677524762,-222864345,0.0126157750674211,99.8163076731947,-0.802632348639953
349.97,350,27410,27097,191870,81291,2023-10-17,2023-10-20,436.04,-313,-110579,162148087,-228680623,0.0501338014552093,99.4453570087448,-1.3602858865065
334.82,335,4536,4503,145152,81054,2023-10-17,2023-11-17,436.04,-33,-64098,546129639,-270693943,0.0148415310599907,99.8807303333339,-0.790806129247169
415.92,419,269,263,122933,81004,2023-10-17,2023-11-24,436.04,-6,-41929,21486950,736744,0.376991615841243,96.4156941771633,-0.517616414004247
279.94,280,12802,12803,140822,76818,2023-10-17,2023-11-17,436.04,1,-64004,546129639,-270693943,0.0140658910475284,99.8947962243814,-0.833190137728137
411.49,414,295,303,116820,76053,2023-10-17,2023-11-24,436.04,8,-40767,21486950,736744,0.353949722971385,96.7696439001347,-0.536034081495799
354.84,356,653,653,75748,75748,2023-10-17,2023-12-15,436.04,0,0,677524762,-222864345,0.011180107982533,99.8274877811772,0
229.88,230,6101,6101,73212,73212,2023-10-17,2023-12-15,436.04,0,0,677524762,-222864345,0.0108058043198132,99.838293585497,0
429.83,439,132,78,157740,71526,2023-10-17,2023-11-24,436.04,-54,-86214,21486950,736744,0.332881120866386,97.1025250210011,-1.20535190000839
350.28,351,994,993,103376,71496,2023-10-17,2023-12-15,436.04,-1,-31880,677524762,-222864345,0.0105525294439349,99.848846114941,-0.445899071276715
405.72,406,2243,2534,165982,70952,2023-10-17,2023-10-27,436.04,291,-95030,55088455,-50860427,0.128796496470994,98.5730694389596,-1.33935618446273
284.93,285,10104,10114,121248,70798,2023-10-17,2023-11-17,436.04,10,-50450,546129639,-270693943,0.0129635886690999,99.9077598130506,-0.712590751151162
403.91,404,7615,7683,190375,69147,2023-10-17,2023-10-20,436.04,68,-121228,162148087,-228680623,0.0426443513946606,99.4880013601394,-1.75319247400466
435,450,44,46,83072,69000,2023-10-17,2023-11-10,436.04,2,-14072,33474606,-11957812,0.206126399217365,98.3143700033393,-0.203942028985507
249.89,250,6214,6267,111852,68937,2023-10-17,2023-12-15,436.04,53,-42915,677524762,-222864345,0.0101748310713402,99.8590209460123,-0.622524914051961
274.95,275,13537,13537,148907,67685,2023-10-17,2023-11-17,436.04,0,-81222,546129639,-270693943,0.0123935774890255,99.9201533905396,-1.2
433.64,445,56,59,85512,67024,2023-10-17,2023-11-24,436.04,3,-18488,21486950,736744,0.311928868452712,97.4144538894538,-0.27584148961566
383.38,384,796,1077,83580,66774,2023-10-17,2023-11-17,436.04,281,-16806,546129639,-270693943,0.0122267672786021,99.9323801578182,-0.251684787492138
402.75,403,2228,2668,140364,66700,2023-10-17,2023-10-27,436.04,440,-73664,55088455,-50860427,0.121078000826126,98.6941474397857,-1.10440779610195
334.87,335,1443,5078,33189,66014,2023-10-17,2023-11-10,436.04,3635,32825,33474606,-11957812,0.197206204607756,98.511576207947,0.497243009058685
254.87,255,5056,5070,96064,65910,2023-10-17,2023-12-15,436.04,14,-30154,677524762,-222864345,0.00972805773259694,99.8687490037449,-0.457502655135791
407.84,409,519,565,112623,65540,2023-10-17,2023-11-10,436.04,46,-47083,33474606,-11957812,0.195790205865306,98.7073664138123,-0.718385718645102
259.86,260,4723,4662,99183,65268,2023-10-17,2023-12-15,436.04,-61,-33915,677524762,-222864345,0.00963330104826486,99.8783823047932,-0.51962676962677
411.99,413,491,646,100655,65246,2023-10-17,2023-11-03,436.04,155,-35409,46941710,-29046484,0.138993658305162,99.0641691578769,-0.542699935628238
344.93,345,8618,9230,120652,64610,2023-10-17,2023-10-27,436.04,612,-56042,55088455,-50860427,0.117284102449415,98.8114315422351,-0.86738894907909
436,451,39,43,59631,64500,2023-10-17,2023-10-20,436.04,4,4869.00000000001,162148087,-228680623,0.0397784526437244,99.5277798127831,0.0754883720930234
419.17,423,154,168,90090,64344,2023-10-17,2023-11-24,436.04,14,-25746,21486950,736744,0.29945618154275,97.7139100709966,-0.400130548302872
406.91,408,577,590,118285,64310,2023-10-17,2023-11-10,436.04,13,-53975,33474606,-11957812,0.192115778748822,98.8994821925611,-0.839294044472088
436.1,456,35,32,85470,63680,2023-10-17,2023-10-20,436.04,-3,-21790,162148087,-228680623,0.0392727420829824,99.5670525548661,-0.342179648241206
401.5,402,951,1273,100806,63650,2023-10-17,2023-11-03,436.04,322,-37156,46941710,-29046484,0.135593696948833,99.1997628548257,-0.583754909662215
149.98,150,31844,31688,63688,63376,2023-10-17,2023-12-15,436.04,-156,-312,677524762,-222864345,0.00935404926204011,99.8877363540552,-0.0049229992426155
409.67,411,451,470,107789,62510,2023-10-17,2023-11-10,436.04,19,-45279,33474606,-11957812,0.186738568334456,99.0862207608956,-0.724348104303312
405.03,406,608,633,119776,61401,2023-10-17,2023-11-10,436.04,25,-58375,33474606,-11957812,0.183425609251383,99.269646370147,-0.950717415025814
294.92,295,7606,7474,114090,59792,2023-10-17,2023-11-17,436.04,-132,-54298,546129639,-270693943,0.0109483162476739,99.9433284740658,-0.908114797966283
244.84,245,3692,3692,59072,59072,2023-10-17,2023-12-15,436.04,0,0,677524762,-222864345,0.00871879572720325,99.8964551497824,0
405.39,406,850,947,115600,57767,2023-10-17,2023-11-03,436.04,97,-57833,46941710,-29046484,0.123061132625974,99.3228239874517,-1.00114252081638
209.96,210,14218,14202,99526,56808,2023-10-17,2023-12-15,436.04,-16,-42718,677524762,-222864345,0.00838463819865524,99.9048397879811,-0.751971553302352
436.56,480,8,13,39176,56472,2023-10-17,2023-10-20,436.04,5,17296,162148087,-228680623,0.0348274229100218,99.6018799777761,0.306275676441422
431.09,525,6,6,56346,56346,2023-10-17,2023-12-15,436.04,0,0,677524762,-222864345,0.00831644880899571,99.9131562367901,0
436.63,455,8,30,18088,55110,2023-10-17,2023-11-24,436.04,22,37022,21486950,736744,0.256481259555218,97.9703913305518,0.671783705316639
436.16,465,22,19,72996,54796,2023-10-17,2023-10-20,436.04,-3,-18200,162148087,-228680623,0.033793799861481,99.6356737776376,-0.332141032192131
397.79,398,2523,2538,141288,53298,2023-10-17,2023-10-27,436.04,15,-87990,55088455,-50860427,0.0967498543932662,98.9081813966284,-1.65090622537431
409.78,412,229,239,82440,53058,2023-10-17,2023-11-24,436.04,10,-29382,21486950,736744,0.246931276891322,98.2173226074431,-0.553771344566323
414.21,417,176,186,78672,51894,2023-10-17,2023-11-24,436.04,10,-26778,21486950,736744,0.241514035263265,98.4588366427064,-0.516013411955139
410.16,412.5,218,219,79788,51246,2023-10-17,2023-11-24,436.04,1,-28542,21486950,736744,0.238498251264139,98.6973348939705,-0.556960543261913
435.85,450,25,36,50000,50940,2023-10-17,2023-10-27,436.04,11,940,55088455,-50860427,0.0924694656983936,99.0006508623268,0.0184530820573223
359.78,360,2277,2280,86526,50160,2023-10-17,2023-11-10,436.04,3,-36366,33474606,-11957812,0.149844930213667,99.4194913003606,-0.725
435.16,463,18,18,50112,50112,2023-10-17,2023-12-15,436.04,0,0,677524762,-222864345,0.00739633483683656,99.9205525716269,0
403.73,404,1800,1800,124200,48600,2023-10-17,2023-10-27,436.04,0,-75600,55088455,-50860427,0.0882217517263826,99.0888726140532,-1.55555555555556
179.96,180,11957,11957,47828,47828,2023-10-17,2023-12-15,436.04,0,0,677524762,-222864345,0.00705922538665827,99.9276117970136,0
430.92,510,6,6,47448,47448,2023-10-17,2023-12-15,436.04,0,0,677524762,-222864345,0.00700313887568289,99.9346149358892,0
436.76,455,26,26,61750,47424,2023-10-17,2023-10-27,436.04,0,-14326,55088455,-50860427,0.0860870031660899,99.1749596172193,-0.302083333333334
189.97,190,15695,15696,62780,47088,2023-10-17,2023-12-15,436.04,1,-15692,677524762,-222864345,0.0069500042863378,99.9415649401756,-0.33324838600068
395.93,396,6666,6667,126654,46669,2023-10-17,2023-10-20,436.04,1,-79985,162148087,-228680623,0.0287817148283717,99.664455492466,-1.7138785917847
224.93,225,6170,6210,61700,43470,2023-10-17,2023-12-15,436.04,40,-18230,677524762,-222864345,0.00641600166341965,99.947980941839,-0.419369680239245
339.93,340,954,5753,11448,40271,2023-10-17,2023-10-27,436.04,4799,28823,55088455,-50860427,0.0731024313533571,99.2480620485726,0.715725956643739
398.79,399,1394,1900,71094,39900,2023-10-17,2023-10-27,436.04,506,-31194,55088455,-50860427,0.0724289690099314,99.3204910175825,-0.781804511278196
408.89,411,175,183,61075,38613,2023-10-17,2023-11-24,436.04,8,-22462,21486950,736744,0.17970442524416,98.8770393192147,-0.581721181985342
433.57,471,10,10,37430,37430,2023-10-17,2023-12-15,436.04,0,0,677524762,-222864345,0.00552452133107424,99.9535054631701,0
387.84,388,695,2325,22935,37200,2023-10-17,2023-10-27,436.04,1630,14265,55088455,-50860427,0.0675277605806879,99.3880187781632,0.383467741935484
344.83,345,1880,2155,54520,36635,2023-10-17,2023-11-10,436.04,275,-17885,33474606,-11957812,0.109441168627944,99.5289324689886,-0.48819434966562
400.77,401,1249,1571,66197,36133,2023-10-17,2023-10-27,436.04,322,-30064,55088455,-50860427,0.0655908756199462,99.4536096537832,-0.832037195915091
436.19,470,10,10,38620,33810,2023-10-17,2023-11-17,436.04,0,-4810,546129639,-270693943,0.00619083777652287,99.9495193118424,-0.142265601892931
413.3,416,125,125,54500,33750,2023-10-17,2023-11-24,436.04,0,-20750,21486950,736744,0.157072083287763,99.0341114025025,-0.614814814814815
349.87,350,1828,2547,43872,33111,2023-10-17,2023-11-03,436.04,719,-10761,46941710,-29046484,0.0705364163342154,99.3933604037859,-0.324997734891728
397.59,398,788,780,71708,31980,2023-10-17,2023-11-03,436.04,-8,-39728,46941710,-29046484,0.0681270452226815,99.4614874490086,-1.24227642276423
264.98,265,15623,15623,31246,31246,2023-10-17,2023-10-20,436.04,0,0,162148087,-228680623,0.0192700392450513,99.683725531711,0
435.02,466,10,10,30980,30980,2023-10-17,2023-12-15,436.04,0,0,677524762,-222864345,0.00457252660530804,99.9580779897754,0
436,470,8,9,31168,30600,2023-10-17,2023-10-20,436.04,1,-568,162148087,-228680623,0.0188716379984181,99.7025971697094,-0.018562091503268
269.91,270,3339,3339,30051,30051,2023-10-17,2023-11-17,436.04,0,0,546129639,-270693943,0.00550253966348089,99.9550218515058,0
369.51,370,513,571,41553,27979,2023-10-17,2023-11-24,436.04,58,-13574,21486950,736744,0.130213920542469,99.1643253230449,-0.485149576468065
398.91,399,2981,3006,56639,27054,2023-10-17,2023-10-20,436.04,25,-29585,162148087,-228680623,0.0166847481833073,99.7192819178927,-1.09355363347379
432.65,443,24,26,34008,26910,2023-10-17,2023-11-24,436.04,2,-7098,21486950,736744,0.125238807741443,99.2895641307864,-0.263768115942029
436.76,453,16,16,28944,25984,2023-10-17,2023-10-20,436.04,0,-2960,162148087,-228680623,0.0160248575735587,99.7353067754663,-0.113916256157636
436.4,500,4,4,26360,25440,2023-10-17,2023-10-27,436.04,0,-920.000000000004,55088455,-50860427,0.0461802749777608,99.4997899287609,-0.0361635220125788
329.98,330,12721,12699,63605,25398,2023-10-17,2023-10-20,436.04,-22,-38207,162148087,-228680623,0.015663459538687,99.750970235005,-1.50433104968895
184.98,185,12543,12545,50172,25090,2023-10-17,2023-12-15,436.04,2,-25082,677524762,-222864345,0.00370318568518976,99.9617811754606,-0.999681147867676
214.91,215,2773,2773,24957,24957,2023-10-17,2023-12-15,436.04,0,0,677524762,-222864345,0.00368355540634838,99.9654647308669,0
395.8,396,983,1210,41286,24200,2023-10-17,2023-10-27,436.04,227,-17086,55088455,-50860427,0.0439293496250712,99.543719278386,-0.706033057851239
433.02,444,21,22,25452,24156,2023-10-17,2023-11-24,436.04,1,-1296,21486950,736744,0.112421725745162,99.4019858565315,-0.0536512667660209
364.8,365,1189,1188,38048,23760,2023-10-17,2023-11-03,436.04,-1,-14288,46941710,-29046484,0.0506159660566264,99.5121034150652,-0.601346801346801
374.69,375,724,753,41268,23343,2023-10-17,2023-11-10,436.04,29,-17925,33474606,-11957812,0.0697334570569703,99.5986659260456,-0.767896157306259
414.43,417.5,33,76,13926,23332,2023-10-17,2023-11-24,436.04,43,9406,21486950,736744,0.108586839919114,99.5105726964506,0.403137322132693
432.59,448,15,15,23115,23115,2023-10-17,2023-10-27,436.04,0,0,55088455,-50860427,0.0419597899414678,99.5856790683275,0
369.73,370,849,849,42450,22923,2023-10-17,2023-11-10,436.04,0,-19527,33474606,-11957812,0.0684787746269515,99.6671447006725,-0.851851851851852
289.93,290,3248,3248,38976,22736,2023-10-17,2023-11-17,436.04,0,-16240,546129639,-270693943,0.00416311409899509,99.9591849656048,-0.714285714285714
434.7,453,12,12,21960,21960,2023-10-17,2023-11-17,436.04,0,0,546129639,-270693943,0.0040210232940681,99.9632059888989,0
349.92,350,2710,2725,40650,21800,2023-10-17,2023-10-27,436.04,15,-18850,55088455,-50860427,0.0395727199101881,99.6252517882377,-0.864678899082569
431.1,540,2,2,21780,21780,2023-10-17,2023-12-15,436.04,0,0,677524762,-222864345,0.00321464265537796,99.9686793735223,0
324.92,325,993,2574,14895,20592,2023-10-17,2023-11-03,436.04,1581,5697,46941710,-29046484,0.0438671705824096,99.5559705856476,0.276660839160839
393.82,394,1295,1138,53095,20484,2023-10-17,2023-10-27,436.04,-157,-32611,55088455,-50860427,0.0371838346165272,99.6624356228542,-1.59202304237454
431.51,465,6,6,20094,20094,2023-10-17,2023-11-17,436.04,0,0,546129639,-270693943,0.00367934617809674,99.966885335077,0
435.97,458,8,9,20800,19827,2023-10-17,2023-10-20,436.04,1,-973,162148087,-228680623,0.0122277113266221,99.7631979463316,-0.0490744943763555
339.98,340,9762,9863,58572,19726,2023-10-17,2023-10-20,436.04,101,-38846,162148087,-228680623,0.0121654225868234,99.7753633689184,-1.96927912399878
204.97,205,6433,6428,45031,19284,2023-10-17,2023-12-15,436.04,-5,-25747,677524762,-222864345,0.00284624283591867,99.9715256163582,-1.33514830947936
429.99,446,12,12,19212,19212,2023-10-17,2023-11-24,436.04,0,0,21486950,736744,0.0894124107888742,99.5999851072395,0
436.35,500,3,3,19686,19095,2023-10-17,2023-11-10,436.04,0,-591,33474606,-11957812,0.0570432404790664,99.7241879411516,-0.0309505106048704
436.4,500,3,3,19800,19080,2023-10-17,2023-11-03,436.04,0,-720,46941710,-29046484,0.0406461545606242,99.5966167402082,-0.0377358490566038
436.65,500,0,3,0,19005,2023-10-17,2023-11-17,436.04,3,19005,546129639,-270693943,0.00347994297375975,99.9703652780508,1
435.12,473,5,5,18940,18940,2023-10-17,2023-12-15,436.04,0,0,677524762,-222864345,0.0027954697838778,99.9743210861421,0
164.98,165,9321,9330,27963,18660,2023-10-17,2023-12-15,436.04,9,-9303,677524762,-222864345,0.00275414288105384,99.9770752290232,-0.498553054662379
436.4,482,4,4,18452,18240,2023-10-17,2023-10-27,436.04,0,-212,55088455,-50860427,0.0331103858331115,99.6955460086873,-0.0116228070175439
334.94,335,2723,3015,27230,18090,2023-10-17,2023-10-27,436.04,292,-9140,55088455,-50860427,0.0328380964759313,99.7283841051632,-0.505251520176893
299.99,300,18033,18033,18033,18033,2023-10-17,2023-10-20,436.04,0,0,162148087,-228680623,0.0111213152949501,99.7864846842134,0
395.63,396,353,471,29299,17427,2023-10-17,2023-11-03,436.04,118,-11872,46941710,-29046484,0.0371247660129978,99.6337415062212,-0.681241751305446
393.62,394,455,455,34580,17290,2023-10-17,2023-11-03,436.04,0,-17290,46941710,-29046484,0.0368329146935636,99.6705744209148,-1
383.85,384,1058,1135,31740,17025,2023-10-17,2023-10-27,436.04,77,-14715,55088455,-50860427,0.0309048420399519,99.7592889472032,-0.86431718061674
249.99,250,16784,16784,16784,16784,2023-10-17,2023-10-20,436.04,0,0,162148087,-228680623,0.0103510317701127,99.7968357159835,0
436.57,460,2,7,5258,16401,2023-10-17,2023-10-27,436.04,5,11143,55088455,-50860427,0.0297721183140823,99.7890610655173,0.679409792085848
431.22,464,5,5,16390,16390,2023-10-17,2023-12-15,436.04,0,0,677524762,-222864345,0.00241909977601675,99.9794943287992,0
431.53,464,5,5,16235,16235,2023-10-17,2023-11-17,436.04,0,0,546129639,-270693943,0.00297273739431674,99.9733380154451,0
431.11,590,1,1,15889,15889,2023-10-17,2023-12-15,436.04,0,0,677524762,-222864345,0.00234515413917816,99.9818394829384,0
421.33,453,5,5,15835,15835,2023-10-17,2023-10-27,436.04,0,0,55088455,-50860427,0.0287446798063224,99.8178057453236,0
387.72,388,511,558,30660,15624,2023-10-17,2023-11-03,436.04,47,-15036,46941710,-29046484,0.0332838322251149,99.7038582531399,-0.962365591397849
391.65,392,282,440,19740,15400,2023-10-17,2023-11-03,436.04,158,-4340,46941710,-29046484,0.0328066446663319,99.7366648978062,-0.281818181818182
404.35,406,90,93,24840,15345,2023-10-17,2023-11-24,436.04,3,-9495,21486950,736744,0.0714154405348363,99.6714005477744,-0.618768328445748
431.12,482,3,3,15264,15264,2023-10-17,2023-10-20,436.04,0,0,162148087,-228680623,0.00941361707215208,99.8062493330557,0
344.98,345,7316,7368,51212,14736,2023-10-17,2023-10-20,436.04,52,-36476,162148087,-228680623,0.00908798880864996,99.8153373218643,-2.47529858849077
159.98,160,7356,7356,14712,14712,2023-10-17,2023-12-15,436.04,0,0,677524762,-222864345,0.00217143355123602,99.9840109164896,0
194.96,195,3660,3662,18300,14648,2023-10-17,2023-12-15,436.04,2,-3652,677524762,-222864345,0.00216198740201912,99.9861729038916,-0.249317312943747
304.99,305,14577,14577,29154,14577,2023-10-17,2023-10-20,436.04,0,-14577,162148087,-228680623,0.00898993029748171,99.8243272521618,-1
393.92,394,1684,1788,28628,14304,2023-10-17,2023-10-20,436.04,104,-14324,162148087,-228680623,0.00882156568396641,99.8331488178458,-1.00139821029083
324.96,325,3178,3452,28602,13808,2023-10-17,2023-10-27,436.04,274,-14794,55088455,-50860427,0.0250651429596274,99.8428708882832,-1.07140787949015
385.71,386,399,476,22344,13804,2023-10-17,2023-11-03,436.04,77,-8540,46941710,-29046484,0.029406683310003,99.7660715811162,-0.618661257606491
334.98,335,6675,6881,33375,13762,2023-10-17,2023-10-20,436.04,206,-19613,162148087,-228680623,0.00848730333771992,99.8416361211835,-1.42515622729254
436.5,505,2,2,14790,13700,2023-10-17,2023-11-17,436.04,0,-1090,546129639,-270693943,0.00250856189110806,99.9758465773362,-0.0795620437956205
432.02,451,7,7,13286,13286,2023-10-17,2023-11-10,436.04,0,0,33474606,-11957812,0.0396897875362596,99.7638777286878,0
435.29,448,10,10,16820,12710,2023-10-17,2023-11-03,436.04,0,-4110,46941710,-29046484,0.0270761333577324,99.793147714474,-0.323367427222659
324.89,325,902,1138,20746,12518,2023-10-17,2023-11-10,436.04,236,-8228,33474606,-11957812,0.0373955110927967,99.8012732397806,-0.657293497363796
169.98,170,6176,6175,18528,12350,2023-10-17,2023-12-15,436.04,-1,-6178,677524762,-222864345,0.00182281160669962,99.9879957154983,-0.500242914979757
391.93,392,1913,1738,30608,12166,2023-10-17,2023-10-20,436.04,-175,-18442,162148087,-228680623,0.00750301790486125,99.8491391390883,-1.51586388295249
234.99,235,12162,12162,12162,12162,2023-10-17,2023-10-20,436.04,0,0,162148087,-228680623,0.00750055102407714,99.8566396901124,0
324.99,325,12198,12148,36594,12148,2023-10-17,2023-10-20,436.04,-50,-24446,162148087,-228680623,0.00749191694133277,99.8641316070537,-2.01234771155746
354.85,355,793,795,20618,11925,2023-10-17,2023-11-03,436.04,2,-8693,46941710,-29046484,0.0254038466003901,99.8185515610744,-0.728972746331237
154.99,155,10137,11920,10137,11920,2023-10-17,2023-12-15,436.04,1783,1783,677524762,-222864345,0.00175934529164854,99.98975506079,0.149580536912752
289.99,290,11720,11823,11720,11823,2023-10-17,2023-10-20,436.04,103,103,162148087,-228680623,0.00729148287762408,99.8714230899314,0.00871183286813838
436.55,495,2,2,12788,11690,2023-10-17,2023-11-17,436.04,0,-1098,546129639,-270693943,0.00214051740927395,99.9779870947455,-0.0939264328485885
259.99,260,11674,11674,11674,11674,2023-10-17,2023-10-20,436.04,0,0,162148087,-228680623,0.0071995915684161,99.8786226814998,0
435.78,490,2,2,11174,10844,2023-10-17,2023-12-15,436.04,0,-330,677524762,-222864345,0.00160053190793933,99.9913555926979,-0.0304315750645518
434.96,447,9,9,14769,10836,2023-10-17,2023-11-03,436.04,0,-3933,46941710,-29046484,0.0230839481561281,99.8416355092305,-0.36295681063123
249.97,250,3546,3551,17730,10653,2023-10-17,2023-11-17,436.04,5,-7077,546129639,-270693943,0.00195063575372074,99.9799377304992,-0.66431990988454
309.99,310,10556,10505,21112,10505,2023-10-17,2023-10-20,436.04,-51,-10607,162148087,-228680623,0.00647864565926085,99.8851013271591,-1.00970966206568
354.8,355,515,525,18025,10500,2023-10-17,2023-11-10,436.04,10,-7525,33474606,-11957812,0.0313670607504686,99.8326403005311,-0.716666666666667
314.99,315,10155,10479,30465,10479,2023-10-17,2023-10-20,436.04,324,-19986,162148087,-228680623,0.00646261093416415,99.8915639380932,-1.90724305754366
431.22,452,5,5,10390,10390,2023-10-17,2023-11-10,436.04,0,0,33474606,-11957812,0.0310384534473684,99.8636787539785,0
324.8,325,508,512,16256,10240,2023-10-17,2023-11-24,436.04,4,-6016,21486950,736744,0.0476568335664206,99.7190573813408,-0.5875
430.93,465,3,3,10221,10221,2023-10-17,2023-11-10,436.04,0,0,33474606,-11957812,0.0305335931362418,99.8942123471147,0
387.93,388,1442,1442,25956,10094,2023-10-17,2023-10-20,436.04,0,-15862,162148087,-228680623,0.00622517365869386,99.8977891117519,-1.57142857142857
424.68,458,3,3,9996,9996,2023-10-17,2023-11-17,436.04,0,0,546129639,-270693943,0.00183033464697198,99.9817680651462,0
430.4,447,6,6,9960,9960,2023-10-17,2023-11-24,436.04,0,0,21486950,736744,0.0463537170235887,99.7654110983644,0
433.11,458,4,4,9956,9956,2023-10-17,2023-12-15,436.04,0,0,677524762,-222864345,0.00146946658755477,99.9928250592854,0
254.96,255,2480,2483,14880,9932,2023-10-17,2023-11-17,436.04,3,-4948,546129639,-270693943,0.00181861581769965,99.9835866809639,-0.498187676198147
294.99,295,9851,9851,9851,9851,2023-10-17,2023-10-20,436.04,0,0,162148087,-228680623,0.00607531065105936,99.903864422403,0
174.98,175,4902,4900,14706,9800,2023-10-17,2023-12-15,436.04,-2,-4906,677524762,-222864345,0.00144644159883857,99.9942715008843,-0.500612244897959
429.42,461,3,3,9474,9474,2023-10-17,2023-12-15,436.04,0,0,677524762,-222864345,0.00139832527626496,99.9956698261605,0
434.32,447.5,5,7,8550,9226,2023-10-17,2023-11-24,436.04,2,676,21486950,736744,0.0429376900863082,99.8083487884507,0.0732711901148927
149.99,150,9224,9224,9224,9224,2023-10-17,2023-10-20,436.04,0,0,162148087,-228680623,0.0056886270881506,99.9095530494911,0
385.84,386,567,576,17577,9216,2023-10-17,2023-10-27,436.04,9,-8361,55088455,-50860427,0.0167294581051511,99.8596003463884,-0.9072265625
391.82,392,495,496,18810,8928,2023-10-17,2023-10-27,436.04,1,-9882,55088455,-50860427,0.0162066625393651,99.8758070089277,-1.10685483870968
432.19,449,5,5,8405,8405,2023-10-17,2023-11-03,436.04,0,0,46941710,-29046484,0.0179051849623714,99.8595406941929,0
299.93,300,1141,1160,13692,8120,2023-10-17,2023-11-10,436.04,19,-5572,33474606,-11957812,0.024257193647029,99.9184695407617,-0.686206896551724
359.61,360,73,208,4672,8112,2023-10-17,2023-11-24,436.04,135,3440,21486950,736744,0.0377531478408988,99.8461019362916,0.424063116370809
329.88,330,527,667,6851,8004,2023-10-17,2023-11-10,436.04,140,1153,33474606,-11957812,0.0239106623092143,99.942380203071,0.144052973513243
284.99,285,7977,7977,7977,7977,2023-10-17,2023-10-20,436.04,0,0,162148087,-228680623,0.00491957700370526,99.9144726264948,0
169.98,170,3883,3883,7766,7766,2023-10-17,2023-10-20,436.04,0,0,162148087,-228680623,0.00478944904234362,99.9192620755372,0
392.81,393,0,405,0,7695,2023-10-17,2023-10-27,436.04,405,7695,55088455,-50860427,0.0139684440233439,99.8897754529511,1
436.35,462,1,3,3272,7695,2023-10-17,2023-10-27,436.04,2,4423,55088455,-50860427,0.0139684440233439,99.9037438969744,0.574788823911631
430.77,456,3,3,7569,7569,2023-10-17,2023-11-17,436.04,0,0,546129639,-270693943,0.00138593466816036,99.984972615632,0
264.95,265,1495,1495,13455,7475,2023-10-17,2023-11-17,436.04,0,-5980,546129639,-270693943,0.00136872263766662,99.9863413382697,-0.8
319.99,320,6733,7196,26932,7196,2023-10-17,2023-10-20,436.04,463,-19736,162148087,-228680623,0.00443791853060838,99.9236999940678,-2.74263479710951
209.99,210,5664,7089,16992,7089,2023-10-17,2023-11-17,436.04,1425,-9903,546129639,-270693943,0.00129804344861788,99.9876393817183,-1.39695302581464
381.84,382,363,440,10527,7040,2023-10-17,2023-10-27,436.04,77,-3487,55088455,-50860427,0.0127794471636571,99.9165233441381,-0.4953125
219.98,220,3449,3518,10347,7036,2023-10-17,2023-11-17,436.04,69,-3311,546129639,-270693943,0.00128833879312674,99.9889277205114,-0.470579874928937
433.17,468,2,2,6966,6966,2023-10-17,2023-12-15,436.04,0,0,677524762,-222864345,0.0010281543038275,99.9966979804644,0
435.81,459,2,3,5202,6957,2023-10-17,2023-12-15,436.04,1,1755,677524762,-222864345,0.00102682593909387,99.9977248064035,0.252263906856404
269.99,270,6931,6928,6931,6928,2023-10-17,2023-10-20,436.04,-3,-3,162148087,-228680623,0.00427263751807322,99.9279726315859,-0.000433025404157044
436.35,505,1,1,7371,6865,2023-10-17,2023-11-03,436.04,0,-505.999999999998,46941710,-29046484,0.0146245204957382,99.8741652146886,-0.0737072104879823
381.94,382,1104,1103,15456,6618,2023-10-17,2023-10-20,436.04,-1,-8838,162148087,-228680623,0.00408145425730493,99.9320540858432,-1.33544877606528
214.98,215,3276,3276,6552,6552,2023-10-17,2023-10-20,436.04,0,0,162148087,-228680623,0.00404075072436716,99.9360948365675,0
339.72,340,230,231,6900,6468,2023-10-17,2023-11-24,436.04,1,-431.999999999999,21486950,736744,0.0301019921394149,99.876203928431,-0.0667903525046381
314.88,315,532,532,6384,6384,2023-10-17,2023-11-03,436.04,0,0,46941710,-29046484,0.0135998454253158,99.8877650601139,0
436.43,468,2,2,6612,6314,2023-10-17,2023-11-17,436.04,0,-298,546129639,-270693943,0.00115613575039827,99.9900838562618,-0.0471967057332911
436.3,457,4,3,8744,6210,2023-10-17,2023-11-17,436.04,-1,-2534,546129639,-270693943,0.00113709265283073,99.9912209489147,-0.40805152979066
431.49,462,2,2,6102,6102,2023-10-17,2023-10-20,436.04,0,0,162148087,-228680623,0.00376322663615513,99.9398580632037,0
329.95,330,1236,1216,12360,6080,2023-10-17,2023-10-27,436.04,-20,-6280,55088455,-50860427,0.0110367952777038,99.9275601394158,-1.03289473684211
431.61,462,2,2,6078,6078,2023-10-17,2023-11-17,436.04,0,0,546129639,-270693943,0.00111292256745655,99.9923338714821,0
436.5,496,1,1,6350,5950,2023-10-17,2023-11-17,436.04,0,-400,546129639,-270693943,0.00108948490891189,99.993423356391,-0.0672268907563025
214.98,215,2944,2967,5888,5934,2023-10-17,2023-11-17,436.04,23,46,546129639,-270693943,0.00108655520159381,99.9945099115926,0.00775193798449612
299.95,300,1149,1186,10341,5930,2023-10-17,2023-11-03,436.04,37,-4411,46941710,-29046484,0.0126326884981395,99.9003977486121,-0.743844856661046
224.98,225,2882,2882,5764,5764,2023-10-17,2023-10-20,436.04,0,0,162148087,-228680623,0.0035547752098981,99.9434128384136,0
314.83,315,327,339,8829,5763,2023-10-17,2023-11-24,436.04,12,-3066,21486950,736744,0.0268209308440705,99.9030248592751,-0.532014575741801
436.35,465,2,2,6406,5730,2023-10-17,2023-10-27,436.04,0,-676,55088455,-50860427,0.0104014534442834,99.9379615928601,-0.117975567190227
435.95,455,2,3,3982,5715,2023-10-17,2023-11-10,436.04,1,1733,33474606,-11957812,0.0170726430656122,99.9594528461366,0.30323709536308
433.86,462,2,2,5628,5628,2023-10-17,2023-12-15,436.04,0,0,677524762,-222864345,0.000830670746761578,99.9985554771502,0
199.99,200,5598,5598,5598,5598,2023-10-17,2023-10-20,436.04,0,0,162148087,-228680623,0.00345239965735766,99.9468652380709,0
431.25,459,2,2,5550,5550,2023-10-17,2023-11-17,436.04,0,0,546129639,-270693943,0.00101624222595983,99.9955261538186,0
229.98,230,2548,2721,10192,5442,2023-10-17,2023-11-17,436.04,173,-4750,546129639,-270693943,0.000996466701562777,99.9965226205201,-0.872840867328188
385.93,386,762,777,12954,5439,2023-10-17,2023-10-20,436.04,15,-7515,162148087,-228680623,0.00335434114618941,99.9502195792171,-1.38168781025924
309.89,310,491,491,5401,5401,2023-10-17,2023-11-03,436.04,0,0,46941710,-29046484,0.011505758950835,99.9119035075629,0
279.99,280,5358,5358,5358,5358,2023-10-17,2023-10-20,436.04,0,0,162148087,-228680623,0.00330438681031124,99.9535239660274,0
436.74,490,1,1,5626,5326,2023-10-17,2023-10-20,436.04,0,-300,162148087,-228680623,0.00328465176403839,99.9568086177915,-0.0563274502440856
334.9,335,525,525,9450,5250,2023-10-17,2023-11-03,436.04,0,-4200,46941710,-29046484,0.0111840834089768,99.9230875909719,-0.8
434.51,460,2,2,5098,5098,2023-10-17,2023-11-10,436.04,0,0,33474606,-11957812,0.0152294548291323,99.9746823009657,0
425.09,476,1,1,5091,5091,2023-10-17,2023-12-15,436.04,0,0,677524762,-222864345,0.000751411650988485,99.9993068888012,0
329.92,330,576,628,9216,5024,2023-10-17,2023-11-03,436.04,52,-4192,46941710,-29046484,0.0107026352469904,99.9337902262189,-0.834394904458599
259.96,260,1235,1254,8645,5016,2023-10-17,2023-11-17,436.04,19,-3629,546129639,-270693943,0.000918463244218833,99.9974410837644,-0.723484848484849
219.99,220,4998,4998,4998,4998,2023-10-17,2023-10-20,436.04,0,0,162148087,-228680623,0.00308236753974162,99.9598909853312,0
435.07,460,2,2,4986,4986,2023-10-17,2023-11-03,436.04,0,0,46941710,-29046484,0.0106216837861254,99.944411910005,0
224.98,225,2457,2464,7371,4928,2023-10-17,2023-11-17,436.04,7,-2443,546129639,-270693943,0.00090234985396938,99.9983434336183,-0.495738636363636
319.92,320,491,608,6874,4864,2023-10-17,2023-11-03,436.04,117,-2010,46941710,-29046484,0.0103617869907168,99.9547736969957,-0.413240131578948
319.83,320,212,285,6148,4845,2023-10-17,2023-11-24,436.04,73,-1303,21486950,736744,0.0225485701786433,99.9255734294537,-0.268937048503612
159.99,160,4707,4707,4707,4707,2023-10-17,2023-10-20,436.04,0,0,162148087,-228680623,0.00290290196269784,99.9627938872939,0
425.04,472,1,1,4696,4696,2023-10-17,2023-12-15,436.04,0,0,677524762,-222864345,0.000693111198790399,100,0
254.99,255,4622,4622,4622,4622,2023-10-17,2023-10-20,436.04,0,0,162148087,-228680623,0.00285048074603557,99.9656443680399,0
339.9,340,460,459,9200,4590,2023-10-17,2023-11-03,436.04,-1,-4610,46941710,-29046484,0.00977808435184828,99.9645517813476,-1.00435729847495
304.91,305,503,504,3018,4536,2023-10-17,2023-11-10,436.04,1,1518,33474606,-11957812,0.0135505702442024,99.9882328712099,0.334656084656085
390.92,391,439,558,7463,4464,2023-10-17,2023-10-20,436.04,119,-2999,162148087,-228680623,0.00275303895506334,99.968397406995,-0.671818996415771
436.35,451,3,3,4713,4395,2023-10-17,2023-10-27,436.04,0,-318,55088455,-50860427,0.00797807816537966,99.9459396710255,-0.0723549488054608
396.77,397,149,184,9238,4232,2023-10-17,2023-10-27,436.04,35,-5006,55088455,-50860427,0.00768219039724385,99.9536218614227,-1.18289224952741
304.78,305,188,188,4136,4136,2023-10-17,2023-11-24,436.04,0,0,21486950,736744,0.0192488929326871,99.9448223223864,0
354.91,355,453,455,7701,4095,2023-10-17,2023-10-27,436.04,2,-3606,55088455,-50860427,0.00743349945101927,99.9610553608737,-0.880586080586081
424.5,465,1,1,4050,4050,2023-10-17,2023-11-03,436.04,0,0,46941710,-29046484,0.00862772148692496,99.9731795028345,0
432.01,452,2,2,3998,3998,2023-10-17,2023-10-27,436.04,0,0,55088455,-50860427,0.00725741900004275,99.9683127798738,0
239.99,240,3939,3939,3939,3939,2023-10-17,2023-10-20,436.04,0,0,162148087,-228680623,0.00242926085214931,99.9708266678472,0
434.48,447.5,3,3,3906,3906,2023-10-17,2023-11-03,436.04,0,0,46941710,-29046484,0.00832095805627873,99.9815004608908,0
354.65,355,109,110,6104,3850,2023-10-17,2023-11-24,436.04,1,-2254,21486950,736744,0.0179178524639374,99.9627401748503,-0.585454545454546
436.23,449,2,3,3372,3831,2023-10-17,2023-10-27,436.04,1,459,55088455,-50860427,0.00695427018238213,99.9752670500561,0.119812059514487
274.99,275,3673,3673,3673,3673,2023-10-17,2023-10-20,436.04,0,0,162148087,-228680623,0.0022652132800062,99.9730918811272,0
234.98,235,1828,1828,7312,3656,2023-10-17,2023-11-17,436.04,0,-3656,546129639,-270693943,0.000669438122181829,99.9990128717405,-1
189.99,190,3622,3622,3622,3622,2023-10-17,2023-10-20,436.04,0,0,162148087,-228680623,0.00223376055000883,99.9753256416772,0
383.94,384,603,603,10251,3618,2023-10-17,2023-10-20,436.04,0,-6633,162148087,-228680623,0.00223129366922473,99.9775569353464,-1.83333333333333
239.97,240,1179,1181,3537,3543,2023-10-17,2023-11-17,436.04,2,6.00000000000046,546129639,-270693943,0.000648747064247872,99.9996616188048,0.00169348010160893
396.92,397,442,442,7956,3536,2023-10-17,2023-10-20,436.04,0,-4420,162148087,-228680623,0.00218072261315053,99.9797376579595,-1.25
436.8,472,1,1,4015,3520,2023-10-17,2023-10-20,436.04,0,-495,162148087,-228680623,0.00217085509001411,99.9819085130496,-0.140625
436.35,470,1,1,3375,3365,2023-10-17,2023-11-03,436.04,0,-10,46941710,-29046484,0.0071684648897537,99.9886689257805,-0.00297176820208024
390.81,391,0,177,0,3363,2023-10-17,2023-10-27,436.04,177,3363,55088455,-50860427,0.00610472738797993,99.9813717774441,1
436.4,470,1,1,3497,3360,2023-10-17,2023-10-27,436.04,0,-137,55088455,-50860427,0.00609928160083633,99.987471059045,-0.0407738095238095
309.84,310,201,201,4824,3216,2023-10-17,2023-11-24,436.04,0,-1608,21486950,736744,0.014967224291954,99.9777073991423,-0.5
244.99,245,3201,3201,3201,3201,2023-10-17,2023-10-20,436.04,0,0,162148087,-228680623,0.00197412134748158,99.983882634397,0
424.49,455,1,1,3051,3051,2023-10-17,2023-11-03,436.04,0,0,46941710,-29046484,0.0064995501868168,99.9951684759673,0
229.99,230,2772,2772,2772,2772,2023-10-17,2023-10-20,436.04,0,0,162148087,-228680623,0.00170954838338611,99.9855921827804,0
154.99,155,2673,2673,2673,2673,2023-10-17,2023-10-20,436.04,0,0,162148087,-228680623,0.00164849308397946,99.9872406758644,0
435.76,447.5,2,2,2348,2348,2023-10-17,2023-10-27,436.04,0,0,55088455,-50860427,0.00426223607106062,99.991733295116,0
304.94,305,361,378,3610,2268,2023-10-17,2023-11-03,436.04,17,-1342,46941710,-29046484,0.00483152403267797,100,-0.591710758377425
436.71,459,1,1,2732,2229,2023-10-17,2023-10-20,436.04,0,-503,162148087,-228680623,0.00137466931694359,99.9886153451813,-0.225661731718259
370.95,371,79,412,1027,2060,2023-10-17,2023-10-20,436.04,333,1033,162148087,-228680623,0.00127044360381507,99.9898857887852,0.501456310679612
434.61,454,0,1,0,1939,2023-10-17,2023-11-10,436.04,1,1939,33474606,-11957812,0.00579245055191986,99.9940253217618,1
209.99,210,1907,1907,1907,1907,2023-10-17,2023-10-20,436.04,0,0,162148087,-228680623,0.00117608541382298,99.991061874199,0
244.97,245,515,616,2575,1848,2023-10-17,2023-11-17,436.04,101,-727,546129639,-270693943,0.000338381195238517,100,-0.393398268398268
194.99,195,1744,1744,1744,1744,2023-10-17,2023-10-20,436.04,0,0,162148087,-228680623,0.00107556002187063,99.9921374342209,0
344.72,345,57,60,2964,1680,2023-10-17,2023-11-24,436.04,3,-1284,21486950,736744,0.00781869925699087,99.9855260983993,-0.764285714285714
299.88,300,76,132,1672,1584,2023-10-17,2023-11-24,436.04,56,-88,21486950,736744,0.00737191644230568,99.9928980148416,-0.0555555555555556
382.94,383,167,243,2338,1458,2023-10-17,2023-10-20,436.04,76,-880,162148087,-228680623,0.000899178045806979,99.9930366122667,-0.603566529492456
377.86,378,0,100,0,1400,2023-10-17,2023-10-27,436.04,100,1400,55088455,-50860427,0.0025413673336818,99.9942746624497,1
378.87,379,100,100,1300,1300,2023-10-17,2023-10-20,436.04,0,0,162148087,-228680623,0.000801736254834755,99.9938383485215,0
386.93,387,172,180,3096,1260,2023-10-17,2023-10-20,436.04,8,-1836,162148087,-228680623,0.000777067446993686,99.9946154159685,-1.45714285714286
386.84,387,0,77,0,1232,2023-10-17,2023-10-27,436.04,77,1232,55088455,-50860427,0.00223640325363999,99.9965110657033,1
314.91,315,113,136,2034,1224,2023-10-17,2023-11-10,436.04,23,-810,33474606,-11957812,0.00365650308176891,99.9976818248436,-0.661764705882353
334.58,335,29,29,1218,1218,2023-10-17,2023-11-24,436.04,0,0,21486950,736744,0.00566855696131838,99.9985665718029,0
370.89,371,0,100,0,1100,2023-10-17,2023-10-27,436.04,100,1100,55088455,-50860427,0.00199678861932142,99.9985078543227,1
164.99,165,1098,1098,1098,1098,2023-10-17,2023-10-20,436.04,0,0,162148087,-228680623,0.000677158775237355,99.9952925747437,0
204.99,205,954,954,954,954,2023-10-17,2023-10-20,436.04,0,0,162148087,-228680623,0.000588351067009505,99.9958809258107,0
392.92,393,105,109,2100,872,2023-10-17,2023-10-20,436.04,4,-1228,162148087,-228680623,0.000537780010935313,99.9964187058217,-1.40825688073394
388.8,389,0,39,0,780,2023-10-17,2023-10-27,436.04,39,780,55088455,-50860427,0.00141590465733701,99.99992375898,1
371.95,372,85,152,1020,760,2023-10-17,2023-10-20,436.04,67,-260,162148087,-228680623,0.000468707348980318,99.9968874131707,-0.342105263157895
174.99,175,714,714,714,714,2023-10-17,2023-10-20,436.04,0,0,162148087,-228680623,0.000440338219963088,99.9973277513906,0
380.94,381,74,103,1036,618,2023-10-17,2023-10-20,436.04,29,-418,162148087,-228680623,0.000381133081144522,99.9977088844718,-0.676375404530745
184.99,185,612,612,612,612,2023-10-17,2023-10-20,436.04,0,0,162148087,-228680623,0.000377432759968362,99.9980863172317,0
388.93,389,85,85,1530,595,2023-10-17,2023-10-20,436.04,0,-935,162148087,-228680623,0.000366948516635907,99.9984532657484,-1.57142857142857
376.94,377,90,97,1350,582,2023-10-17,2023-10-20,436.04,7,-768,162148087,-228680623,0.000358931154087559,99.9988121969024,-1.31958762886598
179.99,180,541,541,541,541,2023-10-17,2023-10-20,436.04,0,0,162148087,-228680623,0.000333645626050463,99.9991458425285,0
319.9,320,45,48,765,480,2023-10-17,2023-11-10,436.04,3,-285,33474606,-11957812,0.00143392277716428,99.9991157476208,-0.59375
373.95,374,60,86,840,430,2023-10-17,2023-10-20,436.04,26,-410,162148087,-228680623,0.000265189684291496,99.9994110322128,-0.953488372093023
377.93,378,45,50,630,350,2023-10-17,2023-10-20,436.04,5,-280,162148087,-228680623,0.000215852068609357,99.9996268842814,-0.8
329.78,330,4,14,140,308,2023-10-17,2023-11-24,436.04,10,168,21486950,736744,0.00143342819711499,100,0.545454545454545
372.95,373,50,61,750,305,2023-10-17,2023-10-20,436.04,11,-445,162148087,-228680623,0.000188099659788154,99.9998149839412,-1.45901639344262
375.95,376,59,60,767,300,2023-10-17,2023-10-20,436.04,1,-467,162148087,-228680623,0.00018501605880802,100,-1.55666666666667
309.92,310,33,37,264,296,2023-10-17,2023-11-10,436.04,4,32,33474606,-11957812,0.000884252379251305,100,0.108108108108108
380.85,381,0,2,0,30,2023-10-17,2023-10-27,436.04,2,30,55088455,-50860427,5.44578714360386e-05,99.9999782168514,1
373.88,374,0,1,0,12,2023-10-17,2023-10-27,436.04,1,12,55088455,-50860427,2.17831485744155e-05,100,1
421.45,457,0,0,0,0,2023-10-17,2023-10-20,436.04,0,0,162148087,-228680623,0,100,
429.1,461,0,0,0,0,2023-10-17,2023-10-20,436.04,0,0,162148087,-228680623,0,100,
426.01,463,0,0,0,0,2023-10-17,2023-10-20,436.04,0,0,162148087,-228680623,0,100,
432.42,466,0,0,0,0,2023-10-17,2023-10-20,436.04,0,0,162148087,-228680623,0,100,
467,467,0,0,0,0,2023-10-17,2023-10-20,436.04,0,0,162148087,-228680623,0,100,
425.86,468,0,0,0,0,2023-10-17,2023-10-20,436.04,0,0,162148087,-228680623,0,100,
469,469,0,0,0,0,2023-10-17,2023-10-20,436.04,0,0,162148087,-228680623,0,100,
431.03,471,0,0,0,0,2023-10-17,2023-10-20,436.04,0,0,162148087,-228680623,0,100,
431.02,473,0,0,0,0,2023-10-17,2023-10-20,436.04,0,0,162148087,-228680623,0,100,
435.04,474,0,0,0,0,2023-10-17,2023-10-20,436.04,0,0,162148087,-228680623,0,100,
433.84,476,0,0,0,0,2023-10-17,2023-10-20,436.04,0,0,162148087,-228680623,0,100,
477,477,0,0,0,0,2023-10-17,2023-10-20,436.04,0,0,162148087,-228680623,0,100,
433.83,478,0,0,0,0,2023-10-17,2023-10-20,436.04,0,0,162148087,-228680623,0,100,
479,479,0,0,0,0,2023-10-17,2023-10-20,436.04,0,0,162148087,-228680623,0,100,
481,481,0,0,0,0,2023-10-17,2023-10-20,436.04,0,0,162148087,-228680623,0,100,
483,483,0,0,0,0,2023-10-17,2023-10-20,436.04,0,0,162148087,-228680623,0,100,
431.02,484,0,0,0,0,2023-10-17,2023-10-20,436.04,0,0,162148087,-228680623,0,100,
436.04,485,0,0,0,0,2023-10-17,2023-10-20,436.04,0,0,162148087,-228680623,0,100,
431.01,486,0,0,0,0,2023-10-17,2023-10-20,436.04,0,0,162148087,-228680623,0,100,
487,487,0,0,0,0,2023-10-17,2023-10-20,436.04,0,0,162148087,-228680623,0,100,
429.84,488,0,0,0,0,2023-10-17,2023-10-20,436.04,0,0,162148087,-228680623,0,100,
489,489,0,0,0,0,2023-10-17,2023-10-20,436.04,0,0,162148087,-228680623,0,100,
491,491,0,0,0,0,2023-10-17,2023-10-20,436.04,0,0,162148087,-228680623,0,100,
425.08,492,0,0,0,0,2023-10-17,2023-10-20,436.04,0,0,162148087,-228680623,0,100,
493,493,0,0,0,0,2023-10-17,2023-10-20,436.04,0,0,162148087,-228680623,0,100,
494,494,0,0,0,0,2023-10-17,2023-10-20,436.04,0,0,162148087,-228680623,0,100,
424.58,495,0,0,0,0,2023-10-17,2023-10-20,436.04,0,0,162148087,-228680623,0,100,
423.81,496,0,0,0,0,2023-10-17,2023-10-20,436.04,0,0,162148087,-228680623,0,100,
497,497,0,0,0,0,2023-10-17,2023-10-20,436.04,0,0,162148087,-228680623,0,100,
438.16,498,0,0,0,0,2023-10-17,2023-10-20,436.04,0,0,162148087,-228680623,0,100,
499,499,0,0,0,0,2023-10-17,2023-10-20,436.04,0,0,162148087,-228680623,0,100,
431.11,500,0,0,0,0,2023-10-17,2023-10-20,436.04,0,0,162148087,-228680623,0,100,
433.74,502,0,0,0,0,2023-10-17,2023-10-20,436.04,0,0,162148087,-228680623,0,100,
451.26,504,0,0,0,0,2023-10-17,2023-10-20,436.04,0,0,162148087,-228680623,0,100,
431.1,505,0,0,0,0,2023-10-17,2023-10-20,436.04,0,0,162148087,-228680623,0,100,
506,506,0,0,0,0,2023-10-17,2023-10-20,436.04,0,0,162148087,-228680623,0,100,
426.19,510,0,0,0,0,2023-10-17,2023-10-20,436.04,0,0,162148087,-228680623,0,100,
423.87,515,0,0,0,0,2023-10-17,2023-10-20,436.04,0,0,162148087,-228680623,0,100,
423.8,520,0,0,0,0,2023-10-17,2023-10-20,436.04,0,0,162148087,-228680623,0,100,
425.17,525,0,0,0,0,2023-10-17,2023-10-20,436.04,0,0,162148087,-228680623,0,100,
425.1,530,0,0,0,0,2023-10-17,2023-10-20,436.04,0,0,162148087,-228680623,0,100,
425.09,535,0,0,0,0,2023-10-17,2023-10-20,436.04,0,0,162148087,-228680623,0,100,
423.96,540,0,0,0,0,2023-10-17,2023-10-20,436.04,0,0,162148087,-228680623,0,100,
423.89,545,0,0,0,0,2023-10-17,2023-10-20,436.04,0,0,162148087,-228680623,0,100,
428.35,550,0,0,0,0,2023-10-17,2023-10-20,436.04,0,0,162148087,-228680623,0,100,
450.59,555,0,0,0,0,2023-10-17,2023-10-20,436.04,0,0,162148087,-228680623,0,100,
423.83,560,0,0,0,0,2023-10-17,2023-10-20,436.04,0,0,162148087,-228680623,0,100,
430.47,565,0,0,0,0,2023-10-17,2023-10-20,436.04,0,0,162148087,-228680623,0,100,
435.56,570,0,0,0,0,2023-10-17,2023-10-20,436.04,0,0,162148087,-228680623,0,100,
445.25,575,0,0,0,0,2023-10-17,2023-10-20,436.04,0,0,162148087,-228680623,0,100,
424,580,0,0,0,0,2023-10-17,2023-10-20,436.04,0,0,162148087,-228680623,0,100,
446.3,585,0,0,0,0,2023-10-17,2023-10-20,436.04,0,0,162148087,-228680623,0,100,
446.27,590,0,0,0,0,2023-10-17,2023-10-20,436.04,0,0,162148087,-228680623,0,100,
456.13,595,0,0,0,0,2023-10-17,2023-10-20,436.04,0,0,162148087,-228680623,0,100,
424.01,600,0,0,0,0,2023-10-17,2023-10-20,436.04,0,0,162148087,-228680623,0,100,
372,372,0,0,0,0,2023-10-17,2023-10-27,436.04,0,0,55088455,-50860427,0,100,
373,373,0,0,0,0,2023-10-17,2023-10-27,436.04,0,0,55088455,-50860427,0,100,
376,376,0,0,0,0,2023-10-17,2023-10-27,436.04,0,0,55088455,-50860427,0,100,
377,377,0,0,0,0,2023-10-17,2023-10-27,436.04,0,0,55088455,-50860427,0,100,
379,379,0,0,0,0,2023-10-17,2023-10-27,436.04,0,0,55088455,-50860427,0,100,
383,383,0,0,0,0,2023-10-17,2023-10-27,436.04,0,0,55088455,-50860427,0,100,
432.23,452.5,0,0,0,0,2023-10-17,2023-10-27,436.04,0,0,55088455,-50860427,0,100,
428.78,454,0,0,0,0,2023-10-17,2023-10-27,436.04,0,0,55088455,-50860427,0,100,
433.93,456,0,0,0,0,2023-10-17,2023-10-27,436.04,0,0,55088455,-50860427,0,100,
431.31,457,0,0,0,0,2023-10-17,2023-10-27,436.04,0,0,55088455,-50860427,0,100,
447.27,457.5,0,0,0,0,2023-10-17,2023-10-27,436.04,0,0,55088455,-50860427,0,100,
439.33,458,0,0,0,0,2023-10-17,2023-10-27,436.04,0,0,55088455,-50860427,0,100,
421.37,459,0,0,0,0,2023-10-17,2023-10-27,436.04,0,0,55088455,-50860427,0,100,
435.12,461,0,0,0,0,2023-10-17,2023-10-27,436.04,0,0,55088455,-50860427,0,100,
463,463,0,0,0,0,2023-10-17,2023-10-27,436.04,0,0,55088455,-50860427,0,100,
443,464,0,0,0,0,2023-10-17,2023-10-27,436.04,0,0,55088455,-50860427,0,100,
466,466,0,0,0,0,2023-10-17,2023-10-27,436.04,0,0,55088455,-50860427,0,100,
467,467,0,0,0,0,2023-10-17,2023-10-27,436.04,0,0,55088455,-50860427,0,100,
468,468,0,0,0,0,2023-10-17,2023-10-27,436.04,0,0,55088455,-50860427,0,100,
469,469,0,0,0,0,2023-10-17,2023-10-27,436.04,0,0,55088455,-50860427,0,100,
471,471,0,0,0,0,2023-10-17,2023-10-27,436.04,0,0,55088455,-50860427,0,100,
424.73,472,0,0,0,0,2023-10-17,2023-10-27,436.04,0,0,55088455,-50860427,0,100,
473,473,0,0,0,0,2023-10-17,2023-10-27,436.04,0,0,55088455,-50860427,0,100,
474,474,0,0,0,0,2023-10-17,2023-10-27,436.04,0,0,55088455,-50860427,0,100,
445.74,475,0,0,0,0,2023-10-17,2023-10-27,436.04,0,0,55088455,-50860427,0,100,
476,476,0,0,0,0,2023-10-17,2023-10-27,436.04,0,0,55088455,-50860427,0,100,
477,477,0,0,0,0,2023-10-17,2023-10-27,436.04,0,0,55088455,-50860427,0,100,
478,478,0,0,0,0,2023-10-17,2023-10-27,436.04,0,0,55088455,-50860427,0,100,
479,479,0,0,0,0,2023-10-17,2023-10-27,436.04,0,0,55088455,-50860427,0,100,
435.85,480,0,0,0,0,2023-10-17,2023-10-27,436.04,0,0,55088455,-50860427,0,100,
481,481,0,0,0,0,2023-10-17,2023-10-27,436.04,0,0,55088455,-50860427,0,100,
483,483,0,0,0,0,2023-10-17,2023-10-27,436.04,0,0,55088455,-50860427,0,100,
435.57,484,0,0,0,0,2023-10-17,2023-10-27,436.04,0,0,55088455,-50860427,0,100,
485,485,0,0,0,0,2023-10-17,2023-10-27,436.04,0,0,55088455,-50860427,0,100,
486,486,0,0,0,0,2023-10-17,2023-10-27,436.04,0,0,55088455,-50860427,0,100,
487,487,0,0,0,0,2023-10-17,2023-10-27,436.04,0,0,55088455,-50860427,0,100,
488,488,0,0,0,0,2023-10-17,2023-10-27,436.04,0,0,55088455,-50860427,0,100,
489,489,0,0,0,0,2023-10-17,2023-10-27,436.04,0,0,55088455,-50860427,0,100,
429.24,490,0,0,0,0,2023-10-17,2023-10-27,436.04,0,0,55088455,-50860427,0,100,
491,491,0,0,0,0,2023-10-17,2023-10-27,436.04,0,0,55088455,-50860427,0,100,
492,492,0,0,0,0,2023-10-17,2023-10-27,436.04,0,0,55088455,-50860427,0,100,
493,493,0,0,0,0,2023-10-17,2023-10-27,436.04,0,0,55088455,-50860427,0,100,
494,494,0,0,0,0,2023-10-17,2023-10-27,436.04,0,0,55088455,-50860427,0,100,
435.91,495,0,0,0,0,2023-10-17,2023-10-27,436.04,0,0,55088455,-50860427,0,100,
496,496,0,0,0,0,2023-10-17,2023-10-27,436.04,0,0,55088455,-50860427,0,100,
497,497,0,0,0,0,2023-10-17,2023-10-27,436.04,0,0,55088455,-50860427,0,100,
498,498,0,0,0,0,2023-10-17,2023-10-27,436.04,0,0,55088455,-50860427,0,100,
499,499,0,0,0,0,2023-10-17,2023-10-27,436.04,0,0,55088455,-50860427,0,100,
429.93,505,0,0,0,0,2023-10-17,2023-10-27,436.04,0,0,55088455,-50860427,0,100,
436.45,510,0,0,0,0,2023-10-17,2023-10-27,436.04,0,0,55088455,-50860427,0,100,
515,515,0,0,0,0,2023-10-17,2023-10-27,436.04,0,0,55088455,-50860427,0,100,
520,520,0,0,0,0,2023-10-17,2023-10-27,436.04,0,0,55088455,-50860427,0,100,
525,525,0,0,0,0,2023-10-17,2023-10-27,436.04,0,0,55088455,-50860427,0,100,
530,530,0,0,0,0,2023-10-17,2023-10-27,436.04,0,0,55088455,-50860427,0,100,
444.75,540,0,0,0,0,2023-10-17,2023-10-27,436.04,0,0,55088455,-50860427,0,100,
425.67,451,0,0,0,0,2023-10-17,2023-11-03,436.04,0,0,46941710,-29046484,0,100,
431.19,452,0,0,0,0,2023-10-17,2023-11-03,436.04,0,0,46941710,-29046484,0,100,
452.5,452.5,0,0,0,0,2023-10-17,2023-11-03,436.04,0,0,46941710,-29046484,0,100,
453,453,0,0,0,0,2023-10-17,2023-11-03,436.04,0,0,46941710,-29046484,0,100,
431.01,454,0,0,0,0,2023-10-17,2023-11-03,436.04,0,0,46941710,-29046484,0,100,
456,456,0,0,0,0,2023-10-17,2023-11-03,436.04,0,0,46941710,-29046484,0,100,
434.13,457,0,0,0,0,2023-10-17,2023-11-03,436.04,0,0,46941710,-29046484,0,100,
458,458,0,0,0,0,2023-10-17,2023-11-03,436.04,0,0,46941710,-29046484,0,100,
459,459,0,0,0,0,2023-10-17,2023-11-03,436.04,0,0,46941710,-29046484,0,100,
421.8,462,0,0,0,0,2023-10-17,2023-11-03,436.04,0,0,46941710,-29046484,0,100,
464,464,0,0,0,0,2023-10-17,2023-11-03,436.04,0,0,46941710,-29046484,0,100,
425.08,466,0,0,0,0,2023-10-17,2023-11-03,436.04,0,0,46941710,-29046484,0,100,
468,468,0,0,0,0,2023-10-17,2023-11-03,436.04,0,0,46941710,-29046484,0,100,
425.08,472,0,0,0,0,2023-10-17,2023-11-03,436.04,0,0,46941710,-29046484,0,100,
474,474,0,0,0,0,2023-10-17,2023-11-03,436.04,0,0,46941710,-29046484,0,100,
427.7,475,0,0,0,0,2023-10-17,2023-11-03,436.04,0,0,46941710,-29046484,0,100,
476,476,0,0,0,0,2023-10-17,2023-11-03,436.04,0,0,46941710,-29046484,0,100,
480,480,0,0,0,0,2023-10-17,2023-11-03,436.04,0,0,46941710,-29046484,0,100,
485,485,0,0,0,0,2023-10-17,2023-11-03,436.04,0,0,46941710,-29046484,0,100,
490,490,0,0,0,0,2023-10-17,2023-11-03,436.04,0,0,46941710,-29046484,0,100,
422.12,495,0,0,0,0,2023-10-17,2023-11-03,436.04,0,0,46941710,-29046484,0,100,
510,510,0,0,0,0,2023-10-17,2023-11-03,436.04,0,0,46941710,-29046484,0,100,
431.31,515,0,0,0,0,2023-10-17,2023-11-03,436.04,0,0,46941710,-29046484,0,100,
433.87,520,0,0,0,0,2023-10-17,2023-11-03,436.04,0,0,46941710,-29046484,0,100,
525,525,0,0,0,0,2023-10-17,2023-11-03,436.04,0,0,46941710,-29046484,0,100,
530,530,0,0,0,0,2023-10-17,2023-11-03,436.04,0,0,46941710,-29046484,0,100,
540,540,0,0,0,0,2023-10-17,2023-11-03,436.04,0,0,46941710,-29046484,0,100,
456,456,0,0,0,0,2023-10-17,2023-11-10,436.04,0,0,33474606,-11957812,0,100,
435.99,458,0,0,0,0,2023-10-17,2023-11-10,436.04,0,0,33474606,-11957812,0,100,
462,462,0,0,0,0,2023-10-17,2023-11-10,436.04,0,0,33474606,-11957812,0,100,
464,464,0,0,0,0,2023-10-17,2023-11-10,436.04,0,0,33474606,-11957812,0,100,
466,466,0,0,0,0,2023-10-17,2023-11-10,436.04,0,0,33474606,-11957812,0,100,
433.79,470,0,0,0,0,2023-10-17,2023-11-10,436.04,0,0,33474606,-11957812,0,100,
436.2,475,0,0,0,0,2023-10-17,2023-11-10,436.04,0,0,33474606,-11957812,0,100,
430.47,480,0,0,0,0,2023-10-17,2023-11-10,436.04,0,0,33474606,-11957812,0,100,
485,485,0,0,0,0,2023-10-17,2023-11-10,436.04,0,0,33474606,-11957812,0,100,
490,490,0,0,0,0,2023-10-17,2023-11-10,436.04,0,0,33474606,-11957812,0,100,
495,495,0,0,0,0,2023-10-17,2023-11-10,436.04,0,0,33474606,-11957812,0,100,
505,505,0,0,0,0,2023-10-17,2023-11-10,436.04,0,0,33474606,-11957812,0,100,
510,510,0,0,0,0,2023-10-17,2023-11-10,436.04,0,0,33474606,-11957812,0,100,
515,515,0,0,0,0,2023-10-17,2023-11-10,436.04,0,0,33474606,-11957812,0,100,
520,520,0,0,0,0,2023-10-17,2023-11-10,436.04,0,0,33474606,-11957812,0,100,
525,525,0,0,0,0,2023-10-17,2023-11-10,436.04,0,0,33474606,-11957812,0,100,
435.21,530,0,0,0,0,2023-10-17,2023-11-10,436.04,0,0,33474606,-11957812,0,100,
540,540,0,0,0,0,2023-10-17,2023-11-10,436.04,0,0,33474606,-11957812,0,100,
425.08,466,0,0,0,0,2023-10-17,2023-11-17,436.04,0,0,546129639,-270693943,0,100,
433.7,472,0,0,0,0,2023-10-17,2023-11-17,436.04,0,0,546129639,-270693943,0,100,
474,474,0,0,0,0,2023-10-17,2023-11-17,436.04,0,0,546129639,-270693943,0,100,
434,475,0,0,0,0,2023-10-17,2023-11-17,436.04,0,0,546129639,-270693943,0,100,
433.99,476,0,0,0,0,2023-10-17,2023-11-17,436.04,0,0,546129639,-270693943,0,100,
433.98,478,0,0,0,0,2023-10-17,2023-11-17,436.04,0,0,546129639,-270693943,0,100,
432.74,480,0,0,0,0,2023-10-17,2023-11-17,436.04,0,0,546129639,-270693943,0,100,
449.76,482,0,0,0,0,2023-10-17,2023-11-17,436.04,0,0,546129639,-270693943,0,100,
484,484,0,0,0,0,2023-10-17,2023-11-17,436.04,0,0,546129639,-270693943,0,100,
431.54,485,0,0,0,0,2023-10-17,2023-11-17,436.04,0,0,546129639,-270693943,0,100,
441.95,486,0,0,0,0,2023-10-17,2023-11-17,436.04,0,0,546129639,-270693943,0,100,
443.39,488,0,0,0,0,2023-10-17,2023-11-17,436.04,0,0,546129639,-270693943,0,100,
425.1,490,0,0,0,0,2023-10-17,2023-11-17,436.04,0,0,546129639,-270693943,0,100,
492,492,0,0,0,0,2023-10-17,2023-11-17,436.04,0,0,546129639,-270693943,0,100,
494,494,0,0,0,0,2023-10-17,2023-11-17,436.04,0,0,546129639,-270693943,0,100,
431.04,510,0,0,0,0,2023-10-17,2023-11-17,436.04,0,0,546129639,-270693943,0,100,
424.35,515,0,0,0,0,2023-10-17,2023-11-17,436.04,0,0,546129639,-270693943,0,100,
520,520,0,0,0,0,2023-10-17,2023-11-17,436.04,0,0,546129639,-270693943,0,100,
525,525,0,0,0,0,2023-10-17,2023-11-17,436.04,0,0,546129639,-270693943,0,100,
448.8,530,0,0,0,0,2023-10-17,2023-11-17,436.04,0,0,546129639,-270693943,0,100,
535,535,0,0,0,0,2023-10-17,2023-11-17,436.04,0,0,546129639,-270693943,0,100,
439.89,540,0,0,0,0,2023-10-17,2023-11-17,436.04,0,0,546129639,-270693943,0,100,
444.59,545,0,0,0,0,2023-10-17,2023-11-17,436.04,0,0,546129639,-270693943,0,100,
434.33,550,0,0,0,0,2023-10-17,2023-11-17,436.04,0,0,546129639,-270693943,0,100,
436.39,560,0,0,0,0,2023-10-17,2023-11-17,436.04,0,0,546129639,-270693943,0,100,
460,460,0,0,0,0,2023-10-17,2023-11-24,436.04,0,0,21486950,736744,0,100,
465,465,0,0,0,0,2023-10-17,2023-11-24,436.04,0,0,21486950,736744,0,100,
437.08,470,0,0,0,0,2023-10-17,2023-11-24,436.04,0,0,21486950,736744,0,100,
475,475,0,0,0,0,2023-10-17,2023-11-24,436.04,0,0,21486950,736744,0,100,
431.6,480,0,0,0,0,2023-10-17,2023-11-24,436.04,0,0,21486950,736744,0,100,
485,485,0,0,0,0,2023-10-17,2023-11-24,436.04,0,0,21486950,736744,0,100,
490,490,0,0,0,0,2023-10-17,2023-11-24,436.04,0,0,21486950,736744,0,100,
495,495,0,0,0,0,2023-10-17,2023-11-24,436.04,0,0,21486950,736744,0,100,
500,500,0,0,0,0,2023-10-17,2023-11-24,436.04,0,0,21486950,736744,0,100,
505,505,0,0,0,0,2023-10-17,2023-11-24,436.04,0,0,21486950,736744,0,100,
510,510,0,0,0,0,2023-10-17,2023-11-24,436.04,0,0,21486950,736744,0,100,
515,515,0,0,0,0,2023-10-17,2023-11-24,436.04,0,0,21486950,736744,0,100,
520,520,0,0,0,0,2023-10-17,2023-11-24,436.04,0,0,21486950,736744,0,100,
525,525,0,0,0,0,2023-10-17,2023-11-24,436.04,0,0,21486950,736744,0,100,
435.39,530,0,0,0,0,2023-10-17,2023-11-24,436.04,0,0,21486950,736744,0,100,
540,540,0,0,0,0,2023-10-17,2023-11-24,436.04,0,0,21486950,736744,0,100,
432.99,467,0,0,0,0,2023-10-17,2023-12-15,436.04,0,0,677524762,-222864345,0,100,
427.65,469,0,0,0,0,2023-10-17,2023-12-15,436.04,0,0,677524762,-222864345,0,100,
425.02,474,0,0,0,0,2023-10-17,2023-12-15,436.04,0,0,677524762,-222864345,0,100,
425.07,477,0,0,0,0,2023-10-17,2023-12-15,436.04,0,0,677524762,-222864345,0,100,
436,478,0,0,0,0,2023-10-17,2023-12-15,436.04,0,0,677524762,-222864345,0,100,
444.12,479,0,0,0,0,2023-10-17,2023-12-15,436.04,0,0,677524762,-222864345,0,100,
449,481,0,0,0,0,2023-10-17,2023-12-15,436.04,0,0,677524762,-222864345,0,100,
482,482,0,0,0,0,2023-10-17,2023-12-15,436.04,0,0,677524762,-222864345,0,100,
483,483,0,0,0,0,2023-10-17,2023-12-15,436.04,0,0,677524762,-222864345,0,100,
457.21,484,0,0,0,0,2023-10-17,2023-12-15,436.04,0,0,677524762,-222864345,0,100,
431,485,0,0,0,0,2023-10-17,2023-12-15,436.04,0,0,677524762,-222864345,0,100,
486,486,0,0,0,0,2023-10-17,2023-12-15,436.04,0,0,677524762,-222864345,0,100,
434.75,487,0,0,0,0,2023-10-17,2023-12-15,436.04,0,0,677524762,-222864345,0,100,
444.6,488,0,0,0,0,2023-10-17,2023-12-15,436.04,0,0,677524762,-222864345,0,100,
445.13,489,0,0,0,0,2023-10-17,2023-12-15,436.04,0,0,677524762,-222864345,0,100,
424.67,491,0,0,0,0,2023-10-17,2023-12-15,436.04,0,0,677524762,-222864345,0,100,
444.92,492,0,0,0,0,2023-10-17,2023-12-15,436.04,0,0,677524762,-222864345,0,100,
493,493,0,0,0,0,2023-10-17,2023-12-15,436.04,0,0,677524762,-222864345,0,100,
432.31,494,0,0,0,0,2023-10-17,2023-12-15,436.04,0,0,677524762,-222864345,0,100,
434.7,495,0,0,0,0,2023-10-17,2023-12-15,436.04,0,0,677524762,-222864345,0,100,
496,496,0,0,0,0,2023-10-17,2023-12-15,436.04,0,0,677524762,-222864345,0,100,
497,497,0,0,0,0,2023-10-17,2023-12-15,436.04,0,0,677524762,-222864345,0,100,
450.44,498,0,0,0,0,2023-10-17,2023-12-15,436.04,0,0,677524762,-222864345,0,100,
499,499,0,0,0,0,2023-10-17,2023-12-15,436.04,0,0,677524762,-222864345,0,100,
421.81,501,0,0,0,0,2023-10-17,2023-12-15,436.04,0,0,677524762,-222864345,0,100,
421.8,505,0,0,0,0,2023-10-17,2023-12-15,436.04,0,0,677524762,-222864345,0,100,
430.9,515,0,0,0,0,2023-10-17,2023-12-15,436.04,0,0,677524762,-222864345,0,100,
425.34,520,0,0,0,0,2023-10-17,2023-12-15,436.04,0,0,677524762,-222864345,0,100,
433.94,530,0,0,0,0,2023-10-17,2023-12-15,436.04,0,0,677524762,-222864345,0,100,
425.48,535,0,0,0,0,2023-10-17,2023-12-15,436.04,0,0,677524762,-222864345,0,100,
433.94,545,0,0,0,0,2023-10-17,2023-12-15,436.04,0,0,677524762,-222864345,0,100,
440.93,550,0,0,0,0,2023-10-17,2023-12-15,436.04,0,0,677524762,-222864345,0,100,
426.22,555,0,0,0,0,2023-10-17,2023-12-15,436.04,0,0,677524762,-222864345,0,100,
426.25,560,0,0,0,0,2023-10-17,2023-12-15,436.04,0,0,677524762,-222864345,0,100,
565,565,0,0,0,0,2023-10-17,2023-12-15,436.04,0,0,677524762,-222864345,0,100,
451.5,570,0,0,0,0,2023-10-17,2023-12-15,436.04,0,0,677524762,-222864345,0,100,
575,575,0,0,0,0,2023-10-17,2023-12-15,436.04,0,0,677524762,-222864345,0,100,
580,580,0,0,0,0,2023-10-17,2023-12-15,436.04,0,0,677524762,-222864345,0,100,
585,585,0,0,0,0,2023-10-17,2023-12-15,436.04,0,0,677524762,-222864345,0,100,
431.09,595,0,0,0,0,2023-10-17,2023-12-15,436.04,0,0,677524762,-222864345,0,100,
426.3,600,0,0,0,0,2023-10-17,2023-12-15,436.04,0,0,677524762,-222864345,0,100,
605,605,0,0,0,0,2023-10-17,2023-12-15,436.04,0,0,677524762,-222864345,0,100,
610,610,0,0,0,0,2023-10-17,2023-12-15,436.04,0,0,677524762,-222864345,0,100,
615,615,0,0,0,0,2023-10-17,2023-12-15,436.04,0,0,677524762,-222864345,0,100,
620,620,0,0,0,0,2023-10-17,2023-12-15,436.04,0,0,677524762,-222864345,0,100,
625,625,0,0,0,0,2023-10-17,2023-12-15,436.04,0,0,677524762,-222864345,0,100,
630,630,0,0,0,0,2023-10-17,2023-12-15,436.04,0,0,677524762,-222864345,0,100,
635,635,0,0,0,0,2023-10-17,2023-12-15,436.04,0,0,677524762,-222864345,0,100,
640,640,0,0,0,0,2023-10-17,2023-12-15,436.04,0,0,677524762,-222864345,0,100,
645,645,0,0,0,0,2023-10-17,2023-12-15,436.04,0,0,677524762,-222864345,0,100,
650,650,0,0,0,0,2023-10-17,2023-12-15,436.04,0,0,677524762,-222864345,0,100,
655,655,0,0,0,0,2023-10-17,2023-12-15,436.04,0,0,677524762,-222864345,0,100,
424.9,660,0,0,0,0,2023-10-17,2023-12-15,436.04,0,0,677524762,-222864345,0,100,
665,665,0,0,0,0,2023-10-17,2023-12-15,436.04,0,0,677524762,-222864345,0,100,
445.5,670,0,0,0,0,2023-10-17,2023-12-15,436.04,0,0,677524762,-222864345,0,100,
675,675,0,0,0,0,2023-10-17,2023-12-15,436.04,0,0,677524762,-222864345,0,100,
680,680,0,0,0,0,2023-10-17,2023-12-15,436.04,0,0,677524762,-222864345,0,100,
445.94,685,0,0,0,0,2023-10-17,2023-12-15,436.04,0,0,677524762,-222864345,0,100,
690,690,0,0,0,0,2023-10-17,2023-12-15,436.04,0,0,677524762,-222864345,0,100,
695,695,0,0,0,0,2023-10-17,2023-12-15,436.04,0,0,677524762,-222864345,0,100,
424.7,700,0,0,0,0,2023-10-17,2023-12-15,436.04,0,0,677524762,-222864345,0,100,
440.65,705,0,0,0,0,2023-10-17,2023-12-15,436.04,0,0,677524762,-222864345,0,100,
710,710,0,0,0,0,2023-10-17,2023-12-15,436.04,0,0,677524762,-222864345,0,100,
442.92,715,0,0,0,0,2023-10-17,2023-12-15,436.04,0,0,677524762,-222864345,0,100,
435.67,720,0,0,0,0,2023-10-17,2023-12-15,436.04,0,0,677524762,-222864345,0,100,
