Watch,strike,open_interest.yt,open_interest.td,OI_Dollar.yt,OI_Dollar.td,Date.td,expiry,stkClose,diff_oi,diff_oi_d,totalOI,totalOIdiff,OI_pct,cum_sep_OI,pct
436.09,440,91358,88535,44856778,34617185,2023-09-12,2023-10-20,448.45,-2823,-10239593,400323789,-94608838,8.64729650128287,8.64729650128287,-0.295795079813682
438.94,450,26743,26784,34043839,29623104,2023-09-12,2023-12-15,448.45,41,-4420735,445971939,-59359824,6.64236948773587,6.64236948773587,-0.149232673253957
427.8,430,122556,132366,34193124,29120520,2023-09-12,2023-10-20,448.45,9810,-5072604,400323789,-94608838,7.27424170138438,15.9215382026672,-0.174193455336649
443.95,460,16533,16530,30007395,26530650,2023-09-12,2023-12-15,448.45,-3,-3476745,445971939,-59359824,5.94895052354404,12.5913200112799,-0.131046355818647
424.41,430,46280,46507,29989440,25997413,2023-09-12,2023-12-15,448.45,227,-3992027,445971939,-59359824,5.82938313524699,18.4207031465269,-0.153554778700481
444.42,450,45763,45593,33178175,25440894,2023-09-12,2023-09-29,448.45,-170,-7737281,152014431,-50985305,16.7358413491677,16.7358413491677,-0.304127716581029
439.7,445,44502,46274,29104308,24525220,2023-09-12,2023-10-20,448.45,1772,-4579088,400323789,-94608838,6.12634589147536,22.0478840941426,-0.18670935469692
446.45,465,12750,12753,27463500,23656815,2023-09-12,2023-11-17,448.45,3,-3806685,351395725,-31010447,6.73224325651657,6.73224325651657,-0.160912827867995
432.08,435,76268,78123,28142892,22811916,2023-09-12,2023-10-20,448.45,1855,-5330976,400323789,-94608838,5.69836632916162,27.7462504233042,-0.233692601708686
442.74,450,31428,31191,27908064,22644666,2023-09-12,2023-10-20,448.45,-237,-5263398,400323789,-94608838,5.65658764785522,33.4028380711594,-0.232434340166466
441.55,445,58910,58944,27687700,20335680,2023-09-12,2023-09-29,448.45,34,-7352020,152014431,-50985305,13.3774667748485,30.1133081240162,-0.361533029630679
440.74,450,18906,19995,20796600,18515370,2023-09-12,2023-11-17,448.45,1089,-2281230,351395725,-31010447,5.26909369771075,12.0013369542273,-0.123207367716659
428.4,435,28061,27841,21101872,18375060,2023-09-12,2023-12-15,448.45,-220,-2726812,445971939,-59359824,4.12022784240692,22.5409309889338,-0.148397447409696
446.13,450,47045,47183,27568370,18259821,2023-09-12,2023-09-15,448.45,138,-9308549,151598125,-86702777,12.044885779425,12.044885779425,-0.509783146286045
397.65,400,77067,77390,20962224,18186650,2023-09-12,2023-12-15,448.45,323,-2775574,445971939,-59359824,4.07798078972857,26.6189117786624,-0.152616012294733
446.51,460,13216,13231,20881280,17848619,2023-09-12,2023-10-20,448.45,15,-3032661,400323789,-94608838,4.45854567988214,37.8613837510416,-0.169910120217144
434.04,440,27481,29761,19264181,17737556,2023-09-12,2023-11-17,448.45,2280,-1526625,351395725,-31010447,5.04774382215379,17.0490807763811,-0.0860673815490702
437.62,445,22773,22544,19630326,16637472,2023-09-12,2023-11-17,448.45,-229,-2992854,351395725,-31010447,4.73468252921973,21.7837633056008,-0.179886343309849
445.23,460,10883,10925,18435802,16136225,2023-09-12,2023-11-17,448.45,42,-2299577,351395725,-31010447,4.5920379367165,26.3758012423173,-0.142510221566692
420.15,425,32429,32964,18062953,15987540,2023-09-12,2023-12-15,448.45,535,-2075413,445971939,-59359824,3.584875773989,30.2037875526514,-0.129814405468258
422.63,426,8326,47198,3455290,15905726,2023-09-12,2023-11-17,448.45,38872,12450436,351395725,-31010447,4.52644265948312,30.9022439018005,0.782764395664807
419.31,424,33829,33832,18605950,15867208,2023-09-12,2023-12-15,448.45,3,-2738742,445971939,-59359824,3.55789380730522,33.7616813599566,-0.172603901076988
418.71,420,126934,121923,21324912,15728067,2023-09-12,2023-10-20,448.45,-5011,-5596845,400323789,-94608838,3.92883646492465,41.7902202159662,-0.355850785732283
423.49,427,41067,43540,17658810,15282540,2023-09-12,2023-11-17,448.45,2473,-2376270,351395725,-31010447,4.34909673417342,35.2513406359739,-0.155489205328434
415.82,420,33811,34693,16364524,14501674,2023-09-12,2023-12-15,448.45,882,-1862850,445971939,-59359824,3.2517009999591,37.0133823599157,-0.128457583586557
427.62,434,22045,22047,16820335,14065986,2023-09-12,2023-12-15,448.45,2,-2754349,445971939,-59359824,3.15400696096263,40.1673893208783,-0.195816276228343
443.25,455,11784,11931,16462248,14018925,2023-09-12,2023-11-17,448.45,147,-2443323,351395725,-31010447,3.9894978802033,39.2408385161772,-0.174287472113589
406.92,410,44956,44959,16229116,13847372,2023-09-12,2023-12-15,448.45,3,-2381744,445971939,-59359824,3.10498728486144,43.2723766057398,-0.171999712291979
447.04,455,16547,16550,18201700,13173800,2023-09-12,2023-09-15,448.45,3,-5027900,151598125,-86702777,8.68994916658765,20.7348349460127,-0.381659050539708
447.3,460,9975,10067,15271725,12785090,2023-09-12,2023-09-15,448.45,92,-2486635,151598125,-86702777,8.43354098211967,29.1683759281324,-0.194494915561799
445.14,455,12356,12384,14641860,12210624,2023-09-12,2023-10-20,448.45,28,-2431236,400323789,-94608838,3.05018695753801,44.8404071735042,-0.199108251961571
432.17,440,14975,15057,13237900,11789631,2023-09-12,2023-12-15,448.45,82,-1448269,445971939,-59359824,2.64358134873593,45.9159579544757,-0.122842606354686
398.6,400,82697,83124,13562308,11637360,2023-09-12,2023-11-17,448.45,427,-1924948,351395725,-31010447,3.31175343695488,42.552591953132,-0.165411055428379
446.41,458,9326,9319,12981792,10800721,2023-09-12,2023-09-15,448.45,-7,-2181071,151598125,-86702777,7.12457426501812,36.2929501931505,-0.201937537318111
442.83,454,4326,9513,5545932,10626021,2023-09-12,2023-11-17,448.45,5187,5080089,351395725,-31010447,3.02394714676737,45.5765390998994,0.478080082845686
446.6,452,18588,18578,14126880,10032120,2023-09-12,2023-09-15,448.45,-10,-4094760,151598125,-86702777,6.61757525035353,42.910525443504,-0.40816497410318
437.75,448,9623,9704,11441747,9946600,2023-09-12,2023-12-15,448.45,81,-1495147,445971939,-59359824,2.23031969731172,48.1462776517874,-0.150317394888706
447.1,454,14039,14353,13968805,9903570,2023-09-12,2023-09-15,448.45,314,-4065235,151598125,-86702777,6.53277868707149,49.4433041305755,-0.410481775763689
437.84,440,45442,45707,13768926,9872712,2023-09-12,2023-09-29,448.45,265,-3896214,152014431,-50985305,6.49458866178304,36.6078967857992,-0.394644754146581
435.8,445,10684,10718,11122044,9860560,2023-09-12,2023-12-15,448.45,34,-1261484,445971939,-59359824,2.2110270036519,50.3573046554393,-0.127932287821381
447.17,456,11158,11151,13222230,9846333,2023-09-12,2023-09-15,448.45,-7,-3375897,151598125,-86702777,6.49502294306081,55.9383270736363,-0.342858300648576
426.05,430,22567,24189,10832160,9554655,2023-09-12,2023-11-17,448.45,1622,-1277505,351395725,-31010447,2.71905840630247,48.2955975062019,-0.133704984638378
433.63,435,69620,69525,13854380,9524925,2023-09-12,2023-09-29,448.45,-95,-4329455,152014431,-50985305,6.26580314601842,42.8736999318177,-0.454539537056722
419.13,422,48044,32778,16623224,9407286,2023-09-12,2023-11-17,448.45,-15266,-7215938,351395725,-31010447,2.67712021823828,50.9727177244402,-0.767058426840642
441.92,452,7676,9199,8934864,9272592,2023-09-12,2023-11-17,448.45,1523,337728,351395725,-31010447,2.6387890746252,53.6115067990654,0.0364221783941319
420.89,424,30158,29814,11731462,9272154,2023-09-12,2023-11-17,448.45,-344,-2459308,351395725,-31010447,2.63866442882878,56.2501712278941,-0.265235888014802
413.98,415,91934,90059,11951420,9186018,2023-09-12,2023-10-20,448.45,-1875,-2765402,400323789,-94608838,2.2946470463188,47.1350542198231,-0.301044696407083
425.14,429,23553,23548,10857933,9089528,2023-09-12,2023-11-17,448.45,-5,-1768405,351395725,-31010447,2.58669282331195,58.8368640512061,-0.194554106659884
430.15,435,16517,18473,9414690,8959405,2023-09-12,2023-11-17,448.45,1956,-455285.000000002,351395725,-31010447,2.54966249233681,61.3865265435429,-0.0508164325644395
445.76,458,7314,7318,10459020,8957232,2023-09-12,2023-10-20,448.45,4,-1501788,400323789,-94608838,2.2374968078652,49.3725510276882,-0.16766206345889
436.9,444,8752,12341,7412944,8762110,2023-09-12,2023-11-17,448.45,3589,1349166,351395725,-31010447,2.4935163909578,63.8800429345007,0.153977295423134
443.59,445,63117,61035,17167824,8605935,2023-09-12,2023-09-15,448.45,-2082,-8561889,151598125,-86702777,5.67680833783399,61.6151354114703,-0.994881904174271
388.17,390,45294,44982,9783504,8231706,2023-09-12,2023-12-15,448.45,-312,-1551798,445971939,-59359824,1.84579012268303,52.2030947781224,-0.18851475016236
409.18,410,91203,99498,9485112,8158836,2023-09-12,2023-10-20,448.45,8295,-1326276,400323789,-94608838,2.03805924708611,51.4106102747744,-0.162557011809038
445.66,464,4433,4434,8772907,8131956,2023-09-12,2023-11-17,448.45,1,-640951,351395725,-31010447,2.31418751608319,66.1942304505839,-0.0788187983309305
423.32,425,46723,48045,10045445,8071560,2023-09-12,2023-10-20,448.45,1322,-1973885,400323789,-94608838,2.01625789468135,53.4268681694557,-0.244548141870964
447.12,465,4375,4389,9078125,7847532,2023-09-12,2023-10-20,448.45,14,-1230593,400323789,-94608838,1.96029619413899,55.3871643635947,-0.15681274061705
424.22,426,43218,43474,10242666,7738372,2023-09-12,2023-10-20,448.45,256,-2504294,400323789,-94608838,1.93302826677632,57.320192630371,-0.323620265347802
426,428,38045,38124,9625385,7624800,2023-09-12,2023-10-20,448.45,79,-2000585,400323789,-94608838,1.90465823153967,59.2248508619107,-0.262378685342566
421.75,425,22898,23244,9250792,7554300,2023-09-12,2023-11-17,448.45,346,-1696492,351395725,-31010447,2.14979849285304,68.3440289434369,-0.224573024634976
402.3,405,27455,27898,8593415,7532460,2023-09-12,2023-12-15,448.45,443,-1060955,445971939,-59359824,1.68899864347743,53.8920934215998,-0.140851063264856
441.18,454,5575,5573,8524175,7144586,2023-09-12,2023-12-15,448.45,-2,-1379589,445971939,-59359824,1.60202590683626,55.494119328436,-0.193095723111178
433.67,442,8581,8461,8581000,7048013,2023-09-12,2023-12-15,448.45,-120,-1532987,445971939,-59359824,1.58037140538566,57.0744907338217,-0.217506267369257
373.68,375,50900,50837,7584100,6710484,2023-09-12,2023-12-15,448.45,-63,-873616,445971939,-59359824,1.504687495596,58.5791782294177,-0.130186734667723
433.28,439,10652,11596,7296620,6632912,2023-09-12,2023-11-17,448.45,944,-663708,351395725,-31010447,1.88759040822139,70.2316193516583,-0.100062838162183
444.76,454,7071,7065,8223573,6528060,2023-09-12,2023-10-20,448.45,-6,-1695513,400323789,-94608838,1.63069499724384,60.8555458591545,-0.259726932656869
415.84,417,54881,55020,8287031,6382320,2023-09-12,2023-10-20,448.45,139,-1904711,400323789,-94608838,1.59428946651981,62.4498353256743,-0.298435521879191
429.1,430,69833,70262,9357622,6323580,2023-09-12,2023-09-29,448.45,429,-3034042,152014431,-50985305,4.1598550600765,47.0335549918942,-0.479798152312456
447.84,468,3103,3103,6255648,6255648,2023-09-12,2023-12-15,448.45,0,0,445971939,-59359824,1.40269991291986,59.9818781423376,0
444.25,458,4516,4514,7216568,6206750,2023-09-12,2023-11-17,448.45,-2,-1009818,351395725,-31010447,1.7663134632614,71.9979328149197,-0.16269674145084
446.25,475,2155,2157,6773165,6201375,2023-09-12,2023-12-15,448.45,2,-571789.999999999,445971939,-59359824,1.39053031316394,61.3724084555015,-0.092203745137167
445.8,449,17941,18217,9167851,5829440,2023-09-12,2023-09-15,448.45,276,-3338411,151598125,-86702777,3.84532460411367,65.460460015584,-0.572681252401603
445.49,456,5530,5524,7482090,5805724,2023-09-12,2023-10-20,448.45,-6,-1676366,400323789,-94608838,1.45025705679459,63.9000923824689,-0.28874366056671
378.53,380,39287,39302,6600216,5777394,2023-09-12,2023-12-15,448.45,15,-822822,445971939,-59359824,1.29546132722041,62.6678697827219,-0.142420960038384
427.7,432,13228,13273,7050524,5707390,2023-09-12,2023-11-17,448.45,45,-1343134,351395725,-31010447,1.62420587216876,73.6221386870885,-0.235332437418856
422.37,424,34729,34748,7327819,5663924,2023-09-12,2023-10-20,448.45,19,-1663895,400323789,-94608838,1.41483572938505,65.314928111854,-0.293770714437553
445.18,467,2581,2581,5631742,5631742,2023-09-12,2023-12-15,448.45,0,0,445971939,-59359824,1.26280187328109,63.930671656003,0
445.5,462,3402,3401,6378750,5611650,2023-09-12,2023-10-20,448.45,-1,-767100,400323789,-94608838,1.40177779942026,66.7167059112742,-0.136697762690118
411.45,415,15564,15631,6583572,5549005,2023-09-12,2023-12-15,448.45,67,-1034567,445971939,-59359824,1.24424980917914,65.1749214651821,-0.186441893636787
439.54,440,119435,119747,12898980,5508362,2023-09-12,2023-09-15,448.45,312,-7390618,151598125,-86702777,3.63352910862189,69.0939891242059,-1.34170884193886
426.94,429,26285,26650,6965525,5489900,2023-09-12,2023-10-20,448.45,365,-1475625,400323789,-94608838,1.37136491781157,68.0880708290858,-0.268789048980856
444.97,500,995,995,5475485,5475485,2023-09-12,2023-12-15,448.45,0,0,445971939,-59359824,1.22776446703747,66.4026859322196,0
443.78,452,6746,6606,6719016,5430132,2023-09-12,2023-10-20,448.45,-140,-1288884,400323789,-94608838,1.3564350031669,69.4445058322527,-0.237357765888564
432.94,436,16873,17329,6867311,5302674,2023-09-12,2023-10-20,448.45,456,-1564637,400323789,-94608838,1.32459627574119,70.7691021079939,-0.295065659325842
417.34,420,20341,19726,6509120,5247116,2023-09-12,2023-11-17,448.45,-615,-1262004,351395725,-31010447,1.49322135321937,75.1153600403078,-0.240513836553261
441.6,448,7680,8021,6220800,5133440,2023-09-12,2023-10-20,448.45,341,-1087360,400323789,-94608838,1.28232199560841,72.0514241036023,-0.211818975190126
443.25,451,6920,6610,6920000,5122750,2023-09-12,2023-10-20,448.45,-310,-1797250,400323789,-94608838,1.27965165717394,73.3310757607762,-0.35083695280855
445.35,448,20020,18596,8848840,4927940,2023-09-12,2023-09-15,448.45,-1424,-3920900,151598125,-86702777,3.25066025717666,72.3446493813825,-0.795646862583554
438.99,444,7836,9599,4850484,4809099,2023-09-12,2023-10-20,448.45,1763,-41385,400323789,-94608838,1.20130232880065,74.5323780895769,-0.00860556208137949
368.81,370,39225,39230,5256150,4668370,2023-09-12,2023-12-15,448.45,5,-587780,445971939,-59359824,1.04678559159302,67.4494715238126,-0.125906901123947
439.74,452,3784,3799,5206784,4657574,2023-09-12,2023-12-15,448.45,15,-549210,445971939,-59359824,1.04436481148201,68.4938363352946,-0.117917611185566
442.7,456,3471,3472,5175261,4617760,2023-09-12,2023-11-17,448.45,1,-557500.999999999,351395725,-31010447,1.31411957274096,76.4294796130488,-0.120729747756488
440.78,453,3756,3760,5780484,4594720,2023-09-12,2023-12-15,448.45,4,-1185764,445971939,-59359824,1.03027109963526,69.5241074349299,-0.2580710032385
417.74,419,36409,36421,6043894,4589046,2023-09-12,2023-10-20,448.45,12,-1454848,400323789,-94608838,1.14633357449562,75.6787116640725,-0.317026240312256
443.28,464,2168,2168,4492096,4492096,2023-09-12,2023-10-20,448.45,0,0,400323789,-94608838,1.12211567821666,76.8008273422892,0
444.26,446,23643,25004,7660332,4350696,2023-09-12,2023-09-15,448.45,1361,-3309636,151598125,-86702777,2.86988773772763,75.2145371191102,-0.760714147805317
408.07,410,21972,22244,4965672,4293092,2023-09-12,2023-11-17,448.45,272,-672579.999999999,351395725,-31010447,1.22172573385746,77.6512053469063,-0.15666563865857
429.29,434,8738,9096,5033088,4284216,2023-09-12,2023-11-17,448.45,358,-748872,351395725,-31010447,1.21919980671364,78.8704051536199,-0.174797909349108
435.37,442,5634,6349,4417056,4209387,2023-09-12,2023-11-17,448.45,715,-207669,351395725,-31010447,1.19790501150804,80.068310165128,-0.0493347368631109
446.15,455,4624,4693,5451696,4153305,2023-09-12,2023-09-29,448.45,69,-1298391,152014431,-50985305,2.73217810485374,49.7657330967479,-0.312616338072932
439.43,442,15918,16140,5714562,4147980,2023-09-12,2023-09-29,448.45,222,-1566582,152014431,-50985305,2.72867514795355,52.4944082447015,-0.377673469978158
399.45,400,73261,75363,5201531,4144965,2023-09-12,2023-10-20,448.45,2102,-1056566,400323789,-94608838,1.03540311964823,77.8362304619374,-0.25490347928149
434.36,443,4575,4762,4533825,4114368,2023-09-12,2023-12-15,448.45,187,-419457,445971939,-59359824,0.922562080750108,70.44666951568,-0.101949315180363
421.49,423,27168,26909,5487936,4063259,2023-09-12,2023-10-20,448.45,-259,-1424677,400323789,-94608838,1.0149931409647,78.8512236029021,-0.350624215684996
445.52,465,2076,2075,4689684,4042100,2023-09-12,2023-12-15,448.45,-1,-647584,445971939,-59359824,0.906357473760249,71.3530269894403,-0.160209791939833
437.07,447,3951,4000,4614768,3972000,2023-09-12,2023-12-15,448.45,49,-642768,445971939,-59359824,0.890638996010913,72.2436659854512,-0.161824773413897
437.62,442,9082,9018,4995100,3949884,2023-09-12,2023-10-20,448.45,-64,-1045216,400323789,-94608838,0.986672315893772,79.8378959187959,-0.264619416671477
432.76,434,31725,31747,6154650,3936628,2023-09-12,2023-09-29,448.45,22,-2218022,152014431,-50985305,2.58964097954621,55.0840492242477,-0.563431952422225
404.54,408,11369,11369,3933674,3933674,2023-09-12,2023-12-15,448.45,0,0,445971939,-59359824,0.882045181770954,73.1257111672221,0
447.15,460,3004,3054,4779364,3924390,2023-09-12,2023-09-29,448.45,50,-854974,152014431,-50985305,2.58159042808245,57.6656396523301,-0.217861629450692
438.24,446,4818,4935,4442196,3829560,2023-09-12,2023-11-17,448.45,117,-612636.000000001,351395725,-31010447,1.08981405507992,81.1581242202079,-0.159975558549808
445.51,457,3315,3316,4740450,3810084,2023-09-12,2023-09-29,448.45,1,-930366,152014431,-50985305,2.50639625128748,60.1720359036176,-0.244185167571109
439.54,451,3273,3276,4382547,3754296,2023-09-12,2023-12-15,448.45,3,-628251,445971939,-59359824,0.841823368622303,73.9675345358444,-0.167341893127233
445.38,462,2234,2234,3712908,3712908,2023-09-12,2023-11-17,448.45,0,0,351395725,-31010447,1.0566172937932,82.2147415140011,0
440.98,447,5721,6074,4222098,3656548,2023-09-12,2023-10-20,448.45,353,-565550.000000001,400323789,-94608838,0.913397629737162,80.7512935485331,-0.154667735798901
444.84,447,17850,16860,6800850,3641760,2023-09-12,2023-09-15,448.45,-990,-3159090,151598125,-86702777,2.40224606999592,77.6167831891061,-0.867462435745354
440.4,446,6552,6479,4573296,3628240,2023-09-12,2023-10-20,448.45,-73,-945056.000000002,400323789,-94608838,0.906326353740621,81.6576199022737,-0.26047229510727
349.23,350,47255,47107,4205695,3627239,2023-09-12,2023-12-15,448.45,-148,-578456,445971939,-59359824,0.813333459529614,74.780867995374,-0.159475568056034
392.92,395,17342,17342,4214106,3607136,2023-09-12,2023-12-15,448.45,0,-606970.000000001,445971939,-59359824,0.80882577681642,75.5896937721905,-0.168269230769231
446.34,451,7721,7703,5188512,3589598,2023-09-12,2023-09-15,448.45,-18,-1598914,151598125,-86702777,2.36783799271924,79.9846211818253,-0.445429822503801
431.75,437,5906,6732,3768028,3534300,2023-09-12,2023-11-17,448.45,826,-233728,351395725,-31010447,1.00578912848186,83.2205306424829,-0.0661313414254591
421.03,426,6637,6923,3809638,3440731,2023-09-12,2023-12-15,448.45,286,-368907.000000001,445971939,-59359824,0.77151289108349,76.361206663274,-0.107217623231808
426.79,433,5460,5455,3958500,3387555,2023-09-12,2023-12-15,448.45,-5,-570945,445971939,-59359824,0.759589270929443,77.1207959342034,-0.168541912972631
428.55,433,7455,7592,4025700,3378440,2023-09-12,2023-11-17,448.45,137,-647260,351395725,-31010447,0.961434576359744,84.1819652188427,-0.19158546548111
425.15,427,18057,18172,4640649,3361820,2023-09-12,2023-10-20,448.45,115,-1278829,400323789,-94608838,0.839775225049142,82.4973951273228,-0.380397820228329
443.39,459,2151,2151,3357711,3357711,2023-09-12,2023-09-29,448.45,0,0,152014431,-50985305,2.20881068850628,62.3808465921239,0
431.19,434,11701,11935,4376174,3353735,2023-09-12,2023-10-20,448.45,234,-1022439,400323789,-94608838,0.837755609872088,83.3351507371949,-0.304865769060466
424.37,425,55346,52954,5091832,3336102,2023-09-12,2023-09-29,448.45,-2392,-1755730,152014431,-50985305,2.19459559073046,64.5754421828544,-0.526281870278547
432.44,438,4958,5951,3366482,3308756,2023-09-12,2023-11-17,448.45,993,-57726,351395725,-31010447,0.941603942392868,85.1235691612355,-0.0174464360623751
446.51,456,3423,3426,4330095,3251274,2023-09-12,2023-09-29,448.45,3,-1078821,152014431,-50985305,2.13879299393621,66.7142351767906,-0.331814851655074
434.49,438,8956,9235,3913772,3241485,2023-09-12,2023-10-20,448.45,279,-672287,400323789,-94608838,0.809715807321158,84.1448665445161,-0.207400928895244
430.76,438,4454,4465,3825986,3232660,2023-09-12,2023-12-15,448.45,11,-593326,445971939,-59359824,0.724857265066626,77.84565319927,-0.183541108560752
440.14,443,10946,11248,4312724,3216928,2023-09-12,2023-09-29,448.45,302,-1095796,152014431,-50985305,2.11619908638805,68.8304342631786,-0.340634294581663
435.1,444,3452,3508,3603888,3122120,2023-09-12,2023-12-15,448.45,56,-481768,445971939,-59359824,0.700070952221951,78.545724151492,-0.15430797022536
443.6,459,2004,2018,3346680,3107720,2023-09-12,2023-12-15,448.45,14,-238960,445971939,-59359824,0.69684204951738,79.2425662010093,-0.07689238412727
429.99,437,4347,4370,3494988,3063370,2023-09-12,2023-12-15,448.45,23,-431618,445971939,-59359824,0.68689747764601,79.9294636786554,-0.140896463698476
445.8,453,4185,4187,4122225,3014640,2023-09-12,2023-09-29,448.45,2,-1107585,152014431,-50985305,1.98312750978228,70.8135617729609,-0.367402077860043
442.39,445,10288,11539,4074048,3011679,2023-09-12,2023-09-22,448.45,1251,-1062369,29576307,-9727958,10.1827418818719,10.1827418818719,-0.352749745241774
430.85,436,5042,5819,3126040,2996785,2023-09-12,2023-11-17,448.45,777,-129255,351395725,-31010447,0.852823408708231,85.9763925699438,-0.0431312222932242
444.3,453,3382,3406,3703290,2963220,2023-09-12,2023-10-20,448.45,24,-740070,400323789,-94608838,0.740205823741341,84.8850723682574,-0.249751959017555
359.05,360,31129,31020,3424190,2946900,2023-09-12,2023-12-15,448.45,-109,-477290,445971939,-59359824,0.660781484729244,80.5902451633846,-0.161963419186264
444.46,462,1666,1666,2922164,2922164,2023-09-12,2023-09-15,448.45,0,0,151598125,-86702777,1.92757265302589,81.9121938348512,0
441.75,455,2205,2191,3274425,2903075,2023-09-12,2023-12-15,448.45,-14,-371350,445971939,-59359824,0.650954633268978,81.2411997966536,-0.127916088974622
440.49,458,1634,1634,2861134,2861134,2023-09-12,2023-12-15,448.45,0,0,445971939,-59359824,0.64155022991256,81.8827500265661,0
435.35,439,6734,7657,3265990,2794805,2023-09-12,2023-10-20,448.45,923,-471185,400323789,-94608838,0.698136128003125,85.5832084962605,-0.168593157662162
414.92,416,25473,25455,3770004,2749140,2023-09-12,2023-10-20,448.45,-18,-1020864,400323789,-94608838,0.686729111669154,86.2699376079297,-0.371339400685305
412.75,415,11787,11794,3229638,2653650,2023-09-12,2023-11-17,448.45,7,-575988,351395725,-31010447,0.755174241234722,86.7315668111785,-0.21705499971737
438.31,449,2368,2477,2919744,2647913,2023-09-12,2023-12-15,448.45,109,-271831,445971939,-59359824,0.593739822720102,82.4764898492862,-0.1026585843266
384.65,385,75014,75028,3150588,2625980,2023-09-12,2023-10-20,448.45,14,-524608,400323789,-94608838,0.655964015168731,86.9259016230984,-0.199776083595458
425.76,432,4203,4207,2916882,2625168,2023-09-12,2023-12-15,448.45,4,-291714,445971939,-59359824,0.58863972605236,83.0651295753386,-0.111122031047156
432.97,441,3254,3255,3042490,2613765,2023-09-12,2023-12-15,448.45,1,-428725,445971939,-59359824,0.586082838723178,83.6512124140618,-0.164025840119521
419.55,420,55682,57847,3675012,2603115,2023-09-12,2023-09-29,448.45,2165,-1071897,152014431,-50985305,1.71241308004501,72.5259748530059,-0.411774739110643
404.32,405,38339,38197,3335493,2597396,2023-09-12,2023-10-20,448.45,-142,-738097,400323789,-94608838,0.648823794980618,87.574725418079,-0.284168066786889
431.51,439,3431,3443,2902626,2578807,2023-09-12,2023-12-15,448.45,12,-323819,445971939,-59359824,0.578244228949122,84.2294566430109,-0.125569303945584
439.54,448,2721,3044,2682906,2575224,2023-09-12,2023-11-17,448.45,323,-107682,351395725,-31010447,0.732855813769505,87.464422624948,-0.0418146149616499
441.76,444,8173,11354,2868723,2543296,2023-09-12,2023-09-22,448.45,3181,-325427,29576307,-9727958,8.59909927226547,18.7818411541373,-0.127954827121971
445,451,4213,4220,3404104,2532000,2023-09-12,2023-09-29,448.45,7,-872104,152014431,-50985305,1.66563133733007,74.191606190336,-0.344432859399684
439.18,457,1418,1418,2526876,2526876,2023-09-12,2023-12-15,448.45,0,0,445971939,-59359824,0.566599774341408,84.7960564173523,0
436.42,446,2350,2565,2655500,2457270,2023-09-12,2023-12-15,448.45,215,-198230,445971939,-59359824,0.550992065893186,85.3470484832455,-0.0806708257537837
426.89,431,5722,5950,2855278,2445450,2023-09-12,2023-11-17,448.45,228,-409828,351395725,-31010447,0.695924801020274,88.1603474259683,-0.167587969494367
442.23,449,3276,3608,2791152,2442616,2023-09-12,2023-10-20,448.45,332,-348536,400323789,-94608838,0.610160092184779,88.1848855102638,-0.142689640942334
438.05,456,1349,1349,2421455,2421455,2023-09-12,2023-12-15,448.45,0,0,445971939,-59359824,0.542961291562338,85.8900097748078,0
443.4,448,3924,5255,2629080,2417300,2023-09-12,2023-09-29,448.45,1331,-211780,152014431,-50985305,1.59017797461611,75.7817841649521,-0.0876101435485875
447.41,465,1369,1369,2917339,2408071,2023-09-12,2023-09-29,448.45,0,-509268,152014431,-50985305,1.58410684048806,77.3658910054401,-0.21148379761228
391.02,393,12099,12159,2661780,2407482,2023-09-12,2023-12-15,448.45,60,-254298.000000001,445971939,-59359824,0.539828134792131,86.4298379096,-0.1056282040738
389.61,390,60317,60343,3015850,2353377,2023-09-12,2023-10-20,448.45,26,-662473,400323789,-94608838,0.587868386707341,88.7727538969712,-0.281498884369143
442.87,444,18695,20789,4281155,2349157,2023-09-12,2023-09-15,448.45,2094,-1931998,151598125,-86702777,1.54959502302552,83.4617888578767,-0.822421830469399
446.8,453,4603,3786,3903344,2347320,2023-09-12,2023-09-15,448.45,-817,-1556024,151598125,-86702777,1.54838326661362,85.0101721244903,-0.66289385341581
363.9,365,21039,20967,2545719,2306370,2023-09-12,2023-12-15,448.45,-72,-239349,445971939,-59359824,0.517155856301533,86.9469937659015,-0.103777364429818
405.29,407,13371,13372,2834652,2286612,2023-09-12,2023-11-17,448.45,1,-548040,351395725,-31010447,0.650722771314307,88.8110701972826,-0.239673368284606
430.39,433,8830,8742,2966880,2281662,2023-09-12,2023-10-20,448.45,-88,-685218,400323789,-94608838,0.56995413779919,89.3427080347703,-0.300315296481249
443.66,458,1574,1574,2257116,2257116,2023-09-12,2023-09-29,448.45,0,0,152014431,-50985305,1.48480376840012,78.8506947738403,0
416.77,421,5141,5222,2884101,2208906,2023-09-12,2023-12-15,448.45,81,-675195,445971939,-59359824,0.495301566496093,87.4422953323976,-0.305669412822456
369.76,370,91164,91197,2552592,2188728,2023-09-12,2023-10-20,448.45,33,-363864,400323789,-94608838,0.546739429467181,89.8894474642375,-0.166244503656919
412.08,413,23558,23518,2944750,2163656,2023-09-12,2023-10-20,448.45,-40,-781094,400323789,-94608838,0.540476499137052,90.4299239633746,-0.361006555570756
440.88,444,6233,6857,2673957,2139384,2023-09-12,2023-09-29,448.45,624,-534573,152014431,-50985305,1.40735585820796,80.2580506320482,-0.249872393174858
438.3,443,5213,4535,3060031,2131450,2023-09-12,2023-10-20,448.45,-678,-928581,400323789,-94608838,0.532431511333442,90.962355474708,-0.435656947148655
442.11,443,23634,23624,4466826,2102536,2023-09-12,2023-09-15,448.45,-10,-2364290,151598125,-86702777,1.38691425108325,86.3970863755736,-1.12449442007176
445.8,454,2557,2553,2521202,2093460,2023-09-12,2023-09-29,448.45,-4,-427742,152014431,-50985305,1.37714556850198,81.6351962005502,-0.204322986825638
446.74,461,1457,1458,2546836,2079108,2023-09-12,2023-09-29,448.45,1,-467728,152014431,-50985305,1.36770435959465,83.0029005601449,-0.224965706447188
379.19,380,24749,25452,2425402,2061612,2023-09-12,2023-11-17,448.45,703,-363790,351395725,-31010447,0.586692396442786,89.3977625937253,-0.176459003925084
403.4,405,12484,12844,2509284,2055040,2023-09-12,2023-11-17,448.45,360,-454243.999999999,351395725,-31010447,0.584822140337649,89.982584734063,-0.221039006540018
442.2,446,5326,5378,2721586,2043640,2023-09-12,2023-09-29,448.45,52,-677946,152014431,-50985305,1.34437236422639,84.3472729243712,-0.331734552073751
416.8,418,17075,16927,2680775,2031240,2023-09-12,2023-10-20,448.45,-148,-649535,400323789,-94608838,0.507399274240982,91.469754748949,-0.319772651188437
446.8,470,854,861,2134146,1997520,2023-09-12,2023-12-15,448.45,7,-136626,445971939,-59359824,0.447902620169113,87.8901979525667,-0.0683978132884777
425.17,431,3401,3422,2295675,1995026,2023-09-12,2023-12-15,448.45,21,-300649,445971939,-59359824,0.44734339215903,88.3375413447257,-0.150699289132071
383.36,385,11995,11990,2279050,1966360,2023-09-12,2023-12-15,448.45,-5,-312690,445971939,-59359824,0.440915633483388,88.7784569782091,-0.159019711548242
429.56,432,7720,7895,2555320,1926380,2023-09-12,2023-10-20,448.45,175,-628940,400323789,-94608838,0.481205477399196,91.9509602263482,-0.326488024169686
433.73,437,5624,5876,2317088,1921452,2023-09-12,2023-10-20,448.45,252,-395636,400323789,-94608838,0.479974473862706,92.4309347002109,-0.205904701236357
445.13,470,768,768,1910016,1910016,2023-09-12,2023-11-17,448.45,0,0,351395725,-31010447,0.543551291069349,90.5261360251323,0
374.81,375,371,100517,8533,1909823,2023-09-12,2023-10-13,448.45,100146,1901290,17144640,2870747,11.1394756611979,11.1394756611979,0.995532046687049
419.65,421,13723,13806,2579924,1863810,2023-09-12,2023-10-20,448.45,83,-716114,400323789,-94608838,0.465575629331386,92.8965103295423,-0.38422049457831
394.53,395,46514,39493,2744326,1856171,2023-09-12,2023-10-20,448.45,-7021,-888155,400323789,-94608838,0.46366742397115,93.3601777535134,-0.47848770398848
436.21,438,9562,10283,2619988,1840657,2023-09-12,2023-09-29,448.45,721,-779331,152014431,-50985305,1.21084359418482,85.5581165185561,-0.423398275724375
436.89,441,4404,4411,2329716,1812921,2023-09-12,2023-10-20,448.45,7,-516795,400323789,-94608838,0.452863669313442,93.8130414228269,-0.285062062825683
400.52,402,12172,12157,2154444,1799236,2023-09-12,2023-11-17,448.45,-15,-355208,351395725,-31010447,0.512025580277051,91.0381616054094,-0.19742157226734
379.7,380,58708,58974,2172196,1769220,2023-09-12,2023-10-20,448.45,266,-402976,400323789,-94608838,0.441947255849939,94.2549886786768,-0.227770429906965
418.22,421,6324,6337,2156484,1761686,2023-09-12,2023-11-17,448.45,13,-394798,351395725,-31010447,0.501339622159604,91.539501227569,-0.224102365574796
423.42,424,29620,29209,2665800,1694122,2023-09-12,2023-09-29,448.45,-411,-971678,152014431,-50985305,1.11444814078211,86.6725646593382,-0.573558456828965
388.97,390,15117,16142,1859391,1662626,2023-09-12,2023-11-17,448.45,1025,-196765,351395725,-31010447,0.473149182449502,92.0126504100185,-0.118345917843219
442.71,448,2188,3122,1562232,1651538,2023-09-12,2023-10-06,448.45,934,89306,27359036,-2697874,6.03653579022302,6.03653579022302,0.0540744445480516
443.93,449,2516,3203,1668108,1623921,2023-09-12,2023-09-29,448.45,687,-44186.9999999998,152014431,-50985305,1.06826765677267,87.7408323161108,-0.0272100674848098
384.1,385,17193,17885,1874037,1609650,2023-09-12,2023-11-17,448.45,692,-264387,351395725,-31010447,0.458073301830863,92.4707237118494,-0.164251234740472
446.95,475,573,573,1827870,1607265,2023-09-12,2023-11-17,448.45,0,-220605,351395725,-31010447,0.457394579857225,92.9281182917066,-0.137254901960784
445.09,450,3163,3252,2236241,1596732,2023-09-12,2023-09-22,448.45,89,-639509,29576307,-9727958,5.39868618485736,24.1805273389947,-0.400511169062811
354.53,355,34066,33930,1669234,1594710,2023-09-12,2023-11-17,448.45,-136,-74524.0000000002,351395725,-31010447,0.453821684939394,93.381939976646,-0.0467320077004598
319.55,320,34620,34597,1696380,1556865,2023-09-12,2023-12-15,448.45,-23,-139515,445971939,-59359824,0.349094833968915,89.127551812178,-0.0896127795280901
403.17,406,3508,5432,1133084,1537256,2023-09-12,2023-12-15,448.45,1924,404172,445971939,-59359824,0.344697920556836,89.4722497327349,0.262917822405637
416.36,419,4221,5785,1371825,1527240,2023-09-12,2023-11-17,448.45,1564,155415,351395725,-31010447,0.434621109861254,93.8165610865073,0.101762002042901
405.3,406,21721,21714,1998332,1519980,2023-09-12,2023-10-20,448.45,-7,-478352,400323789,-94608838,0.379687653286075,94.6346763319629,-0.314709404071106
429.15,436,2281,2217,1783742,1518645,2023-09-12,2023-12-15,448.45,-64,-265097,445971939,-59359824,0.340524788040532,89.8127745207754,-0.174561533472273
444.57,466,703,703,1506529,1506529,2023-09-12,2023-10-20,448.45,0,0,400323789,-94608838,0.376327623138079,95.011003955101,0
445.21,452,2176,2183,2004096,1482257,2023-09-12,2023-09-29,448.45,7,-521839,152014431,-50985305,0.975076504414242,88.7159088205251,-0.352057031945203
438.61,440,8656,10641,1938944,1479099,2023-09-12,2023-09-22,448.45,1985,-459845,29576307,-9727958,5.00095904468398,29.1814863836787,-0.310895349128084
420.52,422,9974,9944,1835216,1471712,2023-09-12,2023-10-20,448.45,-30,-363504,400323789,-94608838,0.367630413290278,95.3786343683912,-0.246993977082473
446.19,463,872,872,1465832,1465832,2023-09-12,2023-12-15,448.45,0,0,445971939,-59359824,0.328682563142162,90.1414570839176,0
389.71,390,434,50262,16492,1457598,2023-09-12,2023-10-13,448.45,49828,1441106,17144640,2870747,8.50177081583516,19.6412464770331,0.988685494903259
441.28,442,19109,19702,2981004,1418544,2023-09-12,2023-09-15,448.45,593,-1562460,151598125,-86702777,0.935726612713712,87.3328129882873,-1.10145332115183
444.17,448,1871,3666,1102019,1404078,2023-09-12,2023-09-22,448.45,1795,302059,29576307,-9727958,4.74730668707219,33.9287930707509,0.215129786236947
429.57,430,28150,31643,2139400,1360649,2023-09-12,2023-09-22,448.45,3493,-778751,29576307,-9727958,4.60046955828529,38.5292626290361,-0.572337906396139
393.8,395,11263,11263,1633135,1351560,2023-09-12,2023-11-17,448.45,0,-281575,351395725,-31010447,0.38462619316157,94.2011872796688,-0.208333333333333
396.68,399,5886,5784,1577448,1341888,2023-09-12,2023-12-15,448.45,-102,-235560,445971939,-59359824,0.300890680029983,90.4423477639475,-0.175543711546716
443.15,461,749,749,1336965,1336965,2023-09-12,2023-10-20,448.45,0,0,400323789,-94608838,0.333970909732771,95.712605278124,0
436.05,437,13705,14044,2275030,1334180,2023-09-12,2023-09-22,448.45,339,-940850,29576307,-9727958,4.51097562653782,43.040238255574,-0.705189704537619
400.95,404,4322,4322,1318210,1318210,2023-09-12,2023-12-15,448.45,0,0,445971939,-59359824,0.295581377374508,90.7379291413221,0
411.76,414,5125,5753,1414500,1288672,2023-09-12,2023-11-17,448.45,628,-125828,351395725,-31010447,0.366729561095258,94.5679168407641,-0.0976416031387349
424.28,428,3438,3437,1567728,1278564,2023-09-12,2023-11-17,448.45,-1,-289164,351395725,-31010447,0.363853032076586,94.9317698728407,-0.226163101729753
410.57,414,3681,3683,1582830,1263269,2023-09-12,2023-12-15,448.45,2,-319561,445971939,-59359824,0.283261992409796,91.0211911337318,-0.25296354141517
429.91,430,139725,139321,3073950,1253889,2023-09-12,2023-09-15,448.45,-404,-1820061,151598125,-86702777,0.82711379180976,88.1599267800971,-1.45153279118008
339.35,340,19097,19095,1413178,1241175,2023-09-12,2023-12-15,448.45,-2,-172003,445971939,-59359824,0.278307869051824,91.2994990027837,-0.138580780308981
447.21,470,534,542,1336068,1235218,2023-09-12,2023-10-20,448.45,8,-100850,400323789,-94608838,0.308554733428545,96.0211600115526,-0.0816455071088666
428.7,431,5754,5351,1737708,1230730,2023-09-12,2023-10-20,448.45,-403,-506978,400323789,-94608838,0.307433640922099,96.3285936524747,-0.411932755356577
434.83,435,76184,71120,3275912,1209040,2023-09-12,2023-09-15,448.45,-5064,-2066872,151598125,-86702777,0.797529652823873,88.9574564329209,-1.7095149870972
391.94,394,5736,5848,1399584,1204688,2023-09-12,2023-12-15,448.45,112,-194896,445971939,-59359824,0.270126412594762,91.5696254153784,-0.161781307691286
299.69,300,38401,38388,1305634,1190028,2023-09-12,2023-12-15,448.45,-13,-115606,445971939,-59359824,0.266839210258025,91.8364646256365,-0.0971456133805255
442.82,447,2684,2835,1511092,1185030,2023-09-12,2023-09-29,448.45,151,-326062,152014431,-50985305,0.779550988813687,89.4954598093388,-0.275150840063121
354.14,355,13416,13505,1328184,1161430,2023-09-12,2023-12-15,448.45,89,-166754,445971939,-59359824,0.260426699178488,92.096891324815,-0.143576453165494
443.77,500,205,205,1152715,1152715,2023-09-12,2023-10-20,448.45,0,0,400323789,-94608838,0.287945665901958,96.6165393183766,0
440.44,441,19948,20296,2593240,1136576,2023-09-12,2023-09-15,448.45,348,-1456664,151598125,-86702777,0.749729589333641,89.7071860222546,-1.28162480995552
440.84,445,2441,2727,1315699,1134432,2023-09-12,2023-10-06,448.45,286,-181267,27359036,-2697874,4.14646188557228,10.1829976757953,-0.159786571605879
423.57,429,2102,2088,1355790,1133784,2023-09-12,2023-12-15,448.45,-14,-222006,445971939,-59359824,0.25422765444442,92.3511189792594,-0.195809783874177
419.98,423,3328,3753,1241344,1133406,2023-09-12,2023-11-17,448.45,425,-107938,351395725,-31010447,0.322544049162806,95.2543139220035,-0.0952333056292273
439.51,443,2961,3208,1447929,1119592,2023-09-12,2023-10-06,448.45,247,-328337,27359036,-2697874,4.0922202083436,14.2752178841389,-0.293264867916169
422.71,428,1958,2099,1233540,1110371,2023-09-12,2023-12-15,448.45,141,-123169,445971939,-59359824,0.248977772567883,92.6000967518273,-0.110925987800474
447.08,465,353,619,716590,1109248,2023-09-12,2023-09-15,448.45,266,392658,151598125,-86702777,0.731702981154945,90.4388890034095,0.353985763327948
407.11,409,5841,5868,1290861,1109052,2023-09-12,2023-11-17,448.45,27,-181809,351395725,-31010447,0.315613401386713,95.5699273233902,-0.163931898594476
443.77,450,1404,1773,1137240,1104579,2023-09-12,2023-10-06,448.45,369,-32661,27359036,-2697874,4.03734619889385,18.3125640830328,-0.0295687316162991
446.25,453,1614,1624,1610772,1096200,2023-09-12,2023-09-22,448.45,10,-514572,29576307,-9727958,3.70634508223085,46.7465833378048,-0.469414340448823
406.18,408,5828,5844,1247192,1063608,2023-09-12,2023-11-17,448.45,16,-183584,351395725,-31010447,0.302680973139329,95.8726082965295,-0.172604944678867
442.65,449,1360,1619,1093440,1028065,2023-09-12,2023-10-13,448.45,259,-65375,17144640,2870747,5.99642220542397,25.637668682457,-0.063590337186851
377.49,379,6730,6730,1056610,1016230,2023-09-12,2023-12-15,448.45,0,-40380.0000000001,445971939,-59359824,0.227868596907394,92.8279653487346,-0.0397350993377485
443.15,449,1413,1727,1030077,1010295,2023-09-12,2023-10-06,448.45,314,-19782.0000000001,27359036,-2697874,3.69272879351451,22.0052928765473,-0.0195804195804197
446.04,456,614,1013,781008,1008948,2023-09-12,2023-10-06,448.45,399,227940,27359036,-2697874,3.68780537442913,25.6930982509764,0.225918481428181
445.3,463,565,567,1073500,1003590,2023-09-12,2023-10-20,448.45,2,-69910,400323789,-94608838,0.250694569639977,96.8672338880166,-0.0696599208840264
430.94,432,8711,9396,1367627,995976,2023-09-12,2023-09-29,448.45,685,-371651,152014431,-50985305,0.655185164624272,90.150644973963,-0.373152565925283
413.07,417,2523,2528,1132827,993504,2023-09-12,2023-12-15,448.45,5,-139323,445971939,-59359824,0.222772760597388,93.050738109332,-0.140233959802879
443.26,450,1051,1452,912268,978648,2023-09-12,2023-10-13,448.45,401,66380,17144640,2870747,5.70818634861974,31.3458550310768,0.0678282692040448
374.73,375,35974,36074,1187142,973998,2023-09-12,2023-10-20,448.45,100,-213144,400323789,-94608838,0.243302553273945,97.1105364412905,-0.218834124916067
414.14,418,2484,2492,1142640,961912,2023-09-12,2023-12-15,448.45,8,-180728,445971939,-59359824,0.215688906830526,93.2664270161626,-0.187884130772878
410.84,413,4363,4361,1051483,941976,2023-09-12,2023-11-17,448.45,-2,-109507,351395725,-31010447,0.268067006222116,96.1406753027516,-0.116252431059815
435.35,437,4575,5700,1152900,940500,2023-09-12,2023-09-29,448.45,1125,-212400,152014431,-50985305,0.618691260963244,90.7693362349263,-0.225837320574163
407.76,411,1569,2882,558564,933768,2023-09-12,2023-12-15,448.45,1313,375204,445971939,-59359824,0.209378195877925,93.4758052120405,0.401817153725551
400.33,403,3481,3483,1037338,929961,2023-09-12,2023-12-15,448.45,2,-107377,445971939,-59359824,0.208524554725404,93.6843297667659,-0.115463981822894
374.87,375,71196,71295,1210332,926835,2023-09-12,2023-10-06,448.45,99,-283497,27359036,-2697874,3.38767418559631,29.0807724365727,-0.305876450500898
435.8,436,46030,46271,2393560,925420,2023-09-12,2023-09-15,448.45,241,-1468140,151598125,-86702777,0.61044290620349,91.049331909613,-1.58645804067342
447.25,466,485,485,909375,909375,2023-09-12,2023-12-15,448.45,0,0,445971939,-59359824,0.203908569233994,93.8882383359999,0
428.67,430,6077,6768,1118168,900144,2023-09-12,2023-10-06,448.45,691,-218024,27359036,-2697874,3.29011592367509,32.3708883602478,-0.242210135267246
438.63,439,23915,24304,2104520,899248,2023-09-12,2023-09-15,448.45,389,-1205272,151598125,-86702777,0.593178840437505,91.6425107500505,-1.34031101542622
445.46,464,482,483,1050278,895482,2023-09-12,2023-12-15,448.45,1,-154796,445971939,-59359824,0.200793350812146,94.089031686812,-0.172863329469492
445.48,454,1037,1047,1167662,892044,2023-09-12,2023-10-06,448.45,10,-275618,27359036,-2697874,3.26050961737102,35.6313979776188,-0.30897354838999
413.01,414,8909,8801,1175988,871299,2023-09-12,2023-10-20,448.45,-108,-304689,400323789,-94608838,0.217648569468351,97.3281850107589,-0.349695110404121
415.52,418,3081,3499,890409,867752,2023-09-12,2023-11-17,448.45,418,-22657,351395725,-31010447,0.246944381580055,96.3876196843317,-0.0261099945606579
440.26,445,1718,1829,1035954,866946,2023-09-12,2023-10-13,448.45,111,-169008,17144640,2870747,5.05665910745283,36.4025141385296,-0.194946398045553
444.42,451,832,1314,726336,864612,2023-09-12,2023-10-06,448.45,482,138276,27359036,-2697874,3.16024292668791,38.7916409043067,0.15992838406129
427.2,428,10722,10405,1233030,832400,2023-09-12,2023-09-29,448.45,-317,-400630,152014431,-50985305,0.54757959130867,91.3169158262349,-0.481295050456511
440.22,442,3094,4642,863226,826276,2023-09-12,2023-09-22,448.45,1548,-36950,29576307,-9727958,2.79370916727366,49.5402925050785,-0.0447187138438004
359.86,360,8803,58799,132045,823186,2023-09-12,2023-10-13,448.45,49996,691141,17144640,2870747,4.80141898575881,41.2039331242884,0.839592753035159
441.49,446,1107,1820,647595,820820,2023-09-12,2023-10-06,448.45,713,173225,27359036,-2697874,3.00017880746968,41.7918197117764,0.211038961038961
443,446,1499,2733,659560,819900,2023-09-12,2023-09-22,448.45,1234,160340,29576307,-9727958,2.77215137102817,52.3124438761067,0.195560434199293
436.65,440,2098,2443,921022,818405,2023-09-12,2023-10-13,448.45,345,-102617,17144640,2870747,4.77353271926386,45.9774658435523,-0.125386575106457
402.38,403,12911,13116,1058702,813192,2023-09-12,2023-10-20,448.45,205,-245510,400323789,-94608838,0.203133568962098,97.531318579721,-0.301909020255979
444.25,461,484,485,1028984,812375,2023-09-12,2023-12-15,448.45,1,-216609,445971939,-59359824,0.182158321849035,94.2711900086611,-0.266636713340514
413.68,416,2969,3394,858041,787408,2023-09-12,2023-11-17,448.45,425,-70633.0000000001,351395725,-31010447,0.224080130741488,96.6116998150732,-0.0897031780220675
379.5,381,4957,5247,822862,787050,2023-09-12,2023-12-15,448.45,290,-35811.9999999999,445971939,-59359824,0.176479713446724,94.4476697221078,-0.0455015564449525
417.5,422,1726,1726,885438,776700,2023-09-12,2023-12-15,448.45,0,-108738,445971939,-59359824,0.174158939627814,94.6218286617356,-0.14
438.64,441,3189,3288,1045992,775968,2023-09-12,2023-09-29,448.45,99,-270024,152014431,-50985305,0.510456799986312,91.8273726262213,-0.347983421996784
412.37,416,2130,2132,883950,773916,2023-09-12,2023-12-15,448.45,2,-110034,445971939,-59359824,0.17353468510493,94.7953633468405,-0.14217822089219
354.83,355,45522,45522,910440,773874,2023-09-12,2023-10-20,448.45,0,-136566,400323789,-94608838,0.193312019236509,97.7246305989575,-0.176470588235294
414.54,417,2812,3123,837976,768258,2023-09-12,2023-11-17,448.45,311,-69718,351395725,-31010447,0.218630434391312,96.8303302494645,-0.0907481601232919
438.66,442,1258,2300,588744,768200,2023-09-12,2023-10-06,448.45,1042,179456,27359036,-2697874,2.80784746947955,44.599667181256,0.233605831814632
414.66,419,1751,1753,796705,760802,2023-09-12,2023-12-15,448.45,2,-35902.9999999999,445971939,-59359824,0.170594141350225,94.9659574881908,-0.0471909905599616
387.11,389,4022,4022,848642,760158,2023-09-12,2023-12-15,448.45,0,-88484,445971939,-59359824,0.170449737645937,95.1364072258367,-0.116402116402116
428.16,429,8866,9010,1152580,756840,2023-09-12,2023-09-29,448.45,144,-395740,152014431,-50985305,0.497873784101458,92.3252464103227,-0.522884625548333
436.94,438,6462,7135,1234242,756310,2023-09-12,2023-09-22,448.45,673,-477932,29576307,-9727958,2.55714819297758,54.8695920690842,-0.631926062064497
403.36,404,11208,11457,952680,733248,2023-09-12,2023-10-20,448.45,249,-219432,400323789,-94608838,0.183163733994334,97.9077943329518,-0.29926027755957
437.2,440,2458,2609,916834,730520,2023-09-12,2023-10-06,448.45,151,-186314,27359036,-2697874,2.67012331867249,47.2697904999284,-0.255042983080545
324.51,325,14813,14777,829528,724073,2023-09-12,2023-12-15,448.45,-36,-105455,445971939,-59359824,0.162358421389378,95.2987656472261,-0.145641392511529
421.87,427,1180,1410,712720,723330,2023-09-12,2023-12-15,448.45,230,10610,445971939,-59359824,0.162191818978996,95.4609574662051,0.0146682703606929
424.07,425,7035,7722,949725,718146,2023-09-12,2023-10-06,448.45,687,-231579,27359036,-2697874,2.62489511691859,49.894685616847,-0.322467854725919
437.98,441,1926,2374,770400,716948,2023-09-12,2023-10-06,448.45,448,-53452,27359036,-2697874,2.62051630766523,52.5152019245123,-0.0745549189062526
432.87,433,54483,54546,1688973,709098,2023-09-12,2023-09-15,448.45,63,-979875,151598125,-86702777,0.467748529211691,92.1102592792622,-1.38186118138819
445.75,457,615,629,784740,707625,2023-09-12,2023-10-20,448.45,14,-77115,400323789,-94608838,0.176763165078856,98.0845574980307,-0.108977212506624
442.5,447.5,1014,1406,721968,703000,2023-09-12,2023-10-06,448.45,392,-18968,27359036,-2697874,2.56953497922953,55.0847369037418,-0.0269815078236131
445.14,453,540,889,551340,698754,2023-09-12,2023-10-06,448.45,349,147414,27359036,-2697874,2.55401542656693,57.6387523303087,0.210966949741969
440.94,443,2108,3384,664020,697104,2023-09-12,2023-09-22,448.45,1276,33084,29576307,-9727958,2.35696769038812,57.2265597594723,0.0474592026440818
409.97,412,3201,3421,771441,694463,2023-09-12,2023-11-17,448.45,220,-76978.0000000002,351395725,-31010447,0.197629894330672,97.0279601437952,-0.110845358212029
434.52,436,4653,4683,1005048,693084,2023-09-12,2023-09-29,448.45,30,-311964,152014431,-50985305,0.455933029147739,92.7811794394704,-0.450109943383486
389.81,390,36189,36190,868536,687610,2023-09-12,2023-10-06,448.45,1,-180926,27359036,-2697874,2.5132829972518,60.1520353275605,-0.263122991230494
447.5,480,209,210,726484,682500,2023-09-12,2023-10-20,448.45,1,-43983.9999999999,400323789,-94608838,0.170486995465563,98.2550444934962,-0.0644454212454211
334.4,335,11216,11207,751472,672420,2023-09-12,2023-12-15,448.45,-9,-79052,445971939,-59359824,0.15077630254221,95.6117337687473,-0.117563427619643
442.12,447,762,1364,512826,665632,2023-09-12,2023-10-06,448.45,602,152806,27359036,-2697874,2.4329512194801,62.5849865470406,0.229565285322821
374.28,375,9174,9185,770616,661320,2023-09-12,2023-11-17,448.45,11,-109296,351395725,-31010447,0.188198077822375,97.2161582216175,-0.165269461077844
359.81,360,34719,34725,763818,659775,2023-09-12,2023-10-20,448.45,6,-104043,400323789,-94608838,0.1648103405616,98.4198548340579,-0.157694668637035
408.68,412,1881,1984,731709,658688,2023-09-12,2023-12-15,448.45,103,-73021,445971939,-59359824,0.147697185046434,95.7594309537937,-0.110858251554606
447,460,453,504,735219,655200,2023-09-12,2023-09-22,448.45,51,-80019,29576307,-9727958,2.21528671581614,59.4418464752885,-0.122129120879121
433.09,435,2804,3425,731844,654175,2023-09-12,2023-10-06,448.45,621,-77669,27359036,-2697874,2.39107474400779,64.9760612910484,-0.11872816906791
409.04,411,3291,3316,763512,649936,2023-09-12,2023-11-17,448.45,25,-113576,351395725,-31010447,0.18495842543332,97.4011166470508,-0.174749513798282
434.24,435,8254,8436,1056512,641136,2023-09-12,2023-09-22,448.45,182,-415376,29576307,-9727958,2.16773514015796,61.6095816154465,-0.647875021836241
442.86,456,486,486,638604,638604,2023-09-12,2023-10-13,448.45,0,0,17144640,2870747,3.72480262052747,49.7022684640797,0
433.98,436,3113,3145,896544,635290,2023-09-12,2023-10-06,448.45,32,-261254,27359036,-2697874,2.32204818912479,67.2981094801732,-0.411235813565458
437.7,438,20324,21171,1483652,635130,2023-09-12,2023-09-15,448.45,847,-848522,151598125,-86702777,0.418956369018416,92.5292156482806,-1.33598161006408
446.39,455,690,735,781770,632835,2023-09-12,2023-09-22,448.45,45,-148935,29576307,-9727958,2.13966875580511,63.7492503712516,-0.235345706226742
414.67,415,20560,19159,1007440,632247,2023-09-12,2023-09-29,448.45,-1401,-375193,152014431,-50985305,0.415912486624378,93.1970919260948,-0.593427884987987
419.3,420,5336,8978,522928,628460,2023-09-12,2023-10-06,448.45,3642,105532,27359036,-2697874,2.29708385924124,69.5951933394145,0.167921586099354
444.66,449,1280,1447,874240,627998,2023-09-12,2023-09-22,448.45,167,-246242,29576307,-9727958,2.12331444896078,65.8725648202124,-0.392106344287721
445.75,455,618,678,695868,627150,2023-09-12,2023-10-06,448.45,60,-68718,27359036,-2697874,2.29229567883898,71.8874890182534,-0.109571872757713
395.74,397,4949,4957,767095,624582,2023-09-12,2023-11-17,448.45,8,-142513,351395725,-31010447,0.177743198213353,97.5788598452642,-0.228173402371506
423.11,424,6866,6959,851384,619351,2023-09-12,2023-10-06,448.45,93,-232033,27359036,-2697874,2.26378955749757,74.151278575751,-0.374638936564242
384.11,386,3269,3269,617841,617841,2023-09-12,2023-12-15,448.45,0,0,445971939,-59359824,0.138538088603821,95.8979690423975,0
384.89,385,55724,55719,724412,612909,2023-09-12,2023-09-29,448.45,-5,-111503,152014431,-50985305,0.403191325960362,93.6002832520552,-0.181924233450643
443.78,472,216,216,609552,609552,2023-09-12,2023-10-20,448.45,0,0,400323789,-94608838,0.152264745875494,98.5721195799333,0
369.94,370,100622,100618,704354,603708,2023-09-12,2023-09-29,448.45,-4,-100646,152014431,-50985305,0.397138611136202,93.9974218631914,-0.166713046704698
294.71,295,20814,20808,645234,603432,2023-09-12,2023-12-15,448.45,-6,-41802,445971939,-59359824,0.13530716783506,96.0332762102326,-0.069273754126397
446.26,459,468,468,723996,596232,2023-09-12,2023-10-20,448.45,0,-127764,400323789,-94608838,0.148937439238716,98.7210570191721,-0.214285714285714
445.45,480,172,172,594260,594260,2023-09-12,2023-12-15,448.45,0,0,445971939,-59359824,0.133250536195731,96.1665267464283,0
440.2,444,1493,1560,791290,592800,2023-09-12,2023-10-06,448.45,67,-198490,27359036,-2697874,2.16674300951247,76.3180215852635,-0.334834682860999
424.94,425,98739,98655,1382346,591930,2023-09-12,2023-09-15,448.45,-84,-790416,151598125,-86702777,0.390459974356543,92.9196756226372,-1.3353200547362
439.45,441,3357,3793,832536,587915,2023-09-12,2023-09-22,448.45,436,-244621,29576307,-9727958,1.98779042968414,67.8603552498965,-0.416082256788822
421.49,422,11364,11340,852300,578340,2023-09-12,2023-09-29,448.45,-24,-273960,152014431,-50985305,0.380450721813378,94.3778725850048,-0.47370059134765
405.95,409,1880,1882,673040,574010,2023-09-12,2023-12-15,448.45,2,-99030,445971939,-59359824,0.128709891767428,96.2952366381958,-0.172523126774795
424.73,425,20674,20774,1013026,560898,2023-09-12,2023-09-22,448.45,100,-452128,29576307,-9727958,1.89644366350403,69.7567989134005,-0.806078823600726
364.44,365,9814,9858,657538,552048,2023-09-12,2023-11-17,448.45,44,-105490,351395725,-31010447,0.157101512831438,97.7359613580956,-0.191088456076283
381.43,383,3510,3507,610740,550599,2023-09-12,2023-12-15,448.45,-3,-60141,445971939,-59359824,0.1234604583496,96.4186970965454,-0.10922831316439
443.63,447,888,1613,433344,543581,2023-09-12,2023-09-22,448.45,725,110237,29576307,-9727958,1.83789341921559,71.5946923326161,0.202797743114642
397.67,399,4083,4082,669612,542906,2023-09-12,2023-11-17,448.45,-1,-126706,351395725,-31010447,0.154499887555547,97.8904612456512,-0.233384784843048
444.21,470,209,209,539011,539011,2023-09-12,2023-09-15,448.45,0,0,151598125,-86702777,0.355552550534514,93.2752281731717,0
380.47,382,3519,3521,601749,538713,2023-09-12,2023-12-15,448.45,2,-63036,445971939,-59359824,0.120795268242202,96.5394923647876,-0.117012212439648
435.19,437.5,2222,2327,766590,537537,2023-09-12,2023-10-06,448.45,105,-229053,27359036,-2697874,1.96475124342831,78.2827728286918,-0.426115783657683
407.23,408,6974,6974,704374,536998,2023-09-12,2023-10-20,448.45,0,-167376,400323789,-94608838,0.134140916616874,98.8551979357889,-0.311688311688312
445.06,454,447,593,491700,530142,2023-09-12,2023-10-13,448.45,146,38442,17144640,2870747,3.09217341396495,52.7944418780447,0.0725126475548061
445.89,452,822,865,728292,528515,2023-09-12,2023-09-22,448.45,43,-199777,29576307,-9727958,1.78695399665685,73.381646329273,-0.377996840203211
329.46,330,9752,9735,585120,525690,2023-09-12,2023-12-15,448.45,-17,-59430,445971939,-59359824,0.117875129358755,96.6573674941463,-0.113051418136164
364.79,365,24743,24739,643318,519519,2023-09-12,2023-10-20,448.45,-4,-123799,400323789,-94608838,0.129774700948387,98.9849726367373,-0.238295423266522
395.5,398,2064,2064,516000,516000,2023-09-12,2023-12-15,448.45,0,0,445971939,-59359824,0.115702346913804,96.7730698410601,0
427.93,428,73456,72906,1175296,510342,2023-09-12,2023-09-15,448.45,-550,-664954,151598125,-86702777,0.336641366771522,93.6118695399432,-1.30295762449495
399.97,400,169391,169434,677564,508302,2023-09-12,2023-09-15,448.45,43,-169262,151598125,-86702777,0.335295703690267,93.9471652436335,-0.332994951819981
369.37,370,8537,8063,631738,507969,2023-09-12,2023-11-17,448.45,-474,-123769,351395725,-31010447,0.144557535524941,98.0350187811761,-0.243654632467729
442.5,462,258,258,503100,503100,2023-09-12,2023-12-15,448.45,0,0,445971939,-59359824,0.112809788240959,96.8858796293011,0
409.67,413,1481,1488,584995,495504,2023-09-12,2023-12-15,448.45,7,-89491,445971939,-59359824,0.111106542064298,96.9969861713654,-0.180606009235041
449.9,474,204,204,491640,491640,2023-09-12,2023-10-20,448.45,0,0,400323789,-94608838,0.122810588206138,99.1077832249434,0
357.08,358,5300,5303,535300,487876,2023-09-12,2023-12-15,448.45,3,-47424,445971939,-59359824,0.109396120548293,97.1063822919137,-0.0972050275069895
401.5,403,3255,3252,572880,487800,2023-09-12,2023-11-17,448.45,-3,-85080,351395725,-31010447,0.138817852721458,98.1738366338976,-0.174415744157442
430.9,431,37102,47880,890448,478800,2023-09-12,2023-09-15,448.45,10778,-411648,151598125,-86702777,0.315835040835762,94.2630002844692,-0.859749373433584
418.43,423,967,1045,512510,477565,2023-09-12,2023-12-15,448.45,78,-34944.9999999999,445971939,-59359824,0.107084091674207,97.2134663835879,-0.0731732853119468
445.4,455,390,494,471120,474240,2023-09-12,2023-10-13,448.45,104,3119.99999999994,17144640,2870747,2.76611232431827,55.560554202363,0.00657894736842093
314.59,315,11481,11511,539607,471951,2023-09-12,2023-12-15,448.45,30,-67656.0000000001,445971939,-59359824,0.105825268078134,97.319291651666,-0.143353865125829
358.07,359,5011,5007,526155,465651,2023-09-12,2023-12-15,448.45,-4,-60504,445971939,-59359824,0.104412623144884,97.4237042748109,-0.129934221122686
409.75,410,18537,18548,667332,463700,2023-09-12,2023-09-29,448.45,11,-203632,152014431,-50985305,0.305036829036317,94.6829094140411,-0.439145999568687
428.21,430,2585,2588,620400,463252,2023-09-12,2023-10-13,448.45,3,-157148,17144640,2870747,2.70202232301174,58.2625765253747,-0.339227893241691
437.75,439,2633,3691,529233,461375,2023-09-12,2023-09-22,448.45,1058,-67857.9999999999,29576307,-9727958,1.55994796781086,74.9415942970838,-0.1470777567055
436.75,437,17393,18152,1060973,453800,2023-09-12,2023-09-15,448.45,759,-607173,151598125,-86702777,0.299344071702734,94.562344356172,-1.33797487880123
404.78,405,20508,20530,594732,451660,2023-09-12,2023-09-29,448.45,22,-143072,152014431,-50985305,0.297116528364337,94.9800259424054,-0.31676925120666
438.48,442.5,1115,1118,634435,449436,2023-09-12,2023-10-13,448.45,3,-184999,17144640,2870747,2.62143737051347,60.8840138958882,-0.411624791961481
349.85,350,29841,29851,507297,447765,2023-09-12,2023-10-20,448.45,10,-59532.0000000001,400323789,-94608838,0.111850709926209,99.2196339348697,-0.132953669893806
435.16,436,5062,5311,723866,446124,2023-09-12,2023-09-22,448.45,249,-277742,29576307,-9727958,1.50838304457686,76.4499773416607,-0.622566819987268
439.52,444,965,995,545225,445760,2023-09-12,2023-10-13,448.45,30,-99465,17144640,2870747,2.59999626705489,63.4840101629431,-0.223135768126346
445.16,480,127,127,442468,442468,2023-09-12,2023-11-17,448.45,0,0,351395725,-31010447,0.125917297371788,98.2997539312694,0
431.88,432,36940,36823,997380,441876,2023-09-12,2023-09-15,448.45,-117,-555504,151598125,-86702777,0.291478539065045,94.853822895237,-1.25714906444342
443.26,452,485,499,432620,436126,2023-09-12,2023-10-13,448.45,14,3506,17144640,2870747,2.54380377774045,66.0278139406835,0.00803896121762977
419.96,420,105136,107230,1051360,428920,2023-09-12,2023-09-15,448.45,2094,-622440,151598125,-86702777,0.282932259221544,95.1367551544585,-1.4511797071715
432.41,433,6750,7053,695250,416127,2023-09-12,2023-09-22,448.45,303,-279123,29576307,-9727958,1.40696064589808,77.8569379875588,-0.670763973498476
344.29,345,5883,5857,447108,415847,2023-09-12,2023-12-15,448.45,-26,-31261.0000000001,445971939,-59359824,0.0932451043741566,97.516949379185,-0.0751742828492211
359.49,360,8163,8057,465291,410907,2023-09-12,2023-11-17,448.45,-106,-54384,351395725,-31010447,0.116935685543699,98.4166896168131,-0.132351115945944
436.46,439,1398,1608,517260,408432,2023-09-12,2023-10-06,448.45,210,-108828,27359036,-2697874,1.49285961683738,79.7756324455292,-0.266453167234693
443.58,453,6,430,6570,405060,2023-09-12,2023-10-27,448.45,424,398490,4340822,2332386,9.3314123454037,9.3314123454037,0.983780180713968
379.95,380,79963,79939,399815,399695,2023-09-12,2023-09-22,448.45,-24,-120,29576307,-9727958,1.35140266159666,79.2083406491554,-0.000300228924554973
431.82,433,2750,3382,467500,399076,2023-09-12,2023-09-29,448.45,632,-68424,152014431,-50985305,0.26252507566206,95.2425510180675,-0.1714560635067
398.58,401,1528,1635,420200,395670,2023-09-12,2023-12-15,448.45,107,-24530,445971939,-59359824,0.0887208286887306,97.6056702078738,-0.0619961078676675
426.93,427,56467,56460,903472,395220,2023-09-12,2023-09-15,448.45,-7,-508252,151598125,-86702777,0.260702432830221,95.3974575872888,-1.28599767218258
440.61,442.5,904,2079,270296,392931,2023-09-12,2023-09-22,448.45,1175,122635,29576307,-9727958,1.32853300447551,80.5368736536309,0.312103142790973
447.24,457,400,398,484400,388448,2023-09-12,2023-09-15,448.45,-2,-95952,151598125,-86702777,0.256235359111467,95.6536929464002,-0.247013757311146
309.63,310,10396,10487,405444,388019,2023-09-12,2023-12-15,448.45,91,-17425,445971939,-59359824,0.0870052498975726,97.6926754577713,-0.0449075947311858
426.29,427,5276,5389,575084,382619,2023-09-12,2023-09-29,448.45,113,-192465,152014431,-50985305,0.251699129801696,95.4942501478692,-0.503019975484751
445.5,451,842,695,695492,382250,2023-09-12,2023-09-22,448.45,-147,-313242,29576307,-9727958,1.29241963846264,81.8292932920936,-0.819468933943754
389,391,1909,1909,419980,381800,2023-09-12,2023-12-15,448.45,0,-38180,445971939,-59359824,0.0856107675420359,97.7782862253134,-0.1
349.59,350,9260,9286,435220,380726,2023-09-12,2023-11-17,448.45,26,-54494,351395725,-31010447,0.108346793348155,98.5250364101612,-0.143131806075761
445.08,452.5,312,509,309816,377678,2023-09-12,2023-10-06,448.45,197,67862,27359036,-2697874,1.38045068547006,81.1560831309992,0.179682163112493
433.86,434,26680,26895,960480,376530,2023-09-12,2023-09-15,448.45,215,-583950,151598125,-86702777,0.248373784306369,95.9020667307066,-1.55087244044299
445.96,457,338,339,473876,374256,2023-09-12,2023-10-13,448.45,1,-99620.0000000001,17144640,2870747,2.1829329749706,68.2107469156541,-0.266181437304947
346.25,347,4980,4980,423300,373500,2023-09-12,2023-12-15,448.45,0,-49800,445971939,-59359824,0.0837496638998177,97.8620358892132,-0.133333333333333
404.35,406,2243,2248,457572,370920,2023-09-12,2023-11-17,448.45,5,-86652,351395725,-31010447,0.105556207321532,98.6305926174828,-0.233613717243611
410.15,411,4348,4363,500020,370855,2023-09-12,2023-10-20,448.45,15,-129165,400323789,-94608838,0.0926387614701559,99.3122726963398,-0.348289762845317
359.9,360,36157,36895,470041,368950,2023-09-12,2023-10-06,448.45,738,-101091,27359036,-2697874,1.34854897665254,82.5046321076517,-0.273996476487329
437.04,439,1796,1818,495696,356328,2023-09-12,2023-09-29,448.45,22,-139368,152014431,-50985305,0.23440406128284,95.728654209152,-0.391122785747963
402.45,404,1998,2265,365634,351075,2023-09-12,2023-11-17,448.45,267,-14559,351395725,-31010447,0.0999087282578637,98.7305013457406,-0.041469771416364
441.54,447,480,640,331200,349440,2023-09-12,2023-10-13,448.45,160,18240,17144640,2870747,2.03818802844504,70.2489349440992,0.0521978021978022
384.99,387,1738,1738,349338,349338,2023-09-12,2023-12-15,448.45,0,0,445971939,-59359824,0.0783318342367725,97.94036772345,0
427.62,428,8778,8960,544236,340480,2023-09-12,2023-09-22,448.45,182,-203756,29576307,-9727958,1.15119172924463,82.9804850213382,-0.5984375
430.47,432,2164,2203,454440,337059,2023-09-12,2023-10-06,448.45,39,-117381,27359036,-2697874,1.23198419710402,83.7366163047558,-0.348250603010156
439.18,442.5,584,1005,283824,333660,2023-09-12,2023-10-06,448.45,421,49836,27359036,-2697874,1.21956051375494,84.9561768185107,0.149361625606905
442.18,448,259,571,194250,332322,2023-09-12,2023-10-13,448.45,312,138072,17144640,2870747,1.93834341228512,72.1872783563843,0.415476555870511
420.17,422,1766,1813,397350,331779,2023-09-12,2023-10-27,448.45,47,-65571,4340822,2332386,7.64322978458919,16.9746421299929,-0.19763456999991
414.96,415,82679,82355,578753,329420,2023-09-12,2023-09-15,448.45,-324,-249333,151598125,-86702777,0.21729820207209,96.1193649327787,-0.756884827879303
359.6,361,2347,2347,328580,328580,2023-09-12,2023-12-15,448.45,0,0,445971939,-59359824,0.0736772812963912,98.0140450047464,0
396.71,398,2545,2545,381750,328305,2023-09-12,2023-11-17,448.45,0,-53445,351395725,-31010447,0.0934288543208657,98.8239302000615,-0.162790697674419
393.72,396,1409,1410,338160,321480,2023-09-12,2023-12-15,448.45,1,-16680,445971939,-59359824,0.0720852528795539,98.0861302576259,-0.0518850317282568
447,462,213,213,356775,319500,2023-09-12,2023-09-29,448.45,0,-37275,152014431,-50985305,0.210177414011437,95.9388316231635,-0.116666666666667
351.85,353,2739,2739,314985,314985,2023-09-12,2023-12-15,448.45,0,0,445971939,-59359824,0.0706288832221796,98.1567591408481,0
430.03,431,3430,3231,500780,313407,2023-09-12,2023-09-29,448.45,-199,-187373,152014431,-50985305,0.206169241918881,96.1450008650823,-0.597858375849933
431.57,435,443,912,187832,312816,2023-09-12,2023-10-27,448.45,469,124984,4340822,2332386,7.20637704103048,24.1810191710234,0.399544780318142
434.8,437,773,1408,228808,309760,2023-09-12,2023-10-06,448.45,635,80952.0000000001,27359036,-2697874,1.13220363466023,86.088380453171,0.261337809917356
407.75,408,12217,12212,378727,305300,2023-09-12,2023-09-29,448.45,-5,-73427,152014431,-50985305,0.200836195610929,96.3458370606933,-0.240507697346872
445.51,452.5,436,436,383244,304764,2023-09-12,2023-09-22,448.45,0,-78480,29576307,-9727958,1.03043290698869,84.0109179283269,-0.257510729613734
409.96,410,75757,75717,530299,302868,2023-09-12,2023-09-15,448.45,-40,-227431,151598125,-86702777,0.199783473575283,96.319148406354,-0.750924495159608
425.32,426,4062,4438,430572,301784,2023-09-12,2023-09-29,448.45,376,-128788,152014431,-50985305,0.19852325730838,96.5443603180017,-0.426755560268271
441.73,476,88,88,301576,301576,2023-09-12,2023-12-15,448.45,0,0,445971939,-59359824,0.0676221918079021,98.224381332656,0
440.85,446,469,579,317513,298185,2023-09-12,2023-10-13,448.45,110,-19327.9999999999,17144640,2870747,1.73923161991153,73.9265099762958,-0.0648188205308781
446.91,459,247,246,345059,297414,2023-09-12,2023-09-15,448.45,-1,-47645,151598125,-86702777,0.196185803749222,96.5153342101032,-0.160197569717633
409.88,410,20612,24777,391628,297324,2023-09-12,2023-09-22,448.45,4165,-94304,29576307,-9727958,1.00527763658931,85.0161955649162,-0.317175875475912
431.3,433,1825,1741,443475,295970,2023-09-12,2023-10-06,448.45,-84,-147505,27359036,-2697874,1.08179981195244,87.1701802651234,-0.498378214008177
370.76,372,2355,2347,397995,291028,2023-09-12,2023-12-15,448.45,-8,-106967,445971939,-59359824,0.0652570205768036,98.2896383532328,-0.367548826916998
274.8,275,14538,14535,319836,290700,2023-09-12,2023-12-15,448.45,-3,-29136,445971939,-59359824,0.0651834733485328,98.3548218265813,-0.100227038183695
441.78,447.5,631,508,454320,290576,2023-09-12,2023-10-13,448.45,-123,-163744,17144640,2870747,1.69485040222484,75.6213603785206,-0.563515224932548
446.34,457,167,271,217100,288886,2023-09-12,2023-10-06,448.45,104,71786,27359036,-2697874,1.05590708678478,88.2260873519082,0.248492484924849
390.04,392,1425,1464,324900,286944,2023-09-12,2023-12-15,448.45,39,-37955.9999999999,445971939,-59359824,0.0643412678930905,98.4191630944744,-0.132276681164269
344.63,345,7736,7746,340384,286602,2023-09-12,2023-11-17,448.45,10,-53782,351395725,-31010447,0.0815610377730122,98.9054912378345,-0.187653959148924
369.96,370,71439,71346,428634,285384,2023-09-12,2023-09-22,448.45,-93,-143250,29576307,-9727958,0.964907484899991,85.9811030498162,-0.501955260280885
432.25,434,1735,1585,445895,277375,2023-09-12,2023-10-06,448.45,-150,-168520,27359036,-2697874,1.01383323593711,89.2399205878453,-0.607552951780081
339.66,340,8206,8151,311828,277134,2023-09-12,2023-11-17,448.45,-55,-34694,351395725,-31010447,0.0788666395984186,98.9843578774329,-0.125188536953243
418.57,419,5257,6407,320677,275501,2023-09-12,2023-09-29,448.45,1150,-45176,152014431,-50985305,0.181233451447777,96.7255937694494,-0.163977626215513
394.94,395,45883,45864,458830,275184,2023-09-12,2023-09-22,448.45,-19,-183646,29576307,-9727958,0.93042042064278,86.911523470459,-0.667357113785686
394.77,395,11800,11960,365800,275080,2023-09-12,2023-10-06,448.45,160,-90720,27359036,-2697874,1.0054447824843,90.2453653703296,-0.329794968736368
390.9,392,2478,2479,322140,272690,2023-09-12,2023-11-17,448.45,1,-49450,351395725,-31010447,0.0776019685498451,99.0619598459828,-0.181341449998166
438.92,443,566,667,298848,272136,2023-09-12,2023-10-13,448.45,101,-26712,17144640,2870747,1.58729492132818,77.2086552998488,-0.0981568039509657
399.72,400,9518,9706,352166,271768,2023-09-12,2023-10-06,448.45,188,-80398,27359036,-2697874,0.993339092795521,91.2387044631251,-0.295833210679697
435.59,440,564,612,310764,269892,2023-09-12,2023-10-27,448.45,48,-40872,4340822,2332386,6.21753207111464,30.398551242138,-0.151438353119025
384.98,385,134650,134637,538600,269274,2023-09-12,2023-09-15,448.45,-13,-269326,151598125,-86702777,0.177623568893085,96.6929577789963,-1.0001931118489
439,445,239,446,170885,267600,2023-09-12,2023-10-27,448.45,207,96715,4340822,2332386,6.16473101177611,36.5632822539141,0.361416292974589
420.88,422,2342,2366,377062,264992,2023-09-12,2023-10-13,448.45,24,-112070,17144640,2870747,1.54562592157082,78.7542812214197,-0.42291842772612
432.5,435,931,1059,295127,264750,2023-09-12,2023-10-13,448.45,128,-30377,17144640,2870747,1.54421440170222,80.2984956231219,-0.114738432483475
435.97,466,88,88,264264,264264,2023-09-12,2023-09-29,448.45,0,0,152014431,-50985305,0.173841390098023,96.8994351595475,0
400.41,401,4300,4453,305300,262727,2023-09-12,2023-10-20,448.45,153,-42573,400323789,-94608838,0.0656286254324996,99.3779013217723,-0.162042728764078
417.95,418,53958,52519,431664,262595,2023-09-12,2023-09-15,448.45,-1439,-169069,151598125,-86702777,0.173217841579505,96.8661756205758,-0.643839372417602
433.35,436,957,979,329208,259435,2023-09-12,2023-10-13,448.45,22,-69773,17144640,2870747,1.51321345913358,81.8117090822554,-0.268942124231503
436.49,437.5,2310,2518,427350,254318,2023-09-12,2023-09-22,448.45,208,-173032,29576307,-9727958,0.859870706643666,87.7713941771027,-0.680376536462225
399.49,402,1003,1013,290870,254263,2023-09-12,2023-12-15,448.45,10,-36607,445971939,-59359824,0.057013228359195,98.4761763228336,-0.143972972866678
443.58,451,152,340,137104,252280,2023-09-12,2023-10-13,448.45,188,115176,17144640,2870747,1.4714802993822,83.2831893816377,0.456540351989853
376.37,378,1542,1542,251346,251346,2023-09-12,2023-12-15,448.45,0,0,445971939,-59359824,0.0563591513321649,98.5325354741658,0
433.95,438,6,620,2874,251100,2023-09-12,2023-10-27,448.45,614,248226,4340822,2332386,5.78461867360606,42.3479009275202,0.988554360812425
443.4,463,128,128,250880,250880,2023-09-12,2023-09-29,448.45,0,0,152014431,-50985305,0.165036962839403,97.0644721223869,0
446.92,458,225,226,302400,250408,2023-09-12,2023-09-22,448.45,1,-51992,29576307,-9727958,0.846650665345068,88.6180448424477,-0.207629149228459
382.4,384,1098,1553,208620,248480,2023-09-12,2023-12-15,448.45,455,39860.0000000001,445971939,-59359824,0.0557165100022134,98.588251984168,0.160415325177077
369.8,371,2028,2030,279864,243600,2023-09-12,2023-12-15,448.45,2,-36264,445971939,-59359824,0.0546222707523309,98.6428742549203,-0.148866995073892
440.32,447,55,361,43505,241148,2023-09-12,2023-10-27,448.45,306,197643,4340822,2332386,5.55535334091101,47.9032542684312,0.819592117703651
394.78,396,1935,1966,270900,239852,2023-09-12,2023-11-17,448.45,31,-31048,351395725,-31010447,0.0682569487719294,99.1302167947547,-0.129446492003402
399.84,400,15032,14988,345736,239808,2023-09-12,2023-09-29,448.45,-44,-105928,152014431,-50985305,0.157753443816133,97.222225566203,-0.441720042700827
435.57,438,785,971,262190,235953,2023-09-12,2023-10-06,448.45,186,-26237,27359036,-2697874,0.862431702637476,92.1011361657626,-0.111195873754519
446.81,457,232,231,315056,235389,2023-09-12,2023-09-22,448.45,-1,-79667,29576307,-9727958,0.795870153768691,89.4139149962164,-0.338448270734826
389.93,391,2191,2191,284830,234437,2023-09-12,2023-11-17,448.45,0,-50393,351395725,-31010447,0.0667159510833548,99.1969327458381,-0.214953271028037
304.67,305,7049,7061,267862,233013,2023-09-12,2023-12-15,448.45,12,-34849,445971939,-59359824,0.0522483545764076,98.6951226094967,-0.149558179157386
365.89,367,1774,2064,271422,229104,2023-09-12,2023-12-15,448.45,290,-42318,445971939,-59359824,0.0513718420297291,98.7464944515265,-0.184710873664362
324.74,325,8802,8811,246456,229086,2023-09-12,2023-11-17,448.45,9,-17370,351395725,-31010447,0.0651931664791881,99.2621259123172,-0.0758230533511434
421.2,422,708,2846,77880,227680,2023-09-12,2023-10-06,448.45,2138,149800,27359036,-2697874,0.832193064112347,92.9333292298749,0.657940969782151
386.26,388,1306,1299,254670,226026,2023-09-12,2023-12-15,448.45,-7,-28644,445971939,-59359824,0.050681664076627,98.7971761156031,-0.126728783414298
361.99,363,2232,2232,285696,225432,2023-09-12,2023-12-15,448.45,0,-60264,445971939,-59359824,0.0505484718400635,98.8477245874432,-0.267326732673267
239.9,240,22327,22338,245597,223380,2023-09-12,2023-12-15,448.45,11,-22216.9999999999,445971939,-59359824,0.0500883532046621,98.8978129406478,-0.0994583221416418
443.85,447.5,630,612,358470,223380,2023-09-12,2023-09-22,448.45,-18,-135090,29576307,-9727958,0.755266707232921,90.1691817034493,-0.604754230459307
314.79,315,10583,10592,253992,222432,2023-09-12,2023-11-17,448.45,9,-31560,351395725,-31010447,0.0632995748596543,99.3254254871769,-0.141886059559776
433.33,434,3243,3251,379431,217817,2023-09-12,2023-09-22,448.45,8,-161614,29576307,-9727958,0.736457732873817,90.9056394363231,-0.741971471464578
384.94,385,35991,35984,287928,215904,2023-09-12,2023-09-22,448.45,-7,-72024,29576307,-9727958,0.729989717783224,91.6356291541064,-0.333592707870165
404.17,407,760,761,242440,215363,2023-09-12,2023-12-15,448.45,1,-27077,445971939,-59359824,0.0482907064697629,98.9461036471176,-0.125727260485784
423.69,425,1580,1643,276500,215233,2023-09-12,2023-10-13,448.45,63,-61267,17144640,2870747,1.25539527222502,84.5385846538627,-0.284654304869606
411.09,412,2358,2360,282960,214760,2023-09-12,2023-10-20,448.45,2,-68200,400323789,-94608838,0.0536465745731638,99.4315478963455,-0.317563792140063
334.69,335,7297,6867,262692,212877,2023-09-12,2023-11-17,448.45,-430,-49815,351395725,-31010447,0.0605804182734437,99.3860059054503,-0.234008371031159
354.95,355,42095,42189,210475,210945,2023-09-12,2023-09-29,448.45,94,470.000000000029,152014431,-50985305,0.138766430668678,97.3609919968717,0.00222806892791974
391.78,393,1708,1709,233996,208498,2023-09-12,2023-11-17,448.45,1,-25498,351395725,-31010447,0.059334244888722,99.4453401503391,-0.122293739028672
447.24,470,92,91,243800,207116,2023-09-12,2023-09-29,448.45,-1,-36684,152014431,-50985305,0.136247590861949,97.4972395877336,-0.177118136696344
289.73,290,7638,7578,221502,204606,2023-09-12,2023-12-15,448.45,-60,-16896,445971939,-59359824,0.0458786713035773,98.9919823184212,-0.0825782235125068
419.8,420,10059,10227,321888,204540,2023-09-12,2023-09-22,448.45,168,-117348,29576307,-9727958,0.691567070899014,92.3271962250054,-0.573716632443532
399.59,401,1426,1426,256680,201066,2023-09-12,2023-11-17,448.45,0,-55614,351395725,-31010447,0.0572192504618547,99.5025594008009,-0.276595744680851
442.2,450,21,257,20664,200460,2023-09-12,2023-10-27,448.45,236,179796,4340822,2332386,4.61801935209506,52.5212736205263,0.89691709069141
389.98,390,99977,99938,399908,199876,2023-09-12,2023-09-15,448.45,-39,-200032,151598125,-86702777,0.131845957857328,96.9980215784331,-1.00078048390002
416.63,417,5477,5322,328620,196914,2023-09-12,2023-09-29,448.45,-155,-131706,152014431,-50985305,0.129536385923781,97.6267759736574,-0.668850361071331
428.61,429,4940,4984,375440,194376,2023-09-12,2023-09-22,448.45,44,-181064,29576307,-9727958,0.657201725692123,92.9843979506975,-0.93151417870519
426.66,427,5070,5691,294060,193494,2023-09-12,2023-09-22,448.45,621,-100566,29576307,-9727958,0.654219608959293,93.6386175596568,-0.519737046109957
329.71,330,6647,6647,192763,192763,2023-09-12,2023-11-17,448.45,0,0,351395725,-31010447,0.0548563873393736,99.5574157881403,0
344.89,345,17089,17090,17089,187990,2023-09-12,2023-09-15,448.45,1,170901,151598125,-86702777,0.124005491492721,97.1220270699258,0.909096228522794
366.87,368,976,1630,152256,184190,2023-09-12,2023-12-15,448.45,654,31934,445971939,-59359824,0.0413008048024295,99.0332831232236,0.173375318964113
395.52,396,3773,3832,222607,183936,2023-09-12,2023-10-20,448.45,59,-38671,400323789,-94608838,0.0459468073230092,99.4774947036685,-0.210241605775922
443.58,477,55,55,183810,183810,2023-09-12,2023-12-15,448.45,0,0,445971939,-59359824,0.0412155976477256,99.0744987208713,0
415.18,416,2154,2226,247710,182532,2023-09-12,2023-10-13,448.45,72,-65178,17144640,2870747,1.06465927543535,85.603243929298,-0.357077115245546
443.49,453,189,191,185031,181641,2023-09-12,2023-10-13,448.45,2,-3390,17144640,2870747,1.05946231591914,86.6627062452172,-0.0186631872760005
409.59,410,4464,4426,263376,181466,2023-09-12,2023-10-06,448.45,-38,-81910,27359036,-2697874,0.663276293799241,93.5966055236742,-0.451379321746222
420.52,421,3584,3764,268800,180672,2023-09-12,2023-09-29,448.45,180,-88128,152014431,-50985305,0.118851874003988,97.7456278476614,-0.487778958554729
389.89,390,16176,16163,258816,177793,2023-09-12,2023-09-29,448.45,-13,-81023,152014431,-50985305,0.1169579748649,97.8625858225263,-0.455715354372782
417.61,418,4124,4505,255688,175695,2023-09-12,2023-09-29,448.45,381,-79993,152014431,-50985305,0.115577842737839,97.9781636652641,-0.45529468681522
392.83,394,1486,1479,211012,173043,2023-09-12,2023-11-17,448.45,-7,-37969,351395725,-31010447,0.0492444807061896,99.6066602688465,-0.219419450656773
408.21,409,2198,2164,230790,170956,2023-09-12,2023-10-20,448.45,-34,-59834,400323789,-94608838,0.0427044319367191,99.5201991356052,-0.349996490324996
441.05,448,27,244,24354,169580,2023-09-12,2023-10-27,448.45,217,145226,4340822,2332386,3.90663335193196,56.4279069724582,0.856386366316783
394.86,395,12119,12076,230261,169064,2023-09-12,2023-09-29,448.45,-43,-61197,152014431,-50985305,0.111215756877714,98.0893794221418,-0.3619753466143
422.45,423,3086,3034,262310,166870,2023-09-12,2023-09-29,448.45,-52,-95440,152014431,-50985305,0.109772472851607,98.1991518949935,-0.571942230478816
446.16,469,73,73,166732,166732,2023-09-12,2023-12-15,448.45,0,0,445971939,-59359824,0.0373862087318458,99.1118849296032,0
364.92,366,1113,1543,170289,166644,2023-09-12,2023-12-15,448.45,430,-3645,445971939,-59359824,0.0373664765486512,99.1492514061518,-0.0218729747245625
402.79,403,7932,7932,182436,166572,2023-09-12,2023-09-29,448.45,0,-15864,152014431,-50985305,0.109576438831653,98.3087283338251,-0.0952380952380952
379.91,380,18451,18453,221412,166077,2023-09-12,2023-09-29,448.45,2,-55335,152014431,-50985305,0.109250811852198,98.4179791456773,-0.333188822052421
394.81,397,752,754,210560,165126,2023-09-12,2023-12-15,448.45,2,-45434,445971939,-59359824,0.0370260963885443,99.1862775025404,-0.275147463149353
430.52,431,3431,3428,288204,164544,2023-09-12,2023-09-22,448.45,-3,-123660,29576307,-9727958,0.556337205993973,94.1949547656508,-0.751531505250875
309.81,310,8649,8650,190278,164350,2023-09-12,2023-11-17,448.45,1,-25928,351395725,-31010447,0.0467706316005979,99.6534309004471,-0.157760876178887
431.46,432,3020,3041,283880,164214,2023-09-12,2023-09-22,448.45,21,-119666,29576307,-9727958,0.555221448032711,94.7501762136835,-0.728719841182847
444.68,452,226,224,220124,163968,2023-09-12,2023-10-06,448.45,-2,-56156,27359036,-2697874,0.599319361983368,94.1959248856575,-0.342481459797034
404.96,405,40503,40414,243018,161656,2023-09-12,2023-09-15,448.45,-89,-81362,151598125,-86702777,0.106634564246754,97.2286616341726,-0.503303310733904
437.44,441,208,452,106288,160912,2023-09-12,2023-10-13,448.45,244,54624,17144640,2870747,0.938555723538085,87.6012619687553,0.339465049219449
438.16,442,361,414,182305,158976,2023-09-12,2023-10-13,448.45,53,-23329,17144640,2870747,0.927263564589283,88.5285255333445,-0.146745420692432
430.78,433,690,716,199410,158952,2023-09-12,2023-10-13,448.45,26,-40458,17144640,2870747,0.927123579147769,89.4556491124923,-0.254529669334138
284.77,285,6884,6898,178984,158654,2023-09-12,2023-12-15,448.45,14,-20330,445971939,-59359824,0.0355748840063231,99.2218523865467,-0.128140481803169
420.95,421,31231,31434,281079,157170,2023-09-12,2023-09-15,448.45,203,-123909,151598125,-86702777,0.103675424745524,97.3323370589181,-0.78837564420691
397.48,398,2924,3019,192984,156988,2023-09-12,2023-10-20,448.45,95,-35996,400323789,-94608838,0.0392152563284217,99.5594143919336,-0.229291410808469
444.7,510,24,24,156720,156720,2023-09-12,2023-12-15,448.45,0,0,445971939,-59359824,0.0351412244347508,99.2569936109814,0
421.95,422,31087,30927,341957,154635,2023-09-12,2023-09-15,448.45,-160,-187322,151598125,-86702777,0.102003240475435,97.4343402993936,-1.21138164063763
375.65,377,1135,1136,171385,153360,2023-09-12,2023-12-15,448.45,1,-18025,445971939,-59359824,0.0343878138036842,99.2913814247851,-0.117533907146583
374.68,376,1156,1157,178024,152724,2023-09-12,2023-12-15,448.45,1,-25300,445971939,-59359824,0.0342452039342323,99.3256266287194,-0.165658311725727
434.76,439,6,358,3228,151792,2023-09-12,2023-10-27,448.45,352,148564,4340822,2332386,3.49684921427324,59.9247561867315,0.978734057130811
374.92,375,18929,18915,189290,151320,2023-09-12,2023-09-29,448.45,-14,-37970,152014431,-50985305,0.0995431808707688,98.5175223265481,-0.250925191646841
425.93,426,21621,21545,345936,150815,2023-09-12,2023-09-15,448.45,-76,-195121,151598125,-86702777,0.0994834203919079,97.5338237197855,-1.29377714418327
199.96,200,37310,37393,186550,149572,2023-09-12,2023-12-15,448.45,83,-36978,445971939,-59359824,0.0335384330088983,99.3591650617283,-0.247225416521809
319.77,320,6190,6487,160940,149201,2023-09-12,2023-11-17,448.45,297,-11739,351395725,-31010447,0.0424595376053593,99.6958904380524,-0.078679097325085
446.19,454,186,191,195858,149171,2023-09-12,2023-09-22,448.45,5,-46687,29576307,-9727958,0.504359790422787,95.2545360041063,-0.312976382808991
416.95,417,27912,29157,251208,145785,2023-09-12,2023-09-15,448.45,1245,-105423,151598125,-86702777,0.0961654374023425,97.6299891571878,-0.723140240765511
445.63,490,31,32,136772,141984,2023-09-12,2023-09-15,448.45,1,5212,151598125,-86702777,0.0936581504553569,97.7236473076432,0.0367083615055218
442.76,451,2,172,2038,141728,2023-09-12,2023-10-27,448.45,170,139690,4340822,2332386,3.26500372510091,63.1897599118324,0.985620343192594
418.98,420,1268,1370,182592,139740,2023-09-12,2023-10-13,448.45,102,-42852,17144640,2870747,0.815065233215746,90.2707143457081,-0.306655216831258
412.95,413,27727,27832,166362,139160,2023-09-12,2023-09-15,448.45,105,-27202,151598125,-86702777,0.09179533058209,97.8154426382252,-0.195472837022133
428.92,429,17169,17385,309042,139080,2023-09-12,2023-09-15,448.45,216,-169962,151598125,-86702777,0.0917425594808643,97.9071851977061,-1.22204486626402
425.92,427,1165,1282,194555,138456,2023-09-12,2023-10-06,448.45,117,-56099,27359036,-2697874,0.506070462424188,94.7019953480817,-0.405175651470503
353.15,354,1621,1627,170205,138295,2023-09-12,2023-12-15,448.45,6,-31910,445971939,-59359824,0.031009798578381,99.3901748603066,-0.230738638417875
447.19,490,32,32,136992,136992,2023-09-12,2023-12-15,448.45,0,0,445971939,-59359824,0.0307176277294882,99.4208924880361,0
435.05,438,329,459,134232,135405,2023-09-12,2023-10-13,448.45,130,1173.00000000003,17144640,2870747,0.789780362842265,91.0604947085503,0.00866290018832413
372.64,374,981,982,169713,133552,2023-09-12,2023-12-15,448.45,1,-36161,445971939,-59359824,0.0299462787500628,99.4508387667862,-0.270763447945369
329.9,330,13066,13225,143726,132250,2023-09-12,2023-10-20,448.45,159,-11476,400323789,-94608838,0.0330357584620084,99.5924501503956,-0.0867750472589792
401.4,402,2172,2181,162900,130860,2023-09-12,2023-10-20,448.45,9,-32040,400323789,-94608838,0.0326885395261884,99.6251386899218,-0.244841815680881
415.63,416,3399,3422,180147,126614,2023-09-12,2023-09-29,448.45,23,-53533,152014431,-50985305,0.0832907765184478,98.6008131030665,-0.42280474513087
434.14,437,371,441,144319,126126,2023-09-12,2023-10-13,448.45,70,-18193,17144640,2870747,0.735658491516882,91.7961532000672,-0.144244644244644
449.76,482,39,39,125736,125736,2023-09-12,2023-11-17,448.45,0,0,351395725,-31010447,0.0357818809548693,99.7316723190073,0
444.96,464,66,66,125664,125664,2023-09-12,2023-09-15,448.45,0,0,151598125,-86702777,0.0828928458053158,97.9900780435114,0
418.37,420,587,765,119748,124695,2023-09-12,2023-10-27,448.45,178,4946.99999999999,4340822,2332386,2.8726126065524,66.0623725183848,0.0396728016359917
359.99,360,122864,122667,122864,122667,2023-09-12,2023-09-15,448.45,-197,-197.000000000015,151598125,-86702777,0.0809159084256484,98.0709939519371,-0.00160597389681018
404.67,405,3643,3698,167578,122034,2023-09-12,2023-10-06,448.45,55,-45544,27359036,-2697874,0.446046417717349,95.1480417657991,-0.373207466771555
434.69,437.5,279,434,112437,121954,2023-09-12,2023-10-13,448.45,155,9516.99999999999,17144640,2870747,0.711324355600351,92.5074775556675,0.078037620742247
394.97,395,40418,40401,161672,121203,2023-09-12,2023-09-15,448.45,-17,-40469,151598125,-86702777,0.0799501972732183,98.1509441492103,-0.33389437555176
411.72,412,4327,4305,186061,120540,2023-09-12,2023-09-29,448.45,-22,-65521,152014431,-50985305,0.0792951032392445,98.6801082063058,-0.543562302969968
269.83,270,6927,6952,131613,118184,2023-09-12,2023-12-15,448.45,25,-13429,445971939,-59359824,0.0265003220303509,99.4773390888165,-0.113627902254112
356.11,357,1312,1312,133824,116768,2023-09-12,2023-12-15,448.45,0,-17056,445971939,-59359824,0.0261828132644014,99.5035219020809,-0.146067415730337
406.77,407,4963,4964,163779,114172,2023-09-12,2023-09-29,448.45,1,-49607,152014431,-50985305,0.0751060272692137,98.755214233575,-0.434493571103248
381.98,382,56936,56952,170808,113904,2023-09-12,2023-09-15,448.45,16,-56904,151598125,-86702777,0.0751354939251392,98.2260796431354,-0.499578592498947
446.43,458,55,98,80300,113386,2023-09-12,2023-10-06,448.45,43,33086,27359036,-2697874,0.414437116863328,95.5624788826624,0.291799693083802
324.91,325,12567,12560,138237,113040,2023-09-12,2023-10-20,448.45,-7,-25197,400323789,-94608838,0.0282371428094172,99.6533758327313,-0.222903397027601
444.32,452.5,136,138,138584,112884,2023-09-12,2023-10-13,448.45,2,-25700,17144640,2870747,0.658421524161487,93.165899079829,-0.22766733992417
364.88,365,9359,9359,112308,112308,2023-09-12,2023-10-06,448.45,0,0,27359036,-2697874,0.410496919555207,95.9729758022176,0
219.94,220,18548,18557,129836,111342,2023-09-12,2023-12-15,448.45,9,-18494,445971939,-59359824,0.0249661447869706,99.5284880468679,-0.16610084244939
426.82,428,924,926,155232,109268,2023-09-12,2023-10-06,448.45,2,-45964,27359036,-2697874,0.399385416942322,96.3723612191599,-0.420653805322693
354.97,355,36140,36142,108420,108426,2023-09-12,2023-09-22,448.45,2,6,29576307,-9727958,0.366597493054153,95.6211334971604,5.53372807260251e-05
446.34,460,77,79,125972,107914,2023-09-12,2023-10-13,448.45,2,-18058,17144640,2870747,0.629432872314613,93.7953319521436,-0.167336953500009
374.99,375,107766,107662,323298,107662,2023-09-12,2023-09-15,448.45,-104,-215636,151598125,-86702777,0.0710180287520047,98.2970976718875,-2.00289795842544
364.97,365,35744,35742,142976,107226,2023-09-12,2023-09-22,448.45,-2,-35750,29576307,-9727958,0.362540191376834,95.9836736885373,-0.333407942103594
443.46,464,52,52,106808,106808,2023-09-12,2023-09-29,448.45,0,0,152014431,-50985305,0.0702617503465839,98.8254759839216,0
409.38,410,1700,1706,142800,105772,2023-09-12,2023-10-13,448.45,6,-37028,17144640,2870747,0.616939171659481,94.4122711238031,-0.350073743523806
339.88,340,8788,8771,123032,105252,2023-09-12,2023-10-20,448.45,-17,-17780,400323789,-94608838,0.0262917175776431,99.6796675503089,-0.168927906358074
264.83,265,6115,6115,103955,103955,2023-09-12,2023-12-15,448.45,0,0,445971939,-59359824,0.0233097625453964,99.5517978094133,0
361,362,1039,1039,126758,103900,2023-09-12,2023-12-15,448.45,0,-22858,445971939,-59359824,0.0232974299308998,99.5750952393442,-0.22
367.77,369,836,831,115368,102213,2023-09-12,2023-12-15,448.45,-5,-13155,445971939,-59359824,0.0229191550098851,99.5980143943541,-0.128701828534531
279.9,280,10170,10136,122040,101360,2023-09-12,2023-11-17,448.45,-34,-20680,351395725,-31010447,0.0288449724310107,99.7605172914383,-0.204025256511444
351.19,352,1249,1250,112410,101250,2023-09-12,2023-12-15,448.45,1,-11160,445971939,-59359824,0.0227032221415169,99.6207176164956,-0.110222222222222
369.99,370,101197,101138,303591,101138,2023-09-12,2023-09-15,448.45,-59,-202453,151598125,-86702777,0.0667145454470496,98.3638122173345,-2.00175008404358
444.63,472,36,36,98532,98532,2023-09-12,2023-12-15,448.45,0,0,445971939,-59359824,0.022093766756029,99.6428113832516,0
429.14,431,485,527,131435,98022,2023-09-12,2023-10-13,448.45,42,-33413,17144640,2870747,0.571735539503892,94.984006663307,-0.340872457203485
349.95,350,19508,19506,117048,97530,2023-09-12,2023-09-29,448.45,-2,-19518,152014431,-50985305,0.0641583824367306,98.8896343663583,-0.200123039064903
406.27,407,1358,1333,130368,97309,2023-09-12,2023-10-20,448.45,-25,-33059,400323789,-94608838,0.0243075736875582,99.7039751239964,-0.339732193322303
279.79,280,4579,4592,105317,96432,2023-09-12,2023-12-15,448.45,13,-8885,445971939,-59359824,0.0216228851116124,99.6644342683632,-0.0921374647419944
447,460,43,73,71165,94900,2023-09-12,2023-10-06,448.45,30,23735,27359036,-2697874,0.346868946698268,96.7192301658582,0.250105374077977
444.7,475,31,31,93930,93930,2023-09-12,2023-10-20,448.45,0,0,400323789,-94608838,0.0234635069363814,99.7274386309328,0
429.11,432,71,321,27193,92769,2023-09-12,2023-10-27,448.45,250,65576,4340822,2332386,2.13712978786046,68.1995023062452,0.706874063534155
430.95,432.5,541,586,127135,90830,2023-09-12,2023-10-06,448.45,45,-36305,27359036,-2697874,0.33199269155536,97.0512228574136,-0.399702741385005
443.61,468,37,37,90243,90243,2023-09-12,2023-11-17,448.45,0,0,351395725,-31010447,0.0256813027534698,99.7861985941918,0
299.95,300,18014,18038,108084,90190,2023-09-12,2023-10-20,448.45,24,-17894,400323789,-94608838,0.0225292631810097,99.7499678941139,-0.198403370661936
304.94,305,15020,15022,90120,90132,2023-09-12,2023-10-20,448.45,2,12,400323789,-94608838,0.0225147749088676,99.7724826690227,0.000133138064172547
443.85,491,19,19,89585,89585,2023-09-12,2023-12-15,448.45,0,0,445971939,-59359824,0.0200875867214596,99.6845218550847,0
309.94,310,14852,14849,89112,89094,2023-09-12,2023-10-20,448.45,-3,-18,400323789,-94608838,0.0222554847970826,99.7947381538198,-0.00020203380699037
433.22,437,61,233,28548,88074,2023-09-12,2023-10-27,448.45,172,59526,4340822,2332386,2.02897054981752,70.2284728560628,0.675863478438586
411.54,412,1798,1859,118668,85514,2023-09-12,2023-10-06,448.45,61,-33154,27359036,-2697874,0.312562182380987,97.3637850397945,-0.38770259840494
443.43,452.5,0,94,0,85258,2023-09-12,2023-10-27,448.45,94,85258,4340822,2332386,1.96409804410317,72.1925709001659,1
447.49,500,8,16,43840,84016,2023-09-12,2023-09-15,448.45,8,40176,151598125,-86702777,0.055420210507221,98.4192324278417,0.478194629594363
429.58,431,586,591,124818,83922,2023-09-12,2023-10-06,448.45,5,-40896,27359036,-2697874,0.306743263907398,97.6705283037019,-0.487309644670051
422.94,423,13598,13768,149578,82608,2023-09-12,2023-09-15,448.45,170,-66970,151598125,-86702777,0.0544914391256488,98.4737238669674,-0.810696300600426
314.93,315,9683,11685,67781,81795,2023-09-12,2023-10-20,448.45,2002,14014,400323789,-94608838,0.0204322106873344,99.8151703645071,0.171330765939238
274.89,275,7391,7391,81301,81301,2023-09-12,2023-11-17,448.45,0,0,351395725,-31010447,0.0231365933663536,99.8093351875581,0
371.41,373,508,508,80772,80772,2023-09-12,2023-12-15,448.45,0,0,445971939,-59359824,0.0181114534203911,99.7026333085051,0
350.08,351,876,876,80592,80592,2023-09-12,2023-12-15,448.45,0,0,445971939,-59359824,0.018071092136584,99.7207044006417,0
408.96,409,19955,20079,99775,80316,2023-09-12,2023-09-15,448.45,124,-19459,151598125,-86702777,0.0529795470755328,98.5267034140429,-0.242280492056377
209.95,210,15940,15936,111580,79680,2023-09-12,2023-12-15,448.45,-4,-31900,445971939,-59359824,0.0178665949652944,99.738570995607,-0.40035140562249
445.7,456,75,77,83175,79310,2023-09-12,2023-09-22,448.45,2,-3865,29576307,-9727958,0.268153830023471,96.2518275185607,-0.0487328205774808
423.95,424,15846,15861,190152,79305,2023-09-12,2023-09-15,448.45,15,-110847,151598125,-86702777,0.0523126522837931,98.5790160663267,-1.39773028182334
445.5,457.5,69,66,63066,79200,2023-09-12,2023-09-22,448.45,-3,16134,29576307,-9727958,0.26778191070305,96.5196094292638,0.203712121212121
441.94,469,29,29,78474,78474,2023-09-12,2023-09-22,448.45,0,0,29576307,-9727958,0.265327243188272,96.784936672452,0
428.23,431,66,281,21582,77837,2023-09-12,2023-10-27,448.45,215,56255,4340822,2332386,1.79313964037226,73.9857105405382,0.722728265477858
435.77,439,157,237,66882,76551,2023-09-12,2023-10-13,448.45,80,9669,17144640,2870747,0.446501063889356,95.4305077271964,0.126307951561704
299.83,300,4607,4497,82926,76449,2023-09-12,2023-11-17,448.45,-110,-6477,351395725,-31010447,0.0217558139046797,99.8310910014628,-0.0847231487658439
445.42,500,14,14,76412,76412,2023-09-12,2023-11-17,448.45,0,0,351395725,-31010447,0.0217452844652564,99.8528362859281,0
379.99,380,76487,76249,229461,76249,2023-09-12,2023-09-15,448.45,-238,-153212,151598125,-86702777,0.0502967962169717,98.6293128625437,-2.00936405723354
449.46,485,21,21,74634,74634,2023-09-12,2023-10-20,448.45,0,0,400323789,-94608838,0.0186434086733726,99.8338137731805,0
431.68,434,235,312,70030,72384,2023-09-12,2023-10-13,448.45,77,2353.99999999999,17144640,2870747,0.422196091606473,95.8527038188029,0.0325209991158265
446.36,480,17,21,58565,70644,2023-09-12,2023-09-15,448.45,4,12079,151598125,-86702777,0.0465995209373467,98.675912383481,0.17098408923617
304.82,305,3902,3914,70236,70452,2023-09-12,2023-11-17,448.45,12,216,351395725,-31010447,0.0200491909797707,99.8728854769078,0.00306591722023505
442.13,470,25,25,69675,69675,2023-09-12,2023-10-27,448.45,0,0,4340822,2332386,1.60511073709081,75.590821277629,0
414.22,415,483,888,51681,69264,2023-09-12,2023-10-13,448.45,405,17583,17144640,2870747,0.403997984209642,96.2567018030125,0.253854816354816
413.68,414,2156,2154,97020,68928,2023-09-12,2023-09-29,448.45,-2,-28092,152014431,-50985305,0.0453430635148054,98.9349774298731,-0.407555710306407
426.41,428,395,431,83740,68529,2023-09-12,2023-10-13,448.45,36,-15211,17144640,2870747,0.399710930063274,96.6564127330758,-0.221964423820572
412.69,413,2058,2209,92610,68479,2023-09-12,2023-09-29,448.45,151,-24131,152014431,-50985305,0.0450476968203104,98.9800251266934,-0.352385402824224
189.95,190,13524,13524,67620,67620,2023-09-12,2023-12-15,448.45,0,0,445971939,-59359824,0.015162388950216,99.7537333845572,0
439.85,446,95,109,75525,67035,2023-09-12,2023-10-27,448.45,14,-8490,4340822,2332386,1.5442927629836,77.1351140406126,-0.126650257328261
424.97,426,619,644,94707,66332,2023-09-12,2023-10-06,448.45,25,-28375,27359036,-2697874,0.242450062933504,97.9129783666354,-0.427772417536031
425.5,427,415,439,87150,65850,2023-09-12,2023-10-13,448.45,24,-21300,17144640,2870747,0.384085055154264,97.04049778823,-0.323462414578588
411.96,412,16426,16425,114982,65700,2023-09-12,2023-09-15,448.45,-1,-49282,151598125,-86702777,0.043338266881599,98.7192506503626,-0.750106544901066
384.83,385,3819,3831,84018,65127,2023-09-12,2023-10-06,448.45,12,-18891,27359036,-2697874,0.238045667983331,98.1510240346188,-0.290064028743839
344.86,345,4636,4630,69540,64820,2023-09-12,2023-10-20,448.45,-6,-4719.99999999999,400323789,-94608838,0.0161918931078063,99.8500056662883,-0.0728170317803146
444.55,463,35,35,64575,64575,2023-09-12,2023-09-22,448.45,0,0,29576307,-9727958,0.218333546510726,97.0032702189628,0
414.46,415,1156,1181,85544,63774,2023-09-12,2023-10-06,448.45,25,-21770,27359036,-2697874,0.233100318300689,98.3841243529195,-0.341361683444664
441.62,449,37,85,32930,62730,2023-09-12,2023-10-27,448.45,48,29800,4340822,2332386,1.44511799838832,78.5802320390009,0.475051809341623
404.5,405,1166,1254,80454,62700,2023-09-12,2023-10-13,448.45,88,-17754,17144640,2870747,0.365711965955541,97.4062097541856,-0.283157894736842
427.39,430,80,239,26560,62379,2023-09-12,2023-10-27,448.45,159,35819,4340822,2332386,1.43703197228543,80.0172640112863,0.574215681559499
407.96,408,15484,15479,92904,61916,2023-09-12,2023-09-15,448.45,-5,-30988,151598125,-86702777,0.0408421937936238,98.7600928441562,-0.500484527424252
430.01,432,242,310,68002,61690,2023-09-12,2023-10-13,448.45,68,-6312,17144640,2870747,0.35982091195849,97.7660306661441,-0.102318041822013
405.91,406,6817,6817,109072,61353,2023-09-12,2023-09-22,448.45,0,-47719,29576307,-9727958,0.207439691507124,97.2107099104699,-0.777777777777778
432.46,436,22,173,9768,61242,2023-09-12,2023-10-27,448.45,151,51474,4340822,2332386,1.41083877661881,81.4281027879052,0.84050161653767
437.4,442.5,4,120,2508,61200,2023-09-12,2023-10-27,448.45,116,58692,4340822,2332386,1.40987121793983,82.837974005845,0.959019607843137
445.63,466,30,30,65220,61110,2023-09-12,2023-09-15,448.45,0,-4109.99999999999,151598125,-86702777,0.0403105249487749,98.800403369105,-0.067255768286696
433.61,437.5,1,157,464,61073,2023-09-12,2023-10-27,448.45,156,60609,4340822,2332386,1.40694550479149,84.2449195106365,0.992402534671623
415.95,416,11944,11935,83608,59675,2023-09-12,2023-09-15,448.45,-9,-23933,151598125,-86702777,0.0393639433205391,98.8397673124256,-0.401055718475073
364.95,365,11902,11897,71412,59485,2023-09-12,2023-09-29,448.45,-5,-11927,152014431,-50985305,0.0391311532784674,99.0191562799719,-0.200504328822392
249.88,250,4871,4920,68194,59040,2023-09-12,2023-12-15,448.45,49,-9154,445971939,-59359824,0.0132385010887423,99.7669718856459,-0.155047425474255
179.95,180,11665,11665,58325,58325,2023-09-12,2023-12-15,448.45,0,0,445971939,-59359824,0.0130781771002861,99.7800500627462,0
413.96,414,14553,14549,116424,58196,2023-09-12,2023-09-15,448.45,-4,-58228,151598125,-86702777,0.0383883375866291,98.8781556500122,-1.00054986597017
348.23,349,756,754,75600,58058,2023-09-12,2023-12-15,448.45,-2,-17542,445971939,-59359824,0.0130183078626389,99.7930683706089,-0.302146129732336
436.29,441,35,123,20510,57933,2023-09-12,2023-10-27,448.45,88,37423,4340822,2332386,1.33460897498216,85.5795284856186,0.645970345053769
259.85,260,3849,3849,61584,57735,2023-09-12,2023-12-15,448.45,0,-3849,445971939,-59359824,0.0129458817811405,99.80601425239,-0.0666666666666667
396.72,397,2046,2046,57288,57288,2023-09-12,2023-09-29,448.45,0,0,152014431,-50985305,0.0376858957555155,99.0568421757274,0
420.79,421,2640,2721,97680,57141,2023-09-12,2023-09-22,448.45,81,-40539,29576307,-9727958,0.193198562619735,97.4039084730896,-0.709455557305612
234.91,235,6229,6234,56061,56106,2023-09-12,2023-12-15,448.45,5,44.9999999999927,445971939,-59359824,0.0125806121626859,99.8185948645527,0.000802053256336091
395.86,396,3971,3950,63536,55300,2023-09-12,2023-09-29,448.45,-21,-8236,152014431,-50985305,0.0363781251794443,99.0932203009068,-0.148933092224231
445.74,472,21,21,60207,55146,2023-09-12,2023-11-17,448.45,0,-5061.00000000001,351395725,-31010447,0.0156934180118441,99.8885788949197,-0.0917745620715919
334.89,335,5003,5002,60036,55022,2023-09-12,2023-10-20,448.45,-1,-5014,400323789,-94608838,0.0137443743069688,99.8637500405953,-0.0911271854894406
422.88,425,174,253,44892,53636,2023-09-12,2023-10-27,448.45,79,8744,4340822,2332386,1.23561850727811,86.8151469928968,0.163024834066672
399.92,400,6654,6651,79848,53208,2023-09-12,2023-09-22,448.45,-3,-26640,29576307,-9727958,0.179900756372322,97.5838092294619,-0.500676589986468
407.56,408,1180,1205,64900,53020,2023-09-12,2023-10-06,448.45,25,-11880,27359036,-2697874,0.19379337780761,98.5779177307271,-0.224066390041494
446.86,462,4,35,7244,52990,2023-09-12,2023-10-06,448.45,31,45746,27359036,-2697874,0.193683724821299,98.7716014555484,0.863294961313456
414.86,415,3780,3756,90720,52584,2023-09-12,2023-09-22,448.45,-24,-38136,29576307,-9727958,0.177790959500116,97.7616001889621,-0.725239616613419
376.98,377,26004,26003,52008,52006,2023-09-12,2023-09-15,448.45,-1,-2,151598125,-86702777,0.0343051736292913,98.9124608236415,-3.84571011037188e-05
424.73,427,2,227,572,51529,2023-09-12,2023-10-27,448.45,225,50957,4340822,2332386,1.18707931354937,88.0022263064461,0.988899454676008
445.76,510,4,8,24168,51392,2023-09-12,2023-09-15,448.45,4,27224,151598125,-86702777,0.0339001554273841,98.9463609790688,0.529732254047323
423.74,424,1735,1976,76340,51376,2023-09-12,2023-09-22,448.45,241,-24964,29576307,-9727958,0.173706609144948,97.935306798107,-0.485907816879477
442.56,468,20,20,50880,50880,2023-09-12,2023-10-20,448.45,0,0,400323789,-94608838,0.0127097118377844,99.8764597524331,0
446.47,466,19,26,42750,50778,2023-09-12,2023-11-17,448.45,7,8028,351395725,-31010447,0.0144503750010049,99.9030292699207,0.158099964551577
361.89,362,4596,4596,50556,50556,2023-09-12,2023-09-29,448.45,0,0,152014431,-50985305,0.0332573688349365,99.1264776697418,0
359.95,360,10054,10055,60324,50275,2023-09-12,2023-09-29,448.45,1,-10049,152014431,-50985305,0.0330725179637715,99.1595501877055,-0.199880656389856
284.88,285,4143,4136,53859,49632,2023-09-12,2023-11-17,448.45,-7,-4227,351395725,-31010447,0.014124246958326,99.917153516879,-0.0851668278529981
418.95,419,9951,9893,89559,49465,2023-09-12,2023-09-15,448.45,-58,-40094,151598125,-86702777,0.0326290315266102,98.9789900105955,-0.810552916203376
254.86,255,3522,3522,49308,49308,2023-09-12,2023-12-15,448.45,0,0,445971939,-59359824,0.0110563010109028,99.8296511655636,0
445.63,462,30,30,54000,49110,2023-09-12,2023-09-22,448.45,0,-4890,29576307,-9727958,0.166045071144278,98.1013518692513,-0.0995723885155773
444,525,6,6,48600,48600,2023-09-12,2023-12-15,448.45,0,0,445971939,-59359824,0.0108975466279281,99.8405487121915,0
425.7,426,1915,1602,101495,48060,2023-09-12,2023-09-22,448.45,-313,-53435,29576307,-9727958,0.162494932176624,98.2638468014279,-1.11183936745735
362.81,364,398,398,47362,47362,2023-09-12,2023-12-15,448.45,0,0,445971939,-59359824,0.0106199506870767,99.8511686628786,0
392.97,393,15763,15762,47289,47286,2023-09-12,2023-09-15,448.45,-1,-3.00000000000728,151598125,-86702777,0.0311916786569755,99.0101816892524,-6.34437254157103e-05
345.28,346,650,649,65650,46728,2023-09-12,2023-12-15,448.45,-1,-18922,445971939,-59359824,0.0104777892763338,99.8616464521549,-0.404939222735833
446.31,493,0,10,0,46690,2023-09-12,2023-09-15,448.45,10,46690,151598125,-86702777,0.0307985339528441,99.0409802232053,1
366.9,367,4608,4608,46080,46080,2023-09-12,2023-09-29,448.45,0,0,152014431,-50985305,0.0303129115419312,99.1898630992475,0
412.86,413,3281,3280,72182,45920,2023-09-12,2023-09-22,448.45,-1,-26262,29576307,-9727958,0.155259410852072,98.41910621228,-0.571907665505226
294.96,295,11305,11304,56525,45216,2023-09-12,2023-10-20,448.45,-1,-11309,400323789,-94608838,0.0112948571237669,99.8877546095568,-0.250110580325549
405.96,406,11294,11284,56470,45136,2023-09-12,2023-09-15,448.45,-10,-11334,151598125,-86702777,0.029773455311535,99.0707536785168,-0.251107763204538
446.3,460,32,32,53024,43840,2023-09-12,2023-10-27,448.45,0,-9184,4340822,2332386,1.00994696396213,89.0121732704082,-0.209489051094891
387.89,388,3935,3920,59025,43120,2023-09-12,2023-09-29,448.45,-15,-15905,152014431,-50985305,0.0283657279880224,99.2182288272355,-0.368854359925789
224.93,225,6151,6156,49208,43092,2023-09-12,2023-12-15,448.45,5,-6116,445971939,-59359824,0.00966249134342957,99.8713089434984,-0.141928896314861
378.83,379,2522,2522,42874,42874,2023-09-12,2023-09-29,448.45,0,0,152014431,-50985305,0.0282039012467178,99.2464327284822,0
447.4,486,11,11,42460,42460,2023-09-12,2023-11-17,448.45,0,0,351395725,-31010447,0.0120832431868657,99.9292367600659,0
299.99,300,42414,42414,42414,42414,2023-09-12,2023-09-15,448.45,0,0,151598125,-86702777,0.0279779185923309,99.0987315971091,0
443.15,454,0,39,0,42315,2023-09-12,2023-10-27,448.45,39,42315,4340822,2332386,0.974815369070651,89.9869886394789,1
347.25,348,564,564,56964,42300,2023-09-12,2023-12-15,448.45,0,-14664,445971939,-59359824,0.00948490169467815,99.880793845193,-0.346666666666667
355.12,356,474,474,44556,41712,2023-09-12,2023-12-15,448.45,0,-2844,445971939,-59359824,0.00935305483424149,99.8901469000273,-0.0681818181818182
429.93,433,47,135,19317,41445,2023-09-12,2023-10-27,448.45,88,22128,4340822,2332386,0.954773082148957,90.9417617216278,0.533912414042707
410.71,411,1446,1428,60732,41412,2023-09-12,2023-09-29,448.45,-18,-19320,152014431,-50985305,0.0272421504508345,99.273674878933,-0.466531440162272
438.49,444,66,75,46464,41325,2023-09-12,2023-10-27,448.45,9,-5139,4340822,2332386,0.952008628780448,91.8937703504083,-0.124355716878403
264.97,265,13573,13573,27146,40719,2023-09-12,2023-10-20,448.45,0,13573,400323789,-94608838,0.0101715164371608,99.897926125994,0.333333333333333
397.84,398,2539,2536,53319,40576,2023-09-12,2023-09-29,448.45,-3,-12743,152014431,-50985305,0.0266922026633116,99.3003670815964,-0.314052641955836
349.99,350,40282,40281,80564,40281,2023-09-12,2023-09-15,448.45,-1,-40283,151598125,-86702777,0.0265709091059009,99.125302506215,-1.00004965120032
405.79,406,1909,1905,57270,40005,2023-09-12,2023-09-29,448.45,-4,-17265,152014431,-50985305,0.0263165804304461,99.3266836620268,-0.431571053618297
427.75,429,230,319,39790,39875,2023-09-12,2023-10-06,448.45,89,85,27359036,-2697874,0.145747094305516,98.9173485498539,0.00213166144200627
319.93,320,5657,5651,56570,39557,2023-09-12,2023-10-20,448.45,-6,-17013,400323789,-94608838,0.00988125139872715,99.9078073773927,-0.430088227115302
400.97,401,13108,13103,52432,39309,2023-09-12,2023-09-15,448.45,-5,-13123,151598125,-86702777,0.0259297402260087,99.1512322464411,-0.333842122669109
401.97,402,13055,13055,52220,39165,2023-09-12,2023-09-15,448.45,0,-13055,151598125,-86702777,0.0258347522438025,99.1770669986849,-0.333333333333334
413.47,414,725,734,52925,38902,2023-09-12,2023-10-06,448.45,9,-14023,27359036,-2697874,0.142190682449484,99.0595392323034,-0.36046989871986
422.75,423,1273,1500,56012,37500,2023-09-12,2023-09-22,448.45,227,-18512,29576307,-9727958,0.126790677416217,98.5458968896962,-0.493653333333333
422.74,424,120,297,19320,37422,2023-09-12,2023-10-13,448.45,177,18102,17144640,2870747,0.218272299680833,97.9843029658249,0.483726150392817
444.88,468,16,16,36992,36992,2023-09-12,2023-09-15,448.45,0,0,151598125,-86702777,0.0244013572067597,99.2014683558916,0
421.78,422,1478,1673,59120,36806,2023-09-12,2023-09-22,448.45,195,-22314,29576307,-9727958,0.124444204612834,98.670341094309,-0.606259848937673
427.34,429,149,216,35015,35856,2023-09-12,2023-10-13,448.45,67,841,17144640,2870747,0.209138249622039,98.1934412154469,0.0234549308344489
451.6,479,13,13,35620,35620,2023-09-12,2023-12-15,448.45,0,0,445971939,-59359824,0.00798704960672425,99.898133949634,0
425.63,428,7,149,2261,35313,2023-09-12,2023-10-27,448.45,142,33052,4340822,2332386,0.813509515018123,92.7072798654264,0.935972587998754
417.1,418,48,389,5904,35010,2023-09-12,2023-10-13,448.45,341,29106,17144640,2870747,0.204203762808668,98.3976449782556,0.831362467866324
445.3,480,10,10,34700,34700,2023-09-12,2023-10-06,448.45,0,0,27359036,-2697874,0.126831954166806,99.1863711864702,0
413.7,415,189,266,32697,34580,2023-09-12,2023-10-27,448.45,77,1883,4340822,2332386,0.796623312358811,93.5039031777852,0.0544534412955467
406.97,407,11521,11465,57605,34395,2023-09-12,2023-09-15,448.45,-56,-23210,151598125,-86702777,0.0226882753332206,99.2241566312248,-0.674807384794302
294.85,295,2248,2251,38216,33765,2023-09-12,2023-11-17,448.45,3,-4451,351395725,-31010447,0.00960882492238629,99.9388455849883,-0.131822893528802
417.83,418,2060,1970,57680,33490,2023-09-12,2023-09-22,448.45,-90,-24190,29576307,-9727958,0.11323252764451,98.7835736219536,-0.722305165721111
375.92,376,4053,4053,60795,32424,2023-09-12,2023-09-29,448.45,0,-28371,152014431,-50985305,0.0213295539026818,99.3480132159295,-0.875
391.87,392,2447,2491,36705,32383,2023-09-12,2023-09-29,448.45,44,-4322,152014431,-50985305,0.021302582779131,99.3693157987086,-0.133465089707563
387.97,388,10768,10775,32304,32325,2023-09-12,2023-09-15,448.45,7,21.0000000000036,151598125,-86702777,0.0213228230890059,99.2454794543139,0.000649651972157885
400.92,401,4026,4025,52338,32200,2023-09-12,2023-09-22,448.45,-1,-20138,29576307,-9727958,0.108870928341392,98.8924445502949,-0.625403726708075
448,471,14,14,32200,32200,2023-09-12,2023-12-15,448.45,0,0,445971939,-59359824,0.00722018521438857,99.9053541348484,0
402.96,403,7958,7957,39790,31828,2023-09-12,2023-09-15,448.45,-1,-7962,151598125,-86702777,0.0209949826226413,99.2664744369365,-0.250157094382305
249.98,250,15889,15891,31778,31782,2023-09-12,2023-10-20,448.45,2,3.99999999999636,400323789,-94608838,0.00793907353829527,99.915746450931,0.00012585740356165
417.38,418,507,511,48165,31682,2023-09-12,2023-10-06,448.45,4,-16483,27359036,-2697874,0.115800863743883,99.3021720502141,-0.520263872230288
444.37,600,2,2,31126,31126,2023-09-12,2023-10-20,448.45,0,0,400323789,-94608838,0.00777520618441189,99.9235216571154,0
391.97,392,10163,10159,40652,30477,2023-09-12,2023-09-15,448.45,-4,-10175,151598125,-86702777,0.0201038106506924,99.2865782475872,-0.333858319388391
446.82,462,0,20,0,30360,2023-09-12,2023-10-13,448.45,20,30360,17144640,2870747,0.177081583515314,98.5747265617709,1
445.98,458,23,25,34155,30050,2023-09-12,2023-10-13,448.45,2,-4105,17144640,2870747,0.175273438229091,98.75,-0.136605657237937
149.99,150,29932,29931,59864,29931,2023-09-12,2023-12-15,448.45,-1,-29933,445971939,-59359824,0.00671140880906411,99.9120655436575,-1.00006682035348
445.2,475,10,10,29800,29800,2023-09-12,2023-09-15,448.45,0,0,151598125,-86702777,0.01965723520657,99.3062354827937,0
229.92,230,3703,3708,33327,29664,2023-09-12,2023-12-15,448.45,5,-3663,445971939,-59359824,0.00665153957141685,99.9187170832289,-0.123483009708738
403.96,404,7303,7300,43818,29200,2023-09-12,2023-09-15,448.45,-3,-14618,151598125,-86702777,0.0192614519473773,99.3254969347411,-0.500616438356165
445.5,482,8,8,29200,29200,2023-09-12,2023-10-20,448.45,0,0,400323789,-94608838,0.007294095630175,99.9308157527456,0
244.89,245,2635,2635,28985,28985,2023-09-12,2023-12-15,448.45,0,0,445971939,-59359824,0.00649928783972213,99.9252163710686,0
289.87,290,2199,2213,30786,28769,2023-09-12,2023-11-17,448.45,14,-2017,351395725,-31010447,0.00818706602079465,99.9470326510091,-0.0701101880496368
184.96,185,7109,7109,28436,28436,2023-09-12,2023-12-15,448.45,0,0,445971939,-59359824,0.00637618592411035,99.9315925569927,0
442.97,720,1,1,27703,27703,2023-09-12,2023-12-15,448.45,0,0,445971939,-59359824,0.00621182580727349,99.9378043828,0
434.71,469,8,8,27432,27432,2023-09-12,2023-09-29,448.45,0,0,152014431,-50985305,0.0180456551523059,99.3873614538609,0
443.49,466,12,12,27012,27012,2023-09-12,2023-10-06,448.45,0,0,27359036,-2697874,0.0987315488747484,99.4009035990888,0
410.96,411,6010,6747,42070,26988,2023-09-12,2023-09-15,448.45,737,-15082,151598125,-86702777,0.017802330998487,99.3432992657396,-0.558840966355418
269.91,270,2959,2959,26631,26631,2023-09-12,2023-11-17,448.45,0,0,351395725,-31010447,0.00757863516979326,99.9546112861789,0
442.5,452,0,28,0,26600,2023-09-12,2023-10-27,448.45,28,26600,4340822,2332386,0.612787163352932,94.1166903411382,1
382.9,383,2654,2653,29194,26530,2023-09-12,2023-09-29,448.45,-1,-2664,152014431,-50985305,0.0174522904341891,99.4048137442951,-0.100414624952884
393.86,394,1868,1868,33624,26152,2023-09-12,2023-09-29,448.45,0,-7472,152014431,-50985305,0.0172036298316967,99.4220173741268,-0.285714285714286
319.99,320,25913,25913,25913,25913,2023-09-12,2023-09-15,448.45,0,0,151598125,-86702777,0.0170932193257667,99.3603924850654,0
289.97,290,7042,8625,28168,25875,2023-09-12,2023-10-20,448.45,1583,-2293,400323789,-94608838,0.00646351795995816,99.9372792707056,-0.0886183574879227
446.57,470,9,11,21870,25773,2023-09-12,2023-09-22,448.45,2,3903,29576307,-9727958,0.0871406967746176,98.9795852470696,0.151437550925387
376.92,377,3161,3192,28449,25536,2023-09-12,2023-09-29,448.45,31,-2913,152014431,-50985305,0.0167984051461535,99.438815779273,-0.114074248120301
339.99,340,25517,25509,25517,25509,2023-09-12,2023-09-15,448.45,-8,-8,151598125,-86702777,0.016826725264577,99.37721921033,-0.000313614802618684
388.87,389,1957,1957,25441,25441,2023-09-12,2023-09-29,448.45,0,0,152014431,-50985305,0.0167359110793896,99.4555516903524,0
446.24,497,0,5,0,25380,2023-09-12,2023-09-15,448.45,5,25380,151598125,-86702777,0.0167416318638506,99.3939608421938,1
443.03,466,11,11,25267,25267,2023-09-12,2023-10-13,448.45,0,0,17144640,2870747,0.14737550628068,98.8973755062807,0
164.97,165,8395,8396,16790,25188,2023-09-12,2023-12-15,448.45,1,8398,445971939,-59359824,0.00564788898074594,99.9434522717807,0.333412736223599
447.02,472,10,10,33280,24980,2023-09-12,2023-09-15,448.45,0,-8300,151598125,-86702777,0.0164777763577221,99.4104386185515,-0.33226581265012
405.65,406,684,713,31464,24955,2023-09-12,2023-10-06,448.45,29,-6509,27359036,-2697874,0.0912130091133328,99.4921166082021,-0.260829493087558
381.9,382,2492,2492,24920,24920,2023-09-12,2023-09-29,448.45,0,0,152014431,-50985305,0.0163931804606103,99.471944870813,0
396.97,397,8187,8182,32748,24546,2023-09-12,2023-09-15,448.45,-5,-8202,151598125,-86702777,0.0161914931335727,99.4266301116851,-0.334148130041555
445.73,461,16,16,27040,24432,2023-09-12,2023-09-15,448.45,0,-2608,151598125,-86702777,0.0161162943143261,99.4427464059994,-0.106745252128356
234.98,235,12179,12179,24358,24358,2023-09-12,2023-10-20,448.45,0,0,400323789,-94608838,0.00608457470410283,99.9433638454096,0
408.75,409,992,970,34720,24250,2023-09-12,2023-09-29,448.45,-22,-10470,152014431,-50985305,0.015952432831854,99.4878973036448,-0.431752577319588
329.99,330,24141,24130,24141,24130,2023-09-12,2023-09-15,448.45,-11,-11,151598125,-86702777,0.0159170834071991,99.4586634894066,-0.000455864069622876
314.99,315,24016,24015,24016,24015,2023-09-12,2023-09-15,448.45,-1,-1,151598125,-86702777,0.0158412249491872,99.4745047143558,-4.16406412658755e-05
444.93,565,2,2,24014,24014,2023-09-12,2023-10-20,448.45,0,0,400323789,-94608838,0.00599864426243228,99.9493624896721,0
443.46,470,9,9,23886,23886,2023-09-12,2023-10-13,448.45,0,0,17144640,2870747,0.139320510666891,99.0366960169476,0
408.95,410,111,226,15873,23730,2023-09-12,2023-10-27,448.45,115,7857,4340822,2332386,0.546670653622747,94.6633609947609,0.33109987357775
388.97,389,7818,7818,23454,23454,2023-09-12,2023-09-15,448.45,0,0,151598125,-86702777,0.015471167601842,99.4899758819577,0
403.8,404,1021,1167,27567,23340,2023-09-12,2023-09-29,448.45,146,-4227,152014431,-50985305,0.0153538054554834,99.5032511091003,-0.181105398457584
386.9,387,2301,2301,29913,23010,2023-09-12,2023-09-29,448.45,0,-6903,152014431,-50985305,0.0151367208025138,99.5183878299028,-0.3
339.96,340,5699,5704,22796,22816,2023-09-12,2023-09-29,448.45,5,20,152014431,-50985305,0.015009101339859,99.5333969312427,0.000876577840112202
413.86,414,1616,1604,37168,22456,2023-09-12,2023-09-22,448.45,-12,-14712,29576307,-9727958,0.0759256387215618,99.0555108857911,-0.655147844674029
418.82,419,1206,1243,39798,22374,2023-09-12,2023-09-22,448.45,37,-17424,29576307,-9727958,0.0756483897736117,99.1311592755647,-0.778761061946903
390.79,391,1065,1065,22365,22365,2023-09-12,2023-09-29,448.45,0,0,152014431,-50985305,0.0147124189808006,99.5481093502235,0
401.82,402,1231,1238,30775,22284,2023-09-12,2023-09-29,448.45,7,-8491,152014431,-50985305,0.0146591345659808,99.5627684847894,-0.381035720696464
437.07,442,28,45,18312,22185,2023-09-12,2023-10-27,448.45,17,3873,4340822,2332386,0.511078316503188,95.1744393112641,0.174577417173766
446,468,10,10,17800,22000,2023-09-12,2023-10-06,448.45,0,4200,27359036,-2697874,0.0804121899616639,99.5725287981638,0.190909090909091
424.59,426,108,154,19440,21714,2023-09-12,2023-10-13,448.45,46,2274,17144640,2870747,0.126651828209866,99.1633478451575,0.104725062171871
360.94,361,3600,3600,21600,21600,2023-09-12,2023-09-29,448.45,0,0,152014431,-50985305,0.0142091772852802,99.5769776620747,0
279.97,280,6982,6964,20946,20892,2023-09-12,2023-10-20,448.45,-18,-53.9999999999964,400323789,-94608838,0.00521877554471288,99.9545812652168,-0.00258472142446852
446.31,498,0,4,0,20676,2023-09-12,2023-09-15,448.45,4,20676,151598125,-86702777,0.0136386911117799,99.5036145730694,1
447.16,473,8,8,20672,20672,2023-09-12,2023-12-15,448.45,0,0,445971939,-59359824,0.00463526921589567,99.9480875409966,0
204.95,205,4081,4081,20405,20405,2023-09-12,2023-12-15,448.45,0,0,445971939,-59359824,0.00457539997824841,99.9526629409749,0
380.91,381,2169,2259,19521,20331,2023-09-12,2023-09-29,448.45,90,810.000000000004,152014431,-50985305,0.01337438811977,99.5903520501945,0.0398406374501994
309.99,310,20124,20112,20124,20112,2023-09-12,2023-09-15,448.45,-12,-12,151598125,-86702777,0.0132666548481388,99.5168812279176,-0.000596658711217184
443.56,459,13,13,20072,20072,2023-09-12,2023-09-22,448.45,0,0,29576307,-9727958,0.0678651327226215,99.1990244082874,0
393.97,394,6529,6615,26116,19845,2023-09-12,2023-09-15,448.45,86,-6271,151598125,-86702777,0.013090531297798,99.5299717592154,-0.315998992189469
345.94,346,3299,3299,19794,19794,2023-09-12,2023-09-29,448.45,0,0,152014431,-50985305,0.0130211321844832,99.603373182379,0
373.92,374,2446,2446,19568,19568,2023-09-12,2023-09-29,448.45,0,0,152014431,-50985305,0.0128724620888131,99.6162456444678,0
392.87,393,1488,1488,26784,19344,2023-09-12,2023-09-29,448.45,0,-7440,152014431,-50985305,0.0127251076577065,99.6289707521255,-0.384615384615384
149.99,150,19253,19254,19253,19254,2023-09-12,2023-09-15,448.45,1,1,151598125,-86702777,0.0127006847874933,99.5426724440029,5.19372597901735e-05
385.89,386,1737,1738,27792,19118,2023-09-12,2023-09-29,448.45,1,-8674,152014431,-50985305,0.0125764375620365,99.6415471896876,-0.453708546919134
430.71,434,94,58,36942,19082,2023-09-12,2023-10-27,448.45,-36,-17860,4340822,2332386,0.439594159815814,95.6140334710799,-0.935960591133005
385.98,386,9537,9537,28611,19074,2023-09-12,2023-09-15,448.45,0,-9537,151598125,-86702777,0.0125819498097354,99.5552543938126,-0.5
354.99,355,18537,18524,18537,18524,2023-09-12,2023-09-15,448.45,-13,-13,151598125,-86702777,0.0122191484888088,99.5674735423014,-0.000701792269488232
349.98,350,9248,9249,27744,18498,2023-09-12,2023-09-22,448.45,1,-9246,29576307,-9727958,0.0625433053558715,99.2615677136432,-0.499837820304898
249.99,250,18308,18308,18308,18308,2023-09-12,2023-09-15,448.45,0,0,151598125,-86702777,0.0120766665154995,99.5795502088169,0
446.31,492,0,4,0,18276,2023-09-12,2023-09-15,448.45,4,18276,151598125,-86702777,0.0120555580750092,99.5916057668919,1
399.27,400,203,249,18067,18177,2023-09-12,2023-10-27,448.45,46,110,4340822,2332386,0.418745573994972,96.0327790450749,0.00605160367497387
367.94,368,3003,3021,33033,18126,2023-09-12,2023-09-29,448.45,18,-14907,152014431,-50985305,0.0119238679385643,99.6534710576261,-0.822409798080106
370.87,371,1358,1358,17654,17654,2023-09-12,2023-09-29,448.45,0,0,152014431,-50985305,0.0116133711015897,99.6650844287277,0
442.75,478,5,5,17625,17625,2023-09-12,2023-10-20,448.45,0,0,400323789,-94608838,0.00440268614663817,99.9589839513634,0
259.97,260,5824,5824,17472,17472,2023-09-12,2023-10-20,448.45,0,0,400323789,-94608838,0.00436446708391841,99.9633484184474,0
416.84,417,978,1085,28362,17360,2023-09-12,2023-09-22,448.45,107,-11002,29576307,-9727958,0.0586956309318807,99.3202633445751,-0.633755760368664
446.59,461,11,12,20031,17292,2023-09-12,2023-10-13,448.45,1,-2739,17144640,2870747,0.100859510610896,99.2642073557683,-0.158396946564885
446.65,459,10,14,14700,17290,2023-09-12,2023-10-06,448.45,4,2590,27359036,-2697874,0.0631966711107804,99.6357254692746,0.149797570850202
390.98,391,8605,8599,34420,17198,2023-09-12,2023-09-15,448.45,-6,-17222,151598125,-86702777,0.011344467485993,99.6029502343779,-1.00139551110594
444.11,530,2,2,17178,17178,2023-09-12,2023-09-29,448.45,0,0,152014431,-50985305,0.0113002429354881,99.6763846716632,0
394.38,395,164,276,12792,17112,2023-09-12,2023-10-27,448.45,112,4320,4340822,2332386,0.39421105034945,96.4269900954243,0.252454417952314
404.13,405,170,196,18020,17052,2023-09-12,2023-10-27,448.45,26,-968,4340822,2332386,0.392828823665195,96.8198189190895,-0.0567675346000469
438.87,495,3,3,16839,16839,2023-09-12,2023-11-17,448.45,0,0,351395725,-31010447,0.00479203325538465,99.9594033194342,0
451.36,485,5,5,16820,16820,2023-09-12,2023-12-15,448.45,0,0,445971939,-59359824,0.00377153774242285,99.9564344787173,0
437.75,443,26,32,19292,16800,2023-09-12,2023-10-27,448.45,6,-2492,4340822,2332386,0.387023471591325,97.2068423906808,-0.148333333333333
364.99,365,16719,16641,16719,16641,2023-09-12,2023-09-15,448.45,-78,-78,151598125,-86702777,0.0109770486937091,99.6139272830716,-0.00468721831620696
444.82,500,3,3,16554,16554,2023-09-12,2023-10-13,448.45,0,0,17144640,2870747,0.0965549582843384,99.3607623140527,0
449.27,461,14,14,16422,16422,2023-09-12,2023-09-22,448.45,0,0,29576307,-9727958,0.0555241734541097,99.3757875180292,0
169.97,170,5405,5405,16215,16215,2023-09-12,2023-12-15,448.45,0,0,445971939,-59359824,0.00363587898295996,99.9600703577003,0
209.97,210,5409,5399,16227,16197,2023-09-12,2023-11-17,448.45,-10,-29.9999999999982,351395725,-31010447,0.00460933325241791,99.9640126526867,-0.0018521948508982
449.1,530,2,2,16180,16180,2023-09-12,2023-09-15,448.45,0,0,151598125,-86702777,0.0106729552228961,99.6246002382945,0
382.98,383,8144,8086,48864,16172,2023-09-12,2023-09-15,448.45,-58,-32692,151598125,-86702777,0.0106676781127735,99.6352679164073,-2.02151867425179
395.97,396,5338,5337,21352,16011,2023-09-12,2023-09-15,448.45,-1,-5341,151598125,-86702777,0.0105614762715568,99.6458293926788,-0.333583161576416
329.98,330,7962,7962,39810,15924,2023-09-12,2023-09-29,448.45,0,-23886,152014431,-50985305,0.0104753212542038,99.6868599929174,-1.5
416.47,418,17,103,3162,15759,2023-09-12,2023-10-27,448.45,86,12597,4340822,2332386,0.363041838619506,97.5698842293004,0.799352750809062
214.93,215,2232,2232,15624,15624,2023-09-12,2023-12-15,448.45,0,0,445971939,-59359824,0.00350335943445984,99.9635737171347,0
397.97,398,5096,5164,20384,15492,2023-09-12,2023-09-15,448.45,68,-4892,151598125,-86702777,0.0102191237523551,99.6560485164312,-0.315775884327395
415.84,416,955,960,23875,15360,2023-09-12,2023-09-22,448.45,5,-8515,29576307,-9727958,0.0519334614696825,99.4277209794989,-0.554361979166667
445.1,467,7,7,15330,15330,2023-09-12,2023-09-15,448.45,0,0,151598125,-86702777,0.0101122622723731,99.6661607787036,0
304.99,305,15267,15267,15267,15267,2023-09-12,2023-09-15,448.45,0,0,151598125,-86702777,0.0100707050301579,99.6762314837337,0
372.98,373,7552,7552,15104,15104,2023-09-12,2023-09-15,448.45,0,0,151598125,-86702777,0.00996318391141051,99.6861946676452,0
394.66,395,302,443,12080,15062,2023-09-12,2023-10-13,448.45,141,2982,17144640,2870747,0.0878525300035463,99.4486148440562,0.197981675740273
449.27,468,8,8,14984,14984,2023-09-12,2023-09-29,448.45,0,0,152014431,-50985305,0.00985695890938144,99.6967169518268,0
440.16,590,1,1,14984,14984,2023-09-12,2023-12-15,448.45,0,0,445971939,-59359824,0.00335985264759001,99.9669335697823,0
194.95,195,2996,2996,14980,14980,2023-09-12,2023-12-15,448.45,0,0,445971939,-59359824,0.00335895573017207,99.9702925255125,0
249.94,250,2469,2485,14814,14910,2023-09-12,2023-11-17,448.45,16,96.0000000000018,351395725,-31010447,0.00424307950815281,99.9682557321948,0.00643863179074459
269.97,270,4943,4963,14829,14889,2023-09-12,2023-10-20,448.45,20,59.9999999999982,400323789,-94608838,0.00371923937800259,99.9670676578254,0.00402982067297993
199.99,200,14758,14758,14758,14758,2023-09-12,2023-09-15,448.45,0,0,151598125,-86702777,0.0097349488986094,99.6959296165438,0
452.7,600,1,1,14730,14730,2023-09-12,2023-12-15,448.45,0,0,445971939,-59359824,0.00330289839155104,99.973595423904,0
384.55,385,313,325,17528,14625,2023-09-12,2023-10-27,448.45,12,-2903,4340822,2332386,0.336917754287091,97.9068019835874,-0.198495726495727
379.85,380,960,959,18240,14385,2023-09-12,2023-10-06,448.45,-1,-3855,27359036,-2697874,0.052578606936297,99.6883040762109,-0.267987486965589
361.98,362,6931,7137,6931,14274,2023-09-12,2023-09-15,448.45,206,7343,151598125,-86702777,0.00941568373619397,99.70534530028,0.514431834103965
356.92,357,1779,1779,14232,14232,2023-09-12,2023-09-29,448.45,0,0,152014431,-50985305,0.00936226903352353,99.7060792208603,0
358.9,359,1411,1411,14110,14110,2023-09-12,2023-09-29,448.45,0,0,152014431,-50985305,0.00928201349515297,99.7153612343554,0
450,520,2,2,14000,14000,2023-09-12,2023-12-15,448.45,0,0,445971939,-59359824,0.00313921096277764,99.9767346348668,0
358.97,359,4686,4573,9372,13719,2023-09-12,2023-09-15,448.45,-113,4347,151598125,-86702777,0.00904958422144073,99.7143948845014,0.316859829433632
389.48,390,247,261,15561,13572,2023-09-12,2023-10-27,448.45,14,-1989,4340822,2332386,0.312659675978421,98.2194616595659,-0.146551724137931
154.98,155,6769,6769,13538,13538,2023-09-12,2023-12-15,448.45,0,0,445971939,-59359824,0.00303561700100598,99.9797702518678,0
399.58,400,265,322,13780,13524,2023-09-12,2023-10-13,448.45,57,-256.000000000002,17144640,2870747,0.0788817962931855,99.5274966403494,-0.0189293108547768
368.92,369,1680,1680,13440,13440,2023-09-12,2023-09-29,448.45,0,0,152014431,-50985305,0.00884126586639659,99.7242025002218,0
398.97,399,4494,4477,22470,13431,2023-09-12,2023-09-15,448.45,-17,-9039,151598125,-86702777,0.00885960825702824,99.7232544927584,-0.672995309358946
383.9,384,1319,1318,13190,13180,2023-09-12,2023-09-29,448.45,-1,-9.99999999999818,152014431,-50985305,0.00867022947314785,99.732872729695,-0.000758725341426266
340.97,341,4373,4373,17492,13119,2023-09-12,2023-09-29,448.45,0,-4373,152014431,-50985305,0.00863010170396257,99.741502831399,-0.333333333333333
440.61,447.5,0,19,0,13091,2023-09-12,2023-10-27,448.45,19,13091,4340822,2332386,0.301578825392979,98.5210404849589,1
371.98,372,6544,6544,13088,13088,2023-09-12,2023-09-15,448.45,0,0,151598125,-86702777,0.00863335216052309,99.7318878449189,0
344.96,345,3257,3263,22799,13052,2023-09-12,2023-09-29,448.45,6,-9747,152014431,-50985305,0.00858602694108693,99.75008885834,-0.746782102359791
324.99,325,13086,12986,13086,12986,2023-09-12,2023-09-15,448.45,-100,-100,151598125,-86702777,0.00856606900646034,99.7404539139254,-0.00770060064685045
415.43,416,217,227,18228,12939,2023-09-12,2023-10-06,448.45,10,-5289,27359036,-2697874,0.0472933329960895,99.735597409207,-0.408764201252029
446.64,461,9,9,15714,12924,2023-09-12,2023-10-06,448.45,0,-2790,27359036,-2697874,0.0472385065029338,99.7828359157099,-0.215877437325905
214.97,215,4300,4303,12900,12909,2023-09-12,2023-11-17,448.45,3,9,351395725,-31010447,0.00367363604096208,99.9719293682358,0.000697188008366256
174.97,175,4276,4274,12828,12822,2023-09-12,2023-12-15,448.45,-2,-6,445971939,-59359824,0.00287506878319535,99.982645320651,-0.000467945718296678
383.98,384,6193,6392,24772,12784,2023-09-12,2023-09-15,448.45,199,-11988,151598125,-86702777,0.00843282197586547,99.7488867359013,-0.937734668335419
372.93,373,1760,1760,14080,12320,2023-09-12,2023-09-29,448.45,0,-1760,152014431,-50985305,0.00810449371086354,99.7581933520509,-0.142857142857143
443.54,464,6,6,12276,12276,2023-09-12,2023-09-22,448.45,0,0,29576307,-9727958,0.0415061961589728,99.4692271756579,0
334.99,335,12099,12099,12099,12099,2023-09-12,2023-09-15,448.45,0,0,151598125,-86702777,0.00798096942162048,99.7568677053229,0
426.41,429,12,46,3960,11914,2023-09-12,2023-10-27,448.45,34,7954,4340822,2332386,0.274464145270182,98.795504630229,0.667617928487494
444.5,484,3,3,11850,11850,2023-09-12,2023-10-20,448.45,0,0,400323789,-94608838,0.00296010387731417,99.9700277617027,0
451.5,570,1,1,11850,11850,2023-09-12,2023-12-15,448.45,0,0,445971939,-59359824,0.00265711785063679,99.9853024385016,0
443.4,467,5,5,11800,11800,2023-09-12,2023-09-29,448.45,0,0,152014431,-50985305,0.00776242092436606,99.7659557729753,0
446.16,459,8,9,12856,11556,2023-09-12,2023-10-13,448.45,1,-1300,17144640,2870747,0.0674029900890307,99.5948996304384,-0.112495673243337
400.82,401,619,631,12999,11358,2023-09-12,2023-09-29,448.45,12,-1641,152014431,-50985305,0.00747165905584319,99.7734274320311,-0.144479661912309
447.21,504,1,2,6350,11358,2023-09-12,2023-09-29,448.45,1,5008,152014431,-50985305,0.00747165905584319,99.780899091087,0.440922697658038
444.76,455,11,11,13167,11264,2023-09-12,2023-10-27,448.45,0,-1903,4340822,2332386,0.259490022857422,99.0549946530864,-0.1689453125
445.7,502,0,2,0,11260,2023-09-12,2023-09-15,448.45,2,11260,151598125,-86702777,0.00742753249751605,99.7642952378204,1
264.92,265,1408,1399,11264,11192,2023-09-12,2023-11-17,448.45,-9,-72,351395725,-31010447,0.00318501313583141,99.9751143813716,-0.00643316654753395
284.97,285,3629,3629,10887,10887,2023-09-12,2023-10-20,448.45,0,0,400323789,-94608838,0.00271954860019573,99.9727473103029,0
446.12,500,0,2,0,10776,2023-09-12,2023-09-22,448.45,2,10776,29576307,-9727958,0.0364345690623241,99.5056617447202,1
159.98,160,5788,5342,17364,10684,2023-09-12,2023-12-15,448.45,-446,-6680,445971939,-59359824,0.00239566642330831,99.9876981049249,-0.625233994758517
449.22,555,1,1,10578,10578,2023-09-12,2023-09-15,448.45,0,0,151598125,-86702777,0.00697765885956703,99.77127289668,0
349.81,350,1,554,22,10526,2023-09-12,2023-10-27,448.45,553,10504,4340822,2332386,0.242488634641089,99.2974832877275,0.997909937298119
406.9,407,475,1051,6650,10510,2023-09-12,2023-09-22,448.45,576,3860,29576307,-9727958,0.0355352005238517,99.541196945244,0.367269267364415
334.95,335,2095,2095,10475,10475,2023-09-12,2023-09-29,448.45,0,0,152014431,-50985305,0.00689079315107919,99.7877898842381,0
450.31,555,1,1,10469,10469,2023-09-12,2023-12-15,448.45,0,0,445971939,-59359824,0.00234745711209422,99.990045562037,0
435.56,540,1,1,10444,10444,2023-09-12,2023-12-15,448.45,0,0,445971939,-59359824,0.00234185137823212,99.9923874134153,0
411.87,412,819,803,16380,10439,2023-09-12,2023-09-22,448.45,-16,-5941,29576307,-9727958,0.0352951435079437,99.576492088752,-0.569115815691158
369.89,370,944,941,13216,10351,2023-09-12,2023-10-06,448.45,-3,-2865,27359036,-2697874,0.0378339353769628,99.8206698510869,-0.276784851705149
375.98,376,5166,5166,10332,10332,2023-09-12,2023-09-15,448.45,0,0,151598125,-86702777,0.00681538772329803,99.7780882844033,0
380.98,381,5151,5151,15453,10302,2023-09-12,2023-09-15,448.45,0,-5151,151598125,-86702777,0.0067955985603384,99.7848838829636,-0.5
274.97,275,3379,3427,10137,10281,2023-09-12,2023-10-20,448.45,48,144.000000000002,400323789,-94608838,0.00256817113609004,99.975315481439,0.0140064196089876
294.98,295,5214,5136,10428,10272,2023-09-12,2023-09-29,448.45,-78,-156,152014431,-50985305,0.00675725319788882,99.7945471374359,-0.0151869158878505
377.92,378,1283,1278,11547,10224,2023-09-12,2023-09-29,448.45,-5,-1323,152014431,-50985305,0.00672567724836598,99.8012728146843,-0.129401408450704
357.92,358,1277,1277,10216,10216,2023-09-12,2023-09-29,448.45,0,0,152014431,-50985305,0.00672041459011217,99.8079932292744,0
348.99,349,10173,10173,10173,10173,2023-09-12,2023-09-15,448.45,0,0,151598125,-86702777,0.00671050515961197,99.7915943881232,0
229.96,230,2537,2537,10148,10148,2023-09-12,2023-11-17,448.45,0,0,351395725,-31010447,0.00288791219642755,99.978002293568,0
404.91,405,1133,1118,15862,10062,2023-09-12,2023-09-22,448.45,-15,-5800,29576307,-9727958,0.0340204745643193,99.6105125633163,-0.576426157821507
449.99,550,1,1,10001,10001,2023-09-12,2023-09-29,448.45,0,0,152014431,-50985305,0.0065789806495411,99.8145722099239,0
407.9,408,513,998,8721,9980,2023-09-12,2023-09-22,448.45,485,1259,29576307,-9727958,0.0337432256163692,99.6442557889327,0.126152304609219
365.94,366,1751,1652,14008,9912,2023-09-12,2023-09-29,448.45,-99,-4096,152014431,-50985305,0.00652043357646749,99.8210926435004,-0.413236481033092
423.78,426,9,44,2601,9768,2023-09-12,2023-10-27,448.45,35,7167,4340822,2332386,0.225026504196671,99.5225097919242,0.733722358722359
299.98,300,5019,4825,5019,9650,2023-09-12,2023-09-29,448.45,-194,4631,152014431,-50985305,0.00634808151865529,99.8274407250191,0.479896373056995
445.09,469,4,4,9564,9564,2023-09-12,2023-09-15,448.45,0,0,151598125,-86702777,0.00630878515153139,99.7979031732747,0
444.92,492,2,2,9416,9416,2023-09-12,2023-12-15,448.45,0,0,445971939,-59359824,0.00211134360182245,99.9944987570171,0
324.98,325,4638,4642,13914,9284,2023-09-12,2023-09-29,448.45,4,-4630,152014431,-50985305,0.0061073149035436,99.8335480399226,-0.498707453683757
319.98,320,4574,4596,9148,9192,2023-09-12,2023-09-29,448.45,22,44,152014431,-50985305,0.00604679433362481,99.8395948342562,0.00478677110530896
367.98,368,4703,4593,9406,9186,2023-09-12,2023-09-15,448.45,-110,-220,151598125,-86702777,0.00605944169824,99.803962614973,-0.0239494883518398
389.94,390,1275,1531,11475,9186,2023-09-12,2023-09-22,448.45,256,-2289,29576307,-9727958,0.0310586443398765,99.6753144332726,-0.249183540169824
254.98,255,4436,4487,8872,8974,2023-09-12,2023-10-20,448.45,51,102,400323789,-94608838,0.00224168541730104,99.9775571668563,0.0113661689324716
449.16,494,2,2,8968,8968,2023-09-12,2023-09-15,448.45,0,0,151598125,-86702777,0.00591564044739999,99.8098782554204,0
149.99,150,8915,8915,8915,8915,2023-09-12,2023-10-20,448.45,0,0,400323789,-94608838,0.00222694734736336,99.9797841142036,0
451.4,540,1,1,8860,8860,2023-09-12,2023-09-29,448.45,0,0,152014431,-50985305,0.0058283940160918,99.8454232282723,0
289.99,290,8826,8827,8826,8827,2023-09-12,2023-09-15,448.45,1,1,151598125,-86702777,0.00582263138148971,99.8157008868019,0.000113288773082588
325.96,326,2205,2205,8820,8820,2023-09-12,2023-09-29,448.45,0,0,152014431,-50985305,0.00580208072482276,99.8512253089972,0
350.91,351,973,973,8757,8757,2023-09-12,2023-09-29,448.45,0,0,152014431,-50985305,0.00576063729107403,99.8569859462882,0
244.99,245,8734,8734,8734,8734,2023-09-12,2023-09-15,448.45,0,0,151598125,-86702777,0.00576128497631485,99.8214621717782,0
344.98,345,4181,4321,12543,8642,2023-09-12,2023-09-22,448.45,140,-3901,29576307,-9727958,0.0292193342461586,99.7045337675187,-0.451400138856746
234.96,235,2145,2137,10725,8548,2023-09-12,2023-11-17,448.45,-8,-2177,351395725,-31010447,0.00243258508623006,99.9804348786543,-0.254679457182967
422.01,424,6,42,1602,8358,2023-09-12,2023-10-27,448.45,36,6756,4340822,2332386,0.192544177116684,99.7150539690409,0.808327351040919
269.99,270,8347,8347,8347,8347,2023-09-12,2023-09-15,448.45,0,0,151598125,-86702777,0.00550600477413556,99.8269681765523,0
352.94,353,1388,1388,8328,8328,2023-09-12,2023-09-29,448.45,0,0,152014431,-50985305,0.0054784272422136,99.8624643735304,0
441.79,525,1,1,8321,8321,2023-09-12,2023-09-29,448.45,0,0,152014431,-50985305,0.00547382241624152,99.8679381959467,0
355.95,356,1649,1649,9894,8245,2023-09-12,2023-09-29,448.45,0,-1649,152014431,-50985305,0.00542382716283035,99.8733620231095,-0.2
448.8,530,1,1,8120,8120,2023-09-12,2023-11-17,448.45,0,0,351395725,-31010447,0.00231078508425223,99.9827456637385,0
342.97,343,2699,2699,8097,8097,2023-09-12,2023-09-29,448.45,0,0,152014431,-50985305,0.00532646798513491,99.8786884910946,0
350.99,351,7969,7969,7969,7969,2023-09-12,2023-09-15,448.45,0,0,151598125,-86702777,0.00525666132084417,99.8322248378732,0
377.98,378,3952,3951,7904,7902,2023-09-12,2023-09-15,448.45,-1,-2.00000000000091,151598125,-86702777,0.00521246552356766,99.8374373033967,-0.000253100480891029
169.98,170,3883,3883,7766,7766,2023-09-12,2023-10-20,448.45,0,0,400323789,-94608838,0.00193992968027189,99.9817240438839,0
448.71,474,3,3,7587,7587,2023-09-12,2023-09-29,448.45,0,0,152014431,-50985305,0.00499097352145468,99.8836794646161,0
450.34,525,1,1,7466,7466,2023-09-12,2023-10-20,448.45,0,0,400323789,-94608838,0.0018649903416057,99.9835890342255,0
224.96,225,1861,1861,7444,7444,2023-09-12,2023-11-17,448.45,0,0,351395725,-31010447,0.0021184093801938,99.9848640731187,0
386.98,387,3650,3651,10950,7302,2023-09-12,2023-09-15,448.45,1,-3648,151598125,-86702777,0.00481668226437497,99.8422539856611,-0.499589153656532
443.32,515,1,1,7168,7168,2023-09-12,2023-12-15,448.45,0,0,445971939,-59359824,0.00160727601294215,99.99610603303,0
294.99,295,7133,7133,7133,7133,2023-09-12,2023-09-15,448.45,0,0,151598125,-86702777,0.0047052033130357,99.8469591889742,0
219.98,220,3562,3556,10686,7112,2023-09-12,2023-11-17,448.45,-6,-3574,351395725,-31010447,0.00202392900482782,99.9868880021235,-0.502530933633296
444.16,515,1,1,7084,7084,2023-09-12,2023-11-17,448.45,0,0,351395725,-31010447,0.00201596078039936,99.9889039629039,0
444.62,515,1,1,7038,7038,2023-09-12,2023-10-20,448.45,0,0,400323789,-94608838,0.00175807688510862,99.9853471111106,0
214.99,215,7014,7014,7014,7014,2023-09-12,2023-09-15,448.45,0,0,151598125,-86702777,0.00462670629996248,99.8515858952741,0
328.95,329,1366,1366,6830,6830,2023-09-12,2023-09-29,448.45,0,0,152014431,-50985305,0.00449299448418815,99.8881724591003,0
444.52,478,2,2,6696,6696,2023-09-12,2023-11-17,448.45,0,0,351395725,-31010447,0.00190554395617647,99.9908095068601,0
354.89,355,555,608,7770,6688,2023-09-12,2023-10-13,448.45,53,-1082,17144640,2870747,0.039009276368591,99.633908906807,-0.161782296650718
408.9,409,654,662,11772,6620,2023-09-12,2023-09-22,448.45,8,-5152,29576307,-9727958,0.0223827809198762,99.7269165484386,-0.778247734138973
335.96,336,1650,1650,6600,6600,2023-09-12,2023-09-29,448.45,0,0,152014431,-50985305,0.00434169305939118,99.8925141521597,0
326.95,327,1309,1309,6545,6545,2023-09-12,2023-09-29,448.45,0,0,152014431,-50985305,0.00430551228389626,99.8968196644436,0
447.3,480,1,2,3322,6540,2023-09-12,2023-09-29,448.45,1,3218,152014431,-50985305,0.00430222312248763,99.9011218875661,0.492048929663609
368.98,369,3200,3239,6400,6478,2023-09-12,2023-09-15,448.45,39,78,151598125,-86702777,0.00427313992175035,99.8558590351958,0.0120407533189256
397.82,398,359,359,6462,6462,2023-09-12,2023-09-22,448.45,0,0,29576307,-9727958,0.0218485695323625,99.748765117971,0
214.98,215,3218,3218,6436,6436,2023-09-12,2023-10-20,448.45,0,0,400323789,-94608838,0.00160769861218515,99.9869548097228,0
447.1,510,0,1,0,6290,2023-09-12,2023-09-29,448.45,1,6290,152014431,-50985305,0.00413776505205614,99.9052596526181,1
384.75,385,248,249,7688,6225,2023-09-12,2023-10-13,448.45,1,-1463,17144640,2870747,0.0363087238927152,99.6702176306997,-0.235020080321285
239.98,240,3067,3067,6134,6134,2023-09-12,2023-10-20,448.45,0,0,400323789,-94608838,0.00153225967792786,99.9884870694007,0
345.99,346,6104,6105,12208,6105,2023-09-12,2023-09-15,448.45,1,-6103,151598125,-86702777,0.00402709466228557,99.8598861298581,-0.9996723996724
449.9,510,1,1,6010,6010,2023-09-12,2023-11-17,448.45,0,0,351395725,-31010447,0.0017103224576793,99.9925198293178,0
374.96,375,1474,1492,7370,5968,2023-09-12,2023-09-22,448.45,18,-1402,29576307,-9727958,0.0201783136751995,99.7689434316462,-0.234919571045576
327.96,328,1487,1487,5948,5948,2023-09-12,2023-09-29,448.45,0,0,152014431,-50985305,0.00391278641170587,99.9091724390298,0
445.69,505,0,1,0,5931,2023-09-12,2023-09-15,448.45,1,5931,151598125,-86702777,0.00391231751711969,99.8637984473753,1
169.99,170,5919,5919,5919,5919,2023-09-12,2023-09-15,448.45,0,0,151598125,-86702777,0.00390440185193583,99.8677028492272,0
371.94,372,982,982,12766,5892,2023-09-12,2023-09-29,448.45,0,-6874,152014431,-50985305,0.00387594780392922,99.9130483868338,-1.16666666666667
436.22,495,1,1,5878,5878,2023-09-12,2023-10-20,448.45,0,0,400323789,-94608838,0.00146831144226605,99.989955380843,0
259.99,260,5854,5852,5854,5852,2023-09-12,2023-09-15,448.45,-2,-2,151598125,-86702777,0.00386020605465932,99.8715630552819,-0.000341763499658237
449.61,469,3,3,5817,5817,2023-09-12,2023-10-13,448.45,0,0,17144640,2870747,0.0339289713869758,99.7041466020867,0
447.09,505,0,1,0,5791,2023-09-12,2023-09-29,448.45,1,5791,152014431,-50985305,0.0038095067434749,99.9168578935772,1
174.99,175,5624,5624,5624,5624,2023-09-12,2023-09-15,448.45,0,0,151598125,-86702777,0.0037098084161661,99.875272863698,0
351.99,352,5619,5610,5619,5610,2023-09-12,2023-09-15,448.45,-9,-9,151598125,-86702777,0.0037005734734516,99.8789734371715,-0.00160427807486631
199.99,200,5599,5599,5599,5599,2023-09-12,2023-10-20,448.45,0,0,400323789,-94608838,0.0013986178573065,99.9913539987003,0
398.84,399,349,349,9074,5584,2023-09-12,2023-09-29,448.45,0,-3490,152014431,-50985305,0.00367333546115763,99.9205312290384,-0.625
259.93,260,783,792,5481,5544,2023-09-12,2023-11-17,448.45,9,63.0000000000009,351395725,-31010447,0.00157770843683428,99.9940975377546,0.0113636363636365
447.08,502,0,1,0,5492,2023-09-12,2023-09-29,448.45,1,5492,152014431,-50985305,0.00361281489123885,99.9241440439296,1
346.99,347,5483,5483,5483,5483,2023-09-12,2023-09-15,448.45,0,0,151598125,-86702777,0.00361679935025582,99.8825902365217,0
373.98,374,2737,2737,5474,5474,2023-09-12,2023-09-15,448.45,0,0,151598125,-86702777,0.00361086260136793,99.8862010991231,0
446.77,465,2,3,4008,5469,2023-09-12,2023-10-13,448.45,1,1461,17144640,2870747,0.0318991824850216,99.7360457845718,0.267142073505211
435.68,490,1,1,5432,5432,2023-09-12,2023-10-20,448.45,0,0,400323789,-94608838,0.00135690162544899,99.9927109003257,0
446.88,474,2,2,5424,5424,2023-09-12,2023-09-15,448.45,0,0,151598125,-86702777,0.00357788066310187,99.8897789797862,0
378.98,379,2758,2701,5516,5402,2023-09-12,2023-09-15,448.45,-57,-114,151598125,-86702777,0.0035633686102648,99.8933423483965,-0.0211032950758978
445.09,463,3,3,5373,5373,2023-09-12,2023-09-15,448.45,0,0,151598125,-86702777,0.00354423908607049,99.8968865874825,0
336.96,337,1339,1339,5356,5356,2023-09-12,2023-09-29,448.45,0,0,152014431,-50985305,0.00352334970092412,99.9276673936306,0
353.99,354,5342,5342,5342,5342,2023-09-12,2023-09-15,448.45,0,0,151598125,-86702777,0.00352379028434554,99.9004103777669,0
445.61,499,0,1,0,5339,2023-09-12,2023-09-15,448.45,1,5339,151598125,-86702777,0.00352181136804957,99.9039321891349,1
443.41,470,2,2,5318,5318,2023-09-12,2023-10-06,448.45,0,0,27359036,-2697874,0.0194378193734604,99.8401076704603,0
380.95,381,0,1058,0,5290,2023-09-12,2023-09-22,448.45,1058,5290,29576307,-9727958,0.0178859382275143,99.7868293698737,1
254.94,255,852,880,6816,5280,2023-09-12,2023-11-17,448.45,28,-1536,351395725,-31010447,0.0015025794636517,99.9956001172183,-0.290909090909091
370.99,371,5211,5211,20844,5211,2023-09-12,2023-09-15,448.45,0,-15633,151598125,-86702777,0.00343737760608847,99.907369566741,-3
337.96,338,1302,1302,5208,5208,2023-09-12,2023-09-29,448.45,0,0,152014431,-50985305,0.00342599052322868,99.9310933841538,0
289.99,290,5095,5115,5095,5115,2023-09-12,2023-09-29,448.45,20,20,152014431,-50985305,0.00336481212102817,99.9344581962748,0.00391006842619746
254.99,255,5107,5107,5107,5107,2023-09-12,2023-09-15,448.45,0,0,151598125,-86702777,0.00336877517449507,99.9107383419155,0
447.02,498,1,1,5588,5098,2023-09-12,2023-09-29,448.45,0,-490,152014431,-50985305,0.00335362897223883,99.937811825247,-0.0961161239701844
442.6,468,2,2,5080,5080,2023-09-12,2023-09-22,448.45,0,0,29576307,-9727958,0.0171759104339835,99.8040052803077,0
239.95,240,1013,1009,5065,5045,2023-09-12,2023-11-17,448.45,-4,-20.0000000000009,351395725,-31010447,0.00143570329434144,99.9970358205126,-0.00396432111001009
445.69,496,1,1,5783,5031,2023-09-12,2023-09-15,448.45,0,-752,151598125,-86702777,0.00331864262833066,99.9140569845439,-0.149473265752336
229.98,230,2463,2463,4926,4926,2023-09-12,2023-10-20,448.45,0,0,400323789,-94608838,0.0012305039408987,99.9939414042666,0
354.92,355,614,613,5526,4904,2023-09-12,2023-10-06,448.45,-1,-622,27359036,-2697874,0.0179246081623636,99.8580322786227,-0.126835236541599
159.99,160,4863,4863,4863,4863,2023-09-12,2023-09-15,448.45,0,0,151598125,-86702777,0.00320782331575671,99.9172648078596,0
437.37,486,1,1,4863,4863,2023-09-12,2023-09-29,448.45,0,0,152014431,-50985305,0.00319903838603323,99.9410108636331,0
449.8,474,2,2,4840,4840,2023-09-12,2023-10-06,448.45,0,0,27359036,-2697874,0.0176906817915661,99.8757229604143,0
229.99,230,4837,4837,4837,4837,2023-09-12,2023-09-15,448.45,0,0,151598125,-86702777,0.00319067270785836,99.9204554805675,0
360.99,361,4829,4829,4829,4829,2023-09-12,2023-09-15,448.45,0,0,151598125,-86702777,0.00318539559773579,99.9236408761652,0
264.99,265,4828,4822,4828,4822,2023-09-12,2023-09-15,448.45,-6,-6,151598125,-86702777,0.00318077812637854,99.9268216542916,-0.0012442969722107
341.94,342,803,803,4818,4818,2023-09-12,2023-09-29,448.45,0,0,152014431,-50985305,0.00316943593335556,99.9441802995664,0
362.99,363,4814,4815,4814,4815,2023-09-12,2023-09-15,448.45,1,1,151598125,-86702777,0.00317616065502129,99.9299978149466,0.000207684319833853
410.84,411,300,300,4800,4800,2023-09-12,2023-09-22,448.45,0,0,29576307,-9727958,0.0162292067092758,99.8202344870169,0
437.31,485,1,1,4769,4769,2023-09-12,2023-11-17,448.45,0,0,351395725,-31010447,0.00135715936783238,99.9983929798805,0
403.67,404,41,144,1640,4752,2023-09-12,2023-10-06,448.45,103,3112,27359036,-2697874,0.0173690330317194,99.893091993446,0.654882154882155
234.99,235,4731,4731,4731,4731,2023-09-12,2023-09-15,448.45,0,0,151598125,-86702777,0.00312075099873432,99.9331185659453,0
159.99,160,4707,4707,4707,4707,2023-09-12,2023-10-20,448.45,0,0,400323789,-94608838,0.00117579822367239,99.9951172024903,0
331.95,332,938,938,4690,4690,2023-09-12,2023-09-29,448.45,0,0,152014431,-50985305,0.00308523340129464,99.9472655329677,0
184.99,185,4646,4646,4646,4646,2023-09-12,2023-09-15,448.45,0,0,151598125,-86702777,0.00306468170368202,99.936183247649,0
443.93,490,1,1,4607,4607,2023-09-12,2023-10-13,448.45,0,0,17144640,2870747,0.0268713720439741,99.7629171566157,0
449.13,495,1,1,4587,4587,2023-09-12,2023-12-15,448.45,0,0,445971939,-59359824,0.00102854004901864,99.9971345730791,0
338.96,339,1143,1143,4572,4572,2023-09-12,2023-09-29,448.45,0,0,152014431,-50985305,0.00300760919205098,99.9502731421598,0
351.95,352,912,912,4560,4560,2023-09-12,2023-09-29,448.45,0,0,152014431,-50985305,0.00299971520467027,99.9532728573644,0
444.75,490,1,1,4525,4525,2023-09-12,2023-10-06,448.45,0,0,27359036,-2697874,0.0165393254352968,99.9096313188813,0
154.99,155,4485,4485,4485,4485,2023-09-12,2023-09-15,448.45,0,0,151598125,-86702777,0.00295847986246532,99.9391417275115,0
443.89,488,1,1,4411,4411,2023-09-12,2023-10-13,448.45,0,0,17144640,2870747,0.0257281576049424,99.7886453142207,0
442.99,465,2,2,4402,4402,2023-09-12,2023-10-06,448.45,0,0,27359036,-2697874,0.0160897481914202,99.9257210670727,0
445.13,489,1,1,4387,4387,2023-09-12,2023-12-15,448.45,0,0,445971939,-59359824,0.000983694178121821,99.9981182672572,0
362.91,363,484,484,4356,4356,2023-09-12,2023-09-29,448.45,0,0,152014431,-50985305,0.00286551741919818,99.9561383747837,0
443.03,457.5,3,3,4341,4341,2023-09-12,2023-10-13,448.45,0,0,17144640,2870747,0.0253198667338597,99.8139651809545,0
445.68,489,0,1,0,4332,2023-09-12,2023-09-15,448.45,1,4332,151598125,-86702777,0.00285755513137118,99.9419992826429,1
443.7,487,1,1,4330,4330,2023-09-12,2023-12-15,448.45,0,0,445971939,-59359824,0.000970913104916227,99.9990891803621,0
442.2,485,1,1,4280,4280,2023-09-12,2023-09-22,448.45,0,0,29576307,-9727958,0.0144710426491042,99.834705529666,0
353.95,354,855,855,4275,4275,2023-09-12,2023-09-29,448.45,0,0,152014431,-50985305,0.00281223300437838,99.958950607788,0
164.99,165,4248,4248,4248,4248,2023-09-12,2023-09-15,448.45,0,0,151598125,-86702777,0.00280214547508421,99.9448014281179,0
445.71,488,0,1,0,4229,2023-09-12,2023-09-15,448.45,1,4229,151598125,-86702777,0.00278961233854311,99.9475910404565,1
284.99,285,4184,4184,4184,4184,2023-09-12,2023-09-15,448.45,0,0,151598125,-86702777,0.00275992859410365,99.9503509690506,0
445.7,487,0,1,0,4130,2023-09-12,2023-09-15,448.45,1,4130,151598125,-86702777,0.00272430810077631,99.9530752771514,1
304.98,305,2049,2049,4098,4098,2023-09-12,2023-09-29,448.45,0,0,152014431,-50985305,0.00269579669051289,99.9616464044785,0
440.38,481,1,1,4062,4062,2023-09-12,2023-12-15,448.45,0,0,445971939,-59359824,0.000910819637914483,100,0
447,467,2,2,4000,4000,2023-09-12,2023-10-13,448.45,0,0,17144640,2870747,0.0233309069190138,99.8372960878735,0
346.95,347,795,795,3975,3975,2023-09-12,2023-09-29,448.45,0,0,152014431,-50985305,0.0026148833198606,99.9642612877984,0
189.99,190,3963,3963,3963,3963,2023-09-12,2023-09-15,448.45,0,0,151598125,-86702777,0.00261414842696768,99.9556894255783,0
445.62,485,0,1,0,3938,2023-09-12,2023-09-15,448.45,1,3938,151598125,-86702777,0.00259765745783465,99.9582870830362,1
219.99,220,3932,3932,3932,3932,2023-09-12,2023-09-15,448.45,0,0,151598125,-86702777,0.00259369962524273,99.9608807826614,0
347.95,348,783,783,3915,3915,2023-09-12,2023-09-29,448.45,0,0,152014431,-50985305,0.00257541338295704,99.9668367011814,0
396.93,397,452,558,4520,3906,2023-09-12,2023-09-22,448.45,106,-614,29576307,-9727958,0.0132065169596732,99.8479120466257,-0.157194060419867
309.98,310,1952,1952,3904,3904,2023-09-12,2023-09-29,448.45,0,0,152014431,-50985305,0.00256817722785806,99.9694048784092,0
324.88,325,300,324,3900,3888,2023-09-12,2023-10-27,448.45,24,-12.0000000000005,4340822,2332386,0.0895682891397067,99.8046222581806,-0.00308641975308654
284.99,285,3948,3873,7896,3873,2023-09-12,2023-09-29,448.45,-75,-4023,152014431,-50985305,0.00254778442712455,99.9719526628363,-1.03872966692486
445.8,484,0,1,0,3820,2023-09-12,2023-09-15,448.45,1,3820,151598125,-86702777,0.00251982008352676,99.9634006027449,1
447.13,485,0,1,0,3787,2023-09-12,2023-09-29,448.45,1,3787,152014431,-50985305,0.00249121085089612,99.9744438736872,1
179.99,180,3733,3733,3733,3733,2023-09-12,2023-09-15,448.45,0,0,151598125,-86702777,0.00246243151094382,99.9658630342559,0
365.99,366,3695,3726,7390,3726,2023-09-12,2023-09-15,448.45,31,-3664,151598125,-86702777,0.00245781403958657,99.9683208482955,-0.983360171765969
189.99,190,3624,3624,3624,3624,2023-09-12,2023-10-20,448.45,0,0,400323789,-94608838,0.000905267211087473,99.9960224697014,0
356.99,357,3571,3565,3571,3565,2023-09-12,2023-09-15,448.45,-6,-6,151598125,-86702777,0.00235161219836987,99.9706724604938,-0.00168302945301543
330.96,331,880,880,3520,3520,2023-09-12,2023-09-29,448.45,0,0,152014431,-50985305,0.0023155696316753,99.9767594433189,0
447.53,465,1,2,2592,3494,2023-09-12,2023-09-22,448.45,1,902,29576307,-9727958,0.0118135100504603,99.8597255566762,0.258156840297653
279.99,280,3468,3467,3468,3467,2023-09-12,2023-09-15,448.45,-1,-1,151598125,-86702777,0.0022869675993684,99.9729594280932,-0.000288433804441881
445.8,480,0,1,0,3420,2023-09-12,2023-09-22,448.45,1,3420,29576307,-9727958,0.011563309780359,99.8712888664565,1
449.8,484,1,1,3420,3420,2023-09-12,2023-09-29,448.45,0,0,152014431,-50985305,0.0022497864035027,99.9790092297224,0
209.99,210,3415,3415,3415,3415,2023-09-12,2023-09-15,448.45,0,0,151598125,-86702777,0.0022526663835717,99.9752120944768,0
363.99,364,3464,3411,3464,3411,2023-09-12,2023-09-15,448.45,-53,-53,151598125,-86702777,0.00225002782851041,99.9774621223053,-0.0155379654060393
442.14,476,1,1,3386,3386,2023-09-12,2023-09-22,448.45,0,0,29576307,-9727958,0.0114483528995016,99.882737219356,0
204.99,205,3384,3384,3384,3384,2023-09-12,2023-09-15,448.45,0,0,151598125,-86702777,0.00223221758184674,99.9796943398871,0
447.16,481,0,1,0,3384,2023-09-12,2023-09-22,448.45,1,3384,29576307,-9727958,0.0114415907300394,99.8941788100861,1
314.99,315,3404,3369,6808,3369,2023-09-12,2023-09-29,448.45,-35,-3439,152014431,-50985305,0.00221623695713468,99.9812254666796,-1.02077767883645
401.92,402,412,413,4944,3304,2023-09-12,2023-09-22,448.45,1,-1640,29576307,-9727958,0.0111711039515515,99.9053499140376,-0.49636803874092
239.99,240,3270,3267,3270,3267,2023-09-12,2023-09-15,448.45,-3,-3.00000000000045,151598125,-86702777,0.00215503984630417,99.9818493797334,-0.000918273645546512
442.6,475,1,1,3240,3240,2023-09-12,2023-10-06,448.45,0,0,27359036,-2697874,0.0118425225216269,99.9375635895943,0
274.99,275,3223,3223,3223,3223,2023-09-12,2023-09-15,448.45,0,0,151598125,-86702777,0.00212601574063004,99.9839753954741,0
449.97,482,1,1,3203,3203,2023-09-12,2023-09-29,448.45,0,0,152014431,-50985305,0.00210703679836818,99.9833325034779,0
446.33,478,0,1,0,3167,2023-09-12,2023-09-15,448.45,1,3167,151598125,-86702777,0.00208907596977205,99.9860644714438,1
446.5,478,0,1,0,3150,2023-09-12,2023-10-13,448.45,1,3150,17144640,2870747,0.0183730891987233,99.8556691770723,1
449.97,481,1,1,3103,3103,2023-09-12,2023-09-29,448.45,0,0,152014431,-50985305,0.00204125357019558,99.9853737570481,0
348.96,349,761,761,4566,3044,2023-09-12,2023-09-29,448.45,0,-1522,152014431,-50985305,0.00200244146557375,99.9873761985137,-0.5
194.99,195,3001,3001,3001,3001,2023-09-12,2023-09-15,448.45,0,0,151598125,-86702777,0.00197957593472874,99.9880440473786,0
446.63,476,1,1,2937,2937,2023-09-12,2023-11-17,448.45,0,0,351395725,-31010447,0.000835809826656258,99.9992287897071,0
403.91,404,230,325,2760,2925,2023-09-12,2023-09-22,448.45,95,165,29576307,-9727958,0.00988967283846492,99.9152395868761,0.0564102564102564
413.27,414,2,40,190,2920,2023-09-12,2023-10-13,448.45,38,2730,17144640,2870747,0.01703156205088,99.8727007391231,0.934931506849315
444.06,473,1,1,2894,2894,2023-09-12,2023-09-15,448.45,0,0,151598125,-86702777,0.00190899458683938,99.9899530419654,0
447.17,476,0,1,0,2883,2023-09-12,2023-10-06,448.45,1,2883,27359036,-2697874,0.0105376519845217,99.9481012415789,1
398.92,399,356,356,3204,2848,2023-09-12,2023-09-22,448.45,0,-356,29576307,-9727958,0.00962932931417029,99.9248689161903,-0.125
219.99,220,2709,2809,2709,2809,2023-09-12,2023-10-20,448.45,100,100,400323789,-94608838,0.000701682007711013,99.9967241517091,0.0355998576005696
402.91,403,214,309,2568,2781,2023-09-12,2023-09-22,448.45,95,213,29576307,-9727958,0.00940279663718665,99.9342717128274,0.0765911542610572
395.92,396,205,344,2050,2752,2023-09-12,2023-09-22,448.45,139,702,29576307,-9727958,0.00930474517998478,99.9435764580074,0.255087209302326
444.8,472,1,1,2720,2720,2023-09-12,2023-10-06,448.45,0,0,27359036,-2697874,0.00994187075889662,99.9580431123377,0
244.95,245,544,542,2720,2710,2023-09-12,2023-11-17,448.45,-2,-10.0000000000005,351395725,-31010447,0.00077121029289699,100,-0.00369003690036917
366.99,367,2748,2691,5496,2691,2023-09-12,2023-09-15,448.45,-57,-2805,151598125,-86702777,0.00177508791747919,99.9917281298829,-1.04236343366778
154.99,155,2672,2672,2672,2672,2023-09-12,2023-10-20,448.45,0,0,400323789,-94608838,0.000667459709720124,99.9973916114188,0
324.95,325,525,534,3675,2670,2023-09-12,2023-10-13,448.45,9,-1005,17144640,2870747,0.0155733803684417,99.8882741194916,-0.376404494382022
452,478,1,1,2600,2600,2023-09-12,2023-10-06,448.45,0,0,27359036,-2697874,0.00950325881365118,99.9675463711514,0
224.99,225,2522,2522,2522,2522,2023-09-12,2023-09-15,448.45,0,0,151598125,-86702777,0.00166360896613992,99.993391738849,0
355.99,356,2516,2507,2516,2507,2023-09-12,2023-09-15,448.45,-9,-9,151598125,-86702777,0.0016537143846601,99.9950454532337,-0.00358994814519346
264.99,265,2483,2483,2483,2483,2023-09-12,2023-09-29,448.45,0,0,152014431,-50985305,0.0016333975555255,99.9890095960692,0
403.5,404,0,49,0,2450,2023-09-12,2023-10-13,448.45,49,2450,17144640,2870747,0.0142901804878959,99.9025642999795,1
347.99,348,2391,2390,2391,2390,2023-09-12,2023-09-15,448.45,-1,-1,151598125,-86702777,0.00157653664911753,99.9966219898828,-0.000418410041841004
393.94,394,394,394,5516,2364,2023-09-12,2023-09-22,448.45,0,-3152,29576307,-9727958,0.00799288430431832,99.9515693423117,-1.33333333333333
259.99,260,2348,2348,2348,2348,2023-09-12,2023-09-29,448.45,0,0,152014431,-50985305,0.0015445901974925,99.9905541862667,0
411.31,412,9,33,756,2277,2023-09-12,2023-10-13,448.45,24,1521,17144640,2870747,0.0132811187636486,99.9158454187431,0.66798418972332
450.04,472,1,1,2196,2196,2023-09-12,2023-09-22,448.45,0,0,29576307,-9727958,0.00742486206949367,99.9589942043812,0
332.97,333,731,731,2193,2193,2023-09-12,2023-09-29,448.45,0,0,152014431,-50985305,0.00144262619382498,99.9919968124605,0
401.7,402,40,72,1520,2160,2023-09-12,2023-10-06,448.45,32,640,27359036,-2697874,0.00789501501441791,99.9754413861658,0.296296296296296
449.41,471,1,1,2159,2159,2023-09-12,2023-09-15,448.45,0,0,151598125,-86702777,0.00142416009432834,99.9980461499771,0
449.73,471,1,1,2127,2127,2023-09-12,2023-09-29,448.45,0,0,152014431,-50985305,0.00139920926323107,99.9933960217238,0
324.95,325,413,417,2065,2085,2023-09-12,2023-10-06,448.45,4,20,27359036,-2697874,0.00762088254863951,99.9830622687144,0.00959232613908873
344.9,345,11,207,110,2070,2023-09-12,2023-10-13,448.45,196,1960,17144640,2870747,0.0120737443305896,99.9279191630737,0.946859903381642
299.99,300,2036,2061,2036,2061,2023-09-12,2023-09-22,448.45,25,25,29576307,-9727958,0.00696841563079529,99.965962620012,0.0121300339640951
224.99,225,2005,2005,2005,2005,2023-09-12,2023-10-20,448.45,0,0,400323789,-94608838,0.000500844580085647,99.9978924559989,0
443.79,462.5,1,1,1871,1871,2023-09-12,2023-10-13,448.45,0,0,17144640,2870747,0.0109130317113687,99.9388321947851,0
363.93,364,267,267,1869,1869,2023-09-12,2023-09-29,448.45,0,0,152014431,-50985305,0.00122948853454578,99.9946255102583,0
279.99,280,1845,1845,1845,1845,2023-09-12,2023-09-29,448.45,0,0,152014431,-50985305,0.00121370055978435,99.9958392108181,0
209.99,210,1734,1836,1734,1836,2023-09-12,2023-10-20,448.45,102,102,400323789,-94608838,0.000458628752637031,99.9983510847516,0.0555555555555556
379.78,380,48,82,1392,1804,2023-09-12,2023-10-13,448.45,34,412,17144640,2870747,0.0105222390204752,99.9493544338056,0.228381374722838
314.99,315,1745,1800,1745,1800,2023-09-12,2023-09-22,448.45,55,55,29576307,-9727958,0.00608595251597841,99.972048572528,0.0305555555555556
449.45,467,1,1,1755,1755,2023-09-12,2023-09-22,448.45,0,0,29576307,-9727958,0.00593380370307895,99.9779823762311,0
194.99,195,1731,1731,1731,1731,2023-09-12,2023-10-20,448.45,0,0,400323789,-94608838,0.000432399984103867,99.9987834847357,0
343.97,344,561,561,3366,1683,2023-09-12,2023-09-29,448.45,0,-1683,152014431,-50985305,0.00110713173014475,99.9969463425482,-1
401.52,402,6,34,354,1632,2023-09-12,2023-10-13,448.45,28,1278,17144640,2870747,0.00951901002295761,99.9588734438285,0.783088235294118
354.78,355,40,74,1040,1628,2023-09-12,2023-10-27,448.45,34,588,4340822,2332386,0.0375044173661118,99.8421266755467,0.361179361179361
448.01,464,1,1,1599,1599,2023-09-12,2023-10-06,448.45,0,0,27359036,-2697874,0.00584450417039548,99.9889067728848,0
446.72,462.5,1,1,1578,1578,2023-09-12,2023-09-22,448.45,0,0,29576307,-9727958,0.00533535170567441,99.9833177279368,0
352.99,353,1492,1492,1492,1492,2023-09-12,2023-09-15,448.45,0,0,151598125,-86702777,0.000984181037859142,99.999030331015,0
357.99,358,1480,1470,2960,1470,2023-09-12,2023-09-15,448.45,-10,-1490,151598125,-86702777,0.000969668985022077,100,-1.01360544217687
446.35,461,0,1,0,1465,2023-09-12,2023-10-27,448.45,1,1465,4340822,2332386,0.0337493682072197,99.8758760437539,1
449.95,464,1,1,1405,1405,2023-09-12,2023-10-13,448.45,0,0,17144640,2870747,0.00819498105530358,99.9670684248838,0
333.93,334,195,195,1365,1365,2023-09-12,2023-09-29,448.45,0,0,152014431,-50985305,0.000897941064555904,99.9978442836128,0
449.55,463,1,1,1345,1345,2023-09-12,2023-10-13,448.45,0,0,17144640,2870747,0.00784501745151838,99.9749134423353,0
429.41,432.5,1,4,376,1236,2023-09-12,2023-10-27,448.45,3,860,4340822,2332386,0.0284738696956475,99.9043499134496,0.6957928802589
254.99,255,1229,1229,1229,1229,2023-09-12,2023-09-29,448.45,0,0,152014431,-50985305,0.000808475874241177,99.998652759487,0
379.61,380,10,31,490,1209,2023-09-12,2023-10-27,448.45,21,719,4340822,2332386,0.0278518676877329,99.9322017811373,0.594706368899917
407.44,408,1,21,70,1176,2023-09-12,2023-10-13,448.45,20,1106,17144640,2870747,0.00685928663419005,99.9817727289695,0.940476190476191
274.99,275,1100,1100,1100,1100,2023-09-12,2023-09-29,448.45,0,0,152014431,-50985305,0.000723615509898531,99.9993763749969,0
344.9,345,110,110,1100,1100,2023-09-12,2023-10-06,448.45,0,0,27359036,-2697874,0.00402060949808319,99.9929273823829,0
164.99,165,1098,1098,1098,1098,2023-09-12,2023-10-20,448.45,0,0,400323789,-94608838,0.000274277979518224,99.9990577627152,0
244.99,245,968,968,2904,968,2023-09-12,2023-10-20,448.45,0,-1936,400323789,-94608838,0.000241804266096212,99.9992995669813,-2
269.99,270,948,948,948,948,2023-09-12,2023-09-29,448.45,0,0,152014431,-50985305,0.000623625003076188,100,0
204.99,205,939,939,939,939,2023-09-12,2023-10-20,448.45,0,0,400323789,-94608838,0.000234560130025148,99.9995341271113,0
339.94,340,132,150,1056,900,2023-09-12,2023-10-06,448.45,18,-156,27359036,-2697874,0.00328958958934079,99.9962169719723,-0.173333333333333
369.7,370,2,30,66,900,2023-09-12,2023-10-27,448.45,28,834,4340822,2332386,0.020733400263821,99.9529351814011,0.926666666666667
374.65,375,12,25,504,875,2023-09-12,2023-10-27,448.45,13,371,4340822,2332386,0.0201574724787149,99.9730926538798,0.424
334.93,335,21,122,168,854,2023-09-12,2023-10-13,448.45,101,686,17144640,2870747,0.00498114862720944,99.9867538775967,0.80327868852459
359.97,360,322,278,1610,834,2023-09-12,2023-09-22,448.45,-44,-776,29576307,-9727958,0.00281982466573667,99.9861375526025,-0.930455635491607
174.99,175,712,712,712,712,2023-09-12,2023-10-20,448.45,0,0,400323789,-94608838,0.000177856030434404,99.9997119831417,0
309.99,310,710,710,710,710,2023-09-12,2023-09-22,448.45,0,0,29576307,-9727958,0.00240057015908038,99.9885381227616,0
359.76,360,26,29,702,696,2023-09-12,2023-10-27,448.45,3,-6,4340822,2332386,0.0160338295373549,99.9891264834172,-0.00862068965517241
381.95,382,0,131,0,655,2023-09-12,2023-09-22,448.45,131,655,29576307,-9727958,0.00221461049886992,99.9907527332604,1
369.82,370,24,35,480,630,2023-09-12,2023-10-13,448.45,11,150,17144640,2870747,0.00367461783974467,99.9904284954365,0.238095238095238
329.98,330,310,310,620,620,2023-09-12,2023-09-22,448.45,0,0,29576307,-9727958,0.00209627253328145,99.9928490057937,0
334.94,335,101,102,808,612,2023-09-12,2023-10-06,448.45,1,-196,27359036,-2697874,0.00223692092075174,99.998453892893,-0.320261437908497
184.99,185,612,612,612,612,2023-09-12,2023-10-20,448.45,0,0,400323789,-94608838,0.00015287625087901,99.9998648593926,0
339.97,340,191,191,573,573,2023-09-12,2023-09-22,448.45,0,0,29576307,-9727958,0.0019373615509198,99.9947863673447,0
179.99,180,541,541,541,541,2023-09-12,2023-10-20,448.45,0,0,400323789,-94608838,0.000135140607394681,100,0
334.97,335,179,179,537,537,2023-09-12,2023-09-22,448.45,0,0,29576307,-9727958,0.00181564250060023,99.9966020098453,0
364.84,365,32,33,544,528,2023-09-12,2023-10-13,448.45,1,-16,17144640,2870747,0.00307967971330982,99.9935081751498,-0.0303030303030303
324.99,325,446,450,892,450,2023-09-12,2023-09-22,448.45,4,-442,29576307,-9727958,0.0015214881289946,99.9981234979742,-0.982222222222222
405.46,406,1,7,63,378,2023-09-12,2023-10-13,448.45,6,315,17144640,2870747,0.0022047707038468,99.9957129458537,0.833333333333333
349.93,350,49,49,441,343,2023-09-12,2023-10-06,448.45,0,-98,27359036,-2697874,0.00125369914349321,99.9997075920365,-0.285714285714286
319.99,320,217,324,434,324,2023-09-12,2023-09-22,448.45,107,-110,29576307,-9727958,0.00109547145287611,99.9992189694271,-0.339506172839506
329.92,330,35,35,280,280,2023-09-12,2023-10-13,448.45,0,0,17144640,2870747,0.00163316348433096,99.997346109338,0
304.99,305,231,231,231,231,2023-09-12,2023-09-22,448.45,0,0,29576307,-9727958,0.000781030572883897,100,0
349.89,350,16,21,208,231,2023-09-12,2023-10-13,448.45,5,23,17144640,2870747,0.00134735987457304,99.9986934692125,0.0995670995670996
339.92,340,12,28,132,224,2023-09-12,2023-10-13,448.45,16,92,17144640,2870747,0.00130653078746477,100,0.410714285714286
364.72,365,5,6,155,168,2023-09-12,2023-10-27,448.45,1,13,4340822,2332386,0.00387023471591325,99.9929967181331,0.0773809523809525
344.82,345,0,8,0,144,2023-09-12,2023-10-27,448.45,8,144,4340822,2332386,0.00331734404221136,99.9963140621753,1
339.85,340,0,6,0,90,2023-09-12,2023-10-27,448.45,6,90,4340822,2332386,0.0020733400263821,99.9983874022017,1
329.95,330,15,16,90,80,2023-09-12,2023-10-06,448.45,1,-9.99999999999999,27359036,-2697874,0.000292407963496959,100,-0.125
334.86,335,0,5,0,70,2023-09-12,2023-10-27,448.45,5,70,4340822,2332386,0.00161259779829719,100,1
452.97,476,0,0,0,0,2023-09-12,2023-09-15,448.45,0,0,151598125,-86702777,0,100,
477,477,0,0,0,0,2023-09-12,2023-09-15,448.45,0,0,151598125,-86702777,0,100,
479,479,0,0,0,0,2023-09-12,2023-09-15,448.45,0,0,151598125,-86702777,0,100,
446.34,481,0,0,0,0,2023-09-12,2023-09-15,448.45,0,0,151598125,-86702777,0,100,
450.3,482,0,0,0,0,2023-09-12,2023-09-15,448.45,0,0,151598125,-86702777,0,100,
483,483,0,0,0,0,2023-09-12,2023-09-15,448.45,0,0,151598125,-86702777,0,100,
486,486,0,0,0,0,2023-09-12,2023-09-15,448.45,0,0,151598125,-86702777,0,100,
491,491,0,0,0,0,2023-09-12,2023-09-15,448.45,0,0,151598125,-86702777,0,100,
445.5,495,0,0,0,0,2023-09-12,2023-09-15,448.45,0,0,151598125,-86702777,0,100,
445.74,504,0,0,0,0,2023-09-12,2023-09-15,448.45,0,0,151598125,-86702777,0,100,
441.46,515,0,0,0,0,2023-09-12,2023-09-15,448.45,0,0,151598125,-86702777,0,100,
450.27,520,0,0,0,0,2023-09-12,2023-09-15,448.45,0,0,151598125,-86702777,0,100,
454.72,525,0,0,0,0,2023-09-12,2023-09-15,448.45,0,0,151598125,-86702777,0,100,
446.53,535,0,0,0,0,2023-09-12,2023-09-15,448.45,0,0,151598125,-86702777,0,100,
540,540,0,0,0,0,2023-09-12,2023-09-15,448.45,0,0,151598125,-86702777,0,100,
545,545,0,0,0,0,2023-09-12,2023-09-15,448.45,0,0,151598125,-86702777,0,100,
453.46,550,0,0,0,0,2023-09-12,2023-09-15,448.45,0,0,151598125,-86702777,0,100,
442.15,560,0,0,0,0,2023-09-12,2023-09-15,448.45,0,0,151598125,-86702777,0,100,
565,565,0,0,0,0,2023-09-12,2023-09-15,448.45,0,0,151598125,-86702777,0,100,
570,570,0,0,0,0,2023-09-12,2023-09-15,448.45,0,0,151598125,-86702777,0,100,
575,575,0,0,0,0,2023-09-12,2023-09-15,448.45,0,0,151598125,-86702777,0,100,
580,580,0,0,0,0,2023-09-12,2023-09-15,448.45,0,0,151598125,-86702777,0,100,
585,585,0,0,0,0,2023-09-12,2023-09-15,448.45,0,0,151598125,-86702777,0,100,
440.13,590,0,0,0,0,2023-09-12,2023-09-15,448.45,0,0,151598125,-86702777,0,100,
595,595,0,0,0,0,2023-09-12,2023-09-15,448.45,0,0,151598125,-86702777,0,100,
420.32,600,0,0,0,0,2023-09-12,2023-09-15,448.45,0,0,151598125,-86702777,0,100,
605,605,0,0,0,0,2023-09-12,2023-09-15,448.45,0,0,151598125,-86702777,0,100,
610,610,0,0,0,0,2023-09-12,2023-09-15,448.45,0,0,151598125,-86702777,0,100,
615,615,0,0,0,0,2023-09-12,2023-09-15,448.45,0,0,151598125,-86702777,0,100,
620,620,0,0,0,0,2023-09-12,2023-09-15,448.45,0,0,151598125,-86702777,0,100,
625,625,0,0,0,0,2023-09-12,2023-09-15,448.45,0,0,151598125,-86702777,0,100,
630,630,0,0,0,0,2023-09-12,2023-09-15,448.45,0,0,151598125,-86702777,0,100,
411.47,635,0,0,0,0,2023-09-12,2023-09-15,448.45,0,0,151598125,-86702777,0,100,
640,640,0,0,0,0,2023-09-12,2023-09-15,448.45,0,0,151598125,-86702777,0,100,
446.16,645,0,0,0,0,2023-09-12,2023-09-15,448.45,0,0,151598125,-86702777,0,100,
449.55,650,0,0,0,0,2023-09-12,2023-09-15,448.45,0,0,151598125,-86702777,0,100,
383,383,0,0,0,0,2023-09-12,2023-09-22,448.45,0,0,29576307,-9727958,0,100,
384,384,0,0,0,0,2023-09-12,2023-09-22,448.45,0,0,29576307,-9727958,0,100,
386,386,0,0,0,0,2023-09-12,2023-09-22,448.45,0,0,29576307,-9727958,0,100,
387,387,0,0,0,0,2023-09-12,2023-09-22,448.45,0,0,29576307,-9727958,0,100,
388,388,0,0,0,0,2023-09-12,2023-09-22,448.45,0,0,29576307,-9727958,0,100,
389,389,0,0,0,0,2023-09-12,2023-09-22,448.45,0,0,29576307,-9727958,0,100,
391,391,0,0,0,0,2023-09-12,2023-09-22,448.45,0,0,29576307,-9727958,0,100,
392,392,0,0,0,0,2023-09-12,2023-09-22,448.45,0,0,29576307,-9727958,0,100,
393,393,0,0,0,0,2023-09-12,2023-09-22,448.45,0,0,29576307,-9727958,0,100,
466,466,0,0,0,0,2023-09-12,2023-09-22,448.45,0,0,29576307,-9727958,0,100,
471,471,0,0,0,0,2023-09-12,2023-09-22,448.45,0,0,29576307,-9727958,0,100,
473,473,0,0,0,0,2023-09-12,2023-09-22,448.45,0,0,29576307,-9727958,0,100,
447.97,474,0,0,0,0,2023-09-12,2023-09-22,448.45,0,0,29576307,-9727958,0,100,
475,475,0,0,0,0,2023-09-12,2023-09-22,448.45,0,0,29576307,-9727958,0,100,
477,477,0,0,0,0,2023-09-12,2023-09-22,448.45,0,0,29576307,-9727958,0,100,
439.77,478,0,0,0,0,2023-09-12,2023-09-22,448.45,0,0,29576307,-9727958,0,100,
479,479,0,0,0,0,2023-09-12,2023-09-22,448.45,0,0,29576307,-9727958,0,100,
482,482,0,0,0,0,2023-09-12,2023-09-22,448.45,0,0,29576307,-9727958,0,100,
483,483,0,0,0,0,2023-09-12,2023-09-22,448.45,0,0,29576307,-9727958,0,100,
484,484,0,0,0,0,2023-09-12,2023-09-22,448.45,0,0,29576307,-9727958,0,100,
486,486,0,0,0,0,2023-09-12,2023-09-22,448.45,0,0,29576307,-9727958,0,100,
487,487,0,0,0,0,2023-09-12,2023-09-22,448.45,0,0,29576307,-9727958,0,100,
488,488,0,0,0,0,2023-09-12,2023-09-22,448.45,0,0,29576307,-9727958,0,100,
489,489,0,0,0,0,2023-09-12,2023-09-22,448.45,0,0,29576307,-9727958,0,100,
450.83,490,0,0,0,0,2023-09-12,2023-09-22,448.45,0,0,29576307,-9727958,0,100,
491,491,0,0,0,0,2023-09-12,2023-09-22,448.45,0,0,29576307,-9727958,0,100,
492,492,0,0,0,0,2023-09-12,2023-09-22,448.45,0,0,29576307,-9727958,0,100,
493,493,0,0,0,0,2023-09-12,2023-09-22,448.45,0,0,29576307,-9727958,0,100,
494,494,0,0,0,0,2023-09-12,2023-09-22,448.45,0,0,29576307,-9727958,0,100,
495,495,0,0,0,0,2023-09-12,2023-09-22,448.45,0,0,29576307,-9727958,0,100,
496,496,0,0,0,0,2023-09-12,2023-09-22,448.45,0,0,29576307,-9727958,0,100,
497,497,0,0,0,0,2023-09-12,2023-09-22,448.45,0,0,29576307,-9727958,0,100,
498,498,0,0,0,0,2023-09-12,2023-09-22,448.45,0,0,29576307,-9727958,0,100,
499,499,0,0,0,0,2023-09-12,2023-09-22,448.45,0,0,29576307,-9727958,0,100,
505,505,0,0,0,0,2023-09-12,2023-09-22,448.45,0,0,29576307,-9727958,0,100,
510,510,0,0,0,0,2023-09-12,2023-09-22,448.45,0,0,29576307,-9727958,0,100,
515,515,0,0,0,0,2023-09-12,2023-09-22,448.45,0,0,29576307,-9727958,0,100,
437.6,520,0,0,0,0,2023-09-12,2023-09-22,448.45,0,0,29576307,-9727958,0,100,
525,525,0,0,0,0,2023-09-12,2023-09-22,448.45,0,0,29576307,-9727958,0,100,
530,530,0,0,0,0,2023-09-12,2023-09-22,448.45,0,0,29576307,-9727958,0,100,
540,540,0,0,0,0,2023-09-12,2023-09-22,448.45,0,0,29576307,-9727958,0,100,
443.9,472,0,0,0,0,2023-09-12,2023-09-29,448.45,0,0,152014431,-50985305,0,100,
445.11,473,0,0,0,0,2023-09-12,2023-09-29,448.45,0,0,152014431,-50985305,0,100,
449.9,475,0,0,0,0,2023-09-12,2023-09-29,448.45,0,0,152014431,-50985305,0,100,
476,476,0,0,0,0,2023-09-12,2023-09-29,448.45,0,0,152014431,-50985305,0,100,
444.94,477,0,0,0,0,2023-09-12,2023-09-29,448.45,0,0,152014431,-50985305,0,100,
457.53,478,0,0,0,0,2023-09-12,2023-09-29,448.45,0,0,152014431,-50985305,0,100,
455,479,0,0,0,0,2023-09-12,2023-09-29,448.45,0,0,152014431,-50985305,0,100,
483,483,0,0,0,0,2023-09-12,2023-09-29,448.45,0,0,152014431,-50985305,0,100,
488,488,0,0,0,0,2023-09-12,2023-09-29,448.45,0,0,152014431,-50985305,0,100,
450.8,490,0,0,0,0,2023-09-12,2023-09-29,448.45,0,0,152014431,-50985305,0,100,
492,492,0,0,0,0,2023-09-12,2023-09-29,448.45,0,0,152014431,-50985305,0,100,
448.95,494,0,0,0,0,2023-09-12,2023-09-29,448.45,0,0,152014431,-50985305,0,100,
451.55,495,0,0,0,0,2023-09-12,2023-09-29,448.45,0,0,152014431,-50985305,0,100,
496,496,0,0,0,0,2023-09-12,2023-09-29,448.45,0,0,152014431,-50985305,0,100,
451.53,500,0,0,0,0,2023-09-12,2023-09-29,448.45,0,0,152014431,-50985305,0,100,
407,515,0,0,0,0,2023-09-12,2023-09-29,448.45,0,0,152014431,-50985305,0,100,
435.05,520,0,0,0,0,2023-09-12,2023-09-29,448.45,0,0,152014431,-50985305,0,100,
463,463,0,0,0,0,2023-09-12,2023-10-06,448.45,0,0,27359036,-2697874,0,100,
467,467,0,0,0,0,2023-09-12,2023-10-06,448.45,0,0,27359036,-2697874,0,100,
469,469,0,0,0,0,2023-09-12,2023-10-06,448.45,0,0,27359036,-2697874,0,100,
449.65,471,0,0,0,0,2023-09-12,2023-10-06,448.45,0,0,27359036,-2697874,0,100,
482,482,0,0,0,0,2023-09-12,2023-10-06,448.45,0,0,27359036,-2697874,0,100,
484,484,0,0,0,0,2023-09-12,2023-10-06,448.45,0,0,27359036,-2697874,0,100,
485,485,0,0,0,0,2023-09-12,2023-10-06,448.45,0,0,27359036,-2697874,0,100,
486,486,0,0,0,0,2023-09-12,2023-10-06,448.45,0,0,27359036,-2697874,0,100,
488,488,0,0,0,0,2023-09-12,2023-10-06,448.45,0,0,27359036,-2697874,0,100,
492,492,0,0,0,0,2023-09-12,2023-10-06,448.45,0,0,27359036,-2697874,0,100,
494,494,0,0,0,0,2023-09-12,2023-10-06,448.45,0,0,27359036,-2697874,0,100,
495,495,0,0,0,0,2023-09-12,2023-10-06,448.45,0,0,27359036,-2697874,0,100,
500,500,0,0,0,0,2023-09-12,2023-10-06,448.45,0,0,27359036,-2697874,0,100,
505,505,0,0,0,0,2023-09-12,2023-10-06,448.45,0,0,27359036,-2697874,0,100,
510,510,0,0,0,0,2023-09-12,2023-10-06,448.45,0,0,27359036,-2697874,0,100,
515,515,0,0,0,0,2023-09-12,2023-10-06,448.45,0,0,27359036,-2697874,0,100,
520,520,0,0,0,0,2023-09-12,2023-10-06,448.45,0,0,27359036,-2697874,0,100,
525,525,0,0,0,0,2023-09-12,2023-10-06,448.45,0,0,27359036,-2697874,0,100,
530,530,0,0,0,0,2023-09-12,2023-10-06,448.45,0,0,27359036,-2697874,0,100,
540,540,0,0,0,0,2023-09-12,2023-10-06,448.45,0,0,27359036,-2697874,0,100,
468,468,0,0,0,0,2023-09-12,2023-10-13,448.45,0,0,17144640,2870747,0,100,
471,471,0,0,0,0,2023-09-12,2023-10-13,448.45,0,0,17144640,2870747,0,100,
449.64,472,0,0,0,0,2023-09-12,2023-10-13,448.45,0,0,17144640,2870747,0,100,
447.37,474,0,0,0,0,2023-09-12,2023-10-13,448.45,0,0,17144640,2870747,0,100,
475,475,0,0,0,0,2023-09-12,2023-10-13,448.45,0,0,17144640,2870747,0,100,
476,476,0,0,0,0,2023-09-12,2023-10-13,448.45,0,0,17144640,2870747,0,100,
480,480,0,0,0,0,2023-09-12,2023-10-13,448.45,0,0,17144640,2870747,0,100,
482,482,0,0,0,0,2023-09-12,2023-10-13,448.45,0,0,17144640,2870747,0,100,
484,484,0,0,0,0,2023-09-12,2023-10-13,448.45,0,0,17144640,2870747,0,100,
485,485,0,0,0,0,2023-09-12,2023-10-13,448.45,0,0,17144640,2870747,0,100,
486,486,0,0,0,0,2023-09-12,2023-10-13,448.45,0,0,17144640,2870747,0,100,
495,495,0,0,0,0,2023-09-12,2023-10-13,448.45,0,0,17144640,2870747,0,100,
505,505,0,0,0,0,2023-09-12,2023-10-13,448.45,0,0,17144640,2870747,0,100,
510,510,0,0,0,0,2023-09-12,2023-10-13,448.45,0,0,17144640,2870747,0,100,
515,515,0,0,0,0,2023-09-12,2023-10-13,448.45,0,0,17144640,2870747,0,100,
520,520,0,0,0,0,2023-09-12,2023-10-13,448.45,0,0,17144640,2870747,0,100,
525,525,0,0,0,0,2023-09-12,2023-10-13,448.45,0,0,17144640,2870747,0,100,
530,530,0,0,0,0,2023-09-12,2023-10-13,448.45,0,0,17144640,2870747,0,100,
540,540,0,0,0,0,2023-09-12,2023-10-13,448.45,0,0,17144640,2870747,0,100,
438.6,476,0,0,0,0,2023-09-12,2023-10-20,448.45,0,0,400323789,-94608838,0,100,
456.58,486,0,0,0,0,2023-09-12,2023-10-20,448.45,0,0,400323789,-94608838,0,100,
488,488,0,0,0,0,2023-09-12,2023-10-20,448.45,0,0,400323789,-94608838,0,100,
492,492,0,0,0,0,2023-09-12,2023-10-20,448.45,0,0,400323789,-94608838,0,100,
494,494,0,0,0,0,2023-09-12,2023-10-20,448.45,0,0,400323789,-94608838,0,100,
496,496,0,0,0,0,2023-09-12,2023-10-20,448.45,0,0,400323789,-94608838,0,100,
438.16,498,0,0,0,0,2023-09-12,2023-10-20,448.45,0,0,400323789,-94608838,0,100,
502,502,0,0,0,0,2023-09-12,2023-10-20,448.45,0,0,400323789,-94608838,0,100,
451.26,504,0,0,0,0,2023-09-12,2023-10-20,448.45,0,0,400323789,-94608838,0,100,
449.21,505,0,0,0,0,2023-09-12,2023-10-20,448.45,0,0,400323789,-94608838,0,100,
506,506,0,0,0,0,2023-09-12,2023-10-20,448.45,0,0,400323789,-94608838,0,100,
442.77,510,0,0,0,0,2023-09-12,2023-10-20,448.45,0,0,400323789,-94608838,0,100,
455.07,520,0,0,0,0,2023-09-12,2023-10-20,448.45,0,0,400323789,-94608838,0,100,
445.68,530,0,0,0,0,2023-09-12,2023-10-20,448.45,0,0,400323789,-94608838,0,100,
438.84,535,0,0,0,0,2023-09-12,2023-10-20,448.45,0,0,400323789,-94608838,0,100,
445.83,540,0,0,0,0,2023-09-12,2023-10-20,448.45,0,0,400323789,-94608838,0,100,
456.29,545,0,0,0,0,2023-09-12,2023-10-20,448.45,0,0,400323789,-94608838,0,100,
451,550,0,0,0,0,2023-09-12,2023-10-20,448.45,0,0,400323789,-94608838,0,100,
450.59,555,0,0,0,0,2023-09-12,2023-10-20,448.45,0,0,400323789,-94608838,0,100,
443.34,560,0,0,0,0,2023-09-12,2023-10-20,448.45,0,0,400323789,-94608838,0,100,
444.99,570,0,0,0,0,2023-09-12,2023-10-20,448.45,0,0,400323789,-94608838,0,100,
445.25,575,0,0,0,0,2023-09-12,2023-10-20,448.45,0,0,400323789,-94608838,0,100,
452.56,580,0,0,0,0,2023-09-12,2023-10-20,448.45,0,0,400323789,-94608838,0,100,
446.3,585,0,0,0,0,2023-09-12,2023-10-20,448.45,0,0,400323789,-94608838,0,100,
446.27,590,0,0,0,0,2023-09-12,2023-10-20,448.45,0,0,400323789,-94608838,0,100,
456.13,595,0,0,0,0,2023-09-12,2023-10-20,448.45,0,0,400323789,-94608838,0,100,
330,330,0,0,0,0,2023-09-12,2023-10-27,448.45,0,0,4340822,2332386,0,100,
456,456,0,0,0,0,2023-09-12,2023-10-27,448.45,0,0,4340822,2332386,0,100,
457,457,0,0,0,0,2023-09-12,2023-10-27,448.45,0,0,4340822,2332386,0,100,
457.5,457.5,0,0,0,0,2023-09-12,2023-10-27,448.45,0,0,4340822,2332386,0,100,
458,458,0,0,0,0,2023-09-12,2023-10-27,448.45,0,0,4340822,2332386,0,100,
459,459,0,0,0,0,2023-09-12,2023-10-27,448.45,0,0,4340822,2332386,0,100,
462,462,0,0,0,0,2023-09-12,2023-10-27,448.45,0,0,4340822,2332386,0,100,
463,463,0,0,0,0,2023-09-12,2023-10-27,448.45,0,0,4340822,2332386,0,100,
464,464,0,0,0,0,2023-09-12,2023-10-27,448.45,0,0,4340822,2332386,0,100,
465,465,0,0,0,0,2023-09-12,2023-10-27,448.45,0,0,4340822,2332386,0,100,
466,466,0,0,0,0,2023-09-12,2023-10-27,448.45,0,0,4340822,2332386,0,100,
467,467,0,0,0,0,2023-09-12,2023-10-27,448.45,0,0,4340822,2332386,0,100,
468,468,0,0,0,0,2023-09-12,2023-10-27,448.45,0,0,4340822,2332386,0,100,
469,469,0,0,0,0,2023-09-12,2023-10-27,448.45,0,0,4340822,2332386,0,100,
472,472,0,0,0,0,2023-09-12,2023-10-27,448.45,0,0,4340822,2332386,0,100,
474,474,0,0,0,0,2023-09-12,2023-10-27,448.45,0,0,4340822,2332386,0,100,
475,475,0,0,0,0,2023-09-12,2023-10-27,448.45,0,0,4340822,2332386,0,100,
476,476,0,0,0,0,2023-09-12,2023-10-27,448.45,0,0,4340822,2332386,0,100,
478,478,0,0,0,0,2023-09-12,2023-10-27,448.45,0,0,4340822,2332386,0,100,
480,480,0,0,0,0,2023-09-12,2023-10-27,448.45,0,0,4340822,2332386,0,100,
482,482,0,0,0,0,2023-09-12,2023-10-27,448.45,0,0,4340822,2332386,0,100,
484,484,0,0,0,0,2023-09-12,2023-10-27,448.45,0,0,4340822,2332386,0,100,
485,485,0,0,0,0,2023-09-12,2023-10-27,448.45,0,0,4340822,2332386,0,100,
490,490,0,0,0,0,2023-09-12,2023-10-27,448.45,0,0,4340822,2332386,0,100,
495,495,0,0,0,0,2023-09-12,2023-10-27,448.45,0,0,4340822,2332386,0,100,
500,500,0,0,0,0,2023-09-12,2023-10-27,448.45,0,0,4340822,2332386,0,100,
505,505,0,0,0,0,2023-09-12,2023-10-27,448.45,0,0,4340822,2332386,0,100,
510,510,0,0,0,0,2023-09-12,2023-10-27,448.45,0,0,4340822,2332386,0,100,
515,515,0,0,0,0,2023-09-12,2023-10-27,448.45,0,0,4340822,2332386,0,100,
520,520,0,0,0,0,2023-09-12,2023-10-27,448.45,0,0,4340822,2332386,0,100,
525,525,0,0,0,0,2023-09-12,2023-10-27,448.45,0,0,4340822,2332386,0,100,
530,530,0,0,0,0,2023-09-12,2023-10-27,448.45,0,0,4340822,2332386,0,100,
540,540,0,0,0,0,2023-09-12,2023-10-27,448.45,0,0,4340822,2332386,0,100,
474,474,0,0,0,0,2023-09-12,2023-11-17,448.45,0,0,351395725,-31010447,0,100,
484,484,0,0,0,0,2023-09-12,2023-11-17,448.45,0,0,351395725,-31010447,0,100,
488,488,0,0,0,0,2023-09-12,2023-11-17,448.45,0,0,351395725,-31010447,0,100,
444.95,490,0,0,0,0,2023-09-12,2023-11-17,448.45,0,0,351395725,-31010447,0,100,
492,492,0,0,0,0,2023-09-12,2023-11-17,448.45,0,0,351395725,-31010447,0,100,
494,494,0,0,0,0,2023-09-12,2023-11-17,448.45,0,0,351395725,-31010447,0,100,
496,496,0,0,0,0,2023-09-12,2023-11-17,448.45,0,0,351395725,-31010447,0,100,
440.45,505,0,0,0,0,2023-09-12,2023-11-17,448.45,0,0,351395725,-31010447,0,100,
520,520,0,0,0,0,2023-09-12,2023-11-17,448.45,0,0,351395725,-31010447,0,100,
525,525,0,0,0,0,2023-09-12,2023-11-17,448.45,0,0,351395725,-31010447,0,100,
439.89,540,0,0,0,0,2023-09-12,2023-11-17,448.45,0,0,351395725,-31010447,0,100,
434.33,550,0,0,0,0,2023-09-12,2023-11-17,448.45,0,0,351395725,-31010447,0,100,
444,560,0,0,0,0,2023-09-12,2023-11-17,448.45,0,0,351395725,-31010447,0,100,
474,474,0,0,0,0,2023-09-12,2023-12-15,448.45,0,0,445971939,-59359824,0,100,
436,478,0,0,0,0,2023-09-12,2023-12-15,448.45,0,0,445971939,-59359824,0,100,
482,482,0,0,0,0,2023-09-12,2023-12-15,448.45,0,0,445971939,-59359824,0,100,
483,483,0,0,0,0,2023-09-12,2023-12-15,448.45,0,0,445971939,-59359824,0,100,
457.21,484,0,0,0,0,2023-09-12,2023-12-15,448.45,0,0,445971939,-59359824,0,100,
486,486,0,0,0,0,2023-09-12,2023-12-15,448.45,0,0,445971939,-59359824,0,100,
454.85,488,0,0,0,0,2023-09-12,2023-12-15,448.45,0,0,445971939,-59359824,0,100,
493,493,0,0,0,0,2023-09-12,2023-12-15,448.45,0,0,445971939,-59359824,0,100,
494,494,0,0,0,0,2023-09-12,2023-12-15,448.45,0,0,445971939,-59359824,0,100,
496,496,0,0,0,0,2023-09-12,2023-12-15,448.45,0,0,445971939,-59359824,0,100,
497,497,0,0,0,0,2023-09-12,2023-12-15,448.45,0,0,445971939,-59359824,0,100,
450.44,498,0,0,0,0,2023-09-12,2023-12-15,448.45,0,0,445971939,-59359824,0,100,
499,499,0,0,0,0,2023-09-12,2023-12-15,448.45,0,0,445971939,-59359824,0,100,
501,501,0,0,0,0,2023-09-12,2023-12-15,448.45,0,0,445971939,-59359824,0,100,
450.54,505,0,0,0,0,2023-09-12,2023-12-15,448.45,0,0,445971939,-59359824,0,100,
441.04,530,0,0,0,0,2023-09-12,2023-12-15,448.45,0,0,445971939,-59359824,0,100,
440.46,535,0,0,0,0,2023-09-12,2023-12-15,448.45,0,0,445971939,-59359824,0,100,
411.85,545,0,0,0,0,2023-09-12,2023-12-15,448.45,0,0,445971939,-59359824,0,100,
454.85,550,0,0,0,0,2023-09-12,2023-12-15,448.45,0,0,445971939,-59359824,0,100,
450.28,560,0,0,0,0,2023-09-12,2023-12-15,448.45,0,0,445971939,-59359824,0,100,
565,565,0,0,0,0,2023-09-12,2023-12-15,448.45,0,0,445971939,-59359824,0,100,
575,575,0,0,0,0,2023-09-12,2023-12-15,448.45,0,0,445971939,-59359824,0,100,
580,580,0,0,0,0,2023-09-12,2023-12-15,448.45,0,0,445971939,-59359824,0,100,
585,585,0,0,0,0,2023-09-12,2023-12-15,448.45,0,0,445971939,-59359824,0,100,
450.23,595,0,0,0,0,2023-09-12,2023-12-15,448.45,0,0,445971939,-59359824,0,100,
605,605,0,0,0,0,2023-09-12,2023-12-15,448.45,0,0,445971939,-59359824,0,100,
610,610,0,0,0,0,2023-09-12,2023-12-15,448.45,0,0,445971939,-59359824,0,100,
615,615,0,0,0,0,2023-09-12,2023-12-15,448.45,0,0,445971939,-59359824,0,100,
620,620,0,0,0,0,2023-09-12,2023-12-15,448.45,0,0,445971939,-59359824,0,100,
625,625,0,0,0,0,2023-09-12,2023-12-15,448.45,0,0,445971939,-59359824,0,100,
630,630,0,0,0,0,2023-09-12,2023-12-15,448.45,0,0,445971939,-59359824,0,100,
635,635,0,0,0,0,2023-09-12,2023-12-15,448.45,0,0,445971939,-59359824,0,100,
640,640,0,0,0,0,2023-09-12,2023-12-15,448.45,0,0,445971939,-59359824,0,100,
645,645,0,0,0,0,2023-09-12,2023-12-15,448.45,0,0,445971939,-59359824,0,100,
650,650,0,0,0,0,2023-09-12,2023-12-15,448.45,0,0,445971939,-59359824,0,100,
655,655,0,0,0,0,2023-09-12,2023-12-15,448.45,0,0,445971939,-59359824,0,100,
660,660,0,0,0,0,2023-09-12,2023-12-15,448.45,0,0,445971939,-59359824,0,100,
665,665,0,0,0,0,2023-09-12,2023-12-15,448.45,0,0,445971939,-59359824,0,100,
670,670,0,0,0,0,2023-09-12,2023-12-15,448.45,0,0,445971939,-59359824,0,100,
675,675,0,0,0,0,2023-09-12,2023-12-15,448.45,0,0,445971939,-59359824,0,100,
680,680,0,0,0,0,2023-09-12,2023-12-15,448.45,0,0,445971939,-59359824,0,100,
685,685,0,0,0,0,2023-09-12,2023-12-15,448.45,0,0,445971939,-59359824,0,100,
690,690,0,0,0,0,2023-09-12,2023-12-15,448.45,0,0,445971939,-59359824,0,100,
695,695,0,0,0,0,2023-09-12,2023-12-15,448.45,0,0,445971939,-59359824,0,100,
451.18,700,0,0,0,0,2023-09-12,2023-12-15,448.45,0,0,445971939,-59359824,0,100,
705,705,0,0,0,0,2023-09-12,2023-12-15,448.45,0,0,445971939,-59359824,0,100,
710,710,0,0,0,0,2023-09-12,2023-12-15,448.45,0,0,445971939,-59359824,0,100,
442.92,715,0,0,0,0,2023-09-12,2023-12-15,448.45,0,0,445971939,-59359824,0,100,
