Watch,strike,open_interest.yt,open_interest.td,OI_Dollar.yt,OI_Dollar.td,Date.td,expiry,stkClose,diff_oi,diff_oi_d,totalOI,totalOIdiff,OI_pct,cum_sep_OI,pct
573.14,585,41297,41202,69709336,48865572,2024-11-06,2024-11-15,576.7,-95,-20843764,517539059,-255450980,9.44190996799722,9.44190996799722,-0.426553156893365
566.37,572,71291,71464,66300630,40234232,2024-11-06,2024-11-15,576.7,173,-26066398,517539059,-255450980,7.77414405740534,17.2160540254026,-0.647866175250966
536.22,540,92191,94726,49322185,35806428,2024-11-06,2024-12-20,576.7,2535,-13515757,645931422,-173965123,5.54337918553837,5.54337918553837,-0.377467336311793
564.92,570,69693,70208,57845190,35665664,2024-11-06,2024-11-15,576.7,515,-22179526,517539059,-255450980,6.89139561155325,24.1074496369558,-0.621873351355522
553.14,560,52003,51989,49142835,35664454,2024-11-06,2024-12-20,576.7,-14,-13478381,645931422,-173965123,5.52139945283541,11.0647786383738,-0.377921978000841
534.19,538,83875,83942,44118250,31981902,2024-11-06,2024-12-20,576.7,67,-12136348,645931422,-173965123,4.95128444146196,16.0160630798357,-0.379475492108005
571.2,580,41691,33983,56407923,29905040,2024-11-06,2024-11-15,576.7,-7708,-26502883,517539059,-255450980,5.7783155647775,29.8857652017333,-0.886234661448371
557.14,560,81651,102186,40417245,29225196,2024-11-06,2024-11-15,576.7,20535,-11192049,517539059,-255450980,5.6469546581604,35.5327198598937,-0.382958902995895
540.45,545,62317,63323,38948125,28811965,2024-11-06,2024-12-20,576.7,1006,-10136160,645931422,-173965123,4.46053002202454,20.4765931018603,-0.351803842604974
572.82,580,38204,38188,48213448,27418984,2024-11-06,2024-11-08,576.7,-16,-20794464,101807360,-64121425,26.9322217961452,26.9322217961452,-0.758396591208486
560.73,570,23441,26122,29840393,24215094,2024-11-06,2024-12-20,576.7,2681,-5625299,645931422,-173965123,3.74886453503419,24.2254576368945,-0.232305478558126
544.92,550,45120,46130,32396160,23434040,2024-11-06,2024-12-20,576.7,1010,-8962120,645931422,-173965123,3.62794550657423,27.8534031434687,-0.382440245045242
567.27,580,18260,18184,31918480,23148232,2024-11-06,2024-12-20,576.7,-76,-8770248,645931422,-173965123,3.58369808490289,31.4371012283716,-0.378873341169209
548.34,550,119979,135228,34553952,22447848,2024-11-06,2024-11-15,576.7,15249,-12106104,517539059,-255450980,4.33742103318235,39.8701408930761,-0.539299090050859
527.09,530,67494,69341,27470058,20178231,2024-11-06,2024-12-20,576.7,1847,-7291827,645931422,-173965123,3.12389679658594,34.5609980249575,-0.361370974492263
568.3,575,27707,28630,29120057,19182100,2024-11-06,2024-11-15,576.7,923,-9937957,517539059,-255450980,3.7064062444029,43.576547137479,-0.518084933349321
575.61,590,12196,12480,25416464,17958720,2024-11-06,2024-11-15,576.7,284,-7457744,517539059,-255450980,3.47002215343905,47.046569290918,-0.415271467008785
564.2,575,15049,16121,22423010,17410680,2024-11-06,2024-12-20,576.7,1072,-5012330,645931422,-173965123,2.69543784479338,37.2564358697509,-0.28788823871325
575.53,600,6947,6930,21535700,16957710,2024-11-06,2024-12-20,576.7,-17,-4577990,645931422,-173965123,2.62531120525052,39.8817470750014,-0.269965107316967
498.49,500,111455,111633,22513910,16856583,2024-11-06,2024-12-20,576.7,178,-5657327,645931422,-173965123,2.60965520887758,42.491402283879,-0.335615290477317
572.73,584,14000,13992,22120000,15768984,2024-11-06,2024-11-15,576.7,-8,-6351016,517539059,-255450980,3.04691669658116,50.0934859874992,-0.402753658701157
575.02,602,9548,5779,29913884,15591742,2024-11-06,2024-11-29,576.7,-3769,-14322142,201599777,-68182361,7.73400756291511,7.73400756291511,-0.918572280121105
549.16,555,25805,25507,21366540,14896088,2024-11-06,2024-12-20,576.7,-298,-6470452,645931422,-173965123,2.30614079028346,44.7975430741625,-0.434372568153464
563.32,570,20346,22286,20366346,14887048,2024-11-06,2024-11-29,576.7,1940,-5479298,201599777,-68182361,7.38445658102092,15.118464143936,-0.368058059596503
572.11,585,3398,11051,6296494,14244739,2024-11-06,2024-11-29,576.7,7653,7948245,201599777,-68182361,7.06585057383273,22.1843147177688,0.557977580354403
517.77,520,64464,63405,20435088,14139315,2024-11-06,2024-12-20,576.7,-1059,-6295773,645931422,-173965123,2.18898082960887,46.9865239037713,-0.445267185857306
560.37,569,4337,16315,5026583,14079845,2024-11-06,2024-12-13,576.7,11978,9053262,20220487,8899056,69.6315820682262,69.6315820682262,0.642994436373412
566.73,575,6806,16511,8575560,13654597,2024-11-06,2024-11-29,576.7,9705,5079037,201599777,-68182361,6.7731210833631,28.9574358011319,0.371965353499631
572.4,590,7489,7551,17689018,13289760,2024-11-06,2024-12-20,576.7,62,-4399258,645931422,-173965123,2.05745680537585,49.0439807091472,-0.331026143436751
556.94,565,16375,16350,17947000,13178100,2024-11-06,2024-12-20,576.7,-25,-4768900,645931422,-173965123,2.04017014053854,51.0841508496857,-0.361880696003218
561.2,565,33586,34043,21495040,12936340,2024-11-06,2024-11-15,576.7,457,-8558700,517539059,-255450980,2.49958718574708,52.5930731732462,-0.661601349377027
552.88,555,56000,56442,21056000,11965704,2024-11-06,2024-11-15,576.7,442,-9090296,517539059,-255450980,2.31203882913116,54.9051120023774,-0.759695877484517
522.42,525,42017,43596,15084103,11247768,2024-11-06,2024-12-20,576.7,1579,-3836335,645931422,-173965123,1.74132541271541,52.8254762624011,-0.341075224880172
569.17,585,7039,7065,13810518,11183895,2024-11-06,2024-12-20,576.7,26,-2626623,645931422,-173965123,1.73143690167158,54.5569131640727,-0.234857623395069
543.72,545,70059,84659,15553098,10836352,2024-11-06,2024-11-15,576.7,14600,-4716746,517539059,-255450980,2.09382302872719,56.9989350311046,-0.435270651968486
573.27,590,10031,6408,21075131,10720584,2024-11-06,2024-11-29,576.7,-3623,-10354547,201599777,-68182361,5.31775588223989,34.2751916833718,-0.965856617512628
508.21,510,33952,53994,8657760,9664926,2024-11-06,2024-12-20,576.7,20042,1007166,645931422,-173965123,1.49627741751198,56.0531905815847,0.104208350896841
538.94,540,77897,90658,13242490,9609748,2024-11-06,2024-11-15,576.7,12761,-3632742,517539059,-255450980,1.8568159896121,58.8557510207167,-0.378026770316974
573.35,597,4051,4051,10962006,9580615,2024-11-06,2024-12-20,576.7,0,-1381391,645931422,-173965123,1.4832247934828,57.5364153750675,-0.144186046511628
478.88,480,33160,83246,4808200,9323552,2024-11-06,2024-12-20,576.7,50086,4515352,645931422,-173965123,1.44342753463385,58.9798429097013,0.484295255713702
503.29,505,55150,53458,12739650,9141318,2024-11-06,2024-12-20,576.7,-1692,-3598332,645931422,-173965123,1.41521494212121,60.3950578518225,-0.393633828294782
488.73,490,70192,70596,12073024,8965692,2024-11-06,2024-12-20,576.7,404,-3107332,645931422,-173965123,1.38802536842681,61.7830832202494,-0.346580275119868
575.29,592,5172,5223,11440464,8727633,2024-11-06,2024-11-15,576.7,51,-2712831,517539059,-255450980,1.68637184927911,60.5421228699958,-0.310832387200516
574.1,598,2678,3565,7669792,8520350,2024-11-06,2024-12-20,576.7,887,850558,645931422,-173965123,1.31907965920258,63.1021628794519,0.0998266503136608
509.53,510,180028,178891,10441624,8407877,2024-11-06,2024-11-15,576.7,-1137,-2033747,517539059,-255450980,1.62458791346993,62.1667107834657,-0.241885912460423
573.23,581,10507,10507,13701128,8163939,2024-11-06,2024-11-08,576.7,0,-5537189,101807360,-64121425,8.01900668085294,34.9512284769981,-0.678249678249678
519.42,520,132983,133340,10372674,7733720,2024-11-06,2024-11-15,576.7,357,-2638954,517539059,-255450980,1.49432586111341,63.6610366445791,-0.341226990374619
566.6,570,20216,22580,13484072,7677200,2024-11-06,2024-11-08,576.7,2364,-5806872,101807360,-64121425,7.54090863371764,42.4921371107158,-0.7563788881363
567.3,575,9647,9820,11393107,7561400,2024-11-06,2024-11-22,576.7,173,-3831707,64843984,-17795646,11.6609121364289,11.6609121364289,-0.506745708466686
439.51,440,150737,150745,8592009,7386505,2024-11-06,2024-12-06,576.7,8,-1205504,41238515,-10488258,17.911665829868,17.911665829868,-0.163203571919331
429.38,430,16837,117949,1279612,7312838,2024-11-06,2024-12-20,576.7,101112,6033226,645931422,-173965123,1.13213845168845,64.2343013311404,0.825018412824132
561.5,568,11233,11229,10502855,7298850,2024-11-06,2024-11-29,576.7,-4,-3204005,201599777,-68182361,3.62046531430439,37.8956569976761,-0.438973947950705
542.33,547,3283,15492,2248855,7234764,2024-11-06,2024-12-20,576.7,12209,4985909,645931422,-173965123,1.12005141003962,65.35435274118,0.689159867550621
419.47,420,130966,130941,8905688,6939873,2024-11-06,2024-12-20,576.7,-25,-1965815,645931422,-173965123,1.07439780193879,66.4287505431188,-0.283263829179583
473.95,475,63513,63536,8701281,6671280,2024-11-06,2024-12-20,576.7,23,-2030001,645931422,-173965123,1.03281552387461,67.4615660669934,-0.304289581609527
469.01,470,67430,67216,8563610,6654384,2024-11-06,2024-12-20,576.7,-214,-1909226,645931422,-173965123,1.03019976631513,68.4917658333085,-0.28691250760401
573.3,596,2078,2752,3572082,6247040,2024-11-06,2024-12-20,576.7,674,2674958,645931422,-173965123,0.967136724926195,69.4589025582348,0.428196073660486
534.11,535,68661,70073,9131913,6236497,2024-11-06,2024-11-15,576.7,1412,-2895416,517539059,-255450980,1.20502924205379,64.8660658866329,-0.464269605196635
512.99,515,31008,31001,8775264,6231201,2024-11-06,2024-12-20,576.7,-7,-2544063,645931422,-173965123,0.964684607029382,70.4235871652641,-0.408278115246162
489.18,490,75745,75921,8407695,6225522,2024-11-06,2024-12-06,576.7,176,-2182173,41238515,-10488258,15.096377742991,33.008043572859,-0.35052048647487
555.6,560,11176,13942,7566152,6134480,2024-11-06,2024-11-29,576.7,2766,-1431672,201599777,-68182361,3.04290019130329,40.9385571889794,-0.233381150480562
547.26,549,14099,34569,4088710,6015006,2024-11-06,2024-11-15,576.7,20470,1926296,517539059,-255450980,1.16223227897472,66.0282981656076,0.32024839210468
547.07,550,20760,20519,9508080,6012067,2024-11-06,2024-11-29,576.7,-241,-3496013,201599777,-68182361,2.98217939000994,43.9207365789894,-0.58149934124154
574.37,597,2645,2644,7125630,5983372,2024-11-06,2024-11-15,576.7,-1,-1142258,517539059,-255450980,1.15611989007384,67.1844180556815,-0.190905395820283
551.57,558,8951,8779,8315479,5644897,2024-11-06,2024-12-20,576.7,-172,-2670582,645931422,-173965123,0.873915838081028,71.2975030033451,-0.473096674748893
531.62,535,16365,16533,7789740,5588154,2024-11-06,2024-12-20,576.7,168,-2201586,645931422,-173965123,0.865131159388001,72.1626341627331,-0.393973752333955
545.37,551,9619,9832,7127679,5535416,2024-11-06,2024-12-20,576.7,213,-1592263,645931422,-173965123,0.856966515556817,73.01960067829,-0.287650106152817
559.6,565,9060,9797,7845960,5290380,2024-11-06,2024-11-29,576.7,737,-2555580,201599777,-68182361,2.6241993313316,46.544935910321,-0.483061708232679
552.68,557,11687,11710,7374497,5058720,2024-11-06,2024-11-29,576.7,23,-2315777,201599777,-68182361,2.50928848993717,49.0542244002582,-0.457779240598412
572.69,583,4734,4772,7342434,4919932,2024-11-06,2024-11-15,576.7,38,-2422502,517539059,-255450980,0.950639746786725,68.1350578024682,-0.492385260609293
573.51,586,3896,3898,6642680,4868602,2024-11-06,2024-11-15,576.7,2,-1774078,517539059,-255450980,0.940721654788185,69.0757794572564,-0.364391667258897
553.6,556,19408,19052,7879648,4572480,2024-11-06,2024-11-15,576.7,-356,-3307168,517539059,-255450980,0.883504330829647,69.959283788086,-0.723276646371335
499.6,500,113234,111474,5321998,4458960,2024-11-06,2024-11-15,576.7,-1760,-863037.999999999,517539059,-255450980,0.861569754486878,70.8208535425729,-0.193551411091375
551.37,556,9565,9570,6571155,4430910,2024-11-06,2024-12-06,576.7,5,-2140245,41238515,-10488258,10.7445915547638,43.7526351276228,-0.483026060109549
546.48,548,12500,28920,3237500,4395840,2024-11-06,2024-11-15,576.7,16420,1158340,517539059,-255450980,0.849373573560561,71.6702271161335,0.263508225959089
571.61,581,4708,4619,6548828,4337241,2024-11-06,2024-11-15,576.7,-89,-2211587,517539059,-255450980,0.838050949889755,72.5082780660232,-0.509906412855546
574.32,591,2580,2596,5441220,4330128,2024-11-06,2024-11-15,576.7,16,-1111092,517539059,-255450980,0.836676560869969,73.3449546268932,-0.256595647980845
569.95,575,5398,8512,5084916,4298560,2024-11-06,2024-11-08,576.7,3114,-786356,101807360,-64121425,4.22224876472585,46.7143858754416,-0.182934750241941
558.64,563,9776,9835,6862752,4288060,2024-11-06,2024-11-22,576.7,59,-2574692,64843984,-17795646,6.61288794346751,18.2738000798964,-0.600432829764508
551.47,555,12033,12050,6798645,4253650,2024-11-06,2024-11-29,576.7,17,-2544995,201599777,-68182361,2.10994777042834,51.1641721706865,-0.598308511513641
561.87,572,3122,4128,4195968,4181664,2024-11-06,2024-12-20,576.7,1006,-14303.9999999995,645931422,-173965123,0.64738513371161,73.6669858120016,-0.00342064785692957
562.71,573,3951,4057,5523498,4174653,2024-11-06,2024-12-20,576.7,106,-1348845,645931422,-173965123,0.646299724369192,74.3132855363708,-0.323103501057453
483.77,485,33320,33459,5331200,4115457,2024-11-06,2024-12-20,576.7,139,-1215743,645931422,-173965123,0.637135283999236,74.95042082037,-0.295408991030644
524.36,525,52508,63284,4830736,4050176,2024-11-06,2024-11-15,576.7,10776,-780560,517539059,-255450980,0.782583638774209,74.1275382656674,-0.19272248909677
562.76,567,9668,9497,7105980,4026728,2024-11-06,2024-11-15,576.7,-171,-3079252,517539059,-255450980,0.778052966239984,74.9055912319074,-0.76470325286436
555.77,564,4576,4860,4900896,3999780,2024-11-06,2024-12-20,576.7,284,-901116.000000001,645931422,-173965123,0.619226726517726,75.5696475468877,-0.225291391026507
572.08,582,3975,4003,5879025,3970976,2024-11-06,2024-11-15,576.7,28,-1908049,517539059,-255450980,0.767280445976929,75.6728716778843,-0.480498748922179
541.44,546,8473,8668,5439666,3952608,2024-11-06,2024-12-20,576.7,195,-1487058,645931422,-173965123,0.611923784070068,76.1815713309578,-0.376221977995288
569.74,580,4090,3849,6175900,3949074,2024-11-06,2024-11-29,576.7,-241,-2226826,201599777,-68182361,1.95886823823223,53.1230404089187,-0.563885609639121
567.77,574,5795,6133,5841360,3820859,2024-11-06,2024-11-15,576.7,338,-2020501,517539059,-255450980,0.738274519295751,76.4111461971801,-0.528808050755079
542.76,544,24964,30496,5492080,3781504,2024-11-06,2024-11-15,576.7,5532,-1710576,517539059,-255450980,0.730670262319274,77.1418164594993,-0.452353349355177
563.88,570,5405,6125,5188800,3748500,2024-11-06,2024-11-22,576.7,720,-1440300,64843984,-17795646,5.78079841608745,24.0545984959838,-0.384233693477391
568.95,576,5234,5297,6019100,3734385,2024-11-06,2024-11-15,576.7,63,-2284715,517539059,-255450980,0.721565828715548,77.8633822882149,-0.611804888890674
550.78,557,5861,5977,5134236,3717694,2024-11-06,2024-12-20,576.7,116,-1416542,645931422,-173965123,0.575555527007633,76.7571268579654,-0.381027056019135
484.67,485,117876,111303,4597164,3672999,2024-11-06,2024-11-15,576.7,-6573,-924165,517539059,-255450980,0.709704694964868,78.5730869831798,-0.25161046872052
546.54,552,6456,6723,5003400,3670758,2024-11-06,2024-12-20,576.7,267,-1332642,645931422,-173965123,0.568289120946341,77.3254159789118,-0.363042728504576
439.65,440,104582,104583,4497026,3660405,2024-11-06,2024-11-29,576.7,1,-836621.000000001,201599777,-68182361,1.8156790917482,54.9387195006669,-0.228559681237459
572.82,595,1529,1640,4151235,3637520,2024-11-06,2024-12-20,576.7,111,-513715.000000001,645931422,-173965123,0.563143373446229,77.888559352358,-0.14122671490466
563.11,574,3304,3292,4767672,3584988,2024-11-06,2024-12-20,576.7,-12,-1182684,645931422,-173965123,0.555010621545518,78.4435699739035,-0.329899012214267
529.25,530,49905,47652,5339835,3573900,2024-11-06,2024-11-15,576.7,-2253,-1765935,517539059,-255450980,0.690556574977271,79.263643558157,-0.494119869050617
569.28,574,2139,7519,1882320,3548968,2024-11-06,2024-11-08,576.7,5380,1666648,101807360,-64121425,3.48596407961075,50.2003499550524,0.469614828874197
567.48,582,2509,2441,4609033,3544332,2024-11-06,2024-12-20,576.7,-68,-1064701,645931422,-173965123,0.548716454918027,78.9922864288216,-0.300395391853811
565.73,571,6475,6643,5710950,3500861,2024-11-06,2024-11-15,576.7,168,-2210089,517539059,-255450980,0.6764438237308,79.9400873818878,-0.631298700519672
574.93,588,2668,2677,5159912,3498839,2024-11-06,2024-11-15,576.7,9,-1661073,517539059,-255450980,0.676053128581354,80.6161405104692,-0.474749766994137
549.77,556,5629,5606,4795908,3492538,2024-11-06,2024-12-20,576.7,-23,-1303370,645931422,-173965123,0.540697956632307,79.5329843854539,-0.373187063390577
563.52,568,7531,7744,5648250,3469312,2024-11-06,2024-11-15,576.7,213,-2178938,517539059,-255450980,0.670347858711085,81.2864883691803,-0.628060549180932
493.55,495,22542,23690,4282980,3435050,2024-11-06,2024-12-20,576.7,1148,-847930,645931422,-173965123,0.531797940617913,80.0647823260718,-0.246846479672785
570.07,587,2005,2019,4264635,3418167,2024-11-06,2024-12-20,576.7,14,-846468,645931422,-173965123,0.52918419565599,80.5939665217278,-0.247637988430641
566.92,573,5532,5567,5399232,3384736,2024-11-06,2024-11-15,576.7,35,-2014496,517539059,-255450980,0.65400590373605,81.9404942729163,-0.595170790277292
434.67,435,102111,102115,4186551,3369795,2024-11-06,2024-11-29,576.7,4,-816755.999999999,201599777,-68182361,1.67152714658013,56.610246647247,-0.24237557477532
556.14,560,2989,8728,1805356,3369008,2024-11-06,2024-11-22,576.7,5739,1563652,64843984,-17795646,5.19555985332425,29.2501583493081,0.464128313141435
484.39,485,54910,54952,4282980,3352072,2024-11-06,2024-11-29,576.7,42,-930908,201599777,-68182361,1.66273596622084,58.2729826134679,-0.277711218613443
551.08,553,19973,17454,6651009,3351168,2024-11-06,2024-11-15,576.7,-2519,-3299841,517539059,-255450980,0.647519823233284,82.5880140961496,-0.984683847542111
547.26,553,5626,5830,4489548,3346420,2024-11-06,2024-12-20,576.7,204,-1143128,645931422,-173965123,0.518076669755199,81.112043191483,-0.341597289043216
573.53,589,2246,2150,4390930,3326050,2024-11-06,2024-11-15,576.7,-96,-1064880,517539059,-255450980,0.642666469739823,83.2306805658894,-0.32016355737286
489.37,490,52753,52769,4220240,3324447,2024-11-06,2024-11-29,576.7,16,-895793,201599777,-68182361,1.64903307407924,59.9220156875471,-0.269456243399278
564.22,569,5889,6954,4705311,3324012,2024-11-06,2024-11-15,576.7,1065,-1381299,517539059,-255450980,0.642272683036277,83.8729532489257,-0.415551748910654
538,540,16381,16575,5110872,3315000,2024-11-06,2024-11-29,576.7,194,-1795872,201599777,-68182361,1.64434705699104,61.5663627445382,-0.541741176470588
572.1,594,1060,1467,2396660,3212730,2024-11-06,2024-12-20,576.7,407,816070,645931422,-173965123,0.497379426139761,81.6094226176227,0.254011385955247
399.57,400,74696,74664,4033584,3210552,2024-11-06,2024-12-20,576.7,-32,-823032.000000001,645931422,-173965123,0.49704223864186,82.1064648562646,-0.256352178690767
569.84,582,2674,2637,4465580,3206592,2024-11-06,2024-11-29,576.7,-37,-1258988,201599777,-68182361,1.59057318798522,63.1569359325234,-0.392624942618207
523.65,525,25790,23494,4719570,3171690,2024-11-06,2024-11-29,576.7,-2296,-1547880,201599777,-68182361,1.57326066883497,64.7301966013584,-0.48803004076691
560.45,564,8478,8812,5332662,3128260,2024-11-06,2024-11-15,576.7,334,-2204402,517539059,-255450980,0.604449064394191,84.4774023133199,-0.704673524579159
574.7,593,1708,1709,4053084,3127470,2024-11-06,2024-11-15,576.7,1,-925614.000000001,517539059,-255450980,0.604296418910481,85.0816987322304,-0.295962551199532
575.2,605,1074,1049,3765444,3126020,2024-11-06,2024-11-22,576.7,-25,-639424,64843984,-17795646,4.82083272366485,34.0709910729729,-0.204548915234068
561.05,571,2619,3089,3467556,3073555,2024-11-06,2024-12-20,576.7,470,-394001,645931422,-173965123,0.475833021171712,82.5822978774363,-0.128190645685534
573.6,587,2255,2290,3959780,3068600,2024-11-06,2024-11-15,576.7,35,-891180,517539059,-255450980,0.592921432042098,85.6746201642725,-0.290419083621195
569.61,577,3988,4119,4602152,3043941,2024-11-06,2024-11-15,576.7,131,-1558211,517539059,-255450980,0.588156767506895,86.2627769317794,-0.51190578266793
567.98,577,3372,3352,4417320,3023504,2024-11-06,2024-11-29,576.7,-20,-1393816,201599777,-68182361,1.49975562720985,66.2299522285682,-0.460993602125217
449.22,450,38365,38519,3644675,3004482,2024-11-06,2024-12-20,576.7,154,-640193,645931422,-173965123,0.465139471106269,83.0474373485425,-0.213079326153394
555.32,563,3844,3906,4051576,2999808,2024-11-06,2024-12-20,576.7,62,-1051768,645931422,-173965123,0.46441586487799,83.5118532134205,-0.350611772486772
538.71,543,13986,6965,8167824,2987985,2024-11-06,2024-12-20,576.7,-7021,-5179839,645931422,-173965123,0.462585484810182,83.9744386982307,-1.73355589134484
489.63,490,80529,80564,3221160,2980868,2024-11-06,2024-11-15,576.7,35,-240292,517539059,-255450980,0.575969668020747,86.8387465998001,-0.0806114192241991
576,600,1229,1236,3666107,2966400,2024-11-06,2024-11-15,576.7,7,-699707,517539059,-255450980,0.573174130225406,87.4119207300255,-0.235877494606257
575.29,599,1008,1249,2955456,2961379,2024-11-06,2024-12-20,576.7,241,5923,645931422,-173965123,0.458466471693028,84.4329051699238,0.00200008171868579
575.47,595,1491,1492,3642513,2913876,2024-11-06,2024-11-15,576.7,1,-728637,517539059,-255450980,0.563025331002119,87.9749460610277,-0.250057655164461
558.66,560,21500,21647,6751000,2900698,2024-11-06,2024-11-08,576.7,147,-3850302,101807360,-64121425,2.84920265096747,53.0495526060198,-1.32737086039291
566.01,579,2169,2225,3643920,2890275,2024-11-06,2024-12-20,576.7,56,-753645.000000001,645931422,-173965123,0.447458491963563,84.8803636618873,-0.26075200456704
562,566,7097,7102,4783378,2840800,2024-11-06,2024-11-15,576.7,5,-1942578,517539059,-255450980,0.54890543053679,88.5238514915644,-0.683813714446635
568.54,584,1831,1835,3634535,2836910,2024-11-06,2024-12-20,576.7,4,-797625.000000001,645931422,-173965123,0.439196779004196,85.3195604408915,-0.281159783003338
574.57,594,1440,1440,3562560,2797920,2024-11-06,2024-11-15,576.7,0,-764640,517539059,-255450980,0.540620065547555,89.064471557112,-0.273288728769943
379.63,380,25423,75410,1093189,2790170,2024-11-06,2024-12-20,576.7,49987,1696981,645931422,-173965123,0.431960716721411,85.7515211576129,0.608199858789966
523.21,526,8426,9995,3083916,2788605,2024-11-06,2024-12-20,576.7,1569,-295311,645931422,-173965123,0.431718430938943,86.1832395885519,-0.105899186152216
570.36,582,2372,2366,3558000,2754024,2024-11-06,2024-11-22,576.7,-6,-803976,64843984,-17795646,4.24715421557072,38.3181452885437,-0.291927739191815
574.16,593,1436,1436,3354496,2705424,2024-11-06,2024-11-29,576.7,0,-649072,201599777,-68182361,1.34197767490586,67.5719299034741,-0.239915074309979
558.56,567,3384,3203,3976200,2703332,2024-11-06,2024-12-20,576.7,-181,-1272868,645931422,-173965123,0.418516874690762,86.6017564632426,-0.47085152693047
536.81,541,6377,6407,3545612,2684533,2024-11-06,2024-12-20,576.7,30,-861079,645931422,-173965123,0.415606503812413,87.017362967055,-0.320755602557316
454.17,455,30918,31909,3246390,2648447,2024-11-06,2024-12-20,576.7,991,-597943.000000001,645931422,-173965123,0.410019842632768,87.4273828096878,-0.225771178354712
565.47,577,2256,2258,3431376,2603474,2024-11-06,2024-12-20,576.7,2,-827902,645931422,-173965123,0.403057338802137,87.83044014849,-0.317998950632885
549.25,551,14490,14843,4419450,2597525,2024-11-06,2024-11-15,576.7,353,-1821925,517539059,-255450980,0.501899316549942,89.5663708736619,-0.701408071144647
562.82,565,9466,11831,4401690,2579158,2024-11-06,2024-11-08,576.7,2365,-1822532,101807360,-64121425,2.53337086827514,55.582923474295,-0.706638368025534
570.15,580,2580,2552,3733260,2513720,2024-11-06,2024-11-22,576.7,-28,-1219540,64843984,-17795646,3.8765662516973,42.194711540241,-0.485153477714304
570.78,579,3351,3058,4379757,2513676,2024-11-06,2024-11-15,576.7,-293,-1866081,517539059,-255450980,0.485697834064346,90.0520687077263,-0.742371331866159
567.18,581,1796,1818,3204064,2512476,2024-11-06,2024-12-20,576.7,22,-691588,645931422,-173965123,0.388969465554193,88.2194096140441,-0.275261534836552
564.47,576,2120,2174,3199080,2506622,2024-11-06,2024-12-20,576.7,54,-692458.000000001,645931422,-173965123,0.388063177394086,88.6074727914382,-0.276251465119193
568,572,5125,6225,3905250,2490000,2024-11-06,2024-11-08,576.7,1100,-1415250,101807360,-64121425,2.44579566742522,58.0287191417202,-0.568373493975904
567.98,583,1612,1600,3056352,2403200,2024-11-06,2024-12-20,576.7,-12,-653152,645931422,-173965123,0.372051880145258,88.9795246715835,-0.271784287616511
554.57,562,3265,3174,3300915,2358282,2024-11-06,2024-12-20,576.7,-91,-942633,645931422,-173965123,0.365097891150432,89.3446225627339,-0.399711739308531
573.73,595,1108,1108,2767784,2356716,2024-11-06,2024-11-29,576.7,0,-411068,201599777,-68182361,1.16900724547924,68.7409371489533,-0.174424071462153
434.85,435,153448,153781,2608616,2306715,2024-11-06,2024-11-15,576.7,333,-301901.000000001,517539059,-255450980,0.445708388552757,90.497777096279,-0.130879194005328
389.7,390,76358,76358,2290740,2290740,2024-11-06,2024-12-06,576.7,0,0,41238515,-10488258,5.55485569739842,49.3074908250212,0
544.64,546,16592,16700,4081632,2271200,2024-11-06,2024-11-15,576.7,108,-1810432,517539059,-255450980,0.43884610456039,90.9366232008394,-0.797125748502994
557.54,566,2847,2664,3222804,2253744,2024-11-06,2024-12-20,576.7,-183,-969060,645931422,-173965123,0.348913820142349,89.6935363828763,-0.429977850190616
567.37,571,5553,6126,3987054,2223738,2024-11-06,2024-11-08,576.7,573,-1763316,101807360,-64121425,2.18426054854973,60.2129796902699,-0.79295132789924
539.89,541,26062,19945,4691160,2213895,2024-11-06,2024-11-15,576.7,-6117,-2477265,517539059,-255450980,0.427773510327459,91.3643967111669,-1.11896228140901
559.28,568,2669,2515,3245504,2193080,2024-11-06,2024-12-20,576.7,-154,-1052424,645931422,-173965123,0.339522111063982,90.0330584939403,-0.479883998759735
559.42,563,5814,6125,3424446,2192750,2024-11-06,2024-11-15,576.7,311,-1231696,517539059,-255450980,0.423687828361569,91.7880845395285,-0.561712917569262
459.12,460,25009,24808,2700972,2183104,2024-11-06,2024-12-20,576.7,-201,-517868,645931422,-173965123,0.337977674664045,90.3710361686043,-0.23721636715429
568.29,577,620,2477,795460,2157467,2024-11-06,2024-11-22,576.7,1857,1362007,64843984,-17795646,3.32716601743656,45.5218775576775,0.631299111411669
569.72,579,949,2323,1295385,2155744,2024-11-06,2024-11-22,576.7,1374,860359,64843984,-17795646,3.32450887039883,48.8463864280764,0.399100728101296
550.59,555,4868,4830,3208012,2130030,2024-11-06,2024-12-06,576.7,-38,-1077982,41238515,-10488258,5.16514719310334,54.4726380181246,-0.506087707684868
563.82,571,2869,2942,3092782,2112356,2024-11-06,2024-11-29,576.7,73,-980426,201599777,-68182361,1.04779679394189,69.7887339428952,-0.464138620573426
547.85,554,3634,3424,2925370,2105760,2024-11-06,2024-12-20,576.7,-210,-819610.000000001,645931422,-173965123,0.326003648108638,90.6970398167129,-0.389222893397159
553.71,561,2872,2881,2883488,2100249,2024-11-06,2024-12-20,576.7,9,-783239,645931422,-173965123,0.325150461560918,91.0221902782738,-0.372926733925358
566.09,578,1701,1754,2782836,2089014,2024-11-06,2024-12-20,576.7,53,-693822,645931422,-173965123,0.323411112828631,91.3456013911025,-0.332128937383857
504.54,505,44114,44509,2293928,2047414,2024-11-06,2024-11-15,576.7,395,-246514.000000001,517539059,-255450980,0.395605696690035,92.1836902362185,-0.12040261520142
571.2,588,1172,1183,2538552,1987440,2024-11-06,2024-12-20,576.7,11,-551112,645931422,-173965123,0.307685914062871,91.6532873051653,-0.277297427846878
559.79,569,2186,2144,2728128,1974624,2024-11-06,2024-12-20,576.7,-42,-753504,645931422,-173965123,0.305701802504973,91.9589891076703,-0.381593660362682
574.5,584,2026,2049,3150430,1946550,2024-11-06,2024-11-08,576.7,23,-1203880,101807360,-64121425,1.91199339615525,62.1249730864252,-0.61846857260281
568.7,573,2437,4503,1973970,1936290,2024-11-06,2024-11-08,576.7,2066,-37680.0000000002,101807360,-64121425,1.90191553930875,64.0268886257339,-0.0194598949537519
514.5,515,43646,38150,2880636,1907500,2024-11-06,2024-11-15,576.7,-5496,-973136,517539059,-255450980,0.368571215414294,92.5522614516328,-0.510163040629096
570.2,578,2317,2438,2803570,1901640,2024-11-06,2024-11-15,576.7,121,-901930,517539059,-255450980,0.367438933725,92.9197003853578,-0.474290612313582
570.86,583,1510,1564,2491500,1898696,2024-11-06,2024-11-22,576.7,54,-592804,64843984,-17795646,2.92809892741939,51.7744853554958,-0.312216384297434
550.15,552,10502,10131,3392146,1874235,2024-11-06,2024-11-15,576.7,-371,-1517911,517539059,-255450980,0.362143681217305,93.2818440665751,-0.809882965583291
568.6,578,1962,1946,2707560,1829240,2024-11-06,2024-11-29,576.7,-16,-878320,201599777,-68182361,0.907362114790434,70.6960960576856,-0.480155693074719
545.24,548,6520,6520,2731880,1799520,2024-11-06,2024-11-29,576.7,0,-932360.000000001,201599777,-68182361,0.892620034991408,71.588716092677,-0.518115942028986
573.05,583,1783,1802,2619227,1792990,2024-11-06,2024-11-08,576.7,19,-826237,101807360,-64121425,1.7611595075248,65.7880481332587,-0.460815174652397
533.3,537,4952,4833,2485904,1788210,2024-11-06,2024-12-20,576.7,-119,-697693.999999999,645931422,-173965123,0.276842082471102,92.2358311901414,-0.390163347705247
572.48,584,1530,1534,2506140,1767168,2024-11-06,2024-11-22,576.7,4,-738972,64843984,-17795646,2.72526129794863,54.4997466534444,-0.418167372881356
531.4,533,10973,10972,2688385,1755520,2024-11-06,2024-11-29,576.7,-1,-932865,201599777,-68182361,0.870794614023804,72.4595107067008,-0.531389559788553
563.63,566,7417,7336,3753002,1738632,2024-11-06,2024-11-08,576.7,-81,-2014370,101807360,-64121425,1.70776651118347,67.4958146444422,-1.15859480327062
434.34,435,24799,26077,1959121,1721082,2024-11-06,2024-12-20,576.7,1278,-238039,645931422,-173965123,0.266449647962783,92.5022808381042,-0.138307762210052
571.13,587,1043,1083,1834637,1718721,2024-11-06,2024-11-29,576.7,40,-115916,201599777,-68182361,0.852541121610467,73.3120518283113,-0.067443174313923
369.73,370,63243,63239,2339991,1707453,2024-11-06,2024-12-20,576.7,-4,-632538,645931422,-173965123,0.264339671650159,92.7666205097544,-0.370457049183784
569.57,581,1481,1490,2209652,1703070,2024-11-06,2024-11-29,576.7,9,-506582,201599777,-68182361,0.844777720165831,74.1568295484771,-0.297452247999201
560.13,565,3406,3496,2605590,1702552,2024-11-06,2024-11-22,576.7,90,-903038,64843984,-17795646,2.62561288646299,57.1253595399074,-0.530402595632909
530.5,534,4731,4857,2214108,1699950,2024-11-06,2024-12-20,576.7,126,-514158,645931422,-173965123,0.26317809323108,93.0297986029854,-0.302454778081708
567.9,576,1078,2076,1249402,1681560,2024-11-06,2024-11-22,576.7,998,432158,64843984,-17795646,2.59323979846766,59.718599338375,0.25699826351721
570.56,576,2092,3089,2133840,1680416,2024-11-06,2024-11-08,576.7,997,-453424,101807360,-64121425,1.65058400492852,69.1463986493707,-0.269828423438006
565.42,573,2192,2196,2558064,1664568,2024-11-06,2024-11-29,576.7,4,-893496,201599777,-68182361,0.825679484754589,74.9825090332317,-0.536773505197745
527.82,531,5334,5231,2240280,1663458,2024-11-06,2024-12-20,576.7,-103,-576822,645931422,-173965123,0.25752857708167,93.2873271800671,-0.346760783861089
571.15,583,1388,1375,2286036,1629375,2024-11-06,2024-11-29,576.7,-13,-656661,201599777,-68182361,0.808222620206569,75.7907316534383,-0.403014039125431
569.2,586,963,965,1968372,1621200,2024-11-06,2024-12-20,576.7,2,-347172,645931422,-173965123,0.250986396509443,93.5383135765766,-0.214145077720207
536.08,537,17347,17511,2740826,1611012,2024-11-06,2024-11-15,576.7,164,-1129814,517539059,-255450980,0.311283172155708,93.5931272387308,-0.701307004541245
513.99,515,15809,15837,2355541,1599537,2024-11-06,2024-11-29,576.7,28,-756004,201599777,-68182361,0.793422008596766,76.5841536620351,-0.472639269988753
574.88,605,528,529,1793088,1593348,2024-11-06,2024-12-20,576.7,1,-199740,645931422,-173965123,0.246674483657493,93.784988060234,-0.125358678706723
526.16,529,4611,5588,1908954,1586992,2024-11-06,2024-12-20,576.7,977,-321962,645931422,-173965123,0.24569047826876,94.0306785385028,-0.202875628862653
558.49,562,4427,4471,2567660,1569321,2024-11-06,2024-11-15,576.7,44,-998339,517539059,-255450980,0.303227548280564,93.8963547870114,-0.636159842377691
562.08,564,3395,8002,1493800,1536384,2024-11-06,2024-11-08,576.7,4607,42583.9999999998,101807360,-64121425,1.50910896815319,70.6555076175239,0.0277170290760642
570.53,594,653,653,1532591,1532591,2024-11-06,2024-11-29,576.7,0,0,201599777,-68182361,0.760214630594557,77.3443682926296,0
523.3,524,1852,21489,185200,1504230,2024-11-06,2024-11-15,576.7,19637,1319030,517539059,-255450980,0.290650526533496,94.1870053135449,0.876880530238062
556.27,559,5212,5492,2579940,1499316,2024-11-06,2024-11-15,576.7,280,-1080624,517539059,-255450980,0.289701032980392,94.4767063465252,-0.720744659564762
565.19,568,6185,5314,3581115,1493234,2024-11-06,2024-11-08,576.7,-871,-2087881,101807360,-64121425,1.46672499905704,72.122232616581,-1.39822760531839
543.21,548,3212,3107,2258036,1488253,2024-11-06,2024-12-20,576.7,-105,-769783,645931422,-173965123,0.230404180584979,94.2610827190878,-0.517239340354093
537.68,542,3398,3421,1964044,1477872,2024-11-06,2024-12-20,576.7,23,-486172,645931422,-173965123,0.228797044030473,94.4898797631182,-0.328967596652484
532.6,536,4060,4328,1940680,1471520,2024-11-06,2024-12-20,576.7,268,-469160,645931422,-173965123,0.227813657902526,94.7176934210208,-0.318826791345004
554.62,557,6292,6175,2755896,1469650,2024-11-06,2024-11-15,576.7,-117,-1286246,517539059,-255450980,0.283968905233875,94.7606752517591,-0.875205661211853
572.5,585,1026,1172,1747278,1465000,2024-11-06,2024-11-22,576.7,146,-282278,64843984,-17795646,2.25926895546702,61.977868293842,-0.192681228668942
564.76,567.5,6387,5276,3608655,1445624,2024-11-06,2024-11-08,576.7,-1111,-2163031,101807360,-64121425,1.41996020719917,73.5421928237801,-1.49626113014172
479.72,480,51172,51226,1791020,1434328,2024-11-06,2024-11-15,576.7,54,-356692,517539059,-255450980,0.277143913112846,95.037819164872,-0.248682309764573
540.83,542,12225,12258,2334975,1434186,2024-11-06,2024-11-15,576.7,33,-900789,517539059,-255450980,0.277116475570204,95.3149356404422,-0.628083805029474
579.1,597,801,801,1433790,1433790,2024-11-06,2024-11-29,576.7,0,0,201599777,-68182361,0.711206143844098,78.0555744364737,0
439.3,440,20449,20454,1779063,1431780,2024-11-06,2024-12-20,576.7,5,-347283,645931422,-173965123,0.221661301994997,94.9393547230158,-0.24255332523153
558.01,561,5544,4737,2860704,1416363,2024-11-06,2024-11-15,576.7,-807,-1444341,517539059,-255450980,0.273672677524422,95.5886083179666,-1.01975341067226
539.75,544,3289,3316,2072070,1409300,2024-11-06,2024-12-20,576.7,27,-662770,645931422,-173965123,0.218181056378459,95.1575357793942,-0.470283119279075
561.31,567,2389,2450,2009149,1394050,2024-11-06,2024-11-22,576.7,61,-615099,64843984,-17795646,2.14985248284559,64.1277207766876,-0.441231663139773
574.34,586,1193,1194,1986345,1392204,2024-11-06,2024-11-08,576.7,1,-594141,101807360,-64121425,1.36748855878396,74.9096813825641,-0.426762888197419
570.83,581,1363,1358,2014514,1381086,2024-11-06,2024-11-22,576.7,-5,-633428,64843984,-17795646,2.1298598802936,66.2575806569812,-0.458644863534928
574.75,601,525,525,1633275,1378125,2024-11-06,2024-12-20,576.7,0,-255150,645931422,-173965123,0.213354692628655,95.3708904720229,-0.185142857142857
532.18,533,16619,16799,2160470,1377518,2024-11-06,2024-11-15,576.7,180,-782952,517539059,-255450980,0.266166963834898,95.8547752818015,-0.568378779805418
464.1,465,15157,15080,1743055,1357200,2024-11-06,2024-12-20,576.7,-77,-385855,645931422,-173965123,0.21011518464262,95.5810056566655,-0.284302239905688
529.85,533,4235,4257,1939630,1340955,2024-11-06,2024-12-20,576.7,22,-598675,645931422,-173965123,0.207600211776042,95.7886058684416,-0.446454206144129
571.58,591,616,689,1400784,1338038,2024-11-06,2024-12-20,576.7,73,-62745.9999999998,645931422,-173965123,0.207148615847953,95.9957544842895,-0.0468940343996208
540.74,543,5764,5841,2000108,1320066,2024-11-06,2024-11-29,576.7,77,-680042.000000001,201599777,-68182361,0.654795367159558,78.7103698036333,-0.515157575454561
565.89,569,3873,4214,2405133,1310554,2024-11-06,2024-11-08,576.7,341,-1094579,101807360,-64121425,1.28728807033205,76.1969694528962,-0.835203280444759
555.48,558,4915,5180,2167515,1305360,2024-11-06,2024-11-15,576.7,265,-862155,517539059,-255450980,0.252224441286083,96.1069997230876,-0.660472972972973
551.9,554,5997,6149,2236881,1291290,2024-11-06,2024-11-15,576.7,152,-945591,517539059,-255450980,0.24950580589899,96.3565055289866,-0.732283995074693
559,564,2750,2571,2068000,1285500,2024-11-06,2024-11-22,576.7,-179,-782500,64843984,-17795646,1.9824506773057,68.2400313342869,-0.608712563204979
538.39,540,4724,7982,1270756,1285102,2024-11-06,2024-11-22,576.7,3258,14346,64843984,-17795646,1.98183689638811,70.221868230675,0.0111633162192573
389.58,390,30339,30340,1456272,1274280,2024-11-06,2024-12-20,576.7,1,-181992,645931422,-173965123,0.197277908551722,96.1930323928412,-0.142819474526792
576.1,596,604,633,1599392,1259670,2024-11-06,2024-11-15,576.7,29,-339722,517539059,-255450980,0.243396122107955,96.5999016510945,-0.269691268348059
564.37,567,3789,4781,2099106,1257403,2024-11-06,2024-11-08,576.7,992,-841703,101807360,-64121425,1.23508064642871,77.4320500993249,-0.669397957536287
571.69,578,1637,1988,1799063,1254428,2024-11-06,2024-11-08,576.7,351,-544635,101807360,-64121425,1.23215846084212,78.664208560167,-0.434169996205442
574.85,585,1204,1234,1974560,1252510,2024-11-06,2024-11-08,576.7,30,-722050,101807360,-64121425,1.23027451060513,79.8944830707721,-0.576482423294026
561.84,568,1720,2029,1518760,1249864,2024-11-06,2024-11-22,576.7,309,-268896,64843984,-17795646,1.92749415273435,72.1493623834094,-0.215140207254549
424.42,425,17505,21469,1295370,1245202,2024-11-06,2024-12-20,576.7,3964,-50168.0000000002,645931422,-173965123,0.192776192268906,96.3858085851101,-0.0402890454721405
542.43,545,4773,4805,1799421,1234885,2024-11-06,2024-11-29,576.7,32,-564536,201599777,-68182361,0.612542840263162,79.3229126438964,-0.457156739291513
560.36,562,6165,7522,2287215,1233608,2024-11-06,2024-11-08,576.7,1357,-1053607,101807360,-64121425,1.21170807297233,81.1061911437444,-0.854085738743588
543.93,549,2293,2423,1586756,1228461,2024-11-06,2024-12-20,576.7,130,-358295,645931422,-173965123,0.190184431064882,96.575993016175,-0.291661680753398
549.67,555,2286,2288,1668780,1219504,2024-11-06,2024-12-13,576.7,2,-449276,20220487,8899056,6.03103179463482,75.662613862861,-0.368408795707107
573.8,592,677,670,1570640,1219400,2024-11-06,2024-11-29,576.7,-7,-351240,201599777,-68182361,0.604861780179449,79.9277744240759,-0.288043299983599
570.83,604,366,366,1214022,1214022,2024-11-06,2024-12-20,576.7,0,0,645931422,-173965123,0.18794905444312,96.7639420706181,0
571.63,584,974,978,1621710,1209786,2024-11-06,2024-11-29,576.7,4,-411924,201599777,-68182361,0.600092925698028,80.5278673497739,-0.340493277323428
499.29,500,17051,17034,1636896,1209414,2024-11-06,2024-11-29,576.7,-17,-427482,201599777,-68182361,0.599908401684393,81.1277757514583,-0.353462089904698
575.95,605,401,401,1407510,1164905,2024-11-06,2024-11-15,576.7,0,-242605,517539059,-255450980,0.22508542683732,96.8249870779318,-0.208261617900172
439.84,440,71128,71125,1422560,1138000,2024-11-06,2024-11-15,576.7,-3,-284560,517539059,-255450980,0.219886785395264,97.0448738633271,-0.250052724077329
528.73,532,3396,3444,1507824,1126188,2024-11-06,2024-12-20,576.7,48,-381636,645931422,-173965123,0.174351016476792,96.9382930870949,-0.338874148898763
524.27,527,4058,4121,1619142,1125033,2024-11-06,2024-12-20,576.7,63,-494109,645931422,-173965123,0.174172204924875,97.1124652920198,-0.439195116943236
554.14,555,8928,12978,1785600,1116108,2024-11-06,2024-11-08,576.7,4050,-669492,101807360,-64121425,1.09629402039302,82.2024851641375,-0.599845176273264
508.81,510,9080,9095,1525440,1082305,2024-11-06,2024-12-06,576.7,15,-443135,41238515,-10488258,2.6245004215113,57.0971384396359,-0.409436341881447
494.63,495,29240,29200,1374280,1080400,2024-11-06,2024-11-15,576.7,-40,-293880,517539059,-255450980,0.208757190633606,97.2536310539607,-0.272010366530914
444.27,445,14544,14720,1294416,1074560,2024-11-06,2024-12-20,576.7,176,-219856,645931422,-173965123,0.166358217513685,97.2788235095335,-0.204600952948183
544.45,547,4081,4184,1616076,1066920,2024-11-06,2024-11-29,576.7,103,-549156,201599777,-68182361,0.529226775880809,81.6570025273391,-0.514711506017321
533.33,535,6317,6320,1718224,1055440,2024-11-06,2024-11-29,576.7,3,-662784,201599777,-68182361,0.523532325137443,82.1805348524766,-0.627969377700296
556.19,561,2164,2185,1488832,1050985,2024-11-06,2024-11-29,576.7,21,-437847,201599777,-68182361,0.521322501264473,82.701857353741,-0.416606326446144
570.01,615,232,232,1043768,1043768,2024-11-06,2024-12-20,576.7,0,0,645931422,-173965123,0.161591147984128,97.4404146575176,0
569,579,939,1042,1319295,1042000,2024-11-06,2024-11-29,576.7,103,-277295,201599777,-68182361,0.516865651096429,83.2187230048375,-0.266118042226488
536.97,538,10073,10038,1561315,1033914,2024-11-06,2024-11-15,576.7,-35,-527401,517539059,-255450980,0.19977506663898,97.4534061205997,-0.510101420427618
543.04,545,4490,5261,1504150,1031156,2024-11-06,2024-11-22,576.7,771,-472994,64843984,-17795646,1.59021074337444,73.7395731267838,-0.458702659927305
552.03,559,1507,1474,1428636,1027378,2024-11-06,2024-12-20,576.7,-33,-401258,645931422,-173965123,0.159053726914062,97.5994683844317,-0.390565108460567
529.39,531,6363,6326,1438038,1018486,2024-11-06,2024-11-29,576.7,-37,-419552,201599777,-68182361,0.505201947718424,83.7239249525559,-0.411936933841015
573.33,591,578,573,1255994,1012491,2024-11-06,2024-11-29,576.7,-5,-243503,201599777,-68182361,0.502228234111589,84.2261531866675,-0.240498927891705
530.48,532,6607,6644,1651750,1009888,2024-11-06,2024-11-29,576.7,37,-641862,201599777,-68182361,0.500937062048437,84.7270902487159,-0.63557741056434
570.34,589,531,541,1170324,1009506,2024-11-06,2024-12-20,576.7,10,-160818,645931422,-173965123,0.156286869722836,97.7557552541545,-0.159303659413614
549.45,550,18011,18236,2197342,1002980,2024-11-06,2024-11-08,576.7,225,-1194362,101807360,-64121425,0.985174352816928,83.1876595169544,-1.19081337613911
535.09,539,2386,2476,1262194,968116,2024-11-06,2024-12-20,576.7,90,-294078,645931422,-173965123,0.14987906874114,97.9056343228957,-0.303763185403402
547.58,550,3910,3959,1524900,958078,2024-11-06,2024-11-22,576.7,49,-566822,64843984,-17795646,1.47751254765592,75.2170856744398,-0.59162406401149
572.22,598,368,368,1004272,948704,2024-11-06,2024-11-15,576.7,0,-55567.9999999998,517539059,-255450980,0.183310608832714,97.6367167294324,-0.0585725368502713
394.58,395,22224,22440,1133424,942480,2024-11-06,2024-12-20,576.7,216,-190944,645931422,-173965123,0.145910226364557,98.0515445492602,-0.202597402597403
569.11,578,861,1050,1133076,933450,2024-11-06,2024-11-22,576.7,189,-199626,64843984,-17795646,1.43953215459433,76.6566178290341,-0.213858267716535
541.8,543,7333,7721,1429935,926520,2024-11-06,2024-11-15,576.7,388,-503415,517539059,-255450980,0.179024169072425,97.8157408985048,-0.543339593316928
575.33,600,376,375,1102808,925125,2024-11-06,2024-11-29,576.7,-1,-177683,201599777,-68182361,0.458891876651233,85.1859821253671,-0.192063775165518
562.51,570,1000,1211,1107000,907039,2024-11-06,2024-12-06,576.7,211,-199961,41238515,-10488258,2.19949481692054,59.2966332565564,-0.22045468827691
573.66,582,1150,1086,1611150,905724,2024-11-06,2024-11-08,576.7,-64,-705426,101807360,-64121425,0.889644913687969,84.0773044306424,-0.77885316056547
556.88,558,6795,8015,1814265,897680,2024-11-06,2024-11-08,576.7,1220,-916585,101807360,-64121425,0.881743716760753,84.9590481474031,-1.02105984315123
551.95,555,2705,2919,1338975,890295,2024-11-06,2024-11-22,576.7,214,-448680,64843984,-17795646,1.37298010560239,78.0295979346365,-0.503967785958587
532.35,535,2695,3352,1034880,888280,2024-11-06,2024-12-13,576.7,657,-146600,20220487,8899056,4.39297035724214,80.0555842201031,-0.16503805106498
389.84,390,55244,55468,1325856,887488,2024-11-06,2024-11-29,576.7,224,-438368,201599777,-68182361,0.440222709174921,85.6262048345421,-0.493942453306411
571.86,592,328,438,785560,882132,2024-11-06,2024-12-20,576.7,110,96572,645931422,-173965123,0.136567438888273,98.1881119881485,0.109475679376783
558,563,1694,1747,1334872,873500,2024-11-06,2024-11-29,576.7,53,-461372,201599777,-68182361,0.433284209436402,86.0594890439785,-0.528187750429308
575.86,587,770,780,1391390,868920,2024-11-06,2024-11-08,576.7,10,-522470,101807360,-64121425,0.853494285678364,85.8125424330815,-0.601286654697786
559.52,561,5625,5844,1951875,864912,2024-11-06,2024-11-08,576.7,219,-1086963,101807360,-64121425,0.849557438676339,86.6620998717578,-1.25673247683001
571.15,585,574,604,1048698,836540,2024-11-06,2024-12-06,576.7,30,-212158,41238515,-10488258,2.0285405524423,61.3251738089987,-0.25361369450355
575.34,600,330,331,1040490,816246,2024-11-06,2024-11-22,576.7,1,-224244,64843984,-17795646,1.25878446950453,79.288382404141,-0.27472600172007
414.47,415,14766,15023,974556,796219,2024-11-06,2024-12-20,576.7,257,-178337,645931422,-173965123,0.123266800914355,98.3113787890628,-0.223979834693721
512.99,514,7639,7802,1015987,788002,2024-11-06,2024-11-29,576.7,163,-227985,201599777,-68182361,0.39087444030258,86.4503634842811,-0.289320331674285
384.85,385,52199,52200,1148378,783000,2024-11-06,2024-11-29,576.7,1,-365378,201599777,-68182361,0.3883932867644,86.8387567710454,-0.466638569604087
544.57,545,15261,18204,1098792,782772,2024-11-06,2024-11-08,576.7,2943,-316020,101807360,-64121425,0.768875649068987,87.4309755208268,-0.403719090616425
504.15,505,9182,9111,991656,774435,2024-11-06,2024-11-29,576.7,-71,-217221,201599777,-68182361,0.384144770160138,87.2229015412056,-0.280489647291251
564.56,571,1247,1202,1263211,774088,2024-11-06,2024-11-22,576.7,-45,-489123,64843984,-17795646,1.1937699571328,80.4821523612738,-0.631870019946053
545.55,547,5424,5327,1421088,772415,2024-11-06,2024-11-15,576.7,-97,-648673,517539059,-255450980,0.149247672531707,97.9649885710365,-0.839798553886188
565.92,573,1103,1077,1229845,762516,2024-11-06,2024-11-22,576.7,-26,-467329,64843984,-17795646,1.17592404562928,81.6580764069031,-0.612877631420193
384.63,385,20599,20601,968153,762237,2024-11-06,2024-12-20,576.7,2,-205916,645931422,-173965123,0.118005870908073,98.4293846599709,-0.270146949046032
567.29,576,466,870,580170,757770,2024-11-06,2024-11-29,576.7,404,177600,201599777,-68182361,0.375878391968658,87.5987799331742,0.234371907043034
566.01,575,663,831,859248,747069,2024-11-06,2024-12-06,576.7,168,-112179,41238515,-10488258,1.81158075163473,63.1367545606334,-0.150158820671183
518.92,520,6877,6912,1072812,746496,2024-11-06,2024-11-29,576.7,35,-326316,201599777,-68182361,0.370286123878004,87.9690660570522,-0.437130272633745
565.7,574,781,895,956725,742850,2024-11-06,2024-11-29,576.7,114,-213875,201599777,-68182361,0.368477590131461,88.3375436471837,-0.287911422225214
571.1,577,885,1248,952260,736320,2024-11-06,2024-11-08,576.7,363,-215940,101807360,-64121425,0.723248299533551,88.1542238203603,-0.293269230769231
566.59,574,805,992,905625,735072,2024-11-06,2024-11-22,576.7,187,-170553,64843984,-17795646,1.13360092125123,82.7916773281543,-0.232022169256889
569.6,600,241,241,732640,732640,2024-11-06,2024-12-06,576.7,0,0,41238515,-10488258,1.77659161587172,64.9133461765052,0
556.67,561,1311,1689,879681,731337,2024-11-06,2024-11-22,576.7,378,-148344,64843984,-17795646,1.12784094203712,83.9195182701914,-0.202839457049213
564.67,572,931,995,1049237,729335,2024-11-06,2024-11-29,576.7,64,-319902,201599777,-68182361,0.361773713668344,88.6993173608521,-0.438621483954561
577,605,257,259,897444,725200,2024-11-06,2024-11-29,576.7,2,-172244,201599777,-68182361,0.359722620129684,89.0590399809817,-0.237512410369553
565.12,572,986,1031,1008678,709328,2024-11-06,2024-11-22,576.7,45,-299350,64843984,-17795646,1.09389947415939,85.0134177443508,-0.422019150519929
571.94,593,286,336,711282,707616,2024-11-06,2024-12-20,576.7,50,-3666.00000000012,645931422,-173965123,0.109549710061945,98.5389343700329,-0.00518077601410951
556.98,562,1389,1401,1025082,703302,2024-11-06,2024-11-29,576.7,12,-321780,201599777,-68182361,0.348860504939943,89.4079004859217,-0.457527491746078
565.2,575,618,713,847896,698740,2024-11-06,2024-12-13,576.7,95,-149156,20220487,8899056,3.45560420973046,83.5111884298336,-0.213464235624124
571.3,587,436,436,786544,684520,2024-11-06,2024-11-22,576.7,0,-102024,64843984,-17795646,1.05564149173808,86.0690592360889,-0.149044585987261
562.42,569,931,1034,910518,680372,2024-11-06,2024-11-29,576.7,103,-230146,201599777,-68182361,0.337486484422054,89.7453869703437,-0.338264949174863
514.18,515,8343,8291,909387,679862,2024-11-06,2024-11-22,576.7,-52,-229525,64843984,-17795646,1.04845809597387,87.1175173320628,-0.337605278718328
525.18,528,2372,2396,932196,675672,2024-11-06,2024-12-20,576.7,24,-256524,645931422,-173965123,0.10460429342606,98.6435386634589,-0.379657585337265
561.53,569,869,895,944603,668565,2024-11-06,2024-12-06,576.7,26,-276038,41238515,-10488258,1.62121502192792,66.5345611984331,-0.412881320440047
509.1,510,7193,7359,899125,662310,2024-11-06,2024-11-29,576.7,166,-236815,201599777,-68182361,0.328527149114852,90.0739141194586,-0.35755914903897
528.59,530,4419,4676,1003113,659316,2024-11-06,2024-11-29,576.7,257,-343797,201599777,-68182361,0.327042028424466,90.400956147883,-0.521444952041206
404.57,405,15328,15329,904352,659147,2024-11-06,2024-12-20,576.7,1,-245205,645931422,-173965123,0.102045972304472,98.7455846357634,-0.372003513632012
409.53,410,13492,13490,809520,634030,2024-11-06,2024-12-20,576.7,-2,-175490,645931422,-173965123,0.0981574790148543,98.8437421147783,-0.27678501017302
571.77,586,442,442,830960,628966,2024-11-06,2024-11-29,576.7,0,-201994,201599777,-68182361,0.311987448279767,90.7129435961628,-0.321152494729445
553.23,554,12229,8126,2250136,625702,2024-11-06,2024-11-08,576.7,-4103,-1624434,101807360,-64121425,0.614594072569999,88.7688178929303,-2.59617837245206
479.88,480,52201,52119,417608,625428,2024-11-06,2024-11-08,576.7,-82,207820,101807360,-64121425,0.614324936821857,89.3831428297522,0.332284451607539
572.75,582.5,630,630,968940,614250,2024-11-06,2024-11-08,576.7,0,-354690,101807360,-64121425,0.603345376994355,89.9864882067466,-0.577435897435897
349.75,350,24524,24501,735720,612525,2024-11-06,2024-12-20,576.7,-23,-123195,645931422,-173965123,0.0948281782148694,98.9385702929931,-0.20112648463328
547.22,551,596,1620,326012,612360,2024-11-06,2024-12-06,576.7,1024,286348,41238515,-10488258,1.48492252933938,68.0194837277724,0.46761382193481
554.7,560,758,1152,601094,610560,2024-11-06,2024-12-06,576.7,394,9466,41238515,-10488258,1.48055767769523,69.5000414054677,0.0155037997903564
449.61,450,15638,15644,734986,610116,2024-11-06,2024-11-29,576.7,6,-124870,201599777,-68182361,0.302637239524328,91.0155808356871,-0.204665997941375
533.98,536,2998,2990,815456,603980,2024-11-06,2024-11-29,576.7,-8,-211476,201599777,-68182361,0.299593585363936,91.3151744210511,-0.350137421768933
572.7,590,397,347,809086,600310,2024-11-06,2024-11-22,576.7,-50,-208776,64843984,-17795646,0.925775936284236,88.043293268347,-0.347780313504689
560.33,566,936,1058,798408,599886,2024-11-06,2024-11-29,576.7,122,-198522,201599777,-68182361,0.29756282914936,91.6127372502004,-0.330932877246677
560.83,566,1163,1157,935052,598169,2024-11-06,2024-11-22,576.7,-6,-336883,64843984,-17795646,0.922474165066724,88.9657674334137,-0.563190335841543
573.25,586,468,469,834444,597975,2024-11-06,2024-11-22,576.7,1,-236469,64843984,-17795646,0.922174985423474,89.8879424188372,-0.395449642543584
566.72,578,6,528,8844,595584,2024-11-06,2024-12-13,576.7,522,586740,20220487,8899056,2.94544834652103,86.4566367763546,0.985150709219858
567.85,578,1020,584,1462680,592760,2024-11-06,2024-12-06,576.7,-436,-869920,41238515,-10488258,1.43739414476976,70.9374355502374,-1.46757540994669
570.9,603,184,184,590640,590640,2024-11-06,2024-12-20,576.7,0,0,645931422,-173965123,0.0914400476402277,99.0300103406333,0
538,539,6107,5862,1062618,586200,2024-11-06,2024-11-15,576.7,-245,-476418,517539059,-255450980,0.113266813355627,98.0782553843922,-0.812722620266121
576.44,590,367,431,731431,584436,2024-11-06,2024-11-08,576.7,64,-146995,101807360,-64121425,0.574060657304148,90.5605488640507,-0.251515991485809
563.18,569,894,996,823374,579672,2024-11-06,2024-11-22,576.7,102,-243702,64843984,-17795646,0.893948774029677,90.7818911928669,-0.42041361321575
535.02,536,5493,5902,785499,578396,2024-11-06,2024-11-15,576.7,409,-207103,517539059,-255450980,0.111758907843128,98.1900142922353,-0.358064371122899
572.2,579,880,847,971520,575960,2024-11-06,2024-11-08,576.7,-33,-395560,101807360,-64121425,0.565735129562342,91.126283993613,-0.686783804430863
494.26,495,7755,7776,713460,575424,2024-11-06,2024-11-29,576.7,21,-138036,201599777,-68182361,0.285428887155962,91.8981661373564,-0.239885719052386
528.85,530,4868,4996,856768,574540,2024-11-06,2024-11-22,576.7,128,-282228,64843984,-17795646,0.88603439295155,91.6679255858184,-0.491224283774846
568.34,572.5,658,1375,538244,572000,2024-11-06,2024-11-08,576.7,717,33756,101807360,-64121425,0.561845430428606,91.6881294240416,0.059013986013986
533.16,534,6462,6749,878832,566916,2024-11-06,2024-11-15,576.7,287,-311916,517539059,-255450980,0.109540717776047,98.2995550100113,-0.550197912918316
560.62,567,895,883,834140,563354,2024-11-06,2024-11-29,576.7,-12,-270786,201599777,-68182361,0.279441777358712,92.1776079147151,-0.480667573142287
550.07,554,1444,1432,771096,562776,2024-11-06,2024-11-29,576.7,-12,-208320,201599777,-68182361,0.279155070692365,92.4567629854075,-0.370165039020854
573,588,372,375,753300,562500,2024-11-06,2024-11-22,576.7,3,-190800,64843984,-17795646,0.867466749112763,92.5353923349312,-0.3392
530.24,531,6951,7128,854973,541728,2024-11-06,2024-11-15,576.7,177,-313245,517539059,-255450980,0.104673838733397,98.4042288487447,-0.578232987772462
575.14,605,178,181,428980,540466,2024-11-06,2024-12-06,576.7,3,111486,41238515,-10488258,1.31058550483692,72.2480210550744,0.206277545673548
389.95,390,106623,106624,852984,533120,2024-11-06,2024-11-15,576.7,1,-319864,517539059,-255450980,0.103010582627349,98.5072394313721,-0.599984993997599
574.62,588,395,395,661625,528510,2024-11-06,2024-11-08,576.7,0,-133115,101807360,-64121425,0.519127497265424,92.2072569213071,-0.25186846038864
563.2,571,645,676,724980,527280,2024-11-06,2024-12-06,576.7,31,-197700,41238515,-10488258,1.27861054162595,73.5266315967003,-0.374943104233045
374.67,375,15745,15758,629800,520014,2024-11-06,2024-12-20,576.7,13,-109786,645931422,-173965123,0.0805060695746738,99.110516410208,-0.211121239043564
579.08,606,193,193,519556,519556,2024-11-06,2024-12-20,576.7,0,0,645931422,-173965123,0.0804351642146928,99.1909515744227,0
541.88,545,1493,1596,703203,497952,2024-11-06,2024-12-06,576.7,103,-205251,41238515,-10488258,1.20749255883729,74.7341241555376,-0.412190331598226
561.22,563,2410,2766,961590,492348,2024-11-06,2024-11-08,576.7,356,-469242,101807360,-64121425,0.483607471994166,92.6908643933012,-0.953069779911769
550.4,551,7363,8003,971916,480180,2024-11-06,2024-11-08,576.7,640,-491736,101807360,-64121425,0.471655487383231,93.1625198806845,-1.02406597525928
464.78,465,21404,21743,620716,478346,2024-11-06,2024-11-15,576.7,339,-142370,517539059,-255450980,0.0924270336086846,98.5996664649808,-0.297629749177374
539.68,540,15397,14914,662071,477248,2024-11-06,2024-11-08,576.7,-483,-184823,101807360,-64121425,0.468775538428656,93.6312954191131,-0.387268254660051
567.24,583,307,302,516067,475952,2024-11-06,2024-12-06,576.7,-5,-40115,41238515,-10488258,1.15414437207547,75.8882685276131,-0.0842837092816082
515.99,517,4662,4676,792540,472276,2024-11-06,2024-11-29,576.7,14,-320264,201599777,-68182361,0.234264148020362,92.6910271334278,-0.678128890733385
533.64,535,3410,3468,746790,471648,2024-11-06,2024-11-22,576.7,58,-275142,64843984,-17795646,0.727358146285398,93.2627504812166,-0.583363016486871
319.86,320,33304,33304,666080,466256,2024-11-06,2024-12-20,576.7,0,-199824,645931422,-173965123,0.0721835142430956,99.2631350886658,-0.428571428571428
554.66,559,1013,1041,692892,451794,2024-11-06,2024-11-29,576.7,28,-241098,201599777,-68182361,0.224104414559943,92.9151315479878,-0.533645865150932
569.73,589,231,231,445137,445137,2024-11-06,2024-11-22,576.7,0,0,64843984,-17795646,0.686473860088547,93.9492243413051,0
573.41,595,194,205,487134,442595,2024-11-06,2024-11-22,576.7,11,-44539,64843984,-17795646,0.682553681464112,94.6317780227692,-0.100631502841198
528.28,529,6649,6147,744688,442584,2024-11-06,2024-11-15,576.7,-502,-302104,517539059,-255450980,0.0855170237498925,98.6851834887307,-0.682591327296062
474.7,475,14840,14699,489720,440970,2024-11-06,2024-11-15,576.7,-141,-48750,517539059,-255450980,0.0852051632300085,98.7703886519607,-0.110551738213484
568.45,580,373,381,565095,440055,2024-11-06,2024-12-06,576.7,8,-125040,41238515,-10488258,1.06709710570325,76.9553656333163,-0.284146299894331
548.55,552,1235,1274,634790,439530,2024-11-06,2024-11-29,576.7,39,-195260,201599777,-68182361,0.218021074497518,93.1331526224853,-0.444247264123041
571.46,588,265,265,530000,438310,2024-11-06,2024-11-29,576.7,0,-91690.0000000001,201599777,-68182361,0.217415915097962,93.3505685375833,-0.209189842805321
558.34,564,744,773,613800,437518,2024-11-06,2024-11-29,576.7,29,-176282,201599777,-68182361,0.217023057520545,93.5675915951038,-0.402913708693128
564.86,574,241,467,294261,426838,2024-11-06,2024-12-06,576.7,226,132577,41238515,-10488258,1.0350469700473,77.9904126033636,0.310602617386456
505.18,506,5209,5204,588617,426728,2024-11-06,2024-11-29,576.7,-5,-161889,201599777,-68182361,0.211670869060535,93.7792624641643,-0.379372808908719
469.73,470,15615,15596,499680,421092,2024-11-06,2024-11-15,576.7,-19,-78588,517539059,-255450980,0.0813642937044487,98.8517529456651,-0.186629050183808
574.82,602,152,154,452960,418572,2024-11-06,2024-12-20,576.7,2,-34388.0000000001,645931422,-173965123,0.0648013064148472,99.3279363950807,-0.0821555192416121
549.54,553,1186,1207,619092,417622,2024-11-06,2024-11-29,576.7,21,-201470,201599777,-68182361,0.20715399898483,93.9864164631492,-0.482421903060663
546.12,549,1413,1443,644328,415584,2024-11-06,2024-11-29,576.7,30,-228744,201599777,-68182361,0.206143085168194,94.1925595483174,-0.5504158004158
527.24,528,5425,5463,553350,415188,2024-11-06,2024-11-15,576.7,38,-138162,517539059,-255450980,0.0802235102413787,98.9319764559065,-0.332769733229284
553.57,558,897,929,548964,411547,2024-11-06,2024-11-29,576.7,32,-137417,201599777,-68182361,0.204140602794417,94.3967001511118,-0.333903539571422
429.96,430,101532,101564,304596,406256,2024-11-06,2024-11-08,576.7,32,101660,101807360,-64121425,0.399043841231125,94.0303392603442,0.250236304202276
568,589,190,190,399000,399000,2024-11-06,2024-11-29,576.7,0,0,201599777,-68182361,0.197916885592587,94.5946170367044,0
449.82,450,22511,21999,495242,395982,2024-11-06,2024-11-15,576.7,-512,-99260,517539059,-255450980,0.0765124859880382,99.0084889418945,-0.250667959654732
566.98,577,352,386,489632,386772,2024-11-06,2024-12-06,576.7,34,-102860,41238515,-10488258,0.937890222283707,78.9283028256473,-0.265944794349126
546.46,550,1081,1091,574011,386214,2024-11-06,2024-12-06,576.7,10,-187797,41238515,-10488258,0.936537118274021,79.8648399439214,-0.486251145737855
552,556,911,956,539312,382400,2024-11-06,2024-11-29,576.7,45,-156912,201599777,-68182361,0.189682749500264,94.7842997862046,-0.410334728033473
556,557,2322,3781,561924,378100,2024-11-06,2024-11-08,576.7,1459,-183824,101807360,-64121425,0.371387687491356,94.4017269478356,-0.486178259719651
329.82,330,20902,20944,501648,376992,2024-11-06,2024-12-20,576.7,42,-124656,645931422,-173965123,0.0583640905458227,99.3863004856265,-0.330659536541889
547.81,552,894,894,525672,374586,2024-11-06,2024-12-06,576.7,0,-151086,41238515,-10488258,0.908340176652821,80.7731801205742,-0.403341288782816
571.3,577.5,384,600,399360,372000,2024-11-06,2024-11-08,576.7,216,-27360.0000000001,101807360,-64121425,0.365395979229792,94.7671229270654,-0.0735483870967743
359.73,360,13124,13447,446216,363069,2024-11-06,2024-12-20,576.7,323,-83147.0000000001,645931422,-173965123,0.0562085985654372,99.4425090841919,-0.229011565294751
557.35,562,762,777,528828,361305,2024-11-06,2024-11-22,576.7,15,-167523,64843984,-17795646,0.55719124229011,95.1889692650593,-0.463660895918961
454.8,455,17869,17894,446725,357880,2024-11-06,2024-11-15,576.7,25,-88845,517539059,-255450980,0.0691503363420538,99.0776392782366,-0.248253604560188
552.3,553,1818,5087,294516,356090,2024-11-06,2024-11-08,576.7,3269,61573.9999999999,101807360,-64121425,0.349768425386927,95.1168913524523,0.172916959195709
555.06,556,2904,3723,667920,349962,2024-11-06,2024-11-08,576.7,819,-317958,101807360,-64121425,0.343749214202195,95.4606405666545,-0.908550071150582
563.4,572,360,401,433440,344860,2024-11-06,2024-12-06,576.7,41,-88580,41238515,-10488258,0.836257076667285,81.6094371972415,-0.256857855361596
536.99,539,1734,1710,539274,343710,2024-11-06,2024-11-29,576.7,-24,-195564,201599777,-68182361,0.170491260017614,94.9547910462223,-0.568979663088069
478.29,479,4831,4831,343001,343001,2024-11-06,2024-11-29,576.7,0,0,201599777,-68182361,0.170139573120659,95.1249306193429,0
568.96,582,254,256,442976,333824,2024-11-06,2024-12-06,576.7,2,-109152,41238515,-10488258,0.809495686253494,82.418932883495,-0.326974693251534
566.86,588,156,156,329784,329784,2024-11-06,2024-12-06,576.7,0,0,41238515,-10488258,0.79969901922996,83.2186319027249,0
543.34,546,1245,1238,500490,329308,2024-11-06,2024-11-29,576.7,-7,-171182,201599777,-68182361,0.163347402909082,95.288278022252,-0.519823387224118
558.79,565,511,512,485450,317952,2024-11-06,2024-12-06,576.7,1,-167498,41238515,-10488258,0.771007394422423,83.9896392971473,-0.52680278784219
499.39,500,5072,5131,400688,312991,2024-11-06,2024-11-22,576.7,59,-87697,64843984,-17795646,0.482683173816094,95.6716524388754,-0.280190165212418
566.52,576,237,329,329430,311892,2024-11-06,2024-12-06,576.7,92,-17538,41238515,-10488258,0.756312393887122,84.7459516910345,-0.0562310030395137
511.08,512,3312,3383,453744,311236,2024-11-06,2024-11-29,576.7,71,-142508,201599777,-68182361,0.154383107278933,95.4426611295309,-0.457877623411174
364.73,365,11485,11485,424945,310095,2024-11-06,2024-12-20,576.7,0,-114850,645931422,-173965123,0.0480074183478877,99.4905165025398,-0.37037037037037
523.98,525,2755,3012,402230,307224,2024-11-06,2024-11-22,576.7,257,-95006,64843984,-17795646,0.473789519163412,96.1454419580389,-0.309240163528891
545.73,550,692,711,429040,303597,2024-11-06,2024-12-13,576.7,19,-125443,20220487,8899056,1.50143268062733,87.9580694569819,-0.413189194886643
557.78,559,2563,2477,743270,302194,2024-11-06,2024-11-08,576.7,-86,-441076,101807360,-64121425,0.296829227277871,95.7574697939324,-1.4595789459751
566.33,584,171,171,302157,302157,2024-11-06,2024-12-06,576.7,0,0,41238515,-10488258,0.732705821245018,85.4786575122795,0
526.29,527,4048,4251,412896,301821,2024-11-06,2024-11-15,576.7,203,-111075,517539059,-255450980,0.058318496884696,99.1359577751213,-0.368016142017951
529.74,530,10736,11492,225456,298792,2024-11-06,2024-11-08,576.7,756,73336,101807360,-64121425,0.293487622112979,96.0509574160454,0.245441645023963
547.98,551,968,979,482064,295658,2024-11-06,2024-11-29,576.7,11,-186406,201599777,-68182361,0.146655916191812,95.5893170457227,-0.630478458218618
575.95,605,100,100,343800,290500,2024-11-06,2024-11-08,576.7,0,-53300.0000000001,101807360,-64121425,0.285342827866276,96.3363002439116,-0.183476764199656
507.12,508,3258,3209,400734,282392,2024-11-06,2024-11-29,576.7,-49,-118342,201599777,-68182361,0.14007555177008,95.7293925974928,-0.41906994532423
576.29,592,162,179,358506,281209,2024-11-06,2024-11-08,576.7,17,-77297,101807360,-64121425,0.276216768610835,96.6125170125225,-0.274873848276549
537.39,540,946,1069,361372,279009,2024-11-06,2024-12-06,576.7,123,-82363.0000000001,41238515,-10488258,0.676573829101266,86.1552313413807,-0.295198362776828
568.43,581,235,217,372475,272769,2024-11-06,2024-12-06,576.7,-18,-99706,41238515,-10488258,0.661442343401551,86.8166736847823,-0.365532740157423
575.4,591,146,172,309520,268320,2024-11-06,2024-11-08,576.7,26,-41200,101807360,-64121425,0.263556583728328,96.8760735962508,-0.153548002385212
354.78,355,11666,11974,373312,263428,2024-11-06,2024-12-20,576.7,308,-109884,645931422,-173965123,0.0407826575744445,99.5312991601143,-0.41713105668342
534.72,535,7511,9333,217819,261324,2024-11-06,2024-11-08,576.7,1822,43505,101807360,-64121425,0.256684781925393,97.1327583781762,0.166479159969999
324.83,325,15253,15286,335566,259862,2024-11-06,2024-12-20,576.7,33,-75704,645931422,-173965123,0.0402305865838495,99.5715297466981,-0.291323856508454
488.42,489,4448,4436,369184,257288,2024-11-06,2024-11-29,576.7,-12,-111896,201599777,-68182361,0.127623157043472,95.8570157545363,-0.434905631043811
575.42,610,75,74,301575,255892,2024-11-06,2024-12-20,576.7,-1,-45683,645931422,-173965123,0.0396159702538825,99.611145716952,-0.178524533787692
479.46,480,4763,4733,342936,255582,2024-11-06,2024-11-29,576.7,-30,-87353.9999999999,201599777,-68182361,0.126776925948683,95.9837926804849,-0.341784632720614
299.9,300,25459,25475,381885,254750,2024-11-06,2024-12-20,576.7,16,-127135,645931422,-173965123,0.0394391712995192,99.6505848882515,-0.499057899901865
459.54,460,5530,5533,298620,254518,2024-11-06,2024-11-29,576.7,3,-44102,201599777,-68182361,0.126249147587103,96.1100418280721,-0.17327654625606
569.3,582.5,186,187,290532,246840,2024-11-06,2024-12-06,576.7,1,-43692,41238515,-10488258,0.598566655467589,87.4152403402499,-0.177005347593583
444.82,445,13676,13673,287196,246114,2024-11-06,2024-11-15,576.7,-3,-41082,517539059,-255450980,0.0475546716175484,99.1835124467388,-0.166922645603257
575.82,589,183,185,345321,243830,2024-11-06,2024-11-08,576.7,2,-101491,101807360,-64121425,0.239501348429033,97.3722597266052,-0.416236722306525
560.79,562.5,996,1424,380472,243504,2024-11-06,2024-11-08,576.7,428,-136968,101807360,-64121425,0.239181135823579,97.6114408624288,-0.562487679873842
500.59,501,5687,5924,290037,242884,2024-11-06,2024-11-15,576.7,237,-47153,517539059,-255450980,0.0469305641335179,99.2304430108724,-0.194137942392253
541.64,542,6571,6708,341692,241488,2024-11-06,2024-11-08,576.7,137,-100204,101807360,-64121425,0.237200925355495,97.8486417877843,-0.414944013781223
384.97,385,79883,80164,559181,240492,2024-11-06,2024-11-15,576.7,281,-318689,517539059,-255450980,0.046468376795499,99.2769113876678,-1.32515426708581
274.9,275,24004,24004,240040,240040,2024-11-06,2024-12-20,576.7,0,0,645931422,-173965123,0.0371618397595155,99.687746728011,0
538.84,541,1108,1105,373396,238680,2024-11-06,2024-11-29,576.7,-3,-134716,201599777,-68182361,0.118392988103355,96.2284348161754,-0.564420982068041
429.69,430,7651,7657,298389,237367,2024-11-06,2024-11-29,576.7,6,-61022.0000000001,201599777,-68182361,0.11774169770039,96.3461765138758,-0.257078700914618
569.81,601,76,76,237044,237044,2024-11-06,2024-11-29,576.7,0,0,201599777,-68182361,0.117581479269196,96.463757993145,0
564.42,573,200,275,233600,235950,2024-11-06,2024-12-06,576.7,75,2350,41238515,-10488258,0.57215930302049,87.9873996432704,0.00995973723246451
541.69,544,972,1007,347004,232617,2024-11-06,2024-11-29,576.7,35,-114387,201599777,-68182361,0.115385544300478,96.5791435374455,-0.49173964069694
528.1,530,1114,1192,306350,226480,2024-11-06,2024-12-06,576.7,78,-79870,41238515,-10488258,0.549195333537107,88.5365949768075,-0.352658071352879
531.21,532,2740,2842,323320,224518,2024-11-06,2024-11-15,576.7,102,-98802,517539059,-255450980,0.0433818464704516,99.3202932341383,-0.440062712121077
339.79,340,10612,10632,286524,223272,2024-11-06,2024-12-20,576.7,20,-63252,645931422,-173965123,0.0345658985451864,99.7223126265562,-0.283295711060948
571.53,587,142,144,300898,222768,2024-11-06,2024-12-06,576.7,2,-78130,41238515,-10488258,0.540194039479841,89.0767890162873,-0.350723622782446
527.45,529,1436,1402,320228,217310,2024-11-06,2024-11-29,576.7,-34,-102918,201599777,-68182361,0.107792777965226,96.6869363154107,-0.473599926372463
570.19,607,59,59,217179,217179,2024-11-06,2024-11-29,576.7,0,0,201599777,-68182361,0.107727797734618,96.7946641131453,0
560.5,568,262,288,259904,216000,2024-11-06,2024-12-06,576.7,26,-43904,41238515,-10488258,0.523782197297842,89.6005712135852,-0.203259259259259
520.7,522,1594,1618,290108,210340,2024-11-06,2024-11-29,576.7,24,-79768,201599777,-68182361,0.104335432871039,96.8989995460164,-0.379233621755253
525.35,526,3242,3234,304748,210210,2024-11-06,2024-11-15,576.7,-8,-94538,517539059,-255450980,0.0406172242161147,99.3609104583544,-0.449731221159793
494.36,495,3257,3260,237761,208640,2024-11-06,2024-11-22,576.7,3,-29121,64843984,-17795646,0.321756911173132,96.467198869212,-0.139575345092025
561.79,570,238,254,277746,208534,2024-11-06,2024-12-13,576.7,16,-69212,20220487,8899056,1.03130058143506,88.989370038417,-0.331897915927379
556.44,557.5,1186,1946,328522,206276,2024-11-06,2024-11-08,576.7,760,-122246,101807360,-64121425,0.202614034977432,98.0512558227617,-0.592633171091159
486.44,487,3633,3635,319704,203560,2024-11-06,2024-11-29,576.7,2,-116144,201599777,-68182361,0.10097233391285,96.9999718799292,-0.570563961485557
566.5,577.5,181,184,228060,202400,2024-11-06,2024-12-06,576.7,3,-25660,41238515,-10488258,0.490803318208718,90.0913745317939,-0.126778656126482
570.74,597,77,77,202202,202202,2024-11-06,2024-12-06,576.7,0,0,41238515,-10488258,0.490323184527862,90.5816977163217,0
454.62,455,5241,5213,277773,198094,2024-11-06,2024-11-29,576.7,-28,-79679,201599777,-68182361,0.0982610213899195,97.0982329013192,-0.402228235080315
553.5,557,550,560,301400,196000,2024-11-06,2024-11-22,576.7,10,-105400,64843984,-17795646,0.302263969468625,96.7694628386806,-0.537755102040817
552.75,559,12,313,9600,195625,2024-11-06,2024-12-13,576.7,301,186025,20220487,8899056,0.967459389083952,89.956829427501,0.950926517571885
344.77,345,8199,8264,229572,190072,2024-11-06,2024-12-20,576.7,65,-39500,645931422,-173965123,0.0294260340225406,99.7517386605787,-0.207815985521276
558.34,566,245,245,235445,187670,2024-11-06,2024-12-06,576.7,0,-47775,41238515,-10488258,0.455084282254102,91.0367819985759,-0.254569190600522
541.46,545,413,524,226324,185496,2024-11-06,2024-12-13,576.7,111,-40828,20220487,8899056,0.917366629201364,90.8741960567023,-0.220101781170484
562.9,572,136,200,167824,182000,2024-11-06,2024-12-13,576.7,64,14176,20220487,8899056,0.90007723355031,91.7742732902526,0.0778901098901099
532.79,535,794,815,252492,180115,2024-11-06,2024-12-06,576.7,21,-72377,41238515,-10488258,0.436764029936578,91.4735460285124,-0.401837714793327
523.38,525,676,1068,159536,173016,2024-11-06,2024-12-06,576.7,392,13480,41238515,-10488258,0.419549540035571,91.893095568548,0.0779118694224812
513.48,514,3307,3308,228183,172016,2024-11-06,2024-11-15,576.7,1,-56167,517539059,-255450980,0.0332372981340525,99.3941477564885,-0.326521951446377
519.13,520,2228,1970,278500,171390,2024-11-06,2024-11-22,576.7,-258,-107110,64843984,-17795646,0.264311335342998,97.0337741740236,-0.624948946846374
518.56,520,1045,1180,222585,169920,2024-11-06,2024-12-06,576.7,135,-52665,41238515,-10488258,0.412041995207635,92.3051375637556,-0.309939971751412
444.63,445,4580,4573,210680,169201,2024-11-06,2024-11-29,576.7,-7,-41479,201599777,-68182361,0.0839291602986247,97.1821620616178,-0.245146305281884
489.5,490,3351,3351,214464,167550,2024-11-06,2024-11-22,576.7,0,-46914,64843984,-17795646,0.258389429002388,97.292163603026,-0.28
522.34,523,2495,2507,222055,165462,2024-11-06,2024-11-15,576.7,12,-56593,517539059,-255450980,0.0319709202856513,99.4261186767741,-0.342030194243996
579.61,596,96,96,157344,157344,2024-11-06,2024-11-29,576.7,0,0,201599777,-68182361,0.0780477053801503,97.2602097669979,0
532.21,534,844,875,223660,156625,2024-11-06,2024-11-29,576.7,31,-67035,201599777,-68182361,0.0776910581602479,97.3379008251582,-0.427996807661612
516.41,517,1848,2646,133056,156114,2024-11-06,2024-11-15,576.7,798,23058,517539059,-255450980,0.0301646798024572,99.4562833565766,0.147699757869249
569.68,599,53,53,155396,155396,2024-11-06,2024-11-29,576.7,0,0,201599777,-68182361,0.0770814344700391,97.4149822596282,0
569.77,598,55,55,155265,155265,2024-11-06,2024-12-06,576.7,0,0,41238515,-10488258,0.376504828071525,92.6816423918272,0
512.49,513,3011,3030,198726,154530,2024-11-06,2024-11-15,576.7,19,-44196,517539059,-255450980,0.0298586159465116,99.4861419725231,-0.286002717918851
519.78,520,7032,6944,91416,152768,2024-11-06,2024-11-08,576.7,-88,61352,101807360,-64121425,0.150055948803701,98.2013117715654,0.401602429828236
501.59,502,3460,3660,183380,150060,2024-11-06,2024-11-15,576.7,200,-33320,517539059,-255450980,0.0289949130196954,99.5151368855428,-0.222044515527123
507.54,508,3340,3255,197060,149730,2024-11-06,2024-11-15,576.7,-85,-47330,517539059,-255450980,0.0289311497163734,99.5440680352592,-0.316102317504842
480.42,481,2552,2562,178640,148596,2024-11-06,2024-11-29,576.7,10,-30044,201599777,-68182361,0.0737084148659549,97.4886906744942,-0.202185792349727
503.57,504,3402,3444,187110,148092,2024-11-06,2024-11-15,576.7,42,-39018,517539059,-255450980,0.0286146518653387,99.5726826871245,-0.263471355643789
554.49,558,401,417,222555,146367,2024-11-06,2024-11-22,576.7,16,-76188,64843984,-17795646,0.225721787853134,97.5178853908791,-0.520527168009183
414.74,415,5616,5614,179712,145964,2024-11-06,2024-11-29,576.7,-2,-33748,201599777,-68182361,0.0724028578662565,97.5610935323604,-0.231207695048094
569.4,599,49,49,145040,145040,2024-11-06,2024-12-06,576.7,0,0,41238515,-10488258,0.35171004581518,93.0333524376423,0
459.8,460,7196,7224,179900,144480,2024-11-06,2024-11-15,576.7,28,-35420,517539059,-255450980,0.0279167335271597,99.6005994206516,-0.24515503875969
552.82,556,454,453,236080,144054,2024-11-06,2024-11-22,576.7,-1,-92026,64843984,-17795646,0.222154764580782,97.7400401554599,-0.63882988323823
404.72,405,5093,5093,142604,142604,2024-11-06,2024-11-29,576.7,0,0,201599777,-68182361,0.0707361893560031,97.6318297217164,0
524.6,526,998,1004,184630,140560,2024-11-06,2024-11-29,576.7,6,-44070,201599777,-68182361,0.069722299345599,97.701552021062,-0.313531587933979
334.8,335,6576,6859,164400,137180,2024-11-06,2024-12-20,576.7,283,-27220,645931422,-173965123,0.0212375486511012,99.7729762092298,-0.198425426447004
494.14,495,1000,1594,121000,137084,2024-11-06,2024-12-06,576.7,594,16084,41238515,-10488258,0.332417401548043,93.3657698391904,0.117329520585918
562.5,572.5,136,137,167824,137000,2024-11-06,2024-12-13,576.7,1,-30824,20220487,8899056,0.677530664815343,92.451803955068,-0.224992700729927
567.89,579,121,123,178596,136653,2024-11-06,2024-12-06,576.7,2,-41943,41238515,-10488258,0.331372262071028,93.6971421012614,-0.306930693069307
557.89,565,162,190,162810,135090,2024-11-06,2024-12-13,576.7,28,-27720,20220487,8899056,0.66808479934237,93.1198887544103,-0.205196535642905
522.74,524,889,1060,154686,133560,2024-11-06,2024-11-29,576.7,171,-21126,201599777,-68182361,0.0662500732825711,97.7678020943446,-0.158176100628931
536.14,538,716,714,204060,132804,2024-11-06,2024-11-29,576.7,-2,-71256,201599777,-68182361,0.0658750728677642,97.8336771672124,-0.536550103912533
540.62,541,3588,3472,165048,131936,2024-11-06,2024-11-08,576.7,-116,-33112,101807360,-64121425,0.129593773966833,98.3309055455323,-0.250970167353869
515.46,516,1206,2415,82008,130410,2024-11-06,2024-11-15,576.7,1209,48402,517539059,-255450980,0.0251980981400672,99.6257975187917,0.371152518978606
394.76,395,5395,5395,129480,129480,2024-11-06,2024-11-29,576.7,0,0,201599777,-68182361,0.0642262615201206,97.8979034287325,0
575.43,620,9,29,44973,129253,2024-11-06,2024-12-20,576.7,20,84280,645931422,-173965123,0.0200103285887213,99.7929865378186,0.652054497767943
555.33,559,362,352,215028,129184,2024-11-06,2024-11-22,576.7,-10,-85844,64843984,-17795646,0.199222799142014,97.9392629546019,-0.664509536784742
309.88,310,4979,10737,84643,128844,2024-11-06,2024-12-20,576.7,5758,44201,645931422,-173965123,0.019947009173367,99.8129335469919,0.343058272018876
474.52,475,2667,2668,178689,128064,2024-11-06,2024-11-29,576.7,1,-50625,201599777,-68182361,0.0635238797907996,97.9614273085233,-0.39531015742129
475.24,476,1668,1668,126768,126768,2024-11-06,2024-11-29,576.7,0,0,201599777,-68182361,0.0628810219368447,98.0243083304601,0
569.08,596,47,47,126524,126524,2024-11-06,2024-12-06,576.7,0,0,41238515,-10488258,0.306810271902371,94.0039523731638,0
479.52,480,2128,2628,119168,126144,2024-11-06,2024-11-22,576.7,500,6976,64843984,-17795646,0.194534623289032,98.133797577891,0.0553018772196854
521.72,523,947,985,171407,126080,2024-11-06,2024-11-29,576.7,38,-45327,201599777,-68182361,0.0625397517180785,98.0868480821782,-0.359509835025381
555.04,561,209,211,168454,125756,2024-11-06,2024-12-06,576.7,2,-42698,41238515,-10488258,0.304947935200867,94.3089003083646,-0.339530519418557
429.85,430,7968,8219,127488,123285,2024-11-06,2024-11-15,576.7,251,-4203.00000000003,517539059,-255450980,0.0238213904547058,99.6496189092464,-0.0340917386543378
279.92,280,15338,15349,153380,122792,2024-11-06,2024-12-20,576.7,11,-30588,645931422,-173965123,0.0190100676043594,99.8319436145963,-0.249104176167829
570.44,601,40,40,122240,122240,2024-11-06,2024-12-06,576.7,0,0,41238515,-10488258,0.296421924989297,94.6053222333539,0
424.46,425,2260,2253,81360,121662,2024-11-06,2024-11-29,576.7,-7,40302,201599777,-68182361,0.0603482810400133,98.1471963632182,0.331262021009025
511.5,512,2506,2430,150360,121500,2024-11-06,2024-11-15,576.7,-76,-28860,517539059,-255450980,0.0234764889503731,99.6730953981968,-0.237530864197531
520.39,521,1912,1974,147224,120414,2024-11-06,2024-11-15,576.7,62,-26810,517539059,-255450980,0.0232666497158044,99.6963620479126,-0.222648529240786
539.74,542,531,530,175230,119780,2024-11-06,2024-11-29,576.7,-1,-55450,201599777,-68182361,0.0594147482613535,98.2066111114796,-0.462932042077141
409.74,410,4587,4603,128436,119678,2024-11-06,2024-11-29,576.7,16,-8758.00000000002,201599777,-68182361,0.0593641529672922,98.2659752644469,-0.073179698858604
499.86,500,7130,8454,71300,118356,2024-11-06,2024-11-08,576.7,1324,47056,101807360,-64121425,0.116254856230434,98.4471604017627,0.397580181824327
502.58,503,2742,2806,139842,117852,2024-11-06,2024-11-15,576.7,64,-21990,517539059,-255450980,0.0227716146154681,99.7191336625281,-0.186589960289176
419.88,420,9696,9780,126048,117360,2024-11-06,2024-11-15,576.7,84,-8688.00000000002,517539059,-255450980,0.0226765493268789,99.741810211855,-0.0740286298568509
504.3,505,1544,1653,129696,115710,2024-11-06,2024-11-22,576.7,109,-13986,64843984,-17795646,0.178443693404156,98.3122412712951,-0.120871143375681
563.2,572.5,120,124,147000,115320,2024-11-06,2024-12-06,576.7,4,-31680,41238515,-10488258,0.279641495335125,94.8849637286891,-0.27471383975026
469.52,470,2299,2393,142538,114864,2024-11-06,2024-11-29,576.7,94,-27674,201599777,-68182361,0.0569762535005185,98.3229515179474,-0.240928402284441
546.56,547,2077,2544,178622,111936,2024-11-06,2024-11-08,576.7,467,-66686,101807360,-64121425,0.109948828846952,98.5571092306097,-0.595751143510578
521.38,522,1652,1791,145376,111042,2024-11-06,2024-11-15,576.7,139,-34334,517539059,-255450980,0.0214557719014595,99.7632659837564,-0.309198321355883
554.33,564,113,113,109271,109271,2024-11-06,2024-12-13,576.7,0,0,20220487,8899056,0.540397469160857,93.6602862235712,0
568.75,598,37,37,108225,108225,2024-11-06,2024-11-29,576.7,0,0,201599777,-68182361,0.053683095095884,98.3766346130433,0
565.5,576,71,103,98903,108150,2024-11-06,2024-12-13,576.7,32,9247,20220487,8899056,0.534853586859703,94.1951398104309,0.0855016181229774
472.35,473,1663,1663,108095,108095,2024-11-06,2024-11-29,576.7,0,0,201599777,-68182361,0.0536186108975706,98.4302532239408,0
552.11,557,208,218,148512,106602,2024-11-06,2024-12-06,576.7,10,-41910,41238515,-10488258,0.258501063871965,95.143464792561,-0.393144593910058
516.96,518,1012,1012,149776,105248,2024-11-06,2024-11-29,576.7,0,-44528,201599777,-68182361,0.0522064069545077,98.4824596308953,-0.423076923076923
469.34,470,1010,1579,82820,104214,2024-11-06,2024-12-06,576.7,569,21394,41238515,-10488258,0.252710360690728,95.3961751532518,0.205289116625406
284.88,285,8509,8509,102108,102108,2024-11-06,2024-12-20,576.7,0,0,645931422,-173965123,0.0158078700806724,99.847751484677,0
469.91,470,11104,11144,88832,100296,2024-11-06,2024-11-08,576.7,40,11464,101807360,-64121425,0.0985154707871808,98.6556247013968,0.114301667065486
524.76,525,4072,4168,65152,100032,2024-11-06,2024-11-08,576.7,96,34880,101807360,-64121425,0.0982561575115984,98.7538808589084,0.348688419705694
564,574,46,100,61594,1e+05,2024-11-06,2024-12-13,576.7,54,38406,20220487,8899056,0.494547930522148,94.689687740953,0.38406
477.5,478,2000,1999,140000,99950,2024-11-06,2024-11-29,576.7,-1,-40050,201599777,-68182361,0.0495784278570903,98.5320380587524,-0.400700350175088
509.3,510,1387,1424,137313,99680,2024-11-06,2024-11-22,576.7,37,-37633,64843984,-17795646,0.153722818758329,98.4659640900535,-0.377538121990369
514.94,516,916,914,151140,96884,2024-11-06,2024-11-29,576.7,-2,-54256,201599777,-68182361,0.0480575928414841,98.5800956515939,-0.560009908756864
505.56,506,2176,2182,126208,96008,2024-11-06,2024-11-15,576.7,6,-30200,517539059,-255450980,0.0185508703798142,99.7818168541362,-0.31455712023998
547.51,548,1717,1932,171700,94668,2024-11-06,2024-11-08,576.7,215,-77032,101807360,-64121425,0.0929873832304462,98.8468682421389,-0.813706849199307
536.97,540,284,309,131492,93627,2024-11-06,2024-12-13,576.7,25,-37865,20220487,8899056,0.463030390909972,95.152718131863,-0.404423937539385
465.54,466,2010,2012,136680,92552,2024-11-06,2024-11-29,576.7,2,-44128,201599777,-68182361,0.0459087809407646,98.6260044325347,-0.476791425360878
517.9,519,840,840,127680,92400,2024-11-06,2024-11-29,576.7,0,-35280,201599777,-68182361,0.0458333840319675,98.6718378165666,-0.381818181818182
553.85,560,146,150,124246,92250,2024-11-06,2024-12-13,576.7,4,-31996,20220487,8899056,0.456220465906682,95.6089385977697,-0.346840108401084
493.04,494,944,944,90624,90624,2024-11-06,2024-11-29,576.7,0,0,201599777,-68182361,0.0449524306765478,98.7167902472432,0
269.95,270,17996,17996,161964,89980,2024-11-06,2024-12-20,576.7,0,-71984,645931422,-173965123,0.013930271377942,99.8616817560549,-0.8
464.38,465,966,1445,74382,89590,2024-11-06,2024-12-06,576.7,479,15208,41238515,-10488258,0.2172483659996,95.6134235192514,0.169751088291104
551.34,552,985,1336,149720,88176,2024-11-06,2024-11-08,576.7,351,-61544,101807360,-64121425,0.0866106340445327,98.9334788761834,-0.697967700961713
510.1,511,970,971,129980,87390,2024-11-06,2024-11-29,576.7,1,-42590,201599777,-68182361,0.043348262235429,98.7601385094786,-0.487355532669642
575.9,593,20,51,49160,87210,2024-11-06,2024-11-08,576.7,31,38050,101807360,-64121425,0.0856617831952425,99.0191406593787,0.436303176241257
508.15,509,1057,1021,145866,86785,2024-11-06,2024-11-29,576.7,-36,-59081,201599777,-68182361,0.0430481626971244,98.8031866721757,-0.680774327360719
419.71,420,2930,2989,99620,86681,2024-11-06,2024-11-29,576.7,59,-12939,201599777,-68182361,0.0429965753384737,98.8461832475142,-0.149271466642055
399.79,400,4081,4096,106106,86016,2024-11-06,2024-11-29,576.7,15,-20090,201599777,-68182361,0.0426667138624861,98.8888499613767,-0.233561197916667
526.53,528,567,577,123039,84819,2024-11-06,2024-11-29,576.7,10,-38220,201599777,-68182361,0.0420729632057083,98.9309229245824,-0.450606585788561
424.88,425,7037,7038,105555,84456,2024-11-06,2024-11-15,576.7,1,-21099,517539059,-255450980,0.0163187683192816,99.7981356224555,-0.249822392725206
518.42,519,1340,1456,105860,84448,2024-11-06,2024-11-15,576.7,116,-21412,517539059,-255450980,0.0163172225422313,99.8144528449977,-0.253552482000758
557.87,564,79,137,67940,83981,2024-11-06,2024-12-06,576.7,58,16041,41238515,-10488258,0.203647003292917,95.8170705225443,0.191007489789357
473.53,474,1757,1778,122990,83566,2024-11-06,2024-11-29,576.7,21,-39424,201599777,-68182361,0.0414514347404263,98.9723743593228,-0.471770815882057
510.48,511,1291,1603,80042,83356,2024-11-06,2024-11-15,576.7,312,3314,517539059,-255450980,0.0161062239748749,99.8305590689726,0.0397571860453957
542.64,543,1645,2292,97055,82512,2024-11-06,2024-11-08,576.7,647,-14543,101807360,-64121425,0.0810471855865823,99.1001878449652,-0.176253151056816
471.52,472,1715,1715,121765,82320,2024-11-06,2024-11-29,576.7,0,-39445,201599777,-68182361,0.0408333785012074,99.013207737824,-0.479166666666666
570.08,603,25,25,82300,82300,2024-11-06,2024-11-22,576.7,0,0,64843984,-17795646,0.126920023914632,98.5928841139681,0
508.49,510,59,541,11623,81691,2024-11-06,2024-12-13,576.7,482,70068,20220487,8899056,0.404001149922848,96.0129397476926,0.857719944669548
571.93,590,44,45,97372,81315,2024-11-06,2024-12-06,576.7,1,-16057,41238515,-10488258,0.197182173024417,96.0142526955687,-0.197466642070958
474.56,475,1827,1835,100485,80740,2024-11-06,2024-11-22,576.7,8,-19745,64843984,-17795646,0.124514249463759,98.7173983634318,-0.244550408719346
484.17,485,658,969,67774,80427,2024-11-06,2024-12-06,576.7,311,12653,41238515,-10488258,0.195028846213303,96.209281541782,0.157322789610454
506.55,507,1833,1782,106314,80190,2024-11-06,2024-11-15,576.7,-51,-26124,517539059,-255450980,0.0154944827072463,99.8460535516799,-0.325776281331837
264.92,265,9889,9889,79112,79112,2024-11-06,2024-12-20,576.7,0,0,645931422,-173965123,0.0122477398227578,99.8739294958777,0
512.01,513,848,794,116176,78606,2024-11-06,2024-11-29,576.7,-54,-37570,201599777,-68182361,0.0389911145586237,99.0521988523827,-0.477953336895402
496.29,497,1107,1106,106272,78526,2024-11-06,2024-11-29,576.7,-1,-27746,201599777,-68182361,0.0389514319750463,99.0911502843577,-0.353335201079897
556.69,562.5,107,134,97905,77854,2024-11-06,2024-12-06,576.7,27,-20051,41238515,-10488258,0.188789533279751,96.3980710750618,-0.257546176175919
534.98,537,384,385,108672,77770,2024-11-06,2024-11-29,576.7,1,-30902,201599777,-68182361,0.0385764315602393,99.129726715918,-0.397351163687797
474.87,475,6474,5964,45318,77532,2024-11-06,2024-11-08,576.7,-510,32214,101807360,-64121425,0.0761555942517319,99.176343439217,0.415492957746479
498.26,499,1045,1044,104500,77256,2024-11-06,2024-11-29,576.7,-1,-27244,201599777,-68182361,0.0383214709607541,99.1680481868787,-0.352645749197473
569.88,585,46,51,91356,77112,2024-11-06,2024-12-13,576.7,5,-14244,20220487,8899056,0.381355800184239,96.3942955478768,-0.184718331777155
570.11,592,34,34,74426,74426,2024-11-06,2024-11-22,576.7,0,0,64843984,-17795646,0.114777031590163,98.832175395022,0
556.36,562,124,131,102672,73884,2024-11-06,2024-12-06,576.7,7,-28788,41238515,-10488258,0.179162610486823,96.5772336855486,-0.389637810622057
575.21,587.5,60,60,73740,73740,2024-11-06,2024-12-06,576.7,0,0,41238515,-10488258,0.178813422355291,96.7560471079039,0
571.04,586,46,49,87262,73304,2024-11-06,2024-12-06,576.7,3,-13958,41238515,-10488258,0.177756158290375,96.9338032661942,-0.190412528647822
409.93,410,10396,10404,124752,72828,2024-11-06,2024-11-15,576.7,8,-51924,517539059,-255450980,0.0140719813767718,99.8601255330566,-0.712967539957159
470.5,471,1455,1453,96030,72650,2024-11-06,2024-11-29,576.7,-2,-23380,201599777,-68182361,0.0360367462112818,99.20408493309,-0.321816930488644
464.65,465,2070,2067,95220,72345,2024-11-06,2024-11-22,576.7,-3,-22875,64843984,-17795646,0.111567790159223,98.9437431851812,-0.316193240721543
502.21,503,868,911,92008,71969,2024-11-06,2024-11-29,576.7,43,-20039,201599777,-68182361,0.0356989482185786,99.2397838813086,-0.278439328044019
476.31,477,1041,1041,71829,71829,2024-11-06,2024-11-29,576.7,0,0,201599777,-68182361,0.0356295036973181,99.2754133850059,0
495.25,496,932,940,87608,70500,2024-11-06,2024-11-29,576.7,8,-17108,201599777,-68182361,0.0349702767776375,99.3103836617835,-0.242666666666667
304.89,305,6377,6377,102032,70147,2024-11-06,2024-12-20,576.7,0,-31885,645931422,-173965123,0.010859821586447,99.8847893174641,-0.454545454545455
499.05,500,717,737,90342,70015,2024-11-06,2024-12-06,576.7,20,-20327,41238515,-10488258,0.169780604369483,97.1035838705637,-0.290323502106691
484.45,485,1145,1271,70990,69905,2024-11-06,2024-11-22,576.7,126,-1085,64843984,-17795646,0.10780491217196,99.0515480973532,-0.0155210643015521
519.87,521,621,618,106191,69834,2024-11-06,2024-11-29,576.7,-3,-36357,201599777,-68182361,0.0346399192693551,99.3450235810529,-0.520620328206891
474.3,475,805,994,70035,69580,2024-11-06,2024-12-06,576.7,189,-455,41238515,-10488258,0.168725765222147,97.2723096357859,-0.00653923541247485
571.3,593,32,32,49664,69440,2024-11-06,2024-11-22,576.7,0,19776,64843984,-17795646,0.107087806326027,99.1586359036792,0.284792626728111
551.86,558,35,110,27090,67540,2024-11-06,2024-12-13,576.7,75,40450,20220487,8899056,0.334017672274659,96.7283132201514,0.598904352976014
556.87,563,88,110,77264,67430,2024-11-06,2024-12-06,576.7,22,-9834,41238515,-10488258,0.16351219242497,97.4358218282108,-0.14584013050571
525.6,527,475,481,99275,67340,2024-11-06,2024-11-29,576.7,6,-31935,201599777,-68182361,0.0334028147263278,99.3784263957792,-0.474235224235224
572.77,592,15,34,33210,65382,2024-11-06,2024-12-06,576.7,19,32172,41238515,-10488258,0.158545961220961,97.5943677894318,0.492062035422593
314.87,315,4957,4967,99140,64571,2024-11-06,2024-12-20,576.7,10,-34569,645931422,-173965123,0.00999657205095683,99.8947858895151,-0.535364172771058
503.2,504,806,789,98332,63120,2024-11-06,2024-11-29,576.7,-17,-35212,201599777,-68182361,0.0313095584426167,99.4097359542218,-0.557858048162231
517.44,518,1141,1124,85575,62944,2024-11-06,2024-11-15,576.7,-17,-22631,517539059,-255450980,0.0121621738312122,99.8722877068879,-0.359541814946619
497.31,498,902,905,82984,62445,2024-11-06,2024-11-29,576.7,3,-20539,201599777,-68182361,0.0309747366436819,99.4407106908655,-0.328913443830571
461.37,462,989,989,62307,62307,2024-11-06,2024-11-29,576.7,0,0,201599777,-68182361,0.0309062841870108,99.4716169750525,0
549.84,554,147,148,88200,61568,2024-11-06,2024-12-06,576.7,1,-26632,41238515,-10488258,0.149297325570526,97.7436651150023,-0.43256237006237
563.82,573,50,67,62900,61506,2024-11-06,2024-12-13,576.7,17,-1394.00000000001,20220487,8899056,0.304176650146952,97.0324898702984,-0.0226644555002765
570.75,602,19,19,59375,59375,2024-11-06,2024-12-06,576.7,0,0,41238515,-10488258,0.143979481317404,97.8876445963197,0
254.95,255,11766,11766,82362,58830,2024-11-06,2024-12-20,576.7,0,-23532,645931422,-173965123,0.0091077780080499,99.9038936675231,-0.4
508.51,509,1483,1200,88980,58800,2024-11-06,2024-11-15,576.7,-283,-30180,517539059,-255450980,0.0113614613191929,99.883649168207,-0.513265306122449
549.06,553,151,148,88788,58312,2024-11-06,2024-12-06,576.7,-3,-30476,41238515,-10488258,0.141401793929777,98.0290463902495,-0.522636850048018
501.26,502,779,779,78679,57646,2024-11-06,2024-11-29,576.7,0,-21033,201599777,-68182361,0.028594277661329,99.5002112527138,-0.364864864864865
409.83,410,3644,3371,80168,57307,2024-11-06,2024-11-22,576.7,-273,-22861,64843984,-17795646,0.0883767413180535,99.2470126449973,-0.398921597710576
379.85,380,3769,3768,75380,56520,2024-11-06,2024-11-29,576.7,-1,-18860,201599777,-68182361,0.0280357452974762,99.5282469980113,-0.333687190375089
444.39,445,926,926,56486,56486,2024-11-06,2024-12-06,576.7,0,0,41238515,-10488258,0.136973894428546,98.1660202846781,0
259.91,260,6232,6232,56088,56088,2024-11-06,2024-12-20,576.7,0,0,645931422,-173965123,0.00868327473934222,99.9125769422625,0
560.14,567.5,76,76,73264,55936,2024-11-06,2024-12-06,576.7,0,-17328,41238515,-10488258,0.1356401897595,98.3016604744375,-0.309782608695652
289.91,290,5909,6210,82726,55890,2024-11-06,2024-12-20,576.7,301,-26836,645931422,-173965123,0.0086526213304421,99.9212295635929,-0.480157452138129
399.95,400,11113,11094,88904,55470,2024-11-06,2024-11-15,576.7,-19,-33434,517539059,-255450980,0.0107180316220345,99.8943671998291,-0.602740219938705
249.96,250,13931,13757,97517,55028,2024-11-06,2024-12-20,576.7,-174,-42489,645931422,-173965123,0.00851917063108907,99.929748734224,-0.772134186232464
483.46,484,1010,1009,84840,54486,2024-11-06,2024-11-29,576.7,-1,-30354,201599777,-68182361,0.0270268156100193,99.5552738136213,-0.557097235987226
548.46,549,924,991,102564,53514,2024-11-06,2024-11-08,576.7,67,-49050,101807360,-64121425,0.0525639796572664,99.2289074188742,-0.916582576522032
574.34,591,31,32,70246,53312,2024-11-06,2024-11-22,576.7,1,-16934,64843984,-17795646,0.082215799695466,99.3292284446927,-0.317639555822329
294.9,295,5041,5306,75615,53060,2024-11-06,2024-12-20,576.7,265,-22555,645931422,-173965123,0.00821449432444548,99.9379632285484,-0.425084809649453
492.38,493,849,849,73863,52638,2024-11-06,2024-11-29,576.7,0,-21225,201599777,-68182361,0.0261101479293799,99.5813839615507,-0.403225806451613
339.99,340,52493,52458,157479,52458,2024-11-06,2024-11-15,576.7,-35,-105021,517539059,-255450980,0.0101360465626228,99.9045032463917,-2.00200160128102
504.81,505,2752,2751,27520,52269,2024-11-06,2024-11-08,576.7,-1,24749,101807360,-64121425,0.0513410818235538,99.2802485006978,0.473492892536685
513.65,515,375,377,67875,50895,2024-11-06,2024-12-06,576.7,2,-16980,41238515,-10488258,0.123416180238304,98.4250766546759,-0.333628057765989
459.42,460,556,870,42812,50460,2024-11-06,2024-12-06,576.7,314,7648,41238515,-10488258,0.122361341090968,98.5474379957668,0.151565596512089
379.99,380,50276,50276,50276,50276,2024-11-06,2024-11-08,576.7,0,0,101807360,-64121425,0.0493834630423577,99.3296319637401,0
576.5,610,14,15,55888,50250,2024-11-06,2024-12-06,576.7,1,-5638,41238515,-10488258,0.121852108399151,98.669290104166,-0.112199004975124
560.18,567,78,73,78780,49786,2024-11-06,2024-12-06,576.7,-5,-28994,41238515,-10488258,0.120726946641992,98.790017050808,-0.582372554533403
439.7,440,1653,1645,57855,49350,2024-11-06,2024-11-22,576.7,-8,-8504.99999999999,64843984,-17795646,0.076105749455493,99.4053341941482,-0.172340425531915
481.48,482,912,937,63840,48724,2024-11-06,2024-11-29,576.7,25,-15116,201599777,-68182361,0.0241686775278526,99.6055526390786,-0.31023725474099
562.2,571,52,55,64012,48400,2024-11-06,2024-12-13,576.7,3,-15612,20220487,8899056,0.23936119837272,97.2718510686711,-0.322561983471074
482.42,483,858,833,64350,48314,2024-11-06,2024-11-29,576.7,-25,-16036,201599777,-68182361,0.0239653042870181,99.6295179433656,-0.331912075174898
464.53,465,1021,1022,63302,48034,2024-11-06,2024-11-29,576.7,1,-15268,201599777,-68182361,0.023826415244497,99.6533443586101,-0.317858183786485
119.99,120,47418,47425,47418,47425,2024-11-06,2024-12-20,576.7,7,7,645931422,-173965123,0.00734211069236387,99.9453053392408,0.00014760147601476
491.36,492,716,723,63008,46272,2024-11-06,2024-11-29,576.7,7,-16736,201599777,-68182361,0.0229524063412034,99.6762967649513,-0.361687413554634
489.86,490,3270,3285,29430,45990,2024-11-06,2024-11-08,576.7,15,16560,101807360,-64121425,0.0451735513031671,99.3748055150433,0.360078277886497
462.35,463,692,692,44980,44980,2024-11-06,2024-11-29,576.7,0,0,201599777,-68182361,0.0223115326164274,99.6986082975677,0
369.88,370,3703,3703,74060,44436,2024-11-06,2024-11-29,576.7,0,-29624,201599777,-68182361,0.0220416910481007,99.7206499886158,-0.666666666666667
379.7,380,1481,1481,44430,44430,2024-11-06,2024-12-06,576.7,0,0,41238515,-10488258,0.10773908808307,98.897756138891,0
454.46,455,798,812,55062,43848,2024-11-06,2024-12-06,576.7,14,-11214,41238515,-10488258,0.106327786051462,99.0040839249425,-0.255747126436782
469.58,470,1001,1017,49049,42714,2024-11-06,2024-11-22,576.7,16,-6335,64843984,-17795646,0.0658719550606268,99.4712061492088,-0.148312028843002
490.2,491,522,522,41760,41760,2024-11-06,2024-11-29,576.7,0,0,201599777,-68182361,0.0207143086274346,99.7413642972433,0
468.29,469,575,575,40825,40825,2024-11-06,2024-11-29,576.7,0,0,201599777,-68182361,0.0202505184318731,99.7616148156751,0
545.57,546,714,913,54978,39259,2024-11-06,2024-11-08,576.7,199,-15719,101807360,-64121425,0.038562045023071,99.4133675600664,-0.400392266741384
487.4,488,655,647,51745,38820,2024-11-06,2024-11-29,576.7,-8,-12925,201599777,-68182361,0.0192559736809629,99.7808707893561,-0.33294693456981
559.59,567,46,52,50140,38532,2024-11-06,2024-12-13,576.7,6,-11608,20220487,8899056,0.190559208588794,97.4624102772599,-0.301256098826949
374.86,375,2744,2744,52136,38416,2024-11-06,2024-11-29,576.7,0,-13720,201599777,-68182361,0.0190555766338968,99.79992636599,-0.357142857142857
552.9,558,61,75,42700,38250,2024-11-06,2024-12-06,576.7,14,-4450,41238515,-10488258,0.0927530974381594,99.0968370223807,-0.116339869281046
399.72,400,1048,1349,38776,37772,2024-11-06,2024-12-06,576.7,301,-1004,41238515,-10488258,0.09159398683488,99.1884310092155,-0.0265805358466589
485.4,486,625,625,49375,37500,2024-11-06,2024-11-29,576.7,0,-11875,201599777,-68182361,0.0186012110519348,99.8185275770419,-0.316666666666667
514.83,515,2183,2183,28379,37111,2024-11-06,2024-11-08,576.7,0,8732,101807360,-64121425,0.0364521779171958,99.4498197379836,0.235294117647059
414.92,415,3373,4610,40476,36880,2024-11-06,2024-11-15,576.7,1237,-3596,517539059,-255450980,0.00712603220156182,99.9116292785933,-0.0975054229934924
339.93,340,5142,5212,51420,36484,2024-11-06,2024-11-29,576.7,70,-14936,201599777,-68182361,0.0180972422405011,99.8366248192824,-0.409384935862296
568.3,580,28,31,45780,36270,2024-11-06,2024-12-13,576.7,3,-9510.00000000001,20220487,8899056,0.179372534400383,97.6417828116603,-0.262200165425972
543.64,544,684,990,43776,35640,2024-11-06,2024-11-08,576.7,306,-8136,101807360,-64121425,0.0350072922036285,99.4848270301872,-0.228282828282828
509.82,510,1503,1952,15030,35136,2024-11-06,2024-11-08,576.7,449,20106,101807360,-64121425,0.0345122395866075,99.5193392697738,0.572233606557377
449.69,450,1076,1103,40888,34193,2024-11-06,2024-11-22,576.7,27,-6695,64843984,-17795646,0.0527311832042892,99.5239373324131,-0.195800310004972
506.21,507,411,423,47676,33417,2024-11-06,2024-11-29,576.7,12,-14259,201599777,-68182361,0.0165759111926002,99.853200730475,-0.426698985546279
522.91,525,135,159,40770,33231,2024-11-06,2024-12-13,576.7,24,-7539,20220487,8899056,0.164343222791815,97.8061260344521,-0.226866480093888
404.94,405,5503,5505,60533,33030,2024-11-06,2024-11-15,576.7,2,-27503,517539059,-255450980,0.00638212699613847,99.9180114055894,-0.832667272176809
466.44,467,581,581,32536,32536,2024-11-06,2024-11-29,576.7,0,0,201599777,-68182361,0.0161389067409534,99.869339637216,0
460.38,461,521,521,32302,32302,2024-11-06,2024-11-29,576.7,0,0,201599777,-68182361,0.0160228351839893,99.8853624724,0
463.54,464,671,690,40931,31740,2024-11-06,2024-11-29,576.7,19,-9191,201599777,-68182361,0.0157440650343577,99.9011065374343,-0.289571518588532
414.75,415,1268,1268,31700,31700,2024-11-06,2024-11-22,576.7,0,0,64843984,-17795646,0.0488865705722215,99.5728239029854,0
554.8,561,8,51,6808,31620,2024-11-06,2024-12-13,576.7,43,24812,20220487,8899056,0.156376055631103,97.9625020900832,0.784693232131562
575.52,595,12,16,31032,31168,2024-11-06,2024-11-08,576.7,4,136,101807360,-64121425,0.030614682474823,99.5499539522486,0.00436344969199179
546.15,553,44,44,30140,30140,2024-11-06,2024-12-13,576.7,0,0,20220487,8899056,0.149056746259375,98.1115588363426,0
459.67,460,917,913,44016,30129,2024-11-06,2024-11-22,576.7,-4,-13887,64843984,-17795646,0.0464638323271439,99.6192877353125,-0.460918052374788
571.5,720,2,2,29700,29700,2024-11-06,2024-12-20,576.7,0,0,645931422,-173965123,0.00459801133501754,99.9499033505758,0
444.96,445,7366,7417,36830,29668,2024-11-06,2024-11-08,576.7,51,-7162,101807360,-64121425,0.0291413115908319,99.5790952638395,-0.24140488067952
498.86,499,997,2101,11964,29414,2024-11-06,2024-11-08,576.7,1104,17450,101807360,-64121425,0.0288918207878095,99.6079870846273,0.59325491262664
577.5,600,10,13,28410,29250,2024-11-06,2024-11-08,576.7,3,839.999999999996,101807360,-64121425,0.0287307322378264,99.6367178168651,0.0287179487179486
498.5,499,0,580,0,29000,2024-11-06,2024-11-15,576.7,580,29000,517539059,-255450980,0.00560344180708494,99.9236148473965,1
129.99,130,28958,28959,28958,28959,2024-11-06,2024-12-20,576.7,1,1.00000000000364,645931422,-173965123,0.0044832932744368,99.9543866438503,3.45315791292392e-05
479.28,480,405,402,38070,28944,2024-11-06,2024-12-06,576.7,-3,-9126,41238515,-10488258,0.0701868144379108,99.2586178236535,-0.315298507462687
574.9,603,8,10,23504,28100,2024-11-06,2024-11-29,576.7,2,4596,201599777,-68182361,0.0139385074815832,99.9150450449159,0.16355871886121
555.38,562,16,42,14304,27804,2024-11-06,2024-12-13,576.7,26,13500,20220487,8899056,0.137504106602378,98.249062942945,0.485541648683643
469.16,470,59,321,5959,26964,2024-11-06,2024-12-13,576.7,262,21005,20220487,8899056,0.133349903985992,98.382412846931,0.77900163180537
570.5,595,11,11,26950,26950,2024-11-06,2024-12-06,576.7,0,0,41238515,-10488258,0.0653515287832261,99.3239693524367,0
424.74,425,1014,1031,28392,26806,2024-11-06,2024-11-22,576.7,17,-1586,64843984,-17795646,0.0413392243141631,99.6606269596267,-0.0591658583899127
553.34,559,44,47,33528,26602,2024-11-06,2024-12-06,576.7,3,-6926,41238515,-10488258,0.0645076574653573,99.388477009902,-0.260356364183144
394.74,395,763,1016,25179,26416,2024-11-06,2024-12-06,576.7,253,1237,41238515,-10488258,0.064056622795462,99.4525336326975,0.0468276801938219
494.88,495,2105,2199,21050,26388,2024-11-06,2024-11-08,576.7,94,5338,101807360,-64121425,0.0259195405911714,99.6626373574563,0.2022889192057
503.96,505,166,252,24900,26208,2024-11-06,2024-12-06,576.7,86,1308,41238515,-10488258,0.0635522399388048,99.5160858726363,0.0499084249084249
374.8,375,1284,1297,32100,25940,2024-11-06,2024-12-06,576.7,13,-6160,41238515,-10488258,0.0629023620273426,99.5789882346637,-0.237471087124132
349.9,350,2565,2565,33345,25650,2024-11-06,2024-11-29,576.7,0,-7695,201599777,-68182361,0.0127232283595234,99.9277682732754,-0.3
414.55,415,548,548,24660,24660,2024-11-06,2024-12-06,576.7,0,0,41238515,-10488258,0.0597984675248369,99.6387867021885,0
364.83,365,1427,1427,24259,24259,2024-11-06,2024-11-29,576.7,0,0,201599777,-68182361,0.0120332474375703,99.939801520713,0
429.74,430,933,933,28923,24258,2024-11-06,2024-11-22,576.7,0,-4665,64843984,-17795646,0.0374097927110709,99.6980367523377,-0.192307692307692
518.08,520,85,126,21505,24192,2024-11-06,2024-12-13,576.7,41,2687,20220487,8899056,0.119641035351918,98.5020538822829,0.111069775132275
359.9,360,2376,2393,38016,23930,2024-11-06,2024-11-29,576.7,17,-14086,201599777,-68182361,0.011870052812608,99.9516715735256,-0.58863351441705
379.97,380,7929,7934,47574,23802,2024-11-06,2024-11-15,576.7,5,-23772,517539059,-255450980,0.00459907316869779,99.9282139205652,-0.998739601714142
204.97,205,7970,7904,23910,23712,2024-11-06,2024-12-20,576.7,-66,-198,645931422,-173965123,0.0036709779385837,99.9580576217888,-0.0083502024291498
229.96,230,5972,5882,29860,23528,2024-11-06,2024-12-20,576.7,-90,-6332,645931422,-173965123,0.0036424919424341,99.9617001137313,-0.269126147568854
565.81,577,21,21,29610,23499,2024-11-06,2024-12-13,576.7,0,-6111,20220487,8899056,0.1162138181934,98.6182677004763,-0.260053619302949
374.97,375,7820,7815,46920,23445,2024-11-06,2024-11-15,576.7,-5,-23475,517539059,-255450980,0.00453009286783126,99.932744013433,-1.00127959053103
467.3,468,332,332,23240,23240,2024-11-06,2024-11-29,576.7,0,0,201599777,-68182361,0.0115277905292524,99.9631993640549,0
570.52,599,8,8,22784,22784,2024-11-06,2024-11-22,576.7,0,0,64843984,-17795646,0.0351366442876181,99.7331733966254,0
444.68,445,703,706,25308,22592,2024-11-06,2024-11-22,576.7,3,-2716,64843984,-17795646,0.0348405489705876,99.7680139455959,-0.12021954674221
189.97,190,7474,7474,22422,22422,2024-11-06,2024-12-20,576.7,0,0,645931422,-173965123,0.00347126633514355,99.9651713800664,0
527.5,530,83,89,28552,22250,2024-11-06,2024-12-13,576.7,6,-6302,20220487,8899056,0.110036914541178,98.7283046150175,-0.28323595505618
199.98,200,10893,10851,32679,21702,2024-11-06,2024-12-20,576.7,-42,-10977,645931422,-173965123,0.00335979939368858,99.9685311794601,-0.505805916505391
570.6,597,8,8,21120,21120,2024-11-06,2024-11-22,576.7,0,0,64843984,-17795646,0.0325704848733539,99.8005844304693,0
500.28,501,290,290,28130,20880,2024-11-06,2024-11-29,576.7,0,-7250,201599777,-68182361,0.0103571543137173,99.9735565183686,-0.347222222222222
575.25,601,7,8,19537,20600,2024-11-06,2024-11-08,576.7,1,1063,101807360,-64121425,0.0202342934734778,99.6828716509298,0.0516019417475728
299.99,300,20059,20359,20059,20359,2024-11-06,2024-11-15,576.7,300,300,517539059,-255450980,0.00393380937070491,99.9366778228037,0.0147354978142345
565.5,584,11,11,20350,20350,2024-11-06,2024-12-13,576.7,0,0,20220487,8899056,0.100640503861257,98.8289451188787,0
239.96,240,4731,5050,28386,20200,2024-11-06,2024-12-20,576.7,319,-8186,645931422,-173965123,0.00312726696859779,99.9716584464287,-0.405247524752475
559.71,568,27,24,30375,19896,2024-11-06,2024-12-13,576.7,-3,-10479,20220487,8899056,0.0983952562566866,98.9273403751354,-0.526688781664657
497.83,498,1148,1168,12628,19856,2024-11-06,2024-11-08,576.7,20,7228,101807360,-64121425,0.0195035015150182,99.7023751524448,0.364020950846092
569.27,594,8,8,19784,19784,2024-11-06,2024-11-22,576.7,0,0,64843984,-17795646,0.0305101549590167,99.8310945854283,0
454.67,455,501,599,21543,19767,2024-11-06,2024-11-22,576.7,98,-1776,64843984,-17795646,0.0304839381861546,99.8615785236145,-0.0898467142206708
575.26,597,10,9,26840,19566,2024-11-06,2024-11-08,576.7,-1,-7274,101807360,-64121425,0.0192186498107799,99.7215938022556,-0.371767351528161
575.35,770,1,1,19059,19465,2024-11-06,2024-12-20,576.7,0,406,645931422,-173965123,0.00301347779919584,99.9746719242279,0.0208579501669664
571.76,596,8,8,19392,19392,2024-11-06,2024-11-08,576.7,0,0,101807360,-64121425,0.0190477387882369,99.7406415410438,0
434.75,435,774,774,25542,19350,2024-11-06,2024-11-22,576.7,0,-6192,64843984,-17795646,0.029840856169479,99.891419379784,-0.32
449.35,450,8,291,648,18915,2024-11-06,2024-12-13,576.7,283,18267,20220487,8899056,0.0935437410582643,99.0208841161937,0.965741475019825
149.98,150,9276,9276,18552,18552,2024-11-06,2024-12-20,576.7,0,0,645931422,-173965123,0.00287213152482308,99.9775440557527,0
344.98,345,9142,9183,18284,18366,2024-11-06,2024-11-15,576.7,41,82,517539059,-255450980,0.00354871766306628,99.9402265404668,0.00446477186104759
574.68,604,2,6,7034,17592,2024-11-06,2024-12-06,576.7,4,10558,41238515,-10488258,0.0426591500688131,99.6814458522573,0.600159163256025
571.59,630,3,3,17523,17523,2024-11-06,2024-11-29,576.7,0,0,201599777,-68182361,0.00869197390034811,99.9822484922689,0
399.84,400,1092,1089,21840,17424,2024-11-06,2024-11-22,576.7,-3,-4416,64843984,-17795646,0.0268706500205169,99.9182900298045,-0.253443526170799
464.93,465,2255,2428,15785,16996,2024-11-06,2024-11-08,576.7,173,1211,101807360,-64121425,0.0166942743628751,99.7573358154067,0.0712520593080724
384.78,385,730,733,20440,16126,2024-11-06,2024-12-06,576.7,3,-4314,41238515,-10488258,0.039104220896412,99.7205500731537,-0.267518293439167
394.96,395,3994,4027,31952,16108,2024-11-06,2024-11-15,576.7,33,-15844,517539059,-255450980,0.00311242209063877,99.9433389625574,-0.98361062825925
497.59,498,0,387,0,15867,2024-11-06,2024-11-15,576.7,387,15867,517539059,-255450980,0.00306585555700058,99.9464048181144,1
574.26,594,3,8,6906,15792,2024-11-06,2024-11-08,576.7,5,8886,101807360,-64121425,0.0155116486666583,99.7728474640733,0.562689969604863
409.66,410,456,460,17328,15640,2024-11-06,2024-12-06,576.7,4,-1688,41238515,-10488258,0.0379257109524919,99.7584757841062,-0.107928388746803
558.2,566,21,20,20685,15600,2024-11-06,2024-12-13,576.7,-1,-5085,20220487,8899056,0.0771494771614551,99.0980335933551,-0.325961538461538
344.91,345,1680,1703,20160,15327,2024-11-06,2024-11-29,576.7,23,-4833,201599777,-68182361,0.00760268698114681,99.9898511792501,-0.315325895478567
369.76,370,636,636,15264,15264,2024-11-06,2024-12-06,576.7,0,0,41238515,-10488258,0.0370139419423808,99.7954897260486,0
214.95,215,3021,3021,15105,15105,2024-11-06,2024-12-20,576.7,0,0,645931422,-173965123,0.00233848354260741,99.9798825392953,0
419.73,420,559,559,15093,15093,2024-11-06,2024-11-22,576.7,0,0,64843984,-17795646,0.0232758678121937,99.9415658976167,0
269.99,270,15022,15022,15022,15022,2024-11-06,2024-11-15,576.7,0,0,517539059,-255450980,0.00290258285607,99.9493074009705,0
404.6,405,369,369,14760,14760,2024-11-06,2024-12-06,576.7,0,0,41238515,-10488258,0.0357917834820192,99.8312815095306,0
556.09,563,16,21,14720,14511,2024-11-06,2024-12-13,576.7,5,-208.999999999996,20220487,8899056,0.0717638501980689,99.1697974435532,-0.0144028667907102
484.87,485,1038,1115,9342,14495,2024-11-06,2024-11-08,576.7,77,5153,101807360,-64121425,0.014237673975634,99.787085138049,0.355501897205933
224.95,225,2750,2750,13750,13750,2024-11-06,2024-12-20,576.7,0,0,645931422,-173965123,0.00212870895139701,99.9820112482467,0
576.36,596,6,7,15342,13748,2024-11-06,2024-11-22,576.7,1,-1594,64843984,-17795646,0.0212016584298707,99.9627675560465,-0.115944137329066
294.99,295,13619,13619,13619,13619,2024-11-06,2024-11-15,576.7,0,0,517539059,-255450980,0.00263149220588586,99.9519388931764,0
234.96,235,3300,3300,16500,13200,2024-11-06,2024-12-20,576.7,0,-3300,645931422,-173965123,0.00204356059334113,99.9840548088401,-0.25
496.6,497,0,327,0,13080,2024-11-06,2024-11-15,576.7,327,13080,517539059,-255450980,0.00252734547712659,99.9544662386535,1
219.98,220,6226,6536,37356,13072,2024-11-06,2024-12-20,576.7,310,-24284,645931422,-173965123,0.00202374424819358,99.9860785530883,-1.85771113831089
369.98,370,6396,6471,31980,12942,2024-11-06,2024-11-15,576.7,75,-19038,517539059,-255450980,0.00250068082301011,99.9569669194765,-1.47102457116365
488.57,489,0,300,0,12900,2024-11-06,2024-11-15,576.7,300,12900,517539059,-255450980,0.0024925654934964,99.95945948497,1
359.98,360,6564,6431,26256,12862,2024-11-06,2024-11-15,576.7,-133,-13394,517539059,-255450980,0.00248522305250781,99.9619447080225,-1.04136215207588
169.98,170,6398,6398,12796,12796,2024-11-06,2024-12-20,576.7,0,0,645931422,-173965123,0.00198101525396917,99.9880595683422,0
531.7,532,0,424,0,12720,2024-11-06,2024-11-08,576.7,424,12720,101807360,-64121425,0.0124941850962445,99.7995793231452,1
264.99,265,12561,12561,12561,12561,2024-11-06,2024-11-15,576.7,0,0,517539059,-255450980,0.0024270631909929,99.9643717712135,0
571.49,695,1,1,12351,12351,2024-11-06,2024-12-20,576.7,0,0,645931422,-173965123,0.00191212249154214,99.9899716908338,0
492.62,493,0,321,0,12198,2024-11-06,2024-11-15,576.7,321,12198,517539059,-255450980,0.00235692355733869,99.9667286947708,1
532.75,533,0,486,0,12150,2024-11-06,2024-11-08,576.7,486,12150,101807360,-64121425,0.0119343041603279,99.8115136273055,1
244.94,245,2004,1985,12024,11910,2024-11-06,2024-12-20,576.7,-19,-114,645931422,-173965123,0.00184384898990097,99.9918155398237,-0.00957178841309824
459.94,460,1687,1975,10122,11850,2024-11-06,2024-11-08,576.7,288,1728,101807360,-64121425,0.0116396299835297,99.8231532572891,0.145822784810127
572.55,602,4,4,11780,11780,2024-11-06,2024-11-08,576.7,0,0,101807360,-64121425,0.0115708726756101,99.8347241299647,0
139.99,140,11650,11650,11650,11650,2024-11-06,2024-12-20,576.7,0,0,645931422,-173965123,0.00180359703882001,99.9936191368625,0
364.98,365,5811,5811,23244,11622,2024-11-06,2024-11-15,576.7,0,-11622,517539059,-255450980,0.00224562760972211,99.9689743223806,-1
493.54,494,0,245,0,11270,2024-11-06,2024-11-15,576.7,245,11270,517539059,-255450980,0.00217761341951198,99.9711519358001,1
536.7,537,0,375,0,11250,2024-11-06,2024-11-08,576.7,375,11250,101807360,-64121425,0.0110502816299332,99.8457744115946,1
364.75,365,444,444,11100,11100,2024-11-06,2024-12-06,576.7,0,0,41238515,-10488258,0.0269165851389169,99.8581980946695,0
567.05,579,7,9,10367,10755,2024-11-06,2024-12-13,576.7,2,388,20220487,8899056,0.053188629927657,99.2229860734808,0.0360762436076244
349.99,350,10626,10623,31878,10623,2024-11-06,2024-11-15,576.7,-3,-21255,517539059,-255450980,0.0020525987005746,99.9732045345007,-2.00084721829991
573.12,588,0,7,0,10416,2024-11-06,2024-12-13,576.7,7,10416,20220487,8899056,0.051512112443187,99.274498185924,1
349.86,350,620,738,11160,10332,2024-11-06,2024-12-06,576.7,118,-828,41238515,-10488258,0.0250542484374134,99.8832523431069,-0.0801393728222996
538.68,539,0,322,0,10304,2024-11-06,2024-11-08,576.7,322,10304,101807360,-64121425,0.0101210757257629,99.8558954873204,1
490.57,491,0,237,0,10191,2024-11-06,2024-11-15,576.7,237,10191,517539059,-255450980,0.00196912673986216,99.9751736612405,1
533.73,534,0,377,0,10179,2024-11-06,2024-11-08,576.7,377,10179,101807360,-64121425,0.0099982948187636,99.8658937821391,1
513.28,515,53,59,12720,10148,2024-11-06,2024-12-13,576.7,6,-2572,20220487,8899056,0.0501867239893876,99.3246849099134,-0.253448955459204
429.62,430,244,255,12444,9690,2024-11-06,2024-12-06,576.7,11,-2754,41238515,-10488258,0.0234974513510004,99.9067497944579,-0.284210526315789
209.97,210,3224,3224,9672,9672,2024-11-06,2024-12-20,576.7,0,0,645931422,-173965123,0.00149737258021177,99.9951165094427,0
566.79,577.5,8,9,11760,9639,2024-11-06,2024-12-13,576.7,1,-2121,20220487,8899056,0.0476694750230299,99.3723543849364,-0.220043572984749
284.99,285,9611,9611,9611,9611,2024-11-06,2024-11-15,576.7,0,0,517539059,-255450980,0.00185705790372046,99.9770307191442,0
573.17,597,1,4,2828,9532,2024-11-06,2024-12-13,576.7,3,6704,20220487,8899056,0.0471403087373712,99.4194946936738,0.703315148971884
577.44,625,2,2,11024,9512,2024-11-06,2024-11-15,576.7,0,-1512,517539059,-255450980,0.00183792891272386,99.978868648057,-0.158957106812447
449.48,450,136,180,8704,9360,2024-11-06,2024-12-06,576.7,44,656,41238515,-10488258,0.0226972285495731,99.9294470230075,0.0700854700854701
404.82,405,505,519,14140,9342,2024-11-06,2024-11-22,576.7,14,-4798,64843984,-17795646,0.0144068877692648,99.9771744438158,-0.513594519374866
548.92,554,6,18,4302,9144,2024-11-06,2024-12-13,576.7,12,4842,20220487,8899056,0.0452214627669452,99.4647161564408,0.529527559055118
434.96,435,2197,2232,8788,8928,2024-11-06,2024-11-08,576.7,35,140,101807360,-64121425,0.00876950350151502,99.8746632856407,0.0156810035842294
495.52,496,0,183,0,8784,2024-11-06,2024-11-15,576.7,183,8784,517539059,-255450980,0.0016972632011529,99.9805659112581,1
354.9,355,860,871,12900,8710,2024-11-06,2024-11-29,576.7,11,-4190,201599777,-68182361,0.00432044128699607,99.9941716205371,-0.48105625717566
571.86,615,2,2,8628,8628,2024-11-06,2024-11-15,576.7,0,0,517539059,-255450980,0.00166712054867341,99.9822330318068,0
309.99,310,8923,8568,8923,8568,2024-11-06,2024-11-15,576.7,-355,-355,517539059,-255450980,0.00165552722079668,99.9838885590276,-0.0414332399626517
449.93,450,1182,1208,5910,8456,2024-11-06,2024-11-08,576.7,26,2546,101807360,-64121425,0.00830588279668582,99.8829691684373,0.301087984862819
159.98,160,4228,4228,8456,8456,2024-11-06,2024-12-20,576.7,0,0,645931422,-173965123,0.00130911730131005,99.996425626744,0
535.71,536,0,280,0,8120,2024-11-06,2024-11-08,576.7,280,8120,101807360,-64121425,0.00797584771867181,99.890945016156,1
484.02,485,33,81,4158,7938,2024-11-06,2024-12-13,576.7,48,3780,20220487,8899056,0.0392572147248481,99.5039733711656,0.476190476190476
568.24,581,4,6,6688,7656,2024-11-06,2024-12-13,576.7,2,968,20220487,8899056,0.0378625895607757,99.5418359607264,0.126436781609195
309.98,310,3778,3778,7556,7556,2024-11-06,2024-11-08,576.7,0,0,101807360,-64121425,0.00742186026629116,99.8983668764223,0
503.63,505,57,55,10773,7535,2024-11-06,2024-12-13,576.7,-2,-3238,20220487,8899056,0.0372641865648439,99.5791001472912,-0.429727936297279
550.64,556,16,14,12288,7504,2024-11-06,2024-12-13,576.7,-2,-4784,20220487,8899056,0.037110876706382,99.6162110239976,-0.637526652452025
572.74,610,2,2,7452,7452,2024-11-06,2024-11-15,576.7,0,0,517539059,-255450980,0.00143989132228955,99.9853284503499,0
537.69,538,0,230,0,7130,2024-11-06,2024-11-08,576.7,230,7130,101807360,-64121425,0.00700342293523769,99.9053702993575,1
289.99,290,7065,7065,7065,7065,2024-11-06,2024-11-15,576.7,0,0,517539059,-255450980,0.00136511435748466,99.9866935647074,0
384.99,385,6695,6870,6695,6870,2024-11-06,2024-11-08,576.7,175,175,101807360,-64121425,0.00674803864867923,99.9121183380062,0.0254730713245997
576.05,610,0,2,0,6790,2024-11-06,2024-11-29,576.7,2,6790,201599777,-68182361,0.003368059281137,99.9975396798182,1
419.97,420,2844,2104,8532,6312,2024-11-06,2024-11-08,576.7,-740,-2220,101807360,-64121425,0.00619994467983454,99.9183182826861,-0.35171102661597
354.99,355,6434,6303,38604,6303,2024-11-06,2024-11-15,576.7,-131,-32301,517539059,-255450980,0.00121787909345022,99.9879114438008,-5.12470252260828
329.99,330,5960,6194,11920,6194,2024-11-06,2024-11-15,576.7,234,-5726,517539059,-255450980,0.00119681788114083,99.989108261682,-0.9244430093639
454.94,455,978,986,6846,5916,2024-11-06,2024-11-08,576.7,8,-930.000000000001,101807360,-64121425,0.00581097476646089,99.9241292574525,-0.157200811359027
573.44,603,2,2,5912,5912,2024-11-06,2024-11-08,576.7,0,0,101807360,-64121425,0.00580704577743692,99.9299363032299,0
569.48,599,2,2,5904,5904,2024-11-06,2024-11-15,576.7,0,0,517539059,-255450980,0.00114078346306998,99.990249045145,0
571.56,591,2,3,4474,5832,2024-11-06,2024-12-06,576.7,1,1358,41238515,-10488258,0.0141421193270417,99.9435891423345,0.232853223593965
488.96,490,49,56,6909,5824,2024-11-06,2024-12-13,576.7,7,-1085,20220487,8899056,0.0288024714736099,99.6450134954712,-0.186298076923077
274.99,275,5609,5609,5609,5609,2024-11-06,2024-11-15,576.7,0,0,517539059,-255450980,0.00108378293434274,99.9913328280794,0
490.85,491,375,372,4125,5580,2024-11-06,2024-11-08,576.7,-3,1455,101807360,-64121425,0.00548093968844689,99.9354172429184,0.260752688172043
579.46,635,1,1,5554,5554,2024-11-06,2024-12-20,576.7,0,0,645931422,-173965123,0.000859843601167927,99.9972854703452,0
579.9,598,3,3,5430,5430,2024-11-06,2024-11-22,576.7,0,0,64843984,-17795646,0.00837394568476854,99.9855483895006,0
498.8,500,34,45,5610,5400,2024-11-06,2024-12-13,576.7,11,-209.999999999999,20220487,8899056,0.026705588248196,99.6717190837194,-0.0388888888888887
486.58,487,0,128,0,5376,2024-11-06,2024-11-15,576.7,128,5376,517539059,-255450980,0.00103876217775478,99.9923715902571,1
184.98,185,2593,2593,5186,5186,2024-11-06,2024-12-20,576.7,0,0,645931422,-173965123,0.00080287160886872,99.9980883419541,0
491.55,492,0,115,0,5175,2024-11-06,2024-11-15,576.7,115,5175,517539059,-255450980,0.000999924529367744,99.9933715147865,1
479.06,480,53,55,6360,5170,2024-11-06,2024-12-13,576.7,2,-1190,20220487,8899056,0.0255681280079951,99.6972872117274,-0.230174081237911
568.42,594,2,2,5116,5116,2024-11-06,2024-12-13,576.7,0,0,20220487,8899056,0.0253010721255131,99.7225882838529,0
424.97,425,1579,1690,6316,5070,2024-11-06,2024-11-08,576.7,111,-1246,101807360,-64121425,0.00497999358788991,99.9403972365063,-0.245759368836292
194.98,195,2302,2533,9208,5066,2024-11-06,2024-12-20,576.7,231,-4142,645931422,-173965123,0.000784293785292891,99.9988726357393,-0.81760757994473
565.31,582,3,3,5007,5007,2024-11-06,2024-12-13,576.7,0,0,20220487,8899056,0.024762014881244,99.7473502987342,0
409.63,410,115,135,5980,4995,2024-11-06,2024-12-13,576.7,20,-985,20220487,8899056,0.0247026691295813,99.7720529678637,-0.197197197197197
570.4,620,1,1,4960,4960,2024-11-06,2024-11-29,576.7,0,0,201599777,-68182361,0.00246032018180258,100,0
530.76,531,0,205,0,4920,2024-11-06,2024-11-08,576.7,205,4920,101807360,-64121425,0.0048326564994908,99.9452298930058,1
572.5,620,0,1,0,4750,2024-11-06,2024-12-13,576.7,1,4750,20220487,8899056,0.023491026699802,99.7955439945635,1
279.99,280,4622,4622,4622,4622,2024-11-06,2024-11-15,576.7,0,0,517539059,-255450980,0.000893072690770572,99.9942645874773,0
495.85,496,160,304,1440,4560,2024-11-06,2024-11-08,576.7,144,3120,101807360,-64121425,0.00447904748733294,99.9497089404931,0.68421052631579
334.99,335,4387,4366,8774,4366,2024-11-06,2024-11-15,576.7,-21,-4408,517539059,-255450980,0.000843607825163202,99.9951081953024,-1.00961978928081
359.85,360,291,290,6693,4350,2024-11-06,2024-12-06,576.7,-1,-2343,41238515,-10488258,0.0105483914733593,99.9541375338079,-0.538620689655173
399.98,400,974,2149,974,4298,2024-11-06,2024-11-08,576.7,1175,3324,101807360,-64121425,0.00422169870626249,99.9539306391994,0.773382968822708
577.4,620,1,1,5062,4260,2024-11-06,2024-11-15,576.7,0,-802,517539059,-255450980,0.00082312627924765,99.9959313215817,-0.188262910798122
179.98,180,2084,2084,4168,4168,2024-11-06,2024-12-20,576.7,0,0,645931422,-173965123,0.000645269738867108,99.9995179054782,0
354.85,355,211,273,4431,4095,2024-11-06,2024-12-06,576.7,62,-336,41238515,-10488258,0.00993003749043825,99.9640675712983,-0.082051282051282
419.65,420,106,117,4876,4095,2024-11-06,2024-12-06,576.7,11,-781.000000000001,41238515,-10488258,0.00993003749043825,99.9739976087888,-0.190720390720391
389.99,390,4064,4078,4064,4078,2024-11-06,2024-11-08,576.7,14,14,101807360,-64121425,0.0040056043099438,99.9579362435093,0.0034330554193232
491.85,492,268,268,2948,4020,2024-11-06,2024-11-08,576.7,0,1072,101807360,-64121425,0.00394863396909614,99.9618848774784,0.266666666666667
551.26,557,7,7,5320,4018,2024-11-06,2024-12-13,576.7,0,-1302,20220487,8899056,0.0198709358483799,99.8154149304119,-0.32404181184669
439.95,440,775,794,3875,3970,2024-11-06,2024-11-08,576.7,19,95.0000000000005,101807360,-64121425,0.00389952160629644,99.9657843990847,0.0239294710327457
259.99,260,3876,3877,3876,3877,2024-11-06,2024-11-15,576.7,1,1.00000000000045,517539059,-255450980,0.000749122202967873,99.9966804437846,0.000257931390250311
571.86,610,1,1,3814,3814,2024-11-06,2024-11-22,576.7,0,0,64843984,-17795646,0.00588181009976191,99.9914301996003,0
571.68,590,1,2,2224,3664,2024-11-06,2024-12-13,576.7,1,1440,20220487,8899056,0.0181202361743315,99.8335351665863,0.393013100436681
459.26,460,28,49,2548,3626,2024-11-06,2024-12-13,576.7,21,1078,20220487,8899056,0.0179323079607331,99.851467474547,0.297297297297297
546.01,551,9,7,5652,3493,2024-11-06,2024-12-13,576.7,-2,-2159,20220487,8899056,0.0172745592131386,99.8687420337601,-0.618093329516175
570.41,587,1,2,2020,3318,2024-11-06,2024-12-13,576.7,1,1298,20220487,8899056,0.0164091003347249,99.8851511340949,0.391199517781796
571.11,604,1,1,3269,3289,2024-11-06,2024-11-15,576.7,0,20,517539059,-255450980,0.000635507589775944,99.9973159513744,0.00608087564609304
488.88,489,313,273,2504,3276,2024-11-06,2024-11-08,576.7,-40,772,101807360,-64121425,0.00321784201063656,99.9690022410953,0.235653235653236
496.84,497,173,198,1903,3168,2024-11-06,2024-11-08,576.7,25,1265,101807360,-64121425,0.0031117593069892,99.9721140004023,0.399305555555556
575.86,607,0,1,0,3114,2024-11-06,2024-12-20,576.7,1,3114,645931422,-173965123,0.000482094521792749,100,1
354.99,355,3092,3092,3092,3092,2024-11-06,2024-11-08,576.7,0,0,101807360,-64121425,0.00303710851553365,99.9751511089179,0
570.31,601,1,1,3069,3069,2024-11-06,2024-11-22,576.7,0,0,64843984,-17795646,0.00473289858315923,99.9961630981835,0
487.87,488,259,232,2072,3016,2024-11-06,2024-11-08,576.7,-27,944,101807360,-64121425,0.0029624577240781,99.9781135666419,0.312997347480106
573.89,603,0,1,0,2911,2024-11-06,2024-12-06,576.7,1,2911,41238515,-10488258,0.00705893507562045,99.9810565438644,1
568.9,583,1,2,1635,2820,2024-11-06,2024-12-13,576.7,1,1185,20220487,8899056,0.0139462516407246,99.8990973857356,0.420212765957447
570.57,598,1,1,2743,2743,2024-11-06,2024-12-13,576.7,0,0,20220487,8899056,0.0135654497342225,99.9126628354698,0
464.26,465,2,37,210,2738,2024-11-06,2024-12-13,576.7,35,2528,20220487,8899056,0.0135407223376964,99.9262035578075,0.923301680058437
573.8,601,1,1,2720,2720,2024-11-06,2024-11-15,576.7,0,0,517539059,-255450980,0.000525564197078312,99.9978415155715,0
424.5,425,54,54,2700,2700,2024-11-06,2024-12-06,576.7,0,0,41238515,-10488258,0.00654727746622302,99.9876038213306,0
576.06,589,2,2,2588,2588,2024-11-06,2024-12-06,576.7,0,0,41238515,-10488258,0.00627568669725377,99.9938795080279,0
314.99,315,2572,2587,5144,2587,2024-11-06,2024-11-15,576.7,15,-2557,517539059,-255450980,0.000499865653618233,99.9983413812251,-0.988403556242752
324.99,325,3176,2505,6352,2505,2024-11-06,2024-11-15,576.7,-671,-3847,517539059,-255450980,0.000484021438853372,99.998825402664,-1.53572854291417
581.12,606,1,1,2488,2488,2024-11-06,2024-11-22,576.7,0,0,64843984,-17795646,0.0038369018165201,100,0
319.99,320,2323,2313,9292,2313,2024-11-06,2024-11-15,576.7,-10,-6979,517539059,-255450980,0.000446922789647844,99.9992723254536,-3.01729355814959
404.98,405,1077,1153,2154,2306,2024-11-06,2024-11-08,576.7,76,152,101807360,-64121425,0.00226506217232232,99.9803786288143,0.0659150043365134
349.99,350,2295,2295,2295,2295,2024-11-06,2024-11-08,576.7,0,0,101807360,-64121425,0.00225425745250638,99.9826328862668,0
299.99,300,2258,2258,2258,2258,2024-11-06,2024-11-08,576.7,0,0,101807360,-64121425,0.0022179143040346,99.9848508005708,0
493.63,495,24,16,3504,2192,2024-11-06,2024-12-13,576.7,-8,-1312,20220487,8899056,0.0108404906370455,99.9370440484446,-0.598540145985402
304.99,305,2142,2138,2142,2138,2024-11-06,2024-11-15,576.7,-4,-4,517539059,-255450980,0.000413108916674055,99.9996854343703,-0.00187090739008419
399.62,400,41,54,1886,2052,2024-11-06,2024-12-13,576.7,13,166,20220487,8899056,0.0101481235343145,99.9471921719789,0.080896686159844
572.92,593,0,1,0,2008,2024-11-06,2024-12-13,576.7,1,2008,20220487,8899056,0.00993052244488473,99.9571226944238,1
545.38,552,3,3,1986,1986,2024-11-06,2024-12-13,576.7,0,0,20220487,8899056,0.00982172190016986,99.9669444163239,0
572.8,592,0,1,0,1920,2024-11-06,2024-12-13,576.7,1,1920,20220487,8899056,0.00949532026602524,99.97643973659,1
409.98,410,925,925,1850,1850,2024-11-06,2024-11-08,576.7,0,0,101807360,-64121425,0.00181715742358902,99.9866679579944,0
324.99,325,1833,1833,1833,1833,2024-11-06,2024-11-08,576.7,0,0,101807360,-64121425,0.00180045922023712,99.9884684172146,0
474.15,475,20,20,2240,1700,2024-11-06,2024-12-13,576.7,0,-540,20220487,8899056,0.00840731481887652,99.9848470514088,-0.317647058823529
394.99,395,1566,1566,1566,1566,2024-11-06,2024-11-08,576.7,0,0,101807360,-64121425,0.00153819920288671,99.9900066164175,0
577.42,593,1,1,1558,1558,2024-11-06,2024-12-06,576.7,0,0,41238515,-10488258,0.00377802158976869,99.9976575296176,0
487.57,488,0,36,0,1548,2024-11-06,2024-11-15,576.7,36,1548,517539059,-255450980,0.000299107859219569,99.9999845422295,1
571.32,586,2,1,3892,1468,2024-11-06,2024-12-13,576.7,-1,-2424,20220487,8899056,0.00725996362006514,99.9921070150289,-1.65122615803815
369.99,370,1331,1331,1331,1331,2024-11-06,2024-11-08,576.7,0,0,101807360,-64121425,0.0013073710977281,99.9913139875152,0
414.98,415,609,607,1827,1214,2024-11-06,2024-11-08,576.7,-2,-613,101807360,-64121425,0.0011924481687768,99.992506435684,-0.50494233937397
344.99,345,1083,1083,1083,1083,2024-11-06,2024-11-08,576.7,0,0,101807360,-64121425,0.00106377377824157,99.9935702094623,0
359.99,360,916,1028,916,1028,2024-11-06,2024-11-08,576.7,112,112,101807360,-64121425,0.0010097501791619,99.9945799596414,0.108949416342412
493.87,494,90,79,900,1027,2024-11-06,2024-11-08,576.7,-11,127,101807360,-64121425,0.00100876793190591,99.9955887275733,0.123661148977605
374.99,375,986,986,986,986,2024-11-06,2024-11-08,576.7,0,0,101807360,-64121425,0.000968495794410149,99.9965572233678,0
434.58,435,8,23,432,966,2024-11-06,2024-12-06,576.7,15,534,41238515,-10488258,0.00234247038235979,100,0.552795031055901
364.98,365,336,470,336,940,2024-11-06,2024-11-08,576.7,134,604,101807360,-64121425,0.000923312420634422,99.9974805357884,0.642553191489362
492.87,493,58,69,638,897,2024-11-06,2024-11-08,576.7,11,259,101807360,-64121425,0.000881075788626677,99.998361611577,0.288740245261985
329.98,330,220,220,440,440,2024-11-06,2024-11-08,576.7,0,0,101807360,-64121425,0.000432188792637389,99.9987938003697,0
419.57,420,5,10,295,430,2024-11-06,2024-12-13,576.7,5,135,20220487,8899056,0.00212655610124524,99.9942335711301,0.313953488372093
439.4,440,5,7,355,420,2024-11-06,2024-12-13,576.7,2,65,20220487,8899056,0.00207710130819302,99.9963106724383,0.154761904761905
444.41,445,6,7,456,413,2024-11-06,2024-12-13,576.7,1,-43.0000000000001,20220487,8899056,0.00204248295305647,99.9983531553914,-0.104116222760291
319.99,320,387,387,387,387,2024-11-06,2024-11-08,576.7,0,0,101807360,-64121425,0.000380129688069703,99.9991739300577,0
339.99,340,380,380,380,380,2024-11-06,2024-11-08,576.7,0,0,101807360,-64121425,0.000373253957277745,99.999547184015,0
334.99,335,371,371,371,371,2024-11-06,2024-11-08,576.7,0,0,101807360,-64121425,0.000364413731973798,99.999911597747,0
434.31,435,2,2,138,138,2024-11-06,2024-12-13,576.7,0,0,20220487,8899056,0.000682476144120564,99.9990356315355,0
424.32,425,2,2,136,136,2024-11-06,2024-12-13,576.7,0,0,20220487,8899056,0.000672585185510122,99.999708216721,0
485.6,486,0,2,0,80,2024-11-06,2024-11-15,576.7,2,80,517539059,-255450980,1.54577705023033e-05,100,1
485.87,486,0,6,0,78,2024-11-06,2024-11-08,576.7,6,78,101807360,-64121425,7.66152859675371e-05,99.9999882130329,1
414.41,415,1,1,59,59,2024-11-06,2024-12-13,576.7,0,0,20220487,8899056,0.000291783279008067,100,0
486.88,487,0,1,0,12,2024-11-06,2024-11-08,576.7,1,12,101807360,-64121425,1.17869670719288e-05,100,1
571.19,598,0,0,0,0,2024-11-06,2024-11-08,576.7,0,0,101807360,-64121425,0,100,
568.73,599,0,0,0,0,2024-11-06,2024-11-08,576.7,0,0,101807360,-64121425,0,100,
578.79,604,0,0,0,0,2024-11-06,2024-11-08,576.7,0,0,101807360,-64121425,0,100,
606,606,0,0,0,0,2024-11-06,2024-11-08,576.7,0,0,101807360,-64121425,0,100,
577.92,607,0,0,0,0,2024-11-06,2024-11-08,576.7,0,0,101807360,-64121425,0,100,
608,608,0,0,0,0,2024-11-06,2024-11-08,576.7,0,0,101807360,-64121425,0,100,
609,609,0,0,0,0,2024-11-06,2024-11-08,576.7,0,0,101807360,-64121425,0,100,
572,610,0,0,0,0,2024-11-06,2024-11-08,576.7,0,0,101807360,-64121425,0,100,
583.81,615,0,0,0,0,2024-11-06,2024-11-08,576.7,0,0,101807360,-64121425,0,100,
583.56,620,0,0,0,0,2024-11-06,2024-11-08,576.7,0,0,101807360,-64121425,0,100,
569.92,625,0,0,0,0,2024-11-06,2024-11-08,576.7,0,0,101807360,-64121425,0,100,
569.92,630,0,0,0,0,2024-11-06,2024-11-08,576.7,0,0,101807360,-64121425,0,100,
568.93,635,0,0,0,0,2024-11-06,2024-11-08,576.7,0,0,101807360,-64121425,0,100,
640,640,0,0,0,0,2024-11-06,2024-11-08,576.7,0,0,101807360,-64121425,0,100,
575.34,645,0,0,0,0,2024-11-06,2024-11-08,576.7,0,0,101807360,-64121425,0,100,
579,650,0,0,0,0,2024-11-06,2024-11-08,576.7,0,0,101807360,-64121425,0,100,
566.02,655,0,0,0,0,2024-11-06,2024-11-08,576.7,0,0,101807360,-64121425,0,100,
584.67,660,0,0,0,0,2024-11-06,2024-11-08,576.7,0,0,101807360,-64121425,0,100,
665,665,0,0,0,0,2024-11-06,2024-11-08,576.7,0,0,101807360,-64121425,0,100,
670,670,0,0,0,0,2024-11-06,2024-11-08,576.7,0,0,101807360,-64121425,0,100,
570.95,602,0,0,0,0,2024-11-06,2024-11-15,576.7,0,0,517539059,-255450980,0,100,
570.76,603,0,0,0,0,2024-11-06,2024-11-15,576.7,0,0,517539059,-255450980,0,100,
570.42,606,0,0,0,0,2024-11-06,2024-11-15,576.7,0,0,517539059,-255450980,0,100,
583.23,607,0,0,0,0,2024-11-06,2024-11-15,576.7,0,0,517539059,-255450980,0,100,
608,608,0,0,0,0,2024-11-06,2024-11-15,576.7,0,0,517539059,-255450980,0,100,
609,609,0,0,0,0,2024-11-06,2024-11-15,576.7,0,0,517539059,-255450980,0,100,
578.81,611,0,0,0,0,2024-11-06,2024-11-15,576.7,0,0,517539059,-255450980,0,100,
583.24,612,0,0,0,0,2024-11-06,2024-11-15,576.7,0,0,517539059,-255450980,0,100,
613,613,0,0,0,0,2024-11-06,2024-11-15,576.7,0,0,517539059,-255450980,0,100,
614,614,0,0,0,0,2024-11-06,2024-11-15,576.7,0,0,517539059,-255450980,0,100,
616,616,0,0,0,0,2024-11-06,2024-11-15,576.7,0,0,517539059,-255450980,0,100,
617,617,0,0,0,0,2024-11-06,2024-11-15,576.7,0,0,517539059,-255450980,0,100,
618,618,0,0,0,0,2024-11-06,2024-11-15,576.7,0,0,517539059,-255450980,0,100,
619,619,0,0,0,0,2024-11-06,2024-11-15,576.7,0,0,517539059,-255450980,0,100,
621,621,0,0,0,0,2024-11-06,2024-11-15,576.7,0,0,517539059,-255450980,0,100,
622,622,0,0,0,0,2024-11-06,2024-11-15,576.7,0,0,517539059,-255450980,0,100,
623,623,0,0,0,0,2024-11-06,2024-11-15,576.7,0,0,517539059,-255450980,0,100,
624,624,0,0,0,0,2024-11-06,2024-11-15,576.7,0,0,517539059,-255450980,0,100,
626,626,0,0,0,0,2024-11-06,2024-11-15,576.7,0,0,517539059,-255450980,0,100,
627,627,0,0,0,0,2024-11-06,2024-11-15,576.7,0,0,517539059,-255450980,0,100,
628,628,0,0,0,0,2024-11-06,2024-11-15,576.7,0,0,517539059,-255450980,0,100,
629,629,0,0,0,0,2024-11-06,2024-11-15,576.7,0,0,517539059,-255450980,0,100,
577.41,630,0,0,0,0,2024-11-06,2024-11-15,576.7,0,0,517539059,-255450980,0,100,
631,631,0,0,0,0,2024-11-06,2024-11-15,576.7,0,0,517539059,-255450980,0,100,
632,632,0,0,0,0,2024-11-06,2024-11-15,576.7,0,0,517539059,-255450980,0,100,
633,633,0,0,0,0,2024-11-06,2024-11-15,576.7,0,0,517539059,-255450980,0,100,
634,634,0,0,0,0,2024-11-06,2024-11-15,576.7,0,0,517539059,-255450980,0,100,
566.3,635,0,0,0,0,2024-11-06,2024-11-15,576.7,0,0,517539059,-255450980,0,100,
636,636,0,0,0,0,2024-11-06,2024-11-15,576.7,0,0,517539059,-255450980,0,100,
637,637,0,0,0,0,2024-11-06,2024-11-15,576.7,0,0,517539059,-255450980,0,100,
638,638,0,0,0,0,2024-11-06,2024-11-15,576.7,0,0,517539059,-255450980,0,100,
639,639,0,0,0,0,2024-11-06,2024-11-15,576.7,0,0,517539059,-255450980,0,100,
567.09,640,0,0,0,0,2024-11-06,2024-11-15,576.7,0,0,517539059,-255450980,0,100,
641,641,0,0,0,0,2024-11-06,2024-11-15,576.7,0,0,517539059,-255450980,0,100,
642,642,0,0,0,0,2024-11-06,2024-11-15,576.7,0,0,517539059,-255450980,0,100,
643,643,0,0,0,0,2024-11-06,2024-11-15,576.7,0,0,517539059,-255450980,0,100,
644,644,0,0,0,0,2024-11-06,2024-11-15,576.7,0,0,517539059,-255450980,0,100,
567.09,645,0,0,0,0,2024-11-06,2024-11-15,576.7,0,0,517539059,-255450980,0,100,
646,646,0,0,0,0,2024-11-06,2024-11-15,576.7,0,0,517539059,-255450980,0,100,
647,647,0,0,0,0,2024-11-06,2024-11-15,576.7,0,0,517539059,-255450980,0,100,
648,648,0,0,0,0,2024-11-06,2024-11-15,576.7,0,0,517539059,-255450980,0,100,
649,649,0,0,0,0,2024-11-06,2024-11-15,576.7,0,0,517539059,-255450980,0,100,
582.52,650,0,0,0,0,2024-11-06,2024-11-15,576.7,0,0,517539059,-255450980,0,100,
651,651,0,0,0,0,2024-11-06,2024-11-15,576.7,0,0,517539059,-255450980,0,100,
652,652,0,0,0,0,2024-11-06,2024-11-15,576.7,0,0,517539059,-255450980,0,100,
653,653,0,0,0,0,2024-11-06,2024-11-15,576.7,0,0,517539059,-255450980,0,100,
654,654,0,0,0,0,2024-11-06,2024-11-15,576.7,0,0,517539059,-255450980,0,100,
567.08,655,0,0,0,0,2024-11-06,2024-11-15,576.7,0,0,517539059,-255450980,0,100,
656,656,0,0,0,0,2024-11-06,2024-11-15,576.7,0,0,517539059,-255450980,0,100,
657,657,0,0,0,0,2024-11-06,2024-11-15,576.7,0,0,517539059,-255450980,0,100,
580.38,660,0,0,0,0,2024-11-06,2024-11-15,576.7,0,0,517539059,-255450980,0,100,
580.36,665,0,0,0,0,2024-11-06,2024-11-15,576.7,0,0,517539059,-255450980,0,100,
566.95,670,0,0,0,0,2024-11-06,2024-11-15,576.7,0,0,517539059,-255450980,0,100,
675,675,0,0,0,0,2024-11-06,2024-11-15,576.7,0,0,517539059,-255450980,0,100,
574.22,680,0,0,0,0,2024-11-06,2024-11-15,576.7,0,0,517539059,-255450980,0,100,
574.64,602,0,0,0,0,2024-11-06,2024-11-22,576.7,0,0,64843984,-17795646,0,100,
578.26,604,0,0,0,0,2024-11-06,2024-11-22,576.7,0,0,64843984,-17795646,0,100,
607,607,0,0,0,0,2024-11-06,2024-11-22,576.7,0,0,64843984,-17795646,0,100,
608,608,0,0,0,0,2024-11-06,2024-11-22,576.7,0,0,64843984,-17795646,0,100,
576.97,609,0,0,0,0,2024-11-06,2024-11-22,576.7,0,0,64843984,-17795646,0,100,
611,611,0,0,0,0,2024-11-06,2024-11-22,576.7,0,0,64843984,-17795646,0,100,
612,612,0,0,0,0,2024-11-06,2024-11-22,576.7,0,0,64843984,-17795646,0,100,
613,613,0,0,0,0,2024-11-06,2024-11-22,576.7,0,0,64843984,-17795646,0,100,
581.53,614,0,0,0,0,2024-11-06,2024-11-22,576.7,0,0,64843984,-17795646,0,100,
577.39,615,0,0,0,0,2024-11-06,2024-11-22,576.7,0,0,64843984,-17795646,0,100,
620,620,0,0,0,0,2024-11-06,2024-11-22,576.7,0,0,64843984,-17795646,0,100,
582.15,625,0,0,0,0,2024-11-06,2024-11-22,576.7,0,0,64843984,-17795646,0,100,
584.41,630,0,0,0,0,2024-11-06,2024-11-22,576.7,0,0,64843984,-17795646,0,100,
635,635,0,0,0,0,2024-11-06,2024-11-22,576.7,0,0,64843984,-17795646,0,100,
640,640,0,0,0,0,2024-11-06,2024-11-22,576.7,0,0,64843984,-17795646,0,100,
645,645,0,0,0,0,2024-11-06,2024-11-22,576.7,0,0,64843984,-17795646,0,100,
650,650,0,0,0,0,2024-11-06,2024-11-22,576.7,0,0,64843984,-17795646,0,100,
655,655,0,0,0,0,2024-11-06,2024-11-22,576.7,0,0,64843984,-17795646,0,100,
660,660,0,0,0,0,2024-11-06,2024-11-22,576.7,0,0,64843984,-17795646,0,100,
665,665,0,0,0,0,2024-11-06,2024-11-22,576.7,0,0,64843984,-17795646,0,100,
670,670,0,0,0,0,2024-11-06,2024-11-22,576.7,0,0,64843984,-17795646,0,100,
604,604,0,0,0,0,2024-11-06,2024-11-29,576.7,0,0,201599777,-68182361,0,100,
606,606,0,0,0,0,2024-11-06,2024-11-29,576.7,0,0,201599777,-68182361,0,100,
608,608,0,0,0,0,2024-11-06,2024-11-29,576.7,0,0,201599777,-68182361,0,100,
609,609,0,0,0,0,2024-11-06,2024-11-29,576.7,0,0,201599777,-68182361,0,100,
573.25,611,0,0,0,0,2024-11-06,2024-11-29,576.7,0,0,201599777,-68182361,0,100,
612,612,0,0,0,0,2024-11-06,2024-11-29,576.7,0,0,201599777,-68182361,0,100,
613,613,0,0,0,0,2024-11-06,2024-11-29,576.7,0,0,201599777,-68182361,0,100,
614,614,0,0,0,0,2024-11-06,2024-11-29,576.7,0,0,201599777,-68182361,0,100,
582.63,615,0,0,0,0,2024-11-06,2024-11-29,576.7,0,0,201599777,-68182361,0,100,
625,625,0,0,0,0,2024-11-06,2024-11-29,576.7,0,0,201599777,-68182361,0,100,
571.57,635,0,0,0,0,2024-11-06,2024-11-29,576.7,0,0,201599777,-68182361,0,100,
573.88,640,2,0,13682,0,2024-11-06,2024-11-29,576.7,-2,-13682,201599777,-68182361,0,100,-Inf
571.57,645,0,0,0,0,2024-11-06,2024-11-29,576.7,0,0,201599777,-68182361,0,100,
569.97,650,0,0,0,0,2024-11-06,2024-11-29,576.7,0,0,201599777,-68182361,0,100,
571.5,655,0,0,0,0,2024-11-06,2024-11-29,576.7,0,0,201599777,-68182361,0,100,
570.06,660,0,0,0,0,2024-11-06,2024-11-29,576.7,0,0,201599777,-68182361,0,100,
570.99,665,0,0,0,0,2024-11-06,2024-11-29,576.7,0,0,201599777,-68182361,0,100,
579.16,670,0,0,0,0,2024-11-06,2024-11-29,576.7,0,0,201599777,-68182361,0,100,
594,594,0,0,0,0,2024-11-06,2024-12-06,576.7,0,0,41238515,-10488258,0,100,
582.36,615,0,0,0,0,2024-11-06,2024-12-06,576.7,0,0,41238515,-10488258,0,100,
620,620,0,0,0,0,2024-11-06,2024-12-06,576.7,0,0,41238515,-10488258,0,100,
625,625,0,0,0,0,2024-11-06,2024-12-06,576.7,0,0,41238515,-10488258,0,100,
630,630,0,0,0,0,2024-11-06,2024-12-06,576.7,0,0,41238515,-10488258,0,100,
635,635,0,0,0,0,2024-11-06,2024-12-06,576.7,0,0,41238515,-10488258,0,100,
640,640,0,0,0,0,2024-11-06,2024-12-06,576.7,0,0,41238515,-10488258,0,100,
645,645,0,0,0,0,2024-11-06,2024-12-06,576.7,0,0,41238515,-10488258,0,100,
650,650,0,0,0,0,2024-11-06,2024-12-06,576.7,0,0,41238515,-10488258,0,100,
655,655,0,0,0,0,2024-11-06,2024-12-06,576.7,0,0,41238515,-10488258,0,100,
660,660,0,0,0,0,2024-11-06,2024-12-06,576.7,0,0,41238515,-10488258,0,100,
665,665,0,0,0,0,2024-11-06,2024-12-06,576.7,0,0,41238515,-10488258,0,100,
670,670,0,0,0,0,2024-11-06,2024-12-06,576.7,0,0,41238515,-10488258,0,100,
405,405,0,0,0,0,2024-11-06,2024-12-13,576.7,0,0,20220487,8899056,0,100,
430,430,0,0,0,0,2024-11-06,2024-12-13,576.7,0,0,20220487,8899056,0,100,
455,455,0,0,0,0,2024-11-06,2024-12-13,576.7,0,0,20220487,8899056,0,100,
582.5,582.5,0,0,0,0,2024-11-06,2024-12-13,576.7,0,0,20220487,8899056,0,100,
587.5,587.5,0,0,0,0,2024-11-06,2024-12-13,576.7,0,0,20220487,8899056,0,100,
589,589,0,0,0,0,2024-11-06,2024-12-13,576.7,0,0,20220487,8899056,0,100,
573.4,591,1,0,2282,0,2024-11-06,2024-12-13,576.7,-1,-2282,20220487,8899056,0,100,-Inf
592.5,592.5,0,0,0,0,2024-11-06,2024-12-13,576.7,0,0,20220487,8899056,0,100,
595,595,0,0,0,0,2024-11-06,2024-12-13,576.7,0,0,20220487,8899056,0,100,
596,596,0,0,0,0,2024-11-06,2024-12-13,576.7,0,0,20220487,8899056,0,100,
568.68,599,0,0,0,0,2024-11-06,2024-12-13,576.7,0,0,20220487,8899056,0,100,
600,600,0,0,0,0,2024-11-06,2024-12-13,576.7,0,0,20220487,8899056,0,100,
605,605,0,0,0,0,2024-11-06,2024-12-13,576.7,0,0,20220487,8899056,0,100,
610,610,0,0,0,0,2024-11-06,2024-12-13,576.7,0,0,20220487,8899056,0,100,
615,615,0,0,0,0,2024-11-06,2024-12-13,576.7,0,0,20220487,8899056,0,100,
625,625,0,0,0,0,2024-11-06,2024-12-13,576.7,0,0,20220487,8899056,0,100,
630,630,0,0,0,0,2024-11-06,2024-12-13,576.7,0,0,20220487,8899056,0,100,
635,635,0,0,0,0,2024-11-06,2024-12-13,576.7,0,0,20220487,8899056,0,100,
640,640,0,0,0,0,2024-11-06,2024-12-13,576.7,0,0,20220487,8899056,0,100,
645,645,0,0,0,0,2024-11-06,2024-12-13,576.7,0,0,20220487,8899056,0,100,
650,650,0,0,0,0,2024-11-06,2024-12-13,576.7,0,0,20220487,8899056,0,100,
655,655,0,0,0,0,2024-11-06,2024-12-13,576.7,0,0,20220487,8899056,0,100,
660,660,0,0,0,0,2024-11-06,2024-12-13,576.7,0,0,20220487,8899056,0,100,
665,665,0,0,0,0,2024-11-06,2024-12-13,576.7,0,0,20220487,8899056,0,100,
670,670,0,0,0,0,2024-11-06,2024-12-13,576.7,0,0,20220487,8899056,0,100,
575.44,625,0,0,0,0,2024-11-06,2024-12-20,576.7,0,0,645931422,-173965123,0,100,
583.94,630,0,0,0,0,2024-11-06,2024-12-20,576.7,0,0,645931422,-173965123,0,100,
579.44,640,0,0,0,0,2024-11-06,2024-12-20,576.7,0,0,645931422,-173965123,0,100,
581.09,645,0,0,0,0,2024-11-06,2024-12-20,576.7,0,0,645931422,-173965123,0,100,
573.89,650,0,0,0,0,2024-11-06,2024-12-20,576.7,0,0,645931422,-173965123,0,100,
582.31,655,0,0,0,0,2024-11-06,2024-12-20,576.7,0,0,645931422,-173965123,0,100,
568.47,660,0,0,0,0,2024-11-06,2024-12-20,576.7,0,0,645931422,-173965123,0,100,
570,665,0,0,0,0,2024-11-06,2024-12-20,576.7,0,0,645931422,-173965123,0,100,
580.32,670,0,0,0,0,2024-11-06,2024-12-20,576.7,0,0,645931422,-173965123,0,100,
675,675,0,0,0,0,2024-11-06,2024-12-20,576.7,0,0,645931422,-173965123,0,100,
571.64,680,0,0,0,0,2024-11-06,2024-12-20,576.7,0,0,645931422,-173965123,0,100,
579.24,685,0,0,0,0,2024-11-06,2024-12-20,576.7,0,0,645931422,-173965123,0,100,
579.22,690,0,0,0,0,2024-11-06,2024-12-20,576.7,0,0,645931422,-173965123,0,100,
571.47,700,0,0,0,0,2024-11-06,2024-12-20,576.7,0,0,645931422,-173965123,0,100,
705,705,0,0,0,0,2024-11-06,2024-12-20,576.7,0,0,645931422,-173965123,0,100,
571.19,710,0,0,0,0,2024-11-06,2024-12-20,576.7,0,0,645931422,-173965123,0,100,
570.54,715,0,0,0,0,2024-11-06,2024-12-20,576.7,0,0,645931422,-173965123,0,100,
571.48,725,0,0,0,0,2024-11-06,2024-12-20,576.7,0,0,645931422,-173965123,0,100,
572.89,730,0,0,0,0,2024-11-06,2024-12-20,576.7,0,0,645931422,-173965123,0,100,
568.81,735,0,0,0,0,2024-11-06,2024-12-20,576.7,0,0,645931422,-173965123,0,100,
568.47,740,0,0,0,0,2024-11-06,2024-12-20,576.7,0,0,645931422,-173965123,0,100,
571.94,745,0,0,0,0,2024-11-06,2024-12-20,576.7,0,0,645931422,-173965123,0,100,
571.91,750,0,0,0,0,2024-11-06,2024-12-20,576.7,0,0,645931422,-173965123,0,100,
571.83,755,0,0,0,0,2024-11-06,2024-12-20,576.7,0,0,645931422,-173965123,0,100,
571.19,760,0,0,0,0,2024-11-06,2024-12-20,576.7,0,0,645931422,-173965123,0,100,
579.39,765,0,0,0,0,2024-11-06,2024-12-20,576.7,0,0,645931422,-173965123,0,100,
