Watch,strike,open_interest.yt,open_interest.td,OI_Dollar.yt,OI_Dollar.td,Date.td,expiry,stkClose,diff_oi,diff_oi_d,totalOI,totalOIdiff,OI_pct,cum_sep_OI,pct
521.49,530,137919,127899,195982899,108842049,2025-05-13,2025-09-19,582.99,-10020,-87140850,657391836,-411269570,16.556647502997,16.556647502997,-0.800617507669302
525.61,535,100851,100878,155209689,94724442,2025-05-13,2025-09-19,582.99,27,-60485247,657391836,-411269570,14.4091296564261,30.9657771594231,-0.638538963364915
507.75,520,30065,30074,53696090,36840650,2025-05-13,2025-12-19,582.99,9,-16855440,447775884,-169870901,8.22747524294989,8.22747524294989,-0.45752287215345
546.3,550,62643,87383,59009706,32331710,2025-05-13,2025-06-20,582.99,24740,-26677996,352756072,-402417469,9.16545810726683,9.16545810726683,-0.825134086628885
569.54,610,7301,7325,38038210,29636950,2025-05-13,2025-12-19,582.99,24,-8401260,447775884,-169870901,6.61870168961578,14.8461769325657,-0.283472489578044
545.84,560,20426,20337,46673410,28797192,2025-05-13,2025-09-19,582.99,-89,-17876218,657391836,-411269570,4.38052169543523,35.3462988548583,-0.620762538236367
549.7,565,13615,17009,33724355,26023770,2025-05-13,2025-09-19,582.99,3394,-7700585,657391836,-411269570,3.95863906043397,39.3049379152923,-0.295905819948455
494.84,500,50188,48723,44014876,25141068,2025-05-13,2025-09-19,582.99,-1465,-18873808,657391836,-411269570,3.82436571664392,43.1293036319362,-0.750716238466878
543.41,550,39506,37548,52740510,24744132,2025-05-13,2025-07-18,582.99,-1958,-27996378,254542747,-218588802,9.72101240032583,9.72101240032583,-1.1314350408412
569.93,580,21787,24391,46624180,24561737,2025-05-13,2025-06-20,582.99,2604,-22062443,352756072,-402417469,6.96281055085566,16.1282686581225,-0.898244411622843
557.07,575,11286,13531,31973238,24261083,2025-05-13,2025-09-19,582.99,2245,-7712155,657391836,-411269570,3.69050567278417,46.8198093047204,-0.317881728527947
534.8,540,44593,46184,47982068,24015680,2025-05-13,2025-07-18,582.99,1591,-23966388,254542747,-218588802,9.43483178485537,19.1558441851812,-0.99794750762835
554.5,605,4603,4603,23245150,23245150,2025-05-13,2025-12-19,582.99,0,0,447775884,-169870901,5.19124652099397,20.0374234535596,0
537.93,550,18472,19224,36279008,23203368,2025-05-13,2025-09-19,582.99,752,-13075640,657391836,-411269570,3.5296100026408,50.3494193073612,-0.563523364366759
531.91,550,12273,12411,32057076,22451499,2025-05-13,2025-12-19,582.99,138,-9605577,447775884,-169870901,5.01400361257508,25.0514270661347,-0.427836778292621
571.4,600,7213,7710,30027719,22050600,2025-05-13,2025-09-19,582.99,497,-7977119,657391836,-411269570,3.35425522382058,53.7036745311817,-0.361764260382937
542,555,16598,16876,35137966,21938800,2025-05-13,2025-09-19,582.99,278,-13199166,657391836,-411269570,3.33724862381771,57.0409231549995,-0.601635732127555
551.67,560,20958,26189,34475910,21815437,2025-05-13,2025-07-18,582.99,5231,-12660473,254542747,-218588802,8.57044141194878,27.72628559713,-0.580344688946639
574.55,600,8427,8477,33682719,21573965,2025-05-13,2025-08-15,582.99,50,-12108754,242551029,-150895211,8.89460872994276,8.89460872994276,-0.561266971555762
504,510,35819,35737,37144303,21442200,2025-05-13,2025-09-19,582.99,-82,-15702103,657391836,-411269570,3.26170767961895,60.3026308346184,-0.732299064461669
537.32,540,74923,77574,52820715,20789832,2025-05-13,2025-06-20,582.99,2651,-32030883,352756072,-402417469,5.89354334345803,22.0218120015805,-1.54069946308368
554.84,560,45025,39751,56011100,20511516,2025-05-13,2025-06-20,582.99,-5274,-35499584,352756072,-402417469,5.81464576462344,27.836457766204,-1.73071478480674
547.6,555,26469,26521,39253527,19625540,2025-05-13,2025-07-18,582.99,52,-19627987,254542747,-218588802,7.71011558227585,35.4364011794058,-1.00012468446728
560.1,580,9413,9679,29180300,19261210,2025-05-13,2025-09-19,582.99,266,-9919090,657391836,-411269570,2.92994359607472,63.2325744306931,-0.514977511797027
562.93,575,6793,15808,15420110,19080256,2025-05-13,2025-07-18,582.99,9015,3660146,254542747,-218588802,7.49589458936734,42.9322957687732,0.191828977556695
490.61,500,19580,19778,27549060,18571542,2025-05-13,2025-12-19,582.99,198,-8977518,447775884,-169870901,4.14750831020636,29.1989353763411,-0.483401862914776
512.78,520,24261,24963,29671203,18023286,2025-05-13,2025-09-19,582.99,702,-11647917,657391836,-411269570,2.74163520339185,65.974209634085,-0.646270441472216
517,525,24464,22124,32390336,17699200,2025-05-13,2025-09-19,582.99,-2340,-14691136,657391836,-411269570,2.69233644696494,68.6665460810499,-0.830045199783041
533.89,545,15619,15800,28364104,17553800,2025-05-13,2025-09-19,582.99,181,-10810304,657391836,-411269570,2.67021873998447,71.3367648210344,-0.615838393965979
541.87,545,55546,55818,45269990,17471034,2025-05-13,2025-06-20,582.99,272,-27798956,352756072,-402417469,4.95272381874124,32.7891815849452,-1.59114543535317
563.36,585,7695,7711,25878285,16686604,2025-05-13,2025-09-19,582.99,16,-9191681,657391836,-411269570,2.53830411121808,73.8750689322525,-0.55084192086059
566.07,600,4848,4873,22858320,16534089,2025-05-13,2025-12-19,582.99,25,-6324231,447775884,-169870901,3.69249206819722,32.8914274445383,-0.382496489525368
553.18,570,9486,9765,25280190,16424730,2025-05-13,2025-09-19,582.99,279,-8855460,657391836,-411269570,2.49846881274625,76.3735377449987,-0.539154068286054
566.46,575,16865,18786,31436360,16043244,2025-05-13,2025-06-20,582.99,1921,-15393116,352756072,-402417469,4.5479710410201,37.3371526259653,-0.959476524822536
566.3,590,6600,6763,23958000,16028310,2025-05-13,2025-09-19,582.99,163,-7929690,657391836,-411269570,2.43816687738726,78.811704622386,-0.494730261643305
535.72,555,8282,8282,22974268,15967696,2025-05-13,2025-12-19,582.99,0,-7006572,447775884,-169870901,3.56600178137329,36.4574292259116,-0.438796680497925
568.18,595,5772,5814,22689732,15593148,2025-05-13,2025-09-19,582.99,42,-7096584,657391836,-411269570,2.37197165314356,81.1836762755296,-0.455109128701914
562.81,570,19500,21331,31980000,15336989,2025-05-13,2025-06-20,582.99,1831,-16643011,352756072,-402417469,4.34776045470877,41.6849130806741,-1.08515504575246
556.46,570,10734,11307,25235634,15309678,2025-05-13,2025-08-15,582.99,573,-9925956,242551029,-150895211,6.31194106375034,15.2065497936931,-0.648345184007136
550.66,555,27418,35128,29666276,15245552,2025-05-13,2025-06-20,582.99,7710,-14420724,352756072,-402417469,4.32183971024601,46.0067527909201,-0.945897137735649
524.03,540,9599,9537,22125695,15230589,2025-05-13,2025-12-19,582.99,-62,-6895106,447775884,-169870901,3.40138661866837,39.85881584458,-0.452714336917633
573,585,12125,12461,29100000,14953200,2025-05-13,2025-06-20,582.99,336,-14146800,352756072,-402417469,4.2389631779322,50.2457159688523,-0.946071743840783
570.6,605,4245,4245,18835065,14602800,2025-05-13,2025-09-19,582.99,0,-4232265,657391836,-411269570,2.22132360037401,83.4049998759035,-0.289825581395349
481.6,490,17314,17354,21192336,14577360,2025-05-13,2025-12-19,582.99,40,-6614976,447775884,-169870901,3.25550359474027,43.1143194393202,-0.453784224303989
553.52,580,4741,5434,17631779,14389232,2025-05-13,2025-12-19,582.99,693,-3242547,447775884,-169870901,3.21348971978134,46.3278091591016,-0.225345383269934
526,530,33239,34226,28784974,13690400,2025-05-13,2025-07-18,582.99,987,-15094574,254542747,-218588802,5.37842863776433,48.3107244065375,-1.10256632384737
546.89,570,5634,5825,18569664,13461575,2025-05-13,2025-12-19,582.99,191,-5108089,447775884,-169870901,3.00631978652964,49.3341289456312,-0.379457010045258
516.06,530,8112,9572,16718832,13343368,2025-05-13,2025-12-19,582.99,1460,-3375464,447775884,-169870901,2.97992108927421,52.3140500349054,-0.252969415218107
548.83,560,14020,11800,27339000,13180600,2025-05-13,2025-08-15,582.99,-2220,-14158400,242551029,-150895211,5.43415546589992,20.640705259593,-1.07418478673202
523.37,525,81862,80404,36756038,13105852,2025-05-13,2025-06-20,582.99,-1458,-23650186,352756072,-402417469,3.71527325545228,53.9609892243046,-1.80455158504766
539.53,560,6110,6149,18030610,12587003,2025-05-13,2025-12-19,582.99,39,-5443607,447775884,-169870901,2.81100511433528,55.1250551492407,-0.43247840649597
530,540,13911,12017,23440035,12017000,2025-05-13,2025-09-19,582.99,-1894,-11423035,657391836,-411269570,1.82798132588918,85.2329812017927,-0.950572938337355
494.78,505,11523,11503,17330592,11756066,2025-05-13,2025-12-19,582.99,-20,-5574526,447775884,-169870901,2.62543527243642,57.7504904216771,-0.474182945213135
556.95,585,4073,4140,15949868,11612700,2025-05-13,2025-12-19,582.99,67,-4337168,447775884,-169870901,2.59341791618237,60.3439083378595,-0.373484891541158
518.59,520,88168,81750,33944680,11526750,2025-05-13,2025-06-20,582.99,-6418,-22417930,352756072,-402417469,3.26762624797568,57.2286154722802,-1.94486130088707
485.63,490,25688,25413,19034808,11105481,2025-05-13,2025-09-19,582.99,-275,-7929327,657391836,-411269570,1.68932444728444,86.9223056490772,-0.714001221558976
559.36,570,9321,10345,18828420,11007080,2025-05-13,2025-07-18,582.99,1024,-7821340,254542747,-218588802,4.32425599618441,52.6349804027219,-0.710573558109871
559.16,590,3466,3491,14629986,10766244,2025-05-13,2025-12-19,582.99,25,-3863742,447775884,-169870901,2.40438227798798,62.7482906158475,-0.358875574434315
572.29,620,2360,2234,14195400,10658414,2025-05-13,2025-12-19,582.99,-126,-3536986,447775884,-169870901,2.38030103470244,65.1285916505499,-0.331849185066371
528.09,530,53786,54939,27646004,10493349,2025-05-13,2025-06-20,582.99,1153,-17152655,352756072,-402417469,2.97467565632719,60.2032911286074,-1.63462160650523
555.6,565,10942,11056,19969150,10392640,2025-05-13,2025-07-18,582.99,114,-9576510,254542747,-218588802,4.08286628571664,56.7178466884386,-0.921470386735228
543.22,565,4673,4728,14621817,10297584,2025-05-13,2025-12-19,582.99,55,-4324233,447775884,-169870901,2.29971831176152,67.4283099623114,-0.419926945971016
559.86,575,1294,6753,3225942,10224042,2025-05-13,2025-08-15,582.99,5459,6998100,242551029,-150895211,4.21521279136688,24.8559180509599,0.684474887720532
562.17,595,3011,3055,13495302,10029565,2025-05-13,2025-12-19,582.99,44,-3465737,447775884,-169870901,2.23986269881386,69.6681726611253,-0.345552075289407
499.31,510,9151,9210,14184050,9845490,2025-05-13,2025-12-19,582.99,59,-4338560,447775884,-169870901,2.19875396415945,71.8669266252847,-0.440664710441024
498,500,49044,48812,21088920,9762400,2025-05-13,2025-07-18,582.99,-232,-11326520,254542747,-218588802,3.83526936636698,60.5531160548055,-1.16021879865607
540.95,550,7685,10649,12603400,9637345,2025-05-13,2025-08-15,582.99,2964,-2966055,242551029,-150895211,3.97332678394863,28.8292448349085,-0.3077668175208
532.74,535,46680,41840,28288080,9455840,2025-05-13,2025-06-20,582.99,-4840,-18832240,352756072,-402417469,2.68056052058545,62.8838516491929,-1.99159884262001
508.16,515,15576,13672,17491848,9351648,2025-05-13,2025-09-19,582.99,-1904,-8140200,657391836,-411269570,1.42253789716975,88.3448435462469,-0.870456201944299
527.81,545,5457,5417,13320537,9311823,2025-05-13,2025-12-19,582.99,-40,-4008714,447775884,-169870901,2.07957224422564,73.9464988695104,-0.430497229167693
499.17,500,116126,110332,24270334,9157556,2025-05-13,2025-06-20,582.99,-5794,-15112778,352756072,-402417469,2.59600237299388,65.4798540221868,-1.65030691595006
416.5,420,25590,25572,13050900,8950200,2025-05-13,2025-12-19,582.99,-18,-4100700,447775884,-169870901,1.99881242376153,75.9453112932719,-0.458168532546759
558.95,565,12828,14736,18241416,8915280,2025-05-13,2025-06-20,582.99,1908,-9326136,352756072,-402417469,2.52732148576595,68.0071755079527,-1.04608447519315
572.44,580,217,11716,421631,8857296,2025-05-13,2025-06-06,582.99,11499,8435665,26866294,-18539096,32.9680602765681,32.9680602765681,0.95239732306564
539.2,545,15134,14843,18312140,8608940,2025-05-13,2025-07-18,582.99,-291,-9703200,254542747,-218588802,3.38211954630945,63.935235601115,-1.12710740230505
516.8,520,26450,26550,18144700,8496000,2025-05-13,2025-07-18,582.99,100,-9648700,254542747,-218588802,3.33774978864356,67.2729853897585,-1.13567561205273
508.94,510,72467,79148,20508161,8389688,2025-05-13,2025-06-20,582.99,6681,-12118473,352756072,-402417469,2.37832560965811,70.3855011176108,-1.44444858974493
512.01,525,6434,6413,12224600,8330487,2025-05-13,2025-12-19,582.99,-21,-3894113,447775884,-169870901,1.86041439426872,77.8057256875406,-0.467453223322958
548.05,552,1098,19984,1092510,7893680,2025-05-13,2025-06-20,582.99,18886,6801170,352756072,-402417469,2.23771626530641,72.6232173829172,0.861596872434657
447.62,450,31490,32258,12281100,7677404,2025-05-13,2025-09-19,582.99,768,-4603696,657391836,-411269570,1.16785812959198,89.5127016758389,-0.599642274914802
521.52,525,20403,21657,15771519,7536636,2025-05-13,2025-07-18,582.99,1254,-8234883,254542747,-218588802,2.96085277967083,70.2338381694294,-1.09264703775
445.08,450,14091,15154,10342794,7455768,2025-05-13,2025-12-19,582.99,1063,-2887026,447775884,-169870901,1.6650668931514,79.470792580692,-0.387220471452438
566.41,580,4809,5471,12046545,7435089,2025-05-13,2025-07-18,582.99,662,-4611456,254542747,-218588802,2.92095889104238,73.1547970604717,-0.620228755836009
563.38,580,4217,4359,11626269,7244658,2025-05-13,2025-08-15,582.99,142,-4381611,242551029,-150895211,2.98685931363334,31.8161041485419,-0.604805775510728
530.57,535,16800,16233,16245600,7191219,2025-05-13,2025-07-18,582.99,-567,-9054381,254542747,-218588802,2.82515180053431,75.9799488610061,-1.25908847999206
550.21,575,2707,2899,9458258,7186621,2025-05-13,2025-12-19,582.99,192,-2271637,447775884,-169870901,1.60495936846836,81.0757519491604,-0.316092500216722
519.69,535,4742,4648,10242720,7116088,2025-05-13,2025-12-19,582.99,-94,-3126632,447775884,-169870901,1.58920751524886,82.6649594644092,-0.439375117339752
513.78,515,60711,57798,19973919,7051356,2025-05-13,2025-06-20,582.99,-2913,-12922563,352756072,-402417469,1.99893256550379,74.622149948421,-1.83263516974607
476.33,480,30395,18827,18966480,6909509,2025-05-13,2025-09-19,582.99,-11568,-12056971,657391836,-411269570,1.05104879945604,90.5637504752949,-1.74498231350448
397.19,400,24471,24355,9837342,6843755,2025-05-13,2025-12-19,582.99,-116,-2993587,447775884,-169870901,1.52838847390897,84.1933479383182,-0.437418785447462
532.52,540,8806,9046,12046608,6766408,2025-05-13,2025-08-15,582.99,240,-5280200,242551029,-150895211,2.78968431010037,34.6057884586423,-0.780354953470143
503.63,515,5856,5853,9902496,6654861,2025-05-13,2025-12-19,582.99,-3,-3247635,447775884,-169870901,1.48620353122903,85.6795514695472,-0.488009441519515
536.83,545,9160,7975,13694200,6515575,2025-05-13,2025-08-15,582.99,-1185,-7178625,242551029,-150895211,2.68626978284227,37.2920582414845,-1.101763850466
552.74,565,5285,5275,11357465,6467150,2025-05-13,2025-08-15,582.99,-10,-4890315,242551029,-150895211,2.66630491186249,39.958363153347,-0.756177759909698
496.62,500,15455,18999,9844835,6421662,2025-05-13,2025-08-15,582.99,3544,-3423173,242551029,-150895211,2.64755092009937,42.6059140734464,-0.533066517670971
512.14,515,21753,22377,13334589,6399822,2025-05-13,2025-07-18,582.99,624,-6934767,254542747,-218588802,2.5142425291733,78.4941913901794,-1.08358748102682
398.67,400,44544,45258,8908800,6019314,2025-05-13,2025-09-19,582.99,714,-2889486,657391836,-411269570,0.915635648386726,91.4793861236816,-0.480035764872874
449.59,455,10934,10940,8758134,5918540,2025-05-13,2025-12-19,582.99,6,-2839594,447775884,-169870901,1.32176390276525,87.0013153723125,-0.479779472640212
572.62,590,3335,3369,10141735,5855322,2025-05-13,2025-07-18,582.99,34,-4286413,254542747,-218588802,2.30032953954096,80.7945209297203,-0.73205418933408
557.98,573,3853,3860,9879092,5797720,2025-05-13,2025-08-15,582.99,7,-4081372,242551029,-150895211,2.39030938104163,44.996223454488,-0.703961557301836
567,585,3234,3202,9734340,5763600,2025-05-13,2025-08-15,582.99,-32,-3970740,242551029,-150895211,2.37624223808179,47.3724656925698,-0.688933999583594
570.01,585,3779,3826,10588758,5735174,2025-05-13,2025-07-18,582.99,47,-4853584,254542747,-218588802,2.25312803746869,83.047648967189,-0.846283652422751
499.26,505,10057,9916,9564207,5691784,2025-05-13,2025-09-19,582.99,-141,-3872423,657391836,-411269570,0.865813003494616,92.3451991271763,-0.680353119514022
575.93,590,1732,3994,4872116,5619558,2025-05-13,2025-06-20,582.99,2262,747442,352756072,-402417469,1.59304359189032,76.2151935403113,0.133007257866188
488.38,490,32572,33921,11204768,5495202,2025-05-13,2025-07-18,582.99,1349,-5709566,254542747,-218588802,2.15885232039238,85.2065012875814,-1.03900930302471
507.51,510,22055,21772,11975865,5421228,2025-05-13,2025-07-18,582.99,-283,-6554637,254542747,-218588802,2.12979079698547,87.3362920845668,-1.20906868333153
546.19,557,5003,4998,9230535,5402838,2025-05-13,2025-08-15,582.99,-5,-3827697,242551029,-150895211,2.22750570149096,49.5999713940608,-0.708460442456354
472.81,480,7549,7505,8077430,5396095,2025-05-13,2025-12-19,582.99,-44,-2681335,447775884,-169870901,1.20508834727687,88.2064037195893,-0.4969028528964
480.86,485,12848,12846,8800880,5318244,2025-05-13,2025-09-19,582.99,-2,-3482636,657391836,-411269570,0.808991488601328,93.1541906157776,-0.6548469758063
504.09,505,53931,54300,12943440,4941300,2025-05-13,2025-06-20,582.99,369,-8002140,352756072,-402417469,1.40076965138675,77.6159631916981,-1.61944022828001
560.62,563,20288,20338,18705536,4840444,2025-05-13,2025-05-30,582.99,50,-13865092,55374195,-108562605,8.74133520135146,8.74133520135146,-2.86442566012539
490.27,495,7761,9812,6247605,4641076,2025-05-13,2025-09-19,582.99,2051,-1606529,657391836,-411269570,0.705983212118868,93.8601738278965,-0.346154426258049
489.35,490,71962,71229,11298034,4629885,2025-05-13,2025-06-20,582.99,-733,-6668149,352756072,-402417469,1.31248910153416,78.9284522932323,-1.44024074032076
550.8,563,3546,3545,7294122,4324900,2025-05-13,2025-08-15,582.99,-1,-2969222,242551029,-150895211,1.78308870419181,51.3830600982526,-0.686541191703855
421.29,425,11422,11583,6065082,4297293,2025-05-13,2025-12-19,582.99,161,-1767789,447775884,-169870901,0.959697284635365,89.1661010042247,-0.411372694391562
535.39,538,19743,16247,13010637,4240467,2025-05-13,2025-06-20,582.99,-3496,-8770170,352756072,-402417469,1.20209610452857,80.1305483977608,-2.06820852514593
577.55,595,1902,2408,5987496,4201960,2025-05-13,2025-06-20,582.99,506,-1785536,352756072,-402417469,1.19118006280555,81.3217284605664,-0.424929318698893
523.85,530,6032,6670,6846320,4102050,2025-05-13,2025-08-15,582.99,638,-2744270,242551029,-150895211,1.69121113066892,53.0742712289215,-0.668999646518204
576.85,580,1626,12276,2692656,3866940,2025-05-13,2025-05-16,582.99,10650,1174284,36047877,-129974803,10.7272336731508,10.7272336731508,0.303672671414607
574.95,595,1922,1912,6769284,3833560,2025-05-13,2025-07-18,582.99,-10,-2935724,254542747,-218588802,1.50605744818178,88.8423495327486,-0.76579576164192
463.71,470,5909,5950,5542642,3742550,2025-05-13,2025-12-19,582.99,41,-1800092,447775884,-169870901,0.835808745787658,90.0019097500124,-0.480980080426448
566.3,570,2904,10072,3563208,3726640,2025-05-13,2025-05-30,582.99,7168,163432,55374195,-108562605,6.72992176229379,15.4712569636453,0.0438550544189941
575,580,130,7373,225290,3686500,2025-05-13,2025-05-23,582.99,7243,3461210,19392347,-21563163,19.0100765007969,19.0100765007969,0.938887833988878
471.6,475,11824,10826,6857920,3680840,2025-05-13,2025-09-19,582.99,-998,-3177080,657391836,-411269570,0.559915684745437,94.4200895126419,-0.863139935449517
557.27,572,2496,2474,5985408,3644202,2025-05-13,2025-08-15,582.99,-22,-2341206,242551029,-150895211,1.50244755300543,54.5767187819269,-0.642446823749068
557.87,560,15853,16992,12809224,3619296,2025-05-13,2025-05-30,582.99,1139,-9189928,55374195,-108562605,6.53606973428688,22.0073266979321,-2.53914794479368
454.4,460,6356,6426,5243700,3598560,2025-05-13,2025-12-19,582.99,70,-1645140,447775884,-169870901,0.803652034105526,90.8055617841179,-0.457166199813259
561.5,578,2074,2136,5664094,3524400,2025-05-13,2025-08-15,582.99,62,-2139694,242551029,-150895211,1.45305506001378,56.0297738419407,-0.607108727726705
553.57,566,986,2798,2130746,3477914,2025-05-13,2025-08-15,582.99,1812,1347168,242551029,-150895211,1.43388960844194,57.4636634503827,0.387349428421749
474.52,475,70820,70701,7506920,3393648,2025-05-13,2025-06-20,582.99,-119,-4113272,352756072,-402417469,0.962038153095207,82.2837666136616,-1.21205027745954
493.21,495,18268,18203,6996644,3258337,2025-05-13,2025-07-18,582.99,-65,-3738307,254542747,-218588802,1.28007458016472,90.1224241129133,-1.14730520507854
569.01,570,16009,32755,14792316,3242745,2025-05-13,2025-05-16,582.99,16746,-11549571,36047877,-129974803,8.9956615198171,19.722895192968,-3.56166488576808
477.18,485,3958,4075,4527952,3186650,2025-05-13,2025-12-19,582.99,117,-1341302,447775884,-169870901,0.711661818750382,91.5172236028683,-0.420912870883216
462.1,465,10968,10981,5275608,3184490,2025-05-13,2025-09-19,582.99,13,-2091118,657391836,-411269570,0.484412769616445,94.9045022822583,-0.65665710992969
466.83,470,9903,9889,5357523,3134813,2025-05-13,2025-09-19,582.99,-14,-2222710,657391836,-411269570,0.476856089219824,95.3813583714782,-0.709040698759384
571.84,595,1335,1348,4852725,3121968,2025-05-13,2025-08-15,582.99,13,-1730757,242551029,-150895211,1.2871386334131,58.7508020837957,-0.554380121769346
459.13,465,5071,5314,4452338,3119318,2025-05-13,2025-12-19,582.99,243,-1333020,447775884,-169870901,0.696624832077826,92.2138484349461,-0.427343412887048
569.65,590,1617,1530,5387844,3113550,2025-05-13,2025-08-15,582.99,-87,-2274294,242551029,-150895211,1.28366802352341,60.0344701073192,-0.73045045045045
540.16,549,3478,3485,5523064,3080740,2025-05-13,2025-08-15,582.99,7,-2442324,242551029,-150895211,1.27014097309808,61.3046110804172,-0.792771866499607
524.57,531,4744,4746,5526760,3051678,2025-05-13,2025-08-15,582.99,2,-2475082,242551029,-150895211,1.25815916451956,62.5627702449368,-0.811056081277251
439.72,440,99790,99685,5488450,2791180,2025-05-13,2025-06-20,582.99,-105,-2697270,352756072,-402417469,0.791249314058583,83.0750159277202,-0.96635473169054
554.61,568,1993,2057,4502187,2754323,2025-05-13,2025-08-15,582.99,64,-1747864,242551029,-150895211,1.13556434345203,63.6983345883888,-0.634589334656829
545.85,556,2701,2709,4929325,2749635,2025-05-13,2025-08-15,582.99,8,-2179690,242551029,-150895211,1.13363155429038,64.8319661426792,-0.792719760986458
468.25,475,4087,4019,4095174,2712825,2025-05-13,2025-12-19,582.99,-68,-1382349,447775884,-169870901,0.605844373700125,92.8196928086462,-0.509560697796577
478.67,480,21166,20219,5693654,2689127,2025-05-13,2025-07-18,582.99,-947,-3004527,254542747,-218588802,1.05645398727468,91.178878100188,-1.11728713444921
423.27,425,15551,15495,4245423,2680635,2025-05-13,2025-09-19,582.99,-56,-1564788,657391836,-411269570,0.407768221812843,95.789126593291,-0.583737808392415
468.01,470,13236,13194,4738488,2625606,2025-05-13,2025-08-15,582.99,-42,-2112882,242551029,-150895211,1.08249633523509,65.9144624779143,-0.804721652829861
442.7,445,11377,11217,4198113,2579910,2025-05-13,2025-09-19,582.99,-160,-1618203,657391836,-411269570,0.392446309600961,96.181572902892,-0.627232345314372
545.08,555,2503,2597,4487879,2576224,2025-05-13,2025-08-15,582.99,94,-1911655,242551029,-150895211,1.06213690810605,66.9765993860203,-0.742037571267095
504.29,505,35689,35779,6673843,2540309,2025-05-13,2025-06-13,582.99,90,-4133534,14614708,-10184166,17.3818662678721,17.3818662678721,-1.62717763862585
457.23,460,8019,8893,3712797,2463361,2025-05-13,2025-09-19,582.99,874,-1249436,657391836,-411269570,0.374717309388673,96.5562902122807,-0.507207835148807
469.65,470,70745,70321,5305875,2461235,2025-05-13,2025-06-13,582.99,-424,-2844640,14614708,-10184166,16.8408085881702,34.2226748560423,-1.15577748569316
570.15,575,2090,4950,3130820,2400750,2025-05-13,2025-05-30,582.99,2860,-730070,55374195,-108562605,4.33550320686378,26.3428299047959,-0.304100801832761
505.94,510,5509,5891,4208876,2391746,2025-05-13,2025-08-15,582.99,382,-1817130,242551029,-150895211,0.986079510716073,67.9626788967364,-0.75975040827914
514.98,520,6091,4723,5713358,2370946,2025-05-13,2025-08-15,582.99,-1368,-3342412,242551029,-150895211,0.977503995664352,68.9401828924008,-1.40973771650641
578.62,605,170,897,702100,2366286,2025-05-13,2025-07-18,582.99,727,1664186,254542747,-218588802,0.929622245335476,92.1085003455235,0.703290303877046
479.46,480,47494,43255,5746774,2335770,2025-05-13,2025-06-20,582.99,-4239,-3411004,352756072,-402417469,0.662148772310856,83.737164700031,-1.46033385136379
519.61,525,4313,4290,4481207,2312310,2025-05-13,2025-08-15,582.99,-23,-2168897,242551029,-150895211,0.953329288906047,69.8935121813068,-0.937978471744706
551.57,564,1830,1855,3866790,2305765,2025-05-13,2025-08-15,582.99,25,-1561025,242551029,-150895211,0.950630887655397,70.8441430689622,-0.677009582502987
528.01,535,3027,3288,3741372,2298312,2025-05-13,2025-08-15,582.99,261,-1443060,242551029,-150895211,0.94755813218999,71.7917012011522,-0.627878199304533
548.71,550,15901,17809,8332124,2297361,2025-05-13,2025-05-30,582.99,1908,-6034763,55374195,-108562605,4.14879349487609,30.491623399672,-2.62682399500993
573.58,580,1673,3573,3098396,2293866,2025-05-13,2025-05-30,582.99,1900,-804530,55374195,-108562605,4.1424818907074,34.6341052903794,-0.350731036599348
534.38,535,39126,36906,10251012,2288172,2025-05-13,2025-05-30,582.99,-2220,-7962840,55374195,-108562605,4.13219912271411,38.7663044130935,-3.48000062932332
537.3,546,2610,2615,3956760,2275050,2025-05-13,2025-08-15,582.99,5,-1681710,242551029,-150895211,0.937967573000896,72.7296687741531,-0.739196940726578
533.32,541,2936,2946,4060488,2262528,2025-05-13,2025-08-15,582.99,10,-1797960,242551029,-150895211,0.932804948026009,73.6624737221791,-0.794668618465716
570.91,576,4136,4385,6427344,2231965,2025-05-13,2025-05-30,582.99,249,-4195379,55374195,-108562605,4.03069516405611,42.7969995771496,-1.87967956486773
562.17,565,5716,7764,5675988,2197212,2025-05-13,2025-05-30,582.99,2048,-3478776,55374195,-108562605,3.96793488374865,46.7649344608983,-1.58326825085609
486.34,495,2568,2486,3387192,2152876,2025-05-13,2025-12-19,582.99,-82,-1234316,447775884,-169870901,0.480793199662356,93.3004860083086,-0.573333531517839
549.3,561,1792,1789,3655680,2093130,2025-05-13,2025-08-15,582.99,-3,-1562550,242551029,-150895211,0.862964799048533,74.5254385212276,-0.746513594473348
577.12,640,327,327,2426994,2056176,2025-05-13,2025-12-19,582.99,0,-370818,447775884,-169870901,0.459197574829644,93.7596835831382,-0.180343511450382
469.56,470,46903,46683,4549591,2054052,2025-05-13,2025-06-20,582.99,-220,-2495539,352756072,-402417469,0.582286787681432,84.3194514877125,-1.21493467546099
494.28,495,29153,28145,5276693,2026440,2025-05-13,2025-06-20,582.99,-1008,-3250253,352756072,-402417469,0.574459282447164,84.8939107701596,-1.60392264266398
581.38,590,1745,2312,4486395,1992944,2025-05-13,2025-05-16,582.99,567,-2493451,36047877,-129974803,5.52860297431663,25.2514981672846,-1.25113952022736
551.63,556,553,4550,613277,1988350,2025-05-13,2025-06-20,582.99,3997,1375073,352756072,-402417469,0.563661452721925,85.4575722228815,0.691564865340609
473.83,475,16746,16611,4102770,1943487,2025-05-13,2025-07-18,582.99,-135,-2159283,254542747,-218588802,0.763520871407898,92.8720212169314,-1.11103547386733
487.23,490,6870,6914,3579270,1915178,2025-05-13,2025-08-15,582.99,44,-1664092,242551029,-150895211,0.789597969506037,75.3150364907337,-0.868896781395776
579.6,600,785,917,2814225,1870680,2025-05-13,2025-06-20,582.99,132,-943545,352756072,-402417469,0.530304124715393,85.9878763475969,-0.504386105587273
573.2,575,2945,10299,3704810,1853820,2025-05-13,2025-05-16,582.99,7354,-1850990,36047877,-129974803,5.14266068983757,30.3941588571222,-0.998473422446624
387.47,390,7144,7215,2571840,1825395,2025-05-13,2025-12-19,582.99,71,-746445,447775884,-169870901,0.407658175713634,94.1673417588519,-0.408922452400713
408.45,410,11539,11727,2734743,1817685,2025-05-13,2025-09-19,582.99,188,-917058,657391836,-411269570,0.276499478767485,96.8327896910481,-0.504519760024427
477.66,480,6760,7749,2920320,1813266,2025-05-13,2025-08-15,582.99,989,-1107054,242551029,-150895211,0.747581244027623,76.0626177347613,-0.610530391018196
437.85,440,8337,8297,2751210,1783855,2025-05-13,2025-09-19,582.99,-40,-967355,657391836,-411269570,0.271353385045688,97.1041430760938,-0.542283425502633
563.12,615,342,342,1774296,1774296,2025-05-13,2025-06-20,582.99,0,0,352756072,-402417469,0.502980994753791,86.4908573423507,0
534.56,537,7096,7237,4605304,1765828,2025-05-13,2025-06-20,582.99,141,-2839476,352756072,-402417469,0.500580469101039,86.9914378114518,-1.60801391755029
435.6,440,4090,4012,2609420,1765280,2025-05-13,2025-12-19,582.99,-78,-844140,447775884,-169870901,0.3942329328303,94.5615746916821,-0.478190428713858
560.01,576,1078,1087,2866402,1738113,2025-05-13,2025-08-15,582.99,9,-1128289,242551029,-150895211,0.716596836206372,76.7792145709677,-0.649145941604487
554.24,557,6329,6283,5474585,1734108,2025-05-13,2025-06-06,582.99,-46,-3740477,26866294,-18539096,6.45458580926718,39.4226460858353,-2.15700348536539
579.51,610,547,551,2543550,1679999,2025-05-13,2025-07-18,582.99,4,-863551,254542747,-218588802,0.660006627491924,93.5320278444233,-0.514018758344499
572,610,432,433,2052000,1645400,2025-05-13,2025-09-19,582.99,1,-406600,657391836,-411269570,0.250292125623538,97.3544352017174,-0.247113163972286
527.2,534,2282,2391,2834244,1625880,2025-05-13,2025-08-15,582.99,109,-1208364,242551029,-150895211,0.670324923667918,77.4495394946356,-0.743206140674589
484.4,485,27170,27048,3776630,1622880,2025-05-13,2025-06-20,582.99,-122,-2153750,352756072,-402417469,0.460057282869393,87.4514950943212,-1.32711599132407
343.21,345,8962,8982,2052298,1607778,2025-05-13,2025-12-19,582.99,20,-444520,447775884,-169870901,0.359058640147758,94.9206333318299,-0.276480956948036
564.46,565,20526,29539,13321374,1595106,2025-05-13,2025-05-16,582.99,9013,-11726268,36047877,-129974803,4.42496516507755,34.8191240221997,-7.35140360577918
454.64,455,43482,43706,3217668,1573416,2025-05-13,2025-06-20,582.99,224,-1644252,352756072,-402417469,0.446035128773063,87.8975302230942,-1.0450205158712
555.88,561,2045,3072,2627825,1572864,2025-05-13,2025-06-20,582.99,1027,-1054961,352756072,-402417469,0.44587864670406,88.3434088697983,-0.670726140340169
358,360,7738,7699,2073784,1539800,2025-05-13,2025-12-19,582.99,-39,-533984,447775884,-169870901,0.343877384874975,95.2645107167049,-0.346787894531757
517.58,523,2831,2832,2915930,1534944,2025-05-13,2025-08-15,582.99,1,-1380986,242551029,-150895211,0.632833431516796,78.0823729261524,-0.899697969437322
468.9,470,14426,13858,3173720,1524380,2025-05-13,2025-07-18,582.99,-568,-1649340,254542747,-218588802,0.59886994147981,94.1308977859031,-1.08197431086737
571.53,575,81,4386,111537,1521942,2025-05-13,2025-05-23,582.99,4305,1410405,19392347,-21563163,7.84815783257179,26.8582343333687,0.926714027209973
501.21,505,4016,3996,2779072,1514484,2025-05-13,2025-08-15,582.99,-20,-1264588,242551029,-150895211,0.624398093153421,78.7067710193058,-0.834995945813888
544.03,545,16366,15395,6791890,1493315,2025-05-13,2025-05-30,582.99,-971,-5298575,55374195,-108562605,2.69677058059264,49.4617050414909,-3.54819646223335
554.84,569,1036,1052,2381764,1489632,2025-05-13,2025-08-15,582.99,16,-892132,242551029,-150895211,0.614152001804123,79.3209230211099,-0.598894223539774
577.15,600,654,646,2452500,1476110,2025-05-13,2025-07-18,582.99,-8,-976390,254542747,-218588802,0.579906525484303,94.7108043113874,-0.661461544193861
541.4,551,1532,1526,2533928,1464960,2025-05-13,2025-08-15,582.99,-6,-1068968,242551029,-150895211,0.603980121642774,79.9249031427527,-0.729690913062473
510.59,515,3396,3268,2900184,1441188,2025-05-13,2025-08-15,582.99,-128,-1458996,242551029,-150895211,0.594179297421162,80.5190824401739,-1.01235647257679
502.76,505,6384,6410,3115392,1435840,2025-05-13,2025-07-18,582.99,26,-1679552,254542747,-218588802,0.564086000061907,95.2748903114493,-1.16973478939158
581.47,610,463,474,1893670,1352322,2025-05-13,2025-06-20,582.99,11,-541348,352756072,-402417469,0.383358957461121,88.7267678272594,-0.400309985343727
570.55,581,165,1294,316965,1352230,2025-05-13,2025-06-20,582.99,1129,1035265,352756072,-402417469,0.383332877116287,89.1101007043757,0.765598307980151
550.06,562,1121,1120,2292445,1337280,2025-05-13,2025-08-15,582.99,-1,-955165,242551029,-150895211,0.551339652325285,81.0704220924992,-0.714259541756401
553.38,555,9451,8200,6190405,1328400,2025-05-13,2025-05-30,582.99,-1251,-4862005,55374195,-108562605,2.39895135270138,51.8606563941923,-3.66004591990364
452.41,455,4995,5127,2177820,1327893,2025-05-13,2025-09-19,582.99,132,-849927,657391836,-411269570,0.201994142196801,97.5564293439142,-0.640056841929282
543.02,553,1316,1317,2274048,1314366,2025-05-13,2025-08-15,582.99,1,-959682,242551029,-150895211,0.541892568099557,81.6123146605987,-0.73014822355417
449.2,450,16701,16341,2488449,1307280,2025-05-13,2025-07-18,582.99,-360,-1181169,254542747,-218588802,0.513579748552018,95.7884700600014,-0.903531760602166
560.47,635,175,175,1304275,1304275,2025-05-13,2025-09-19,582.99,0,0,657391836,-411269570,0.198401459917126,97.7548308038313,0
439.32,440,19111,19140,2407986,1301520,2025-05-13,2025-07-18,582.99,29,-1106466,254542747,-218588802,0.511316867339379,96.2997869273407,-0.850133689839572
459.06,460,13737,13797,2445186,1296918,2025-05-13,2025-07-18,582.99,60,-1148268,254542747,-218588802,0.509508919537197,96.8092958468779,-0.885382113595463
530.65,538,2071,1746,2715081,1283310,2025-05-13,2025-08-15,582.99,-325,-1431771,242551029,-150895211,0.529088664472332,82.141403325071,-1.11568599948571
554.81,555,67419,66496,19821186,1263424,2025-05-13,2025-05-16,582.99,-923,-18557762,36047877,-129974803,3.50484995274479,38.3239739749445,-14.6884672129071
526.6,533,1228,1969,1473600,1260160,2025-05-13,2025-08-15,582.99,741,-213440,242551029,-150895211,0.519544281133518,82.6609476062045,-0.16937531742001
530.97,533,6096,6175,3474720,1253525,2025-05-13,2025-06-20,582.99,79,-2221195,352756072,-402417469,0.355351785411648,89.4654524897874,-1.77195907540735
529.47,530,23416,23526,4893944,1246878,2025-05-13,2025-05-30,582.99,110,-3647066,55374195,-108562605,2.25173115383438,54.1123875480267,-2.92495817553923
348.27,350,7211,7199,1716218,1245427,2025-05-13,2025-12-19,582.99,-12,-470791,447775884,-169870901,0.27813623835088,95.5426469550558,-0.378015732756717
554.31,556,5784,7242,3915768,1223898,2025-05-13,2025-05-30,582.99,1458,-2691870,55374195,-108562605,2.21023167921448,56.3226192272411,-2.19942348136855
553.88,567,890,911,1972240,1195232,2025-05-13,2025-08-15,582.99,21,-777008,242551029,-150895211,0.492775481072068,83.1537230872766,-0.65008968970041
559.68,560,36342,37295,16208532,1193440,2025-05-13,2025-05-16,582.99,953,-15015092,36047877,-129974803,3.31070814517038,41.6346821201149,-12.5813547392412
568.82,578,165,1273,341715,1168614,2025-05-13,2025-06-20,582.99,1108,826899,352756072,-402417469,0.331281044540036,89.7967335343274,0.707589503463077
524.57,525,27078,27115,4549104,1165945,2025-05-13,2025-05-30,582.99,37,-3383159,55374195,-108562605,2.10557462731512,58.4281938545563,-2.90164544639756
440.32,445,2476,2473,1671300,1157364,2025-05-13,2025-12-19,582.99,-3,-513936,447775884,-169870901,0.25846948023668,95.8011164352924,-0.444057357927152
577.25,625,174,228,1131000,1088700,2025-05-13,2025-09-19,582.99,54,-42300,657391836,-411269570,0.16560899305114,97.9204397968824,-0.0388536786993662
538.41,541,4119,4175,2978037,1081325,2025-05-13,2025-06-20,582.99,56,-1896712,352756072,-402417469,0.306536183450869,90.1032697177782,-1.75406283957182
459.62,460,28375,28425,2270000,1080150,2025-05-13,2025-06-20,582.99,50,-1189850,352756072,-402417469,0.306203092090219,90.4094728098685,-1.10155996852289
430.45,435,2285,2360,1332155,1073800,2025-05-13,2025-12-19,582.99,75,-258355,447775884,-169870901,0.239807465825918,96.0409239011184,-0.240598807971689
372.76,375,4779,4786,1476711,1072064,2025-05-13,2025-12-19,582.99,7,-404647,447775884,-169870901,0.239419771878559,96.2803436729969,-0.377446682287624
556.53,562,1866,1946,2423934,1064462,2025-05-13,2025-06-20,582.99,80,-1359472,352756072,-402417469,0.301755826332027,90.7112286362005,-1.27714469844861
449.68,450,32511,33031,2145726,1056992,2025-05-13,2025-06-20,582.99,520,-1088734,352756072,-402417469,0.299638215724321,91.0108668519248,-1.03003050164997
482.42,485,4208,4089,1990384,1054962,2025-05-13,2025-08-15,582.99,-119,-935422,242551029,-150895211,0.434944351442022,83.5886674387186,-0.886687861742887
579.59,585,815,1950,1714760,1054950,2025-05-13,2025-05-16,582.99,1135,-659810,36047877,-129974803,2.92652463278212,44.561206752897,-0.625441964074127
531.83,539,1451,1456,1954497,1043952,2025-05-13,2025-08-15,582.99,5,-910545,242551029,-150895211,0.430405100445894,84.0190725391645,-0.872209641822612
574.64,587,3,843,8994,1041948,2025-05-13,2025-06-20,582.99,840,1032954,352756072,-402417469,0.295373512379966,91.3062403643048,0.9913680913059
459.8,460,51205,51064,2355430,1021280,2025-05-13,2025-06-06,582.99,-141,-1334150,26866294,-18539096,3.80134305088748,43.2239891367228,-1.30635085383049
479.85,480,68164,67919,2862888,1018785,2025-05-13,2025-05-30,582.99,-245,-1844103,55374195,-108562605,1.83981907095895,60.2680129255152,-1.81010026649391
553.24,558,1808,2133,2149712,1015308,2025-05-13,2025-06-20,582.99,325,-1134404,352756072,-402417469,0.287821551658507,91.5940619159633,-1.11730036599731
418.3,420,5918,5924,1515008,1007080,2025-05-13,2025-09-19,582.99,6,-507928,657391836,-411269570,0.153193262351375,98.0736330592338,-0.504357151368313
578.02,582,32,2524,58592,1004552,2025-05-13,2025-05-16,582.99,2492,945960,36047877,-129974803,2.7867161220063,47.3479228749033,0.941673502217904
576.45,605,349,349,1538741,996395,2025-05-13,2025-08-15,582.99,0,-542346,242551029,-150895211,0.410798092305764,84.4298706314703,-0.54430823117338
399.21,400,12672,12603,1634688,995637,2025-05-13,2025-08-15,582.99,-69,-639051,242551029,-150895211,0.410485580747629,84.8403562122179,-0.641851397647938
578.86,640,163,162,1302207,990468,2025-05-13,2025-09-19,582.99,-1,-311739,657391836,-411269570,0.150666306723042,98.2242993659568,-0.314739093034808
454.1,455,10873,10876,1794045,978840,2025-05-13,2025-07-18,582.99,3,-815205,254542747,-218588802,0.384548376072959,97.1938442229509,-0.832827632708104
494.63,495,26951,26445,2614247,978465,2025-05-13,2025-06-06,582.99,-506,-1635782,26866294,-18539096,3.64197979818132,46.8659689349041,-1.6717838655445
539.22,540,13070,12517,4365380,976326,2025-05-13,2025-05-30,582.99,-553,-3389054,55374195,-108562605,1.76314256125981,62.031155486775,-3.47123194506753
556.84,560,2935,3076,2823470,972016,2025-05-13,2025-06-06,582.99,141,-1851454,26866294,-18539096,3.61797574313748,50.4839446780416,-1.90475671182367
432.99,435,4782,4792,1487202,963192,2025-05-13,2025-09-19,582.99,10,-524010,657391836,-411269570,0.146517183094437,98.3708165490513,-0.544034834176364
567.54,570,996,3913,1104564,962598,2025-05-13,2025-05-23,582.99,2917,-141966,19392347,-21563163,4.96380350454744,31.8220378379162,-0.147482126495172
549.87,550,78859,73954,14904351,961402,2025-05-13,2025-05-16,582.99,-4905,-13942949,36047877,-129974803,2.66701420447035,50.0149370793736,-14.5027251867585
520.45,526,1718,1723,1860594,956265,2025-05-13,2025-08-15,582.99,5,-904329,242551029,-150895211,0.394253120237226,85.2346093324552,-0.945688695079293
428.11,430,5050,5050,1454400,954450,2025-05-13,2025-09-19,582.99,0,-499950,657391836,-411269570,0.145187382582585,98.5160039316339,-0.523809523809524
575.48,578,303,3787,448440,954324,2025-05-13,2025-05-16,582.99,3484,505884,36047877,-129974803,2.64737920627059,52.6623162856442,0.530096696719353
404.81,405,49028,50076,1666952,951444,2025-05-13,2025-06-20,582.99,1048,-715508,352756072,-402417469,0.269717256631659,91.8637791725949,-0.752023240463968
529.09,531,4817,4941,2639716,943731,2025-05-13,2025-06-20,582.99,124,-1695985,352756072,-402417469,0.26753075989575,92.1313099324907,-1.79710637883041
529.89,532,4272,4434,2370960,935574,2025-05-13,2025-06-20,582.99,162,-1435386,352756072,-402417469,0.265218397147817,92.3965283296385,-1.53423032277511
571.8,583,28,834,72800,934080,2025-05-13,2025-06-20,582.99,806,861280,352756072,-402417469,0.264794875026276,92.6613232046648,0.922062350119904
483.51,485,6276,6245,1907904,930505,2025-05-13,2025-07-18,582.99,-31,-977399,254542747,-218588802,0.365559424091546,97.5594036470424,-1.05039629018651
426.01,430,2306,2324,1307502,927276,2025-05-13,2025-12-19,582.99,18,-380226,447775884,-169870901,0.207084846043205,96.4874285190401,-0.410046199836942
580.75,630,170,188,1178100,925900,2025-05-13,2025-09-19,582.99,18,-252200,657391836,-411269570,0.140844462814412,98.6568483944483,-0.272383626741549
472.89,475,4294,4318,1657484,911098,2025-05-13,2025-08-15,582.99,24,-746386,242551029,-150895211,0.375631471759289,85.6102408042145,-0.819215935058578
512.33,517,1942,1943,1699250,907381,2025-05-13,2025-08-15,582.99,1,-791869,242551029,-150895211,0.374099010728171,85.9843398149426,-0.872697356457761
542.21,552,863,914,1483497,894806,2025-05-13,2025-08-15,582.99,51,-588691,242551029,-150895211,0.368914534681277,86.3532543496239,-0.65789791306719
413.41,415,5569,5593,1353267,889287,2025-05-13,2025-09-19,582.99,24,-463980,657391836,-411269570,0.135275029487893,98.7921234239362,-0.521743823984833
549.9,554,752,2165,797872,887650,2025-05-13,2025-06-20,582.99,1413,89778.0000000001,352756072,-402417469,0.251632805345446,92.9129560100102,0.1011412155692
388.72,390,6931,6933,1275304,887424,2025-05-13,2025-09-19,582.99,2,-387880,657391836,-411269570,0.134991636859938,98.9271150607961,-0.43708531660176
561.8,579,417,511,1168434,878920,2025-05-13,2025-08-15,582.99,94,-289514,242551029,-150895211,0.362364985060525,86.7156193346844,-0.329397442315569
547.75,559,744,771,1435176,867375,2025-05-13,2025-08-15,582.99,27,-567801,242551029,-150895211,0.357605161922442,87.0732244966069,-0.654619974059663
576.13,579,23,3006,33511,862722,2025-05-13,2025-05-16,582.99,2983,829211,36047877,-129974803,2.39326715412395,55.0555834397682,0.96115666460343
536.71,540,40,2613,32760,859677,2025-05-13,2025-06-27,582.99,2573,826917,3060691,1853040,28.0876769330847,28.0876769330847,0.961892664337885
563.62,571,515,1149,827605,847962,2025-05-13,2025-06-20,582.99,634,20357,352756072,-402417469,0.240381971369723,93.15333798138,0.0240069720105382
577.45,581,226,2386,388268,847030,2025-05-13,2025-05-16,582.99,2160,458762,36047877,-129974803,2.34973615783254,57.4053195976007,0.541612457646128
578.85,620,203,204,1149995,839460,2025-05-13,2025-09-19,582.99,1,-310535,657391836,-411269570,0.127695531649407,99.0548105924455,-0.369922331022324
463.19,465,1701,4594,557928,831514,2025-05-13,2025-08-15,582.99,2893,273586,242551029,-150895211,0.342820231861395,87.4160447284683,0.329021519781988
448.57,450,5039,5729,1259750,819247,2025-05-13,2025-08-15,582.99,690,-440503,242551029,-150895211,0.337762739402767,87.753807467871,-0.537692539612596
574.32,579,5,1732,8300,810576,2025-05-13,2025-05-23,582.99,1727,802276,19392347,-21563163,4.17987570045029,36.0019135383665,0.989760367935888
538.66,540,5328,6021,2504160,806814,2025-05-13,2025-06-06,582.99,693,-1697346,26866294,-18539096,3.0030714321819,53.4870161102235,-2.10376369274703
561.05,562.5,5343,5559,4023279,806055,2025-05-13,2025-05-23,582.99,216,-3217224,19392347,-21563163,4.15656237999454,40.158475918361,-3.99132069151609
568.83,573,331,1905,439568,794385,2025-05-13,2025-05-30,582.99,1574,354817,55374195,-108562605,1.43457615952701,63.465731646302,0.446656218332421
509.7,510,26656,26271,2452352,788130,2025-05-13,2025-05-30,582.99,-385,-1664222,55374195,-108562605,1.42328028425515,64.8890119305572,-2.11160849098499
571.24,582,17,731,34238,786556,2025-05-13,2025-06-20,582.99,714,752318,352756072,-402417469,0.222974475121154,93.3763124565011,0.956470995072188
582,620,220,202,1236620,767600,2025-05-13,2025-07-18,582.99,-18,-469020,254542747,-218588802,0.301560350489971,97.8609639975324,-0.611021365294424
399.59,400,18508,18698,1425116,766618,2025-05-13,2025-07-18,582.99,190,-658498,254542747,-218588802,0.301174560672122,98.1621385582045,-0.858964960384442
572.25,615,188,179,1054680,765225,2025-05-13,2025-12-19,582.99,-9,-289455,447775884,-169870901,0.170894643356899,96.658323162397,-0.378261295697344
382.6,385,1931,3164,652678,759360,2025-05-13,2025-12-19,582.99,1233,106682,447775884,-169870901,0.169584836328524,96.8279079987255,0.140489359460598
533.99,542,944,947,1352752,758547,2025-05-13,2025-08-15,582.99,3,-594205,242551029,-150895211,0.31273707768933,88.0665445455604,-0.783346318685593
557.22,574,446,447,1105188,750066,2025-05-13,2025-08-15,582.99,1,-355122,242551029,-150895211,0.309240493883866,88.3757850394442,-0.47345433601843
411.58,415,2189,2188,1122957,748296,2025-05-13,2025-12-19,582.99,-1,-374661,447775884,-169870901,0.167113957392131,96.9950219561177,-0.500685557586837
576.91,583,0,1227,0,747243,2025-05-13,2025-05-23,582.99,1227,747243,19392347,-21563163,3.85328810380714,44.0117640221681,1
516.65,522,1379,1372,1369347,734020,2025-05-13,2025-08-15,582.99,-7,-635327,242551029,-150895211,0.302624978762716,88.6784100182069,-0.865544535571238
499.77,500,35944,31896,2408248,733608,2025-05-13,2025-05-30,582.99,-4048,-1674640,55374195,-108562605,1.32481925922354,66.2138311897807,-2.28274500823328
554.18,555,8206,8911,4012734,730702,2025-05-13,2025-05-23,582.99,705,-3282032,19392347,-21563163,3.76799156904525,47.7797555912134,-4.4916149127825
576.42,591,0,500,0,729000,2025-05-13,2025-06-20,582.99,500,729000,352756072,-402417469,0.20665838460748,93.5829708411086,1
525.65,532,1071,1142,1263780,725170,2025-05-13,2025-08-15,582.99,71,-538610,242551029,-150895211,0.29897626202196,88.9773862802289,-0.742736185997766
583,620,161,195,898541,721500,2025-05-13,2025-06-20,582.99,34,-177041,352756072,-402417469,0.204532269539502,93.7875031106481,-0.245379071379071
562.12,569,1043,1037,1667757,713456,2025-05-13,2025-06-20,582.99,-6,-954301,352756072,-402417469,0.202251940258593,93.9897550509067,-1.33757512726783
560.81,567,1005,1149,1508505,711231,2025-05-13,2025-06-20,582.99,144,-797274,352756072,-402417469,0.201621192788426,94.1913762436951,-1.12097757268735
444.91,445,78954,78962,1815942,710658,2025-05-13,2025-05-30,582.99,8,-1105284,55374195,-108562605,1.28337396146346,67.4972051512442,-1.55529664057817
538.96,548,786,786,1253670,710544,2025-05-13,2025-08-15,582.99,0,-543126,242551029,-150895211,0.292946190716841,89.2703324709457,-0.764380530973451
546.89,548,3480,6401,1705200,710511,2025-05-13,2025-05-30,582.99,2921,-994689,55374195,-108562605,1.28310849485035,68.7803136460946,-1.39996284364352
298.91,300,6455,6475,987615,705775,2025-05-13,2025-12-19,582.99,20,-281840,447775884,-169870901,0.157617912267915,97.1526398683856,-0.399334065389111
434.8,435,35316,35241,1447956,704820,2025-05-13,2025-06-13,582.99,-75,-743136,14614708,-10184166,4.82267589609043,39.0453507521327,-1.05436281603814
548,550,2430,3496,1625670,699200,2025-05-13,2025-06-06,582.99,1066,-926470,26866294,-18539096,2.6025174890143,56.0895335992378,-1.32504290617849
575.69,581,4,1301,7416,690831,2025-05-13,2025-05-23,582.99,1297,683415,19392347,-21563163,3.56238984378735,51.3421454350007,0.989265102463555
575.7,589,8,515,19600,684950,2025-05-13,2025-06-20,582.99,507,665350,352756072,-402417469,0.194171002108222,94.3855472458033,0.97138477261114
557,559,3732,3391,2899764,678200,2025-05-13,2025-05-30,582.99,-341,-2221564,55374195,-108562605,1.22475821093201,70.0050718570265,-3.27567679150693
529.06,530,7364,7189,2334388,675766,2025-05-13,2025-06-06,582.99,-175,-1658622,26866294,-18539096,2.51529295406356,58.6048265533013,-2.45443245146989
567.28,576,203,773,383873,674056,2025-05-13,2025-06-20,582.99,570,290183,352756072,-402417469,0.191082749101481,94.5766299949048,0.430502806888448
377.66,380,2891,2876,942466,672984,2025-05-13,2025-12-19,582.99,-15,-269482,447775884,-169870901,0.150294829187362,97.302934697573,-0.400428539162893
556.03,571,443,447,1045037,669159,2025-05-13,2025-08-15,582.99,4,-375878,242551029,-150895211,0.275883801754558,89.5462162727003,-0.561717020917301
578.26,645,99,100,942876,667400,2025-05-13,2025-12-19,582.99,1,-275476,447775884,-169870901,0.149047776766826,97.4519824743398,-0.412759964039557
558.83,560,4221,5700,2739429,666900,2025-05-13,2025-05-23,582.99,1479,-2072529,19392347,-21563163,3.43898549257602,54.7811309275767,-3.10770580296896
561.6,562,3493,16404,1816360,656160,2025-05-13,2025-05-16,582.99,12911,-1160200,36047877,-129974803,1.82024589131837,59.2255654889191,-1.76816630090222
569.53,579,171,687,338067,650589,2025-05-13,2025-06-20,582.99,516,312522,352756072,-402417469,0.184430276794782,94.7610602716996,0.480367789802779
511.3,516,1339,1383,1148862,650010,2025-05-13,2025-08-15,582.99,44,-498852,242551029,-150895211,0.267988968210067,89.8142052409104,-0.767452808418332
514.68,515,21721,20194,2367589,646208,2025-05-13,2025-05-30,582.99,-1527,-1721381,55374195,-108562605,1.16698400762305,71.1720558646496,-2.66381877042686
551.52,553,3740,4350,2262700,643800,2025-05-13,2025-05-30,582.99,610,-1618900,55374195,-108562605,1.16263541167506,72.3346912763247,-2.51460080770426
561.66,568,1146,1010,1785468,640340,2025-05-13,2025-06-20,582.99,-136,-1145128,352756072,-402417469,0.181524869683887,94.9425851413835,-1.78831245900615
571.35,580,65,737,128765,637505,2025-05-13,2025-06-13,582.99,672,508740,14614708,-10184166,4.36207825705447,43.4074290091872,0.798017270452781
354.09,355,6933,6938,908223,631358,2025-05-13,2025-09-19,582.99,5,-276865,657391836,-411269570,0.0960398297371007,99.1508504221826,-0.438522993293821
399.83,400,23436,36646,703080,622982,2025-05-13,2025-06-20,582.99,13210,-80097.9999999999,352756072,-402417469,0.176604188970559,95.119189330354,-0.128571933057456
558.84,561,2924,2872,2491248,620352,2025-05-13,2025-05-30,582.99,-52,-1870896,55374195,-108562605,1.12029077804201,73.4549820543667,-3.01586196224079
519.62,520,16358,16222,2208330,616436,2025-05-13,2025-05-30,582.99,-136,-1591894,55374195,-108562605,1.11321889194055,74.5682009463072,-2.58241569278887
406.9,410,2001,1951,894447,604810,2025-05-13,2025-12-19,582.99,-50,-289637,447775884,-169870901,0.135069802017297,97.5870522763571,-0.478889237942494
513.31,518,1282,1282,1142262,601258,2025-05-13,2025-08-15,582.99,0,-541004,242551029,-150895211,0.24788928023884,90.0620945211492,-0.899786780383795
521.08,527,1012,1014,1098020,600288,2025-05-13,2025-08-15,582.99,2,-497732,242551029,-150895211,0.247489364392678,90.3095838855419,-0.829155338770723
548.89,553,1225,1445,1249500,593895,2025-05-13,2025-06-20,582.99,220,-655605,352756072,-402417469,0.168358547772921,95.287547878127,-1.10390725633319
249.34,250,8990,8985,818090,593010,2025-05-13,2025-12-19,582.99,-5,-225080,447775884,-169870901,0.132434555140089,97.7194868314972,-0.379555150840627
328.4,330,3681,3683,739881,589280,2025-05-13,2025-12-19,582.99,2,-150601,447775884,-169870901,0.131601549135683,97.8510883806329,-0.255567811566658
564.34,572,182,765,303030,585990,2025-05-13,2025-06-20,582.99,583,282960,352756072,-402417469,0.166117622491272,95.4536655006182,0.482875134387959
492,495,1770,1946,1007130,583800,2025-05-13,2025-08-15,582.99,176,-423330,242551029,-150895211,0.240691619576679,90.5502755051186,-0.725128468653649
535.72,544,707,704,1030806,582912,2025-05-13,2025-08-15,582.99,-3,-447894,242551029,-150895211,0.240325511049471,90.790601016168,-0.768373270750988
458.32,460,2733,3463,819900,581784,2025-05-13,2025-08-15,582.99,730,-238116,242551029,-150895211,0.239860454271666,91.0304614704397,-0.409285920547832
353.2,355,3229,3230,816937,581400,2025-05-13,2025-12-19,582.99,1,-235537,447775884,-169870901,0.129841740204124,97.980930120837,-0.405120399036808
564,570,304,966,453872,579600,2025-05-13,2025-06-13,582.99,662,125728,14614708,-10184166,3.9658678093329,47.3732968185201,0.216922015182885
567.83,577,205,624,406720,572208,2025-05-13,2025-06-20,582.99,419,165488,352756072,-402417469,0.162210673442355,95.6158761740606,0.289209518217152
567.07,571,1720,1444,2215360,567492,2025-05-13,2025-05-30,582.99,-276,-1647868,55374195,-108562605,1.02483115104427,75.5930320973515,-2.90377309283655
551.58,555,1090,1649,1018060,563958,2025-05-13,2025-06-13,582.99,559,-454102,14614708,-10184166,3.85883864391954,51.2321354624396,-0.805205352171616
539.92,540,75285,70232,5420520,561856,2025-05-13,2025-05-16,582.99,-5053,-4858664,36047877,-129974803,1.55863825212231,60.7842037410414,-8.64752534457228
559.7,566,864,891,1258848,561330,2025-05-13,2025-06-20,582.99,27,-697518,352756072,-402417469,0.15912695614776,95.7750031302083,-1.24261664261664
574.76,577,44,2487,59400,557088,2025-05-13,2025-05-16,582.99,2443,497688,36047877,-129974803,1.54541139829122,62.3296151393326,0.893374116836119
543.82,554,542,544,967470,553792,2025-05-13,2025-08-15,582.99,2,-413678,242551029,-150895211,0.228319789977061,91.2587812604168,-0.746991650294696
579.21,584,6,1143,12642,547497,2025-05-13,2025-05-16,582.99,1137,534855,36047877,-129974803,1.51880511576313,63.8484202550958,0.976909462517603
362.82,365,2504,2511,683592,547398,2025-05-13,2025-12-19,582.99,7,-136194,447775884,-169870901,0.122248209329648,98.1031783301666,-0.248802516633236
552.46,555,2297,2136,1837600,542544,2025-05-13,2025-06-06,582.99,-161,-1295056,26866294,-18539096,2.01942255228801,60.6242491055893,-2.38700639948096
545.48,549,1367,1538,1243970,541376,2025-05-13,2025-06-20,582.99,171,-702594,352756072,-402417469,0.153470356138902,95.9284734863473,-1.29779303109115
557.54,563,1104,991,1500336,541086,2025-05-13,2025-06-20,582.99,-113,-959250,352756072,-402417469,0.153388146356273,96.0818616327035,-1.77282354376199
553.99,559,1248,1068,1523808,535068,2025-05-13,2025-06-20,582.99,-180,-988740,352756072,-402417469,0.151682151625727,96.2335437843292,-1.84787727914957
559.62,562,2687,2244,2356499,534072,2025-05-13,2025-05-30,582.99,-443,-1822427,55374195,-108562605,0.964478129208018,76.5575102265595,-3.41232455549065
538.14,547,599,601,917069,532486,2025-05-13,2025-08-15,582.99,2,-384583,242551029,-150895211,0.219535659030331,91.4783169194471,-0.722240584728988
464.57,465,12471,12267,1097448,527481,2025-05-13,2025-06-20,582.99,-204,-569967,352756072,-402417469,0.149531373622961,96.3830751579522,-1.08054508124463
573.15,579,138,901,239844,527085,2025-05-13,2025-05-30,582.99,763,287241,55374195,-108562605,0.951860338556615,77.5093705651161,0.54496143885711
563.3,565,1873,3080,1573320,523600,2025-05-13,2025-05-23,582.99,1207,-1049720,19392347,-21563163,2.70003419390134,57.4811651214781,-2.0048128342246
522.02,528,745,867,815030,518466,2025-05-13,2025-08-15,582.99,122,-296564,242551029,-150895211,0.213755432057969,91.6920723515051,-0.572002792854304
428.85,430,4494,4489,840378,516235,2025-05-13,2025-08-15,582.99,-5,-324143,242551029,-150895211,0.212835625611797,91.9049079771169,-0.627898147161661
565.61,569,1658,1487,1958098,504093,2025-05-13,2025-05-30,582.99,-171,-1454005,55374195,-108562605,0.910339193192786,78.4197097583089,-2.88439831539022
549.4,550,8031,8388,2979501,503280,2025-05-13,2025-05-23,582.99,357,-2476221,19392347,-21563163,2.59525059034886,60.0764157118269,-4.92016571292322
560.25,564,1204,1342,1340052,503250,2025-05-13,2025-06-06,582.99,138,-836802,26866294,-18539096,1.87316494042684,62.4974140460162,-1.6627958271237
514,519,982,993,891656,496500,2025-05-13,2025-08-15,582.99,11,-395156,242551029,-150895211,0.204699193422098,92.109607170539,-0.795883182275932
561.71,567,309,932,418695,493028,2025-05-13,2025-06-13,582.99,623,74333,14614708,-10184166,3.37350564924048,54.6056411116801,0.150768313361513
547.24,551,917,1289,888573,484664,2025-05-13,2025-06-20,582.99,372,-403909,352756072,-402417469,0.137393524440878,96.5204686823931,-0.833379413366786
274.12,275,5504,5504,643968,484352,2025-05-13,2025-12-19,582.99,0,-159616,447775884,-169870901,0.108168397921135,98.2113467280877,-0.329545454545454
534.82,543,589,590,838147,482620,2025-05-13,2025-08-15,582.99,1,-355527,242551029,-150895211,0.198976686262584,92.3085838568015,-0.736660312461149
503.96,508,944,1186,694784,479144,2025-05-13,2025-08-15,582.99,242,-215640,242551029,-150895211,0.197543585766441,92.506127442568,-0.450052593792263
434.74,435,18428,18403,1013540,478478,2025-05-13,2025-06-20,582.99,-25,-535062,352756072,-402417469,0.135639904732809,96.6561085871259,-1.11825831072693
558.2,564,887,809,1219625,469220,2025-05-13,2025-06-20,582.99,-78,-750405,352756072,-402417469,0.133015428292897,96.7891240154188,-1.59926047483057
474.86,475,33244,33184,1296516,464576,2025-05-13,2025-05-30,582.99,-60,-831940,55374195,-108562605,0.838975627546369,79.2586853858553,-1.79075113652018
504.75,505,18902,18559,1474356,463975,2025-05-13,2025-05-30,582.99,-343,-1010381,55374195,-108562605,0.8378902844547,80.09657567031,-2.17766258957918
323.59,325,3246,3258,623232,459378,2025-05-13,2025-12-19,582.99,12,-163854,447775884,-169870901,0.102591054233729,98.3139377823215,-0.356686650209631
429.39,430,7490,7492,831390,457012,2025-05-13,2025-07-18,582.99,2,-374378,254542747,-218588802,0.179542338324808,98.3416808965293,-0.819186367097582
571.63,573,540,3319,550260,454703,2025-05-13,2025-05-16,582.99,2779,-95556.9999999999,36047877,-129974803,1.26138635015871,65.1098066052545,-0.210152561122315
149.86,150,32867,32282,723074,451948,2025-05-13,2025-12-19,582.99,-585,-271126,447775884,-169870901,0.100931742005114,98.4148695243266,-0.599905298839689
498.44,502,1156,1266,761804,450696,2025-05-13,2025-08-15,582.99,110,-311108,242551029,-150895211,0.185814919795702,92.6919423623637,-0.690283472673376
529.75,537,612,616,785808,446600,2025-05-13,2025-08-15,582.99,4,-339208,242551029,-150895211,0.184126202985517,92.8760685653492,-0.759534258844604
308.37,310,2739,2739,446457,446457,2025-05-13,2025-12-19,582.99,0,0,447775884,-169870901,0.0997054589031865,98.5145749832298,0
578.29,590,109,379,301494,443809,2025-05-13,2025-06-06,582.99,270,142315,26866294,-18539096,1.65191745463665,64.1493315006528,0.320667223963462
402.01,405,1329,1482,578115,443118,2025-05-13,2025-12-19,582.99,153,-134997,447775884,-169870901,0.0989597733673393,98.6135347565971,-0.304652485342505
499.58,500,9507,10511,1055277,441462,2025-05-13,2025-06-06,582.99,1004,-613815,26866294,-18539096,1.64318160145199,65.7925131021048,-1.39041412397896
367.86,370,1966,2056,579970,439984,2025-05-13,2025-12-19,582.99,90,-139986,447775884,-169870901,0.0982598696628334,98.71179462626,-0.318161569511619
544.37,548,1940,1210,1703320,439230,2025-05-13,2025-06-20,582.99,-730,-1264090,352756072,-402417469,0.124513802841075,96.9136378182599,-2.87796826264144
494.81,498,1360,1365,816000,435435,2025-05-13,2025-08-15,582.99,5,-380565,242551029,-150895211,0.179523047910879,93.0555916132601,-0.873988080884632
546.97,558,392,392,765968,432376,2025-05-13,2025-08-15,582.99,0,-333592,242551029,-150895211,0.178261870000147,93.2338534832602,-0.771532184950136
555.16,557,2377,2309,1706686,424856,2025-05-13,2025-05-30,582.99,-68,-1281830,55374195,-108562605,0.767245465148523,80.8638211354585,-3.01709285028339
564.02,567,1680,1422,1819440,423756,2025-05-13,2025-05-30,582.99,-258,-1395684,55374195,-108562605,0.765258980288562,81.6290801157471,-3.2936029224365
580.03,605,130,169,537810,421993,2025-05-13,2025-06-20,582.99,39,-115817,352756072,-402417469,0.119627423450843,97.0332652417107,-0.274452419826869
552.4,557,799,906,895679,416760,2025-05-13,2025-06-20,582.99,107,-478919,352756072,-402417469,0.118143962097412,97.1514092038081,-1.14914819080526
199.65,200,11842,11867,603942,415345,2025-05-13,2025-12-19,582.99,25,-188597,447775884,-169870901,0.0927573401876194,98.8045519664476,-0.454073119936438
581.25,625,94,94,625100,411250,2025-05-13,2025-08-15,582.99,0,-213850,242551029,-150895211,0.169551950241366,93.4034054335016,-0.52
560.84,577,227,251,608587,405616,2025-05-13,2025-08-15,582.99,24,-202971,242551029,-150895211,0.167229140058606,93.5706345735602,-0.500401857914875
459.98,460,203653,202694,610959,405388,2025-05-13,2025-05-16,582.99,-959,-205571,36047877,-129974803,1.12458217719729,66.2343887824517,-0.507096904693775
565.31,573,332,526,592952,404494,2025-05-13,2025-06-20,582.99,194,-188458,352756072,-402417469,0.114666771774236,97.2660759755824,-0.465910495582135
523.86,525,3073,3513,1106280,400482,2025-05-13,2025-06-13,582.99,440,-705798,14614708,-10184166,2.74026685993316,57.3459079716133,-1.76237134253225
564.82,568,895,1258,1031935,400044,2025-05-13,2025-05-30,582.99,363,-631891,55374195,-108562605,0.722437590289123,82.3515177060362,-1.5795537490876
563.86,635,56,56,398384,398384,2025-05-13,2025-08-15,582.99,0,0,242551029,-150895211,0.164247499440623,93.7348820730008,0
569.87,571,872,3501,843224,395613,2025-05-13,2025-05-16,582.99,2629,-447611,36047877,-129974803,1.09746546239048,67.3318542448422,-1.13143653014436
572,581,0,434,0,390600,2025-05-13,2025-06-13,582.99,434,390600,14614708,-10184166,2.67265004542,60.0185580170333,1
464,465,3822,3903,756756,390300,2025-05-13,2025-07-18,582.99,81,-366456,254542747,-218588802,0.153333773835638,98.495014670365,-0.93890853189854
565.87,574,314,478,564886,388614,2025-05-13,2025-06-20,582.99,164,-176272,352756072,-402417469,0.110165077470304,97.3762410530527,-0.45359148152151
378.9,380,3511,3512,586337,386320,2025-05-13,2025-09-19,582.99,1,-200017,657391836,-411269570,0.058765560940127,99.2096159831227,-0.517749534065024
533.87,535,3771,3411,1489545,385443,2025-05-13,2025-06-06,582.99,-360,-1104102,26866294,-18539096,1.43467126504311,67.2271843671479,-2.86450136596073
573.7,578,9,896,13599,385280,2025-05-13,2025-05-23,582.99,887,371681,19392347,-21563163,1.98676312877446,62.0631788406014,0.964703592192691
578.7,630,75,75,466125,384750,2025-05-13,2025-08-15,582.99,0,-81375,242551029,-150895211,0.158626414237971,93.8935084872388,-0.211500974658869
438.75,440,2595,3057,552735,382125,2025-05-13,2025-08-15,582.99,462,-170610,242551029,-150895211,0.157544167747068,94.0510526549859,-0.446476938174681
543.4,545,2580,2347,1465440,375520,2025-05-13,2025-06-06,582.99,-233,-1089920,26866294,-18539096,1.39773650954613,68.6249208766941,-2.90242863229655
578.63,583,28,858,51828,374946,2025-05-13,2025-05-16,582.99,830,323118,36047877,-129974803,1.04013337595443,68.3719876207967,0.861772095181706
572.51,582,5,393,10485,372957,2025-05-13,2025-06-13,582.99,388,362472,14614708,-10184166,2.55192919352203,62.5704872105553,0.971886839501605
552.38,554,2133,2293,1326726,371466,2025-05-13,2025-05-30,582.99,160,-955260,55374195,-108562605,0.670828713627349,83.0223464196635,-2.57159470853322
561.7,563,2669,2832,2073813,368160,2025-05-13,2025-05-23,582.99,163,-1705653,19392347,-21563163,1.89848088011214,63.9616597207135,-4.63291232073012
531.87,534,1531,1705,912476,363165,2025-05-13,2025-06-20,582.99,174,-549311,352756072,-402417469,0.10295074382164,97.4791917968743,-1.51256591356546
556.78,557,9948,16481,3491748,362582,2025-05-13,2025-05-16,582.99,6533,-3129166,36047877,-129974803,1.00583454609546,69.3778221668921,-8.63022985145429
534.95,535,73061,72488,3287745,362440,2025-05-13,2025-05-16,582.99,-573,-2925305,36047877,-129974803,1.00544062553254,70.3832627924247,-8.07114280984439
572.37,584,62,310,147188,360530,2025-05-13,2025-06-20,582.99,248,213342,352756072,-402417469,0.102203768727757,97.5813955656021,0.591745485812554
574,576,312,1799,414336,359800,2025-05-13,2025-05-16,582.99,1487,-54535.9999999999,36047877,-129974803,0.998117031968346,71.381379824393,-0.151573096164536
577.56,615,94,96,483160,359424,2025-05-13,2025-09-19,582.99,2,-123736,657391836,-411269570,0.0546742414975777,99.2642902246203,-0.34426193019943
555.87,560,634,869,698668,358897,2025-05-13,2025-06-13,582.99,235,-339771,14614708,-10184166,2.45572473976216,65.0262119503175,-0.946708944348936
579.6,625,79,79,477239,358660,2025-05-13,2025-06-20,582.99,0,-118579,352756072,-402417469,0.101673657370808,97.6830692229729,-0.330616740088106
582,610,0,128,0,358400,2025-05-13,2025-05-30,582.99,128,358400,55374195,-108562605,0.647232885281673,83.6695793049452,1
580.95,600,61,188,218868,358140,2025-05-13,2025-05-30,582.99,127,139272,55374195,-108562605,0.646763352496592,84.3163426574418,0.388875858602781
537.21,538,4562,4530,1382286,357870,2025-05-13,2025-05-30,582.99,-32,-1024416,55374195,-108562605,0.646275760758238,84.9626184182,-2.86253667532903
502.07,503,494,3835,112632,356655,2025-05-13,2025-06-20,582.99,3341,244023,352756072,-402417469,0.101105275942635,97.7841744989155,0.684199015855659
526.18,527,4337,4331,1244719,355142,2025-05-13,2025-06-06,582.99,-6,-889577,26866294,-18539096,1.32188682220183,69.9468076988959,-2.50484876471946
529.95,530,77361,70906,2475552,354530,2025-05-13,2025-05-16,582.99,-6455,-2121022,36047877,-129974803,0.983497585724674,72.3648774101177,-5.98263052492032
577.78,650,49,49,430563,353878,2025-05-13,2025-12-19,582.99,0,-76685,447775884,-169870901,0.0790301605434383,98.883582126991,-0.216698975353088
269.65,270,9587,10095,508111,353325,2025-05-13,2025-09-19,582.99,508,-154786,657391836,-411269570,0.053746484311375,99.3180367089317,-0.438083917073516
544.9,545,36816,35208,4344288,352080,2025-05-13,2025-05-16,582.99,-1608,-3992208,36047877,-129974803,0.976701068970026,73.3415784790877,-11.3389229720518
419.78,420,16028,15990,673176,351780,2025-05-13,2025-06-20,582.99,-38,-321396,352756072,-402417469,0.0997233011484491,97.883897800064,-0.913627835579055
490.93,494,1112,1137,618272,349059,2025-05-13,2025-08-15,582.99,25,-269213,242551029,-150895211,0.143911572521096,94.194964227507,-0.771253570313328
543.72,547,840,1058,734160,347024,2025-05-13,2025-06-20,582.99,218,-387136,352756072,-402417469,0.0983750607133419,97.9822728607773,-1.11558854718982
429.13,431,1845,1845,345015,345015,2025-05-13,2025-08-15,582.99,0,0,242551029,-150895211,0.14224429449854,94.3372085220055,0
569.6,574,647,783,940091,344520,2025-05-13,2025-05-30,582.99,136,-595571,55374195,-108562605,0.622167058139626,85.5847854763397,-1.72869789852548
572.37,578,25,607,42250,341741,2025-05-13,2025-05-30,582.99,582,299491,55374195,-108562605,0.617148475025235,86.2019339513649,0.876368360834667
374.67,375,10235,10334,573160,341022,2025-05-13,2025-07-18,582.99,99,-232138,254542747,-218588802,0.133974353627919,98.6289890239929,-0.680712681293289
524.19,525,3330,4110,872460,332910,2025-05-13,2025-06-06,582.99,780,-539550,26866294,-18539096,1.23913629471932,71.1859439936152,-1.62070829954042
509.48,514,716,732,590700,330864,2025-05-13,2025-08-15,582.99,16,-259836,242551029,-150895211,0.136410058272727,94.4736185802782,-0.785325692731757
529.04,536,456,475,563616,330600,2025-05-13,2025-08-15,582.99,19,-233016,242551029,-150895211,0.136301215197071,94.6099197954753,-0.704827586206897
578.01,585,62,472,131812,329928,2025-05-13,2025-05-23,582.99,410,198116,19392347,-21563163,1.70133094256203,65.6629906632756,0.600482529521593
565.29,625,55,55,328405,328405,2025-05-13,2025-07-18,582.99,0,0,254542747,-218588802,0.129017622332802,98.7580066463257,0
429.75,430,13140,13119,657000,327975,2025-05-13,2025-06-20,582.99,-21,-329025,352756072,-402417469,0.0929750119226863,98.0752478727,-1.00320146352618
570.72,572,840,2532,871920,324096,2025-05-13,2025-05-16,582.99,1692,-547824,36047877,-129974803,0.899070977189586,74.2406494562773,-1.69031398104265
556.04,558,1670,1649,1267530,323204,2025-05-13,2025-05-30,582.99,-21,-944326,55374195,-108562605,0.583672593344246,86.7856065447091,-2.92176458212151
576.45,620,72,74,408024,322270,2025-05-13,2025-08-15,582.99,2,-85754,242551029,-150895211,0.132866886332608,94.7427866818079,-0.2660936481832
561.88,566,824,772,982208,318064,2025-05-13,2025-06-06,582.99,-52,-664144,26866294,-18539096,1.18387746370973,72.3698214573249,-2.0880829015544
576.1,625,63,65,397908,317850,2025-05-13,2025-12-19,582.99,2,-80058,447775884,-169870901,0.0709841711797056,98.9545662981707,-0.251873525247758
418.99,420,3073,3123,500899,315423,2025-05-13,2025-08-15,582.99,50,-185476,242551029,-150895211,0.130043975199957,94.8728306570078,-0.588023067436427
566.77,569,1178,1405,1220408,313315,2025-05-13,2025-05-23,582.99,227,-907093,19392347,-21563163,1.61566312731512,67.2786537905907,-2.89514705647671
389.62,390,8278,8241,562904,313158,2025-05-13,2025-07-18,582.99,-37,-249746,254542747,-218588802,0.123027665761775,98.8810343120875,-0.797507967224213
561.3,565,832,835,956800,308950,2025-05-13,2025-06-06,582.99,3,-647850,26866294,-18539096,1.14995391623422,73.5197753735592,-2.09694125262988
424.88,425,25734,25734,643350,308808,2025-05-13,2025-06-06,582.99,0,-334542,26866294,-18539096,1.14942537292267,74.6692007464818,-1.08333333333333
581.06,600,53,163,187991,308722,2025-05-13,2025-05-16,582.99,110,120731,36047877,-129974803,0.85642214103205,75.0970715973093,0.391067044136796
519.32,520,4727,4497,1044667,305796,2025-05-13,2025-06-06,582.99,-230,-738871,26866294,-18539096,1.13821429930008,75.8074150457819,-2.41622192572826
560.07,565,351,618,457353,304674,2025-05-13,2025-06-13,582.99,267,-152679,14614708,-10184166,2.08470808995979,67.1109200402772,-0.501122511274346
567.94,572,375,747,504375,303282,2025-05-13,2025-05-30,582.99,372,-201093,55374195,-108562605,0.547695546635035,87.3333020913442,-0.663056165548895
577.88,610,83,93,390100,298716,2025-05-13,2025-08-15,582.99,10,-91384,242551029,-150895211,0.123155940105288,94.9959865971131,-0.305922682414066
567.23,568,3367,3857,2710435,296989,2025-05-13,2025-05-16,582.99,490,-2413446,36047877,-129974803,0.823873760998463,75.9209453583078,-8.12638178518396
579,615,81,82,386370,295200,2025-05-13,2025-08-15,582.99,1,-91170,242551029,-150895211,0.121706348234045,95.1176929453472,-0.308841463414634
499.97,500,97733,97600,879597,292800,2025-05-13,2025-05-16,582.99,-133,-586797,36047877,-129974803,0.81225310439225,76.7331984627,-2.0040881147541
572.4,574,373,1822,448346,291520,2025-05-13,2025-05-16,582.99,1449,-156826,36047877,-129974803,0.808702271149006,77.5419007338491,-0.537959659714599
489.82,490,16303,16081,847756,289458,2025-05-13,2025-05-30,582.99,-222,-558298,55374195,-108562605,0.522730849631313,87.8560329409755,-1.92877032246474
349.53,350,6148,6147,473396,288909,2025-05-13,2025-08-15,582.99,-1,-184487,242551029,-150895211,0.119112667215277,95.2368056125625,-0.638564392248079
571.24,578,16,424,26864,286624,2025-05-13,2025-06-06,582.99,408,259760,26866294,-18539096,1.06685350796801,76.8742685537499,0.906274422239589
318.66,320,2103,2094,384849,280596,2025-05-13,2025-12-19,582.99,-9,-104253,447775884,-169870901,0.0626643841319512,99.0172306823027,-0.371541290681264
392.32,395,1054,1046,403682,280328,2025-05-13,2025-12-19,582.99,-8,-123354,447775884,-169870901,0.0626045327621976,99.0798352150649,-0.440034530977997
484.31,487,1022,1030,495670,277070,2025-05-13,2025-08-15,582.99,8,-218600,242551029,-150895211,0.114231632470213,95.3510372450327,-0.788970296315011
373.94,375,2622,2612,422142,276872,2025-05-13,2025-09-19,582.99,-10,-145270,657391836,-411269570,0.0421167384256959,99.3601534473574,-0.524682885954521
349.21,350,3433,3460,418826,273340,2025-05-13,2025-09-19,582.99,27,-145486,657391836,-411269570,0.0415794637279311,99.4017329110853,-0.532252871881174
194.66,195,8002,8002,480120,272068,2025-05-13,2025-12-19,582.99,0,-208052,447775884,-169870901,0.0607598599481521,99.140595075013,-0.764705882352941
563.52,564,3755,5642,2268020,270816,2025-05-13,2025-05-16,582.99,1887,-1997204,36047877,-129974803,0.751267543439521,78.2931682772886,-7.37476367718303
184.52,185,5639,5639,270672,270672,2025-05-13,2025-12-19,582.99,0,0,447775884,-169870901,0.060448096843018,99.201043171856,0
562.57,563,3018,6290,1690080,270470,2025-05-13,2025-05-16,582.99,3272,-1419610,36047877,-129974803,0.750307708828456,79.043475986117,-5.2486782267904
562.09,570,107,339,185752,268149,2025-05-13,2025-06-27,582.99,232,82397,3060691,1853040,8.76106081927251,36.8487377523572,0.307280653666432
474.93,475,37143,37360,742860,261520,2025-05-13,2025-05-23,582.99,217,-481340,19392347,-21563163,1.34857322839778,68.6272270189885,-1.84054756806363
581.48,600,26,141,91676,261132,2025-05-13,2025-06-06,582.99,115,169456,26866294,-18539096,0.971968817135702,77.8462373708856,0.648928511251015
423.82,425,2203,2202,378916,259836,2025-05-13,2025-08-15,582.99,-1,-119080,242551029,-150895211,0.107126323508609,95.4581635685413,-0.458289074647085
471.88,474,1221,1223,465201,259276,2025-05-13,2025-08-15,582.99,2,-205925,242551029,-150895211,0.106895444257216,95.5650590127985,-0.794230858236011
549.71,551,1900,1990,1031700,256710,2025-05-13,2025-05-30,582.99,90,-774990,55374195,-108562605,0.463591389454962,88.3196243304304,-3.01893186864555
434.35,435,3931,3932,475651,255580,2025-05-13,2025-07-18,582.99,1,-220071,254542747,-218588802,0.100407496584454,98.9814418086719,-0.861065028562485
545.94,547,809,2407,372140,255142,2025-05-13,2025-05-30,582.99,1598,-116998,55374195,-108562605,0.460759745581855,88.7803840760123,-0.458560331109735
480.52,483,1021,1024,463534,253952,2025-05-13,2025-08-15,582.99,3,-209582,242551029,-150895211,0.104700442231478,95.66975945503,-0.825281943044355
561.28,564,777,933,745143,253776,2025-05-13,2025-05-30,582.99,156,-491367,55374195,-108562605,0.458292892564849,89.2386769685772,-1.93622328352563
571.77,577,146,481,226446,251563,2025-05-13,2025-05-30,582.99,335,25117,55374195,-108562605,0.454296446205674,89.6929734147828,0.0998437767080214
557.76,561,481,771,485810,249804,2025-05-13,2025-06-06,582.99,290,-236006,26866294,-18539096,0.929804460563113,78.7760418314487,-0.944764695521289
383.83,385,2119,2117,362349,247689,2025-05-13,2025-09-19,582.99,-2,-114660,657391836,-411269570,0.0376775290528555,99.4394104401382,-0.462919225318847
563.56,568,589,556,765700,246864,2025-05-13,2025-06-06,582.99,-33,-518836,26866294,-18539096,0.918861380732304,79.694903212181,-2.10170782293084
444.71,445,8396,8415,520552,244035,2025-05-13,2025-06-20,582.99,19,-276517,352756072,-402417469,0.0691795320818744,98.1444274047819,-1.13310385805315
569.46,578,2,285,4860,243390,2025-05-13,2025-06-13,582.99,283,238530,14614708,-10184166,1.6653770981945,68.7762971384718,0.980032047331443
568.14,569,1889,2810,1603761,241660,2025-05-13,2025-05-16,582.99,921,-1362101,36047877,-129974803,0.670386219970735,79.7138622060878,-5.63643548787553
565.05,570,302,488,410720,241560,2025-05-13,2025-06-06,582.99,186,-169160,26866294,-18539096,0.899119171404884,80.5940223835859,-0.700281503560192
424.77,425,10459,10486,470655,241178,2025-05-13,2025-06-20,582.99,27,-229477,352756072,-402417469,0.0683696239819793,98.2127970287638,-0.951483966199238
566.34,567,3322,3623,2461602,239118,2025-05-13,2025-05-16,582.99,301,-2222484,36047877,-129974803,0.663334487076729,80.3771966931645,-9.29450731438035
403.54,405,1657,1636,357912,238856,2025-05-13,2025-09-19,582.99,-21,-119056,657391836,-411269570,0.036333885959606,99.4757443260978,-0.49844257628027
536.51,539,488,955,337208,237795,2025-05-13,2025-06-20,582.99,467,-99413,352756072,-402417469,0.0674106043453166,98.2802076331092,-0.418061775899409
563.07,566,776,810,810920,237330,2025-05-13,2025-05-30,582.99,34,-573590,55374195,-108562605,0.428593138013112,90.121566552796,-2.41684574221548
430.11,432,1250,1250,236250,236250,2025-05-13,2025-08-15,582.99,0,0,242551029,-150895211,0.09740218418121,95.7671616392112,0
550.45,552,1449,1511,847665,234205,2025-05-13,2025-05-30,582.99,62,-613460,55374195,-108562605,0.422949715115497,90.5445162679114,-2.61932922012767
573.46,581,1,309,2523,232986,2025-05-13,2025-06-06,582.99,308,230463,26866294,-18539096,0.867205577367686,81.4612279609536,0.989171023151606
573.28,586,10,183,24880,232776,2025-05-13,2025-06-20,582.99,173,207896,352756072,-402417469,0.0659878081418256,98.346195441251,0.89311612881053
234.02,235,2375,2375,232750,232750,2025-05-13,2025-12-19,582.99,0,0,447775884,-169870901,0.0519791280228928,99.2530222998789,0
522.88,529,376,380,418864,232560,2025-05-13,2025-08-15,582.99,4,-186304,242551029,-150895211,0.0958808548282844,95.8630424940395,-0.801100791193671
284.57,285,5210,5402,380330,232286,2025-05-13,2025-09-19,582.99,192,-148044,657391836,-411269570,0.0353344820059493,99.5110788081037,-0.637335009428033
509.47,510,4515,4374,686280,231822,2025-05-13,2025-06-06,582.99,-141,-454458,26866294,-18539096,0.862873011067325,82.3241009720209,-1.9603747702979
538.04,540,948,1174,545100,230104,2025-05-13,2025-06-13,582.99,226,-314996,14614708,-10184166,1.57446867908685,70.3507658175586,-1.36892883218023
519.97,520,79941,76621,1438938,229863,2025-05-13,2025-05-16,582.99,-3320,-1209075,36047877,-129974803,0.637660298274986,81.0148569914395,-5.25998094517169
338.2,340,1275,1274,276675,229320,2025-05-13,2025-12-19,582.99,-1,-47355,447775884,-169870901,0.0512131198204502,99.3042354196994,-0.206501831501831
414.8,415,12123,11455,460674,229100,2025-05-13,2025-06-20,582.99,-668,-231574,352756072,-402417469,0.0649457282765072,98.4111411695275,-1.01079877782628
419.44,420,4216,4087,400520,228872,2025-05-13,2025-07-18,582.99,-129,-171648,254542747,-218588802,0.0899149564061238,99.0713567650781,-0.749973784473417
570.1,573,61,788,75152,228520,2025-05-13,2025-05-23,582.99,727,153368,19392347,-21563163,1.17840300609307,69.8056300250816,0.67113600560126
174.58,175,5437,5437,228354,228354,2025-05-13,2025-12-19,582.99,0,0,447775884,-169870901,0.0509973868981296,99.3552328065975,0
509.97,510,78093,75987,1015209,227961,2025-05-13,2025-05-16,582.99,-2106,-787248,36047877,-129974803,0.632383982002602,81.6472409734421,-3.45343282403569
533.57,536,854,938,527772,227934,2025-05-13,2025-06-20,582.99,84,-299838,352756072,-402417469,0.0646151882539388,98.4757563577814,-1.31545973834531
475.75,478,1001,1005,411411,226125,2025-05-13,2025-08-15,582.99,4,-185286,242551029,-150895211,0.0932278048591581,95.9562702988986,-0.819396351575456
443.6,445,1597,1606,367310,224840,2025-05-13,2025-08-15,582.99,9,-142470,242551029,-150895211,0.0926980194340878,96.0489683183327,-0.633650595979363
492.81,496,704,703,406912,224257,2025-05-13,2025-08-15,582.99,-1,-182655,242551029,-150895211,0.0924576576420131,96.1414259759747,-0.814489625741894
493.76,497,680,681,405280,220644,2025-05-13,2025-08-15,582.99,1,-184636,242551029,-150895211,0.090968074186154,96.2323940501609,-0.836804989032106
414.04,415,2289,2295,345639,220320,2025-05-13,2025-08-15,582.99,6,-125319,242551029,-150895211,0.0908344940478484,96.3232285442087,-0.568804466230937
524.96,525,57337,55056,1318751,220224,2025-05-13,2025-05-16,582.99,-2281,-1098527,36047877,-129974803,0.61092085950027,82.2581618329423,-4.98822562481837
521.38,523,1262,1354,530040,219348,2025-05-13,2025-06-20,582.99,92,-310692,352756072,-402417469,0.0621812117241174,98.5379375695055,-1.41643415941791
502.12,506,562,562,399582,218056,2025-05-13,2025-08-15,582.99,0,-181526,242551029,-150895211,0.0899010822172187,96.413129626426,-0.832474226804124
485.28,488,799,801,401897,217872,2025-05-13,2025-08-15,582.99,2,-184025,242551029,-150895211,0.0898252218917612,96.5029548483177,-0.844647315855181
439.97,440,72516,72529,652644,217587,2025-05-13,2025-05-23,582.99,13,-435057,19392347,-21563163,1.12202509577618,70.9276551208577,-1.9994622840519
424.44,425,3891,3877,400773,217112,2025-05-13,2025-07-18,582.99,-14,-183661,254542747,-218588802,0.0852949072636511,99.1566516723417,-0.845927447584657
544.55,545,4547,4812,1245878,216540,2025-05-13,2025-05-23,582.99,265,-1029338,19392347,-21563163,1.11662605872306,72.0442811795808,-4.75356977925557
542.7,545,847,937,599676,215510,2025-05-13,2025-06-13,582.99,90,-384166,14614708,-10184166,1.47461037196227,71.8253761895209,-1.78259013502854
494.98,495,106935,107038,855480,214076,2025-05-13,2025-05-16,582.99,103,-641404,36047877,-129974803,0.59386576357881,82.8520275965212,-2.99615089968049
459.32,461,388,1269,117952,213192,2025-05-13,2025-08-15,582.99,881,95240,242551029,-150895211,0.0878957310051239,96.5908505793228,0.446733460917858
573.64,588,12,148,28236,212528,2025-05-13,2025-06-20,582.99,136,184292,352756072,-402417469,0.0602478644223026,98.5981854339278,0.867142211849733
506.74,511,492,496,381300,211296,2025-05-13,2025-08-15,582.99,4,-170004,242551029,-150895211,0.0871140398254093,96.6779646191483,-0.804577464788732
547.23,550,380,761,306280,210797,2025-05-13,2025-06-13,582.99,381,-95483,14614708,-10184166,1.44236203692883,73.2677382264497,-0.452961854295839
565.4,566,3421,3510,2394700,210600,2025-05-13,2025-05-16,582.99,89,-2184100,36047877,-129974803,0.584223032052623,83.4362506285738,-10.3708452041785
542.82,546,567,662,480249,210516,2025-05-13,2025-06-20,582.99,95,-269733,352756072,-402417469,0.0596774986200663,98.6578629325479,-1.28129453343214
576.02,584,19,263,37126,209874,2025-05-13,2025-05-30,582.99,244,172748,55374195,-108562605,0.379010475908499,90.9235267438199,0.823103385841029
518.43,524,374,376,369138,209432,2025-05-13,2025-08-15,582.99,2,-159706,242551029,-150895211,0.0863455417457743,96.764310160894,-0.762567324955116
464.88,465,17394,17404,556608,208848,2025-05-13,2025-05-30,582.99,10,-347760,55374195,-108562605,0.377157627302754,91.3006843711227,-1.66513445185015
539.19,542,381,742,284226,208502,2025-05-13,2025-06-20,582.99,361,-75724,352756072,-402417469,0.0591065658538119,98.7169694984017,-0.363181168525961
364,365,2016,2016,286272,201600,2025-05-13,2025-09-19,582.99,0,-84672,657391836,-411269570,0.0306666418656285,99.5417454499694,-0.42
339.13,340,2293,2293,259109,199491,2025-05-13,2025-09-19,582.99,0,-59618,657391836,-411269570,0.0303458286330164,99.5720912786024,-0.298850574712644
559.45,563,564,559,602916,198445,2025-05-13,2025-06-06,582.99,-5,-404471,26866294,-18539096,0.738639277899661,83.0627402499206,-2.03820202071103
500.31,504,317,534,214609,197046,2025-05-13,2025-08-15,582.99,217,-17563,242551029,-150895211,0.0812389874462252,96.8455491483402,-0.0891314718390628
444.23,445,2513,2558,341768,196966,2025-05-13,2025-07-18,582.99,45,-144802,254542747,-218588802,0.0773803230779151,99.2340319954196,-0.735162413817613
571.66,579,1,267,2201,195978,2025-05-13,2025-06-06,582.99,266,193777,26866294,-18539096,0.729456768395373,83.792197018316,0.988769147557379
333.46,335,1270,1269,262890,195426,2025-05-13,2025-12-19,582.99,-1,-67463.9999999999,447775884,-169870901,0.0436437081546803,99.3988765147522,-0.345215068619324
189.68,190,6106,6107,280876,195424,2025-05-13,2025-12-19,582.99,1,-85452,447775884,-169870901,0.0436432615026673,99.4425197762549,-0.437264614376945
409.8,410,9734,9758,369892,195160,2025-05-13,2025-06-20,582.99,24,-174732,352756072,-402417469,0.0553243488888832,98.7722938472906,-0.895326911252306
559.82,561,1866,1653,1270746,195054,2025-05-13,2025-05-23,582.99,-213,-1075692,19392347,-21563163,1.00582977398249,73.0501109535633,-5.51484204374173
570.6,579,1,232,1717,194880,2025-05-13,2025-06-13,582.99,231,193163,14614708,-10184166,1.33345120545686,74.6011894319066,0.991189449917898
562.93,630,29,29,194503,194503,2025-05-13,2025-12-19,582.99,0,0,447775884,-169870901,0.0434375782506411,99.4859573545055,0
462.15,464,535,1051,170130,194435,2025-05-13,2025-08-15,582.99,516,24305,242551029,-150895211,0.0801625129366077,96.9257116612768,0.125003214441844
575.56,583,10,260,24200,193440,2025-05-13,2025-05-30,582.99,250,169240,55374195,-108562605,0.349332392100689,91.6500167632234,0.874896608767577
508.56,513,414,431,334512,191364,2025-05-13,2025-08-15,582.99,17,-143148,242551029,-150895211,0.0788963876133463,97.0046080488902,-0.748040383771242
349.76,350,7794,7946,327348,190704,2025-05-13,2025-07-18,582.99,152,-136644,254542747,-218588802,0.0749202254818127,99.3089522209014,-0.716524037251447
539.66,540,5410,5532,1114460,188088,2025-05-13,2025-05-23,582.99,122,-926372,19392347,-21563163,0.969908387055987,74.0200193406193,-4.92520522308707
536.61,538,1242,1347,548964,187233,2025-05-13,2025-06-06,582.99,105,-361731,26866294,-18539096,0.69690668910271,84.4891037074187,-1.93198314399705
384.87,385,14383,14326,345192,186238,2025-05-13,2025-06-20,582.99,-57,-158954,352756072,-402417469,0.0527951224040163,98.8250889696946,-0.853499285860029
580.25,591,1,172,2580,184900,2025-05-13,2025-05-16,582.99,171,182320,36047877,-129974803,0.512928958340598,83.9491795869144,0.986046511627907
409.95,410,36964,36964,369640,184820,2025-05-13,2025-05-30,582.99,0,-184820,55374195,-108562605,0.333765574379907,91.9837823376033,-1
541.05,544,591,623,472209,183785,2025-05-13,2025-06-20,582.99,32,-288424,352756072,-402417469,0.0520997410357829,98.8771887107304,-1.56935549691215
579.2,590,85,170,224400,183600,2025-05-13,2025-05-30,582.99,85,-40800,55374195,-108562605,0.331562382080679,92.315344719684,-0.222222222222222
530.76,531,7680,7650,929280,183600,2025-05-13,2025-05-23,582.99,-30,-745680,19392347,-21563163,0.946765236822547,74.9667845774418,-4.06143790849673
578.7,587,0,221,0,183430,2025-05-13,2025-05-23,582.99,221,183430,19392347,-21563163,0.945888602344007,75.9126731797858,1
219.53,220,3900,3901,362700,183347,2025-05-13,2025-12-19,582.99,1,-179353,447775884,-169870901,0.0409461533216469,99.5269035078272,-0.978216169340104
580.87,599,0,101,0,183113,2025-05-13,2025-05-30,582.99,101,183113,55374195,-108562605,0.330682911056314,92.6460276307403,1
393.55,395,1261,1262,243373,182990,2025-05-13,2025-09-19,582.99,1,-60383,657391836,-411269570,0.0278357579116635,99.599927036514,-0.329979780315864
515.95,521,364,362,343980,182810,2025-05-13,2025-08-15,582.99,-2,-161170,242551029,-150895211,0.0753697070483259,97.0799777559385,-0.881625731633937
478.6,481,758,759,331246,182160,2025-05-13,2025-08-15,582.99,1,-149086,242551029,-150895211,0.0751017222029596,97.1550794781415,-0.818434343434343
449.9,450,18444,18211,442656,182110,2025-05-13,2025-05-30,582.99,-233,-260546,55374195,-108562605,0.328871598043096,92.9748992287834,-1.43070671572127
562.61,568,109,337,149984,181643,2025-05-13,2025-06-13,582.99,228,31659,14614708,-10184166,1.24287806502874,75.8440674969353,0.174292430757034
558.59,562,457,530,471624,180730,2025-05-13,2025-06-06,582.99,73,-290894,26866294,-18539096,0.672701638715038,85.1618053461337,-1.6095501576938
344.92,345,21869,22472,306166,179776,2025-05-13,2025-06-20,582.99,603,-126390,352756072,-402417469,0.0509632616614463,98.9281519723919,-0.703041562833749
224.49,225,3223,3522,261063,179622,2025-05-13,2025-12-19,582.99,299,-81441,447775884,-169870901,0.0401142639472741,99.5670177717744,-0.453402144503457
504.88,509,433,434,323018,178808,2025-05-13,2025-08-15,582.99,1,-144210,242551029,-150895211,0.0737197449696245,97.2287992231111,-0.806507538812581
547.82,549,1339,1511,665483,178298,2025-05-13,2025-05-30,582.99,172,-487185,55374195,-108562605,0.321987525055669,93.296886753839,-2.73241988132228
583,593,0,178,0,178000,2025-05-13,2025-05-16,582.99,178,178000,36047877,-129974803,0.493787747888732,84.4429673348031,1
574.25,581,14,261,30926,176175,2025-05-13,2025-05-30,582.99,247,145249,55374195,-108562605,0.318153609275945,93.615040363115,0.824458634880091
555.64,559,401,524,373732,176064,2025-05-13,2025-06-06,582.99,123,-197668,26866294,-18539096,0.655334152153624,85.8171394982873,-1.12270537986187
293.96,295,1706,1690,238840,175760,2025-05-13,2025-12-19,582.99,-16,-63080,447775884,-169870901,0.0392517789100049,99.6062695506844,-0.358898497951752
540.23,543,468,631,365508,174787,2025-05-13,2025-06-20,582.99,163,-190721,352756072,-402417469,0.0495489699182272,98.9777009423101,-1.09116238621865
576.37,582,0,308,0,173404,2025-05-13,2025-05-23,582.99,308,173404,19392347,-21563163,0.894187794803796,76.8068609745896,1
580.33,615,0,50,0,173350,2025-05-13,2025-06-27,582.99,50,173350,3060691,1853040,5.66375370790452,42.5124914602618,1
499.35,503,373,473,249910,172645,2025-05-13,2025-08-15,582.99,100,-77265,242551029,-150895211,0.0711788363511746,97.2999780594623,-0.44753685308002
574.9,582,2,243,4086,172530,2025-05-13,2025-05-30,582.99,241,168444,55374195,-108562605,0.311571120808167,93.9266114839232,0.976317162232655
569.04,575,187,289,298826,172244,2025-05-13,2025-06-06,582.99,102,-126582,26866294,-18539096,0.641115592645566,86.4582550909329,-0.73489932885906
581.35,640,27,29,205578,170085,2025-05-13,2025-08-15,582.99,2,-35493,242551029,-150895211,0.0701233883448089,97.3701014478071,-0.20867801393421
542.11,543,1898,1890,723138,168210,2025-05-13,2025-05-30,582.99,-8,-554928,55374195,-108562605,0.303769652994504,94.2303811369177,-3.29901908328875
553.34,557,56,459,54040,167994,2025-05-13,2025-06-13,582.99,403,113954,14614708,-10184166,1.14948584672373,76.993553343659,0.678321844827791
559.18,564,273,348,339885,167736,2025-05-13,2025-06-13,582.99,75,-172149,14614708,-10184166,1.14772050183965,78.1412738454987,-1.0263092001717
469.96,472,814,817,301994,166668,2025-05-13,2025-08-15,582.99,3,-135326,242551029,-150895211,0.0687146126269372,97.438816060434,-0.811949504403965
501.07,502,1744,1779,387168,165447,2025-05-13,2025-06-20,582.99,35,-221721,352756072,-402417469,0.0469012479535717,99.0246021902637,-1.34013309398176
562.52,567,392,368,479808,164864,2025-05-13,2025-06-06,582.99,-24,-314944,26866294,-18539096,0.613646228988635,87.0719013199216,-1.91032608695652
583.48,635,24,32,169848,164864,2025-05-13,2025-07-18,582.99,8,-4984,254542747,-218588802,0.0647686889306652,99.3737209098321,-0.0302309782608696
441.65,443,462,1221,104412,164835,2025-05-13,2025-08-15,582.99,759,60423,242551029,-150895211,0.0679588953630042,97.506774955797,0.366566566566567
581.5,588,95,253,200830,164450,2025-05-13,2025-05-16,582.99,158,-36380,36047877,-129974803,0.45619884910282,84.8991661839059,-0.221222256004865
503.07,507,418,417,300124,163881,2025-05-13,2025-08-15,582.99,-1,-136243,242551029,-150895211,0.067565576066882,97.5743405318639,-0.831353238020271
344.23,345,2123,2125,244145,163625,2025-05-13,2025-09-19,582.99,2,-80520,657391836,-411269570,0.0248900261669815,99.624817062681,-0.492100840336134
495.63,499,474,482,290562,162434,2025-05-13,2025-08-15,582.99,8,-128128,242551029,-150895211,0.0669690005726589,97.6413095324366,-0.788800374305872
479.57,482,667,668,296148,162324,2025-05-13,2025-08-15,582.99,1,-133824,242551029,-150895211,0.0669236492911354,97.7082331817277,-0.824425223626821
278.76,280,1309,1309,162316,162316,2025-05-13,2025-12-19,582.99,0,0,447775884,-169870901,0.0362493840780403,99.6425189347625,0
459.87,460,12501,12435,362529,161655,2025-05-13,2025-05-30,582.99,-66,-200874,55374195,-108562605,0.291932009124467,94.5223131460421,-1.2426092604621
562.44,564,899,1032,723695,160992,2025-05-13,2025-05-23,582.99,133,-562703,19392347,-21563163,0.830183164523614,77.6370441391132,-3.49522336513616
483.38,486,612,613,294372,160606,2025-05-13,2025-08-15,582.99,1,-133766,242551029,-150895211,0.0662153447306134,97.7744485264583,-0.832882955804889
507.66,512,380,369,302100,160146,2025-05-13,2025-08-15,582.99,-11,-141954,242551029,-150895211,0.0660256939169695,97.8404742203753,-0.886403656663295
580.12,586,34,271,73882,159348,2025-05-13,2025-05-16,582.99,237,85466,36047877,-129974803,0.442045449722323,85.3412116336282,0.536348118583227
565.87,635,23,23,158999,158999,2025-05-13,2025-12-19,582.99,0,0,447775884,-169870901,0.035508611714337,99.6780275464768,0
560.67,561,1872,4816,907920,158928,2025-05-13,2025-05-16,582.99,2944,-748992,36047877,-129974803,0.440880332564384,85.7820919661926,-4.71277559649653
573.03,577,13,399,19630,158403,2025-05-13,2025-05-23,582.99,386,138773,19392347,-21563163,0.816832537082799,78.453876676196,0.876075579376653
535.36,536,2501,2468,695278,157952,2025-05-13,2025-05-30,582.99,-33,-537326,55374195,-108562605,0.285244778727709,94.8075579247698,-3.40183093598055
404.56,405,3547,3587,294401,157828,2025-05-13,2025-07-18,582.99,40,-136573,254542747,-218588802,0.0620045166716143,99.4357254265037,-0.865328078667917
564.26,630,24,24,157776,157776,2025-05-13,2025-07-18,582.99,0,0,254542747,-218588802,0.0619840878828891,99.4977095143866,0
553.22,554,346,2016,161582,157248,2025-05-13,2025-05-23,582.99,1670,-4334,19392347,-21563163,0.810876579302134,79.2647532554982,-0.0275615588115588
369,370,1757,1562,256522,156200,2025-05-13,2025-09-19,582.99,-195,-100322,657391836,-411269570,0.0237605627946983,99.6485776254757,-0.642266325224072
409.12,410,1792,1759,263424,154792,2025-05-13,2025-08-15,582.99,-33,-108632,242551029,-150895211,0.0638183233599063,97.9042925437352,-0.701793374334591
580.15,595,23,104,80523,154440,2025-05-13,2025-06-06,582.99,81,73917,26866294,-18539096,0.574846683357221,87.6467480032788,0.478613053613054
303.87,305,941,1360,148678,153680,2025-05-13,2025-12-19,582.99,419,5002,447775884,-169870901,0.0343207406855346,99.7123482871623,0.0325481520041645
579.25,600,4,74,14180,153550,2025-05-13,2025-06-13,582.99,70,139370,14614708,-10184166,1.05065390290384,79.1919277484025,0.907652230543797
519,520,1364,1533,418748,153300,2025-05-13,2025-06-13,582.99,169,-265448,14614708,-10184166,1.04894329739602,80.2408710457985,-1.73155903457273
529.78,530,7292,6951,838580,152922,2025-05-13,2025-05-23,582.99,-341,-685658,19392347,-21563163,0.788568810160008,80.0533220656582,-4.48371064987379
524.16,526,837,831,386694,152904,2025-05-13,2025-06-20,582.99,-6,-233790,352756072,-402417469,0.043345533113885,99.0679477233775,-1.52899858734893
574.39,585,94,144,222780,152784,2025-05-13,2025-06-13,582.99,50,-69996,14614708,-10184166,1.04541260762788,81.2862836534264,-0.458136977693999
576.65,585,85,179,185385,149465,2025-05-13,2025-05-30,582.99,94,-35920,55374195,-108562605,0.26991814508545,95.0774760698553,-0.240323821630482
580.91,610,0,51,0,148359,2025-05-13,2025-06-27,582.99,51,148359,3060691,1853040,4.84723874445346,47.3597302047152,1
494.78,495,6692,6638,381444,146036,2025-05-13,2025-05-30,582.99,-54,-235408,55374195,-108562605,0.263725730008355,95.3412017998637,-1.61198608562272
581.34,630,0,30,0,145980,2025-05-13,2025-06-06,582.99,30,145980,26866294,-18539096,0.543357412823667,88.1901054161024,1
527.21,529,715,814,364650,145706,2025-05-13,2025-06-20,582.99,99,-218944,352756072,-402417469,0.0413050296126441,99.1092527529902,-1.50264230711158
530.96,531,36644,36379,1172608,145516,2025-05-13,2025-05-16,582.99,-265,-1027092,36047877,-129974803,0.403674257987509,86.1857662241802,-7.05827537865252
574.87,584,3,159,5928,145167,2025-05-13,2025-06-06,582.99,156,139239,26866294,-18539096,0.540331316258208,88.7304367323606,0.959164272871934
455.34,457,874,873,248216,144918,2025-05-13,2025-08-15,582.99,-1,-103298,242551029,-150895211,0.0597474274166035,97.9640399711518,-0.712803102444141
394.19,395,1784,1785,215864,144585,2025-05-13,2025-08-15,582.99,1,-71279,242551029,-150895211,0.0596101367189005,98.0236501078707,-0.492990282532766
484.83,485,8514,8359,417186,142103,2025-05-13,2025-05-30,582.99,-155,-275083,55374195,-108562605,0.256623143686333,95.59782494355,-1.93580008866808
224.8,225,7085,7104,233805,142080,2025-05-13,2025-09-19,582.99,19,-91725,657391836,-411269570,0.0216126809338715,99.6701903064096,-0.645586993243243
569.76,572.5,75,515,89550,141110,2025-05-13,2025-05-23,582.99,440,51560,19392347,-21563163,0.72765818392173,80.7809802495799,0.365388703848062
519.84,520,8797,8795,598196,140720,2025-05-13,2025-05-23,582.99,-2,-457476,19392347,-21563163,0.725647081294492,81.5066273308744,-3.2509664582149
379.65,380,2510,4015,150600,140525,2025-05-13,2025-07-18,582.99,1505,-10075,254542747,-218588802,0.0552068372232975,99.5529163516099,-0.0716954278598114
452.41,454,881,883,236108,140397,2025-05-13,2025-08-15,582.99,2,-95711,242551029,-150895211,0.0578834897459866,98.0815335976167,-0.681716845801549
329.32,330,2061,2058,210222,139944,2025-05-13,2025-09-19,582.99,-3,-70278,657391836,-411269570,0.0212877605617238,99.6914780669713,-0.502186588921283
569.69,576,10,221,17020,139451,2025-05-13,2025-06-06,582.99,211,122431,26866294,-18539096,0.519055586900076,89.2494923192607,0.877949960918172
560.65,562,1002,1027,723444,138645,2025-05-13,2025-05-23,582.99,25,-584799,19392347,-21563163,0.714946983982908,82.2215743148573,-4.21795953694688
359.91,360,15381,15380,246096,138420,2025-05-13,2025-06-20,582.99,-1,-107676,352756072,-402417469,0.0392395796946055,99.1484923326848,-0.777893368010403
479.98,480,68280,68305,341400,136610,2025-05-13,2025-05-16,582.99,25,-204790,36047877,-129974803,0.378968226062245,86.5647344502424,-1.4990849864578
289.57,290,2969,3149,198923,135407,2025-05-13,2025-09-19,582.99,180,-63516,657391836,-411269570,0.0205976090034681,99.7120756759748,-0.469074715487383
569.25,580,3,125,6819,134375,2025-05-13,2025-06-27,582.99,122,127556,3060691,1853040,4.39034845399291,51.7500786587081,0.949253953488372
364.42,365,2316,2315,206124,134270,2025-05-13,2025-08-15,582.99,-1,-71854.0000000001,242551029,-150895211,0.0553574233651262,98.1368910209818,-0.535145602144933
532.94,533,22322,22338,848236,134028,2025-05-13,2025-05-16,582.99,16,-714208,36047877,-129974803,0.371805529629387,86.9365399798718,-5.32879696779777
560.61,566,181,247,237834,133133,2025-05-13,2025-06-13,582.99,66,-104701,14614708,-10184166,0.910952172291092,82.1972358257175,-0.78643912478499
204.62,205,3450,3500,210450,133000,2025-05-13,2025-12-19,582.99,50,-77450,447775884,-169870901,0.0297023588702245,99.7420506460326,-0.582330827067669
453.39,455,824,823,225776,132503,2025-05-13,2025-08-15,582.99,-1,-93273,242551029,-150895211,0.0546289168701074,98.1915199378519,-0.703931231745697
527.75,528,5291,5270,587301,131750,2025-05-13,2025-05-23,582.99,-21,-455551,19392347,-21563163,0.679391720868031,82.9009660357253,-3.45769259962049
504.5,505,2845,2617,364160,130850,2025-05-13,2025-06-06,582.99,-228,-233310,26866294,-18539096,0.487041495190963,89.7365338144517,-1.78303400840657
568.33,579,0,122,0,130174,2025-05-13,2025-06-27,582.99,122,130174,3060691,1853040,4.25309186716333,56.0031705258715,1
359.45,360,2335,2357,207815,129635,2025-05-13,2025-08-15,582.99,22,-78180,242551029,-150895211,0.0534464852754758,98.2449664231274,-0.60307787248814
538.3,539,1859,1840,589303,128800,2025-05-13,2025-05-30,582.99,-19,-460503,55374195,-108562605,0.232599318148101,95.8304242616981,-3.57533385093168
434.97,437,633,633,128499,128499,2025-05-13,2025-08-15,582.99,0,0,242551029,-150895211,0.052978130222651,98.29794455335,0
214.56,215,2852,2888,193936,127072,2025-05-13,2025-12-19,582.99,36,-66864,447775884,-169870901,0.0283784823034373,99.770429128336,-0.526189876605389
354.91,355,14092,14080,211380,126720,2025-05-13,2025-06-20,582.99,-12,-84660,352756072,-402417469,0.0359228401885595,99.1844151728733,-0.668087121212121
494.9,495,12378,12623,396096,126230,2025-05-13,2025-05-23,582.99,245,-269866,19392347,-21563163,0.650926883682517,83.5518929194079,-2.13789115107344
440.67,442,796,949,172732,126217,2025-05-13,2025-08-15,582.99,153,-46515,242551029,-150895211,0.0520372972732266,98.3499818506233,-0.36853197271366
583,640,17,22,128605,125400,2025-05-13,2025-07-18,582.99,5,-3205.00000000001,254542747,-218588802,0.0492648097335101,99.6021811613434,-0.0255582137161086
583.1,600,0,74,0,125060,2025-05-13,2025-05-23,582.99,74,125060,19392347,-21563163,0.644893575800804,84.1967864952087,1
464.14,466,667,669,222111,124434,2025-05-13,2025-08-15,582.99,2,-97677,242551029,-150895211,0.051302194228168,98.4012840448514,-0.784970345725445
239.39,240,2045,2038,167690,124318,2025-05-13,2025-12-19,582.99,-7,-43372,447775884,-169870901,0.0277634424814178,99.7981925708174,-0.348879486478225
557.74,558,4555,4752,1730900,123552,2025-05-13,2025-05-16,582.99,197,-1607348,36047877,-129974803,0.342744178804205,87.279284158676,-13.0094858844859
545.9,546,12502,12176,1600256,121760,2025-05-13,2025-05-16,582.99,-326,-1478496,36047877,-129974803,0.337773012263663,87.6170571709396,-12.1427069645204
461.17,463,406,659,125860,120597,2025-05-13,2025-08-15,582.99,253,-5263.00000000002,242551029,-150895211,0.0497202590717519,98.4510043039232,-0.0436412182724281
349.92,350,14388,15054,201432,120432,2025-05-13,2025-06-20,582.99,666,-81000,352756072,-402417469,0.0341403053155666,99.2185554781889,-0.672578716620168
580.31,592,4,103,10704,120407,2025-05-13,2025-05-16,582.99,99,109703,36047877,-129974803,0.334019670562014,87.9510768415017,0.911101514031576
543.11,544,1110,1342,446220,119438,2025-05-13,2025-05-30,582.99,232,-326782,55374195,-108562605,0.21569252609451,96.0461167877926,-2.73599691890353
580.74,594,0,90,0,119340,2025-05-13,2025-05-16,582.99,90,119340,36047877,-129974803,0.331059718163153,88.2821365596648,1
564.24,566,591,676,525990,118976,2025-05-13,2025-05-23,582.99,85,-407014,19392347,-21563163,0.6135203748159,84.8103068700246,-3.42097565895643
457.29,459,683,695,198753,118845,2025-05-13,2025-08-15,582.99,12,-79908,242551029,-150895211,0.0489979368423953,98.5000022407656,-0.672371576423072
374.88,375,9834,9902,206514,118824,2025-05-13,2025-06-20,582.99,68,-87690,352756072,-402417469,0.0336844662449921,99.2522399444339,-0.737982225812967
379.88,380,9812,9810,225676,117720,2025-05-13,2025-06-20,582.99,-2,-107956,352756072,-402417469,0.0333715021069857,99.2856114465409,-0.917057424396874
531.95,532,22233,23506,800388,117530,2025-05-13,2025-05-16,582.99,1273,-682858,36047877,-129974803,0.326038618030127,88.6081751776949,-5.81007402365354
439.92,440,14703,14671,279357,117368,2025-05-13,2025-05-30,582.99,-32,-161989,55374195,-108562605,0.21195432276713,96.2580711105597,-1.38018028764229
389.23,390,1505,1505,182105,115885,2025-05-13,2025-08-15,582.99,0,-66220,242551029,-150895211,0.047777575085035,98.5477798158506,-0.571428571428571
374.26,375,1561,1562,160783,115588,2025-05-13,2025-08-15,582.99,1,-45195,242551029,-150895211,0.0476551266249215,98.5954349424756,-0.391000795930374
149.95,150,23280,23087,186240,115435,2025-05-13,2025-09-19,582.99,-193,-70805,657391836,-411269570,0.0175595426773751,99.7296352186522,-0.61337549270152
409.51,410,2370,2350,203820,115150,2025-05-13,2025-07-18,582.99,-20,-88670,254542747,-218588802,0.045237981186712,99.6474191425301,-0.770039079461572
445.56,447,475,787,114475,113328,2025-05-13,2025-08-15,582.99,312,-1147,242551029,-150895211,0.0467233639318018,98.6421583064074,-0.0101210645206833
274.43,275,1988,1988,113316,113316,2025-05-13,2025-09-19,582.99,0,0,657391836,-411269570,0.017237208281972,99.7468724269341,0
569.9,577,3,159,6369,112890,2025-05-13,2025-06-06,582.99,156,106521,26866294,-18539096,0.420191932687106,90.1567257471388,0.943582248206218
444.59,446,796,800,188652,112800,2025-05-13,2025-08-15,582.99,4,-75852,242551029,-150895211,0.0465056777804888,98.6886639841878,-0.672446808510638
583.15,610,42,42,191478,112770,2025-05-13,2025-05-16,582.99,0,-78708,36047877,-129974803,0.31283395690681,88.9210091346017,-0.697951582867784
294.16,295,1335,1335,112140,112140,2025-05-13,2025-09-19,582.99,0,0,657391836,-411269570,0.0170583195377559,99.7639307464719,0
319.31,320,1616,1615,192304,111435,2025-05-13,2025-09-19,582.99,-1,-80869,657391836,-411269570,0.0169510775609936,99.7808818240329,-0.725705568268498
557.04,558,1100,1154,650100,110784,2025-05-13,2025-05-23,582.99,54,-539316,19392347,-21563163,0.571276906297108,85.3815837763217,-4.86817590987868
578.75,586,0,152,0,110200,2025-05-13,2025-05-23,582.99,152,110200,19392347,-21563163,0.568265409029655,85.9498491853513,1
432.05,434,564,564,109980,109980,2025-05-13,2025-08-15,582.99,0,0,242551029,-150895211,0.0453430358359766,98.7340070200238,0
565.33,567.5,412,505,397992,109585,2025-05-13,2025-05-23,582.99,93,-288407,19392347,-21563163,0.565094054886703,86.514943240238,-2.63181092302779
489.98,490,56917,54304,455336,108608,2025-05-13,2025-05-16,582.99,-2613,-346728,36047877,-129974803,0.301288200689322,89.2222973352911,-3.1924720094284
572.22,576,11,282,14960,106596,2025-05-13,2025-05-23,582.99,271,91636,19392347,-21563163,0.54968075808462,87.0646239983226,0.85965702277759
284.78,285,4753,4784,175861,105248,2025-05-13,2025-08-15,582.99,31,-70613,242551029,-150895211,0.04339210616171,98.7773991261855,-0.6709201124962
526.24,528,564,595,279744,104720,2025-05-13,2025-06-20,582.99,31,-175024,352756072,-402417469,0.0296862359891568,99.3152976825301,-1.67135217723453
554.21,558,69,276,71829,104604,2025-05-13,2025-06-13,582.99,207,32775,14614708,-10184166,0.715744714160557,82.9129805398781,0.313324538258575
507.99,509,775,1032,211575,104232,2025-05-13,2025-06-20,582.99,257,-107343,352756072,-402417469,0.0295478967687337,99.3448455792988,-1.02984688003684
525.14,526,1221,1209,347985,103974,2025-05-13,2025-06-06,582.99,-12,-244011,26866294,-18539096,0.387005368138977,90.5437311152778,-2.34684632696636
506.98,508,1090,1017,297570,103734,2025-05-13,2025-06-20,582.99,-73,-193836,352756072,-402417469,0.02940672272822,99.374252302027,-1.86858696280872
313.75,315,825,826,165000,103250,2025-05-13,2025-12-19,582.99,1,-61750,447775884,-169870901,0.023058410175569,99.821250980993,-0.598062953995157
521.96,522,25444,25566,483436,102264,2025-05-13,2025-05-16,582.99,122,-381172,36047877,-129974803,0.28368938342749,89.5059867187186,-3.72733317687554
580.62,587,32,160,71872,102080,2025-05-13,2025-05-16,582.99,128,30208,36047877,-129974803,0.283178951148774,89.7891656698673,0.295924764890282
524.77,525,4608,4431,400896,101913,2025-05-13,2025-05-23,582.99,-177,-298983,19392347,-21563163,0.525532056537561,87.5901560548602,-2.93370816284478
546.52,547,572,2123,176176,101904,2025-05-13,2025-05-23,582.99,1551,-74272,19392347,-21563163,0.525485646476932,88.1156417013371,-0.728842832469776
544.97,546,951,985,425097,101455,2025-05-13,2025-05-30,582.99,34,-323642,55374195,-108562605,0.183217110424811,96.4412882209845,-3.19000542112266
486.23,489,365,366,189070,101382,2025-05-13,2025-08-15,582.99,1,-87688,242551029,-150895211,0.0417982147583468,98.8191973409439,-0.864926712828707
575.71,585,91,109,203931,101261,2025-05-13,2025-06-06,582.99,18,-102670,26866294,-18539096,0.376907213179458,90.9206383284572,-1.01391453767986
434.62,436,489,729,97800,100602,2025-05-13,2025-08-15,582.99,240,2801.99999999999,242551029,-150895211,0.0414766329439072,98.8606739738878,0.027852328979543
537.94,538,17317,16734,1004386,100404,2025-05-13,2025-05-16,582.99,-583,-903982,36047877,-129974803,0.2785295788709,90.0676952487382,-9.0034460778455
451.44,453,417,643,110505,100308,2025-05-13,2025-08-15,582.99,226,-10197,242551029,-150895211,0.0413554213369262,98.9020293952247,-0.101656896757985
558.16,563,61,207,73444,100188,2025-05-13,2025-06-13,582.99,146,26744,14614708,-10184166,0.685528578470401,83.5985091183485,0.26693815626622
573.18,583,3,102,8799,100164,2025-05-13,2025-06-13,582.99,99,91365,14614708,-10184166,0.68536436034165,84.2838734786901,0.91215406732958
426.21,428,559,559,100061,100061,2025-05-13,2025-08-15,582.99,0,0,242551029,-150895211,0.041253587095687,98.9432829823204,0
489.64,490,2726,2763,231710,99468,2025-05-13,2025-06-06,582.99,37,-132242,26866294,-18539096,0.370233423337063,91.2908717517943,-1.32949290223992
324.03,325,1020,1020,98940,98940,2025-05-13,2025-09-19,582.99,0,0,657391836,-411269570,0.0150503846536969,99.7959322086866,0
219.81,220,5193,5193,145404,98667,2025-05-13,2025-09-19,582.99,0,-46737,657391836,-411269570,0.0150088569095038,99.8109410655961,-0.473684210526316
514.41,515,1690,1671,312650,98589,2025-05-13,2025-06-06,582.99,-19,-214061,26866294,-18539096,0.366961665795811,91.6578334175901,-2.17124628508251
514.97,515,33581,32851,503715,98553,2025-05-13,2025-05-16,582.99,-730,-405162,36047877,-129974803,0.273394741110551,90.3410899898488,-4.11110772883626
528.69,530,756,748,320544,97988,2025-05-13,2025-06-13,582.99,-8,-222556,14614708,-10184166,0.670475250001574,84.9543487286917,-2.27125770502511
565.87,568,395,460,391050,97980,2025-05-13,2025-05-23,582.99,65,-293070,19392347,-21563163,0.505250860042882,88.62089256138,-2.99112063686467
516.65,518,1415,724,509400,97740,2025-05-13,2025-06-20,582.99,-691,-411660,352756072,-402417469,0.0277075315658918,99.4019598335929,-4.21178637200737
536.25,537,1310,1303,386450,97725,2025-05-13,2025-05-30,582.99,-7,-288725,55374195,-108562605,0.176481120854217,96.6177693418387,-2.95446405730366
556.08,557,947,1053,516115,96876,2025-05-13,2025-05-23,582.99,106,-419239,19392347,-21563163,0.499557892605779,89.1204504539858,-4.32758371526488
500.11,501,730,1085,158410,96565,2025-05-13,2025-06-20,582.99,355,-61845,352756072,-402417469,0.0273744402052419,99.4293342737981,-0.640449438202247
527.51,528,1958,1967,385726,96383,2025-05-13,2025-05-30,582.99,9,-289343,55374195,-108562605,0.174057609325066,96.7918269511638,-3.00201280308768
488.1,491,333,330,174825,95700,2025-05-13,2025-08-15,582.99,-3,-79125,242551029,-150895211,0.0394556149254679,98.9827385972459,-0.826802507836991
299.51,300,2001,1944,150075,95256,2025-05-13,2025-09-19,582.99,-57,-54819,657391836,-411269570,0.0144899882815095,99.8254310538776,-0.575491307634165
557.58,565,80,128,123440,94976,2025-05-13,2025-06-27,582.99,48,-28464,3060691,1853040,3.10309011919204,59.1062606450635,-0.299696765498652
535.28,537,194,549,100686,94428,2025-05-13,2025-06-13,582.99,355,-6258.00000000002,14614708,-10184166,0.646116227570199,85.6004649562619,-0.0662727157199137
450.46,452,610,610,158600,93940,2025-05-13,2025-08-15,582.99,0,-64660,242551029,-150895211,0.0387299944210915,99.021468591667,-0.688311688311688
557.95,559,925,894,567950,93870,2025-05-13,2025-05-23,582.99,-31,-474080,19392347,-21563163,0.484056932355841,89.6045073863416,-5.05038883562374
469.87,470,7213,7218,252455,93834,2025-05-13,2025-05-30,582.99,5,-158621,55374195,-108562605,0.169454382135939,96.9612813332997,-1.69044269667711
456.32,458,556,555,159016,93240,2025-05-13,2025-08-15,582.99,-1,-65776,242551029,-150895211,0.0384413953568509,99.0599099870238,-0.705448305448306
454.89,455,8427,8450,219102,92950,2025-05-13,2025-05-30,582.99,23,-126152,55374195,-108562605,0.167857970666662,97.1291393039664,-1.3572027972028
563.18,569,59,159,81597,92538,2025-05-13,2025-06-13,582.99,100,10941,14614708,-10184166,0.63318404993107,86.233649006193,0.11823250988783
474.75,475,3686,3697,224846,92425,2025-05-13,2025-06-06,582.99,11,-132421,26866294,-18539096,0.34401841951108,92.0018518371012,-1.43274005950771
541.06,542,987,974,371112,91556,2025-05-13,2025-05-30,582.99,-13,-279556,55374195,-108562605,0.165340552580494,97.2944798565469,-3.05338809034908
577.06,590,66,70,181500,90580,2025-05-13,2025-06-13,582.99,4,-90920,14614708,-10184166,0.619786587593813,86.8534355937868,-1.00375358798852
580.27,590,35,93,90825,90489,2025-05-13,2025-05-23,582.99,58,-336,19392347,-21563163,0.466622219579714,90.0711296059214,-0.0037131585054537
510.88,512,802,806,243006,90272,2025-05-13,2025-06-20,582.99,4,-152734,352756072,-402417469,0.0255904879222037,99.4549247617203,-1.69193105281815
394.61,395,2311,2307,164081,89973,2025-05-13,2025-07-18,582.99,-4,-74108,254542747,-218588802,0.035346911691811,99.6827660542219,-0.823669323019128
548.81,552,131,281,111874,89639,2025-05-13,2025-06-13,582.99,150,-22235,14614708,-10184166,0.613347868462374,87.4667834622491,-0.248050513727284
573.72,582,9,108,18639,89424,2025-05-13,2025-06-06,582.99,99,70785,26866294,-18539096,0.332848289384461,92.3347001264856,0.791566022544283
209.6,210,2234,2234,129572,89360,2025-05-13,2025-12-19,582.99,0,-40212,447775884,-169870901,0.0199564119446862,99.8412073929377,-0.45
359.05,360,985,939,163510,89205,2025-05-13,2025-09-19,582.99,-46,-74305,657391836,-411269570,0.0135695326767033,99.8390005865543,-0.832969003979598
253.94,255,841,841,89146,89146,2025-05-13,2025-12-19,582.99,0,0,447775884,-169870901,0.0199086201792859,99.861116013117,0
566.81,572,63,170,96012,88230,2025-05-13,2025-06-06,582.99,107,-7782,26866294,-18539096,0.328404059004193,92.6631041854898,-0.0882012920775247
433.78,435,629,722,126429,88084,2025-05-13,2025-08-15,582.99,93,-38345,242551029,-150895211,0.0363156571065299,99.0962256441303,-0.435323100676627
244.88,245,7119,7318,149499,87816,2025-05-13,2025-08-15,582.99,199,-61683,242551029,-150895211,0.0362051648933635,99.1324308090237,-0.702411861164253
439.72,441,681,683,147096,87424,2025-05-13,2025-08-15,582.99,2,-59672,242551029,-150895211,0.0360435494173888,99.1684743584411,-0.682558565153734
436.63,438,636,634,131016,86858,2025-05-13,2025-08-15,582.99,-2,-44158,242551029,-150895211,0.0358101964597314,99.2042845549008,-0.508393009279514
553.83,560,26,139,35204,85763,2025-05-13,2025-06-27,582.99,113,50559,3060691,1853040,2.80207966109614,61.9083403061596,0.58951995615825
460.24,462,218,483,67144,85008,2025-05-13,2025-08-15,582.99,265,17864,242551029,-150895211,0.0350474703613812,99.2393320252622,0.210144927536232
522.4,524,522,530,230724,84800,2025-05-13,2025-06-20,582.99,8,-145924,352756072,-402417469,0.0240392743686068,99.4789640360889,-1.72080188679245
283.97,285,820,820,106600,84460,2025-05-13,2025-12-19,582.99,0,-22140,447775884,-169870901,0.0188621145126253,99.8799781276296,-0.262135922330097
556.54,561,197,189,225565,84294,2025-05-13,2025-06-13,582.99,-8,-141271,14614708,-10184166,0.576775122705154,88.0435585849543,-1.67593185754621
582.43,595,18,67,54720,84219,2025-05-13,2025-05-16,582.99,49,29499,36047877,-129974803,0.233630956963152,90.5747209468119,0.350265379546183
549.69,553,225,252,196650,83412,2025-05-13,2025-06-13,582.99,27,-113238,14614708,-10184166,0.570740106473561,88.6142986914279,-1.35757444971946
579.15,615,23,23,107180,82455,2025-05-13,2025-07-18,582.99,0,-24725,254542747,-218588802,0.0323933802757303,99.7151594344977,-0.299860529986053
509.86,511,561,722,163251,82308,2025-05-13,2025-06-20,582.99,161,-80943,352756072,-402417469,0.0233328372020199,99.502296873291,-0.983415949846916
427.16,429,444,444,81696,81696,2025-05-13,2025-08-15,582.99,0,0,242551029,-150895211,0.0336819845031455,99.2730140097654,0
309.46,310,1501,1509,129086,81486,2025-05-13,2025-09-19,582.99,8,-47600,657391836,-411269570,0.0123953471183661,99.8513959336726,-0.584149424441008
519.46,521,319,525,128557,80850,2025-05-13,2025-06-20,582.99,206,-47707,352756072,-402417469,0.0229195204328049,99.5252163937238,-0.590068027210885
536.95,539,97,394,54223,80770,2025-05-13,2025-06-13,582.99,297,26547,14614708,-10184166,0.552662427466905,89.1669611188948,0.328674012628451
581.93,589,34,114,70924,80598,2025-05-13,2025-05-16,582.99,80,9674,36047877,-129974803,0.223585982608629,90.7983069294206,0.12002779225291
394.84,395,5088,5035,152640,80560,2025-05-13,2025-06-20,582.99,-53,-72080,352756072,-402417469,0.0228373106501764,99.5480537043739,-0.894736842105263
546.83,549,375,371,244125,80507,2025-05-13,2025-06-06,582.99,-4,-163618,26866294,-18539096,0.299658002700335,92.9627621881902,-2.03234501347709
431.71,433,619,624,118848,80496,2025-05-13,2025-08-15,582.99,5,-38352,242551029,-150895211,0.0331872432501616,99.3062012530155,-0.476446034585569
525.53,526,1781,1696,329485,79712,2025-05-13,2025-05-30,582.99,-85,-249773,55374195,-108562605,0.143951528324701,97.4384313848716,-3.13344289441991
339.93,340,11267,11376,123937,79632,2025-05-13,2025-06-20,582.99,109,-44305,352756072,-402417469,0.0225742393457653,99.5706279437197,-0.556371810327507
558.71,559,2839,2735,1169668,79315,2025-05-13,2025-05-16,582.99,-104,-1090353,36047877,-129974803,0.22002682709997,91.0183337565205,-13.7471222341297
424.99,425,79175,79171,158350,79171,2025-05-13,2025-05-16,582.99,-4,-79179,36047877,-129974803,0.219627358360105,91.2379611148806,-1.00010104710058
567.88,575,23,111,40158,79032,2025-05-13,2025-06-13,582.99,88,38874,14614708,-10184166,0.540770297976532,89.7077314168713,0.491876708168843
449.98,450,39494,39414,118482,78828,2025-05-13,2025-05-16,582.99,-80,-39654,36047877,-129974803,0.218675846014455,91.4566369608951,-0.503044603440402
540.23,541,1043,1022,362964,78694,2025-05-13,2025-05-30,582.99,-21,-284270,55374195,-108562605,0.142113126881574,97.5805445117532,-3.61234655755204
574.05,584,3,79,8400,78605,2025-05-13,2025-06-13,582.99,76,70205,14614708,-10184166,0.537848583769173,90.2455800006405,0.893136568920552
522.57,523,1800,1823,280800,78389,2025-05-13,2025-05-30,582.99,23,-202411,55374195,-108562605,0.141562328806766,97.7221068405599,-2.58213524856804
229.28,230,1083,1083,77976,77976,2025-05-13,2025-12-19,582.99,0,0,447775884,-169870901,0.0174140686862002,99.8973921963158,0
514.64,516,555,572,194250,77792,2025-05-13,2025-06-20,582.99,17,-116458,352756072,-402417469,0.0220526324490879,99.5926805761688,-1.49704339777869
164.64,165,2149,2149,77364,77364,2025-05-13,2025-12-19,582.99,0,0,447775884,-169870901,0.0172773931701958,99.914669589486,0
555.13,558,240,268,212880,76916,2025-05-13,2025-06-06,582.99,28,-135964,26866294,-18539096,0.286291812335561,93.2490540005257,-1.76769462790577
551.43,554,331,299,258511,76843,2025-05-13,2025-06-06,582.99,-32,-181668,26866294,-18539096,0.286020096407789,93.5350740969335,-2.3641450750231
539.46,541,256,498,124928,76692,2025-05-13,2025-06-06,582.99,242,-48236,26866294,-18539096,0.285458053872261,93.8205321508058,-0.628957387993533
547.88,548,6598,6356,1029288,76272,2025-05-13,2025-05-16,582.99,-242,-953016,36047877,-129974803,0.21158527588185,91.6682222367769,-12.4949653870359
484.53,485,1636,1602,171780,75294,2025-05-13,2025-06-13,582.99,-34,-96486,14614708,-10184166,0.515193324423588,90.760773325064,-1.28145668977608
404.98,405,37237,37613,148948,75226,2025-05-13,2025-05-23,582.99,376,-73722,19392347,-21563163,0.387915913427085,90.4590455193484,-0.980006912503656
259.84,260,4584,4685,128352,74960,2025-05-13,2025-08-15,582.99,101,-53392,242551029,-150895211,0.0309048369363958,99.3371060899519,-0.712273212379936
578.98,588,8,83,16696,74866,2025-05-13,2025-05-23,582.99,75,58170,19392347,-21563163,0.386059511001943,90.8451050303504,0.776988218951193
541.92,542,9667,9346,841029,74768,2025-05-13,2025-05-16,582.99,-321,-766261,36047877,-129974803,0.207413046821038,91.875635283598,-10.248515407661
520.49,522,383,495,154732,74745,2025-05-13,2025-06-20,582.99,112,-79987,352756072,-402417469,0.0211888627674707,99.6138694389363,-1.07013178139006
489.07,492,251,249,134034,72957,2025-05-13,2025-08-15,582.99,-2,-61077,242551029,-150895211,0.0300790313282901,99.3671851212802,-0.837164357087051
555.12,556,953,828,497466,72864,2025-05-13,2025-05-23,582.99,-125,-424602,19392347,-21563163,0.375735850848791,91.2208408811992,-5.82732213438735
404.14,405,836,846,114532,72756,2025-05-13,2025-08-15,582.99,10,-41776,242551029,-150895211,0.0299961621684153,99.3971812834486,-0.574193193688493
551.83,558,1,117,1242,72189,2025-05-13,2025-06-27,582.99,116,70947,3060691,1853040,2.35858503847661,64.2669253446362,0.982795162697918
536.17,538,229,394,115645,72102,2025-05-13,2025-06-13,582.99,165,-43543,14614708,-10184166,0.493352313299725,91.2541256383638,-0.603908352056808
339.78,340,3272,3274,121064,72028,2025-05-13,2025-07-18,582.99,2,-49036,254542747,-218588802,0.0282970152750021,99.7434564497727,-0.680790803576387
249.72,250,2462,2562,105866,71736,2025-05-13,2025-09-19,582.99,100,-34130,657391836,-411269570,0.0109122133971861,99.8623081470699,-0.475772276123564
442.65,444,528,530,121440,71550,2025-05-13,2025-08-15,582.99,2,-49890,242551029,-150895211,0.0294989472091665,99.4266802306578,-0.69727463312369
525.32,527,416,423,198848,71064,2025-05-13,2025-06-20,582.99,7,-127784,352756072,-402417469,0.020145365492107,99.6340148044284,-1.79815377687718
549.81,552,239,323,173514,70737,2025-05-13,2025-06-06,582.99,84,-102777,26866294,-18539096,0.263292734010876,94.0838248848166,-1.45294541753255
565.15,567,290,381,255200,70485,2025-05-13,2025-05-23,582.99,91,-184715,19392347,-21563163,0.363468124822643,91.5843090060218,-2.62062850251827
279.9,280,6997,7003,111952,70030,2025-05-13,2025-07-18,582.99,6,-41922,254542747,-218588802,0.0275120783543677,99.770968528127,-0.598629158931886
551.85,552,4772,4664,1092788,69960,2025-05-13,2025-05-16,582.99,-108,-1022828,36047877,-129974803,0.194075229451099,92.0697105130491,-14.6201829616924
334.26,335,1026,944,111834,69856,2025-05-13,2025-09-19,582.99,-82,-41978,657391836,-411269570,0.0106262347924868,99.8729343818623,-0.600921896472744
379.36,380,1089,1086,113256,69504,2025-05-13,2025-08-15,582.99,-3,-43752,242551029,-150895211,0.0286554133728289,99.4553356440306,-0.629488950276243
560.83,660,7,7,69419,69419,2025-05-13,2025-09-19,582.99,0,0,657391836,-411269570,0.0105597599785222,99.8834941418409,0
324.83,325,3940,4071,122140,69207,2025-05-13,2025-07-18,582.99,131,-52933,254542747,-218588802,0.027188753486659,99.7981572816137,-0.764850376407011
563.86,650,8,8,68912,68912,2025-05-13,2025-09-19,582.99,0,0,657391836,-411269570,0.0104826370250208,99.8939767788659,0
560.13,568,60,87,103320,68469,2025-05-13,2025-06-27,582.99,27,-34851,3060691,1853040,2.23704385708979,66.503969201726,-0.509004074836787
499.9,500,6623,6845,218559,68450,2025-05-13,2025-05-23,582.99,222,-150109,19392347,-21563163,0.352974294447186,91.937283300469,-2.19297297297297
581.4,595,24,50,74112,68000,2025-05-13,2025-05-30,582.99,26,-6112,55374195,-108562605,0.122800882252103,97.844907722812,-0.0898823529411765
259.23,260,872,883,87200,67991,2025-05-13,2025-12-19,582.99,11,-19209,447775884,-169870901,0.0151841585108679,99.9298537479969,-0.282522686826198
214.71,215,2342,2342,67918,67918,2025-05-13,2025-09-19,582.99,0,0,657391836,-411269570,0.0103314334436,99.9043082123095,0
570.8,574,58,212,76676,67840,2025-05-13,2025-05-23,582.99,154,-8835.99999999999,19392347,-21563163,0.34982872367125,92.2871120241402,-0.130247641509434
481.48,484,270,268,125010,67536,2025-05-13,2025-08-15,582.99,-2,-57474,242551029,-150895211,0.0278440377179352,99.4831796817486,-0.851012793176972
569.29,572,119,249,141134,67479,2025-05-13,2025-05-23,582.99,130,-73655,19392347,-21563163,0.347967164572705,92.635079188713,-1.09152477066939
555.8,556,2477,3360,797594,67200,2025-05-13,2025-05-16,582.99,883,-730394,36047877,-129974803,0.186418745270353,92.2561292583194,-10.8689583333333
437.74,439,328,533,68880,67158,2025-05-13,2025-08-15,582.99,205,-1722,242551029,-150895211,0.0276881942232453,99.5108678759718,-0.0256410256410256
490.02,493,226,223,124526,66454,2025-05-13,2025-08-15,582.99,-3,-58072,242551029,-150895211,0.0273979460214947,99.5382658219933,-0.873867637764469
329.93,330,9419,9403,84771,65821,2025-05-13,2025-06-20,582.99,-16,-18950,352756072,-402417469,0.0186590693185857,99.6526738737469,-0.287902037343705
513.67,514,1501,1983,186124,65439,2025-05-13,2025-05-30,582.99,482,-120685,55374195,-108562605,0.11817598431905,97.9630837071311,-1.84423661730772
504.98,505,32732,32685,360052,65370,2025-05-13,2025-05-16,582.99,-47,-294682,36047877,-129974803,0.181342163367901,92.4374714216873,-4.5079088266789
384.33,385,961,970,104749,64990,2025-05-13,2025-08-15,582.99,9,-39759,242551029,-150895211,0.0267943616928543,99.5650601836861,-0.611771041698723
536.93,537,9249,9265,490197,64855,2025-05-13,2025-05-16,582.99,16,-425342,36047877,-129974803,0.179913507805189,92.6173849294925,-6.5583532495567
564.31,569,137,138,181799,64722,2025-05-13,2025-06-06,582.99,1,-117077,26866294,-18539096,0.240904085989679,94.3247289708063,-1.80892123234758
548.89,549,5458,5828,944234,64108,2025-05-13,2025-05-16,582.99,370,-880126,36047877,-129974803,0.177841263717139,92.7952261932097,-13.7288013976415
540.52,542,437,431,219374,63788,2025-05-13,2025-06-06,582.99,-6,-155586,26866294,-18539096,0.237427610968599,94.5621565817749,-2.43911080454004
582.09,602,25,32,93500,63712,2025-05-13,2025-05-16,582.99,7,-29788,36047877,-129974803,0.17674272468251,92.9719689178922,-0.467541436464089
552.85,553,2232,4233,551304,63495,2025-05-13,2025-05-16,582.99,2001,-487809,36047877,-129974803,0.176140747484242,93.1481096653764,-7.68263642806521
484.98,485,31650,31634,221550,63268,2025-05-13,2025-05-16,582.99,-16,-158282,36047877,-129974803,0.17551102940126,93.3236206947777,-2.50177024720238
568.42,571,76,245,79040,63210,2025-05-13,2025-05-23,582.99,169,-15830,19392347,-21563163,0.32595332581456,92.9610325145275,-0.250435057744028
545.34,548,245,235,187915,62510,2025-05-13,2025-06-13,582.99,-10,-125405,14614708,-10184166,0.427719801175638,91.6818454395394,-2.00615901455767
555.1,559,137,160,147686,62400,2025-05-13,2025-06-13,582.99,23,-85286,14614708,-10184166,0.426967134752196,92.1088125742916,-1.36676282051282
414.46,415,1135,1134,102150,61236,2025-05-13,2025-07-18,582.99,-1,-40914,254542747,-218588802,0.0240572558918758,99.8222145375056,-0.668136390358613
279.6,280,1510,1527,89090,61080,2025-05-13,2025-09-19,582.99,17,-28010,657391836,-411269570,0.00929126232714579,99.9135994746366,-0.458578912901113
289.02,290,560,620,87920,60760,2025-05-13,2025-12-19,582.99,60,-27160,447775884,-169870901,0.0135692881575552,99.9434230361544,-0.447004608294931
550.55,554,137,176,123848,60720,2025-05-13,2025-06-13,582.99,39,-63128,14614708,-10184166,0.415471865739637,92.5242844400312,-1.03965744400527
578.26,595,33,36,106557,60264,2025-05-13,2025-06-13,582.99,3,-46293,14614708,-10184166,0.412351721293371,92.9366361613246,-0.768170051772202
508.57,510,133,421,45752,60203,2025-05-13,2025-06-27,582.99,288,14451,3060691,1853040,1.96697412447059,68.4709433261966,0.240037871866851
499.39,500,800,986,127200,60146,2025-05-13,2025-06-13,582.99,186,-67054,14614708,-10184166,0.411544315493679,93.3481804768183,-1.114853855618
512.88,514,523,537,165791,60144,2025-05-13,2025-06-20,582.99,14,-105647,352756072,-402417469,0.0170497419531307,99.6697236157001,-1.75656757116254
542.45,544,156,387,85644,59985,2025-05-13,2025-06-06,582.99,231,-25659,26866294,-18539096,0.223272327772487,94.7854289095474,-0.427756939234809
526.75,527,2383,2397,228768,59925,2025-05-13,2025-05-23,582.99,14,-168843,19392347,-21563163,0.309013653685137,93.2700461682126,-2.81757196495619
582.2,605,21,26,84840,59280,2025-05-13,2025-05-16,582.99,5,-25560,36047877,-129974803,0.164447964577775,93.4880686593555,-0.431174089068826
567.1,573,40,100,60720,59000,2025-05-13,2025-06-06,582.99,60,-1720.00000000001,26866294,-18539096,0.219606023815566,95.005034933363,-0.0291525423728815
299.96,300,14722,14651,88332,58604,2025-05-13,2025-06-20,582.99,-71,-29728,352756072,-402417469,0.0166131796591725,99.6863367953593,-0.507269128387141
517.96,518,14471,14490,231536,57960,2025-05-13,2025-05-16,582.99,19,-173576,36047877,-129974803,0.160786167795679,93.6488548271511,-2.99475500345066
531.41,532,800,977,184000,57643,2025-05-13,2025-05-30,582.99,177,-126357,55374195,-108562605,0.104097224347911,98.067180931479,-2.19206148187985
389.86,390,4103,4102,98472,57428,2025-05-13,2025-06-20,582.99,-1,-41044,352756072,-402417469,0.0162798048165136,99.7026166001758,-0.714703628891829
369.4,370,948,950,99540,57000,2025-05-13,2025-08-15,582.99,2,-42540,242551029,-150895211,0.0235002095167364,99.5885603932029,-0.746315789473685
464.78,465,2605,2585,132855,56870,2025-05-13,2025-06-06,582.99,-20,-75985,26866294,-18539096,0.211677874142225,95.2167128075052,-1.33611746087568
523.55,524,1277,1263,215813,56835,2025-05-13,2025-05-30,582.99,-14,-158978,55374195,-108562605,0.102638060923504,98.1698189924025,-2.79718483328935
269.18,270,697,690,76670,56580,2025-05-13,2025-12-19,582.99,-7,-20090,447775884,-169870901,0.0126357854502053,99.9560588216046,-0.355072463768116
505.05,506,591,594,148341,56430,2025-05-13,2025-06-20,582.99,3,-91911,352756072,-402417469,0.0159968897714679,99.7186134899473,-1.62876129718235
264.21,265,713,714,86273,56406,2025-05-13,2025-12-19,582.99,1,-29867,447775884,-169870901,0.0125969267250668,99.9686557483297,-0.52950040775804
511.81,513,488,474,151768,56406,2025-05-13,2025-06-20,582.99,-14,-95362,352756072,-402417469,0.0159900862032504,99.7346035761505,-1.69063574797007
446.55,448,101,389,24644,56405,2025-05-13,2025-08-15,582.99,288,31761,242551029,-150895211,0.0232549003121318,99.611815293515,0.563088378689832
569.48,577,5,75,8690,56400,2025-05-13,2025-06-13,582.99,70,47710,14614708,-10184166,0.385912602564485,93.7340930793828,0.845921985815603
570.04,582,0,47,0,56212,2025-05-13,2025-06-27,582.99,47,56212,3060691,1853040,1.83657873336446,70.3075220595611,1
567.33,578,0,52,0,55484,2025-05-13,2025-06-27,582.99,52,55484,3060691,1853040,1.8127932548565,72.1203153144176,1
526.96,527,13679,13682,341975,54728,2025-05-13,2025-05-16,582.99,3,-287247,36047877,-129974803,0.151820313856486,93.8006751410076,-5.24862958631779
509.24,510,290,718,64670,54568,2025-05-13,2025-06-13,582.99,428,-10102,14614708,-10184166,0.373377285403171,94.107470364786,-0.18512681425011
269.91,270,6037,6037,84518,54333,2025-05-13,2025-07-18,582.99,0,-30185,254542747,-218588802,0.0213453341886029,99.8435598716942,-0.555555555555556
567.9,574,11,88,15763,53680,2025-05-13,2025-06-06,582.99,77,37917,26866294,-18539096,0.199804260312196,95.4165170678174,0.706352459016394
309.95,310,10724,10708,96516,53540,2025-05-13,2025-06-20,582.99,-16,-42976,352756072,-402417469,0.0151776267652737,99.7497812029158,-0.802689577885693
504.89,505,4814,4790,187746,52690,2025-05-13,2025-05-23,582.99,-24,-135056,19392347,-21563163,0.271705121613181,93.5417512898258,-2.56321882710192
520.96,521,13163,13164,250097,52656,2025-05-13,2025-05-16,582.99,1,-197441,36047877,-129974803,0.146072402543983,93.9467475435516,-3.74963916742631
546.9,547,5684,5247,818496,52470,2025-05-13,2025-05-16,582.99,-437,-766026,36047877,-129974803,0.145556422088324,94.0923039656399,-14.5993138936535
528.95,529,10652,10490,319560,52450,2025-05-13,2025-05-16,582.99,-162,-267110,36047877,-129974803,0.145500940318899,94.2378049059588,-5.09265967588179
447.52,449,352,354,87648,52392,2025-05-13,2025-08-15,582.99,2,-35256,242551029,-150895211,0.0216004031052781,99.6334156966203,-0.672927164452588
503.02,504,380,531,89300,52038,2025-05-13,2025-06-20,582.99,151,-37262,352756072,-402417469,0.0147518367876599,99.7645330397034,-0.716053653099658
344.55,345,1125,1152,84375,51840,2025-05-13,2025-08-15,582.99,27,-32535,242551029,-150895211,0.0213728221289055,99.6547885187492,-0.627604166666667
284.97,285,17252,17251,103512,51753,2025-05-13,2025-06-20,582.99,-1,-51759,352756072,-402417469,0.0146710444150767,99.7792040841185,-1.0001159353081
548.11,551,172,179,141728,51731,2025-05-13,2025-06-13,582.99,7,-89997,14614708,-10184166,0.353965334100415,94.4614356988864,-1.73971119831436
581.3,610,0,18,0,51660,2025-05-13,2025-06-06,582.99,18,51660,26866294,-18539096,0.192285545598511,95.6088026134159,1
279.79,280,2319,2458,92760,51618,2025-05-13,2025-08-15,582.99,139,-41142,242551029,-150895211,0.0212812949971035,99.6760698137463,-0.797047541555272
553.37,556,157,194,129996,51022,2025-05-13,2025-06-06,582.99,37,-78974,26866294,-18539096,0.189910822832505,95.7987134362484,-1.54784210732625
518.97,519,16851,16976,286467,50928,2025-05-13,2025-05-16,582.99,125,-235539,36047877,-129974803,0.141278777665603,94.3790836836244,-4.6249410933082
517.59,519,362,360,132492,50760,2025-05-13,2025-06-20,582.99,-2,-81732,352756072,-402417469,0.0143895467800764,99.7935936308986,-1.61016548463357
474.77,477,225,227,92250,50621,2025-05-13,2025-08-15,582.99,2,-41629,242551029,-150895211,0.0208702474727493,99.6969400612191,-0.822366211651291
269.82,270,2590,2810,82880,50580,2025-05-13,2025-08-15,582.99,220,-32300,242551029,-150895211,0.0208533438132724,99.7177934050323,-0.638592328983788
507.97,508,16577,16777,198924,50331,2025-05-13,2025-05-16,582.99,200,-148593,36047877,-129974803,0.139622646848246,94.5187063304727,-2.95231567026286
470.93,473,244,243,90768,50301,2025-05-13,2025-08-15,582.99,-1,-40467,242551029,-150895211,0.0207383164719536,99.7385317215043,-0.804496928490488
557.47,562,84,111,98028,50283,2025-05-13,2025-06-13,582.99,27,-47745,14614708,-10184166,0.344057506999114,94.8054932058855,-0.949525684625022
550.26,551,787,673,319522,49802,2025-05-13,2025-05-23,582.99,-114,-269720,19392347,-21563163,0.256812648824817,93.7985639386507,-5.41584675314244
531.03,532,722,513,254144,49761,2025-05-13,2025-06-06,582.99,-209,-204383,26866294,-18539096,0.185217209340447,95.9839306455889,-4.10729285987018
531.72,532,1792,1743,249088,48804,2025-05-13,2025-05-23,582.99,-49,-200284,19392347,-21563163,0.251666288768451,94.0502302274191,-4.10384394721744
578.55,598,10,25,32330,48625,2025-05-13,2025-06-20,582.99,15,16295,352756072,-402417469,0.0137843126907253,99.8073779435893,0.335115681233933
543.92,544,8719,6048,915495,48384,2025-05-13,2025-05-16,582.99,-2671,-867111,36047877,-129974803,0.134221496594654,94.6529278270673,-17.9214409722222
533.39,535,274,299,137274,48139,2025-05-13,2025-06-13,582.99,25,-89135,14614708,-10184166,0.329387354164038,95.1348805600495,-1.85161719188184
497.49,501,138,136,88734,47736,2025-05-13,2025-08-15,582.99,-2,-40998,242551029,-150895211,0.0196808070437005,99.758212528548,-0.858848667672197
556.99,564,59,68,89326,47668,2025-05-13,2025-06-27,582.99,9,-41658,3060691,1853040,1.55742608450183,73.6777413989194,-0.873919610640262
527.95,528,9648,9526,260496,47630,2025-05-13,2025-05-16,582.99,-122,-212866,36047877,-129974803,0.132129833887305,94.7850576609546,-4.46915809363846
518.2,520,24,264,11256,47520,2025-05-13,2025-06-27,582.99,240,36264,3060691,1853040,1.55259057513483,75.2303319740542,0.763131313131313
515.96,516,11800,11855,177000,47420,2025-05-13,2025-05-16,582.99,55,-129580,36047877,-129974803,0.131547275308335,94.916604936263,-2.73260227752003
574.26,583,0,54,0,47196,2025-05-13,2025-06-06,582.99,54,47196,26866294,-18539096,0.175669930508465,96.1596005760973,1
565.99,571,81,94,118908,47094,2025-05-13,2025-06-06,582.99,13,-71814,26866294,-18539096,0.175290272636784,96.3348908487341,-1.52490763154542
244.51,245,955,955,46795,46795,2025-05-13,2025-09-19,582.99,0,0,657391836,-411269570,0.00711828128026829,99.9207177559169,0
399.99,400,46683,46753,93366,46753,2025-05-13,2025-05-16,582.99,70,-46613,36047877,-129974803,0.129696958297988,95.0463018945609,-0.99700553975146
546.16,548,274,252,173168,46368,2025-05-13,2025-06-06,582.99,-22,-126800,26866294,-18539096,0.172588001903054,96.5074788506372,-2.73464458247067
548.44,549,773,827,267458,46312,2025-05-13,2025-05-23,582.99,54,-221146,19392347,-21563163,0.238815858647744,94.2890460860668,-4.77513387458974
550.46,553,171,182,127737,46228,2025-05-13,2025-06-06,582.99,11,-81509,26866294,-18539096,0.172066902863491,96.6795457535007,-1.76319546595137
576.53,593,5,28,15100,46116,2025-05-13,2025-06-20,582.99,23,31016,352756072,-402417469,0.0130730563299843,99.8204509999193,0.672564836499263
324.9,325,4608,4608,46080,46080,2025-05-13,2025-06-20,582.99,0,0,352756072,-402417469,0.013062850977658,99.833513850897,0
538.93,539,7075,6577,452800,46039,2025-05-13,2025-05-16,582.99,-498,-406761,36047877,-129974803,0.127716259129491,95.1740181536904,-8.83513977280132
229.8,230,2242,2274,73986,45480,2025-05-13,2025-09-19,582.99,32,-28506,657391836,-411269570,0.00691824837325786,99.9276360042902,-0.626781002638523
299.88,300,3743,3782,82346,45384,2025-05-13,2025-07-18,582.99,39,-36962,254542747,-218588802,0.017829618221257,99.8613894899154,-0.814427992243963
294.88,295,3728,3763,74560,45156,2025-05-13,2025-07-18,582.99,35,-29404,254542747,-218588802,0.0177400458399233,99.8791295357553,-0.651164850739658
497.97,498,15062,15040,135558,45120,2025-05-13,2025-05-16,582.99,-22,-90438,36047877,-129974803,0.12516687182438,95.2991850255148,-2.00438829787234
429.91,430,4998,5003,94962,45027,2025-05-13,2025-05-30,582.99,5,-49935,55374195,-108562605,0.0813140488994919,98.251133041302,-1.10900126590712
553.82,554,2545,2482,687150,44676,2025-05-13,2025-05-16,582.99,-63,-642474,36047877,-129974803,0.123935176543129,95.423120202058,-14.3807413376309
550.86,551,3400,3175,707200,44450,2025-05-13,2025-05-16,582.99,-225,-662750,36047877,-129974803,0.123308232548619,95.5464284346066,-14.9100112485939
558.65,566,40,60,62400,44100,2025-05-13,2025-06-27,582.99,20,-18300,3060691,1853040,1.44085110192437,76.6711830759786,-0.414965986394558
487.96,488,10947,10960,76629,43840,2025-05-13,2025-05-16,582.99,13,-32789,36047877,-129974803,0.121616038581135,95.6680444731877,-0.747924270072993
545.58,550,37,99,37592,43758,2025-05-13,2025-06-27,582.99,62,6166,3060691,1853040,1.42967715460332,78.1008602305819,0.140911376205494
551.39,552,709,714,292817,43554,2025-05-13,2025-05-23,582.99,5,-249263,19392347,-21563163,0.224593753401793,94.5136398394686,-5.7230793956927
522.22,523,564,558,142692,43524,2025-05-13,2025-06-06,582.99,-6,-99168,26866294,-18539096,0.162002247127944,96.8415480006286,-2.2784670526606
274.81,275,2101,2280,71434,43320,2025-05-13,2025-08-15,582.99,179,-28114,242551029,-150895211,0.0178601592327196,99.7760726877807,-0.648984302862419
149.99,150,44218,43202,44218,43202,2025-05-13,2025-06-20,582.99,-1016,-1016,352756072,-402417469,0.0122469897555725,99.8457608406525,-0.0235174297486228
523.97,524,14267,14296,313874,42888,2025-05-13,2025-05-16,582.99,29,-270986,36047877,-129974803,0.118975106356471,95.7870195795442,-6.31845737735497
577.5,586,8,50,17640,42500,2025-05-13,2025-05-30,582.99,42,24860,55374195,-108562605,0.0767505514075645,98.3278835927096,0.584941176470588
506.04,507,446,440,115068,42240,2025-05-13,2025-06-20,582.99,-6,-72828,352756072,-402417469,0.0119742800628532,99.8577351207154,-1.72414772727273
511.97,512,14053,14063,182689,42189,2025-05-13,2025-05-16,582.99,10,-140500,36047877,-129974803,0.117036018515043,95.9040555980592,-3.33025196141174
419.92,420,5595,5248,67140,41984,2025-05-13,2025-05-30,582.99,-347,-25156,55374195,-108562605,0.0758187094187103,98.4037023021283,-0.599180640243902
500.97,501,13909,13905,152999,41715,2025-05-13,2025-05-16,582.99,-4,-111284,36047877,-129974803,0.115721100579654,96.0197766986389,-2.66772144312597
540.65,543,81,177,53865,41595,2025-05-13,2025-06-13,582.99,96,-12270,14614708,-10184166,0.284610544391308,95.4194911044408,-0.29498737829066
425.94,427,387,387,68499,41022,2025-05-13,2025-08-15,582.99,0,-27477,242551029,-150895211,0.0169127297332554,99.7929854175139,-0.669811320754717
512.96,513,10240,10245,133120,40980,2025-05-13,2025-05-16,582.99,5,-92140,36047877,-129974803,0.11368214555326,96.1334588441921,-2.24841386041972
510.97,511,13768,13654,178984,40962,2025-05-13,2025-05-16,582.99,-114,-138022,36047877,-129974803,0.113632211960776,96.2470910561529,-3.36951320736292
449.95,450,4412,8157,44120,40785,2025-05-13,2025-05-23,582.99,3745,-3335.00000000001,19392347,-21563163,0.210314924748407,94.723954764217,-0.0817702586735321
479.59,480,748,993,70312,40713,2025-05-13,2025-06-13,582.99,245,-29599,14614708,-10184166,0.278575528159714,95.6980666326005,-0.727015940854273
565.59,572,20,63,31240,40383,2025-05-13,2025-06-13,582.99,43,9143,14614708,-10184166,0.27631752888939,95.9743841614899,0.226407151524156
515.62,517,294,290,102018,40020,2025-05-13,2025-06-20,582.99,-4,-61998,352756072,-402417469,0.0113449500027316,99.8690800707181,-1.54917541229385
509.87,510,3130,3069,153370,39897,2025-05-13,2025-05-23,582.99,-61,-113473,19392347,-21563163,0.20573579876639,94.9296905629834,-2.84414868285836
527.53,530,47,161,28717,39767,2025-05-13,2025-06-27,582.99,114,11050,3060691,1853040,1.2992817634972,79.4001419940791,0.27786858450474
516.62,517,1013,1044,130677,39672,2025-05-13,2025-05-30,582.99,31,-91005,55374195,-108562605,0.0716434794221388,98.4753457815504,-2.2939352692075
577.66,584,5,62,9840,39308,2025-05-13,2025-05-23,582.99,57,29468,19392347,-21563163,0.202698518131921,95.1323890811154,0.749669278518368
552.25,553,513,523,227772,39225,2025-05-13,2025-05-23,582.99,10,-188547,19392347,-21563163,0.202270514239457,95.3346595953548,-4.8068068833652
561.31,569,37,51,62937,39219,2025-05-13,2025-06-27,582.99,14,-23718,3060691,1853040,1.28137730989505,80.6815193039742,-0.604757897957623
545.5,547.5,138,196,86664,39200,2025-05-13,2025-06-06,582.99,58,-47464,26866294,-18539096,0.145907731077461,96.987455731706,-1.21081632653061
454.36,456,112,239,31024,39196,2025-05-13,2025-08-15,582.99,127,8172,242551029,-150895211,0.0161598984599649,99.8091453159739,0.208490662312481
545.55,546,830,863,246510,38835,2025-05-13,2025-05-23,582.99,33,-207675,19392347,-21563163,0.20025941161222,95.534919006967,-5.34762456546929
525.96,526,9111,9693,227775,38772,2025-05-13,2025-05-16,582.99,582,-189003,36047877,-129974803,0.107556958208662,96.3546480143616,-4.87472918601052
449.48,451,249,255,63993,38760,2025-05-13,2025-08-15,582.99,6,-25233,242551029,-150895211,0.0159801424713807,99.8251254584453,-0.651006191950464
512.66,513,1038,1121,122484,38114,2025-05-13,2025-05-30,582.99,83,-84370,55374195,-108562605,0.0688298945023038,98.5441756760527,-2.21362229102167
429.99,430,38147,38065,76294,38065,2025-05-13,2025-05-16,582.99,-82,-38229,36047877,-129974803,0.105595677659464,96.460243692021,-1.00430841980822
518.29,519,527,534,114886,37914,2025-05-13,2025-06-06,582.99,7,-76972,26866294,-18539096,0.141121064185481,97.1285767958915,-2.0301735506673
552.44,556,93,106,89931,37736,2025-05-13,2025-06-13,582.99,13,-52195,14614708,-10184166,0.258205637772578,96.2325897992625,-1.38316196735213
319.95,320,7545,7544,67905,37720,2025-05-13,2025-06-20,582.99,-1,-30185,352756072,-402417469,0.010692941381885,99.8797730121,-0.800238600212089
565.6,575,1,40,1882,37600,2025-05-13,2025-06-27,582.99,39,35718,3060691,1853040,1.22848075810332,81.9100000620775,0.949946808510638
199.87,200,2852,2892,59892,37596,2025-05-13,2025-09-19,582.99,40,-22296,657391836,-411269570,0.00571896362886989,99.933354967919,-0.593041812958825
426.9,427,3757,3757,37570,37570,2025-05-13,2025-05-16,582.99,0,0,36047877,-129974803,0.104222503866178,96.5644661958872,0
526.52,527,750,782,144000,37536,2025-05-13,2025-05-30,582.99,32,-106464,55374195,-108562605,0.0677860870031609,98.6119617630559,-2.83631713554987
540.93,541,5212,5338,406536,37366,2025-05-13,2025-05-16,582.99,126,-369170,36047877,-129974803,0.103656589818036,96.6681227857053,-9.87983728523256
469.76,470,1531,1555,84205,37320,2025-05-13,2025-06-06,582.99,24,-46885,26866294,-18539096,0.138910115403338,97.2674869112949,-1.25629689174705
354.49,355,725,730,59450,37230,2025-05-13,2025-08-15,582.99,5,-22220,242551029,-150895211,0.0153493473738262,99.8404748058191,-0.596830513027129
548.98,551,159,183,113049,36966,2025-05-13,2025-06-06,582.99,24,-76083,26866294,-18539096,0.137592479260444,97.4050793905553,-2.05818860574582
542.92,543,4442,4565,421990,36520,2025-05-13,2025-05-16,582.99,123,-385470,36047877,-129974803,0.101309710971328,96.7694324966766,-10.5550383351588
547.48,548,700,700,229600,36400,2025-05-13,2025-05-23,582.99,0,-193200,19392347,-21563163,0.187702911875494,95.7226219188425,-5.30769230769231
532.41,533,634,615,147722,36285,2025-05-13,2025-05-30,582.99,-19,-111437,55374195,-108562605,0.0655269119487877,98.6774886750047,-3.07115888108034
204.86,205,2576,2576,87584,36064,2025-05-13,2025-09-19,582.99,0,-51520,657391836,-411269570,0.00548592148929577,99.9388408894083,-1.42857142857143
521.56,522,941,817,146796,35948,2025-05-13,2025-05-30,582.99,-124,-110848,55374195,-108562605,0.0649183252235089,98.7424070002282,-3.08356514966062
304.95,305,7196,7131,43176,35655,2025-05-13,2025-06-20,582.99,-65,-7521,352756072,-402417469,0.0101075510331683,99.8898805631332,-0.210938157341186
479.73,480,1503,1318,99198,35586,2025-05-13,2025-06-06,582.99,-185,-63612,26866294,-18539096,0.132455931584758,97.5375353221401,-1.78755690440061
537.53,539,95,241,45505,35427,2025-05-13,2025-06-06,582.99,146,-10078,26866294,-18539096,0.131864111961255,97.6693994341013,-0.284472295142123
567.35,685,3,3,35295,35295,2025-05-13,2025-09-19,582.99,0,0,657391836,-411269570,0.00536894407067142,99.944209833479,0
580.13,615,8,10,39656,34870,2025-05-13,2025-06-06,582.99,2,-4786,26866294,-18539096,0.129790882210996,97.7991903163123,-0.137252652710066
523.2,524,228,432,58596,34560,2025-05-13,2025-06-06,582.99,204,-24036,26866294,-18539096,0.128637020051966,97.9278273363643,-0.695486111111111
522.84,525,54,159,28944,34344,2025-05-13,2025-06-27,582.99,105,5400,3060691,1853040,1.12209955202926,83.0320996141068,0.157232704402516
530.4,532,86,214,38786,34240,2025-05-13,2025-06-13,582.99,128,-4545.99999999999,14614708,-10184166,0.234284530351205,96.4668743296137,-0.132768691588785
489.51,490,635,695,77470,34055,2025-05-13,2025-06-13,582.99,60,-43415,14614708,-10184166,0.233018682275417,96.6998930118891,-1.27484950814858
517.37,518,550,540,112200,34020,2025-05-13,2025-06-06,582.99,-10,-78180,26866294,-18539096,0.126627066613654,98.054454402978,-2.29805996472663
489.9,490,3415,3394,92205,33940,2025-05-13,2025-05-23,582.99,-21,-58265,19392347,-21563163,0.175017495303689,95.8976394141462,-1.71670595167943
324.64,325,940,940,54520,33840,2025-05-13,2025-08-15,582.99,0,-20680,242551029,-150895211,0.0139517033341466,99.8544265091533,-0.611111111111111
528.5,529,631,673,128093,33650,2025-05-13,2025-05-30,582.99,42,-94443,55374195,-108562605,0.0607683777615187,98.8031753779897,-2.80662704309064
572.1,585,0,26,0,33540,2025-05-13,2025-06-27,582.99,26,33540,3060691,1853040,1.09583097411663,84.1279305882234,1
209.83,210,1972,1972,49300,33524,2025-05-13,2025-09-19,582.99,0,-15776,657391836,-411269570,0.00509954614039351,99.9493093796194,-0.470588235294118
239.75,240,1331,1340,62557,33500,2025-05-13,2025-09-19,582.99,9,-29057,657391836,-411269570,0.00509589534969522,99.9544052749691,-0.867373134328358
159.83,160,1767,1959,42408,33303,2025-05-13,2025-12-19,582.99,192,-9105,447775884,-169870901,0.0074374259959029,99.9760931743256,-0.27339879290154
502.98,503,16603,16603,166030,33206,2025-05-13,2025-05-16,582.99,0,-132824,36047877,-129974803,0.09211638177749,96.8615488784541,-4
544.28,546,180,192,104580,33024,2025-05-13,2025-06-06,582.99,12,-71556,26866294,-18539096,0.122919819160767,98.1773742221387,-2.16678779069767
549.59,555,16,61,18992,33001,2025-05-13,2025-06-27,582.99,45,14009,3060691,1853040,1.07822057175978,85.2061511599832,0.42450228780946
284.9,285,3285,3290,65700,32900,2025-05-13,2025-07-18,582.99,5,-32800,254542747,-218588802,0.0129251374819177,99.8920546732373,-0.996960486322189
559.35,567,32,43,53760,32895,2025-05-13,2025-06-27,582.99,11,-20865,3060691,1853040,1.07475730153746,86.2809084615206,-0.634290925672595
534.72,535,1261,1173,192933,32844,2025-05-13,2025-05-23,582.99,-88,-160089,19392347,-21563163,0.169365781253811,96.0670051954,-4.87422360248447
532.87,534,292,290,108040,32770,2025-05-13,2025-06-06,582.99,-2,-75270,26866294,-18539096,0.121974396617561,98.2993486187563,-2.29691791272505
469.99,470,32634,32726,130536,32726,2025-05-13,2025-05-16,582.99,92,-97810,36047877,-129974803,0.0907848193112732,96.9523336977653,-2.9887551182546
577.3,610,28,10,127736,32700,2025-05-13,2025-06-13,582.99,-18,-95036,14614708,-10184166,0.223747200423026,96.9236402123122,-2.9062996941896
511.67,512,981,987,97119,32571,2025-05-13,2025-05-30,582.99,6,-64548,55374195,-108562605,0.0588198167034302,98.8619951946931,-1.98176291793313
459.94,460,5412,5412,70356,32472,2025-05-13,2025-05-23,582.99,0,-37884,19392347,-21563163,0.167447498747831,96.2344526941479,-1.16666666666667
294.75,295,1267,1266,53214,31650,2025-05-13,2025-08-15,582.99,-1,-21564,242551029,-150895211,0.013048800547451,99.8674753097007,-0.68132701421801
564.55,571,3,49,4776,31605,2025-05-13,2025-06-13,582.99,46,26829,14614708,-10184166,0.216254748298769,97.1398949606109,0.848884670147129
496.97,497,10439,10506,83512,31518,2025-05-13,2025-05-16,582.99,67,-51994,36047877,-129974803,0.0874337204379609,97.0397674182033,-1.64966051145377
530.47,531,618,590,136578,31270,2025-05-13,2025-05-30,582.99,-28,-105308,55374195,-108562605,0.0564703468826951,98.9184655415758,-3.3677006715702
514.11,515,230,347,58650,30883,2025-05-13,2025-06-13,582.99,117,-27767,14614708,-10184166,0.211314519592181,97.3512094802031,-0.899103066411942
179.75,180,1166,1226,44308,30650,2025-05-13,2025-12-19,582.99,60,-13658,447775884,-169870901,0.00684494210054421,99.9829381164261,-0.445611745513866
543.53,544,546,650,141960,30550,2025-05-13,2025-05-23,582.99,104,-111410,19392347,-21563163,0.157536372466932,96.3919890666148,-3.6468085106383
535.94,536,4911,5057,245550,30342,2025-05-13,2025-05-16,582.99,146,-215208,36047877,-129974803,0.0841713923957297,97.123938810599,-7.09274273284556
579.77,605,9,12,36684,30276,2025-05-13,2025-05-30,582.99,3,-6408,55374195,-108562605,0.0546752869274217,98.9731408285032,-0.211652794292509
334.81,335,718,1585,28002,30115,2025-05-13,2025-07-18,582.99,867,2113,254542747,-218588802,0.0118310187011536,99.9038856919384,0.0701643699153245
484.7,485,1207,999,89318,29970,2025-05-13,2025-06-06,582.99,-208,-59348,26866294,-18539096,0.111552415826314,98.4109010345826,-1.98024691358025
565.9,573,2,42,3286,29820,2025-05-13,2025-06-13,582.99,40,26534,14614708,-10184166,0.204041024972925,97.555250505176,0.889805499664655
533.37,534,440,470,110880,29610,2025-05-13,2025-05-30,582.99,30,-81270,55374195,-108562605,0.053472560639482,99.0266133891427,-2.74468085106383
384.6,385,739,739,47296,29560,2025-05-13,2025-07-18,582.99,0,-17736,254542747,-218588802,0.011612980667644,99.9154986726061,-0.6
518.64,519,733,820,98955,29520,2025-05-13,2025-05-30,582.99,87,-69435,55374195,-108562605,0.0533100300600307,99.0799234192028,-2.35213414634146
535.74,537,288,234,119232,29484,2025-05-13,2025-06-06,582.99,-54,-89748,26866294,-18539096,0.109743457731833,98.5206444923144,-3.04395604395604
514.86,515,2129,2105,123482,29470,2025-05-13,2025-05-23,582.99,-24,-94012,19392347,-21563163,0.151967165191506,96.5439562318063,-3.19009161859518
541.15,545,19,76,17708,29260,2025-05-13,2025-06-27,582.99,57,11552,3060691,1853040,0.955993270800614,87.2369017323212,0.394805194805195
578.55,589,0,28,0,29260,2025-05-13,2025-05-23,582.99,28,29260,19392347,-21563163,0.150884263776839,96.6948404955831,1
581.7,597,0,19,0,29070,2025-05-13,2025-05-16,582.99,19,29070,36047877,-129974803,0.0806427518602552,97.2045815624593,1
319.99,320,29035,29034,29035,29034,2025-05-13,2025-05-16,582.99,-1,-1,36047877,-129974803,0.0805428846752889,97.2851244471346,-3.44423779017703e-05
577.7,600,3,13,10953,28990,2025-05-13,2025-06-27,582.99,10,18037,3060691,1853040,0.947171733441893,88.1840734657631,0.622180062090376
542.58,543,481,690,121693,28980,2025-05-13,2025-05-23,582.99,209,-92713,19392347,-21563163,0.149440395223951,96.8442808908071,-3.19920634920635
507.71,508,988,997,89908,28913,2025-05-13,2025-05-30,582.99,9,-60995,55374195,-108562605,0.0522138515963979,99.1321372707992,-2.10960467609726
473.81,476,130,132,51480,28908,2025-05-13,2025-08-15,582.99,2,-22572,242551029,-150895211,0.0119183167843827,99.8793936264851,-0.780821917808219
517.65,518,812,825,107184,28875,2025-05-13,2025-05-30,582.99,13,-78309,55374195,-108562605,0.0521452275739629,99.1842824983731,-2.712
369.88,370,2367,2406,44973,28872,2025-05-13,2025-06-20,582.99,39,-16101,352756072,-402417469,0.00818469256568885,99.8980652556988,-0.557668329177058
474.99,475,27020,28696,81060,28696,2025-05-13,2025-05-16,582.99,1676,-52364,36047877,-129974803,0.0796052427719946,97.3647296899066,-1.82478394201282
580.93,675,3,3,33216,28221,2025-05-13,2025-05-16,582.99,0,-4995,36047877,-129974803,0.0782875507481342,97.4430172406547,-0.176995854151164
369.7,370,920,924,48760,27720,2025-05-13,2025-07-18,582.99,4,-21040,254542747,-218588802,0.0108901158358285,99.9263887884419,-0.759018759018759
534.78,536,205,225,82000,27450,2025-05-13,2025-06-06,582.99,20,-54550,26866294,-18539096,0.102172633114191,98.6228171254286,-1.98724954462659
522.97,523,9010,9125,180200,27375,2025-05-13,2025-05-16,582.99,115,-152825,36047877,-129974803,0.0759406719014271,97.5189579125561,-5.58264840182648
515.65,516,774,782,99846,27370,2025-05-13,2025-05-30,582.99,8,-72476,55374195,-108562605,0.0494273551064715,99.2337098534796,-2.64800876872488
169.79,170,1436,1292,44516,27132,2025-05-13,2025-12-19,582.99,-144,-17384,447775884,-169870901,0.00605928120952579,99.9889973976357,-0.640719445673006
532.15,535,49,95,34937,27075,2025-05-13,2025-06-27,582.99,46,-7862,3060691,1853040,0.884604162916152,89.0686776286793,-0.290378578024007
580.83,670,0,3,0,26751,2025-05-13,2025-05-16,582.99,3,26751,36047877,-129974803,0.0742096406953452,97.5931675532515,1
304.86,305,1905,1910,43815,26740,2025-05-13,2025-07-18,582.99,5,-17075,254542747,-218588802,0.0105051117406225,99.9368939001825,-0.638556469708302
577.12,587,16,27,34544,26676,2025-05-13,2025-06-06,582.99,11,-7868,26866294,-18539096,0.0992916998526109,98.7221088252812,-0.294946768630979
319.67,320,805,805,45080,26565,2025-05-13,2025-08-15,582.99,0,-18515,242551029,-150895211,0.0109523344879316,99.890345960973,-0.696969696969697
541.51,543,146,178,76358,26522,2025-05-13,2025-06-06,582.99,32,-49836,26866294,-18539096,0.0987184909090922,98.8208273161903,-1.87904381268381
516.97,517,8799,8771,149583,26313,2025-05-13,2025-05-16,582.99,-28,-123270,36047877,-129974803,0.0729945899449224,97.6661621431964,-4.68475658419793
289.77,290,948,1134,36972,26082,2025-05-13,2025-08-15,582.99,186,-10890,242551029,-150895211,0.0107532011336056,99.9010991621066,-0.417529330572809
439.99,440,25549,26053,51098,26053,2025-05-13,2025-05-16,582.99,504,-25045,36047877,-129974803,0.0722733269423883,97.7384354701388,-0.961309638045522
578.98,592,10,20,27200,26040,2025-05-13,2025-05-30,582.99,10,-1160,55374195,-108562605,0.0470255143212466,99.2807353678008,-0.044546850998464
359.69,360,836,835,39292,25885,2025-05-13,2025-07-18,582.99,-1,-13407,254542747,-218588802,0.0101692153106213,99.9470631154932,-0.51794475564999
224.98,225,12835,12929,25670,25858,2025-05-13,2025-06-20,582.99,94,188,352756072,-402417469,0.00733027779037068,99.9053955334892,0.00727047722174956
532,533,259,258,94794,25800,2025-05-13,2025-06-06,582.99,-1,-68994,26866294,-18539096,0.0960311087193492,98.9168584249097,-2.67418604651163
494.47,495,426,483,58788,25599,2025-05-13,2025-06-13,582.99,57,-33189,14614708,-10184166,0.17515916157887,97.7304096667549,-1.29649595687332
334.94,335,4234,4233,50808,25398,2025-05-13,2025-06-20,582.99,-1,-25410,352756072,-402417469,0.00719987606620135,99.9125954095554,-1.00047247814789
533.95,534,5192,5050,212872,25250,2025-05-13,2025-05-16,582.99,-142,-187622,36047877,-129974803,0.0700457338999465,97.8084812040387,-7.43057425742574
488.98,489,12046,12600,96368,25200,2025-05-13,2025-05-16,582.99,554,-71168,36047877,-129974803,0.0699070294763822,97.8783882335151,-2.82412698412698
568.6,576,17,34,29121,25160,2025-05-13,2025-06-13,582.99,17,-3960.99999999999,14614708,-10184166,0.172155338307136,97.902565005062,-0.157432432432432
234.77,235,1062,1092,37170,25116,2025-05-13,2025-09-19,582.99,30,-12054,657391836,-411269570,0.00382055246575955,99.9582258274348,-0.479933110367893
244.33,245,373,373,32451,24991,2025-05-13,2025-12-19,582.99,0,-7460,447775884,-169870901,0.00558114022951714,99.9945785378652,-0.298507462686567
582.29,605,2,11,8340,24981,2025-05-13,2025-06-06,582.99,9,16641,26866294,-18539096,0.0929826793379094,99.0098411042476,0.666146271166086
567.28,574,2,37,3010,24864,2025-05-13,2025-06-13,582.99,35,21854,14614708,-10184166,0.170129981385875,98.0726949864479,0.878941441441442
505.97,506,8198,8240,122970,24720,2025-05-13,2025-05-16,582.99,42,-98250,36047877,-129974803,0.0685754670101654,97.9469637005253,-3.9745145631068
538.84,541,150,114,87000,24624,2025-05-13,2025-06-13,582.99,-36,-62376,14614708,-10184166,0.168487800098367,98.2411827865463,-2.53313840155945
579.7,596,10,15,31400,24450,2025-05-13,2025-05-30,582.99,5,-6950,55374195,-108562605,0.04415414075094,99.3248895085518,-0.284253578732106
567.83,690,2,2,24434,24434,2025-05-13,2025-09-19,582.99,0,0,657391836,-411269570,0.0037168091634165,99.9619426365982,0
339.57,340,569,566,44382,24338,2025-05-13,2025-08-15,582.99,-3,-20044,242551029,-150895211,0.0100341771792689,99.9111333392859,-0.823568082833429
154.83,155,1428,1428,34272,24276,2025-05-13,2025-12-19,582.99,0,-9996,447775884,-169870901,0.00542146213483887,100,-0.411764705882353
304.45,305,426,434,42174,23870,2025-05-13,2025-09-19,582.99,8,-18304,657391836,-411269570,0.00363101558200671,99.9655736521803,-0.766820276497696
466.09,468,124,124,42904,23684,2025-05-13,2025-08-15,582.99,0,-19220,242551029,-150895211,0.00976454319639271,99.9208978824823,-0.81151832460733
520.3,521,341,338,85932,23660,2025-05-13,2025-06-06,582.99,-3,-62272,26866294,-18539096,0.0880657376860389,99.0979068419336,-2.63195266272189
569.87,581,0,21,0,23373,2025-05-13,2025-06-27,582.99,21,23373,3060691,1853040,0.763651084019916,89.8323287126992,1
510.68,511,727,723,70519,23136,2025-05-13,2025-05-30,582.99,-4,-47383,55374195,-108562605,0.0417811942909509,99.3666707028427,-2.0480204011065
520.6,521,571,576,96499,23040,2025-05-13,2025-05-30,582.99,5,-73459,55374195,-108562605,0.0416078283395361,99.4082785311823,-3.18832465277778
334.6,335,566,573,53770,22920,2025-05-13,2025-08-15,582.99,7,-30850,242551029,-150895211,0.00944955793199294,99.9303474404143,-1.34598603839442
329.64,330,630,630,51030,22680,2025-05-13,2025-08-15,582.99,0,-28350,242551029,-150895211,0.00935060968139616,99.9396980500957,-1.25
424.91,425,2471,2497,32123,22473,2025-05-13,2025-05-30,582.99,26,-9650,55374195,-108562605,0.0405838856889929,99.4488624168713,-0.429404173897566
545.85,602,4,4,22460,22460,2025-05-13,2025-05-30,582.99,0,0,55374195,-108562605,0.0405604090497388,99.489422825921,0
582.71,605,0,10,0,22290,2025-05-13,2025-05-23,582.99,10,22290,19392347,-21563163,0.114942250156724,96.9592231409638,1
513.98,514,11102,11126,155428,22252,2025-05-13,2025-05-16,582.99,24,-133176,36047877,-129974803,0.061729016663034,98.0086927171883,-5.98490023368686
479.93,480,3214,3143,67494,22001,2025-05-13,2025-05-23,582.99,-71,-45493,19392347,-21563163,0.113451971543207,97.072675112507,-2.06776964683423
522.8,523,1112,1093,93408,21860,2025-05-13,2025-05-23,582.99,-19,-71548,19392347,-21563163,0.11272488059336,97.1853999931004,-3.27301006404392
274.98,275,10835,10834,43340,21668,2025-05-13,2025-06-20,582.99,-1,-21672,352756072,-402417469,0.00614248817239353,99.9187378977278,-1.00018460402437
259.53,260,461,461,21667,21667,2025-05-13,2025-09-19,582.99,0,0,657391836,-411269570,0.00329590341915959,99.9688695555994,0
539.8,542,96,98,59712,21560,2025-05-13,2025-06-13,582.99,2,-38152,14614708,-10184166,0.147522618994509,98.3887054055408,-1.769573283859
531.37,533,115,132,53935,21516,2025-05-13,2025-06-13,582.99,17,-32419,14614708,-10184166,0.147221552425132,98.5359269579659,-1.5067391708496
174.87,175,1645,1645,21385,21385,2025-05-13,2025-09-19,582.99,0,0,657391836,-411269570,0.00325300662845469,99.9721225622279,0
314.38,315,341,342,30690,21204,2025-05-13,2025-09-19,582.99,1,-9486,657391836,-411269570,0.00322547358193843,99.9753480358098,-0.447368421052632
527.13,528,227,241,68100,20967,2025-05-13,2025-06-06,582.99,14,-47133,26866294,-18539096,0.0780420254464572,99.1759488673801,-2.24796108169981
581.99,595,1,16,3080,20816,2025-05-13,2025-05-23,582.99,15,17736,19392347,-21563163,0.107341313560447,97.2927413066608,0.852036894696387
538.64,539,479,578,98674,20808,2025-05-13,2025-05-23,582.99,99,-77866,19392347,-21563163,0.107300060173222,97.400041366834,-3.74211841599385
449.76,450,873,863,46269,20712,2025-05-13,2025-06-13,582.99,-10,-25557,14614708,-10184166,0.141720245111979,98.6776472030779,-1.23392236384705
466.96,467,5172,5172,20688,20688,2025-05-13,2025-05-16,582.99,0,0,36047877,-129974803,0.0573903422939442,98.0660830594823,0
204.98,205,10282,10282,20564,20564,2025-05-13,2025-06-20,582.99,0,0,352756072,-402417469,0.00582952403438714,99.9245674217622,0
525.77,526,934,893,92466,20539,2025-05-13,2025-05-23,582.99,-41,-71927,19392347,-21563163,0.105912915027768,97.5059542818618,-3.5019718584157
544.95,547,107,100,65912,20500,2025-05-13,2025-06-06,582.99,-7,-45412,26866294,-18539096,0.076303787935917,99.252252655316,-2.21521951219512
194.88,195,1675,1680,31825,20160,2025-05-13,2025-09-19,582.99,5,-11665,657391836,-411269570,0.00306666418656285,99.9784146999964,-0.578621031746032
536.7,537,710,669,122120,20070,2025-05-13,2025-05-23,582.99,-41,-102050,19392347,-21563163,0.10349443520168,97.6094487170635,-5.08470353761834
465.11,467,105,106,35700,20034,2025-05-13,2025-08-15,582.99,1,-15666,242551029,-150895211,0.00825970521856661,99.9479577553143,-0.781970649895178
556.52,557.5,195,203,111735,19894,2025-05-13,2025-05-23,582.99,8,-91841,19392347,-21563163,0.102586860682722,97.7120355777462,-4.61651754297778
289.97,290,6680,6628,53440,19884,2025-05-13,2025-06-20,582.99,-52,-33556,352756072,-402417469,0.00563675626822378,99.9302041780304,-1.68758801046067
501.97,502,6621,6619,86073,19857,2025-05-13,2025-05-16,582.99,-2,-66216,36047877,-129974803,0.0550850747743064,98.1211681342566,-3.33464269527119
493.98,494,9838,9887,78704,19774,2025-05-13,2025-05-16,582.99,49,-58930,36047877,-129974803,0.0548548254311898,98.1760229596878,-2.98017598867199
444.96,445,4918,4927,44262,19708,2025-05-13,2025-05-23,582.99,9,-24554,19392347,-21563163,0.101627719429732,97.8136632971759,-1.2458899939111
354.74,355,736,749,32384,19474,2025-05-13,2025-07-18,582.99,13,-12910,254542747,-218588802,0.0076505813775947,99.9547136968707,-0.662935195645476
299.73,300,706,709,31064,19143,2025-05-13,2025-08-15,582.99,3,-11921,242551029,-150895211,0.00789235983822604,99.9558501151525,-0.622734158700308
551.78,552.5,244,261,119072,18792,2025-05-13,2025-05-23,582.99,17,-100280,19392347,-21563163,0.0969042065924254,97.9105675037684,-5.33631332481907
530.05,531,163,197,53627,18715,2025-05-13,2025-06-06,582.99,34,-34912,26866294,-18539096,0.0696597751814969,99.3219124304975,-1.865455516965
534.15,536,33,101,17391,18685,2025-05-13,2025-06-13,582.99,68,1294,14614708,-10184166,0.127850655654564,98.8054978587325,0.0692534118276694
476.7,479,79,81,33259,18630,2025-05-13,2025-08-15,582.99,2,-14629,242551029,-150895211,0.00768085795257541,99.963530973105,-0.785238862050456
508.96,509,4713,4640,56556,18560,2025-05-13,2025-05-16,582.99,-73,-37996,36047877,-129974803,0.0514870820270498,98.2275100417148,-2.04719827586207
179.91,180,2056,2055,28784,18495,2025-05-13,2025-09-19,582.99,-1,-10289,657391836,-411269570,0.00281339058186905,99.9812280905783,-0.556312516896459
566.3,576,1,19,2022,18430,2025-05-13,2025-06-27,582.99,18,16408,3060691,1853040,0.602151605634153,90.4344803183333,0.89028757460662
249.77,250,795,795,18285,18285,2025-05-13,2025-08-15,582.99,0,0,242551029,-150895211,0.00753861984234254,99.9710695929474,0
244.94,245,3021,3019,30210,18114,2025-05-13,2025-07-18,582.99,-2,-12096,254542747,-218588802,0.00711628998016589,99.9618299868509,-0.667770785028155
541.51,544,74,72,48766,17928,2025-05-13,2025-06-13,582.99,-2,-30838,14614708,-10184166,0.122670942176881,98.9281688009093,-1.72010263275323
505.86,506,1274,1270,54782,17780,2025-05-13,2025-05-23,582.99,-4,-37002,19392347,-21563163,0.0916856531084144,98.0022531568768,-2.08110236220472
269.97,270,6197,5924,18591,17772,2025-05-13,2025-06-20,582.99,-273,-819,352756072,-402417469,0.00503804226508112,99.9352422202955,-0.0460837272113437
546.15,549,60,62,47280,17670,2025-05-13,2025-06-13,582.99,2,-29610,14614708,-10184166,0.120905597292809,99.0490743982021,-1.67572156196944
199.98,200,8822,8819,17644,17638,2025-05-13,2025-06-20,582.99,-3,-6,352756072,-402417469,0.00500005567586658,99.9402422759714,-0.000340174622973126
537.7,538,493,584,89233,17520,2025-05-13,2025-05-23,582.99,91,-71713,19392347,-21563163,0.0903449180235894,98.0925980749004,-4.09320776255708
189.89,190,1585,1585,28530,17435,2025-05-13,2025-09-19,582.99,0,-11095,657391836,-411269570,0.00265214732602794,99.9838802379043,-0.636363636363636
582.2,598,1,11,3400,17380,2025-05-13,2025-05-16,582.99,10,13980,36047877,-129974803,0.0482136576309334,98.2757236993457,0.804372842347526
469.94,470,2893,2894,54967,17364,2025-05-13,2025-05-23,582.99,1,-37603,19392347,-21563163,0.0895404769726944,98.1821385518731,-2.16557244874453
506.73,507,671,643,57035,17361,2025-05-13,2025-05-30,582.99,-28,-39674,55374195,-108562605,0.0313521487761583,99.5207749746972,-2.28523702551696
581.81,625,4,4,24304,17276,2025-05-13,2025-05-30,582.99,0,-7028,55374195,-108562605,0.0311986476733432,99.5519736223705,-0.406807131280389
434.92,435,1932,2151,40572,17208,2025-05-13,2025-05-30,582.99,219,-23364,55374195,-108562605,0.0310758467910911,99.5830494691616,-1.35774058577406
555.12,562,16,25,22704,17200,2025-05-13,2025-06-27,582.99,9,-5504,3060691,1853040,0.561964602111092,90.9964449204444,-0.32
467.06,469,86,88,30186,17072,2025-05-13,2025-08-15,582.99,2,-13114,242551029,-150895211,0.00703851889245129,99.9781081118399,-0.768158388003749
480.98,481,8530,8530,42650,17060,2025-05-13,2025-05-16,582.99,0,-25590,36047877,-129974803,0.0473259493201222,98.3230496486659,-1.5
520.8,521,853,850,65681,17000,2025-05-13,2025-05-23,582.99,-3,-48681,19392347,-21563163,0.0876634478539395,98.269801999727,-2.86358823529412
521.28,522,245,236,58310,16992,2025-05-13,2025-06-06,582.99,-9,-41318,26866294,-18539096,0.063246534858883,99.3851589653564,-2.43161487758945
334.99,335,16947,16947,16947,16947,2025-05-13,2025-05-16,582.99,0,0,36047877,-129974803,0.047012477322867,98.3700621259887,0
349.98,350,8464,8464,16928,16928,2025-05-13,2025-05-16,582.99,0,0,36047877,-129974803,0.0469597696419126,98.4170218956307,0
540.65,541,465,481,102300,16835,2025-05-13,2025-05-23,582.99,16,-85465,19392347,-21563163,0.086812596742416,98.3566145964694,-5.07662607662608
484.91,485,1763,1868,45838,16812,2025-05-13,2025-05-23,582.99,105,-29026,19392347,-21563163,0.086693993254143,98.4433085897236,-1.72650487746847
528.12,529,192,191,58752,16808,2025-05-13,2025-06-06,582.99,-1,-41944,26866294,-18539096,0.0625616618354582,99.4477206271918,-2.49547834364588
184.89,185,1516,1521,22740,16731,2025-05-13,2025-09-19,582.99,5,-6009,657391836,-411269570,0.0025450574655448,99.9864252953698,-0.359153666845975
579.14,603,0,7,0,16702,2025-05-13,2025-05-16,582.99,7,16702,36047877,-129974803,0.0463328256474022,98.4633547212781,1
571.12,583,0,14,0,16632,2025-05-13,2025-06-27,582.99,14,16632,3060691,1853040,0.543406701297191,91.5398516217416,1
543.61,546,45,69,32355,16491,2025-05-13,2025-06-13,582.99,24,-15864,14614708,-10184166,0.112838381717924,99.1619127799201,-0.961979261415317
449.83,450,1109,968,42142,16456,2025-05-13,2025-06-06,582.99,-141,-25686,26866294,-18539096,0.0612514699645586,99.5089720971564,-1.56088964511424
264.84,265,703,1027,21090,16432,2025-05-13,2025-08-15,582.99,324,-4658,242551029,-150895211,0.00677465689085986,99.9848827687307,-0.283471275559883
344.77,345,531,710,21240,16330,2025-05-13,2025-07-18,582.99,179,-4910,254542747,-218588802,0.0064154253823622,99.9682454122333,-0.300673606858542
535.7,536,693,543,118503,16290,2025-05-13,2025-05-23,582.99,-150,-102213,19392347,-21563163,0.0840022097376867,98.5273107994612,-6.27458563535912
554.51,561,10,25,14470,16225,2025-05-13,2025-06-27,582.99,15,1755,3060691,1853040,0.530109050537934,92.0699606722796,0.108166409861325
583.1,610,5,6,22570,16140,2025-05-13,2025-05-23,582.99,1,-6430,19392347,-21563163,0.0832287087272108,98.6105395081885,-0.398389095415118
486.97,487,5102,5342,40816,16026,2025-05-13,2025-05-16,582.99,240,-24790,36047877,-129974803,0.0444575418408135,98.5078122631189,-1.54686135030575
495.98,496,7921,7928,63368,15856,2025-05-13,2025-05-16,582.99,7,-47512,36047877,-129974803,0.0439859468006951,98.5517982099196,-2.99646821392533
556.19,563,10,23,14010,15663,2025-05-13,2025-06-27,582.99,13,1653,3060691,1853040,0.51174718388756,92.5817078561671,0.105535338057843
506.98,507,7747,7750,92964,15500,2025-05-13,2025-05-16,582.99,3,-77464,36047877,-129974803,0.0429983713049176,98.5947965812245,-4.99767741935484
364.68,365,481,481,25974,15392,2025-05-13,2025-07-18,582.99,0,-10582,254542747,-218588802,0.00604692146266497,99.9742923336959,-0.6875
508.72,509,588,549,53508,15372,2025-05-13,2025-05-30,582.99,-39,-38136,55374195,-108562605,0.0277602229702843,99.6108096921319,-2.48087431693989
364.9,365,1533,1533,26061,15330,2025-05-13,2025-06-20,582.99,0,-10731,352756072,-402417469,0.00434577919894743,99.9445880551703,-0.7
523.81,524,768,800,69888,15200,2025-05-13,2025-05-23,582.99,32,-54688,19392347,-21563163,0.0783814357282283,98.6889209439167,-3.59789473684211
550.92,557,10,25,11910,15200,2025-05-13,2025-06-27,582.99,15,3290,3060691,1853040,0.496619880935384,93.0783277371025,0.216447368421053
329.82,330,681,842,24516,15156,2025-05-13,2025-07-18,582.99,161,-9360,254542747,-218588802,0.00595420619075821,99.9802465398867,-0.617577197149644
469.01,471,69,75,25116,14925,2025-05-13,2025-08-15,582.99,6,-10191,242551029,-150895211,0.00615334433398755,99.9910361130647,-0.682814070351759
541.58,542,365,354,84680,14868,2025-05-13,2025-05-23,582.99,-11,-69812,19392347,-21563163,0.0766694201583748,98.7655903640751,-4.69545332257197
164.93,165,2125,2124,23375,14868,2025-05-13,2025-09-19,582.99,-1,-8507,657391836,-411269570,0.0022616648375901,99.9886869602074,-0.572168415388754
464.99,465,14832,14844,74160,14844,2025-05-13,2025-05-16,582.99,12,-59316,36047877,-129974803,0.0411785692677547,98.6359751504922,-3.99595796281326
548.78,554,16,28,18512,14616,2025-05-13,2025-06-27,582.99,12,-3896,3060691,1853040,0.477539222352077,93.5558669594546,-0.26655719759168
249.98,250,7906,7302,23718,14604,2025-05-13,2025-06-20,582.99,-604,-9114,352756072,-402417469,0.00413997126036714,99.9487280264307,-0.624075595727198
254.44,255,257,257,14392,14392,2025-05-13,2025-09-19,582.99,0,0,657391836,-411269570,0.0021892574887407,99.9908762176961,0
154.95,155,2867,2855,28670,14275,2025-05-13,2025-09-19,582.99,-12,-14395,657391836,-411269570,0.00217145988408654,99.9930476775802,-1.00840630472855
532.71,533,548,488,74528,14152,2025-05-13,2025-05-23,582.99,-60,-60376,19392347,-21563163,0.072977242001703,98.8385676060768,-4.26625211984172
498.92,500,91,126,24388,13608,2025-05-13,2025-06-27,582.99,35,-10780,3060691,1853040,0.44460548287952,94.0004724423341,-0.792181069958848
454.71,455,533,460,33046,13340,2025-05-13,2025-06-13,582.99,-73,-19706,14614708,-10184166,0.0912779098973445,99.2531906898174,-1.47721139430285
578.63,710,0,1,0,13137,2025-05-13,2025-05-16,582.99,1,13137,36047877,-129974803,0.0364432002472712,98.6724183507395,1
485.98,486,5985,6537,47880,13074,2025-05-13,2025-05-16,582.99,552,-34806,36047877,-129974803,0.0362684326735802,98.7086867834131,-2.66223038090867
564.24,577,0,10,0,12760,2025-05-13,2025-06-27,582.99,10,12760,3060691,1853040,0.416899321101019,94.4173717634351,1
169.92,170,1590,1589,17490,12712,2025-05-13,2025-09-19,582.99,-1,-4778,657391836,-411269570,0.00193370213986047,99.9949813797201,-0.37586532410321
505.7,506,417,420,35445,12600,2025-05-13,2025-05-30,582.99,3,-22845,55374195,-108562605,0.0227542811231838,99.6335639732551,-1.81309523809524
577.57,589,11,11,25641,12573,2025-05-13,2025-05-30,582.99,0,-13068,55374195,-108562605,0.0227055219493484,99.6562694952044,-1.03937007874016
169.99,170,12562,12562,12562,12562,2025-05-13,2025-06-20,582.99,0,0,352756072,-402417469,0.00356110099785894,99.9522891274285,0
264.66,265,362,363,18100,12342,2025-05-13,2025-09-19,582.99,1,-5758,657391836,-411269570,0.00187741911659518,99.9968587988367,-0.466537028034354
399.96,400,3523,3050,28184,12200,2025-05-13,2025-05-30,582.99,-473,-15984,55374195,-108562605,0.0220319229922891,99.6783014181967,-1.31016393442623
524,645,1,1,12100,12100,2025-05-13,2025-09-19,582.99,0,0,657391836,-411269570,0.00184060697705409,99.9986994058137,0
234.98,235,5997,6047,11994,12094,2025-05-13,2025-06-20,582.99,50,100,352756072,-402417469,0.0034284314176171,99.9557175588462,0.00826856292376385
581.84,606,0,5,0,12080,2025-05-13,2025-05-16,582.99,5,12080,36047877,-129974803,0.0335109887331229,98.7421977721462,1
528.75,529,486,476,52488,11900,2025-05-13,2025-05-23,582.99,-10,-40588,19392347,-21563163,0.0613644134977576,98.8999320195745,-3.41075630252101
577.12,587,6,12,15216,11856,2025-05-13,2025-05-30,582.99,6,-3360,55374195,-108562605,0.0214106949997196,99.6997121131964,-0.283400809716599
492.98,493,5889,5902,47112,11804,2025-05-13,2025-05-16,582.99,13,-35308,36047877,-129974803,0.0327453403150482,98.7749431124612,-2.99118942731278
563.59,572,0,14,0,11774,2025-05-13,2025-06-27,582.99,14,11774,3060691,1853040,0.384684373561395,94.8020561369965,1
452.96,453,2934,2934,11736,11736,2025-05-13,2025-05-16,582.99,0,0,36047877,-129974803,0.0325567022990009,98.8074998147603,0
454.8,455,596,585,26224,11700,2025-05-13,2025-06-06,582.99,-11,-14524,26866294,-18539096,0.0435489911634258,99.5525210883198,-1.24136752136752
576.47,588,7,10,17605,11530,2025-05-13,2025-06-06,582.99,3,-6075,26866294,-18539096,0.0429162280439572,99.5954373163638,-0.526886383347788
532.26,534,86,66,42054,11484,2025-05-13,2025-06-13,582.99,-20,-30570,14614708,-10184166,0.0785783746072792,99.3317690644247,-2.6619644723093
419.99,420,11492,11478,11492,11478,2025-05-13,2025-05-16,582.99,-14,-14,36047877,-129974803,0.0318409874734093,98.8393408022337,-0.00121972469071267
464.94,465,1971,1910,29565,11460,2025-05-13,2025-05-23,582.99,-61,-18105,19392347,-21563163,0.0590954772003616,98.9590274967749,-1.57984293193717
413.95,414,2285,2285,11425,11425,2025-05-13,2025-05-16,582.99,0,0,36047877,-129974803,0.0316939607844312,98.8710347630181,0
294.97,295,3776,3756,22656,11268,2025-05-13,2025-06-20,582.99,-20,-11388,352756072,-402417469,0.00319427527813044,99.9589118341243,-1.01064962726305
399.96,400,2706,2793,13530,11172,2025-05-13,2025-05-23,582.99,87,-2358,19392347,-21563163,0.0576103552602478,99.0166378520351,-0.211063372717508
319.83,320,638,657,19778,11169,2025-05-13,2025-07-18,582.99,19,-8609,254542747,-218588802,0.00438786810138417,99.9846344079881,-0.770794162413824
431.89,432,1014,1014,11154,11154,2025-05-13,2025-05-16,582.99,0,0,36047877,-129974803,0.030942182808713,98.9019769458268,0
454.95,455,2255,2230,33825,11150,2025-05-13,2025-05-23,582.99,-25,-22675,19392347,-21563163,0.057496908445378,99.0741347604805,-2.03363228699552
581.75,604,0,5,0,11125,2025-05-13,2025-05-16,582.99,5,11125,36047877,-129974803,0.0308617342430457,98.9328386800698,1
490.99,491,10903,10913,87224,10913,2025-05-13,2025-05-16,582.99,10,-76311,36047877,-129974803,0.0302736274871333,98.963112307557,-6.99266929350316
547.92,553,13,21,14638,10668,2025-05-13,2025-06-27,582.99,8,-3970,3060691,1853040,0.348548742751228,95.1506048797478,-0.372140982377203
541,542.5,59,71,29854,10650,2025-05-13,2025-06-06,582.99,12,-19204,26866294,-18539096,0.0396407483667081,99.6350780647305,-1.80319248826291
575.35,586,8,10,18040,10650,2025-05-13,2025-06-06,582.99,2,-7390,26866294,-18539096,0.0396407483667081,99.6747188130972,-0.693896713615024
529.58,531,58,74,25056,10508,2025-05-13,2025-06-13,582.99,16,-14548,14614708,-10184166,0.0719001707047448,99.4036692351295,-1.38446897601827
518.83,519,617,617,44424,10489,2025-05-13,2025-05-23,582.99,0,-33935,19392347,-21563163,0.0540883473258807,99.1282231078064,-3.23529411764706
562.38,571,1,12,1577,10344,2025-05-13,2025-06-27,582.99,11,8767,3060691,1853040,0.337962897920764,95.4885677776685,0.847544470224285
214.98,215,5124,5124,10248,10248,2025-05-13,2025-06-20,582.99,0,0,352756072,-402417469,0.0029051236288854,99.9618169577532,0
304.96,305,2555,2555,10220,10220,2025-05-13,2025-05-30,582.99,0,0,55374195,-108562605,0.0184562502443602,99.7181683634408,0
429.95,430,2028,2035,18252,10175,2025-05-13,2025-05-23,582.99,7,-8077,19392347,-21563163,0.0524691518772844,99.1806922596837,-0.793808353808354
572.49,587,0,7,0,10157,2025-05-13,2025-06-27,582.99,7,10157,3060691,1853040,0.331853166490835,95.8204209441593,1
547.4,552,5,22,5555,10120,2025-05-13,2025-06-27,582.99,17,4565,3060691,1853040,0.330644289149084,96.1510652333084,0.451086956521739
536.17,537.5,24,76,9984,10108,2025-05-13,2025-06-06,582.99,52,124.000000000002,26866294,-18539096,0.0376233506564024,99.7123421637536,0.0122675108824695
279.97,280,3333,3333,16665,9999,2025-05-13,2025-06-20,582.99,0,-6666,352756072,-402417469,0.00283453660862853,99.9646514943618,-0.666666666666667
516.82,517,536,553,34840,9954,2025-05-13,2025-05-23,582.99,17,-24886,19392347,-21563163,0.0513295270551832,99.2320217867389,-2.50010046212578
580.61,597,1,6,3016,9834,2025-05-13,2025-05-30,582.99,5,6818,55374195,-108562605,0.0177591746480468,99.7359275380888,0.693308928208257
474.63,475,243,261,20412,9657,2025-05-13,2025-06-13,582.99,18,-10755,14614708,-10184166,0.0660772695561211,99.4697465046856,-1.11369990680336
513.45,515,19,61,7695,9455,2025-05-13,2025-06-27,582.99,42,1760,3060691,1853040,0.308917169358161,96.4599824026666,0.186144896879958
429.71,430,378,323,23058,9367,2025-05-13,2025-06-27,582.99,-55,-13691,3060691,1853040,0.30604200162643,96.766024404293,-1.46162058289741
513.78,514,379,419,21224,9218,2025-05-13,2025-05-23,582.99,40,-12006,19392347,-21563163,0.0475342154304479,99.2795560021693,-1.30245172488609
579,625,1,2,6042,9200,2025-05-13,2025-05-16,582.99,1,3158,36047877,-129974803,0.0255216139358221,98.9886339214928,0.343260869565217
526.58,527.5,101,100,30603,9200,2025-05-13,2025-06-06,582.99,-1,-21403,26866294,-18539096,0.0342436511712408,99.7465858149248,-2.32641304347826
194.98,195,4540,4556,9080,9112,2025-05-13,2025-06-20,582.99,16,32,352756072,-402417469,0.00258308806658897,99.9672345824284,0.00351185250219491
304.99,305,8970,8970,8970,8970,2025-05-13,2025-05-16,582.99,0,0,36047877,-129974803,0.0248835735874265,99.0135174950802,0
439.83,440,456,523,16416,8891,2025-05-13,2025-06-06,582.99,67,-7525,26866294,-18539096,0.0330935111482068,99.779679326073,-0.846361489146327
517.82,518,488,491,33184,8838,2025-05-13,2025-05-23,582.99,3,-24346,19392347,-21563163,0.0455746795372422,99.3251306817066,-2.75469563249604
414.93,415,1261,1262,15132,8834,2025-05-13,2025-05-30,582.99,1,-6298,55374195,-108562605,0.01595327932081,99.7518808174096,-0.712927326239529
314.96,315,2247,2207,17976,8828,2025-05-13,2025-06-20,582.99,-40,-9148,352756072,-402417469,0.00250257917601486,99.9697371616044,-1.0362483008609
579.8,609,1,3,4478,8760,2025-05-13,2025-05-30,582.99,2,4282,55374195,-108562605,0.0158196430665945,99.7677004604762,0.488812785388128
419.89,420,794,795,19850,8745,2025-05-13,2025-06-06,582.99,1,-11105,26866294,-18539096,0.0325500792926631,99.8122294053657,-1.26986849628359
579.5,594,4,6,11956,8700,2025-05-13,2025-05-30,582.99,2,-3256,55374195,-108562605,0.0157112893469603,99.7834117498232,-0.374252873563218
329.99,330,8635,8634,8635,8634,2025-05-13,2025-05-16,582.99,-1,-1,36047877,-129974803,0.0239514798610748,99.0374689749413,-0.000115821172110262
154.99,155,8603,8593,8603,8593,2025-05-13,2025-06-20,582.99,-10,-10,352756072,-402417469,0.00243596090388488,99.9721731225083,-0.00116373792621902
507.85,508,716,572,29356,8580,2025-05-13,2025-05-23,582.99,-144,-20776,19392347,-21563163,0.0442442577992236,99.3693749395058,-2.42144522144522
309.85,310,570,570,15960,8550,2025-05-13,2025-07-18,582.99,0,-7410,254542747,-218588802,0.00335896430001205,99.9879933722881,-0.866666666666667
159.94,160,1430,1425,14300,8550,2025-05-13,2025-09-19,582.99,-5,-5750,657391836,-411269570,0.0013005941862655,100,-0.672514619883041
404.86,405,425,607,11475,8498,2025-05-13,2025-06-13,582.99,182,-2977,14614708,-10184166,0.0581469024218616,99.5278934071074,-0.350317721816898
578.97,591,0,7,0,8421,2025-05-13,2025-05-30,582.99,7,8421,55374195,-108562605,0.0152074445506612,99.7986191943738,1
577.98,599,1,4,3664,8408,2025-05-13,2025-06-20,582.99,3,4744,352756072,-402417469,0.00238351673220809,99.9745566392405,0.564224548049477
577,589,7,7,20657,8400,2025-05-13,2025-06-06,582.99,0,-12257,26866294,-18539096,0.0312659423737416,99.8434953477394,-1.45916666666667
521.82,522,466,464,35882,8352,2025-05-13,2025-05-23,582.99,-2,-27530,19392347,-21563163,0.0430685362633002,99.4124434757691,-3.29621647509579
314.85,315,521,556,14067,8340,2025-05-13,2025-07-18,582.99,35,-5727,254542747,-218588802,0.0032764634224679,99.9912698357105,-0.686690647482015
508.84,509,523,521,25627,8336,2025-05-13,2025-05-23,582.99,-2,-17291,19392347,-21563163,0.0429860294888494,99.4554295052579,-2.07425623800384
579.48,607,1,3,4277,8256,2025-05-13,2025-05-30,582.99,2,3979,55374195,-108562605,0.0149094718216671,99.8135286661955,0.481952519379845
573.84,590,0,5,0,8080,2025-05-13,2025-06-27,582.99,5,8080,3060691,1853040,0.263992673549862,97.0300170778429,1
189.99,190,8046,8057,16092,8057,2025-05-13,2025-06-20,582.99,11,-8035,352756072,-402417469,0.00228401454702671,99.9768406537875,-0.997269455132183
578,588,3,8,10170,8000,2025-05-13,2025-05-30,582.99,5,-2170,55374195,-108562605,0.0144471626178945,99.8279758288134,-0.27125
374.99,375,7972,7972,7972,7972,2025-05-13,2025-05-16,582.99,0,0,36047877,-129974803,0.0221150332930841,99.0595840082344,0
491.98,492,3955,3972,35595,7944,2025-05-13,2025-05-16,582.99,17,-27651,36047877,-129974803,0.0220373588158881,99.0816213670503,-3.48074018126888
454.99,455,7903,7880,23709,7880,2025-05-13,2025-05-16,582.99,-23,-15829,36047877,-129974803,0.0218598171537259,99.103481184204,-2.00875634517767
249.94,250,1216,1312,13376,7872,2025-05-13,2025-07-18,582.99,96,-5504,254542747,-218588802,0.00309260432394092,99.9943624400345,-0.699186991869919
481.97,482,2604,2604,15624,7812,2025-05-13,2025-05-16,582.99,0,-7812,36047877,-129974803,0.0216711791376785,99.1251523633417,-1
364.99,365,7656,7642,7656,7642,2025-05-13,2025-05-16,582.99,-14,-14,36047877,-129974803,0.02119958409756,99.1463519474392,-0.00183198115676524
159.99,160,7549,7549,7549,7549,2025-05-13,2025-06-20,582.99,0,0,352756072,-402417469,0.00214000568642232,99.978980659474,0
560.38,598,2,2,7524,7524,2025-05-13,2025-05-30,582.99,0,0,55374195,-108562605,0.0135875564421298,99.8415633852555,0
583,620,0,2,0,7400,2025-05-13,2025-05-30,582.99,2,7400,55374195,-108562605,0.0133636254215524,99.8549270106771,1
369.99,370,7322,7322,7322,7322,2025-05-13,2025-05-16,582.99,0,0,36047877,-129974803,0.0203118757867488,99.166663823226,0
533.75,534,299,290,43056,7250,2025-05-13,2025-05-23,582.99,-9,-35806,19392347,-21563163,0.0373858821730036,99.4928153874309,-4.93875862068966
379.99,380,7208,7208,7208,7208,2025-05-13,2025-05-16,582.99,0,0,36047877,-129974803,0.0199956297010223,99.186659452927,0
498.97,499,2289,2375,20601,7125,2025-05-13,2025-05-16,582.99,86,-13476,36047877,-129974803,0.0197653803579057,99.2064248332849,-1.89136842105263
384.96,385,1765,1765,7060,7060,2025-05-13,2025-05-23,582.99,0,0,19392347,-21563163,0.0364061142264008,99.5292215016573,0
409.85,410,467,470,14477,7050,2025-05-13,2025-06-13,582.99,3,-7427,14614708,-10184166,0.0482390753205606,99.576132482428,-1.05347517730496
424.95,425,1407,1408,9849,7040,2025-05-13,2025-05-23,582.99,1,-2809,19392347,-21563163,0.0363029807583373,99.5655244824157,-0.399005681818182
511.87,512,550,539,28600,7007,2025-05-13,2025-05-23,582.99,-11,-21593,19392347,-21563163,0.0361328105360326,99.6016572929517,-3.08163265306122
475.98,476,2975,3497,14875,6994,2025-05-13,2025-05-16,582.99,522,-7881,36047877,-129974803,0.0194019747681673,99.2258268080531,-1.12682299113526
403.92,404,873,873,6984,6984,2025-05-13,2025-05-16,582.99,0,0,36047877,-129974803,0.0193742338834545,99.2452010419365,0
550.19,556,7,12,8645,6972,2025-05-13,2025-06-27,582.99,5,-1673,3060691,1853040,0.227791698018519,97.2578087758614,-0.23995983935743
209.98,210,3458,3458,6916,6916,2025-05-13,2025-06-20,582.99,0,0,352756072,-402417469,0.00196056157468496,99.9809412210486,0
404.89,405,601,621,12020,6831,2025-05-13,2025-06-06,582.99,20,-5189,26866294,-18539096,0.0254259109946463,99.8689212587341,-0.759625237886108
581.7,650,1,1,8541,6830,2025-05-13,2025-05-16,582.99,0,-1711,36047877,-129974803,0.0189470242588766,99.2641480661954,-0.250512445095168
244.98,245,3432,3368,10296,6736,2025-05-13,2025-06-20,582.99,-64,-3560,352756072,-402417469,0.00190953481305348,99.9828507558617,-0.528503562945368
404.98,405,3362,3362,6724,6724,2025-05-13,2025-05-16,582.99,0,0,36047877,-129974803,0.0186529708809204,99.2828010370763,0
339.99,340,6709,6709,6709,6709,2025-05-13,2025-05-16,582.99,0,0,36047877,-129974803,0.0186113595538511,99.3014123966302,0
314.24,315,88,88,6688,6688,2025-05-13,2025-08-15,582.99,0,0,242551029,-150895211,0.0027573579166304,99.9937934709813,0
515.85,516,466,445,28892,6675,2025-05-13,2025-05-23,582.99,-21,-22217,19392347,-21563163,0.0344207949661792,99.6360780879179,-3.32838951310861
483.98,484,3334,3330,16670,6660,2025-05-13,2025-05-16,582.99,-4,-10010,36047877,-129974803,0.0184754292187582,99.319887825849,-1.503003003003
494.05,495,64,69,14848,6555,2025-05-13,2025-06-27,582.99,5,-8293,3060691,1853040,0.214167323653384,97.4719760995148,-1.2651411136537
575.62,592,1,4,2871,6552,2025-05-13,2025-06-20,582.99,3,3681,352756072,-402417469,0.00185737412338575,99.9847081299851,0.561813186813187
564.73,630,1,1,6527,6527,2025-05-13,2025-06-20,582.99,0,0,352756072,-402417469,0.00185028707315915,99.9865584170582,0
510.85,511,434,432,22134,6480,2025-05-13,2025-05-23,582.99,-2,-15654,19392347,-21563163,0.0334152436525605,99.6694933315704,-2.41574074074074
482.98,483,3210,3209,25680,6418,2025-05-13,2025-05-16,582.99,-1,-19262,36047877,-129974803,0.0178040998087072,99.3376919256577,-3.00124649423496
399.92,400,814,802,13024,6416,2025-05-13,2025-06-06,582.99,-12,-6608,26866294,-18539096,0.0238812245559436,99.89280248329,-1.02992518703242
434.99,435,6393,6342,25572,6342,2025-05-13,2025-05-16,582.99,-51,-19230,36047877,-129974803,0.0175932690848895,99.3552851947425,-3.0321665089877
579.68,611,2,2,9290,6264,2025-05-13,2025-05-16,582.99,0,-3026,36047877,-129974803,0.0173768901841293,99.3726620849267,-0.483077905491699
429.8,430,304,307,14288,6140,2025-05-13,2025-06-13,582.99,3,-8148,14614708,-10184166,0.0420124712720911,99.6181449537001,-1.32703583061889
384.99,385,6055,6055,6055,6055,2025-05-13,2025-05-16,582.99,0,0,36047877,-129974803,0.0167971056936307,99.3894591906203,0
419.97,420,2013,2014,12078,6042,2025-05-13,2025-05-23,582.99,1,-6036,19392347,-21563163,0.0311566207019707,99.7006499522724,-0.999006951340616
304.7,305,188,201,8648,6030,2025-05-13,2025-08-15,582.99,13,-2618,242551029,-150895211,0.00248607479624422,99.9962795457776,-0.434162520729685
574.95,587,0,5,0,6025,2025-05-13,2025-06-13,582.99,5,6025,14614708,-10184166,0.0412255927384933,99.6593705464386,1
179.98,180,3010,3011,6020,6022,2025-05-13,2025-06-20,582.99,1,2,352756072,-402417469,0.00170712865858196,99.9882655457168,0.000332115576220525
444.82,445,328,328,13120,5904,2025-05-13,2025-06-06,582.99,0,-7216,26866294,-18539096,0.0219754909255441,99.9147779742156,-1.22222222222222
409.9,410,590,590,13570,5900,2025-05-13,2025-06-06,582.99,0,-7670,26866294,-18539096,0.0219606023815566,99.9367385765972,-1.3
379.97,380,1959,1956,15672,5868,2025-05-13,2025-05-30,582.99,-3,-9804,55374195,-108562605,0.0105969937802256,99.8655240044573,-1.67075664621677
577.53,597,1,3,3956,5841,2025-05-13,2025-06-20,582.99,2,1885,352756072,-402417469,0.00165581841494142,99.9899213641318,0.322718712549221
506.85,507,390,388,19500,5820,2025-05-13,2025-05-23,582.99,-2,-13680,19392347,-21563163,0.0300118392064663,99.7306617914789,-2.35051546391753
369.97,370,1924,1934,13468,5802,2025-05-13,2025-05-30,582.99,10,-7666,55374195,-108562605,0.010477804688628,99.8760018091459,-1.32126852809376
545.68,603,1,1,5732,5732,2025-05-13,2025-05-30,582.99,0,0,55374195,-108562605,0.0103513920157214,99.8863532011617,0
563.58,573,1,6,1637,5652,2025-05-13,2025-06-27,582.99,5,4015,3060691,1853040,0.184664182042552,97.6566402815573,0.710368011323425
564,620,1,1,5600,5600,2025-05-13,2025-06-13,582.99,0,0,14614708,-10184166,0.0383175633751971,99.6976881098138,0
544.46,547,18,22,13140,5588,2025-05-13,2025-06-13,582.99,4,-7552,14614708,-10184166,0.0382354543108217,99.7359235641246,-1.35146743020759
453.98,454,2772,2772,11088,5544,2025-05-13,2025-05-16,582.99,0,-5544,36047877,-129974803,0.0153795464848041,99.4048387371051,-1
579.36,593,3,4,7425,5456,2025-05-13,2025-05-30,582.99,1,-1969,55374195,-108562605,0.00985296490540404,99.8962061660671,-0.360887096774194
398.99,399,5451,5451,5451,5451,2025-05-13,2025-05-16,582.99,0,0,36047877,-129974803,0.0151215562569746,99.4199602933621,0
460.99,461,5444,5451,16332,5451,2025-05-13,2025-05-16,582.99,7,-10881,36047877,-129974803,0.0151215562569746,99.4350818496191,-1.99614749587232
421.99,422,5434,5412,10868,5412,2025-05-13,2025-05-16,582.99,-22,-5456,36047877,-129974803,0.0150133668065945,99.4500952164256,-1.00813008130081
459.71,460,165,181,11550,5249,2025-05-13,2025-06-13,582.99,16,-6301,14614708,-10184166,0.035915873242216,99.7718394373668,-1.20041912745285
467.98,468,2617,2620,13085,5240,2025-05-13,2025-05-16,582.99,3,-7845,36047877,-129974803,0.0145362235895334,99.4646314400152,-1.49713740458015
542.64,547,6,12,5382,5232,2025-05-13,2025-06-27,582.99,6,-150,3060691,1853040,0.170941790595653,97.827582072153,-0.0286697247706422
404.95,405,1024,1046,10240,5230,2025-05-13,2025-05-30,582.99,22,-5010,55374195,-108562605,0.00944483256144852,99.9056509986285,-0.957934990439771
424.82,425,231,289,9240,5202,2025-05-13,2025-06-13,582.99,58,-4038,14614708,-10184166,0.0355942794067456,99.8074337167736,-0.776239907727797
471.98,472,2436,2600,19488,5200,2025-05-13,2025-05-16,582.99,164,-14288,36047877,-129974803,0.014425260050682,99.4790567000659,-2.74769230769231
264.96,265,1258,1258,5032,5032,2025-05-13,2025-06-20,582.99,0,0,352756072,-402417469,0.00142648146960883,99.9913478456014,0
468.98,469,2477,2504,12385,5008,2025-05-13,2025-05-16,582.99,27,-7377,36047877,-129974803,0.0138926350641953,99.4929493351301,-1.47304313099042
409.99,410,5014,5003,10028,5003,2025-05-13,2025-05-16,582.99,-11,-5025,36047877,-129974803,0.0138787646218389,99.5068280997519,-1.00439736158305
299.98,300,2454,2459,4908,4918,2025-05-13,2025-05-30,582.99,5,10,55374195,-108562605,0.00888139321935064,99.9145323918479,0.00203334688897926
254.86,255,342,351,8550,4914,2025-05-13,2025-08-15,582.99,9,-3636,242551029,-150895211,0.00202596543096917,99.9983055112085,-0.73992673992674
470.98,471,2343,2456,14058,4912,2025-05-13,2025-05-16,582.99,113,-9146,36047877,-129974803,0.013626322570952,99.5204544223228,-1.86197068403909
396.98,397,2448,2448,4896,4896,2025-05-13,2025-05-16,582.99,0,0,36047877,-129974803,0.0135819371554114,99.5340363594783,0
344.99,345,4858,4857,4858,4857,2025-05-13,2025-05-16,582.99,-1,-1,36047877,-129974803,0.0134737477050313,99.5475101071833,-0.000205888408482602
552.93,559,0,8,0,4856,2025-05-13,2025-06-27,582.99,8,4856,3060691,1853040,0.15865698301462,97.9862390551676,1
456.97,457,1618,1618,4854,4854,2025-05-13,2025-05-16,582.99,0,0,36047877,-129974803,0.0134654254396174,99.5609755326229,0
174.99,175,4846,4846,4846,4846,2025-05-13,2025-06-20,582.99,0,0,352756072,-402417469,0.00137375381592298,99.9927215994173,0
324.99,325,4833,4831,4833,4831,2025-05-13,2025-05-16,582.99,-2,-2,36047877,-129974803,0.0134016214047779,99.5743771540277,-0.000413992962119644
546.17,551,0,10,0,4830,2025-05-13,2025-06-27,582.99,10,4830,3060691,1853040,0.157807501639336,98.144046556807,1
314.99,315,4826,4826,4826,4826,2025-05-13,2025-05-16,582.99,0,0,36047877,-129974803,0.0133877509624214,99.5877649049901,0
309.99,310,4810,4810,4810,4810,2025-05-13,2025-05-16,582.99,0,0,36047877,-129974803,0.0133433655468809,99.601108270537,0
564.51,574,0,5,0,4745,2025-05-13,2025-06-27,582.99,5,4745,3060691,1853040,0.155030350989368,98.2990769077963,1
239.99,240,4708,4708,14124,4708,2025-05-13,2025-06-20,582.99,0,-9416,352756072,-402417469,0.00133463329867218,99.994056232716,-2
334.97,335,1554,1554,4662,4662,2025-05-13,2025-05-23,582.99,0,0,19392347,-21563163,0.0240404114055921,99.7547022028845,0
389.99,390,4644,4644,4644,4644,2025-05-13,2025-05-16,582.99,0,0,36047877,-129974803,0.0128828668606476,99.6139911373976,0
573.65,589,0,3,0,4605,2025-05-13,2025-06-27,582.99,3,4605,3060691,1853040,0.150456220507069,98.4495331283034,1
540.25,544,0,12,0,4500,2025-05-13,2025-06-27,582.99,12,4500,3060691,1853040,0.147025622645344,98.5965587509487,1
439.79,440,186,214,8556,4494,2025-05-13,2025-06-13,582.99,28,-4062,14614708,-10184166,0.0307498446085957,99.8381835613822,-0.903871829105474
259.98,260,2066,2236,8264,4472,2025-05-13,2025-06-20,582.99,170,-3792,352756072,-402417469,0.00126773154453313,99.9953239642605,-0.847942754919499
274.91,275,558,495,8928,4455,2025-05-13,2025-07-18,582.99,-63,-4473,254542747,-218588802,0.00175019718790102,99.9961126372224,-1.0040404040404
434.95,435,873,882,8730,4410,2025-05-13,2025-05-23,582.99,9,-4320,19392347,-21563163,0.0227409297079925,99.7774431325925,-0.979591836734694
384.96,385,1101,1099,8808,4396,2025-05-13,2025-05-30,582.99,-2,-4412,55374195,-108562605,0.00793871585853302,99.9224711077064,-1.00363967242948
389.97,390,1463,1463,11704,4389,2025-05-13,2025-05-30,582.99,0,-7315,55374195,-108562605,0.00792607459124236,99.9303971822977,-1.66666666666667
564.25,608,1,1,4375,4375,2025-05-13,2025-05-30,582.99,0,0,55374195,-108562605,0.00790079205666105,99.9382979743543,0
417.98,418,2168,2168,4336,4336,2025-05-13,2025-05-16,582.99,0,0,36047877,-129974803,0.0120284476114918,99.6260195850091,0
409.97,410,1467,1441,7335,4323,2025-05-13,2025-05-23,582.99,-26,-3012,19392347,-21563163,0.0222922991219165,99.7997354317144,-0.696738376127689
434.86,435,295,308,8850,4312,2025-05-13,2025-06-06,582.99,13,-4538,26866294,-18539096,0.0160498504185207,99.9527884270157,-1.05241187384045
284.99,285,4292,4294,4292,4294,2025-05-13,2025-05-16,582.99,2,2,36047877,-129974803,0.0119119358956978,99.6379315209048,0.000465766185374942
164.99,165,4205,4205,4205,4205,2025-05-13,2025-06-20,582.99,0,0,352756072,-402417469,0.00119204184811311,99.9965160061086,0
399.88,400,351,350,8775,4200,2025-05-13,2025-06-13,582.99,-1,-4575,14614708,-10184166,0.0287381725313978,99.8669217339135,-1.08928571428571
309.7,310,138,137,8556,4110,2025-05-13,2025-08-15,582.99,-1,-4446,242551029,-150895211,0.00169448879146994,100,-1.08175182481752
391.96,392,1023,1023,4092,4092,2025-05-13,2025-05-16,582.99,0,0,36047877,-129974803,0.0113515700244983,99.6492830909293,0
574.91,595,0,2,0,4018,2025-05-13,2025-06-27,582.99,2,4018,3060691,1853040,0.131277544841998,98.7278362957907,1
544,549,0,8,0,4000,2025-05-13,2025-06-27,582.99,8,4000,3060691,1853040,0.130689442351417,98.8585257381421,1
394.96,395,974,998,8766,3992,2025-05-13,2025-05-30,582.99,24,-4774,55374195,-108562605,0.00720913414632935,99.9455071085006,-1.19589178356713
219.98,220,2329,1967,4658,3934,2025-05-13,2025-06-20,582.99,-362,-724,352756072,-402417469,0.00111521822365683,99.9976312243323,-0.184036603965429
503.98,504,1963,1959,19630,3918,2025-05-13,2025-05-16,582.99,-4,-15712,36047877,-129974803,0.0108688786304947,99.6601519695598,-4.01020929045431
428.99,429,3924,3909,19620,3909,2025-05-13,2025-05-16,582.99,-15,-15711,36047877,-129974803,0.0108439118342531,99.6709958813941,-4.01918649270913
289.89,290,298,355,5662,3905,2025-05-13,2025-07-18,582.99,57,-1757,254542747,-218588802,0.00153412346099966,99.9976467606834,-0.449935979513444
581.55,620,6,1,33018,3845,2025-05-13,2025-06-06,582.99,-5,-29173,26866294,-18539096,0.0143116129079805,99.9671000399236,-7.58725617685306
444.99,445,3766,3840,7532,3840,2025-05-13,2025-05-16,582.99,74,-3692,36047877,-129974803,0.0106524997297344,99.6816483811238,-0.961458333333334
420.98,421,1867,1867,3734,3734,2025-05-13,2025-05-16,582.99,0,0,36047877,-129974803,0.0103584463517782,99.6920068274756,0
440.99,441,3695,3706,11085,3706,2025-05-13,2025-05-16,582.99,11,-7379,36047877,-129974803,0.0102807718745822,99.7022875993502,-1.99109552077712
389.98,390,1847,1846,7388,3692,2025-05-13,2025-05-23,582.99,-1,-3696,19392347,-21563163,0.0190384382045144,99.8187738699189,-1.00108342361863
512.87,513,285,284,17955,3692,2025-05-13,2025-05-23,582.99,-1,-14263,19392347,-21563163,0.0190384382045144,99.8378123081234,-3.86321776814735
465.98,466,1655,1798,8275,3596,2025-05-13,2025-05-16,582.99,143,-4679,36047877,-129974803,0.00997562214274089,99.7122632214929,-1.30116796440489
184.99,185,3554,3554,3554,3554,2025-05-13,2025-06-20,582.99,0,0,352756072,-402417469,0.0010074950602126,99.9986387193925,0
408.95,409,709,709,3545,3545,2025-05-13,2025-05-16,582.99,0,0,36047877,-129974803,0.00983414363070535,99.7220973651236,0
254.89,255,308,308,3388,3388,2025-05-13,2025-07-18,582.99,0,0,254542747,-218588802,0.00133101415771238,99.9989777748411,0
395.95,396,675,675,3375,3375,2025-05-13,2025-05-16,582.99,0,0,36047877,-129974803,0.0093625485905869,99.7314599137142,0
531.34,532.5,31,29,10106,3364,2025-05-13,2025-06-06,582.99,-2,-6742,26866294,-18539096,0.0125212654934841,99.9796213054171,-2.00416171224732
541.23,546,0,7,0,3339,2025-05-13,2025-06-27,582.99,7,3339,3060691,1853040,0.109093012002845,98.967618750145,1
444.77,445,238,142,13090,3266,2025-05-13,2025-06-13,582.99,-96,-9824,14614708,-10184166,0.0223473503541775,99.8892690842677,-3.00796080832823
364.96,365,801,806,4806,3224,2025-05-13,2025-05-30,582.99,5,-1582,55374195,-108562605,0.00582220653501148,99.9513293150356,-0.490694789081886
543.5,548,4,7,4200,3150,2025-05-13,2025-06-27,582.99,3,-1050,3060691,1853040,0.102917935851741,99.0705366859967,-0.333333333333333
451.97,452,1048,1048,3144,3144,2025-05-13,2025-05-16,582.99,0,0,36047877,-129974803,0.00872173415372006,99.7401816478679,0
430.98,431,1566,1566,3132,3132,2025-05-13,2025-05-16,582.99,0,0,36047877,-129974803,0.00868844509206465,99.74887009296,0
578,609,0,1,0,3100,2025-05-13,2025-05-16,582.99,1,3100,36047877,-129974803,0.00859967426098353,99.757469767221,1
462.99,463,3037,3046,24296,3046,2025-05-13,2025-05-16,582.99,9,-21250,36047877,-129974803,0.00844987348353414,99.7659196407045,-6.9763624425476
464.66,465,69,88,4761,2992,2025-05-13,2025-06-13,582.99,19,-1769,14614708,-10184166,0.0204725267176053,99.9097416109853,-0.591243315508021
573.08,588,0,2,0,2984,2025-05-13,2025-06-13,582.99,2,2984,14614708,-10184166,0.020417787341355,99.9301593983267,1
314.98,315,1547,1481,4641,2962,2025-05-13,2025-05-30,582.99,-66,-1679,55374195,-108562605,0.00534906195927544,99.9566783769949,-0.566846725185685
581.29,596,1,2,4420,2942,2025-05-13,2025-05-16,582.99,1,-1478,36047877,-129974803,0.00816136828252049,99.774081008987,-0.50237933378654
463.98,464,1528,1453,7640,2906,2025-05-13,2025-05-16,582.99,-75,-4734,36047877,-129974803,0.00806150109755424,99.7821425100846,-1.62904335856848
457.98,458,1435,1435,11480,2870,2025-05-13,2025-05-16,582.99,0,-8610,36047877,-129974803,0.00796163391258797,99.7901041439972,-3
359.99,360,2857,2857,2857,2857,2025-05-13,2025-05-16,582.99,0,0,36047877,-129974803,0.00792557076246127,99.7980297147596,0
446.99,447,2795,2803,13975,2803,2025-05-13,2025-05-16,582.99,8,-11172,36047877,-129974803,0.00777576998501188,99.8058054847446,-3.98572957545487
572.09,586,0,2,0,2782,2025-05-13,2025-06-27,582.99,2,2782,3060691,1853040,0.0908945071554103,99.1614311931522,1
570.13,584,0,2,0,2774,2025-05-13,2025-06-27,582.99,2,2774,3060691,1853040,0.0906331282707075,99.2520643214229,1
304.97,305,922,922,2766,2766,2025-05-13,2025-05-23,582.99,0,0,19392347,-21563163,0.0142633586331763,99.8520756667566,0
474.35,475,15,42,2100,2730,2025-05-13,2025-06-27,582.99,27,630,3060691,1853040,0.0891955444048419,99.3412598658277,0.230769230769231
503.82,505,20,23,6160,2714,2025-05-13,2025-06-27,582.99,3,-3446,3060691,1853040,0.0886727866354362,99.4299326524631,-1.26971260132646
577.93,605,0,1,0,2707,2025-05-13,2025-06-13,582.99,1,2707,14614708,-10184166,0.018522436438689,99.9486818347654,1
379.98,380,1335,1345,4005,2690,2025-05-13,2025-05-23,582.99,10,-1315,19392347,-21563163,0.0138714514545351,99.8659471182111,-0.488847583643123
339.98,340,1340,1338,5360,2676,2025-05-13,2025-05-30,582.99,-2,-2684,55374195,-108562605,0.00483257589568571,99.9615109528906,-1.00298953662182
422.99,423,2650,2624,5300,2624,2025-05-13,2025-05-16,582.99,-26,-2676,36047877,-129974803,0.00727920814865186,99.8130846928933,-1.01981707317073
309.98,310,939,1292,2817,2584,2025-05-13,2025-05-30,582.99,353,-233,55374195,-108562605,0.00466643352557992,99.9661773864162,-0.0901702786377709
414.98,415,1271,1270,13981,2540,2025-05-13,2025-05-23,582.99,-1,-11441,19392347,-21563163,0.0130979504440592,99.8790450686552,-4.50433070866142
472.99,473,1498,2487,5992,2487,2025-05-13,2025-05-16,582.99,989,-3505,36047877,-129974803,0.00689915802808581,99.8199838509214,-1.40932850824286
397.98,398,1237,1237,2474,2474,2025-05-13,2025-05-16,582.99,0,0,36047877,-129974803,0.00686309487795911,99.8268469457993,0
476.99,477,2463,2463,12315,2463,2025-05-13,2025-05-16,582.99,0,-9852,36047877,-129974803,0.00683257990477497,99.8336795257041,-4
447.99,448,2418,2444,9672,2444,2025-05-13,2025-05-16,582.99,26,-7228,36047877,-129974803,0.00677987222382056,99.8404593979279,-2.95744680851064
344.98,345,1219,1219,2438,2438,2025-05-13,2025-05-23,582.99,0,0,19392347,-21563163,0.0125719697569356,99.8916170384121,0
418.98,419,1195,1195,2390,2390,2025-05-13,2025-05-16,582.99,0,0,36047877,-129974803,0.00663007144637117,99.8470894693743,0
334.98,335,1185,1188,3555,2376,2025-05-13,2025-05-30,582.99,3,-1179,55374195,-108562605,0.00429080729751466,99.9704681937137,-0.496212121212121
359.98,360,1172,1169,3516,2338,2025-05-13,2025-05-23,582.99,-3,-1178,19392347,-21563163,0.0120563024166183,99.9036733408287,-0.503849443969204
374.97,375,771,772,6168,2316,2025-05-13,2025-05-30,582.99,1,-3852,55374195,-108562605,0.00418245357788045,99.9746506472916,-1.66321243523316
349.98,350,1146,1156,4584,2312,2025-05-13,2025-05-30,582.99,10,-2272,55374195,-108562605,0.00417522999657151,99.9788258772882,-0.982698961937716
459.52,460,3,48,297,2304,2025-05-13,2025-06-27,582.99,45,2007,3060691,1853040,0.075277118794416,99.5052097712576,0.87109375
319.98,320,1095,1148,3285,2296,2025-05-13,2025-05-30,582.99,53,-989,55374195,-108562605,0.00414633567133572,99.9829722129595,-0.430749128919861
254.98,255,1636,1122,4908,2244,2025-05-13,2025-06-20,582.99,-514,-2664,352756072,-402417469,0.000636133628339075,99.9992748530208,-1.18716577540107
354.98,355,1127,1115,4508,2230,2025-05-13,2025-05-30,582.99,-12,-2278,55374195,-108562605,0.00402714657973809,99.9869993595392,-1.02152466367713
574.86,586,0,2,0,2228,2025-05-13,2025-06-13,582.99,2,2228,14614708,-10184166,0.0152449162857034,99.9639267510511,1
374.98,375,1254,1104,3762,2208,2025-05-13,2025-05-23,582.99,-150,-1554,19392347,-21563163,0.0113859348742058,99.9150592757029,-0.703804347826087
579.1,601,1,1,3372,2190,2025-05-13,2025-05-16,582.99,0,-1182,36047877,-129974803,0.00607525375211417,99.8531647231264,-0.53972602739726
344.98,345,1093,1092,4372,2184,2025-05-13,2025-05-30,582.99,-1,-2188,55374195,-108562605,0.0039440753946852,99.9909434349339,-1.0018315018315
411.99,412,2176,2173,2176,2173,2025-05-13,2025-05-16,582.99,-3,-3,36047877,-129974803,0.00602809424810232,99.8591928173745,-0.00138057984353428
354.98,355,1061,1060,2122,2120,2025-05-13,2025-05-23,582.99,-1,-2,19392347,-21563163,0.0109321476147266,99.9259914233177,-0.000943396226415094
473.99,474,2053,2101,10265,2101,2025-05-13,2025-05-16,582.99,48,-8164,36047877,-129974803,0.0058283598781698,99.8650211772527,-3.8857686815802
394.99,395,2104,2093,4208,2093,2025-05-13,2025-05-16,582.99,-11,-2115,36047877,-129974803,0.00580616717039952,99.8708273444231,-1.01051122790253
429.87,430,161,160,5313,2080,2025-05-13,2025-06-06,582.99,-1,-3233,26866294,-18539096,0.00774204287349792,99.9873633482906,-1.55432692307692
299.99,300,2040,2040,2040,2040,2025-05-13,2025-05-16,582.99,0,0,36047877,-129974803,0.00565914048142142,99.8764864849045,0
359.98,360,985,987,4925,1974,2025-05-13,2025-05-30,582.99,2,-2951,55374195,-108562605,0.00356483737596547,99.9945082723099,-1.49493414387031
324.98,325,959,976,2877,1952,2025-05-13,2025-05-30,582.99,17,-925,55374195,-108562605,0.00352510767876626,99.9980333799886,-0.473872950819672
364.98,365,954,965,2862,1930,2025-05-13,2025-05-23,582.99,11,-931.999999999999,19392347,-21563163,0.00995237966812372,99.9359438029858,-0.482901554404145
477.99,478,1937,1928,9685,1928,2025-05-13,2025-05-16,582.99,-9,-7757,36047877,-129974803,0.0053484425726375,99.8818349274772,-4.02334024896266
369.98,370,960,960,2880,1920,2025-05-13,2025-05-23,582.99,0,-960,19392347,-21563163,0.00990081293409199,99.9458446159199,-0.5
443.99,444,1909,1908,3818,1908,2025-05-13,2025-05-16,582.99,-1,-1910,36047877,-129974803,0.0052929608032118,99.8871278882804,-1.00104821802935
461.99,462,1905,1905,19050,1905,2025-05-13,2025-05-16,582.99,0,-17145,36047877,-129974803,0.00528463853779794,99.8924125268181,-9
392.98,393,932,932,1864,1864,2025-05-13,2025-05-16,582.99,0,0,36047877,-129974803,0.00517090091047526,99.8975834277286,0
299.99,300,1282,1837,2564,1837,2025-05-13,2025-05-23,582.99,555,-727,19392347,-21563163,0.00947280904162864,99.9553174249615,-0.39575394665215
577.76,596,1,1,2885,1824,2025-05-13,2025-06-20,582.99,0,-1061,352756072,-402417469,0.000517071184532296,99.9997919242053,-0.581688596491228
478.99,479,1776,1820,10656,1820,2025-05-13,2025-05-16,582.99,44,-8836,36047877,-129974803,0.00504884101773872,99.9026322687464,-4.85494505494506
402.97,403,606,606,1818,1818,2025-05-13,2025-05-16,582.99,0,0,36047877,-129974803,0.00504329284079614,99.9076755615872,0
484.19,485,20,22,3580,1782,2025-05-13,2025-06-27,582.99,2,-1798,3060691,1853040,0.0582221465675562,99.5634319178251,-1.00897867564534
455.99,456,1766,1773,5298,1773,2025-05-13,2025-05-16,582.99,7,-3525,36047877,-129974803,0.00491845885958832,99.9125940204468,-1.98815566835871
379.83,380,0,100,0,1700,2025-05-13,2025-06-27,582.99,100,1700,3060691,1853040,0.0555430129993521,99.6189749308245,1
489.12,490,1,19,221,1672,2025-05-13,2025-06-27,582.99,18,1451,3060691,1853040,0.0546281869028922,99.6736031177273,0.867822966507177
374.92,375,4,207,64,1656,2025-05-13,2025-06-13,582.99,203,1592,14614708,-10184166,0.0113310508838083,99.9752578019349,0.961352657004831
414.99,415,1657,1645,4971,1645,2025-05-13,2025-05-16,582.99,-12,-3326,36047877,-129974803,0.00456337553526384,99.917157395982,-2.02188449848024
394.99,395,1629,1628,9774,1628,2025-05-13,2025-05-23,582.99,-1,-8146,19392347,-21563163,0.0083950643003655,99.9637124892619,-5.0036855036855
259.94,260,271,271,2981,1626,2025-05-13,2025-07-18,582.99,0,-1355,254542747,-218588802,0.000638792508984748,99.9996165673501,-0.833333333333334
441.99,442,1510,1613,4530,1613,2025-05-13,2025-05-16,582.99,103,-2917,36047877,-129974803,0.00447460470418272,99.9216320006862,-1.80843149411035
424.7,425,45,52,2700,1560,2025-05-13,2025-06-27,582.99,7,-1140,3060691,1853040,0.0509688825170525,99.7245720002444,-0.730769230769231
427.99,428,1525,1521,6100,1521,2025-05-13,2025-05-16,582.99,-4,-4579,36047877,-129974803,0.0042193885648245,99.925851389251,-3.01051939513478
573.11,588,0,1,0,1489,2025-05-13,2025-06-27,582.99,1,1489,3060691,1853040,0.0486491449153149,99.7732211451597,1
437.99,438,1373,1470,2746,1470,2025-05-13,2025-05-16,582.99,97,-1276,36047877,-129974803,0.00407791005278896,99.9299292993038,-0.868027210884354
574.64,589,0,1,0,1436,2025-05-13,2025-06-13,582.99,1,1436,14614708,-10184166,0.00982571803692554,99.9850835199718,1
419.82,420,42,79,1428,1422,2025-05-13,2025-06-13,582.99,37,-6,14614708,-10184166,0.00972992412848755,99.9948134441003,-0.00421940928270042
354.99,355,1399,1399,1399,1399,2025-05-13,2025-05-16,582.99,0,0,36047877,-129974803,0.00388094977132773,99.9338102490751,0
469.43,470,4,24,492,1368,2025-05-13,2025-06-27,582.99,20,876,3060691,1853040,0.0446957892841845,99.8179169344439,0.640350877192982
458.99,459,1350,1359,5400,1359,2025-05-13,2025-05-16,582.99,9,-4041,36047877,-129974803,0.00376998623247633,99.9375802353076,-2.97350993377483
329.99,330,1347,1347,2694,1347,2025-05-13,2025-05-23,582.99,0,-1347,19392347,-21563163,0.00694603907407391,99.9706585283359,-1
433.99,434,1325,1325,9275,1325,2025-05-13,2025-05-16,582.99,0,-7950,36047877,-129974803,0.00367566722445264,99.9412559025321,-6
289.99,290,1323,1323,1323,1323,2025-05-13,2025-05-16,582.99,0,0,36047877,-129974803,0.00367011904751007,99.9449260215796,0
436.99,437,1279,1299,1279,1299,2025-05-13,2025-05-16,582.99,20,20,36047877,-129974803,0.00360354092419923,99.9485295625038,0.0153964588144727
435.99,436,1110,1280,9990,1280,2025-05-13,2025-05-16,582.99,170,-8710,36047877,-129974803,0.00355083324324481,99.952080395747,-6.8046875
339.99,340,1265,1272,5060,1272,2025-05-13,2025-05-23,582.99,7,-3788,19392347,-21563163,0.00655928856883594,99.9772178169048,-2.97798742138365
432.99,433,1289,1270,6445,1270,2025-05-13,2025-05-16,582.99,-19,-5175,36047877,-129974803,0.00352309235853196,99.9556034881056,-4.0748031496063
399.79,400,1,60,40,1260,2025-05-13,2025-06-27,582.99,59,1220,3060691,1853040,0.0411671743406963,99.8590841087846,0.968253968253968
442.99,443,1217,1255,2434,1255,2025-05-13,2025-05-16,582.99,38,-1179,36047877,-129974803,0.00348148103146268,99.959084969137,-0.939442231075697
449.57,450,8,29,736,1247,2025-05-13,2025-06-27,582.99,21,511,3060691,1853040,0.0407424336530542,99.8998265424376,0.409783480352847
349.99,350,1238,1238,2476,1238,2025-05-13,2025-05-23,582.99,0,-1238,19392347,-21563163,0.00638396167312807,99.9836017785779,-1
319.99,320,1231,1231,3693,1231,2025-05-13,2025-05-23,582.99,0,-2462,19392347,-21563163,0.00634786495930585,99.9899496435372,-2
405.99,406,1201,1211,3603,1211,2025-05-13,2025-05-16,582.99,10,-2392,36047877,-129974803,0.00335942113872614,99.9624443902758,-1.97522708505367
329.99,330,1090,1089,5450,1089,2025-05-13,2025-05-30,582.99,-1,-4361,55374195,-108562605,0.00196662001136089,100,-4.00459136822773
448.99,449,1108,1070,5540,1070,2025-05-13,2025-05-16,582.99,-38,-4470,36047877,-129974803,0.00296827466427496,99.96541266494,-4.17757009345794
393.99,394,1043,1043,1043,1043,2025-05-13,2025-05-16,582.99,0,0,36047877,-129974803,0.00289337427555026,99.9683060392156,0
410.99,411,1034,1034,3102,1034,2025-05-13,2025-05-16,582.99,0,-2068,36047877,-129974803,0.0028684074793087,99.9711744466949,-2
390.99,391,1005,1005,2010,1005,2025-05-13,2025-05-16,582.99,0,-1005,36047877,-129974803,0.00278795891364143,99.9739624056085,-1
374.94,375,16,165,192,990,2025-05-13,2025-06-06,582.99,149,798,26866294,-18539096,0.00368491463690526,99.9910482629275,0.806060606060606
404.78,405,0,45,0,990,2025-05-13,2025-06-27,582.99,45,990,3060691,1853040,0.0323456369819756,99.9321721794196,1
309.99,310,484,978,968,978,2025-05-13,2025-05-23,582.99,494,9.99999999999989,19392347,-21563163,0.00504322658830311,99.9949928701255,0.0102249488752555
264.92,265,148,122,1776,976,2025-05-13,2025-07-18,582.99,-26,-800,254542747,-218588802,0.000383432649919505,100,-0.819672131147541
438.99,439,969,969,2907,969,2025-05-13,2025-05-16,582.99,0,-1938,36047877,-129974803,0.00268809172867517,99.9766504973372,-2
425.99,426,942,941,1884,941,2025-05-13,2025-05-16,582.99,-1,-943,36047877,-129974803,0.00261041725147919,99.9792609145887,-1.00212539851222
423.99,424,909,927,1818,927,2025-05-13,2025-05-16,582.99,18,-891,36047877,-129974803,0.0025715800128812,99.9818324946015,-0.961165048543689
401.99,402,861,861,3444,861,2025-05-13,2025-05-16,582.99,0,-2583,36047877,-129974803,0.00238849017377639,99.9842209847753,-3
412.99,413,761,809,3805,809,2025-05-13,2025-05-16,582.99,48,-2996,36047877,-129974803,0.00224423757326957,99.9864652223486,-3.70333745364648
414.9,415,70,75,1610,750,2025-05-13,2025-06-06,582.99,5,-860,26866294,-18539096,0.0027916019976555,99.9938398649252,-1.14666666666667
450.99,451,746,746,3730,746,2025-05-13,2025-05-16,582.99,0,-2984,36047877,-129974803,0.00206946999957862,99.9885346923482,-4
414.84,415,29,46,957,736,2025-05-13,2025-06-13,582.99,17,-221,14614708,-10184166,0.0050360226150259,99.9998494667153,-0.300271739130435
229.99,230,995,734,1990,734,2025-05-13,2025-06-20,582.99,-261,-1256,352756072,-402417469,0.000208075794652799,100,-1.71117166212534
384.93,385,1,101,15,707,2025-05-13,2025-06-06,582.99,100,692,26866294,-18539096,0.00263155014978992,99.996471415075,0.978783592644979
407.99,408,699,699,3495,699,2025-05-13,2025-05-16,582.99,0,-2796,36047877,-129974803,0.00193908784142822,99.9904737801896,-4
294.99,295,651,651,651,651,2025-05-13,2025-05-16,582.99,0,0,36047877,-129974803,0.00180593159480654,99.9922797117844,0
479.3,480,5,9,815,630,2025-05-13,2025-06-27,582.99,4,-185,3060691,1853040,0.0205835871703481,99.95275576659,-0.293650793650794
324.99,325,631,629,631,629,2025-05-13,2025-05-23,582.99,-2,-2,19392347,-21563163,0.00324354757059576,99.9982364176961,-0.00317965023847377
445.99,446,597,618,1194,618,2025-05-13,2025-05-16,582.99,21,-576,36047877,-129974803,0.00171438667525414,99.9939940984597,-0.932038834951456
379.94,380,1,101,11,606,2025-05-13,2025-06-06,582.99,100,595,26866294,-18539096,0.00225561441410565,99.9987270294891,0.981848184818482
416.99,417,599,599,599,599,2025-05-13,2025-05-16,582.99,0,0,36047877,-129974803,0.00166167899429972,99.995655777454,0
406.99,407,574,574,2870,574,2025-05-13,2025-05-16,582.99,0,-2296,36047877,-129974803,0.00159232678251759,99.9972481042365,-4
415.99,416,531,531,2124,531,2025-05-13,2025-05-16,582.99,0,-1593,36047877,-129974803,0.00147304097825234,99.9987211452147,-3
400.99,401,481,461,962,461,2025-05-13,2025-05-16,582.99,-20,-501,36047877,-129974803,0.00127885478526239,100,-1.08676789587853
463.91,465,4,4,436,436,2025-05-13,2025-06-27,582.99,0,0,3060691,1853040,0.0142451492163044,99.9670009158063,0
409.54,410,8,8,368,368,2025-05-13,2025-06-27,582.99,0,0,3060691,1853040,0.0120234286963303,99.9790243445026,0
314.99,315,342,342,342,342,2025-05-13,2025-05-23,582.99,0,0,19392347,-21563163,0.00176358230388514,100,0
394.91,395,0,38,0,342,2025-05-13,2025-06-06,582.99,38,342,26866294,-18539096,0.00127297051093091,100,1
374.85,375,7,13,182,195,2025-05-13,2025-06-27,582.99,6,13,3060691,1853040,0.00637111031463157,99.9853954548172,0.0666666666666667
444.58,445,2,3,154,126,2025-05-13,2025-06-27,582.99,1,-28,3060691,1853040,0.00411671743406963,99.9895121722513,-0.222222222222222
414.76,415,3,4,168,96,2025-05-13,2025-06-27,582.99,1,-72,3060691,1853040,0.003136546616434,99.9926487188677,-0.75
434.63,435,1,2,74,74,2025-05-13,2025-06-27,582.99,1,0,3060691,1853040,0.00241775468350121,99.9950664735512,0
394.58,395,1,1,42,42,2025-05-13,2025-06-27,582.99,0,0,3060691,1853040,0.00137223914468988,99.9964387126959,0
389.81,390,1,2,35,38,2025-05-13,2025-06-27,582.99,1,3,3060691,1853040,0.00124154970233846,99.9976802623983,0.0789473684210526
439.63,440,1,1,73,37,2025-05-13,2025-06-27,582.99,0,-36,3060691,1853040,0.0012088773417506,99.99888913974,-0.972972972972973
384.66,385,1,1,34,34,2025-05-13,2025-06-27,582.99,0,0,3060691,1853040,0.00111086025998704,100,0
389.89,390,0,2,0,22,2025-05-13,2025-06-13,582.99,2,22,14614708,-10184166,0.000150533284688274,100,1
524.88,599,0,0,0,0,2025-05-13,2025-05-16,582.99,0,0,36047877,-129974803,0,100,
560.77,607,0,0,0,0,2025-05-13,2025-05-16,582.99,0,0,36047877,-129974803,0,100,
566.64,608,0,0,0,0,2025-05-13,2025-05-16,582.99,0,0,36047877,-129974803,0,100,
564.53,612,0,0,0,0,2025-05-13,2025-05-16,582.99,0,0,36047877,-129974803,0,100,
563.89,613,0,0,0,0,2025-05-13,2025-05-16,582.99,0,0,36047877,-129974803,0,100,
546.75,614,0,0,0,0,2025-05-13,2025-05-16,582.99,0,0,36047877,-129974803,0,100,
561.26,615,0,0,0,0,2025-05-13,2025-05-16,582.99,0,0,36047877,-129974803,0,100,
558.77,616,0,0,0,0,2025-05-13,2025-05-16,582.99,0,0,36047877,-129974803,0,100,
558.75,617,0,0,0,0,2025-05-13,2025-05-16,582.99,0,0,36047877,-129974803,0,100,
560.58,618,0,0,0,0,2025-05-13,2025-05-16,582.99,0,0,36047877,-129974803,0,100,
537.66,619,0,0,0,0,2025-05-13,2025-05-16,582.99,0,0,36047877,-129974803,0,100,
581.6,620,1,0,5571,0,2025-05-13,2025-05-16,582.99,-1,-5571,36047877,-129974803,0,100,-Inf
562.55,621,0,0,0,0,2025-05-13,2025-05-16,582.99,0,0,36047877,-129974803,0,100,
526.98,622,0,0,0,0,2025-05-13,2025-05-16,582.99,0,0,36047877,-129974803,0,100,
524.48,623,0,0,0,0,2025-05-13,2025-05-16,582.99,0,0,36047877,-129974803,0,100,
574.74,624,0,0,0,0,2025-05-13,2025-05-16,582.99,0,0,36047877,-129974803,0,100,
567.66,626,0,0,0,0,2025-05-13,2025-05-16,582.99,0,0,36047877,-129974803,0,100,
565.45,627,0,0,0,0,2025-05-13,2025-05-16,582.99,0,0,36047877,-129974803,0,100,
516.66,628,0,0,0,0,2025-05-13,2025-05-16,582.99,0,0,36047877,-129974803,0,100,
597.78,629,0,0,0,0,2025-05-13,2025-05-16,582.99,0,0,36047877,-129974803,0,100,
551.6,630,0,0,0,0,2025-05-13,2025-05-16,582.99,0,0,36047877,-129974803,0,100,
567.58,631,0,0,0,0,2025-05-13,2025-05-16,582.99,0,0,36047877,-129974803,0,100,
500.15,632,0,0,0,0,2025-05-13,2025-05-16,582.99,0,0,36047877,-129974803,0,100,
526.73,633,0,0,0,0,2025-05-13,2025-05-16,582.99,0,0,36047877,-129974803,0,100,
521.53,634,0,0,0,0,2025-05-13,2025-05-16,582.99,0,0,36047877,-129974803,0,100,
560.27,635,0,0,0,0,2025-05-13,2025-05-16,582.99,0,0,36047877,-129974803,0,100,
525.33,636,0,0,0,0,2025-05-13,2025-05-16,582.99,0,0,36047877,-129974803,0,100,
637,637,0,0,0,0,2025-05-13,2025-05-16,582.99,0,0,36047877,-129974803,0,100,
638,638,0,0,0,0,2025-05-13,2025-05-16,582.99,0,0,36047877,-129974803,0,100,
564.17,639,0,0,0,0,2025-05-13,2025-05-16,582.99,0,0,36047877,-129974803,0,100,
573.75,640,0,0,0,0,2025-05-13,2025-05-16,582.99,0,0,36047877,-129974803,0,100,
641,641,0,0,0,0,2025-05-13,2025-05-16,582.99,0,0,36047877,-129974803,0,100,
642,642,0,0,0,0,2025-05-13,2025-05-16,582.99,0,0,36047877,-129974803,0,100,
643,643,0,0,0,0,2025-05-13,2025-05-16,582.99,0,0,36047877,-129974803,0,100,
644,644,0,0,0,0,2025-05-13,2025-05-16,582.99,0,0,36047877,-129974803,0,100,
573.01,645,0,0,0,0,2025-05-13,2025-05-16,582.99,0,0,36047877,-129974803,0,100,
646,646,0,0,0,0,2025-05-13,2025-05-16,582.99,0,0,36047877,-129974803,0,100,
647,647,0,0,0,0,2025-05-13,2025-05-16,582.99,0,0,36047877,-129974803,0,100,
564.57,655,0,0,0,0,2025-05-13,2025-05-16,582.99,0,0,36047877,-129974803,0,100,
519.69,660,0,0,0,0,2025-05-13,2025-05-16,582.99,0,0,36047877,-129974803,0,100,
665,665,0,0,0,0,2025-05-13,2025-05-16,582.99,0,0,36047877,-129974803,0,100,
580.91,680,0,0,0,0,2025-05-13,2025-05-16,582.99,0,0,36047877,-129974803,0,100,
525.76,685,0,0,0,0,2025-05-13,2025-05-16,582.99,0,0,36047877,-129974803,0,100,
593.46,690,0,0,0,0,2025-05-13,2025-05-16,582.99,0,0,36047877,-129974803,0,100,
695,695,0,0,0,0,2025-05-13,2025-05-16,582.99,0,0,36047877,-129974803,0,100,
578.74,700,0,0,0,0,2025-05-13,2025-05-16,582.99,0,0,36047877,-129974803,0,100,
502.42,705,0,0,0,0,2025-05-13,2025-05-16,582.99,0,0,36047877,-129974803,0,100,
715,715,0,0,0,0,2025-05-13,2025-05-16,582.99,0,0,36047877,-129974803,0,100,
720,720,0,0,0,0,2025-05-13,2025-05-16,582.99,0,0,36047877,-129974803,0,100,
725,725,0,0,0,0,2025-05-13,2025-05-16,582.99,0,0,36047877,-129974803,0,100,
730,730,0,0,0,0,2025-05-13,2025-05-16,582.99,0,0,36047877,-129974803,0,100,
735,735,0,0,0,0,2025-05-13,2025-05-16,582.99,0,0,36047877,-129974803,0,100,
610.03,740,0,0,0,0,2025-05-13,2025-05-16,582.99,0,0,36047877,-129974803,0,100,
610.01,745,0,0,0,0,2025-05-13,2025-05-16,582.99,0,0,36047877,-129974803,0,100,
750,750,0,0,0,0,2025-05-13,2025-05-16,582.99,0,0,36047877,-129974803,0,100,
755,755,0,0,0,0,2025-05-13,2025-05-16,582.99,0,0,36047877,-129974803,0,100,
760,760,0,0,0,0,2025-05-13,2025-05-16,582.99,0,0,36047877,-129974803,0,100,
765,765,0,0,0,0,2025-05-13,2025-05-16,582.99,0,0,36047877,-129974803,0,100,
770,770,0,0,0,0,2025-05-13,2025-05-16,582.99,0,0,36047877,-129974803,0,100,
775,775,0,0,0,0,2025-05-13,2025-05-16,582.99,0,0,36047877,-129974803,0,100,
780,780,0,0,0,0,2025-05-13,2025-05-16,582.99,0,0,36047877,-129974803,0,100,
785,785,0,0,0,0,2025-05-13,2025-05-16,582.99,0,0,36047877,-129974803,0,100,
790,790,0,0,0,0,2025-05-13,2025-05-16,582.99,0,0,36047877,-129974803,0,100,
795,795,0,0,0,0,2025-05-13,2025-05-16,582.99,0,0,36047877,-129974803,0,100,
523.89,800,0,0,0,0,2025-05-13,2025-05-16,582.99,0,0,36047877,-129974803,0,100,
581.9,615,1,0,5150,0,2025-05-13,2025-05-23,582.99,-1,-5150,19392347,-21563163,0,100,-Inf
545,620,0,0,0,0,2025-05-13,2025-05-23,582.99,0,0,19392347,-21563163,0,100,
566.5,625,0,0,0,0,2025-05-13,2025-05-23,582.99,0,0,19392347,-21563163,0,100,
560.45,630,0,0,0,0,2025-05-13,2025-05-23,582.99,0,0,19392347,-21563163,0,100,
561.26,635,0,0,0,0,2025-05-13,2025-05-23,582.99,0,0,19392347,-21563163,0,100,
640,640,0,0,0,0,2025-05-13,2025-05-23,582.99,0,0,19392347,-21563163,0,100,
645,645,0,0,0,0,2025-05-13,2025-05-23,582.99,0,0,19392347,-21563163,0,100,
564.91,650,0,0,0,0,2025-05-13,2025-05-23,582.99,0,0,19392347,-21563163,0,100,
526,601,0,0,0,0,2025-05-13,2025-05-30,582.99,0,0,55374195,-108562605,0,100,
549.94,604,0,0,0,0,2025-05-13,2025-05-30,582.99,0,0,55374195,-108562605,0,100,
564.23,606,0,0,0,0,2025-05-13,2025-05-30,582.99,0,0,55374195,-108562605,0,100,
564.22,611,0,0,0,0,2025-05-13,2025-05-30,582.99,0,0,55374195,-108562605,0,100,
537.31,612,0,0,0,0,2025-05-13,2025-05-30,582.99,0,0,55374195,-108562605,0,100,
574.57,613,0,0,0,0,2025-05-13,2025-05-30,582.99,0,0,55374195,-108562605,0,100,
570.5,614,0,0,0,0,2025-05-13,2025-05-30,582.99,0,0,55374195,-108562605,0,100,
559.95,615,0,0,0,0,2025-05-13,2025-05-30,582.99,0,0,55374195,-108562605,0,100,
499,616,0,0,0,0,2025-05-13,2025-05-30,582.99,0,0,55374195,-108562605,0,100,
563.75,617,0,0,0,0,2025-05-13,2025-05-30,582.99,0,0,55374195,-108562605,0,100,
563.76,618,0,0,0,0,2025-05-13,2025-05-30,582.99,0,0,55374195,-108562605,0,100,
568.24,619,0,0,0,0,2025-05-13,2025-05-30,582.99,0,0,55374195,-108562605,0,100,
542.15,621,0,0,0,0,2025-05-13,2025-05-30,582.99,0,0,55374195,-108562605,0,100,
599.58,622,0,0,0,0,2025-05-13,2025-05-30,582.99,0,0,55374195,-108562605,0,100,
508.88,623,0,0,0,0,2025-05-13,2025-05-30,582.99,0,0,55374195,-108562605,0,100,
560.51,624,0,0,0,0,2025-05-13,2025-05-30,582.99,0,0,55374195,-108562605,0,100,
564.23,626,0,0,0,0,2025-05-13,2025-05-30,582.99,0,0,55374195,-108562605,0,100,
563.2,627,0,0,0,0,2025-05-13,2025-05-30,582.99,0,0,55374195,-108562605,0,100,
628,628,0,0,0,0,2025-05-13,2025-05-30,582.99,0,0,55374195,-108562605,0,100,
561.15,629,0,0,0,0,2025-05-13,2025-05-30,582.99,0,0,55374195,-108562605,0,100,
570.69,630,0,0,0,0,2025-05-13,2025-05-30,582.99,0,0,55374195,-108562605,0,100,
560.43,631,0,0,0,0,2025-05-13,2025-05-30,582.99,0,0,55374195,-108562605,0,100,
498.84,632,0,0,0,0,2025-05-13,2025-05-30,582.99,0,0,55374195,-108562605,0,100,
633,633,0,0,0,0,2025-05-13,2025-05-30,582.99,0,0,55374195,-108562605,0,100,
634,634,0,0,0,0,2025-05-13,2025-05-30,582.99,0,0,55374195,-108562605,0,100,
560.95,635,0,0,0,0,2025-05-13,2025-05-30,582.99,0,0,55374195,-108562605,0,100,
523.41,640,0,0,0,0,2025-05-13,2025-05-30,582.99,0,0,55374195,-108562605,0,100,
501.16,645,0,0,0,0,2025-05-13,2025-05-30,582.99,0,0,55374195,-108562605,0,100,
581.79,650,0,0,0,0,2025-05-13,2025-05-30,582.99,0,0,55374195,-108562605,0,100,
501.17,655,0,0,0,0,2025-05-13,2025-05-30,582.99,0,0,55374195,-108562605,0,100,
500.66,660,0,0,0,0,2025-05-13,2025-05-30,582.99,0,0,55374195,-108562605,0,100,
665,665,0,0,0,0,2025-05-13,2025-05-30,582.99,0,0,55374195,-108562605,0,100,
525.83,670,0,0,0,0,2025-05-13,2025-05-30,582.99,0,0,55374195,-108562605,0,100,
525.84,675,0,0,0,0,2025-05-13,2025-05-30,582.99,0,0,55374195,-108562605,0,100,
607.45,680,0,0,0,0,2025-05-13,2025-05-30,582.99,0,0,55374195,-108562605,0,100,
685,685,0,0,0,0,2025-05-13,2025-05-30,582.99,0,0,55374195,-108562605,0,100,
690,690,0,0,0,0,2025-05-13,2025-05-30,582.99,0,0,55374195,-108562605,0,100,
593.54,695,0,0,0,0,2025-05-13,2025-05-30,582.99,0,0,55374195,-108562605,0,100,
566.89,700,0,0,0,0,2025-05-13,2025-05-30,582.99,0,0,55374195,-108562605,0,100,
705,705,0,0,0,0,2025-05-13,2025-05-30,582.99,0,0,55374195,-108562605,0,100,
561.4,710,0,0,0,0,2025-05-13,2025-05-30,582.99,0,0,55374195,-108562605,0,100,
521.53,715,0,0,0,0,2025-05-13,2025-05-30,582.99,0,0,55374195,-108562605,0,100,
560.29,720,0,0,0,0,2025-05-13,2025-05-30,582.99,0,0,55374195,-108562605,0,100,
390,390,0,0,0,0,2025-05-13,2025-06-06,582.99,0,0,26866294,-18539096,0,100,
581.97,625,0,0,0,0,2025-05-13,2025-06-06,582.99,0,0,26866294,-18539096,0,100,
635,635,0,0,0,0,2025-05-13,2025-06-06,582.99,0,0,26866294,-18539096,0,100,
640,640,0,0,0,0,2025-05-13,2025-06-06,582.99,0,0,26866294,-18539096,0,100,
645,645,0,0,0,0,2025-05-13,2025-06-06,582.99,0,0,26866294,-18539096,0,100,
650,650,0,0,0,0,2025-05-13,2025-06-06,582.99,0,0,26866294,-18539096,0,100,
380,380,0,0,0,0,2025-05-13,2025-06-13,582.99,0,0,14614708,-10184166,0,100,
385,385,0,0,0,0,2025-05-13,2025-06-13,582.99,0,0,14614708,-10184166,0,100,
395,395,0,0,0,0,2025-05-13,2025-06-13,582.99,0,0,14614708,-10184166,0,100,
615,615,0,0,0,0,2025-05-13,2025-06-13,582.99,0,0,14614708,-10184166,0,100,
625,625,0,0,0,0,2025-05-13,2025-06-13,582.99,0,0,14614708,-10184166,0,100,
566.95,630,0,0,0,0,2025-05-13,2025-06-13,582.99,0,0,14614708,-10184166,0,100,
635,635,0,0,0,0,2025-05-13,2025-06-13,582.99,0,0,14614708,-10184166,0,100,
640,640,0,0,0,0,2025-05-13,2025-06-13,582.99,0,0,14614708,-10184166,0,100,
560.09,645,0,0,0,0,2025-05-13,2025-06-13,582.99,0,0,14614708,-10184166,0,100,
650,650,0,0,0,0,2025-05-13,2025-06-13,582.99,0,0,14614708,-10184166,0,100,
594,594,0,0,0,0,2025-05-13,2025-06-20,582.99,0,0,352756072,-402417469,0,100,
577.72,635,0,0,0,0,2025-05-13,2025-06-20,582.99,0,0,352756072,-402417469,0,100,
578.68,640,2,0,14420,0,2025-05-13,2025-06-20,582.99,-2,-14420,352756072,-402417469,0,100,-Inf
561.27,645,0,0,0,0,2025-05-13,2025-06-20,582.99,0,0,352756072,-402417469,0,100,
564.82,650,0,0,0,0,2025-05-13,2025-06-20,582.99,0,0,352756072,-402417469,0,100,
564.72,655,0,0,0,0,2025-05-13,2025-06-20,582.99,0,0,352756072,-402417469,0,100,
574.7,660,0,0,0,0,2025-05-13,2025-06-20,582.99,0,0,352756072,-402417469,0,100,
562.8,665,0,0,0,0,2025-05-13,2025-06-20,582.99,0,0,352756072,-402417469,0,100,
598.01,670,0,0,0,0,2025-05-13,2025-06-20,582.99,0,0,352756072,-402417469,0,100,
561.04,675,0,0,0,0,2025-05-13,2025-06-20,582.99,0,0,352756072,-402417469,0,100,
541.27,680,0,0,0,0,2025-05-13,2025-06-20,582.99,0,0,352756072,-402417469,0,100,
538.61,685,0,0,0,0,2025-05-13,2025-06-20,582.99,0,0,352756072,-402417469,0,100,
577,690,0,0,0,0,2025-05-13,2025-06-20,582.99,0,0,352756072,-402417469,0,100,
561.38,695,0,0,0,0,2025-05-13,2025-06-20,582.99,0,0,352756072,-402417469,0,100,
510,700,0,0,0,0,2025-05-13,2025-06-20,582.99,0,0,352756072,-402417469,0,100,
564.85,705,0,0,0,0,2025-05-13,2025-06-20,582.99,0,0,352756072,-402417469,0,100,
561.29,710,0,0,0,0,2025-05-13,2025-06-20,582.99,0,0,352756072,-402417469,0,100,
561,715,0,0,0,0,2025-05-13,2025-06-20,582.99,0,0,352756072,-402417469,0,100,
561.29,720,0,0,0,0,2025-05-13,2025-06-20,582.99,0,0,352756072,-402417469,0,100,
725,725,0,0,0,0,2025-05-13,2025-06-20,582.99,0,0,352756072,-402417469,0,100,
730,730,0,0,0,0,2025-05-13,2025-06-20,582.99,0,0,352756072,-402417469,0,100,
735,735,0,0,0,0,2025-05-13,2025-06-20,582.99,0,0,352756072,-402417469,0,100,
505.32,740,0,0,0,0,2025-05-13,2025-06-20,582.99,0,0,352756072,-402417469,0,100,
745,745,0,0,0,0,2025-05-13,2025-06-20,582.99,0,0,352756072,-402417469,0,100,
604.99,750,0,0,0,0,2025-05-13,2025-06-20,582.99,0,0,352756072,-402417469,0,100,
604.97,755,0,0,0,0,2025-05-13,2025-06-20,582.99,0,0,352756072,-402417469,0,100,
760,760,0,0,0,0,2025-05-13,2025-06-20,582.99,0,0,352756072,-402417469,0,100,
497.76,765,0,0,0,0,2025-05-13,2025-06-20,582.99,0,0,352756072,-402417469,0,100,
770,770,0,0,0,0,2025-05-13,2025-06-20,582.99,0,0,352756072,-402417469,0,100,
537.22,775,0,0,0,0,2025-05-13,2025-06-20,582.99,0,0,352756072,-402417469,0,100,
537.22,780,0,0,0,0,2025-05-13,2025-06-20,582.99,0,0,352756072,-402417469,0,100,
785,785,0,0,0,0,2025-05-13,2025-06-20,582.99,0,0,352756072,-402417469,0,100,
790,790,0,0,0,0,2025-05-13,2025-06-20,582.99,0,0,352756072,-402417469,0,100,
795,795,0,0,0,0,2025-05-13,2025-06-20,582.99,0,0,352756072,-402417469,0,100,
561.12,800,0,0,0,0,2025-05-13,2025-06-20,582.99,0,0,352756072,-402417469,0,100,
805,805,0,0,0,0,2025-05-13,2025-06-20,582.99,0,0,352756072,-402417469,0,100,
810,810,0,0,0,0,2025-05-13,2025-06-20,582.99,0,0,352756072,-402417469,0,100,
815,815,0,0,0,0,2025-05-13,2025-06-20,582.99,0,0,352756072,-402417469,0,100,
537.22,820,0,0,0,0,2025-05-13,2025-06-20,582.99,0,0,352756072,-402417469,0,100,
500.76,825,0,0,0,0,2025-05-13,2025-06-20,582.99,0,0,352756072,-402417469,0,100,
535.22,830,0,0,0,0,2025-05-13,2025-06-20,582.99,0,0,352756072,-402417469,0,100,
420,420,0,0,0,0,2025-05-13,2025-06-27,582.99,0,0,3060691,1853040,0,100,
455,455,0,0,0,0,2025-05-13,2025-06-27,582.99,0,0,3060691,1853040,0,100,
605,605,0,0,0,0,2025-05-13,2025-06-27,582.99,0,0,3060691,1853040,0,100,
620,620,0,0,0,0,2025-05-13,2025-06-27,582.99,0,0,3060691,1853040,0,100,
625,625,0,0,0,0,2025-05-13,2025-06-27,582.99,0,0,3060691,1853040,0,100,
630,630,0,0,0,0,2025-05-13,2025-06-27,582.99,0,0,3060691,1853040,0,100,
635,635,0,0,0,0,2025-05-13,2025-06-27,582.99,0,0,3060691,1853040,0,100,
640,640,0,0,0,0,2025-05-13,2025-06-27,582.99,0,0,3060691,1853040,0,100,
645,645,0,0,0,0,2025-05-13,2025-06-27,582.99,0,0,3060691,1853040,0,100,
563.75,650,0,0,0,0,2025-05-13,2025-06-27,582.99,0,0,3060691,1853040,0,100,
555.53,645,0,0,0,0,2025-05-13,2025-07-18,582.99,0,0,254542747,-218588802,0,100,
535.03,650,0,0,0,0,2025-05-13,2025-07-18,582.99,0,0,254542747,-218588802,0,100,
526.44,655,0,0,0,0,2025-05-13,2025-07-18,582.99,0,0,254542747,-218588802,0,100,
572.82,660,0,0,0,0,2025-05-13,2025-07-18,582.99,0,0,254542747,-218588802,0,100,
609.47,665,0,0,0,0,2025-05-13,2025-07-18,582.99,0,0,254542747,-218588802,0,100,
609.28,670,0,0,0,0,2025-05-13,2025-07-18,582.99,0,0,254542747,-218588802,0,100,
675,675,0,0,0,0,2025-05-13,2025-07-18,582.99,0,0,254542747,-218588802,0,100,
559.85,680,0,0,0,0,2025-05-13,2025-07-18,582.99,0,0,254542747,-218588802,0,100,
685,685,0,0,0,0,2025-05-13,2025-07-18,582.99,0,0,254542747,-218588802,0,100,
690,690,0,0,0,0,2025-05-13,2025-07-18,582.99,0,0,254542747,-218588802,0,100,
695,695,0,0,0,0,2025-05-13,2025-07-18,582.99,0,0,254542747,-218588802,0,100,
700,700,0,0,0,0,2025-05-13,2025-07-18,582.99,0,0,254542747,-218588802,0,100,
705,705,0,0,0,0,2025-05-13,2025-07-18,582.99,0,0,254542747,-218588802,0,100,
710,710,0,0,0,0,2025-05-13,2025-07-18,582.99,0,0,254542747,-218588802,0,100,
715,715,0,0,0,0,2025-05-13,2025-07-18,582.99,0,0,254542747,-218588802,0,100,
720,720,0,0,0,0,2025-05-13,2025-07-18,582.99,0,0,254542747,-218588802,0,100,
725,725,0,0,0,0,2025-05-13,2025-07-18,582.99,0,0,254542747,-218588802,0,100,
730,730,0,0,0,0,2025-05-13,2025-07-18,582.99,0,0,254542747,-218588802,0,100,
735,735,0,0,0,0,2025-05-13,2025-07-18,582.99,0,0,254542747,-218588802,0,100,
740,740,0,0,0,0,2025-05-13,2025-07-18,582.99,0,0,254542747,-218588802,0,100,
745,745,0,0,0,0,2025-05-13,2025-07-18,582.99,0,0,254542747,-218588802,0,100,
750,750,0,0,0,0,2025-05-13,2025-07-18,582.99,0,0,254542747,-218588802,0,100,
755,755,0,0,0,0,2025-05-13,2025-07-18,582.99,0,0,254542747,-218588802,0,100,
568.76,760,0,0,0,0,2025-05-13,2025-07-18,582.99,0,0,254542747,-218588802,0,100,
765,765,0,0,0,0,2025-05-13,2025-07-18,582.99,0,0,254542747,-218588802,0,100,
770,770,0,0,0,0,2025-05-13,2025-07-18,582.99,0,0,254542747,-218588802,0,100,
775,775,0,0,0,0,2025-05-13,2025-07-18,582.99,0,0,254542747,-218588802,0,100,
780,780,0,0,0,0,2025-05-13,2025-07-18,582.99,0,0,254542747,-218588802,0,100,
785,785,0,0,0,0,2025-05-13,2025-07-18,582.99,0,0,254542747,-218588802,0,100,
790,790,0,0,0,0,2025-05-13,2025-07-18,582.99,0,0,254542747,-218588802,0,100,
795,795,0,0,0,0,2025-05-13,2025-07-18,582.99,0,0,254542747,-218588802,0,100,
606.54,800,0,0,0,0,2025-05-13,2025-07-18,582.99,0,0,254542747,-218588802,0,100,
555.14,645,0,0,0,0,2025-05-13,2025-08-15,582.99,0,0,242551029,-150895211,0,100,
523.92,650,0,0,0,0,2025-05-13,2025-08-15,582.99,0,0,242551029,-150895211,0,100,
543,655,0,0,0,0,2025-05-13,2025-08-15,582.99,0,0,242551029,-150895211,0,100,
538.17,660,0,0,0,0,2025-05-13,2025-08-15,582.99,0,0,242551029,-150895211,0,100,
601.64,665,0,0,0,0,2025-05-13,2025-08-15,582.99,0,0,242551029,-150895211,0,100,
526.74,670,0,0,0,0,2025-05-13,2025-08-15,582.99,0,0,242551029,-150895211,0,100,
526.16,675,0,0,0,0,2025-05-13,2025-08-15,582.99,0,0,242551029,-150895211,0,100,
564.97,680,0,0,0,0,2025-05-13,2025-08-15,582.99,0,0,242551029,-150895211,0,100,
685,685,0,0,0,0,2025-05-13,2025-08-15,582.99,0,0,242551029,-150895211,0,100,
690,690,0,0,0,0,2025-05-13,2025-08-15,582.99,0,0,242551029,-150895211,0,100,
695,695,0,0,0,0,2025-05-13,2025-08-15,582.99,0,0,242551029,-150895211,0,100,
560.93,700,0,0,0,0,2025-05-13,2025-08-15,582.99,0,0,242551029,-150895211,0,100,
705,705,0,0,0,0,2025-05-13,2025-08-15,582.99,0,0,242551029,-150895211,0,100,
710,710,0,0,0,0,2025-05-13,2025-08-15,582.99,0,0,242551029,-150895211,0,100,
715,715,0,0,0,0,2025-05-13,2025-08-15,582.99,0,0,242551029,-150895211,0,100,
720,720,0,0,0,0,2025-05-13,2025-08-15,582.99,0,0,242551029,-150895211,0,100,
725,725,0,0,0,0,2025-05-13,2025-08-15,582.99,0,0,242551029,-150895211,0,100,
730,730,0,0,0,0,2025-05-13,2025-08-15,582.99,0,0,242551029,-150895211,0,100,
586.99,735,0,0,0,0,2025-05-13,2025-08-15,582.99,0,0,242551029,-150895211,0,100,
740,740,0,0,0,0,2025-05-13,2025-08-15,582.99,0,0,242551029,-150895211,0,100,
745,745,0,0,0,0,2025-05-13,2025-08-15,582.99,0,0,242551029,-150895211,0,100,
750,750,0,0,0,0,2025-05-13,2025-08-15,582.99,0,0,242551029,-150895211,0,100,
755,755,0,0,0,0,2025-05-13,2025-08-15,582.99,0,0,242551029,-150895211,0,100,
760,760,0,0,0,0,2025-05-13,2025-08-15,582.99,0,0,242551029,-150895211,0,100,
765,765,0,0,0,0,2025-05-13,2025-08-15,582.99,0,0,242551029,-150895211,0,100,
770,770,0,0,0,0,2025-05-13,2025-08-15,582.99,0,0,242551029,-150895211,0,100,
775,775,0,0,0,0,2025-05-13,2025-08-15,582.99,0,0,242551029,-150895211,0,100,
780,780,0,0,0,0,2025-05-13,2025-08-15,582.99,0,0,242551029,-150895211,0,100,
785,785,0,0,0,0,2025-05-13,2025-08-15,582.99,0,0,242551029,-150895211,0,100,
602.96,790,0,0,0,0,2025-05-13,2025-08-15,582.99,0,0,242551029,-150895211,0,100,
604.5,795,0,0,0,0,2025-05-13,2025-08-15,582.99,0,0,242551029,-150895211,0,100,
553.08,800,0,0,0,0,2025-05-13,2025-08-15,582.99,0,0,242551029,-150895211,0,100,
805,805,0,0,0,0,2025-05-13,2025-08-15,582.99,0,0,242551029,-150895211,0,100,
810,810,0,0,0,0,2025-05-13,2025-08-15,582.99,0,0,242551029,-150895211,0,100,
815,815,0,0,0,0,2025-05-13,2025-08-15,582.99,0,0,242551029,-150895211,0,100,
820,820,0,0,0,0,2025-05-13,2025-08-15,582.99,0,0,242551029,-150895211,0,100,
825,825,0,0,0,0,2025-05-13,2025-08-15,582.99,0,0,242551029,-150895211,0,100,
830,830,0,0,0,0,2025-05-13,2025-08-15,582.99,0,0,242551029,-150895211,0,100,
515.74,655,0,0,0,0,2025-05-13,2025-09-19,582.99,0,0,657391836,-411269570,0,100,
526.15,665,0,0,0,0,2025-05-13,2025-09-19,582.99,0,0,657391836,-411269570,0,100,
569.07,670,0,0,0,0,2025-05-13,2025-09-19,582.99,0,0,657391836,-411269570,0,100,
551.7,675,0,0,0,0,2025-05-13,2025-09-19,582.99,0,0,657391836,-411269570,0,100,
680,680,0,0,0,0,2025-05-13,2025-09-19,582.99,0,0,657391836,-411269570,0,100,
567.33,695,0,0,0,0,2025-05-13,2025-09-19,582.99,0,0,657391836,-411269570,0,100,
608.28,700,0,0,0,0,2025-05-13,2025-09-19,582.99,0,0,657391836,-411269570,0,100,
705,705,0,0,0,0,2025-05-13,2025-09-19,582.99,0,0,657391836,-411269570,0,100,
710,710,0,0,0,0,2025-05-13,2025-09-19,582.99,0,0,657391836,-411269570,0,100,
715,715,0,0,0,0,2025-05-13,2025-09-19,582.99,0,0,657391836,-411269570,0,100,
720,720,0,0,0,0,2025-05-13,2025-09-19,582.99,0,0,657391836,-411269570,0,100,
553.12,725,0,0,0,0,2025-05-13,2025-09-19,582.99,0,0,657391836,-411269570,0,100,
553.1,730,0,0,0,0,2025-05-13,2025-09-19,582.99,0,0,657391836,-411269570,0,100,
611,735,0,0,0,0,2025-05-13,2025-09-19,582.99,0,0,657391836,-411269570,0,100,
740,740,0,0,0,0,2025-05-13,2025-09-19,582.99,0,0,657391836,-411269570,0,100,
745,745,0,0,0,0,2025-05-13,2025-09-19,582.99,0,0,657391836,-411269570,0,100,
750,750,0,0,0,0,2025-05-13,2025-09-19,582.99,0,0,657391836,-411269570,0,100,
755,755,0,0,0,0,2025-05-13,2025-09-19,582.99,0,0,657391836,-411269570,0,100,
760,760,0,0,0,0,2025-05-13,2025-09-19,582.99,0,0,657391836,-411269570,0,100,
765,765,0,0,0,0,2025-05-13,2025-09-19,582.99,0,0,657391836,-411269570,0,100,
770,770,0,0,0,0,2025-05-13,2025-09-19,582.99,0,0,657391836,-411269570,0,100,
775,775,0,0,0,0,2025-05-13,2025-09-19,582.99,0,0,657391836,-411269570,0,100,
780,780,0,0,0,0,2025-05-13,2025-09-19,582.99,0,0,657391836,-411269570,0,100,
785,785,0,0,0,0,2025-05-13,2025-09-19,582.99,0,0,657391836,-411269570,0,100,
790,790,0,0,0,0,2025-05-13,2025-09-19,582.99,0,0,657391836,-411269570,0,100,
795,795,0,0,0,0,2025-05-13,2025-09-19,582.99,0,0,657391836,-411269570,0,100,
597.26,800,0,0,0,0,2025-05-13,2025-09-19,582.99,0,0,657391836,-411269570,0,100,
805,805,0,0,0,0,2025-05-13,2025-09-19,582.99,0,0,657391836,-411269570,0,100,
810,810,0,0,0,0,2025-05-13,2025-09-19,582.99,0,0,657391836,-411269570,0,100,
815,815,0,0,0,0,2025-05-13,2025-09-19,582.99,0,0,657391836,-411269570,0,100,
820,820,0,0,0,0,2025-05-13,2025-09-19,582.99,0,0,657391836,-411269570,0,100,
825,825,0,0,0,0,2025-05-13,2025-09-19,582.99,0,0,657391836,-411269570,0,100,
570.97,830,0,0,0,0,2025-05-13,2025-09-19,582.99,0,0,657391836,-411269570,0,100,
561.11,655,0,0,0,0,2025-05-13,2025-12-19,582.99,0,0,447775884,-169870901,0,100,
510.13,660,0,0,0,0,2025-05-13,2025-12-19,582.99,0,0,447775884,-169870901,0,100,
565.77,665,0,0,0,0,2025-05-13,2025-12-19,582.99,0,0,447775884,-169870901,0,100,
564,670,0,0,0,0,2025-05-13,2025-12-19,582.99,0,0,447775884,-169870901,0,100,
605,675,0,0,0,0,2025-05-13,2025-12-19,582.99,0,0,447775884,-169870901,0,100,
603.25,680,0,0,0,0,2025-05-13,2025-12-19,582.99,0,0,447775884,-169870901,0,100,
587.15,685,0,0,0,0,2025-05-13,2025-12-19,582.99,0,0,447775884,-169870901,0,100,
609.11,690,0,0,0,0,2025-05-13,2025-12-19,582.99,0,0,447775884,-169870901,0,100,
591.04,695,0,0,0,0,2025-05-13,2025-12-19,582.99,0,0,447775884,-169870901,0,100,
562.19,700,0,0,0,0,2025-05-13,2025-12-19,582.99,0,0,447775884,-169870901,0,100,
537.36,705,0,0,0,0,2025-05-13,2025-12-19,582.99,0,0,447775884,-169870901,0,100,
601.65,710,0,0,0,0,2025-05-13,2025-12-19,582.99,0,0,447775884,-169870901,0,100,
715,715,0,0,0,0,2025-05-13,2025-12-19,582.99,0,0,447775884,-169870901,0,100,
720,720,0,0,0,0,2025-05-13,2025-12-19,582.99,0,0,447775884,-169870901,0,100,
557,725,0,0,0,0,2025-05-13,2025-12-19,582.99,0,0,447775884,-169870901,0,100,
730,730,0,0,0,0,2025-05-13,2025-12-19,582.99,0,0,447775884,-169870901,0,100,
735,735,0,0,0,0,2025-05-13,2025-12-19,582.99,0,0,447775884,-169870901,0,100,
557.52,740,0,0,0,0,2025-05-13,2025-12-19,582.99,0,0,447775884,-169870901,0,100,
745,745,0,0,0,0,2025-05-13,2025-12-19,582.99,0,0,447775884,-169870901,0,100,
559.59,750,0,0,0,0,2025-05-13,2025-12-19,582.99,0,0,447775884,-169870901,0,100,
755,755,0,0,0,0,2025-05-13,2025-12-19,582.99,0,0,447775884,-169870901,0,100,
760,760,0,0,0,0,2025-05-13,2025-12-19,582.99,0,0,447775884,-169870901,0,100,
556.84,765,0,0,0,0,2025-05-13,2025-12-19,582.99,0,0,447775884,-169870901,0,100,
770,770,0,0,0,0,2025-05-13,2025-12-19,582.99,0,0,447775884,-169870901,0,100,
775,775,0,0,0,0,2025-05-13,2025-12-19,582.99,0,0,447775884,-169870901,0,100,
602,780,0,0,0,0,2025-05-13,2025-12-19,582.99,0,0,447775884,-169870901,0,100,
785,785,0,0,0,0,2025-05-13,2025-12-19,582.99,0,0,447775884,-169870901,0,100,
790,790,0,0,0,0,2025-05-13,2025-12-19,582.99,0,0,447775884,-169870901,0,100,
795,795,0,0,0,0,2025-05-13,2025-12-19,582.99,0,0,447775884,-169870901,0,100,
561.39,800,0,0,0,0,2025-05-13,2025-12-19,582.99,0,0,447775884,-169870901,0,100,
805,805,0,0,0,0,2025-05-13,2025-12-19,582.99,0,0,447775884,-169870901,0,100,
810,810,0,0,0,0,2025-05-13,2025-12-19,582.99,0,0,447775884,-169870901,0,100,
815,815,0,0,0,0,2025-05-13,2025-12-19,582.99,0,0,447775884,-169870901,0,100,
820,820,0,0,0,0,2025-05-13,2025-12-19,582.99,0,0,447775884,-169870901,0,100,
516.96,825,0,0,0,0,2025-05-13,2025-12-19,582.99,0,0,447775884,-169870901,0,100,
830,830,0,0,0,0,2025-05-13,2025-12-19,582.99,0,0,447775884,-169870901,0,100,
835,835,0,0,0,0,2025-05-13,2025-12-19,582.99,0,0,447775884,-169870901,0,100,
567.7,840,0,0,0,0,2025-05-13,2025-12-19,582.99,0,0,447775884,-169870901,0,100,
