Watch,strike,open_interest.yt,open_interest.td,OI_Dollar.yt,OI_Dollar.td,Date.td,expiry,stkClose,diff_oi,diff_oi_d,totalOI,totalOIdiff,OI_pct,cum_sep_OI,pct
491.77,500,206222,205857,113834544,169420311,2024-07-25,2024-12-20,541.23,-365,55585767,652255728,204674421,25.9745225265389,25.9745225265389,0.328093878897436
529.59,540,89618,97335,51888822,101325735,2024-07-25,2024-09-20,541.23,7717,49436913,681140816,310592197,14.8758865450224,14.8758865450224,0.487900857565948
522.5,530,94413,92499,38237265,69374250,2024-07-25,2024-09-20,541.23,-1914,31136985,681140816,310592197,10.1850084990355,25.060895044058,0.448826257581163
533.48,550,32919,32442,34071165,53594184,2024-07-25,2024-10-18,541.23,-477,19523019,319700424,124486522,16.7638764220094,16.7638764220094,0.364274955655636
515.96,530,37554,37863,37028244,53159652,2024-07-25,2024-12-20,541.23,309,16131408,652255728,204674421,8.15012421017788,34.1246467367167,0.303452099347829
539.5,555,33425,31659,23397500,49071450,2024-07-25,2024-08-16,541.23,-1766,25673950,588458256,340202139,8.3389857308757,8.3389857308757,0.52319525915782
533.24,540,48280,64301,12890760,43467476,2024-07-25,2024-08-16,541.23,16021,30576716,588458256,340202139,7.38667111163787,15.7256568425136,0.703438957440271
538.5,550,44203,37384,22278312,42991600,2024-07-25,2024-08-16,541.23,-6819,20713288,588458256,340202139,7.30580284355803,23.0314596860716,0.481798490867984
514.52,520,78762,77917,22683456,42698516,2024-07-25,2024-09-20,541.23,-845,20015060,681140816,310592197,6.26867675479309,31.3295717988511,0.468753059239811
540.15,560,19977,19296,18139116,38302560,2024-07-25,2024-08-16,541.23,-681,20163444,588458256,340202139,6.50896807198504,29.5404277580566,0.526425492186423
536.15,545,35964,31986,12299688,28307610,2024-07-25,2024-08-16,541.23,-3978,16007922,588458256,340202139,4.81047036240409,34.3508981204607,0.565498888814704
532.55,545,23288,22178,16418040,27611610,2024-07-25,2024-09-20,541.23,-1110,11193570,681140816,310592197,4.05373005866088,35.3833018575119,0.405393600735343
529.21,550,13158,13060,19013310,27151740,2024-07-25,2024-12-20,541.23,-98,8138430,652255728,204674421,4.16274458535686,38.2873913220736,0.299738801270195
531.67,540,31741,30315,12791623,25252395,2024-07-25,2024-08-30,541.23,-1426,12460772,195961664,100553670,12.8863954737596,12.8863954737596,0.493449116410542
510.39,520,25999,25921,16457367,24910081,2024-07-25,2024-11-15,541.23,-78,8452714,192521572,68415428,12.9388518601957,12.9388518601957,0.339329045136385
518.59,525,36124,38844,12354408,24899004,2024-07-25,2024-09-20,541.23,2720,12544596,681140816,310592197,3.65548553472679,39.0387873922387,0.503819188912135
483.04,490,33782,33739,15505938,23482344,2024-07-25,2024-12-20,541.23,-43,7976406,652255728,204674421,3.60017443955663,41.8875657616302,0.339676737552265
478.09,480,121772,122510,12055428,23399410,2024-07-25,2024-09-20,541.23,738,11343982,681140816,310592197,3.43532635988738,42.4741137521261,0.484797779089302
496.43,505,27181,27200,15846523,23310400,2024-07-25,2024-12-20,541.23,19,7463877,652255728,204674421,3.57381299992202,45.4613787615523,0.320195148946393
522.97,540,13443,13376,15768639,22779328,2024-07-25,2024-12-20,541.23,-67,7010689,652255728,204674421,3.49239217413205,48.9537709356843,0.307765400278709
533.46,560,8439,8418,15730296,22341372,2024-07-25,2024-12-20,541.23,-21,6611076,652255728,204674421,3.42524734409078,52.3790182797751,0.295911817770189
469.62,475,41403,41361,14366841,22252218,2024-07-25,2024-12-20,541.23,-42,7885377,652255728,204674421,3.41157877880683,55.7905970585819,0.354363641413184
526.06,530,63849,54915,9258105,21636510,2024-07-25,2024-08-16,541.23,-8934,12378405,588458256,340202139,3.67681305842704,38.0277111788878,0.572107285324667
517.61,520,99351,89984,8146782,21506176,2024-07-25,2024-08-16,541.23,-9367,13359394,588458256,340202139,3.65466467344457,41.6823758523323,0.621188722718534
510.31,515,32777,45708,7899257,21437052,2024-07-25,2024-09-20,541.23,12931,13537795,681140816,310592197,3.14722763581973,45.6213413879458,0.631513838749843
495.34,500,45187,45311,12561986,21114926,2024-07-25,2024-10-18,541.23,124,8552940,319700424,124486522,6.60459743400278,23.3684738560122,0.405066065587916
540.38,562,9828,9729,9680580,21034098,2024-07-25,2024-08-16,541.23,-99,11353518,588458256,340202139,3.57444182072959,45.2568176730619,0.539767286431774
537.01,555,13211,11688,13435587,21026712,2024-07-25,2024-09-20,541.23,-1523,7591125,681140816,310592197,3.08698458616522,48.7083259741111,0.36102292170074
496.91,500,66952,66686,10779272,20605974,2024-07-25,2024-09-20,541.23,-266,9826702,681140816,310592197,3.02521497992274,51.7335409540338,0.476886071971167
527.3,540,16577,15983,12946637,20298410,2024-07-25,2024-10-18,541.23,-594,7351773,319700424,124486522,6.34919708458066,29.7176709405928,0.362184673577881
519.53,535,15493,13091,16747933,20251777,2024-07-25,2024-12-20,541.23,-2402,3503844,652255728,204674421,3.10488296700708,58.895480025589,0.173014150807606
505.95,510,48244,46524,9890020,18842220,2024-07-25,2024-09-20,541.23,-1720,8952200,681140816,310592197,2.76627380967286,54.4998147637067,0.475113866625058
535.31,550,14967,12087,12602214,17755803,2024-07-25,2024-09-20,541.23,-2880,5153589,681140816,310592197,2.60677419160857,57.1065889553152,0.290248151547976
525.65,545,9196,9174,11816860,17751690,2024-07-25,2024-12-20,541.23,-22,5934830,652255728,204674421,2.72158437832837,61.6170644039174,0.334324788231431
529.79,535,34690,33556,6695170,17482676,2024-07-25,2024-08-16,541.23,-1134,10787506,588458256,340202139,2.97092883339545,48.2277465064574,0.617039748377194
484.78,490,32315,32361,10405430,16892442,2024-07-25,2024-11-15,541.23,46,6487012,192521572,68415428,8.77431127562162,21.7131631358173,0.384018604296525
501.48,505,47024,47786,8229200,16820672,2024-07-25,2024-09-20,541.23,762,8591472,681140816,310592197,2.46948525251789,59.5760742078331,0.510768654189321
536.73,547,20016,16288,8366688,16727776,2024-07-25,2024-08-16,541.23,-3728,8361088,588458256,340202139,2.84264445768945,51.0703909641468,0.499832613731796
508.39,520,14224,14148,11350752,16425828,2024-07-25,2024-12-20,541.23,-76,5075076,652255728,204674421,2.5183110388875,64.1353754428049,0.308969264745741
499.56,505,29929,29939,8918842,16286816,2024-07-25,2024-10-18,541.23,10,7367974,319700424,124486522,5.09439924921714,34.8120701898099,0.452388852431316
538.98,560,7857,7737,9781965,16263174,2024-07-25,2024-09-20,541.23,-120,6481209,681140816,310592197,2.38763756597432,61.9637117738074,0.398520547096157
526.15,535,15904,17936,7713440,15873360,2024-07-25,2024-09-20,541.23,2032,8159920,681140816,310592197,2.33040799011522,64.2941197639227,0.514063815096489
530.14,545,9362,9861,8163664,14653446,2024-07-25,2024-10-18,541.23,499,6489782,319700424,124486522,4.58349282639675,39.3955630162067,0.442884356348671
513.12,515,62748,77802,4015872,14626776,2024-07-25,2024-08-16,541.23,15054,10610904,588458256,340202139,2.48560978639749,53.5560007505443,0.7254438025167
493.66,500,22725,22847,9090000,14484998,2024-07-25,2024-11-15,541.23,122,5394998,192521572,68415428,7.52383114760771,29.236994283425,0.372454176383041
429.2,430,179891,179888,7375531,14391040,2024-07-25,2024-09-20,541.23,-3,7015509,681140816,310592197,2.11278485475462,66.4069046186773,0.48749145301521
524.39,533,16447,16594,7022869,14287434,2024-07-25,2024-09-20,541.23,147,7264565,681140816,310592197,2.09757419675758,68.5044788154348,0.508458341784816
474.11,480,24349,24101,9569157,14195489,2024-07-25,2024-12-20,541.23,-248,4626332,652255728,204674421,2.17636862209357,66.3117440648984,0.325901559291124
524.84,540,9587,9310,9452782,14113960,2024-07-25,2024-11-15,541.23,-277,4661178,192521572,68415428,7.33110573188131,36.5681000153063,0.330253026081978
500.27,510,14145,14199,9208395,13815627,2024-07-25,2024-12-20,541.23,54,4607232,652255728,204674421,2.11813042138589,68.4298744862843,0.333479761721998
398.14,400,73125,73111,9286875,13598646,2024-07-25,2024-12-20,541.23,-14,4311771,652255728,204674421,2.08486417462324,70.5147386609076,0.317073552764003
535.5,555,6598,6547,7983580,12766650,2024-07-25,2024-10-18,541.23,-51,4783070,319700424,124486522,3.99331656813818,43.3888795843449,0.374653491714741
497.69,505,17169,16826,7571529,12299806,2024-07-25,2024-11-15,541.23,-343,4728277,192521572,68415428,6.38879366723642,42.9568936825428,0.384418827418904
521.96,525,40946,40263,4463114,12239952,2024-07-25,2024-08-16,541.23,-683,7776838,588458256,340202139,2.08000344547804,55.6360041960224,0.635365073327085
519.2,522,42629,42556,4007126,11915680,2024-07-25,2024-08-16,541.23,-73,7908554,588458256,340202139,2.02489809234659,57.6609022883689,0.663709834436641
518.05,530,10321,9957,8153590,11898615,2024-07-25,2024-11-15,541.23,-364,3745025,192521572,68415428,6.18040611054225,49.137299793085,0.31474461523463
512.01,525,8379,9159,7465689,11897541,2024-07-25,2024-12-20,541.23,780,4431852,652255728,204674421,1.82406079230323,72.3387994532108,0.372501511026522
537.5,560,5270,5160,7604610,11610000,2024-07-25,2024-10-18,541.23,-110,4005390,319700424,124486522,3.63152474267597,47.0204043270209,0.344994832041344
531.5,555,4918,4920,8158962,11562000,2024-07-25,2024-12-20,541.23,2,3403038,652255728,204674421,1.77261762582789,74.1114170790387,0.294329527763363
453.77,455,86679,93202,5200740,11463846,2024-07-25,2024-09-20,541.23,6523,6263106,681140816,310592197,1.68303612567537,70.1875149411102,0.546335496830645
540.56,568,4151,4151,7886900,11390344,2024-07-25,2024-10-18,541.23,0,3503444,319700424,124486522,3.56281792106726,50.5832222480881,0.307580174927114
533.17,555,5102,5153,7224432,11248999,2024-07-25,2024-11-15,541.23,51,4024567,192521572,68415428,5.84298106603867,54.9802808591237,0.357771122568328
523.62,527,32840,33056,3907960,11172928,2024-07-25,2024-08-16,541.23,216,7264968,588458256,340202139,1.89867809416884,59.5595803825378,0.650229554866907
512.42,520,15567,14619,6974016,11081202,2024-07-25,2024-10-18,541.23,-948,4107186,319700424,124486522,3.46612052037817,54.0493427684663,0.370644448138388
446.34,450,30208,30198,7129088,11052468,2024-07-25,2024-12-20,541.23,-10,3923380,652255728,204674421,1.69449918575495,75.8059162647936,0.354977729860878
541.2,555,9538,7920,3138002,10929600,2024-07-25,2024-07-26,541.23,-1618,7791598,109105434,79959636,10.0174662244595,10.0174662244595,0.71288958424828
541.85,564,5048,4906,6178752,10866790,2024-07-25,2024-08-16,541.23,-142,4688038,588458256,340202139,1.84665435299798,61.4062347355358,0.431409643510181
478.87,480,96573,95573,4442358,10799749,2024-07-25,2024-08-30,541.23,-1000,6357391,195961664,100553670,5.51115395713317,18.3975494308928,0.588660995732401
498.94,500,94107,98778,3858387,10470468,2024-07-25,2024-08-16,541.23,4671,6612081,588458256,340202139,1.77930514072013,63.1855398762559,0.631498133607781
451.09,455,26492,26508,6702476,10364628,2024-07-25,2024-12-20,541.23,16,3662152,652255728,204674421,1.5890436151141,77.3949598799077,0.353331735591475
519.38,526,29341,15388,10416055,10186856,2024-07-25,2024-09-20,541.23,-13953,-229198.999999998,681140816,310592197,1.4955580051453,71.6830729462555,-0.0224994836483404
527.92,545,5893,5945,6476407,10154060,2024-07-25,2024-11-15,541.23,52,3677653,192521572,68415428,5.27424531937647,60.2545261785001,0.36218547063933
521.68,535,7520,7546,6737920,10051272,2024-07-25,2024-11-15,541.23,26,3313352,192521572,68415428,5.22085493879096,65.4753811172911,0.329645043930758
473.22,475,56425,56255,4965400,10013390,2024-07-25,2024-09-20,541.23,-170,5047990,681140816,310592197,1.4700910244674,73.1531639707229,0.504123977993467
520.08,530,10793,10085,6205975,10004320,2024-07-25,2024-10-18,541.23,-708,3798345,319700424,124486522,3.1292795532858,57.1786223217521,0.379670482351624
539.08,553,7721,7084,4771578,9860928,2024-07-25,2024-08-16,541.23,-637,5089350,588458256,340202139,1.67572260214835,64.8612624784042,0.516112682295216
535.35,540,12425,20880,1329475,9709200,2024-07-25,2024-08-02,541.23,8455,8379725,103397574,66065302,9.39016228756006,9.39016228756006,0.863070592839781
529.84,544,6653,6718,5834681,9512688,2024-07-25,2024-10-18,541.23,65,3678007,319700424,124486522,2.97550058926415,60.1541229110162,0.386642240342582
515.84,522,1692,15111,495756,9308376,2024-07-25,2024-09-20,541.23,13419,8812620,681140816,310592197,1.36658614215243,74.5197501128753,0.946740870802812
530.76,550,4967,4802,6367694,9239048,2024-07-25,2024-11-15,541.23,-165,2871354,192521572,68415428,4.79896767100988,70.274348788301,0.31078461763593
492.3,495,31879,33632,4463060,9080640,2024-07-25,2024-09-20,541.23,1753,4617580,681140816,310592197,1.33315164598799,75.8529017588633,0.508508210875004
540.7,560,4692,4681,3823980,9034330,2024-07-25,2024-08-02,541.23,-11,5210350,103397574,66065302,8.73746805703584,18.1276303445959,0.57672788131494
537.09,545,10324,11304,2704888,8941464,2024-07-25,2024-08-09,541.23,980,6236576,75830100,44514942,11.7914442945479,11.7914442945479,0.697489359684275
536,560,3613,3587,5968676,8608800,2024-07-25,2024-11-15,541.23,-26,2640124,192521572,68415428,4.47160279784127,74.7459515861423,0.306677353405817
487.6,490,35226,35727,4191894,8574480,2024-07-25,2024-09-20,541.23,501,4382586,681140816,310592197,1.25884102062091,77.1117427794842,0.511119741372072
540.37,561,4156,4156,5901520,8573828,2024-07-25,2024-10-18,541.23,0,2672308,319700424,124486522,2.68183191399208,62.8359548250083,0.311682016480853
541.5,561,4466,4396,3742508,8572200,2024-07-25,2024-08-16,541.23,-70,4829692,588458256,340202139,1.45672185114181,66.3179843295461,0.563413359464315
514.9,517,40830,40791,2572290,8566110,2024-07-25,2024-08-16,541.23,-39,5993820,588458256,340202139,1.45568694340827,67.7736712729543,0.699713172023241
538.26,556,4715,4779,4997900,8477946,2024-07-25,2024-09-20,541.23,64,3480046,681140816,310592197,1.24466862076872,78.356411400253,0.410482208780287
523.57,535,7772,7409,5222784,8468487,2024-07-25,2024-10-18,541.23,-363,3245703,319700424,124486522,2.64888200461067,65.484836829619,0.383268345337249
487.58,495,11673,11363,5789808,8431346,2024-07-25,2024-12-20,541.23,-310,2641538,652255728,204674421,1.2926442249657,78.6876041048734,0.313299679552944
538.47,570,2677,2673,6130330,8427969,2024-07-25,2024-12-20,541.23,-4,2297639,652255728,204674421,1.29212648324953,79.979730588123,0.272620722738776
455.75,460,19701,19707,5496579,8375475,2024-07-25,2024-12-20,541.23,6,2878896,652255728,204674421,1.28407841287674,81.2638090009997,0.343729281025852
541.47,554,7388,6676,2068640,8365028,2024-07-25,2024-07-26,541.23,-712,6296388,109105434,79959636,7.66692152106741,17.684387745527,0.752703756640145
514.31,525,7888,7494,5608368,8011086,2024-07-25,2024-11-15,541.23,-394,2402718,192521572,68415428,4.16113681016484,78.9070883963071,0.299924130136663
503.85,510,12727,12950,4454450,7964250,2024-07-25,2024-10-18,541.23,223,3509800,319700424,124486522,2.49116028698167,67.9759971166006,0.440694352889475
541.76,550,17021,9487,2212730,7817288,2024-07-25,2024-07-26,541.23,-7534,5604558,109105434,79959636,7.16489336360644,24.8492811091334,0.71694403481105
486.08,490,20166,19908,4456686,7803936,2024-07-25,2024-10-18,541.23,-258,3347250,319700424,124486522,2.44101521742117,70.4170123340218,0.428918176673925
537.54,548,7568,7441,3367760,7783286,2024-07-25,2024-08-16,541.23,-127,4415526,588458256,340202139,1.32265728633094,69.0963285592853,0.567308717680425
538.19,545,12024,11339,2272536,7721859,2024-07-25,2024-08-02,541.23,-685,5449323,103397574,66065302,7.46812396198,25.5957543065759,0.705700919946868
404.45,405,137671,137673,3717117,7572015,2024-07-25,2024-09-20,541.23,2,3854898,681140816,310592197,1.11166660727611,79.4680780075291,0.509098040614024
504.16,515,5184,6974,3628800,7559816,2024-07-25,2024-12-20,541.23,1790,3931016,652255728,204674421,1.15902638726999,82.4228353882697,0.519988317175974
468.44,470,47498,47881,3704844,7469436,2024-07-25,2024-09-20,541.23,383,3764592,681140816,310592197,1.0966067257376,80.5646847332667,0.503999498757336
541.48,563,3474,3470,5200578,7467440,2024-07-25,2024-10-18,541.23,-4,2266862,319700424,124486522,2.33576168169236,72.7527740157142,0.303566148506048
524.5,530,12672,13497,3155328,7423350,2024-07-25,2024-08-30,541.23,825,4268022,195961664,100553670,3.78816440342127,22.185713834314,0.574945543454101
537.2,550,6206,5745,4089754,7353600,2024-07-25,2024-08-30,541.23,-461,3263846,195961664,100553670,3.75257070689092,25.938284541205,0.443843287641427
524.67,536,6287,6300,4224864,7137900,2024-07-25,2024-10-18,541.23,13,2913036,319700424,124486522,2.23268393288086,74.985457948595,0.408108267137393
540.1,559,3747,3775,3192444,7134750,2024-07-25,2024-08-16,541.23,28,3942306,588458256,340202139,1.21244793955274,70.308776498838,0.552549984232103
541.15,570,4173,2463,7344480,7105755,2024-07-25,2024-09-20,541.23,-1710,-238725,681140816,310592197,1.04321380147626,81.6078985347429,-0.0335960077430196
482.75,485,29932,31131,3292520,7004475,2024-07-25,2024-09-20,541.23,1199,3711955,681140816,310592197,1.02834462940186,82.6362431641448,0.52994050232173
528.01,535,9365,9718,2921880,6792882,2024-07-25,2024-08-30,541.23,353,3871002,195961664,100553670,3.46643412866713,29.4047186698721,0.569861510916869
542.27,563,3279,3244,3761013,6724812,2024-07-25,2024-08-16,541.23,-35,2963799,588458256,340202139,1.14278488430282,71.4515613831408,0.440725926613264
539.41,554,4960,4584,3258720,6688056,2024-07-25,2024-08-16,541.23,-376,3429336,588458256,340202139,1.13653873181448,72.5881001149553,0.51275527597257
541.31,557,4306,4239,3375904,6650991,2024-07-25,2024-08-16,541.23,-67,3275087,588458256,340202139,1.13024006922931,73.7183401841846,0.492420903892367
508.47,510,43307,43018,2251964,6581754,2024-07-25,2024-08-16,541.23,-289,4329790,588458256,340202139,1.11847423889317,74.8368144230778,0.657847437020588
542.07,553,6514,6001,1530790,6559093,2024-07-25,2024-07-26,541.23,-513,5028303,109105434,79959636,6.01170148867196,30.8609825978053,0.766615597613877
465.19,470,13623,13626,4359360,6554106,2024-07-25,2024-12-20,541.23,3,2194746,652255728,204674421,1.00483686361739,83.4276722518871,0.334865807785226
429.58,430,151812,153203,2884428,6434526,2024-07-25,2024-08-30,541.23,1391,3550098,195961664,100553670,3.28356366682006,32.6882823366921,0.551726420873892
516.07,525,6993,7028,3580416,6276004,2024-07-25,2024-10-18,541.23,35,2695588,319700424,124486522,1.9630890448866,76.9485469934816,0.429507055763508
535.73,556,3039,3033,3592098,6147891,2024-07-25,2024-10-18,541.23,-6,2555793,319700424,124486522,1.92301621720714,78.8715632106888,0.415718658642451
516.37,520,16904,16580,2535600,6018540,2024-07-25,2024-08-30,541.23,-324,3482940,195961664,100553670,3.07128439162468,35.7595667283168,0.578701811402766
417.57,420,24650,24436,3968650,5937948,2024-07-25,2024-12-20,541.23,-214,1969298,652255728,204674421,0.910371154302841,84.3380434061899,0.331646218525322
436.85,440,18576,18712,3845232,5894280,2024-07-25,2024-12-20,541.23,136,2049048,652255728,204674421,0.903676234177893,85.2417196403678,0.347633298723508
539.65,558,3357,3204,2819880,5879340,2024-07-25,2024-08-16,541.23,-153,3059460,588458256,340202139,0.999109102481519,75.8359235255593,0.520374735939748
524.9,537,4807,4811,3138971,5821310,2024-07-25,2024-10-18,541.23,4,2682339,319700424,124486522,1.82086402237615,80.6924272330649,0.46077927476805
458.71,460,44745,44969,2863680,5801001,2024-07-25,2024-09-20,541.23,224,2937321,681140816,310592197,0.851659578127528,83.4879027422723,0.506347266618296
441.56,445,16829,16840,3837012,5792960,2024-07-25,2024-12-20,541.23,11,1955948,652255728,204674421,0.888142449551627,86.1298620899194,0.337642241617412
541.04,547,11007,9713,748476,5788948,2024-07-25,2024-07-26,541.23,-1294,5040472,109105434,79959636,5.3058292220349,36.1668118198403,0.870706041926789
540.59,545,23521,13071,1011403,5764311,2024-07-25,2024-07-26,541.23,-10450,4752908,109105434,79959636,5.28324831190351,41.4500601317438,0.824540521842073
541.05,565,2545,2399,3155800,5745605,2024-07-25,2024-08-16,541.23,-146,2589805,588458256,340202139,0.976382766562799,76.8123062921221,0.450745395828638
539.4,555,5823,3596,4891320,5609760,2024-07-25,2024-08-30,541.23,-2227,718440,195961664,100553670,2.8626823662816,38.6222490945984,0.128069650038504
541.07,558,5223,3297,2674176,5581821,2024-07-25,2024-07-26,541.23,-1926,2907645,109105434,79959636,5.11598808176685,46.5660482135106,0.520913336346687
537.92,551,4299,4130,2136603,5402040,2024-07-25,2024-08-16,541.23,-169,3265437,588458256,340202139,0.91799884612376,77.7303051382459,0.60448219561499
540.41,575,1561,1560,3949330,5396040,2024-07-25,2024-12-20,541.23,-1,1446710,652255728,204674421,0.827289016923743,86.9571511068432,0.268105870230762
534.56,545,5540,5125,2697980,5350500,2024-07-25,2024-08-30,541.23,-415,2652520,195961664,100553670,2.73038097900618,41.3526300736046,0.495751798897299
520.55,525,12071,11905,2317632,5297725,2024-07-25,2024-08-30,541.23,-166,2980093,195961664,100553670,2.70344969105794,44.0560797646625,0.562523158525594
537.94,549,5078,4772,2320646,5277832,2024-07-25,2024-08-16,541.23,-306,2957186,588458256,340202139,0.896891486556015,78.6271966248019,0.560303169937959
539.88,550,5595,5206,1773615,5268472,2024-07-25,2024-08-02,541.23,-389,3494857,103397574,66065302,5.09535359117807,30.691107897754,0.663353055686734
538.34,552,4261,3848,2296679,5256368,2024-07-25,2024-08-16,541.23,-413,2959689,588458256,340202139,0.893243989085948,79.5204406138878,0.563067311877707
540.47,556,3374,3270,2439402,5078310,2024-07-25,2024-08-16,541.23,-104,2638908,588458256,340202139,0.862985598081234,80.3834262119691,0.519642952084453
536.19,546,5373,5123,2090097,5025663,2024-07-25,2024-08-16,541.23,-250,2935566,588458256,340202139,0.854038999157147,81.2374652111262,0.584115170476015
422.44,425,19220,19243,3305840,4926208,2024-07-25,2024-12-20,541.23,23,1620368,652255728,204674421,0.755257146626392,87.7124082534696,0.328928051759081
469.47,470,89360,90912,1876560,4818336,2024-07-25,2024-08-16,541.23,1552,2941776,588458256,340202139,0.818806763414668,82.0562719745409,0.610537745811002
541.19,551,5449,4884,877289,4791204,2024-07-25,2024-07-26,541.23,-565,3913915,109105434,79959636,4.39135231339623,50.9574005269069,0.816895920106929
541.81,560,2677,2623,2328990,4771237,2024-07-25,2024-08-09,541.23,-54,2442247,75830100,44514942,6.29200937358648,18.0834536681344,0.51186872502875
542.2,600,811,814,3754930,4704920,2024-07-25,2024-11-15,541.23,3,949990.000000001,192521572,68415428,2.44384042324358,81.3509288195507,0.201914166447039
534.75,543,6284,5659,1960608,4668675,2024-07-25,2024-08-16,541.23,-625,2708067,588458256,340202139,0.793374033314608,82.8496460078555,0.580050442577391
520.18,523,7222,16515,714978,4657230,2024-07-25,2024-08-16,541.23,9293,3942252,588458256,340202139,0.791429120505024,83.6410751283605,0.846479989178117
531.83,538,6694,7500,1553008,4627500,2024-07-25,2024-08-16,541.23,806,3074492,588458256,340202139,0.786376935460992,84.4274520638215,0.664395894111291
540.11,565,1837,1841,2597518,4582249,2024-07-25,2024-09-20,541.23,4,1984731,681140816,310592197,0.672731525165275,84.1606342674376,0.43313468997429
534.3,548,3013,3329,2344114,4560730,2024-07-25,2024-09-20,541.23,316,2216616,681140816,310592197,0.669572266537027,84.8302065339746,0.486022193815464
541.59,552,5836,4377,1138020,4556457,2024-07-25,2024-07-26,541.23,-1459,3418437,109105434,79959636,4.17619621035557,55.1335967372624,0.750240153698367
518.78,528,4792,4878,2534968,4497516,2024-07-25,2024-10-18,541.23,86,1962548,319700424,124486522,1.40679075233257,82.0992179853975,0.436362649960556
448.85,450,38058,37896,2169306,4358040,2024-07-25,2024-09-20,541.23,-162,2188734,681140816,310592197,0.639814836760568,85.4700213707352,0.502228983671559
460.52,465,9572,9564,2938604,4284672,2024-07-25,2024-12-20,541.23,-8,1346068,652255728,204674421,0.656900632078466,88.369308885548,0.31415893678676
498.19,500,23469,23289,1900989,4215309,2024-07-25,2024-08-30,541.23,-180,2314320,195961664,100553670,2.15108859251165,46.2071683571742,0.549027366677034
539.19,542,8154,14368,187542,4037408,2024-07-25,2024-07-26,541.23,6214,3849866,109105434,79959636,3.70046463496951,58.8340613722319,0.953548910588179
538.01,540,16432,20164,230048,4012636,2024-07-25,2024-07-26,541.23,3732,3782588,109105434,79959636,3.67775999131262,62.5118213635446,0.942669108286922
412.74,415,17804,17727,2724012,4006302,2024-07-25,2024-12-20,541.23,-77,1282290,652255728,204674421,0.614222586022273,88.9835314715703,0.320068232499697
524.45,528,7127,11283,905129,4005465,2024-07-25,2024-08-16,541.23,4156,3100336,588458256,340202139,0.68067105171178,85.1081231155333,0.774026486313075
507.46,510,12388,15606,1337904,3963924,2024-07-25,2024-08-30,541.23,3218,2626020,195961664,100553670,2.02280584839288,48.2299742055671,0.662479906274692
501.99,510,4876,4906,2467256,3929706,2024-07-25,2024-11-15,541.23,30,1462450,192521572,68415428,2.04117697522229,83.392105794773,0.372152522351545
533.9,541,3830,5518,976650,3917780,2024-07-25,2024-08-16,541.23,1688,2941130,588458256,340202139,0.665770249640273,85.7738933651736,0.750713414229487
531.11,537,6505,6651,1437605,3917439,2024-07-25,2024-08-16,541.23,146,2479834,588458256,340202139,0.665712301604619,86.4396056667782,0.633024279382525
537.63,546,4541,4675,912741,3912975,2024-07-25,2024-08-02,541.23,134,3000234,103397574,66065302,3.78439730123649,34.4755051989905,0.766739884614647
464.24,465,51463,51460,1801205,3910960,2024-07-25,2024-08-30,541.23,-3,2109755,195961664,100553670,1.99577811300888,50.2257523185759,0.539446836582323
521.29,529,4879,5020,1907689,3870420,2024-07-25,2024-09-20,541.23,141,1962731,681140816,310592197,0.568226115523225,86.0382474862584,0.507110597816258
378.55,380,26514,26322,2598372,3816690,2024-07-25,2024-12-20,541.23,-192,1218318,652255728,204674421,0.585152392866376,89.5686838644367,0.319208004841892
479.38,480,56818,60091,1477268,3725642,2024-07-25,2024-08-16,541.23,3273,2248374,588458256,340202139,0.633119165550462,87.0727248323286,0.603486325309839
537.59,552,2759,2580,1989239,3717780,2024-07-25,2024-08-30,541.23,-179,1728541,195961664,100553670,1.89719760697684,52.1229499255528,0.464939022750136
541.64,557,2386,2417,1491250,3712512,2024-07-25,2024-08-02,541.23,31,2221262,103397574,66065302,3.59052137915731,38.0660265781478,0.598317796683216
540.18,560,683,1869,698709,3704358,2024-07-25,2024-08-23,541.23,1186,3005649,59100352,34506194,6.26791190685294,6.26791190685294,0.811381891275087
540.94,559,2164,2028,1493160,3662568,2024-07-25,2024-08-02,541.23,-136,2169408,103397574,66065302,3.54221850504926,41.608245083197,0.592318832032607
518.33,521,14052,13663,1264680,3648021,2024-07-25,2024-08-16,541.23,-389,2383341,588458256,340202139,0.619928595240917,87.6926534275696,0.65332436408672
540.18,552,4789,3071,1795875,3629922,2024-07-25,2024-08-02,541.23,-1718,1834047,103397574,66065302,3.51064523041904,45.1188903136161,0.505257964220719
541.07,557,3253,2270,1486621,3616110,2024-07-25,2024-07-26,541.23,-983,2129489,109105434,79959636,3.31432621403623,65.8261475775808,0.588889441969409
508.13,515,4680,5251,1806480,3607437,2024-07-25,2024-10-18,541.23,571,1800957,319700424,124486522,1.12838042404348,83.227598409441,0.499234498066079
489.22,490,37285,45977,1081265,3586206,2024-07-25,2024-08-16,541.23,8692,2504941,588458256,340202139,0.609424026842101,88.3020774544116,0.698493338084873
540.91,546,7416,7044,400464,3585396,2024-07-25,2024-07-26,541.23,-372,3184932,109105434,79959636,3.28617546216809,69.1123230397489,0.888306898317508
526.32,533,5549,5341,1598112,3567788,2024-07-25,2024-08-30,541.23,-208,1969676,195961664,100553670,1.82065610547173,53.9436060310245,0.552072040154852
432.32,435,13160,13129,2539880,3518572,2024-07-25,2024-12-20,541.23,-31,978692,652255728,204674421,0.539446699960602,90.1081305643973,0.278150340535877
427.23,430,12618,12627,2271240,3497679,2024-07-25,2024-12-20,541.23,9,1226439,652255728,204674421,0.53624350846636,90.6443740728636,0.350643669702108
541.44,556,3135,2402,1213245,3497312,2024-07-25,2024-07-26,541.23,-733,2284067,109105434,79959636,3.20544254468572,72.3177655844346,0.653092146196851
388.38,390,21541,21544,2455674,3490128,2024-07-25,2024-12-20,541.23,3,1034454,652255728,204674421,0.535085833696197,91.1794599065598,0.29639428697171
534.05,542,3963,4371,1062084,3474945,2024-07-25,2024-08-16,541.23,408,2412861,588458256,340202139,0.590516823337763,88.8925942777494,0.694359479070892
535.97,565,1189,1197,2402969,3474891,2024-07-25,2024-12-20,541.23,8,1071922,652255728,204674421,0.532749786752352,91.7122096933122,0.308476438541526
478.74,485,6291,5413,2617056,3388538,2024-07-25,2024-12-20,541.23,-878,771482,652255728,204674421,0.519510654262894,92.2317203475751,0.227673999819391
481.48,485,9655,9617,1844105,3385184,2024-07-25,2024-10-18,541.23,-38,1541079,319700424,124486522,1.0588612794583,84.2864596888993,0.455242314745668
520.71,531,3239,3254,1891576,3348366,2024-07-25,2024-10-18,541.23,15,1456790,319700424,124486522,1.04734487308656,85.3338045619858,0.4350748992195
525.13,528,961,11661,65348,3346707,2024-07-25,2024-08-09,541.23,10700,3281359,75830100,44514942,4.41342817693765,22.4968818450721,0.980473940503307
540.9,549,6552,4112,681408,3330720,2024-07-25,2024-07-26,541.23,-2440,2649312,109105434,79959636,3.05275354112977,75.3705191255644,0.795417207090359
541.36,548,6754,5013,567336,3328632,2024-07-25,2024-07-26,541.23,-1741,2761296,109105434,79959636,3.05083979593537,78.4213589214997,0.829558809745265
407.88,410,15474,15455,2104464,3276460,2024-07-25,2024-12-20,541.23,-19,1171996,652255728,204674421,0.502327516547314,92.7340478641224,0.357701909988219
461.54,465,9394,9423,2010316,3260358,2024-07-25,2024-11-15,541.23,29,1250042,192521572,68415428,1.69350268966223,85.0856084844352,0.383406362123423
434.1,435,36051,36210,1550193,3258900,2024-07-25,2024-09-20,541.23,159,1708707,681140816,310592197,0.478447322998186,86.5166948092566,0.524320169382307
541.48,556,2301,2239,1313871,3251028,2024-07-25,2024-08-02,541.23,-62,1937157,103397574,66065302,3.14420142971633,48.2630917433324,0.595859832643705
532.36,540,4149,4218,1340127,3222552,2024-07-25,2024-08-23,541.23,69,1882425,59100352,34506194,5.45267818371031,11.7205900905633,0.584141078251026
439.04,440,33477,33342,1539942,3200832,2024-07-25,2024-09-20,541.23,-135,1660890,681140816,310592197,0.469922213558848,86.9866170228154,0.518893212764681
538.6,552.5,2325,2289,1413600,3181710,2024-07-25,2024-08-23,541.23,-36,1768110,59100352,34506194,5.38357199632246,17.1041620868857,0.555710608446401
531.18,543,2663,2690,1677690,3179580,2024-07-25,2024-09-20,541.23,27,1501890,681140816,310592197,0.466802153873569,87.453419176689,0.472354839318401
540.29,555,2748,2154,1668036,3168534,2024-07-25,2024-08-09,541.23,-594,1500498,75830100,44514942,4.1784647521235,26.6753465971956,0.473562221519479
463.55,465,21343,21839,1494010,3166655,2024-07-25,2024-09-20,541.23,496,1672645,681140816,310592197,0.464904602046341,87.9183237787354,0.528205630231269
530.57,536,5878,5810,1116820,3154830,2024-07-25,2024-08-16,541.23,-68,2038010,588458256,340202139,0.536117892447413,89.4287121701968,0.645996773201726
414.7,415,105108,105111,1576620,3153330,2024-07-25,2024-08-30,541.23,3,1576710,195961664,100553670,1.60915657462472,55.5527626056492,0.500014270628193
519.69,529,3385,3387,1851595,3153297,2024-07-25,2024-10-18,541.23,2,1301702,319700424,124486522,0.9863286887602,86.320133250746,0.412806659188779
536.71,553,2181,1934,2054502,3150486,2024-07-25,2024-09-20,541.23,-247,1095984,681140816,310592197,0.462530790402671,88.380854569138,0.347877756003359
541.46,565,1303,1304,1714748,3069616,2024-07-25,2024-08-30,541.23,1,1354868,195961664,100553670,1.56643699453379,57.119199600183,0.441380289912484
522.55,528,5473,5528,1242371,3012760,2024-07-25,2024-08-30,541.23,55,1770389,195961664,100553670,1.53742315639859,58.6566227565816,0.587630279212417
539.52,561,1327,1395,1705195,2996460,2024-07-25,2024-09-20,541.23,68,1291265,681140816,310592197,0.439917845122939,88.820772414261,0.430930164260494
522.78,525,2651,13414,164362,2977908,2024-07-25,2024-08-09,541.23,10763,2813546,75830100,44514942,3.92707908864686,30.6024256858424,0.944806219668304
399.13,400,33478,33804,1774334,2940948,2024-07-25,2024-10-18,541.23,326,1166614,319700424,124486522,0.919907444351716,87.2400406950977,0.396679574069314
538.15,565,1106,1094,1983058,2937390,2024-07-25,2024-11-15,541.23,-12,954332,192521572,68415428,1.52574590446415,86.6113543888993,0.324891144859893
449.68,450,91130,91137,1366950,2916384,2024-07-25,2024-08-16,541.23,7,1549434,588458256,340202139,0.495597431128573,89.9243096013254,0.531286003489253
535.38,545,1361,3024,607006,2909088,2024-07-25,2024-08-23,541.23,1663,2302082,59100352,34506194,4.922285403647,22.0264474905327,0.791341478841479
541.14,552.5,2989,2560,630679,2908160,2024-07-25,2024-07-26,541.23,-429,2277481,109105434,79959636,2.66545844086922,81.0868173623689,0.783134696852993
532.45,539,3809,4426,872261,2899030,2024-07-25,2024-08-16,541.23,617,2026769,588458256,340202139,0.492648368926954,90.4169579702524,0.699119705556686
527.54,532,6331,6492,1012960,2895432,2024-07-25,2024-08-16,541.23,161,1882472,588458256,340202139,0.492036940679782,90.9089949109321,0.650152377952582
535.54,544,2590,3393,888370,2870478,2024-07-25,2024-08-16,541.23,803,1982108,588458256,340202139,0.487796368006094,91.3967912789382,0.690514959529389
540.51,553,2544,2292,1099008,2862708,2024-07-25,2024-08-02,541.23,-252,1763700,103397574,66065302,2.76864136096655,51.031733104299,0.616094970217011
518.08,527,3106,3205,1574742,2858860,2024-07-25,2024-10-18,541.23,99,1284118,319700424,124486522,0.894230906619004,88.1342716017167,0.44917134801984
524.85,531,4163,4648,1090706,2858520,2024-07-25,2024-08-30,541.23,485,1767814,195961664,100553670,1.45871388395641,60.115336640538,0.618436813455914
540.79,565,455,1180,563745,2856780,2024-07-25,2024-08-23,541.23,725,2293035,59100352,34506194,4.83377831658262,26.8602258071153,0.802664188351921
444.03,445,29418,29330,1470900,2845010,2024-07-25,2024-09-20,541.23,-88,1374110,681140816,310592197,0.417683088895968,89.2384555031569,0.482989514975343
379.65,380,80782,80881,1534858,2830835,2024-07-25,2024-09-20,541.23,99,1295977,681140816,310592197,0.415602021418138,89.6540575245751,0.457807325400456
403.07,405,14642,14618,1874176,2821274,2024-07-25,2024-12-20,541.23,-24,947098,652255728,204674421,0.432541084560625,93.166588948683,0.335698694986733
539.29,550,3173,2608,1313622,2793168,2024-07-25,2024-08-09,541.23,-565,1479546,75830100,44514942,3.68345551436699,34.2858812002094,0.529701758003815
521.91,527,5373,5430,1117584,2763870,2024-07-25,2024-08-30,541.23,57,1646286,195961664,100553670,1.41041362049263,61.5257502610307,0.595645236570461
500.79,502,22430,22431,874770,2714151,2024-07-25,2024-08-16,541.23,1,1839381,588458256,340202139,0.461230847273558,91.8580221262118,0.677700319547439
490.7,495,5982,6205,1447644,2668150,2024-07-25,2024-10-18,541.23,223,1220506,319700424,124486522,0.834578186233497,88.9688497879502,0.457435301613478
530.28,541,2138,2488,1284938,2667136,2024-07-25,2024-09-20,541.23,350,1382198,681140816,310592197,0.391568958627785,90.0456264832029,0.518233040984787
539.69,543,8378,8019,226206,2654289,2024-07-25,2024-07-26,541.23,-359,2428083,109105434,79959636,2.43277433826073,83.5195917006297,0.914777177617057
540.23,544,6553,7016,222802,2645032,2024-07-25,2024-07-26,541.23,463,2422230,109105434,79959636,2.42428988458998,85.9438815852197,0.915765858409275
540.35,559,1415,1416,1454620,2640840,2024-07-25,2024-08-30,541.23,1,1186220,195961664,100553670,1.34763093254811,62.8733811935788,0.449182835764378
540.6,560,1344,1361,1366848,2640340,2024-07-25,2024-08-30,541.23,17,1273492,195961664,100553670,1.34737578060166,64.2207569741804,0.482321216207004
539.91,551,2564,2373,917912,2631657,2024-07-25,2024-08-02,541.23,-191,1713745,103397574,66065302,2.54518253977603,53.576915644075,0.651203785295728
530.36,538,3643,3378,1293265,2580792,2024-07-25,2024-08-30,541.23,-265,1287527,195961664,100553670,1.31698820438675,65.5377451785672,0.498888325754265
540.9,556,1743,1702,1056258,2570020,2024-07-25,2024-08-09,541.23,-41,1513762,75830100,44514942,3.38918186841373,37.6750630686231,0.589007867643053
542.08,561,1329,1327,1083135,2510684,2024-07-25,2024-08-02,541.23,-2,1427549,103397574,66065302,2.42818463032798,56.005100274403,0.568589675164218
540.67,554,2256,1882,1195680,2508706,2024-07-25,2024-08-09,541.23,-374,1313026,75830100,44514942,3.30832479450772,40.9833878631309,0.523387754483786
540.07,563,1041,1090,1171125,2499370,2024-07-25,2024-08-30,541.23,49,1328245,195961664,100553670,1.27543824081837,66.8131834193855,0.531431920844053
527.75,538,1765,2434,953100,2494850,2024-07-25,2024-09-20,541.23,669,1541750,681140816,310592197,0.366275216724056,90.4119016999269,0.617973024430326
508.34,511,9453,9379,992565,2494814,2024-07-25,2024-08-30,541.23,-74,1502249,195961664,100553670,1.27311329628228,68.0862967156678,0.602148697257591
540.77,567,949,940,1560156,2465620,2024-07-25,2024-09-20,541.23,-9,905464,681140816,310592197,0.361983886750372,90.7738855866773,0.367235827094199
540.74,554,2305,1846,1094875,2447796,2024-07-25,2024-08-02,541.23,-459,1352921,103397574,66065302,2.3673630872616,58.3724633616646,0.552709866345071
520.17,527,2367,3514,842652,2400062,2024-07-25,2024-09-20,541.23,1147,1557410,681140816,310592197,0.352359151532625,91.1262447382099,0.648904069978192
494.03,495,20962,24740,775594,2399780,2024-07-25,2024-08-16,541.23,3778,1624186,588458256,340202139,0.407808026403151,92.2658301526149,0.676806207235663
528.57,539,1431,2296,767016,2394728,2024-07-25,2024-09-20,541.23,865,1627712,681140816,310592197,0.351576053548375,91.4778207917583,0.679706421773162
537,558,1139,1137,1503480,2387700,2024-07-25,2024-10-18,541.23,-2,884220,319700424,124486522,0.746855437389098,89.7157052253393,0.370322904887549
419.81,420,125100,124979,1000800,2374601,2024-07-25,2024-08-16,541.23,-121,1373801,588458256,340202139,0.403529218222065,92.669359370837,0.578539720988916
319.28,320,32505,32500,1560240,2340000,2024-07-25,2024-12-20,541.23,-5,779760,652255728,204674421,0.358754994329463,93.5253439430125,0.333230769230769
541.78,562,1122,1145,1280202,2315190,2024-07-25,2024-08-30,541.23,23,1034988,195961664,100553670,1.18145046982251,69.2677471854903,0.447042359374393
527.99,530,11146,11457,445840,2302857,2024-07-25,2024-08-02,541.23,311,1857017,103397574,66065302,2.22718668428333,60.5996500459479,0.806397010322395
534.54,549,1538,1589,1184260,2297694,2024-07-25,2024-09-20,541.23,51,1113434,681140816,310592197,0.337330247435943,91.8151510391942,0.484587590862839
523.58,525,15457,16155,401882,2294010,2024-07-25,2024-08-02,541.23,698,1892128,103397574,66065302,2.21863039068982,62.8182804366377,0.82481244632761
503.74,505,17619,18138,792855,2285388,2024-07-25,2024-08-16,541.23,519,1492533,588458256,340202139,0.388368754571437,93.0577281254084,0.653076414158121
535.47,551,1433,1463,1173627,2272039,2024-07-25,2024-09-20,541.23,30,1098412,681140816,310592197,0.333563772222982,92.1487148114172,0.483447687297621
348.95,350,21619,21559,1599806,2263695,2024-07-25,2024-12-20,541.23,-60,663889,652255728,204674421,0.34705636191822,93.8724003049307,0.293276700262182
383.54,385,15358,15357,1643306,2242122,2024-07-25,2024-12-20,541.23,-1,598816,652255728,204674421,0.343748916835883,94.2161492217666,0.267075565022777
530.54,542,1660,1933,999320,2215218,2024-07-25,2024-09-20,541.23,273,1215898,681140816,310592197,0.325221737996685,92.4739365494139,0.548884127882673
541.31,555,1913,1617,998586,2213673,2024-07-25,2024-08-02,541.23,-296,1215087,103397574,66065302,2.14093320990297,64.9592136465407,0.548900853920159
538.02,558,1065,1084,1200255,2165832,2024-07-25,2024-09-20,541.23,19,965577,681140816,310592197,0.31797125486017,92.7919078042741,0.445822667686136
541.19,558,1330,1279,915040,2149999,2024-07-25,2024-08-02,541.23,-51,1234959,103397574,66065302,2.07935149426233,67.038565140803,0.57439980204642
533.2,557,228,895,397632,2130100,2024-07-25,2024-12-20,541.23,667,1732468,652255728,204674421,0.32657436470991,94.5427235864765,0.813327073846298
541.49,558,1500,1286,1089000,2123186,2024-07-25,2024-08-09,541.23,-214,1034186,75830100,44514942,2.79992509570738,43.7833129588382,0.487091568991129
527.55,544,89,1278,96120,2102310,2024-07-25,2024-11-15,541.23,1189,2006190,192521572,68415428,1.09198672032452,87.7033411092239,0.954278864677426
534.33,540,2737,3702,498134,2099034,2024-07-25,2024-08-09,541.23,965,1600900,75830100,44514942,2.76807494649222,46.5513879053305,0.762684168050637
520.95,528,2412,2959,911736,2086095,2024-07-25,2024-09-20,541.23,547,1174359,681140816,310592197,0.306264864914511,93.0981726691886,0.562946078678104
536.95,550,1589,1596,921620,2082780,2024-07-25,2024-08-23,541.23,7,1161160,59100352,34506194,3.52414144673792,30.3843672538532,0.557504873294347
525.26,529,5183,5491,668607,2053634,2024-07-25,2024-08-16,541.23,308,1385027,588458256,340202139,0.348985502210373,93.4067136276188,0.674427380925715
528.02,533,3731,4105,596960,2044290,2024-07-25,2024-08-16,541.23,374,1447330,588458256,340202139,0.34739762407208,93.7541112516909,0.707986635946955
541.62,559,1174,1170,893414,2033460,2024-07-25,2024-08-09,541.23,-4,1140046,75830100,44514942,2.68160005063952,49.23298795597,0.56064343532698
540.75,563,913,910,943129,2024750,2024-07-25,2024-08-09,541.23,-3,1081621,75830100,44514942,2.67011384661236,51.9031018025824,0.53419977775034
526.88,536,1863,2214,948267,2019168,2024-07-25,2024-09-20,541.23,351,1070901,681140816,310592197,0.296439143356225,93.3946118125448,0.530367458279846
544.19,566,924,921,1235388,2008701,2024-07-25,2024-08-16,541.23,-3,773313,588458256,340202139,0.341349786415436,94.0954610381063,0.38498163738655
521.25,525,4997,5339,769538,2002125,2024-07-25,2024-08-23,541.23,342,1232587,59100352,34506194,3.38767017834344,33.7720374321967,0.615639383155397
538.27,559,948,960,1082616,1990080,2024-07-25,2024-09-20,541.23,12,907464,681140816,310592197,0.29216866076045,93.6867804733052,0.455993728895321
533.35,547,1168,1450,845632,1979250,2024-07-25,2024-09-20,541.23,282,1133618,681140816,310592197,0.290578681163632,93.9773591544689,0.572751294682329
542.16,573,643,640,1251278,1973760,2024-07-25,2024-09-20,541.23,-3,722482,681140816,310592197,0.289772680426187,94.2671318348951,0.366043490596628
540.12,562,855,898,1149120,1964824,2024-07-25,2024-09-20,541.23,43,815704,681140816,310592197,0.288460763743161,94.5555925986382,0.4151537236923
544.18,564,1055,976,1165775,1934432,2024-07-25,2024-08-09,541.23,-79,768657,75830100,44514942,2.55100810891717,54.4541099114995,0.397355399414402
518.23,520,10901,10928,512347,1934256,2024-07-25,2024-08-09,541.23,27,1421909,75830100,44514942,2.55077601110905,57.0048859226086,0.735119343044561
532.03,544,1336,1608,869736,1924776,2024-07-25,2024-09-20,541.23,272,1055040,681140816,310592197,0.282581215922906,94.8381738145611,0.548136510430305
393.31,395,11175,11172,1296300,1888068,2024-07-25,2024-12-20,541.23,-3,591768,652255728,204674421,0.289467446424633,94.8321910329011,0.313425152060201
464.53,465,40115,40093,762185,1884371,2024-07-25,2024-08-16,541.23,-22,1122186,588458256,340202139,0.320221694705903,94.4156827328122,0.59552285616792
538.3,548,1671,1942,382659,1883740,2024-07-25,2024-08-02,541.23,271,1501081,103397574,66065302,1.82184158402014,68.8604067248232,0.796862093494856
537.05,551,1375,1347,917125,1879065,2024-07-25,2024-08-30,541.23,-28,961940,195961664,100553670,0.958894184527847,70.2266413700182,0.511924813670629
531.46,552,911,908,1381987,1865032,2024-07-25,2024-12-20,541.23,-3,483045,652255728,204674421,0.28593570281379,95.1181267357149,0.259000917946716
536.61,538,14264,13397,114112,1862183,2024-07-25,2024-07-26,541.23,-867,1748071,109105434,79959636,1.70677383493108,87.6506554201507,0.938721382377564
536.4,554,1065,1056,1030920,1858560,2024-07-25,2024-09-20,541.23,-9,827640,681140816,310592197,0.272859878066682,95.1110336926278,0.4453125
453.1,455,9692,9687,1046736,1840530,2024-07-25,2024-10-18,541.23,-5,793794,319700424,124486522,0.575704585240087,90.2914098105794,0.431285553617708
399.5,400,36522,36510,876528,1825500,2024-07-25,2024-09-20,541.23,-12,948972,681140816,310592197,0.268006256139553,95.3790399487674,0.519842235004109
476.9,480,5800,5868,1015000,1819080,2024-07-25,2024-10-18,541.23,68,804080,319700424,124486522,0.568995179061758,90.8604049896412,0.442025639334169
526.81,531,2392,4328,368368,1813432,2024-07-25,2024-08-16,541.23,1936,1445064,588458256,340202139,0.308166633998249,94.7238493668105,0.796866935181468
474.42,475,31296,31236,719808,1811688,2024-07-25,2024-08-16,541.23,-60,1091880,588458256,340202139,0.307870266332027,95.0317196331425,0.602686555300913
536.49,549,929,1447,520240,1810197,2024-07-25,2024-08-30,541.23,518,1289957,195961664,100553670,0.923750576031034,71.1503919460492,0.71260586554944
527.24,537,2170,1853,1128400,1808528,2024-07-25,2024-09-20,541.23,-317,680128,681140816,310592197,0.265514554041935,95.6445545028093,0.376067166225792
538.9,556,1067,1048,938960,1792080,2024-07-25,2024-08-30,541.23,-19,853120,195961664,100553670,0.914505400403214,72.0648973464524,0.476050176331414
532.9,546,923,1365,652561,1788150,2024-07-25,2024-09-20,541.23,442,1135589,681140816,310592197,0.262522808499557,95.9070773113089,0.635063613231552
539.62,563,730,764,958490,1786232,2024-07-25,2024-09-20,541.23,34,827742,681140816,310592197,0.262241222085273,96.1693185333941,0.463401170732581
538.62,541,4254,7485,76572,1781430,2024-07-25,2024-07-26,541.23,3231,1704858,109105434,79959636,1.63276010615567,89.2834155263064,0.957016554116637
467.37,470,6772,6764,1002256,1778932,2024-07-25,2024-10-18,541.23,-8,776676,319700424,124486522,0.556437172570031,91.4168421622112,0.436596789534395
525.66,532,2943,2797,735750,1773298,2024-07-25,2024-08-30,541.23,-146,1037548,195961664,100553670,0.904920872686609,72.969818219139,0.585095116556834
409.39,410,28541,28496,856230,1738256,2024-07-25,2024-09-20,541.23,-45,882026.000000001,681140816,310592197,0.255197744602637,96.4245162779968,0.507420080816635
537.6,557,843,895,904539,1736300,2024-07-25,2024-09-20,541.23,52,831761,681140816,310592197,0.254910579312575,96.6794268573094,0.479042216206877
539.71,565,663,685,1093950,1732365,2024-07-25,2024-10-18,541.23,22,638415,319700424,124486522,0.541871348910066,91.9587135111213,0.368522222510845
542.08,559,1033,1021,850159,1727532,2024-07-25,2024-08-23,541.23,-12,877373,59100352,34506194,2.92304858015059,36.6950860123473,0.507876554529815
512.11,514,9364,9111,589932,1721979,2024-07-25,2024-08-16,541.23,-253,1132047,588458256,340202139,0.292625514629537,95.3243451477721,0.657410456225076
536.7,543,1978,2706,282854,1704780,2024-07-25,2024-08-02,541.23,728,1421926,103397574,66065302,1.64876208797704,70.5091688128002,0.834081817008646
541.09,557,865,1065,531975,1694415,2024-07-25,2024-08-09,541.23,200,1162440,75830100,44514942,2.23448867929754,59.2393746019061,0.686042085321483
536.13,552,1242,1060,1127736,1682220,2024-07-25,2024-09-20,541.23,-182,554484,681140816,310592197,0.246970958204918,96.9263978155143,0.329614438063987
489,495,2850,2797,1017450,1678200,2024-07-25,2024-11-15,541.23,-53,660750,192521572,68415428,0.871694523666158,88.57503563289,0.393725420092957
540.49,552,1708,1444,819840,1662044,2024-07-25,2024-08-09,541.23,-264,842204,75830100,44514942,2.19179982619039,61.4311744280965,0.506727860393588
448.15,450,8841,8894,892941,1645390,2024-07-25,2024-10-18,541.23,53,752449,319700424,124486522,0.514666192622879,92.4733797037442,0.457307386090836
522.48,526,4200,4654,491400,1638208,2024-07-25,2024-08-16,541.23,454,1146808,588458256,340202139,0.278389840451147,95.6027349882232,0.700038090401219
441.45,443,10530,10520,968760,1630600,2024-07-25,2024-10-18,541.23,-10,661840,319700424,124486522,0.510039986684534,92.9834196904287,0.405887403409788
536.25,548,1568,1387,923552,1629725,2024-07-25,2024-08-30,541.23,-181,706173,195961664,100553670,0.831655011870077,73.8014732310091,0.433308073447974
528.88,534,2537,3183,451586,1629696,2024-07-25,2024-08-16,541.23,646,1178110,588458256,340202139,0.276943348722428,95.8796783369456,0.722901694549167
541.58,570,592,573,1012320,1628466,2024-07-25,2024-08-30,541.23,-19,616146,195961664,100553670,0.831012539268905,74.632485770278,0.378359756973741
539.9,549,1869,1787,530796,1626170,2024-07-25,2024-08-02,541.23,-82,1095374,103397574,66065302,1.57273515914406,72.0819039719443,0.673591321940511
538.95,554,1135,1079,767260,1623895,2024-07-25,2024-08-23,541.23,-56,856635,59100352,34506194,2.74769091053806,39.4427769228853,0.527518712724653
539.03,557,918,900,853740,1617300,2024-07-25,2024-08-30,541.23,-18,763560,195961664,100553670,0.82531448600069,75.4578002562787,0.47212020033389
493.51,495,10829,10823,747201,1612627,2024-07-25,2024-08-30,541.23,-6,865426,195961664,100553670,0.82292983590913,76.2807300921878,0.536656027711306
538.99,556,972,947,753300,1610847,2024-07-25,2024-08-23,541.23,-25,857547,59100352,34506194,2.72561320785365,42.168390130739,0.532357821692563
531.84,541,1783,1757,732813,1609412,2024-07-25,2024-08-30,541.23,-26,876599,195961664,100553670,0.821289208893429,77.1020193010813,0.544670351656381
535.1,547,1379,1344,788788,1599360,2024-07-25,2024-08-30,541.23,-35,810572,195961664,100553670,0.816159634161915,77.9181789352432,0.506810224089636
531.96,535,5072,5256,273888,1597824,2024-07-25,2024-08-02,541.23,184,1323936,103397574,66065302,1.54532058943665,73.6272245613809,0.82858687815429
525.29,530,4704,3346,907872,1575966,2024-07-25,2024-08-23,541.23,-1358,668094,59100352,34506194,2.66659325480836,44.8349833855474,0.423926658316233
475.68,480,3578,3645,1005418,1574640,2024-07-25,2024-11-15,541.23,67,569222,192521572,68415428,0.817903149055941,89.392938781946,0.361493420718387
517.79,524,2387,2530,749518,1571130,2024-07-25,2024-09-20,541.23,143,821612,681140816,310592197,0.230661555304594,97.1570593708189,0.522943359238255
514.97,521,2598,2604,776802,1570212,2024-07-25,2024-09-20,541.23,6,793410,681140816,310592197,0.230526781410791,97.3875861522296,0.505288457864288
542.69,562,826,809,800394,1562179,2024-07-25,2024-08-02,541.23,-17,761785,103397574,66065302,1.51084685990795,75.1380714212889,0.487642581291901
535.89,544,2383,1911,590984,1549821,2024-07-25,2024-08-09,541.23,-472,958837,75830100,44514942,2.0438071425463,63.4749815706428,0.61867596322414
530.87,549,730,845,919800,1531985,2024-07-25,2024-11-15,541.23,115,612185,192521572,68415428,0.795747190346025,90.188685972292,0.399602476525553
534.77,542,1483,2097,296600,1516131,2024-07-25,2024-08-09,541.23,614,1219531,75830100,44514942,1.99937887461575,65.4743604452585,0.804370466668118
542.08,565,1387,659,1699075,1510428,2024-07-25,2024-08-09,541.23,-728,-188647,75830100,44514942,1.99185811438993,67.4662185596485,-0.124896386984351
539.16,558,844,801,828808,1509084,2024-07-25,2024-08-30,541.23,-43,680276,195961664,100553670,0.770091439925719,78.6882703751689,0.450787365050587
540.38,564,585,634,765765,1497508,2024-07-25,2024-08-30,541.23,49,731743,195961664,100553670,0.764184162061412,79.4524545372303,0.488640461353128
538.83,553,1382,1033,935614,1463761,2024-07-25,2024-08-23,541.23,-349,528147,59100352,34506194,2.47673820961337,47.3117215951607,0.360815051090991
511.91,515,4682,4637,589932,1432833,2024-07-25,2024-08-30,541.23,-45,842901,195961664,100553670,0.731180257787564,80.1836347950179,0.58827581441801
539.02,547.5,1699,1689,411158,1432272,2024-07-25,2024-08-02,541.23,-10,1021114,103397574,66065302,1.38520851562726,76.5232799369161,0.712933018309371
523.21,531,1853,1835,787525,1429465,2024-07-25,2024-09-20,541.23,-18,641940,681140816,310592197,0.209863359590537,97.5974495118202,0.449077102272529
399.87,400,108180,108179,649080,1406327,2024-07-25,2024-08-16,541.23,-1,757247,588458256,340202139,0.238985006270351,96.118663343216,0.538457272028483
373.6,375,9930,9929,953280,1390060,2024-07-25,2024-12-20,541.23,-1,436780,652255728,204674421,0.213115798041715,95.3312425337566,0.314216652518596
536.59,542,1530,2558,200430,1383878,2024-07-25,2024-08-02,541.23,1028,1183448,103397574,66065302,1.33840470957278,77.8616846464889,0.85516786884393
540.62,560,4107,713,2632587,1381794,2024-07-25,2024-07-26,541.23,-3394,-1250793,109105434,79959636,1.26647587506961,90.549891401376,-0.905194985649091
522.8,527,3154,3267,536180,1372140,2024-07-25,2024-08-23,541.23,113,835960,59100352,34506194,2.32171206019213,49.6334336553529,0.60923812438964
528.38,534,2443,2441,598535,1371842,2024-07-25,2024-08-23,541.23,-2,773307,59100352,34506194,2.32120783307687,51.9546414884297,0.563699755511203
496.25,498,7859,7824,542271,1369200,2024-07-25,2024-08-30,541.23,-35,826929,195961664,100553670,0.698708090170126,80.882342885188,0.603950482033304
541.38,552.5,1526,1230,630238,1367760,2024-07-25,2024-08-02,541.23,-296,737522,103397574,66065302,1.32281633609702,79.1845009825859,0.539218868807393
537.36,544,1992,2056,338640,1365184,2024-07-25,2024-08-02,541.23,64,1026544,103397574,66065302,1.32032498170605,80.504825964292,0.751945525291829
419.36,420,21280,21274,723520,1361536,2024-07-25,2024-09-20,541.23,-6,638016,681140816,310592197,0.199890531886728,97.7973400437069,0.468600169220645
540.78,558,777,789,642579,1358658,2024-07-25,2024-08-23,541.23,12,716079,59100352,34506194,2.29890001331972,54.2535415017494,0.527048749574948
538,553,862,902,657706,1353000,2024-07-25,2024-08-30,541.23,40,695294,195961664,100553670,0.690441167105011,81.572784052293,0.513890613451589
538.3,552,697,983,448171,1346710,2024-07-25,2024-08-23,541.23,286,898539,59100352,34506194,2.2786835516648,56.5322250534142,0.667210461049521
532.7,548,801,879,769761,1344870,2024-07-25,2024-10-18,541.23,78,575109,319700424,124486522,0.420665691703931,93.4040853821326,0.427631667001272
541.25,566,568,541,782704,1338975,2024-07-25,2024-08-30,541.23,-27,556271,195961664,100553670,0.683284155006971,82.2560682073,0.41544539666536
537.16,547,1772,1356,529828,1334304,2024-07-25,2024-08-09,541.23,-416,804476,75830100,44514942,1.75959678280788,69.2258153424564,0.602918075640933
466.24,470,3508,3541,778776,1331416,2024-07-25,2024-11-15,541.23,33,552640,192521572,68415428,0.691567176690205,90.8802531489822,0.415076880554237
525.13,534,1557,1476,716220,1309212,2024-07-25,2024-09-20,541.23,-81,592992,681140816,310592197,0.192208713565038,97.989548757272,0.452938103225452
521.76,536,918,919,795906,1308656,2024-07-25,2024-11-15,541.23,1,512750,192521572,68415428,0.679745124873591,91.5599982738558,0.391814197161057
535.51,543,1049,1746,234976,1307754,2024-07-25,2024-08-09,541.23,697,1072778,75830100,44514942,1.72458430095701,70.9503996434134,0.820320947211785
540.79,570,445,447,833930,1305687,2024-07-25,2024-10-18,541.23,2,471757,319700424,124486522,0.408409530292021,93.8124949124246,0.361309410295117
483.73,485,10283,10278,544999,1305306,2024-07-25,2024-08-30,541.23,-5,760307,195961664,100553670,0.66610273323664,82.9221709405366,0.582474147824342
506.32,515,1508,1502,833924,1303736,2024-07-25,2024-11-15,541.23,-6,469812,192521572,68415428,0.677189567099525,92.2371878409553,0.360358232034706
538.22,548,629,1320,205683,1290960,2024-07-25,2024-08-09,541.23,691,1085277,75830100,44514942,1.70243742260659,72.65283706602,0.840674381855363
529.59,537,2246,1726,772624,1278966,2024-07-25,2024-08-30,541.23,-520,506342,195961664,100553670,0.652661328697433,83.5748322692341,0.395899500064896
537.33,539,3708,7629,37080,1274043,2024-07-25,2024-07-26,541.23,3921,1236963,109105434,79959636,1.16771727428352,91.7176086756596,0.970895801790049
518.99,523,3174,3176,526884,1273576,2024-07-25,2024-08-30,541.23,2,746692,195961664,100553670,0.649910790714657,84.2247430599487,0.586295596022538
538.43,569,410,409,887650,1250313,2024-07-25,2024-12-20,541.23,-1,362663,652255728,204674421,0.191690612489339,95.522933146246,0.290057769534509
533.98,538,1681,3064,100860,1231728,2024-07-25,2024-08-02,541.23,1383,1130868,103397574,66065302,1.19125425515303,81.696080219445,0.918115038385098
535.9,541,1184,2410,145632,1229100,2024-07-25,2024-08-02,541.23,1226,1083468,103397574,66065302,1.18871260944672,82.8847928288917,0.881513302416402
542.55,561,661,661,1219545,1219545,2024-07-25,2024-12-20,541.23,0,0,652255728,204674421,0.186973444256207,95.7099065905022,0
544.58,557.5,934,941,632318,1215772,2024-07-25,2024-08-09,541.23,7,583454,75830100,44514942,1.60328418398499,74.256121250005,0.47990412676061
539.5,555,847,784,640332,1215200,2024-07-25,2024-08-23,541.23,-63,574868,59100352,34506194,2.05616372640217,58.5883887798164,0.473064516129032
379.84,380,75927,75936,607416,1214976,2024-07-25,2024-08-30,541.23,9,607560,195961664,100553670,0.620006982590228,84.8447500425389,0.500059260429836
521.12,524,4316,4197,414336,1208736,2024-07-25,2024-08-16,541.23,-119,794400,588458256,340202139,0.205407263416829,96.3240706066328,0.657215471368438
537.37,563,471,470,907146,1204610,2024-07-25,2024-12-20,541.23,-1,297464,652255728,204674421,0.184683698170605,95.8945902886728,0.246938013132881
542.17,561,672,639,619584,1203237,2024-07-25,2024-08-09,541.23,-33,583653,75830100,44514942,1.58675380884372,75.8428750588487,0.485069026301552
358.86,360,10509,10508,861738,1197912,2024-07-25,2024-12-20,541.23,-1,336174,652255728,204674421,0.183656800327862,96.0782470890007,0.280633301945385
538.37,547,1316,1388,276360,1197844,2024-07-25,2024-08-02,541.23,72,921484,103397574,66065302,1.15848366036132,84.043276489253,0.769285482917642
539.88,557,703,690,599659,1181280,2024-07-25,2024-08-23,541.23,-13,581621,59100352,34506194,1.99876982120174,60.5871586010182,0.492365061628065
515.75,518,5249,5240,351683,1179000,2024-07-25,2024-08-16,541.23,-9,827317,588458256,340202139,0.200354058759267,96.5244246653921,0.701710771840543
519.43,524,2458,2551,457188,1165807,2024-07-25,2024-08-30,541.23,93,708619,195961664,100553670,0.594915850479816,85.4396658930187,0.607835602290945
541.51,566,455,476,716170,1165724,2024-07-25,2024-09-20,541.23,21,449554,681140816,310592197,0.171142878626143,98.1606916358981,0.385643600028823
354.82,355,64478,64492,773736,1160856,2024-07-25,2024-09-20,541.23,14,387120,681140816,310592197,0.170428195276438,98.3311198311745,0.333478054125576
532.66,556,493,492,836128,1148328,2024-07-25,2024-12-20,541.23,-1,312200,652255728,204674421,0.17605487398648,96.2543019629871,0.271873541357521
479.78,480,51718,52077,310308,1145694,2024-07-25,2024-08-02,541.23,359,835386,103397574,66065302,1.1080472739138,85.1513237631668,0.729152810436295
519.07,520,9743,12236,194860,1137948,2024-07-25,2024-08-02,541.23,2493,943088,103397574,66065302,1.10055580220867,86.2518795653755,0.828761946943094
516.58,519,4687,4682,379647,1133044,2024-07-25,2024-08-16,541.23,-5,753397,588458256,340202139,0.192544498857367,96.7169691642494,0.66493181200377
539.95,561,516,533,553152,1121965,2024-07-25,2024-08-23,541.23,17,568813,59100352,34506194,1.89840662877947,62.4855652297976,0.506979272971973
534,552,572,621,602316,1117800,2024-07-25,2024-10-18,541.23,49,515484,319700424,124486522,0.349639824062292,94.1621347364869,0.461159420289855
454.47,455,20968,21015,482264,1113795,2024-07-25,2024-08-23,541.23,47,631531,59100352,34506194,1.88458268404222,64.3701479138399,0.56700829147195
503.9,506,5232,5238,491808,1099980,2024-07-25,2024-08-30,541.23,6,608172,195961664,100553670,0.561324076121338,86.0009899691401,0.552893688976163
541.7,562,593,538,606046,1092140,2024-07-25,2024-08-09,541.23,-55,486094,75830100,44514942,1.44024602367661,77.2831210825253,0.445083963594411
459.57,460,25550,25368,434350,1090824,2024-07-25,2024-08-16,541.23,-182,656474,588458256,340202139,0.185369818313841,96.9023389825633,0.601814774885774
533.84,553,388,569,431068,1090204,2024-07-25,2024-10-18,541.23,181,659136,319700424,124486522,0.341007993157995,94.5031427296449,0.604598772339856
540.74,562,506,511,698280,1086386,2024-07-25,2024-10-18,541.23,5,388106,319700424,124486522,0.339813750137535,94.8429564797825,0.357245030771751
539.2,549,1126,1103,376084,1080940,2024-07-25,2024-08-09,541.23,-23,704856,75830100,44514942,1.42547616315948,78.7085972456848,0.652076896034933
538.44,554,853,694,679841,1079864,2024-07-25,2024-08-30,541.23,-159,400023,195961664,100553670,0.551058803011593,86.5520487721517,0.370438314454413
447.31,450,3910,3981,649060,1070889,2024-07-25,2024-11-15,541.23,71,421829,192521572,68415428,0.556243640063359,92.7934314810187,0.393905437444964
329.31,330,15456,15456,834624,1066464,2024-07-25,2024-12-20,541.23,0,231840,652255728,204674421,0.163503968492554,96.4178059314797,0.217391304347826
524.04,529,2144,2150,347328,1066400,2024-07-25,2024-08-23,541.23,6,719072,59100352,34506194,1.80438857623048,66.1745364900703,0.674298574643661
533.49,544,1022,1010,489538,1061510,2024-07-25,2024-08-30,541.23,-12,571972,195961664,100553670,0.541692685361153,87.0937414575128,0.538828649753653
369.14,370,12174,12174,1046964,1046964,2024-07-25,2024-12-20,541.23,0,0,652255728,204674421,0.160514343539809,96.5783202750195,0
532.53,536,3087,3014,213003,1045858,2024-07-25,2024-08-02,541.23,-73,832855,103397574,66065302,1.01149181701304,87.2633713823885,0.796336596363942
540.22,552.5,865,845,374545,1037660,2024-07-25,2024-08-09,541.23,-20,663115,75830100,44514942,1.36840120216115,80.0769984478459,0.639048435903861
528.82,531,3950,4750,169850,1035500,2024-07-25,2024-08-02,541.23,800,865650,103397574,66065302,1.00147417385247,88.264845556241,0.835972959922743
505.49,508,2847,4116,279006,1033116,2024-07-25,2024-08-30,541.23,1269,754110,195961664,100553670,0.527203116625913,87.6209445741388,0.729937393284007
523.66,529,1934,1923,454490,1026882,2024-07-25,2024-08-30,541.23,-11,572392,195961664,100553670,0.524021882157522,88.1449664562963,0.557407764475373
522.82,534,891,906,572913,1012908,2024-07-25,2024-10-18,541.23,15,439995,319700424,124486522,0.31683035866102,95.1597868384435,0.434387920719355
530.13,551,485,484,706645,1010108,2024-07-25,2024-12-20,541.23,-1,303463,652255728,204674421,0.154863799065019,96.7331840740845,0.300426291050066
541,563,2213,458,2000552,1007600,2024-07-25,2024-08-02,541.23,-1755,-992952,103397574,66065302,0.974490948888221,89.2393365051292,-0.98546248511314
531.55,536,2195,2254,298520,1003030,2024-07-25,2024-08-09,541.23,59,704510,75830100,44514942,1.3227333209372,81.3997317687831,0.702381783196913
532.89,543,950,992,408500,1002912,2024-07-25,2024-08-30,541.23,42,594412,195961664,100553670,0.511789897844509,88.6567563541408,0.592686098082384
524.16,532,1254,1275,540474,999600,2024-07-25,2024-09-20,541.23,21,459126,681140816,310592197,0.146753795473622,98.4778736266482,0.459309723889556
530.97,537.5,480,1520,136320,992560,2024-07-25,2024-08-23,541.23,1040,856240,59100352,34506194,1.67944854203237,67.8539850321027,0.862658176835657
527.81,531,3128,3087,297160,984753,2024-07-25,2024-08-09,541.23,-41,687593,75830100,44514942,1.29863075480581,82.6983625235889,0.698239050807664
541.03,563,510,445,610980,977665,2024-07-25,2024-08-23,541.23,-65,366685,59100352,34506194,1.65424564645571,69.5082306785584,0.375062009993198
539.78,551,891,866,405405,971652,2024-07-25,2024-08-09,541.23,-25,566247,75830100,44514942,1.28135397421341,83.9797164978023,0.58276728705339
536.07,547,811,888,390091,970584,2024-07-25,2024-08-23,541.23,77,580493,59100352,34506194,1.64226433033766,71.1504950088961,0.598086306800854
527.1,534,1403,1406,418094,970140,2024-07-25,2024-08-30,541.23,3,552046,195961664,100553670,0.495066218666116,89.1518225728069,0.569037458511143
538.06,547.5,1036,1027,298368,969488,2024-07-25,2024-08-09,541.23,-9,671120,75830100,44514942,1.27850022616349,85.2582167239658,0.692241678081627
353.95,355,9128,9136,666344,959280,2024-07-25,2024-12-20,541.23,8,292936,652255728,204674421,0.147071149983063,96.8802552240676,0.305370694687683
534.65,539,2385,2197,226575,955695,2024-07-25,2024-08-02,541.23,-188,729120,103397574,66065302,0.924291511907233,90.1636280170365,0.762921224867766
541.42,564,422,422,647770,952876,2024-07-25,2024-10-18,541.23,0,305106,319700424,124486522,0.298052779560905,95.4578396180044,0.320194862710363
534.61,546,988,830,512772,945370,2024-07-25,2024-08-30,541.23,-158,432598,195961664,100553670,0.482425991238776,89.6342485640457,0.457596496609793
472.13,475,3314,3265,540182,937055,2024-07-25,2024-10-18,541.23,-49,396873,319700424,124486522,0.293104084216041,95.7509437022204,0.423532236634989
529.65,530,26709,26738,133545,935830,2024-07-25,2024-07-26,541.23,29,802285,109105434,79959636,0.857729964210582,92.5753386398701,0.857297799814069
537.49,567,316,315,660124,929565,2024-07-25,2024-12-20,541.23,-1,269441,652255728,204674421,0.142515421497379,97.022770645565,0.289857083689683
535.82,537,2977,7836,20839,924648,2024-07-25,2024-07-26,541.23,4859,903809,109105434,79959636,0.847481162120669,93.4228198019908,0.977462775023577
516.95,521,2398,2265,369292,917325,2024-07-25,2024-08-30,541.23,-133,548033,195961664,100553670,0.468114518562161,90.1023630826078,0.597425121957867
533.81,543,680,987,255000,907053,2024-07-25,2024-08-23,541.23,307,652053,59100352,34506194,1.53476750866052,72.6852625175566,0.71886979040916
507.88,510,4313,4265,353666,904180,2024-07-25,2024-08-23,541.23,-48,550514,59100352,34506194,1.52990628549894,74.2151688030555,0.608854431639718
526.98,530,3879,2985,318078,901470,2024-07-25,2024-08-09,541.23,-894,583392,75830100,44514942,1.18880233574794,86.4470190597138,0.647156311358115
544.24,567,1521,395,2010762,899020,2024-07-25,2024-08-16,541.23,-1126,-1111742,588458256,340202139,0.152775492710565,97.0551144752739,-1.23661542568575
484.27,485,12177,12247,328779,894031,2024-07-25,2024-08-16,541.23,70,565252,588458256,340202139,0.151927684059887,97.2070421593337,0.632251006956135
517,520,1409,2947,170489,884100,2024-07-25,2024-08-23,541.23,1538,713611,59100352,34506194,1.49593017652416,75.7110989795797,0.80716095464314
541.58,569,670,322,1192600,882924,2024-07-25,2024-09-20,541.23,-348,-309676,681140816,310592197,0.129624297833886,98.607497924482,-0.350739134965184
488.57,490,5865,6071,351900,868153,2024-07-25,2024-08-30,541.23,206,516253,195961664,100553670,0.443021855540071,90.5453849381479,0.594656702217236
542.14,572,307,287,612772,856982,2024-07-25,2024-09-20,541.23,-20,244210,681140816,310592197,0.125815687427547,98.7333136119096,0.284965145125569
339.16,340,10181,10180,621041,855120,2024-07-25,2024-12-20,541.23,-1,234079,652255728,204674421,0.131101953312398,97.1538725988774,0.273738188792216
529.05,535,1606,1431,372592,851445,2024-07-25,2024-08-23,541.23,-175,478853,59100352,34506194,1.44067669850765,77.1517756780873,0.562400389925362
541.2,569,268,306,400124,850680,2024-07-25,2024-08-16,541.23,38,450556,588458256,340202139,0.144560806365847,97.3516029656996,0.529642168618047
516.71,523,1625,1349,492375,848521,2024-07-25,2024-09-20,541.23,-276,356146,681140816,310592197,0.12457350669175,98.8578871186013,0.419725616690689
539.45,542.5,2496,2722,47424,830210,2024-07-25,2024-07-26,541.23,226,782786,109105434,79959636,0.760924520038113,94.1837443220289,0.942877103383481
520.89,522,7473,7473,141987,829503,2024-07-25,2024-08-02,541.23,0,687516,103397574,66065302,0.802246095251713,90.9658741122882,0.828828828828829
469.13,470,9329,9336,373160,812232,2024-07-25,2024-08-30,541.23,7,439072,195961664,100553670,0.414485151544743,90.9598700896927,0.540574614149652
543.14,564,443,389,547548,811454,2024-07-25,2024-08-23,541.23,-54,263906,59100352,34506194,1.37301043486171,78.5247861129491,0.325226075661713
470.96,475,1906,2005,457440,810020,2024-07-25,2024-11-15,541.23,99,352580,192521572,68415428,0.420742461005876,93.2141739420245,0.435273203130787
528.7,536,920,1105,289800,806650,2024-07-25,2024-08-30,541.23,185,516850,195961664,100553670,0.411636635214528,91.3715067249072,0.640736378850803
539.05,571,253,252,568491,805140,2024-07-25,2024-12-20,541.23,-1,236649,652255728,204674421,0.123439314587361,97.2773119134647,0.293922796035472
510.05,513,2743,2727,312702,804465,2024-07-25,2024-08-30,541.23,-16,491763,195961664,100553670,0.410521621208524,91.7820283461157,0.611291976655293
536.73,548,687,707,356553,796789,2024-07-25,2024-08-23,541.23,20,440236,59100352,34506194,1.34819670786394,79.872982820813,0.552512647639463
299.46,300,14652,14639,542124,790506,2024-07-25,2024-12-20,541.23,-13,248382,652255728,204674421,0.1211957160459,97.3985076295106,0.314206343784867
530.4,533,1389,3026,65283,786760,2024-07-25,2024-08-02,541.23,1637,721477,103397574,66065302,0.760907601178341,91.7267817134665,0.917022980324368
543.65,567,394,333,567360,777555,2024-07-25,2024-08-30,541.23,-61,210195,195961664,100553670,0.39678934345036,92.1788176895661,0.270328143989814
535.02,536,2159,7921,12954,776258,2024-07-25,2024-07-26,541.23,5762,763304,109105434,79959636,0.711475103980614,94.8952194260095,0.983312249277946
524.36,527,2861,2933,197409,774312,2024-07-25,2024-08-09,541.23,72,576903,75830100,44514942,1.02111430685177,87.4681333665655,0.745052381985556
536.74,557,381,380,501015,769880,2024-07-25,2024-10-18,541.23,-1,268865,319700424,124486522,0.240812943056966,95.9917566452774,0.349229750090923
424.25,425,10155,10158,375735,761850,2024-07-25,2024-09-20,541.23,3,386115,681140816,310592197,0.111849118729071,98.9697362373304,0.506812364638708
541.69,559,2322,439,1376946,759909,2024-07-25,2024-07-26,541.23,-1883,-617037,109105434,79959636,0.696490515770278,95.5917099417798,-0.811988014354351
533.38,537,1907,2071,137304,749702,2024-07-25,2024-08-02,541.23,164,612398,103397574,66065302,0.725067301869191,92.4518490153357,0.816855230478243
506.57,508,5140,5181,226160,740883,2024-07-25,2024-08-16,541.23,41,514723,588458256,340202139,0.125902388562971,97.4775053542626,0.694742624678931
541.78,570,603,262,964800,739364,2024-07-25,2024-08-16,541.23,-341,-225436,588458256,340202139,0.125644256404145,97.6031496106667,-0.304905296984976
539.5,553,617,540,296160,729000,2024-07-25,2024-08-09,541.23,-77,432840,75830100,44514942,0.961359671159606,88.4294930377251,0.593744855967078
530.44,539,880,850,331760,727600,2024-07-25,2024-08-30,541.23,-30,395840,195961664,100553670,0.371297112480123,92.5501148020462,0.544035184167125
530.82,535,1555,1735,186600,725230,2024-07-25,2024-08-09,541.23,180,538630,75830100,44514942,0.956388030610536,89.3858810683357,0.742702315127615
538.48,566,263,262,535205,721024,2024-07-25,2024-12-20,541.23,-1,185819,652255728,204674421,0.110543145739918,97.5090507752505,0.257715415853009
550.22,577,268,268,717704,717704,2024-07-25,2024-12-20,541.23,0,0,652255728,204674421,0.11003414292745,97.619084918178,0
538.86,570,254,229,521208,713106,2024-07-25,2024-11-15,541.23,-25,191898,192521572,68415428,0.370403167079895,93.5845771091044,0.269101648282303
534.2,535,4062,8871,20310,709680,2024-07-25,2024-07-26,541.23,4809,689370,109105434,79959636,0.650453395382672,96.2421633371625,0.971381467703754
414.33,415,10554,10591,327174,709597,2024-07-25,2024-09-20,541.23,37,382423,681140816,310592197,0.104177724096334,99.0739139614267,0.538929843277241
523.67,538,353,489,318759,700737,2024-07-25,2024-11-15,541.23,136,381978,192521572,68415428,0.363978432505216,93.9485555416097,0.545108935306684
454.63,455,18722,18724,318274,692788,2024-07-25,2024-08-16,541.23,2,374514,588458256,340202139,0.117729336437418,97.7208789471041,0.540589617603076
532.17,553,320,327,511360,681141,2024-07-25,2024-12-20,541.23,7,169781,652255728,204674421,0.104428519484002,97.723513437662,0.249259698065452
364.01,365,6865,6865,679635,679635,2024-07-25,2024-12-20,541.23,0,0,652255728,204674421,0.10419762844919,97.8277110661112,0
540.91,562,283,322,322620,679098,2024-07-25,2024-08-23,541.23,39,356478,59100352,34506194,1.14905914604366,81.0220419668567,0.524928655363438
540.07,557.5,374,386,308550,672798,2024-07-25,2024-08-23,541.23,12,364248,59100352,34506194,1.13839931105656,82.1604412779132,0.541392810323455
457.81,460,2960,3064,367040,671016,2024-07-25,2024-10-18,541.23,104,303976,319700424,124486522,0.209888992827861,96.2016456381053,0.453008572075778
525.61,544,358,363,450006,667557,2024-07-25,2024-12-20,541.23,5,217551,652255728,204674421,0.10234590074769,97.9300569668589,0.325891272205969
510.25,512,3640,3788,203840,662900,2024-07-25,2024-08-16,541.23,148,459060,588458256,340202139,0.112650301570414,97.8335292486745,0.692502639915523
517.78,522,1489,1564,233773,660008,2024-07-25,2024-08-30,541.23,75,426235,195961664,100553670,0.336804651750661,92.8869194537968,0.645802778148144
534.78,544,695,713,292595,657386,2024-07-25,2024-08-23,541.23,18,364791,59100352,34506194,1.11232163219603,83.2727629101092,0.55491142190433
533.75,537.5,1546,1735,100490,650625,2024-07-25,2024-08-02,541.23,189,550135,103397574,66065302,0.629245904744342,93.08109492008,0.84554851104707
532.5,551,173,351,210541,649350,2024-07-25,2024-11-15,541.23,178,438809,192521572,68415428,0.337286878168645,94.2858424197783,0.675766535766536
541,561,314,322,335980,644000,2024-07-25,2024-08-30,541.23,8,308020,195961664,100553670,0.328635707032984,93.2155551608298,0.478291925465839
530.04,534,1902,1621,216828,641916,2024-07-25,2024-08-09,541.23,-281,425088,75830100,44514942,0.846518730688737,90.2323997990244,0.66221748640009
543.66,575,208,202,438048,633068,2024-07-25,2024-10-18,541.23,-6,195020,319700424,124486522,0.198019130559552,96.3996647686648,0.308055374778065
324.25,325,8404,8406,445412,630450,2024-07-25,2024-12-20,541.23,2,185038,652255728,204674421,0.096656874433765,98.0267138412926,0.293501467205964
540.41,564,277,264,354560,622776,2024-07-25,2024-09-20,541.23,-13,268216,681140816,310592197,0.0914313142555826,99.1653452756823,0.430678125040143
536.69,549,536,505,294264,621655,2024-07-25,2024-08-23,541.23,-31,327391,59100352,34506194,1.05186344744613,84.3246263575554,0.5266441997571
534.72,554,245,322,293510,620816,2024-07-25,2024-10-18,541.23,77,327306,319700424,124486522,0.194186792820769,96.5938515614856,0.527219014973841
542,574,213,193,431325,617600,2024-07-25,2024-09-20,541.23,-20,186275,681140816,310592197,0.0906714126495688,99.2560166883319,0.301611075129534
500.84,503,2858,2850,245788,615600,2024-07-25,2024-08-30,541.23,-8,369812,195961664,100553670,0.314143076474386,93.5296982373042,0.600734243014945
532.18,537.5,990,1150,145530,611800,2024-07-25,2024-08-09,541.23,160,466270,75830100,44514942,0.806803630748212,91.0392034297726,0.762128146453089
429.94,430,101268,101216,202536,607296,2024-07-25,2024-08-02,541.23,-52,404760,103397574,66065302,0.587340666232653,93.6684355863127,0.666495415744546
533,542,713,674,265949,606600,2024-07-25,2024-08-23,541.23,-39,340651,59100352,34506194,1.02638982590154,85.3510161834569,0.561574348829542
487.22,488,7889,7774,228781,606372,2024-07-25,2024-08-16,541.23,-115,377591,588458256,340202139,0.103044182627629,97.9365734313022,0.622705204066151
398.69,400,4609,4615,387156,604565,2024-07-25,2024-11-15,541.23,6,217409,192521572,68415428,0.314024549934591,94.5998669697129,0.359612283211896
536.84,542.5,1189,1061,148625,600526,2024-07-25,2024-08-02,541.23,-128,451901,103397574,66065302,0.580793123830932,94.2492287101436,0.752508634097441
535.54,558,264,263,411840,590698,2024-07-25,2024-11-15,541.23,-1,178858,192521572,68415428,0.306821720736833,94.9066886904497,0.302790935469563
537.29,551,484,430,301048,589530,2024-07-25,2024-08-23,541.23,-54,288482,59100352,34506194,0.99750674919838,86.3485229326553,0.489342357471206
503.17,505,3070,3178,202620,581574,2024-07-25,2024-08-23,541.23,108,378954,59100352,34506194,0.984044900443233,87.3325678330985,0.651600656150378
535.88,546,1132,565,515060,571780,2024-07-25,2024-08-23,541.23,-567,56719.9999999999,59100352,34506194,0.967473087131528,88.3000409202301,0.0991989926195389
528.77,543,252,394,207396,560662,2024-07-25,2024-10-18,541.23,142,353266,319700424,124486522,0.175371052995538,96.7692226144811,0.630087289668285
531.45,554,242,248,393250,559240,2024-07-25,2024-12-20,541.23,6,165990,652255728,204674421,0.0857393773627389,98.1124532186554,0.296813532651456
534.7,541,854,885,155428,557550,2024-07-25,2024-08-09,541.23,31,402122,75830100,44514942,0.735262118868365,91.774465548641,0.721230382925298
537.55,546,529,648,149707,547560,2024-07-25,2024-08-09,541.23,119,397853,75830100,44514942,0.722087930782104,92.4965534794231,0.726592519541238
509.27,511,3037,3133,85036,542009,2024-07-25,2024-08-16,541.23,96,456973,588458256,340202139,0.0921066183494926,98.0286800496516,0.843109616260985
459.28,460,7639,7479,252087,538488,2024-07-25,2024-08-30,541.23,-160,286401,195961664,100553670,0.274792522684437,93.8044907599887,0.531861434238089
464.77,465,23296,23297,349440,535831,2024-07-25,2024-08-09,541.23,1,186391,75830100,44514942,0.706620458103049,93.2031739375261,0.347854080857584
533.06,552,25,282,32125,534108,2024-07-25,2024-11-15,541.23,257,501983,192521572,68415428,0.277427612111956,95.1841163025617,0.939852988534154
537.83,568,179,177,378943,534009,2024-07-25,2024-12-20,541.23,-2,155066,652255728,204674421,0.0818711093020865,98.1943243279575,0.290380873730593
545.61,566,675,261,810675,532179,2024-07-25,2024-08-09,541.23,-414,-278496,75830100,44514942,0.701804428584428,93.9049783661106,-0.523312644805601
504.51,505,10609,10852,137917,531748,2024-07-25,2024-08-02,541.23,243,393831,103397574,66065302,0.51427512216099,94.7635038323046,0.740634661531402
541.39,567,221,207,302991,530127,2024-07-25,2024-08-23,541.23,-14,227136,59100352,34506194,0.896994657493749,89.1970355777238,0.428455822849996
491.18,492,6366,6358,190980,521356,2024-07-25,2024-08-16,541.23,-8,330376,588458256,340202139,0.0885969386416426,98.1172769882933,0.633686003421846
389.56,390,11699,11700,245679,514800,2024-07-25,2024-09-20,541.23,1,269121,681140816,310592197,0.0755790855440382,99.3315957738759,0.522768065268065
496.03,497,5318,5271,191448,511287,2024-07-25,2024-08-16,541.23,-47,319839,588458256,340202139,0.0868858572017384,98.204162845495,0.62555668342829
425.87,427,4513,4515,333962,510195,2024-07-25,2024-10-18,541.23,2,176233,319700424,124486522,0.15958533730315,96.9288079517843,0.345422828526348
528.69,532.5,529,1336,43378,509016,2024-07-25,2024-08-09,541.23,807,465638,75830100,44514942,0.671258510802439,94.576236876913,0.914780674870731
374.66,375,14899,14900,223485,506600,2024-07-25,2024-09-20,541.23,1,283115,681140816,310592197,0.0743752228760873,99.405970996752,0.558853138570865
364.9,365,50328,50328,301968,503280,2024-07-25,2024-08-30,541.23,0,201312,195961664,100553670,0.256825743222919,94.0613165032116,0.4
510.87,514,1597,1603,204416,501739,2024-07-25,2024-08-30,541.23,6,297323,195961664,100553670,0.256039364923948,94.3173558681355,0.592584989406843
535.56,562,193,188,363226,497072,2024-07-25,2024-12-20,541.23,-5,133846,652255728,204674421,0.0762081463851859,98.2705324743426,0.269268838317185
535.2,542.5,618,677,117420,494210,2024-07-25,2024-08-09,541.23,59,376790,75830100,44514942,0.651733282693812,95.2279701596068,0.762408692661015
536.59,547.5,397,452,166343,493132,2024-07-25,2024-08-23,541.23,55,326789,59100352,34506194,0.834397737597231,90.0314333153211,0.662680580453104
334.28,335,6829,6829,471201,491688,2024-07-25,2024-12-20,541.23,0,20487.0000000001,652255728,204674421,0.0753827032700279,98.3459151776127,0.0416666666666668
540.82,568,708,177,1209972,481086,2024-07-25,2024-09-20,541.23,-531,-728886,681140816,310592197,0.0706294482285143,99.4766004449805,-1.51508462104489
344.26,345,6500,6500,481000,481000,2024-07-25,2024-12-20,541.23,0,0,652255728,204674421,0.073744082167723,98.4196592597804,0
530.81,546,309,316,276246,480004,2024-07-25,2024-10-18,541.23,7,203758,319700424,124486522,0.150141809008048,97.0789497607923,0.424492295897534
534.64,554,147,247,209916,478192,2024-07-25,2024-11-15,541.23,100,268276,192521572,68415428,0.248383594125234,95.4324998966869,0.561021514370797
512.94,516,1545,1548,197760,473688,2024-07-25,2024-08-30,541.23,3,275928,195961664,100553670,0.241724830423975,94.5590806985595,0.582510006586614
528.17,542,117,340,86814,470220,2024-07-25,2024-10-18,541.23,223,383406,319700424,124486522,0.147081443970809,97.2260312047631,0.815375781549062
389.19,390,6511,5777,306017,467937,2024-07-25,2024-10-18,541.23,-734,161920,319700424,124486522,0.146367337942598,97.3723985427057,0.34602948687537
547,566,246,246,467400,467400,2024-07-25,2024-11-15,541.23,0,0,192521572,68415428,0.242777988536266,95.6752778852232,0
536.24,537.5,1832,3676,14656,463176,2024-07-25,2024-07-26,541.23,1844,448520,109105434,79959636,0.424521477087933,96.6666848142504,0.968357600566523
505.67,507,3664,3477,194192,462441,2024-07-25,2024-08-16,541.23,-187,268249,588458256,340202139,0.0785851834492743,98.2827480289443,0.580071836190995
535.17,564,169,159,343577,458397,2024-07-25,2024-12-20,541.23,-10,114820,652255728,204674421,0.0702787235622406,98.4899379833426,0.250481569469259
304.82,305,25078,25328,401248,455904,2024-07-25,2024-10-18,541.23,250,54656,319700424,124486522,0.142603501833329,97.515002044539,0.119884888046606
545.63,566,244,222,337940,452214,2024-07-25,2024-08-23,541.23,-22,114274,59100352,34506194,0.765162955374614,90.7965962706957,0.252698943420593
514.34,518,1340,1231,183580,450546,2024-07-25,2024-08-30,541.23,-109,266966,195961664,100553670,0.22991537773429,94.7889960762938,0.59253883066324
533.04,559,183,172,332877,446512,2024-07-25,2024-12-20,541.23,-11,113635,652255728,204674421,0.0684565854820672,98.5583945688247,0.2544948400043
529.63,532,1228,1883,57716,446271,2024-07-25,2024-08-02,541.23,655,388555,103397574,66065302,0.431606838280364,95.195110670585,0.870670511863868
513.86,516,2977,2076,196482,444264,2024-07-25,2024-08-16,541.23,-901,247782,588458256,340202139,0.0754962642583776,98.3582442932027,0.557735940791962
533.72,549,187,290,190740,443120,2024-07-25,2024-10-18,541.23,103,252380,319700424,124486522,0.138604758309611,97.6536068028487,0.569552265751941
532.85,542,455,484,192920,442860,2024-07-25,2024-08-30,541.23,29,249940,195961664,100553670,0.225993182013396,95.0149892583072,0.564377004019329
329.85,330,29427,29407,235416,441105,2024-07-25,2024-09-20,541.23,-20,205689,681140816,310592197,0.0647597368471309,99.5413601818277,0.466303941238481
535.16,558,195,193,347685,440812,2024-07-25,2024-12-20,541.23,-2,93127.0000000001,652255728,204674421,0.0675826951112647,98.625977263936,0.211262397575384
533.51,539,831,799,118002,438651,2024-07-25,2024-08-09,541.23,-32,320649,75830100,44514942,0.578465543366025,95.8064357029728,0.730988872702901
531.17,534,998,1542,51896,436386,2024-07-25,2024-08-02,541.23,544,384490,103397574,66065302,0.422046652661309,95.6171573232463,0.881077761431393
526.81,546,224,227,294112,435613,2024-07-25,2024-12-20,541.23,3,141501,652255728,204674421,0.0667856151046327,98.6927628790406,0.324831903547415
498.55,500,2891,2987,150332,433115,2024-07-25,2024-08-23,541.23,96,282783,59100352,34506194,0.732846734990682,91.5294430056863,0.652905117578472
466.22,467,5510,5510,429780,429780,2024-07-25,2024-08-30,541.23,0,0,195961664,100553670,0.219318407094155,95.2343076654013,0
514.87,526,401,386,340449,429618,2024-07-25,2024-11-15,541.23,-15,89169,192521572,68415428,0.223153174751762,95.8984310599749,0.207554152758963
521.04,526,1133,865,227733,429040,2024-07-25,2024-08-30,541.23,-268,201307,195961664,100553670,0.218940782213403,95.4532484476147,0.469203337684132
533.44,542.5,428,473,144236,428538,2024-07-25,2024-08-23,541.23,45,284302,59100352,34506194,0.725102280270683,92.254545285957,0.663423080333599
456.9,460,1375,1382,258500,428420,2024-07-25,2024-11-15,541.23,7,169920,192521572,68415428,0.222530906822224,96.1209619667972,0.396620139115821
522.7,533,420,412,256620,424360,2024-07-25,2024-10-18,541.23,-8,167740,319700424,124486522,0.132736764840825,97.7863435676895,0.39527759449524
512.35,515,1339,1590,135239,421350,2024-07-25,2024-08-23,541.23,251,286111,59100352,34506194,0.712939916161582,92.9674852021186,0.679034057197105
452.39,455,1734,1611,294780,420471,2024-07-25,2024-11-15,541.23,-123,125691,192521572,68415428,0.218402018865709,96.3393639856629,0.298929058127671
529.85,532.5,1284,1586,50076,420290,2024-07-25,2024-08-02,541.23,302,370214,103397574,66065302,0.406479556280498,96.0236368795268,0.880853696257346
511.16,513,2551,2262,158162,416208,2024-07-25,2024-08-16,541.23,-289,258046,588458256,340202139,0.0707285513893784,98.4289728445921,0.619992888171299
483.36,484,6666,6466,173316,413824,2024-07-25,2024-08-16,541.23,-200,240508,588458256,340202139,0.0703234249465607,98.4992962695386,0.581184271574389
488.88,490,3667,3673,165015,411376,2024-07-25,2024-08-23,541.23,6,246361,59100352,34506194,0.696063536135961,93.6635487382546,0.598870619579168
504.55,507,1663,1673,151333,409885,2024-07-25,2024-08-30,541.23,10,258552,195961664,100553670,0.209165911144743,95.6624143587595,0.63079156348732
423.79,425,3306,3311,238032,400631,2024-07-25,2024-10-18,541.23,5,162599,319700424,124486522,0.1253145038056,97.9116580714951,0.405857260172079
529.02,546,21,233,23457,395634,2024-07-25,2024-11-15,541.23,212,372177,192521572,68415428,0.205501126907482,96.5448651125704,0.940710353508546
531.16,538,662,575,199924,393300,2024-07-25,2024-08-23,541.23,-87,193376,59100352,34506194,0.665478269909458,94.329027008164,0.491675565725909
554.64,610,71,71,393056,393056,2024-07-25,2024-12-20,541.23,0,0,652255728,204674421,0.0602610269449408,98.7530239059856,0
438.44,440,2452,2511,215776,391716,2024-07-25,2024-10-18,541.23,59,175940,319700424,124486522,0.122525955736612,98.0341840272317,0.449151936607134
517.9,531,299,297,289432,389070,2024-07-25,2024-12-20,541.23,-2,99638,652255728,204674421,0.0596499169417796,98.8126738229273,0.256092733955329
384.61,385,9960,9970,189240,388830,2024-07-25,2024-09-20,541.23,10,199590,681140816,310592197,0.057085112338944,99.5984452941666,0.513309158243963
506.34,509,1459,1455,153195,387030,2024-07-25,2024-08-30,541.23,-4,233835,195961664,100553670,0.197502915672323,95.8599172744318,0.604177970699946
424.62,425,10167,10099,172839,383762,2024-07-25,2024-08-30,541.23,-68,210923,195961664,100553670,0.195835242550298,96.0557525169821,0.549619295292395
537.84,559,180,180,225900,380880,2024-07-25,2024-10-18,541.23,0,154980,319700424,124486522,0.119136532643447,98.1533205598751,0.406899810964083
486.23,487,5255,4918,136630,378686,2024-07-25,2024-08-16,541.23,-337,242056,588458256,340202139,0.0643522282402985,98.5636484977789,0.639199759167226
533.32,534,3433,5562,20598,378216,2024-07-25,2024-07-26,541.23,2129,357618,109105434,79959636,0.346651845040092,97.0133366592905,0.945539057046767
489.46,490,5764,6966,115280,376164,2024-07-25,2024-08-09,541.23,1202,260884,75830100,44514942,0.496061590318357,96.3024972932912,0.693537924947629
485.23,486,4923,4861,142767,374297,2024-07-25,2024-08-16,541.23,-62,231530,588458256,340202139,0.0636063809426781,98.6272548787216,0.618572951426274
509,510,3721,3719,115351,371900,2024-07-25,2024-08-09,541.23,-2,256549,75830100,44514942,0.490438493421478,96.7929357867127,0.689833288518419
513.52,517,1060,1068,152640,371664,2024-07-25,2024-08-30,541.23,8,219024,195961664,100553670,0.189661586053893,96.245414103036,0.589306470360326
294.81,295,19546,19546,371374,371374,2024-07-25,2024-11-15,541.23,0,0,192521572,68415428,0.192899941623165,96.7377650541935,0
497,498,3681,3699,132516,369900,2024-07-25,2024-08-16,541.23,18,237384,588458256,340202139,0.0628591741603503,98.6901140528819,0.641751824817518
543.76,568,997,152,1970072,368448,2024-07-25,2024-08-16,541.23,-845,-1601624,588458256,340202139,0.0626124276859496,98.7527264805679,-4.34694719471947
269.64,270,10239,10183,255975,366588,2024-07-25,2024-12-20,541.23,-56,110613,652255728,204674421,0.0562031093424142,98.8688769322697,0.301736554388032
507.5,509,2379,2416,128466,362400,2024-07-25,2024-08-16,541.23,37,233934,588458256,340202139,0.0615846572471234,98.814311137815,0.645513245033113
527.04,529,1236,1842,44496,361032,2024-07-25,2024-08-02,541.23,606,316536,103397574,66065302,0.349168733881513,96.3728056134083,0.876753307186067
369.93,370,50865,50882,152595,356174,2024-07-25,2024-08-16,541.23,17,203579,588458256,340202139,0.0605266382735567,98.8748377760886,0.571571759870176
480.29,485,726,754,216348,355134,2024-07-25,2024-11-15,541.23,28,138786,192521572,68415428,0.1844645232795,96.922229577473,0.390798966024092
394.53,395,7477,7490,171971,352030,2024-07-25,2024-09-20,541.23,13,180059,681140816,310592197,0.0516824115852132,99.6501277057518,0.511487657301935
509.18,512,1196,1210,131560,341220,2024-07-25,2024-08-30,541.23,14,209660,195961664,100553670,0.174125894338191,96.4195399973742,0.614442295293359
550.53,578,124,124,340628,340628,2024-07-25,2024-12-20,541.23,0,0,652255728,204674421,0.0522230753027592,98.9211000075725,0
531.72,539,330,465,97680,338520,2024-07-25,2024-08-23,541.23,135,240840,59100352,34506194,0.572788466640605,94.9018154748046,0.711449840482099
249.73,250,12418,12419,235942,335313,2024-07-25,2024-12-20,541.23,1,99371,652255728,204674421,0.0514082108605108,98.972508218433,0.296352959771915
490.18,491,4047,4040,133551,331280,2024-07-25,2024-08-16,541.23,-7,197729,588458256,340202139,0.056296261735174,98.9311340378237,0.596863680270466
546.75,567.5,171,159,234954,329925,2024-07-25,2024-08-23,541.23,-12,94971,59100352,34506194,0.55824540605105,95.4600608808557,0.287856330984315
427.98,430,1626,1632,191868,329664,2024-07-25,2024-11-15,541.23,6,137796,192521572,68415428,0.171234836997903,97.0934644144709,0.417989225393128
492.16,493,4101,3922,131232,329448,2024-07-25,2024-08-16,541.23,-179,198216,588458256,340202139,0.0559849397371697,98.9871189775609,0.601660960151526
529.07,533,1118,829,117390,325797,2024-07-25,2024-08-09,541.23,-289,208407,75830100,44514942,0.429640736330296,97.222576523043,0.639683606663045
467.5,468,6509,6508,462139,325400,2024-07-25,2024-08-30,541.23,-1,-136739,195961664,100553670,0.16605288675238,96.5855928841266,-0.420218192993239
519.92,521,2964,3005,56316,324540,2024-07-25,2024-08-02,541.23,41,268224,103397574,66065302,0.313875836197085,96.6866814496054,0.826474394527639
349.95,350,63144,64619,189432,323095,2024-07-25,2024-08-16,541.23,1475,133663,588458256,340202139,0.0549053389438724,99.0420243165048,0.413695662266516
462.67,465,1337,1383,183169,322239,2024-07-25,2024-10-18,541.23,46,139070,319700424,124486522,0.100794048368231,98.2541146082434,0.431574080108243
349.77,350,13907,13860,166884,318780,2024-07-25,2024-09-20,541.23,-47,151896,681140816,310592197,0.0468008952791929,99.696928601031,0.476491624317711
532.01,537,660,633,91080,315867,2024-07-25,2024-08-09,541.23,-27,224787,75830100,44514942,0.416545672496805,97.6391221955398,0.711650789731121
299.67,300,9564,9474,210408,312642,2024-07-25,2024-11-15,541.23,-90,102234,192521572,68415428,0.162393230406409,97.2558576448773,0.327000211104074
540.78,569,101,110,194627,310420,2024-07-25,2024-10-18,541.23,9,115793,319700424,124486522,0.0970971499243304,98.3512117581677,0.373020423941756
539.13,561,141,141,227574,308367,2024-07-25,2024-11-15,541.23,0,80793,192521572,68415428,0.160172700023455,97.4160303449008,0.262002743484225
532.94,538,671,605,93940,306130,2024-07-25,2024-08-09,541.23,-66,212190,75830100,44514942,0.403705125009726,98.0428273205495,0.693136902623069
499.21,501,1703,1696,126022,303584,2024-07-25,2024-08-30,541.23,-7,177562,195961664,100553670,0.154920097024692,96.7405129811513,0.584885896489934
524.55,526,2223,2082,55575,301890,2024-07-25,2024-08-02,541.23,-141,246315,103397574,66065302,0.291970099801374,96.9786515494068,0.81590976845871
518.97,533,215,215,213710,301645,2024-07-25,2024-12-20,541.23,0,87935,652255728,204674421,0.0462464317369705,99.01875465017,0.29151817533856
529.69,547,19,174,21736,301194,2024-07-25,2024-11-15,541.23,155,279458,192521572,68415428,0.156446883780899,97.5724772286817,0.927833887793249
541.65,565,2275,128,2582125,298880,2024-07-25,2024-08-02,541.23,-2147,-2283245,103397574,66065302,0.28905900635541,97.2677105557622,-7.63933685760171
524.33,539,210,203,204330,297801,2024-07-25,2024-11-15,541.23,-7,93471,192521572,68415428,0.154684483876955,97.7271617125587,0.31387067202595
502.76,504,2341,2398,100663,297352,2024-07-25,2024-08-16,541.23,57,196689,588458256,340202139,0.0505306870909124,99.0925550035957,0.661468562511771
504.6,506,2126,2110,99922,295400,2024-07-25,2024-08-16,541.23,-16,195478,588458256,340202139,0.0501989728222965,99.142753976418,0.661740013540961
539.92,566,111,111,174381,289488,2024-07-25,2024-10-18,541.23,0,115107,319700424,124486522,0.0905497704313335,98.441761528599,0.397622699386503
521.1,534,223,223,186874,287670,2024-07-25,2024-11-15,541.23,0,100796,192521572,68415428,0.149422216436089,97.8765839289947,0.350387596899225
502.85,505,1336,1335,124248,287025,2024-07-25,2024-08-30,541.23,-1,162777,195961664,100553670,0.146469974862022,96.8869829560133,0.56711784687745
465.56,466,6523,6523,150029,287012,2024-07-25,2024-08-16,541.23,0,136983,588458256,340202139,0.0487735531065436,99.1915275295245,0.477272727272727
289.48,290,5471,5467,191485,284284,2024-07-25,2024-12-20,541.23,-4,92799,652255728,204674421,0.0435847456444261,99.0623393958144,0.326430611641879
547.31,569,178,130,295302,281970,2024-07-25,2024-08-30,541.23,-48,-13332,195961664,100553670,0.14389038868337,97.0308733446966,-0.0472816257048622
309.77,310,12110,12129,181650,278967,2024-07-25,2024-10-18,541.23,19,97317,319700424,124486522,0.0872588770792497,98.5290204056783,0.348847713170375
528.38,532,793,770,80886,278740,2024-07-25,2024-08-09,541.23,-23,197854,75830100,44514942,0.367584903620066,98.4104122241696,0.709815598765875
481.3,482,3912,3973,117360,278110,2024-07-25,2024-08-16,541.23,61,160750,588458256,340202139,0.0472607864983374,99.2387883160229,0.578008701592895
546.33,579,85,85,277695,277695,2024-07-25,2024-12-20,541.23,0,0,652255728,204674421,0.0425745590385984,99.104913954853,0
274.71,275,9551,9551,276979,276979,2024-07-25,2024-12-20,541.23,0,0,652255728,204674421,0.0424647861428976,99.1473787409959,0
521.82,526,420,661,61320,276298,2024-07-25,2024-08-23,541.23,241,214978,59100352,34506194,0.467506521788567,95.9275674026443,0.778065711659151
488.25,489,4033,3574,141155,268050,2024-07-25,2024-08-16,541.23,-459,126895,588458256,340202139,0.0455512344787291,99.2843395505016,0.473400484984145
502,504,1234,1322,119698,264400,2024-07-25,2024-08-30,541.23,88,144702,195961664,100553670,0.13492434928497,97.1657976939816,0.547284417549168
542.16,575,1145,80,2389615,262720,2024-07-25,2024-09-20,541.23,-1065,-2126895,681140816,310592197,0.0385705853809824,99.735499186412,-8.09567219853837
454.88,455,21758,21800,130548,261600,2024-07-25,2024-08-02,541.23,42,131052,103397574,66065302,0.253004001815362,97.5207145575775,0.500963302752294
525.66,531,484,489,99704,261126,2024-07-25,2024-08-23,541.23,5,161422,59100352,34506194,0.441834931879932,96.3694023345242,0.618176665670979
419.65,420,7186,7360,122162,257600,2024-07-25,2024-08-30,541.23,174,135438,195961664,100553670,0.131454282813194,97.2972519767948,0.525768633540373
530.32,537,366,385,101016,257180,2024-07-25,2024-08-23,541.23,19,156164,59100352,34506194,0.435158152695943,96.8045604872201,0.607216735360448
495,496,2408,2565,81872,256500,2024-07-25,2024-08-16,541.23,157,174628,588458256,340202139,0.0435884784323597,99.327928028934,0.680810916179337
500.05,502,1313,1315,148369,256425,2024-07-25,2024-08-30,541.23,2,108056,195961664,100553670,0.130854675739026,97.4281066525338,0.421394169835235
542.31,571,1821,89,3286905,255341,2024-07-25,2024-09-20,541.23,-1732,-3031564,681140816,310592197,0.0374872557923471,99.7729864422043,-11.8726095691644
531.05,547,154,160,143220,255200,2024-07-25,2024-10-18,541.23,6,111980,319700424,124486522,0.0798247299165296,98.6088451355948,0.438793103448276
534.81,557,135,114,195615,252966,2024-07-25,2024-11-15,541.23,-21,57351,192521572,68415428,0.131396184527311,98.007980113522,0.226714261995683
539.35,567,90,90,149310,248850,2024-07-25,2024-10-18,541.23,0,99540,319700424,124486522,0.0778384954534812,98.6866836310483,0.4
309.39,310,4043,4046,202150,246806,2024-07-25,2024-12-20,541.23,3,44656,652255728,204674421,0.0378388397993494,99.1852175807952,0.180935633655584
526.26,532,452,429,97180,246246,2024-07-25,2024-08-23,541.23,-23,149066,59100352,34506194,0.416657416862762,97.2212179040829,0.605353995597898
369.67,370,7189,7328,107835,241824,2024-07-25,2024-09-20,541.23,139,133989,681140816,310592197,0.0355027909529944,99.8084892331573,0.554076518459706
550.09,576,93,93,240963,240963,2024-07-25,2024-12-20,541.23,0,0,652255728,204674421,0.0369430255122267,99.2221606063075,0
532.61,541,251,287,80822,240793,2024-07-25,2024-08-23,541.23,36,159971,59100352,34506194,0.407430737468366,97.6286486415512,0.664350707869415
515.47,519,687,677,107172,238981,2024-07-25,2024-08-30,541.23,-10,131809,195961664,100553670,0.121952934631133,97.550059587165,0.551545938798482
523.4,528,461,513,79292,235980,2024-07-25,2024-08-23,541.23,52,156688,59100352,34506194,0.399286961945675,98.0279356034969,0.663988473599458
525.9,529,847,760,68607,235600,2024-07-25,2024-08-09,541.23,-87,166993,75830100,44514942,0.310694565878193,98.7211067900478,0.708798811544992
541.97,564,810,104,835920,229112,2024-07-25,2024-08-02,541.23,-706,-606808,103397574,66065302,0.221583535412543,97.7422980929901,-2.64852124725025
429.76,430,9496,9496,94960,227904,2024-07-25,2024-08-16,541.23,0,132944,588458256,340202139,0.0387290003456082,99.3666570292796,0.583333333333333
532.43,533,9726,3968,48630,226176,2024-07-25,2024-07-26,541.23,-5758,177546,109105434,79959636,0.207300398988377,97.2206370582789,0.78499044991511
497.97,499,2192,2188,76720,225364,2024-07-25,2024-08-16,541.23,-4,148644,588458256,340202139,0.0382973639509954,99.4049543932306,0.659572957526491
517.23,518,2933,2899,49861,223223,2024-07-25,2024-08-02,541.23,-34,173362,103397574,66065302,0.215888043949658,97.9581861369397,0.77663144030857
497.26,499,1228,1243,94556,216282,2024-07-25,2024-08-30,541.23,15,121726,195961664,100553670,0.110369546566006,97.660429133731,0.562811514596684
542.55,565,461,96,531072,215520,2024-07-25,2024-07-26,541.23,-365,-315552,109105434,79959636,0.197533699375597,97.4181707576545,-1.4641425389755
264.7,265,7147,7146,157234,214380,2024-07-25,2024-12-20,541.23,-1,57146,652255728,204674421,0.0328674767881839,99.2550280830957,0.266564045153466
314.34,315,3236,3236,148856,213576,2024-07-25,2024-12-20,541.23,0,64720,652255728,204674421,0.0327442122516707,99.2877722953473,0.303030303030303
513.65,515,1561,1554,56196,209790,2024-07-25,2024-08-09,541.23,-7,153594,75830100,44514942,0.276657949811487,98.9977647398592,0.732132132132132
528.48,547,111,113,148962,209276,2024-07-25,2024-12-20,541.23,2,60314,652255728,204674421,0.0320849616210653,99.3198572569684,0.28820313843919
537.45,564,82,78,145550,207090,2024-07-25,2024-11-15,541.23,-4,61540,192521572,68415428,0.107567166551081,98.1155472800731,0.297165483606162
444.71,445,7127,7141,85524,207089,2024-07-25,2024-08-16,541.23,14,121565,588458256,340202139,0.0351917910724325,99.440146184303,0.587018141958289
469.98,470,103353,103071,103353,206142,2024-07-25,2024-07-26,541.23,-282,102789,109105434,79959636,0.188938343804214,97.6071091014587,0.498632010943913
439.7,440,6769,6797,74459,203910,2024-07-25,2024-08-16,541.23,28,129451,588458256,340202139,0.0346515658368127,99.4747977501398,0.63484380363886
419.99,420,202015,202023,202015,202023,2024-07-25,2024-07-26,541.23,8,8,109105434,79959636,0.185163096459522,97.7922721979182,3.95994515475961e-05
477.41,478,3486,3411,80178,201249,2024-07-25,2024-08-16,541.23,-75,121071,588458256,340202139,0.0341993672359998,99.5089971173758,0.601598020362834
524.55,542,109,115,131454,200675,2024-07-25,2024-12-20,541.23,6,69221,652255728,204674421,0.0307663070457543,99.3506235640142,0.344940824716582
541.35,568,80,74,124240,197210,2024-07-25,2024-08-23,541.23,-6,72970,59100352,34506194,0.333686675842472,98.3616222793394,0.37001166269459
519.76,534,139,138,144560,196512,2024-07-25,2024-12-20,541.23,-1,51952,652255728,204674421,0.0301280604468682,99.380751624461,0.264370623676926
490.69,492,1412,1497,83308,196107,2024-07-25,2024-08-30,541.23,85,112799,195961664,100553670,0.10007416552658,97.7605032992576,0.575191094657509
304.43,305,3430,3430,147490,195510,2024-07-25,2024-12-20,541.23,0,48020,652255728,204674421,0.0299744397185271,99.4107260641795,0.245614035087719
519.86,520,13836,13960,55344,195440,2024-07-25,2024-07-26,541.23,124,140096,109105434,79959636,0.179129483138301,97.9714016810565,0.716823577568563
514.32,515,1910,2872,24830,195296,2024-07-25,2024-08-02,541.23,962,170466,103397574,66065302,0.188878706187052,98.1470648431268,0.872859659184008
399.77,400,8429,8474,92719,194902,2024-07-25,2024-08-30,541.23,45,102183,195961664,100553670,0.0994592493356252,97.8599625485932,0.524278868354353
545.98,567,429,90,536679,189180,2024-07-25,2024-08-09,541.23,-339,-347499,75830100,44514942,0.249478768984875,99.2472435088441,-1.83686964795433
544.84,575,62,62,148366,186992,2024-07-25,2024-11-15,541.23,0,38626,192521572,68415428,0.0971278169284843,98.2126750970016,0.206564986737401
542.13,561,1080,98,844560,184926,2024-07-25,2024-07-26,541.23,-982,-659634,109105434,79959636,0.169492932863454,98.14089461392,-3.56701599558742
555.05,566,168,168,183960,183960,2024-07-25,2024-07-26,541.23,0,0,109105434,79959636,0.168607550747656,98.3095021646676,0
516.77,526,153,196,80325,180908,2024-07-25,2024-10-18,541.23,43,100583,319700424,124486522,0.0565867250773493,98.7432703561257,0.555989784863025
523.64,537,152,135,138016,180360,2024-07-25,2024-11-15,541.23,-17,42344,192521572,68415428,0.0936830081566132,98.3063581051582,0.234774894655134
492.44,494,1148,1155,70028,180180,2024-07-25,2024-08-30,541.23,7,110152,195961664,100553670,0.0919465554242283,97.9519091040174,0.611344211344211
530.58,531,1154,4270,4616,179340,2024-07-25,2024-07-26,541.23,3116,174724,109105434,79959636,0.164373114541664,98.4738752792093,0.974261179881789
527.24,543,17,113,17663,178088,2024-07-25,2024-11-15,541.23,96,160425,192521572,68415428,0.092502880664199,98.3988609858224,0.900818696374826
523.24,539,114,113,135318,178088,2024-07-25,2024-12-20,541.23,-1,42770,652255728,204674421,0.0273034014658741,99.4380294656454,0.240162167018553
449.43,450,3104,3107,86912,177099,2024-07-25,2024-08-30,541.23,3,90187,195961664,100553670,0.0903743091301776,98.0422834131476,0.509246240803166
284.67,285,5364,5364,177012,177012,2024-07-25,2024-12-20,541.23,0,0,652255728,204674421,0.0271384354941226,99.4651679011395,0
534.83,551,86,108,93740,174636,2024-07-25,2024-10-18,541.23,22,80896,319700424,124486522,0.0546248884549493,98.7978952445806,0.463226367988273
259.7,260,5559,5639,127857,169170,2024-07-25,2024-12-20,541.23,80,41313,652255728,204674421,0.0259361463208185,99.4911040474604,0.244209966306083
539.99,580,563,42,1563451,168042,2024-07-25,2024-12-20,541.23,-521,-1395409,652255728,204674421,0.0257632080158597,99.5168672554762,-8.30392996988848
119.97,120,55642,55950,111284,167850,2024-07-25,2024-12-20,541.23,308,56566,652255728,204674421,0.0257337717086327,99.5426010271849,0.33700327673518
542.53,567.5,215,67,281435,167299,2024-07-25,2024-08-02,541.23,-148,-114136,103397574,66065302,0.161801668576866,98.3088665117037,-0.682227628377934
526.21,528,1214,933,38848,167007,2024-07-25,2024-08-02,541.23,-281,128159,103397574,66065302,0.161519263498387,98.470385775202,0.767386995754669
471.07,472,1787,1783,83989,165819,2024-07-25,2024-08-30,541.23,-4,81830,195961664,100553670,0.0846180812181713,98.1269014943658,0.493489889578396
538.55,573,48,48,116832,165360,2024-07-25,2024-12-20,541.23,0,48528,652255728,204674421,0.0253520195992821,99.5679530467841,0.293468795355588
414.83,415,9723,9720,97230,165240,2024-07-25,2024-08-16,541.23,-3,68010,588458256,340202139,0.0280801566322149,99.537077274008,0.41158315177923
470.62,471,3450,4344,79350,165072,2024-07-25,2024-08-16,541.23,894,85722,588458256,340202139,0.0280516074533586,99.5651288814614,0.519300668799069
527.55,533,289,301,63580,164045,2024-07-25,2024-08-23,541.23,12,100465,59100352,34506194,0.277570258803196,98.6391925381426,0.612423420402938
495.62,497,1117,1182,75956,163116,2024-07-25,2024-08-30,541.23,65,87160,195961664,100553670,0.08323872979564,98.2101402241614,0.534343657274578
525.65,542,24,99,23904,161865,2024-07-25,2024-11-15,541.23,75,137961,192521572,68415428,0.0840762924998348,98.4829372783222,0.852321378926884
501.85,503,1445,1405,59245,161575,2024-07-25,2024-08-16,541.23,-40,102330,588458256,340202139,0.027457342700618,99.592586224162,0.633328175769766
493.13,494,2108,1841,71672,160167,2024-07-25,2024-08-16,541.23,-267,88495,588458256,340202139,0.0272180733921082,99.6198042975541,0.552517060318293
462.28,463,2245,2205,123475,158760,2024-07-25,2024-08-30,541.23,-40,35285,195961664,100553670,0.0810158460381312,98.2911560701995,0.222253716301335
434.74,435,6000,6049,66000,157274,2024-07-25,2024-08-16,541.23,49,91274,588458256,340202139,0.0267264497347795,99.6465307472889,0.580350216819055
499.63,500,4244,4157,42440,153809,2024-07-25,2024-08-02,541.23,-87,111369,103397574,66065302,0.148754940807412,98.6191407160095,0.724073363717338
279.58,280,3663,3658,109890,153636,2024-07-25,2024-12-20,541.23,-5,43746,652255728,204674421,0.0235545650892314,99.5915076118734,0.28473795204249
525.4,527,439,960,11414,153600,2024-07-25,2024-08-02,541.23,521,142186,103397574,66065302,0.14855280840535,98.7676935244148,0.925690104166667
542.02,566,841,64,886414,153472,2024-07-25,2024-08-02,541.23,-777,-732942,103397574,66065302,0.148429014398346,98.9161225388131,-4.77573759382819
374.93,375,21825,21914,87300,153398,2024-07-25,2024-08-16,541.23,89,66098,588458256,340202139,0.0260677793940238,99.6725985266829,0.430892188946401
520.2,536,98,97,104370,153260,2024-07-25,2024-12-20,541.23,-1,48890,652255728,204674421,0.0234969189875784,99.615004530861,0.319000391491583
487.63,489,1118,1118,61490,153166,2024-07-25,2024-08-30,541.23,0,91676,195961664,100553670,0.0781612060612019,98.3693172762607,0.598540145985402
439.5,440,2891,2992,80948,149600,2024-07-25,2024-08-30,541.23,101,68652,195961664,100553670,0.0763414623790906,98.4456587386398,0.458903743315508
524.81,525,6613,7865,26452,149435,2024-07-25,2024-07-26,541.23,1252,122983,109105434,79959636,0.136963847281887,98.6108391264912,0.822986582795195
294.64,295,4137,4137,148932,148932,2024-07-25,2024-12-20,541.23,0,0,652255728,204674421,0.0228333755621691,99.6378379064231,0
423.18,425,798,817,95760,148694,2024-07-25,2024-11-15,541.23,19,52934,192521572,68415428,0.0772349812310903,98.5601722595533,0.355992844364938
543.5,575,201,47,375870,148050,2024-07-25,2024-08-16,541.23,-154,-227820,588458256,340202139,0.0251589638670988,99.69775749055,-1.53880445795339
548.35,572,62,62,146630,146630,2024-07-25,2024-12-20,541.23,0,0,652255728,204674421,0.022480446503645,99.6603183529268,0
541.67,571,66,49,149292,143717,2024-07-25,2024-08-30,541.23,-17,-5575.00000000003,195961664,100553670,0.0733393445771108,98.5189980832169,-0.0387915138779687
474.22,475,1781,1840,55211,143520,2024-07-25,2024-08-23,541.23,59,88309,59100352,34506194,0.242841193230118,98.8820337313727,0.615307971014493
514.58,527,118,115,108206,142830,2024-07-25,2024-12-20,541.23,-3,34624,652255728,204674421,0.0218978529231099,99.6822162058499,0.242414058671148
521.23,537,88,89,95920,140353,2024-07-25,2024-12-20,541.23,1,44433,652255728,204674421,0.0215180938970612,99.7037342997469,0.316580336722407
485.99,487,1383,1383,77448,139683,2024-07-25,2024-08-30,541.23,0,62235,195961664,100553670,0.0712807786731184,98.59027886189,0.445544554455446
499.89,501,1287,1255,50193,139305,2024-07-25,2024-08-16,541.23,-32,89112,588458256,340202139,0.0236728771462763,99.7214303676963,0.63968988909228
514.9,515,13723,13602,41169,136020,2024-07-25,2024-07-26,541.23,-121,94851,109105434,79959636,0.124668401025745,98.7355075275169,0.697331274812528
473.23,474,1764,1764,81144,135828,2024-07-25,2024-08-30,541.23,0,54684,195961664,100553670,0.0693135571659567,98.659592419056,0.402597402597403
526.03,538,106,112,73458,134064,2024-07-25,2024-10-18,541.23,6,60606,319700424,124486522,0.0419342578037995,98.8398295023844,0.452067669172932
349.32,350,1920,1941,78720,131988,2024-07-25,2024-11-15,541.23,21,53268,192521572,68415428,0.0685575120901257,98.6287297716435,0.403582143831257
478.43,479,2282,2280,79870,129960,2024-07-25,2024-08-16,541.23,-2,50090,588458256,340202139,0.0220848290723956,99.7435151967687,0.385426285010773
529.96,548,36,72,42120,129888,2024-07-25,2024-11-15,541.23,36,87768,192521572,68415428,0.0674667252353414,98.6961964968788,0.675720620842572
391.29,392,1757,1820,93121,129220,2024-07-25,2024-10-18,541.23,63,36099,319700424,124486522,0.0404190893409638,98.8802485917254,0.279360780065005
493.68,495,836,971,41800,128172,2024-07-25,2024-08-23,541.23,135,86372,59100352,34506194,0.216871804756764,99.0989055361295,0.6738757294885
437.79,440,564,577,76140,127517,2024-07-25,2024-11-15,541.23,13,51377,192521572,68415428,0.0662351749340588,98.7624316718129,0.402903142326121
524.04,541,49,75,58016,127200,2024-07-25,2024-12-20,541.23,26,69184,652255728,204674421,0.0195015535379093,99.7232358532848,0.543899371069182
299.92,300,15675,15876,62700,127008,2024-07-25,2024-09-20,541.23,201,64308,681140816,310592197,0.0186463646013543,99.8271355977587,0.506330309901738
410.94,412,1139,1198,68340,126988,2024-07-25,2024-10-18,541.23,59,58648,319700424,124486522,0.039720935747023,98.9199695274724,0.461838913913126
482.51,483,2788,2590,75276,126910,2024-07-25,2024-08-16,541.23,-198,51634,588458256,340202139,0.0215665255276833,99.7650817222964,0.406855251753211
529.12,548,67,67,91187,126496,2024-07-25,2024-12-20,541.23,0,35309,652255728,204674421,0.0193936204114102,99.7426294736962,0.279131355932203
479.11,480,1426,1421,48484,126469,2024-07-25,2024-08-23,541.23,-5,77985,59100352,34506194,0.213990265235645,99.3128958013651,0.616633325162688
522.64,524,807,926,20175,125936,2024-07-25,2024-08-02,541.23,119,105761,103397574,66065302,0.121797828641511,99.0379203674547,0.839799580739423
481.29,482,1757,1757,114205,124747,2024-07-25,2024-08-30,541.23,0,10542,195961664,100553670,0.0636588797286392,98.7232512987847,0.0845070422535211
380.42,381,2150,2150,133300,124700,2024-07-25,2024-10-18,541.23,0,-8600,319700424,124486522,0.0390052657546679,98.9589747932271,-0.0689655172413793
458.41,459,2085,2085,108420,123015,2024-07-25,2024-08-30,541.23,0,14595,195961664,100553670,0.0627750333861219,98.7860263321708,0.11864406779661
394.89,395,11155,11164,55775,122804,2024-07-25,2024-08-16,541.23,9,67029,588458256,340202139,0.0208687700015887,99.785950492298,0.545820983029869
454.38,455,1970,1975,57130,122450,2024-07-25,2024-08-30,541.23,5,65320,195961664,100553670,0.0624867116866287,98.8485130438574,0.533442221314822
540.95,567,45,47,84870,122435,2024-07-25,2024-11-15,541.23,2,37565,192521572,68415428,0.0635954707454809,98.8260271425584,0.306815861477519
344.8,345,6106,6096,73272,121920,2024-07-25,2024-09-20,541.23,-10,48648,681140816,310592197,0.0178993824971429,99.8450349802558,0.399015748031496
483.04,484,1244,1245,84592,119520,2024-07-25,2024-08-30,541.23,1,34928,195961664,100553670,0.0609915212804072,98.9095045651378,0.292235609103079
476.01,477,1205,1205,59045,119295,2024-07-25,2024-08-30,541.23,0,60250,195961664,100553670,0.0608767029045028,98.9703812680423,0.505050505050505
426.95,428,1106,1134,106176,119070,2024-07-25,2024-10-18,541.23,28,12894,319700424,124486522,0.0372442421283745,98.9962190353554,0.108289241622575
474.05,475,1246,1252,54824,118940,2024-07-25,2024-08-30,541.23,6,64116,195961664,100553670,0.0606955450225203,99.0310768130648,0.539061711787456
433.56,435,818,820,99796,118080,2024-07-25,2024-10-18,541.23,2,18284,319700424,124486522,0.0369345772278363,99.0331536125833,0.154844173441735
461.37,462,1843,1843,116109,116109,2024-07-25,2024-08-30,541.23,0,0,195961664,100553670,0.0592508747016968,99.0903276877665,0
494.67,495,3806,3477,34254,114741,2024-07-25,2024-08-02,541.23,-329,80487,103397574,66065302,0.11097068873202,99.1488910561867,0.701466781708369
334.84,335,7151,7141,64359,114256,2024-07-25,2024-09-20,541.23,-10,49897,681140816,310592197,0.0167742113401702,99.861809191596,0.436712295196751
442.59,445,488,472,70760,113752,2024-07-25,2024-11-15,541.23,-16,42992,192521572,68415428,0.059085326812104,98.8851124693704,0.37794500316478
531.98,532.5,1333,2182,6665,113464,2024-07-25,2024-07-26,541.23,849,106799,109105434,79959636,0.103994820276321,98.8395023477932,0.941258901501798
540.48,577,31,31,59210,113212,2024-07-25,2024-11-15,541.23,0,54002,192521572,68415428,0.0588048387637309,98.9439173081342,0.476998904709748
533.96,553,49,57,66101,108528,2024-07-25,2024-11-15,541.23,8,42427,192521572,68415428,0.0563718646552502,99.0002891727894,0.39093137254902
486.76,488,777,868,83916,107632,2024-07-25,2024-08-30,541.23,91,23716,195961664,100553670,0.0549250286015126,99.145252716368,0.220343392299688
484.72,486,843,840,50580,107520,2024-07-25,2024-08-30,541.23,-3,56940,195961664,100553670,0.0548678745655069,99.2001205909335,0.529575892857143
509.45,510,2816,1946,36608,107030,2024-07-25,2024-08-02,541.23,-870,70422,103397574,66065302,0.103513066950681,99.2524041231374,0.657965056526208
490,491,1055,1062,62245,106200,2024-07-25,2024-08-30,541.23,7,43955,195961664,100553670,0.0541942734268678,99.2543148643604,0.413888888888889
543.42,580,30,29,78750,106082,2024-07-25,2024-11-15,541.23,-1,27332,192521572,68415428,0.0551013576805824,99.05539053047,0.257649742651911
470.39,471,1718,1719,87618,104859,2024-07-25,2024-08-30,541.23,1,17241,195961664,100553670,0.0535099559064777,99.3078248202669,0.16442079363717
476.45,477,1977,1902,67218,104610,2024-07-25,2024-08-16,541.23,-75,37392,588458256,340202139,0.0177769619056887,99.8037274542037,0.357441927158016
388.3,389,1494,1494,104580,104580,2024-07-25,2024-10-18,541.23,0,0,319700424,124486522,0.0327118740386782,99.0658654866219,0
504.12,505,1196,1182,27508,104016,2024-07-25,2024-08-09,541.23,-14,76508,75830100,44514942,0.137169804602658,99.3844133134468,0.7355406860483
527.51,541,47,77,36801,103873,2024-07-25,2024-10-18,541.23,30,67072,319700424,124486522,0.0324907295086978,99.0983562161306,0.645711590114852
546.56,580,36,31,92160,103664,2024-07-25,2024-08-30,541.23,-5,11504,195961664,100553670,0.0529001427544522,99.3607249630213,0.110973915727736
542.14,562,659,52,568717,103272,2024-07-25,2024-07-26,541.23,-607,-465445,109105434,79959636,0.0946533973734067,98.9341557451666,-4.50698156325045
379.91,380,11418,11443,45672,102987,2024-07-25,2024-08-16,541.23,25,57315,588458256,340202139,0.0175011564456664,99.8212286106493,0.556526551894899
518.15,529,93,94,71145,101990,2024-07-25,2024-11-15,541.23,1,30845,192521572,68415428,0.0529758815806885,99.1083664120507,0.302431610942249
369.99,370,101681,101681,101681,101681,2024-07-25,2024-07-26,541.23,0,0,109105434,79959636,0.0931951748617764,99.0273509200284,0
543.22,568,61,41,90341,101598,2024-07-25,2024-08-30,541.23,-20,11257,195961664,100553670,0.0518458549117035,99.412570817933,0.110799425185535
349.53,350,2201,2152,57226,101144,2024-07-25,2024-10-18,541.23,-49,43918,319700424,124486522,0.0316371178788302,99.1299933340095,0.434212607767144
491.53,493,678,684,42036,100548,2024-07-25,2024-08-30,541.23,6,58512,195961664,100553670,0.0513100358241498,99.4638808537572,0.581931018021244
542.51,590,21,21,71148,99729,2024-07-25,2024-12-20,541.23,0,28581,652255728,204674421,0.0152898618929415,99.7579193355892,0.286586649821015
404.15,405,1227,1173,80982,99705,2024-07-25,2024-10-18,541.23,-54,18723,319700424,124486522,0.0311870089981488,99.1611803430076,0.187783962689935
473.6,474,1582,2471,41132,98840,2024-07-25,2024-08-16,541.23,889,57708,588458256,340202139,0.0167964335604461,99.8380250442098,0.58385269121813
388.96,390,870,950,60030,98800,2024-07-25,2024-11-15,541.23,80,38770,192521572,68415428,0.0513189244060401,99.1596853364567,0.392408906882591
431.92,433,906,907,77010,97956,2024-07-25,2024-10-18,541.23,1,20946,319700424,124486522,0.0306399343405313,99.1918202773481,0.213830699497734
404.87,405,7589,7527,45534,97851,2024-07-25,2024-08-16,541.23,-62,52317,588458256,340202139,0.0166283672634886,99.8546534114733,0.534659839960757
481.78,483,807,794,39543,96868,2024-07-25,2024-08-30,541.23,-13,57325,195961664,100553670,0.049432117498247,99.5133129712555,0.591784696700665
531.52,532,1300,2013,7800,96624,2024-07-25,2024-07-26,541.23,713,88824,109105434,79959636,0.0885602086510192,99.1159111286795,0.919274714356682
539,563,40,40,69120,96000,2024-07-25,2024-11-15,541.23,0,26880,192521572,68415428,0.0498645419329944,99.2095498783898,0.28
199.88,200,7977,7976,71793,95712,2024-07-25,2024-12-20,541.23,-1,23919,652255728,204674421,0.0146739991526759,99.7725933347419,0.249905967903711
319.87,320,7435,7337,52045,95381,2024-07-25,2024-09-20,541.23,-98,43336,681140816,310592197,0.014003125016076,99.8758123166121,0.454346253446703
457.48,458,1861,1823,102355,94796,2024-07-25,2024-08-30,541.23,-38,-7559,195961664,100553670,0.0483747678321409,99.5616877390876,-0.079739651462087
400.48,401,1809,1809,94068,94068,2024-07-25,2024-10-18,541.23,0,0,319700424,124486522,0.0294237958220537,99.2212440731702,0
359.74,360,3571,3572,57136,92872,2024-07-25,2024-09-20,541.23,1,35736,681140816,310592197,0.0136347724021871,99.8894470890143,0.384787664742872
521.9,523,669,838,14049,92180,2024-07-25,2024-08-02,541.23,169,78131,103397574,66065302,0.0891510278568045,99.3415551509942,0.847591668474723
489.72,490,3467,3268,24269,91504,2024-07-25,2024-08-02,541.23,-199,67235,103397574,66065302,0.0884972407573122,99.4300523917515,0.734776621787026
542,580,24,24,60168,91200,2024-07-25,2024-08-16,541.23,0,31032,588458256,340202139,0.015498125664839,99.8701515371381,0.340263157894737
523.66,526,147,383,8967,89622,2024-07-25,2024-08-09,541.23,236,80655,75830100,44514942,0.118187896363054,99.5026012098098,0.899946441721899
494.36,495,838,1396,16760,89344,2024-07-25,2024-08-09,541.23,558,72584,75830100,44514942,0.117821287325218,99.6204224971351,0.812410458452722
409,410,883,885,50331,88500,2024-07-25,2024-10-18,541.23,2,38169,319700424,124486522,0.0276821653511476,99.2489262385214,0.43128813559322
520.2,533,63,69,50841,88320,2024-07-25,2024-11-15,541.23,6,37479,192521572,68415428,0.0458753785783549,99.2554252569681,0.424354619565217
189.91,190,9674,9674,87066,87066,2024-07-25,2024-12-20,541.23,0,0,652255728,204674421,0.0133484454428586,99.7859417801847,0
468.38,469,1404,1404,58968,87048,2024-07-25,2024-08-30,541.23,0,28080,195961664,100553670,0.0444209332698869,99.6061086723575,0.32258064516129
541.99,570,31,31,46593,86831,2024-07-25,2024-07-26,541.23,0,40238,109105434,79959636,0.0795844870568042,99.1954956157362,0.463405926454838
484.75,485,3434,3420,27472,85500,2024-07-25,2024-08-02,541.23,-14,58028,103397574,66065302,0.0826905281162593,99.5127429198677,0.678690058479532
471.62,472,2247,2246,47187,85348,2024-07-25,2024-08-16,541.23,-1,38161,588458256,340202139,0.0145036626013452,99.8846551997394,0.447122369592726
494.3,496,500,502,38500,85340,2024-07-25,2024-08-30,541.23,2,46840,195961664,100553670,0.0435493342207994,99.6496580065783,0.548863370049215
443.39,445,549,523,50508,84203,2024-07-25,2024-10-18,541.23,-26,33695,319700424,124486522,0.02633809456568,99.275264333087,0.400163889647637
545.03,562,49,49,83153,83153,2024-07-25,2024-11-15,541.23,0,0,192521572,68415428,0.0431915234932738,99.2986167804614,0
525.34,543,38,47,46626,83002,2024-07-25,2024-12-20,541.23,9,36376,652255728,204674421,0.0127253769398864,99.7986671571246,0.438254499891569
525.67,541,40,53,40120,81249,2024-07-25,2024-11-15,541.23,13,41129,192521572,68415428,0.0422025434116027,99.340819323873,0.506209307191473
364.8,365,4032,4028,60480,80560,2024-07-25,2024-09-20,541.23,-4,20080,681140816,310592197,0.011827216650015,99.9012743056643,0.249255213505462
339.82,340,4472,4473,40248,80514,2024-07-25,2024-09-20,541.23,1,40266,681140816,310592197,0.0118204632740728,99.9130947689384,0.500111781801923
408.49,410,522,530,51156,80030,2024-07-25,2024-11-15,541.23,8,28874,192521572,68415428,0.0415693676135161,99.3823886914865,0.360789703861052
514.84,528,60,60,55440,78960,2024-07-25,2024-12-20,541.23,0,23520,652255728,204674421,0.0121056813471173,99.8107728384717,0.297872340425532
475.23,476,1015,1015,78155,78155,2024-07-25,2024-08-30,541.23,0,0,195961664,100553670,0.0398828007502529,99.6895408073285,0
515.24,516,1042,1027,17714,78052,2024-07-25,2024-08-02,541.23,-15,60338,103397574,66065302,0.0754872643336874,99.5882301842014,0.77304873673961
304.65,305,2069,2228,47587,77980,2024-07-25,2024-11-15,541.23,159,30393,192521572,68415428,0.0405045518743219,99.4228932433608,0.389753783021288
543.58,559,50,50,77100,77100,2024-07-25,2024-11-15,541.23,0,0,192521572,68415428,0.0400474602399361,99.4629407036008,0
499.25,500,1025,1017,23575,76275,2024-07-25,2024-08-09,541.23,-8,52700,75830100,44514942,0.100586706334292,99.7210092034693,0.69092100950508
324.85,325,5055,5056,35385,75840,2024-07-25,2024-09-20,541.23,1,40455,681140816,310592197,0.0111342615533408,99.9242290304917,0.533425632911392
474.79,475,3590,3591,17950,75411,2024-07-25,2024-08-02,541.23,1,57461,103397574,66065302,0.0729330457985407,99.66116323,0.761971065229211
542.82,564,340,35,307700,74130,2024-07-25,2024-07-26,541.23,-305,-233570,109105434,79959636,0.0679434536688613,99.2634390694051,-3.15081613381897
477.02,478,760,755,36480,73990,2024-07-25,2024-08-30,541.23,-5,37510,195961664,100553670,0.0377573850362895,99.7272981923648,0.506960400054061
428.62,430,530,534,40810,73692,2024-07-25,2024-10-18,541.23,4,32882,319700424,124486522,0.0230503291418844,99.2983146622289,0.446208543668241
516.09,529,59,57,54221,73587,2024-07-25,2024-12-20,541.23,-2,19366,652255728,204674421,0.0112819246870608,99.8220547631588,0.263171484093658
542,615,10,10,61380,73000,2024-07-25,2024-08-16,541.23,0,11620,588458256,340202139,0.0124052979554084,99.8970604976948,0.159178082191781
398.39,399,1190,1191,80920,72651,2024-07-25,2024-10-18,541.23,1,-8269,319700424,124486522,0.022724711807076,99.321039374036,-0.113818116749942
433.08,435,376,378,54896,72576,2024-07-25,2024-11-15,541.23,2,17680,192521572,68415428,0.0376975937013438,99.5006382973021,0.243606701940035
411.93,413,671,672,41602,71904,2024-07-25,2024-10-18,541.23,1,30302,319700424,124486522,0.0224910555639426,99.3435304295999,0.421423008455719
219.89,220,6516,6516,71676,71676,2024-07-25,2024-12-20,541.23,0,0,652255728,204674421,0.0109889414416917,99.8330437046005,0
403.3,404,1020,1020,71400,71400,2024-07-25,2024-10-18,541.23,0,0,319700424,124486522,0.022333407978214,99.3658638375781,0
418.81,420,597,599,39999,71281,2024-07-25,2024-10-18,541.23,2,31282,319700424,124486522,0.0222961856315836,99.3881600232097,0.43885467375598
522.83,523,3374,4180,10122,71060,2024-07-25,2024-07-26,541.23,806,60938,109105434,79959636,0.0651296616445337,99.3285687310496,0.857556994089502
229.8,230,3533,3533,45929,70660,2024-07-25,2024-12-20,541.23,0,24731,652255728,204674421,0.0108331743159487,99.8438768789164,0.35
529.63,536,90,109,20160,69433,2024-07-25,2024-08-23,541.23,19,49273,59100352,34506194,0.117483225819027,99.4303790271841,0.709648150015123
540.96,610,10,10,55100,69040,2024-07-25,2024-10-18,541.23,0,13940,319700424,124486522,0.0215952169021834,99.4097552401119,0.201911935110081
149.95,150,13639,13638,54556,68190,2024-07-25,2024-12-20,541.23,-1,13634,652255728,204674421,0.0104544884886009,99.854331367405,0.199941340372489
549.47,585,22,19,78166,67507,2024-07-25,2024-12-20,541.23,-3,-10659,652255728,204674421,0.0103497749582047,99.8646811423632,-0.157894736842106
439.7,441,516,516,45924,67080,2024-07-25,2024-10-18,541.23,0,21156,319700424,124486522,0.0209821429576834,99.4307373830696,0.315384615384615
548.37,574,26,26,66638,66638,2024-07-25,2024-11-15,541.23,0,0,192521572,68415428,0.0346132640138633,99.535251561316,0
518.09,519,601,706,9616,64246,2024-07-25,2024-08-02,541.23,105,54630,103397574,66065302,0.0621349201094409,99.7232981501094,0.850325312081686
534.62,556,28,30,40936,64140,2024-07-25,2024-11-15,541.23,2,23204,192521572,68415428,0.0333157470789819,99.5685673083949,0.361771125662613
129.97,130,21324,21324,63972,63972,2024-07-25,2024-12-20,541.23,0,0,652255728,204674421,0.00980780961420702,99.8744889519774,0
516.19,517,821,788,13136,63828,2024-07-25,2024-08-02,541.23,-33,50692,103397574,66065302,0.0617306553053169,99.7850288054147,0.794196904179984
239.84,240,3973,3973,63568,63568,2024-07-25,2024-12-20,541.23,0,0,652255728,204674421,0.00974587071775014,99.8842348226952,0
460.32,461,761,934,33484,63512,2024-07-25,2024-08-30,541.23,173,30028,195961664,100553670,0.0324104208463958,99.7597086132112,0.472792543141454
521.84,538,39,39,43095,63024,2024-07-25,2024-12-20,541.23,0,19929,652255728,204674421,0.00966246784727355,99.8938972905425,0.316212871287129
526.72,539,44,51,33704,62628,2024-07-25,2024-10-18,541.23,7,28924,319700424,124486522,0.0195895892837477,99.4503269723533,0.461838155457623
541.44,576,30,18,69750,62208,2024-07-25,2024-10-18,541.23,-12,-7541.99999999999,319700424,124486522,0.0194582162956406,99.469785188649,-0.121238425925926
541.28,574,19,19,47120,62168,2024-07-25,2024-12-20,541.23,0,15048,652255728,204674421,0.00953123097755302,99.90342852152,0.242053789731051
413.28,414,856,856,61632,61632,2024-07-25,2024-10-18,541.23,0,0,319700424,124486522,0.0192780476262365,99.4890632362752,0
528.69,529,968,1957,3872,60667,2024-07-25,2024-07-26,541.23,989,56795,109105434,79959636,0.0556040132703198,99.38417274432,0.936176174856182
139.95,140,11641,11641,34923,58205,2024-07-25,2024-12-20,541.23,0,23282,652255728,204674421,0.00892364719869505,99.9123521687187,0.4
480.37,481,873,922,21825,58086,2024-07-25,2024-08-16,541.23,49,36261,588458256,340202139,0.00987087858955963,99.9069313762844,0.624264022311745
469.37,470,831,922,25761,58086,2024-07-25,2024-08-23,541.23,91,32325,59100352,34506194,0.098283678581136,99.5286627057653,0.556502427435182
519.45,532,42,46,35028,57730,2024-07-25,2024-11-15,541.23,4,22702,192521572,68415428,0.0299862500603309,99.5985535584553,0.393244413649749
528.83,549,29,28,40600,56476,2024-07-25,2024-12-20,541.23,-1,15876,652255728,204674421,0.00865856711955161,99.9210107358383,0.281110560237977
314.87,315,4534,4326,49874,56238,2024-07-25,2024-09-20,541.23,-208,6364,681140816,310592197,0.0082564425268563,99.9324854730185,0.113161918987162
527.73,528,1988,2074,7952,55998,2024-07-25,2024-07-26,541.23,86,48046,109105434,79959636,0.0513246663772952,99.4354974106973,0.8579949283903
395.27,396,757,758,37093,55334,2024-07-25,2024-10-18,541.23,1,18241,319700424,124486522,0.017308078390287,99.5063713146655,0.329652654787292
459.47,460,1031,1041,25775,55173,2024-07-25,2024-08-23,541.23,10,29398,59100352,34506194,0.0933547739275732,99.6220174796929,0.532833088648433
204.88,205,4515,4515,49665,54180,2024-07-25,2024-12-20,541.23,0,4514.99999999999,652255728,204674421,0.00830655794562834,99.9293172937839,0.0833333333333332
442.41,444,339,339,31527,53901,2024-07-25,2024-10-18,541.23,0,22374,319700424,124486522,0.0168598462665786,99.5232311609321,0.415094339622641
409.7,410,1793,1793,25102,53790,2024-07-25,2024-08-30,541.23,0,28688,195961664,100553670,0.0274492463995407,99.7871578596108,0.533333333333333
526.77,527,2235,2328,6705,53544,2024-07-25,2024-07-26,541.23,93,46839,109105434,79959636,0.0490754658470998,99.4845728765443,0.87477588525325
547.12,575,21,19,55860,52972,2024-07-25,2024-08-23,541.23,-2,-2888,59100352,34506194,0.0896305998312836,99.7116480795241,-0.054519368723099
379.99,380,51775,51776,51775,51776,2024-07-25,2024-08-02,541.23,1,1,103397574,66065302,0.0500746758333034,99.835103481248,1.93139678615575e-05
518.98,531,40,43,40480,51686,2024-07-25,2024-11-15,541.23,3,11206,192521572,68415428,0.0268468616077995,99.6254004200631,0.216809193979027
392.6,393,1284,1284,51360,51360,2024-07-25,2024-10-18,541.23,0,0,319700424,124486522,0.0160650396885304,99.5392962006206,0
477.99,479,500,500,22500,50500,2024-07-25,2024-08-30,541.23,0,28000,195961664,100553670,0.0257703465918722,99.8129282062026,0.554455445544555
484.01,485,416,506,16640,50094,2024-07-25,2024-08-23,541.23,90,33454,59100352,34506194,0.0847609164832047,99.7964089960073,0.667824489958877
541.9,580,313,13,789386,49530,2024-07-25,2024-09-20,541.23,-300,-739856,681140816,310592197,0.00727162413946428,99.939757097158,-14.937532808399
369.15,370,426,582,25134,49470,2024-07-25,2024-11-15,541.23,156,24336,192521572,68415428,0.0256958217648462,99.6510962418279,0.491934505761067
527.25,527.5,1690,1962,5070,49050,2024-07-25,2024-07-26,541.23,272,43980,109105434,79959636,0.0449565142649082,99.5295293908093,0.896636085626911
169.94,170,8083,8083,48498,48498,2024-07-25,2024-12-20,541.23,0,0,652255728,204674421,0.00743542722862834,99.9367527210125,0
409.85,410,3257,3228,29313,48420,2024-07-25,2024-08-16,541.23,-29,19107,588458256,340202139,0.00822828119179281,99.9151596574762,0.394609665427509
472.53,473,977,1028,19540,48316,2024-07-25,2024-08-16,541.23,51,28776,588458256,340202139,0.00821060789059607,99.9233702653668,0.595579104230483
542.01,570,190,17,296590,47583,2024-07-25,2024-08-23,541.23,-173,-249007,59100352,34506194,0.0805122108240574,99.8769212068314,-5.23310846310657
539.32,571,15,15,34410,47520,2024-07-25,2024-11-15,541.23,0,13110,192521572,68415428,0.0246829482568322,99.6757791900848,0.275883838383838
413.95,415,457,447,32447,46935,2024-07-25,2024-10-18,541.23,-10,14488,319700424,124486522,0.014680931420973,99.5539771320416,0.308682220091616
544.8,580,165,13,432630,45760,2024-07-25,2024-10-18,541.23,-152,-386870,319700424,124486522,0.0143133998471019,99.5682905318887,-8.45432692307692
549.19,569,23,23,45563,45563,2024-07-25,2024-11-15,541.23,0,0,192521572,68415428,0.0236664387926357,99.6994456288774,0
516.89,532,33,30,33330,45330,2024-07-25,2024-12-20,541.23,-3,12000,652255728,204674421,0.0069497281593823,99.9437024491719,0.264725347452018
224.81,225,2376,2376,30888,45144,2024-07-25,2024-12-20,541.23,0,14256,652255728,204674421,0.00692121173675611,99.9506236609087,0.315789473684211
364.44,365,805,805,28175,45080,2024-07-25,2024-10-18,541.23,0,16905,319700424,124486522,0.0141007007234998,99.5823912326122,0.375
264.96,265,14341,11045,43023,44180,2024-07-25,2024-09-20,541.23,-3296,1157.00000000001,681140816,310592197,0.00648617715488658,99.9462432743129,0.0261883205070169
553.73,567,113,33,149951,43791,2024-07-25,2024-08-02,541.23,-80,-106160,103397574,66065302,0.0423520575057206,99.8774555387537,-2.42424242424242
540.12,576,13,12,25129,43056,2024-07-25,2024-11-15,541.23,-1,17927,192521572,68415428,0.022364247056948,99.7218098759343,0.416364734299517
454.98,455,21128,21276,21128,42552,2024-07-25,2024-07-26,541.23,148,21424,109105434,79959636,0.0390008072375204,99.5685301980468,0.503478097386727
364.33,365,482,630,34222,42210,2024-07-25,2024-11-15,541.23,148,7988,192521572,68415428,0.0219248157811635,99.7437346917155,0.189244254915897
424.79,425,1897,2001,17073,42021,2024-07-25,2024-08-16,541.23,104,24948,588458256,340202139,0.00714086336142763,99.9305111287282,0.593703148425787
369.43,370,732,732,30012,41724,2024-07-25,2024-10-18,541.23,0,11712,319700424,124486522,0.013050967989958,99.5954422006022,0.280701754385965
444.48,445,797,798,20722,41496,2024-07-25,2024-08-30,541.23,1,20774,195961664,100553670,0.0211755703401253,99.8341037765428,0.50062656641604
401.2,402,496,496,39680,39680,2024-07-25,2024-10-18,541.23,0,0,319700424,124486522,0.0124116194478366,99.60785382005,0
309.9,310,3695,3864,22170,38640,2024-07-25,2024-09-20,541.23,169,16470,681140816,310592197,0.00567283579141732,99.9519161101043,0.426242236024845
375.35,376,589,589,34162,38285,2024-07-25,2024-10-18,541.23,0,4123,319700424,124486522,0.0119752734516236,99.6198290935016,0.107692307692308
449.79,450,1739,1780,12173,37380,2024-07-25,2024-08-09,541.23,41,25207,75830100,44514942,0.0492944094759205,99.7703036129453,0.67434456928839
378.42,379,639,639,37062,37062,2024-07-25,2024-10-18,541.23,0,0,319700424,124486522,0.0115927278219687,99.6314218213236,0
269.96,270,9066,9172,36264,36688,2024-07-25,2024-09-20,541.23,106,424,681140816,310592197,0.00538625775143682,99.9573023678558,0.0115569123419102
339.97,340,9233,12167,18466,36501,2024-07-25,2024-08-16,541.23,2934,18035,588458256,340202139,0.00620281891329264,99.9367139476415,0.494096052162954
214.88,215,3030,3030,36360,36360,2024-07-25,2024-12-20,541.23,0,0,652255728,204674421,0.00557450068111935,99.9561981615898,0
516.11,527,32,33,23648,35937,2024-07-25,2024-11-15,541.23,1,12289,192521572,68415428,0.0186664796192294,99.7624011713347,0.341959540306648
480.18,481,437,438,37582,35916,2024-07-25,2024-08-30,541.23,1,-1666,195961664,100553670,0.0183280746176967,99.8524318511604,-0.0463860118053235
413.49,415,235,237,23735,35787,2024-07-25,2024-11-15,541.23,2,12052,192521572,68415428,0.0185885662724591,99.7809897376072,0.336770335596725
384.92,385,4441,4444,17764,35552,2024-07-25,2024-08-16,541.23,3,17788,588458256,340202139,0.00604155003987233,99.9427554976814,0.500337533753375
304.93,305,5049,5049,25245,35343,2024-07-25,2024-09-20,541.23,0,10098,681140816,310592197,0.00518879491138878,99.9624911627672,0.285714285714286
374.14,375,338,408,19604,35088,2024-07-25,2024-11-15,541.23,70,15484,192521572,68415428,0.0182254900765095,99.7992152276837,0.441290469676243
374.36,375,537,545,31146,34880,2024-07-25,2024-10-18,541.23,8,3734,319700424,124486522,0.0109102138694693,99.6423320351931,0.107052752293578
415.11,416,384,384,20736,34176,2024-07-25,2024-10-18,541.23,0,13440,319700424,124486522,0.0106900077179754,99.653022042911,0.393258426966292
513.81,526,28,28,23688,34132,2024-07-25,2024-12-20,541.23,0,10444,652255728,204674421,0.00523291686600566,99.9614310784558,0.305988515176374
543.71,568,125,14,173750,34006,2024-07-25,2024-08-09,541.23,-111,-139744,75830100,44514942,0.0448449889951352,99.8151486019404,-4.10939246015409
499.95,500,6468,6704,6468,33520,2024-07-25,2024-07-26,541.23,236,27052,109105434,79959636,0.0307225761092706,99.5992527741561,0.807040572792363
390.43,391,586,588,42192,33516,2024-07-25,2024-10-18,541.23,2,-8675.99999999999,319700424,124486522,0.0104835644509499,99.663505607362,-0.258861439312567
344.95,345,6633,6678,13266,33390,2024-07-25,2024-08-16,541.23,45,20124,588458256,340202139,0.00567414929768612,99.9484296469791,0.602695417789757
394.27,395,436,457,23108,33361,2024-07-25,2024-10-18,541.23,21,10253,319700424,124486522,0.0104350815624818,99.6739406889245,0.307334912023021
489.95,490,6697,6665,13394,33325,2024-07-25,2024-07-26,541.23,-32,19931,109105434,79959636,0.030543849905771,99.6297966240618,0.59807951987997
553.38,720,2,2,33324,33324,2024-07-25,2024-12-20,541.23,0,0,652255728,204674421,0.0051090390730919,99.9665401175289,0
555.5,573,19,19,33250,33250,2024-07-25,2024-11-15,541.23,0,0,192521572,68415428,0.0172707918674173,99.8164860195511,0
554.97,585,25,11,75075,33033,2024-07-25,2024-11-15,541.23,-14,-42042,192521572,68415428,0.0171580772257563,99.8336440967769,-1.27272727272727
416.3,417,463,463,32410,32410,2024-07-25,2024-10-18,541.23,0,0,319700424,124486522,0.0101376155822677,99.6840783045067,0
356.5,357,631,631,16406,31550,2024-07-25,2024-10-18,541.23,0,15144,319700424,124486522,0.00986861374947692,99.6939469182562,0.48
434.56,435,705,712,14805,31328,2024-07-25,2024-08-30,541.23,7,16523,195961664,100553670,0.0159868003570331,99.8684186515175,0.527419560776303
449.55,450,671,694,14091,31230,2024-07-25,2024-08-23,541.23,23,17139,59100352,34506194,0.0528423248646641,99.9297635316961,0.548799231508165
383.31,384,443,444,22150,30636,2024-07-25,2024-10-18,541.23,1,8486,319700424,124486522,0.00958272110392947,99.7035296393601,0.276994385690038
438.11,439,339,339,30171,30171,2024-07-25,2024-10-18,541.23,0,0,319700424,124486522,0.00943727243852513,99.7129669117987,0
249.96,250,7613,7501,15226,30004,2024-07-25,2024-09-20,541.23,-112,14778,681140816,310592197,0.00440496286453637,99.9668961256317,0.492534328756166
556.59,578,14,14,29974,29974,2024-07-25,2024-11-15,541.23,0,0,192521572,68415428,0.0155691643739539,99.8492132611508,0
244.83,245,1724,1724,29308,29308,2024-07-25,2024-12-20,541.23,0,0,652255728,204674421,0.00449332964692646,99.9710334471758,0
484.53,485,611,610,9165,28670,2024-07-25,2024-08-09,541.23,-1,19505,75830100,44514942,0.0378082054487598,99.8529568073891,0.680327868852459
179.92,180,3533,3534,21198,28272,2024-07-25,2024-12-20,541.23,1,7074,652255728,204674421,0.00433449623918059,99.975367943415,0.250212224108659
254.68,255,883,879,18543,28128,2024-07-25,2024-12-20,541.23,-4,9585,652255728,204674421,0.00431241900876032,99.9796803624237,0.340763651877133
521.85,522,1590,1866,3180,27990,2024-07-25,2024-07-26,541.23,276,24810,109105434,79959636,0.0256540842869476,99.6554507083488,0.886387995712754
396.28,397,386,386,20072,27792,2024-07-25,2024-10-18,541.23,0,7720,319700424,124486522,0.00869313829874683,99.7216600500974,0.277777777777778
209.9,210,2749,2749,27490,27490,2024-07-25,2024-12-20,541.23,0,0,652255728,204674421,0.00421460461287049,99.9838949670366,0
389.81,390,1331,1444,11979,27436,2024-07-25,2024-08-30,541.23,113,15457,195961664,100553670,0.0140006976058338,99.8824193491233,0.563383875200467
364.93,365,3734,3910,7468,27370,2024-07-25,2024-08-16,541.23,176,19902,588458256,340202139,0.004651137055336,99.9530807840344,0.727146510778224
359.21,360,318,344,15582,27176,2024-07-25,2024-11-15,541.23,26,11594,192521572,68415428,0.0141158207455318,99.8633290818963,0.426626435089785
541.99,569,126,10,190638,27010,2024-07-25,2024-08-23,541.23,-116,-163628,59100352,34506194,0.0457019274606013,99.9754654591567,-6.05805257312107
463.4,464,449,449,19307,26940,2024-07-25,2024-08-30,541.23,0,7633,195961664,100553670,0.0137475868749512,99.8961669359983,0.283333333333333
407.36,408,413,413,26432,26432,2024-07-25,2024-10-18,541.23,0,0,319700424,124486522,0.00826774005154275,99.7299277901489,0
516.9,517,1875,2537,5625,25370,2024-07-25,2024-07-26,541.23,662,19745,109105434,79959636,0.0232527373476192,99.6787034456964,0.778281434765471
549.42,600,5,5,25290,25290,2024-07-25,2024-12-20,541.23,0,0,652255728,204674421,0.00387731359256074,99.9877722806292,0
547.03,575,11,9,22858,25173,2024-07-25,2024-08-30,541.23,-2,2315,195961664,100553670,0.0128458798961821,99.9090128158944,0.0919636118063004
354.96,355,2527,6286,10108,25144,2024-07-25,2024-08-16,541.23,3759,15036,588458256,340202139,0.00427286043549026,99.9573536444699,0.597995545657016
334.44,335,415,428,15355,23968,2024-07-25,2024-11-15,541.23,13,8613,192521572,68415428,0.0124495139692709,99.8757785958656,0.359354138851802
522.36,522.5,1212,1694,3636,23716,2024-07-25,2024-07-26,541.23,482,20080,109105434,79959636,0.021736772524089,99.7004402182205,0.846685781750717
429.95,431,222,225,14652,23625,2024-07-25,2024-10-18,541.23,3,8973,319700424,124486522,0.00738973058102669,99.73731752073,0.379809523809524
359.95,360,4541,4696,13623,23480,2024-07-25,2024-08-16,541.23,155,9857,588458256,340202139,0.00399008761634232,99.9613437320862,0.419804088586031
329.96,330,5869,5868,5869,23472,2024-07-25,2024-08-16,541.23,-1,17603,588458256,340202139,0.00398872813163488,99.9653324602179,0.749957396046353
430.89,432,209,209,24244,23199,2024-07-25,2024-10-18,541.23,0,-1045,319700424,124486522,0.00725648083594659,99.7445740015659,-0.0450450450450449
359.49,360,453,453,13590,23103,2024-07-25,2024-10-18,541.23,0,9513,319700424,124486522,0.00722645272437925,99.7518004542903,0.411764705882353
541.64,579,6,6,14550,22416,2024-07-25,2024-10-18,541.23,0,7866,319700424,124486522,0.00701156405097542,99.7588120183413,0.350910064239829
542,570,1151,8,1933680,22400,2024-07-25,2024-08-09,541.23,-1143,-1911280,75830100,44514942,0.0295397210342595,99.8824965284234,-85.325
437.27,438,305,305,22265,22265,2024-07-25,2024-10-18,541.23,0,0,319700424,124486522,0.00696433233382262,99.7657763506751,0
404.75,405,882,883,9702,22075,2024-07-25,2024-08-30,541.23,1,12373,195961664,100553670,0.011264958435952,99.9202777743304,0.560498301245753
279.85,280,1467,1467,14670,22005,2024-07-25,2024-10-18,541.23,0,7335,319700424,124486522,0.00688300619832772,99.7726593568734,0.333333333333333
520.87,521,1511,1684,3022,21892,2024-07-25,2024-07-26,541.23,173,18870,109105434,79959636,0.0200649951128924,99.7205052133334,0.861958706376759
367.67,368,656,656,21648,21648,2024-07-25,2024-10-18,541.23,0,0,319700424,124486522,0.00677133915843665,99.7794306960319,0
543.5,563,114,11,96216,21450,2024-07-25,2024-07-26,541.23,-103,-74766,109105434,79959636,0.0196598823849599,99.7401650957183,-3.48559440559441
184.91,185,2375,2375,21375,21375,2024-07-25,2024-12-20,541.23,0,0,652255728,204674421,0.00327708889050952,99.9910493695197,0
274.87,275,1517,1607,13653,20891,2024-07-25,2024-10-18,541.23,90,7238,319700424,124486522,0.00653455498701497,99.7859652510189,0.346464984921737
479.96,480,4603,5080,9206,20320,2024-07-25,2024-07-26,541.23,477,11114,109105434,79959636,0.0186241869492953,99.7587892826676,0.546948818897638
264.88,265,1591,1679,14319,20148,2024-07-25,2024-10-18,541.23,88,5829,319700424,124486522,0.00630214991519686,99.7922674009341,0.289309112567004
259.95,260,3985,4008,11955,20040,2024-07-25,2024-09-20,541.23,23,8085,681140816,310592197,0.00294212291045557,99.9698382485421,0.403443113772455
555.77,595,5,5,19615,19615,2024-07-25,2024-10-18,541.23,0,0,319700424,124486522,0.00613543133743232,99.7984028322715,0
543.03,571,7,7,13335,19579,2024-07-25,2024-10-18,541.23,0,6244,319700424,124486522,0.00612417079559457,99.8045270030671,0.318913121201287
523.83,524,947,1137,2841,19329,2024-07-25,2024-07-26,541.23,190,16488,109105434,79959636,0.0177158912176638,99.7765051738853,0.853018780071395
474.65,475,547,546,8205,19110,2024-07-25,2024-08-09,541.23,-1,10905,75830100,44514942,0.0252010745073526,99.9076976029308,0.570643642072214
509.92,510,2370,2386,7110,19088,2024-07-25,2024-07-26,541.23,16,11978,109105434,79959636,0.0174950039610309,99.7940001778463,0.627514668901928
269.88,270,1586,1588,14274,19056,2024-07-25,2024-10-18,541.23,2,4782,319700424,124486522,0.00596058014611829,99.8104875832132,0.250944584382872
541.46,573,4,6,9140,18924,2024-07-25,2024-10-18,541.23,2,9784,319700424,124486522,0.00591929149271319,99.8164068747059,0.517015430141619
518.88,519,798,1537,2394,18444,2024-07-25,2024-07-26,541.23,739,16050,109105434,79959636,0.0169047492171655,99.8109049270635,0.870201691607027
378.99,380,183,182,12993,18382,2024-07-25,2024-11-15,541.23,-1,5389,192521572,68415428,0.00954802093554482,99.8853266168012,0.293167228810793
459.86,460,1263,1305,5052,18270,2024-07-25,2024-08-02,541.23,42,13218,103397574,66065302,0.017669660218527,99.8951251989723,0.723481116584565
547.7,568,9,9,18270,18270,2024-07-25,2024-11-15,541.23,0,0,192521572,68415428,0.009489845636623,99.8948164624378,0
547.94,574,10,7,19850,18242,2024-07-25,2024-10-18,541.23,-3,-1608,319700424,124486522,0.0057059667834535,99.8221128414894,-0.0881482293608157
418.35,420,98,110,10290,18150,2024-07-25,2024-11-15,541.23,12,7860,192521572,68415428,0.00942751495920675,99.904243977397,0.43305785123967
371.44,372,322,322,18032,18032,2024-07-25,2024-10-18,541.23,0,0,319700424,124486522,0.00564028028939993,99.8277531217788,0
525.79,526,548,858,1644,18018,2024-07-25,2024-07-26,541.23,310,16374,109105434,79959636,0.0165143012033663,99.8274192282669,0.908757908757909
408.36,409,278,278,17792,17792,2024-07-25,2024-10-18,541.23,0,0,319700424,124486522,0.00556521001048156,99.8333183317893,0
541.3,600,3,3,14010,17610,2024-07-25,2024-08-09,541.23,0,3600,75830100,44514942,0.0232229681880942,99.9309205711189,0.20442930153322
440.94,442,162,162,17172,17172,2024-07-25,2024-10-18,541.23,0,0,319700424,124486522,0.00537127845660912,99.8386896102459,0
469.69,470,533,538,6929,16678,2024-07-25,2024-08-09,541.23,5,9749,75830100,44514942,0.0219939047950616,99.9529144759139,0.584542511092457
389.93,390,2364,2365,11820,16555,2024-07-25,2024-08-16,541.23,1,4735,588458256,340202139,0.00281328366646283,99.9681457438843,0.286016309272123
553.6,570,34,10,55760,16400,2024-07-25,2024-08-02,541.23,-24,-39360,103397574,66065302,0.0158611071474462,99.9109863061197,-2.4
403.99,405,161,161,13846,16261,2024-07-25,2024-11-15,541.23,0,2415,192521572,68415428,0.00844632621221273,99.9126903036092,0.148514851485149
234.85,235,1083,1083,16245,16245,2024-07-25,2024-12-20,541.23,0,0,652255728,204674421,0.00249058755678724,99.9935399570765,0
504.92,505,2050,2018,4100,16144,2024-07-25,2024-07-26,541.23,-32,12044,109105434,79959636,0.0147966965605031,99.8422159248274,0.74603567888999
334.98,335,8026,8029,16052,16058,2024-07-25,2024-08-16,541.23,3,6,588458256,340202139,0.00272882567901299,99.9708745695634,0.000373645534935858
516.53,528,10,14,7200,16058,2024-07-25,2024-11-15,541.23,4,8858,192521572,68415428,0.00834088348291692,99.9210311870921,0.551625358076971
544.98,585,6,4,18408,16008,2024-07-25,2024-10-18,541.23,-2,-2400,319700424,124486522,0.00500718760385504,99.8436967978497,-0.149925037481259
525.6,532,25,25,16000,16000,2024-07-25,2024-10-18,541.23,0,0,319700424,124486522,0.00500468526122443,99.848701483111,0
393.74,395,30,126,2490,15876,2024-07-25,2024-11-15,541.23,96,13386,192521572,68415428,0.00824634862216895,99.9292775357143,0.843159486016629
433.01,434,158,159,15642,15741,2024-07-25,2024-10-18,541.23,1,99.0000000000018,319700424,124486522,0.00492367191855836,99.8536251550295,0.00628930817610075
319.97,320,5085,5237,10170,15711,2024-07-25,2024-08-16,541.23,152,5541,588458256,340202139,0.00266985802982769,99.9735444275932,0.352682833683406
159.95,160,3137,3136,12548,15680,2024-07-25,2024-12-20,541.23,-1,3132,652255728,204674421,0.00240396509020769,99.9959439221667,0.199744897959184
334.93,335,2123,2223,8492,15561,2024-07-25,2024-08-30,541.23,100,7069,195961664,100553670,0.00794083887754699,99.9282186132079,0.454276717434612
547,578,0,5,0,15500,2024-07-25,2024-10-18,541.23,5,15500,319700424,124486522,0.00484828884681116,99.8584734438763,1
386.37,387,246,246,13776,15498,2024-07-25,2024-10-18,541.23,0,1722,319700424,124486522,0.00484766326115351,99.8633211071375,0.111111111111111
354.51,355,312,312,15288,15288,2024-07-25,2024-10-18,541.23,0,0,319700424,124486522,0.00478197676709994,99.8681030839046,0
264.8,265,735,752,11025,15040,2024-07-25,2024-11-15,541.23,17,4015,192521572,68415428,0.00781211156950246,99.9370896472838,0.266954787234043
279.96,280,3698,3698,14792,14792,2024-07-25,2024-09-20,541.23,0,0,681140816,310592197,0.002171650802967,99.9720098993451,0
436.05,437,154,154,14630,14630,2024-07-25,2024-10-18,541.23,0,0,319700424,124486522,0.00457615908573208,99.8726792429903,0
284.85,285,953,963,9530,14445,2024-07-25,2024-10-18,541.23,10,4915,319700424,124486522,0.00451829241239918,99.8771975354027,0.340256143994462
269.79,270,638,685,12760,14385,2024-07-25,2024-11-15,541.23,47,1625,192521572,68415428,0.00747188995527213,99.9445615372391,0.112964893986792
464.97,465,4505,4767,4505,14301,2024-07-25,2024-07-26,541.23,262,9796,109105434,79959636,0.0131075048012732,99.8553234296286,0.684987063841689
511.94,512,2341,2354,4682,14124,2024-07-25,2024-07-26,541.23,13,9442,109105434,79959636,0.0129452764011736,99.8682687060298,0.668507504956103
402.46,403,261,261,14094,14094,2024-07-25,2024-10-18,541.23,0,0,319700424,124486522,0.00440850212948107,99.8816060375322,0
475.73,476,506,506,13662,13662,2024-07-25,2024-08-16,541.23,0,0,588458256,340202139,0.00232166000913411,99.9758660876023,0
279.83,280,803,803,13651,13651,2024-07-25,2024-11-15,541.23,0,0,192521572,68415428,0.00709063397840945,99.9516521712175,0
417.31,418,195,195,13455,13455,2024-07-25,2024-10-18,541.23,0,0,319700424,124486522,0.00420862751186092,99.8858146650441,0
552.87,620,2,2,13426,13426,2024-07-25,2024-12-20,541.23,0,0,652255728,204674421,0.00205839510849033,99.9980023172752,0
199.98,200,6657,6652,6657,13304,2024-07-25,2024-09-20,541.23,-5,6647,681140816,310592197,0.00195319377249006,99.9739630931176,0.499624173180998
435.18,436,162,162,13284,13284,2024-07-25,2024-10-18,541.23,0,0,319700424,124486522,0.00415513993813158,99.8899698049822,0
324.98,325,6552,6582,13104,13164,2024-07-25,2024-08-16,541.23,30,60.0000000000018,588458256,340202139,0.00223703208609584,99.9781031196884,0.00455788514129458
194.9,195,1303,1303,10424,13030,2024-07-25,2024-12-20,541.23,0,2606,652255728,204674421,0.00199768272483458,100,0.2
469.83,470,670,763,7370,12971,2024-07-25,2024-08-02,541.23,93,5601,103397574,66065302,0.0125447817566784,99.9235310878764,0.431809421016113
352.76,353,536,536,12864,12864,2024-07-25,2024-10-18,541.23,0,0,319700424,124486522,0.00402376695002444,99.8939935719322,0
549.74,575,5,5,12630,12630,2024-07-25,2024-08-02,541.23,0,0,103397574,66065302,0.012214986784893,99.9357460746613,0
344.92,345,1560,1572,6240,12576,2024-07-25,2024-08-30,541.23,12,6336,195961664,100553670,0.00641758175721553,99.9346361949652,0.50381679389313
149.99,150,12558,12558,12558,12558,2024-07-25,2024-09-20,541.23,0,0,681140816,310592197,0.00184367163221063,99.9758067647498,0
543.96,569,3,5,4887,12520,2024-07-25,2024-08-09,541.23,2,7633,75830100,44514942,0.0165105940780772,99.969425069992,0.609664536741214
224.98,225,6217,6217,12434,12434,2024-07-25,2024-09-20,541.23,0,0,681140816,310592197,0.00182546687967088,99.9776322316295,0
329.68,330,235,387,5640,12384,2024-07-25,2024-10-18,541.23,152,6744,319700424,124486522,0.00387362639218771,99.8978671983244,0.544573643410853
299.79,300,560,580,6160,12180,2024-07-25,2024-10-18,541.23,20,6020,319700424,124486522,0.0038098166551071,99.9016770149795,0.494252873563218
541.7,572,19,4,34637,12120,2024-07-25,2024-08-30,541.23,-15,-22517,195961664,100553670,0.00618488318204932,99.9408210781472,-1.85783828382838
324.82,325,673,673,12114,12114,2024-07-25,2024-10-18,541.23,0,0,319700424,124486522,0.00378917232840454,99.9054661873079,0
314.98,315,5923,6043,5923,12086,2024-07-25,2024-08-16,541.23,120,6163,588458256,340202139,0.00205384152176803,99.9801569612102,0.509928843289757
419.96,420,2981,3008,5962,12032,2024-07-25,2024-08-02,541.23,27,6070,103397574,66065302,0.0116366366584191,99.9473827113197,0.504488031914894
244.97,245,3718,3902,7436,11706,2024-07-25,2024-09-20,541.23,184,4270,681140816,310592197,0.00171858736476012,99.9793508189942,0.36477020331454
546.09,585,2,3,4244,11673,2024-07-25,2024-09-20,541.23,1,7429,681140816,310592197,0.00171374255158422,99.9810645615458,0.636425940203889
324.51,325,220,237,7260,11613,2024-07-25,2024-11-15,541.23,17,4353,192521572,68415428,0.00603205130695692,99.9576842225244,0.374838543012142
365.59,366,280,280,11480,11480,2024-07-25,2024-10-18,541.23,0,0,319700424,124486522,0.00359086167492853,99.9090570489828,0
554.19,577,9,5,20529,11405,2024-07-25,2024-08-30,541.23,-4,-9124,195961664,100553670,0.00582001589861985,99.9466410940458,-0.8
244.99,245,11319,11319,11319,11319,2024-07-25,2024-08-16,541.23,0,0,588458256,340202139,0.00192350092544202,99.9820804621356,0
543.86,572,5,4,10255,11256,2024-07-25,2024-10-18,541.23,-1,1001,319700424,124486522,0.00352079608127138,99.9125778450641,0.0889303482587063
515.88,516,943,935,2829,11220,2024-07-25,2024-07-26,541.23,-8,8391,109105434,79959636,0.010283630785979,99.8785523368158,0.747860962566845
370.48,371,211,211,10972,10972,2024-07-25,2024-10-18,541.23,0,0,319700424,124486522,0.00343196291788465,99.916009807982,0
546.09,568,21,5,29211,10955,2024-07-25,2024-08-02,541.23,-16,-18256,103397574,66065302,0.0105950261463581,99.9579777374661,-1.66645367412141
465.28,466,152,152,7448,10944,2024-07-25,2024-08-30,541.23,0,3496,195961664,100553670,0.00558476580398909,99.9522258598498,0.319444444444444
294.96,295,2703,2703,10812,10812,2024-07-25,2024-09-20,541.23,0,0,681140816,310592197,0.00158733697144938,99.9826518985173,0
479.58,480,256,256,3840,10752,2024-07-25,2024-08-09,541.23,0,6912,75830100,44514942,0.0141790660964446,99.9836041360884,0.642857142857143
382.36,383,167,167,10688,10688,2024-07-25,2024-10-18,541.23,0,0,319700424,124486522,0.00334312975449792,99.9193529377365,0
284.73,285,376,394,7144,10638,2024-07-25,2024-11-15,541.23,18,3494,192521572,68415428,0.00552561455294994,99.9632098370774,0.328445196465501
379.34,380,150,161,5700,10626,2024-07-25,2024-10-18,541.23,11,4926,319700424,124486522,0.00332373659911067,99.9226766743356,0.463579898362507
289.89,290,960,960,10560,10560,2024-07-25,2024-10-18,541.23,0,0,319700424,124486522,0.00330309227240812,99.925979766608,0
387.46,388,194,194,8730,10476,2024-07-25,2024-10-18,541.23,0,1746,319700424,124486522,0.00327681767478669,99.9292565842828,0.166666666666667
384.87,385,797,797,8767,10361,2024-07-25,2024-08-30,541.23,0,1594,195961664,100553670,0.00528725863442352,99.9575131184842,0.153846153846154
491.95,492,284,2058,852,10290,2024-07-25,2024-07-26,541.23,1774,9438,109105434,79959636,0.00943124427698074,99.8879835810928,0.917201166180758
405.41,406,170,170,10030,10030,2024-07-25,2024-10-18,541.23,0,0,319700424,124486522,0.00313731207313006,99.9323938963559,0
374.89,375,908,911,9080,10021,2024-07-25,2024-08-30,541.23,3,940.999999999998,195961664,100553670,0.00511375531083467,99.9626268737951,0.093902804111366
349.92,350,1646,1248,6584,9984,2024-07-25,2024-08-30,541.23,-398,3400,195961664,100553670,0.00509487406679707,99.9677217478619,0.340544871794872
541.5,640,1,1,9147,9850,2024-07-25,2024-08-30,541.23,0,703,195961664,100553670,0.00502649334514735,99.972748241207,0.0713705583756345
472.26,473,144,133,8352,9842,2024-07-25,2024-08-30,541.23,-11,1490,195961664,100553670,0.00502241091400408,99.977770652121,0.151391993497257
319.71,320,314,331,5024,9599,2024-07-25,2024-10-18,541.23,17,4575,319700424,124486522,0.00300249836390583,99.9353963947198,0.476612147098656
418.44,419,171,171,9576,9576,2024-07-25,2024-10-18,541.23,0,0,319700424,124486522,0.00299530412884282,99.9383916988487,0
548.13,572,4,4,9548,9548,2024-07-25,2024-11-15,541.23,0,0,192521572,68415428,0.00495944423308573,99.9681692813105,0
381.65,382,270,270,9450,9450,2024-07-25,2024-10-18,541.23,0,0,319700424,124486522,0.00295589223241068,99.9413475910811,0
355.51,356,180,192,4500,9408,2024-07-25,2024-10-18,541.23,12,4908,319700424,124486522,0.00294275493359996,99.9442903460147,0.521683673469388
254.95,255,1878,1878,9390,9390,2024-07-25,2024-09-20,541.23,0,0,681140816,310592197,0.00137856956732424,99.9840304680846,0
274.77,275,387,408,5805,9384,2024-07-25,2024-11-15,541.23,21,3579,192521572,68415428,0.0048742589739502,99.9730435402844,0.381393861892583
406.37,407,148,148,9324,9324,2024-07-25,2024-10-18,541.23,0,0,319700424,124486522,0.00291648033597853,99.9472068263507,0
325.8,326,466,466,9320,9320,2024-07-25,2024-10-18,541.23,0,0,319700424,124486522,0.00291522916466323,99.9501220555153,0
439.92,440,1156,1164,2312,9312,2024-07-25,2024-08-02,541.23,8,7000,103397574,66065302,0.00900601400957435,99.9669837514756,0.751718213058419
329.68,330,287,287,9184,9184,2024-07-25,2024-11-15,541.23,0,0,192521572,68415428,0.0047703745115898,99.977813914796,0
554.21,600,2,2,9158,9158,2024-07-25,2024-09-20,541.23,0,0,681140816,310592197,0.00134450906257246,99.9853749771472,0
410.17,411,109,109,8175,9047,2024-07-25,2024-10-18,541.23,0,872,319700424,124486522,0.00282983672239359,99.9529518922377,0.0963855421686747
279.99,280,8843,8843,8843,8843,2024-07-25,2024-08-16,541.23,0,0,588458256,340202139,0.00150274040848872,99.9835832025441,0
494.95,495,1798,1754,3596,8770,2024-07-25,2024-07-26,541.23,-44,5174,109105434,79959636,0.00803809643431692,99.8960216775271,0.589965792474344
551.31,595,2,2,8738,8738,2024-07-25,2024-11-15,541.23,0,0,192521572,68415428,0.00453871216052609,99.9823526269565,0
548.63,577,17,3,42500,8511,2024-07-25,2024-09-20,541.23,-14,-33989,681140816,310592197,0.00124952136182073,99.986624498509,-3.99353777464458
214.98,215,4099,4084,4099,8168,2024-07-25,2024-09-20,541.23,-15,4069,681140816,310592197,0.00119916466729546,99.9878236631763,0.498163565132223
309.6,310,203,204,6496,8160,2024-07-25,2024-11-15,541.23,1,1664,192521572,68415428,0.00423848606430452,99.9865911130208,0.203921568627451
547,574,51,3,101592,8100,2024-07-25,2024-08-30,541.23,-48,-93492,195961664,100553670,0.00413346153255772,99.9819041136536,-11.5422222222222
199.99,200,8047,8049,8047,8049,2024-07-25,2024-08-16,541.23,2,1.99999999999909,588458256,340202139,0.0013678115512751,99.9849510140954,0.00024847807181005
284.95,285,1604,1604,8020,8020,2024-07-25,2024-09-20,541.23,0,0,681140816,310592197,0.00117743641426415,99.9890010995905,0
359.89,360,731,728,3655,8008,2024-07-25,2024-08-30,541.23,-3,4353,195961664,100553670,0.00408651357441015,99.985990627228,0.543581418581419
556.22,567.5,7,7,7896,7896,2024-07-25,2024-07-26,541.23,0,0,109105434,79959636,0.00723703642478522,99.9032587139519,0
409.97,410,2612,2629,2612,7887,2024-07-25,2024-08-02,541.23,17,5275,103397574,66065302,0.00762783854097002,99.9746115900166,0.668822112336757
239.97,240,2615,2615,7845,7845,2024-07-25,2024-09-20,541.23,0,0,681140816,310592197,0.00115174422317984,99.9901528438137,0
385.36,386,6,122,258,7808,2024-07-25,2024-10-18,541.23,116,7550,319700424,124486522,0.00244228640747752,99.9553941786452,0.966956967213115
335.63,336,210,210,3780,7770,2024-07-25,2024-10-18,541.23,0,3990,319700424,124486522,0.00243040027998211,99.9578245789252,0.513513513513514
377.5,378,154,154,7700,7700,2024-07-25,2024-10-18,541.23,0,0,319700424,124486522,0.00240850478196426,99.9602330837071,0
289.97,290,2547,2547,7641,7641,2024-07-25,2024-09-20,541.23,0,0,681140816,310592197,0.00112179446900155,99.9912746382827,0
304.98,305,3703,3803,3703,7606,2024-07-25,2024-08-16,541.23,100,3903,588458256,340202139,0.0012925300856005,99.986243544181,0.513147515119642
309.98,310,3093,3703,3093,7406,2024-07-25,2024-08-16,541.23,610,4313,588458256,340202139,0.00125854296791445,99.9875020871489,0.5823656494734
434.99,435,7078,7205,7078,7205,2024-07-25,2024-07-26,541.23,127,127,109105434,79959636,0.00660370408315318,99.909862418035,0.0176266481609993
154.99,155,7046,7046,7046,7046,2024-07-25,2024-09-20,541.23,0,0,681140816,310592197,0.00103444101931487,99.992309079302,0
464.85,465,325,462,975,6930,2024-07-25,2024-08-02,541.23,137,5955,103397574,66065302,0.00670228491047575,99.9813138749271,0.859307359307359
346.58,347,164,164,3608,6888,2024-07-25,2024-10-18,541.23,0,3280,319700424,124486522,0.00215451700495712,99.9623876007121,0.476190476190476
394.8,395,338,341,7774,6820,2024-07-25,2024-08-30,541.23,3,-954.000000000001,195961664,100553670,0.00348027254963501,99.9894708997776,-0.139882697947214
334.64,335,187,189,3366,6804,2024-07-25,2024-10-18,541.23,2,3438,319700424,124486522,0.00212824240733569,99.9645158431194,0.505291005291005
517.88,518,562,566,1124,6792,2024-07-25,2024-07-26,541.23,4,5668,109105434,79959636,0.00622517114958729,99.9160875891846,0.834511189634865
314.61,315,172,173,4644,6747,2024-07-25,2024-11-15,541.23,1,2103,192521572,68415428,0.00350454233772826,99.9900956553586,0.31169408626056
368.59,369,164,164,6724,6724,2024-07-25,2024-10-18,541.23,0,0,319700424,124486522,0.00210321898102956,99.9666190621005,0
423.01,424,16,67,1152,6633,2024-07-25,2024-10-18,541.23,51,5481,319700424,124486522,0.00207475483360635,99.9686938169341,0.826322930800543
449.89,450,572,592,1716,6512,2024-07-25,2024-08-02,541.23,20,4796,103397574,66065302,0.00629802010635182,99.9876118950334,0.736486486486487
358.49,359,116,125,5800,6375,2024-07-25,2024-10-18,541.23,9,575,319700424,124486522,0.00199405428376911,99.9706878712178,0.0901960784313725
249.99,250,6276,6276,6276,6276,2024-07-25,2024-08-16,541.23,0,0,588458256,340202139,0.00106651575298826,99.9885686029019,0
544.89,576,5,2,12180,6222,2024-07-25,2024-08-30,541.23,-3,-5958,195961664,100553670,0.00317511082167582,99.9926460105993,-0.957569913211186
384.39,385,94,102,4324,6222,2024-07-25,2024-10-18,541.23,8,1898,319700424,124486522,0.00194619698095865,99.9726340681988,0.305046608807457
314.85,315,413,413,6195,6195,2024-07-25,2024-10-18,541.23,0,0,319700424,124486522,0.00193775157458033,99.9745718197734,0
379.99,380,6187,6187,6187,6187,2024-07-25,2024-07-26,541.23,0,0,109105434,79959636,0.00567066164642175,99.921758250831,0
512.89,513,542,544,1626,5984,2024-07-25,2024-07-26,541.23,2,4358,109105434,79959636,0.00548460308585547,99.9272428539169,0.728275401069519
339.6,340,131,148,2620,5920,2024-07-25,2024-10-18,541.23,17,3300,319700424,124486522,0.00185173354665304,99.97642355332,0.557432432432432
444.92,445,631,735,1893,5880,2024-07-25,2024-08-02,541.23,104,3987,103397574,66065302,0.00568678719676731,99.9932986822302,0.678061224489796
376.63,377,157,157,5809,5809,2024-07-25,2024-10-18,541.23,0,0,319700424,124486522,0.00181701354265329,99.9782405668627,0
333.74,334,122,222,2318,5772,2024-07-25,2024-10-18,541.23,100,3454,319700424,124486522,0.00180544020798671,99.9800460070707,0.598406098406098
547.3,605,0,1,0,5770,2024-07-25,2024-07-26,541.23,1,5770,109105434,79959636,0.00528846253432253,99.9325313164512,1
354.91,355,678,637,3390,5733,2024-07-25,2024-08-30,541.23,-41,2343,195961664,100553670,0.00292557221804363,99.9955715828174,0.408686551543694
332.75,333,25,225,475,5625,2024-07-25,2024-10-18,541.23,200,5150,319700424,124486522,0.00175945966214921,99.9818054667328,0.915555555555556
299.98,300,2807,2809,2807,5618,2024-07-25,2024-08-16,541.23,2,2811,588458256,340202139,0.000954698135801157,99.9895233010377,0.500355998576006
363.45,364,102,102,3672,5610,2024-07-25,2024-10-18,541.23,0,1938,319700424,124486522,0.00175476776971681,99.9835602345025,0.345454545454545
234.97,235,1206,1869,3618,5607,2024-07-25,2024-09-20,541.23,663,1989,681140816,310592197,0.000823177802341535,99.9931322571044,0.354735152487962
294.9,295,559,559,5590,5590,2024-07-25,2024-10-18,541.23,0,0,319700424,124486522,0.00174851191314028,99.9853087464157,0
219.98,220,2785,2778,2785,5556,2024-07-25,2024-09-20,541.23,-7,2771,681140816,310592197,0.000815690363796963,99.9939479474682,0.498740100791937
409.99,410,5421,5397,10842,5397,2024-07-25,2024-07-26,541.23,-24,-5445,109105434,79959636,0.0049465913860899,99.9374779078373,-1.0088938299055
294.99,295,5398,5388,5398,5388,2024-07-25,2024-08-16,541.23,-10,-10,588458256,340202139,0.000915612950462199,99.9904389139881,-0.00185597624350408
464.39,465,83,88,2656,5368,2024-07-25,2024-08-23,541.23,5,2712,59100352,34506194,0.00908285622393586,99.9845483153806,0.50521609538003
289.74,290,205,205,4305,5330,2024-07-25,2024-11-15,541.23,0,1025,192521572,68415428,0.00276852092190479,99.9928641762805,0.192307692307692
460.6,461,0,131,0,5240,2024-07-25,2024-08-16,541.23,131,5240,588458256,340202139,0.000890462483374522,99.9913293764715,1
259.98,260,2606,2606,5212,5212,2024-07-25,2024-08-16,541.23,0,0,588458256,340202139,0.000885704286898475,99.9922150807584,0
454.79,455,250,248,2000,5208,2024-07-25,2024-08-09,541.23,-2,3208,75830100,44514942,0.00686798514046533,99.9904721212289,0.615975422427035
545.59,571,12,2,27912,5082,2024-07-25,2024-08-23,541.23,-10,-22830,59100352,34506194,0.00859893355626714,99.9931472489369,-4.49232585596222
554.21,605,1,1,5079,5079,2024-07-25,2024-09-20,541.23,0,0,681140816,310592197,0.000745660791527137,99.9946936082597,0
420.43,421,87,87,4959,4959,2024-07-25,2024-10-18,541.23,0,0,319700424,124486522,0.00155113963815075,99.9868598860538,0
229.97,230,1625,1650,4875,4950,2024-07-25,2024-09-20,541.23,25,75,681140816,310592197,0.000726721976384983,99.9954203302361,0.0151515151515152
474.97,475,1775,1566,1775,4698,2024-07-25,2024-07-26,541.23,-209,2923,109105434,79959636,0.00430592668739121,99.9417838345247,0.622179650915283
459.77,460,189,195,1701,4485,2024-07-25,2024-08-09,541.23,6,2784,75830100,44514942,0.00591453789458276,99.9963866591235,0.620735785953177
421.25,422,59,59,4425,4425,2024-07-25,2024-10-18,541.23,0,0,319700424,124486522,0.00138410826755738,99.9882439943214,0
549.11,571,12,2,21528,4378,2024-07-25,2024-08-16,541.23,-10,-17150,588458256,340202139,0.000743978006147644,99.9929590587646,-3.91731384193696
274.98,275,2180,2180,4360,4360,2024-07-25,2024-09-20,541.23,0,0,681140816,310592197,0.000640102589300712,99.9960604328254,0
339.93,340,604,604,1812,4228,2024-07-25,2024-08-30,541.23,0,2416,195961664,100553670,0.00215756485921655,99.9977291476766,0.571428571428571
547.75,590,0,1,0,4225,2024-07-25,2024-09-20,541.23,1,4225,681140816,310592197,0.000620282899035667,99.9966807157244,1
546.26,567,2,2,2182,4148,2024-07-25,2024-07-26,541.23,0,1966,109105434,79959636,0.0038018271390589,99.9455856616638,0.473963355834137
552.75,573,5,2,10125,4050,2024-07-25,2024-08-23,541.23,-3,-6075,59100352,34506194,0.00685275106314088,100,-1.5
169.98,170,1916,1955,1916,3910,2024-07-25,2024-09-20,541.23,39,1994,681140816,310592197,0.000574036955083896,99.9972547526795,0.50997442455243
399.99,400,3645,3645,3645,3645,2024-07-25,2024-07-26,541.23,0,0,109105434,79959636,0.00334080518849318,99.9489264668522,0
492.94,493,602,602,1806,3612,2024-07-25,2024-07-26,541.23,0,1806,109105434,79959636,0.00331055921559324,99.9522370260678,0.5
510.9,511,363,361,726,3610,2024-07-25,2024-07-26,541.23,-2,2884,109105434,79959636,0.00330872612632658,99.9555457521942,0.798891966759003
545.3,581,0,1,0,3570,2024-07-25,2024-09-20,541.23,1,3570,681140816,310592197,0.000524120698120079,99.9977788733776,1
554.25,572,35,2,62125,3550,2024-07-25,2024-08-16,541.23,-33,-58575,588458256,340202139,0.000603271338927396,99.9935623301035,-16.5
345.78,346,161,161,3542,3542,2024-07-25,2024-10-18,541.23,0,0,319700424,124486522,0.00110791219970356,99.9893519065211,0
393.49,394,68,68,3468,3468,2024-07-25,2024-10-18,541.23,0,0,319700424,124486522,0.00108476553037039,99.9904366720515,0
344.74,345,132,132,3432,3432,2024-07-25,2024-10-18,541.23,0,0,319700424,124486522,0.00107350498853264,99.99151017704,0
174.99,175,3413,3413,3413,3413,2024-07-25,2024-09-20,541.23,0,0,681140816,310592197,0.000501071132404434,99.99827994451,0
498.94,499,513,568,1026,3408,2024-07-25,2024-07-26,541.23,55,2382,109105434,79959636,0.00312358411039362,99.9586693363046,0.698943661971831
493.95,494,656,680,1968,3400,2024-07-25,2024-07-26,541.23,24,1432,109105434,79959636,0.00311625175332697,99.9617855880579,0.421176470588235
444.98,445,1692,1696,1692,3392,2024-07-25,2024-07-26,541.23,4,1700,109105434,79959636,0.00310891939626032,99.9648945074541,0.501179245283019
264.99,265,3274,3274,3274,3274,2024-07-25,2024-08-16,541.23,0,0,588458256,340202139,0.000556369116520646,99.99411869922,0
449.99,450,825,3226,825,3226,2024-07-25,2024-07-26,541.23,2401,2401,109105434,79959636,0.0029567729871273,99.9678512804413,0.744265344079355
234.99,235,3193,3193,3193,3193,2024-07-25,2024-08-16,541.23,0,0,588458256,340202139,0.000542604333857795,99.9946613035539,0
467.54,468,22,69,528,3174,2024-07-25,2024-08-16,541.23,47,2646,588458256,340202139,0.000539375557677621,99.9952006791116,0.833648393194707
428.12,429,36,36,3168,3168,2024-07-25,2024-10-18,541.23,0,0,319700424,124486522,0.000990927681722436,99.9925011047217,0
319.58,320,74,75,2368,3150,2024-07-25,2024-11-15,541.23,1,782,192521572,68415428,0.00163618028217638,99.9945003565627,0.248253968253968
513.91,514,284,344,852,3096,2024-07-25,2024-07-26,541.23,60,2244,109105434,79959636,0.00283762218479421,99.9706889026261,0.724806201550388
254.99,255,3084,3084,3084,3084,2024-07-25,2024-08-16,541.23,0,0,588458256,340202139,0.000524081354718898,99.9957247604663,0
389.99,390,3013,3013,3013,3013,2024-07-25,2024-07-26,541.23,0,0,109105434,79959636,0.00276154898022769,99.9734504516063,0
284.99,285,2969,2964,2969,2964,2024-07-25,2024-08-16,541.23,-5,-5,588458256,340202139,0.000503689084107268,99.9962284495504,-0.00168690958164642
289.99,290,2923,2931,2923,2931,2024-07-25,2024-08-16,541.23,8,8,588458256,340202139,0.000498081209689069,99.9967265307601,0.0027294438758103
550.24,579,1,1,2876,2876,2024-07-25,2024-11-15,541.23,0,0,192521572,68415428,0.00149385856874262,99.9959942151314,0
323.81,324,146,146,2774,2774,2024-07-25,2024-10-18,541.23,0,0,319700424,124486522,0.000867687307164785,99.9933687920289,0
553.8,567.5,186,2,254820,2740,2024-07-25,2024-08-09,541.23,-184,-252080,75830100,44514942,0.0036133408765121,100,-92
486.97,487,894,899,4470,2697,2024-07-25,2024-07-26,541.23,5,-1773,109105434,79959636,0.00247192087609495,99.9759223724824,-0.657397107897664
490.96,491,657,668,1971,2672,2024-07-25,2024-07-26,541.23,11,701,109105434,79959636,0.00244900726026167,99.9783713797427,0.262350299401198
495.95,496,525,530,1575,2650,2024-07-25,2024-07-26,541.23,5,1075,109105434,79959636,0.00242884327832837,99.980800223021,0.405660377358491
179.98,180,1070,1325,1070,2650,2024-07-25,2024-09-20,541.23,255,1580,681140816,310592197,0.000389053179276809,99.9986689976893,0.59622641509434
559.7,585,1,1,2530,2530,2024-07-25,2024-08-30,541.23,0,0,195961664,100553670,0.00129106884905815,99.9990202165256,0
194.99,195,1789,2477,1789,2477,2024-07-25,2024-09-20,541.23,688,688,681140816,310592197,0.000363654613233455,99.9990326523026,0.277755349212757
548.87,572,1,1,2313,2313,2024-07-25,2024-07-26,541.23,0,0,109105434,79959636,0.00211996773689567,99.9829201907579,0
328.84,329,144,144,2304,2304,2024-07-25,2024-10-18,541.23,0,0,319700424,124486522,0.000720674677616317,99.9940894667065,0
399.98,400,1166,1137,1166,2274,2024-07-25,2024-08-02,541.23,-29,1108,103397574,66065302,0.00219927790568858,99.9954979601359,0.487247141600704
466.52,467,22,46,418,2208,2024-07-25,2024-08-16,541.23,24,1790,588458256,340202139,0.000375217779253997,99.9971017485393,0.810688405797101
326.79,327,105,105,2205,2205,2024-07-25,2024-10-18,541.23,0,0,319700424,124486522,0.000689708187562491,99.9947791748941,0
384.33,385,32,32,2144,2144,2024-07-25,2024-11-15,541.23,0,0,192521572,68415428,0.00111364143650354,99.9971078565679,0
274.99,275,2113,2113,2113,2113,2024-07-25,2024-08-16,541.23,0,0,588458256,340202139,0.000359073898353123,99.9974608224377,0
341.81,342,111,111,2109,2109,2024-07-25,2024-10-18,541.23,0,0,319700424,124486522,0.000659680075995145,99.99543885497,0
359.99,360,1991,1991,1991,1991,2024-07-25,2024-07-26,541.23,0,0,109105434,79959636,0.00182484036496294,99.9847450311228,0
548.1,568,1,1,1270,1990,2024-07-25,2024-07-26,541.23,0,720,109105434,79959636,0.00182392382032961,99.9865689549432,0.361809045226131
339.45,340,38,36,1368,1980,2024-07-25,2024-11-15,541.23,-2,612,192521572,68415428,0.00102845617736801,99.9981363127453,0.309090909090909
344.4,345,32,33,1344,1980,2024-07-25,2024-11-15,541.23,1,636,192521572,68415428,0.00102845617736801,99.9991647689226,0.321212121212121
330.82,331,108,108,1944,1944,2024-07-25,2024-10-18,541.23,0,0,319700424,124486522,0.000608069259238768,99.9960469242293,0
269.99,270,1940,1940,1940,1940,2024-07-25,2024-08-16,541.23,0,0,588458256,340202139,0.000329675041554689,99.9977904974792,0
369.94,370,320,320,1920,1920,2024-07-25,2024-08-30,541.23,0,0,195961664,100553670,0.000979783474384051,100,0
484.96,485,494,469,494,1876,2024-07-25,2024-07-26,541.23,-25,1382,109105434,79959636,0.00171943773212982,99.9882883926753,0.736673773987207
480.96,481,72,459,144,1836,2024-07-25,2024-07-26,541.23,387,1692,109105434,79959636,0.00168277594679656,99.9899711686221,0.92156862745098
462.64,463,4,49,100,1764,2024-07-25,2024-08-16,541.23,45,1664,588458256,340202139,0.000299766377990965,99.9980902638572,0.943310657596372
184.99,185,1661,1690,1661,1690,2024-07-25,2024-09-20,541.23,29,28.9999999999998,681140816,310592197,0.000248113159614267,99.9992807654622,0.0171597633136093
224.99,225,1685,1685,1685,1685,2024-07-25,2024-08-16,541.23,0,0,588458256,340202139,0.000286341466504975,99.9983766053237,0
459.98,460,634,830,1268,1660,2024-07-25,2024-07-26,541.23,196,392,109105434,79959636,0.00152146409133023,99.9914926327134,0.236144578313253
434.93,435,215,236,430,1652,2024-07-25,2024-08-02,541.23,21,1222,103397574,66065302,0.00159771640290129,99.9970956765388,0.739709443099274
457.84,458,102,102,1632,1632,2024-07-25,2024-08-16,541.23,0,0,588458256,340202139,0.000277334880318172,99.998653940204,0
239.99,240,1608,1608,1608,1608,2024-07-25,2024-08-16,541.23,0,0,588458256,340202139,0.000273256426195846,99.9989271966302,0
354.33,355,24,24,1080,1608,2024-07-25,2024-11-15,541.23,0,528,192521572,68415428,0.000835231077377656,100,0.328358208955224
362.55,363,31,35,1054,1575,2024-07-25,2024-10-18,541.23,4,521,319700424,124486522,0.00049264870540178,99.9965395729347,0.330793650793651
422.25,423,21,21,1575,1575,2024-07-25,2024-10-18,541.23,0,0,319700424,124486522,0.00049264870540178,99.9970322216401,0
159.99,160,1458,1458,1458,1458,2024-07-25,2024-09-20,541.23,0,0,681140816,310592197,0.000214052654862486,99.999494818117,0
229.99,230,1441,1441,1441,1441,2024-07-25,2024-08-16,541.23,0,0,588458256,340202139,0.000244877182927993,99.9991720738132,0
425.27,426,19,19,1387,1387,2024-07-25,2024-10-18,541.23,0,0,319700424,124486522,0.000433843653582392,99.9974660652937,0
204.99,205,1157,1372,1157,1372,2024-07-25,2024-09-20,541.23,215,215,681140816,310592197,0.00020142677810105,99.9996962448951,0.156705539358601
497.94,498,200,227,600,1362,2024-07-25,2024-07-26,541.23,27,762,109105434,79959636,0.00124833379059745,99.992740966504,0.559471365638767
461.68,462,41,42,738,1344,2024-07-25,2024-08-16,541.23,1,606,588458256,340202139,0.000228393430850259,99.999400467244,0.450892857142857
209.98,210,668,668,668,1336,2024-07-25,2024-09-20,541.23,0,668,681140816,310592197,0.000196141527363704,99.9998923864225,0.5
487.95,488,206,253,412,1265,2024-07-25,2024-07-26,541.23,47,853,109105434,79959636,0.0011594289611643,99.9939003954652,0.674308300395257
349.99,350,1210,1235,1210,1235,2024-07-25,2024-08-02,541.23,25,25,103397574,66065302,0.00119441873945708,99.9982900952783,0.0202429149797571
219.99,220,1227,1227,1227,1227,2024-07-25,2024-08-16,541.23,0,0,588458256,340202139,0.000208510967003919,99.999608978211,0
397.45,398,21,21,1155,1155,2024-07-25,2024-10-18,541.23,0,0,319700424,124486522,0.000361275717294638,99.997827341011,0
372.38,373,9,18,495,1116,2024-07-25,2024-10-18,541.23,9,621,319700424,124486522,0.000349076796970404,99.9981764178079,0.556451612903226
496.94,497,58,166,174,996,2024-07-25,2024-07-26,541.23,108,822,109105434,79959636,0.000912878454798136,99.99481327392,0.825301204819277
327.84,328,58,58,928,928,2024-07-25,2024-10-18,541.23,0,0,319700424,124486522,0.000290271745151017,99.9984666895531,0
439.99,440,756,879,756,879,2024-07-25,2024-07-26,541.23,123,123,109105434,79959636,0.000805642732698355,99.9956189166527,0.139931740614335
349.99,350,866,866,866,866,2024-07-25,2024-07-26,541.23,0,0,109105434,79959636,0.000793727652465046,99.9964126443052,0
481.98,482,388,423,1940,846,2024-07-25,2024-07-26,541.23,35,-1094,109105434,79959636,0.000775396759798417,99.9971880410649,-1.29314420803782
458.83,459,49,49,833,833,2024-07-25,2024-08-16,541.23,0,0,588458256,340202139,0.0001415563451624,99.9997505345562,0
389.98,390,372,394,372,788,2024-07-25,2024-08-02,541.23,22,416,103397574,66065302,0.000762106855621197,99.9990522021339,0.527918781725888
485.95,486,97,156,194,780,2024-07-25,2024-07-26,541.23,59,586,109105434,79959636,0.00071490481399854,99.9979029458789,0.751282051282051
357.74,358,29,29,754,754,2024-07-25,2024-10-18,541.23,0,0,319700424,124486522,0.000235845792935201,99.998702535346,0
343.78,344,31,31,682,682,2024-07-25,2024-10-18,541.23,0,0,319700424,124486522,0.000213324709259691,99.9989158600553,0
209.99,210,647,647,647,647,2024-07-25,2024-08-16,541.23,0,0,588458256,340202139,0.000109948325714373,99.9998604828819,0
369.99,370,406,644,406,644,2024-07-25,2024-08-02,541.23,238,238,103397574,66065302,0.000622838597741181,99.9996750407316,0.369565217391304
361.73,362,23,23,621,621,2024-07-25,2024-10-18,541.23,0,0,319700424,124486522,0.000194244346701273,99.999110104402,0
488.95,489,74,121,222,605,2024-07-25,2024-07-26,541.23,47,383,109105434,79959636,0.000554509503165534,99.9984574553821,0.63305785123967
482.97,483,132,179,396,537,2024-07-25,2024-07-26,541.23,47,141,109105434,79959636,0.000492184468098995,99.9989496398502,0.262569832402235
429.99,430,316,493,632,493,2024-07-25,2024-07-26,541.23,177,-139,109105434,79959636,0.000451856504232411,99.9994014963544,-0.281947261663286
189.99,190,432,449,864,449,2024-07-25,2024-09-20,541.23,17,-415,681140816,310592197,6.59188216963348e-05,99.9999583052442,-0.924276169265033
373.37,374,0,7,0,441,2024-07-25,2024-10-18,541.23,7,441,319700424,124486522,0.000137941637512498,99.9992480460395,1
347.56,348,7,9,147,396,2024-07-25,2024-10-18,541.23,2,249,319700424,124486522,0.000123865960215305,99.9993719119997,0.628787878787879
478.97,479,88,131,176,393,2024-07-25,2024-07-26,541.23,43,217,109105434,79959636,0.000360202040899264,99.9997616983953,0.552162849872774
366.61,367,10,10,390,390,2024-07-25,2024-10-18,541.23,0,0,319700424,124486522,0.000121989203242345,99.999493901203,0
204.99,205,362,362,362,362,2024-07-25,2024-08-16,541.23,0,0,588458256,340202139,6.15166830117513e-05,99.9999219995649,0
463.82,464,19,19,342,342,2024-07-25,2024-08-16,541.23,0,0,588458256,340202139,5.81179712431463e-05,99.9999801175362,0
331.8,332,17,17,340,340,2024-07-25,2024-10-18,541.23,0,0,319700424,124486522,0.000106349561801019,99.9996002507648,0
359.99,360,336,336,336,336,2024-07-25,2024-08-02,541.23,0,0,103397574,66065302,0.000324959268386703,100,0
164.99,165,284,284,284,284,2024-07-25,2024-09-20,541.23,0,0,681140816,310592197,4.16947558168354e-05,100,0
483.98,484,127,130,381,260,2024-07-25,2024-07-26,541.23,3,-121,109105434,79959636,0.00023830160466618,100,-0.465384615384615
348.79,349,12,12,252,252,2024-07-25,2024-10-18,541.23,0,0,319700424,124486522,7.88237928642847e-05,99.9996790745576,0
336.81,337,10,10,190,190,2024-07-25,2024-10-18,541.23,0,0,319700424,124486522,5.94306374770401e-05,99.9997385051951,0
338.81,339,9,9,171,171,2024-07-25,2024-10-18,541.23,0,0,319700424,124486522,5.34875737293361e-05,99.9997919927688,0
360.47,361,3,3,159,159,2024-07-25,2024-10-18,541.23,0,0,319700424,124486522,4.97340597834177e-05,99.9998417268286,0
342.79,343,6,6,126,126,2024-07-25,2024-10-18,541.23,0,0,319700424,124486522,3.94118964321424e-05,99.999881138725,0
337.8,338,6,6,120,120,2024-07-25,2024-10-18,541.23,0,0,319700424,124486522,3.75351394591832e-05,99.9999186738645,0
340.8,341,6,6,120,120,2024-07-25,2024-10-18,541.23,0,0,319700424,124486522,3.75351394591832e-05,99.999956209004,0
350.78,351,5,5,110,110,2024-07-25,2024-10-18,541.23,0,0,319700424,124486522,3.44072111709179e-05,99.9999906162151,0
214.99,215,89,89,89,89,2024-07-25,2024-08-16,541.23,0,0,588458256,340202139,1.51242673702924e-05,99.9999952418035,0
351.7,352,1,1,30,30,2024-07-25,2024-10-18,541.23,0,0,319700424,124486522,9.3837848647958e-06,100,0
468.72,469,1,1,28,28,2024-07-25,2024-08-16,541.23,0,0,588458256,340202139,4.75819647604706e-06,100,0
541.39,569,1,0,1308,0,2024-07-25,2024-07-26,541.23,-1,-1308,109105434,79959636,0,100,-Inf
543.85,571,1,0,1920,0,2024-07-25,2024-07-26,541.23,-1,-1920,109105434,79959636,0,100,-Inf
559.97,572.5,0,0,0,0,2024-07-25,2024-07-26,541.23,0,0,109105434,79959636,0,100,
542.41,573,0,0,0,0,2024-07-25,2024-07-26,541.23,0,0,109105434,79959636,0,100,
559.3,574,0,0,0,0,2024-07-25,2024-07-26,541.23,0,0,109105434,79959636,0,100,
541.9,575,1,0,2086,0,2024-07-25,2024-07-26,541.23,-1,-2086,109105434,79959636,0,100,-Inf
576,576,0,0,0,0,2024-07-25,2024-07-26,541.23,0,0,109105434,79959636,0,100,
577,577,0,0,0,0,2024-07-25,2024-07-26,541.23,0,0,109105434,79959636,0,100,
554.82,578,0,0,0,0,2024-07-25,2024-07-26,541.23,0,0,109105434,79959636,0,100,
579,579,0,0,0,0,2024-07-25,2024-07-26,541.23,0,0,109105434,79959636,0,100,
562.75,580,0,0,0,0,2024-07-25,2024-07-26,541.23,0,0,109105434,79959636,0,100,
548.44,585,0,0,0,0,2024-07-25,2024-07-26,541.23,0,0,109105434,79959636,0,100,
548.42,590,0,0,0,0,2024-07-25,2024-07-26,541.23,0,0,109105434,79959636,0,100,
541.63,595,0,0,0,0,2024-07-25,2024-07-26,541.23,0,0,109105434,79959636,0,100,
563.06,600,0,0,0,0,2024-07-25,2024-07-26,541.23,0,0,109105434,79959636,0,100,
610,610,0,0,0,0,2024-07-25,2024-07-26,541.23,0,0,109105434,79959636,0,100,
615,615,0,0,0,0,2024-07-25,2024-07-26,541.23,0,0,109105434,79959636,0,100,
561.25,620,0,0,0,0,2024-07-25,2024-07-26,541.23,0,0,109105434,79959636,0,100,
625,625,0,0,0,0,2024-07-25,2024-07-26,541.23,0,0,109105434,79959636,0,100,
630,630,0,0,0,0,2024-07-25,2024-07-26,541.23,0,0,109105434,79959636,0,100,
635,635,0,0,0,0,2024-07-25,2024-07-26,541.23,0,0,109105434,79959636,0,100,
640,640,0,0,0,0,2024-07-25,2024-07-26,541.23,0,0,109105434,79959636,0,100,
645,645,0,0,0,0,2024-07-25,2024-07-26,541.23,0,0,109105434,79959636,0,100,
549.49,569,0,0,0,0,2024-07-25,2024-08-02,541.23,0,0,103397574,66065302,0,100,
554.4,571,0,0,0,0,2024-07-25,2024-08-02,541.23,0,0,103397574,66065302,0,100,
554.21,572,0,0,0,0,2024-07-25,2024-08-02,541.23,0,0,103397574,66065302,0,100,
561.52,572.5,0,0,0,0,2024-07-25,2024-08-02,541.23,0,0,103397574,66065302,0,100,
552.67,573,0,0,0,0,2024-07-25,2024-08-02,541.23,0,0,103397574,66065302,0,100,
574,574,0,0,0,0,2024-07-25,2024-08-02,541.23,0,0,103397574,66065302,0,100,
576,576,0,0,0,0,2024-07-25,2024-08-02,541.23,0,0,103397574,66065302,0,100,
577,577,0,0,0,0,2024-07-25,2024-08-02,541.23,0,0,103397574,66065302,0,100,
578,578,0,0,0,0,2024-07-25,2024-08-02,541.23,0,0,103397574,66065302,0,100,
579,579,0,0,0,0,2024-07-25,2024-08-02,541.23,0,0,103397574,66065302,0,100,
557.25,580,0,0,0,0,2024-07-25,2024-08-02,541.23,0,0,103397574,66065302,0,100,
585,585,0,0,0,0,2024-07-25,2024-08-02,541.23,0,0,103397574,66065302,0,100,
590,590,0,0,0,0,2024-07-25,2024-08-02,541.23,0,0,103397574,66065302,0,100,
554.31,595,0,0,0,0,2024-07-25,2024-08-02,541.23,0,0,103397574,66065302,0,100,
600,600,0,0,0,0,2024-07-25,2024-08-02,541.23,0,0,103397574,66065302,0,100,
605,605,0,0,0,0,2024-07-25,2024-08-02,541.23,0,0,103397574,66065302,0,100,
552.85,610,0,0,0,0,2024-07-25,2024-08-02,541.23,0,0,103397574,66065302,0,100,
615,615,0,0,0,0,2024-07-25,2024-08-02,541.23,0,0,103397574,66065302,0,100,
620,620,0,0,0,0,2024-07-25,2024-08-02,541.23,0,0,103397574,66065302,0,100,
625,625,0,0,0,0,2024-07-25,2024-08-02,541.23,0,0,103397574,66065302,0,100,
630,630,0,0,0,0,2024-07-25,2024-08-02,541.23,0,0,103397574,66065302,0,100,
635,635,0,0,0,0,2024-07-25,2024-08-02,541.23,0,0,103397574,66065302,0,100,
640,640,0,0,0,0,2024-07-25,2024-08-02,541.23,0,0,103397574,66065302,0,100,
554.33,645,0,0,0,0,2024-07-25,2024-08-02,541.23,0,0,103397574,66065302,0,100,
552.9,571,8,0,14480,0,2024-07-25,2024-08-09,541.23,-8,-14480,75830100,44514942,0,100,-Inf
544.03,572,2,0,2670,0,2024-07-25,2024-08-09,541.23,-2,-2670,75830100,44514942,0,100,-Inf
542.28,572.5,0,0,0,0,2024-07-25,2024-08-09,541.23,0,0,75830100,44514942,0,100,
554.52,573,0,0,0,0,2024-07-25,2024-08-09,541.23,0,0,75830100,44514942,0,100,
574,574,0,0,0,0,2024-07-25,2024-08-09,541.23,0,0,75830100,44514942,0,100,
555.13,575,0,0,0,0,2024-07-25,2024-08-09,541.23,0,0,75830100,44514942,0,100,
558.26,580,0,0,0,0,2024-07-25,2024-08-09,541.23,0,0,75830100,44514942,0,100,
560.13,585,0,0,0,0,2024-07-25,2024-08-09,541.23,0,0,75830100,44514942,0,100,
590,590,0,0,0,0,2024-07-25,2024-08-09,541.23,0,0,75830100,44514942,0,100,
552.21,595,0,0,0,0,2024-07-25,2024-08-09,541.23,0,0,75830100,44514942,0,100,
554.17,605,0,0,0,0,2024-07-25,2024-08-09,541.23,0,0,75830100,44514942,0,100,
548.39,610,0,0,0,0,2024-07-25,2024-08-09,541.23,0,0,75830100,44514942,0,100,
615,615,0,0,0,0,2024-07-25,2024-08-09,541.23,0,0,75830100,44514942,0,100,
620,620,0,0,0,0,2024-07-25,2024-08-09,541.23,0,0,75830100,44514942,0,100,
625,625,0,0,0,0,2024-07-25,2024-08-09,541.23,0,0,75830100,44514942,0,100,
630,630,0,0,0,0,2024-07-25,2024-08-09,541.23,0,0,75830100,44514942,0,100,
635,635,0,0,0,0,2024-07-25,2024-08-09,541.23,0,0,75830100,44514942,0,100,
640,640,0,0,0,0,2024-07-25,2024-08-09,541.23,0,0,75830100,44514942,0,100,
645,645,0,0,0,0,2024-07-25,2024-08-09,541.23,0,0,75830100,44514942,0,100,
573,573,0,0,0,0,2024-07-25,2024-08-16,541.23,0,0,588458256,340202139,0,100,
574,574,0,0,0,0,2024-07-25,2024-08-16,541.23,0,0,588458256,340202139,0,100,
541.31,576,10,0,22490,0,2024-07-25,2024-08-16,541.23,-10,-22490,588458256,340202139,0,100,-Inf
577,577,0,0,0,0,2024-07-25,2024-08-16,541.23,0,0,588458256,340202139,0,100,
548.77,585,0,0,0,0,2024-07-25,2024-08-16,541.23,0,0,588458256,340202139,0,100,
554.25,590,0,0,0,0,2024-07-25,2024-08-16,541.23,0,0,588458256,340202139,0,100,
544.09,595,0,0,0,0,2024-07-25,2024-08-16,541.23,0,0,588458256,340202139,0,100,
544.21,600,0,0,0,0,2024-07-25,2024-08-16,541.23,0,0,588458256,340202139,0,100,
529.7,605,0,0,0,0,2024-07-25,2024-08-16,541.23,0,0,588458256,340202139,0,100,
610,610,0,0,0,0,2024-07-25,2024-08-16,541.23,0,0,588458256,340202139,0,100,
553.62,620,0,0,0,0,2024-07-25,2024-08-16,541.23,0,0,588458256,340202139,0,100,
553.59,625,0,0,0,0,2024-07-25,2024-08-16,541.23,0,0,588458256,340202139,0,100,
544.74,630,0,0,0,0,2024-07-25,2024-08-16,541.23,0,0,588458256,340202139,0,100,
504.99,635,0,0,0,0,2024-07-25,2024-08-16,541.23,0,0,588458256,340202139,0,100,
559.46,640,0,0,0,0,2024-07-25,2024-08-16,541.23,0,0,588458256,340202139,0,100,
544.02,645,0,0,0,0,2024-07-25,2024-08-16,541.23,0,0,588458256,340202139,0,100,
544.55,650,0,0,0,0,2024-07-25,2024-08-16,541.23,0,0,588458256,340202139,0,100,
548.83,572,18,0,41706,0,2024-07-25,2024-08-23,541.23,-18,-41706,59100352,34506194,0,100,-Inf
551.68,572.5,3,0,6246,0,2024-07-25,2024-08-23,541.23,-3,-6246,59100352,34506194,0,100,-Inf
554.37,574,0,0,0,0,2024-07-25,2024-08-23,541.23,0,0,59100352,34506194,0,100,
552.9,580,0,0,0,0,2024-07-25,2024-08-23,541.23,0,0,59100352,34506194,0,100,
555.38,585,0,0,0,0,2024-07-25,2024-08-23,541.23,0,0,59100352,34506194,0,100,
559.03,590,0,0,0,0,2024-07-25,2024-08-23,541.23,0,0,59100352,34506194,0,100,
559.99,595,0,0,0,0,2024-07-25,2024-08-23,541.23,0,0,59100352,34506194,0,100,
559.41,600,0,0,0,0,2024-07-25,2024-08-23,541.23,0,0,59100352,34506194,0,100,
605,605,0,0,0,0,2024-07-25,2024-08-23,541.23,0,0,59100352,34506194,0,100,
610,610,0,0,0,0,2024-07-25,2024-08-23,541.23,0,0,59100352,34506194,0,100,
615,615,0,0,0,0,2024-07-25,2024-08-23,541.23,0,0,59100352,34506194,0,100,
620,620,0,0,0,0,2024-07-25,2024-08-23,541.23,0,0,59100352,34506194,0,100,
625,625,0,0,0,0,2024-07-25,2024-08-23,541.23,0,0,59100352,34506194,0,100,
630,630,0,0,0,0,2024-07-25,2024-08-23,541.23,0,0,59100352,34506194,0,100,
635,635,0,0,0,0,2024-07-25,2024-08-23,541.23,0,0,59100352,34506194,0,100,
640,640,0,0,0,0,2024-07-25,2024-08-23,541.23,0,0,59100352,34506194,0,100,
645,645,0,0,0,0,2024-07-25,2024-08-23,541.23,0,0,59100352,34506194,0,100,
554.3,573,4,0,7480,0,2024-07-25,2024-08-30,541.23,-4,-7480,195961664,100553670,0,100,-Inf
561.42,590,0,0,0,0,2024-07-25,2024-08-30,541.23,0,0,195961664,100553670,0,100,
560.89,595,0,0,0,0,2024-07-25,2024-08-30,541.23,0,0,195961664,100553670,0,100,
548.46,600,1,0,4578,0,2024-07-25,2024-08-30,541.23,-1,-4578,195961664,100553670,0,100,-Inf
554.2,605,0,0,0,0,2024-07-25,2024-08-30,541.23,0,0,195961664,100553670,0,100,
555.11,610,0,0,0,0,2024-07-25,2024-08-30,541.23,0,0,195961664,100553670,0,100,
615,615,0,0,0,0,2024-07-25,2024-08-30,541.23,0,0,195961664,100553670,0,100,
620,620,0,0,0,0,2024-07-25,2024-08-30,541.23,0,0,195961664,100553670,0,100,
625,625,0,0,0,0,2024-07-25,2024-08-30,541.23,0,0,195961664,100553670,0,100,
630,630,0,0,0,0,2024-07-25,2024-08-30,541.23,0,0,195961664,100553670,0,100,
554.79,635,0,0,0,0,2024-07-25,2024-08-30,541.23,0,0,195961664,100553670,0,100,
548.51,645,0,0,0,0,2024-07-25,2024-08-30,541.23,0,0,195961664,100553670,0,100,
555.15,576,198,0,412830,0,2024-07-25,2024-09-20,541.23,-198,-412830,681140816,310592197,0,100,-Inf
554.51,578,28,0,65772,0,2024-07-25,2024-09-20,541.23,-28,-65772,681140816,310592197,0,100,-Inf
549.46,579,3,0,8862,0,2024-07-25,2024-09-20,541.23,-3,-8862,681140816,310592197,0,100,-Inf
553.78,582,0,0,0,0,2024-07-25,2024-09-20,541.23,0,0,681140816,310592197,0,100,
562.96,595,0,0,0,0,2024-07-25,2024-09-20,541.23,0,0,681140816,310592197,0,100,
554.19,610,0,0,0,0,2024-07-25,2024-09-20,541.23,0,0,681140816,310592197,0,100,
544.54,615,0,0,0,0,2024-07-25,2024-09-20,541.23,0,0,681140816,310592197,0,100,
620,620,0,0,0,0,2024-07-25,2024-09-20,541.23,0,0,681140816,310592197,0,100,
498,625,0,0,0,0,2024-07-25,2024-09-20,541.23,0,0,681140816,310592197,0,100,
630,630,0,0,0,0,2024-07-25,2024-09-20,541.23,0,0,681140816,310592197,0,100,
635,635,0,0,0,0,2024-07-25,2024-09-20,541.23,0,0,681140816,310592197,0,100,
435.01,640,0,0,0,0,2024-07-25,2024-09-20,541.23,0,0,681140816,310592197,0,100,
645,645,0,0,0,0,2024-07-25,2024-09-20,541.23,0,0,681140816,310592197,0,100,
545.05,650,0,0,0,0,2024-07-25,2024-09-20,541.23,0,0,681140816,310592197,0,100,
434.75,655,0,0,0,0,2024-07-25,2024-09-20,541.23,0,0,681140816,310592197,0,100,
660,660,0,0,0,0,2024-07-25,2024-09-20,541.23,0,0,681140816,310592197,0,100,
435,665,0,0,0,0,2024-07-25,2024-09-20,541.23,0,0,681140816,310592197,0,100,
434.73,670,0,0,0,0,2024-07-25,2024-09-20,541.23,0,0,681140816,310592197,0,100,
434.51,675,0,0,0,0,2024-07-25,2024-09-20,541.23,0,0,681140816,310592197,0,100,
434.79,680,0,0,0,0,2024-07-25,2024-09-20,541.23,0,0,681140816,310592197,0,100,
450.5,685,0,0,0,0,2024-07-25,2024-09-20,541.23,0,0,681140816,310592197,0,100,
434.75,690,0,0,0,0,2024-07-25,2024-09-20,541.23,0,0,681140816,310592197,0,100,
434.68,695,0,0,0,0,2024-07-25,2024-09-20,541.23,0,0,681140816,310592197,0,100,
563.09,700,0,0,0,0,2024-07-25,2024-09-20,541.23,0,0,681140816,310592197,0,100,
354,354,0,0,0,0,2024-07-25,2024-10-18,541.23,0,0,319700424,124486522,0,100,
545.94,577,6,0,14400,0,2024-07-25,2024-10-18,541.23,-6,-14400,319700424,124486522,0,100,-Inf
558.8,590,0,0,0,0,2024-07-25,2024-10-18,541.23,0,0,319700424,124486522,0,100,
562.62,600,0,0,0,0,2024-07-25,2024-10-18,541.23,0,0,319700424,124486522,0,100,
605,605,0,0,0,0,2024-07-25,2024-10-18,541.23,0,0,319700424,124486522,0,100,
540.93,615,0,0,0,0,2024-07-25,2024-10-18,541.23,0,0,319700424,124486522,0,100,
620,620,0,0,0,0,2024-07-25,2024-10-18,541.23,0,0,319700424,124486522,0,100,
625,625,0,0,0,0,2024-07-25,2024-10-18,541.23,0,0,319700424,124486522,0,100,
630,630,0,0,0,0,2024-07-25,2024-10-18,541.23,0,0,319700424,124486522,0,100,
635,635,0,0,0,0,2024-07-25,2024-10-18,541.23,0,0,319700424,124486522,0,100,
640,640,0,0,0,0,2024-07-25,2024-10-18,541.23,0,0,319700424,124486522,0,100,
645,645,0,0,0,0,2024-07-25,2024-10-18,541.23,0,0,319700424,124486522,0,100,
521.61,650,0,0,0,0,2024-07-25,2024-10-18,541.23,0,0,319700424,124486522,0,100,
655,655,0,0,0,0,2024-07-25,2024-10-18,541.23,0,0,319700424,124486522,0,100,
660,660,0,0,0,0,2024-07-25,2024-10-18,541.23,0,0,319700424,124486522,0,100,
665,665,0,0,0,0,2024-07-25,2024-10-18,541.23,0,0,319700424,124486522,0,100,
670,670,0,0,0,0,2024-07-25,2024-10-18,541.23,0,0,319700424,124486522,0,100,
675,675,0,0,0,0,2024-07-25,2024-10-18,541.23,0,0,319700424,124486522,0,100,
680,680,0,0,0,0,2024-07-25,2024-10-18,541.23,0,0,319700424,124486522,0,100,
547.44,590,7,0,28567,0,2024-07-25,2024-11-15,541.23,-7,-28567,192521572,68415428,0,100,-Inf
605,605,0,0,0,0,2024-07-25,2024-11-15,541.23,0,0,192521572,68415428,0,100,
610,610,0,0,0,0,2024-07-25,2024-11-15,541.23,0,0,192521572,68415428,0,100,
552.29,615,0,0,0,0,2024-07-25,2024-11-15,541.23,0,0,192521572,68415428,0,100,
620,620,0,0,0,0,2024-07-25,2024-11-15,541.23,0,0,192521572,68415428,0,100,
625,625,0,0,0,0,2024-07-25,2024-11-15,541.23,0,0,192521572,68415428,0,100,
630,630,0,0,0,0,2024-07-25,2024-11-15,541.23,0,0,192521572,68415428,0,100,
635,635,0,0,0,0,2024-07-25,2024-11-15,541.23,0,0,192521572,68415428,0,100,
640,640,0,0,0,0,2024-07-25,2024-11-15,541.23,0,0,192521572,68415428,0,100,
645,645,0,0,0,0,2024-07-25,2024-11-15,541.23,0,0,192521572,68415428,0,100,
650,650,0,0,0,0,2024-07-25,2024-11-15,541.23,0,0,192521572,68415428,0,100,
655,655,0,0,0,0,2024-07-25,2024-11-15,541.23,0,0,192521572,68415428,0,100,
660,660,0,0,0,0,2024-07-25,2024-11-15,541.23,0,0,192521572,68415428,0,100,
665,665,0,0,0,0,2024-07-25,2024-11-15,541.23,0,0,192521572,68415428,0,100,
670,670,0,0,0,0,2024-07-25,2024-11-15,541.23,0,0,192521572,68415428,0,100,
675,675,0,0,0,0,2024-07-25,2024-11-15,541.23,0,0,192521572,68415428,0,100,
546.36,680,0,0,0,0,2024-07-25,2024-11-15,541.23,0,0,192521572,68415428,0,100,
553.86,595,1,0,4114,0,2024-07-25,2024-12-20,541.23,-1,-4114,652255728,204674421,0,100,-Inf
546.34,605,0,0,0,0,2024-07-25,2024-12-20,541.23,0,0,652255728,204674421,0,100,
558.6,615,0,0,0,0,2024-07-25,2024-12-20,541.23,0,0,652255728,204674421,0,100,
529.15,625,0,0,0,0,2024-07-25,2024-12-20,541.23,0,0,652255728,204674421,0,100,
501.25,630,0,0,0,0,2024-07-25,2024-12-20,541.23,0,0,652255728,204674421,0,100,
514.35,635,0,0,0,0,2024-07-25,2024-12-20,541.23,0,0,652255728,204674421,0,100,
545.03,640,0,0,0,0,2024-07-25,2024-12-20,541.23,0,0,652255728,204674421,0,100,
493.79,645,0,0,0,0,2024-07-25,2024-12-20,541.23,0,0,652255728,204674421,0,100,
544.86,650,0,0,0,0,2024-07-25,2024-12-20,541.23,0,0,652255728,204674421,0,100,
453.98,655,0,0,0,0,2024-07-25,2024-12-20,541.23,0,0,652255728,204674421,0,100,
418.16,660,0,0,0,0,2024-07-25,2024-12-20,541.23,0,0,652255728,204674421,0,100,
665,665,0,0,0,0,2024-07-25,2024-12-20,541.23,0,0,652255728,204674421,0,100,
670,670,0,0,0,0,2024-07-25,2024-12-20,541.23,0,0,652255728,204674421,0,100,
675,675,0,0,0,0,2024-07-25,2024-12-20,541.23,0,0,652255728,204674421,0,100,
680,680,0,0,0,0,2024-07-25,2024-12-20,541.23,0,0,652255728,204674421,0,100,
685,685,0,0,0,0,2024-07-25,2024-12-20,541.23,0,0,652255728,204674421,0,100,
690,690,0,0,0,0,2024-07-25,2024-12-20,541.23,0,0,652255728,204674421,0,100,
493.35,695,0,0,0,0,2024-07-25,2024-12-20,541.23,0,0,652255728,204674421,0,100,
498.41,700,0,0,0,0,2024-07-25,2024-12-20,541.23,0,0,652255728,204674421,0,100,
705,705,0,0,0,0,2024-07-25,2024-12-20,541.23,0,0,652255728,204674421,0,100,
418.57,710,0,0,0,0,2024-07-25,2024-12-20,541.23,0,0,652255728,204674421,0,100,
494.27,715,0,0,0,0,2024-07-25,2024-12-20,541.23,0,0,652255728,204674421,0,100,
553.34,725,0,0,0,0,2024-07-25,2024-12-20,541.23,0,0,652255728,204674421,0,100,
730,730,0,0,0,0,2024-07-25,2024-12-20,541.23,0,0,652255728,204674421,0,100,
735,735,0,0,0,0,2024-07-25,2024-12-20,541.23,0,0,652255728,204674421,0,100,
740,740,0,0,0,0,2024-07-25,2024-12-20,541.23,0,0,652255728,204674421,0,100,
544.46,745,0,0,0,0,2024-07-25,2024-12-20,541.23,0,0,652255728,204674421,0,100,
544.42,750,0,0,0,0,2024-07-25,2024-12-20,541.23,0,0,652255728,204674421,0,100,
755,755,0,0,0,0,2024-07-25,2024-12-20,541.23,0,0,652255728,204674421,0,100,
760,760,0,0,0,0,2024-07-25,2024-12-20,541.23,0,0,652255728,204674421,0,100,
765,765,0,0,0,0,2024-07-25,2024-12-20,541.23,0,0,652255728,204674421,0,100,
557.26,770,0,0,0,0,2024-07-25,2024-12-20,541.23,0,0,652255728,204674421,0,100,
