Watch,strike,open_interest.yt,open_interest.td,OI_Dollar.yt,OI_Dollar.td,Date.td,expiry,stkClose,diff_oi,diff_oi_d,totalOI,totalOIdiff,OI_pct,cum_sep_OI,pct
644.67,650,57249,67652,39444561,36058516,2025-10-28,2025-12-19,685.24,10403,-3386045,300471627,-71189842,12.0006392483774,12.0006392483774,-0.0939041695448587
653.27,660,37665,38315,32994540,25785995,2025-10-28,2025-12-19,685.24,650,-7208545,300471627,-71189842,8.5818402414415,20.5824794898189,-0.279552718442705
657.11,660,61399,63280,28304939,18287920,2025-10-28,2025-11-21,685.24,1881,-10017019,221849780,-97856565,8.24337982214812,8.24337982214812,-0.547739655466559
635.72,640,40789,41311,22678684,17681108,2025-10-28,2025-12-19,685.24,522,-4997576,300471627,-71189842,5.88445177886962,26.4669312686885,-0.282650612167518
661.35,670,18249,19460,20347635,16832900,2025-10-28,2025-12-19,685.24,1211,-3514735,300471627,-71189842,5.60215956763199,32.0690908363205,-0.208801513702333
668.66,680,12531,14176,18282729,16075584,2025-10-28,2025-12-19,685.24,1645,-2207145,300471627,-71189842,5.35011713435425,37.4192079706747,-0.137297966904344
617.23,620,54959,55186,20005076,15286522,2025-10-28,2025-12-19,685.24,227,-4718554,300471627,-71189842,5.08750931082088,42.5067172814956,-0.308674137910507
647.99,650,66651,71344,21728226,14340144,2025-10-28,2025-11-21,685.24,4693,-7388082,221849780,-97856565,6.46389822879247,14.7072780509406,-0.515202776206431
621.89,625,43287,45203,17531235,14058133,2025-10-28,2025-12-19,685.24,1916,-3473102,300471627,-71189842,4.67868901312269,47.1854062946183,-0.24705286256717
665.72,670,30200,31261,20203800,13379708,2025-10-28,2025-11-21,685.24,1061,-6824092,221849780,-97856565,6.03097645623088,20.7382545071715,-0.510032954381366
626.54,630,37854,38485,16807176,13315810,2025-10-28,2025-12-19,685.24,631,-3491366,300471627,-71189842,4.43163640206202,51.6170426966803,-0.262197042463057
607.73,610,50998,52356,15350398,11884812,2025-10-28,2025-12-19,685.24,1358,-3465586,300471627,-71189842,3.95538577757294,55.5724284742533,-0.291597881396862
554.08,555,114734,114732,13882814,10555344,2025-10-28,2025-12-19,685.24,-2,-3327470,300471627,-71189842,3.51292536516268,59.0853538394159,-0.315240318079638
504.51,505,211687,211805,13759655,10378445,2025-10-28,2025-12-19,685.24,118,-3381210,300471627,-71189842,3.45405158670772,62.5394054261237,-0.32579158053061
638.59,640,69179,70878,16257065,9993798,2025-10-28,2025-11-21,685.24,1699,-6263267,221849780,-97856565,4.50475903108851,25.24301353826,-0.626715388884186
640.23,645,18925,19826,11714575,9457002,2025-10-28,2025-12-19,685.24,901,-2257573,300471627,-71189842,3.14738602590254,65.6867914520262,-0.238719733801474
649.02,655,15200,15472,11780000,9252256,2025-10-28,2025-12-19,685.24,272,-2527744,300471627,-71189842,3.07924448387268,68.7660359358989,-0.273202989627611
598.11,600,45428,48407,11357000,9148923,2025-10-28,2025-12-19,685.24,2979,-2208077,300471627,-71189842,3.04485421513693,71.8108901510358,-0.241348298592086
628.94,630,65987,82376,11283777,8731856,2025-10-28,2025-11-21,685.24,16389,-2551921,221849780,-97856565,3.93593178230783,29.1789453205678,-0.292254132454773
633.77,635,46019,60528,9203800,7444944,2025-10-28,2025-11-21,685.24,14509,-1758856,221849780,-97856565,3.35584916964984,32.5347944902177,-0.236248385481476
679.47,690,6361,6632,9859550,6983496,2025-10-28,2025-11-21,685.24,271,-2876054,221849780,-97856565,3.14784896338414,35.6826434536018,-0.411835848406014
573.76,575,53164,53138,8612568,6589112,2025-10-28,2025-12-19,685.24,-26,-2023456,300471627,-71189842,2.19292319404254,74.0038133450783,-0.307090849267701
657.38,665,7677,8348,7577199,6361176,2025-10-28,2025-12-19,685.24,671,-1216023,300471627,-71189842,2.11706378519393,76.1208771302723,-0.191163237740946
624.1,625,70556,69328,10442288,6239520,2025-10-28,2025-11-21,685.24,-1228,-4202768,221849780,-97856565,2.81249771805048,38.4951411716523,-0.673572326076365
649.85,652,5099,25981,1774452,5585915,2025-10-28,2025-11-21,685.24,20882,3811463,221849780,-97856565,2.51788169454123,41.0130228661935,0.682334586186865
661.5,665,16087,15838,8912198,5543300,2025-10-28,2025-11-21,685.24,-249,-3368898,221849780,-97856565,2.49867275054318,43.5116956167367,-0.607742319556943
612.48,615,20632,21981,6849824,5539212,2025-10-28,2025-12-19,685.24,1349,-1310612,300471627,-71189842,1.84350584289944,77.9643829731717,-0.236606217635288
652.63,655,22227,22441,8557395,5318517,2025-10-28,2025-11-21,685.24,214,-3238878,221849780,-97856565,2.39735058560797,45.9090462023447,-0.608981413427841
643.3,645,30723,30600,8510271,5202000,2025-10-28,2025-11-21,685.24,-123,-3308271,221849780,-97856565,2.34482991148335,48.253876113828,-0.635961361014994
647.05,649,4822,25882,1518930,5046990,2025-10-28,2025-11-21,685.24,21060,3528060,221849780,-97856565,2.27495830737358,50.5288344212016,0.699042399529224
578.67,580,37121,37615,6496175,5002795,2025-10-28,2025-12-19,685.24,494,-1493380,300471627,-71189842,1.66498083361462,79.6293638067863,-0.298509133394433
665.11,675,4613,4785,5863123,4732365,2025-10-28,2025-12-19,685.24,172,-1130758,300471627,-71189842,1.5749789912776,81.2043427980639,-0.23894141724064
519.77,520,201844,201846,6660852,4642458,2025-10-28,2025-11-28,685.24,2,-2018394,73461525,-26342754,6.3195774931163,6.3195774931163,-0.434768392088846
647.36,650,16766,17072,6706400,4507008,2025-10-28,2025-11-28,685.24,306,-2199392,73461525,-26342754,6.13519526037609,12.4547727534924,-0.487993808752947
569.58,570,101737,101724,6511168,4272408,2025-10-28,2025-11-28,685.24,-13,-2238760,73461525,-26342754,5.81584441651599,18.2706171700084,-0.524004261765262
669.73,675,6665,8104,5451970,4270808,2025-10-28,2025-11-21,685.24,1439,-1181162,221849780,-97856565,1.92509003164213,52.4539244528437,-0.276566401486557
677.78,680,4419,18213,2669076,4043286,2025-10-28,2025-10-31,685.24,13794,1374210,41909570,-34227123,9.64764372433313,9.64764372433313,0.339874547583327
609.37,610,64351,64166,6499451,4042458,2025-10-28,2025-11-21,685.24,-185,-2456993,221849780,-97856565,1.82216002197523,54.276084474819,-0.60779679096233
619.21,620,53263,48319,6817664,3817201,2025-10-28,2025-11-21,685.24,-4944,-3000463,221849780,-97856565,1.7206241989512,55.9967086737702,-0.786037465671837
636.66,638,27018,27059,5943960,3625906,2025-10-28,2025-11-21,685.24,41,-2318054,221849780,-97856565,1.6343969329156,57.6311056066858,-0.639303390656018
549.13,550,46387,41518,5195344,3612066,2025-10-28,2025-12-19,685.24,-4869,-1583278,300471627,-71189842,1.2021321400839,82.4064749381478,-0.438330307364262
631.2,635,10293,9483,5136207,3603540,2025-10-28,2025-12-19,685.24,-810,-1532667,300471627,-71189842,1.19929460095079,83.6057695390986,-0.42532259944388
671.95,685,2175,2716,3643125,3544380,2025-10-28,2025-12-19,685.24,541,-98744.9999999995,300471627,-71189842,1.17960555390476,84.7853750930034,-0.0278595974472262
673.37,680,4058,5172,4118870,3429036,2025-10-28,2025-11-21,685.24,1114,-689834.000000001,221849780,-97856565,1.54565670518132,59.1767623118671,-0.201174324212403
671.14,675,2017,8575,1383662,3309950,2025-10-28,2025-11-14,685.24,6558,1926288,26754852,-10032626,12.3714008958076,12.3714008958076,0.581968911917099
638.04,640,16414,16597,4825716,3253012,2025-10-28,2025-11-28,685.24,183,-1572704,73461525,-26342754,4.42818468579301,22.6988018558014,-0.483460866421643
668.83,675,2182,5220,1994348,3220740,2025-10-28,2025-11-28,685.24,3038,1226392,73461525,-26342754,4.38425420653873,27.0830560623401,0.380779572396406
564.72,565,114269,114217,5256374,3198076,2025-10-28,2025-11-21,685.24,-52,-2058298,221849780,-97856565,1.44155022375952,60.6183125356266,-0.643605092561903
681.75,686,390,7518,352560,3195150,2025-10-28,2025-10-31,685.24,7128,2842590,41909570,-34227123,7.62391501511469,17.2715587394478,0.889657762546359
666.48,671,6800,6702,4787200,3029304,2025-10-28,2025-11-21,685.24,-98,-1757896,221849780,-97856565,1.36547532298657,61.9837878586132,-0.580296992312426
454.73,455,110804,110810,4210552,2991870,2025-10-28,2025-12-19,685.24,6,-1218682,300471627,-71189842,0.995724631264435,85.7810997242678,-0.407331200887739
667.31,672,6415,6360,4676535,2982840,2025-10-28,2025-11-21,685.24,-55,-1693695,221849780,-97856565,1.34453142121664,63.3283192798298,-0.567812889729251
664.85,670,5493,5633,4185666,2900995,2025-10-28,2025-11-28,685.24,140,-1284671,73461525,-26342754,3.94899915295796,31.0320552152981,-0.442838060734334
514.86,515,206451,206446,4748373,2890244,2025-10-28,2025-11-21,685.24,-5,-1858129,221849780,-97856565,1.30279326849006,64.6311125483199,-0.642896931885336
679.6,685,3473,5261,3542460,2840940,2025-10-28,2025-11-07,685.24,1788,-701520,35214484,-18539585,8.06753266638807,8.06753266638807,-0.246932353375995
599.5,600,63276,55859,5062080,2792950,2025-10-28,2025-11-21,685.24,-7417,-2269130,221849780,-97856565,1.25893746660466,65.8900500149245,-0.812449202456184
631.87,633,21655,24560,4027830,2775280,2025-10-28,2025-11-21,685.24,2905,-1252550,221849780,-97856565,1.25097261759737,67.1410226325219,-0.451323830388286
519.41,520,61780,46843,4942400,2763737,2025-10-28,2025-12-19,685.24,-14937,-2178663,300471627,-71189842,0.919799658821031,86.7008993830888,-0.78830330092914
669.21,670,32019,34400,8292921,2717600,2025-10-28,2025-10-31,685.24,2381,-5575321,41909570,-34227123,6.48443780263076,23.7559965420786,-2.05156056814837
674.03,677,1341,8700,831420,2583900,2025-10-28,2025-11-07,685.24,7359,1752480,35214484,-18539585,7.33760574200093,15.405138408389,0.678230581678858
659.06,660,27421,27261,6334251,2562534,2025-10-28,2025-11-07,685.24,-160,-3771717,35214484,-18539585,7.27693184429452,22.6820702526835,-1.47187003177324
681.19,685,3480,6696,3097200,2551176,2025-10-28,2025-10-31,685.24,3216,-546024,41909570,-34227123,6.08733518382556,29.8433317259041,-0.214028353982634
637.61,639,17966,17958,4096248,2496162,2025-10-28,2025-11-21,685.24,-8,-1600086,221849780,-97856565,1.12515865465361,68.2661812871755,-0.641018491588286
634.76,636,19747,19699,4107376,2442676,2025-10-28,2025-11-21,685.24,-48,-1664700,221849780,-97856565,1.10104954803201,69.3672308352075,-0.68150667546576
672.36,675,2895,9229,1577775,2436456,2025-10-28,2025-11-07,685.24,6334,858681,35214484,-18539585,6.91890302865151,29.600973281335,0.352430333238113
671.93,678,3129,3943,2906841,2393401,2025-10-28,2025-11-21,685.24,814,-513440,221849780,-97856565,1.07883857265939,70.4460694078669,-0.214523182701102
568.85,570,20725,20808,3108750,2392920,2025-10-28,2025-12-19,685.24,83,-715830.000000001,300471627,-71189842,0.796388006379051,87.4972873894679,-0.299144977684169
630.89,632,21530,21518,3961520,2388498,2025-10-28,2025-11-21,685.24,-12,-1573022,221849780,-97856565,1.07662851863094,71.5226979264978,-0.658582087990025
668.04,674,3988,3985,3509440,2375060,2025-10-28,2025-11-28,685.24,-3,-1134380,73461525,-26342754,3.23306656103314,34.2651217763312,-0.477621617980177
588.43,590,14989,15048,3117712,2362536,2025-10-28,2025-12-19,685.24,59,-755176.000000001,300471627,-71189842,0.786275903514843,88.2835632929827,-0.319646346129752
609.12,610,26980,26835,3696260,2361480,2025-10-28,2025-11-28,685.24,-145,-1334780,73461525,-26342754,3.21458069377133,37.4797024701026,-0.565230279316361
663.71,665,16361,18167,4941022,2343543,2025-10-28,2025-11-07,685.24,1806,-2597479,35214484,-18539585,6.65505421008015,36.2560274914152,-1.10835559663296
676.72,685,1487,2775,1858750,2297700,2025-10-28,2025-11-21,685.24,1288,438950,221849780,-97856565,1.03570082422439,72.5583987507222,0.191038864951908
539.24,540,30194,30226,3049594,2297176,2025-10-28,2025-12-19,685.24,32,-752418,300471627,-71189842,0.764523433688466,89.0480867266712,-0.327540423546128
499.9,500,223609,223185,4248571,2231850,2025-10-28,2025-11-21,685.24,-424,-2016721,221849780,-97856565,1.00601857707499,73.5644173277972,-0.903609561574479
627,628,20447,22274,3312414,2227400,2025-10-28,2025-11-21,685.24,1827,-1085014,221849780,-97856565,1.00401271527067,74.5684300430679,-0.487121307353866
674.94,690,1244,1456,2330012,2192736,2025-10-28,2025-12-19,685.24,212,-137276,300471627,-71189842,0.72976474414338,89.7778514708146,-0.0626048917881587
549.8,550,108291,108238,3898476,2164760,2025-10-28,2025-11-21,685.24,-53,-1733716,221849780,-97856565,0.975777393153151,75.544207436221,-0.800881391008703
659.65,660,61819,60412,7232823,2114420,2025-10-28,2025-10-31,685.24,-1407,-5118403,41909570,-34227123,5.04519612107688,34.888527846981,-2.42071253582543
641.39,643,19574,13098,5089240,2108778,2025-10-28,2025-11-21,685.24,-6476,-2980462,221849780,-97856565,0.950543200899275,76.4947506371203,-1.41335977518734
671.26,677,3042,3538,2716506,2030812,2025-10-28,2025-11-21,685.24,496,-685694,221849780,-97856565,0.91539960057657,77.4101502376969,-0.337645237471514
668.89,674,3936,3943,3070080,2014873,2025-10-28,2025-11-21,685.24,7,-1055207,221849780,-97856565,0.908215009273392,78.3183652469703,-0.523708938479001
559.01,560,20125,20111,2616250,1990989,2025-10-28,2025-12-19,685.24,-14,-625261,300471627,-71189842,0.662621299680985,90.4404727704956,-0.314045431692491
672.42,680,1963,2607,2153411,1976106,2025-10-28,2025-11-28,685.24,644,-177305,73461525,-26342754,2.68998771806058,40.1696901881631,-0.0897244378591026
683.5,700,82,1191,191798,1965150,2025-10-28,2025-11-21,685.24,1109,1773352,221849780,-97856565,0.88580209545396,79.2041673424242,0.902400325674885
676.3,680,3420,5157,2544480,1908090,2025-10-28,2025-11-07,685.24,1737,-636390,35214484,-18539585,5.41848064563434,41.6745081370495,-0.333522003679072
499.55,500,41247,41128,2557314,1850760,2025-10-28,2025-12-19,685.24,-119,-706554,300471627,-71189842,0.615951668541403,91.056424439037,-0.381764248200739
593.27,595,10629,10620,2402154,1837260,2025-10-28,2025-12-19,685.24,-9,-564894,300471627,-71189842,0.611458731842258,91.6678831708792,-0.307465464877045
579.82,580,100762,100759,3425908,1813662,2025-10-28,2025-11-14,685.24,-3,-1612246,26754852,-10032626,6.7788152967544,19.150216192562,-0.888945128695424
529.91,530,201280,201280,3019200,1811520,2025-10-28,2025-11-14,685.24,0,-1207680,26754852,-10032626,6.77080927227704,25.9210254648391,-0.666666666666667
668.2,670,5939,9996,2405295,1799280,2025-10-28,2025-11-07,685.24,4057,-606015,35214484,-18539585,5.10948847070995,46.7839966077595,-0.336809723889556
635.7,637,13475,13780,2829750,1791400,2025-10-28,2025-11-21,685.24,305,-1038350,221849780,-97856565,0.807483333992939,80.0116506764172,-0.579630456626103
602.94,605,8382,8572,2288286,1765832,2025-10-28,2025-12-19,685.24,190,-522454,300471627,-71189842,0.587686770172147,92.2555699410514,-0.295868463138056
656.34,660,5521,4753,3008945,1739598,2025-10-28,2025-11-28,685.24,-768,-1269347,73461525,-26342754,2.36803959623762,42.5377297844007,-0.72967835097534
673.69,675,10037,13056,3964615,1710336,2025-10-28,2025-10-31,685.24,3019,-2254279,41909570,-34227123,4.08101538622324,38.9695432332043,-1.3180328309759
675.44,683,217,2208,241521,1669248,2025-10-28,2025-11-21,685.24,1991,1427727,221849780,-97856565,0.752422652841937,80.7640733292591,0.855311493558776
670.47,676,2997,3018,2565432,1668954,2025-10-28,2025-11-21,685.24,21,-896478,221849780,-97856565,0.752290130736213,81.5163634599953,-0.537149615867184
614.3,615,25527,23840,2935605,1668800,2025-10-28,2025-11-21,685.24,-1687,-1266805,221849780,-97856565,0.752220714395119,82.2685841743905,-0.759111337488015
632.83,634,14020,14201,2733900,1661517,2025-10-28,2025-11-21,685.24,181,-1072383,221849780,-97856565,0.74893786236795,83.0175220367584,-0.645424031171514
679.69,700,571,774,1461189,1571994,2025-10-28,2025-12-19,685.24,203,110805,300471627,-71189842,0.523175520995199,92.7787454620466,0.0704869102553825
662.35,666,4575,4302,2603175,1570230,2025-10-28,2025-11-21,685.24,-273,-1032945,221849780,-97856565,0.707789748540657,83.725311785299,-0.657830381536463
660.73,665,3049,3676,1945262,1569652,2025-10-28,2025-11-28,685.24,627,-375610,73461525,-26342754,2.13669944913341,44.6744292335342,-0.239295079418878
563.94,565,14733,14756,2062620,1564136,2025-10-28,2025-12-19,685.24,23,-498484,300471627,-71189842,0.520560299026171,93.2993057610727,-0.318696072464287
671.93,673,10597,14516,3528801,1553212,2025-10-28,2025-10-31,685.24,3919,-1975589,41909570,-34227123,3.70610340311294,42.6756466363172,-1.27193776509581
583.55,585,10600,10604,2035200,1537580,2025-10-28,2025-12-19,685.24,4,-497620,300471627,-71189842,0.511722193323764,93.8110279543965,-0.323638444828887
663.2,667,3687,3997,2219574,1518860,2025-10-28,2025-11-21,685.24,310,-700714,221849780,-97856565,0.684634440475893,84.4099462257749,-0.461342059175961
662.56,663,5587,34488,821289,1517472,2025-10-28,2025-10-31,685.24,28901,696183,41909570,-34227123,3.62082455152845,46.2964711878456,0.45877815208452
649.81,650,80753,79451,4683674,1509569,2025-10-28,2025-10-31,685.24,-1302,-3174105,41909570,-34227123,3.6019672833675,49.8984384712131,-2.10265645359702
659.73,663,4657,4598,2398355,1503546,2025-10-28,2025-11-21,685.24,-59,-894809.000000001,221849780,-97856565,0.677731571336244,85.0876777971112,-0.595132440244595
628.53,630,6492,10183,1460700,1496901,2025-10-28,2025-11-28,685.24,3691,36201,73461525,-26342754,2.03766665611693,46.7120958896511,0.0241839640697681
529.3,530,21314,21343,1854318,1494010,2025-10-28,2025-12-19,685.24,29,-360308,300471627,-71189842,0.497221656139932,94.3082496105364,-0.241168399140568
663.89,669,2894,2898,2072104,1480878,2025-10-28,2025-11-28,685.24,4,-591226,73461525,-26342754,2.0158552385075,48.7279511281586,-0.399240180487522
648.29,651,5432,5435,2216256,1472885,2025-10-28,2025-11-28,685.24,3,-743371,73461525,-26342754,2.00497471295348,50.7329258411121,-0.504704033240884
676.21,678,6164,7745,3143640,1386355,2025-10-28,2025-10-31,685.24,1581,-1757285,41909570,-34227123,3.3079676073985,53.2064060786116,-1.26755773232686
650.89,654,4344,4339,1928736,1349429,2025-10-28,2025-11-28,685.24,-5,-579307,73461525,-26342754,1.83691939419989,52.569845235312,-0.429297873396822
599.28,600,18553,18687,2022277,1345464,2025-10-28,2025-11-28,685.24,134,-676813,73461525,-26342754,1.83152201101189,54.4013672463239,-0.503033154361618
660.66,664,3730,3983,2006740,1330322,2025-10-28,2025-11-21,685.24,253,-676418,221849780,-97856565,0.599649907248049,85.6873277043592,-0.508461861113324
671.59,674,2072,5470,1073296,1318270,2025-10-28,2025-11-07,685.24,3398,244974,35214484,-18539585,3.74354484365013,50.5275414514096,0.185829913447169
679.93,683,205,4287,159900,1316109,2025-10-28,2025-10-31,685.24,4082,1156209,41909570,-34227123,3.14035433911634,56.346760417728,0.878505503723476
633.33,635,7609,7621,1970731,1272707,2025-10-28,2025-11-28,685.24,12,-698024,73461525,-26342754,1.73248105045464,56.1338482967785,-0.548456164694623
668.96,676,1746,1784,1648224,1255936,2025-10-28,2025-11-28,685.24,38,-392288,73461525,-26342754,1.70965141276335,57.8434997095418,-0.312347125968202
667.03,670,3642,4209,1963038,1250073,2025-10-28,2025-11-14,685.24,567,-712965,26754852,-10032626,4.67232261273581,30.5933480775749,-0.570338692220374
604.44,605,24306,21756,2211846,1218336,2025-10-28,2025-11-21,685.24,-2550,-993510,221849780,-97856565,0.549171606120141,86.2364993104794,-0.815464699393271
484.59,485,8317,29321,449118,1202161,2025-10-28,2025-12-19,685.24,21004,753043,300471627,-71189842,0.400091353717068,94.7083409642535,0.626407777327662
594.36,595,18314,18506,1813086,1184384,2025-10-28,2025-11-28,685.24,192,-628702,73461525,-26342754,1.61225076664281,59.4557504761847,-0.530826150978061
656.23,659,3798,4270,1693908,1182790,2025-10-28,2025-11-21,685.24,472,-511118,221849780,-97856565,0.533149052480467,86.7696483629599,-0.432129118440298
655.31,658,2664,4347,1142856,1169343,2025-10-28,2025-11-21,685.24,1683,26487,221849780,-97856565,0.527087743787711,87.2967361067476,0.0226511810478192
658.92,662,3719,3787,1818591,1166396,2025-10-28,2025-11-21,685.24,68,-652195,221849780,-97856565,0.52575936744224,87.8224954741898,-0.559154009444477
654.28,655,14145,15750,2475375,1134000,2025-10-28,2025-11-07,685.24,1605,-1341375,35214484,-18539585,3.22026584288442,53.747807294294,-1.18287037037037
469.89,470,102570,102583,1846260,1128413,2025-10-28,2025-11-28,685.24,13,-717847,73461525,-26342754,1.53605986262877,60.9918103388134,-0.636156265480812
669.39,681,843,952,1259442,1105272,2025-10-28,2025-12-19,685.24,109,-154170,300471627,-71189842,0.36784571343237,95.0761866776859,-0.139486026968927
667.21,673,1974,1884,1626576,1090836,2025-10-28,2025-11-28,685.24,-90,-535740,73461525,-26342754,1.4849079160826,62.476718254896,-0.491127905569673
664.49,665,22551,21058,3946425,1073958,2025-10-28,2025-10-31,685.24,-1493,-2872467,41909570,-34227123,2.56256029350814,58.9093207112361,-2.67465487477164
657.97,661,3555,3518,1695735,1065954,2025-10-28,2025-11-21,685.24,-37,-629781,221849780,-97856565,0.480484587363576,88.3029800615534,-0.590814425387962
679.25,682,946,3874,674498,1065350,2025-10-28,2025-10-31,685.24,2928,390852,41909570,-34227123,2.54202083199613,61.4513415432323,0.366876613319566
674.88,680,777,2074,679098,1061888,2025-10-28,2025-11-14,685.24,1297,382790,26754852,-10032626,3.96895486471015,34.562302942285,0.360480577989393
539.71,540,36548,36541,1571564,1059689,2025-10-28,2025-11-28,685.24,-7,-511875,73461525,-26342754,1.44250885072152,63.9192271056175,-0.483042666291714
663.2,668,2241,2189,1523880,1050720,2025-10-28,2025-11-28,685.24,-52,-473160,73461525,-26342754,1.4302997385366,65.3495268441542,-0.450319780721791
678.65,690,723,911,1138002,1033985,2025-10-28,2025-11-28,685.24,188,-104017,73461525,-26342754,1.40751910608989,66.757045950244,-0.100598171153353
680.58,684,710,2976,599240,1017792,2025-10-28,2025-10-31,685.24,2266,418552,41909570,-34227123,2.42854317045009,63.8798847136823,0.411235301515437
589.57,590,24680,23661,1702920,1017423,2025-10-28,2025-11-21,685.24,-1019,-685497,221849780,-97856565,0.458608974054426,88.7615890356078,-0.673758112407524
664.88,669,2375,2467,1541375,1016404,2025-10-28,2025-11-21,685.24,92,-524971,221849780,-97856565,0.458149654239008,89.2197386898468,-0.516498360887993
680.33,692,833,857,1337798,1000119,2025-10-28,2025-11-21,685.24,24,-337679,221849780,-97856565,0.4508091015461,89.6705477913929,-0.337638820980303
629.76,630,41053,40999,2257915,983976,2025-10-28,2025-11-07,685.24,-54,-1273939,35214484,-18539585,2.79423659878134,56.5420438930754,-1.29468503296828
579.65,580,28152,28071,1576512,982485,2025-10-28,2025-11-21,685.24,-81,-594027,221849780,-97856565,0.442860479735432,90.1134082711283,-0.604616864379609
659.1,661,5155,5147,1850645,977930,2025-10-28,2025-11-14,685.24,-8,-872715,26754852,-10032626,3.65515010137227,38.2174530436573,-0.89241049972902
514.42,515,16773,16806,1241202,974748,2025-10-28,2025-12-19,685.24,33,-266454,300471627,-71189842,0.324406004564285,95.4005926822502,-0.273356806066799
665.6,671,1850,1765,1411550,953100,2025-10-28,2025-11-28,685.24,-85,-458450,73461525,-26342754,1.29741385031144,68.0544598005555,-0.481009337949848
654.4,657,2809,3650,1151690,949000,2025-10-28,2025-11-21,685.24,841,-202690,221849780,-97856565,0.42776693310221,90.5411752042305,-0.213582718651212
646.09,648,4752,4945,1454112,944495,2025-10-28,2025-11-21,685.24,193,-509617,221849780,-97856565,0.425736279747494,90.966911483978,-0.539565587959704
625,626,9283,9291,1429582,929100,2025-10-28,2025-11-21,685.24,8,-500482,221849780,-97856565,0.418796899415451,91.3857083833935,-0.538673985577441
658,662,2277,2278,1306998,911200,2025-10-28,2025-11-28,685.24,1,-395798,73461525,-26342754,1.24037719064504,69.2948369912005,-0.434370061457419
674.56,676,5077,6280,2183110,904320,2025-10-28,2025-10-31,685.24,1203,-1278790,41909570,-34227123,2.15778878189397,66.0376734955763,-1.41409014508139
544.19,545,10977,10975,1174539,888975,2025-10-28,2025-12-19,685.24,-2,-285564,300471627,-71189842,0.295859881638675,95.6964525638888,-0.321228381000591
579.92,580,109734,109747,1755744,877976,2025-10-28,2025-11-07,685.24,13,-877768,35214484,-18539585,2.49322409494911,59.0352679880245,-0.999763091474026
677.04,681,1410,2171,1092750,859716,2025-10-28,2025-11-07,685.24,761,-233034,35214484,-18539585,2.44137043155311,61.4766384195776,-0.271059280041316
529.96,530,210819,210809,1475733,843236,2025-10-28,2025-11-07,685.24,-10,-632497,35214484,-18539585,2.394571506429,63.8712099260066,-0.750083013533578
524.37,525,13371,13371,1109793,842373,2025-10-28,2025-12-19,685.24,0,-267420,300471627,-71189842,0.280350264153227,95.9768028280421,-0.317460317460317
681.6,705,352,357,1015168,835380,2025-10-28,2025-12-19,685.24,5,-179788,300471627,-71189842,0.27802292294307,96.2548257509851,-0.215217026981733
666.5,672,1367,1488,1116839,818400,2025-10-28,2025-11-28,685.24,121,-298439,73461525,-26342754,1.1140525601667,70.4088895513672,-0.364661534701857
464.92,465,101838,101812,1120218,814496,2025-10-28,2025-11-21,685.24,-26,-305722,221849780,-97856565,0.367138520488954,91.7528469038824,-0.375351137390484
682.9,700,73,469,171185,801990,2025-10-28,2025-11-28,685.24,396,630805,73461525,-26342754,1.09171433617802,71.5006038875452,0.786549707602339
653.52,656,3017,3205,1203783,794840,2025-10-28,2025-11-21,685.24,188,-408943,221849780,-97856565,0.358278471134837,92.1111253750173,-0.514497257309647
675.07,684,181,890,225707,794770,2025-10-28,2025-11-28,685.24,709,569063,73461525,-26342754,1.08188606212572,72.5824899496709,0.716009663172993
642.37,644,4790,4847,1283720,790061,2025-10-28,2025-11-21,685.24,57,-493659,221849780,-97856565,0.35612431078363,92.4672496858009,-0.624836563252711
594.54,595,16734,16887,1238316,776802,2025-10-28,2025-11-21,685.24,153,-461514,221849780,-97856565,0.350147744117664,92.8173974299186,-0.594120509473457
675.4,677,4916,4834,2285940,773440,2025-10-28,2025-10-31,685.24,-82,-1512500,41909570,-34227123,1.84549734106077,67.8831708366371,-1.95554923458833
651.71,654,3317,3369,1223973,771501,2025-10-28,2025-11-21,685.24,52,-452472,221849780,-97856565,0.347758289415477,93.1651557193341,-0.586482713567448
681.65,695,541,574,984079,766290,2025-10-28,2025-11-21,685.24,33,-217789,221849780,-97856565,0.345409402704839,93.5105651220389,-0.284212243406543
534.22,535,9438,9441,896610,736398,2025-10-28,2025-12-19,685.24,3,-160212,300471627,-71189842,0.245080711064942,96.4999064620501,-0.217561698972566
677.64,682,385,1680,329175,732480,2025-10-28,2025-11-07,685.24,1295,403305,35214484,-18539585,2.08005319629275,65.9512631222993,0.550602064220183
677.88,687,751,803,1021360,732336,2025-10-28,2025-11-21,685.24,52,-289024,221849780,-97856565,0.330104451760105,93.840669573799,-0.39466037447292
667.89,671,2462,2341,1393492,728051,2025-10-28,2025-11-14,685.24,-121,-665441,26754852,-10032626,2.72119240278361,40.9386454464409,-0.914003277242941
646.95,648,710,6777,146970,711585,2025-10-28,2025-11-14,685.24,6067,564615,26754852,-10032626,2.65964842563883,43.5982938720797,0.793461076329602
648.91,651,3262,3364,1099294,703076,2025-10-28,2025-11-21,685.24,102,-396218,221849780,-97856565,0.316915346952339,94.1575849207513,-0.56354931757022
650.76,653,3039,3126,1072767,700224,2025-10-28,2025-11-21,685.24,87,-372543,221849780,-97856565,0.315629792375724,94.473214713127,-0.532034034823142
668.11,673,1349,1425,1021193,696825,2025-10-28,2025-11-21,685.24,76,-324368,221849780,-97856565,0.314097674561588,94.7873123876886,-0.465494205862304
657.23,661,1836,1833,1041012,691041,2025-10-28,2025-11-28,685.24,-3,-349971,73461525,-26342754,0.94068425614633,73.5231742058173,-0.506440283572176
489.6,490,17058,17249,921132,689960,2025-10-28,2025-12-19,685.24,191,-231172,300471627,-71189842,0.229625674440136,96.7295321364902,-0.335051307322164
658.2,660,3066,3820,1042440,687600,2025-10-28,2025-11-14,685.24,754,-354840,26754852,-10032626,2.57000113474745,46.1682950068272,-0.516055846422339
671.06,678,1094,990,1115880,687060,2025-10-28,2025-11-28,685.24,-104,-428820,73461525,-26342754,0.935265092849624,74.4584392986669,-0.624137629901319
676.07,684,88,855,100848,678015,2025-10-28,2025-11-21,685.24,767,577167,221849780,-97856565,0.305618964328024,95.0929313520167,0.851259927877702
664.05,668,1815,1700,1121670,671500,2025-10-28,2025-11-21,685.24,-115,-450170,221849780,-97856565,0.302682292495399,95.3956136445121,-0.670394638868206
670.31,677,1034,987,1010218,660303,2025-10-28,2025-11-28,685.24,-47,-349915,73461525,-26342754,0.898841944813969,75.3572812434809,-0.529930955939924
623.73,625,5165,5125,1002010,650875,2025-10-28,2025-11-28,685.24,-40,-351135,73461525,-26342754,0.886008015760631,76.2432892592415,-0.539481467255618
678.36,683,73,1400,65335,649600,2025-10-28,2025-11-07,685.24,1327,584265,35214484,-18539585,1.84469549518318,67.7959586174825,0.899422721674877
649.44,650,6858,11594,918972,649264,2025-10-28,2025-11-07,685.24,4736,-269708,35214484,-18539585,1.84374134234084,69.6396999598234,-0.415405751743513
678.1,685,126,936,139986,645840,2025-10-28,2025-11-14,685.24,810,505854,26754852,-10032626,2.41391729619734,48.5822123030245,0.7832497212932
509.47,510,11926,12182,822894,645646,2025-10-28,2025-12-19,685.24,256,-177248,300471627,-71189842,0.214877526522662,96.9444096630129,-0.274528147003156
651.96,655,2491,2098,1145860,637792,2025-10-28,2025-11-28,685.24,-393,-508068,73461525,-26342754,0.868198693125415,77.1114879523669,-0.796604535647985
569.7,570,21302,21052,1065100,631560,2025-10-28,2025-11-21,685.24,-250,-433540,221849780,-97856565,0.284679119357252,95.6802927638693,-0.686458927101146
449.94,450,104561,104592,1150171,627552,2025-10-28,2025-11-21,685.24,31,-522619,221849780,-97856565,0.282872491466974,95.9631652553363,-0.832789952067717
645.17,647,3421,3423,1009195,626409,2025-10-28,2025-11-21,685.24,2,-382786,221849780,-97856565,0.282357277974312,96.2455225333106,-0.61107998129018
672.59,677,1354,1401,1020916,617841,2025-10-28,2025-11-14,685.24,47,-403075,26754852,-10032626,2.30926711910049,50.891479422125,-0.652392767718555
671,672,5658,6106,1753980,610600,2025-10-28,2025-10-31,685.24,448,-1143380,41909570,-34227123,1.45694646831261,69.3401173049497,-1.87255158860138
669.97,682,72,501,110664,602703,2025-10-28,2025-12-19,685.24,429,492039,300471627,-71189842,0.200585661287746,97.1449953243006,0.816387175773142
675.67,685,175,643,231700,599919,2025-10-28,2025-11-28,685.24,468,368219,73461525,-26342754,0.816643814568238,77.9281317669351,0.613781193794496
654.74,655,24420,22602,1978020,587652,2025-10-28,2025-10-31,685.24,-1818,-1390368,41909570,-34227123,1.40219047821297,70.7423077831627,-2.36597169753528
664.44,667,1316,2267,610624,580352,2025-10-28,2025-11-14,685.24,951,-30272,26754852,-10032626,2.16914674018754,53.0606261623125,-0.052161446846052
674.78,682,474,802,522348,579044,2025-10-28,2025-11-21,685.24,328,56696.0000000001,221849780,-97856565,0.261007245533442,96.5065297788441,0.0979131119569498
621.05,622,6020,6029,812700,572755,2025-10-28,2025-11-21,685.24,9,-239945,221849780,-97856565,0.258172444435149,96.7647022232792,-0.418931305706629
662.69,665,2346,2469,1004088,570339,2025-10-28,2025-11-14,685.24,123,-433749,26754852,-10032626,2.13172175274974,55.1923479150623,-0.760510854071
678.5,681,458,2277,300906,569250,2025-10-28,2025-10-31,685.24,1819,268344,41909570,-34227123,1.35828165261538,72.100589435778,0.471399209486166
639.65,640,16234,16181,1347422,566335,2025-10-28,2025-11-07,685.24,-53,-781087,35214484,-18539585,1.60824449394175,71.2479444537651,-1.37919605886975
665.32,668,6195,2111,3029355,565748,2025-10-28,2025-11-14,685.24,-4084,-2463607,26754852,-10032626,2.11456224837274,57.306910163435,-4.35460134194023
648.84,650,4594,4870,1029056,564920,2025-10-28,2025-11-14,685.24,276,-464136,26754852,-10032626,2.11146748260839,59.4183776460434,-0.821595978191603
674.72,678,1472,1704,971520,558912,2025-10-28,2025-11-07,685.24,232,-412608,35214484,-18539585,1.58716509945169,72.8351095532168,-0.738234283751288
644.16,646,3038,3000,871906,552000,2025-10-28,2025-11-21,685.24,-38,-319906,221849780,-97856565,0.248817014828683,97.0135192381079,-0.579539855072464
642.76,645,2411,2441,829384,546784,2025-10-28,2025-11-28,685.24,30,-282600,73461525,-26342754,0.744313434821834,78.672445201757,-0.516840287938199
676.83,683,39,885,37440,546045,2025-10-28,2025-11-14,685.24,846,508605,26754852,-10032626,2.04091953115644,61.4592971771999,0.931434222454193
549.69,550,17474,17477,838752,541787,2025-10-28,2025-11-28,685.24,3,-296965,73461525,-26342754,0.737511234622478,79.4099564363795,-0.548121309665976
659.98,661,5281,5290,1272721,539580,2025-10-28,2025-11-07,685.24,9,-733141,35214484,-18539585,1.53226723413014,74.3673767873469,-1.35872530486675
682.2,687,428,1118,448116,536640,2025-10-28,2025-10-31,685.24,690,88524,41909570,-34227123,1.28047126229164,73.3810606980697,0.164959749552773
672.81,674,2032,4498,731520,535262,2025-10-28,2025-10-31,685.24,2466,-196258,41909570,-34227123,1.27718323046502,74.6582439285347,-0.366657823645243
449.74,450,20149,20128,705215,523328,2025-10-28,2025-12-19,685.24,-21,-181887,300471627,-71189842,0.174168857547405,97.319164181848,-0.347558319065672
650.12,653,1848,1814,794640,522432,2025-10-28,2025-11-28,685.24,-34,-272208,73461525,-26342754,0.711164109375622,80.1211205457551,-0.521040058801911
677.02,679,1961,2628,1096199,520344,2025-10-28,2025-10-31,685.24,667,-575855,41909570,-34227123,1.24158754193851,75.8998314704732,-1.10668134926126
677.5,695,261,292,578115,511000,2025-10-28,2025-12-19,685.24,31,-67115,300471627,-71189842,0.170065974315771,97.4892301561638,-0.131340508806262
684.24,720,120,140,512160,500640,2025-10-28,2025-11-28,685.24,20,-11520.0000000001,73461525,-26342754,0.681499601321916,80.802620147077,-0.0230105465004796
399.87,400,37836,38418,756720,499434,2025-10-28,2025-12-19,685.24,582,-257286,300471627,-71189842,0.166216692400045,97.6554468485639,-0.51515515563618
618.89,620,4439,4386,763508,486846,2025-10-28,2025-11-28,685.24,-53,-276662,73461525,-26342754,0.662722425106204,81.4653425721832,-0.568274156509451
634.35,635,7592,7478,949000,486070,2025-10-28,2025-11-14,685.24,-114,-462930,26754852,-10032626,1.81675458343033,63.2760517606302,-0.952393688151912
669.89,672,2198,2279,997892,480869,2025-10-28,2025-11-07,685.24,81,-517023,35214484,-18539585,1.36554322363491,75.7329200109819,-1.07518471766739
667.32,668,6963,7066,1517934,480488,2025-10-28,2025-10-31,685.24,103,-1037446,41909570,-34227123,1.14648754449163,77.0463190149648,-2.1591506967916
657.15,658,5225,5591,1071125,475235,2025-10-28,2025-11-07,685.24,366,-595890,35214484,-18539585,1.34954412508217,77.082464136064,-1.25388492009216
683.55,690,260,736,336440,474720,2025-10-28,2025-10-31,685.24,476,138280,41909570,-34227123,1.13272457818107,78.1790435931459,0.29128749578699
672.57,686,4,352,6656,472736,2025-10-28,2025-12-19,685.24,348,466080,300471627,-71189842,0.157331327659766,97.8127781762236,0.985920259933663
574.68,575,14574,14646,772422,468672,2025-10-28,2025-11-21,685.24,72,-303750,221849780,-97856565,0.211256463720631,97.2247757018285,-0.648107845145432
680.95,690,496,517,726144,467885,2025-10-28,2025-11-14,685.24,21,-258259,26754852,-10032626,1.74878560344868,65.0248373640789,-0.551971104010601
653.71,657,1424,1395,700608,458955,2025-10-28,2025-11-28,685.24,-29,-241653,73461525,-26342754,0.624755611866212,82.0900981840494,-0.526528744648168
671.32,684,79,357,127822,452676,2025-10-28,2025-12-19,685.24,278,324854,300471627,-71189842,0.150655156534963,97.9634333327586,0.717630269773525
679.91,688,11,556,23034,449804,2025-10-28,2025-11-14,685.24,545,426770,26754852,-10032626,1.68120533800748,66.7060427020863,0.948791028981512
668.68,672,1320,1334,786720,442888,2025-10-28,2025-11-14,685.24,14,-343832,26754852,-10032626,1.65535582106752,68.3613985231539,-0.776340745290006
674.58,683,21,523,25179,440366,2025-10-28,2025-11-28,685.24,502,415187,73461525,-26342754,0.59945120932352,82.6895493933729,0.942822561233156
679,684,7,870,6601,435000,2025-10-28,2025-11-07,685.24,863,428399,35214484,-18539585,1.23528716195302,78.317751298017,0.984825287356322
639.88,640,34280,35605,1131240,427260,2025-10-28,2025-10-31,685.24,1325,-703980,41909570,-34227123,1.01948075344128,79.1985243465872,-1.64766184524645
677.58,684,30,665,31950,426930,2025-10-28,2025-11-14,685.24,635,394980,26754852,-10032626,1.59571056494725,69.9571090881011,0.925163375729042
670.28,674,769,1143,499081,425196,2025-10-28,2025-11-14,685.24,374,-73885.0000000001,26754852,-10032626,1.5892294975132,71.5463385856143,-0.173766921607917
589.41,590,7082,7065,637380,416835,2025-10-28,2025-11-28,685.24,-17,-220545,73461525,-26342754,0.567419475705139,83.2569688690781,-0.529094245924647
659.84,664,1246,996,768782,414336,2025-10-28,2025-11-28,685.24,-250,-354446,73461525,-26342754,0.564017694977065,83.8209865640551,-0.85545547574915
479.96,480,101122,101123,910098,404492,2025-10-28,2025-11-14,685.24,1,-505606,26754852,-10032626,1.51184540284506,73.0581839884594,-1.24997774986897
661.5,666,912,883,602832,397350,2025-10-28,2025-11-28,685.24,-29,-205482,73461525,-26342754,0.540895387075071,84.3618819511302,-0.517130992827482
640.39,642,2424,2405,608424,387205,2025-10-28,2025-11-21,685.24,-19,-221219,221849780,-97856565,0.174534768526703,97.3993104703552,-0.571322684366163
684.3,700,191,243,444839,381510,2025-10-28,2025-11-14,685.24,52,-63328.9999999999,26754852,-10032626,1.42594696468513,74.4841309531445,-0.165995648868968
675.47,679,886,1076,619314,379828,2025-10-28,2025-11-07,685.24,190,-239486,35214484,-18539585,1.07861299344895,79.396364291466,-0.630511705298188
672.65,679,413,592,402262,375920,2025-10-28,2025-11-21,685.24,179,-26342,221849780,-97856565,0.169447993142026,97.5687584634972,-0.0700734198765695
678.77,686,460,512,517040,370176,2025-10-28,2025-11-14,685.24,52,-146864,26754852,-10032626,1.38358455505566,75.8677155082002,-0.396741009681881
676.19,682,63,633,61929,367773,2025-10-28,2025-11-14,685.24,570,305844,26754852,-10032626,1.37460300658737,77.2423185147875,0.831610803403186
644.56,645,8057,8298,862099,365112,2025-10-28,2025-11-07,685.24,241,-496987,35214484,-18539585,1.03682337074711,80.4331876622131,-1.36119053879358
678.45,688,62,380,86366,362900,2025-10-28,2025-11-21,685.24,318,276534,221849780,-97856565,0.163579157031393,97.7323376205286,0.762011573436208
670.75,673,1169,1612,568134,362700,2025-10-28,2025-11-07,685.24,443,-205434,35214484,-18539585,1.02997391641462,81.4631615786277,-0.566401985111663
584.61,585,9299,9197,576538,358683,2025-10-28,2025-11-21,685.24,-102,-217855,221849780,-97856565,0.161678321249631,97.8940159417783,-0.607374757097493
665.43,666,5439,6258,1011654,356706,2025-10-28,2025-10-31,685.24,819,-654948,41909570,-34227123,0.85113256948234,80.0496569160695,-1.83610031790887
673.78,682,21,430,25200,353460,2025-10-28,2025-11-28,685.24,409,328260,73461525,-26342754,0.481149826388712,84.8430317775189,0.928704803938211
639.22,640,5207,4526,786257,353028,2025-10-28,2025-11-14,685.24,-681,-433229,26754852,-10032626,1.31949150755908,78.5618100223466,-1.22718028031771
677.28,686,160,404,196320,352288,2025-10-28,2025-11-21,685.24,244,155968,221849780,-97856565,0.158795740072404,98.0528116818507,0.442728676537379
685.25,700,134,237,307530,349575,2025-10-28,2025-10-31,685.24,103,42045,41909570,-34227123,0.834117362693056,80.8837742787626,0.120274619180433
668.27,669,4813,4780,1150307,348940,2025-10-28,2025-10-31,685.24,-33,-801367,41909570,-34227123,0.832602195632167,81.7163764743948,-2.29657534246575
662.35,667,750,746,500250,346890,2025-10-28,2025-11-28,685.24,-4,-153360,73461525,-26342754,0.472206369252476,85.3152381467714,-0.442099801089683
658.98,663,803,854,479391,343308,2025-10-28,2025-11-28,685.24,51,-136083,73461525,-26342754,0.467330347416556,85.782568494188,-0.396387500436926
639.5,641,2319,2243,561198,336450,2025-10-28,2025-11-21,685.24,-76,-224748,221849780,-97856565,0.151656675070852,98.2044683569215,-0.667998216674097
670.62,683,18,271,27972,335498,2025-10-28,2025-12-19,685.24,253,307526,300471627,-71189842,0.111657131606639,98.0750904643652,0.916625434428819
669.04,671,1691,1706,732203,334376,2025-10-28,2025-11-07,685.24,15,-397827,35214484,-18539585,0.949541103598167,82.4127026822259,-1.18975943249516
654.6,658,947,953,477288,324020,2025-10-28,2025-11-28,685.24,6,-153268,73461525,-26342754,0.441074426374895,86.2236429205628,-0.473020183939263
514.82,515,17921,17921,537630,322578,2025-10-28,2025-11-28,685.24,0,-215052,73461525,-26342754,0.439111494078022,86.6627544146409,-0.666666666666667
667.94,679,220,289,314160,319634,2025-10-28,2025-12-19,685.24,69,5474,300471627,-71189842,0.106377431769955,98.1814678961352,0.0171258376768429
649.22,652,1112,1142,469264,317476,2025-10-28,2025-11-28,685.24,30,-151788,73461525,-26342754,0.432166361915302,87.0949207765562,-0.478108581436077
574.54,575,6872,6848,481040,315008,2025-10-28,2025-11-28,685.24,-24,-166032,73461525,-26342754,0.428806780147839,87.523727556704,-0.52707232832182
670.12,671,3218,3547,913912,312136,2025-10-28,2025-10-31,685.24,329,-601776,41909570,-34227123,0.744784544436987,82.4611610188317,-1.92792885152626
652.81,656,981,976,469899,311344,2025-10-28,2025-11-28,685.24,-5,-158555,73461525,-26342754,0.423819135254815,87.9475466919588,-0.50925985405211
419.82,420,17025,16899,442650,304182,2025-10-28,2025-12-19,685.24,-126,-138468,300471627,-71189842,0.101234849705127,98.2827027458403,-0.455214312483973
665.4,667,1867,1869,634780,299040,2025-10-28,2025-11-07,685.24,2,-335740,35214484,-18539585,0.849196029679151,83.261898711905,-1.12272605671482
614.63,615,7964,8008,525624,296296,2025-10-28,2025-11-14,685.24,44,-229328,26754852,-10032626,1.10744772574335,79.66925774809,-0.773982773982774
667.33,669,2209,1774,850465,296258,2025-10-28,2025-11-07,685.24,-435,-554207,35214484,-18539585,0.841295871323856,84.1031945832289,-1.87069041173572
666.15,669,372,1036,190464,295260,2025-10-28,2025-11-14,685.24,664,104796,26754852,-10032626,1.1035755308981,80.7728332789881,0.354927860191018
679.4,693,217,217,481740,295120,2025-10-28,2025-11-28,685.24,0,-186620,73461525,-26342754,0.40173410502981,88.3492807969886,-0.63235294117647
661.59,662,6913,7011,967820,287451,2025-10-28,2025-10-31,685.24,98,-680369,41909570,-34227123,0.685883916251109,83.1470449350829,-2.36690427238034
604.2,605,3610,3589,425980,287120,2025-10-28,2025-11-28,685.24,-21,-138860,73461525,-26342754,0.390844050678229,88.7401248476669,-0.483630537754249
671.69,679,361,392,382299,286552,2025-10-28,2025-11-28,685.24,31,-95747,73461525,-26342754,0.390070856819267,89.1301957044861,-0.334134816717385
674.04,681,203,403,214368,280488,2025-10-28,2025-11-21,685.24,200,66120,221849780,-97856565,0.126431497926209,98.3308998548477,0.235732009925558
479.64,480,7699,7781,392649,280116,2025-10-28,2025-12-19,685.24,82,-112533,300471627,-71189842,0.0932254412161186,98.3759281870564,-0.401737137471619
644.85,645,18269,18635,803836,279525,2025-10-28,2025-10-31,685.24,366,-524311,41909570,-34227123,0.666971768023389,83.8140167031062,-1.8757213129416
684.48,693,3,326,4830,277752,2025-10-28,2025-10-31,685.24,323,272922,41909570,-34227123,0.6627412307022,84.4767579338084,0.982610386243844
685,700,15,185,34005,277500,2025-10-28,2025-11-07,685.24,170,243495,35214484,-18539585,0.788028017107961,84.8912226003369,0.877459459459459
636.18,638,1329,1494,361488,271908,2025-10-28,2025-11-28,685.24,165,-89580,73461525,-26342754,0.370136612328699,89.5003323168148,-0.329449666799064
619.81,620,14229,14277,569160,271263,2025-10-28,2025-11-07,685.24,48,-297897,35214484,-18539585,0.770316554972096,85.6615391553089,-1.09818515610312
624.93,625,38873,38699,660841,270893,2025-10-28,2025-10-31,685.24,-174,-389948,41909570,-34227123,0.646375040354745,85.1231329741632,-1.43949086908853
494.53,495,5735,5735,349835,269545,2025-10-28,2025-12-19,685.24,0,-80290,300471627,-71189842,0.0897073053756254,98.465635492432,-0.297872340425532
666.42,668,991,1673,356760,264334,2025-10-28,2025-11-07,685.24,682,-92426,35214484,-18539585,0.750639992339516,86.4121791476485,-0.349656116882429
673.36,678,475,559,379525,259376,2025-10-28,2025-11-14,685.24,84,-120149,26754852,-10032626,0.969454063883441,81.7422873428715,-0.463223274319906
671.87,676,755,621,536805,256473,2025-10-28,2025-11-14,685.24,-134,-280332,26754852,-10032626,0.958603695509136,82.7008910383806,-1.09302733621083
653.55,655,1689,1751,464475,253895,2025-10-28,2025-11-14,685.24,62,-210580,26754852,-10032626,0.948968060073739,83.6498590984544,-0.829397979479706
676.32,686,44,261,62260,252648,2025-10-28,2025-11-28,685.24,217,190388,73461525,-26342754,0.343918806477268,89.8442511232921,0.753570184604667
469.67,470,7473,7462,328812,246246,2025-10-28,2025-12-19,685.24,-11,-82566,300471627,-71189842,0.0819531622531534,98.5475886546852,-0.335298847493969
444.77,445,10615,10613,382140,244099,2025-10-28,2025-12-19,685.24,-2,-138041,300471627,-71189842,0.0812386189129265,98.6288272735981,-0.565512353594238
499.84,500,15079,14839,392054,237424,2025-10-28,2025-11-28,685.24,-240,-154630,73461525,-26342754,0.32319503304621,90.1674461563383,-0.65128209448076
637.9,638,22459,23644,651311,236440,2025-10-28,2025-10-31,685.24,1185,-414871,41909570,-34227123,0.564167086419641,85.6873000605828,-1.75465657249196
680.98,695,111,166,210900,232732,2025-10-28,2025-11-28,685.24,55,21832,73461525,-26342754,0.316808016169008,90.4842541725073,0.0938074695357749
626.04,627,2406,2396,382554,230016,2025-10-28,2025-11-21,685.24,-10,-152538,221849780,-97856565,0.103680968266004,98.4345808231137,-0.663162562604341
559.98,560,114824,114824,344472,229648,2025-10-28,2025-10-31,685.24,0,-114824,41909570,-34227123,0.547960764092784,86.2352608246756,-0.5
666.39,667,4516,3764,907716,229604,2025-10-28,2025-10-31,685.24,-752,-678112,41909570,-34227123,0.547855776138958,86.7831166008146,-2.95339802442466
661.84,663,1955,1954,525895,226664,2025-10-28,2025-11-07,685.24,-1,-299231,35214484,-18539585,0.643666963854987,87.0558461115035,-1.32015229590936
682.72,688,146,428,162060,225984,2025-10-28,2025-10-31,685.24,282,63924,41909570,-34227123,0.539218130846964,87.3223347316615,0.282869583687341
669.5,673,636,635,396864,222250,2025-10-28,2025-11-14,685.24,-1,-174614,26754852,-10032626,0.830690448222251,84.4805495466766,-0.785664791901013
554.76,555,9274,9237,370960,221688,2025-10-28,2025-11-21,685.24,-37,-149272,221849780,-97856565,0.0999270767814149,98.5345078998952,-0.673342715888997
673.15,681,160,278,177600,218230,2025-10-28,2025-11-28,685.24,118,40630,73461525,-26342754,0.29706707014318,90.7813212426505,0.186179718645466
678,689,2,196,3990,215600,2025-10-28,2025-11-28,685.24,194,211610,73461525,-26342754,0.293486964775098,91.0748082074256,0.981493506493507
479.98,480,105563,105664,316689,211328,2025-10-28,2025-11-07,685.24,101,-105361,35214484,-18539585,0.600116701979788,87.6559628134832,-0.498566209872804
629.92,630,28257,26392,565140,211136,2025-10-28,2025-10-31,685.24,-1865,-354004,41909570,-34227123,0.50378946861063,87.8261242002722,-1.67666338284329
434.76,435,8785,8788,263550,210912,2025-10-28,2025-12-19,685.24,3,-52638,300471627,-71189842,0.0701936492659255,98.699020922864,-0.249573281747838
640.75,643,1280,933,395520,209925,2025-10-28,2025-11-28,685.24,-347,-185595,73461525,-26342754,0.285761832469446,91.360570039895,-0.88410146480886
474.64,475,5799,5801,278352,208836,2025-10-28,2025-12-19,685.24,2,-69516,300471627,-71189842,0.0695027354446348,98.7685236583087,-0.332873642475435
479.99,480,208484,208484,208484,208484,2025-10-28,2025-10-31,685.24,0,0,41909570,-34227123,0.497461558302793,88.323585758575,0
670.32,672.5,1299,956,601437,208408,2025-10-28,2025-11-07,685.24,-343,-393029,35214484,-18539585,0.59182465942139,88.2477874729046,-1.88586330659092
673.18,676,588,736,342216,207552,2025-10-28,2025-11-07,685.24,148,-134664,35214484,-18539585,0.589393841465915,88.8371813143705,-0.648820536540241
680.43,689,8,241,10800,206537,2025-10-28,2025-11-14,685.24,233,195737,26754852,-10032626,0.771960913855924,85.2525104605325,0.947709127178181
634.9,635,20746,20641,518650,206410,2025-10-28,2025-10-31,685.24,-105,-312240,41909570,-34227123,0.492512807933844,88.8160985665088,-1.51271740710237
655.72,656,7102,7338,617874,205464,2025-10-28,2025-10-31,685.24,236,-412410,41909570,-34227123,0.490255566926599,89.3063541334354,-2.00721294241327
656.2,657,2534,2543,486528,203440,2025-10-28,2025-11-07,685.24,9,-283088,35214484,-18539585,0.577716828109706,89.4148981424802,-1.39150609516319
634.71,635,6760,6990,459680,202710,2025-10-28,2025-11-07,685.24,230,-256970,35214484,-18539585,0.575643817470107,89.9905419599504,-1.26767303043757
646.53,647,779,4308,90364,202476,2025-10-28,2025-11-07,685.24,3529,112112,35214484,-18539585,0.574979318169194,90.5655212781195,0.553705130484601
509.99,510,201753,201752,201753,201752,2025-10-28,2025-10-31,685.24,-1,-1,41909570,-34227123,0.481398401367516,89.7877525348029,-4.95658035608073e-06
661.79,664,754,910,311402,201110,2025-10-28,2025-11-14,685.24,156,-110292,26754852,-10032626,0.751676742596072,86.0041872031286,-0.54841628959276
642.61,643,5061,5079,485856,198081,2025-10-28,2025-11-07,685.24,18,-287775,35214484,-18539585,0.562498658222566,91.1280199363421,-1.45281475759916
519.86,520,14065,13961,351625,195454,2025-10-28,2025-11-21,685.24,-104,-156171,221849780,-97856565,0.0881019580005894,98.6226098578958,-0.799016648418554
673.19,687,5,139,8725,191959,2025-10-28,2025-12-19,685.24,134,183234,300471627,-71189842,0.0638858989504523,98.8324095572591,0.954547585682359
609.86,610,2879,13519,89249,189266,2025-10-28,2025-11-07,685.24,10640,100017,35214484,-18539585,0.537466344814253,91.6654862811564,0.528446736339332
629.78,631,1557,1544,274032,188368,2025-10-28,2025-11-21,685.24,-13,-85664,221849780,-97856565,0.0849079047993647,98.7075177626951,-0.454769387581755
559.73,560,6982,6974,300226,188298,2025-10-28,2025-11-21,685.24,-8,-111928,221849780,-97856565,0.0848763519170495,98.7923941146122,-0.594419484009389
424.81,425,9885,9899,276780,188081,2025-10-28,2025-12-19,685.24,14,-88699,300471627,-71189842,0.0625952612823573,98.8950048185415,-0.471600002126743
682.14,690,135,234,186705,183924,2025-10-28,2025-11-07,685.24,99,-2781,35214484,-18539585,0.52229645051735,92.1877827316737,-0.0151203758073987
660.89,663,836,863,304304,182093,2025-10-28,2025-11-14,685.24,27,-122211,26754852,-10032626,0.680598046290819,86.6847852494194,-0.67114606272619
655.5,659,643,517,338861,180950,2025-10-28,2025-11-28,685.24,-126,-157911,73461525,-26342754,0.246319416864815,91.6068894567598,-0.872677535230726
619.94,620,30330,30093,424620,180558,2025-10-28,2025-10-31,685.24,-237,-244062,41909570,-34227123,0.430827612881736,90.2185801476847,-1.35170969993022
656.72,657,6541,6307,627936,176596,2025-10-28,2025-10-31,685.24,-234,-451340,41909570,-34227123,0.421373924857735,90.6399540725424,-2.55577702779225
676.38,687,201,166,289641,176292,2025-10-28,2025-11-28,685.24,-35,-113349,73461525,-26342754,0.239978682718607,91.8468681394785,-0.642961677217344
636.89,637,16032,16001,464928,176011,2025-10-28,2025-10-31,685.24,-31,-288917,41909570,-34227123,0.41997806228983,91.0599321348322,-1.64147127168188
659.88,662,783,812,291276,172144,2025-10-28,2025-11-14,685.24,29,-119132,26754852,-10032626,0.643412267800995,87.3281975172204,-0.692048517520216
643.52,646,683,694,239733,172112,2025-10-28,2025-11-28,685.24,11,-67621,73461525,-26342754,0.234288629319906,92.0811567687984,-0.392889513804964
618.22,619,2207,2203,275875,171834,2025-10-28,2025-11-21,685.24,-4,-104041,221849780,-97856565,0.077455113996507,98.8698492286087,-0.605473887589185
675.49,681,55,309,49995,170259,2025-10-28,2025-11-14,685.24,254,120264,26754852,-10032626,0.636366816755331,87.9645643339758,0.706359135199901
646.45,649,657,658,245061,167790,2025-10-28,2025-11-28,685.24,1,-77271,73461525,-26342754,0.228405277456465,92.3095620462548,-0.460522081172895
645.38,648,640,626,231680,164012,2025-10-28,2025-11-28,685.24,-14,-67668,73461525,-26342754,0.22326244928893,92.5328244955438,-0.412579567348731
637.01,639,821,816,229880,162384,2025-10-28,2025-11-28,685.24,-5,-67496,73461525,-26342754,0.221046323228384,92.7538708187721,-0.415656714947285
629.48,631,1108,1062,248192,161424,2025-10-28,2025-11-28,685.24,-46,-86768,73461525,-26342754,0.219739516706194,92.9736103354784,-0.537516106650808
644.45,647,635,633,220980,161415,2025-10-28,2025-11-28,685.24,-2,-59565,73461525,-26342754,0.219727265395049,93.1933376008734,-0.369017749279807
629.44,630,2960,2873,313760,160888,2025-10-28,2025-11-14,685.24,-87,-152872,26754852,-10032626,0.601341394076858,88.5659057280526,-0.950176520312267
655.42,657,945,1013,284445,160054,2025-10-28,2025-11-14,685.24,68,-124391,26754852,-10032626,0.59822420247363,89.1641299305262,-0.7771814512602
639,641,844,797,257420,159400,2025-10-28,2025-11-28,685.24,-47,-98020,73461525,-26342754,0.216984332955244,93.4103219338286,-0.614930991217064
639.82,642,734,730,220934,159140,2025-10-28,2025-11-28,685.24,-4,-61794,73461525,-26342754,0.216630406188818,93.6269523400175,-0.388299610405932
683.93,691,24,219,32520,154833,2025-10-28,2025-10-31,685.24,195,122313,41909570,-34227123,0.369445451241805,91.429377586074,0.78996725504253
657.27,659,827,886,264640,153278,2025-10-28,2025-11-14,685.24,59,-111362,26754852,-10032626,0.572897955107358,89.7370278856336,-0.726536097809209
663.54,666,738,622,330624,153012,2025-10-28,2025-11-14,685.24,-116,-177612,26754852,-10032626,0.571903742917359,90.308931628551,-1.16077170418006
663.5,664,2923,3003,461834,150150,2025-10-28,2025-10-31,685.24,80,-311684,41909570,-34227123,0.358271392428985,91.787648978503,-2.07581751581752
628.7,629,4968,4981,263304,149430,2025-10-28,2025-11-07,685.24,13,-113874,35214484,-18539585,0.424342438185379,92.6121251698591,-0.762055812085927
638.59,639,3629,3626,286691,148666,2025-10-28,2025-11-07,685.24,-3,-138025,35214484,-18539585,0.422172876365305,93.0342980462244,-0.928423445845049
539.79,540,7064,7025,226048,147525,2025-10-28,2025-11-21,685.24,-39,-78523,221849780,-97856565,0.0664976994793504,98.936346928088,-0.532269106931029
374.9,375,14717,14722,220755,147220,2025-10-28,2025-12-19,685.24,5,-73535,300471627,-71189842,0.048996306729487,98.944001125271,-0.49949055834805
344.94,345,24372,24372,219348,146232,2025-10-28,2025-12-19,685.24,0,-73116,300471627,-71189842,0.0486674903251348,98.9926686155961,-0.5
619.59,620,3309,3537,254793,145017,2025-10-28,2025-11-14,685.24,228,-109776,26754852,-10032626,0.54202131262023,90.8509529411712,-0.756987111855852
624.52,625,3012,2969,274092,142512,2025-10-28,2025-11-14,685.24,-43,-131580,26754852,-10032626,0.532658524891111,91.3836114660623,-0.923290670259347
604.95,605,28485,28467,199395,142335,2025-10-28,2025-10-31,685.24,-18,-57060,41909570,-34227123,0.339624100175688,92.1272730786787,-0.400885235535884
464.7,465,4716,4735,198072,142050,2025-10-28,2025-12-19,685.24,19,-56022,300471627,-71189842,0.0472756783787775,99.0399442939749,-0.394382259767687
459.72,460,5089,5061,208649,141708,2025-10-28,2025-12-19,685.24,-28,-66940.9999999999,300471627,-71189842,0.0471618573157325,99.0871061512906,-0.472386880063228
622.14,623,1572,1629,218508,140094,2025-10-28,2025-11-21,685.24,57,-78414,221849780,-97856565,0.0631481356438578,98.9994950637319,-0.559724185189944
644.04,645,1523,1451,275663,139296,2025-10-28,2025-11-14,685.24,-72,-136367,26754852,-10032626,0.520638275255643,91.9042497413179,-0.978972834826556
683.56,715,0,44,0,138336,2025-10-28,2025-11-14,685.24,44,138336,26754852,-10032626,0.517050141036101,92.421299882354,1
664.6,666,1200,984,387600,137760,2025-10-28,2025-11-07,685.24,-216,-249840,35214484,-18539585,0.391202665357811,93.4255007115822,-1.81358885017422
660.91,662,1520,1259,380000,137231,2025-10-28,2025-11-07,685.24,-261,-242769,35214484,-18539585,0.389700442579252,93.8152011541615,-1.76905363948379
594.76,595,5746,5694,287300,136656,2025-10-28,2025-11-14,685.24,-52,-150644,26754852,-10032626,0.510770906151901,92.932070788506,-1.10235920852359
680.45,697,65,82,132535,135710,2025-10-28,2025-11-28,685.24,17,3175,73461525,-26342754,0.184736159506626,93.8116884995241,0.0233954756465994
579.5,580,2698,2703,205048,135150,2025-10-28,2025-11-28,685.24,5,-69898,73461525,-26342754,0.183973855702015,93.9956623552261,-0.517188309285979
429.8,430,6703,6694,187684,133880,2025-10-28,2025-12-19,685.24,-9,-53804,300471627,-71189842,0.0445566196504804,99.1316627709411,-0.401882282641171
364.9,365,13270,13275,172510,132750,2025-10-28,2025-12-19,685.24,5,-39760,300471627,-71189842,0.0441805442082556,99.1758433151494,-0.299510357815443
614.02,615,1307,1335,198664,130830,2025-10-28,2025-11-28,685.24,28,-67834,73461525,-26342754,0.178093226352162,94.1737555815783,-0.518489643048231
684.32,692,22,166,31438,127488,2025-10-28,2025-10-31,685.24,144,96050,41909570,-34227123,0.304197824029213,92.4314709027079,0.753404241967871
653.32,654,1391,1856,230906,126208,2025-10-28,2025-11-07,685.24,465,-104698,35214484,-18539585,0.358397981921303,94.1735991360828,-0.829567063894523
634.28,636,723,733,184365,126076,2025-10-28,2025-11-28,685.24,10,-58289,73461525,-26342754,0.171621811553735,94.345377393132,-0.462332244043276
635.21,637,687,698,180681,124942,2025-10-28,2025-11-28,685.24,11,-55739,73461525,-26342754,0.170078146349399,94.5154555394814,-0.446118999215636
658.68,659,4085,3785,453435,121120,2025-10-28,2025-10-31,685.24,-300,-332315,41909570,-34227123,0.289003203802855,92.7204741065107,-2.74368394980185
650.8,651,6064,6027,382032,120540,2025-10-28,2025-10-31,685.24,-37,-261492,41909570,-34227123,0.287619271684248,93.008093378195,-2.16933797909408
680.76,687,105,191,120750,119184,2025-10-28,2025-11-07,685.24,86,-1565.99999999999,35214484,-18539585,0.338451643931514,94.5120507800143,-0.0131393475634312
620.69,622,909,909,162711,119079,2025-10-28,2025-11-28,685.24,0,-43632,73461525,-26342754,0.162097097766484,94.6775526372479,-0.366412213740458
389.83,390,6961,6961,118337,118337,2025-10-28,2025-12-19,685.24,0,0,300471627,-71189842,0.0393837518641985,99.2152270670136,0
638.25,639,1588,1571,225496,117825,2025-10-28,2025-11-14,685.24,-17,-107671,26754852,-10032626,0.440387410851684,93.3724581993576,-0.913821345215362
599.89,600,10757,10682,258168,117502,2025-10-28,2025-11-07,685.24,-75,-140666,35214484,-18539585,0.333675200238629,94.8457259802529,-1.19713707000732
384.88,385,9450,9500,170100,114000,2025-10-28,2025-12-19,685.24,50,-56100,300471627,-71189842,0.0379403543483325,99.2531674213619,-0.492105263157895
609.68,610,3654,3456,219240,110592,2025-10-28,2025-11-14,685.24,-198,-108648,26754852,-10032626,0.413353062091317,93.785811261449,-0.982421875
630.48,632,759,722,179883,109744,2025-10-28,2025-11-28,685.24,-37,-70139,73461525,-26342754,0.149389765594983,94.8269424028429,-0.639114666861059
584.46,585,2025,2009,170100,108486,2025-10-28,2025-11-28,685.24,-16,-61614,73461525,-26342754,0.147677304548197,94.974619707391,-0.56794425087108
599.73,600,4067,3987,199283,107649,2025-10-28,2025-11-14,685.24,-80,-91634,26754852,-10032626,0.402353188124532,94.1881644495735,-0.85122945870375
675.94,692,52,67,102440,107602,2025-10-28,2025-12-19,685.24,15,5162.00000000002,300471627,-71189842,0.0358110351630638,99.2889784565249,0.0479730860021191
617.88,619,970,956,157140,107072,2025-10-28,2025-11-28,685.24,-14,-50068,73461525,-26342754,0.145752487441555,95.1203721948326,-0.467610579796772
657.7,658,5074,3534,522622,106020,2025-10-28,2025-10-31,685.24,-1540,-416602,41909570,-34227123,0.252973246921884,93.2610666251169,-3.92946613846444
615.94,617,999,996,157842,105576,2025-10-28,2025-11-28,685.24,-3,-52266,73461525,-26342754,0.14371604727781,95.2640882421104,-0.495055694476017
623.12,624,1179,1197,168597,105336,2025-10-28,2025-11-21,685.24,18,-63261,221849780,-97856565,0.0474807773079604,99.0469758410398,-0.600563909774436
651.4,652,1823,1752,273450,105120,2025-10-28,2025-11-07,685.24,-71,-168330,35214484,-18539585,0.298513532102302,95.1442395123552,-1.60131278538813
683.05,689,6,176,6726,104720,2025-10-28,2025-10-31,685.24,170,97994,41909570,-34227123,0.249871330104318,93.5109379552212,0.935771581359817
529.99,530,103854,103854,103854,103854,2025-10-28,2025-10-31,685.24,0,0,41909570,-34227123,0.247804976285846,93.7587429315071,0
681.25,688,69,152,78246,102600,2025-10-28,2025-11-07,685.24,83,24354,35214484,-18539585,0.291357385784781,95.43559689814,0.237368421052632
429.99,430,102468,102468,102468,102468,2025-10-28,2025-10-31,685.24,0,0,41909570,-34227123,0.244497855740348,94.0032407872474,0
609.96,610,25701,25611,257010,102444,2025-10-28,2025-10-31,685.24,-90,-154566,41909570,-34227123,0.244440589583716,94.2476813768311,-1.50878528757175
590.33,591,1186,1519,110298,101773,2025-10-28,2025-11-28,685.24,333,-8525,73461525,-26342754,0.138539187690427,95.4026274298008,-0.0837648492232714
677.48,688,90,96,165510,100992,2025-10-28,2025-11-28,685.24,6,-64518,73461525,-26342754,0.137476046134354,95.5401034759352,-0.638842680608365
459.99,460,100960,100942,100960,100942,2025-10-28,2025-10-31,685.24,-18,-18,41909570,-34227123,0.240856682614496,94.4885380594456,-0.00017832022349468
625.6,627,720,721,142560,100940,2025-10-28,2025-11-28,685.24,1,-41620,73461525,-26342754,0.137405260781069,95.6775087367163,-0.412324152962156
679.37,687,31,132,38936,100716,2025-10-28,2025-11-14,685.24,101,61780,26754852,-10032626,0.376440131307772,94.5646045808813,0.6134079987291
660.62,661,2588,2640,320912,100320,2025-10-28,2025-10-31,685.24,52,-220592,41909570,-34227123,0.239372534721783,94.7279105941674,-2.19888357256778
651.79,652,4797,4748,326196,99708,2025-10-28,2025-10-31,685.24,-49,-226488,41909570,-34227123,0.237912247727667,94.9658228418951,-2.27151281742689
680.18,686,154,168,158466,97776,2025-10-28,2025-11-07,685.24,14,-60690,35214484,-18539585,0.277658477119812,95.7132553752598,-0.620704467353952
655.16,656,1146,1161,205134,97524,2025-10-28,2025-11-07,685.24,15,-107610,35214484,-18539585,0.27694286248806,95.9901982377479,-1.10342069644395
653.75,654,3927,3897,310233,97425,2025-10-28,2025-10-31,685.24,-30,-212808,41909570,-34227123,0.232464804578047,95.1982876464731,-2.18432640492687
656.34,658,368,579,110400,96114,2025-10-28,2025-11-14,685.24,211,-14286,26754852,-10032626,0.359239512892839,94.9238440937741,-0.148635994756227
631.44,633,615,611,146985,95316,2025-10-28,2025-11-28,685.24,-4,-51669,73461525,-26342754,0.129749552571908,95.8072582892882,-0.542081077678459
652.5,654,638,635,165242,95250,2025-10-28,2025-11-14,685.24,-3,-69992,26754852,-10032626,0.356010192095251,95.2798542858694,-0.734824146981627
559.62,560,2633,2499,147448,94962,2025-10-28,2025-11-28,685.24,-134,-52486,73461525,-26342754,0.12926766766685,95.936525956955,-0.552705292643373
622.7,624,726,726,133584,94380,2025-10-28,2025-11-28,685.24,0,-39204,73461525,-26342754,0.128475416212773,96.0650013731678,-0.415384615384615
640.19,641,5622,1150,843300,93150,2025-10-28,2025-11-14,685.24,-4472,-750150,26754852,-10032626,0.348161148490001,95.6280154343593,-8.05314009661836
439.77,440,3964,3947,126848,90781,2025-10-28,2025-12-19,685.24,-17,-36067,300471627,-71189842,0.0302128360359296,99.3191912925609,-0.397296791178771
624.79,625,4401,4311,211248,90531,2025-10-28,2025-11-07,685.24,-90,-120717,35214484,-18539585,0.25708455645694,96.2472827942048,-1.33343274679392
645.03,646,946,923,179740,89531,2025-10-28,2025-11-14,685.24,-23,-90209,26754852,-10032626,0.334634630010287,95.9626500643696,-1.00757279601479
379.89,380,8014,8005,120210,88055,2025-10-28,2025-12-19,685.24,-9,-32155,300471627,-71189842,0.0293055956328283,99.3484968881937,-0.365169496337516
683,695,16,73,29120,87600,2025-10-28,2025-11-14,685.24,57,58480,26754852,-10032626,0.32741724753327,96.2900673119029,0.667579908675799
641.78,644,472,393,148680,87246,2025-10-28,2025-11-28,685.24,-79,-61434,73461525,-26342754,0.118764210244751,96.1837655834125,-0.70414689498659
626.61,628,640,627,136960,87153,2025-10-28,2025-11-28,685.24,-13,-49807,73461525,-26342754,0.118637613362913,96.3024031967755,-0.571489220107168
606.35,607,1336,1335,124248,86775,2025-10-28,2025-11-21,685.24,-1,-37473,221849780,-97856565,0.0391143051843459,99.0860901462242,-0.431840968020743
658.08,659,994,931,210728,85652,2025-10-28,2025-11-07,685.24,-63,-125076,35214484,-18539585,0.243229462058851,96.4905122562637,-1.46028113762668
259.97,260,28310,28264,113240,84792,2025-10-28,2025-12-19,685.24,-46,-28448,300471627,-71189842,0.0282196361921387,99.3767165243858,-0.335503349372583
621.63,623,628,614,115552,84118,2025-10-28,2025-11-28,685.24,-14,-31434,73461525,-26342754,0.114506198993283,96.4169093957688,-0.373689341163604
627.9,629,756,755,119448,83050,2025-10-28,2025-11-21,685.24,-1,-36398,221849780,-97856565,0.037435241089714,99.1235253873139,-0.438266104756171
409.77,410,3576,3576,82248,82248,2025-10-28,2025-12-19,685.24,0,0,300471627,-71189842,0.0273729672319443,99.4040894916178,0
611.28,612,1137,1137,117111,81864,2025-10-28,2025-11-21,685.24,0,-35247,221849780,-97856565,0.0369006451122016,99.1604260324261,-0.430555555555556
677.09,696,43,43,95460,81313,2025-10-28,2025-12-19,685.24,0,-14147,300471627,-71189842,0.0270617897642628,99.4311512813821,-0.173982020095188
615.24,616,1061,1062,120954,80712,2025-10-28,2025-11-21,685.24,1,-40242,221849780,-97856565,0.0363813748203852,99.1968074072465,-0.498587570621469
608.38,609,1265,1268,120175,78616,2025-10-28,2025-11-21,685.24,3,-41559,221849780,-97856565,0.0354365913727749,99.2322439986192,-0.52863284827516
636.68,637,2419,2428,181425,77696,2025-10-28,2025-11-07,685.24,9,-103729,35214484,-18539585,0.22063648582782,96.7111487420915,-1.33506229406919
359.92,360,9653,9654,125489,77232,2025-10-28,2025-12-19,685.24,1,-48257,300471627,-71189842,0.0257035916406177,99.4568548730227,-0.624831675989227
599.96,600,19084,18912,133588,75648,2025-10-28,2025-10-31,685.24,-172,-57940,41909570,-34227123,0.180502925704081,95.3787905721772,-0.765915820642978
529.82,530,4179,4168,112833,75024,2025-10-28,2025-11-21,685.24,-11,-37809,221849780,-97856565,0.0338174777545418,99.2660614763738,-0.503958733205375
524.85,525,4997,4997,129922,74955,2025-10-28,2025-11-21,685.24,0,-54967,221849780,-97856565,0.0337863756276883,99.2998478520015,-0.733333333333333
394.87,395,5718,5727,114360,74451,2025-10-28,2025-12-19,685.24,9,-39909,300471627,-71189842,0.0247780466805939,99.4816329197033,-0.536043840915502
598.96,599,18517,18514,92585,74056,2025-10-28,2025-10-31,685.24,-3,-18529,41909570,-34227123,0.176704270647492,95.5554948428247,-0.250202549422059
647.82,648,4107,4058,205350,73044,2025-10-28,2025-10-31,685.24,-49,-132306,41909570,-34227123,0.174289547709509,95.7297843905342,-1.81131920486282
601.16,602,867,869,102306,72996,2025-10-28,2025-11-28,685.24,2,-29310,73461525,-26342754,0.0993663009309975,96.5162756966997,-0.40152885089594
648.81,649,3827,3812,206658,72428,2025-10-28,2025-10-31,685.24,-15,-134230,41909570,-34227123,0.172819716355954,95.9026041068901,-1.85328878334346
679.03,689,17,72,25517,71784,2025-10-28,2025-11-21,685.24,55,46267,221849780,-97856565,0.0323570300588083,99.3322048820603,0.644530814666221
619.77,621,573,572,106578,70356,2025-10-28,2025-11-28,685.24,-1,-36222,73461525,-26342754,0.095772582994976,96.6120482796947,-0.514838819716869
637.24,638,752,919,101520,69844,2025-10-28,2025-11-14,685.24,167,-31676,26754852,-10032626,0.261051715030978,96.5511190269339,-0.453524998568238
617.24,618,850,916,100300,69616,2025-10-28,2025-11-21,685.24,66,-30684,221849780,-97856565,0.0313797922179594,99.3635846742782,-0.440760744656401
645.98,647,295,681,56050,69462,2025-10-28,2025-11-14,685.24,386,13412,26754852,-10032626,0.259623936622785,96.8107429635567,0.193083988367741
648.47,649,1301,1283,169130,67999,2025-10-28,2025-11-07,685.24,-18,-101131,35214484,-18539585,0.193099521208376,96.9042482632999,-1.48724245944793
614.85,615,4545,4533,159075,67995,2025-10-28,2025-11-07,685.24,-12,-91080,35214484,-18539585,0.193088162245967,97.0973364255458,-1.33951025810721
684.4,705,0,33,0,67980,2025-10-28,2025-11-21,685.24,33,67980,221849780,-97856565,0.0306423562827063,99.394227030561,1
645.84,646,4361,4231,200606,67696,2025-10-28,2025-10-31,685.24,-130,-132910,41909570,-34227123,0.16152873914001,96.0641328460301,-1.96333609075869
588.4,589,1137,1128,106878,67680,2025-10-28,2025-11-28,685.24,-9,-39198,73461525,-26342754,0.0921298598143722,96.7041781395091,-0.579166666666667
662.77,664,558,549,161820,67527,2025-10-28,2025-11-07,685.24,-9,-94293,35214484,-18539585,0.191759163644141,97.28909558919,-1.39637478341997
149.99,150,66581,66581,66581,66581,2025-10-28,2025-12-19,685.24,0,0,300471627,-71189842,0.0221588309900555,99.5037917506933,0
684.21,694,1,68,1687,66572,2025-10-28,2025-10-31,685.24,67,64885,41909570,-34227123,0.158846774137745,96.2229796201679,0.974659015802439
591.96,592,16389,16389,65556,65556,2025-10-28,2025-10-31,685.24,0,0,41909570,-34227123,0.156422506840323,96.3794021270082,0
650.74,652,534,517,130296,65142,2025-10-28,2025-11-14,685.24,-17,-65154,26754852,-10032626,0.243477332634843,97.0542202961915,-1.00018421295017
632.36,634,410,397,102500,65108,2025-10-28,2025-11-28,685.24,-13,-37392,73461525,-26342754,0.088628707340339,96.7928068468494,-0.574307304785894
681.97,699,6,38,19482,64714,2025-10-28,2025-11-28,685.24,32,45232,73461525,-26342754,0.0880923721635237,96.8808992190129,0.698952313255246
620.18,621,783,785,103356,64370,2025-10-28,2025-11-21,685.24,2,-38986,221849780,-97856565,0.0290151290661636,99.4232421596271,-0.605654808140438
534.83,535,3780,3744,117180,63648,2025-10-28,2025-11-21,685.24,-36,-53532,221849780,-97856565,0.0286896836228551,99.45193184325,-0.84106334841629
677.46,697,16,32,37552,62528,2025-10-28,2025-12-19,685.24,16,24976,300471627,-71189842,0.0208099515499345,99.5246017022433,0.399437052200614
544.78,545,2805,2794,95370,61468,2025-10-28,2025-11-21,685.24,-11,-33902,221849780,-97856565,0.0277070367164664,99.4796388799664,-0.551539012168934
600.19,601,737,755,84755,61155,2025-10-28,2025-11-28,685.24,18,-23600,73461525,-26342754,0.0832476592338643,96.9641468782468,-0.385904668465375
603.37,604,964,964,83868,60732,2025-10-28,2025-11-21,685.24,0,-23136,221849780,-97856565,0.0273752806966949,99.5070141606631,-0.380952380952381
616.85,618,327,523,51993,60145,2025-10-28,2025-11-28,685.24,196,8151.99999999999,73461525,-26342754,0.0818727898719772,97.0460196681188,0.135539113808296
679.95,693,38,45,64372,58725,2025-10-28,2025-11-21,685.24,7,-5647,221849780,-97856565,0.026470614485171,99.5334847751483,-0.0961600681140911
661.3,662.5,471,487,123873,58440,2025-10-28,2025-11-07,685.24,16,-65433,35214484,-18539585,0.165954440792033,97.455050029982,-1.11966119096509
604.7,605,1535,1941,81355,58230,2025-10-28,2025-11-14,685.24,406,-23125,26754852,-10032626,0.217642766254136,97.2718630624457,-0.397132062510733
673.81,688,33,41,59565,58179,2025-10-28,2025-12-19,685.24,8,-1386,300471627,-71189842,0.0193625603125582,99.5439642625558,-0.0238230289279637
613.24,614,766,762,84260,57912,2025-10-28,2025-11-21,685.24,-4,-26348,221849780,-97856565,0.0261041502948527,99.5595889254432,-0.454966155546346
614.98,616,568,562,90312,57324,2025-10-28,2025-11-28,685.24,-6,-32988,73461525,-26342754,0.0780326844562511,97.124052352575,-0.575465773498011
654.5,656,387,381,110682,57150,2025-10-28,2025-11-14,685.24,-6,-53532,26754852,-10032626,0.21360611525715,97.4854691777028,-0.936692913385827
274.97,275,18974,18782,75896,56346,2025-10-28,2025-12-19,685.24,-192,-19550,300471627,-71189842,0.0187525193518521,99.5627167819077,-0.346963404678238
643.85,644,3939,3745,165438,56175,2025-10-28,2025-10-31,685.24,-194,-109263,41909570,-34227123,0.134038597866788,96.513440724875,-1.94504672897196
299.96,300,13934,13936,83604,55744,2025-10-28,2025-12-19,685.24,2,-27860,300471627,-71189842,0.0185521676560829,99.5812689495638,-0.499784730195178
652.36,653,730,869,115340,55616,2025-10-28,2025-11-07,685.24,139,-59724,35214484,-18539585,0.157935013331446,97.6129850433134,-1.07386363636364
349.93,350,8451,7789,84510,54523,2025-10-28,2025-12-19,685.24,-662,-29987,300471627,-71189842,0.0181458064924047,99.5994147560562,-0.549988078425619
675.51,691,13,35,30277,54215,2025-10-28,2025-12-19,685.24,22,23938,300471627,-71189842,0.018043300973639,99.6174580570298,0.441538319653233
632.91,633,5960,6003,149000,54027,2025-10-28,2025-10-31,685.24,43,-94973,41909570,-34227123,0.128913276848223,96.6423540017232,-1.75788031909971
585.15,586,631,631,53635,53635,2025-10-28,2025-11-28,685.24,0,0,73461525,-26342754,0.0730110081433785,97.1970633607184,0
633.91,634,6054,5937,145296,53433,2025-10-28,2025-10-31,685.24,-117,-91863,41909570,-34227123,0.127495939471581,96.7698499411948,-1.71921846050194
414.82,415,2953,2952,70872,53136,2025-10-28,2025-12-19,685.24,-1,-17736,300471627,-71189842,0.0176841988478333,99.6351422558776,-0.333785004516712
584.97,585,17748,17672,88740,53016,2025-10-28,2025-10-31,685.24,-76,-35724,41909570,-34227123,0.1265009400001,96.8963508811949,-0.673834314169308
647.51,648,2001,1078,246123,52822,2025-10-28,2025-11-07,685.24,-923,-193301,35214484,-18539585,0.150000778088925,97.7629858214024,-3.65947900496005
641.09,642,597,580,93132,52780,2025-10-28,2025-11-14,685.24,-17,-40352,26754852,-10032626,0.197272629278607,97.6827418069814,-0.764532019704433
684.98,710,4,21,13076,52542,2025-10-28,2025-11-21,685.24,17,39466,221849780,-97856565,0.0236835934658128,99.583272518909,0.75113242739142
602.16,603,639,625,71568,52500,2025-10-28,2025-11-28,685.24,-14,-19068,73461525,-26342754,0.071465981682248,97.2685293424007,-0.3632
682.32,696,42,38,82866,51984,2025-10-28,2025-11-21,685.24,-4,-30882,221849780,-97856565,0.0234320719182142,99.6067045908272,-0.594067405355494
239.98,240,25954,25954,51908,51908,2025-10-28,2025-12-19,685.24,0,0,300471627,-71189842,0.0172755080132741,99.6524177638909,0
419.96,420,12940,12940,90580,51760,2025-10-28,2025-11-21,685.24,0,-38820,221849780,-97856565,0.0233311026948055,99.630035693522,-0.75
607.09,608,629,560,80512,50960,2025-10-28,2025-11-28,685.24,-69,-29552,73461525,-26342754,0.0693696462195687,97.3378989886202,-0.579905808477237
607.37,608,1833,799,174135,50337,2025-10-28,2025-11-21,685.24,-1034,-123798,221849780,-97856565,0.022689677672883,99.6527253711949,-2.4593837535014
674.13,679,90,103,75510,50161,2025-10-28,2025-11-14,685.24,13,-25349,26754852,-10032626,0.187483750610917,97.8702255575923,-0.505352764099599
595.29,596,709,705,71609,50055,2025-10-28,2025-11-28,685.24,-4,-21554,73461525,-26342754,0.0681377088210461,97.4060366974413,-0.430606333033663
652.78,653,2646,2262,190512,49764,2025-10-28,2025-10-31,685.24,-384,-140748,41909570,-34227123,0.118741375776463,97.0150922569714,-2.82830962141307
684,695,16,45,27024,49500,2025-10-28,2025-11-07,685.24,29,22476,35214484,-18539585,0.140567159808447,97.9035529812108,0.454060606060606
616.25,617,665,654,78470,49050,2025-10-28,2025-11-21,685.24,-11,-29420,221849780,-97856565,0.0221095553937444,99.6748349265886,-0.599796126401631
682.8,710,20,18,65380,48960,2025-10-28,2025-11-28,685.24,-2,-16420,73461525,-26342754,0.0666471326316735,97.472683830073,-0.335375816993464
603.2,604,608,608,77216,48640,2025-10-28,2025-11-28,685.24,0,-28576,73461525,-26342754,0.0662115304576103,97.5388953605306,-0.5875
646.83,647,2885,2840,138480,48280,2025-10-28,2025-10-31,685.24,-45,-90200,41909570,-34227123,0.115200418424718,97.1302926753961,-1.86826843413422
627.41,629,300,299,66000,47541,2025-10-28,2025-11-28,685.24,-1,-18459,73461525,-26342754,0.0647155092410619,97.6036108697716,-0.388275383353316
602.44,603,1551,846,144243,47376,2025-10-28,2025-11-21,685.24,-705,-96867,221849780,-97856565,0.0213549907509487,99.6961899173396,-2.04464285714286
643.58,644,1124,1117,114648,46914,2025-10-28,2025-11-07,685.24,-7,-67734,35214484,-18539585,0.133223590611181,98.036776571822,-1.44379076608262
665.95,667.5,330,300,106920,46500,2025-10-28,2025-11-07,685.24,-30,-60420,35214484,-18539585,0.132047938001874,98.1688245098239,-1.29935483870968
651.58,653,335,319,84755,45298,2025-10-28,2025-11-14,685.24,-16,-39457,26754852,-10032626,0.169307608205046,98.0395331657974,-0.871053909664886
647.91,649,420,411,88620,44799,2025-10-28,2025-11-14,685.24,-9,-43821,26754852,-10032626,0.167442525938847,98.2069756917362,-0.978169155561508
678.7,701,10,20,25820,44600,2025-10-28,2025-12-19,685.24,10,18780,300471627,-71189842,0.0148433316134704,99.6672610955044,0.421076233183857
679.63,692,31,36,73315,44532,2025-10-28,2025-11-28,685.24,5,-28783,73461525,-26342754,0.0606194875480736,97.6642303573197,-0.646344201922213
555.46,556,822,822,44388,44388,2025-10-28,2025-11-28,685.24,0,0,73461525,-26342754,0.0604234665697452,97.7246538238894,0
324.95,325,9523,8786,66661,43930,2025-10-28,2025-12-19,685.24,-737,-22731,300471627,-71189842,0.0146203488291425,99.6818814443335,-0.517436831322559
643.08,644,480,475,83520,43700,2025-10-28,2025-11-14,685.24,-5,-39820,26754852,-10032626,0.163334859785433,98.3703105515217,-0.911212814645309
219.98,220,21790,21790,43580,43580,2025-10-28,2025-12-19,685.24,0,0,300471627,-71189842,0.0145038652850906,99.6963853096186,0
650.43,651,774,763,106812,43491,2025-10-28,2025-11-07,685.24,-11,-63321,35214484,-18539585,0.123503158529882,98.2923276683537,-1.4559564047734
582.41,583,740,736,58460,43424,2025-10-28,2025-11-28,685.24,-4,-15036,73461525,-26342754,0.0591112150203797,97.7837650389098,-0.346260132645542
680.69,694,27,32,49950,42592,2025-10-28,2025-11-21,685.24,5,-7358,221849780,-97856565,0.0191985766224334,99.715388493962,-0.172755447032307
677.01,694,13,25,32968,42475,2025-10-28,2025-12-19,685.24,12,9506.99999999999,300471627,-71189842,0.0141361100960125,99.7105214197146,0.223825779870512
682.7,691,19,51,26144,42330,2025-10-28,2025-11-07,685.24,32,16186,35214484,-18539585,0.120206219690739,98.4125338880445,0.382376565083865
556.63,557,1144,1143,89232,42291,2025-10-28,2025-11-28,685.24,-1,-46941,73461525,-26342754,0.0575689110728371,97.8413339499827,-1.1099524721572
674.43,689,11,29,20086,42253,2025-10-28,2025-12-19,685.24,18,22167,300471627,-71189842,0.014062226248071,99.7245836459627,0.524625470380801
656.58,657.5,475,452,95475,41584,2025-10-28,2025-11-07,685.24,-23,-53891,35214484,-18539585,0.118087773201504,98.530621661246,-1.29595517506733
680.9,691,24,41,36000,41410,2025-10-28,2025-11-14,685.24,17,5410,26754852,-10032626,0.154775664615898,98.5250862161375,0.130644771794253
334.95,335,8279,8274,66232,41370,2025-10-28,2025-12-19,685.24,-5,-24862,300471627,-71189842,0.0137683549069344,99.7383520008696,-0.600966884215615
605.1,606,458,458,54960,41220,2025-10-28,2025-11-28,685.24,0,-13740,73461525,-26342754,0.0561110050465193,97.8974449550292,-0.333333333333333
614.95,615,10689,8160,117579,40800,2025-10-28,2025-10-31,685.24,-2529,-76779,41909570,-34227123,0.0973524662744094,97.2276451416705,-1.88183823529412
641.52,642,861,839,75768,40272,2025-10-28,2025-11-07,685.24,-22,-35496,35214484,-18539585,0.11436203353143,98.6449836947774,-0.881406436233612
613,614,396,401,58212,40100,2025-10-28,2025-11-28,685.24,5,-18112,73461525,-26342754,0.054586397437298,97.9520313524665,-0.451670822942643
649.79,651,324,331,73548,40051,2025-10-28,2025-11-14,685.24,7,-33497,26754852,-10032626,0.149696212111358,98.6747824282489,-0.836358642730519
439.95,440,7946,7944,103298,39720,2025-10-28,2025-11-21,685.24,-2,-63578,221849780,-97856565,0.0179040069365857,99.7332925008986,-1.60065458207452
329.94,330,6619,6619,52952,39714,2025-10-28,2025-12-19,685.24,0,-13238,300471627,-71189842,0.013217221338506,99.7515692222081,-0.333333333333333
610.99,612,392,388,54096,39188,2025-10-28,2025-11-28,685.24,-4,-14908,73461525,-26342754,0.0533449312412178,98.0053762837077,-0.380422578340308
404.83,405,2303,2302,50666,39134,2025-10-28,2025-12-19,685.24,-1,-11532,300471627,-71189842,0.0130241914655057,99.7645934136736,-0.294679818061021
681.71,689,4,53,5084,38637,2025-10-28,2025-11-07,685.24,49,33553,35214484,-18539585,0.109719057646848,98.7547027524243,0.868416284908249
682.7,694,26,34,43472,38420,2025-10-28,2025-11-14,685.24,8,-5051.99999999999,26754852,-10032626,0.143600121577948,98.8183825498269,-0.131494013534617
589.97,590,12729,12715,63645,38145,2025-10-28,2025-10-31,685.24,-14,-25500,41909570,-34227123,0.0910173976969938,97.3186625393675,-0.668501769563508
289.97,290,12280,12544,61400,37632,2025-10-28,2025-12-19,685.24,264,-23768,300471627,-71189842,0.0125243106564601,99.7771177243301,-0.631590136054422
640.86,641,2681,2667,99197,37338,2025-10-28,2025-10-31,685.24,-14,-61859,41909570,-34227123,0.0890918231802426,97.4077543625477,-1.65673040869891
678.47,698,2,19,4858,37107,2025-10-28,2025-12-19,685.24,17,32249,300471627,-71189842,0.0123495853403822,99.7894673096705,0.869081305414073
584.91,585,4174,4086,70958,36774,2025-10-28,2025-11-07,685.24,-88,-34184,35214484,-18539585,0.104428620904966,98.8591313733292,-0.929569804753358
563.11,564,412,412,36668,36668,2025-10-28,2025-11-28,685.24,0,0,73461525,-26342754,0.0499145641204699,98.0552908478282,0
509.87,510,2746,2740,57666,35620,2025-10-28,2025-11-21,685.24,-6,-22046,221849780,-97856565,0.0160559095438364,99.7493484104424,-0.61892195395845
684.36,705,0,17,0,35088,2025-10-28,2025-11-14,685.24,17,35088,26754852,-10032626,0.131146305724285,98.9495288555511,1
249.99,250,22923,35042,45846,35042,2025-10-28,2025-12-19,685.24,12119,-10804,300471627,-71189842,0.011662332430476,99.8011296421009,-0.30831573540323
592.3,593,488,489,44896,34230,2025-10-28,2025-11-28,685.24,1,-10666,73461525,-26342754,0.0465958200568257,98.101886667885,-0.311598013438505
677.94,712,10,10,34060,34060,2025-10-28,2025-11-28,685.24,0,0,73461525,-26342754,0.0463644064018546,98.1482510742869,0
682.1,702,15,17,37650,33830,2025-10-28,2025-11-28,685.24,2,-3820.00000000001,73461525,-26342754,0.0460513173392466,98.1943023916261,-0.112917528820574
677.73,711,10,10,33270,33270,2025-10-28,2025-11-28,685.24,0,0,73461525,-26342754,0.045289013534636,98.2395914051607,0
642.86,643,2301,2335,89739,32690,2025-10-28,2025-10-31,685.24,34,-57049,41909570,-34227123,0.0780012775125109,97.4857556400602,-1.74515142245335
624.6,626,243,233,47385,32620,2025-10-28,2025-11-28,685.24,-10,-14765,73461525,-26342754,0.0444041966185701,98.2839956017793,-0.452636419374617
304.96,305,8405,8146,50430,32584,2025-10-28,2025-12-19,685.24,-259,-17846,300471627,-71189842,0.0108442851411059,99.8119739272421,-0.547692118831328
524.78,525,1384,1477,48440,32494,2025-10-28,2025-11-28,685.24,93,-15946,73461525,-26342754,0.0442326782625327,98.3282282800418,-0.490736751400259
605.34,606,494,491,44954,32406,2025-10-28,2025-11-21,685.24,-3,-12548,221849780,-97856565,0.0146071814901056,99.7639555919325,-0.387212244646053
684.05,702,18,18,43542,32310,2025-10-28,2025-11-21,685.24,0,-11232,221849780,-97856565,0.0145639089657876,99.7785195008983,-0.347632311977716
409.96,410,8052,8052,32208,32208,2025-10-28,2025-11-07,685.24,0,0,35214484,-18539585,0.0914623653153629,98.9505937386446,0
414.96,415,8105,8050,56735,32200,2025-10-28,2025-11-21,685.24,-55,-24535,221849780,-97856565,0.0145143258650065,99.7930338267633,-0.761956521739131
583.45,584,591,581,48462,31955,2025-10-28,2025-11-28,685.24,-10,-16507,73461525,-26342754,0.0434989608505949,98.3717272408924,-0.516570176811141
598.22,599,407,409,43549,31902,2025-10-28,2025-11-28,685.24,2,-11647,73461525,-26342754,0.0434268142405157,98.415154055133,-0.365086828412012
159.99,160,31641,31641,31641,31641,2025-10-28,2025-12-19,685.24,0,0,300471627,-71189842,0.0105304451924175,99.8225043724345,0
587.08,588,342,342,31464,31464,2025-10-28,2025-11-28,685.24,0,0,73461525,-26342754,0.0428305837647667,98.4579846388977,0
645.54,646,859,683,94490,31418,2025-10-28,2025-11-07,685.24,-176,-63072,35214484,-18539585,0.0892189702396321,99.0398127088842,-2.00751161754408
678.08,730,6,6,31152,31152,2025-10-28,2025-11-21,685.24,0,0,221849780,-97856565,0.0140419341412013,99.8070757609045,0
641.87,642,2604,2393,98952,31109,2025-10-28,2025-10-31,685.24,-211,-67843,41909570,-34227123,0.0742288694443775,97.5599845095046,-2.18081584107493
549.99,550,31108,31077,62216,31077,2025-10-28,2025-10-31,685.24,-31,-31139,41909570,-34227123,0.0741525145688682,97.6341370240735,-1.00199504456672
611.95,612,6181,6210,61810,31050,2025-10-28,2025-10-31,685.24,29,-30760,41909570,-34227123,0.0740880901426572,97.7082251142162,-0.990660225442834
429.95,430,6213,6201,43491,31005,2025-10-28,2025-11-21,685.24,-12,-12486,221849780,-97856565,0.0139756730883393,99.8210514339929,-0.402709240445089
685.05,695,10,31,17740,30845,2025-10-28,2025-10-31,685.24,21,13105,41909570,-34227123,0.0735989417214254,97.7818240559376,0.424866266817961
594.97,595,10243,10250,61458,30750,2025-10-28,2025-10-31,685.24,7,-30708,41909570,-34227123,0.0733722631847571,97.8551963191224,-0.998634146341463
621.93,622,4129,4354,66064,30478,2025-10-28,2025-10-31,685.24,225,-35586,41909570,-34227123,0.0727232467429277,97.9279195658653,-1.16759629896975
354.92,355,3772,3771,45264,30168,2025-10-28,2025-12-19,685.24,-1,-15096,300471627,-71189842,0.0100402158770219,99.8325445883115,-0.500397772474145
602.96,603,5431,7519,59741,30076,2025-10-28,2025-10-31,685.24,2088,-29665,41909570,-34227123,0.0717640386193416,97.9996836044846,-0.986334618965288
579.97,580,9978,9948,29934,29844,2025-10-28,2025-10-31,685.24,-30,-89.9999999999964,41909570,-34227123,0.0712104657718989,98.0708940702565,-0.00301568154402883
593.29,594,415,417,41500,29607,2025-10-28,2025-11-28,685.24,2,-11893,73461525,-26342754,0.040302729898406,98.4982873687961,-0.401695544972473
479.91,480,3286,3285,46004,29565,2025-10-28,2025-11-21,685.24,-1,-16439,221849780,-97856565,0.0133265852235688,99.8343780192164,-0.55602908844918
609.99,611,296,290,40552,29290,2025-10-28,2025-11-28,685.24,-6,-11262,73461525,-26342754,0.0398712114947246,98.5381585802909,-0.384499829293275
494.86,495,2076,2073,49824,29022,2025-10-28,2025-11-28,685.24,-3,-20802,73461525,-26342754,0.0395063946739467,98.5776649749648,-0.716766590862104
685,702,1,17,3200,28900,2025-10-28,2025-10-31,685.24,16,25700,41909570,-34227123,0.0689579969443733,98.1398520672009,0.889273356401384
631.69,632,947,932,55873,28892,2025-10-28,2025-11-07,685.24,-15,-26981,35214484,-18539585,0.082045785478498,99.1218584943627,-0.933857123079053
589.79,590,1365,1361,54600,28581,2025-10-28,2025-11-14,685.24,-4,-26019,26754852,-10032626,0.106825483467447,99.0563543390186,-0.910360029390154
637.67,638,876,866,67452,28578,2025-10-28,2025-11-07,685.24,-10,-38874,35214484,-18539585,0.0811541069294101,99.2030126012921,-1.36027713625866
612.27,613,388,389,40740,28397,2025-10-28,2025-11-21,685.24,1,-12343,221849780,-97856565,0.0128001028443661,99.8471781220608,-0.434658590696201
554.98,555,14165,14149,28330,28298,2025-10-28,2025-10-31,685.24,-16,-32,41909570,-34227123,0.0675215708488539,98.2073736380497,-0.00113082196621669
369.91,370,3048,3115,45720,28035,2025-10-28,2025-12-19,685.24,67,-17685,300471627,-71189842,0.00933033187855704,99.8418749201901,-0.630818619582665
565.4,566,466,466,27960,27960,2025-10-28,2025-11-28,685.24,0,0,73461525,-26342754,0.0380607399587743,98.6157257149236,0
680.76,704,10,12,27770,27888,2025-10-28,2025-12-19,685.24,2,118,300471627,-71189842,0.00928140879005524,99.8511563289801,0.00423121055651176
682.7,699,16,17,33568,27710,2025-10-28,2025-11-14,685.24,1,-5858,26754852,-10032626,0.103569999191175,99.1599243382097,-0.211403825333814
577.27,578,378,378,27594,27594,2025-10-28,2025-11-28,685.24,0,0,73461525,-26342754,0.0375625199721895,98.6532882348958,0
604.88,605,2316,2292,67164,27504,2025-10-28,2025-11-07,685.24,-24,-39660,35214484,-18539585,0.0781042255226571,99.2811168268148,-1.44197207678883
681.5,709,0,10,0,27500,2025-10-28,2025-12-19,685.24,10,27500,300471627,-71189842,0.00915227846122057,99.8603086074413,1
627.92,628,3369,3417,67380,27336,2025-10-28,2025-10-31,685.24,48,-40044,41909570,-34227123,0.0652261524038543,98.2725997904536,-1.46488147497805
574.84,575,1722,1689,53382,27024,2025-10-28,2025-11-14,685.24,-33,-26358,26754852,-10032626,0.101005978280127,99.2609303164899,-0.975355239786856
623.93,624,3857,3858,57855,27006,2025-10-28,2025-10-31,685.24,1,-30849,41909570,-34227123,0.0644387427501642,98.3370385332038,-1.14230171073095
638.89,639,2476,2454,79232,26994,2025-10-28,2025-10-31,685.24,-22,-52238,41909570,-34227123,0.0644101096718482,98.4014486428756,-1.93517077869156
591.39,592,433,435,40702,26535,2025-10-28,2025-11-28,685.24,2,-14167,73461525,-26342754,0.036120949027399,98.6894091839232,-0.533898624458263
569.82,570,1437,1462,41673,26316,2025-10-28,2025-11-14,685.24,25,-15357,26754852,-10032626,0.0983597292932138,99.3592900457831,-0.583561331509348
633.71,634,914,907,59410,26303,2025-10-28,2025-11-07,685.24,-7,-33107,35214484,-18539585,0.0746936970594259,99.3558105238742,-1.25867771737064
254.98,255,1273,12830,3819,25660,2025-10-28,2025-12-19,685.24,11557,21841,300471627,-71189842,0.00853990782963345,99.868848515271,0.851169134840218
384.96,385,6395,6395,25580,25580,2025-10-28,2025-11-21,685.24,0,0,221849780,-97856565,0.0115303247089089,99.8587084467697,0
681.94,710,6,9,19632,25254,2025-10-28,2025-12-19,685.24,3,5622,300471627,-71189842,0.00840478691853324,99.8772533021895,0.222618199097173
532.59,533,611,611,25051,25051,2025-10-28,2025-11-28,685.24,0,0,73461525,-26342754,0.0341008439451808,98.7235100278683,0
610.36,611,398,385,40198,24640,2025-10-28,2025-11-21,685.24,-13,-15558,221849780,-97856565,0.0111066145749615,99.8698150613447,-0.631412337662338
600.43,601,431,431,34911,24567,2025-10-28,2025-11-21,685.24,0,-10344,221849780,-97856565,0.0110737094262613,99.8808887707709,-0.421052631578947
626.93,627,3477,3479,62586,24353,2025-10-28,2025-10-31,685.24,2,-38233,41909570,-34227123,0.058108446352468,98.4595570892281,-1.56995031412968
534.71,535,891,830,37422,24070,2025-10-28,2025-11-28,685.24,-61,-13352,73461525,-26342754,0.0327654510303183,98.7562754788986,-0.554715413377649
630.91,631,2633,2624,55293,23616,2025-10-28,2025-10-31,685.24,-9,-31677,41909570,-34227123,0.0563498981258934,98.515906987354,-1.34133638211382
572.55,573,520,520,36920,23400,2025-10-28,2025-11-28,685.24,0,-13520,73461525,-26342754,0.0318534089783734,98.788128887877,-0.577777777777778
642.13,643,256,264,41216,22968,2025-10-28,2025-11-14,685.24,8,-18248,26754852,-10032626,0.0858461112025587,99.4451361569857,-0.794496691048415
279.97,280,7551,7551,37755,22653,2025-10-28,2025-12-19,685.24,0,-15102,300471627,-71189842,0.00753914778116471,99.8847924499707,-0.666666666666667
575.5,576,456,453,40128,22650,2025-10-28,2025-11-28,685.24,-3,-17478,73461525,-26342754,0.0308324663829127,98.81896135426,-0.771655629139073
635.9,636,2265,2261,61155,22610,2025-10-28,2025-10-31,685.24,-4,-38545,41909570,-34227123,0.0539494917270686,98.569856479081,-1.70477664750111
494.9,495,2221,2228,37757,22280,2025-10-28,2025-11-21,685.24,7,-15477,221849780,-97856565,0.0100428316854765,99.8909316024564,-0.694658886894076
685.5,730,1,5,5250,22250,2025-10-28,2025-12-19,685.24,4,17000,300471627,-71189842,0.0074050253004421,99.8921974752711,0.764044943820225
169.99,170,21904,21904,21904,21904,2025-10-28,2025-12-19,685.24,0,0,300471627,-71189842,0.00728987299689365,99.899487348268,0
596.27,597,300,300,30600,21900,2025-10-28,2025-11-28,685.24,0,-8700,73461525,-26342754,0.029811523787452,98.8487728780474,-0.397260273972603
489.85,490,1459,1455,30639,21825,2025-10-28,2025-11-28,685.24,-4,-8814,73461525,-26342754,0.0297094295279059,98.8784823075753,-0.403848797250859
479.89,480,1771,1980,37191,21780,2025-10-28,2025-11-28,685.24,209,-15411,73461525,-26342754,0.0296481729721783,98.9081304805475,-0.707575757575758
625.91,626,2175,2395,41325,21555,2025-10-28,2025-10-31,685.24,220,-19770,41909570,-34227123,0.05143216692512,98.6212886460062,-0.917188587334725
646.88,647.5,358,347,42244,21514,2025-10-28,2025-11-07,685.24,-11,-20730,35214484,-18539585,0.0610941793155339,99.4169047031897,-0.963558612996188
622.93,623,3018,3015,45270,21105,2025-10-28,2025-10-31,685.24,-3,-24165,41909570,-34227123,0.0503584264882699,98.6716470724944,-1.14498933901919
549.9,550,2068,2093,43428,20930,2025-10-28,2025-11-14,685.24,25,-22498,26754852,-10032626,0.0782288012656545,99.5233649582513,-1.07491638795987
544.68,545,654,654,36624,20928,2025-10-28,2025-11-28,685.24,0,-15696,73461525,-26342754,0.028488382183735,98.9366188627312,-0.75
535.7,536,697,697,30668,20910,2025-10-28,2025-11-28,685.24,0,-9758,73461525,-26342754,0.0284638795614439,98.9650827422927,-0.466666666666667
612.04,613,206,215,30900,20640,2025-10-28,2025-11-28,685.24,9,-10260,73461525,-26342754,0.0280963402270781,98.9931790825197,-0.497093023255814
548.53,549,435,435,20445,20445,2025-10-28,2025-11-28,685.24,0,0,73461525,-26342754,0.0278308951522583,99.021009977672,0
651.76,652.5,284,271,42316,20054,2025-10-28,2025-11-07,685.24,-13,-22262,35214484,-18539585,0.0569481580363353,99.4738528612261,-1.11010272264885
640.57,641,485,463,41710,19909,2025-10-28,2025-11-07,685.24,-22,-21801,35214484,-18539585,0.0565363956490176,99.5303892568751,-1.09503239740821
676.41,693,6,12,14526,19908,2025-10-28,2025-12-19,685.24,6,5382,300471627,-71189842,0.00662558398567197,99.9061129322537,0.270343580470163
581.4,582,326,326,25428,19560,2025-10-28,2025-11-28,685.24,0,-5868,73461525,-26342754,0.0266261828896147,99.0476361605616,-0.3
685.45,750,2,3,14390,19365,2025-10-28,2025-12-19,685.24,1,4975,300471627,-71189842,0.00644486808732859,99.912557800341,0.256906790601601
474.91,475,2101,2105,29414,18945,2025-10-28,2025-11-21,685.24,4,-10469,221849780,-97856565,0.00853956222088658,99.8994711646773,-0.552599630509369
683.45,710,5,7,15990,18585,2025-10-28,2025-11-07,685.24,2,2595,35214484,-18539585,0.0527765790917169,99.5831658359668,0.139628732849072
504.99,505,18547,18547,18547,18547,2025-10-28,2025-10-31,685.24,0,0,41909570,-34227123,0.0442548086272419,98.7159018811217,0
553.64,554,517,513,28435,18468,2025-10-28,2025-11-28,685.24,-4,-9967,73461525,-26342754,0.0251396904706239,99.0727758510322,-0.539690275070392
680.04,694,10,13,18170,18148,2025-10-28,2025-11-28,685.24,3,-22,73461525,-26342754,0.0247040882965607,99.0974799393288,-0.00121225479391669
199.99,200,18018,18032,18018,18032,2025-10-28,2025-12-19,685.24,14,14,300471627,-71189842,0.00600123218955379,99.9185590325306,0.00077639751552795
685.05,696,1,16,2353,17520,2025-10-28,2025-10-31,685.24,15,15167,41909570,-34227123,0.041804294341364,98.757706175463,0.865696347031964
683.16,699,0,11,0,17424,2025-10-28,2025-11-21,685.24,11,17424,221849780,-97856565,0.00785396316372277,99.907325127841,1
630.75,631,657,685,38763,17125,2025-10-28,2025-11-07,685.24,28,-21638,35214484,-18539585,0.0486305578125183,99.6317963937793,-1.26353284671533
424.95,425,3412,3416,20472,17080,2025-10-28,2025-11-21,685.24,4,-3392,221849780,-97856565,0.00769890328491649,99.9150240311259,-0.198594847775176
309.96,310,4496,4266,35968,17064,2025-10-28,2025-12-19,685.24,-230,-18904,300471627,-71189842,0.00567907198771883,99.9242381045183,-1.10782934833568
600.96,601,4210,4210,37890,16840,2025-10-28,2025-10-31,685.24,0,-21050,41909570,-34227123,0.0401817532367905,98.7978879286998,-1.25
631.91,632,1861,1852,40942,16668,2025-10-28,2025-10-31,685.24,-9,-24274,41909570,-34227123,0.0397713457809278,98.8376592744807,-1.45632349412047
541.55,542,367,367,16515,16515,2025-10-28,2025-11-28,685.24,0,0,73461525,-26342754,0.0224811559520443,99.1199610952808,0
550.63,551,434,443,22134,16391,2025-10-28,2025-11-28,685.24,9,-5743,73461525,-26342754,0.0223123601095948,99.1422734553904,-0.35037520590568
597.26,598,227,221,23835,16354,2025-10-28,2025-11-28,685.24,-6,-7481,73461525,-26342754,0.0222619936082187,99.1645354489987,-0.457441604500428
444.94,445,2342,2724,21078,16344,2025-10-28,2025-11-21,685.24,382,-4734,221849780,-97856565,0.00736714726514491,99.9223911783911,-0.289647577092511
586.43,587,285,286,24795,16302,2025-10-28,2025-11-28,685.24,1,-8493,73461525,-26342754,0.0221912082549334,99.1867266572536,-0.520979020979021
560.6,561,437,407,25346,16280,2025-10-28,2025-11-28,685.24,-30,-9066,73461525,-26342754,0.0221612606054666,99.2088879178591,-0.556879606879607
547.65,548,465,464,23715,16240,2025-10-28,2025-11-28,685.24,-1,-7475,73461525,-26342754,0.0221068103337087,99.2309947281928,-0.460283251231527
568.53,569,346,345,23182,16215,2025-10-28,2025-11-28,685.24,-1,-6967.00000000001,73461525,-26342754,0.02207277891386,99.2530675071066,-0.429663891458526
601.47,602,304,304,25536,16112,2025-10-28,2025-11-21,685.24,0,-9424,221849780,-97856565,0.007262571998043,99.9296537503891,-0.584905660377359
504.88,505,1338,1337,26760,16044,2025-10-28,2025-11-21,685.24,-1,-10716,221849780,-97856565,0.00723192062665106,99.9368856710158,-0.667913238593867
605.95,606,3200,3198,44800,15990,2025-10-28,2025-10-31,685.24,-2,-28810,41909570,-34227123,0.0381535768560737,98.8758128513368,-1.80175109443402
589.91,590,1780,1740,33820,15660,2025-10-28,2025-11-07,685.24,-40,-18160,35214484,-18539585,0.0444703378303087,99.6762667316096,-1.15964240102171
339.94,340,2700,2590,27000,15540,2025-10-28,2025-12-19,685.24,-110,-11460,300471627,-71189842,0.00517186935590428,99.9294099738742,-0.737451737451737
567.32,568,223,223,15164,15164,2025-10-28,2025-11-28,685.24,0,0,73461525,-26342754,0.0206420980234211,99.27370960513,0
512.59,513,366,366,15006,15006,2025-10-28,2025-10-31,685.24,0,0,41909570,-34227123,0.0358056644341615,98.911618515771,0
489.89,490,1365,1362,23205,14982,2025-10-28,2025-11-21,685.24,-3,-8223,221849780,-97856565,0.00675321832638283,99.9436388893422,-0.548858630356428
520.76,521,615,615,21525,14760,2025-10-28,2025-11-28,685.24,0,-6765,73461525,-26342754,0.0200921502786663,99.2938017554087,-0.458333333333333
564.59,565,353,356,21533,14596,2025-10-28,2025-11-28,685.24,3,-6937,73461525,-26342754,0.0198689041644589,99.3136706595732,-0.47526719649219
369.98,370,7320,7281,29280,14562,2025-10-28,2025-11-21,685.24,-39,-14718,221849780,-97856565,0.00656390103249145,99.9502027903746,-1.01071281417388
682.2,703,0,7,0,14560,2025-10-28,2025-11-28,685.24,7,14560,73461525,-26342754,0.0198198989198768,99.3334905584931,1
561.59,562,354,354,20532,14514,2025-10-28,2025-11-28,685.24,0,-6018,73461525,-26342754,0.0197572811073552,99.3532478396004,-0.414634146341464
529.73,530,535,533,20330,14391,2025-10-28,2025-11-28,685.24,-2,-5939,73461525,-26342754,0.0195898465216996,99.3728376861221,-0.412688485859218
557.45,558,257,257,14135,14135,2025-10-28,2025-11-28,685.24,0,0,73461525,-26342754,0.019241364782449,99.3920790509046,0
164.99,165,13795,13795,13795,13795,2025-10-28,2025-12-19,685.24,0,0,300471627,-71189842,0.0045911156862741,99.9340010895605,0
540.67,541,417,418,70473,13794,2025-10-28,2025-11-28,685.24,1,-56679,73461525,-26342754,0.0187771762157129,99.4108562271203,-4.10896041757286
509.82,510,727,755,26172,13590,2025-10-28,2025-11-28,685.24,28,-12582,73461525,-26342754,0.0184994798297476,99.42935570695,-0.925827814569536
632.65,633,393,383,24759,13405,2025-10-28,2025-11-07,685.24,-10,-11354,35214484,-18539585,0.0380667227723683,99.714333454382,-0.846997389033943
154.99,155,13328,13328,13328,13328,2025-10-28,2025-12-19,685.24,0,0,300471627,-71189842,0.00443569335749628,99.938436782918,0
174.99,175,13275,13275,13275,13275,2025-10-28,2025-12-19,685.24,0,0,300471627,-71189842,0.00441805442082556,99.9428548373388,0
570.32,571,194,194,13192,13192,2025-10-28,2025-11-28,685.24,0,0,73461525,-26342754,0.0179576996257565,99.4473134065758,0
449.92,450,1690,1648,23660,13184,2025-10-28,2025-11-28,685.24,-42,-10476,73461525,-26342754,0.0179468095714049,99.4652602161472,-0.794599514563107
179.99,180,13122,13122,13122,13122,2025-10-28,2025-12-19,685.24,0,0,300471627,-71189842,0.00436713447156859,99.9472219718103,0
679.22,691,7,11,11669,12958,2025-10-28,2025-11-28,685.24,4,1289,73461525,-26342754,0.0176391655359727,99.4828993816832,0.099475227658589
269.97,270,4274,4274,12822,12822,2025-10-28,2025-12-19,685.24,0,0,300471627,-71189842,0.00426729143380982,99.9514892632441,0
628.93,629,1733,1826,45058,12782,2025-10-28,2025-10-31,685.24,93,-32276,41909570,-34227123,0.0304990005862623,98.9421175163572,-2.52511344077609
429.94,430,1930,2130,23160,12780,2025-10-28,2025-11-28,685.24,200,-10380,73461525,-26342754,0.0173968618266501,99.5002962435098,-0.812206572769953
528.74,529,489,489,52812,12714,2025-10-28,2025-11-28,685.24,0,-40098,73461525,-26342754,0.0173070188782495,99.5176032623881,-3.15384615384615
214.99,215,12483,12540,24966,12540,2025-10-28,2025-12-19,685.24,57,-12426,300471627,-71189842,0.00417343897831658,99.9556627022225,-0.990909090909091
194.99,195,12266,12479,24532,12479,2025-10-28,2025-12-19,685.24,213,-12053,300471627,-71189842,0.00415313756063896,99.9598158397831,-0.965862649250741
530.74,531,467,473,18680,12298,2025-10-28,2025-11-28,685.24,6,-6382,73461525,-26342754,0.0167407360519673,99.53434399844,-0.518946170108961
679.99,691,8,11,24576,12111,2025-10-28,2025-11-21,685.24,3,-12465,221849780,-97856565,0.0054590993959967,99.9556618897707,-1.02922962595987
504.84,505,758,756,21224,12096,2025-10-28,2025-11-28,685.24,-2,-9128,73461525,-26342754,0.0164657621795899,99.5508097606196,-0.75462962962963
319.95,320,2151,2402,17208,12010,2025-10-28,2025-12-19,685.24,251,-5198,300471627,-71189842,0.00399704961160942,99.9638128893947,-0.432805995004163
554.66,555,392,352,20384,11968,2025-10-28,2025-11-28,685.24,-40,-8416,73461525,-26342754,0.0162915213099646,99.5671012819296,-0.703208556149733
538.69,539,386,384,15826,11904,2025-10-28,2025-11-28,685.24,-2,-3922,73461525,-26342754,0.016204400875152,99.5833056828047,-0.329469086021505
399.97,400,3896,3964,19480,11892,2025-10-28,2025-11-21,685.24,68,-7588,221849780,-97856565,0.00536038394989619,99.9610222737205,-0.63807601749075
464.9,465,1187,1188,18992,11880,2025-10-28,2025-11-28,685.24,1,-7112,73461525,-26342754,0.0161717307120973,99.5994774135168,-0.598653198653198
573.49,574,232,232,16240,11832,2025-10-28,2025-11-28,685.24,0,-4408,73461525,-26342754,0.0161063903859878,99.6155838039028,-0.372549019607843
389.96,390,2901,2837,23208,11348,2025-10-28,2025-11-28,685.24,-64,-11860,73461525,-26342754,0.0154475420977171,99.6310313460005,-1.04511808248149
679.93,696,6,7,14940,11249,2025-10-28,2025-11-28,685.24,1,-3691,73461525,-26342754,0.0153127776751163,99.6463441236756,-0.328118054938217
584.8,585,550,548,21450,10960,2025-10-28,2025-11-14,685.24,-2,-10490,26754852,-10032626,0.040964532339779,99.5643294905911,-0.957116788321168
552.64,553,337,304,18198,10944,2025-10-28,2025-11-28,685.24,-33,-7254,73461525,-26342754,0.0148975943529623,99.6612417180286,-0.662828947368421
571.98,572,5355,5454,21420,10908,2025-10-28,2025-10-31,685.24,99,-10512,41909570,-34227123,0.0260274681892465,98.9681449845465,-0.963696369636964
484.89,485,996,989,13944,10879,2025-10-28,2025-11-21,685.24,-7,-3065,221849780,-97856565,0.00490376866724862,99.9659260423878,-0.281735453626253
184.99,185,10566,10616,10566,10616,2025-10-28,2025-12-19,685.24,50,50,300471627,-71189842,0.003533112296157,99.9673460016909,0.00470987189148455
562.39,563,171,171,10431,10431,2025-10-28,2025-11-28,685.24,0,0,73461525,-26342754,0.0141992696176672,99.6754409876463,0
608.95,609,2021,2072,16168,10360,2025-10-28,2025-10-31,685.24,51,-5808,41909570,-34227123,0.0247198909461491,98.9928648754926,-0.560617760617761
514.8,515,517,517,10340,10340,2025-10-28,2025-11-14,685.24,0,0,26754852,-10032626,0.0386471956563243,99.6029766862474,0
542.9,543,1026,1026,10260,10260,2025-10-28,2025-10-31,685.24,0,0,41909570,-34227123,0.0244812819601824,99.0173461574528,0
508.61,509,251,251,9789,9789,2025-10-28,2025-10-31,685.24,0,0,41909570,-34227123,0.0233574336362793,99.0407035910891,0
610.96,611,2407,2421,24070,9684,2025-10-28,2025-10-31,685.24,14,-14386,41909570,-34227123,0.0231068942010142,99.0638104852901,-1.48554316398183
484.86,485,692,691,13840,9674,2025-10-28,2025-11-28,685.24,-1,-4166,73461525,-26342754,0.0131687982246489,99.6886097858709,-0.43063882571842
536.71,537,333,331,18981,9599,2025-10-28,2025-11-28,685.24,-2,-9382,73461525,-26342754,0.0130667039651028,99.701676489836,-0.977393478487342
557.96,558,2387,2387,9548,9548,2025-10-28,2025-10-31,685.24,0,0,41909570,-34227123,0.0227823859800995,99.0865928712702,0
474.9,475,1004,949,19076,9490,2025-10-28,2025-11-28,685.24,-55,-9586,73461525,-26342754,0.0129183269745625,99.7145948168106,-1.01011591148577
558.6,559,238,236,16422,9440,2025-10-28,2025-11-28,685.24,-2,-6982,73461525,-26342754,0.0128502641348652,99.7274450809454,-0.739618644067797
314.95,315,1885,1887,15080,9435,2025-10-28,2025-12-19,685.24,2,-5645,300471627,-71189842,0.00314006353751331,99.9704860652284,-0.598304186539481
590.96,591,2345,2344,11725,9376,2025-10-28,2025-10-31,685.24,-1,-2349,41909570,-34227123,0.0223719785242368,99.1089648497945,-0.250533276450512
522.79,523,402,435,14070,9135,2025-10-28,2025-11-28,685.24,33,-4935,73461525,-26342754,0.0124350808127111,99.7398801617582,-0.540229885057471
569.99,570,9101,9080,27303,9080,2025-10-28,2025-10-31,685.24,-21,-18223,41909570,-34227123,0.0216656959257754,99.1306305457202,-2.00693832599119
569.94,570,1499,1512,19487,9072,2025-10-28,2025-11-07,685.24,13,-10415,35214484,-18539585,0.0257621267430754,99.7400955811251,-1.14803791887125
685,715,0,3,0,9000,2025-10-28,2025-11-21,685.24,3,9000,221849780,-97856565,0.00405679915481548,99.9699828415426,1
524.92,525,1085,1113,17360,8904,2025-10-28,2025-11-14,685.24,28,-8456,26754852,-10032626,0.0332799448862584,99.6362566311337,-0.949685534591195
612.95,613,1778,1780,24892,8900,2025-10-28,2025-10-31,685.24,2,-15992,41909570,-34227123,0.0212361997510354,99.1518667454713,-1.79685393258427
469.92,470,1107,1106,14391,8848,2025-10-28,2025-11-21,685.24,-1,-5543,221849780,-97856565,0.00398828432464526,99.9739711258673,-0.626469258589512
618.94,619,1477,1471,29540,8826,2025-10-28,2025-10-31,685.24,-6,-20714,41909570,-34227123,0.02105962910142,99.1729263745727,-2.34692952639928
459.9,460,919,873,14704,8730,2025-10-28,2025-11-28,685.24,-46,-5974,73461525,-26342754,0.0118837718111624,99.7517639335693,-0.684306987399771
570.95,571,1720,1720,8600,8600,2025-10-28,2025-10-31,685.24,0,0,41909570,-34227123,0.0205203727931353,99.1934467473658,0
546.69,547,269,273,19637,8463,2025-10-28,2025-11-28,685.24,4,-11174,73461525,-26342754,0.0115203162471784,99.7632842498165,-1.32033557840009
189.99,190,8447,8447,8447,8447,2025-10-28,2025-12-19,685.24,0,0,300471627,-71189842,0.0028112471331611,99.9732973123615,0
543.89,544,767,767,8437,8437,2025-10-28,2025-10-31,685.24,0,0,41909570,-34227123,0.0201314401460096,99.2135781875118,0
574.99,575,8438,8437,33752,8437,2025-10-28,2025-10-31,685.24,-1,-25315,41909570,-34227123,0.0201314401460096,99.2337096276578,-3.00047410216902
209.99,210,7859,8313,23577,8313,2025-10-28,2025-12-19,685.24,454,-15264,300471627,-71189842,0.00276665057629551,99.9760639629378,-1.83616023096355
518.96,519,2049,2049,8196,8196,2025-10-28,2025-10-31,685.24,0,0,41909570,-34227123,0.0195563924898299,99.2532660201477,0
284.97,285,2618,2708,10472,8124,2025-10-28,2025-12-19,685.24,90,-2348,300471627,-71189842,0.00270374946250749,99.9787677124004,-0.289020187099951
580.42,581,138,139,10764,8062,2025-10-28,2025-11-28,685.24,1,-2702,73461525,-26342754,0.0109744522728054,99.7742587020893,-0.335152567601092
683,699,0,5,0,8000,2025-10-28,2025-10-31,685.24,5,8000,41909570,-34227123,0.0190887188773352,99.272354739025,1
434.95,435,1607,1599,12856,7995,2025-10-28,2025-11-21,685.24,-8,-4861,221849780,-97856565,0.00360378991586108,99.9775749157831,-0.608005003126954
606.96,607,1991,1991,25883,7964,2025-10-28,2025-10-31,685.24,0,-17919,41909570,-34227123,0.0190028196423872,99.2913575586674,-2.25
523.47,524,148,148,7844,7844,2025-10-28,2025-11-28,685.24,0,0,73461525,-26342754,0.0106776982917248,99.784936400381,0
566.55,567,175,174,11725,7830,2025-10-28,2025-11-28,685.24,-1,-3895,73461525,-26342754,0.0106586406966096,99.7955950410776,-0.497445721583653
607.95,608,1569,1564,17259,7820,2025-10-28,2025-10-31,685.24,-5,-9439,41909570,-34227123,0.0186592227025951,99.31001678137,-1.20703324808184
424.94,425,1158,1303,12738,7818,2025-10-28,2025-11-28,685.24,145,-4920,73461525,-26342754,0.0106423056150822,99.8062373466927,-0.629316960859555
564.95,565,1561,1558,17171,7790,2025-10-28,2025-11-07,685.24,-3,-9381,35214484,-18539585,0.0221215792910667,99.7622171604162,-1.20423620025674
617.94,618,1294,1290,19410,7740,2025-10-28,2025-10-31,685.24,-4,-11670,41909570,-34227123,0.0184683355138218,99.3284851168838,-1.5077519379845
684.28,710,3,3,9477,7716,2025-10-28,2025-10-31,685.24,0,-1761,41909570,-34227123,0.0184110693571898,99.346896186241,-0.228227060653188
559.88,560,643,643,16718,7716,2025-10-28,2025-11-14,685.24,0,-9002,26754852,-10032626,0.0288396287895743,99.6650962599232,-1.16666666666667
635.69,636,262,248,18340,7688,2025-10-28,2025-11-07,685.24,-14,-10652,35214484,-18539585,0.0218319257496432,99.7840490861658,-1.38553590010406
531.6,532,192,192,7680,7680,2025-10-28,2025-11-28,685.24,0,0,73461525,-26342754,0.0104544521775174,99.8166917988702,0
454.94,455,1172,1270,12892,7620,2025-10-28,2025-11-21,685.24,98,-5272,221849780,-97856565,0.00343475661774377,99.9810096724008,-0.691863517060367
620.94,621,1359,1259,27180,7554,2025-10-28,2025-10-31,685.24,-100,-19626,41909570,-34227123,0.0180245227999237,99.3649207090409,-2.59809372517871
616.94,617,1265,1246,24035,7476,2025-10-28,2025-10-31,685.24,-19,-16559,41909570,-34227123,0.0178384077908697,99.3827591168318,-2.2149545211343
419.93,420,1058,1058,10580,7406,2025-10-28,2025-11-28,685.24,0,-3174,73461525,-26342754,0.0100814678159758,99.8267732666862,-0.428571428571429
499.99,500,7353,7353,7353,7353,2025-10-28,2025-10-31,685.24,0,0,41909570,-34227123,0.0175449187381307,99.4003040355699,0
683.46,720,2,2,8408,7308,2025-10-28,2025-12-19,685.24,0,-1100,300471627,-71189842,0.00243217639980363,99.9811998888002,-0.150519978106185
369.99,370,7264,7264,7264,7264,2025-10-28,2025-10-31,685.24,0,0,41909570,-34227123,0.0173325567406203,99.4176365923105,0
551.63,552,232,196,18560,7252,2025-10-28,2025-11-28,685.24,-36,-11308,73461525,-26342754,0.00987183426970785,99.8366451009559,-1.55929398786542
571.52,572,160,150,15840,7200,2025-10-28,2025-11-28,685.24,-10,-8640,73461525,-26342754,0.00980104891642258,99.8464461498723,-1.2
562.98,563,2757,3525,13785,7050,2025-10-28,2025-10-31,685.24,768,-6735,41909570,-34227123,0.0168219335106516,99.4344585258212,-0.95531914893617
663.75,699,2,2,7050,7050,2025-10-28,2025-12-19,685.24,0,0,300471627,-71189842,0.00234631138733109,99.9835462001875,0
499.95,500,958,1402,9580,7010,2025-10-28,2025-11-14,685.24,444,-2570,26754852,-10032626,0.0262008550822856,99.6912971150055,-0.366619115549216
615.95,616,1386,1385,15246,6925,2025-10-28,2025-10-31,685.24,-1,-8321,41909570,-34227123,0.0165236722781933,99.4509821980994,-1.20158844765343
558.97,559,2292,2292,6876,6876,2025-10-28,2025-10-31,685.24,0,0,41909570,-34227123,0.0164067538750696,99.4673889519745,0
439.92,440,855,856,10260,6848,2025-10-28,2025-11-28,685.24,1,-3412,73461525,-26342754,0.00932188652495303,99.8557680363973,-0.498247663551402
682.26,705,0,3,0,6822,2025-10-28,2025-11-28,685.24,3,6822,73461525,-26342754,0.00928649384831039,99.8650545302456,1
526.63,527,184,184,6808,6808,2025-10-28,2025-11-28,685.24,0,0,73461525,-26342754,0.00926743625319513,99.8743219664988,0
594.9,595,617,677,12957,6770,2025-10-28,2025-11-07,685.24,60,-6187,35214484,-18539585,0.019225043876832,99.8032741300426,-0.913884785819793
578.45,579,122,122,9028,6710,2025-10-28,2025-11-28,685.24,0,-2318,73461525,-26342754,0.00913403308738826,99.8834559995862,-0.345454545454545
294.96,295,1765,1661,10590,6644,2025-10-28,2025-12-19,685.24,-104,-3946,300471627,-71189842,0.00221119047623089,99.9857573906637,-0.593919325707405
683.1,716,0,2,0,6580,2025-10-28,2025-11-28,685.24,2,6580,73461525,-26342754,0.00895706970417508,99.8924130692904,1
613.95,614,1284,1281,14124,6405,2025-10-28,2025-10-31,685.24,-3,-7719,41909570,-34227123,0.0152829055511665,99.4826718575256,-1.20515222482436
521.79,522,240,304,8160,6384,2025-10-28,2025-11-28,685.24,64,-1776,73461525,-26342754,0.00869026337256135,99.9011033326629,-0.278195488721805
683.26,715,1,2,4990,6348,2025-10-28,2025-12-19,685.24,1,1358,300471627,-71189842,0.00211267867897557,99.9878700693427,0.213925645872716
459.94,460,1052,1052,10520,6312,2025-10-28,2025-11-21,685.24,0,-4208,221849780,-97856565,0.00284516847391059,99.9838548408748,-0.666666666666667
444.88,445,523,523,6276,6276,2025-10-28,2025-11-14,685.24,0,0,26754852,-10032626,0.0234574274602603,99.7147545424658,0
681.61,697,4,4,7848,6156,2025-10-28,2025-11-21,685.24,0,-1692,221849780,-97856565,0.00277485062189379,99.9866296914966,-0.274853801169591
542.68,543,193,192,12738,6144,2025-10-28,2025-11-28,685.24,-1,-6594,73461525,-26342754,0.00836356174201393,99.9094668944049,-1.0732421875
409.97,410,2085,2028,12510,6084,2025-10-28,2025-11-21,685.24,-57,-6426,221849780,-97856565,0.00274239622865526,99.9893720877253,-1.05621301775148
549.96,550,1206,1510,10854,6040,2025-10-28,2025-11-07,685.24,304,-4814,35214484,-18539585,0.0171520332372327,99.8204261632799,-0.797019867549669
204.99,205,5920,6015,5920,6015,2025-10-28,2025-12-19,685.24,95,95,300471627,-71189842,0.00200185290706333,99.9898719222498,0.0157938487115544
454.92,455,670,751,10050,6008,2025-10-28,2025-11-28,685.24,81,-4042,73461525,-26342754,0.00817843081803706,99.917645325223,-0.672769640479361
224.99,225,5720,5921,5720,5921,2025-10-28,2025-12-19,685.24,201,201,300471627,-71189842,0.00197056875523225,99.991842491005,0.033946968417497
544.9,545,592,592,10656,5920,2025-10-28,2025-11-14,685.24,0,-4736,26754852,-10032626,0.0221268276871799,99.736881370153,-0.8
399.95,400,1018,1163,8144,5815,2025-10-28,2025-11-28,685.24,145,-2329,73461525,-26342754,0.00791570825680518,99.9255610334798,-0.400515907136715
677,735,1,1,5800,5800,2025-10-28,2025-11-14,685.24,0,0,26754852,-10032626,0.021678310909737,99.7585596810627,0
543.67,544,155,173,7440,5709,2025-10-28,2025-11-28,685.24,18,-1731,73461525,-26342754,0.00777141503664674,99.9333324485164,-0.303205465055176
564.98,565,2661,2846,7983,5692,2025-10-28,2025-10-31,685.24,185,-2291,41909570,-34227123,0.013581623481224,99.4962534810069,-0.402494729444835
683.6,740,0,1,0,5640,2025-10-28,2025-12-19,685.24,1,5640,300471627,-71189842,0.00187704910986487,99.9937195401149,1
537.7,538,137,180,23016,5400,2025-10-28,2025-11-28,685.24,43,-17616,73461525,-26342754,0.00735078668731693,99.9406832352037,-3.26222222222222
533.99,534,5179,5170,10358,5170,2025-10-28,2025-10-31,685.24,-9,-5188,41909570,-34227123,0.0123360845744779,99.5085895655813,-1.00348162475822
525.77,526,188,224,6580,5152,2025-10-28,2025-11-28,685.24,36,-1428,73461525,-26342754,0.00701319500241793,99.9476964302062,-0.277173913043478
374.98,375,2492,2541,9968,5082,2025-10-28,2025-11-21,685.24,49,-4886,221849780,-97856565,0.00229073925608581,99.9916628269814,-0.961432506887052
534.91,535,465,556,8370,5004,2025-10-28,2025-11-14,685.24,91,-3366,26754852,-10032626,0.0187031496193662,99.7772628306821,-0.672661870503597
586.93,587,710,710,4970,4970,2025-10-28,2025-10-31,685.24,0,0,41909570,-34227123,0.0118588666025445,99.5204484321839,0
682.21,692,0,5,0,4895,2025-10-28,2025-11-07,685.24,5,4895,35214484,-18539585,0.0139005302477242,99.8343266935276,1
234.99,235,4785,4785,4785,4785,2025-10-28,2025-12-19,685.24,0,0,300471627,-71189842,0.00159249645225238,99.9953120365671,0
539.99,540,4709,4667,9418,4667,2025-10-28,2025-10-31,685.24,-42,-4751,41909570,-34227123,0.0111358813750654,99.5315843135589,-1.01799871437754
534.99,535,4612,4611,9224,4611,2025-10-28,2025-10-31,685.24,-1,-4613,41909570,-34227123,0.0110022603429241,99.5425865739019,-1.00043374539146
601.96,602,1148,1148,10332,4592,2025-10-28,2025-10-31,685.24,0,-5740,41909570,-34227123,0.0109569246355904,99.5535434985374,-1.25
404.86,405,327,327,4578,4578,2025-10-28,2025-11-07,685.24,0,0,35214484,-18539585,0.0130003324768297,99.8473270260044,0
409.99,410,4576,4576,4576,4576,2025-10-28,2025-10-31,685.24,0,0,41909570,-34227123,0.0109187471978357,99.5644622457353,0
563.98,564,657,2281,1971,4562,2025-10-28,2025-10-31,685.24,1624,2591,41909570,-34227123,0.0108853419398004,99.5753475876751,0.567952652345463
559.96,560,1129,1132,11290,4528,2025-10-28,2025-11-07,685.24,3,-6762,35214484,-18539585,0.0128583454467202,99.8601853714511,-1.49337455830389
524.99,525,4492,4492,8984,4492,2025-10-28,2025-10-31,685.24,0,-4492,41909570,-34227123,0.0107183156496237,99.5860659033247,-1
544.97,545,1473,1496,13257,4488,2025-10-28,2025-11-07,685.24,23,-8769,35214484,-18539585,0.0127447558226325,99.8729301272738,-1.95387700534759
505.96,506,1094,1094,4376,4376,2025-10-28,2025-10-31,685.24,0,0,41909570,-34227123,0.0104415292259023,99.5965074325506,0
244.98,245,2200,2187,6600,4374,2025-10-28,2025-12-19,685.24,-13,-2226,300471627,-71189842,0.00145571149052286,99.9967677480576,-0.508916323731139
524.97,525,1473,1451,11784,4353,2025-10-28,2025-11-07,685.24,-22,-7431,35214484,-18539585,0.0123613908413368,99.8852915181151,-1.70709855272226
554.95,555,851,846,10212,4230,2025-10-28,2025-11-07,685.24,-5,-5982,35214484,-18539585,0.0120121027472673,99.8973036208624,-1.41418439716312
539.9,540,416,421,7488,4210,2025-10-28,2025-11-14,685.24,5,-3278,26754852,-10032626,0.0157354636086195,99.7929982942907,-0.778622327790974
677.94,720,1,1,4206,4206,2025-10-28,2025-11-21,685.24,0,0,221849780,-97856565,0.00189587747168377,99.9935587044531,0
684,698,0,3,0,4200,2025-10-28,2025-10-31,685.24,3,4200,41909570,-34227123,0.010021577410601,99.6065290099612,1
576.47,577,79,79,6083,4187,2025-10-28,2025-11-28,685.24,0,-1896,73461525,-26342754,0.00569958219625852,99.9533960124024,-0.452830188679245
459.89,460,377,377,4147,4147,2025-10-28,2025-11-14,685.24,0,0,26754852,-10032626,0.015499992300462,99.8084982865912,0
519.93,520,586,586,7618,4102,2025-10-28,2025-11-14,685.24,0,-3516,26754852,-10032626,0.0153317985089209,99.8238300851001,-0.857142857142857
434.92,435,510,512,5610,4096,2025-10-28,2025-11-28,685.24,2,-1514,73461525,-26342754,0.00557570782800929,99.9589717202304,-0.36962890625
517.94,518,664,664,3984,3984,2025-10-28,2025-10-31,685.24,0,0,41909570,-34227123,0.00950618200091291,99.6160351919621,0
527.75,528,190,158,7600,3950,2025-10-28,2025-11-28,685.24,-32,-3650,73461525,-26342754,0.00537696433609294,99.9643486845665,-0.924050632911392
520.98,521,1946,1946,3892,3892,2025-10-28,2025-10-31,685.24,0,0,41909570,-34227123,0.00928666173382356,99.6253218536959,0
592.93,593,529,529,3703,3703,2025-10-28,2025-10-31,685.24,0,0,41909570,-34227123,0.00883569075034652,99.6341575444463,0
670.1,707,1,1,3690,3690,2025-10-28,2025-11-28,685.24,0,0,73461525,-26342754,0.00502303756966657,99.9693717221362,0
399.99,400,3686,3686,3686,3686,2025-10-28,2025-10-31,685.24,0,0,41909570,-34227123,0.00879512722273218,99.642952671669,0
519.97,520,416,1216,2496,3648,2025-10-28,2025-11-07,685.24,800,1152,35214484,-18539585,0.0103593737167922,99.9076629945792,0.31578947368421
545.7,546,117,120,5499,3600,2025-10-28,2025-11-28,685.24,3,-1899,73461525,-26342754,0.00490052445821129,99.9742722465944,-0.5275
444.93,445,508,501,6604,3507,2025-10-28,2025-11-28,685.24,-7,-3097,73461525,-26342754,0.00477392757637416,99.9790461741708,-0.883090960935273
545.93,546,499,499,3493,3493,2025-10-28,2025-10-31,685.24,0,0,41909570,-34227123,0.00833461187981647,99.6512872835488,0
484.95,485,400,691,3200,3455,2025-10-28,2025-11-14,685.24,291,255,26754852,-10032626,0.0129135455505416,99.8367436306506,0.0738060781476123
574.94,575,554,572,7202,3432,2025-10-28,2025-11-07,685.24,18,-3770,35214484,-18539585,0.00974598974671899,99.9174089843259,-1.09848484848485
449.99,450,3411,3411,3411,3411,2025-10-28,2025-10-31,685.24,0,0,41909570,-34227123,0.00813895251132379,99.6594262360602,0
528.98,529,1702,1702,3404,3404,2025-10-28,2025-10-31,685.24,0,0,41909570,-34227123,0.00812224988230612,99.6675484859425,0
578.97,579,1123,1124,5615,3372,2025-10-28,2025-10-31,685.24,1,-2243,41909570,-34227123,0.00804589500679678,99.6755943809493,-0.665183867141163
539.97,540,1124,1121,8992,3363,2025-10-28,2025-11-07,685.24,-3,-5629,35214484,-18539585,0.00955004764516782,99.9269590319711,-1.67380315194767
264.98,265,1677,1677,6708,3354,2025-10-28,2025-12-19,685.24,0,-3354,300471627,-71189842,0.00111624516214305,99.9978839932198,-1
580.95,581,670,670,3350,3350,2025-10-28,2025-10-31,685.24,0,0,41909570,-34227123,0.00799340102988411,99.6835877819792,0
683.06,716,0,1,0,3294,2025-10-28,2025-12-19,685.24,1,3294,300471627,-71189842,0.00109627655459129,99.9989802697744,1
554.87,555,256,253,6656,3289,2025-10-28,2025-11-14,685.24,-3,-3367,26754852,-10032626,0.0122930973417457,99.8490367279924,-1.02371541501976
603.97,604,1061,1060,8488,3180,2025-10-28,2025-10-31,685.24,-1,-5308,41909570,-34227123,0.00758776575374073,99.6911755477329,-1.66918238993711
414.95,415,314,635,3140,3175,2025-10-28,2025-11-28,685.24,321,35,73461525,-26342754,0.00432199032078357,99.9833681644916,0.0110236220472441
564.86,565,229,226,6412,3164,2025-10-28,2025-11-14,685.24,-3,-3248,26754852,-10032626,0.0118258923652428,99.8608626203576,-1.02654867256637
546.99,547,3113,3108,31130,3108,2025-10-28,2025-10-31,685.24,-5,-28022,41909570,-34227123,0.00741596728384472,99.6985915150167,-9.01608751608752
522.96,523,774,774,3096,3096,2025-10-28,2025-10-31,685.24,0,0,41909570,-34227123,0.00738733420552871,99.7059788492223,0
229.99,230,3064,3064,6128,3064,2025-10-28,2025-12-19,685.24,0,-3064,300471627,-71189842,0.0010197302256429,100,-1
682.85,698,1,2,4069,3030,2025-10-28,2025-11-21,685.24,1,-1039,221849780,-97856565,0.00136578904878788,99.9949244935019,-0.342904290429043
419.96,420,751,751,3004,3004,2025-10-28,2025-11-14,685.24,0,0,26754852,-10032626,0.011227869995319,99.8720904903529,0
509.95,510,592,592,2960,2960,2025-10-28,2025-11-07,685.24,0,0,35214484,-18539585,0.00840563218248491,99.9353646641535,0
575.98,576,1456,1469,7280,2938,2025-10-28,2025-10-31,685.24,13,-4342,41909570,-34227123,0.00701033200770134,99.71298918123,-1.47787610619469
682.41,697,2,2,4042,2918,2025-10-28,2025-11-14,685.24,0,-1124,26754852,-10032626,0.0109064329714849,99.8829969233244,-0.385195339273475
668.85,698,1,1,2915,2915,2025-10-28,2025-11-28,685.24,0,0,73461525,-26342754,0.0039680635543572,99.9873362280459,0
671.94,701,1,1,2906,2906,2025-10-28,2025-11-28,685.24,0,0,73461525,-26342754,0.00395581224321167,99.9912920402891,0
504.94,505,364,474,4004,2844,2025-10-28,2025-11-14,685.24,110,-1160,26754852,-10032626,0.0106298476253952,99.8936267709498,-0.407876230661041
593.97,594,937,938,6559,2814,2025-10-28,2025-10-31,685.24,1,-3745,41909570,-34227123,0.00671445686510265,99.7197036380951,-1.33084577114428
596.96,597,660,657,5940,2628,2025-10-28,2025-10-31,685.24,-3,-3312,41909570,-34227123,0.00627064415120461,99.7259742822463,-1.26027397260274
394.98,395,1307,1296,7842,2592,2025-10-28,2025-11-21,685.24,-11,-5250,221849780,-97856565,0.00116835815658686,99.9960928516585,-2.02546296296296
555.96,556,645,645,2580,2580,2025-10-28,2025-10-31,685.24,0,0,41909570,-34227123,0.00615611183794059,99.7321303940842,0
379.98,380,1142,1290,5710,2580,2025-10-28,2025-11-21,685.24,148,-3130,221849780,-97856565,0.0011629490910471,99.9972558007495,-1.21317829457364
530.99,531,2557,2544,5114,2544,2025-10-28,2025-10-31,685.24,-13,-2570,41909570,-34227123,0.00607021260299259,99.7382006066872,-1.01022012578616
394.98,395,1243,1243,2486,2486,2025-10-28,2025-11-07,685.24,0,0,35214484,-18539585,0.00705959513704645,99.9424242592906,0
568.97,569,826,826,2478,2478,2025-10-28,2025-10-31,685.24,0,0,41909570,-34227123,0.00591273067225457,99.7441133373595,0
469.96,470,320,619,2240,2476,2025-10-28,2025-11-14,685.24,299,236,26754852,-10032626,0.00925439617457051,99.9028811671244,0.0953150242326333
527.98,528,1236,1236,2472,2472,2025-10-28,2025-10-31,685.24,0,0,41909570,-34227123,0.00589841413309657,99.7500117514926,0
389.97,390,805,805,4025,2415,2025-10-28,2025-11-21,685.24,0,-1610,221849780,-97856565,0.00108857443987549,99.9983443751894,-0.666666666666667
379.99,380,2392,2392,2392,2392,2025-10-28,2025-10-31,685.24,0,0,41909570,-34227123,0.00570752694432322,99.7557192784369,0
595.96,596,589,593,3534,2372,2025-10-28,2025-10-31,685.24,4,-1162,41909570,-34227123,0.00565980514712988,99.761379083584,-0.489881956155143
685.22,697,0,2,0,2356,2025-10-28,2025-10-31,685.24,2,2356,41909570,-34227123,0.00562162770937521,99.7670007112934,1
499.97,500,783,783,3915,2349,2025-10-28,2025-11-07,685.24,0,-1566,35214484,-18539585,0.0066705506745463,99.9490948099651,-0.666666666666667
534.96,535,580,586,4060,2344,2025-10-28,2025-11-07,685.24,6,-1716,35214484,-18539585,0.00665635197153535,99.9557511619367,-0.732081911262799
565.98,566,761,1169,3044,2338,2025-10-28,2025-10-31,685.24,408,-706,41909570,-34227123,0.00557867809190121,99.7725793893853,-0.30196749358426
489.98,490,1164,1164,2328,2328,2025-10-28,2025-10-31,685.24,0,0,41909570,-34227123,0.00555481719330454,99.7781342065786,0
419.99,420,2314,2314,2314,2314,2025-10-28,2025-10-31,685.24,0,0,41909570,-34227123,0.0055214119352692,99.7836556185139,0
680.43,692,1,2,2173,2314,2025-10-28,2025-11-14,685.24,1,141,26754852,-10032626,0.00864889852502268,99.9115300656494,0.060933448573898
577.98,578,1054,1153,4216,2306,2025-10-28,2025-10-31,685.24,99,-1910,41909570,-34227123,0.00550232321639187,99.7891579417303,-0.82827406764961
556.99,557,2084,2271,6252,2271,2025-10-28,2025-10-31,685.24,187,-3981,41909570,-34227123,0.00541881007130352,99.7945767518016,-1.75297225891678
439.99,440,2266,2266,2266,2266,2025-10-28,2025-10-31,685.24,0,0,41909570,-34227123,0.00540687962200519,99.7999836314236,0
532.97,533,733,733,2199,2199,2025-10-28,2025-10-31,685.24,0,0,41909570,-34227123,0.00524701160140751,99.805230643025,0
533.59,534,53,53,2173,2173,2025-10-28,2025-11-28,685.24,0,0,73461525,-26342754,0.00295801101324809,99.9942500513024,0
684.79,706,0,1,0,2121,2025-10-28,2025-11-21,685.24,1,2121,221849780,-97856565,0.000956052334151514,99.9993004275235,1
684.05,705,0,1,0,2095,2025-10-28,2025-10-31,685.24,1,2095,41909570,-34227123,0.00499885825600215,99.810229501281,1
597.96,598,515,517,3090,2068,2025-10-28,2025-10-31,685.24,2,-1022,41909570,-34227123,0.00493443382979114,99.8151639351108,-0.494197292069632
515.93,516,287,287,2009,2009,2025-10-28,2025-10-31,685.24,0,0,41909570,-34227123,0.0047936545280708,99.8199575896388,0
544.99,545,2050,1980,2050,1980,2025-10-28,2025-10-31,685.24,-70,-70,41909570,-34227123,0.00472445792214046,99.824682047561,-0.0353535353535354
454.96,455,492,492,2952,1968,2025-10-28,2025-11-14,685.24,0,-984,26754852,-10032626,0.0073556751500625,99.9188857407995,-0.5
449.95,450,385,385,1925,1925,2025-10-28,2025-11-14,685.24,0,0,26754852,-10032626,0.00719495663814549,99.9260806974376,0
494.99,495,1915,1913,1915,1913,2025-10-28,2025-10-31,685.24,-2,-2.00000000000023,41909570,-34227123,0.00456458990154277,99.8292466374625,-0.00104547830632526
449.99,450,91,1913,182,1913,2025-10-28,2025-11-07,685.24,1822,1731,35214484,-18539585,0.00543242377199109,99.9611835857087,0.904861474124412
567.96,568,478,478,1912,1912,2025-10-28,2025-10-31,685.24,0,0,41909570,-34227123,0.00456220381168311,99.8338088412742,0
507.96,508,471,471,1884,1884,2025-10-28,2025-10-31,685.24,0,0,41909570,-34227123,0.00449539329561243,99.8383042345698,0
587.97,588,622,622,3732,1866,2025-10-28,2025-10-31,685.24,0,-1866,41909570,-34227123,0.00445244367813843,99.842756678248,-1
514.99,515,1852,1852,1852,1852,2025-10-28,2025-10-31,685.24,0,0,41909570,-34227123,0.00441903842010309,99.8471757166681,0
498.99,499,1801,1801,1801,1801,2025-10-28,2025-10-31,685.24,0,0,41909570,-34227123,0.00429734783726008,99.8514730645053,0
424.99,425,1793,1793,1793,1793,2025-10-28,2025-10-31,685.24,0,0,41909570,-34227123,0.00427825911838275,99.8557513236237,0
409.95,410,153,353,1683,1765,2025-10-28,2025-11-28,685.24,200,82,73461525,-26342754,0.00240261824131748,99.9966526695437,0.0464589235127479
374.99,375,1756,1756,1756,1756,2025-10-28,2025-10-31,685.24,0,0,41909570,-34227123,0.00418997379357507,99.8599412974173,0
495.96,496,439,439,1756,1756,2025-10-28,2025-10-31,685.24,0,0,41909570,-34227123,0.00418997379357507,99.8641312712108,0
683.6,701,1,1,2292,1740,2025-10-28,2025-10-31,685.24,0,-552,41909570,-34227123,0.0041517963558204,99.8682830675667,-0.317241379310345
439.98,440,440,852,3080,1704,2025-10-28,2025-11-14,685.24,412,-1376,26754852,-10032626,0.00636893823968826,99.9324496356773,-0.807511737089202
553.98,554,849,849,2547,1698,2025-10-28,2025-10-31,685.24,0,-849,41909570,-34227123,0.00405158058171439,99.8723346481484,-0.5
394.95,395,312,339,2184,1695,2025-10-28,2025-11-28,685.24,27,-489.000000000001,73461525,-26342754,0.00230733026574115,99.9989599998094,-0.288495575221239
560.98,561,828,828,3312,1656,2025-10-28,2025-10-31,685.24,0,-1656,41909570,-34227123,0.00395136480760838,99.876286012956,-1
566.99,567,1670,1656,5010,1656,2025-10-28,2025-10-31,685.24,-14,-3354,41909570,-34227123,0.00395136480760838,99.8802373777636,-2.02536231884058
585.98,586,821,820,4926,1640,2025-10-28,2025-10-31,685.24,-1,-3286,41909570,-34227123,0.00391318736985371,99.8841505651335,-2.00365853658537
581.97,582,570,546,2280,1638,2025-10-28,2025-10-31,685.24,-24,-642,41909570,-34227123,0.00390841519013438,99.8880589803236,-0.391941391941392
588.97,589,536,530,2680,1590,2025-10-28,2025-10-31,685.24,-6,-1090,41909570,-34227123,0.00379388287687037,99.8918528632005,-0.685534591194969
552.98,553,794,793,1588,1586,2025-10-28,2025-10-31,685.24,-1,-1.99999999999977,41909570,-34227123,0.0037843385174317,99.8956372017179,-0.00126103404791915
551.98,552,779,779,1558,1558,2025-10-28,2025-10-31,685.24,0,0,41909570,-34227123,0.00371752800136103,99.8993547297193,0
404.96,405,457,388,2742,1552,2025-10-28,2025-11-21,685.24,-69,-1190,221849780,-97856565,0.000699572476474847,100,-0.766752577319588
683.06,698,1,1,2047,1494,2025-10-28,2025-11-14,685.24,0,-553,26754852,-10032626,0.0055840338791633,99.9380336695565,-0.370147255689424
561.99,562,747,1493,2988,1493,2025-10-28,2025-10-31,685.24,746,-1495,41909570,-34227123,0.00356243216048268,99.9029171618797,-1.00133958472873
384.99,385,1459,1459,1459,1459,2025-10-28,2025-10-31,685.24,0,0,41909570,-34227123,0.003481305105254,99.906398466985,0
469.99,470,1442,1441,1442,1441,2025-10-28,2025-10-31,685.24,-1,-1,41909570,-34227123,0.00343835548778,99.9098368224728,-0.000693962526023595
464.96,465,271,355,1897,1420,2025-10-28,2025-11-14,685.24,84,-477,26754852,-10032626,0.00530744853307355,99.9433411180895,-0.335915492957747
516.96,517,351,351,1404,1404,2025-10-28,2025-10-31,685.24,0,0,41909570,-34227123,0.00335007016297232,99.9131868926357,0
492.97,493,466,466,1398,1398,2025-10-28,2025-10-31,685.24,0,0,41909570,-34227123,0.00333575362381432,99.9165226462596,0
489.95,490,277,277,2493,1385,2025-10-28,2025-11-14,685.24,0,-1108,26754852,-10032626,0.00517663113965273,99.9485177492292,-0.8
523.96,524,342,342,1368,1368,2025-10-28,2025-10-31,685.24,0,0,41909570,-34227123,0.00326417092802432,99.9197868171876,0
582.98,583,685,684,4110,1368,2025-10-28,2025-10-31,685.24,-1,-2742,41909570,-34227123,0.00326417092802432,99.9230509881156,-2.00438596491228
526.98,527,667,667,1334,1334,2025-10-28,2025-10-31,685.24,0,0,41909570,-34227123,0.00318304387279564,99.9262340319884,0
682.92,696,0,1,0,1308,2025-10-28,2025-11-14,685.24,1,1308,26754852,-10032626,0.00488883287412691,99.9534065821033,1
389.99,390,1262,1262,1262,1262,2025-10-28,2025-10-31,685.24,0,0,41909570,-34227123,0.00301124540289962,99.9292452773913,0
506.99,507,1229,1229,1229,1229,2025-10-28,2025-10-31,685.24,0,0,41909570,-34227123,0.00293250443753062,99.9321777818288,0
490.99,491,1228,1228,1228,1228,2025-10-28,2025-10-31,685.24,0,0,41909570,-34227123,0.00293011834767095,99.9351079001765,0
509.94,510,200,200,4600,1200,2025-10-28,2025-11-14,685.24,0,-3400,26754852,-10032626,0.00448516777442835,99.9578917498778,-2.83333333333333
414.98,415,594,594,1188,1188,2025-10-28,2025-11-07,685.24,0,0,35214484,-18539585,0.00337361183540273,99.9645571975441,0
419.97,420,382,382,1146,1146,2025-10-28,2025-11-07,685.24,0,0,35214484,-18539585,0.00325434273011071,99.9678115402742,0
429.98,430,563,563,1126,1126,2025-10-28,2025-11-07,685.24,0,0,35214484,-18539585,0.0031975479180669,99.9710090881922,0
434.98,435,174,563,870,1126,2025-10-28,2025-11-14,685.24,389,256,26754852,-10032626,0.00420858242833861,99.9621003323061,0.227353463587922
494.98,495,557,559,2785,1118,2025-10-28,2025-11-07,685.24,2,-1667,35214484,-18539585,0.00317482999324937,99.9741839181855,-1.49105545617174
369.99,370,200,1093,1400,1093,2025-10-28,2025-11-14,685.24,893,-307,26754852,-10032626,0.00408524031454183,99.9661855726206,-0.280878316559927
444.99,445,165,1091,660,1091,2025-10-28,2025-11-07,685.24,926,431,35214484,-18539585,0.00309815699699022,99.9772820751825,0.395050412465628
494.95,495,218,218,2180,1090,2025-10-28,2025-11-14,685.24,0,-1090,26754852,-10032626,0.00407402739510576,99.9702596000157,-1
682.34,693,0,1,0,1066,2025-10-28,2025-11-14,685.24,1,1066,26754852,-10032626,0.00398432403961719,99.9742439240553,1
399.98,400,528,528,1056,1056,2025-10-28,2025-11-07,685.24,0,0,35214484,-18539585,0.00299876607591354,99.9802808412584,0
541.99,542,841,1017,6728,1017,2025-10-28,2025-10-31,685.24,176,-5711,41909570,-34227123,0.00242665338728123,99.9375345535638,-5.61553588987217
454.99,455,1019,1013,1019,1013,2025-10-28,2025-10-31,685.24,-6,-5.99999999999989,41909570,-34227123,0.00241710902784257,99.9399516625916,-0.00592300098716672
511.99,512,1006,1006,1006,1006,2025-10-28,2025-10-31,685.24,0,0,41909570,-34227123,0.0024004063988249,99.9423520689905,0
519.99,520,990,975,1980,975,2025-10-28,2025-10-31,685.24,-15,-1005,41909570,-34227123,0.00232643761317522,99.9446785066036,-1.03076923076923
474.96,475,239,243,1673,972,2025-10-28,2025-11-14,685.24,4,-701,26754852,-10032626,0.00363298589728697,99.9778769099526,-0.72119341563786
379.99,380,968,968,968,968,2025-10-28,2025-11-07,685.24,0,0,35214484,-18539585,0.00274886890292074,99.9830297101613,0
573.98,574,479,475,1916,950,2025-10-28,2025-10-31,685.24,-4,-966,41909570,-34227123,0.00226678536668355,99.9469452919703,-1.01684210526316
576.98,577,412,475,2060,950,2025-10-28,2025-10-31,685.24,63,-1110,41909570,-34227123,0.00226678536668355,99.949212077337,-1.16842105263158
547.99,548,931,949,2793,949,2025-10-28,2025-10-31,685.24,18,-1844,41909570,-34227123,0.00226439927682389,99.9514764766138,-1.94309799789252
394.99,395,926,926,926,926,2025-10-28,2025-10-31,685.24,0,0,41909570,-34227123,0.00220951921005155,99.9536859958239,0
510.99,511,939,907,3756,907,2025-10-28,2025-10-31,685.24,-32,-2849,41909570,-34227123,0.00216418350271788,99.9558501793266,-3.14112458654906
484.99,485,894,894,894,894,2025-10-28,2025-10-31,685.24,0,0,41909570,-34227123,0.00213316433454221,99.9579833436611,0
404.99,405,873,873,873,873,2025-10-28,2025-10-31,685.24,0,0,41909570,-34227123,0.0020830564474892,99.9600664001086,0
525.99,526,862,862,862,862,2025-10-28,2025-10-31,685.24,0,0,41909570,-34227123,0.00205680945903287,99.9621232095677,0
501.99,502,845,845,845,845,2025-10-28,2025-10-31,685.24,0,0,41909570,-34227123,0.00201624593141853,99.9641394554991,0
434.99,435,837,837,837,837,2025-10-28,2025-10-31,685.24,0,0,41909570,-34227123,0.00199715721254119,99.9661366127116,0
548.99,549,837,836,2511,836,2025-10-28,2025-10-31,685.24,-1,-1675,41909570,-34227123,0.00199477112268153,99.9681313838343,-2.00358851674641
399.99,400,392,791,1176,791,2025-10-28,2025-11-14,685.24,399,-385,26754852,-10032626,0.00295647309131069,99.980833383044,-0.486725663716814
521.96,522,194,194,776,776,2025-10-28,2025-10-31,685.24,0,0,41909570,-34227123,0.00185160573110151,99.9699829895654,0
513.99,514,773,773,773,773,2025-10-28,2025-10-31,685.24,0,0,41909570,-34227123,0.00184444746152251,99.9718274370269,0
404.96,405,94,191,752,764,2025-10-28,2025-11-28,685.24,97,12,73461525,-26342754,0.00104000019057595,100,0.0157068062827225
444.99,445,765,763,765,763,2025-10-28,2025-10-31,685.24,-2,-2,41909570,-34227123,0.00182058656292584,99.9736480235898,-0.00262123197903014
540.99,541,755,762,1510,762,2025-10-28,2025-10-31,685.24,7,-748,41909570,-34227123,0.00181820047306618,99.9754662240629,-0.981627296587926
514.97,515,242,252,1210,756,2025-10-28,2025-11-07,685.24,10,-454,35214484,-18539585,0.00214684389525628,99.9851765540566,-0.600529100529101
429.97,430,220,245,2200,735,2025-10-28,2025-11-14,685.24,25,-1465,26754852,-10032626,0.00274716526183737,99.9835805483058,-1.99319727891156
414.99,415,735,732,735,732,2025-10-28,2025-10-31,685.24,-3,-3,41909570,-34227123,0.00174661777727617,99.9772128418402,-0.00409836065573771
469.98,470,363,363,1452,726,2025-10-28,2025-11-07,685.24,0,-726,35214484,-18539585,0.00206165167719056,99.9872382057338,-1
369.99,370,706,706,706,706,2025-10-28,2025-11-07,685.24,0,0,35214484,-18539585,0.00200485686514674,99.9892430625989,0
354.98,355,348,348,696,696,2025-10-28,2025-11-14,685.24,0,0,26754852,-10032626,0.00260139730916845,99.9861819456149,0
550.98,551,311,340,622,680,2025-10-28,2025-10-31,685.24,29,58,41909570,-34227123,0.00162254110457349,99.9788353829448,0.0852941176470588
409.98,410,338,338,1014,676,2025-10-28,2025-11-14,685.24,0,-338,26754852,-10032626,0.00252664451292797,99.9887085901279,-0.5
493.99,494,672,672,672,672,2025-10-28,2025-10-31,685.24,0,0,41909570,-34227123,0.00160345238569616,99.9804388353304,0
535.99,536,659,658,1318,658,2025-10-28,2025-10-31,685.24,-1,-660,41909570,-34227123,0.00157004712766082,99.9820088824581,-1.00303951367781
497.99,498,650,650,650,650,2025-10-28,2025-10-31,685.24,0,0,41909570,-34227123,0.00155095840878348,99.9835598408669,0
474.99,475,646,646,646,646,2025-10-28,2025-10-31,685.24,0,0,41909570,-34227123,0.00154141404934482,99.9851012549162,0
531.98,532,312,312,624,624,2025-10-28,2025-10-31,685.24,0,0,41909570,-34227123,0.00148892007243214,99.9865901749887,0
538.99,539,604,607,1812,607,2025-10-28,2025-10-31,685.24,3,-1205,41909570,-34227123,0.00144835654481781,99.9880385315335,-1.98517298187809
496.99,497,590,590,590,590,2025-10-28,2025-10-31,685.24,0,0,41909570,-34227123,0.00140779301720347,99.9894463245507,0
583.98,584,250,282,1750,564,2025-10-28,2025-10-31,685.24,32,-1186,41909570,-34227123,0.00134575468085213,99.9907920792315,-2.10283687943262
374.99,375,201,560,603,560,2025-10-28,2025-11-14,685.24,359,-42.9999999999999,26754852,-10032626,0.00209307829473323,99.9908016684226,-0.0767857142857141
379.99,380,510,554,1020,554,2025-10-28,2025-11-14,685.24,44,-466,26754852,-10032626,0.00207065245586109,99.9928723208785,-0.84115523465704
474.98,475,274,275,7124,550,2025-10-28,2025-11-07,685.24,1,-6574,35214484,-18539585,0.00156185733120497,99.9908049199301,-11.9527272727273
502.98,503,270,270,540,540,2025-10-28,2025-10-31,685.24,0,0,41909570,-34227123,0.00128848852422012,99.9920805677558,0
389.99,390,545,533,545,533,2025-10-28,2025-11-07,685.24,-12,-12,35214484,-18539585,0.00151358174096772,99.9923185016711,-0.0225140712945591
504.97,505,182,170,1638,510,2025-10-28,2025-11-07,685.24,-12,-1128,35214484,-18539585,0.00144826770711733,99.9937667693782,-2.21176470588235
537.99,538,505,505,1010,505,2025-10-28,2025-10-31,685.24,0,-505,41909570,-34227123,0.00120497537913178,99.9932855431349,-1
464.99,465,504,504,504,504,2025-10-28,2025-10-31,685.24,0,0,41909570,-34227123,0.00120258928927212,99.9944881324242,0
572.99,573,486,486,1944,486,2025-10-28,2025-10-31,685.24,0,-1458,41909570,-34227123,0.00115963967179811,99.995647772096,-3
503.99,504,483,483,483,483,2025-10-28,2025-10-31,685.24,0,0,41909570,-34227123,0.00115248140221911,99.9968002534982,0
536.99,537,474,464,948,464,2025-10-28,2025-10-31,685.24,-10,-484,41909570,-34227123,0.00110714569488544,99.9979073991931,-1.04310344827586
500.99,501,459,459,459,459,2025-10-28,2025-10-31,685.24,0,0,41909570,-34227123,0.00109521524558711,99.9990026144387,0
491.99,492,418,418,418,418,2025-10-28,2025-10-31,685.24,0,0,41909570,-34227123,0.000997385561340763,100,0
404.98,405,172,175,344,350,2025-10-28,2025-11-14,685.24,3,6,26754852,-10032626,0.00130817393420827,99.9941804948127,0.0171428571428571
484.99,485,345,344,1380,344,2025-10-28,2025-11-07,685.24,-1,-1036,35214484,-18539585,0.000976870767153652,99.9947436401454,-3.01162790697674
394.98,395,167,167,334,334,2025-10-28,2025-11-14,685.24,0,0,26754852,-10032626,0.00124837169721589,99.9954288665099,0
414.97,415,103,103,309,309,2025-10-28,2025-11-14,685.24,0,0,26754852,-10032626,0.0011549307019153,99.9965837972118,0
384.98,385,154,154,308,308,2025-10-28,2025-11-07,685.24,0,0,35214484,-18539585,0.000874640105474781,99.9956182802508,0
489.98,490,153,153,612,306,2025-10-28,2025-11-07,685.24,0,-306,35214484,-18539585,0.0008689606242704,99.9964872408751,-1
459.98,460,152,152,304,304,2025-10-28,2025-11-07,685.24,0,0,35214484,-18539585,0.000863281143066018,99.9973505220182,0
389.96,390,76,76,304,304,2025-10-28,2025-11-14,685.24,0,0,26754852,-10032626,0.00113624250285518,99.9977200397147,0
349.99,350,261,280,522,280,2025-10-28,2025-11-14,685.24,19,-242,26754852,-10032626,0.00104653914736662,99.998766578862,-0.864285714285714
434.99,435,239,249,239,249,2025-10-28,2025-11-07,685.24,10,10,35214484,-18539585,0.000707095409945521,99.9980576174281,0.0401606425702812
464.98,465,88,98,176,196,2025-10-28,2025-11-07,685.24,10,20,35214484,-18539585,0.000556589158029406,99.9986142065861,0.102040816326531
424.98,425,77,77,154,154,2025-10-28,2025-11-07,685.24,0,0,35214484,-18539585,0.000437320052737391,99.9990515266389,0
454.99,455,148,148,444,148,2025-10-28,2025-11-07,685.24,0,-296,35214484,-18539585,0.000420281609124246,99.999471808248,-2
439.99,440,113,114,226,114,2025-10-28,2025-11-07,685.24,1,-112,35214484,-18539585,0.000323730428649757,99.9997955386767,-0.982456140350877
359.98,360,55,55,110,110,2025-10-28,2025-11-14,685.24,0,0,26754852,-10032626,0.000411140379322599,99.9991777192414,0
424.98,425,46,54,138,108,2025-10-28,2025-11-14,685.24,8,-30,26754852,-10032626,0.000403665099698552,99.9995813843411,-0.277777777777778
384.98,385,53,53,106,106,2025-10-28,2025-11-14,685.24,0,0,26754852,-10032626,0.000396189820074505,99.9999775741611,0
374.99,375,72,72,72,72,2025-10-28,2025-11-07,685.24,0,0,35214484,-18539585,0.000204461323357741,100,0
364.99,365,6,6,6,6,2025-10-28,2025-11-14,685.24,0,0,26754852,-10032626,2.24258388721418e-05,100,0
684.75,703,0,0,0,0,2025-10-28,2025-10-31,685.24,0,0,41909570,-34227123,0,100,
682.46,704,0,0,0,0,2025-10-28,2025-10-31,685.24,0,0,41909570,-34227123,0,100,
662.94,706,0,0,0,0,2025-10-28,2025-10-31,685.24,0,0,41909570,-34227123,0,100,
670.37,707,0,0,0,0,2025-10-28,2025-10-31,685.24,0,0,41909570,-34227123,0,100,
671.05,708,0,0,0,0,2025-10-28,2025-10-31,685.24,0,0,41909570,-34227123,0,100,
709,709,0,0,0,0,2025-10-28,2025-10-31,685.24,0,0,41909570,-34227123,0,100,
669.75,711,0,0,0,0,2025-10-28,2025-10-31,685.24,0,0,41909570,-34227123,0,100,
712,712,0,0,0,0,2025-10-28,2025-10-31,685.24,0,0,41909570,-34227123,0,100,
713,713,0,0,0,0,2025-10-28,2025-10-31,685.24,0,0,41909570,-34227123,0,100,
714,714,0,0,0,0,2025-10-28,2025-10-31,685.24,0,0,41909570,-34227123,0,100,
662.81,715,0,0,0,0,2025-10-28,2025-10-31,685.24,0,0,41909570,-34227123,0,100,
658.4,716,0,0,0,0,2025-10-28,2025-10-31,685.24,0,0,41909570,-34227123,0,100,
718,718,0,0,0,0,2025-10-28,2025-10-31,685.24,0,0,41909570,-34227123,0,100,
669.87,720,0,0,0,0,2025-10-28,2025-10-31,685.24,0,0,41909570,-34227123,0,100,
643.98,725,0,0,0,0,2025-10-28,2025-10-31,685.24,0,0,41909570,-34227123,0,100,
643.96,730,0,0,0,0,2025-10-28,2025-10-31,685.24,0,0,41909570,-34227123,0,100,
735,735,0,0,0,0,2025-10-28,2025-10-31,685.24,0,0,41909570,-34227123,0,100,
740,740,0,0,0,0,2025-10-28,2025-10-31,685.24,0,0,41909570,-34227123,0,100,
745,745,0,0,0,0,2025-10-28,2025-10-31,685.24,0,0,41909570,-34227123,0,100,
750,750,0,0,0,0,2025-10-28,2025-10-31,685.24,0,0,41909570,-34227123,0,100,
755,755,0,0,0,0,2025-10-28,2025-10-31,685.24,0,0,41909570,-34227123,0,100,
760,760,0,0,0,0,2025-10-28,2025-10-31,685.24,0,0,41909570,-34227123,0,100,
765,765,0,0,0,0,2025-10-28,2025-10-31,685.24,0,0,41909570,-34227123,0,100,
770,770,0,0,0,0,2025-10-28,2025-10-31,685.24,0,0,41909570,-34227123,0,100,
780,780,0,0,0,0,2025-10-28,2025-10-31,685.24,0,0,41909570,-34227123,0,100,
705,705,0,0,0,0,2025-10-28,2025-11-07,685.24,0,0,35214484,-18539585,0,100,
715,715,0,0,0,0,2025-10-28,2025-11-07,685.24,0,0,35214484,-18539585,0,100,
720,720,0,0,0,0,2025-10-28,2025-11-07,685.24,0,0,35214484,-18539585,0,100,
725,725,0,0,0,0,2025-10-28,2025-11-07,685.24,0,0,35214484,-18539585,0,100,
671.49,730,0,0,0,0,2025-10-28,2025-11-07,685.24,0,0,35214484,-18539585,0,100,
735,735,0,0,0,0,2025-10-28,2025-11-07,685.24,0,0,35214484,-18539585,0,100,
740,740,0,0,0,0,2025-10-28,2025-11-07,685.24,0,0,35214484,-18539585,0,100,
745,745,0,0,0,0,2025-10-28,2025-11-07,685.24,0,0,35214484,-18539585,0,100,
750,750,0,0,0,0,2025-10-28,2025-11-07,685.24,0,0,35214484,-18539585,0,100,
755,755,0,0,0,0,2025-10-28,2025-11-07,685.24,0,0,35214484,-18539585,0,100,
760,760,0,0,0,0,2025-10-28,2025-11-07,685.24,0,0,35214484,-18539585,0,100,
765,765,0,0,0,0,2025-10-28,2025-11-07,685.24,0,0,35214484,-18539585,0,100,
770,770,0,0,0,0,2025-10-28,2025-11-07,685.24,0,0,35214484,-18539585,0,100,
780,780,0,0,0,0,2025-10-28,2025-11-07,685.24,0,0,35214484,-18539585,0,100,
710,710,0,0,0,0,2025-10-28,2025-11-14,685.24,0,0,26754852,-10032626,0,100,
670.77,720,0,0,0,0,2025-10-28,2025-11-14,685.24,0,0,26754852,-10032626,0,100,
725,725,0,0,0,0,2025-10-28,2025-11-14,685.24,0,0,26754852,-10032626,0,100,
730,730,0,0,0,0,2025-10-28,2025-11-14,685.24,0,0,26754852,-10032626,0,100,
740,740,0,0,0,0,2025-10-28,2025-11-14,685.24,0,0,26754852,-10032626,0,100,
659.28,745,0,0,0,0,2025-10-28,2025-11-14,685.24,0,0,26754852,-10032626,0,100,
666.36,750,0,0,0,0,2025-10-28,2025-11-14,685.24,0,0,26754852,-10032626,0,100,
755,755,0,0,0,0,2025-10-28,2025-11-14,685.24,0,0,26754852,-10032626,0,100,
760,760,0,0,0,0,2025-10-28,2025-11-14,685.24,0,0,26754852,-10032626,0,100,
765,765,0,0,0,0,2025-10-28,2025-11-14,685.24,0,0,26754852,-10032626,0,100,
770,770,0,0,0,0,2025-10-28,2025-11-14,685.24,0,0,26754852,-10032626,0,100,
780,780,0,0,0,0,2025-10-28,2025-11-14,685.24,0,0,26754852,-10032626,0,100,
672.66,704,0,0,0,0,2025-10-28,2025-11-21,685.24,0,0,221849780,-97856565,0,100,
659,708,0,0,0,0,2025-10-28,2025-11-21,685.24,0,0,221849780,-97856565,0,100,
712,712,0,0,0,0,2025-10-28,2025-11-21,685.24,0,0,221849780,-97856565,0,100,
714,714,0,0,0,0,2025-10-28,2025-11-21,685.24,0,0,221849780,-97856565,0,100,
716,716,0,0,0,0,2025-10-28,2025-11-21,685.24,0,0,221849780,-97856565,0,100,
657.09,725,0,0,0,0,2025-10-28,2025-11-21,685.24,0,0,221849780,-97856565,0,100,
667.74,735,0,0,0,0,2025-10-28,2025-11-21,685.24,0,0,221849780,-97856565,0,100,
672.57,740,0,0,0,0,2025-10-28,2025-11-21,685.24,0,0,221849780,-97856565,0,100,
745,745,0,0,0,0,2025-10-28,2025-11-21,685.24,0,0,221849780,-97856565,0,100,
664.74,750,0,0,0,0,2025-10-28,2025-11-21,685.24,0,0,221849780,-97856565,0,100,
664.72,755,0,0,0,0,2025-10-28,2025-11-21,685.24,0,0,221849780,-97856565,0,100,
760,760,0,0,0,0,2025-10-28,2025-11-21,685.24,0,0,221849780,-97856565,0,100,
678.1,765,0,0,0,0,2025-10-28,2025-11-21,685.24,0,0,221849780,-97856565,0,100,
678.11,770,0,0,0,0,2025-10-28,2025-11-21,685.24,0,0,221849780,-97856565,0,100,
775,775,0,0,0,0,2025-10-28,2025-11-21,685.24,0,0,221849780,-97856565,0,100,
780,780,0,0,0,0,2025-10-28,2025-11-21,685.24,0,0,221849780,-97856565,0,100,
785,785,0,0,0,0,2025-10-28,2025-11-21,685.24,0,0,221849780,-97856565,0,100,
790,790,0,0,0,0,2025-10-28,2025-11-21,685.24,0,0,221849780,-97856565,0,100,
795,795,0,0,0,0,2025-10-28,2025-11-21,685.24,0,0,221849780,-97856565,0,100,
800,800,0,0,0,0,2025-10-28,2025-11-21,685.24,0,0,221849780,-97856565,0,100,
704,704,0,0,0,0,2025-10-28,2025-11-28,685.24,0,0,73461525,-26342754,0,100,
706,706,0,0,0,0,2025-10-28,2025-11-28,685.24,0,0,73461525,-26342754,0,100,
708,708,0,0,0,0,2025-10-28,2025-11-28,685.24,0,0,73461525,-26342754,0,100,
709,709,0,0,0,0,2025-10-28,2025-11-28,685.24,0,0,73461525,-26342754,0,100,
713,713,0,0,0,0,2025-10-28,2025-11-28,685.24,0,0,73461525,-26342754,0,100,
714,714,0,0,0,0,2025-10-28,2025-11-28,685.24,0,0,73461525,-26342754,0,100,
715,715,0,0,0,0,2025-10-28,2025-11-28,685.24,0,0,73461525,-26342754,0,100,
717,717,0,0,0,0,2025-10-28,2025-11-28,685.24,0,0,73461525,-26342754,0,100,
718,718,0,0,0,0,2025-10-28,2025-11-28,685.24,0,0,73461525,-26342754,0,100,
719,719,0,0,0,0,2025-10-28,2025-11-28,685.24,0,0,73461525,-26342754,0,100,
722,722,0,0,0,0,2025-10-28,2025-11-28,685.24,0,0,73461525,-26342754,0,100,
672.44,725,0,0,0,0,2025-10-28,2025-11-28,685.24,0,0,73461525,-26342754,0,100,
668.64,730,0,0,0,0,2025-10-28,2025-11-28,685.24,0,0,73461525,-26342754,0,100,
735,735,0,0,0,0,2025-10-28,2025-11-28,685.24,0,0,73461525,-26342754,0,100,
684.07,740,0,0,0,0,2025-10-28,2025-11-28,685.24,0,0,73461525,-26342754,0,100,
745,745,0,0,0,0,2025-10-28,2025-11-28,685.24,0,0,73461525,-26342754,0,100,
657.63,750,0,0,0,0,2025-10-28,2025-11-28,685.24,0,0,73461525,-26342754,0,100,
755,755,0,0,0,0,2025-10-28,2025-11-28,685.24,0,0,73461525,-26342754,0,100,
760,760,0,0,0,0,2025-10-28,2025-11-28,685.24,0,0,73461525,-26342754,0,100,
765,765,0,0,0,0,2025-10-28,2025-11-28,685.24,0,0,73461525,-26342754,0,100,
770,770,0,0,0,0,2025-10-28,2025-11-28,685.24,0,0,73461525,-26342754,0,100,
658.89,780,0,0,0,0,2025-10-28,2025-11-28,685.24,0,0,73461525,-26342754,0,100,
702,702,0,0,0,0,2025-10-28,2025-12-19,685.24,0,0,300471627,-71189842,0,100,
703,703,0,0,0,0,2025-10-28,2025-12-19,685.24,0,0,300471627,-71189842,0,100,
706,706,0,0,0,0,2025-10-28,2025-12-19,685.24,0,0,300471627,-71189842,0,100,
707,707,0,0,0,0,2025-10-28,2025-12-19,685.24,0,0,300471627,-71189842,0,100,
708,708,0,0,0,0,2025-10-28,2025-12-19,685.24,0,0,300471627,-71189842,0,100,
711,711,0,0,0,0,2025-10-28,2025-12-19,685.24,0,0,300471627,-71189842,0,100,
712,712,0,0,0,0,2025-10-28,2025-12-19,685.24,0,0,300471627,-71189842,0,100,
713,713,0,0,0,0,2025-10-28,2025-12-19,685.24,0,0,300471627,-71189842,0,100,
714,714,0,0,0,0,2025-10-28,2025-12-19,685.24,0,0,300471627,-71189842,0,100,
717,717,0,0,0,0,2025-10-28,2025-12-19,685.24,0,0,300471627,-71189842,0,100,
718,718,0,0,0,0,2025-10-28,2025-12-19,685.24,0,0,300471627,-71189842,0,100,
719,719,0,0,0,0,2025-10-28,2025-12-19,685.24,0,0,300471627,-71189842,0,100,
626.5,725,0,0,0,0,2025-10-28,2025-12-19,685.24,0,0,300471627,-71189842,0,100,
735,735,0,0,0,0,2025-10-28,2025-12-19,685.24,0,0,300471627,-71189842,0,100,
683.7,745,0,0,0,0,2025-10-28,2025-12-19,685.24,0,0,300471627,-71189842,0,100,
685.43,755,0,0,0,0,2025-10-28,2025-12-19,685.24,0,0,300471627,-71189842,0,100,
760,760,0,0,0,0,2025-10-28,2025-12-19,685.24,0,0,300471627,-71189842,0,100,
556.84,765,0,0,0,0,2025-10-28,2025-12-19,685.24,0,0,300471627,-71189842,0,100,
683.02,770,0,0,0,0,2025-10-28,2025-12-19,685.24,0,0,300471627,-71189842,0,100,
775,775,0,0,0,0,2025-10-28,2025-12-19,685.24,0,0,300471627,-71189842,0,100,
602,780,0,0,0,0,2025-10-28,2025-12-19,685.24,0,0,300471627,-71189842,0,100,
785,785,0,0,0,0,2025-10-28,2025-12-19,685.24,0,0,300471627,-71189842,0,100,
644.13,790,0,0,0,0,2025-10-28,2025-12-19,685.24,0,0,300471627,-71189842,0,100,
795,795,0,0,0,0,2025-10-28,2025-12-19,685.24,0,0,300471627,-71189842,0,100,
669.02,800,0,0,0,0,2025-10-28,2025-12-19,685.24,0,0,300471627,-71189842,0,100,
669,805,0,0,0,0,2025-10-28,2025-12-19,685.24,0,0,300471627,-71189842,0,100,
810,810,0,0,0,0,2025-10-28,2025-12-19,685.24,0,0,300471627,-71189842,0,100,
815,815,0,0,0,0,2025-10-28,2025-12-19,685.24,0,0,300471627,-71189842,0,100,
820,820,0,0,0,0,2025-10-28,2025-12-19,685.24,0,0,300471627,-71189842,0,100,
516.96,825,0,0,0,0,2025-10-28,2025-12-19,685.24,0,0,300471627,-71189842,0,100,
830,830,0,0,0,0,2025-10-28,2025-12-19,685.24,0,0,300471627,-71189842,0,100,
835,835,0,0,0,0,2025-10-28,2025-12-19,685.24,0,0,300471627,-71189842,0,100,
663.65,840,0,0,0,0,2025-10-28,2025-12-19,685.24,0,0,300471627,-71189842,0,100,
