Watch,strike,open_interest.yt,open_interest.td,OI_Dollar.yt,OI_Dollar.td,Date.td,expiry,stkClose,diff_oi,diff_oi_d,totalOI,totalOIdiff,OI_pct,cum_sep_OI,pct
491.42,500,220433,217461,143501883,186581538,2024-09-09,2024-12-20,540.36,-2972,43079655,937083648,208401101,19.9108733140545,19.9108733140545,0.230889162249268
521.86,540,48629,49420,66670359,89647880,2024-09-09,2024-12-20,540.36,791,22977521,937083648,208401101,9.5666891841869,29.4775624982414,0.256308581976506
527.63,540,59237,66986,47626548,82861682,2024-09-09,2024-10-18,540.36,7749,35235134,887069215,305612808,9.34106162166838,9.34106162166838,0.425228322060853
532.83,550,57743,48199,63748272,82757683,2024-09-09,2024-10-18,540.36,-9544,19009411,887069215,305612808,9.32933773380919,18.6703993554776,0.229699652176101
531.58,540,89701,88642,38122925,74636564,2024-09-09,2024-09-20,540.36,-1059,36513639,832282748,359871673,8.96769327243102,8.96769327243102,0.489219184848863
536.25,550,56141,50611,41488199,69590125,2024-09-09,2024-09-20,540.36,-5530,28101926,832282748,359871673,8.36135618180566,17.3290494542367,0.403820599546272
515.11,530,36207,37608,42651846,55998312,2024-09-09,2024-12-20,540.36,1401,13346466,937083648,208401101,5.97580718855954,35.4533696868009,0.238336934156158
530,550,27072,26255,39308544,52510000,2024-09-09,2024-11-15,540.36,-817,13201456,590393766,158475085,8.89406410161858,8.89406410161858,0.251408417444296
534.5,560,19661,19585,37965391,49941750,2024-09-09,2024-11-15,540.36,-76,11976359,590393766,158475085,8.45905781464501,17.3531219162636,0.239806554636151
510.14,520,52784,49914,36737664,49215204,2024-09-09,2024-11-15,540.36,-2870,12477540,590393766,158475085,8.33599655589859,25.6891184721622,0.253530189573125
532.22,555,20154,20854,33254100,47505412,2024-09-09,2024-11-15,540.36,700,14251312,590393766,158475085,8.04639458201867,33.7355130541809,0.299993440747341
536.5,560,18073,18848,28374610,44292800,2024-09-09,2024-10-18,540.36,775,15918190,887069215,305612808,4.99316166664627,23.6635610221239,0.359385498320269
524.89,530,82285,84841,20324395,43353751,2024-09-09,2024-09-20,540.36,2556,23029356,832282748,359871673,5.20901714041056,22.5380665946472,0.53119638944275
530.4,545,31981,29312,29838273,42795520,2024-09-09,2024-10-18,540.36,-2669,12957247,887069215,305612808,4.82437213199874,28.4879331541226,0.302771107816893
520.86,530,21687,40446,12404964,36967644,2024-09-09,2024-10-18,540.36,18759,24562680,887069215,305612808,4.16739115447716,32.6553243085998,0.664437257619122
482.88,490,48963,49171,26929650,35009752,2024-09-09,2024-12-20,540.36,208,8080102,937083648,208401101,3.73603275168878,39.1894024384897,0.230795750852505
493.81,500,55835,55988,24623235,34656572,2024-09-09,2024-11-15,540.36,153,10033337,590393766,158475085,5.87007756447076,39.6055906186516,0.289507485044972
537.5,555,21439,19783,20817269,34620250,2024-09-09,2024-09-20,540.36,-1656,13802981,832282748,359871673,4.15967411113513,26.6977407057824,0.398696745401896
534.05,545,33609,31366,18989085,34345770,2024-09-09,2024-09-20,540.36,-2243,15356685,832282748,359871673,4.12669493420762,30.82443563999,0.447120125709804
535.08,555,17352,17076,22904640,34015392,2024-09-09,2024-10-18,540.36,-276,11110752,887069215,305612808,3.83458149880672,36.4899058074065,0.326638952154366
538.35,560,13926,14255,17825280,30862075,2024-09-09,2024-09-20,540.36,329,13036795,832282748,359871673,3.70812384062537,34.5325594806154,0.422421207906468
532.93,560,11414,11284,24905348,30545788,2024-09-09,2024-12-20,540.36,-130,5640440,937083648,208401101,3.25966503259269,42.4490674710824,0.184655246084992
517.15,525,44932,38209,22106544,29994065,2024-09-09,2024-10-18,540.36,-6723,7887521,887069215,305612808,3.3812541899563,39.8711599973628,0.262969390777809
511.44,525,21864,21875,22410600,29662500,2024-09-09,2024-12-20,540.36,11,7251900,937083648,208401101,3.1654057845645,45.6144732556469,0.244480404551201
485.03,490,59097,59055,22043181,29350335,2024-09-09,2024-11-15,540.36,-42,7307154,590393766,158475085,4.97131519508626,44.5769058137379,0.248963223077352
507.68,520,22501,23254,21443453,28648928,2024-09-09,2024-12-20,540.36,753,7205475,937083648,208401101,3.05724340203192,48.6717166576788,0.251509410753519
527.8,550,12927,12797,22299075,28409340,2024-09-09,2024-12-20,540.36,-130,6110265,937083648,208401101,3.03167599398768,51.7033926516665,0.215079442183451
469.53,475,51214,51308,22585374,28065476,2024-09-09,2024-12-20,540.36,94,5480102,937083648,208401101,2.99498087069384,54.6983735223603,0.195261323912696
532.01,541,31207,30774,14136771,27665826,2024-09-09,2024-09-20,540.36,-433,13529055,832282748,359871673,3.32408980799876,37.8566492886141,0.489016846993833
524.94,545,14290,13566,22435300,27213396,2024-09-09,2024-12-20,540.36,-724,4778096,937083648,208401101,2.90405195502889,57.6024254773892,0.175578821548035
517.44,530,21377,21285,19730971,26733960,2024-09-09,2024-11-15,540.36,-92,7002989,590393766,158475085,4.52815756865563,49.1050633823935,0.261951054015193
513.36,520,36763,39541,15881616,26255224,2024-09-09,2024-10-18,540.36,2778,10373608,887069215,305612808,2.95977174678528,42.8309317441481,0.39510643672284
516.96,520,94462,84396,13980376,25656384,2024-09-09,2024-09-20,540.36,-10066,11676008,832282748,359871673,3.08265238726299,40.9393016758771,0.455091722980136
495.64,505,26734,26936,18900938,25212096,2024-09-09,2024-12-20,540.36,202,6311158,937083648,208401101,2.69048510811278,60.292910585502,0.250322622918777
528.44,535,46052,38230,14690588,25078880,2024-09-09,2024-09-20,540.36,-7822,10388292,832282748,359871673,3.01326442969836,43.9525661055755,0.414224718169232
538.1,565,9086,9090,18172000,24452100,2024-09-09,2024-10-18,540.36,4,6280100,887069215,305612808,2.75650418101816,45.5874359251662,0.256832746471673
505.1,510,49100,48870,15613800,23946300,2024-09-09,2024-10-18,540.36,-230,8332500,887069215,305612808,2.69948495507197,48.2869208802382,0.347966074090778
524.31,535,20792,22240,14242520,23774560,2024-09-09,2024-10-18,540.36,1448,9532040,887069215,305612808,2.68012457179004,50.9670454520282,0.400934444212637
520.98,535,16542,16447,17120970,23058694,2024-09-09,2024-11-15,540.36,-95,5937724,590393766,158475085,3.90564659180361,53.0107099741971,0.2575047832284
535.56,548,19434,17834,12787572,22185496,2024-09-09,2024-09-20,540.36,-1600,9397924,832282748,359871673,2.66562007362431,46.6181861791998,0.423606666265203
520.32,529,24964,24960,14753724,21665280,2024-09-09,2024-10-18,540.36,-4,6911556,887069215,305612808,2.44234380290156,53.4093892549298,0.319015309287487
521.1,525,49305,54696,9417255,21331440,2024-09-09,2024-09-20,540.36,5391,11914185,832282748,359871673,2.56300398527545,49.1811901644752,0.558526991145464
496.31,500,56594,57603,13922124,21255507,2024-09-09,2024-10-18,540.36,1009,7333383,887069215,305612808,2.39614977507702,55.8055390300068,0.345010965864046
518.52,535,12846,12816,15941886,21120768,2024-09-09,2024-12-20,540.36,-30,5178882,937083648,208401101,2.25388288922527,62.5467934747272,0.245203299425475
499.72,510,20117,20323,15449856,20892044,2024-09-09,2024-12-20,540.36,206,5442188,937083648,208401101,2.22947482272148,64.7762682974487,0.260490931380386
525.3,536,19228,19524,14228720,20890680,2024-09-09,2024-10-18,540.36,296,6661960,887069215,305612808,2.3550225446613,58.1605615746681,0.318896273362093
527.03,545,11848,11613,15106200,20868561,2024-09-09,2024-11-15,540.36,-235,5762361,590393766,158475085,3.5346851883934,56.5453951625905,0.276126418108081
530.08,555,8352,8351,16085952,20810692,2024-09-09,2024-12-20,540.36,-1,4724740,937083648,208401101,2.22079342056772,66.9970617180164,0.227034257198175
509.3,515,22120,33872,8095920,19307040,2024-09-09,2024-10-18,540.36,11752,11211120,887069215,305612808,2.1764975802931,60.3370591549612,0.580675235561743
498.14,505,28351,28009,14062096,19214174,2024-09-09,2024-11-15,540.36,-342,5152078,590393766,158475085,3.25446762932114,59.7998627919117,0.268139447472475
522.33,532,20698,19763,13453700,19110821,2024-09-09,2024-10-18,540.36,-935,5657121,887069215,305612808,2.15437766037231,62.4914368153335,0.296016638950258
487.2,490,65194,66040,12908412,18491200,2024-09-09,2024-10-18,540.36,846,5582788,887069215,305612808,2.08452730489582,64.5759641202293,0.301915938392316
524.19,540,11466,11386,12899250,18001266,2024-09-09,2024-11-15,540.36,-80,5102016,590393766,158475085,3.04902711320295,62.8488899051146,0.283425399080265
530.18,540,18165,17871,9827265,17549322,2024-09-09,2024-09-27,540.36,-294,7722057,156800319,63157960,11.1921468731196,11.1921468731196,0.440020246936036
502.19,510,21113,22186,11696602,17327266,2024-09-09,2024-11-15,540.36,1073,5630664,590393766,158475085,2.93486601618351,65.7837559212981,0.324959748410396
512.58,515,66191,67562,7611965,16350004,2024-09-09,2024-09-20,540.36,1371,8738039,832282748,359871673,1.96447710099597,51.1456672654712,0.534436505336635
500.84,505,38223,38352,10664217,15954432,2024-09-09,2024-10-18,540.36,129,5290215,887069215,305612808,1.79855548250539,66.3745196027347,0.331582785272456
487.22,495,19566,20159,11896128,15683702,2024-09-09,2024-12-20,540.36,593,3787574,937083648,208401101,1.67367150557727,68.6707332235937,0.241497447477643
474.01,480,26048,25827,12112320,15470373,2024-09-09,2024-12-20,540.36,-221,3358053,937083648,208401101,1.6509063020167,70.3216395256104,0.217063479982028
538.45,550,13555,12693,7157040,14660415,2024-09-09,2024-09-13,540.36,-862,7503375,129919728,58547782,11.2842100469915,11.2842100469915,0.511811909826564
538.6,558,8075,7548,9383150,14643120,2024-09-09,2024-09-20,540.36,-527,5259970,832282748,359871673,1.75939247030986,52.9050597357811,0.35921101513885
539.23,556,8684,8686,8684000,14566422,2024-09-09,2024-09-20,540.36,2,5882422,832282748,359871673,1.75017709246089,54.6552368282419,0.403834380193022
537.16,561,6138,6058,10532808,14442272,2024-09-09,2024-10-18,540.36,-80,3909464,887069215,305612808,1.62808851392729,68.002608116662,0.270695912665265
535.36,550,9106,9705,7794736,14208120,2024-09-09,2024-09-27,540.36,599,6413384,156800319,63157960,9.06128258578352,20.2534294589031,0.451388642550879
503.71,515,14018,12247,12433966,13826863,2024-09-09,2024-12-20,540.36,-1771,1392897,937083648,208401101,1.47552067838452,71.7971602039949,0.100738468298992
508.13,510,76110,73853,7306560,13810511,2024-09-09,2024-09-20,540.36,-2257,6503951,832282748,359871673,1.65935327065076,56.3145900988927,0.47094209620484
498.73,500,113799,107157,7965930,13608939,2024-09-09,2024-09-20,540.36,-6642,5643009,832282748,359871673,1.63513409748102,57.9497241963737,0.414654588428973
506.34,515,15666,15551,9728586,13467166,2024-09-09,2024-11-15,540.36,-115,3738580,590393766,158475085,2.28104813694798,68.0648040582461,0.277607033283766
527,533,22233,22344,6936696,13406400,2024-09-09,2024-09-20,540.36,111,6469704,832282748,359871673,1.61079873783471,59.5605229342084,0.482583243823845
398.1,400,69961,69794,10913916,13260860,2024-09-09,2024-12-20,540.36,-167,2346944,937083648,208401101,1.41512020066751,73.2122804046624,0.176982789954799
438,440,65449,65457,10340942,13091400,2024-09-09,2024-11-15,540.36,8,2750458,590393766,158475085,2.21740146219633,70.2822055204424,0.210096551934858
510.19,516,340,21315,127160,12384015,2024-09-09,2024-10-18,540.36,20975,12256855,887069215,305612808,1.39605960736671,69.3986677240287,0.98973192458181
537.6,553,9362,8011,8107492,12336940,2024-09-09,2024-09-20,540.36,-1351,4229448,832282748,359871673,1.4823015411104,61.0428244753188,0.342827962201324
446.31,450,32811,32763,9843300,12089547,2024-09-09,2024-12-20,540.36,-48,2246247,937083648,208401101,1.29012463570381,74.5024050403663,0.18580075829144
531.4,547,7713,7748,8121789,12086880,2024-09-09,2024-10-18,540.36,35,3965091,887069215,305612808,1.36256334856576,70.7612310725945,0.328049173980382
458.62,460,85893,86396,8761086,11922648,2024-09-09,2024-10-18,540.36,503,3161562,887069215,305612808,1.34404934794181,72.1052804205363,0.2651728038939
539.31,568,3914,3908,8575574,11212052,2024-09-09,2024-10-18,540.36,-6,2636478,887069215,305612808,1.26394331021847,73.3692237307548,0.235146786689894
537.64,562,4747,4474,8297756,10898664,2024-09-09,2024-10-18,540.36,-273,2600908,887069215,305612808,1.22861483813301,74.5978385688878,0.238644663235787
451.09,455,27425,27397,8721150,10712227,2024-09-09,2024-12-20,540.36,-28,1991077,937083648,208401101,1.14314522752189,75.6455502678881,0.185869567551173
388.96,390,101321,101251,8004359,10530104,2024-09-09,2024-11-15,540.36,-70,2525745,590393766,158475085,1.78357303318816,72.0657785536306,0.239859454379558
480.49,485,23223,23347,7942266,10529497,2024-09-09,2024-11-15,540.36,124,2587231,590393766,158475085,1.78347022044945,73.84924877408,0.245712686940316
409.33,410,154986,154995,7594314,10384665,2024-09-09,2024-10-18,540.36,9,2790351,887069215,305612808,1.17067133256338,75.7685099014512,0.268699182881682
536.25,549,8521,8124,5981742,10358100,2024-09-09,2024-09-20,540.36,-397,4376358,832282748,359871673,1.24454099582033,62.2873654711392,0.422505864975237
514.02,525,9258,9229,7573044,10133442,2024-09-09,2024-11-15,540.36,-29,2560398,590393766,158475085,1.71638702567195,75.565635799752,0.252668145729753
538.27,554,6285,6357,5845050,9999561,2024-09-09,2024-09-20,540.36,72,4154511,832282748,359871673,1.20146200603452,63.4888274771737,0.415469339103987
535.01,546,9648,8888,5701968,9767912,2024-09-09,2024-09-20,540.36,-760,4065944,832282748,359871673,1.17362903694358,64.6624565141172,0.41625518329813
536.31,570,2940,2882,7938000,9709458,2024-09-09,2024-12-20,540.36,-58,1771458,937083648,208401101,1.03613567697214,76.6816859448603,0.182446641202835
535.14,547,7882,8117,4934132,9626762,2024-09-09,2024-09-20,540.36,235,4692630,832282748,359871673,1.15666965621159,65.8191261703288,0.487456737789924
529.9,544,6869,6819,6140886,9614790,2024-09-09,2024-10-18,540.36,-50,3473904,887069215,305612808,1.08388272723454,76.8523926286857,0.36130835930894
538.1,549,4021,8776,1913996,9565840,2024-09-09,2024-09-13,540.36,4755,7651844,129919728,58547782,7.36288487303483,18.6470949200263,0.799913441997775
494,495,89449,90124,5098593,9012400,2024-09-09,2024-09-20,540.36,675,3913807,832282748,359871673,1.08285315557208,66.9019793259009,0.434269118103946
532.1,548,4596,5563,4770648,8845170,2024-09-09,2024-10-18,540.36,967,4074522,887069215,305612808,0.997122868253296,77.849515496939,0.460649371351823
538.73,559,4270,4302,5499760,8720154,2024-09-09,2024-09-20,540.36,32,3220394,832282748,359871673,1.04773936753523,67.9497186934361,0.369304716407531
523.79,530,10971,13963,4125096,8671023,2024-09-09,2024-09-27,540.36,2992,4545927,156800319,63157960,5.52997790776178,25.7834073666649,0.524266513881926
455.64,460,19414,19694,6794900,8586584,2024-09-09,2024-12-20,540.36,280,1791684,937083648,208401101,0.91630923432782,77.5979951791881,0.208660859778464
478.47,485,13090,13138,6558090,8579114,2024-09-09,2024-12-20,540.36,48,2021024,937083648,208401101,0.915512080304703,78.5135072594928,0.235574909017411
519.53,528,8841,10102,4959801,8556394,2024-09-09,2024-10-18,540.36,1261,3596593,887069215,305612808,0.96456892599976,78.8140844229388,0.420339806698944
535.73,556,4211,4172,5992253,8456644,2024-09-09,2024-10-18,540.36,-39,2464391,887069215,305612808,0.953324031203135,79.7674084541419,0.291414773993088
538.98,563,3535,3517,6221600,8447834,2024-09-09,2024-10-18,540.36,-18,2226234,887069215,305612808,0.952330873076234,80.7197393272181,0.26352719525502
534.86,558,3684,3540,6579624,8191560,2024-09-09,2024-11-15,540.36,-144,1611936,590393766,158475085,1.3874739998525,76.9531097996045,0.196780100493679
464.96,470,16026,16196,6490530,8162784,2024-09-09,2024-12-20,540.36,170,1672254,937083648,208401101,0.871083815988218,79.384591075481,0.204863193733903
539.66,562,3634,3605,5487340,8053570,2024-09-09,2024-09-20,540.36,-29,2566230,832282748,359871673,0.967648316555037,68.9173670099912,0.318645023262975
537.07,552,6429,5380,5297496,8032340,2024-09-09,2024-09-20,540.36,-1049,2734844,832282748,359871673,0.965097500735411,69.8824645107266,0.34047911318495
479.32,480,116979,116961,5381034,7953348,2024-09-09,2024-09-20,540.36,-18,2572314,832282748,359871673,0.955606495402209,70.8380710061288,0.323425304664149
536.63,551,5915,5525,4619615,7939425,2024-09-09,2024-09-20,540.36,-390,3319810,832282748,359871673,0.953933626412259,71.7920046325411,0.418142371771256
518.65,522,22904,23127,3687544,7747545,2024-09-09,2024-09-20,540.36,223,4060001,832282748,359871673,0.930878961340672,72.7228835938817,0.524037098203366
399.41,400,130636,130441,5617348,7696019,2024-09-09,2024-10-18,540.36,-195,2078671,887069215,305612808,0.867578185542151,81.5873175127603,0.270096916340773
469.25,470,101547,101570,5483538,7617750,2024-09-09,2024-09-27,540.36,23,2134212,156800319,63157960,4.85824904476119,30.6416564114261,0.280163040267796
533.84,544,7261,7470,3841069,7589520,2024-09-09,2024-09-20,540.36,209,3748451,832282748,359871673,0.911892024463782,73.6347756183455,0.493898296598467
503.49,505,51438,50189,4063602,7578539,2024-09-09,2024-09-20,540.36,-1249,3514937,832282748,359871673,0.910572641114027,74.5453482594595,0.463801400243503
539,563,3079,3115,4895610,7476000,2024-09-09,2024-09-20,540.36,36,2580390,832282748,359871673,0.898252428993038,75.4436006884526,0.345156500802568
539.55,565,2936,2922,5120384,7436490,2024-09-09,2024-09-20,540.36,-14,2316106,832282748,359871673,0.893505244205783,76.3371059326584,0.311451504674921
448.82,450,62693,61606,5705063,7269508,2024-09-09,2024-10-18,540.36,-1087,1564445,887069215,305612808,0.819497270007279,82.4068147827675,0.215206448634488
539.16,561,3246,3293,4716438,7191912,2024-09-09,2024-09-20,540.36,47,2475474,832282748,359871673,0.864118836691302,77.2012247693497,0.344202487460914
526.51,532,13007,13046,3563918,7162254,2024-09-09,2024-09-20,540.36,39,3598336,832282748,359871673,0.860555384238242,78.0617801535879,0.502402735228324
519.4,523,20377,19825,3504844,7137000,2024-09-09,2024-09-20,540.36,-552,3632156,832282748,359871673,0.857521078882197,78.9193012324701,0.508919153706039
536.01,558,3323,3240,5180557,7124760,2024-09-09,2024-10-18,540.36,-83,1944203,887069215,305612808,0.803179715801545,83.2099944985691,0.272879788231463
525.71,537,5956,6250,4603988,7056250,2024-09-09,2024-10-18,540.36,294,2452262,887069215,305612808,0.795456530412906,84.005451028982,0.347530487156776
538.22,557,3756,3731,4356960,7006818,2024-09-09,2024-09-20,540.36,-25,2649858,832282748,359871673,0.841879519530784,79.7611807520009,0.378182792816939
475.96,480,17574,17259,5219478,6972636,2024-09-09,2024-11-15,540.36,-315,1753158,590393766,158475085,1.18101450278525,78.1341243023897,0.251434034416826
524.16,543,3668,3699,5303928,6968916,2024-09-09,2024-12-20,540.36,31,1664988,937083648,208401101,0.743681315416572,80.1282723908976,0.238916353705512
419.66,420,201250,201800,5031250,6861200,2024-09-09,2024-09-27,540.36,550,1829950,156800319,63157960,4.37575640391395,35.01741281534,0.266709904972891
534.27,540,12952,11826,2914200,6776298,2024-09-09,2024-09-13,540.36,-1126,3862098,129919728,58547782,5.21575753298991,23.8628524530162,0.569942171964692
524.91,544,3520,3542,5410240,6761678,2024-09-09,2024-12-20,540.36,22,1351438,937083648,208401101,0.721566107191319,80.8498384980889,0.199867251886292
532.62,542,6545,7201,3102330,6754538,2024-09-09,2024-09-20,540.36,656,3652208,832282748,359871673,0.811567705353902,80.5727484573548,0.540704338327803
526.99,535,8235,8260,3845745,6616260,2024-09-09,2024-09-27,540.36,25,2770515,156800319,63157960,4.21954498702263,39.2369578023626,0.418743368610061
529.52,543,4677,4872,4316871,6567456,2024-09-09,2024-10-18,540.36,195,2250585,887069215,305612808,0.740354404024719,84.7458054330067,0.342687488123255
537.97,559,3065,3063,3417475,6441489,2024-09-09,2024-09-27,540.36,-2,3024014,156800319,63157960,4.10808411684418,43.3450419192068,0.469458847170274
538.76,560,3059,2976,4092942,6321024,2024-09-09,2024-09-27,540.36,-83,2228082,156800319,63157960,4.03125710477668,47.3762990239835,0.352487508353077
462,465,21030,20999,5636040,6299700,2024-09-09,2024-11-15,540.36,-31,663660,590393766,158475085,1.06703362447089,79.2011579268606,0.105347873708272
535.04,548,5229,4810,4470795,6233760,2024-09-09,2024-09-27,540.36,-419,1762965,156800319,63157960,3.97560415677471,51.3519031807582,0.282809251559252
436.81,440,19373,19338,5095099,6168822,2024-09-09,2024-12-20,540.36,-35,1073723,937083648,208401101,0.658300036839401,81.5081385349283,0.174056408176472
534.93,554,2690,3234,3679920,6167238,2024-09-09,2024-10-18,540.36,544,2487318,887069215,305612808,0.695237518754385,85.4410429517611,0.403311498599535
521.95,526,15712,15123,3346656,6124815,2024-09-09,2024-09-20,540.36,-589,2778159,832282748,359871673,0.735905557903022,81.3086540152578,0.45359067988176
441.45,445,17162,17236,4891170,6118780,2024-09-09,2024-12-20,540.36,74,1227610,937083648,208401101,0.652959851882935,82.1610983868113,0.20062986412324
539.63,567,2217,2190,4012770,5994030,2024-09-09,2024-09-20,540.36,-27,1981260,832282748,359871673,0.72019154721203,82.0288455624698,0.330538886191761
417.55,420,24312,24403,4911024,5978735,2024-09-09,2024-12-20,540.36,91,1067711,937083648,208401101,0.638015081445536,82.7991134682568,0.178584767513529
491.81,495,19281,18542,4145415,5914898,2024-09-09,2024-10-18,540.36,-739,1769483,887069215,305612808,0.666791035015233,86.1078339867763,0.299156976164255
538.37,575,1599,1599,4485195,5857137,2024-09-09,2024-12-20,540.36,0,1371942,937083648,208401101,0.625038865260404,83.4241523335172,0.234234234234234
537.54,564,2162,2164,3973756,5725944,2024-09-09,2024-10-18,540.36,2,1752188,887069215,305612808,0.645490104174115,86.7533240909505,0.306008581292447
539.85,565,2261,2247,4065278,5651205,2024-09-09,2024-09-27,540.36,-14,1585927,156800319,63157960,3.60407748915358,54.9559806699118,0.280635191963484
532.5,549,2997,3400,3221775,5610000,2024-09-09,2024-10-18,540.36,403,2388225,887069215,305612808,0.632419647208702,87.3857437381592,0.425708556149733
533.36,543,6322,5817,3230542,5607588,2024-09-09,2024-09-20,540.36,-505,2377046,832282748,359871673,0.673759970812227,82.7026055332821,0.423898118050042
513.47,516,22010,21670,2707230,5482510,2024-09-09,2024-09-20,540.36,-340,2775280,832282748,359871673,0.658731664590505,83.3613371978726,0.506206099031283
529.83,537,6391,7639,2287978,5477163,2024-09-09,2024-09-20,540.36,1248,3189185,832282748,359871673,0.658089214652326,84.0194264125249,0.582269507042241
530.28,538,4772,7028,1813360,5425616,2024-09-09,2024-09-20,540.36,2256,3612256,832282748,359871673,0.651895766557449,84.6713221790824,0.665778042530102
539.54,555,4868,3504,3709416,5417184,2024-09-09,2024-09-13,540.36,-1364,1707768,129919728,58547782,4.16963927141227,28.0324917244285,0.315250137340729
482.51,485,22125,21505,4048875,5354745,2024-09-09,2024-10-18,540.36,-620,1305870,887069215,305612808,0.603644553260706,87.9893882914199,0.243871556908872
460.36,465,11625,11489,4359375,5330896,2024-09-09,2024-12-20,540.36,-136,971521,937083648,208401101,0.568881551970054,83.9930338854872,0.182243472767055
533.53,547,3870,3870,3366900,5212890,2024-09-09,2024-10-04,540.36,0,1845990,39849526,16382475,13.081435397751,13.081435397751,0.354120267260579
539.73,558,2884,2809,2768640,5132043,2024-09-09,2024-09-13,540.36,-75,2363403,129919728,58547782,3.95016452004887,31.9826562444774,0.460518939533437
519.69,537,474,2952,626628,5109912,2024-09-09,2024-12-20,540.36,2478,4483284,937083648,208401101,0.545299452285395,84.5383333377727,0.877370099524219
534.41,565,1674,1669,3873636,5105471,2024-09-09,2024-12-20,540.36,-5,1231835,937083648,208401101,0.544825535147957,85.0831588729206,0.241277445313077
429.71,430,175553,175556,3862166,5091124,2024-09-09,2024-09-20,540.36,3,1228958,832282748,359871673,0.61170605929705,85.2830282383794,0.241392274083287
537.66,547,6080,5373,2474560,5018382,2024-09-09,2024-09-13,540.36,-707,2543822,129919728,58547782,3.86267896127369,35.8453352057511,0.506900829789362
533.92,552,3012,2728,3617412,4932224,2024-09-09,2024-10-18,540.36,-284,1314812,887069215,305612808,0.556013433517699,88.5454017249375,0.266575889497314
526.5,538,3710,4287,2819600,4930050,2024-09-09,2024-10-18,540.36,577,2110450,887069215,305612808,0.555768356813059,89.1011700817506,0.428078822729993
536.24,544,2220,6343,701520,4922168,2024-09-09,2024-09-13,540.36,4123,4220648,129919728,58547782,3.78862246386476,39.6339576696158,0.857477436771764
534.57,553,2339,2661,3017310,4904223,2024-09-09,2024-10-18,540.36,322,1886913,887069215,305612808,0.552856859089626,89.6540269408403,0.384752691710797
523,542,2527,2581,3636353,4903900,2024-09-09,2024-12-20,540.36,54,1267547,937083648,208401101,0.523315075496868,85.6064739484175,0.258477334366525
539.17,570,1637,1586,3691435,4889638,2024-09-09,2024-10-18,540.36,-51,1198203,887069215,305612808,0.551212680737658,90.2052396215779,0.245049429017036
523.34,525,19310,29327,1197220,4868282,2024-09-09,2024-09-13,540.36,10017,3671062,129919728,58547782,3.74714608392653,43.3811037535423,0.754077516462686
432.07,435,16222,16342,4006834,4788206,2024-09-09,2024-12-20,540.36,120,781372.000000001,937083648,208401101,0.510968899117958,86.1174428475354,0.163186796892197
530.9,539,5675,5865,2281350,4750650,2024-09-09,2024-09-20,540.36,190,2469300,832282748,359871673,0.570797605911687,85.8538258442911,0.51978150358372
530.65,551,1624,2327,2515576,4735445,2024-09-09,2024-11-15,540.36,703,2219869,590393766,158475085,0.802082486758507,80.0032404136191,0.468777274363867
523.56,539,2952,3035,3276720,4686040,2024-09-09,2024-11-15,540.36,83,1409320,590393766,158475085,0.793714342844196,80.7969547564633,0.300748606499304
537.85,570,1463,1454,3704316,4674610,2024-09-09,2024-11-15,540.36,-9,970294,590393766,158475085,0.791778346792368,81.5887331032557,0.2075668344525
541.46,563,2119,2119,4564326,4564326,2024-09-09,2024-11-15,540.36,0,0,590393766,158475085,0.7730986102587,82.3618317135144,0
536.86,559,2034,2038,3213720,4512132,2024-09-09,2024-10-18,540.36,4,1298412,887069215,305612808,0.508656136826933,90.7138957584048,0.287760198504831
489.17,490,54202,53687,2872706,4456021,2024-09-09,2024-09-20,540.36,-515,1583315,832282748,359871673,0.535397496909308,86.3892233412004,0.35532036316705
537.21,565,1603,1590,3542630,4418610,2024-09-09,2024-11-15,540.36,-13,875980,590393766,158475085,0.748417455342847,83.1102491688573,0.1982478652789
444.66,445,129010,128814,3612280,4379676,2024-09-09,2024-09-20,540.36,-196,767396,832282748,359871673,0.526224532531101,86.9154478737315,0.175217527506601
524.28,529,8886,9164,2026008,4325408,2024-09-09,2024-09-20,540.36,278,2299400,832282748,359871673,0.519704152272059,87.4351520260036,0.531603030280612
516.19,519,15558,15299,2209236,4299019,2024-09-09,2024-09-20,540.36,-259,2089783,832282748,359871673,0.516533474991602,87.9516855009952,0.486106946724357
447.68,450,18725,18477,3445400,4286664,2024-09-09,2024-11-15,540.36,-248,841264,590393766,158475085,0.726068642127227,83.8363178109845,0.19625144401334
517.14,533,2559,2652,3288315,4206072,2024-09-09,2024-12-20,540.36,93,917757,937083648,208401101,0.448847016910064,86.5662898644455,0.218198119290397
523.45,528,10728,9166,2381616,4170530,2024-09-09,2024-09-20,540.36,-1562,1788914,832282748,359871673,0.501095332087792,88.4527808330829,0.428941645306472
528.6,552,1803,1768,3265233,4137120,2024-09-09,2024-12-20,540.36,-35,871887,937083648,208401101,0.441488869091866,87.0077787335374,0.210747331476969
474.4,475,69344,68945,2773760,4136700,2024-09-09,2024-09-20,540.36,-399,1362940,832282748,359871673,0.497030607679976,88.9498114407629,0.329475185534363
422.44,425,16148,16149,3471820,4134144,2024-09-09,2024-12-20,540.36,1,662324.000000001,937083648,208401101,0.441171288051331,87.4489500215887,0.16020825592916
519.94,525,8100,8085,2446200,4091010,2024-09-09,2024-09-27,540.36,-15,1644810,156800319,63157960,2.60905719203288,57.5650378619447,0.402054749316184
532.11,557,1665,1638,3351645,4076982,2024-09-09,2024-12-20,540.36,-27,725337.000000001,937083648,208401101,0.43507129899251,87.8840213205812,0.177910277749571
538.9,566,1495,1499,2843490,4062290,2024-09-09,2024-09-20,540.36,4,1218800,832282748,359871673,0.488090136406384,89.4379015771693,0.300027816822531
533.3,551,2305,2284,2627700,4042680,2024-09-09,2024-10-18,540.36,-21,1414980,887069215,305612808,0.455734449086929,91.1696302074917,0.350010389147793
531.92,553,1091,1911,1779421,4028388,2024-09-09,2024-11-15,540.36,820,2248967,590393766,158475085,0.682322245252163,84.5186400562366,0.558279639399184
539.94,559,4437,2102,4827456,4006412,2024-09-09,2024-09-13,540.36,-2335,-821044.000000001,129919728,58547782,3.08375953496454,46.4648632885069,-0.204932493213379
466.73,470,12211,12207,3003906,3991689,2024-09-09,2024-11-15,540.36,-4,987783,590393766,158475085,0.676106224332999,85.1947462805696,0.247459909827644
505.46,507,25442,25875,2188012,3984750,2024-09-09,2024-09-20,540.36,433,1796738,832282748,359871673,0.47877359101525,89.9166751681846,0.450903569860092
539.2,564,1602,1602,2518344,3972960,2024-09-09,2024-09-20,540.36,0,1454616,832282748,359871673,0.477357005122014,90.3940321733066,0.366129032258065
531.05,546,2888,2652,2968864,3964740,2024-09-09,2024-10-18,540.36,-236,995876,887069215,305612808,0.44694821249095,91.6165784199827,0.251183179729314
528.91,542,2924,3011,2672536,3941399,2024-09-09,2024-10-18,540.36,87,1268863,887069215,305612808,0.444316963473927,92.0608953834566,0.321932136279529
378.53,380,26808,26792,3404616,3938424,2024-09-09,2024-12-20,540.36,-16,533808,937083648,208401101,0.42028521236132,88.3043065329425,0.135538479351131
477.88,480,20834,18406,3104266,3902072,2024-09-09,2024-10-18,540.36,-2428,797806,887069215,305612808,0.439883600289297,92.5007789837459,0.204457016682419
454.6,455,97221,97440,3013851,3897600,2024-09-09,2024-09-20,540.36,219,883749,832282748,359871673,0.468302389946932,90.8623345632535,0.226741841133005
535.82,557,1814,1820,2523274,3854760,2024-09-09,2024-10-18,540.36,6,1331486,887069215,305612808,0.434550081867062,92.935329065613,0.345413462835559
518.73,527,3861,4579,2138994,3786833,2024-09-09,2024-10-18,540.36,718,1647839,887069215,305612808,0.426892618520191,93.3622216841332,0.435149635592591
539.02,561,1716,1704,2402400,3745392,2024-09-09,2024-09-27,540.36,-12,1342992,156800319,63157960,2.38863799760509,59.9536758595498,0.358571813043868
538.99,570,1196,1201,2485288,3724301,2024-09-09,2024-09-20,540.36,5,1239013,832282748,359871673,0.447480259437025,91.3098148226905,0.33268336796623
471.37,475,10146,10217,2830734,3708771,2024-09-09,2024-11-15,540.36,71,878037,590393766,158475085,0.628186002898953,85.8229322834686,0.236746081114202
489.5,495,6536,6713,2614400,3692150,2024-09-09,2024-11-15,540.36,177,1077750,590393766,158475085,0.625370763145897,86.4483030466145,0.291903091694541
518.35,531,2815,2862,2648915,3620430,2024-09-09,2024-11-15,540.36,47,971515,590393766,158475085,0.613222938400742,87.0615259850152,0.268342434462205
537.31,555,2122,2033,2425446,3596377,2024-09-09,2024-09-27,540.36,-89,1170931,156800319,63157960,2.29360311441713,62.2472789739669,0.325586277523185
529.14,540,1406,3276,913900,3557736,2024-09-09,2024-10-04,540.36,1870,2643836,39849526,16382475,8.92792551660464,22.0093609143557,0.743123154725365
521.68,531,3474,3817,2108718,3557444,2024-09-09,2024-10-18,540.36,343,1448726,887069215,305612808,0.401033418795849,93.763255102929,0.407237893273935
540.42,568,1261,1258,2408510,3469564,2024-09-09,2024-09-20,540.36,-3,1061054,832282748,359871673,0.416873233085447,91.726688055776,0.305817676226754
531.54,542,3314,3316,1965202,3468536,2024-09-09,2024-09-27,540.36,2,1503334,156800319,63157960,2.21207203028713,64.459351004254,0.43342032488635
540.01,564,1443,1443,3461757,3461757,2024-09-09,2024-12-20,540.36,0,0,937083648,208401101,0.369418141847674,88.6737246747902,0
427.23,430,12327,12381,2970807,3429537,2024-09-09,2024-12-20,540.36,54,458730,937083648,208401101,0.3659798148564,89.0397044896466,0.13375858023984
538.82,551,2700,2813,1501200,3426234,2024-09-09,2024-09-13,540.36,113,1925034,129919728,58547782,2.63719302121692,49.1020563097238,0.561851292118402
532.12,545,2329,2659,1956360,3424792,2024-09-09,2024-10-04,540.36,330,1468432,39849526,16382475,8.59431050698069,30.6036714213364,0.428765308958909
388.37,390,21009,20919,2941260,3409797,2024-09-09,2024-12-20,540.36,-90,468537,937083648,208401101,0.363873279325433,89.403577768972,0.137409059835527
407.79,410,14855,15373,2926435,3397433,2024-09-09,2024-12-20,540.36,518,470998,937083648,208401101,0.362553866696007,89.766131635668,0.138633491815733
533.94,563,1167,1167,2751786,3391302,2024-09-09,2024-12-20,540.36,0,639516,937083648,208401101,0.361899602798319,90.1280312384664,0.188575361321404
528.97,536,4123,4821,1397697,3389163,2024-09-09,2024-09-20,540.36,698,1991466,832282748,359871673,0.407212934323613,92.1339009900996,0.587598176895003
525.73,531,5853,6421,1697370,3383867,2024-09-09,2024-09-20,540.36,568,1686497,832282748,359871673,0.406576612110672,92.5404776022103,0.498393406123822
484.24,485,42874,43961,1972204,3341036,2024-09-09,2024-09-20,540.36,1087,1368832,832282748,359871673,0.401430404274101,92.9419080064844,0.409702858634268
533.18,561,1230,1200,2785950,3338400,2024-09-09,2024-12-20,540.36,-30,552450,937083648,208401101,0.356254215632199,90.4842854540985,0.165483465132998
515.25,518,11833,11779,1751284,3239225,2024-09-09,2024-09-20,540.36,-54,1487941,832282748,359871673,0.389197662427096,93.3311056689115,0.459350924989774
548.78,590,769,771,3095225,3178062,2024-09-09,2024-12-20,540.36,2,82837,937083648,208401101,0.33914389678903,90.8234293508876,0.0260652561214979
536.82,545,6129,3862,2139021,3159116,2024-09-09,2024-09-13,540.36,-2267,1020095,129919728,58547782,2.43159068190167,51.5336469916255,0.322905205127004
529.01,548,1584,1652,2241360,3137148,2024-09-09,2024-11-15,540.36,68,895788,590393766,158475085,0.531365366754228,87.5928913517695,0.285542154848926
514.25,521,22086,4603,9806184,3107025,2024-09-09,2024-10-18,540.36,-17483,-6699159,887069215,305612808,0.350257335894584,94.1135124388236,-2.15613295676733
535.12,559,1301,1298,2340499,3099624,2024-09-09,2024-11-15,540.36,-3,759125,590393766,158475085,0.525009608587229,88.1179009603567,0.244908737317817
523.61,534,2852,2974,1885172,3089986,2024-09-09,2024-10-18,540.36,122,1204814,887069215,305612808,0.348336516221003,94.4618489550446,0.389909209944641
512.87,527,2177,2165,2507904,3059145,2024-09-09,2024-12-20,540.36,-12,551241,937083648,208401101,0.326453780996934,91.1498831318845,0.180194466100822
527.95,534,4863,4956,1463763,2998380,2024-09-09,2024-09-20,540.36,93,1534617,832282748,359871673,0.360259780369736,93.6913654492812,0.511815380305365
531.77,556,1232,1231,2290288,2982713,2024-09-09,2024-12-20,540.36,-1,692425,937083648,208401101,0.318297412015026,91.4681805438995,0.23214603617579
537.89,548,3249,2947,1423062,2979417,2024-09-09,2024-09-13,540.36,-302,1556355,129919728,58547782,2.29327527533001,53.8269222669555,0.522368973527371
528.2,541,2276,2325,1925496,2976000,2024-09-09,2024-10-18,540.36,49,1050504,887069215,305612808,0.335486786112851,94.7973357411575,0.352991935483871
359.62,360,78132,78133,2265828,2969054,2024-09-09,2024-10-18,540.36,1,703226,887069215,305612808,0.334703758150372,95.1320394993078,0.236851872684027
511.82,514,13005,13497,1638630,2942346,2024-09-09,2024-09-20,540.36,492,1303716,832282748,359871673,0.353527212605397,94.0448926618866,0.443087250785598
403.01,405,14704,14701,2411456,2925499,2024-09-09,2024-12-20,540.36,-3,514043,937083648,208401101,0.312191873825121,91.7803724177246,0.175711220547332
515.7,531,1897,1912,2268812,2925360,2024-09-09,2024-12-20,540.36,15,656548,937083648,208401101,0.312177040570875,92.0925494582955,0.224433232149205
319.08,320,31778,31776,2033792,2923392,2024-09-09,2024-12-20,540.36,-2,889600,937083648,208401101,0.311967027302135,92.4045164855977,0.304304041332808
538.74,564,1155,1154,1999305,2915004,2024-09-09,2024-09-27,540.36,-1,915699,156800319,63157960,1.85905489133603,66.3184058955901,0.314133016627078
533.05,556,968,1262,1742400,2896290,2024-09-09,2024-11-15,540.36,294,1153890,590393766,158475085,0.490569204282553,88.6084701646393,0.398402784251577
522.91,533,2453,2859,1609168,2884731,2024-09-09,2024-10-18,540.36,406,1275563,887069215,305612808,0.325197961018183,95.457237460326,0.442177450861103
527.5,530,9436,11535,886984,2883750,2024-09-09,2024-09-13,540.36,2099,1996766,129919728,58547782,2.21963980712768,56.0465620740832,0.692419939315128
339.44,340,51312,51415,2257728,2879240,2024-09-09,2024-11-15,540.36,103,621512,590393766,158475085,0.487681301160622,89.0961514657999,0.215859740764924
504.65,505,81260,81614,1950240,2856490,2024-09-09,2024-09-13,540.36,354,906250,129919728,58547782,2.19865762034231,58.2452196944255,0.317259993908608
529.24,551,1314,1304,2210148,2837504,2024-09-09,2024-12-20,540.36,-10,627356,937083648,208401101,0.302801570175302,92.707318055773,0.221094313875857
539.13,574,811,812,2380285,2831444,2024-09-09,2024-11-15,540.36,1,451159,590393766,158475085,0.479585687224211,89.5757371530241,0.15933883912237
517.43,529,2297,2417,2062706,2796469,2024-09-09,2024-11-15,540.36,120,733763,590393766,158475085,0.473661674808402,90.0493988278325,0.262389105690068
442.86,445,12904,12959,2154968,2773226,2024-09-09,2024-11-15,540.36,55,618258,590393766,158475085,0.469724810746054,90.5191236385785,0.222938195444583
520.31,524,7089,7463,1276020,2753847,2024-09-09,2024-09-20,540.36,374,1477827,832282748,359871673,0.330878779671641,94.3757714415582,0.536640924495805
499.74,501,21778,21707,1676906,2735082,2024-09-09,2024-09-20,540.36,-71,1058176,832282748,359871673,0.328624137238515,94.7043955787967,0.386890045709781
539.71,556,1720,1676,1527360,2730204,2024-09-09,2024-09-13,540.36,-44,1202844,129919728,58547782,2.10145452274962,60.3466742171751,0.440569276142002
531.42,552,884,1321,1418820,2718618,2024-09-09,2024-11-15,540.36,437,1299798,590393766,158475085,0.460475390588728,90.9795990291673,0.478109833746411
537.41,567,918,918,2261034,2716362,2024-09-09,2024-12-20,540.36,0,455328,937083648,208401101,0.28987401560122,92.9971920713742,0.167624197363974
529.1,538,806,3033,434434,2699370,2024-09-09,2024-09-27,540.36,2227,2264936,156800319,63157960,1.72153348744144,68.0399393830315,0.83906096607727
412.75,415,11928,11927,2266320,2683575,2024-09-09,2024-12-20,540.36,-1,417255,937083648,208401101,0.286375181738312,93.2835672531125,0.155484754478634
502.6,504,18828,18942,1562724,2651880,2024-09-09,2024-09-20,540.36,114,1089156,832282748,359871673,0.318627294194497,95.0230228729912,0.410710891895561
531.16,535,4802,6881,705894,2642304,2024-09-09,2024-09-13,540.36,2079,1936410,129919728,58547782,2.03379736139842,62.3804715785735,0.732849059003052
526.89,539,1567,2152,1267703,2606072,2024-09-09,2024-10-18,540.36,585,1338369,887069215,305612808,0.293784516014345,95.7510219763404,0.513557952351278
469.48,470,50433,50061,1916454,2603172,2024-09-09,2024-09-20,540.36,-372,686718,832282748,359871673,0.312774956137863,95.3357978291291,0.263800471117544
538.47,557,1496,1398,1729376,2590494,2024-09-09,2024-09-27,540.36,-98,861118,156800319,63157960,1.6520974042151,69.6920367872466,0.332414589649696
533.73,546,1922,2096,1497238,2571792,2024-09-09,2024-09-27,540.36,174,1074554,156800319,63157960,1.64017013256204,71.3322069198086,0.417823058785469
535.92,561,1019,1004,2042076,2518032,2024-09-09,2024-11-15,540.36,-15,475956,590393766,158475085,0.426500438353206,91.4060994675205,0.189019043443451
404.82,405,139463,139364,2231408,2508552,2024-09-09,2024-09-20,540.36,-99,277144,832282748,359871673,0.301406223549404,95.6372040526785,0.110479671140961
538.79,562,1100,1078,1742400,2502038,2024-09-09,2024-09-27,540.36,-22,759638,156800319,63157960,1.59568425367808,72.9278911734867,0.303607699003772
520.3,534,1228,1774,1159232,2430380,2024-09-09,2024-11-15,540.36,546,1271148,590393766,158475085,0.411654075629247,91.8177535431497,0.523024383018294
532.82,554,641,1137,1036497,2408166,2024-09-09,2024-11-15,540.36,496,1371669,590393766,158475085,0.407891502025108,92.2256450451748,0.569590717583422
348.91,350,22058,21993,1985220,2397237,2024-09-09,2024-12-20,540.36,-65,412017.000000001,937083648,208401101,0.255818891420886,93.5393861445334,0.171871617199301
531.89,558,1019,905,2038000,2362955,2024-09-09,2024-12-20,540.36,-114,324955,937083648,208401101,0.252160520039295,93.7915466645727,0.137520604497335
532.29,543,996,2206,683256,2362626,2024-09-09,2024-09-27,540.36,1210,1679370,156800319,63157960,1.5067737202754,74.4346648937621,0.710806534762591
535.28,542,2430,3500,660960,2352000,2024-09-09,2024-09-13,540.36,1070,1691040,129919728,58547782,1.81034861772494,64.1908201962985,0.718979591836735
514.75,526,2028,2079,1800864,2338875,2024-09-09,2024-11-15,540.36,51,538011,590393766,158475085,0.396155097613277,92.6218001427881,0.230029822029822
540.66,557,1313,1418,1269671,2317012,2024-09-09,2024-09-13,540.36,105,1047341,129919728,58547782,1.78341814262419,65.9742383389226,0.452022259703446
518.77,525,2836,3712,1037976,2312576,2024-09-09,2024-10-04,540.36,876,1274600,39849526,16382475,5.80327103514356,36.4069424564799,0.551160264570764
526.79,544,1356,1325,1760088,2280325,2024-09-09,2024-11-15,540.36,-31,520237,590393766,158475085,0.386237987479021,93.0080381302671,0.228141602622433
539.75,554,2172,1577,1737600,2247225,2024-09-09,2024-09-13,540.36,-595,509625,129919728,58547782,1.72970266686519,67.7039410057878,0.226779694957114
534.9,541,2979,3627,726876,2212470,2024-09-09,2024-09-13,540.36,648,1485594,129919728,58547782,1.70295153327291,69.4068925390607,0.671464019851117
539.1,553,1776,1590,1172160,2210100,2024-09-09,2024-09-13,540.36,-186,1037940,129919728,58547782,1.70112732994638,71.1080198690071,0.469634858151215
515.06,522,977,3178,467983,2205532,2024-09-09,2024-10-18,540.36,2201,1737549,887069215,305612808,0.248631331434492,95.9996533077749,0.787814005872506
383.43,385,14220,14030,1791720,2202710,2024-09-09,2024-12-20,540.36,-190,410990,937083648,208401101,0.235060125603643,94.0266067901763,0.186583799047537
522.06,536,1572,1580,1685184,2202520,2024-09-09,2024-11-15,540.36,8,517336,590393766,158475085,0.373059494669529,93.3810976249366,0.234883678695313
468.29,470,12863,12851,1569286,2197521,2024-09-09,2024-10-18,540.36,-12,628235,887069215,305612808,0.24772824519674,96.2473815529716,0.28588350236471
539.38,552,1356,1714,839364,2163068,2024-09-09,2024-09-13,540.36,358,1323704,129919728,58547782,1.66492651524024,72.7729463842474,0.611956720731849
518.08,526,2526,2681,1361514,2123352,2024-09-09,2024-10-18,540.36,155,761838,887069215,305612808,0.239367116352922,96.4867486693245,0.358790252393386
536,569,642,642,1393140,2118600,2024-09-09,2024-12-20,540.36,0,725460,937083648,208401101,0.22608440607428,94.2526911962506,0.342424242424242
393.25,395,11895,11897,2152995,2081975,2024-09-09,2024-12-20,540.36,2,-71020,937083648,208401101,0.222176003651704,94.4748671999023,-0.03411184092028
522.5,530,2941,2700,1358742,2025000,2024-09-09,2024-10-04,540.36,-241,666258,39849526,16382475,5.08161627819613,41.488558734676,0.329016296296296
529.45,549,1278,1034,1803258,2021470,2024-09-09,2024-11-15,540.36,-244,218212,590393766,158475085,0.342393520462748,93.7234911453994,0.107947186948112
537.06,553,1261,1268,1361880,2021192,2024-09-09,2024-09-27,540.36,7,659312,156800319,63157960,1.28902288776594,75.723687781528,0.326199589153331
527.97,546,943,1086,1269278,1958058,2024-09-09,2024-11-15,540.36,143,688780,590393766,158475085,0.331652892147916,94.0551440375473,0.351766903738296
512.63,519,250,3073,104750,1957501,2024-09-09,2024-10-18,540.36,2823,1852751,887069215,305612808,0.2206706046044,96.7074192739289,0.946487894514486
534.51,562,709,707,1641335,1943543,2024-09-09,2024-12-20,540.36,-2,302208,937083648,208401101,0.207403362991988,94.6822705628943,0.155493343857069
536.07,566,634,636,1413820,1903548,2024-09-09,2024-12-20,540.36,2,489728,937083648,208401101,0.203135334189505,94.8854058970838,0.257271158909573
522.7,527,4836,4362,1010724,1875660,2024-09-09,2024-09-20,540.36,-474,864936,832282748,359871673,0.225363316073446,95.862567368752,0.461136879818304
473.13,475,9675,9996,1393200,1869252,2024-09-09,2024-10-18,540.36,321,476052,887069215,305612808,0.210722226449939,96.9181415003789,0.25467513208492
368.68,370,14471,14102,1635223,1861464,2024-09-09,2024-12-20,540.36,-369,226241,937083648,208401101,0.198644379717103,95.0840502768009,0.121539283058926
449.62,450,50306,48628,1458874,1847864,2024-09-09,2024-09-20,540.36,-1678,388990,832282748,359871673,0.222023585667307,96.0845909544193,0.210507916166991
495.95,497,17510,17491,1190680,1836555,2024-09-09,2024-09-20,540.36,-19,645875,832282748,359871673,0.220664792633669,96.3052557470529,0.351677461333856
463.47,465,10992,12001,1264080,1836153,2024-09-09,2024-10-18,540.36,1009,572073,887069215,305612808,0.206990950531408,97.1251324509103,0.311560637920696
532.86,545,2018,1474,1370222,1789436,2024-09-09,2024-09-27,540.36,-544,419214,156800319,63157960,1.14121961703407,76.8649073985621,0.234271580542696
492.02,493,17931,18060,1057929,1769880,2024-09-09,2024-09-20,540.36,129,711951,832282748,359871673,0.212653693021161,96.5179094400741,0.402259475218659
530.58,554,750,750,1378500,1756500,2024-09-09,2024-12-20,540.36,0,378000,937083648,208401101,0.187443245194692,95.2714935219956,0.215200683176772
533.06,538,2544,3555,475728,1756170,2024-09-09,2024-09-13,540.36,1011,1280442,129919728,58547782,1.35173466496174,74.1246810492091,0.729110507524898
525.27,532,2620,2587,1053240,1741051,2024-09-09,2024-09-27,540.36,-33,687811,156800319,63157960,1.11036189919996,77.9752692977621,0.395055055825476
517.73,521,5363,5323,836628,1740621,2024-09-09,2024-09-20,540.36,-40,903993,832282748,359871673,0.209138181006727,96.7270476210808,0.519350852368206
535,551,1187,1087,1175130,1739200,2024-09-09,2024-10-04,540.36,-100,564070,39849526,16382475,4.3644182869327,45.8529770216087,0.324327276908924
529.43,553,736,729,1429312,1718253,2024-09-09,2024-12-20,540.36,-7,288941,937083648,208401101,0.183361752567899,95.4548552745635,0.168159752958383
537.15,556,968,906,1264208,1707810,2024-09-09,2024-09-27,540.36,-62,443602,156800319,63157960,1.08916232498226,79.0644316227443,0.259749035314233
516.31,527,1571,1596,1302359,1706124,2024-09-09,2024-11-15,540.36,25,403765,590393766,158475085,0.28898069360712,94.3441247311544,0.236656303996661
538.23,566,615,611,1301340,1696747,2024-09-09,2024-10-18,540.36,-4,395407,887069215,305612808,0.191275604125209,97.3164080550355,0.233038278541232
454.89,455,153689,154058,1690579,1694638,2024-09-09,2024-09-13,540.36,369,4059,129919728,58547782,1.30437311260381,75.4290541618129,0.00239520180711161
459.55,460,37377,37110,1233441,1669950,2024-09-09,2024-09-20,540.36,-267,436509,832282748,359871673,0.200646956099107,96.9276945771799,0.261390460792239
537.71,558,850,817,1046350,1657693,2024-09-09,2024-09-27,540.36,-33,611343,156800319,63157960,1.05720001755864,80.121631640303,0.368791446908444
498.07,500,8606,8565,938054,1653045,2024-09-09,2024-09-27,540.36,-41,714991,156800319,63157960,1.054235737875,81.175867378178,0.43252966495165
373.61,375,11832,11890,1408008,1652710,2024-09-09,2024-12-20,540.36,58,244702,937083648,208401101,0.176367392977921,95.6312226675414,0.148061063344446
524.43,531,2483,2485,893880,1632645,2024-09-09,2024-09-27,540.36,2,738765,156800319,63157960,1.04122556026177,82.2170929384398,0.452495796697996
538.35,560,801,753,1233540,1630245,2024-09-09,2024-10-04,540.36,-48,396705,39849526,16382475,4.09100223676437,49.9439792583731,0.243340724860374
516.97,532,1052,1077,1259244,1618731,2024-09-09,2024-12-20,540.36,25,359487,937083648,208401101,0.172741355956304,95.8039640234977,0.222079517844534
349.69,350,52235,52159,1201405,1616929,2024-09-09,2024-10-18,540.36,-76,415524,887069215,305612808,0.182277659133961,97.4986857141695,0.256983454437393
537.12,546,1775,1818,667400,1614384,2024-09-09,2024-09-13,540.36,43,946984,129919728,58547782,1.2426011236723,76.6716552854852,0.586591542037087
536.62,552,1045,1047,1079485,1610286,2024-09-09,2024-09-27,540.36,2,530801,156800319,63157960,1.0269660229454,83.2440589613852,0.329631506452891
453.73,455,12451,12627,1195296,1603629,2024-09-09,2024-10-18,540.36,176,408333,887069215,305612808,0.180778339827744,97.6794640539972,0.254630590990809
536.1,564,567,567,1069929,1581930,2024-09-09,2024-11-15,540.36,0,512001,590393766,158475085,0.267944902385707,94.6120696335401,0.323655913978495
531.86,536,2647,3809,404991,1576926,2024-09-09,2024-09-13,540.36,1162,1171935,129919728,58547782,1.21376947464053,77.8854247601257,0.743176915086694
532.78,559,676,601,1516944,1575822,2024-09-09,2024-12-20,540.36,-75,58878,937083648,208401101,0.168162362384964,95.9721263858827,0.037363357028903
540,575,445,450,1176135,1575000,2024-09-09,2024-09-20,540.36,5,398865,832282748,359871673,0.189238573523814,97.1169331507037,0.253247619047619
398.84,400,13407,13388,1233444,1553008,2024-09-09,2024-11-15,540.36,-19,319564,590393766,158475085,0.263046137922805,94.8751157714629,0.205770994096618
532.52,537,1334,3451,228114,1546048,2024-09-09,2024-09-13,540.36,2117,1317934,129919728,58547782,1.19000249138453,79.0754272515103,0.852453481392557
533.47,557,522,653,995976,1536509,2024-09-09,2024-11-15,540.36,131,540533,590393766,158475085,0.260251562344579,95.1353673338075,0.351792927994564
511.68,515,3569,4615,667403,1532180,2024-09-09,2024-09-27,540.36,1046,864777,156800319,63157960,0.977153624285675,84.2212125856708,0.564409534127844
540.33,560,3688,778,4012544,1530326,2024-09-09,2024-09-13,540.36,-2910,-2482218,129919728,58547782,1.17790117294581,80.2533284244561,-1.62201909919847
369.85,370,100716,100716,1510740,1510740,2024-09-09,2024-09-27,540.36,0,0,156800319,63157960,0.9634801827157,85.1846927683865,0
512.12,526,864,1082,916704,1501816,2024-09-09,2024-12-20,540.36,218,585112,937083648,208401101,0.160264881710966,96.1323912675937,0.389602987316689
299.33,300,22250,22354,1134750,1497718,2024-09-09,2024-12-20,540.36,104,362968,937083648,208401101,0.159827567495874,96.2922188350895,0.242347357780303
537.84,547.5,1675,1518,715225,1466388,2024-09-09,2024-09-13,540.36,-157,751163,129919728,58547782,1.12868770784372,81.3820161322998,0.51225391915373
538.53,567,510,515,965430,1466205,2024-09-09,2024-10-18,540.36,5,500775,887069215,305612808,0.165286425817404,97.8447504798146,0.341545009053986
535.66,562,576,556,1118016,1464504,2024-09-09,2024-11-15,540.36,-20,346488,590393766,158475085,0.24805546473199,95.3834227985395,0.236590681896396
533.68,539,2309,2699,473345,1435868,2024-09-09,2024-09-13,540.36,390,962523,129919728,58547782,1.10519627935182,82.4872124116516,0.67034225987347
535.79,543,2140,1975,624880,1423975,2024-09-09,2024-09-13,540.36,-165,799095,129919728,58547782,1.09604216535921,83.5832545770108,0.561172071138889
535.25,549,999,1024,808191,1408000,2024-09-09,2024-09-27,540.36,25,599809,156800319,63157960,0.897957356834204,86.0826501252207,0.426000710227273
507.28,510,2713,5131,409663,1395632,2024-09-09,2024-09-27,540.36,2418,985969,156800319,63157960,0.890069617779286,86.972719743,0.706467750811102
533.82,550,833,859,872151,1389862,2024-09-09,2024-10-11,540.36,26,517711,14666973,6002244,9.47613389620339,9.47613389620339,0.372490937949235
358.8,360,11702,11574,1193604,1388880,2024-09-09,2024-12-20,540.36,-128,195276,937083648,208401101,0.148213022707659,96.4404318577972,0.140599619837567
529.31,547,706,782,990518,1383358,2024-09-09,2024-11-15,540.36,76,392840,590393766,158475085,0.234311078413386,95.6177338769529,0.283975659229209
502.68,505,5592,5921,760512,1373672,2024-09-09,2024-09-27,540.36,329,613160,156800319,63157960,0.876064544230934,87.848784287231,0.446365653518453
510.85,513,6536,6382,705888,1372130,2024-09-09,2024-09-20,540.36,-154,666242,832282748,359871673,0.164863443739194,97.2817965944429,0.485553118144782
526.07,543,733,808,907454,1367944,2024-09-09,2024-11-15,540.36,75,460490,590393766,158475085,0.231700278488374,95.8494341554413,0.336629277221874
519.28,536,874,818,1097744,1367696,2024-09-09,2024-12-20,540.36,-56,269952,937083648,208401101,0.145952392075035,96.5863842498722,0.197377194932207
538.61,563,554,553,886400,1348767,2024-09-09,2024-09-27,540.36,-1,462367,156800319,63157960,0.860181285728124,88.7089655729591,0.342807171290519
519.87,533,1079,1012,1052025,1328756,2024-09-09,2024-11-15,540.36,-67,276731,590393766,158475085,0.225062674526953,96.0744968299682,0.208263217626111
499.73,500,48770,48851,1024170,1318977,2024-09-09,2024-09-13,540.36,81,294807,129919728,58547782,1.01522457005144,84.5984791470623,0.223511858053628
428.32,430,7743,7813,1022076,1312584,2024-09-09,2024-11-15,540.36,70,290508,590393766,158475085,0.222323485712415,96.2968203156806,0.221325263754548
527.76,549,589,615,974795,1306260,2024-09-09,2024-12-20,540.36,26,331465,937083648,208401101,0.139396307126682,96.7257805569989,0.253751167455177
534.35,550,982,834,994766,1305210,2024-09-09,2024-10-04,540.36,-148,310444,39849526,16382475,3.2753463617108,53.2193256200839,0.237849847917193
514.33,517,5039,4887,639953,1304829,2024-09-09,2024-09-20,540.36,-152,664876,832282748,359871673,0.156777129303178,97.4385737237461,0.509550293563371
540.64,561,1581,638,1878228,1298968,2024-09-09,2024-09-13,540.36,-943,-579260,129919728,58547782,0.999823521798014,85.5983026688603,-0.445938622044577
496.89,498,11702,11569,795736,1284159,2024-09-09,2024-09-20,540.36,-133,488423,832282748,359871673,0.154293598309694,97.5928673220558,0.38034464579542
540.19,557.5,685,741,624720,1282671,2024-09-09,2024-09-13,540.36,56,657951,129919728,58547782,0.987279622383446,86.5855822912437,0.512953828378438
523.14,538,753,855,848631,1270530,2024-09-09,2024-11-15,540.36,102,421899,590393766,158475085,0.215200443020938,96.5120207587016,0.332065358551156
363.73,365,10000,9975,1050000,1266825,2024-09-09,2024-12-20,540.36,-25,216825,937083648,208401101,0.135188038197418,96.8609685951963,0.171156237049316
513.5,528,490,856,530670,1241200,2024-09-09,2024-12-20,540.36,366,710530,937083648,208401101,0.132453490427356,96.9934220856237,0.572454076699968
423.4,425,5843,7538,730375,1206080,2024-09-09,2024-11-15,540.36,1695,475705,590393766,158475085,0.204283999841557,96.7163047585431,0.394422426373043
514.83,529,891,840,1031778,1190280,2024-09-09,2024-12-20,540.36,-51,158502,937083648,208401101,0.127019610526808,97.1204416961505,0.13316362536546
518.55,523,2676,2670,741252,1188150,2024-09-09,2024-09-27,540.36,-6,446898,156800319,63157960,0.757747182899545,89.4667127558586,0.376129276606489
520.98,538,612,695,833544,1182890,2024-09-09,2024-12-20,540.36,83,349346,937083648,208401101,0.126230993628436,97.2466726897789,0.295332617572217
525.87,547,542,558,831428,1179054,2024-09-09,2024-12-20,540.36,16,347626,937083648,208401101,0.125821638496887,97.3724943282758,0.294834672542564
539.7,600,195,195,978120,1175850,2024-09-09,2024-12-20,540.36,0,197730,937083648,208401101,0.125479726650827,97.4979740549266,0.1681592039801
501.79,503,9535,9688,781870,1172248,2024-09-09,2024-09-20,540.36,153,390378,832282748,359871673,0.140847326562631,97.7337146486184,0.333016563048092
274.44,275,20886,20919,793668,1171464,2024-09-09,2024-12-20,540.36,33,377796,937083648,208401101,0.125011678786652,97.6229857337133,0.3224990268587
526.04,535,1188,1300,632016,1164800,2024-09-09,2024-10-04,540.36,112,532784,39849526,16382475,2.92299587202116,56.1423214921051,0.457403846153846
536.94,571,338,338,630370,1151228,2024-09-09,2024-12-20,540.36,0,520858,937083648,208401101,0.122852213082263,97.7458379467956,0.452436876100998
419.2,420,14365,14347,818805,1147760,2024-09-09,2024-10-18,540.36,-18,328955,887069215,305612808,0.129387874203255,97.9741383540178,0.286606084895797
518,525,1285,1620,558975,1134000,2024-09-09,2024-10-11,540.36,335,575025,14666973,6002244,7.73165669562493,17.2077905918283,0.50707671957672
538.99,575,329,314,855400,1130714,2024-09-09,2024-10-18,540.36,-15,275314,887069215,305612808,0.12746626541425,98.1016046194321,0.24348685874589
439.69,440,35312,36178,882800,1121518,2024-09-09,2024-09-20,540.36,866,238718,832282748,359871673,0.134752042223036,97.8684666908415,0.212852580163671
522.31,537,746,756,801950,1110564,2024-09-09,2024-11-15,540.36,10,308614,590393766,158475085,0.188105644733383,96.9044104032765,0.277889432756689
418.49,420,7009,7353,820053,1110303,2024-09-09,2024-11-15,540.36,344,290250,590393766,158475085,0.188061436949522,97.092471840226,0.261415127222029
536.5,555,631,594,809573,1098900,2024-09-09,2024-10-04,540.36,-37,289327,39849526,16382475,2.75762376696777,58.8999452590729,0.263287833287833
353.78,355,8997,8977,800733,1095194,2024-09-09,2024-12-20,540.36,-20,294461,937083648,208401101,0.116872597482354,97.8627105442779,0.268866520452084
522.33,541,502,583,761032,1088461,2024-09-09,2024-12-20,540.36,81,327429,937083648,208401101,0.116154091720956,97.9788646359989,0.300818311358882
534.07,547,568,840,459512,1086120,2024-09-09,2024-09-27,540.36,272,626608,156800319,63157960,0.692677162219294,90.1593899180779,0.576923360218024
537,558,524,510,759800,1071000,2024-09-09,2024-10-04,540.36,-14,311200,39849526,16382475,2.68761038713484,61.5875556462077,0.290569561157797
527.3,548,494,513,818558,1061910,2024-09-09,2024-12-20,540.36,19,243352,937083648,208401101,0.113320726731964,98.0921853627308,0.229164430130614
536.03,553,622,611,701616,1036867,2024-09-09,2024-10-04,540.36,-11,335251,39849526,16382475,2.60195566692562,64.1895113131333,0.323330764697883
329.33,330,15439,15439,1034413,1034413,2024-09-09,2024-12-20,540.36,0,0,937083648,208401101,0.110386410242856,98.2025717729737,0
518.91,532,779,787,745503,1030183,2024-09-09,2024-11-15,540.36,8,284680,590393766,158475085,0.17449083295368,97.2669626731797,0.276339252346428
538.91,577,269,270,820450,1028430,2024-09-09,2024-12-20,540.36,1,207980,937083648,208401101,0.109747940025947,98.3123197129996,0.202230584483144
528.14,540,798,864,581742,1024704,2024-09-09,2024-10-11,540.36,66,442962,14666973,6002244,6.98647225981803,24.1942628516463,0.432282883642496
531.38,544,826,811,619500,1023482,2024-09-09,2024-10-04,540.36,-15,403982,39849526,16382475,2.56836681068678,66.7578781238201,0.394713341319144
339.02,340,10423,10427,844263,1021846,2024-09-09,2024-12-20,540.36,4,177583,937083648,208401101,0.109045334659388,98.421365047659,0.173786460973571
379.88,380,84938,84956,934318,1019472,2024-09-09,2024-09-20,540.36,18,85153.9999999999,832282748,359871673,0.122491064779346,97.9909577556208,0.0835275515168635
532.8,537.5,2446,2165,476970,1017550,2024-09-09,2024-09-13,540.36,-281,540580,129919728,58547782,0.783214386039971,87.3687966772837,0.53125644931453
464.52,465,20989,20977,734615,1006896,2024-09-09,2024-09-20,540.36,-12,272281,832282748,359871673,0.120980039826561,98.1119377954474,0.270416209817101
516.26,528,811,856,764773,1004944,2024-09-09,2024-11-15,540.36,45,240171,590393766,158475085,0.170215889440811,97.4371785626205,0.238989436227292
522.53,524,6971,6791,480999,998277,2024-09-09,2024-09-13,540.36,-180,517278,129919728,58547782,0.768379841435629,88.1371765187193,0.518170808302706
521.56,530,1181,1175,608215,991700,2024-09-09,2024-10-11,540.36,-6,383485,14666973,6002244,6.76144968699404,30.9557125386404,0.386694564888575
518.06,519,618,10545,29664,991230,2024-09-09,2024-09-13,540.36,9927,961566,129919728,58547782,0.762955722936858,88.9001322416562,0.970073544989558
539.18,552.5,679,742,429128,988344,2024-09-09,2024-09-13,540.36,63,559216,129919728,58547782,0.76073435129113,89.6608665929473,0.565811094112981
505.41,514,0,1149,0,986991,2024-09-09,2024-11-15,540.36,1149,986991,590393766,158475085,0.167175037549431,97.60435360017,1
441.96,443,8010,9483,728910,986232,2024-09-09,2024-10-18,540.36,1473,257322,887069215,305612808,0.11117869759464,98.2127833170267,0.260914267636824
541.02,569,350,350,741300,979300,2024-09-09,2024-09-20,540.36,0,238000,832282748,359871673,0.117664339715474,98.2296021351629,0.243030736240172
537.97,579,234,234,753714,960102,2024-09-09,2024-12-20,540.36,0,206388,937083648,208401101,0.102456381780765,98.5238214294398,0.214964660004875
509.95,512,4461,4618,459483,946690,2024-09-09,2024-09-20,540.36,157,487207,832282748,359871673,0.113746200107466,98.3433483352703,0.514642596837402
526.11,546,472,475,714608,944775,2024-09-09,2024-12-20,540.36,3,230167,937083648,208401101,0.100820775393575,98.6246422048334,0.243620967955333
457.25,460,3441,3434,746697,944350,2024-09-09,2024-11-15,540.36,-7,197653,590393766,158475085,0.159952569688888,97.7643061698588,0.209300577116535
452.5,455,3741,3767,722013,941750,2024-09-09,2024-11-15,540.36,26,219737,590393766,158475085,0.159512185635104,97.923818355494,0.233328378019644
434.69,435,33822,30268,845550,938308,2024-09-09,2024-09-20,540.36,-3554,92758,832282748,359871673,0.112739090441894,98.4560874257122,0.0988566654019789
530.92,541,862,924,538750,931392,2024-09-09,2024-09-27,540.36,62,392642,156800319,63157960,0.593998791545826,90.7533887096237,0.421564711743283
464.88,465,76217,76722,914604,920664,2024-09-09,2024-09-13,540.36,505,6060.00000000012,129919728,58547782,0.708640646168841,90.3695072391161,0.00658220588618662
540.82,569,319,319,754435,898942,2024-09-09,2024-11-15,540.36,0,144507,590393766,158475085,0.152261431568029,98.076079787062,0.160752306600426
514.83,520,1520,1733,456000,895961,2024-09-09,2024-10-04,540.36,213,439961,39849526,16382475,2.24836049492784,69.006238618748,0.491049275582308
528.92,532,2515,2903,279165,894124,2024-09-09,2024-09-13,540.36,388,614959,129919728,58547782,0.688212647735839,91.057719886852,0.687778205260121
394.85,395,59458,59460,832412,891900,2024-09-09,2024-09-20,540.36,2,59487.9999999999,832282748,359871673,0.107163100778343,98.5632505264905,0.0666980603206636
539.9,565,869,353,1354771,886030,2024-09-09,2024-09-13,540.36,-516,-468741,129919728,58547782,0.681982647008005,91.73970253386,-0.529035134250533
529.7,533,2519,2661,292204,878130,2024-09-09,2024-09-13,540.36,142,585926,129919728,58547782,0.675901969252891,92.4156045031129,0.66724289114368
504.5,506,6244,5777,543228,866550,2024-09-09,2024-09-20,540.36,-467,323322,832282748,359871673,0.104117260880674,98.6673677873712,0.373114073048295
524.85,541,376,535,445184,864025,2024-09-09,2024-11-15,540.36,159,418841,590393766,158475085,0.14634724310419,98.2224270301662,0.48475564943144
528.6,537,1167,1028,539154,863520,2024-09-09,2024-09-27,540.36,-139,324366,156800319,63157960,0.550713165322068,91.3041018749458,0.375632295719845
510.73,515,1767,2020,466488,862540,2024-09-09,2024-10-04,540.36,253,396052,39849526,16382475,2.16449249609644,71.1707311148444,0.459169429823544
538,561,348,370,537660,851000,2024-09-09,2024-10-04,540.36,22,313340,39849526,16382475,2.13553355691107,73.3062646717555,0.368202115158637
535.8,555,428,436,587216,837120,2024-09-09,2024-10-11,540.36,8,249904,14666973,6002244,5.70751715435762,36.663229692998,0.298528287461774
544.72,568,352,352,819456,819456,2024-09-09,2024-12-20,540.36,0,0,937083648,208401101,0.0874474761937154,98.7120896810271,0
506.35,508,4361,4913,388129,810645,2024-09-09,2024-09-20,540.36,552,422516,832282748,359871673,0.0974001926566427,98.7647679800279,0.521209654040918
540.2,566,315,313,580230,807540,2024-09-09,2024-11-15,540.36,-2,227310,590393766,158475085,0.136779899535728,98.3592069297019,0.281484508507319
535.94,551,518,531,496244,799686,2024-09-09,2024-09-27,540.36,13,303442,156800319,63157960,0.510002788961163,91.814104663907,0.379451434688115
535.53,542.5,1028,1128,281672,786216,2024-09-09,2024-09-13,540.36,100,504544,129919728,58547782,0.605155207837258,93.0207597109501,0.641737130763047
542.9,571,276,276,593124,775560,2024-09-09,2024-09-20,540.36,0,182436,832282748,359871673,0.0931846781473836,98.8579526581753,0.235231316725979
530.31,542,666,663,487512,775047,2024-09-09,2024-10-04,540.36,-3,287535,39849526,16382475,1.94493405015658,75.251198721912,0.370990404452891
518.96,520,5732,7427,257940,772408,2024-09-09,2024-09-13,540.36,1695,514468,129919728,58547782,0.594527106768573,93.6152868177187,0.666057316858448
324.15,325,8864,9044,647072,768740,2024-09-09,2024-12-20,540.36,180,121668,937083648,208401101,0.082035365961268,98.7941250469883,0.1582693758618
521.45,539,375,437,555375,766935,2024-09-09,2024-12-20,540.36,62,211560,937083648,208401101,0.0818427470841963,98.8759677940725,0.275851278139608
537.93,580,176,179,620400,753053,2024-09-09,2024-12-20,540.36,3,132653,937083648,208401101,0.0803613425127231,98.9563291365853,0.176153604062397
333.91,335,6860,6852,507640,746868,2024-09-09,2024-12-20,540.36,-8,239228,937083648,208401101,0.079701316055832,99.0360304526411,0.32030827401897
508.2,511,2738,2566,473674,718480,2024-09-09,2024-09-27,540.36,-172,244806,156800319,63157960,0.458213353507272,92.2723180174142,0.340727647255317
424.2,425,8140,8669,480260,693520,2024-09-09,2024-10-18,540.36,529,213260,887069215,305612808,0.0781810470110836,98.2909643640378,0.307503748990657
532.77,544,467,615,301682,690645,2024-09-09,2024-09-27,540.36,148,388963,156800319,63157960,0.440461476357073,92.7127794937713,0.563188034373665
533.24,546,483,539,394611,687764,2024-09-09,2024-10-04,540.36,56,293153,39849526,16382475,1.72590258664557,76.9771013085576,0.426240687212474
537.5,567,231,229,428736,675550,2024-09-09,2024-11-15,540.36,-2,246814,590393766,158475085,0.114423633666891,98.4736305633688,0.365352675597661
537.35,554,400,403,416800,670995,2024-09-09,2024-09-27,540.36,3,254195,156800319,63157960,0.427929614097277,93.1407091078686,0.378832927220024
540.51,580,185,167,569430,659483,2024-09-09,2024-10-18,540.36,-18,90053,887069215,305612808,0.0743440296256927,98.3653083936635,0.13655090426895
525.08,527,3329,3416,229701,655872,2024-09-09,2024-09-13,540.36,87,426171,129919728,58547782,0.504828643114154,94.1201154608329,0.649777700526932
515.84,520,1165,1558,263290,648128,2024-09-09,2024-09-27,540.36,393,384838,156800319,63157960,0.413346097848181,93.5540552057168,0.593768514861262
535.44,552,397,389,411292,644184,2024-09-09,2024-10-04,540.36,-8,232892,39849526,16382475,1.61654118545852,78.5936424940161,0.361530246016666
538.06,562,270,269,459270,643986,2024-09-09,2024-10-04,540.36,-1,184716,39849526,16382475,1.61604431631132,80.2096868103274,0.286832322441792
534.2,549,447,431,421968,637880,2024-09-09,2024-10-04,540.36,-16,215912,39849526,16382475,1.60072167483247,81.8104084851599,0.338483727346836
408.68,410,4796,4814,633072,635448,2024-09-09,2024-11-15,540.36,18,2376,590393766,158475085,0.107631217772716,98.5812617811415,0.00373909430826755
530.42,534,1898,1753,256230,627574,2024-09-09,2024-09-13,540.36,-145,371344,129919728,58547782,0.483047501454129,94.603162962287,0.591713487174421
513.87,517.5,1807,1723,366821,625449,2024-09-09,2024-09-27,540.36,-84,258628,156800319,63157960,0.398882479314344,93.9529376850311,0.413507736042427
515.85,523,456,874,209304,624910,2024-09-09,2024-10-18,540.36,418,415606,887069215,305612808,0.0704465885449536,98.4357549822085,0.665065369413196
419.75,420,24445,24523,488900,613075,2024-09-09,2024-09-20,540.36,78,124175,832282748,359871673,0.073661865690865,98.9316145238661,0.202544550014272
344,345,6083,6083,583968,608300,2024-09-09,2024-12-20,540.36,0,24332.0000000001,937083648,208401101,0.0649141622840483,99.1009446149251,0.0400000000000002
526.04,533,961,870,410347,605520,2024-09-09,2024-09-27,540.36,-91,195173,156800319,63157960,0.386172683743073,94.3391103687742,0.322322962082177
414.96,415,151109,151109,755545,604436,2024-09-09,2024-09-13,540.36,0,-151109,129919728,58547782,0.465238042986051,95.068401005273,-0.25
540.75,580,163,153,511005,600525,2024-09-09,2024-09-20,540.36,-10,89520,832282748,359871673,0.0721539646764371,99.0037684885426,0.149069564131385
536.35,554,337,333,377440,587745,2024-09-09,2024-10-04,540.36,-4,210305,39849526,16382475,1.47491089354488,83.2853193787048,0.357816740253001
533.01,551,194,324,237068,582876,2024-09-09,2024-10-25,540.36,130,345808,3719061,2799585,15.6726657615995,15.6726657615995,0.593278844900116
502.05,505,1809,1944,323811,573480,2024-09-09,2024-10-04,540.36,135,249669,39849526,16382475,1.43911372998514,84.7244331086899,0.435357815442561
538.35,557,312,307,429000,572555,2024-09-09,2024-10-04,540.36,-5,143555,39849526,16382475,1.43679249785807,86.161225606548,0.250727004392591
528.24,531,1313,2023,133926,558348,2024-09-09,2024-09-13,540.36,710,424422,129919728,58547782,0.429763830786345,95.4981648360594,0.760138838143953
525.6,542,296,338,366744,554320,2024-09-09,2024-11-15,540.36,42,187576,590393766,158475085,0.0938898802667913,98.6751516614083,0.33838937797662
354.92,355,69066,69069,414396,552552,2024-09-09,2024-09-20,540.36,3,138156,832282748,359871673,0.0663899379541146,99.0701584264967,0.250032576119533
552.73,595,128,128,541056,541056,2024-09-09,2024-09-20,540.36,0,0,832282748,359871673,0.0650086765946037,99.1351671030913,0
536.99,556,295,280,390875,532280,2024-09-09,2024-10-04,540.36,-15,141405,39849526,16382475,1.33572479632506,87.4969504028731,0.265659051626963
399.84,400,32712,33239,490680,531824,2024-09-09,2024-09-20,540.36,527,41144,832282748,359871673,0.063899438175066,99.1990665412663,0.0773639399500587
534.15,549,340,355,365840,527175,2024-09-09,2024-10-11,540.36,15,161335,14666973,6002244,3.59429992814468,40.2575296211427,0.306036894769289
521.51,527,889,954,286258,523746,2024-09-09,2024-09-27,540.36,65,237488,156800319,63157960,0.334021004128187,94.6731313729024,0.453441171865752
529.99,539,493,579,253402,521679,2024-09-09,2024-09-27,540.36,86,268277,156800319,63157960,0.332702767014141,95.0058341399165,0.514256851435461
518.2,534,313,324,398762,511920,2024-09-09,2024-12-20,540.36,11,113158,937083648,208401101,0.0546290612468355,99.155573676172,0.221046257227692
379.54,380,11173,11118,379882,511428,2024-09-09,2024-10-18,540.36,-55,131546,887069215,305612808,0.0576536747473533,98.4934086569558,0.257213136550991
525.49,527.5,2514,2479,201120,498279,2024-09-09,2024-09-13,540.36,-35,297159,129919728,58547782,0.383528358372179,95.8816931944316,0.596370707976856
269.51,270,10159,10142,426678,496958,2024-09-09,2024-12-20,540.36,-17,70280,937083648,208401101,0.0530324054912972,99.2086060816633,0.141420401724089
374.57,375,11382,11381,409752,489383,2024-09-09,2024-10-18,540.36,-1,79631.0000000001,887069215,305612808,0.0551685248146054,98.5485771817704,0.162717135658574
294.65,295,13899,13893,319677,486255,2024-09-09,2024-11-15,540.36,-6,166578,590393766,158475085,0.0823611338741676,98.7575127952825,0.342573341148163
535.31,553,273,274,315315,484706,2024-09-09,2024-10-11,540.36,1,169391,14666973,6002244,3.30474461226594,43.5622742334086,0.349471638477758
516.68,521,1118,1108,291798,478656,2024-09-09,2024-09-27,540.36,-10,186858,156800319,63157960,0.305264685080137,95.3110988249967,0.390380565583634
531.84,546,327,333,315882,471528,2024-09-09,2024-10-11,540.36,6,155646,14666973,6002244,3.21489648886652,46.7771707222752,0.330088563139411
536.89,563,1,178,1804,464758,2024-09-09,2024-10-25,540.36,177,462954,3719061,2799585,12.4966490197391,28.1693147813386,0.996118410011232
511.8,518,490,749,193550,464380,2024-09-09,2024-10-18,540.36,259,270830,887069215,305612808,0.0523499172496929,98.6009270990201,0.583207717817305
508.67,515,413,733,183372,463989,2024-09-09,2024-10-25,540.36,320,280617,3719061,2799585,12.4759717573871,40.6452865387258,0.604792354991174
249.66,250,13589,13644,380492,463896,2024-09-09,2024-12-20,540.36,55,83404,937083648,208401101,0.0495042252620761,99.2581103069254,0.179790297825375
538.57,559,226,226,354142,461718,2024-09-09,2024-10-04,540.36,0,107576,39849526,16382475,1.15865368135119,88.6556040842242,0.232990699951052
525.24,535,354,460,224082,448960,2024-09-09,2024-10-11,540.36,106,224878,14666973,6002244,3.0610269753684,49.8381976976436,0.500886493228795
533.98,548,342,320,317376,448640,2024-09-09,2024-10-04,540.36,-22,131264,39849526,16382475,1.12583522323452,89.7814393074588,0.292582025677603
532.76,547,312,314,312000,447136,2024-09-09,2024-10-11,540.36,2,135136,14666973,6002244,3.04859087147702,52.8867885691206,0.302225721033421
509.2,511,2555,2471,286160,444780,2024-09-09,2024-09-20,540.36,-84,158620,832282748,359871673,0.0534409731631251,99.2525075144295,0.356625747560592
527.95,536,652,549,299920,441945,2024-09-09,2024-09-27,540.36,-103,142025,156800319,63157960,0.281852105160577,95.5929509301572,0.32136351808483
552.7,582,149,149,436570,436570,2024-09-09,2024-09-20,540.36,0,0,832282748,359871673,0.0524545295512962,99.3049620439808,0
544.94,578,132,132,436392,436392,2024-09-09,2024-12-20,540.36,0,0,937083648,208401101,0.0465691617745527,99.3046794686999,0
531.26,545,191,317,166170,435558,2024-09-09,2024-10-11,540.36,126,269388,14666973,6002244,2.96965161114021,55.8564401802608,0.618489386028956
516.47,524,392,578,199136,435234,2024-09-09,2024-10-18,540.36,186,236098,887069215,305612808,0.0490642660843551,98.6499913651045,0.542462215727632
426.08,427,4630,4714,328730,433688,2024-09-09,2024-10-18,540.36,84,104958,887069215,305612808,0.0488899843063543,98.6988813494108,0.242012691151242
526.7,529,1033,1843,105366,423890,2024-09-09,2024-09-13,540.36,810,318524,129919728,58547782,0.326270695394313,96.2079638898259,0.751430795725306
536.47,554,246,241,297168,422473,2024-09-09,2024-10-11,540.36,-5,125305,14666973,6002244,2.8804375654063,58.7368777456671,0.296598835901939
525.9,528,1675,1988,127300,417480,2024-09-09,2024-09-13,540.36,313,290180,129919728,58547782,0.321336879646177,96.5293007694721,0.695075213183865
507.21,509,2741,2318,254913,414922,2024-09-09,2024-09-20,540.36,-423,160009,832282748,359871673,0.0498534904150146,99.3548155343958,0.385636336468059
548.12,573,167,166,376084,413008,2024-09-09,2024-09-20,540.36,-1,36924,832282748,359871673,0.0496235204913799,99.4044390548872,0.0894026265835044
531.71,543,266,365,201628,412085,2024-09-09,2024-10-04,540.36,99,210457,39849526,16382475,1.03410263901257,90.8155419464713,0.510712595702343
433.16,435,2063,2238,299135,411792,2024-09-09,2024-11-15,540.36,175,112657,590393766,158475085,0.0697487039522704,98.8272614992347,0.273577437152737
269.72,270,14667,14664,234672,410592,2024-09-09,2024-11-15,540.36,-3,175920,590393766,158475085,0.0695454497736008,98.8968069490083,0.428454524199205
540.55,578,111,106,333000,396970,2024-09-09,2024-10-18,540.36,-5,63970,887069215,305612808,0.0447507357134471,98.7436320851243,0.161145678514749
500.65,502,2510,2932,198290,395820,2024-09-09,2024-09-20,540.36,422,197530,832282748,359871673,0.0475583569347277,99.4519974118219,0.499039967662069
490.14,491,4492,4597,256044,395342,2024-09-09,2024-09-20,540.36,105,139298,832282748,359871673,0.0475009245295566,99.4994983363515,0.352348093549383
528.84,539,26,384,16796,390144,2024-09-09,2024-10-04,540.36,358,373348,39849526,16382475,0.979043012958297,91.7945849594296,0.956949229002625
523.01,529,405,649,129600,388751,2024-09-09,2024-09-27,540.36,244,259151,156800319,63157960,0.247927429280294,95.8408783594375,0.666624651769385
530.23,543,188,304,159988,388208,2024-09-09,2024-10-11,540.36,116,228220,14666973,6002244,2.64681744488109,61.3836951905482,0.587880723735729
540.1,595,39,70,177918,384300,2024-09-09,2024-12-20,540.36,31,206382,937083648,208401101,0.0410102129964816,99.3456896816964,0.537033567525371
544.3,572,137,137,376750,379490,2024-09-09,2024-12-20,540.36,0,2740,937083648,208401101,0.0404969183711548,99.3861866000675,0.0072202166064982
510.97,517,195,622,80340,375066,2024-09-09,2024-10-18,540.36,427,294726,887069215,305612808,0.0422814808199606,98.7859135659442,0.78579769960487
539.28,563,146,158,249952,374776,2024-09-09,2024-10-04,540.36,12,124824,39849526,16382475,0.940477936927029,92.7350628963567,0.333062949601896
514.09,518,748,952,154088,372232,2024-09-09,2024-09-27,540.36,204,218144,156800319,63157960,0.237392374182606,96.0782707336201,0.586043112897333
507.79,517,0,402,0,370242,2024-09-09,2024-11-15,540.36,402,370242,590393766,158475085,0.0627110280158345,98.9595179770242,1
539.53,575,104,104,262600,368888,2024-09-09,2024-10-11,540.36,0,106288,14666973,6002244,2.51509292340008,63.8987881139483,0.288130814773048
504.93,507.5,626,1431,93274,367767,2024-09-09,2024-09-27,540.36,805,274493,156800319,63157960,0.234544803445202,96.3128155370653,0.746377461816857
359.12,360,4164,4164,229020,366432,2024-09-09,2024-11-15,540.36,0,137412,590393766,158475085,0.0620656959985584,99.0215836730227,0.375
538.84,575,56,101,150920,365216,2024-09-09,2024-11-15,540.36,45,214296,590393766,158475085,0.0618597317641731,99.0834434047869,0.586765092438447
522.31,528,606,637,209070,362453,2024-09-09,2024-09-27,540.36,31,153383,156800319,63157960,0.231155779727719,96.5439713167931,0.423180384767128
378.45,379,6279,6386,276276,351230,2024-09-09,2024-10-18,540.36,107,74954,887069215,305612808,0.0395944300693605,98.8255079960136,0.213404321954275
389.44,390,6015,6054,264660,339024,2024-09-09,2024-10-18,540.36,39,74364,887069215,305612808,0.0382184382308882,98.8637264342445,0.219347302845816
439.01,440,3068,3423,239304,338877,2024-09-09,2024-10-18,540.36,355,99573,887069215,305612808,0.0382018668069774,98.9019283010515,0.293832275427367
536.14,556,176,170,254144,337620,2024-09-09,2024-10-11,540.36,-6,83476,14666973,6002244,2.30190646699902,66.2006945809473,0.247248385759138
400.39,401,5684,5490,284200,334890,2024-09-09,2024-10-18,540.36,-194,50690,887069215,305612808,0.0377524092074371,98.9396807102589,0.151363134163457
309.25,310,4394,4413,272428,330975,2024-09-09,2024-12-20,540.36,19,58547,937083648,208401101,0.0353196857832696,99.4215062858508,0.176892514540373
314.15,315,3869,3869,236009,328865,2024-09-09,2024-12-20,540.36,0,92856,937083648,208401101,0.0350945191181055,99.4566008049689,0.282352941176471
535.1,552,197,194,236203,327860,2024-09-09,2024-10-11,540.36,-3,91657,14666973,6002244,2.2353624023171,68.4360569832644,0.27956139815775
506.3,510,744,877,159216,324490,2024-09-09,2024-10-04,540.36,133,165274,39849526,16382475,0.814288230178698,93.5493511265354,0.509334648217202
394.31,395,4617,4635,207765,319815,2024-09-09,2024-10-18,540.36,18,112050,887069215,305612808,0.0360529927757667,98.9757337030347,0.350358801181933
510.67,514,856,958,163496,319014,2024-09-09,2024-09-27,540.36,102,155518,156800319,63157960,0.203452392211013,96.7474237090041,0.487495846577266
494.98,496,3092,3104,204072,316608,2024-09-09,2024-09-20,540.36,12,112536,832282748,359871673,0.03804091827697,99.5375392546284,0.355442692540934
264.57,265,7335,7335,315405,315405,2024-09-09,2024-12-20,540.36,0,0,937083648,208401101,0.0336581478796651,99.4902589528486,0
542.67,568,123,123,279333,311559,2024-09-09,2024-11-15,540.36,0,32225.9999999999,590393766,158475085,0.0527713905434428,99.1362147953303,0.103434662455586
393.71,395,2354,2356,193028,303924,2024-09-09,2024-11-15,540.36,2,110896,590393766,158475085,0.0514781858316573,99.187692981162,0.364880693857675
514.1,520,345,515,133860,303850,2024-09-09,2024-10-11,540.36,170,169990,14666973,6002244,2.0716612759838,70.5077182592482,0.559453677801547
404.96,405,75511,75532,302044,302128,2024-09-09,2024-09-13,540.36,21,84,129919728,58547782,0.23254974794898,96.761850517421,0.000278027855743261
264.74,265,11604,11591,174060,301366,2024-09-09,2024-11-15,540.36,-13,127306,590393766,158475085,0.0510449156741266,99.2387378968361,0.422429869328325
443.92,445,3174,2790,257094,301320,2024-09-09,2024-10-18,540.36,-384,44226,887069215,305612808,0.0339680370939262,99.0097017401286,0.146774193548387
497.44,500,1116,1169,171864,299264,2024-09-09,2024-10-04,540.36,53,127400,39849526,16382475,0.75098509327313,94.3003362198085,0.425711077844311
299.63,300,8078,8069,201950,298553,2024-09-09,2024-11-15,540.36,-9,96603,590393766,158475085,0.0505684540036285,99.2893063508398,0.323570689291349
528.87,541,60,246,45120,298398,2024-09-09,2024-10-11,540.36,186,253278,14666973,6002244,2.03448932509796,72.5422075843461,0.848792552228902
497.91,499,2666,2695,175956,293755,2024-09-09,2024-09-20,540.36,29,117799,832282748,359871673,0.0352950966130083,99.5728343512414,0.401011046620483
483.4,485,1721,1832,191031,293120,2024-09-09,2024-10-04,540.36,111,102089,39849526,16382475,0.735567093069062,95.0359033128776,0.348283979257642
530.02,541,205,263,144935,288774,2024-09-09,2024-10-04,540.36,58,143839,39849526,16382475,0.724661066232005,95.7605643791095,0.498102322231226
541.53,562,1139,137,1537650,280439,2024-09-09,2024-09-13,540.36,-1002,-1257211,129919728,58547782,0.215855593540036,96.9777061109611,-4.48301056557754
259.52,260,5863,5838,228657,280224,2024-09-09,2024-12-20,540.36,-25,51567,937083648,208401101,0.0299038405587459,99.5201627934073,0.184020640630353
493.4,495,1542,1745,154200,279200,2024-09-09,2024-09-27,540.36,203,125000,156800319,63157960,0.178060862235873,96.9254845712399,0.447707736389685
493.04,494,2903,2879,179986,276384,2024-09-09,2024-09-20,540.36,-24,96397.9999999999,832282748,359871673,0.0332079453363846,99.6060422965778,0.348782852842422
379.01,380,2693,2756,188510,272844,2024-09-09,2024-11-15,540.36,63,84334,590393766,158475085,0.0462139026041139,99.3355202534439,0.309092375130111
505.8,510,573,644,161586,270480,2024-09-09,2024-10-11,540.36,71,108894,14666973,6002244,1.84414330073424,74.3863508850804,0.402595385980479
514.3,515,4018,3862,140630,270340,2024-09-09,2024-09-13,540.36,-156,129710,129919728,58547782,0.208082332192075,97.1857884431532,0.479803210771621
284.43,285,4699,4715,197358,268755,2024-09-09,2024-12-20,540.36,16,71397,937083648,208401101,0.0286799370124107,99.5488427304197,0.265658313333705
519.88,521,1137,2391,59124,267792,2024-09-09,2024-09-13,540.36,1254,208668,129919728,58547782,0.206121121189539,97.3919095643427,0.779216705502778
524.17,526,1054,1434,76942,262422,2024-09-09,2024-09-13,540.36,380,185480,129919728,58547782,0.201987799728152,97.5938973640709,0.706800496909558
294.32,295,3854,3855,223532,262140,2024-09-09,2024-12-20,540.36,1,38608,937083648,208401101,0.0279740235100122,99.5768167539297,0.147280079346914
539.65,566,99,99,169686,260865,2024-09-09,2024-09-27,540.36,0,91179,156800319,63157960,0.166367646229087,97.091852217469,0.349525616698292
374.89,375,22497,23427,247467,257697,2024-09-09,2024-09-20,540.36,930,10230,832282748,359871673,0.0309626747183278,99.6370049712961,0.0396977846075041
546.85,576,89,88,196245,256520,2024-09-09,2024-12-20,540.36,-1,60275,937083648,208401101,0.0273742904966366,99.6041910444264,0.234971932013098
304.31,305,3709,3709,255921,255921,2024-09-09,2024-12-20,540.36,0,0,937083648,208401101,0.0273103687751043,99.6315014132015,0
512.65,516,869,758,180752,253930,2024-09-09,2024-09-27,540.36,-111,73178,156800319,63157960,0.161944823594396,97.2537970410634,0.288181782380971
289.49,290,4960,4960,252960,252960,2024-09-09,2024-12-20,540.36,0,0,937083648,208401101,0.0269943884454593,99.6584958016469,0
509.53,510,1882,5353,52696,251591,2024-09-09,2024-09-13,540.36,3471,198895,129919728,58547782,0.193651113555287,97.7875484776261,0.790548946504446
540.76,572,80,80,183920,249920,2024-09-09,2024-09-13,540.36,0,66000,129919728,58547782,0.192364934754174,97.9799134123803,0.264084507042254
539.76,605,38,38,212914,247912,2024-09-09,2024-12-20,540.36,0,34998,937083648,208401101,0.0264556958740144,99.684951497521,0.141171060698958
409.81,410,12919,12883,219623,244777,2024-09-09,2024-09-20,540.36,-36,25154,832282748,359871673,0.0294103176580563,99.6664152889542,0.102762922987045
491.16,492,3163,2913,183454,244692,2024-09-09,2024-09-20,540.36,-250,61238,832282748,359871673,0.0294001047826598,99.6958153937369,0.250265640069966
514.84,519,353,585,81543,243360,2024-09-09,2024-09-27,540.36,232,161817,156800319,63157960,0.155203765880094,97.4090008069435,0.664928500986193
413.17,414,3104,2931,164512,243273,2024-09-09,2024-10-18,540.36,-173,78761,887069215,305612808,0.0274243538031021,99.0371260939317,0.323755616118517
547.24,572,98,98,222754,242648,2024-09-09,2024-09-20,540.36,0,19894,832282748,359871673,0.0291545151672422,99.7249699089041,0.0819870759289176
526.81,534,419,337,189388,242303,2024-09-09,2024-09-27,540.36,-82,52915,156800319,63157960,0.154529660108663,97.5635304670522,0.218383594094997
414.79,415,11576,11499,208368,241479,2024-09-09,2024-09-20,540.36,-77,33111,832282748,359871673,0.0290140580926712,99.7539839669968,0.13711751332414
554.01,567,183,183,237717,237717,2024-09-09,2024-10-11,540.36,0,0,14666973,6002244,1.62076387540906,76.0071147604894,0
539.3,565,102,92,191352,236440,2024-09-09,2024-10-04,540.36,-10,45088,39849526,16382475,0.593332026082318,96.3538964051919,0.190695313821688
525.84,532.5,374,355,158576,236430,2024-09-09,2024-09-27,540.36,-19,77854,156800319,63157960,0.150784132014425,97.7143145990666,0.329289853233515
509.91,513,680,762,119680,235458,2024-09-09,2024-09-27,540.36,82,115778,156800319,63157960,0.150164235316384,97.864478834383,0.491714021184245
304.84,305,14504,14538,159544,232608,2024-09-09,2024-10-18,540.36,34,73064,887069215,305612808,0.0262220800887561,99.0633481740205,0.314107855275829
424.74,425,9225,8927,193725,232102,2024-09-09,2024-09-20,540.36,-298,38377,832282748,359871673,0.0278873977092218,99.781871364706,0.165345408484201
538.01,564,88,88,149336,228712,2024-09-09,2024-10-11,540.36,0,79376,14666973,6002244,1.5593674304848,77.5664821909743,0.347056560215468
528.01,538,9,228,5697,227772,2024-09-09,2024-10-04,540.36,219,222075,39849526,16382475,0.571580198971501,96.9254766041634,0.974988146040778
369.61,370,5891,5801,194403,226239,2024-09-09,2024-10-18,540.36,-90,31836,887069215,305612808,0.0255040977833956,99.0888522718038,0.140718443769642
540.18,585,53,50,200446,224100,2024-09-09,2024-12-20,540.36,-3,23654,937083648,208401101,0.0239146206934986,99.7088661182145,0.105551093261937
520.23,530,33,229,21945,223733,2024-09-09,2024-10-25,540.36,196,201788,3719061,2799585,6.01584647307479,46.6611330118006,0.901914335390845
512.55,520,231,299,117348,222755,2024-09-09,2024-10-25,540.36,68,105407,3719061,2799585,5.98954951263236,52.6506825244329,0.473197010168122
496.92,500,527,723,111724,222684,2024-09-09,2024-10-11,540.36,196,110960,14666973,6002244,1.51826828889642,79.0847504798707,0.498284564674606
279.42,280,3809,3812,152360,221096,2024-09-09,2024-12-20,540.36,3,68736,937083648,208401101,0.0235940516593029,99.7324601698738,0.310887578246554
119.95,120,44330,44161,88660,220805,2024-09-09,2024-12-20,540.36,-169,132145,937083648,208401101,0.0235629978680409,99.7560231677418,0.598469237562555
429.14,430,2561,2542,169026,218612,2024-09-09,2024-10-18,540.36,-19,49586,887069215,305612808,0.0246443001632065,99.1134965719671,0.226821949389786
529.64,542,137,176,119464,217536,2024-09-09,2024-10-11,540.36,39,98072,14666973,6002244,1.48316902199247,80.5679195018631,0.450831126802
199.82,200,9525,11993,142875,215874,2024-09-09,2024-12-20,540.36,2468,72999,937083648,208401101,0.0230367908415365,99.7790599585833,0.338155590761277
537.32,571,65,64,169975,215552,2024-09-09,2024-11-15,540.36,-1,45577,590393766,158475085,0.0365098706004968,99.3720301240444,0.211443178444181
518.26,522.5,505,504,141400,213696,2024-09-09,2024-09-27,540.36,-1,72296,156800319,63157960,0.136285437021337,98.0007642714043,0.338312368972746
541.14,610,30,31,143130,213466,2024-09-09,2024-12-20,540.36,1,70336,937083648,208401101,0.0227798233866951,99.80183978197,0.329495095237649
524.26,535,31,196,25730,210504,2024-09-09,2024-10-25,540.36,165,184774,3719061,2799585,5.66013840590407,58.310820930337,0.877769543571619
530.92,544,106,160,93068,209280,2024-09-09,2024-10-11,540.36,54,116212,14666973,6002244,1.4268792885894,81.9947987904526,0.555294342507645
539.92,590,41,41,152110,205328,2024-09-09,2024-11-15,540.36,0,53218,590393766,158475085,0.0347781449982316,99.4068082690426,0.259185303514377
532.11,550,70,114,82530,203946,2024-09-09,2024-10-25,540.36,44,121416,3719061,2799585,5.48380357299867,63.7946245033357,0.595334059015622
548.99,570,97,97,198462,203797,2024-09-09,2024-09-27,540.36,0,5335.00000000003,156800319,63157960,0.129972312109901,98.1307365835142,0.0261780104712043
433.97,435,2411,1978,173592,203734,2024-09-09,2024-10-18,540.36,-433,30142,887069215,305612808,0.0229670916941921,99.1364636636612,0.147947814306891
488.62,490,975,1468,84825,202584,2024-09-09,2024-09-27,540.36,493,117759,156800319,63157960,0.129198716744958,98.2599353002592,0.581284800379102
521.61,523,1402,1435,78512,199465,2024-09-09,2024-09-13,540.36,33,120953,129919728,58547782,0.153529416256167,98.1334428286365,0.606387085453588
459.1,460,1959,2190,121458,197100,2024-09-09,2024-10-04,540.36,231,75642,39849526,16382475,0.494610651077757,97.4200872552411,0.383774733637747
540,580,49,49,152782,196000,2024-09-09,2024-11-15,540.36,0,43218,590393766,158475085,0.0331981825160396,99.4400064515586,0.2205
389.86,390,13821,13860,207315,194040,2024-09-09,2024-09-20,540.36,39,-13275,832282748,359871673,0.0233141922581339,99.8051855569641,-0.0684137291280148
395.41,396,3285,3285,131400,193815,2024-09-09,2024-10-18,540.36,0,62415,887069215,305612808,0.0218489151379242,99.1583125787992,0.322033898305085
520.88,526,190,375,58900,192000,2024-09-09,2024-09-27,540.36,185,133100,156800319,63157960,0.122448730477391,98.3823840307366,0.693229166666667
537.79,558,94,94,136112,189974,2024-09-09,2024-10-11,540.36,0,53862,14666973,6002244,1.29525021966019,83.2900490101127,0.283523008411677
540,574,53,53,136899,180200,2024-09-09,2024-10-18,540.36,0,43301,887069215,305612808,0.0203140856376128,99.1786266644368,0.240294117647059
351.66,352,5298,5290,121854,179860,2024-09-09,2024-10-18,540.36,-8,58006,887069215,305612808,0.0202757571741457,99.1989024216109,0.322506393861893
543.07,573,56,59,157584,176587,2024-09-09,2024-12-20,540.36,3,19003,937083648,208401101,0.0188443155930515,99.8206840975631,0.107612678169967
415.27,416,2191,2412,116123,176076,2024-09-09,2024-10-18,540.36,221,59953,887069215,305612808,0.0198491839219108,99.2187516055328,0.34049501351689
540.75,570,62,60,126418,175500,2024-09-09,2024-09-13,540.36,-2,49082,129919728,58547782,0.135083410888914,98.2685262395254,0.279669515669516
549.5,585,49,49,181986,173950,2024-09-09,2024-10-18,540.36,0,-8036,887069215,305612808,0.0196095182944659,99.2383611238273,-0.0461971830985916
309.82,310,9517,9612,114204,173016,2024-09-09,2024-10-18,540.36,95,58812,887069215,305612808,0.019504227750706,99.257865351578,0.339922319323068
204.79,205,5155,8206,77325,172326,2024-09-09,2024-12-20,540.36,3051,95001,937083648,208401101,0.0183896069862912,99.8390737045494,0.551286515093486
533.04,548,119,113,116263,169048,2024-09-09,2024-10-11,540.36,-6,52785,14666973,6002244,1.15257592688007,84.4426249369928,0.312248592115849
534,551,95,99,109725,168300,2024-09-09,2024-10-11,540.36,4,58575,14666973,6002244,1.1474760333983,85.5901009703911,0.348039215686275
439.56,440,3818,3811,129812,167684,2024-09-09,2024-09-27,540.36,-7,37872,156800319,63157960,0.106941108965473,98.489325139702,0.225853390901935
513.29,517,445,451,94785,167321,2024-09-09,2024-09-27,540.36,6,72536,156800319,63157960,0.106709604334415,98.5960347440365,0.433514023942004
506.6,509,510,692,79050,166080,2024-09-09,2024-09-27,540.36,182,87030,156800319,63157960,0.105918151862944,98.7019528958994,0.524024566473988
398.45,399,3019,2965,129817,163075,2024-09-09,2024-10-18,540.36,-54,33258,887069215,305612808,0.0183835711173902,99.2762489226954,0.203942971025602
539.42,572,50,50,119100,162900,2024-09-09,2024-10-18,540.36,0,43800,887069215,305612808,0.0183638432317821,99.2946127659272,0.268876611418048
473.39,475,80,996,8960,160356,2024-09-09,2024-10-11,540.36,916,151396,14666973,6002244,1.09331352829244,86.6834144986835,0.944124323380479
405.29,406,2255,2255,105985,160105,2024-09-09,2024-10-18,540.36,0,54120,887069215,305612808,0.0180487607159268,99.3126615266431,0.338028169014085
492.86,495,413,747,61124,159858,2024-09-09,2024-10-04,540.36,334,98734,39849526,16382475,0.401154081481421,97.8212413367226,0.617635651640831
335.73,336,5884,5884,117680,158868,2024-09-09,2024-10-18,540.36,0,41188,887069215,305612808,0.0179093127473711,99.3305708393905,0.259259259259259
519.16,524,331,328,86391,158752,2024-09-09,2024-09-27,540.36,-3,72361,156800319,63157960,0.101244691983056,98.8031975878825,0.455811580326547
503.11,511,0,201,0,158589,2024-09-09,2024-11-15,540.36,201,158589,590393766,158475085,0.0268615641175317,99.4668680156762,1
329.94,330,26082,26080,130410,156480,2024-09-09,2024-09-20,540.36,-2,26070,832282748,359871673,0.0188013028476231,99.8239868598117,0.166602760736196
509.05,512,538,529,89308,156055,2024-09-09,2024-09-27,540.36,-9,66747,156800319,63157960,0.0995246699721319,98.9027222578546,0.427714587805581
364.98,365,77481,77680,154962,155360,2024-09-09,2024-09-13,540.36,199,398,129919728,58547782,0.1195815311436,98.388107770669,0.00256179196704428
477.49,480,0,617,0,154867,2024-09-09,2024-10-25,540.36,617,154867,3719061,2799585,4.16414250801479,67.9587670113505,1
358.75,359,6119,6119,152975,152975,2024-09-09,2024-10-18,540.36,0,0,887069215,305612808,0.0172449902908647,99.3478158296814,0
474.11,475,1708,1703,100772,151567,2024-09-09,2024-09-27,540.36,-5,50795,156800319,63157960,0.0966624308972229,98.9993846887518,0.335132317720876
497.2,504,0,222,0,150960,2024-09-09,2024-11-15,540.36,222,150960,590393766,158475085,0.0255693756766395,99.4924373913528,1
219.77,220,6669,6562,140049,150926,2024-09-09,2024-12-20,540.36,-107,10877,937083648,208401101,0.016105926116854,99.8551796306662,0.0720684308866597
517.45,522,464,331,121568,150605,2024-09-09,2024-09-27,540.36,-133,29037,156800319,63157960,0.0960489117372268,99.0954336004891,0.192802363799343
510.07,515,305,305,94550,150365,2024-09-09,2024-10-11,540.36,0,55815,14666973,6002244,1.02519449650586,87.7086089951894,0.371196754563895
538.28,562,65,62,115765,147064,2024-09-09,2024-10-11,540.36,-3,31299,14666973,6002244,1.00268814839981,88.7112971435892,0.21282570853506
513.66,524,0,142,0,146828,2024-09-09,2024-11-15,540.36,142,146828,590393766,158475085,0.0248695037880871,99.5173068951409,1
482.97,485,645,715,87075,145145,2024-09-09,2024-10-11,540.36,70,58070,14666973,6002244,0.989604330764091,89.7009014743533,0.400082675944745
384.87,385,11009,11006,132108,143078,2024-09-09,2024-09-20,540.36,-3,10970,832282748,359871673,0.0171910327762795,99.841177892588,0.0766714659136974
375.57,376,3289,3285,108537,141255,2024-09-09,2024-10-18,540.36,-4,32718,887069215,305612808,0.0159237856089956,99.3637396152903,0.231623659339492
403.32,404,2050,2050,108650,139400,2024-09-09,2024-10-18,540.36,0,30750,887069215,305612808,0.0157146700215496,99.3794542853119,0.220588235294118
411.19,412,1945,1717,101140,139077,2024-09-09,2024-10-18,540.36,-228,37937,887069215,305612808,0.0156782579812557,99.3951325432931,0.272776950897704
546.82,567,66,67,119196,135206,2024-09-09,2024-09-27,540.36,1,16010,156800319,63157960,0.0862281409006572,99.1816617413897,0.118411904797125
511.47,512,398,2545,11940,134885,2024-09-09,2024-09-13,540.36,2147,122945,129919728,58547782,0.103821799873226,98.4919295705422,0.911480149757201
507.4,516,0,152,0,130720,2024-09-09,2024-11-15,540.36,152,130720,590393766,158475085,0.0221411551964117,99.5394480503373,1
549.86,600,26,26,133120,130364,2024-09-09,2024-11-15,540.36,0,-2755.99999999999,590393766,158475085,0.0220808564567398,99.5615289067941,-0.0211408057439169
440.85,442,1642,1120,141212,128800,2024-09-09,2024-10-18,540.36,-522,-12412,887069215,305612808,0.0145197238075723,99.4096522671007,-0.0963664596273292
537.22,560,58,56,87000,127568,2024-09-09,2024-10-11,540.36,-2,40568,14666973,6002244,0.869763651981905,90.5706651263352,0.318010786404114
424.94,425,21281,21187,191529,127122,2024-09-09,2024-09-13,540.36,-94,-64407,129919728,58547782,0.0978465718462711,98.5897761423885,-0.506655024307358
404.24,405,1676,1671,87152,126996,2024-09-09,2024-10-18,540.36,-5,39844,887069215,305612808,0.0143163574896464,99.4239686245904,0.313742165107562
380.49,381,2299,2486,80465,126786,2024-09-09,2024-10-18,540.36,187,46321,887069215,305612808,0.0142926840269167,99.4382613086173,0.365347909075135
505.52,508,484,507,66792,125736,2024-09-09,2024-09-27,540.36,23,58944,156800319,63157960,0.0801886123713817,99.2618503537611,0.468791754151556
538.74,573,30,36,74730,123336,2024-09-09,2024-11-15,540.36,6,48606,590393766,158475085,0.0208904644836646,99.5824193712777,0.394094181747422
529.97,545,25,82,27125,123246,2024-09-09,2024-10-25,540.36,57,96121,3719061,2799585,3.31390100888369,71.2726680202341,0.779911721272901
527.99,537,108,135,75492,121635,2024-09-09,2024-10-04,540.36,27,46143,39849526,16382475,0.305235751110314,98.1264770878329,0.379356270810211
432.11,433,1441,1366,100870,121574,2024-09-09,2024-10-18,540.36,-75,20704,887069215,305612808,0.0137051312281196,99.4519664398454,0.170299570631879
539.95,571,39,39,82329,121095,2024-09-09,2024-09-13,540.36,0,38766,129919728,58547782,0.093207553513351,98.6829836959018,0.320128824476651
516.21,517,764,1508,26740,119132,2024-09-09,2024-09-13,540.36,744,92392,129919728,58547782,0.091696620547112,98.774680316449,0.775543095054226
392.34,393,1796,1801,80820,118866,2024-09-09,2024-10-18,540.36,5,38046,887069215,305612808,0.0133998562896808,99.4653662961351,0.32007470597143
486.79,490,0,370,0,118770,2024-09-09,2024-10-25,540.36,370,118770,3719061,2799585,3.193548048822,74.4662160690562,1
435.08,436,443,1286,30567,118312,2024-09-09,2024-10-18,540.36,843,87745,887069215,305612808,0.0133374034403843,99.4787036995755,0.741640746500778
239.77,240,5138,5138,118174,118174,2024-09-09,2024-12-20,540.36,0,0,937083648,208401101,0.0126108272460219,99.8677904579123,0
520.78,522,625,961,28125,117242,2024-09-09,2024-09-13,540.36,336,89117,129919728,58547782,0.0902418761221545,98.8649221925711,0.760111564115249
521.17,522.5,245,870,14210,115710,2024-09-09,2024-09-13,540.36,625,101500,129919728,58547782,0.0890626864612894,98.9539848790324,0.87719298245614
129.94,130,19180,19183,76720,115098,2024-09-09,2024-12-20,540.36,3,38378,937083648,208401101,0.0122825747995551,99.8800730327118,0.333437592312638
391.44,392,2049,2055,92205,115080,2024-09-09,2024-10-18,540.36,6,22875,887069215,305612808,0.0129730575758962,99.4916767571514,0.198774765380605
299.84,300,7054,7183,63486,114928,2024-09-09,2024-10-18,540.36,129,51442,887069215,305612808,0.0129559224981108,99.5046326796495,0.447601976889879
449.46,450,1858,2096,85468,113184,2024-09-09,2024-09-27,540.36,238,27716,156800319,63157960,0.0721835266164223,99.3340338803775,0.244875600791631
412.18,413,1336,1380,65464,113160,2024-09-09,2024-10-18,540.36,44,47696,887069215,305612808,0.0127566144880814,99.5173892941376,0.421491693177801
349.37,350,1768,1789,90168,112707,2024-09-09,2024-11-15,540.36,21,22539,590393766,158475085,0.0190901405960984,99.6015095118738,0.199978705847907
274.76,275,4583,4596,82494,110304,2024-09-09,2024-11-15,540.36,13,27810,590393766,158475085,0.0186831241033124,99.6201926359771,0.252121409921671
189.84,190,6877,6824,89401,109184,2024-09-09,2024-12-20,540.36,-53,19783,937083648,208401101,0.0116514678527397,99.8917245005645,0.181189551582649
304.54,305,2335,2354,65380,108284,2024-09-09,2024-11-15,540.36,19,42904,590393766,158475085,0.0183409795692186,99.6385336155463,0.396217354364449
459.28,460,1490,1497,67050,107784,2024-09-09,2024-09-27,540.36,7,40734,156800319,63157960,0.0687396560717456,99.4027735364492,0.377922511690047
414.16,415,1188,1274,60588,107016,2024-09-09,2024-10-18,540.36,86,46428,887069215,305612808,0.0120639966070742,99.5294532907446,0.433841668535546
501.34,505,184,291,45632,106506,2024-09-09,2024-10-11,540.36,107,60874,14666973,6002244,0.726162105841471,91.2968272321767,0.571554654197886
427.13,428,1290,1220,83850,106140,2024-09-09,2024-10-18,540.36,-70,22290,887069215,305612808,0.0119652444482588,99.5414185351929,0.210005652911249
344.42,345,1833,1829,82485,106082,2024-09-09,2024-11-15,540.36,-4,23597,590393766,158475085,0.0179680081513598,99.6565016236977,0.222441130446259
449.05,450,303,1112,20907,105640,2024-09-09,2024-10-11,540.36,809,84733,14666973,6002244,0.720257683708833,92.0170849158855,0.802092010602045
364.19,365,1304,1304,75632,105624,2024-09-09,2024-11-15,540.36,0,29992,590393766,158475085,0.0178904328065009,99.6743920565042,0.283950617283951
440,441,861,1051,76629,105100,2024-09-09,2024-10-18,540.36,190,28471,887069215,305612808,0.0118480044423591,99.5532665396352,0.270894386298763
444.34,445,1555,1577,55980,104082,2024-09-09,2024-09-27,540.36,22,48102,156800319,63157960,0.0663786914872284,99.4691522279365,0.462154839453508
537.36,561,43,44,74390,104016,2024-09-09,2024-10-11,540.36,1,29626,14666973,6002244,0.709185187700284,92.7262701035858,0.284821565912937
526.93,540,42,79,36624,103253,2024-09-09,2024-10-25,540.36,37,66629,3719061,2799585,2.77631907623994,77.2425351452961,0.645298441691767
510.98,521,0,102,0,102204,2024-09-09,2024-11-15,540.36,102,102204,590393766,158475085,0.0173111583972924,99.6917032149015,1
539.95,569,35,35,74655,101675,2024-09-09,2024-10-18,540.36,0,27020,887069215,305612808,0.0114619015383146,99.5647284411736,0.265748709122203
397.43,398,1776,1777,88800,101289,2024-09-09,2024-10-18,540.36,1,12489,887069215,305612808,0.0114183874592018,99.5761468286328,0.123300654562687
326.76,327,4209,4209,101016,101016,2024-09-09,2024-10-18,540.36,0,0,887069215,305612808,0.0113876119576532,99.5875344405904,0
364.91,365,11186,11187,100674,100683,2024-09-09,2024-09-20,540.36,1,9,832282748,359871673,0.0120972109829195,99.853275103571,8.93894699204434e-05
504.15,512,0,126,0,98910,2024-09-09,2024-11-15,540.36,126,98910,590393766,158475085,0.0167532256768443,99.7084564405783,1
539.5,563,41,42,75850,98700,2024-09-09,2024-10-11,540.36,1,22850,14666973,6002244,0.672940490174762,93.3992105937606,0.231509625126646
539.04,573,28,29,70868,98484,2024-09-09,2024-10-18,540.36,1,27616,887069215,305612808,0.0111021776355975,99.598636618226,0.2804110312335
538.98,564,43,39,75250,97578,2024-09-09,2024-10-04,540.36,-4,22328,39849526,16382475,0.244866149725344,98.3713432375582,0.228822070548689
512.66,523,0,94,0,97196,2024-09-09,2024-11-15,540.36,94,97196,590393766,158475085,0.0164629109583112,99.7249193515367,1
464.07,465,889,1045,64008,97185,2024-09-09,2024-10-04,540.36,156,33177,39849526,16382475,0.243879939751354,98.6152231773096,0.341379842568298
421.14,422,1048,1130,60784,97180,2024-09-09,2024-10-18,540.36,82,36396,887069215,305612808,0.0109551767051233,99.6095917949311,0.374521506482815
539,570,37,31,86876,96100,2024-09-09,2024-10-04,540.36,-6,9224,39849526,16382475,0.241157197202296,98.8563803745119,0.0959833506763788
254.63,255,2615,2595,94140,96015,2024-09-09,2024-12-20,540.36,-20,1875,937083648,208401101,0.0102461504055612,99.9019706509701,0.0195281987189502
539.57,590,26,19,105300,95817,2024-09-09,2024-10-18,540.36,-7,-9483,887069215,305612808,0.0108015246589298,99.6203933195901,-0.098969911393594
551.23,574,42,42,95634,95634,2024-09-09,2024-12-20,540.36,0,0,937083648,208401101,0.0102054923489605,99.9121761433191,0
324.42,325,1617,1627,56595,94366,2024-09-09,2024-11-15,540.36,10,37771,590393766,158475085,0.0159835698536153,99.7409029213903,0.400260687111884
324.75,325,3747,3765,59952,94125,2024-09-09,2024-10-18,540.36,18,34173,887069215,305612808,0.0106107841877931,99.6310041037779,0.363059760956175
436.92,438,1123,870,110054,93960,2024-09-09,2024-10-18,540.36,-253,-16094,887069215,305612808,0.010592183609934,99.6415962873878,-0.171285653469562
509.48,512.5,197,310,34475,93620,2024-09-09,2024-09-27,540.36,113,59145,156800319,63157960,0.0597065111838197,99.5288587391203,0.631756035035249
504.5,510,21,170,7644,93500,2024-09-09,2024-10-25,540.36,149,85856,3719061,2799585,2.51407546152107,79.7566106068172,0.918245989304813
536.25,557,44,45,62700,93375,2024-09-09,2024-10-11,540.36,1,30675,14666973,6002244,0.636634430294513,94.0358450240551,0.3285140562249
383.79,385,756,754,60480,91234,2024-09-09,2024-11-15,540.36,-2,30754,590393766,158475085,0.0154530764472876,99.7563559978376,0.337089243045356
494.78,495,4076,4087,81520,89914,2024-09-09,2024-09-13,540.36,11,8394,129919728,58547782,0.0692073493257314,99.0231922283581,0.0933558733901283
359.91,360,9850,9850,128050,88650,2024-09-09,2024-09-20,540.36,0,-39400,832282748,359871673,0.0106514282811975,99.8639265318521,-0.444444444444444
442.95,444,787,841,77126,88305,2024-09-09,2024-10-18,540.36,54,11179,887069215,305612808,0.00995469107785462,99.6515509784656,0.126595323028141
500.83,508,0,122,0,87474,2024-09-09,2024-11-15,540.36,122,87474,590393766,158475085,0.0148162133541227,99.7711722111917,1
349.94,350,14332,14304,85992,85824,2024-09-09,2024-09-20,540.36,-28,-168,832282748,359871673,0.0103118802121319,99.8742384120643,-0.00195749440715884
169.86,170,5425,6071,48825,84994,2024-09-09,2024-12-20,540.36,646,36169,937083648,208401101,0.00907005475780109,99.9212461980769,0.425547685718992
438.03,439,956,876,72656,84972,2024-09-09,2024-10-18,540.36,-80,12316,887069215,305612808,0.00957895940510121,99.6611299378707,0.144941863201996
331.7,332,2776,2777,58296,83310,2024-09-09,2024-10-18,540.36,1,25014,887069215,305612808,0.00939160085721158,99.670521538728,0.300252070579762
433.07,434,674,893,46506,83049,2024-09-09,2024-10-18,540.36,219,36543,887069215,305612808,0.00936217812496176,99.6798837168529,0.440017339161218
417.22,418,931,1050,58653,81900,2024-09-09,2024-10-18,540.36,119,23247,887069215,305612808,0.00923265046459762,99.6891163673175,0.283846153846154
329.45,330,1446,1447,54948,79585,2024-09-09,2024-11-15,540.36,1,24637,590393766,158475085,0.0134799865078521,99.7846521976995,0.309568386002387
430.03,431,793,814,60268,78958,2024-09-09,2024-10-18,540.36,21,18690,887069215,305612808,0.00890099652483149,99.6980173638423,0.236708123306061
229.79,230,3717,3735,107793,78435,2024-09-09,2024-12-20,540.36,18,-29358,937083648,208401101,0.00837011724272453,99.9296163153196,-0.37429718875502
540.44,576,25,22,67725,78232,2024-09-09,2024-10-18,540.36,-3,10507,887069215,305612808,0.00881915398225154,99.7068365178246,0.134305654974946
413.6,415,349,557,36645,77980,2024-09-09,2024-11-15,540.36,208,41335,590393766,158475085,0.0132081340438815,99.7978603317434,0.530071813285458
435.94,437,731,725,54094,76850,2024-09-09,2024-10-18,540.36,-6,22756,887069215,305612808,0.00866336005133489,99.7154998778759,0.296109303838647
488.21,490,301,427,37023,76433,2024-09-09,2024-10-04,540.36,126,39410,39849526,16382475,0.191804038020427,99.0481844125323,0.515614983057057
496.59,503,0,119,0,76279,2024-09-09,2024-11-15,540.36,119,76279,590393766,158475085,0.0129200212456173,99.810780352989,1
339.8,340,3775,3775,75500,75500,2024-09-09,2024-10-18,540.36,0,0,887069215,305612808,0.00851117350521515,99.7240110513811,0
294.84,295,3948,4673,39480,74768,2024-09-09,2024-10-18,540.36,725,35288,887069215,305612808,0.00842865457798578,99.7324397059591,0.471966616734432
149.92,150,9310,9310,37240,74480,2024-09-09,2024-12-20,540.36,0,37240,937083648,208401101,0.00794806313811593,99.9375643784577,0.5
478.58,480,434,520,42532,73840,2024-09-09,2024-10-04,540.36,86,31308,39849526,16382475,0.185297059744199,99.2334814722765,0.423997833152763
504.68,513,0,88,0,73216,2024-09-09,2024-11-15,540.36,88,73216,590393766,158475085,0.0124012149545631,99.8231815679436,1
517,525,23,91,13271,72800,2024-09-09,2024-10-25,540.36,68,59529,3719061,2799585,1.95748335399715,81.7140939608143,0.817706043956044
339.92,340,9019,9070,45095,72560,2024-09-09,2024-09-20,540.36,51,27465,832282748,359871673,0.0087181910443733,99.8829566031086,0.378514332965821
401.56,402,1640,1640,72160,72160,2024-09-09,2024-10-18,540.36,0,0,887069215,305612808,0.00813465271703742,99.7405743586762,0
284.71,285,2486,2486,72094,72094,2024-09-09,2024-11-15,540.36,0,0,590393766,158475085,0.012211172297507,99.8353927402411,0
483.82,485,595,610,45815,71980,2024-09-09,2024-09-27,540.36,15,26165,156800319,63157960,0.0459055188529304,99.5747642579732,0.363503751041956
356.66,357,2090,2090,62700,71060,2024-09-09,2024-10-18,540.36,0,8360,887069215,305612808,0.00801064886464356,99.7485850075408,0.117647058823529
269.87,270,5453,5458,59983,70954,2024-09-09,2024-10-18,540.36,5,10971,887069215,305612808,0.00799869940250379,99.7565837069433,0.1546213039434
402.35,403,1167,1091,52515,70915,2024-09-09,2024-10-18,540.36,-76,18400,887069215,305612808,0.00799430290228255,99.7645780098456,0.2594655573574
369.91,370,7857,7858,86427,70722,2024-09-09,2024-09-20,540.36,1,-15705,832282748,359871673,0.00849735263285789,99.8914539557415,-0.222066683634513
540,577,23,19,59800,70300,2024-09-09,2024-11-15,540.36,-4,10500,590393766,158475085,0.0119073073003959,99.8473000475415,0.149359886201991
494.73,501,0,110,0,68970,2024-09-09,2024-11-15,540.36,110,68970,590393766,158475085,0.011682033919037,99.8589820814605,1
538.7,570,21,22,50337,68860,2024-09-09,2024-10-11,540.36,1,18523,14666973,6002244,0.469490194057083,94.5053352181121,0.268995062445542
139.94,140,11475,11475,45900,68850,2024-09-09,2024-12-20,540.36,0,22950,937083648,208401101,0.00734726298414717,99.9449116414419,0.333333333333333
540.5,562.5,1767,31,2323605,68200,2024-09-09,2024-09-13,540.36,-1736,-2255405,129919728,58547782,0.0524939522656636,99.0756861806238,-33.0704545454545
538.18,572,19,20,45410,67640,2024-09-09,2024-11-15,540.36,1,22230,590393766,158475085,0.0114567605376782,99.8704388419982,0.328651685393258
388.57,389,1571,1571,67553,67553,2024-09-09,2024-10-18,540.36,0,0,887069215,305612808,0.00761530203705694,99.7721933118827,0
495.76,500,0,159,0,67416,2024-09-09,2024-10-25,540.36,159,67416,3719061,2799585,1.81271562902571,83.52680958984,1
343.7,344,2236,2236,44720,67080,2024-09-09,2024-10-18,540.36,0,22360,887069215,305612808,0.00756198038052758,99.7797552922632,0.333333333333333
515.28,516,1058,928,34914,66816,2024-09-09,2024-09-13,540.36,-130,31902,129919728,58547782,0.0514286790994513,99.1271148597232,0.477460488505747
553.49,620,10,10,66510,66510,2024-09-09,2024-12-20,540.36,0,0,937083648,208401101,0.00709755208533956,99.9520091935272,0
410.2,411,844,831,51484,66480,2024-09-09,2024-10-18,540.36,-13,14996,887069215,305612808,0.00749434191558547,99.7872496341788,0.225571600481348
500.1,505,89,134,29103,65660,2024-09-09,2024-10-25,540.36,45,36557,3719061,2799585,1.76549940966282,85.2923089995028,0.556762107828206
369.12,370,719,744,46735,65472,2024-09-09,2024-11-15,540.36,25,18737,590393766,158475085,0.011089547988215,99.8815283899864,0.286183406647116
489.82,490,3742,3615,59872,65070,2024-09-09,2024-09-13,540.36,-127,5197.99999999999,129919728,58547782,0.0500847723449667,99.1771996320682,0.0798832027047794
516.68,517.5,368,792,13984,64944,2024-09-09,2024-09-13,540.36,424,50960,129919728,58547782,0.0499877893833029,99.2271874214515,0.784676028578468
527.27,538,2,60,1294,64380,2024-09-09,2024-10-11,540.36,58,63086,14666973,6002244,0.438945377481775,94.9442805955939,0.979900590245418
526.67,537,8,62,5576,64046,2024-09-09,2024-10-11,540.36,54,58470,14666973,6002244,0.436668152317455,95.3809487479114,0.912937576117166
552.54,578,25,25,63650,63650,2024-09-09,2024-09-20,540.36,0,0,832282748,359871673,0.00764764139986715,99.8991015971414,0
376.75,377,2505,2505,62625,62625,2024-09-09,2024-10-18,540.36,0,0,887069215,305612808,0.00705976477833243,99.7943093989571,0
454.42,455,1139,1074,45560,62292,2024-09-09,2024-09-27,540.36,-65,16732,156800319,63157960,0.0397269599942587,99.6144912179675,0.268605920503435
373.99,375,607,616,55237,62216,2024-09-09,2024-11-15,540.36,9,6979,590393766,158475085,0.0105380516500914,99.8920664416365,0.112173717371737
214.81,215,3197,3247,79925,61693,2024-09-09,2024-12-20,540.36,50,-18232,937083648,208401101,0.00658351046159755,99.9585927039888,-0.295527855672442
406.33,407,956,911,52580,61037,2024-09-09,2024-10-18,540.36,-45,8456.99999999999,887069215,305612808,0.00688074830778566,99.8011901472649,0.138555302521421
394.71,395,2095,2102,43995,60958,2024-09-09,2024-09-27,540.36,7,16963,156800319,63157960,0.0388761964189626,99.6533674143865,0.278273565405689
558,577,32,32,60800,60800,2024-09-09,2024-09-20,540.36,0,0,832282748,359871673,0.00730520969539549,99.9064068068368,0
431.07,432,547,649,37743,60357,2024-09-09,2024-10-18,540.36,102,22614,887069215,305612808,0.00680409138085127,99.8079942386457,0.374670709279785
517.13,518,368,687,13984,59769,2024-09-09,2024-09-13,540.36,319,45785,129919728,58547782,0.0460045606006811,99.2731919820522,0.766032558684268
434.58,435,1281,1422,38430,59724,2024-09-09,2024-09-27,540.36,141,21294,156800319,63157960,0.0380892082241236,99.6914566226106,0.356540084388186
334.94,335,9272,9873,46360,59238,2024-09-09,2024-09-20,540.36,601,12878,832282748,359871673,0.00711753309104997,99.9135243399278,0.217394240183666
509.46,519,0,62,0,59148,2024-09-09,2024-11-15,540.36,62,59148,590393766,158475085,0.0100183984666261,99.9020848401032,1
299.97,300,19563,19674,58689,59022,2024-09-09,2024-09-20,540.36,111,333,832282748,359871673,0.00709158037239527,99.9206159203002,0.00564196401341873
424.61,425,1211,1494,38752,58266,2024-09-09,2024-09-27,540.36,283,19514,156800319,63157960,0.0371593631770609,99.7286159857876,0.33491229876772
420.17,421,608,702,38912,58266,2024-09-09,2024-10-18,540.36,94,19354,887069215,305612808,0.00656837133052802,99.8145626099763,0.332166271925308
540.53,579,18,15,52452,57705,2024-09-09,2024-10-18,540.36,-3,5252.99999999999,887069215,305612808,0.00650512936580715,99.8210677393421,0.0910319729659474
552.6,580,21,21,57540,57540,2024-09-09,2024-10-11,540.36,0,0,14666973,6002244,0.392309987889117,95.7732587358005,0
279.81,280,3009,3009,57171,57171,2024-09-09,2024-11-15,540.36,0,0,590393766,158475085,0.00968353720726787,99.9117683773104,0
560.63,585,23,23,56051,56051,2024-09-09,2024-09-20,540.36,0,0,832282748,359871673,0.00673461033941797,99.9273505306396,0
538.12,566,11,20,21285,55760,2024-09-09,2024-10-11,540.36,9,34475,14666973,6002244,0.380173877731963,96.1534326135325,0.61827474892396
209.81,210,2928,2930,55632,55670,2024-09-09,2024-12-20,540.36,2,38,937083648,208401101,0.00594077168231624,99.9645334756711,0.00068259385665529
531.81,549,36,32,42876,55008,2024-09-09,2024-10-25,540.36,-4,12132,3719061,2799585,1.47908302660268,86.7713920261055,0.220549738219895
314.81,315,2813,2885,42195,54815,2024-09-09,2024-10-18,540.36,72,12620,887069215,305612808,0.00617933742633601,99.8272470767684,0.230228951929217
549.59,580,18,18,53586,54738,2024-09-09,2024-09-27,540.36,0,1152,156800319,63157960,0.0349093677545388,99.7635253535422,0.0210457086484709
538.03,559,29,26,36076,54522,2024-09-09,2024-10-11,540.36,-3,18446,14666973,6002244,0.371733144937268,96.5251657584697,0.338322145189098
360.66,361,1558,1592,35834,54128,2024-09-09,2024-10-18,540.36,34,18294,887069215,305612808,0.00610189138397729,99.8333489681524,0.337976647945611
314.95,315,10341,10787,41364,53935,2024-09-09,2024-09-20,540.36,446,12571,832282748,359871673,0.00648036981778216,99.9338309004574,0.233076851766015
319.94,320,10178,8938,50890,53628,2024-09-09,2024-09-20,540.36,-1240,2738,832282748,359871673,0.00644348331487943,99.9402743837723,0.0510554188110688
224.78,225,2433,2434,53526,53548,2024-09-09,2024-12-20,540.36,1,22,937083648,208401101,0.00571432444844028,99.9702478001196,0.000410846343467543
492.34,495,163,201,30155,53466,2024-09-09,2024-10-11,540.36,38,23311,14666973,6002244,0.364533295315946,96.8896990537857,0.435996708188381
507.6,508,227,1314,5902,52560,2024-09-09,2024-09-13,540.36,1087,46658,129919728,58547782,0.0404557497226287,99.3136477317748,0.887709284627093
468.94,470,384,495,27648,52470,2024-09-09,2024-10-04,540.36,111,24822,39849526,16382475,0.131670324008371,99.3651517962849,0.473070325900515
549.74,577,19,19,51794,51794,2024-09-09,2024-10-18,540.36,0,0,887069215,305612808,0.0058387777553525,99.8391877459077,0
527.95,539,3,46,2223,50830,2024-09-09,2024-10-11,540.36,43,48607,14666973,6002244,0.346560943420295,97.236259997206,0.956265984654731
513.38,514,336,818,12096,50716,2024-09-09,2024-09-13,540.36,482,38620,129919728,58547782,0.0390364117757389,99.3526841435506,0.761495386071457
329.7,330,1693,1684,30474,50520,2024-09-09,2024-10-18,540.36,-9,20046,887069215,305612808,0.00569515874812542,99.8448829046559,0.396793349168646
525.56,538,17,40,14093,49760,2024-09-09,2024-10-25,540.36,23,35667,3719061,2799585,1.33797213866619,88.1093641647717,0.716780546623794
354.16,355,586,583,29886,48972,2024-09-09,2024-11-15,540.36,-3,19086,590393766,158475085,0.00829480303150762,99.9200631803419,0.389732908600833
264.89,265,4464,4450,26784,48950,2024-09-09,2024-10-18,540.36,-14,22166,887069215,305612808,0.00551817143152691,99.8504010760874,0.452829417773238
396.4,397,748,813,35904,48780,2024-09-09,2024-10-18,540.36,65,12876,887069215,305612808,0.00549900719979331,99.8559000832872,0.263960639606396
526.2,539,1,38,945,48640,2024-09-09,2024-10-25,540.36,37,47695,3719061,2799585,1.30785701014315,89.4172211749149,0.980571546052632
416.23,417,497,623,27832,47971,2024-09-09,2024-10-18,540.36,126,20139,887069215,305612808,0.00540780800289637,99.8613078912901,0.419816138917262
274.86,275,3419,3418,23933,47852,2024-09-09,2024-10-18,540.36,-1,23919,887069215,305612808,0.00539439304068285,99.8667022843308,0.499853715623172
344.93,345,6701,6719,46907,47033,2024-09-09,2024-09-20,540.36,18,126,832282748,359871673,0.00565108433558448,99.9459254681079,0.00267897008483405
522.1,527.5,104,87,32864,46980,2024-09-09,2024-09-27,540.36,-17,14116,156800319,63157960,0.0299616737386867,99.7934870272809,0.30046828437633
499.2,506,0,69,0,46920,2024-09-09,2024-11-15,540.36,69,46920,590393766,158475085,0.00794723838598255,99.9280104187279,1
478.98,480,458,452,28396,46104,2024-09-09,2024-09-27,540.36,-6,17708,156800319,63157960,0.0294030014058836,99.8228900286868,0.38408814853375
390.43,391,804,802,35376,45714,2024-09-09,2024-10-18,540.36,-2,10338,887069215,305612808,0.00515337464393914,99.8718556589747,0.226145163407271
184.84,185,2805,2835,33660,45360,2024-09-09,2024-12-20,540.36,30,11700,937083648,208401101,0.00484054973073226,99.9750883498503,0.257936507936508
408.34,409,634,686,37406,45276,2024-09-09,2024-10-18,540.36,52,7870.00000000001,887069215,305612808,0.00510399856453141,99.8769596575392,0.173822775863592
540.48,567,20,17,35840,45084,2024-09-09,2024-09-13,540.36,-3,9244,129919728,58547782,0.0347014273305745,99.3873855708811,0.205039481856091
463.71,465,344,349,31304,45021,2024-09-09,2024-10-11,540.36,5,13717,14666973,6002244,0.306954952463606,97.5432149496696,0.304680038204393
159.9,160,3253,4402,22771,44020,2024-09-09,2024-12-20,540.36,1149,21249,937083648,208401101,0.00469755289124413,99.9797859027415,0.482712403452976
540.48,569,55,15,105765,42780,2024-09-09,2024-09-13,540.36,-40,-62985,129919728,58547782,0.0329280246030072,99.4203135954841,-1.47230014025245
512.43,513,730,745,21900,42465,2024-09-09,2024-09-13,540.36,15,20565,129919728,58547782,0.0326855671988476,99.452999162683,0.484281172730484
439.37,440,310,666,14260,41958,2024-09-09,2024-10-04,540.36,356,27698,39849526,16382475,0.105291089284224,99.4704428855691,0.660136326802994
428.13,429,459,480,33966,41760,2024-09-09,2024-10-18,540.36,21,7794,887069215,305612808,0.00470763715997066,99.8816672946992,0.186637931034483
529.42,544,0,28,0,40824,2024-09-09,2024-10-25,540.36,28,40824,3719061,2799585,1.09769643466456,90.5149176095794,1
179.84,180,2491,2516,27401,40256,2024-09-09,2024-12-20,540.36,25,12855,937083648,208401101,0.00429588117196556,99.9840817839135,0.319331279809221
364.51,365,672,814,22848,39886,2024-09-09,2024-10-18,540.36,142,17038,887069215,305612808,0.00449637968780148,99.886163674387,0.427167427167427
244.77,245,1719,1719,39537,39537,2024-09-09,2024-12-20,540.36,0,0,937083648,208401101,0.00421915376331484,99.9883009376768,0
399.64,400,1095,1090,25185,39240,2024-09-09,2024-09-27,540.36,-5,14055,156800319,63157960,0.0250254592913169,99.8479154879781,0.358180428134556
407.28,408,515,543,29870,39096,2024-09-09,2024-10-18,540.36,28,9226,887069215,305612808,0.0044073223756277,99.8905709967626,0.235983220789851
309.95,310,6846,7801,27384,39005,2024-09-09,2024-09-20,540.36,955,11621,832282748,359871673,0.00468650829225166,99.9506119764001,0.297936162030509
479.87,480,3076,2986,43064,38818,2024-09-09,2024-09-13,540.36,-90,-4246.00000000001,129919728,58547782,0.029878449252911,99.4828776119359,-0.109382245350095
473.78,475,305,317,26535,38674,2024-09-09,2024-10-04,540.36,12,12139,39849526,16382475,0.0970500878730653,99.5674929734422,0.313880126182965
510.51,511,237,780,7110,38220,2024-09-09,2024-09-13,540.36,543,31110,129919728,58547782,0.0294181650380303,99.5122957769739,0.813971742543171
304.96,305,8697,9322,34788,37288,2024-09-09,2024-09-20,540.36,625,2500,832282748,359871673,0.00448020820924189,99.9550921846094,0.067045698347994
527.78,541,0,28,0,37016,2024-09-09,2024-10-25,540.36,28,37016,3719061,2799585,0.995304997686244,91.5102226072656,1
474.87,475,1952,2840,29280,36920,2024-09-09,2024-09-13,540.36,888,7640,129919728,58547782,0.0284175471795938,99.5407133241535,0.206933911159263
319.52,320,761,764,28918,36672,2024-09-09,2024-11-15,540.36,3,7754,590393766,158475085,0.00621144770014391,99.9342218664281,0.211441972076789
459.9,460,3158,3667,37896,36670,2024-09-09,2024-09-13,540.36,509,-1225.99999999999,129919728,58547782,0.0282251206683561,99.5689384448219,-0.0334333242432504
422.2,423,266,458,18620,36640,2024-09-09,2024-10-18,540.36,192,18020,887069215,305612808,0.00413045559246468,99.8947014523551,0.491812227074236
387.57,388,841,841,36163,36163,2024-09-09,2024-10-18,540.36,0,0,887069215,305612808,0.0040766830128357,99.8987781353679,0
419.47,420,669,676,23415,35828,2024-09-09,2024-10-04,540.36,7,12413,39849526,16382475,0.0899082212420795,99.6574011946842,0.346460868594396
537.44,565,10,13,19270,35828,2024-09-09,2024-10-25,540.36,3,16558,3719061,2799585,0.963361450645741,92.4735840579114,0.46215250641956
294.96,295,8909,8929,44545,35716,2024-09-09,2024-09-20,540.36,20,-8829.00000000001,832282748,359871673,0.00429133009014384,99.9593835146995,-0.247200134393549
495.42,502,0,54,0,35532,2024-09-09,2024-11-15,540.36,54,35532,590393766,158475085,0.00601835623040776,99.9402402226585,1
478.19,480,124,194,15624,35114,2024-09-09,2024-10-11,540.36,70,19490,14666973,6002244,0.239408635987807,97.7826235856574,0.555049268098195
559.94,610,7,7,35042,35042,2024-09-09,2024-11-15,540.36,0,0,590393766,158475085,0.00593536077411766,99.9461755834326,0
453.97,455,334,340,29726,35020,2024-09-09,2024-10-11,540.36,6,5294,14666973,6002244,0.238767740282879,98.0213913259403,0.151170759565962
289.69,290,1135,1124,28375,34844,2024-09-09,2024-11-15,540.36,-11,6469,590393766,158475085,0.00590182383463717,99.9520774072672,0.185656067041671
194.83,195,1985,2045,23820,34765,2024-09-09,2024-12-20,540.36,60,10945,937083648,208401101,0.00370991427224222,99.992010851949,0.314828131741694
423.19,424,299,429,19435,34749,2024-09-09,2024-10-18,540.36,130,15314,887069215,305612808,0.00391728169712214,99.9026954170651,0.440703329592218
508.57,509,587,803,15262,34529,2024-09-09,2024-09-13,540.36,216,19267,129919728,58547782,0.0265771800261158,99.595515624848,0.557994729068319
532.75,548,9,22,10557,33550,2024-09-09,2024-10-25,540.36,13,22993,3719061,2799585,0.902109430310501,93.3756934882219,0.685335320417288
525.02,537,2,28,1748,33544,2024-09-09,2024-10-25,540.36,26,31796,3719061,2799585,0.901948099264841,94.2776415874867,0.947889339375149
419.3,420,468,473,26208,33110,2024-09-09,2024-10-11,540.36,5,6902,14666973,6002244,0.225745285001888,98.2471366109421,0.20845665961945
540.92,574,10,10,25050,33080,2024-09-09,2024-09-13,540.36,0,8029.99999999999,129919728,58547782,0.0254618759669817,99.620977500815,0.242744860943168
550.65,576,12,13,28152,32955,2024-09-09,2024-09-20,540.36,1,4803,832282748,359871673,0.00395959186696971,99.9633431065665,0.145744196631771
528.73,543,2,23,2094,32821,2024-09-09,2024-10-25,540.36,21,30727,3719061,2799585,0.882507708262919,95.1601492957496,0.936199384540386
319.8,320,1392,1618,20880,32360,2024-09-09,2024-10-18,540.36,226,11480,887069215,305612808,0.00364796787587765,99.9063433849409,0.354758961681088
377.51,378,648,648,25920,31752,2024-09-09,2024-10-18,540.36,0,5832,887069215,305612808,0.00357942756473631,99.9099228125057,0.183673469387755
563.62,720,2,2,31276,31276,2024-09-09,2024-12-20,540.36,0,0,937083648,208401101,0.0033375889192765,99.9953484408683,0
279.85,280,2054,2082,24648,31230,2024-09-09,2024-10-18,540.36,28,6582,887069215,305612808,0.00352058210023668,99.9134433946059,0.21075888568684
264.97,265,10260,10263,20520,30789,2024-09-09,2024-09-20,540.36,3,10269,832282748,359871673,0.00369934377157125,99.967042450338,0.333528208126279
259.8,260,1503,1536,21042,30720,2024-09-09,2024-11-15,540.36,33,9678,590393766,158475085,0.00520330697394254,99.9572807142412,0.3150390625
548.4,572,13,13,30680,30680,2024-09-09,2024-10-11,540.36,0,0,14666973,6002244,0.209177449225549,98.4563140601677,0
540.49,566,23,12,40388,30612,2024-09-09,2024-09-13,540.36,-11,-9776,129919728,58547782,0.0235622414480424,99.644539742263,-0.319351888148439
425.15,426,357,355,24633,30175,2024-09-09,2024-10-18,540.36,-2,5542,887069215,305612808,0.00340165113271347,99.9168450457386,0.183661971830986
487.75,490,88,133,14872,29925,2024-09-09,2024-10-11,540.36,45,15053,14666973,6002244,0.20402982946788,98.6603438896356,0.503024227234754
372.54,373,455,650,14105,29900,2024-09-09,2024-10-18,540.36,195,15795,887069215,305612808,0.00337065016961501,99.9202156959083,0.528260869565217
552.04,575,13,13,29848,29848,2024-09-09,2024-09-27,540.36,0,0,156800319,63157960,0.0190356755587978,99.8669511635369,0
403.68,405,213,225,20661,29700,2024-09-09,2024-11-15,540.36,12,9039,590393766,158475085,0.00503054092207335,99.9623112551632,0.304343434343434
539.49,569,11,10,20823,29510,2024-09-09,2024-10-04,540.36,-1,8687,39849526,16382475,0.0740535784541076,99.7314547731383,0.294374788207387
439.18,440,21,351,1344,28782,2024-09-09,2024-10-11,540.36,330,27438,14666973,6002244,0.196236810417528,98.8565807000531,0.9533041484261
468.46,470,154,185,16324,28490,2024-09-09,2024-10-11,540.36,31,12166,14666973,6002244,0.194245942908602,99.0508266429617,0.427027027027027
334.6,335,706,706,28240,28240,2024-09-09,2024-11-15,540.36,0,0,590393766,158475085,0.0047832483380253,99.9670945035012,0
507.11,507.5,572,722,13156,28158,2024-09-09,2024-09-13,540.36,150,15002,129919728,58547782,0.0216733828137325,99.6662131250767,0.532779316712835
340.71,341,990,965,18810,27985,2024-09-09,2024-10-18,540.36,-25,9175,887069215,305612808,0.00315477073567478,99.9233704666439,0.32785420761122
357.62,358,747,734,18675,27892,2024-09-09,2024-10-18,540.36,-13,9217,887069215,305612808,0.00314428677360875,99.9265147534175,0.330453176538075
540.24,568,10,10,18000,27760,2024-09-09,2024-09-27,540.36,0,9760,156800319,63157960,0.0177040456148562,99.8846552091517,0.351585014409222
234.76,235,1147,1147,27528,27528,2024-09-09,2024-12-20,540.36,0,0,937083648,208401101,0.00293762462494704,99.9982860654933,0
484.85,485,1511,1822,22665,27330,2024-09-09,2024-09-13,540.36,311,4665,129919728,58547782,0.021036066208513,99.6872491912853,0.170691547749726
469.88,470,1961,2275,29415,27300,2024-09-09,2024-09-13,540.36,314,-2115,129919728,58547782,0.0210129750271645,99.7082621663124,-0.0774725274725273
540.41,585,7,6,25305,26754,2024-09-09,2024-11-15,540.36,-1,1449,590393766,158475085,0.00453155191343941,99.9716260554147,0.0541601255886971
550.54,595,6,6,26676,26676,2024-09-09,2024-11-15,540.36,0,0,590393766,158475085,0.00451834039182589,99.9761443958065,0
371.64,372,736,736,26496,26496,2024-09-09,2024-10-18,540.36,0,0,887069215,305612808,0.00298691461184345,99.9295016680294,0
333.82,334,1467,1467,26406,26406,2024-09-09,2024-10-18,540.36,0,0,887069215,305612808,0.00297676884210214,99.9324784368715,0
367.59,368,631,631,22085,25871,2024-09-09,2024-10-18,540.36,0,3786,887069215,305612808,0.00291645787752876,99.935394894749,0.146341463414634
393.54,394,553,553,25438,25438,2024-09-09,2024-10-18,540.36,0,0,887069215,305612808,0.00286764545199554,99.938262540201,0
309.57,310,582,591,18042,25413,2024-09-09,2024-11-15,540.36,9,7371,590393766,158475085,0.0043044153687761,99.9804488111753,0.290048400424979
512.24,522,0,26,0,25376,2024-09-09,2024-11-15,540.36,26,25376,590393766,158475085,0.00429814836493379,99.9847469595402,1
546.78,566,13,13,24986,24986,2024-09-09,2024-10-04,540.36,0,0,39849526,16382475,0.0627008712725968,99.7941556444109,0
498.76,499,358,1041,7876,24984,2024-09-09,2024-09-13,540.36,683,17108,129919728,58547782,0.0192303358270578,99.7274925021395,0.684758245276977
491.3,495,0,67,0,24790,2024-09-09,2024-10-25,540.36,67,24790,3719061,2799585,0.666566103648206,95.8267153993979,1
383.6,384,617,617,24680,24680,2024-09-09,2024-10-18,540.36,0,0,887069215,305612808,0.00278219552461867,99.9410447357256,0
534.5,555,1,12,1541,24600,2024-09-09,2024-10-25,540.36,11,23059,3719061,2799585,0.661457287202334,96.4881726866002,0.937357723577236
384.49,385,400,472,14400,24072,2024-09-09,2024-10-18,540.36,72,9672,887069215,305612808,0.00271365521347734,99.9437583909391,0.401794616151545
324.95,325,4691,4696,23455,23480,2024-09-09,2024-09-20,540.36,5,25,832282748,359871673,0.00282115663894549,99.969863606977,0.00106473594548552
496.69,497,230,753,3910,23343,2024-09-09,2024-09-13,540.36,523,19433,129919728,58547782,0.017967248207293,99.7454597503468,0.832497965128732
540.75,564,256,10,384512,23250,2024-09-09,2024-09-13,540.36,-246,-361262,129919728,58547782,0.0178956655451126,99.7633554158919,-15.5381505376344
344.79,345,1099,1099,23079,23079,2024-09-09,2024-10-18,540.36,0,0,887069215,305612808,0.00260171355399815,99.9463601044931,0
284.88,285,1869,1902,13083,22824,2024-09-09,2024-10-18,540.36,33,9740.99999999999,887069215,305612808,0.00257296720639776,99.9489330716995,0.426787592008412
547.8,565,13,13,22360,22360,2024-09-09,2024-10-11,540.36,0,0,14666973,6002244,0.152451361299976,99.2032780042617,0
508.95,518,0,24,0,21720,2024-09-09,2024-11-15,540.36,24,21720,590393766,158475085,0.00367890063392031,99.9884258601742,1
548.98,573,9,9,21618,21618,2024-09-09,2024-09-13,540.36,0,0,129919728,58547782,0.0166395052797524,99.7799949211716,0
289.84,290,1308,1335,13080,21360,2024-09-09,2024-10-18,540.36,27,8280,887069215,305612808,0.00240792935193901,99.9513410010514,0.387640449438202
429.6,430,350,528,9800,21120,2024-09-09,2024-09-27,540.36,178,11320,156800319,63157960,0.0134693603525131,99.8981245695042,0.535984848484848
444.88,445,1675,1718,16750,20616,2024-09-09,2024-09-13,540.36,43,3866,129919728,58547782,0.0158682598227115,99.7958631809944,0.187524253007373
334.69,335,650,648,11700,20088,2024-09-09,2024-10-18,540.36,-2,8388,887069215,305612808,0.00226453580626175,99.9536055368577,0.417562724014337
540.73,640,0,2,0,19854,2024-09-09,2024-09-20,540.36,2,19854,832282748,359871673,0.00238548738967734,99.9722490943667,1
368.56,369,445,445,17800,19580,2024-09-09,2024-10-18,540.36,0,1780,887069215,305612808,0.00220726857261076,99.9558128054303,0.0909090909090909
374.65,375,545,559,15805,19565,2024-09-09,2024-10-11,540.36,14,3760,14666973,6002244,0.133394941137479,99.3366729453992,0.192179913110146
361.6,362,484,484,15488,19360,2024-09-09,2024-10-18,540.36,0,3872,887069215,305612808,0.00218246780213199,99.9579952732324,0.2
365.66,366,563,563,19142,19142,2024-09-09,2024-10-18,540.36,0,0,887069215,305612808,0.00215789249320302,99.9601531657256,0
439.93,440,2718,2713,24462,18991,2024-09-09,2024-09-13,540.36,-5,-5471,129919728,58547782,0.014617487499666,99.810480668494,-0.288083829182244
444.06,445,184,202,14168,18988,2024-09-09,2024-10-11,540.36,18,4820,14666973,6002244,0.129460932395526,99.4661338777947,0.253844533389509
559.25,578,10,10,18750,18750,2024-09-09,2024-09-27,540.36,0,0,156800319,63157960,0.0119578838356828,99.9100824533399,0
499.62,507,0,25,0,18450,2024-09-09,2024-11-15,540.36,25,18450,590393766,158475085,0.00312503299704557,99.9915508931712,1
511.95,512.5,265,332,8215,18260,2024-09-09,2024-09-13,540.36,67,10045,129919728,58547782,0.0140548323808067,99.8245355008748,0.550109529025192
539.71,600,3,3,15435,18087,2024-09-09,2024-09-13,540.36,0,2652,129919728,58547782,0.0139216732350302,99.8384571741099,0.146624647536905
249.98,250,9023,9023,18046,18046,2024-09-09,2024-09-20,540.36,0,0,832282748,359871673,0.00216825352241952,99.9744173478891,0
418.27,419,275,238,17325,17374,2024-09-09,2024-10-18,540.36,-37,49,887069215,305612808,0.00195858448317362,99.9621117502088,0.00282030620467365
352.76,353,721,721,17304,17304,2024-09-09,2024-10-18,540.36,0,0,887069215,305612808,0.00195069332893037,99.9640624435377,0
555.63,590,5,5,17185,17185,2024-09-09,2024-09-20,540.36,0,0,832282748,359871673,0.0020648031022265,99.9764821509913,0
464.33,465,233,255,11417,17085,2024-09-09,2024-09-27,540.36,22,5668,156800319,63157960,0.0108960237510741,99.920978477091,0.331752999707346
501.66,509,0,23,0,16882,2024-09-09,2024-11-15,540.36,23,16882,590393766,158475085,0.00285944753691725,99.9944103407081,1
543.75,600,4,3,20680,16875,2024-09-09,2024-10-18,540.36,-1,-3805,887069215,305612808,0.00190233182649676,99.9659647753642,-0.225481481481482
359.8,360,848,839,11024,16780,2024-09-09,2024-09-27,540.36,-9,5756,156800319,63157960,0.0107015088406804,99.9316799859317,0.343027413587604
328.75,329,654,656,12426,16400,2024-09-09,2024-10-18,540.36,2,3974,887069215,305612808,0.0018487847084176,99.9678135600726,0.242317073170732
458.85,460,127,142,10795,16330,2024-09-09,2024-10-11,540.36,15,5535,14666973,6002244,0.111338583632765,99.5774724614274,0.338946723821188
279.98,280,5628,8091,11256,16182,2024-09-09,2024-09-20,540.36,2463,4926,832282748,359871673,0.00194429117254753,99.9784264421639,0.304412309974045
549.39,710,1,1,16061,16061,2024-09-09,2024-12-20,540.36,0,0,937083648,208401101,0.0017139345067304,100,0
492.79,493,234,744,4212,15624,2024-09-09,2024-09-13,540.36,510,11412,129919728,58547782,0.0120258872463157,99.8504830613562,0.730414746543779
404.73,405,567,569,11340,15363,2024-09-09,2024-09-27,540.36,2,4023,156800319,63157960,0.00979781169960503,99.9414777976313,0.261862917398946
538.8,577,0,4,0,15280,2024-09-09,2024-10-11,540.36,4,15280,14666973,6002244,0.104179642247927,99.6816521036754,1
379.72,380,476,541,9520,15148,2024-09-09,2024-10-04,540.36,65,5628,39849526,16382475,0.0380129992010445,99.832168643612,0.371534195933457
547.91,578,5,5,15045,15045,2024-09-09,2024-11-15,540.36,0,0,590393766,158475085,0.00254829926507049,99.9969586399732,0
385.53,386,292,319,13724,14993,2024-09-09,2024-10-18,540.36,27,1269,887069215,305612808,0.00169017250812835,99.9695037325808,0.0846394984326019
539.16,569,2,5,3626,14920,2024-09-09,2024-10-11,540.36,3,11294,14666973,6002244,0.101725148058839,99.7833772517342,0.756970509383378
545.4,595,4,3,17880,14880,2024-09-09,2024-10-18,540.36,-1,-3000,887069215,305612808,0.00167743393056426,99.9711811665114,-0.201612903225806
434.15,435,169,175,11154,14875,2024-09-09,2024-10-11,540.36,6,3721,14666973,6002244,0.101418336285204,99.8847955880194,0.250151260504202
541.5,590,8,3,31984,14550,2024-09-09,2024-09-27,540.36,-5,-17434,156800319,63157960,0.00927931785648982,99.9507571154878,-1.19821305841924
350.61,351,383,370,8426,14430,2024-09-09,2024-10-18,540.36,-13,6004,887069215,305612808,0.00162670508185768,99.9728078715932,0.416077616077616
381.53,382,354,303,13806,14241,2024-09-09,2024-10-18,540.36,-51,435,887069215,305612808,0.00160539896540091,99.9744132705586,0.0305456077522646
550.72,571,7,7,14196,14196,2024-09-09,2024-10-18,540.36,0,0,887069215,305612808,0.00160032608053025,99.9760135966391,0
384.72,385,505,482,9090,13496,2024-09-09,2024-09-27,540.36,-23,4406,156800319,63157960,0.00860712534647331,99.9593642408342,0.326467101363367
373.68,374,417,417,13344,13344,2024-09-09,2024-10-18,540.36,0,0,887069215,305612808,0.00150427946031246,99.9775178760994,0
314.5,315,254,260,7874,13000,2024-09-09,2024-11-15,540.36,6,5126,590393766,158475085,0.002201920268921,99.9991605602421,0.394307692307692
149.99,150,12841,12846,12841,12846,2024-09-09,2024-09-20,540.36,5,5,832282748,359871673,0.0015434658511028,99.979969908015,0.000389226218278063
244.98,245,6431,6421,12862,12842,2024-09-09,2024-09-20,540.36,-10,-19.9999999999982,832282748,359871673,0.00154298524520179,99.9815128932602,-0.00155738981467047
531.11,547,4,8,4540,12712,2024-09-09,2024-10-25,540.36,4,8172,3719061,2799585,0.341806708736426,96.8299793953366,0.642857142857143
449.92,450,1747,1588,17470,12704,2024-09-09,2024-09-13,540.36,-159,-4766,129919728,58547782,0.00977834559505851,99.8602614069512,-0.375157430730479
553.04,574,6,6,12576,12576,2024-09-09,2024-09-20,540.36,0,0,832282748,359871673,0.00151102495278444,99.983023918213,0
535.05,547.5,1,10,961,12450,2024-09-09,2024-10-25,540.36,9,11489,3719061,2799585,0.334761919742645,97.1647413150793,0.92281124497992
530.45,546,12,8,13116,12440,2024-09-09,2024-10-25,540.36,-4,-676,3719061,2799585,0.334493034666546,97.4992343497458,-0.0543408360128617
337.71,338,407,428,7733,12412,2024-09-09,2024-10-18,540.36,21,4679,887069215,305612808,0.00139921437810239,99.9789170904775,0.376973896229455
434.94,435,2142,2061,19278,12366,2024-09-09,2024-09-13,540.36,-81,-6912,129919728,58547782,0.00951818495186505,99.8697795919031,-0.558951965065502
325.76,326,505,506,7575,12144,2024-09-09,2024-10-18,540.36,1,4569,887069215,305612808,0.00136900253042825,99.980286093008,0.376235177865613
338.75,339,483,485,9177,12125,2024-09-09,2024-10-18,540.36,2,2948,887069215,305612808,0.00136686064570508,99.9816529536537,0.243134020618557
332.74,333,463,463,10186,12038,2024-09-09,2024-10-18,540.36,0,1852,887069215,305612808,0.00135705306828848,99.983010006722,0.153846153846154
389.72,390,408,409,6936,11452,2024-09-09,2024-09-27,540.36,1,4516,156800319,63157960,0.00730355656993275,99.9666677974042,0.394341599720573
454.19,455,0,141,0,11421,2024-09-09,2024-10-04,540.36,141,11421,39849526,16382475,0.0286603158090262,99.860828959421,1
323.76,324,536,474,12328,11376,2024-09-09,2024-10-18,540.36,-62,-952,887069215,305612808,0.00128242529530235,99.9842924320173,-0.0836849507735584
269.98,270,5659,5659,11318,11318,2024-09-09,2024-09-20,540.36,0,0,832282748,359871673,0.00135987439691589,99.9843837926099,0
399.95,400,2142,2236,8568,11180,2024-09-09,2024-09-13,540.36,94,2612,129919728,58547782,0.00860531358255307,99.8783849054857,0.233631484794276
533.49,552,6,6,8058,11106,2024-09-09,2024-10-25,540.36,0,3048,3719061,2799585,0.298623765515005,97.7978581152608,0.274446245272826
399.59,400,119,269,3213,11029,2024-09-09,2024-10-04,540.36,150,7816,39849526,16382475,0.0276766152751729,99.8885055746962,0.708677123945961
342.69,343,138,355,2898,11005,2024-09-09,2024-10-18,540.36,217,8107,887069215,305612808,0.00124060217781315,99.9855330341951,0.736665152203544
528.3,542,1,8,902,10960,2024-09-09,2024-10-25,540.36,7,10058,3719061,2799585,0.294698043403967,98.0925561586648,0.917700729927007
224.99,225,11170,10808,11170,10808,2024-09-09,2024-09-20,540.36,-362,-362,832282748,359871673,0.00129859714453675,99.9856823897544,-0.0334937083641747
429.94,430,1795,1796,14360,10776,2024-09-09,2024-09-13,540.36,1,-3584,129919728,58547782,0.00829435234039283,99.886679257826,-0.332590942835932
362.65,363,301,306,9331,10710,2024-09-09,2024-10-18,540.36,5,1379,887069215,305612808,0.00120734659921661,99.9867403807943,0.128758169934641
259.98,260,5294,5293,5294,10586,2024-09-09,2024-09-20,540.36,-1,5292,832282748,359871673,0.00127192351703054,99.9869543132714,0.499905535613074
259.91,260,929,1175,5574,10575,2024-09-09,2024-10-18,540.36,246,5001,887069215,305612808,0.00119212794460464,99.9879325087389,0.47290780141844
354.67,355,317,320,9510,10560,2024-09-09,2024-10-18,540.36,3,1050,887069215,305612808,0.00119043698298109,99.9891229457219,0.0994318181818182
488.69,489,277,338,4986,10478,2024-09-09,2024-09-13,540.36,61,5492,129919728,58547782,0.00806497993899741,99.894744237765,0.524145829356748
347.67,348,314,309,7222,10197,2024-09-09,2024-10-18,540.36,-5,2975,887069215,305612808,0.00114951571169111,99.9902724614336,0.291752476218496
497.77,498,248,427,4712,9821,2024-09-09,2024-09-13,540.36,179,5109,129919728,58547782,0.00755928306746455,99.9023035208325,0.520211791059974
419.95,420,1904,1918,13328,9590,2024-09-09,2024-09-13,540.36,14,-3738,129919728,58547782,0.00738148097108085,99.9096850018036,-0.38978102189781
495.77,496,8,415,144,9545,2024-09-09,2024-09-13,540.36,407,9401,129919728,58547782,0.00734684419905805,99.9170318460026,0.984913567312729
274.98,275,4806,4752,9612,9504,2024-09-09,2024-09-20,540.36,-54,-108,832282748,359871673,0.00114191962080656,99.9880962328922,-0.0113636363636364
553.13,600,2,2,9374,9374,2024-09-09,2024-09-27,540.36,0,0,156800319,63157960,0.00597830416403681,99.9726461015682,0
458.02,460,0,46,0,9108,2024-09-09,2024-10-25,540.36,46,9108,3719061,2799585,0.244900527310523,98.3374566859753,1
540,585,2,2,7280,9000,2024-09-09,2024-10-04,540.36,0,1720,39849526,16382475,0.0225849612364273,99.9110905359326,0.191111111111111
370.75,371,359,359,10411,8975,2024-09-09,2024-10-18,540.36,0,-1436,887069215,305612808,0.00101175870475902,99.9912842201383,-0.16
214.99,215,8675,8675,8675,8675,2024-09-09,2024-09-20,540.36,0,0,832282748,359871673,0.00104231404782164,99.9891385469401,0
539.16,568,3,3,6339,8652,2024-09-09,2024-10-04,540.36,0,2313,39849526,16382475,0.0217116760686187,99.9328022120012,0.267337031900139
382.53,383,180,184,6480,8648,2024-09-09,2024-10-18,540.36,4,2168,887069215,305612808,0.000974895741365571,99.9922591158797,0.250693802035153
539.92,581,3,2,7647,8216,2024-09-09,2024-09-20,540.36,-1,569,832282748,359871673,0.000987164520680417,99.9901257114607,0.069255111976631
414.59,415,198,196,4752,8036,2024-09-09,2024-09-27,540.36,-2,3284,156800319,63157960,0.00512498957352249,99.9777710911417,0.408661025385764
485.85,486,156,529,2808,7935,2024-09-09,2024-09-13,540.36,373,5127,129919728,58547782,0.00610761746668681,99.9231394634693,0.646124763705104
386.45,387,149,144,6258,7920,2024-09-09,2024-10-18,540.36,-5,1662,887069215,305612808,0.000892827737235814,99.9931519436169,0.209848484848485
560.81,600,2,2,7838,7838,2024-09-09,2024-09-20,540.36,0,0,832282748,359871673,0.000941747263034701,99.9910674587238,0
549.88,576,3,3,7836,7836,2024-09-09,2024-09-13,540.36,0,0,129919728,58547782,0.00603141656823666,99.9291708800376,0
346.68,347,245,244,5390,7808,2024-09-09,2024-10-18,540.36,-1,2418,887069215,305612808,0.000880201890446621,99.9940321455074,0.30968237704918
289.97,290,2557,2574,7671,7722,2024-09-09,2024-09-20,540.36,17,51.0000000000009,832282748,359871673,0.000927809691905328,99.9919952684157,0.00660450660450672
348.68,349,242,241,5324,7712,2024-09-09,2024-10-18,540.36,-1,2388,887069215,305612808,0.000869379736055884,99.9949015252434,0.309647302904564
327.7,328,255,255,4845,7650,2024-09-09,2024-10-18,540.36,0,2805,887069215,305612808,0.000862390428011866,99.9957639156715,0.366666666666667
209.99,210,7232,7531,7232,7531,2024-09-09,2024-09-20,540.36,299,298.999999999999,832282748,359871673,0.000904860760131964,99.9929001291758,0.0397025627406718
550.65,569,4,4,7340,7340,2024-09-09,2024-09-27,540.36,0,0,156800319,63157960,0.00468111292554194,99.9824522040673,0
341.8,342,364,364,7280,7280,2024-09-09,2024-10-18,540.36,0,0,887069215,305612808,0.000820680041297567,99.9965845957128,0
154.99,155,6822,6822,6822,6822,2024-09-09,2024-09-20,540.36,0,0,832282748,359871673,0.000819673364177435,99.99371980254,0
493.8,494,197,339,3743,6780,2024-09-09,2024-09-13,540.36,142,3037,129919728,58547782,0.00521860698476832,99.9343894870223,0.447935103244838
535.33,557,0,3,0,6501,2024-09-09,2024-10-25,540.36,3,6501,3719061,2799585,0.174802187971641,98.512258873947,1
543.12,575,2,2,3208,6376,2024-09-09,2024-10-04,540.36,0,3168,39849526,16382475,0.01600019031594,99.9488024023172,0.496863237139272
540.31,553,5,5,5835,6345,2024-09-09,2024-10-25,540.36,0,510,3719061,2799585,0.170607580784504,98.6828664547315,0.0803782505910166
548.49,580,2,2,6302,6302,2024-09-09,2024-09-13,540.36,0,0,129919728,58547782,0.0048506874952817,99.9392401745176,0
363.74,364,226,232,7684,6032,2024-09-09,2024-10-18,540.36,6,-1652,887069215,305612808,0.000679992034217984,99.997264587747,-0.273872679045093
364.79,365,281,280,3934,5880,2024-09-09,2024-09-27,540.36,-1,1946,156800319,63157960,0.00374999237087011,99.9862021964381,0.330952380952381
330.8,331,290,290,5800,5800,2024-09-09,2024-10-18,540.36,0,0,887069215,305612808,0.000653838494440369,99.9979184262414,0
199.99,200,5736,5736,5736,5736,2024-09-09,2024-09-20,540.36,0,0,832282748,359871673,0.000689188862052443,99.994408991402,0
438.71,440,0,44,0,5676,2024-09-09,2024-10-25,540.36,44,5676,3719061,2799585,0.152619169193514,98.835485623925,1
354.87,355,416,429,4992,5577,2024-09-09,2024-09-27,540.36,13,585,156800319,63157960,0.00355675296808548,99.9897589494062,0.104895104895105
448.46,450,0,36,0,5544,2024-09-09,2024-10-25,540.36,36,5544,3719061,2799585,0.149069886189014,98.984555510114,1
467.96,470,0,27,0,5508,2024-09-09,2024-10-25,540.36,27,5508,3719061,2799585,0.148101899915059,99.132657410029,1
284.98,285,2694,2694,5388,5388,2024-09-09,2024-09-20,540.36,0,0,832282748,359871673,0.000647376148664324,99.9950563675507,0
540.32,567,1,2,1260,5336,2024-09-09,2024-10-04,540.36,1,4076,39849526,16382475,0.013390372573064,99.9621927748902,0.763868065967017
239.99,240,5309,5314,5309,5314,2024-09-09,2024-09-20,540.36,5,5,832282748,359871673,0.000638484939495586,99.9956948524902,0.000940910801656003
478.82,479,82,293,1230,5274,2024-09-09,2024-09-13,540.36,211,4044,129919728,58547782,0.00405942968107199,99.9432996041987,0.766780432309442
219.99,220,5110,5111,5110,5111,2024-09-09,2024-09-20,540.36,1,1,832282748,359871673,0.000614094190019183,99.9963089466802,0.000195656427313637
384.97,385,1678,1673,5034,5019,2024-09-09,2024-09-13,540.36,-5,-15,129919728,58547782,0.00386315463960947,99.9471627588383,-0.00298864315600717
490.8,491,72,246,1440,4920,2024-09-09,2024-09-13,540.36,174,3480,129919728,58547782,0.00378695374115931,99.9509497125795,0.707317073170732
487.83,488,288,287,7776,4879,2024-09-09,2024-09-13,540.36,-1,-2897,129919728,58547782,0.00375539579331632,99.9547051083728,-0.593769215003074
359.98,360,2014,2350,4028,4700,2024-09-09,2024-09-13,540.36,336,672,129919728,58547782,0.00361761841127007,99.958322726784,0.142978723404255
355.77,356,202,202,4646,4646,2024-09-09,2024-10-18,540.36,0,0,887069215,305612808,0.000523747180201716,99.9984421734216,0
379.97,380,1528,1533,4584,4599,2024-09-09,2024-09-13,540.36,5,14.9999999999991,129919728,58547782,0.00353987810073001,99.9618626048848,0.00326157860404416
409.65,410,129,130,2709,4550,2024-09-09,2024-09-27,540.36,1,1841,156800319,63157960,0.00290177981079235,99.992660729217,0.404615384615385
555,600,1,1,4500,4500,2024-09-09,2024-10-11,540.36,0,0,14666973,6002244,0.030681177363591,99.915476765383,0
537.94,560,1,2,1642,4412,2024-09-09,2024-10-25,540.36,1,2770,3719061,2799585,0.118632095574663,99.2512895056037,0.627833182230281
234.99,235,4209,4209,8418,4209,2024-09-09,2024-09-20,540.36,0,-4209,832282748,359871673,0.000505717559340783,99.9968146642396,-1
476.84,477,80,258,1360,4128,2024-09-09,2024-09-13,540.36,178,2768,129919728,58547782,0.00317734655355806,99.9650399514383,0.670542635658915
537.38,558,1,2,1396,4124,2024-09-09,2024-10-25,540.36,1,2728,3719061,2799585,0.110888205383025,99.3621777109867,0.661493695441319
174.99,175,4064,4064,4064,4064,2024-09-09,2024-09-20,540.36,0,0,832282748,359871673,0.000488295595429067,99.997302959835,0
491.81,492,42,213,714,4047,2024-09-09,2024-09-13,540.36,171,3333,129919728,58547782,0.00311500036391702,99.9681549518022,0.823573017049666
423.97,425,0,39,0,4017,2024-09-09,2024-10-25,540.36,39,4017,3719061,2799585,0.108011135068771,99.4701888460555,1
353.69,354,77,128,1925,3968,2024-09-09,2024-10-18,540.36,51,2043,887069215,305612808,0.000447315714817135,99.9988894891364,0.514868951612903
345.88,346,319,319,3828,3828,2024-09-09,2024-10-18,540.36,0,0,887069215,305612808,0.000431533406330644,99.9993210225428,0
540,552.5,3,3,3750,3750,2024-09-09,2024-10-25,540.36,0,0,3719061,2799585,0.100831903536941,99.5710207495924,0
374.79,375,172,170,2580,3570,2024-09-09,2024-09-27,540.36,-2,990,156800319,63157960,0.002276781082314,99.9949375102993,0.277310924369748
486.83,487,182,205,3094,3485,2024-09-09,2024-09-13,540.36,23,391,129919728,58547782,0.00268242556665451,99.9708373773689,0.11219512195122
179.99,180,3443,3443,3443,3443,2024-09-09,2024-09-20,540.36,0,0,832282748,359871673,0.00041368152929682,99.9977166413643,0
366.64,367,94,95,3102,3420,2024-09-09,2024-10-18,540.36,1,317.999999999999,887069215,305612808,0.000385539250170011,99.9997065617929,0.0929824561403506
369.99,370,3209,3408,6418,3408,2024-09-09,2024-09-13,540.36,199,-3010,129919728,58547782,0.00262315820119328,99.9734605355701,-0.883215962441315
389.98,390,1662,1668,8310,3336,2024-09-09,2024-09-13,540.36,6,-4974,129919728,58547782,0.0025677393659568,99.976028274936,-1.4910071942446
556.5,573,2,2,3300,3300,2024-09-09,2024-10-04,540.36,0,0,39849526,16382475,0.00828115245335666,99.9704739273436,0
409.4,410,43,54,1849,3240,2024-09-09,2024-10-11,540.36,11,1391,14666973,6002244,0.0220904477017855,99.9375672130848,0.429320987654321
453.17,455,0,17,0,3111,2024-09-09,2024-10-25,540.36,17,3111,3719061,2799585,0.0836501471742464,99.6546708967667,1
549.2,580,1,1,3080,3080,2024-09-09,2024-10-04,540.36,0,0,39849526,16382475,0.00772907562313288,99.9782030029667,0
254.99,255,3043,2941,3043,2941,2024-09-09,2024-09-20,540.36,-102,-102,832282748,359871673,0.000353365488719706,99.998070006853,-0.0346820809248555
204.98,205,1454,1454,2908,2908,2024-09-09,2024-09-20,540.36,0,0,832282748,359871673,0.00034940049003635,99.9984194073431,0
482.84,483,84,179,1764,2864,2024-09-09,2024-09-13,540.36,95,1100,129919728,58547782,0.00220443811273989,99.9782327130488,0.384078212290503
399.44,400,41,51,1435,2856,2024-09-09,2024-10-11,540.36,10,1421,14666973,6002244,0.0194723205667591,99.9570395336516,0.497549019607843
229.99,230,2652,2692,2652,2692,2024-09-09,2024-09-20,540.36,40,40,832282748,359871673,0.000323447771381656,99.9987428551144,0.0148588410104012
336.81,337,137,137,2603,2603,2024-09-09,2024-10-18,540.36,0,0,887069215,305612808,0.000293438207073841,100,0
374.98,375,1280,1300,2560,2600,2024-09-09,2024-09-13,540.36,20,40,129919728,58547782,0.00200123571687281,99.9802339487657,0.0153846153846154
553.17,579,1,1,2583,2583,2024-09-09,2024-11-15,540.36,0,0,590393766,158475085,0.00043750461958638,99.9995980648617,0
483.82,484,41,137,1230,2466,2024-09-09,2024-09-13,540.36,96,1236,129919728,58547782,0.00189809510684936,99.9821320438725,0.501216545012166
470.82,471,0,133,0,2394,2024-09-09,2024-09-13,540.36,133,2394,129919728,58547782,0.00184267627161288,99.9839747201441,1
552.27,576,1,1,2373,2373,2024-09-09,2024-11-15,540.36,0,0,590393766,158475085,0.000401935138319194,100,0
548.68,572,1,1,2332,2332,2024-09-09,2024-09-27,540.36,0,0,156800319,63157960,0.00148724187225665,99.9964247521716,0
539.99,563,712,1,1043792,2301,2024-09-09,2024-09-13,540.36,-711,-1041491,129919728,58547782,0.00177109360943243,99.9857458137536,-452.625380269448
477.86,478,47,164,705,2296,2024-09-09,2024-09-13,540.36,117,1591,129919728,58547782,0.00176724507920768,99.9875130588328,0.69294425087108
169.99,170,2271,2271,2271,2271,2024-09-09,2024-09-20,540.36,0,0,832282748,359871673,0.000272864000300052,99.9990157191147,0
549.33,571,1,1,2167,2167,2024-09-09,2024-09-27,540.36,0,0,156800319,63157960,0.00138201249450264,99.9978067646661,0
556.69,577,1,1,2031,2031,2024-09-09,2024-09-27,540.36,0,0,156800319,63157960,0.00129527797708116,99.9991020426432,0
419.09,420,0,22,0,2002,2024-09-09,2024-10-25,540.36,22,2002,3719061,2799585,0.0538307922349217,99.7085016890016,1
189.99,190,1981,1981,1981,1981,2024-09-09,2024-09-20,540.36,0,0,832282748,359871673,0.000238020072476619,99.9992537391872,0
554.44,574,1,1,1956,1956,2024-09-09,2024-10-04,540.36,0,0,39849526,16382475,0.00490846490871686,99.9831114678754,0
480.79,481,35,91,910,1911,2024-09-09,2024-09-13,540.36,56,1001,129919728,58547782,0.00147090825190151,99.9889839670847,0.523809523809524
549.21,568,1,1,1879,1879,2024-09-09,2024-10-11,540.36,0,0,14666973,6002244,0.0128110960591528,99.9698506297107,0
354.98,355,688,939,2064,1878,2024-09-09,2024-09-13,540.36,251,-186,129919728,58547782,0.00144550795241813,99.9904294750371,-0.0990415335463259
559.48,578,1,1,1852,1852,2024-09-09,2024-10-04,540.36,0,0,39849526,16382475,0.00464748313442925,99.9877589510099,0
545.56,564,0,1,0,1844,2024-09-09,2024-10-25,540.36,1,1844,3719061,2799585,0.0495824080325652,99.7580840970342,1
424.24,425,11,24,616,1824,2024-09-09,2024-10-11,540.36,13,1208,14666973,6002244,0.0124361038913755,99.9822867336021,0.662280701754386
339.99,340,1205,1806,1205,1806,2024-09-09,2024-09-13,540.36,601,601,129919728,58547782,0.00139008911718165,99.9918195641543,0.332779623477298
475.87,476,13,137,325,1781,2024-09-09,2024-09-13,540.36,124,1456,129919728,58547782,0.00137084646605787,99.9931904106203,0.817518248175183
194.99,195,1780,1780,1780,1780,2024-09-09,2024-09-20,540.36,0,0,832282748,359871673,0.000213869625950723,99.9994676088131,0
559.2,577,1,1,1780,1780,2024-09-09,2024-10-04,540.36,0,0,39849526,16382475,0.00446680344453783,99.9922257544544,0
481.86,482,86,126,1376,1764,2024-09-09,2024-09-13,540.36,40,388,129919728,58547782,0.0013577614632937,99.9945481720836,0.219954648526077
553.76,571,1,1,1724,1724,2024-09-09,2024-10-04,540.36,0,0,39849526,16382475,0.00432627479684451,99.9965520292512,0
184.99,185,1667,1667,1667,1667,2024-09-09,2024-09-20,540.36,0,0,832282748,359871673,0.00020029250924711,99.9996679013224,0
409.96,410,347,411,3123,1644,2024-09-09,2024-09-13,540.36,64,-1479,129919728,58547782,0.00126539673789957,99.9958135688215,-0.89963503649635
472.69,475,0,7,0,1617,2024-09-09,2024-10-25,540.36,7,1617,3719061,2799585,0.043478716805129,99.8015628138393,1
159.99,160,1447,1447,1447,1447,2024-09-09,2024-09-20,540.36,0,0,832282748,359871673,0.000173859184691403,99.9998417605071,0
482.13,485,0,5,0,1435,2024-09-09,2024-10-25,540.36,5,1435,3719061,2799585,0.0385850084201362,99.8401478222594,1
541.8,556,1,1,1420,1420,2024-09-09,2024-10-25,540.36,0,0,3719061,2799585,0.0381816808059884,99.8783295030654,0
379.78,380,62,64,930,1408,2024-09-09,2024-09-27,540.36,2,478,156800319,63157960,0.000897957356834204,100,0.339488636363636
558.26,572,1,1,1374,1374,2024-09-09,2024-10-04,540.36,0,0,39849526,16382475,0.00344797074876123,100,0
394.97,395,428,440,1284,1320,2024-09-09,2024-09-13,540.36,12,36,129919728,58547782,0.00101601197933542,99.9968295808009,0.0272727272727273
164.99,165,1317,1317,1317,1317,2024-09-09,2024-09-20,540.36,0,0,832282748,359871673,0.000158239492908485,100,0
443.77,445,0,10,0,1230,2024-09-09,2024-10-25,540.36,10,1230,3719061,2799585,0.0330728643601167,99.9114023674255,1
299.99,300,1072,1172,1072,1172,2024-09-09,2024-09-13,540.36,100,100,129919728,58547782,0.000902095484682665,99.9977316762855,0.0853242320819113
542.32,554,1,1,1168,1168,2024-09-09,2024-10-25,540.36,0,0,3719061,2799585,0.0314057768883059,99.9428081443138,0
428.95,430,0,11,0,1155,2024-09-09,2024-10-25,540.36,11,1155,3719061,2799585,0.0310562262893779,99.9738643706032,1
329.99,330,1123,1137,1123,1137,2024-09-09,2024-09-13,540.36,14,14,129919728,58547782,0.000875155773109377,99.9986068320587,0.0123131046613896
394.5,395,13,20,442,1000,2024-09-09,2024-10-11,540.36,7,558,14666973,6002244,0.00681803941413133,99.9891047730162,0.558
429.28,430,5,11,305,792,2024-09-09,2024-10-11,540.36,6,487,14666973,6002244,0.00539988721599201,99.9945046602322,0.61489898989899
319.98,320,350,350,700,700,2024-09-09,2024-09-13,540.36,0,0,129919728,58547782,0.000538794231465756,99.9991456262901,0
462.96,465,0,3,0,612,2024-09-09,2024-10-25,540.36,3,612,3719061,2799585,0.0164557666572288,99.9903201372605,1
344.99,345,56,537,168,537,2024-09-09,2024-09-13,540.36,481,369,129919728,58547782,0.00041333214613873,99.9995589584362,0.687150837988827
379.69,380,16,16,496,496,2024-09-09,2024-10-11,540.36,0,0,14666973,6002244,0.00338174754940914,99.9978864077816,0
309.98,310,211,211,422,422,2024-09-09,2024-09-13,540.36,0,0,129919728,58547782,0.000324815950969356,99.9998837743872,0
434.1,435,0,4,0,360,2024-09-09,2024-10-25,540.36,4,360,3719061,2799585,0.00967986273954635,100,1
414.65,415,4,4,192,140,2024-09-09,2024-10-11,540.36,0,-52,14666973,6002244,0.000954525517978386,99.9988409332996,-0.371428571428571
389.58,390,0,3,0,126,2024-09-09,2024-10-11,540.36,3,126,14666973,6002244,0.000859072966180547,99.9997000062658,1
349.99,350,104,106,312,106,2024-09-09,2024-09-13,540.36,2,-206,129919728,58547782,8.15888407648144e-05,99.999965363228,-1.94339622641509
472.91,473,0,5,0,45,2024-09-09,2024-09-13,540.36,5,45,129919728,58547782,3.46367720227986e-05,100,1
404.56,405,1,1,44,44,2024-09-09,2024-10-11,540.36,0,0,14666973,6002244,0.000299993734221778,100,0
472,472,0,0,0,0,2024-09-09,2024-09-13,540.36,0,0,129919728,58547782,0,100,
474,474,0,0,0,0,2024-09-09,2024-09-13,540.36,0,0,129919728,58547782,0,100,
542.95,568,0,0,0,0,2024-09-09,2024-09-13,540.36,0,0,129919728,58547782,0,100,
540.9,575,1,0,2190,0,2024-09-09,2024-09-13,540.36,-1,-2190,129919728,58547782,0,100,-Inf
539.94,577,0,0,0,0,2024-09-09,2024-09-13,540.36,0,0,129919728,58547782,0,100,
539.93,578,0,0,0,0,2024-09-09,2024-09-13,540.36,0,0,129919728,58547782,0,100,
562.76,579,0,0,0,0,2024-09-09,2024-09-13,540.36,0,0,129919728,58547782,0,100,
561.92,585,0,0,0,0,2024-09-09,2024-09-13,540.36,0,0,129919728,58547782,0,100,
558.84,590,0,0,0,0,2024-09-09,2024-09-13,540.36,0,0,129919728,58547782,0,100,
595,595,0,0,0,0,2024-09-09,2024-09-13,540.36,0,0,129919728,58547782,0,100,
539.7,605,0,0,0,0,2024-09-09,2024-09-13,540.36,0,0,129919728,58547782,0,100,
539.69,610,0,0,0,0,2024-09-09,2024-09-13,540.36,0,0,129919728,58547782,0,100,
615,615,0,0,0,0,2024-09-09,2024-09-13,540.36,0,0,129919728,58547782,0,100,
620,620,0,0,0,0,2024-09-09,2024-09-13,540.36,0,0,129919728,58547782,0,100,
625,625,0,0,0,0,2024-09-09,2024-09-13,540.36,0,0,129919728,58547782,0,100,
630,630,0,0,0,0,2024-09-09,2024-09-13,540.36,0,0,129919728,58547782,0,100,
635,635,0,0,0,0,2024-09-09,2024-09-13,540.36,0,0,129919728,58547782,0,100,
640,640,0,0,0,0,2024-09-09,2024-09-13,540.36,0,0,129919728,58547782,0,100,
645,645,0,0,0,0,2024-09-09,2024-09-13,540.36,0,0,129919728,58547782,0,100,
650,650,0,0,0,0,2024-09-09,2024-09-13,540.36,0,0,129919728,58547782,0,100,
655,655,0,0,0,0,2024-09-09,2024-09-13,540.36,0,0,129919728,58547782,0,100,
660,660,0,0,0,0,2024-09-09,2024-09-13,540.36,0,0,129919728,58547782,0,100,
559.02,579,0,0,0,0,2024-09-09,2024-09-20,540.36,0,0,832282748,359871673,0,100,
543.26,605,0,0,0,0,2024-09-09,2024-09-20,540.36,0,0,832282748,359871673,0,100,
549.91,610,0,0,0,0,2024-09-09,2024-09-20,540.36,0,0,832282748,359871673,0,100,
615,615,0,0,0,0,2024-09-09,2024-09-20,540.36,0,0,832282748,359871673,0,100,
620,620,0,0,0,0,2024-09-09,2024-09-20,540.36,0,0,832282748,359871673,0,100,
625,625,0,0,0,0,2024-09-09,2024-09-20,540.36,0,0,832282748,359871673,0,100,
553.85,630,0,0,0,0,2024-09-09,2024-09-20,540.36,0,0,832282748,359871673,0,100,
562.48,635,0,0,0,0,2024-09-09,2024-09-20,540.36,0,0,832282748,359871673,0,100,
645,645,0,0,0,0,2024-09-09,2024-09-20,540.36,0,0,832282748,359871673,0,100,
650,650,0,0,0,0,2024-09-09,2024-09-20,540.36,0,0,832282748,359871673,0,100,
655,655,0,0,0,0,2024-09-09,2024-09-20,540.36,0,0,832282748,359871673,0,100,
562.83,660,0,0,0,0,2024-09-09,2024-09-20,540.36,0,0,832282748,359871673,0,100,
665,665,0,0,0,0,2024-09-09,2024-09-20,540.36,0,0,832282748,359871673,0,100,
670,670,0,0,0,0,2024-09-09,2024-09-20,540.36,0,0,832282748,359871673,0,100,
675,675,0,0,0,0,2024-09-09,2024-09-20,540.36,0,0,832282748,359871673,0,100,
680,680,0,0,0,0,2024-09-09,2024-09-20,540.36,0,0,832282748,359871673,0,100,
685,685,0,0,0,0,2024-09-09,2024-09-20,540.36,0,0,832282748,359871673,0,100,
690,690,0,0,0,0,2024-09-09,2024-09-20,540.36,0,0,832282748,359871673,0,100,
695,695,0,0,0,0,2024-09-09,2024-09-20,540.36,0,0,832282748,359871673,0,100,
700,700,0,0,0,0,2024-09-09,2024-09-20,540.36,0,0,832282748,359871673,0,100,
573,573,0,0,0,0,2024-09-09,2024-09-27,540.36,0,0,156800319,63157960,0,100,
539.5,574,1,0,2350,0,2024-09-09,2024-09-27,540.36,-1,-2350,156800319,63157960,0,100,-Inf
557.67,576,0,0,0,0,2024-09-09,2024-09-27,540.36,0,0,156800319,63157960,0,100,
579,579,0,0,0,0,2024-09-09,2024-09-27,540.36,0,0,156800319,63157960,0,100,
585,585,0,0,0,0,2024-09-09,2024-09-27,540.36,0,0,156800319,63157960,0,100,
553.13,595,0,0,0,0,2024-09-09,2024-09-27,540.36,0,0,156800319,63157960,0,100,
605,605,0,0,0,0,2024-09-09,2024-09-27,540.36,0,0,156800319,63157960,0,100,
610,610,0,0,0,0,2024-09-09,2024-09-27,540.36,0,0,156800319,63157960,0,100,
544.51,615,0,0,0,0,2024-09-09,2024-09-27,540.36,0,0,156800319,63157960,0,100,
620,620,0,0,0,0,2024-09-09,2024-09-27,540.36,0,0,156800319,63157960,0,100,
625,625,0,0,0,0,2024-09-09,2024-09-27,540.36,0,0,156800319,63157960,0,100,
551.9,630,0,0,0,0,2024-09-09,2024-09-27,540.36,0,0,156800319,63157960,0,100,
635,635,0,0,0,0,2024-09-09,2024-09-27,540.36,0,0,156800319,63157960,0,100,
543.5,640,0,0,0,0,2024-09-09,2024-09-27,540.36,0,0,156800319,63157960,0,100,
645,645,0,0,0,0,2024-09-09,2024-09-27,540.36,0,0,156800319,63157960,0,100,
559.68,650,0,0,0,0,2024-09-09,2024-09-27,540.36,0,0,156800319,63157960,0,100,
655,655,0,0,0,0,2024-09-09,2024-09-27,540.36,0,0,156800319,63157960,0,100,
550.8,660,0,0,0,0,2024-09-09,2024-09-27,540.36,0,0,156800319,63157960,0,100,
576,576,0,0,0,0,2024-09-09,2024-10-04,540.36,0,0,39849526,16382475,0,100,
579,579,0,0,0,0,2024-09-09,2024-10-04,540.36,0,0,39849526,16382475,0,100,
590,590,0,0,0,0,2024-09-09,2024-10-04,540.36,0,0,39849526,16382475,0,100,
595,595,0,0,0,0,2024-09-09,2024-10-04,540.36,0,0,39849526,16382475,0,100,
600,600,0,0,0,0,2024-09-09,2024-10-04,540.36,0,0,39849526,16382475,0,100,
605,605,0,0,0,0,2024-09-09,2024-10-04,540.36,0,0,39849526,16382475,0,100,
610,610,0,0,0,0,2024-09-09,2024-10-04,540.36,0,0,39849526,16382475,0,100,
615,615,0,0,0,0,2024-09-09,2024-10-04,540.36,0,0,39849526,16382475,0,100,
620,620,0,0,0,0,2024-09-09,2024-10-04,540.36,0,0,39849526,16382475,0,100,
625,625,0,0,0,0,2024-09-09,2024-10-04,540.36,0,0,39849526,16382475,0,100,
630,630,0,0,0,0,2024-09-09,2024-10-04,540.36,0,0,39849526,16382475,0,100,
635,635,0,0,0,0,2024-09-09,2024-10-04,540.36,0,0,39849526,16382475,0,100,
640,640,0,0,0,0,2024-09-09,2024-10-04,540.36,0,0,39849526,16382475,0,100,
645,645,0,0,0,0,2024-09-09,2024-10-04,540.36,0,0,39849526,16382475,0,100,
650,650,0,0,0,0,2024-09-09,2024-10-04,540.36,0,0,39849526,16382475,0,100,
655,655,0,0,0,0,2024-09-09,2024-10-04,540.36,0,0,39849526,16382475,0,100,
555.8,660,0,0,0,0,2024-09-09,2024-10-04,540.36,0,0,39849526,16382475,0,100,
385,385,0,0,0,0,2024-09-09,2024-10-11,540.36,0,0,14666973,6002244,0,100,
571,571,0,0,0,0,2024-09-09,2024-10-11,540.36,0,0,14666973,6002244,0,100,
573,573,0,0,0,0,2024-09-09,2024-10-11,540.36,0,0,14666973,6002244,0,100,
574,574,0,0,0,0,2024-09-09,2024-10-11,540.36,0,0,14666973,6002244,0,100,
576,576,0,0,0,0,2024-09-09,2024-10-11,540.36,0,0,14666973,6002244,0,100,
578,578,0,0,0,0,2024-09-09,2024-10-11,540.36,0,0,14666973,6002244,0,100,
579,579,0,0,0,0,2024-09-09,2024-10-11,540.36,0,0,14666973,6002244,0,100,
585,585,0,0,0,0,2024-09-09,2024-10-11,540.36,0,0,14666973,6002244,0,100,
590,590,0,0,0,0,2024-09-09,2024-10-11,540.36,0,0,14666973,6002244,0,100,
595,595,0,0,0,0,2024-09-09,2024-10-11,540.36,0,0,14666973,6002244,0,100,
605,605,0,0,0,0,2024-09-09,2024-10-11,540.36,0,0,14666973,6002244,0,100,
610,610,0,0,0,0,2024-09-09,2024-10-11,540.36,0,0,14666973,6002244,0,100,
615,615,0,0,0,0,2024-09-09,2024-10-11,540.36,0,0,14666973,6002244,0,100,
620,620,0,0,0,0,2024-09-09,2024-10-11,540.36,0,0,14666973,6002244,0,100,
625,625,0,0,0,0,2024-09-09,2024-10-11,540.36,0,0,14666973,6002244,0,100,
630,630,0,0,0,0,2024-09-09,2024-10-11,540.36,0,0,14666973,6002244,0,100,
635,635,0,0,0,0,2024-09-09,2024-10-11,540.36,0,0,14666973,6002244,0,100,
640,640,0,0,0,0,2024-09-09,2024-10-11,540.36,0,0,14666973,6002244,0,100,
645,645,0,0,0,0,2024-09-09,2024-10-11,540.36,0,0,14666973,6002244,0,100,
650,650,0,0,0,0,2024-09-09,2024-10-11,540.36,0,0,14666973,6002244,0,100,
655,655,0,0,0,0,2024-09-09,2024-10-11,540.36,0,0,14666973,6002244,0,100,
660,660,0,0,0,0,2024-09-09,2024-10-11,540.36,0,0,14666973,6002244,0,100,
563.04,605,0,0,0,0,2024-09-09,2024-10-18,540.36,0,0,887069215,305612808,0,100,
610,610,0,0,0,0,2024-09-09,2024-10-18,540.36,0,0,887069215,305612808,0,100,
615,615,0,0,0,0,2024-09-09,2024-10-18,540.36,0,0,887069215,305612808,0,100,
620,620,0,0,0,0,2024-09-09,2024-10-18,540.36,0,0,887069215,305612808,0,100,
625,625,0,0,0,0,2024-09-09,2024-10-18,540.36,0,0,887069215,305612808,0,100,
562,630,0,0,0,0,2024-09-09,2024-10-18,540.36,0,0,887069215,305612808,0,100,
635,635,0,0,0,0,2024-09-09,2024-10-18,540.36,0,0,887069215,305612808,0,100,
640,640,0,0,0,0,2024-09-09,2024-10-18,540.36,0,0,887069215,305612808,0,100,
645,645,0,0,0,0,2024-09-09,2024-10-18,540.36,0,0,887069215,305612808,0,100,
553.85,650,0,0,0,0,2024-09-09,2024-10-18,540.36,0,0,887069215,305612808,0,100,
555.64,655,0,0,0,0,2024-09-09,2024-10-18,540.36,0,0,887069215,305612808,0,100,
660,660,0,0,0,0,2024-09-09,2024-10-18,540.36,0,0,887069215,305612808,0,100,
665,665,0,0,0,0,2024-09-09,2024-10-18,540.36,0,0,887069215,305612808,0,100,
670,670,0,0,0,0,2024-09-09,2024-10-18,540.36,0,0,887069215,305612808,0,100,
675,675,0,0,0,0,2024-09-09,2024-10-18,540.36,0,0,887069215,305612808,0,100,
552.51,680,0,0,0,0,2024-09-09,2024-10-18,540.36,0,0,887069215,305612808,0,100,
542.5,542.5,0,0,0,0,2024-09-09,2024-10-25,540.36,0,0,3719061,2799585,0,100,
557.5,557.5,0,0,0,0,2024-09-09,2024-10-25,540.36,0,0,3719061,2799585,0,100,
559,559,0,0,0,0,2024-09-09,2024-10-25,540.36,0,0,3719061,2799585,0,100,
561,561,0,0,0,0,2024-09-09,2024-10-25,540.36,0,0,3719061,2799585,0,100,
562,562,0,0,0,0,2024-09-09,2024-10-25,540.36,0,0,3719061,2799585,0,100,
562.5,562.5,0,0,0,0,2024-09-09,2024-10-25,540.36,0,0,3719061,2799585,0,100,
566,566,0,0,0,0,2024-09-09,2024-10-25,540.36,0,0,3719061,2799585,0,100,
567,567,0,0,0,0,2024-09-09,2024-10-25,540.36,0,0,3719061,2799585,0,100,
568,568,0,0,0,0,2024-09-09,2024-10-25,540.36,0,0,3719061,2799585,0,100,
569,569,0,0,0,0,2024-09-09,2024-10-25,540.36,0,0,3719061,2799585,0,100,
570,570,0,0,0,0,2024-09-09,2024-10-25,540.36,0,0,3719061,2799585,0,100,
571,571,0,0,0,0,2024-09-09,2024-10-25,540.36,0,0,3719061,2799585,0,100,
572,572,0,0,0,0,2024-09-09,2024-10-25,540.36,0,0,3719061,2799585,0,100,
575,575,0,0,0,0,2024-09-09,2024-10-25,540.36,0,0,3719061,2799585,0,100,
580,580,0,0,0,0,2024-09-09,2024-10-25,540.36,0,0,3719061,2799585,0,100,
585,585,0,0,0,0,2024-09-09,2024-10-25,540.36,0,0,3719061,2799585,0,100,
590,590,0,0,0,0,2024-09-09,2024-10-25,540.36,0,0,3719061,2799585,0,100,
595,595,0,0,0,0,2024-09-09,2024-10-25,540.36,0,0,3719061,2799585,0,100,
600,600,0,0,0,0,2024-09-09,2024-10-25,540.36,0,0,3719061,2799585,0,100,
605,605,0,0,0,0,2024-09-09,2024-10-25,540.36,0,0,3719061,2799585,0,100,
610,610,0,0,0,0,2024-09-09,2024-10-25,540.36,0,0,3719061,2799585,0,100,
615,615,0,0,0,0,2024-09-09,2024-10-25,540.36,0,0,3719061,2799585,0,100,
620,620,0,0,0,0,2024-09-09,2024-10-25,540.36,0,0,3719061,2799585,0,100,
625,625,0,0,0,0,2024-09-09,2024-10-25,540.36,0,0,3719061,2799585,0,100,
630,630,0,0,0,0,2024-09-09,2024-10-25,540.36,0,0,3719061,2799585,0,100,
635,635,0,0,0,0,2024-09-09,2024-10-25,540.36,0,0,3719061,2799585,0,100,
640,640,0,0,0,0,2024-09-09,2024-10-25,540.36,0,0,3719061,2799585,0,100,
645,645,0,0,0,0,2024-09-09,2024-10-25,540.36,0,0,3719061,2799585,0,100,
650,650,0,0,0,0,2024-09-09,2024-10-25,540.36,0,0,3719061,2799585,0,100,
655,655,0,0,0,0,2024-09-09,2024-10-25,540.36,0,0,3719061,2799585,0,100,
660,660,0,0,0,0,2024-09-09,2024-10-25,540.36,0,0,3719061,2799585,0,100,
605,605,0,0,0,0,2024-09-09,2024-11-15,540.36,0,0,590393766,158475085,0,100,
615,615,0,0,0,0,2024-09-09,2024-11-15,540.36,0,0,590393766,158475085,0,100,
532.4,620,0,0,0,0,2024-09-09,2024-11-15,540.36,0,0,590393766,158475085,0,100,
625,625,1,1,0,0,2024-09-09,2024-11-15,540.36,0,0,590393766,158475085,0,100,
532.37,630,0,0,0,0,2024-09-09,2024-11-15,540.36,0,0,590393766,158475085,0,100,
635,635,0,0,0,0,2024-09-09,2024-11-15,540.36,0,0,590393766,158475085,0,100,
640,640,0,0,0,0,2024-09-09,2024-11-15,540.36,0,0,590393766,158475085,0,100,
645,645,0,0,0,0,2024-09-09,2024-11-15,540.36,0,0,590393766,158475085,0,100,
650,650,0,0,0,0,2024-09-09,2024-11-15,540.36,0,0,590393766,158475085,0,100,
655,655,0,0,0,0,2024-09-09,2024-11-15,540.36,0,0,590393766,158475085,0,100,
660,660,0,0,0,0,2024-09-09,2024-11-15,540.36,0,0,590393766,158475085,0,100,
665,665,0,0,0,0,2024-09-09,2024-11-15,540.36,0,0,590393766,158475085,0,100,
670,670,0,0,0,0,2024-09-09,2024-11-15,540.36,0,0,590393766,158475085,0,100,
675,675,0,0,0,0,2024-09-09,2024-11-15,540.36,0,0,590393766,158475085,0,100,
552.55,680,0,0,0,0,2024-09-09,2024-11-15,540.36,0,0,590393766,158475085,0,100,
555.6,615,0,0,0,0,2024-09-09,2024-12-20,540.36,0,0,937083648,208401101,0,100,
544.19,625,0,0,0,0,2024-09-09,2024-12-20,540.36,0,0,937083648,208401101,0,100,
630,630,0,0,0,0,2024-09-09,2024-12-20,540.36,0,0,937083648,208401101,0,100,
635,635,0,0,0,0,2024-09-09,2024-12-20,540.36,0,0,937083648,208401101,0,100,
557.4,640,0,0,0,0,2024-09-09,2024-12-20,540.36,0,0,937083648,208401101,0,100,
645,645,0,0,0,0,2024-09-09,2024-12-20,540.36,0,0,937083648,208401101,0,100,
559.89,650,0,0,0,0,2024-09-09,2024-12-20,540.36,0,0,937083648,208401101,0,100,
655,655,0,0,0,0,2024-09-09,2024-12-20,540.36,0,0,937083648,208401101,0,100,
555.61,660,0,0,0,0,2024-09-09,2024-12-20,540.36,0,0,937083648,208401101,0,100,
555.59,665,0,0,0,0,2024-09-09,2024-12-20,540.36,0,0,937083648,208401101,0,100,
670,670,0,0,0,0,2024-09-09,2024-12-20,540.36,0,0,937083648,208401101,0,100,
675,675,0,0,0,0,2024-09-09,2024-12-20,540.36,0,0,937083648,208401101,0,100,
680,680,0,0,0,0,2024-09-09,2024-12-20,540.36,0,0,937083648,208401101,0,100,
685,685,0,0,0,0,2024-09-09,2024-12-20,540.36,0,0,937083648,208401101,0,100,
690,690,0,0,0,0,2024-09-09,2024-12-20,540.36,0,0,937083648,208401101,0,100,
695,695,0,0,0,0,2024-09-09,2024-12-20,540.36,0,0,937083648,208401101,0,100,
700,700,0,0,0,0,2024-09-09,2024-12-20,540.36,0,0,937083648,208401101,0,100,
705,705,0,0,0,0,2024-09-09,2024-12-20,540.36,0,0,937083648,208401101,0,100,
715,715,0,0,0,0,2024-09-09,2024-12-20,540.36,0,0,937083648,208401101,0,100,
560.22,725,0,0,0,0,2024-09-09,2024-12-20,540.36,0,0,937083648,208401101,0,100,
730,730,0,0,0,0,2024-09-09,2024-12-20,540.36,0,0,937083648,208401101,0,100,
735,735,0,0,0,0,2024-09-09,2024-12-20,540.36,0,0,937083648,208401101,0,100,
740,740,0,0,0,0,2024-09-09,2024-12-20,540.36,0,0,937083648,208401101,0,100,
745,745,0,0,0,0,2024-09-09,2024-12-20,540.36,0,0,937083648,208401101,0,100,
750,750,0,0,0,0,2024-09-09,2024-12-20,540.36,0,0,937083648,208401101,0,100,
755,755,0,0,0,0,2024-09-09,2024-12-20,540.36,0,0,937083648,208401101,0,100,
559.9,760,0,0,0,0,2024-09-09,2024-12-20,540.36,0,0,937083648,208401101,0,100,
765,765,0,0,0,0,2024-09-09,2024-12-20,540.36,0,0,937083648,208401101,0,100,
770,770,0,0,0,0,2024-09-09,2024-12-20,540.36,0,0,937083648,208401101,0,100,
