Watch,strike,open_interest.yt,open_interest.td,OI_Dollar.yt,OI_Dollar.td,Date.td,expiry,stkClose,diff_oi,diff_oi_d,totalOI,totalOIdiff,OI_pct,cum_sep_OI,pct
644.98,660,28106,28399,49185500,42655298,2025-09-29,2025-12-19,661.82,293,-6530202,377694332,-58241268,11.2936028915573,11.2936028915573,-0.153092401323746
624.65,630,44654,54170,29739564,28980950,2025-09-29,2025-11-21,661.82,9516,-758614,277092975,-51674793,10.4589262863846,10.4589262863846,-0.0261762985685424
641.22,650,32195,32470,34609625,28508660,2025-09-29,2025-11-21,661.82,275,-6100965,277092975,-51674793,10.2884816910281,20.7474079774126,-0.214003920212315
617.15,625,32675,32949,29603550,25864965,2025-09-29,2025-12-19,661.82,274,-3738585,377694332,-58241268,6.84812103561035,18.1417239271676,-0.144542434138225
629.85,640,23909,24711,28045257,25081665,2025-09-29,2025-12-19,661.82,802,-2963592,377694332,-58241268,6.64073110845624,24.7824550356239,-0.118157706037458
648.51,660,20842,21585,29137116,24801165,2025-09-29,2025-11-21,661.82,743,-4335951,277092975,-51674793,8.95048494102025,29.6978929184329,-0.174828521160196
646.35,650,65064,65006,35264688,23727190,2025-09-29,2025-10-17,661.82,-58,-11537498,237131503,-97702452,10.0059206388955,10.0059206388955,-0.486256400357565
612.94,620,32952,33328,27284256,23529568,2025-09-29,2025-12-19,661.82,376,-3754688,377694332,-58241268,6.22979113173454,31.0122461673584,-0.159573180434082
637.74,650,18794,19111,26800244,23430086,2025-09-29,2025-12-19,661.82,317,-3370158,377694332,-58241268,6.20345184316931,37.2156980105277,-0.143838908657868
604.07,610,34069,34238,23780162,20303134,2025-09-29,2025-12-19,661.82,169,-3477028,377694332,-58241268,5.37554638230579,42.5912443928335,-0.171255728302833
621.59,630,22580,22823,22241300,19194143,2025-09-29,2025-12-19,661.82,243,-3047157,377694332,-58241268,5.08192508432983,47.6731694771634,-0.15875452214772
633.19,640,25191,25662,21059676,17475822,2025-09-29,2025-11-21,661.82,471,-3583854,277092975,-51674793,6.30684411973996,36.0047370381728,-0.20507498874731
595.03,600,34541,34784,20379190,17287648,2025-09-29,2025-12-19,661.82,243,-3091542,377694332,-58241268,4.57715314615841,52.2503226233218,-0.178829531929387
628.56,630,101986,119652,23048836,17229888,2025-09-29,2025-10-17,661.82,17666,-5818948,237131503,-97702452,7.26596330813119,17.2718839470266,-0.337724075745588
637.73,640,71888,73159,24945136,16607093,2025-09-29,2025-10-17,661.82,1271,-8338043,237131503,-97702452,7.00332633576737,24.275210282794,-0.502077214838262
641.41,655,11207,11530,17550162,15669270,2025-09-29,2025-12-19,661.82,323,-1880892,377694332,-58241268,4.14866432255595,56.3989869458777,-0.120036989598111
606.6,610,44048,44662,18808496,15185080,2025-09-29,2025-11-21,661.82,614,-3623416,277092975,-51674793,5.48013893170695,41.4848759698798,-0.2386168528582
653.9,660,23784,24363,20549376,14861430,2025-09-29,2025-10-17,661.82,579,-5687946,237131503,-97702452,6.26716813750386,30.5423784202979,-0.382732078945297
642.12,645,47010,49301,20308320,14198688,2025-09-29,2025-10-17,661.82,2291,-6109632,237131503,-97702452,5.9876852380934,36.5300636583913,-0.430295531530801
629,635,21528,22037,15952248,13222200,2025-09-29,2025-11-21,661.82,509,-2730048,277092975,-51674793,4.77175576176191,46.2566317316417,-0.206474565503472
656.85,665,13526,15288,14878600,12459720,2025-09-29,2025-10-17,661.82,1762,-2418880,237131503,-97702452,5.25435036777885,41.7844140261701,-0.194135983794178
576.4,580,33341,33482,14303289,12053520,2025-09-29,2025-12-19,661.82,141,-2249769,377694332,-58241268,3.1913425695782,59.5903295154559,-0.186648298588296
499.47,500,223178,223100,15622460,11824300,2025-09-29,2025-11-21,661.82,-78,-3798160,277092975,-51674793,4.26726805325902,50.5238997849007,-0.32121647793104
548.92,550,105610,105744,14468570,11420352,2025-09-29,2025-11-21,661.82,134,-3048218,277092975,-51674793,4.12148738162705,54.6453871665278,-0.266911037418111
608.4,615,19099,16663,14438844,10997580,2025-09-29,2025-12-19,661.82,-2436,-3441264,377694332,-58241268,2.91176728593322,62.5020968013891,-0.312911022243076
644.94,655,10054,10339,12275934,10401034,2025-09-29,2025-11-21,661.82,285,-1874900,277092975,-51674793,3.75362601668267,58.3990131832104,-0.180260924058127
571.63,575,23926,29613,9498622,9979581,2025-09-29,2025-12-19,661.82,5687,480959,377694332,-58241268,2.64223742706311,65.1443342284522,0.0481943079574183
643.95,650,15829,16346,12584055,9889330,2025-09-29,2025-10-31,661.82,517,-2694725,147402672,-43505549,6.70905748574219,6.70905748574219,-0.272488126091454
622.3,625,33699,33704,12300135,9100080,2025-09-29,2025-10-31,661.82,5,-3200055,147402672,-43505549,6.17361943072511,12.8826769164673,-0.351651304164359
597.27,600,32398,33180,11242106,9058140,2025-09-29,2025-11-21,661.82,782,-2183966,277092975,-51674793,3.26898940689492,61.6680025901054,-0.241105348338622
623.83,625,78609,76216,14464056,8917272,2025-09-29,2025-10-17,661.82,-2393,-5546784,237131503,-97702452,3.76047546917459,45.5448894953447,-0.622027005568519
651.05,670,4663,4637,10048765,8787115,2025-09-29,2025-12-19,661.82,-26,-1261650,377694332,-58241268,2.3265149237135,67.4708491521657,-0.143579548008647
650.32,655,16680,18325,11392440,8576100,2025-09-29,2025-10-17,661.82,1645,-2816340,237131503,-97702452,3.6166008697714,49.1614903651161,-0.328394025256235
615.77,620,18891,19921,10068903,8426583,2025-09-29,2025-11-21,661.82,1030,-1642320,277092975,-51674793,3.04106699204482,64.7090695821502,-0.194897504718105
620.22,625,20776,16782,12320168,8021796,2025-09-29,2025-11-21,661.82,-3994,-4298372,277092975,-51674793,2.89498353395643,67.6040531161066,-0.53583661314748
633.85,645,7103,7100,9155767,7916500,2025-09-29,2025-12-19,661.82,-3,-1239267,377694332,-58241268,2.09600709602388,69.5668562481896,-0.156542285100739
655.97,680,3264,3262,8979264,7838586,2025-09-29,2025-12-19,661.82,-2,-1140678,377694332,-58241268,2.07537824528434,71.642234493474,-0.145520888588835
656.79,662,14555,14626,11644000,7620146,2025-09-29,2025-10-10,661.82,71,-4023854,47576883,-25404926,16.0164885118683,16.0164885118683,-0.528054711812608
651.87,655,22965,23874,12010695,7472562,2025-09-29,2025-10-10,661.82,909,-4538133,47576883,-25404926,15.7062874421597,31.7227759540279,-0.607306168888261
518.47,520,48572,48594,9034392,7434882,2025-09-29,2025-12-19,661.82,22,-1599510,377694332,-58241268,1.96849181205081,73.6107263055248,-0.215135895902584
648.2,665,3737,4367,7227358,7336560,2025-09-29,2025-12-19,661.82,630,109202.000000001,377694332,-58241268,1.94245965014905,75.5531859556738,0.0148846325798468
637.26,645,8300,8888,7901600,6879312,2025-09-29,2025-11-21,661.82,588,-1022288,277092975,-51674793,2.48267282849737,70.086725944604,-0.148603232416265
547.74,550,29098,29106,8001950,6577956,2025-09-29,2025-12-19,661.82,8,-1423994,377694332,-58241268,1.74160834375455,77.2947942994284,-0.216479708894374
559.43,560,114075,114140,9011925,6505980,2025-09-29,2025-10-31,661.82,65,-2505945,147402672,-43505549,4.41374631254988,17.2964232290172,-0.38517563841266
625.72,635,6750,6886,7249500,6390208,2025-09-29,2025-12-19,661.82,136,-859292.000000001,377694332,-58241268,1.69189936374264,78.986693663171,-0.134470114274841
611.23,615,16406,16625,7760038,6267625,2025-09-29,2025-11-21,661.82,219,-1492413,277092975,-51674793,2.26192129194181,72.3486472365458,-0.23811459683692
635.66,640,14647,14275,8451319,6195350,2025-09-29,2025-10-31,661.82,-372,-2255969,147402672,-43505549,4.20301064827373,21.4994338772909,-0.36413907204597
633.22,635,35259,34490,9731484,6139220,2025-09-29,2025-10-17,661.82,-769,-3592264,237131503,-97702452,2.58895166704189,51.750442032158,-0.585133616322595
651.32,660,6581,7013,7318072,6087284,2025-09-29,2025-10-31,661.82,432,-1230788,147402672,-43505549,4.1296971875788,25.6291310648697,-0.202190007891861
631.33,635,14619,16066,7221786,5896222,2025-09-29,2025-10-31,661.82,1447,-1325564,147402672,-43505549,4.00007809899131,29.629209163861,-0.224815822742088
566.92,570,19114,18919,7014838,5827052,2025-09-29,2025-12-19,661.82,-195,-1187786,377694332,-58241268,1.54279572297103,80.529489386142,-0.203839952003174
585.76,590,13633,13666,6816500,5794384,2025-09-29,2025-12-19,661.82,33,-1022116,377694332,-58241268,1.53414640069314,82.0636357868352,-0.176397698185001
633.85,638,13733,13760,7402087,5710400,2025-09-29,2025-10-31,661.82,27,-1691687,147402672,-43505549,3.87401389847261,33.5032230623336,-0.296246672737461
538.01,540,28355,28457,6776845,5662943,2025-09-29,2025-12-19,661.82,102,-1113902,377694332,-58241268,1.49934550778485,83.56298129462,-0.19670019634667
509.72,510,201704,201739,7463048,5648692,2025-09-29,2025-10-31,661.82,35,-1814356,147402672,-43505549,3.83215034256638,37.3353734049,-0.321199314814828
619.04,620,53800,56178,8070000,5393088,2025-09-29,2025-10-17,661.82,2378,-2676912,237131503,-97702452,2.27430262608338,54.0247446582414,-0.496359784969205
626.83,630,15636,16696,6660936,5292632,2025-09-29,2025-10-31,661.82,1060,-1368304,147402672,-43505549,3.59059434146486,40.9259677463649,-0.258529971477329
651.69,665,3213,3940,5111883,5244140,2025-09-29,2025-11-21,661.82,727,132257,277092975,-51674793,1.89255609962685,74.2412033361726,0.0252199598027513
654.3,670,3193,3336,5986875,5237520,2025-09-29,2025-11-21,661.82,143,-749355,277092975,-51674793,1.89016700982766,76.1313703460003,-0.143074393987994
498.79,500,42067,42053,6057648,5088413,2025-09-29,2025-12-19,661.82,-14,-969235,377694332,-58241268,1.34723043712501,84.910211731745,-0.190478838883558
614.22,615,62403,62514,7925181,4876092,2025-09-29,2025-10-17,661.82,111,-3049089,237131503,-97702452,2.0562818260381,56.0810264842795,-0.625314083491452
557.29,560,17850,17860,5658450,4840060,2025-09-29,2025-12-19,661.82,10,-818390,377694332,-58241268,1.28147541276844,86.1916871445135,-0.16908674685851
639.84,645,9617,9351,6520326,4825116,2025-09-29,2025-10-31,661.82,-266,-1695210,147402672,-43505549,3.27342505704374,44.1993928034086,-0.351330413610782
652.5,658,8606,8732,6755710,4802600,2025-09-29,2025-10-17,661.82,126,-1953110,237131503,-97702452,2.02528973976098,58.1063162240405,-0.406677632948819
608.27,610,26955,27203,6388335,4706119,2025-09-29,2025-10-31,661.82,248,-1682216,147402672,-43505549,3.19269585560837,47.392088659017,-0.357452924586055
654.49,671,2482,2587,4571844,4271137,2025-09-29,2025-11-21,661.82,105,-300707,277092975,-51674793,1.54140934103436,77.6727796870347,-0.0704044379751809
587.78,590,18781,19100,5277461,4240200,2025-09-29,2025-11-21,661.82,319,-1037261,277092975,-51674793,1.53024449645467,79.2030241834893,-0.244625489363709
599.49,600,82220,82257,6413160,4195107,2025-09-29,2025-10-17,661.82,37,-2218053,237131503,-97702452,1.76910572696029,59.8754219510008,-0.528723820393616
603.5,605,27687,27638,5758896,4145700,2025-09-29,2025-10-31,661.82,-49,-1613196,147402672,-43505549,2.81249989823794,50.2045885572549,-0.389125117591722
617.67,620,16070,17425,5045980,4060025,2025-09-29,2025-10-31,661.82,1355,-985955,147402672,-43505549,2.75437679989953,52.9589653571545,-0.242844563765001
657.23,660,9395,14296,5092090,3959992,2025-09-29,2025-10-03,661.82,4901,-1132098,37665902,-20955957,10.5134665300196,10.5134665300196,-0.285883910876588
590.34,595,8430,8418,4602780,3922788,2025-09-29,2025-12-19,661.82,-12,-679992,377694332,-58241268,1.03861447409807,87.2303016186115,-0.17334406039786
529.62,530,102894,102839,5144700,3907882,2025-09-29,2025-10-31,661.82,-55,-1236818,147402672,-43505549,2.65116089618783,55.6101262533423,-0.316493179681475
479.82,480,208112,208107,5202800,3745926,2025-09-29,2025-10-31,661.82,-5,-1456874,147402672,-43505549,2.54128771831219,58.1514139716545,-0.388922258474941
592.52,595,15562,15072,4870906,3737856,2025-09-29,2025-11-21,661.82,-490,-1133050,277092975,-51674793,1.34895372212161,80.5519779056109,-0.303128317409767
581.13,585,9549,9636,4526226,3729132,2025-09-29,2025-12-19,661.82,87,-797094,377694332,-58241268,0.98734126621736,88.2176428848289,-0.213747864114223
552.45,555,14540,14533,4332920,3705915,2025-09-29,2025-12-19,661.82,-7,-627005.000000001,377694332,-58241268,0.981194231953685,89.1988371167826,-0.169190334910542
601.95,605,12018,11894,4602894,3627670,2025-09-29,2025-11-21,661.82,-124,-975224.000000001,277092975,-51674793,1.3091887298839,81.8611666354948,-0.26882930365772
649.11,650,26391,40654,5700456,3618206,2025-09-29,2025-10-03,661.82,14263,-2082250,37665902,-20955957,9.60605164851754,20.1195181785372,-0.575492384900142
629.51,631,23994,24092,5590602,3589708,2025-09-29,2025-10-17,661.82,98,-2000894,237131503,-97702452,1.51380476848747,61.3892267194882,-0.55739742619734
578.17,580,18715,18746,4360595,3430518,2025-09-29,2025-11-21,661.82,31,-930077,277092975,-51674793,1.23803860419053,83.0992052396853,-0.271118530787479
653.42,655,19545,21653,6723480,3421174,2025-09-29,2025-10-03,661.82,2108,-3302306,37665902,-20955957,9.08294722372506,29.2024654022622,-0.9652552018693
528.23,530,19065,19064,4003650,3374328,2025-09-29,2025-12-19,661.82,-1,-629322,377694332,-58241268,0.893401810435429,90.092238927218,-0.186502912579927
659.3,670,2589,3051,3761817,3264570,2025-09-29,2025-10-17,661.82,462,-497247.000000001,237131503,-97702452,1.37669181812591,62.7659185376141,-0.152316231540448
643.76,647,7377,10073,3481944,3263652,2025-09-29,2025-10-17,661.82,2696,-218292,237131503,-97702452,1.37630469115696,64.1422232287711,-0.0668858076780244
657.89,661,2653,10225,1575882,3179975,2025-09-29,2025-10-03,661.82,7572,1604093,37665902,-20955957,8.44258289632889,37.6450482985911,0.504435726695965
599.53,605,5770,5789,3790890,3166583,2025-09-29,2025-12-19,661.82,19,-624307,377694332,-58241268,0.838398337415347,90.9306372646333,-0.197154787984398
655.81,663,4341,4320,4341000,3106080,2025-09-29,2025-10-17,661.82,-21,-1234920,237131503,-97702452,1.30985548554466,65.4520787143158,-0.397581517539793
562.06,565,10513,10538,3584933,3098172,2025-09-29,2025-12-19,661.82,25,-486761,377694332,-58241268,0.820285542436999,91.7509228070704,-0.157112323008535
609.34,610,45879,45361,4863174,2993826,2025-09-29,2025-10-17,661.82,-518,-1869348,237131503,-97702452,1.26251719494225,66.714595909258,-0.624401017293591
449.72,450,104993,104992,3884741,2939776,2025-09-29,2025-11-21,661.82,-1,-944965,277092975,-51674793,1.06093487213092,84.1601401118163,-0.321441157421518
645.16,647,14677,15311,4579224,2817224,2025-09-29,2025-10-10,661.82,634,-1762000,47576883,-25404926,5.92141355708402,37.6441895111119,-0.625438374797318
660.63,675,1092,1951,1995084,2803587,2025-09-29,2025-10-17,661.82,859,808503,237131503,-97702452,1.18229208879092,67.8968879980489,0.288381633956785
638.86,640,23952,24239,5053872,2763246,2025-09-29,2025-10-10,661.82,287,-2290626,47576883,-25404926,5.80795929821632,43.4521488093283,-0.828962025096571
655.21,662,3012,3947,2858388,2680013,2025-09-29,2025-10-17,661.82,935,-178375,237131503,-97702452,1.13018007565195,69.0270680737009,-0.0665575129672878
563.59,565,18516,18566,3277332,2617806,2025-09-29,2025-11-21,661.82,50,-659526,277092975,-51674793,0.944739216142163,85.1048793279584,-0.251938455332443
655.78,658,12476,11719,5651628,2601618,2025-09-29,2025-10-03,661.82,-757,-3050010,37665902,-20955957,6.9070906625308,44.5521389611219,-1.17235120605715
597.64,599,18162,18164,3178350,2470304,2025-09-29,2025-10-31,661.82,2,-708046,147402672,-43505549,1.6758882091364,59.8273021807909,-0.286623022915398
645.18,650,2824,4746,1835600,2287572,2025-09-29,2025-10-24,661.82,1922,451972,25326184,-3674530,9.03243852291368,9.03243852291368,0.197577169155769
584.09,585,24513,24523,3113151,2231593,2025-09-29,2025-10-31,661.82,10,-881558,147402672,-43505549,1.51394338360434,61.3412455643952,-0.395035295414531
612.2,613,27985,27784,3833945,2222720,2025-09-29,2025-10-17,661.82,-201,-1611225,237131503,-97702452,0.937336444917654,69.9644045186185,-0.724888874892024
659.04,663,5249,5466,3674300,2164536,2025-09-29,2025-10-03,661.82,217,-1509764,37665902,-20955957,5.74667241474796,50.2988113758699,-0.697500064678989
625.72,627,2000,16288,404000,2084864,2025-09-29,2025-10-17,661.82,14288,1680864,237131503,-97702452,0.879201613292182,70.8436061319107,0.806222372298625
640.31,643,5514,7630,2321394,2052470,2025-09-29,2025-10-17,661.82,2116,-268924,237131503,-97702452,0.865540838747182,71.7091469706579,-0.13102457039567
523.36,525,12492,12430,2460924,2038520,2025-09-29,2025-12-19,661.82,-62,-422404,377694332,-58241268,0.539727453468907,92.2906502605393,-0.207211113945412
598.69,600,15209,15394,2752829,2016614,2025-09-29,2025-10-31,661.82,185,-736215,147402672,-43505549,1.36809867327235,62.7093442376676,-0.36507482344167
652.6,660,2254,2720,2190888,2012800,2025-09-29,2025-10-24,661.82,466,-178088,25326184,-3674530,7.94750602775373,16.9799445506674,-0.0884777424483307
658.85,680,493,946,1220175,2000790,2025-09-29,2025-11-21,661.82,453,780615,277092975,-51674793,0.722064498387229,85.8269438263457,0.390153389411183
488.86,490,17300,17276,2249000,1969464,2025-09-29,2025-12-19,661.82,-24,-279536,377694332,-58241268,0.521443885475094,92.8120941460143,-0.141935064565791
647.77,655,2553,2713,2402373,1961499,2025-09-29,2025-10-31,661.82,160,-440874,147402672,-43505549,1.33070789924351,64.0400521369111,-0.224763815836766
619.92,621,18036,18066,2813616,1951128,2025-09-29,2025-10-17,661.82,30,-862488,237131503,-97702452,0.82280421425069,72.5319511849086,-0.442045831949518
658.51,662,4889,5506,3084959,1921594,2025-09-29,2025-10-03,661.82,617,-1163365,37665902,-20955957,5.10168055978057,55.4004919356505,-0.605416648886289
657.31,663,2345,3364,2019045,1914116,2025-09-29,2025-10-10,661.82,1019,-104929,47576883,-25404926,4.0232059758938,47.4753547852221,-0.0548185167461114
655.51,660,3603,4244,2514894,1905556,2025-09-29,2025-10-10,661.82,641,-609338,47576883,-25404926,4.00521404481248,51.4805688300345,-0.319769138246265
652.11,666,1322,1355,2183944,1882095,2025-09-29,2025-11-21,661.82,33,-301849,277092975,-51674793,0.67922869571125,86.5061725220569,-0.160379258220228
647.77,650,7606,8343,2897886,1860489,2025-09-29,2025-10-10,661.82,737,-1037397,47576883,-25404926,3.91048947027488,55.3910583003094,-0.557593729390499
610.17,612,9934,9900,2791454,1811700,2025-09-29,2025-10-31,661.82,-34,-979754,147402672,-43505549,1.22908219737021,65.2691343342813,-0.540792625710659
629.48,633,5009,5039,2434374,1773728,2025-09-29,2025-10-31,661.82,30,-660646,147402672,-43505549,1.20332147031907,66.4724558046004,-0.372461843078533
655,672,994,1041,2028754,1769700,2025-09-29,2025-11-21,661.82,47,-259054,277092975,-51674793,0.638666498131178,87.1448390201881,-0.146383002768831
590.89,592,15855,15857,2378250,1760127,2025-09-29,2025-10-31,661.82,2,-618123,147402672,-43505549,1.19409436485656,67.6665501694569,-0.351180909104854
642.51,644,10311,11807,2711793,1759243,2025-09-29,2025-10-10,661.82,1496,-952550,47576883,-25404926,3.6976844405717,59.0887427408811,-0.54145447786349
582.94,585,8824,8507,2250120,1752442,2025-09-29,2025-11-21,661.82,-317,-497677.999999999,277092975,-51674793,0.632438263727184,87.7772772839153,-0.283991139221726
533.15,535,9284,9316,2051764,1723460,2025-09-29,2025-12-19,661.82,32,-328304,377694332,-58241268,0.456310792612053,93.2684049386264,-0.190491221148155
579.68,580,53935,53596,2696750,1715072,2025-09-29,2025-10-17,661.82,-339,-981678,237131503,-97702452,0.723257761327477,73.2552089462361,-0.572382967012464
647.92,652,3522,4195,2085024,1711560,2025-09-29,2025-10-17,661.82,673,-373464,237131503,-97702452,0.721776726561717,73.9769856727978,-0.218200939493795
594.55,595,37616,37639,2633120,1693755,2025-09-29,2025-10-17,661.82,23,-939365,237131503,-97702452,0.71426823453314,74.6912539073309,-0.554605004856074
654.43,665,1626,1580,2162580,1670060,2025-09-29,2025-10-31,661.82,-46,-492520,147402672,-43505549,1.13299167331241,68.7995418427693,-0.29491156006371
649.43,652,6486,6446,2801952,1656622,2025-09-29,2025-10-10,661.82,-40,-1145330,47576883,-25404926,3.48198935184552,62.5707320927266,-0.691364716875667
651.75,657,2729,3136,2049479,1646400,2025-09-29,2025-10-17,661.82,407,-403079,237131503,-97702452,0.694298302490834,75.3855522098217,-0.244824465500486
615.2,616,20588,20574,2861732,1645920,2025-09-29,2025-10-17,661.82,-14,-1215812,237131503,-97702452,0.694095883160661,76.0796480929824,-0.738682317488092
654.54,661,2188,2547,2015148,1645362,2025-09-29,2025-10-17,661.82,359,-369786,237131503,-97702452,0.693860570689336,76.7735086636717,-0.224744463528391
558.73,560,12833,12891,2091779,1637157,2025-09-29,2025-11-21,661.82,58,-454622,277092975,-51674793,0.590833094920577,88.3681103788358,-0.27768992222493
542.8,545,7405,7414,1903085,1631080,2025-09-29,2025-12-19,661.82,9,-272005,377694332,-58241268,0.431851860567503,93.7002567991939,-0.166763739362876
589.61,590,42570,41727,2554200,1627353,2025-09-29,2025-10-17,661.82,-843,-926847,237131503,-97702452,0.686266050445436,77.4597747141172,-0.569542686804891
503.64,505,11497,11620,1724550,1580320,2025-09-29,2025-12-19,661.82,123,-144230,377694332,-58241268,0.418412421396888,94.1186692205908,-0.0912663258074314
656.44,659,3902,6170,1931490,1579520,2025-09-29,2025-10-03,661.82,2268,-351970,37665902,-20955957,4.19350106098614,59.5939929966366,-0.22283351904376
647,658,1247,1401,1642299,1541100,2025-09-29,2025-11-21,661.82,154,-101199,277092975,-51674793,0.556167113222556,88.9242774920584,-0.0656667315553827
649.09,655,2248,2603,1811888,1538373,2025-09-29,2025-10-24,661.82,355,-273515,25326184,-3674530,6.07423921424562,23.054183764913,-0.17779498210122
604.38,605,24726,24755,2373696,1534810,2025-09-29,2025-10-17,661.82,29,-838886,237131503,-97702452,0.647240025295163,78.1070147394123,-0.546573191469954
656.58,670,1107,1135,1781163,1523170,2025-09-29,2025-10-31,661.82,28,-257993,147402672,-43505549,1.03333947704829,69.8328813198176,-0.169378992495913
636.8,640,2771,4735,1235866,1515200,2025-09-29,2025-10-24,661.82,1964,279334,25326184,-3674530,5.98274102407216,29.0369247889852,0.184354540654699
529.86,530,107641,107625,2475743,1506750,2025-09-29,2025-10-17,661.82,-16,-968993,237131503,-97702452,0.635406928618843,78.7424216680312,-0.64310137713622
549.52,550,31299,31253,2065734,1500144,2025-09-29,2025-10-31,661.82,-46,-565590,147402672,-43505549,1.01771832195823,70.8505996417758,-0.377023805714652
508.63,510,10855,10812,1758510,1481244,2025-09-29,2025-12-19,661.82,-43,-277266,377694332,-58241268,0.392180627163873,94.5108498477547,-0.187184555684276
647.12,651,3469,3796,1963454,1472848,2025-09-29,2025-10-17,661.82,327,-490606,237131503,-97702452,0.621110220011552,79.3635318880427,-0.333100224870455
656.31,664,1832,1912,1943752,1470328,2025-09-29,2025-10-17,661.82,80,-473424,237131503,-97702452,0.620047518528148,79.9835794065709,-0.321985298518426
449.31,450,21274,21168,1787016,1460592,2025-09-29,2025-12-19,661.82,-106,-326424,377694332,-58241268,0.386712713496585,94.8975625612512,-0.223487462617898
584.6,585,35717,35683,1964435,1427320,2025-09-29,2025-10-17,661.82,-34,-537115,237131503,-97702452,0.601910746544714,80.5854901531156,-0.376310147689376
624.75,626,11360,11402,2249280,1425250,2025-09-29,2025-10-17,661.82,42,-824030,237131503,-97702452,0.601037813183346,81.1865279662989,-0.578165234169444
627.83,630,6448,6498,2044016,1410066,2025-09-29,2025-10-24,661.82,50,-633950,25326184,-3674530,5.56762124132084,34.604546030306,-0.449588884491932
636.82,639,6567,6419,2180244,1399342,2025-09-29,2025-10-17,661.82,-148,-780902,237131503,-97702452,0.590112229837298,81.7766401961362,-0.558049426087404
632.26,634,8114,7984,2166438,1389216,2025-09-29,2025-10-17,661.82,-130,-777222,237131503,-97702452,0.585842025384539,82.3624822215208,-0.559468074079193
658.24,685,514,518,1570270,1386168,2025-09-29,2025-12-19,661.82,4,-184102,377694332,-58241268,0.367007890391111,95.2645704516424,-0.132813627208246
660,665,2191,2758,1783474,1379000,2025-09-29,2025-10-03,661.82,567,-404474,37665902,-20955957,3.6611362712089,63.2551292678455,-0.293309644670051
649.46,654,3111,3024,2034594,1372896,2025-09-29,2025-10-17,661.82,-87,-661698,237131503,-97702452,0.578959768158683,82.9414419896795,-0.481972414516467
627.59,629,9895,9669,2117530,1363329,2025-09-29,2025-10-17,661.82,-226,-754201.000000001,237131503,-97702452,0.574925297884187,83.5163672875637,-0.553205425836317
654.22,656,7778,7614,2940084,1355292,2025-09-29,2025-10-03,661.82,-164,-1584792,37665902,-20955957,3.59819340049257,66.8533226683381,-1.16933620208782
652.65,656,4036,3988,2219800,1335980,2025-09-29,2025-10-10,661.82,-48,-883820,47576883,-25404926,2.80804440257257,65.3787764952992,-0.661551819638019
657.29,666,1228,1525,1420796,1328275,2025-09-29,2025-10-17,661.82,297,-92520.9999999998,237131503,-97702452,0.560142782884483,84.0765100704481,-0.0696550036701735
652.51,662,1322,1388,1575824,1317212,2025-09-29,2025-10-31,661.82,66,-258612,147402672,-43505549,0.893614737187397,71.7442143789632,-0.196332860617729
588.97,590,12623,12663,1805089,1304289,2025-09-29,2025-10-31,661.82,40,-500800,147402672,-43505549,0.884847596249816,72.6290619752131,-0.38396398344232
626.66,628,9677,9603,2157971,1286802,2025-09-29,2025-10-17,661.82,-74,-871169,237131503,-97702452,0.542653331050662,84.6191634014988,-0.677003144228871
559.77,560,55866,55768,2011176,1282664,2025-09-29,2025-10-17,661.82,-98,-728512,237131503,-97702452,0.540908307741802,85.1600717092406,-0.567967916773215
662.32,687,517,517,1275956,1275956,2025-09-29,2025-10-31,661.82,0,0,147402672,-43505549,0.865626099369488,73.4946880745825,0
645.45,649,3463,3563,1786908,1264865,2025-09-29,2025-10-17,661.82,100,-522043,237131503,-97702452,0.533402345954852,85.6934740551954,-0.412726259324118
648.71,653,2853,2907,1763154,1247103,2025-09-29,2025-10-17,661.82,54,-516051,237131503,-97702452,0.525911987324603,86.2193860425201,-0.413799822468553
479.94,480,206656,206528,2273216,1239168,2025-09-29,2025-10-17,661.82,-128,-1034048,237131503,-97702452,0.522565742772693,86.7419517852927,-0.834469579588886
593.8,595,9237,10270,1468683,1232400,2025-09-29,2025-10-31,661.82,1033,-236283,147402672,-43505549,0.836077109918333,74.3307651845009,-0.191725900681597
649.99,663,918,937,1413720,1219037,2025-09-29,2025-11-21,661.82,19,-194683,277092975,-51674793,0.439937894491912,89.3642153865503,-0.159702289594163
459.88,460,101202,101078,2125242,1212936,2025-09-29,2025-10-31,661.82,-124,-912306,147402672,-43505549,0.822872464618552,75.1536376491194,-0.752146856882804
653.37,661,329,1567,362229,1195621,2025-09-29,2025-10-24,661.82,1238,833392,25326184,-3674530,4.72088886347821,39.3254348937842,0.697036937290329
627.95,634,1827,1948,1348326,1178540,2025-09-29,2025-11-21,661.82,121,-169786,277092975,-51674793,0.425322944401604,89.7895383309519,-0.144064690209921
644.65,648,3195,3517,1571940,1178195,2025-09-29,2025-10-17,661.82,322,-393745,237131503,-97702452,0.496853005650624,87.2388047909434,-0.334193406015133
653.19,659,1918,2021,1586186,1174201,2025-09-29,2025-10-17,661.82,103,-411985,237131503,-97702452,0.495168708140816,87.7339734990842,-0.350864119516165
635.94,638,5715,5623,1788795,1158338,2025-09-29,2025-10-17,661.82,-92,-630457,237131503,-97702452,0.488479170985561,88.2224526700698,-0.544277231688851
622.89,624,10267,10318,1806992,1145298,2025-09-29,2025-10-17,661.82,51,-661694,237131503,-97702452,0.482980112515881,88.7054327825856,-0.577748324016981
631.3,633,6382,6718,1621028,1142060,2025-09-29,2025-10-17,661.82,336,-478968,237131503,-97702452,0.481614625451094,89.1870474080367,-0.419389524193125
651.74,653,2228,9063,632752,1141938,2025-09-29,2025-10-03,661.82,6835,509186,37665902,-20955957,3.03175535262636,69.8850780209644,0.445896362149259
513.57,515,7979,7984,1388346,1141712,2025-09-29,2025-12-19,661.82,5,-246634,377694332,-58241268,0.302284652765189,95.5668551044076,-0.216021203245652
429.89,430,102252,102262,1329276,1124882,2025-09-29,2025-10-31,661.82,10,-204394,147402672,-43505549,0.763135419960365,75.9167730690798,-0.181702614140861
647.7,659,837,992,1138320,1120960,2025-09-29,2025-11-21,661.82,155,-17360,277092975,-51674793,0.40454291560441,90.1940812465563,-0.0154867256637168
651.97,661,1053,1234,1242540,1114302,2025-09-29,2025-10-31,661.82,181,-128238,147402672,-43505549,0.755957802447434,76.6727308715272,-0.115083702622808
568.5,570,7142,7321,1371264,1098150,2025-09-29,2025-11-21,661.82,179,-273114,277092975,-51674793,0.396311021598436,90.5903922681548,-0.248703728998771
649.11,661,610,899,869250,1068911,2025-09-29,2025-11-21,661.82,289,199661,277092975,-51674793,0.385758967725544,90.9761512358803,0.186789171409032
399.61,400,27323,27336,1338827,1066104,2025-09-29,2025-12-19,661.82,13,-272723,377694332,-58241268,0.28226634865148,95.849121453059,-0.255812753727591
661.75,680,362,576,795314,1051200,2025-09-29,2025-10-17,661.82,214,255886,237131503,-97702452,0.443298333077238,89.630345741114,0.243422754946728
653.47,669,560,672,999040,1043616,2025-09-29,2025-11-21,661.82,112,44576,277092975,-51674793,0.376630262820629,91.3527814987009,0.0427130285468985
626.35,632,1524,1846,1063752,1042990,2025-09-29,2025-11-21,661.82,322,-20761.9999999999,277092975,-51674793,0.376404345869829,91.7291858445708,-0.01990623112398
646.36,657,991,980,1280372,1042720,2025-09-29,2025-11-21,661.82,-11,-237652,277092975,-51674793,0.376306905651434,92.1054927502222,-0.227915451895044
573.34,575,6052,6154,1276972,1021564,2025-09-29,2025-11-21,661.82,102,-255408,277092975,-51674793,0.36867192320556,92.4741646734278,-0.250016641150236
655.01,657,4367,5121,1812305,1019079,2025-09-29,2025-10-03,661.82,754,-793226,37665902,-20955957,2.70557439458107,72.5906524155455,-0.778375376197528
659.82,690,312,332,1071408,1001976,2025-09-29,2025-12-19,661.82,20,-69432.0000000002,377694332,-58241268,0.265287539448699,96.1144089925077,-0.0692950729358789
654.65,666,653,859,902446,974965,2025-09-29,2025-10-31,661.82,206,72518.9999999999,147402672,-43505549,0.661429665264141,77.3341605367914,0.0743811316303661
645.55,656,858,932,1084512,973940,2025-09-29,2025-11-21,661.82,74,-110572,277092975,-51674793,0.351484912239294,92.8256495856671,-0.113530607634967
657.9,667,1059,1061,1302570,965510,2025-09-29,2025-10-17,661.82,2,-337060,237131503,-97702452,0.407162265572112,90.0375080066861,-0.349100475396423
643.9,654,844,954,1028836,963540,2025-09-29,2025-11-21,661.82,110,-65295.9999999999,277092975,-51674793,0.347731659382559,93.1733812450496,-0.0677667766776677
654.4,663,919,1114,1019171,958040,2025-09-29,2025-10-24,661.82,195,-61130.9999999999,25326184,-3674530,3.78280438932292,43.1082392831072,-0.063808400484322
628.41,629,21705,16129,2452665,951611,2025-09-29,2025-10-10,661.82,-5576,-1501054,47576883,-25404926,2.00015415049363,67.3789306457928,-1.57738193442489
629.83,636,1247,1541,983883,950797,2025-09-29,2025-11-21,661.82,294,-33086.0000000001,277092975,-51674793,0.343132841963965,93.5165140870136,-0.0347981745840596
641.29,644,2663,3483,1115797,943893,2025-09-29,2025-10-17,661.82,820,-171904,237131503,-97702452,0.398046226696417,90.4355542333825,-0.182122338019246
504.91,505,103466,103443,1655456,930987,2025-09-29,2025-10-17,661.82,-23,-724469,237131503,-97702452,0.39260367695641,90.8281579103389,-0.778173057196288
657.86,664,1408,1501,1267200,921614,2025-09-29,2025-10-10,661.82,93,-345586,47576883,-25404926,1.93710462284803,69.3160352686409,-0.374979112730492
636.27,644,1107,1182,1025082,913686,2025-09-29,2025-11-21,661.82,75,-111396,277092975,-51674793,0.329739864390283,93.8462539514039,-0.121919346471326
642.96,646,2908,2984,1296968,907136,2025-09-29,2025-10-17,661.82,76,-389832,237131503,-97702452,0.382545544781538,91.2107034551204,-0.429739311415267
650.51,659,1002,1062,1088172,901638,2025-09-29,2025-10-31,661.82,60,-186534,147402672,-43505549,0.611683619955003,77.9458441567464,-0.206883472080813
645.34,652,1350,1352,1155600,900432,2025-09-29,2025-10-31,661.82,2,-255168,147402672,-43505549,0.61086545296818,78.5567096097146,-0.283383975691668
639.52,642,3316,3593,1236868,891064,2025-09-29,2025-10-17,661.82,277,-345804,237131503,-97702452,0.375767870876271,91.5864713259967,-0.38807986856163
454.17,455,10748,10719,935076,889677,2025-09-29,2025-12-19,661.82,-29,-45399,377694332,-58241268,0.235554766016452,96.3499637585242,-0.0510286317393841
639.68,640,26660,27788,2266100,889216,2025-09-29,2025-10-03,661.82,1128,-1376884,37665902,-20955957,2.36079836877396,74.9514507843195,-1.54842467971786
621.86,623,7908,7763,1320636,884982,2025-09-29,2025-10-17,661.82,-145,-435654,237131503,-97702452,0.373203049280213,91.9596743752769,-0.492274419140728
618.01,619,8681,8886,1258745,879714,2025-09-29,2025-10-17,661.82,205,-379031,237131503,-97702452,0.370981497131573,92.3306558724085,-0.430857074003597
637.3,642,1860,1869,1194120,878430,2025-09-29,2025-10-31,661.82,9,-315690,147402672,-43505549,0.595938993561799,79.1526486032763,-0.35937980260237
613.01,615,4480,4359,1227520,867441,2025-09-29,2025-10-31,661.82,-121,-360079,147402672,-43505549,0.588483904823652,79.7411325081,-0.41510488897804
656.16,661,1630,1785,1217610,863940,2025-09-29,2025-10-10,661.82,155,-353670,47576883,-25404926,1.81588188532654,71.1319171539674,-0.40936870616015
649.7,662,635,693,949325,852390,2025-09-29,2025-11-21,661.82,58,-96935,277092975,-51674793,0.307618769476202,94.1538727208801,-0.113721418599467
656.71,675,446,466,993242,852314,2025-09-29,2025-11-21,661.82,20,-140928,277092975,-51674793,0.307591341859172,94.4614640627392,-0.165347512771115
653.41,675,397,394,950021,850646,2025-09-29,2025-12-19,661.82,-3,-99375,377694332,-58241268,0.225220748083665,96.5751845066079,-0.116822979241659
574.69,575,27936,27428,1312992,850268,2025-09-29,2025-10-17,661.82,-508,-462724,237131503,-97702452,0.35856391463938,92.6892197870479,-0.544209590387972
419.51,420,17391,17194,1060851,842506,2025-09-29,2025-12-19,661.82,-197,-218345,377694332,-58241268,0.223065566152049,96.7982500727599,-0.259161359088244
658.5,675,503,507,1042719,836550,2025-09-29,2025-10-31,661.82,4,-206169,147402672,-43505549,0.567527025561653,80.3086595336617,-0.246451497220728
653.34,657,2090,2277,1216380,833382,2025-09-29,2025-10-10,661.82,187,-382998,47576883,-25404926,1.75165321359955,72.883570367567,-0.459570761067554
579.18,580,10145,10102,1156530,828364,2025-09-29,2025-10-31,661.82,-43,-328166,147402672,-43505549,0.561973530574805,80.8706330642364,-0.396161590798248
454.96,455,207448,207087,1244688,828348,2025-09-29,2025-10-17,661.82,-361,-416340,237131503,-97702452,0.349320098561514,93.0385398856094,-0.502614843036985
478.98,480,8107,8110,932305,827220,2025-09-29,2025-12-19,661.82,3,-105085,377694332,-58241268,0.219018378067691,97.0172684508276,-0.127033920843306
569.73,570,30338,30433,1304534,821691,2025-09-29,2025-10-17,661.82,95,-482843,237131503,-97702452,0.346512795476188,93.3850526810856,-0.587621137386195
631.47,638,1225,1257,983675,820821,2025-09-29,2025-11-21,661.82,32,-162854,277092975,-51674793,0.296225842607522,94.7576899053468,-0.198403793275269
653.1,663,811,825,1034836,816750,2025-09-29,2025-10-31,661.82,14,-218086,147402672,-43505549,0.554094433240667,81.4247274974771,-0.267016835016835
640.41,649,859,933,921707,801447,2025-09-29,2025-11-21,661.82,74,-120260,277092975,-51674793,0.289233965603062,95.0469238709498,-0.15005359056806
649.16,657,998,1004,998000,787136,2025-09-29,2025-10-31,661.82,6,-210864,147402672,-43505549,0.534003888341997,81.9587313858191,-0.267887633140906
630.42,632,4843,4912,1186535,776096,2025-09-29,2025-10-17,661.82,69,-410439,237131503,-97702452,0.327285067644513,93.7123377487301,-0.528850812270647
651.02,656,1578,1558,1125114,775884,2025-09-29,2025-10-17,661.82,-20,-349230,237131503,-97702452,0.327195665773687,94.0395334145038,-0.450105943671992
661.14,675,543,558,937218,773388,2025-09-29,2025-10-10,661.82,15,-163830,47576883,-25404926,1.62555415830835,74.5091245258753,-0.211834163447067
656.64,671,538,538,772568,772568,2025-09-29,2025-10-10,661.82,0,0,47576883,-25404926,1.6238306322001,76.1329551580754,0
633.74,641,1070,1053,940530,764478,2025-09-29,2025-11-21,661.82,-17,-176052,277092975,-51674793,0.275892234366461,95.3228161053163,-0.230290472714715
554.45,555,13775,13774,1005575,757570,2025-09-29,2025-10-31,661.82,-1,-248005,147402672,-43505549,0.513945907303499,82.4726772931226,-0.327369088005069
659.54,664,1615,1694,1224170,755524,2025-09-29,2025-10-03,661.82,79,-468646,37665902,-20955957,2.00585664986863,76.9573074341881,-0.62029267104685
444.31,445,10587,10587,836373,730503,2025-09-29,2025-12-19,661.82,0,-105870,377694332,-58241268,0.193411162971861,97.2106796137995,-0.144927536231884
657.92,668,723,723,986895,728784,2025-09-29,2025-10-17,661.82,0,-258111,237131503,-97702452,0.307333269000534,94.3468666835043,-0.354166666666667
601.51,603,4872,4874,959784,726226,2025-09-29,2025-10-31,661.82,2,-233558,147402672,-43505549,0.492681706611126,82.9653589997337,-0.321605120169204
613.25,614,9471,9591,1174404,719325,2025-09-29,2025-10-17,661.82,120,-455079,237131503,-97702452,0.303344343075327,94.6502110265796,-0.632647273485559
629.38,630,8103,11365,972360,704630,2025-09-29,2025-10-10,661.82,3262,-267730,47576883,-25404926,1.48103439226988,77.6139895503453,-0.379958275974625
646.9,649,2368,3350,857216,703500,2025-09-29,2025-10-10,661.82,982,-153716,47576883,-25404926,1.47865928921825,79.0926488395635,-0.218501776830135
635.03,637,3600,3570,1094400,703290,2025-09-29,2025-10-17,661.82,-30,-391110,237131503,-97702452,0.29658227232676,94.9467932989064,-0.55611483171949
654.07,658,1830,1780,1129110,699540,2025-09-29,2025-10-10,661.82,-50,-429570,47576883,-25404926,1.47033591923204,80.5629847587956,-0.614074963547474
636.54,641,1473,1558,877908,694868,2025-09-29,2025-10-31,661.82,85,-183040,147402672,-43505549,0.471408008126203,83.43676700786,-0.263416936741942
649.84,658,687,844,717915,688704,2025-09-29,2025-10-31,661.82,157,-29211,147402672,-43505549,0.467226265749104,83.9039932736091,-0.0424144480066908
652.8,667,382,482,657040,684440,2025-09-29,2025-11-21,661.82,100,27400,277092975,-51674793,0.247007344736906,95.5698234500532,0.0400327274852434
661,700,177,174,745524,678600,2025-09-29,2025-12-19,661.82,-3,-66924,377694332,-58241268,0.179669098131978,97.3903487119314,-0.0986206896551724
624.98,628,2148,2178,852756,657756,2025-09-29,2025-10-31,661.82,30,-195000,147402672,-43505549,0.446230716903151,84.3502239905122,-0.296462518015799
656.05,666,627,660,783750,656700,2025-09-29,2025-10-24,661.82,33,-127050,25326184,-3674530,2.59296860514004,45.7012078882472,-0.193467336683417
539.82,540,36718,36471,991386,656478,2025-09-29,2025-10-17,661.82,-247,-334908,237131503,-97702452,0.276841327151711,95.2236346260581,-0.510158756272107
660.9,690,217,224,719355,651840,2025-09-29,2025-11-21,661.82,7,-67514.9999999999,277092975,-51674793,0.235242340589833,95.805065790643,-0.103576030927835
660.41,666,1060,1166,935980,651794,2025-09-29,2025-10-03,661.82,106,-284186,37665902,-20955957,1.73046167857602,78.6877691127641,-0.436005854610506
639.64,648,722,777,760266,649572,2025-09-29,2025-11-21,661.82,55,-110694,277092975,-51674793,0.234423842755306,96.0394896333983,-0.170410670410671
642.2,648,1155,1119,853545,649020,2025-09-29,2025-10-31,661.82,-36,-204525,147402672,-43505549,0.440304094351831,84.790528084864,-0.3151289636683
641.45,647,1123,1169,806314,648795,2025-09-29,2025-10-31,661.82,46,-157519,147402672,-43505549,0.440151451257274,85.2306795361213,-0.242787012846893
657.78,695,185,173,654530,643906,2025-09-29,2025-12-19,661.82,-12,-10624,377694332,-58241268,0.170483363250471,97.5608320751819,-0.0164993026932503
643.4,653,569,668,678817,641280,2025-09-29,2025-11-21,661.82,99,-37537,277092975,-51674793,0.231431345381455,96.2709209787798,-0.0585344935129741
638.92,644,1343,1261,886380,640588,2025-09-29,2025-10-31,661.82,-82,-245792,147402672,-43505549,0.434583709581601,85.6652632457029,-0.383697477942141
642.85,649,1011,1024,779481,629760,2025-09-29,2025-10-31,661.82,13,-149721,147402672,-43505549,0.427237845457781,86.0925010911607,-0.237742949695122
469.09,470,6903,6901,717912,627991,2025-09-29,2025-12-19,661.82,-2,-89921,377694332,-58241268,0.166269638380488,97.7271017135624,-0.143188357794937
642.55,652,683,661,773839,624645,2025-09-29,2025-11-21,661.82,-22,-149194,277092975,-51674793,0.225427945259168,96.496348924039,-0.238846064564673
648.16,654,1057,1064,818118,621376,2025-09-29,2025-10-24,661.82,7,-196742,25326184,-3674530,2.45349240138191,48.1547002896291,-0.3166231074261
651.23,658,621,917,565110,620809,2025-09-29,2025-10-24,661.82,296,55698.9999999999,25326184,-3674530,2.45125361167715,50.6059539013063,0.0897200266104388
635.77,639,1876,1915,861084,618545,2025-09-29,2025-10-24,661.82,39,-242539,25326184,-3674530,2.44231424678901,53.0482681480953,-0.392112134121204
549.82,550,34422,34213,1067082,615834,2025-09-29,2025-10-17,661.82,-209,-451248,237131503,-97702452,0.259701470369376,95.4833360964275,-0.732742914486696
653.11,668,325,413,635050,614957,2025-09-29,2025-11-21,661.82,88,-20092.9999999999,277092975,-51674793,0.22193164586724,96.7182805699062,-0.032673829227084
660.75,667,982,977,964324,610625,2025-09-29,2025-10-03,661.82,-5,-353699,37665902,-20955957,1.62116122959169,80.3089303423558,-0.579240941658137
638.78,647,736,738,734528,606636,2025-09-29,2025-11-21,661.82,2,-127892,277092975,-51674793,0.218928682692154,96.9372092525983,-0.210821645929355
650.87,652,2577,5320,657135,601160,2025-09-29,2025-10-03,661.82,2743,-55975,37665902,-20955957,1.59603240087016,81.904962743226,-0.093111650808437
569.33,570,8878,8877,825654,594759,2025-09-29,2025-10-31,661.82,-1,-230895,147402672,-43505549,0.403492685668548,86.4959937768292,-0.388216067348288
658.59,666,766,788,828812,583908,2025-09-29,2025-10-10,661.82,22,-244904,47576883,-25404926,1.22729351563447,81.79027827443,-0.419422237749783
638.61,641,2255,2441,805035,583399,2025-09-29,2025-10-17,661.82,186,-221636,237131503,-97702452,0.246023405839923,95.7293595022674,-0.379904662160888
608.31,609,8343,8376,850986,577944,2025-09-29,2025-10-17,661.82,33,-273042,237131503,-97702452,0.243722994493903,95.9730824967613,-0.4724367758814
650.9,664,359,441,584452,577710,2025-09-29,2025-11-21,661.82,82,-6742,277092975,-51674793,0.208489587294662,97.145698839893,-0.0116702151598553
634.6,642,763,779,694330,576460,2025-09-29,2025-11-21,661.82,16,-117870,277092975,-51674793,0.208038475172458,97.3537373150655,-0.20447212295736
652.59,654,2710,4086,850940,576126,2025-09-29,2025-10-03,661.82,1376,-274814,37665902,-20955957,1.52956910470377,83.4345318479297,-0.477003294418235
646.52,652,1114,1050,793168,575400,2025-09-29,2025-10-24,661.82,-64,-217768,25326184,-3674530,2.27195695964303,55.3202251077383,-0.37846367744178
653.93,662,643,711,696369,573777,2025-09-29,2025-10-24,661.82,68,-122592,25326184,-3674530,2.26554857218127,57.5857736799196,-0.213657919365886
483.78,485,4605,4605,561810,561810,2025-09-29,2025-12-19,661.82,0,0,377694332,-58241268,0.148747267936232,97.8758489814986,0
626.81,629,2511,2522,773388,552318,2025-09-29,2025-10-24,661.82,11,-221070,25326184,-3674530,2.1808180813975,59.7665917613171,-0.400258546706788
634.1,636,2423,2888,751130,548720,2025-09-29,2025-10-17,661.82,465,-202410,237131503,-97702452,0.231399030941916,96.2044815277032,-0.368876658405015
434.38,435,8747,8750,629784,542500,2025-09-29,2025-12-19,661.82,3,-87284,377694332,-58241268,0.143634668046859,98.0194836495455,-0.160892165898618
424.45,425,9831,9830,629184,540650,2025-09-29,2025-12-19,661.82,-1,-88534,377694332,-58241268,0.143144853971491,98.162628503517,-0.163754739665218
640.73,646,953,1020,665194,537540,2025-09-29,2025-10-31,661.82,67,-127654,147402672,-43505549,0.364674529102159,86.8606683059314,-0.237478141161588
554.79,555,25306,25192,860404,529032,2025-09-29,2025-10-17,661.82,-114,-331372,237131503,-97702452,0.22309646474935,96.4275779924526,-0.626374207987419
574.22,575,6756,6766,709380,527748,2025-09-29,2025-10-31,661.82,10,-181632,147402672,-43505549,0.358031501627053,87.2186998075584,-0.344164260215103
637.79,646,620,642,623100,527082,2025-09-29,2025-11-21,661.82,22,-96017.9999999999,277092975,-51674793,0.190218463676317,97.5439557787418,-0.18216899837217
650.62,657,806,826,702026,526988,2025-09-29,2025-10-24,661.82,20,-175038,25326184,-3674530,2.08080301398742,61.8473947753045,-0.332147980599179
599.34,601,3163,3163,629437,525058,2025-09-29,2025-10-31,661.82,0,-104379,147402672,-43505549,0.356206568629909,87.5749063761884,-0.198795180722892
604.3,606,3057,3057,651141,519690,2025-09-29,2025-10-31,661.82,0,-131451,147402672,-43505549,0.352564843600664,87.927471219789,-0.252941176470588
474.09,475,5689,5702,625790,518882,2025-09-29,2025-12-19,661.82,13,-106908,377694332,-58241268,0.137381463272793,98.3000099667898,-0.206035283551944
660.08,680,254,260,584200,517920,2025-09-29,2025-10-31,661.82,6,-66280,147402672,-43505549,0.351364051256819,88.2788352710458,-0.1279734321903
620.58,621,12303,12302,935028,516684,2025-09-29,2025-10-10,661.82,-1,-418344,47576883,-25404926,1.0859980045351,82.8762762789651,-0.809670901363309
644.48,645,12534,9919,1667022,515788,2025-09-29,2025-10-03,661.82,-2615,-1151234,37665902,-20955957,1.36937647212059,84.8039083200503,-2.23199066283047
641.66,651,505,547,568630,510898,2025-09-29,2025-11-21,661.82,42,-57732.0000000001,277092975,-51674793,0.18437782480772,97.7283336035495,-0.113001029559717
654.74,659,1038,1193,685080,508218,2025-09-29,2025-10-10,661.82,155,-176862,47576883,-25404926,1.0682036483979,83.9444799273631,-0.348004202920794
504.72,505,18027,18027,630945,504756,2025-09-29,2025-10-31,661.82,0,-126189,147402672,-43505549,0.342433412604624,88.6212686836505,-0.25
658.81,668,330,545,389070,500855,2025-09-29,2025-10-10,661.82,215,111785,47576883,-25404926,1.05272764506241,84.9972075724255,0.223188347925048
627.7,631,1435,1511,625660,498630,2025-09-29,2025-10-31,661.82,76,-127030,147402672,-43505549,0.338277449950161,88.9595461336006,-0.254758037021439
659.51,677,274,283,571838,494967,2025-09-29,2025-10-31,661.82,9,-76871.0000000001,147402672,-43505549,0.335792420370779,89.2953385539714,-0.155305303181828
635.57,643,584,662,543120,491866,2025-09-29,2025-11-21,661.82,78,-51254.0000000001,277092975,-51674793,0.177509372079895,97.9058429756294,-0.104203177288123
553.84,555,4302,4237,640998,491492,2025-09-29,2025-11-21,661.82,-65,-149506,277092975,-51674793,0.177374399332931,98.0832173749623,-0.304188064098704
659.4,673,163,359,244011,488240,2025-09-29,2025-10-03,661.82,196,244229,37665902,-20955957,1.29623870417334,86.1001470242237,0.500223250860233
655.68,668,405,396,626535,487872,2025-09-29,2025-10-31,661.82,-9,-138663,147402672,-43505549,0.330979074789092,89.6263176287605,-0.284220041322314
621.24,624,1726,1735,617908,478860,2025-09-29,2025-10-31,661.82,9,-139048,147402672,-43505549,0.324865210041783,89.9511828388023,-0.290372969135029
616.1,617,5333,5319,735954,478710,2025-09-29,2025-10-17,661.82,-14,-257244,237131503,-97702452,0.201875328222417,96.629453320675,-0.537369179670364
661.7,670,547,575,669528,477250,2025-09-29,2025-10-03,661.82,28,-192278,37665902,-20955957,1.26706112069213,87.3672081449158,-0.402887375589314
643.4,645,1889,2978,536476,476480,2025-09-29,2025-10-10,661.82,1089,-59995.9999999999,47576883,-25404926,1.00149478056391,85.9987023529894,-0.125915043653458
658.99,667,552,576,608304,461376,2025-09-29,2025-10-10,661.82,24,-146928,47576883,-25404926,0.969748270394259,86.9684506233836,-0.318456096545984
658.37,665,777,692,742812,458796,2025-09-29,2025-10-10,661.82,-85,-284016,47576883,-25404926,0.964325468736571,87.9327760921202,-0.619046373551644
657.25,679,210,210,456750,456750,2025-09-29,2025-10-17,661.82,0,0,237131503,-97702452,0.192614643867036,96.822067964542,0
657.95,678,217,225,510601,451125,2025-09-29,2025-11-21,661.82,8,-59476,277092975,-51674793,0.162806364903333,98.2460237398656,-0.131839290662233
634.81,639,980,1075,557620,450425,2025-09-29,2025-10-31,661.82,95,-107195,147402672,-43505549,0.305574514958589,90.2567573537609,-0.237986346228562
493.79,495,3675,3680,499800,445280,2025-09-29,2025-12-19,661.82,5,-54520,377694332,-58241268,0.117894276475401,98.4179042432652,-0.122439813151276
625.81,629,1085,1379,467635,439901,2025-09-29,2025-10-31,661.82,294,-27733.9999999999,147402672,-43505549,0.298434888615859,90.5551922423767,-0.0630460035326129
650.27,653,886,1603,406674,437619,2025-09-29,2025-10-10,661.82,717,30944.9999999999,47576883,-25404926,0.919814356060274,88.8525904481805,0.0707121948544281
628.58,632,1104,1261,501216,431262,2025-09-29,2025-10-31,661.82,157,-69954,147402672,-43505549,0.292574072198637,90.8477663145753,-0.162207660308583
660.9,669,478,531,550656,430110,2025-09-29,2025-10-03,661.82,53,-120546,37665902,-20955957,1.14190813749794,88.5091162824137,-0.280267838459929
632.39,635,1628,1643,639804,428823,2025-09-29,2025-10-24,661.82,15,-210981,25326184,-3674530,1.69320020734272,63.5405949826472,-0.492000195885016
638.25,643,858,900,541398,427500,2025-09-29,2025-10-31,661.82,42,-113898,147402672,-43505549,0.29002187965765,91.137788194233,-0.266428070175439
661.1,685,127,176,342900,420640,2025-09-29,2025-10-31,661.82,49,77740,147402672,-43505549,0.285367961308056,91.4231561555411,0.184813617344998
662.6,705,129,99,614040,419760,2025-09-29,2025-12-19,661.82,-30,-194280,377694332,-58241268,0.111137489878985,98.5290417331441,-0.462835906232133
643.39,648,955,890,615975,410290,2025-09-29,2025-10-24,661.82,-65,-205685,25326184,-3674530,1.62002297701067,65.1606179596579,-0.501316142240854
647.01,654,571,585,520752,408915,2025-09-29,2025-10-31,661.82,14,-111837,147402672,-43505549,0.27741356004727,91.7005697155883,-0.27349693701625
539.04,540,4242,4241,504798,407136,2025-09-29,2025-11-21,661.82,-1,-97662,277092975,-51674793,0.146931187988436,98.3929549278541,-0.239875618957793
624.08,627,1305,1376,503730,401792,2025-09-29,2025-10-31,661.82,71,-101938,147402672,-43505549,0.272581218880483,91.9731509344688,-0.253708386428799
661.34,671,405,415,634635,400890,2025-09-29,2025-10-03,661.82,10,-233745,37665902,-20955957,1.06433134138139,89.5734476237951,-0.583065179974557
661.73,688,148,152,453472,399304,2025-09-29,2025-10-31,661.82,4,-54168,147402672,-43505549,0.270893325461563,92.2440442599304,-0.135656041512231
571.25,572,5284,5284,549536,396300,2025-09-29,2025-10-31,661.82,0,-153236,147402672,-43505549,0.268855370545793,92.5128996304762,-0.386666666666667
459.21,460,4989,5005,483933,395395,2025-09-29,2025-12-19,661.82,16,-88538,377694332,-58241268,0.104686506124217,98.6337282392684,-0.223922912530507
611.24,612,5215,5201,615370,395276,2025-09-29,2025-10-17,661.82,-14,-220094,237131503,-97702452,0.1666906315691,96.9887585961111,-0.556810937167954
657.79,670,348,323,530700,394383,2025-09-29,2025-10-24,661.82,-25,-136317,25326184,-3674530,1.557214462313,66.7178324219709,-0.345646237287104
659.93,675,215,260,397750,391820,2025-09-29,2025-10-24,661.82,45,-5930,25326184,-3674530,1.54709450109026,68.2649269230611,-0.0151345005359604
429.42,430,6675,6689,413850,387962,2025-09-29,2025-12-19,661.82,14,-25888,377694332,-58241268,0.102718512598701,98.7364467518671,-0.066728184719122
659.14,671,321,322,473796,381892,2025-09-29,2025-10-17,661.82,1,-91904.0000000001,237131503,-97702452,0.161046505912797,97.1498051020239,-0.24065442585862
648.19,649,3567,4698,699132,380538,2025-09-29,2025-10-03,661.82,1131,-318594,37665902,-20955957,1.0102983860575,90.5837460098526,-0.837219935985368
464.14,465,4402,4398,440200,378228,2025-09-29,2025-12-19,661.82,-4,-61972,377694332,-58241268,0.100141296269175,98.8365880481362,-0.163848260837379
641.13,645,781,975,425645,377325,2025-09-29,2025-10-24,661.82,194,-48320,25326184,-3674530,1.48986124399949,69.7547881670606,-0.128059365268668
658.55,669,357,354,493017,369930,2025-09-29,2025-10-17,661.82,-3,-123087,237131503,-97702452,0.15600204752213,97.3058071495461,-0.332730516584219
647.37,653,668,653,518368,367639,2025-09-29,2025-10-24,661.82,-15,-150729,25326184,-3674530,1.45161624033056,71.2064044073912,-0.409991867021725
651.02,654,1681,1231,818647,366838,2025-09-29,2025-10-10,661.82,-450,-451809,47576883,-25404926,0.77104252500106,89.6236329731815,-1.23163085612723
662.18,700,93,96,403341,363072,2025-09-29,2025-10-31,661.82,3,-40269,147402672,-43505549,0.246313038341666,92.7592126688178,-0.110911885245902
644.73,651,575,571,488750,358017,2025-09-29,2025-10-31,661.82,-4,-130733,147402672,-43505549,0.242883656817293,93.0020963256351,-0.365158637718321
648.23,656,306,460,298044,357420,2025-09-29,2025-10-31,661.82,154,59376,147402672,-43505549,0.242478643806403,93.2445749694415,0.166123887863018
656.26,692,100,100,357400,357400,2025-09-29,2025-11-21,661.82,0,0,277092975,-51674793,0.128981977980496,98.5219369058346,0
660.75,677,222,218,441114,354250,2025-09-29,2025-10-17,661.82,-4,-86864.0000000001,237131503,-97702452,0.149389682736503,97.4551968322826,-0.245205363443896
640.13,644,892,895,545012,346365,2025-09-29,2025-10-24,661.82,3,-198647,25326184,-3674530,1.36761621885081,72.574020626242,-0.573519264359852
619.4,622,1339,1319,453921,342940,2025-09-29,2025-10-31,661.82,-20,-110981,147402672,-43505549,0.23265521265449,93.477230182096,-0.323616376042456
617.12,618,3895,3893,537510,342584,2025-09-29,2025-10-17,661.82,-2,-194926,237131503,-97702452,0.144470049599441,97.599666881882,-0.568987460009808
634.14,635,4106,3925,632324,337550,2025-09-29,2025-10-10,661.82,-181,-294774,47576883,-25404926,0.70948321688077,90.3331161900623,-0.873275070359947
655.42,665,307,346,373619,331468,2025-09-29,2025-10-24,661.82,39,-42151,25326184,-3674530,1.30879567170483,73.8828162979468,-0.127164613175329
564.73,565,12164,12161,486560,328347,2025-09-29,2025-10-17,661.82,-3,-158213,237131503,-97702452,0.138466207925144,97.7381330898071,-0.481846948502651
660.25,670,322,331,411838,322725,2025-09-29,2025-10-10,661.82,9,-89113,47576883,-25404926,0.678323125960143,91.0114393160224,-0.276126733286854
625.5,626,6394,6384,620218,319200,2025-09-29,2025-10-10,661.82,-10,-301018,47576883,-25404926,0.670914065555745,91.6823533815782,-0.943038847117794
429.97,430,105820,106120,529100,318360,2025-09-29,2025-10-17,661.82,300,-210740,237131503,-97702452,0.134254620736748,97.8723877105439,-0.661955019474808
524.26,525,4184,4179,405848,309246,2025-09-29,2025-11-21,661.82,-5,-96602,277092975,-51674793,0.111603695474416,98.633540601309,-0.31237914152487
655.29,667,245,261,371910,305631,2025-09-29,2025-10-31,661.82,16,-66278.9999999999,147402672,-43505549,0.207344273921982,93.684574456018,-0.216859546315655
630.38,634,791,838,382053,303356,2025-09-29,2025-10-31,661.82,47,-78697,147402672,-43505549,0.205800882632575,93.8903753386506,-0.259421274014689
661.76,685,126,130,340200,302120,2025-09-29,2025-10-17,661.82,4,-38080,237131503,-97702452,0.12740610006592,97.9997938106098,-0.126042632066728
609.13,611,1594,1603,398500,299761,2025-09-29,2025-10-31,661.82,9,-98739,147402672,-43505549,0.203361985188437,94.093737323839,-0.329392415958047
633.97,637,967,982,414843,297546,2025-09-29,2025-10-24,661.82,15,-117297,25326184,-3674530,1.17485524072636,75.0576715386732,-0.39421467605009
514.36,515,4632,4631,384456,296384,2025-09-29,2025-11-21,661.82,-1,-88072,277092975,-51674793,0.106961932181788,98.7405025334908,-0.297155042107536
656,672,185,185,296000,296000,2025-09-29,2025-10-24,661.82,0,0,25326184,-3674530,1.16875088643437,76.2264224251076,0
656.4,667,266,270,354844,286200,2025-09-29,2025-10-24,661.82,4,-68644,25326184,-3674530,1.13005575573486,77.3564781808424,-0.239846261355695
646.02,653,394,406,362480,283388,2025-09-29,2025-10-31,661.82,12,-79092,147402672,-43505549,0.192254316800987,94.28599164064,-0.279094386494841
647.28,648,3880,3921,686760,282312,2025-09-29,2025-10-03,661.82,41,-404448,37665902,-20955957,0.749516100795887,91.3332621106485,-1.432627731021
661.07,668,380,405,403940,280665,2025-09-29,2025-10-03,661.82,25,-123275,37665902,-20955957,0.745143445655437,92.078405556304,-0.439224698483958
661.46,674,212,223,318000,279642,2025-09-29,2025-10-03,661.82,11,-38358.0000000001,37665902,-20955957,0.742427461315011,92.820833017619,-0.137168236530993
633.01,637,630,699,330750,278901,2025-09-29,2025-10-31,661.82,69,-51849,147402672,-43505549,0.189210274288651,94.4752019149287,-0.185904675852722
419.8,420,13514,13777,351364,275540,2025-09-29,2025-11-21,661.82,263,-75824.0000000001,277092975,-51674793,0.0994395473216165,98.8399420808124,-0.275183276475285
653.69,664,288,263,380160,271153,2025-09-29,2025-10-31,661.82,-25,-109007,147402672,-43505549,0.183953924525873,94.6591558394545,-0.40201288571397
654.46,669,185,186,301180,270444,2025-09-29,2025-10-31,661.82,1,-30736,147402672,-43505549,0.183472929174581,94.8426287686291,-0.113650145686353
649.98,651,1991,2635,465894,268770,2025-09-29,2025-10-03,661.82,644,-197124,37665902,-20955957,0.713563158529962,93.5343961761489,-0.733430070320348
646.34,647,3335,4053,543605,267498,2025-09-29,2025-10-03,661.82,718,-276107,37665902,-20955957,0.710186098822219,94.2445822749711,-1.03218341819378
389.63,390,7184,7186,308912,265882,2025-09-29,2025-12-19,661.82,2,-43030,377694332,-58241268,0.0703960789117693,98.906984127048,-0.161838710405368
661.31,678,157,157,305365,262033,2025-09-29,2025-10-17,661.82,0,-43332,237131503,-97702452,0.110501134047972,98.1102949446578,-0.165368484122229
653.86,668,185,185,261590,261590,2025-09-29,2025-10-24,661.82,0,0,25326184,-3674530,1.03288359588638,78.3893617767288,0
618.47,620,1738,1701,385836,260253,2025-09-29,2025-10-24,661.82,-37,-125583,25326184,-3674530,1.0276044744838,79.4169662512126,-0.482541987988611
529.17,530,3090,3108,315180,257964,2025-09-29,2025-11-21,661.82,18,-57216,277092975,-51674793,0.0930965499937341,98.9330386308061,-0.221798390473089
620.36,623,833,975,320705,257400,2025-09-29,2025-10-31,661.82,142,-63305,147402672,-43505549,0.174623700172816,95.0172524688019,-0.245940170940171
519.3,520,3667,3667,330030,256690,2025-09-29,2025-11-21,661.82,0,-73340,277092975,-51674793,0.092636776518784,99.0256754073249,-0.285714285714286
439.37,440,4022,4029,305672,253827,2025-09-29,2025-12-19,661.82,7,-51845,377694332,-58241268,0.0672043444909308,98.9741884715389,-0.204253290627081
499.91,500,27939,27989,391146,251901,2025-09-29,2025-10-17,661.82,50,-139245,237131503,-97702452,0.106228399353586,98.2165233440114,-0.552776686079055
631.34,634,922,942,337452,250572,2025-09-29,2025-10-24,661.82,20,-86880,25326184,-3674530,0.989379213228491,80.4063454644411,-0.346726689334802
620.97,622,2480,2428,401760,250084,2025-09-29,2025-10-17,661.82,-52,-151676,237131503,-97702452,0.105462157847496,98.3219855018589,-0.606500215927449
645.99,648,1118,1242,372294,249642,2025-09-29,2025-10-10,661.82,124,-122652,47576883,-25404926,0.524712810631163,92.2070661922094,-0.491311558151273
632.2,636,602,649,311836,246620,2025-09-29,2025-10-31,661.82,47,-65216,147402672,-43505549,0.167310399909169,95.1845628687111,-0.264439218230476
519.88,520,20620,20491,412400,245892,2025-09-29,2025-10-17,661.82,-129,-166508,237131503,-97702452,0.103694362363992,98.4256798642229,-0.67715907796919
623.1,626,661,845,255146,245050,2025-09-29,2025-10-31,661.82,184,-10096,147402672,-43505549,0.16624529031604,95.3508081590271,-0.0411997551520098
613.81,616,1112,1113,314696,243747,2025-09-29,2025-10-31,661.82,1,-70949,147402672,-43505549,0.165361317195118,95.5161694762223,-0.291076402991627
544.8,545,12156,12167,340368,243340,2025-09-29,2025-10-17,661.82,11,-97028,237131503,-97702452,0.102618166258576,98.5282980304814,-0.398734281252568
654.9,664,298,265,343594,241150,2025-09-29,2025-10-24,661.82,-33,-102444,25326184,-3674530,0.952176608998813,81.3585220734399,-0.424814430852167
635.06,636,2532,2545,417780,239230,2025-09-29,2025-10-10,661.82,13,-178550,47576883,-25404926,0.502828232778511,92.7098944249879,-0.746352882163609
607.25,608,3184,3178,337504,238350,2025-09-29,2025-10-17,661.82,-6,-99154,237131503,-97702452,0.10051384863866,98.6288118791201,-0.416001678204321
633.23,634,3093,3090,454671,237930,2025-09-29,2025-10-10,661.82,-3,-216741,47576883,-25404926,0.500095813338592,93.2099902383265,-0.910944395410415
659.8,672,180,193,276480,235460,2025-09-29,2025-10-17,661.82,13,-41020,237131503,-97702452,0.0992951155882481,98.7281069947083,-0.174212180412809
651.86,659,261,323,259956,230622,2025-09-29,2025-10-24,661.82,62,-29334.0000000001,25326184,-3674530,0.910606982875904,82.2691290563158,-0.127195150506023
654.09,676,101,105,221493,230055,2025-09-29,2025-11-21,661.82,4,8562.00000000006,277092975,-51674793,0.0830244794188666,99.1086998867438,0.0372171871943668
648.62,651,789,955,318756,227290,2025-09-29,2025-10-10,661.82,166,-91466,47576883,-25404926,0.4777320111534,93.6877222494799,-0.402419816093977
259.92,260,28297,28293,198079,226344,2025-09-29,2025-12-19,661.82,-4,28265,377694332,-58241268,0.0599278254458952,99.0341162969848,0.124876294489803
657.99,685,40,83,111480,224183,2025-09-29,2025-11-21,661.82,43,112703,277092975,-51674793,0.0809053351136022,99.1896052218574,0.502727682295268
644.13,646,1020,1181,306000,220847,2025-09-29,2025-10-10,661.82,161,-85153,47576883,-25404926,0.464189720036935,94.1519119695168,-0.385574628589023
623.16,625,1161,1187,309987,218408,2025-09-29,2025-10-24,661.82,26,-91579,25326184,-3674530,0.862380214879589,83.1315092711954,-0.419302406505256
404.98,405,106781,106781,427124,213562,2025-09-29,2025-10-17,661.82,0,-213562,237131503,-97702452,0.0900605770630147,98.8181675717714,-1
606.3,608,1237,1238,285747,210460,2025-09-29,2025-10-31,661.82,1,-75287,147402672,-43505549,0.14277895857953,95.6589484348018,-0.357725933669106
639.77,641,1633,1707,364159,209961,2025-09-29,2025-10-10,661.82,74,-154198,47576883,-25404926,0.441308860019266,94.5932208295361,-0.734412581384162
615.66,618,866,874,271924,204516,2025-09-29,2025-10-31,661.82,8,-67408,147402672,-43505549,0.13874646722822,95.79769490203,-0.32959768428876
344.78,345,9250,9251,231250,203522,2025-09-29,2025-12-19,661.82,1,-27728,377694332,-58241268,0.0538853731064198,99.0880016700913,-0.136240799520445
656.66,669,165,163,258390,201142,2025-09-29,2025-10-24,661.82,-2,-57248,25326184,-3674530,0.7942057121594,83.9257149833548,-0.284614849211005
544.01,545,1979,2000,253312,198000,2025-09-29,2025-11-21,661.82,21,-55312,277092975,-51674793,0.0714561601570736,99.2610613820145,-0.279353535353535
645.96,651,372,387,264864,195048,2025-09-29,2025-10-24,661.82,15,-69816,25326184,-3674530,0.77014365843666,84.6958586417914,-0.357942660268242
562.19,563,2408,2408,195048,195048,2025-09-29,2025-10-31,661.82,0,0,147402672,-43505549,0.132323245809275,95.9300181478393,0
649.67,656,340,308,284920,194964,2025-09-29,2025-10-24,661.82,-32,-89956,25326184,-3674530,0.769811985887807,85.4656706276793,-0.461398001682362
414.83,415,11294,11441,259762,194497,2025-09-29,2025-11-21,661.82,147,-65265,277092975,-51674793,0.0701919635458099,99.3312533455603,-0.335557874928662
534.84,535,12019,12019,300475,192304,2025-09-29,2025-10-17,661.82,0,-108171,237131503,-97702452,0.081095930978011,98.8992635027494,-0.5625
611.02,613,881,963,234346,190674,2025-09-29,2025-10-31,661.82,82,-43672,147402672,-43505549,0.129355864051094,96.0593740118904,-0.229040141812727
349.77,350,8146,8064,203650,185472,2025-09-29,2025-12-19,661.82,-82,-18178,377694332,-58241268,0.0491063763170267,99.1371080464083,-0.098009403036577
539.57,540,4311,4300,254349,184900,2025-09-29,2025-10-31,661.82,-11,-69449,147402672,-43505549,0.125438703037893,96.1848127149283,-0.375603028664143
534.6,535,4613,4621,239876,184840,2025-09-29,2025-10-31,661.82,8,-55036,147402672,-43505549,0.125397998212678,96.3102107131409,-0.297749404890716
659.13,676,107,108,219350,182196,2025-09-29,2025-10-31,661.82,1,-37154,147402672,-43505549,0.123604272248199,96.4338149853891,-0.203923247491712
657.57,672,123,126,216234,181818,2025-09-29,2025-10-31,661.82,3,-34416,147402672,-43505549,0.123347831849344,96.5571628172385,-0.189288189288189
589.3,590,2509,2564,238355,179480,2025-09-29,2025-10-24,661.82,55,-58875,25326184,-3674530,0.708673679382571,86.1743443070618,-0.328030978381992
599.18,600,2151,2188,258120,179416,2025-09-29,2025-10-24,661.82,37,-78704,25326184,-3674530,0.708420976488207,86.88276528355,-0.43866767735319
624.51,625,2731,3655,245790,179095,2025-09-29,2025-10-10,661.82,924,-66695,47576883,-25404926,0.376432815071134,94.9696536446072,-0.372400122839834
660.38,674,106,131,181472,178422,2025-09-29,2025-10-17,661.82,25,-3050.00000000003,237131503,-97702452,0.0752417952666542,98.974505298016,-0.0170943045140175
274.91,275,19412,19395,194120,174555,2025-09-29,2025-12-19,661.82,-17,-19565,377694332,-58241268,0.0462159437436302,99.1833239901519,-0.112085016184011
628.7,631,796,738,284968,169740,2025-09-29,2025-10-24,661.82,-58,-115228,25326184,-3674530,0.670215457646521,87.5529807411965,-0.678850005891363
657.51,673,107,109,177406,168841,2025-09-29,2025-10-17,661.82,2,-8564.99999999997,237131503,-97702452,0.0712014210950285,99.045706719111,-0.0507281999040516
324.82,325,9322,9360,186440,168480,2025-09-29,2025-12-19,661.82,38,-17960,377694332,-58241268,0.0446075002258705,99.2279314903778,-0.106600189933523
643.53,644,2795,3577,338195,168119,2025-09-29,2025-10-03,661.82,782,-170076,37665902,-20955957,0.446342689470174,94.6909249644413,-1.01164056412422
659.75,680,83,83,187829,168075,2025-09-29,2025-10-24,661.82,0,-19754,25326184,-3674530,0.663641233910328,88.2166219751069,-0.117530864197531
625,627,768,838,223488,167600,2025-09-29,2025-10-24,661.82,70,-55888,25326184,-3674530,0.661765704616219,88.8783876797231,-0.33346062052506
654.06,673,87,87,164778,164778,2025-09-29,2025-11-21,661.82,0,0,277092975,-51674793,0.0594666826179913,99.3907200281783,0
660.69,676,108,107,199800,163817,2025-09-29,2025-10-17,661.82,-1,-35983,237131503,-97702452,0.0690827654392255,99.1147894845503,-0.219653637900828
612.05,614,800,831,256000,162045,2025-09-29,2025-10-31,661.82,31,-93955,147402672,-43505549,0.109933556699705,96.6670963739382,-0.579808078003024
629.84,630,8588,10091,309168,161456,2025-09-29,2025-10-03,661.82,1503,-147712,37665902,-20955957,0.428652949821831,95.1195779142632,-0.914874640769002
374.66,375,4598,4599,174724,156366,2025-09-29,2025-12-19,661.82,1,-18358,377694332,-58241268,0.0414001447074932,99.2693316350853,-0.117404039241267
659.97,669,172,172,221536,155316,2025-09-29,2025-10-10,661.82,0,-66220,47576883,-25404926,0.326452659792782,95.2961063044,-0.426356589147287
359.74,360,5950,5951,178500,154726,2025-09-29,2025-12-19,661.82,1,-23774,377694332,-58241268,0.0409659311487894,99.3102975662341,-0.153652262709564
642.55,647,276,346,163392,153970,2025-09-29,2025-10-24,661.82,70,-9422,25326184,-3674530,0.607947885082095,89.4863355648052,-0.0611937390400727
546.51,547,3127,3132,184493,153468,2025-09-29,2025-10-31,661.82,5,-31025,147402672,-43505549,0.104114801935205,96.7712111758734,-0.202159407824432
605.32,607,913,912,207251,153216,2025-09-29,2025-10-31,661.82,-1,-54035,147402672,-43505549,0.103943841669302,96.8751550175427,-0.352672044695071
606.55,609,622,622,152390,152390,2025-09-29,2025-10-31,661.82,0,0,147402672,-43505549,0.10338347190884,96.9785384894515,0
499.78,500,6862,6849,226446,150678,2025-09-29,2025-10-31,661.82,-13,-75768,147402672,-43505549,0.102222027562703,97.0807605170143,-0.502847130968025
625.83,628,609,685,177828,148645,2025-09-29,2025-10-24,661.82,76,-29183,25326184,-3674530,0.58692221457445,90.0732577793796,-0.19632681893101
636.05,637,1506,1557,259032,147915,2025-09-29,2025-10-10,661.82,51,-111117,47576883,-25404926,0.310896785735207,95.6070030901352,-0.751221985599838
634.94,638,376,480,161304,146880,2025-09-29,2025-10-24,661.82,104,-14424,25326184,-3674530,0.579953142565813,90.6532109219454,-0.098202614379085
534.09,535,1602,1611,173016,146601,2025-09-29,2025-11-21,661.82,9,-26415,277092975,-51674793,0.0529067905817533,99.44362681876,-0.180182945546074
524.66,525,3070,4210,147360,143140,2025-09-29,2025-10-31,661.82,1140,-4220,147402672,-43505549,0.0971081446881777,97.1778686617024,-0.0294816263797681
658.3,673,97,97,152193,142590,2025-09-29,2025-10-10,661.82,0,-9603,47576883,-25404926,0.299704375337073,95.9067074654723,-0.0673469387755102
479.56,480,3238,3238,174852,142472,2025-09-29,2025-11-21,661.82,0,-32380,277092975,-51674793,0.0514166770196899,99.4950434957797,-0.227272727272727
634.78,635,6341,6469,336073,142318,2025-09-29,2025-10-03,661.82,128,-193755,37665902,-20955957,0.377843068778759,95.4974209830419,-1.36142301044141
606.34,607,2138,2134,209524,140844,2025-09-29,2025-10-17,661.82,-4,-68680,237131503,-97702452,0.0593948919557938,99.1741843765061,-0.487631706000965
239.94,240,23321,23323,139926,139938,2025-09-29,2025-12-19,661.82,2,12,377694332,-58241268,0.0370505957182328,99.3473481619523,8.57522617159028e-05
656,674,77,77,157850,138600,2025-09-29,2025-10-31,661.82,0,-19250,147402672,-43505549,0.0940281462469011,97.2718968079493,-0.138888888888889
299.88,300,11527,11440,161378,137280,2025-09-29,2025-12-19,661.82,-87,-24098,377694332,-58241268,0.0363468520358945,99.3836950139882,-0.175539044289045
600.53,602,925,926,176675,136122,2025-09-29,2025-10-31,661.82,1,-40553,147402672,-43505549,0.0923470369655171,97.3642438449149,-0.297916574837278
645.41,646,1935,2288,284445,134992,2025-09-29,2025-10-03,661.82,353,-149453,37665902,-20955957,0.35839311640539,95.8558140994473,-1.10712486665877
616.72,619,465,591,148335,134748,2025-09-29,2025-10-31,661.82,126,-13587,147402672,-43505549,0.0914148964680911,97.4556587413829,-0.100832665419895
394.6,395,3371,3365,155066,134600,2025-09-29,2025-12-19,661.82,-6,-20466,377694332,-58241268,0.0356372835375247,99.4193322975257,-0.152050520059435
613.69,615,979,1019,186989,133489,2025-09-29,2025-10-24,661.82,40,-53500,25326184,-3674530,0.527079010402831,91.1802899323483,-0.400782086913528
644.32,649,237,282,156894,131976,2025-09-29,2025-10-24,661.82,45,-24918,25326184,-3674530,0.521104956040752,91.701394888389,-0.188807055828332
605.4,606,2178,2169,209088,130140,2025-09-29,2025-10-17,661.82,-9,-78948,237131503,-97702452,0.0548809408929526,99.229065317399,-0.606639004149378
608.9,610,1028,1162,168592,127820,2025-09-29,2025-10-24,661.82,134,-40772,25326184,-3674530,0.504695061837978,92.206089950227,-0.318979815365357
641.57,643,730,864,192720,123552,2025-09-29,2025-10-10,661.82,134,-69168,47576883,-25404926,0.259689143569998,96.1663966090423,-0.55982905982906
414.54,415,2659,2654,140927,122084,2025-09-29,2025-12-19,661.82,-5,-18843,377694332,-58241268,0.0323234927443921,99.4516557902701,-0.154344549654336
640.71,642,892,933,231028,120357,2025-09-29,2025-10-10,661.82,41,-110671,47576883,-25404926,0.252973697331118,96.4193703063734,-0.919522753142734
602.47,604,786,786,158772,120258,2025-09-29,2025-10-31,661.82,0,-38514,147402672,-43505549,0.0815846811786424,97.5372434225616,-0.320261437908497
661.63,672,105,115,149730,119255,2025-09-29,2025-10-03,661.82,10,-30475,37665902,-20955957,0.316612622206684,96.172426721654,-0.255544840887175
614.58,617,481,483,140933,116886,2025-09-29,2025-10-31,661.82,2,-24047,147402672,-43505549,0.0792970700015533,97.6165404925631,-0.205730369761991
429.78,430,5263,5311,147364,116842,2025-09-29,2025-11-21,661.82,48,-30522,277092975,-51674793,0.0421670740660242,99.5372105698458,-0.261224559661765
639.41,643,299,325,154882,116675,2025-09-29,2025-10-24,661.82,26,-38207,25326184,-3674530,0.460689221874089,92.6667791721011,-0.327465181058496
384.65,385,3303,3308,135423,115780,2025-09-29,2025-12-19,661.82,5,-19643,377694332,-58241268,0.0306544181870328,99.4823102084571,-0.169657972015892
656.35,671,77,79,132825,115735,2025-09-29,2025-10-31,661.82,2,-17090,147402672,-43505549,0.0785162157711768,97.6950567083343,-0.147664924180239
509.36,510,1657,1763,132560,112832,2025-09-29,2025-11-21,661.82,106,-19728,277092975,-51674793,0.0407199063779946,99.5779304762237,-0.174844015882019
594.27,595,1492,1518,155168,110814,2025-09-29,2025-10-24,661.82,26,-44354,25326184,-3674530,0.437547164626143,93.1043263367272,-0.400256285306911
592.79,594,889,891,131572,107811,2025-09-29,2025-10-31,661.82,2,-23761,147402672,-43505549,0.0731404651877681,97.7681971735221,-0.220394950422499
603.4,604,1778,1796,163576,107760,2025-09-29,2025-10-17,661.82,18,-55816,237131503,-97702452,0.0454431396236712,99.2745084570227,-0.51796585003712
219.95,220,21475,21475,107375,107375,2025-09-29,2025-12-19,661.82,0,0,377694332,-58241268,0.0284290736986755,99.5107392821558,0
474.59,475,2604,2606,130200,106846,2025-09-29,2025-11-21,661.82,2,-23354,277092975,-51674793,0.0385596206471853,99.6164900968709,-0.218576268648335
630.52,633,339,424,120684,105152,2025-09-29,2025-10-24,661.82,85,-15532,25326184,-3674530,0.415190855440362,93.5195171921676,-0.147709981740718
642.57,643,2343,2397,262416,103071,2025-09-29,2025-10-03,661.82,54,-159345,37665902,-20955957,0.273645378252192,96.4460720999062,-1.54597316412958
624.88,625,8711,8576,226486,102912,2025-09-29,2025-10-03,661.82,-135,-123574,37665902,-20955957,0.273223245788724,96.7192953456949,-1.20077347636816
655.5,679,43,43,101050,101050,2025-09-29,2025-10-31,661.82,0,0,147402672,-43505549,0.0685537097997789,97.8367508833218,0
578.18,579,1230,1229,142680,100778,2025-09-29,2025-10-31,661.82,-1,-41902,147402672,-43505549,0.0683691812588038,97.9051200645807,-0.415785191212368
404.57,405,2342,2343,117100,100749,2025-09-29,2025-12-19,661.82,1,-16351,377694332,-58241268,0.0266747450157658,99.5374140271716,-0.162294414832902
609.7,610,3284,3250,160916,97500,2025-09-29,2025-10-10,661.82,-34,-63416,47576883,-25404926,0.204931457994001,96.6243017643674,-0.650420512820513
618.5,621,430,390,141900,97500,2025-09-29,2025-10-31,661.82,-40,-44400,147402672,-43505549,0.0661453409745517,97.9712654055552,-0.455384615384615
329.79,330,4573,4583,100606,96243,2025-09-29,2025-12-19,661.82,10,-4363,377694332,-58241268,0.0254817167867904,99.5628957439584,-0.0453331670874765
409.53,410,2020,2019,109080,94893,2025-09-29,2025-12-19,661.82,-1,-14187,377694332,-58241268,0.0251242848939549,99.5880200288523,-0.149505232208909
641.62,642,2054,2476,207454,94088,2025-09-29,2025-10-03,661.82,422,-113366,37665902,-20955957,0.249796221526834,96.9690915672217,-1.20489329138679
379.68,380,2911,2911,110618,93152,2025-09-29,2025-12-19,661.82,0,-17466,377694332,-58241268,0.0246633301343797,99.6126833589867,-0.1875
623.97,626,446,457,122204,92771,2025-09-29,2025-10-24,661.82,11,-29433,25326184,-3674530,0.366304690829064,93.8858218829967,-0.317265093617618
354.75,355,3693,3692,96018,92300,2025-09-29,2025-12-19,661.82,-1,-3718,377694332,-58241268,0.0244377508953457,99.6371211098821,-0.0402816901408451
637.53,641,261,265,126063,91955,2025-09-29,2025-10-24,661.82,4,-34108,25326184,-3674530,0.363082728925921,94.2489046119226,-0.370920558969061
384.86,385,6522,6522,97830,91308,2025-09-29,2025-11-21,661.82,0,-6522,277092975,-51674793,0.0329521165233438,99.6494422133943,-0.0714285714285714
514.89,515,8205,8232,147690,90552,2025-09-29,2025-10-17,661.82,27,-57138,237131503,-97702452,0.0381864066369958,99.3126948636597,-0.630996554465942
637,638,843,903,156798,90300,2025-09-29,2025-10-10,661.82,60,-66498,47576883,-25404926,0.189798058019059,96.8140998223864,-0.73641196013289
369.7,370,2997,3007,101898,90210,2025-09-29,2025-12-19,661.82,10,-11688,377694332,-58241268,0.0238843933723633,99.6610055032544,-0.129564349850349
249.94,250,14958,14976,104706,89856,2025-09-29,2025-12-19,661.82,18,-14850,377694332,-58241268,0.0237906667871309,99.6847961700416,-0.165264423076923
564.3,565,1295,1265,112665,88550,2025-09-29,2025-10-31,661.82,-30,-24115,147402672,-43505549,0.0600735378799646,98.0313389434352,-0.272332015810277
637.72,638,1572,3152,108468,88256,2025-09-29,2025-10-03,661.82,1580,-20212,37665902,-20955957,0.23431272135737,97.2034042885791,-0.229015591007977
504.38,505,1421,1421,103733,88102,2025-09-29,2025-11-21,661.82,0,-15631,277092975,-51674793,0.0317951041523157,99.6812373175466,-0.17741935483871
661.28,685,17,37,33320,87764,2025-09-29,2025-10-24,661.82,20,54444,25326184,-3674530,0.346534637827791,94.5954392497504,0.620345471947496
619.6,620,1971,2186,153738,87440,2025-09-29,2025-10-10,661.82,215,-66298,47576883,-25404926,0.183786735251235,96.9978865576377,-0.758211344922232
590.56,591,1985,1984,131010,87296,2025-09-29,2025-10-17,661.82,-1,-43714,237131503,-97702452,0.0368133288473274,99.349508192507,-0.500756048387097
641.88,646,210,210,119490,86520,2025-09-29,2025-10-24,661.82,0,-32970,25326184,-3674530,0.341622725318587,94.937061975069,-0.381067961165049
544.5,545,1707,1705,104127,85250,2025-09-29,2025-10-31,661.82,-2,-18877,147402672,-43505549,0.0578347724931336,98.0891737159283,-0.221431085043988
566.1,567,941,941,84690,84690,2025-09-29,2025-10-31,661.82,0,0,147402672,-43505549,0.057454860791126,98.1466285767194,0
640.65,641,1975,2406,179725,84210,2025-09-29,2025-10-03,661.82,431,-95515,37665902,-20955957,0.223570910368747,97.4269751989478,-1.13424771404821
494.5,495,1673,1663,105399,83150,2025-09-29,2025-11-21,661.82,-10,-22249,277092975,-51674793,0.0300079783689933,99.7112452959156,-0.267576668671076
629.51,632,308,332,114884,82668,2025-09-29,2025-10-24,661.82,24,-32216,25326184,-3674530,0.326413169864043,95.263475144933,-0.389703391880776
633.12,636,269,281,110290,80928,2025-09-29,2025-10-24,661.82,12,-29362,25326184,-3674530,0.319542809923516,95.5830179548565,-0.362816330565441
576.91,578,735,735,80115,80115,2025-09-29,2025-10-31,661.82,0,0,147402672,-43505549,0.0543511178684739,98.2009796945879,0
600.38,601,1292,1290,113696,79980,2025-09-29,2025-10-17,661.82,-2,-33716,237131503,-97702452,0.0337281208899519,99.383236313397,-0.421555388847212
632.21,633,1004,1002,143572,79158,2025-09-29,2025-10-10,661.82,-2,-64414,47576883,-25404926,0.166379121557837,97.1642656791955,-0.813739609388817
610.22,611,1091,993,128738,77454,2025-09-29,2025-10-17,661.82,-98,-51284,237131503,-97702452,0.0326628891649205,99.4158992025619,-0.662122033723242
595.72,597,604,599,102680,76672,2025-09-29,2025-10-31,661.82,-5,-26008,147402672,-43505549,0.0520153393148803,98.2529950339028,-0.339211185308848
602.42,603,1307,1295,117630,75110,2025-09-29,2025-10-17,661.82,-12,-42520,237131503,-97702452,0.0316744081025793,99.4475736106645,-0.56610304886167
637.89,639,598,665,119002,73815,2025-09-29,2025-10-10,661.82,67,-45187,47576883,-25404926,0.155148877659766,97.3194145568553,-0.612165549007654
596.39,597,1210,1210,91960,73810,2025-09-29,2025-10-17,661.82,0,-18150,237131503,-97702452,0.0311261890833627,99.4786997997478,-0.245901639344262
489.92,490,9193,9196,101123,73568,2025-09-29,2025-10-17,661.82,3,-27555,237131503,-97702452,0.0310241360044009,99.5097239357522,-0.374551435406699
656,673,49,43,91140,73100,2025-09-29,2025-10-24,661.82,-6,-18040,25326184,-3674530,0.288634087156597,95.8716520420131,-0.246785225718194
159.98,160,36498,36498,72996,72996,2025-09-29,2025-12-19,661.82,0,0,377694332,-58241268,0.0193267395921631,99.7041229096337,0
660.02,686,28,28,72744,72744,2025-09-29,2025-10-31,661.82,0,0,147402672,-43505549,0.0493505300907978,98.3023455639936,0
289.9,290,7215,7223,93795,72230,2025-09-29,2025-12-19,661.82,8,-21565,377694332,-58241268,0.0191239300885246,99.7232468397223,-0.298560155060224
591.53,592,1482,1481,91884,69607,2025-09-29,2025-10-17,661.82,-1,-22277,237131503,-97702452,0.0293537548235419,99.5390776905758,-0.320039651184507
589.88,591,719,617,104255,69104,2025-09-29,2025-10-31,661.82,-102,-35151,147402672,-43505549,0.0468811040277479,98.3492266680213,-0.508668094466311
662,800,6,5,84858,69000,2025-09-29,2025-12-19,661.82,-1,-15858,377694332,-58241268,0.01826874118937,99.7415155809116,-0.229826086956522
630.35,631,1025,1056,130175,68640,2025-09-29,2025-10-10,661.82,31,-61535,47576883,-25404926,0.144271746427777,97.4636863032831,-0.896488927738928
662.18,700,8,18,33760,68076,2025-09-29,2025-10-17,661.82,10,34316,237131503,-97702452,0.02870812150168,99.5677858120774,0.504083671191022
661.48,710,1,14,5226,67928,2025-09-29,2025-12-19,661.82,13,62702,377694332,-58241268,0.0179849137900221,99.7595004947016,0.923065598869391
623.54,624,332,1470,31540,67620,2025-09-29,2025-10-10,661.82,1138,36080,47576883,-25404926,0.142127848097993,97.6058141513811,0.533569949719018
619.91,620,7898,7500,165858,67500,2025-09-29,2025-10-03,661.82,-398,-98358,37665902,-20955957,0.17920717788731,97.6061823768352,-1.45715555555556
585.99,587,659,659,84352,66559,2025-09-29,2025-10-31,661.82,0,-17793,147402672,-43505549,0.0451545410248737,98.3943812090462,-0.267326732673267
279.91,280,7291,7364,80201,66276,2025-09-29,2025-12-19,661.82,73,-13925,377694332,-58241268,0.0175475230589375,99.7770480177606,-0.210106222463637
616.43,618,416,421,86528,66097,2025-09-29,2025-10-24,661.82,5,-20431,25326184,-3674530,0.26098286263734,96.1326349046505,-0.309106313448417
617.61,618,1353,1690,94710,65910,2025-09-29,2025-10-10,661.82,337,-28800,47576883,-25404926,0.138533665603945,97.744347816985,-0.436959490213928
659.9,683,28,28,64680,64680,2025-09-29,2025-10-31,661.82,0,0,147402672,-43505549,0.0438798015818872,98.4382610106281,0
638.7,639,1094,2130,83144,63900,2025-09-29,2025-10-03,661.82,1036,-19244,37665902,-20955957,0.169649461733321,97.7758318385685,-0.301158059467919
570.25,571,851,850,91908,63750,2025-09-29,2025-10-31,661.82,-1,-28158,147402672,-43505549,0.043248876791053,98.4815098874191,-0.441694117647059
524.88,525,5297,5285,111237,63420,2025-09-29,2025-10-17,661.82,-12,-47817,237131503,-97702452,0.0267446539990091,99.5945304660765,-0.753973509933775
661.9,681,19,33,44802,63030,2025-09-29,2025-10-17,661.82,14,18228,237131503,-97702452,0.0265801882932442,99.6211106543697,0.289195621132794
364.73,365,2302,2318,71362,62586,2025-09-29,2025-12-19,661.82,16,-8776,377694332,-58241268,0.0165705425518538,99.7936185603124,-0.140223053078963
149.99,150,62585,62585,125170,62585,2025-09-29,2025-12-19,661.82,0,-62585,377694332,-58241268,0.0165702777874887,99.8101888380999,-1
604.05,605,603,652,87435,61940,2025-09-29,2025-10-24,661.82,49,-25495,25326184,-3674530,0.244569019951841,96.3772039246023,-0.411608007749435
655.24,673,34,34,60384,60384,2025-09-29,2025-10-31,661.82,0,0,147402672,-43505549,0.0409653360964854,98.5224752235156,0
619.4,621,282,377,64578,60320,2025-09-29,2025-10-24,661.82,95,-4257.99999999999,25326184,-3674530,0.238172477938248,96.6153764025406,-0.0705901856763924
585.01,586,608,609,91808,60291,2025-09-29,2025-10-31,661.82,1,-31517,147402672,-43505549,0.040902243617402,98.563377467133,-0.522748005506626
592.53,593,1315,1280,95995,60160,2025-09-29,2025-10-17,661.82,-35,-35835,237131503,-97702452,0.0253698893815893,99.6464805437513,-0.595661569148936
369.92,370,7573,7457,98449,59656,2025-09-29,2025-11-21,661.82,-116,-38793,277092975,-51674793,0.0215292358097494,99.7327745317253,-0.650278262035671
597.49,598,1171,1167,85483,59517,2025-09-29,2025-10-17,661.82,-4,-25966,237131503,-97702452,0.025098731820546,99.6715792755718,-0.436278710284457
199.97,200,19561,19734,58683,59202,2025-09-29,2025-12-19,661.82,173,519.000000000007,377694332,-58241268,0.0156745799404795,99.8258634180404,0.00876659572311759
424.79,425,2382,2753,64314,57813,2025-09-29,2025-11-21,661.82,371,-6501,277092975,-51674793,0.0208641160967722,99.7536386478221,-0.112448757199938
661.18,690,15,20,46680,57640,2025-09-29,2025-10-31,661.82,5,10960,147402672,-43505549,0.0391037687566478,98.6024812358897,0.190145732130465
661.96,675,25,44,43825,57376,2025-09-29,2025-10-03,661.82,19,13551,37665902,-20955957,0.152328756125368,97.9281605946939,0.236178890128277
614.68,615,1819,1771,114597,56672,2025-09-29,2025-10-10,661.82,-48,-57925,47576883,-25404926,0.119116672691652,97.8634644896766,-1.02210968379447
489.54,490,1220,1231,65880,56626,2025-09-29,2025-11-21,661.82,11,-9254,277092975,-51674793,0.0204357400255275,99.7740743878476,-0.163423162504856
598.4,599,938,928,75040,55680,2025-09-29,2025-10-17,661.82,-10,-19360,237131503,-97702452,0.0234806422999815,99.6950599178718,-0.347701149425288
594.75,596,438,438,73146,54750,2025-09-29,2025-10-31,661.82,0,-18396,147402672,-43505549,0.0371431530087867,98.6396243888985,-0.336
661.12,674,40,42,55280,54096,2025-09-29,2025-10-10,661.82,2,-1183.99999999999,47576883,-25404926,0.113702278478395,97.977166768155,-0.0218870156758354
591.83,593,538,462,86080,54054,2025-09-29,2025-10-31,661.82,-76,-32026,147402672,-43505549,0.0366709770362915,98.6762953659348,-0.592481592481593
584.42,585,911,926,76524,53708,2025-09-29,2025-10-24,661.82,15,-22816,25326184,-3674530,0.212065110164247,96.8274415127048,-0.424815669918821
339.78,340,2400,2405,60000,52910,2025-09-29,2025-12-19,661.82,5,-7090,377694332,-58241268,0.014008682555501,99.8398721005959,-0.134001134001134
622.22,624,230,289,58650,51442,2025-09-29,2025-10-24,661.82,59,-7208.00000000001,25326184,-3674530,0.203117848310665,97.0305593610155,-0.140118968935889
484.93,485,7340,7341,80740,51387,2025-09-29,2025-10-17,661.82,1,-29353,237131503,-97702452,0.0216702544157534,99.7167301722876,-0.571214509506295
586.95,588,470,470,62510,49350,2025-09-29,2025-10-31,661.82,0,-13160,147402672,-43505549,0.0334797187394269,98.7097750846742,-0.266666666666667
464.64,465,1355,1358,59620,48888,2025-09-29,2025-11-21,661.82,3,-10732,277092975,-51674793,0.0176431755442375,99.7917175633919,-0.219522173130421
464.94,465,8045,8045,72405,48270,2025-09-29,2025-10-17,661.82,0,-24135,237131503,-97702452,0.0203557938904474,99.737085966178,-0.5
582.13,583,552,554,69000,48198,2025-09-29,2025-10-31,661.82,2,-20802,147402672,-43505549,0.0326981860952968,98.7424732707695,-0.43159467197809
606.91,608,410,441,66010,48069,2025-09-29,2025-10-24,661.82,31,-17941,25326184,-3674530,0.189799616081128,97.2203589770966,-0.373234309014125
309.84,310,2908,2924,43620,46784,2025-09-29,2025-12-19,661.82,16,3164,377694332,-58241268,0.012386736055123,99.852258836651,0.0676299589603283
631.3,632,635,660,83820,46200,2025-09-29,2025-10-10,661.82,25,-37620,47576883,-25404926,0.097105983172542,98.0742727513276,-0.814285714285715
654.11,674,23,23,45747,45747,2025-09-29,2025-11-21,661.82,0,0,277092975,-51674793,0.0165096210035639,99.8082271843954,0
469.95,470,9186,9083,82674,45415,2025-09-29,2025-10-17,661.82,-103,-37259,237131503,-97702452,0.0191518205828603,99.7562377867609,-0.82041175822966
660.17,676,24,28,37512,44324,2025-09-29,2025-10-10,661.82,4,6812,47576883,-25404926,0.0931628917346267,98.1674356430622,0.153686490388954
604.69,605,1402,1401,63090,43431,2025-09-29,2025-10-10,661.82,-1,-19659,47576883,-25404926,0.0912859297655124,98.2587215728277,-0.452649029495061
449.89,450,3897,3899,66249,42889,2025-09-29,2025-10-31,661.82,2,-23360,147402672,-43505549,0.0290964874775133,98.771569758247,-0.544661801394297
394.86,395,3052,3050,54936,42700,2025-09-29,2025-11-21,661.82,-2,-12236,277092975,-51674793,0.01540999009448,99.8236371744899,-0.28655737704918
561.2,562,533,533,42640,42640,2025-09-29,2025-10-31,661.82,0,0,147402672,-43505549,0.0289275624528706,98.8004973206999,0
567.96,569,410,410,42640,42640,2025-09-29,2025-10-31,661.82,0,0,147402672,-43505549,0.0289275624528706,98.8294248831527,0
574.88,575,3506,3549,87650,42588,2025-09-29,2025-10-10,661.82,43,-45062,47576883,-25404926,0.0895140608517797,98.3482356336795,-1.0580914811684
560.14,561,494,494,42484,42484,2025-09-29,2025-10-31,661.82,0,0,147402672,-43505549,0.0288217299073113,98.8582466130601,0
587.59,589,298,298,42018,42018,2025-09-29,2025-10-31,661.82,0,0,147402672,-43505549,0.0285055890981406,98.8867522021582,0
449.96,450,10874,10495,76118,41980,2025-09-29,2025-10-17,661.82,-379,-34138,237131503,-97702452,0.0177032572513151,99.7739410440122,-0.813196760362077
662.18,697,12,12,46980,41784,2025-09-29,2025-10-31,661.82,0,-5195.99999999999,147402672,-43505549,0.0283468402798017,98.915099042438,-0.124353819643883
661.27,730,6,6,44358,41238,2025-09-29,2025-11-21,661.82,0,-3120.00000000001,277092975,-51674793,0.0148823693563505,99.8385195438463,-0.0756583733449733
638.52,642,126,117,64764,40716,2025-09-29,2025-10-24,661.82,-9,-24048,25326184,-3674530,0.160766422608317,97.3811253997049,-0.590627763041556
547.39,548,663,663,40443,40443,2025-09-29,2025-10-31,661.82,0,0,147402672,-43505549,0.027437087436244,98.9425361298742,0
542.39,543,655,655,39955,39955,2025-09-29,2025-10-31,661.82,0,0,147402672,-43505549,0.0271060215244945,98.9696421513987,0
635.77,636,1090,1712,59950,39376,2025-09-29,2025-10-03,661.82,622,-20574,37665902,-20955957,0.104540175355418,98.0327007700493,-0.522501015847217
657.84,684,8,15,19768,39240,2025-09-29,2025-11-21,661.82,7,19472,277092975,-51674793,0.01416131174022,99.8526808555865,0.496228338430173
609.94,610,6254,6532,87556,39192,2025-09-29,2025-10-03,661.82,278,-48364,37665902,-20955957,0.104051669863103,98.1367524399124,-1.23402735252092
556.25,557,521,521,39075,39075,2025-09-29,2025-10-31,661.82,0,0,147402672,-43505549,0.0265090174213396,98.9961511688201,0
459.68,460,1181,1188,49602,38016,2025-09-29,2025-11-21,661.82,7,-11586,277092975,-51674793,0.0137195827501581,99.8664004383366,-0.304766414141414
596.73,598,267,295,47526,37465,2025-09-29,2025-10-31,661.82,28,-10061,147402672,-43505549,0.0254167712780675,99.0215679400981,-0.268543974376084
620.34,622,210,225,60690,37350,2025-09-29,2025-10-24,661.82,15,-23340,25326184,-3674530,0.147475829757851,97.5286012294628,-0.624899598393574
194.97,195,12372,12372,37116,37116,2025-09-29,2025-12-19,661.82,0,0,377694332,-58241268,0.0098269941736907,99.8620858308247,0
632.81,633,1232,1937,64064,36803,2025-09-29,2025-10-03,661.82,705,-27261,37665902,-20955957,0.0977090632264694,98.2344615031388,-0.740727658071353
584.85,585,2256,2452,63168,36780,2025-09-29,2025-10-10,661.82,196,-26388,47576883,-25404926,0.0773064515386601,98.4255420852182,-0.717455138662317
657.56,682,14,15,38458,36660,2025-09-29,2025-11-21,661.82,1,-1798,277092975,-51674793,0.0132302163199915,99.8796306546566,-0.0490452809601746
214.97,215,12030,12030,60150,36090,2025-09-29,2025-12-19,661.82,0,-24060,377694332,-58241268,0.00955534593513572,99.8716411767598,-0.666666666666667
614.92,615,4470,4469,75990,35752,2025-09-29,2025-10-03,661.82,-1,-40238,37665902,-20955957,0.0949187410937351,98.3293802442326,-1.12547549787425
599.75,600,1414,1429,52318,35725,2025-09-29,2025-10-10,661.82,15,-16593,47576883,-25404926,0.0750889880701096,98.5006310732883,-0.464464660601819
603.57,604,829,829,35647,35647,2025-09-29,2025-10-10,661.82,0,0,47576883,-25404926,0.0749250429037144,98.575556116192,0
545.36,546,551,551,35264,35264,2025-09-29,2025-10-31,661.82,0,0,147402672,-43505549,0.0239235826064266,99.0454915227046,0
597.21,598,437,444,54188,35076,2025-09-29,2025-10-24,661.82,7,-19112,25326184,-3674530,0.138496980042473,97.6670982095052,-0.544873987911963
484.56,485,787,794,44072,34936,2025-09-29,2025-11-21,661.82,7,-9136,277092975,-51674793,0.0126080424810481,99.8922386971377,-0.261506755209526
656.29,678,16,16,34736,34736,2025-09-29,2025-10-24,661.82,0,0,25326184,-3674530,0.137154495916163,97.8042527054214,0
575.24,576,451,451,48257,34276,2025-09-29,2025-10-31,661.82,0,-13981,147402672,-43505549,0.0232533098178844,99.0687448325225,-0.407894736842106
540.41,541,576,576,33984,33984,2025-09-29,2025-10-31,661.82,0,0,147402672,-43505549,0.0230552130018376,99.0918000455243,0
469.63,470,857,914,35994,33818,2025-09-29,2025-11-21,661.82,57,-2176,277092975,-51674793,0.0122045677989491,99.9044432649366,-0.0643444319593116
626.48,627,671,650,68442,33800,2025-09-29,2025-10-10,661.82,-21,-34642,47576883,-25404926,0.0710429054379203,98.6465990216299,-1.02491124260355
519.67,520,1041,1023,41640,33759,2025-09-29,2025-10-31,661.82,-18,-7881,147402672,-43505549,0.0229025699072809,99.1147026154316,-0.233448858082289
164.98,165,16863,16863,33726,33726,2025-09-29,2025-12-19,661.82,0,0,377694332,-58241268,0.008929442976126,99.880570619736,0
304.87,305,2578,2591,38670,33683,2025-09-29,2025-12-19,661.82,13,-4987,377694332,-58241268,0.00891805810842827,99.8894886778444,-0.148056883294243
660.01,672,27,28,41094,33572,2025-09-29,2025-10-10,661.82,1,-7522,47576883,-25404926,0.0705636811053805,98.7171627027353,-0.224055760753008
557.2,558,419,419,33520,33520,2025-09-29,2025-10-31,661.82,0,0,147402672,-43505549,0.0227404290201741,99.1374430444517,0
444.73,445,1237,1224,38347,33048,2025-09-29,2025-11-21,661.82,-13,-5299,277092975,-51674793,0.0119266827316716,99.9163699476683,-0.160342532074558
510.61,511,843,843,32877,32877,2025-09-29,2025-10-31,661.82,0,0,147402672,-43505549,0.0223042089766188,99.1597472534283,0
631.81,632,1563,1720,75024,32680,2025-09-29,2025-10-03,661.82,157,-42344,37665902,-20955957,0.0867628233089971,98.4161430675416,-1.29571603427173
569.43,570,565,573,33335,32661,2025-09-29,2025-10-24,661.82,8,-674.000000000004,25326184,-3674530,0.128961394262949,97.9332140996843,-0.0206362328158968
319.85,320,2044,2164,38836,32460,2025-09-29,2025-12-19,661.82,120,-6376,377694332,-58241268,0.00859425128995582,99.8980829291344,-0.196426370918053
494.91,495,3576,3576,42912,32184,2025-09-29,2025-10-17,661.82,0,-10728,237131503,-97702452,0.0135722160880497,99.7875132601003,-0.333333333333334
627.86,628,2277,2289,68310,32046,2025-09-29,2025-10-03,661.82,12,-36264,37665902,-20955957,0.0850796032974333,98.501222670839,-1.13162329151844
595.51,596,652,651,44988,31899,2025-09-29,2025-10-17,661.82,-1,-13089,237131503,-97702452,0.0134520296107599,99.800965289711,-0.410326342518574
621.3,623,184,186,45448,31620,2025-09-29,2025-10-24,661.82,2,-13828,25326184,-3674530,0.124851023746807,98.0580651234312,-0.437318153067679
490.65,491,895,895,31325,31325,2025-09-29,2025-10-31,661.82,0,0,147402672,-43505549,0.0212513108310547,99.1809985642594,0
661.64,680,9,17,21771,31212,2025-09-29,2025-10-10,661.82,8,9441,47576883,-25404926,0.0656032888913719,98.7827659916267,0.302479815455594
541.42,542,537,537,31146,31146,2025-09-29,2025-10-31,661.82,0,0,147402672,-43505549,0.0211298747691629,99.2021284390286,0
659.83,678,21,17,44919,30889,2025-09-29,2025-10-31,661.82,-4,-14030,147402672,-43505549,0.0209555224344916,99.2230839614631,-0.454206999255398
409.83,410,1604,1814,33684,30838,2025-09-29,2025-11-21,661.82,210,-2846,277092975,-51674793,0.0111291164996153,99.9274990641679,-0.0922887346779947
662.18,690,11,11,35101,30602,2025-09-29,2025-10-17,661.82,0,-4499,237131503,-97702452,0.012905075712357,99.8138703654234,-0.147016534867002
571.85,573,263,263,30245,30245,2025-09-29,2025-10-31,661.82,0,0,147402672,-43505549,0.0205186239771827,99.2436025854403,0
548.49,549,594,593,36828,30243,2025-09-29,2025-10-31,661.82,-1,-6585,147402672,-43505549,0.0205172671496756,99.2641198525899,-0.217736335680984
509.91,510,3359,3356,53744,30204,2025-09-29,2025-10-17,661.82,-3,-23540,237131503,-97702452,0.0127372363510891,99.8266076017745,-0.779366971262085
511.61,512,767,767,29913,29913,2025-09-29,2025-10-31,661.82,0,0,147402672,-43505549,0.0202933906109925,99.2844132432009,0
555.43,556,524,524,44016,29868,2025-09-29,2025-10-31,661.82,0,-14148,147402672,-43505549,0.0202628619920811,99.304676105193,-0.473684210526316
554.54,555,637,644,32487,29624,2025-09-29,2025-10-24,661.82,7,-2863,25326184,-3674530,0.116969852228824,98.17503497566,-0.0966446124763705
454.71,455,1019,1021,39741,29609,2025-09-29,2025-11-21,661.82,2,-10132,277092975,-51674793,0.0106855830610646,99.938184647229,-0.342193252051741
409.94,410,4926,4932,49260,29592,2025-09-29,2025-10-31,661.82,6,-19668,147402672,-43505549,0.0200756197960916,99.3247517249891,-0.664639091646391
532.48,533,566,566,29432,29432,2025-09-29,2025-10-31,661.82,0,0,147402672,-43505549,0.019967073595518,99.3447187985846,0
419.98,420,14633,14634,58532,29268,2025-09-29,2025-10-17,661.82,1,-29264,237131503,-97702452,0.0123425186572532,99.8389501204317,-0.999863331966653
269.93,270,4144,4144,37296,29008,2025-09-29,2025-12-19,661.82,0,-8288,377694332,-58241268,0.00768028470175719,99.9057632138361,-0.285714285714286
658.57,671,15,23,26310,28589,2025-09-29,2025-10-24,661.82,8,2279,25326184,-3674530,0.112883172609028,98.287918148269,0.0797159746755747
174.98,175,13505,14252,13505,28504,2025-09-29,2025-12-19,661.82,747,14999,377694332,-58241268,0.00754684346176527,99.9133100572979,0.526206848161662
587.58,588,675,678,39150,28476,2025-09-29,2025-10-17,661.82,3,-10674,237131503,-97702452,0.012008526762469,99.8509586471942,-0.374841972187105
434.97,435,9464,9464,56784,28392,2025-09-29,2025-10-17,661.82,0,-28392,237131503,-97702452,0.0119731033796889,99.8629317505739,-1
579.47,580,486,525,43254,27825,2025-09-29,2025-10-24,661.82,39,-15429,25326184,-3674530,0.109866531807555,98.3977846800766,-0.554501347708895
559.63,560,750,744,41250,27528,2025-09-29,2025-10-24,661.82,-6,-13722,25326184,-3674530,0.108693832438397,98.506478512515,-0.498474280732346
399.85,400,1813,1831,32634,27465,2025-09-29,2025-11-21,661.82,18,-5169,277092975,-51674793,0.00991183554906074,99.948096482778,-0.188203167667941
334.8,335,1357,1372,31211,27440,2025-09-29,2025-12-19,661.82,15,-3771,377694332,-58241268,0.00726513417733788,99.9205751914752,-0.137427113702624
627.43,628,358,479,37232,27303,2025-09-29,2025-10-10,661.82,121,-9929,47576883,-25404926,0.0573871138216432,98.8401531054483,-0.363659671098414
535.43,536,477,477,27189,27189,2025-09-29,2025-10-31,661.82,0,0,147402672,-43505549,0.0184453915462265,99.3631641901308,0
580.1,581,303,302,36057,27180,2025-09-29,2025-10-31,661.82,-1,-8877,147402672,-43505549,0.0184392858224442,99.3816034759533,-0.326600441501104
655.91,683,10,10,27090,27090,2025-09-29,2025-10-17,661.82,0,0,237131503,-97702452,0.0114240409465966,99.8743557915205,0
599.95,600,3051,5342,33561,26710,2025-09-29,2025-10-03,661.82,2291,-6851,37665902,-20955957,0.0709129440202972,98.5721356148593,-0.256495694496443
369.96,370,6615,6630,33075,26520,2025-09-29,2025-10-31,661.82,15,-6555,147402672,-43505549,0.0179915327450781,99.3995950086984,-0.247171945701358
621.9,622,2500,2617,60000,26170,2025-09-29,2025-10-03,661.82,117,-33830,37665902,-20955957,0.0694792865971987,98.6416149014565,-1.2927015666794
567.8,568,1300,1300,26000,26000,2025-09-29,2025-10-10,661.82,0,0,47576883,-25404926,0.0546483887984003,98.8948014942467,0
552.36,553,399,400,28728,25600,2025-09-29,2025-10-31,661.82,1,-3128,147402672,-43505549,0.0173673920917797,99.4169624007901,-0.1221875
179.98,180,12771,12783,38313,25566,2025-09-29,2025-12-19,661.82,12,-12747,377694332,-58241268,0.00676896575720919,99.9273441572324,-0.498591879840413
498.75,499,901,1012,30634,25300,2025-09-29,2025-10-31,661.82,111,-5334,147402672,-43505549,0.0171638679657042,99.4341262687558,-0.210830039525692
189.97,190,8423,8423,25269,25269,2025-09-29,2025-12-19,661.82,0,0,377694332,-58241268,0.00669033074078538,99.9340344879732,0
439.98,440,12185,12187,60925,24374,2025-09-29,2025-10-17,661.82,2,-36551,237131503,-97702452,0.0102786849033719,99.8846344764238,-1.49958972675802
538.42,539,420,420,24360,24360,2025-09-29,2025-10-31,661.82,0,0,147402672,-43505549,0.0165261590373341,99.4506524277932,0
284.9,285,2419,2423,29028,24230,2025-09-29,2025-12-19,661.82,4,-4798,377694332,-58241268,0.00641524056548458,99.9404497285387,-0.198018984729674
544.68,545,758,755,31836,24160,2025-09-29,2025-10-24,661.82,-3,-7676,25326184,-3674530,0.0953953426224811,98.6018738551374,-0.31771523178808
601.09,602,167,265,22378,24115,2025-09-29,2025-10-24,661.82,98,1737,25326184,-3674530,0.0952176608998813,98.6970915160373,0.0720298569355173
636.75,637,933,963,56913,24075,2025-09-29,2025-10-03,661.82,30,-32838,37665902,-20955957,0.0639172267798074,98.7055321282363,-1.36398753894081
474.93,475,3432,3432,27456,24024,2025-09-29,2025-10-17,661.82,0,-3432,237131503,-97702452,0.0101310874751213,99.894765563899,-0.142857142857143
606.64,607,657,657,28908,23652,2025-09-29,2025-10-10,661.82,0,-5256,47576883,-25404926,0.0497132189176832,98.9445147131644,-0.222222222222222
563.24,564,310,310,23560,23560,2025-09-29,2025-10-31,661.82,0,0,147402672,-43505549,0.015983428034466,99.4666358558276,0
294.88,295,1946,1956,27244,23472,2025-09-29,2025-12-19,661.82,10,-3772,377694332,-58241268,0.00621454917676657,99.9466642777155,-0.160702113156101
601.44,602,433,419,37671,23464,2025-09-29,2025-10-17,661.82,-14,-14207,237131503,-97702452,0.00989493158992038,99.9046604954889,-0.605480736447324
579.87,580,1785,1803,44625,23439,2025-09-29,2025-10-10,661.82,18,-21186,47576883,-25404926,0.0492655225017578,98.9937802356661,-0.903878151798285
618.91,619,2600,2602,54600,23418,2025-09-29,2025-10-03,661.82,2,-31182,37665902,-20955957,0.0621729435817042,98.767705071818,-1.33153984114784
529.75,530,932,933,31688,23325,2025-09-29,2025-10-24,661.82,1,-8363,25326184,-3674530,0.0920983595475734,98.7891898755849,-0.358542336548767
209.97,210,7634,7635,30536,22905,2025-09-29,2025-12-19,661.82,1,-7631,377694332,-58241268,0.00606442778177566,99.9527287054972,-0.333158698974023
567.15,568,261,264,26883,22440,2025-09-29,2025-10-31,661.82,3,-4443,147402672,-43505549,0.0152236046304507,99.4818594604581,-0.197994652406417
569.9,570,2130,2239,46860,22390,2025-09-29,2025-10-10,661.82,109,-24470,47576883,-25404926,0.0470606701998532,99.040840905866,-1.09289861545333
558.3,559,318,318,22260,22260,2025-09-29,2025-10-31,661.82,0,0,147402672,-43505549,0.0151014901548053,99.4969609506129,0
224.96,225,5573,5563,27865,22252,2025-09-29,2025-12-19,661.82,-10,-5613,377694332,-58241268,0.0058915366513893,99.9586202421486,-0.252246989034694
489.77,490,966,966,27048,22218,2025-09-29,2025-10-31,661.82,0,-4830,147402672,-43505549,0.0150729967771548,99.5120339473901,-0.217391304347826
469.83,470,1305,1304,30015,22168,2025-09-29,2025-10-31,661.82,-1,-7847,147402672,-43505549,0.0150390760894755,99.5270730234795,-0.353978708047636
660,677,5,13,9550,22100,2025-09-29,2025-10-24,661.82,8,12550,25326184,-3674530,0.0872614682101338,98.876451343795,0.567873303167421
620.85,621,1359,1470,28539,22050,2025-09-29,2025-10-03,661.82,111,-6489,37665902,-20955957,0.0585410114431881,98.8262460832612,-0.294285714285714
234.95,235,4347,4363,26082,21815,2025-09-29,2025-12-19,661.82,16,-4267,377694332,-58241268,0.00577583462385663,99.9643960767725,-0.195599358239743
537.59,538,526,531,26826,21771,2025-09-29,2025-10-31,661.82,5,-5055,147402672,-43505549,0.0147697458293022,99.5418427693088,-0.232189610031694
169.99,170,21410,21698,42820,21698,2025-09-29,2025-12-19,661.82,288,-21122,377694332,-58241268,0.00574485719314422,99.9701409339656,-0.973453774541432
573.23,574,274,279,27948,21483,2025-09-29,2025-10-31,661.82,5,-6465,147402672,-43505549,0.0145743626682697,99.5564171319771,-0.300935623516269
593.54,594,468,464,37908,21344,2025-09-29,2025-10-17,661.82,-4,-16564,237131503,-97702452,0.00900091288165959,99.9136614083705,-0.776049475262369
658.5,700,6,5,25200,20750,2025-09-29,2025-11-21,661.82,-1,-4450,277092975,-51674793,0.00748846122858221,99.9555849440066,-0.214457831325301
621.55,622,354,453,30444,20385,2025-09-29,2025-10-10,661.82,99,-10059,47576883,-25404926,0.0428464386790534,99.0836873445451,-0.493451066961001
628.84,629,1197,1266,43092,20256,2025-09-29,2025-10-03,661.82,69,-22836,37665902,-20955957,0.0537780828931164,98.8800241661543,-1.12736966824645
663.6,679,13,13,20020,20020,2025-09-29,2025-10-24,661.82,0,0,25326184,-3674530,0.0790486241432977,98.9554999679383,0
374.88,375,1671,1664,23394,19968,2025-09-29,2025-11-21,661.82,-7,-3426,277092975,-51674793,0.00720624548493155,99.9627911894915,-0.171574519230769
439.75,440,425,797,14025,19925,2025-09-29,2025-11-21,661.82,372,5900,277092975,-51674793,0.00719072722792774,99.9699819167195,0.296110414052698
518.7,519,660,659,29040,19770,2025-09-29,2025-10-31,661.82,-1,-9270,147402672,-43505549,0.0134122399083783,99.5698293718855,-0.468892261001517
314.86,315,1397,1407,25146,19698,2025-09-29,2025-12-19,661.82,10,-5448,377694332,-58241268,0.00521532846301755,99.9753562624286,-0.276576302162656
527.63,528,646,527,29070,19499,2025-09-29,2025-10-31,661.82,-119,-9571,147402672,-43505549,0.0132283897811567,99.5830577616666,-0.490845684394072
184.98,185,9610,9611,28830,19222,2025-09-29,2025-12-19,661.82,1,-9608,377694332,-58241268,0.0050893006252474,99.9804455630539,-0.499843928831547
614.6,616,131,137,26724,19180,2025-09-29,2025-10-24,661.82,6,-7544,25326184,-3674530,0.0757318986547677,99.0312318665931,-0.39332638164755
514.69,515,620,615,27900,19065,2025-09-29,2025-10-31,661.82,-5,-8835,147402672,-43505549,0.0129339582121008,99.5959917198787,-0.463414634146342
622.9,623,1890,1894,51030,18940,2025-09-29,2025-10-03,661.82,4,-32090,37665902,-20955957,0.0502842066546024,98.9303083728089,-1.69429778247096
612.37,614,118,116,26196,18908,2025-09-29,2025-10-24,661.82,-2,-7288,25326184,-3674530,0.0746579113537199,99.1058897779468,-0.38544531415274
565.18,566,228,228,18696,18696,2025-09-29,2025-10-31,661.82,0,0,147402672,-43505549,0.0126836235370279,99.6086753434158,0
439.91,440,2052,2054,30780,18486,2025-09-29,2025-10-31,661.82,2,-12294,147402672,-43505549,0.012541156648775,99.6212165000645,-0.665043816942551
657.98,681,8,8,15048,18416,2025-09-29,2025-10-31,661.82,0,3368,147402672,-43505549,0.012493667686024,99.6337101677506,0.182884448305821
655.9,682,7,7,18270,18270,2025-09-29,2025-10-17,661.82,0,0,237131503,-97702452,0.00770458575468144,99.9213659941252,0
608.68,609,565,567,33900,18144,2025-09-29,2025-10-10,661.82,2,-15756,47576883,-25404926,0.0381361679368529,99.1218235124819,-0.868386243386243
517.68,518,569,567,22760,18144,2025-09-29,2025-10-31,661.82,-2,-4616,147402672,-43505549,0.0123091391450489,99.6460193068956,-0.254409171075838
593.17,594,206,216,23690,17928,2025-09-29,2025-10-24,661.82,10,-5762,25326184,-3674530,0.0707883982837683,99.1766781762306,-0.321396697902722
594.79,595,770,849,26180,17829,2025-09-29,2025-10-10,661.82,79,-8351,47576883,-25404926,0.0374740816879492,99.1592975941698,-0.468394189242246
484.73,485,660,660,17820,17820,2025-09-29,2025-10-31,661.82,0,0,147402672,-43505549,0.0120893330888873,99.6581086399845,0
525.47,526,334,334,17702,17702,2025-09-29,2025-10-31,661.82,0,0,147402672,-43505549,0.0120092802659642,99.6701179202505,0
204.97,205,5859,5861,17577,17583,2025-09-29,2025-12-19,661.82,2,6,377694332,-58241268,0.0046553518309086,99.9851009148848,0.00034123869646818
524.73,525,650,650,21450,17550,2025-09-29,2025-10-24,661.82,0,-3900,25326184,-3674530,0.0692958718139298,99.2459740480445,-0.222222222222222
493.69,494,539,539,16709,16709,2025-09-29,2025-10-31,661.82,0,0,147402672,-43505549,0.0113356154086542,99.6814535356591,0
662.13,695,5,5,16435,16435,2025-09-29,2025-11-21,661.82,0,0,277092975,-51674793,0.00593122218273487,99.9759131389022,0
610.82,612,137,139,23564,16402,2025-09-29,2025-10-24,661.82,2,-7162,25326184,-3674530,0.0647630136462722,99.3107370616908,-0.436654066577247
589.8,590,792,814,22968,16280,2025-09-29,2025-10-10,661.82,22,-6687.99999999999,47576883,-25404926,0.0342182988322291,99.1935158930021,-0.41081081081081
580.85,581,786,1083,20436,16245,2025-09-29,2025-10-10,661.82,297,-4191,47576883,-25404926,0.034144733693462,99.2276606266955,-0.257987072945522
622.56,623,363,367,32670,16148,2025-09-29,2025-10-10,661.82,4,-16522,47576883,-25404926,0.0339408531660218,99.2616014798616,-1.02316076294278
384.97,385,5310,5310,15930,15930,2025-09-29,2025-10-17,661.82,0,0,237131503,-97702452,0.0067177915200917,99.9280837856453,0
579.96,580,2077,3971,20770,15884,2025-09-29,2025-10-03,661.82,1894,-4886,37665902,-20955957,0.0421707676083265,98.9724791404172,-0.307605137245026
595.25,596,201,209,22311,15675,2025-09-29,2025-10-24,661.82,8,-6636,25326184,-3674530,0.061892466705604,99.3726295283964,-0.423349282296651
626.89,627,689,1413,21359,15543,2025-09-29,2025-10-03,661.82,724,-5816,37665902,-20955957,0.0412654394948513,99.0137445799121,-0.374187737245062
513.66,514,345,457,14145,15538,2025-09-29,2025-10-31,661.82,112,1393,147402672,-43505549,0.010541192903206,99.6919947285623,0.0896511777577554
549.65,550,440,443,19800,15505,2025-09-29,2025-10-24,661.82,3,-4295,25326184,-3674530,0.0612212246424491,99.4338507530388,-0.27700741696227
630.82,631,319,853,12122,15354,2025-09-29,2025-10-03,661.82,534,3232,37665902,-20955957,0.0407636593967669,99.0545082393089,0.210498892796665
602.99,604,148,152,19684,15352,2025-09-29,2025-10-24,661.82,4,-4332,25326184,-3674530,0.0606171067856097,99.4944678598245,-0.282178217821782
454.86,455,1079,1074,21580,15036,2025-09-29,2025-10-31,661.82,-5,-6544,147402672,-43505549,0.0102006291989062,99.7021953577612,-0.435222133546156
528.51,529,305,305,14945,14945,2025-09-29,2025-10-31,661.82,0,0,147402672,-43505549,0.01013889354733,99.7123342513085,0
500.7,501,497,498,16401,14940,2025-09-29,2025-10-31,661.82,1,-1461,147402672,-43505549,0.0101355014785621,99.7224697527871,-0.0977911646586348
519.77,520,660,643,19800,14789,2025-09-29,2025-10-24,661.82,-17,-5011,25326184,-3674530,0.0583941110117497,99.5528619708362,-0.338832916356752
592.78,593,662,664,25818,14608,2025-09-29,2025-10-10,661.82,2,-11210,47576883,-25404926,0.0307039870602704,99.2923054669218,-0.767387732749178
503.68,504,476,455,15232,14560,2025-09-29,2025-10-31,661.82,-21,-672,147402672,-43505549,0.00987770425219971,99.7323474570393,-0.0461538461538462
497.71,498,433,499,13856,14471,2025-09-29,2025-10-31,661.82,66,614.999999999998,147402672,-43505549,0.00981732542813064,99.7421647824675,0.0424987906848178
564.9,565,1450,1439,31900,14390,2025-09-29,2025-10-10,661.82,-11,-17510,47576883,-25404926,0.0302457813388069,99.3225512482606,-1.21681723419041
507.66,508,333,420,11655,14280,2025-09-29,2025-10-31,661.82,87,2625,147402672,-43505549,0.00968774840119588,99.7518525308686,0.183823529411765
658.29,682,7,6,15764,14226,2025-09-29,2025-10-31,661.82,-1,-1538,147402672,-43505549,0.00965111405850228,99.7615036449272,-0.108111907774497
662.34,686,6,6,14196,14196,2025-09-29,2025-11-21,661.82,0,0,277092975,-51674793,0.00512319014944352,99.9810363290517,0
399.99,400,14401,14145,28802,14145,2025-09-29,2025-10-17,661.82,-256,-14657,237131503,-97702452,0.00596504463601363,99.9340488302813,-1.0361965358784
496.65,497,395,395,13825,13825,2025-09-29,2025-10-31,661.82,0,0,147402672,-43505549,0.00937907014331463,99.7708827150705,0
424.96,425,3452,3452,13808,13808,2025-09-29,2025-10-17,661.82,0,0,237131503,-97702452,0.00582292939795519,99.9398717596793,0
591.24,592,180,181,18000,13756,2025-09-29,2025-10-24,661.82,1,-4244,25326184,-3674530,0.0543153283574028,99.6071772991936,-0.308519918580983
661.28,730,2,2,14388,13744,2025-09-29,2025-10-17,661.82,0,-644,237131503,-97702452,0.00579594015393223,99.9456676998332,-0.0468568102444703
581.85,582,745,914,18625,13710,2025-09-29,2025-10-10,661.82,169,-4915,47576883,-25404926,0.028816515785618,99.3513677640463,-0.358497447118891
459.97,460,4493,4493,35944,13479,2025-09-29,2025-10-17,661.82,0,-22465,237131503,-97702452,0.00568418781539963,99.9513518876486,-1.66666666666667
551.31,552,194,194,13386,13386,2025-09-29,2025-10-31,661.82,0,0,147402672,-43505549,0.00908124650549076,99.7799639615759,0
661.6,695,4,4,15624,13360,2025-09-29,2025-10-17,661.82,0,-2264,237131503,-97702452,0.00563400468979442,99.9569858923384,-0.169461077844311
564.57,565,153,309,9180,13287,2025-09-29,2025-10-24,661.82,156,4107,25326184,-3674530,0.0524634899596402,99.6596407891532,0.309099119440054
574.96,575,3332,3297,26656,13188,2025-09-29,2025-10-03,661.82,-35,-13468,37665902,-20955957,0.0350131001774496,99.0895213394863,-1.02123142250531
582.71,584,101,101,13029,13029,2025-09-29,2025-10-31,661.82,0,0,147402672,-43505549,0.00883905279546086,99.7888030143714,0
534.75,535,676,518,22308,12950,2025-09-29,2025-10-24,661.82,-158,-9358,25326184,-3674530,0.0511328512815038,99.7107736404347,-0.722625482625483
419.92,420,1606,1609,17666,12872,2025-09-29,2025-10-31,661.82,3,-4794,147402672,-43505549,0.00873254183614799,99.7975355562076,-0.372436295835923
434.76,435,528,533,15312,12792,2025-09-29,2025-11-21,661.82,5,-2520,277092975,-51674793,0.00461650101378427,99.9856528300654,-0.196998123827392
244.94,245,2108,2108,14756,12648,2025-09-29,2025-12-19,661.82,0,-2108,377694332,-58241268,0.00334873968932105,99.9884496545741,-0.166666666666667
587.68,588,391,391,12512,12512,2025-09-29,2025-10-10,661.82,0,0,47576883,-25404926,0.0262984861786763,99.3776662502249,0
633.81,634,582,653,27936,12407,2025-09-29,2025-10-03,661.82,71,-15529,37665902,-20955957,0.0329396067562646,99.1224609462426,-1.251632143145
601.66,602,379,362,18192,12308,2025-09-29,2025-10-10,661.82,-17,-5884,47576883,-25404926,0.0258697065127196,99.4035359567376,-0.478063048423789
625.85,626,833,816,29988,12240,2025-09-29,2025-10-03,661.82,-17,-17748,37665902,-20955957,0.0324962349235656,99.1549571811662,-1.45
549.98,550,6099,6102,18297,12204,2025-09-29,2025-10-03,661.82,3,-6093,37665902,-20955957,0.0324006577620257,99.1873578389282,-0.499262536873156
605.72,606,426,428,19170,11984,2025-09-29,2025-10-10,661.82,2,-7186,47576883,-25404926,0.0251887035138473,99.4287246602515,-0.599632843791722
615.59,616,254,292,18034,11972,2025-09-29,2025-10-10,661.82,38,-6062,47576883,-25404926,0.0251634811805557,99.4538881414321,-0.506348145673238
506.51,507,244,244,11956,11956,2025-09-29,2025-10-31,661.82,0,0,147402672,-43505549,0.008111114837864,99.8056466710454,0
554.84,555,712,712,11392,11392,2025-09-29,2025-10-10,661.82,0,0,47576883,-25404926,0.0239444017381298,99.4778325431702,0
553.49,554,227,222,14074,11322,2025-09-29,2025-10-31,661.82,-5,-2752,147402672,-43505549,0.00768100051809102,99.8133276715635,-0.243066596007772
584.97,585,2962,3703,32582,11109,2025-09-29,2025-10-03,661.82,741,-21473,37665902,-20955957,0.0294935190985205,99.2168513580267,-1.93293725807904
570.89,571,1000,1000,11000,11000,2025-09-29,2025-10-03,661.82,0,0,37665902,-20955957,0.0292041326927469,99.2460554907194,0
660.58,688,3,4,9150,10968,2025-09-29,2025-11-21,661.82,1,1818,277092975,-51674793,0.00395823820506456,99.9896110682705,0.165754923413567
526.64,527,304,304,14896,10944,2025-09-29,2025-10-31,661.82,0,-3952,147402672,-43505549,0.00742456011923583,99.8207522316828,-0.361111111111111
655.89,710,2,2,10822,10822,2025-09-29,2025-10-03,661.82,0,0,37665902,-20955957,0.0287315567273552,99.2747870474468,0
559.91,560,1179,1194,20043,10746,2025-09-29,2025-10-10,661.82,15,-9297,47576883,-25404926,0.0225865994626004,99.5004191426328,-0.865159128978224
610.65,611,70,307,4760,10745,2025-09-29,2025-10-10,661.82,237,5985,47576883,-25404926,0.0225844976014927,99.5230036402343,0.55700325732899
389.87,390,718,814,11488,10582,2025-09-29,2025-11-21,661.82,96,-906,277092975,-51674793,0.00381893478172805,99.9934300030522,-0.0856170856170856
499.86,500,545,736,11990,10304,2025-09-29,2025-10-24,661.82,191,-1686,25326184,-3674530,0.0406851659926343,99.7514588064274,-0.163625776397516
536.58,537,243,243,13851,10206,2025-09-29,2025-10-31,661.82,0,-3645,147402672,-43505549,0.00692389076908999,99.8276761224518,-0.357142857142857
409.98,410,5081,5067,20324,10134,2025-09-29,2025-10-17,661.82,-14,-10190,237131503,-97702452,0.00427357810826173,99.9612594704467,-1.00552595223998
661.28,678,3,6,5694,10032,2025-09-29,2025-10-10,661.82,3,4338,47576883,-25404926,0.021085870631752,99.544089510866,0.432416267942584
611.92,612,1257,1248,18855,9984,2025-09-29,2025-10-03,661.82,-9,-8871,37665902,-20955957,0.0265067328003986,99.3012937802472,-0.888521634615385
154.98,155,4980,4980,9960,9960,2025-09-29,2025-12-19,661.82,0,0,377694332,-58241268,0.0026370530760308,99.9910867076501,0
229.96,230,2080,2482,10400,9928,2025-09-29,2025-12-19,661.82,402,-472,377694332,-58241268,0.00262858061634878,99.9937152882665,-0.0475423045930701
661.49,686,3,4,9111,9804,2025-09-29,2025-10-24,661.82,1,693,25326184,-3674530,0.0387109246304141,99.7901697310578,0.0706854345165239
523.52,524,204,204,9792,9792,2025-09-29,2025-10-31,661.82,0,0,147402672,-43505549,0.00664302747510574,99.8343191499269,0
661.71,681,1,5,2350,9645,2025-09-29,2025-10-03,661.82,4,7295,37665902,-20955957,0.0256067145292312,99.3269004947764,0.75635044064282
574.52,575,186,199,14136,9552,2025-09-29,2025-10-24,661.82,13,-4584,25326184,-3674530,0.0377159069838551,99.8278856380416,-0.479899497487437
613.65,614,256,272,15104,9520,2025-09-29,2025-10-10,661.82,16,-5584,47576883,-25404926,0.020009717744645,99.5640992286107,-0.58655462184874
414.97,415,3243,3134,12972,9402,2025-09-29,2025-10-17,661.82,-109,-3570,237131503,-97702452,0.00396488862974904,99.9652243590764,-0.379706445437141
379.89,380,842,849,13472,9339,2025-09-29,2025-11-21,661.82,7,-4133,277092975,-51674793,0.00337034888740864,99.9968003519396,-0.442552735838955
349.98,350,4632,4632,9264,9264,2025-09-29,2025-10-17,661.82,0,0,237131503,-97702452,0.00390669307232452,99.9691310521487,0
550.46,551,172,171,11180,9234,2025-09-29,2025-10-31,661.82,-1,-1946,147402672,-43505549,0.00626447260060523,99.8405836225276,-0.210742906649339
582.84,583,69,567,1932,9072,2025-09-29,2025-10-10,661.82,498,7140,47576883,-25404926,0.0190680839684264,99.5831673125791,0.787037037037037
495.77,496,396,391,11088,8993,2025-09-29,2025-10-31,661.82,-5,-2095,147402672,-43505549,0.00610097488599121,99.8466845974136,-0.23295896808629
502.59,503,219,219,8979,8979,2025-09-29,2025-10-31,661.82,0,0,147402672,-43505549,0.00609147709344102,99.852776074507,0
662.1,680,80,5,182560,8950,2025-09-29,2025-10-03,661.82,-75,-173610,37665902,-20955957,0.0237615443272804,99.3506620391037,-19.3977653631285
661.26,750,1,1,9237,8874,2025-09-29,2025-12-19,661.82,0,-363,377694332,-58241268,0.00234951897557202,99.9960648072421,-0.0409060175794456
581.02,582,90,90,11790,8820,2025-09-29,2025-10-31,661.82,0,-2970,147402672,-43505549,0.00598360930662098,99.8587596838136,-0.336734693877551
515.59,516,215,215,8815,8815,2025-09-29,2025-10-31,661.82,0,0,147402672,-43505549,0.00598021723785306,99.8647399010515,0
444.97,445,2938,2938,17628,8814,2025-09-29,2025-10-17,661.82,0,-8814,237131503,-97702452,0.00371692495028803,99.972847977099,-1
592.94,593,456,1465,4560,8790,2025-09-29,2025-10-03,661.82,1009,4230,37665902,-20955957,0.0233367569426586,99.3739987960464,0.48122866894198
531.49,532,171,171,8721,8721,2025-09-29,2025-10-31,661.82,0,0,147402672,-43505549,0.00591644634501605,99.8706563473965,0
522.5,523,174,174,8700,8700,2025-09-29,2025-10-31,661.82,0,0,147402672,-43505549,0.00590219965619076,99.8765585470527,0
520.54,521,188,188,8648,8648,2025-09-29,2025-10-31,661.82,0,0,147402672,-43505549,0.00586692214100434,99.8824254691937,0
444.89,445,835,786,13360,8646,2025-09-29,2025-10-31,661.82,-49,-4714,147402672,-43505549,0.00586556531349717,99.8882910345072,-0.545223224612538
530.59,531,206,210,9682,8610,2025-09-29,2025-10-31,661.82,4,-1072,147402672,-43505549,0.0058411424183681,99.8941321769255,-0.124506387921022
612.91,613,957,942,18183,8478,2025-09-29,2025-10-03,661.82,-15,-9705,37665902,-20955957,0.0225084215426462,99.396507217589,-1.14472753007785
494.75,495,349,339,11168,8475,2025-09-29,2025-10-31,661.82,-10,-2693,147402672,-43505549,0.00574955656163411,99.8998817334872,-0.317758112094395
616.92,617,1078,1054,21560,8432,2025-09-29,2025-10-03,661.82,-24,-13128,37665902,-20955957,0.0223862951695674,99.4188935127586,-1.55692599620493
474.98,475,4200,4201,16800,8402,2025-09-29,2025-10-10,661.82,1,-8398,47576883,-25404926,0.0176598370263138,99.6008271496054,-0.999523922875506
617.91,618,927,930,17613,8370,2025-09-29,2025-10-03,661.82,3,-9243,37665902,-20955957,0.0222216900580265,99.4411152028166,-1.10430107526882
254.93,255,1195,1193,9560,8351,2025-09-29,2025-12-19,661.82,-2,-1209,377694332,-58241268,0.0022110472126439,99.9982758544547,-0.144773081068136
504.78,505,376,376,8272,8272,2025-09-29,2025-10-24,661.82,0,0,25326184,-3674530,0.0326618490965714,99.8605474871382,0
594.96,595,1699,2033,16990,8132,2025-09-29,2025-10-03,661.82,334,-8858,37665902,-20955957,0.0215898188234016,99.46270502164,-1.08927693064437
618.62,619,162,214,12636,8132,2025-09-29,2025-10-10,661.82,52,-4504,47576883,-25404926,0.0170923345272535,99.6179194841327,-0.553861288735858
658.83,679,3,4,6300,8068,2025-09-29,2025-10-10,661.82,1,1768,47576883,-25404926,0.0169578154163651,99.634877299549,0.219137332672286
605,606,81,80,11340,8000,2025-09-29,2025-10-24,661.82,-1,-3340,25326184,-3674530,0.0315878617955236,99.8921353489337,-0.4175
569.97,570,2731,2640,16386,7920,2025-09-29,2025-10-03,661.82,-91,-8466,37665902,-20955957,0.0210269755387778,99.4837319971788,-1.06893939393939
512.71,513,263,271,10783,7859,2025-09-29,2025-10-31,661.82,8,-2924,147402672,-43505549,0.00533165368942566,99.9052133871766,-0.372057513678585
439.99,440,7684,7684,7684,7684,2025-09-29,2025-10-03,661.82,0,0,37665902,-20955957,0.0204004141464606,99.5041324113252,0
657.8,677,4,4,7680,7680,2025-09-29,2025-10-10,661.82,0,0,47576883,-25404926,0.0161422933066044,99.6510195928556,0
491.8,492,383,383,11490,7660,2025-09-29,2025-10-31,661.82,0,-3830,147402672,-43505549,0.00519664935246221,99.9104100365291,-0.5
464.85,465,499,508,10479,7620,2025-09-29,2025-10-31,661.82,9,-2859,147402672,-43505549,0.00516951280231881,99.9155795493314,-0.375196850393701
505.63,506,204,204,7548,7548,2025-09-29,2025-10-31,661.82,0,0,147402672,-43505549,0.00512066701206068,99.9207002163434,0
615.88,616,614,614,12280,7368,2025-09-29,2025-10-03,661.82,0,-4912,37665902,-20955957,0.0195614590618326,99.5236938703871,-0.666666666666667
586.81,587,386,385,12352,7315,2025-09-29,2025-10-10,661.82,-1,-5037,47576883,-25404926,0.0153751140023192,99.666394706858,-0.688585099111415
575.94,577,68,68,7208,7208,2025-09-29,2025-10-31,661.82,0,0,147402672,-43505549,0.00489000633584173,99.9255902226793,0
595.94,596,593,1175,7116,7050,2025-09-29,2025-10-03,661.82,582,-66,37665902,-20955957,0.0187171941348969,99.542411064522,-0.00936170212765957
607.92,608,906,879,16308,7032,2025-09-29,2025-10-03,661.82,-27,-9276,37665902,-20955957,0.0186694055541269,99.5610804700761,-1.31911262798635
604.94,605,1073,1169,13949,7014,2025-09-29,2025-10-03,661.82,96,-6935,37665902,-20955957,0.018621616973357,99.5797020870495,-0.988736812090105
593.68,594,219,219,7008,7008,2025-09-29,2025-10-10,661.82,0,0,47576883,-25404926,0.0147298426422765,99.6811245495002,0
324.99,325,6994,6965,6994,6965,2025-09-29,2025-10-17,661.82,-29,-28.9999999999991,237131503,-97702452,0.00293718882218699,99.9757851659212,-0.00416367552045931
501.71,502,238,239,7854,6931,2025-09-29,2025-10-31,661.82,1,-923.000000000001,147402672,-43505549,0.00470208572609864,99.9302923084054,-0.133169816765258
434.91,435,838,769,11732,6921,2025-09-29,2025-10-31,661.82,-69,-4811,147402672,-43505549,0.00469530158856279,99.9349876099939,-0.695130761450658
359.98,360,3460,3460,6920,6920,2025-09-29,2025-10-17,661.82,0,0,237131503,-97702452,0.00291821200998334,99.9787033779312,0
509.83,510,397,398,10322,6766,2025-09-29,2025-10-24,661.82,1,-3556,25326184,-3674530,0.0267154341135641,99.9188507830473,-0.52556902157848
661.64,684,3,3,6708,6708,2025-09-29,2025-10-31,661.82,0,0,147402672,-43505549,0.00455079945904916,99.939538409453,0
589.97,590,2064,2227,20640,6681,2025-09-29,2025-10-03,661.82,163,-13959,37665902,-20955957,0.0177375282291129,99.5974396152786,-2.0893578805568
591.75,592,154,267,6314,6675,2025-09-29,2025-10-10,661.82,113,361.000000000001,47576883,-25404926,0.0140299228934355,99.6951544723937,0.0540823970037455
404.99,405,6668,6668,6668,6668,2025-09-29,2025-10-03,661.82,0,0,37665902,-20955957,0.0177030142541124,99.6151426295327,0
264.92,265,817,814,7353,6512,2025-09-29,2025-12-19,661.82,-3,-841,377694332,-58241268,0.00172414554529243,100,-0.129146191646192
514.96,515,619,1621,5571,6484,2025-09-29,2025-10-10,661.82,1002,913,47576883,-25404926,0.013628467421878,99.7087829398155,0.14080814312153
374.98,375,3238,3238,6476,6476,2025-09-29,2025-10-17,661.82,0,0,237131503,-97702452,0.002730974129574,99.9814343520608,0
655.93,688,2,2,6414,6414,2025-09-29,2025-10-17,661.82,0,0,237131503,-97702452,0.00270482829942675,99.9841391803602,0
661.27,725,1,1,6715,6373,2025-09-29,2025-10-17,661.82,0,-342.000000000001,237131503,-97702452,0.00268753831497454,99.9868267186752,-0.0536638945551547
595.77,596,276,277,9660,6371,2025-09-29,2025-10-10,661.82,1,-3289,47576883,-25404926,0.0133909571167157,99.7221738969323,-0.516245487364621
444.99,445,6367,6367,6367,6367,2025-09-29,2025-10-03,661.82,0,0,37665902,-20955957,0.0169038829867927,99.6320465125195,0
616.63,617,168,172,11256,6364,2025-09-29,2025-10-10,661.82,4,-4892,47576883,-25404926,0.0133762440889623,99.7355501410212,-0.768698931489629
544.93,545,909,908,12726,6356,2025-09-29,2025-10-10,661.82,-1,-6370,47576883,-25404926,0.0133594292001012,99.7489095702213,-1.00220264317181
529.95,530,577,1269,6347,6345,2025-09-29,2025-10-10,661.82,692,-2,47576883,-25404926,0.0133363087279173,99.7622458789492,-0.000315208825847124
593.9,594,631,631,6310,6310,2025-09-29,2025-10-03,661.82,0,0,37665902,-20955957,0.0167525524810212,99.6487990650005,0
389.95,390,1264,1246,10112,6230,2025-09-29,2025-10-31,661.82,-18,-3882,147402672,-43505549,0.00422651768483546,99.9437649271378,-0.623113964686998
508.68,509,303,192,10302,6144,2025-09-29,2025-10-31,661.82,-111,-4158,147402672,-43505549,0.00416817410202713,99.9479331012399,-0.6767578125
399.94,400,1015,1014,9135,6084,2025-09-29,2025-10-31,661.82,-1,-3051,147402672,-43505549,0.00412746927681202,99.9520605705167,-0.501479289940828
374.96,375,1423,1520,8538,6080,2025-09-29,2025-10-31,661.82,97,-2458,147402672,-43505549,0.00412475562179768,99.9561853261385,-0.404276315789474
610.9,611,376,603,6016,6030,2025-09-29,2025-10-03,661.82,227,14,37665902,-20955957,0.0160091745579331,99.6648082395584,0.00232172470978441
474.83,475,362,352,7964,5984,2025-09-29,2025-10-31,661.82,-10,-1980,147402672,-43505549,0.00405962790145351,99.9602449540399,-0.330882352941176
573.9,574,598,598,5980,5980,2025-09-29,2025-10-03,661.82,0,0,37665902,-20955957,0.0158764285002388,99.6806846680587,0
424.93,425,835,838,10020,5866,2025-09-29,2025-10-31,661.82,3,-4154,147402672,-43505549,0.00397957507853046,99.9642245291184,-0.708148653256052
549.9,550,579,585,8685,5850,2025-09-29,2025-10-10,661.82,6,-2835,47576883,-25404926,0.0122958874796401,99.7745417664289,-0.484615384615385
543.53,544,123,123,7134,5781,2025-09-29,2025-10-31,661.82,0,-1353,147402672,-43505549,0.00392190990947572,99.9681464390279,-0.234042553191489
539.7,540,197,191,7683,5730,2025-09-29,2025-10-24,661.82,-6,-1953,25326184,-3674530,0.0226248060110438,99.9414755890584,-0.340837696335079
583.79,584,270,270,7830,5670,2025-09-29,2025-10-10,661.82,0,-2160,47576883,-25404926,0.0119175524802665,99.7864593189091,-0.380952380952381
661.5,718,0,1,0,5650,2025-09-29,2025-10-03,661.82,1,5650,37665902,-20955957,0.0150003045194564,99.6956849725781,1
597.94,598,905,903,9955,5418,2025-09-29,2025-10-03,661.82,-2,-4537,37665902,-20955957,0.0143843628117548,99.7100693353899,-0.837393872277593
533.5,534,107,107,8132,5350,2025-09-29,2025-10-31,661.82,0,-2782,147402672,-43505549,0.00362951358168053,99.9717759526096,-0.52
590.71,591,257,184,10537,5336,2025-09-29,2025-10-10,661.82,-73,-5201,47576883,-25404926,0.0112155308703178,99.7976748497795,-0.974700149925037
585.95,586,195,1063,1755,5315,2025-09-29,2025-10-03,661.82,868,3560,37665902,-20955957,0.0141109059329045,99.7241802413228,0.669802445907808
600.76,601,200,219,7600,5256,2025-09-29,2025-10-10,661.82,19,-2344,47576883,-25404926,0.0110473819817074,99.8087222317612,-0.445966514459665
559.97,560,1714,1710,8570,5130,2025-09-29,2025-10-03,661.82,-4,-3440,37665902,-20955957,0.0136197455194356,99.7377999868422,-0.67056530214425
404.84,405,319,319,6699,5104,2025-09-29,2025-11-21,661.82,0,-1595,277092975,-51674793,0.00184198101738234,99.998642332957,-0.3125
492.75,493,211,204,6752,5100,2025-09-29,2025-10-31,661.82,-7,-1652,147402672,-43505549,0.00345991014328424,99.9752358627529,-0.323921568627451
596.75,597,84,202,3108,5050,2025-09-29,2025-10-10,661.82,118,1942,47576883,-25404926,0.0106143985935354,99.8193366303547,0.384554455445545
414.92,415,630,630,6300,5040,2025-09-29,2025-10-31,661.82,0,-1260,147402672,-43505549,0.00341920531806913,99.9786550680709,-0.25
516.58,517,120,120,5040,5040,2025-09-29,2025-10-31,661.82,0,0,147402672,-43505549,0.00341920531806913,99.982074273389,0
660.63,710,1,1,5320,4937,2025-09-29,2025-10-31,661.82,0,-383,147402672,-43505549,0.00334932870144986,99.9854236020905,-0.0775774762001215
656.63,705,1,1,4837,4837,2025-09-29,2025-10-17,661.82,0,0,237131503,-97702452,0.00203979645842333,99.9888665151336,0
612.62,613,98,127,5782,4826,2025-09-29,2025-10-10,661.82,29,-956,47576883,-25404926,0.0101435817054261,99.8294802120601,-0.198093659345213
576.86,577,342,342,9918,4788,2025-09-29,2025-10-10,661.82,0,-5130,47576883,-25404926,0.0100637109833362,99.8395439230435,-1.07142857142857
587.94,588,665,774,7315,4644,2025-09-29,2025-10-03,661.82,109,-2671,37665902,-20955957,0.012329453838647,99.7501294406809,-0.575150732127477
607.68,608,137,134,6987,4288,2025-09-29,2025-10-10,661.82,-3,-2699,47576883,-25404926,0.00901278042952078,99.848556703473,-0.629430970149254
524.95,525,820,849,7380,4245,2025-09-29,2025-10-10,661.82,29,-3135,47576883,-25404926,0.00892240040189266,99.8574791038749,-0.738515901060071
394.95,395,845,837,6760,4185,2025-09-29,2025-10-31,661.82,-8,-2575,147402672,-43505549,0.00283916155875383,99.9882627636492,-0.615292712066905
598.71,599,143,144,5434,4176,2025-09-29,2025-10-10,661.82,1,-1258,47576883,-25404926,0.00877737198546613,99.8662564758603,-0.301245210727969
662.14,683,2,2,4172,4172,2025-09-29,2025-10-24,661.82,0,0,25326184,-3674530,0.0164730699263655,99.9579486589847,0
521.51,522,83,83,4067,4067,2025-09-29,2025-10-31,661.82,0,0,147402672,-43505549,0.00275910873583079,99.9910218723851,0
602.77,603,278,176,14456,4048,2025-09-29,2025-10-10,661.82,-102,-10408,47576883,-25404926,0.0085083337636894,99.8747648096241,-2.57114624505929
394.99,395,4029,4024,8058,4024,2025-09-29,2025-10-17,661.82,-5,-4034,237131503,-97702452,0.00169694871794407,99.9905634638515,-1.00248508946322
560.95,561,800,800,4000,4000,2025-09-29,2025-10-03,661.82,0,0,37665902,-20955957,0.0106196846155443,99.7607491252964,0
623.89,624,345,352,9660,3872,2025-09-29,2025-10-03,661.82,7,-5788,37665902,-20955957,0.0102798547078469,99.7710289800042,-1.4948347107438
611.68,612,105,121,5880,3872,2025-09-29,2025-10-10,661.82,16,-2008,47576883,-25404926,0.00813840620874638,99.8829032158328,-0.518595041322314
586.91,587,426,426,3834,3834,2025-09-29,2025-10-03,661.82,0,0,37665902,-20955957,0.0101789677039992,99.7812079477083,0
613.93,614,443,542,7974,3794,2025-09-29,2025-10-03,661.82,99,-4180,37665902,-20955957,0.0100727708578438,99.7912807185661,-1.10173958882446
660.38,698,1,1,3898,3762,2025-09-29,2025-11-21,661.82,0,-136,277092975,-51674793,0.0013576670429844,100,-0.0361509835194046
657.84,695,1,1,3716,3716,2025-09-29,2025-10-31,661.82,0,0,147402672,-43505549,0.0025209855083224,99.9935428578934,0
514.78,515,165,166,4620,3652,2025-09-29,2025-10-24,661.82,1,-968,25326184,-3674530,0.0144198589096565,99.9723685178944,-0.265060240963855
588.69,589,116,116,3596,3596,2025-09-29,2025-10-10,661.82,0,0,47576883,-25404926,0.00755829254304028,99.8904615083758,0
469.95,470,707,707,3535,3535,2025-09-29,2025-10-10,661.82,0,0,47576883,-25404926,0.00743007901547481,99.8978915873913,0
404.94,405,563,565,5630,3390,2025-09-29,2025-10-31,661.82,2,-2240,147402672,-43505549,0.00229982262465364,99.9958426805181,-0.660766961651917
562.81,563,175,175,3325,3325,2025-09-29,2025-10-10,661.82,0,0,47576883,-25404926,0.00698868818287234,99.9048802755742,0
454.99,455,3272,3271,6544,3271,2025-09-29,2025-10-03,661.82,-1,-3273,37665902,-20955957,0.00868424709436137,99.7999649656605,-1.00061143381229
379.96,380,562,817,3372,3268,2025-09-29,2025-10-31,661.82,255,-104,147402672,-43505549,0.00221705614671626,99.9980597366648,-0.0318237454100367
499.97,500,416,1044,2912,3132,2025-09-29,2025-10-10,661.82,628,220,47576883,-25404926,0.0065830289890996,99.9114633045633,0.0702426564495529
601.92,602,389,391,5446,3128,2025-09-29,2025-10-03,661.82,2,-2318,37665902,-20955957,0.00830459336935566,99.8082695590298,-0.741048593350384
578.95,579,604,620,6040,3100,2025-09-29,2025-10-03,661.82,16,-2940,37665902,-20955957,0.00823025557704685,99.8164998146069,-0.948387096774194
655.93,686,1,1,3007,3007,2025-09-29,2025-10-17,661.82,0,0,237131503,-97702452,0.0012680727621416,99.9918315366137,0
339.99,340,3008,3006,6016,3006,2025-09-29,2025-10-17,661.82,-2,-3010,237131503,-97702452,0.00126765105520375,99.9930991876689,-1.00133067198935
519.95,520,589,585,6479,2925,2025-09-29,2025-10-10,661.82,-4,-3554,47576883,-25404926,0.00614794373982003,99.9176112483031,-1.21504273504274
379.98,380,1453,1453,2906,2906,2025-09-29,2025-10-03,661.82,0,0,37665902,-20955957,0.00771520087319295,99.8242150154801,0
658.15,687,1,1,2885,2885,2025-09-29,2025-10-10,661.82,0,0,47576883,-25404926,0.0060638692955148,99.9236751175986,0
582.95,583,573,573,4011,2865,2025-09-29,2025-10-03,661.82,0,-1146,37665902,-20955957,0.00760634910588362,99.8318213645859,-0.4
384.96,385,695,715,3475,2860,2025-09-29,2025-10-31,661.82,20,-615,147402672,-43505549,0.00194026333525352,100,-0.215034965034965
575.86,576,207,201,5175,2814,2025-09-29,2025-10-10,661.82,-6,-2361,47576883,-25404926,0.00591463715687301,99.9295897547555,-0.839019189765458
354.98,355,1396,1394,2792,2788,2025-09-29,2025-10-17,661.82,-2,-4,237131503,-97702452,0.00117571894275051,99.9942749066116,-0.00143472022955524
429.99,430,2783,2784,2783,2784,2025-09-29,2025-10-03,661.82,1,1,37665902,-20955957,0.00739130049241885,99.8392126650783,0.000359195402298851
539.92,540,347,348,4858,2784,2025-09-29,2025-10-10,661.82,1,-2074,47576883,-25404926,0.00585158132364409,99.9354413360791,-0.744971264367817
658.41,685,1,1,2659,2659,2025-09-29,2025-10-10,661.82,0,0,47576883,-25404926,0.00558884868519024,99.9410301847643,0
577.91,578,288,288,2592,2592,2025-09-29,2025-10-03,661.82,0,0,37665902,-20955957,0.00688155563087272,99.8460942207092,0
329.99,330,2355,2355,2355,2355,2025-09-29,2025-10-17,661.82,0,0,237131503,-97702452,0.000993119838657624,99.9952680264503,0
597.76,598,96,98,3840,2352,2025-09-29,2025-10-10,661.82,2,-1488,47576883,-25404926,0.00494357732514759,99.9459737620895,-0.63265306122449
344.99,345,2325,2327,4650,2327,2025-09-29,2025-10-17,661.82,2,-2323,237131503,-97702452,0.000981312044397576,99.9962493384947,-0.998281048560378
389.99,390,2257,2280,6771,2280,2025-09-29,2025-10-17,661.82,23,-4491,237131503,-97702452,0.00096149181831821,99.997210830313,-1.96973684210526
374.99,375,2229,2229,2229,2229,2025-09-29,2025-10-03,661.82,0,0,37665902,-20955957,0.00591781925201207,99.8520120399612,0
660.18,682,1,1,2182,2182,2025-09-29,2025-10-24,661.82,0,0,25326184,-3674530,0.00861558930472905,99.9809841071991,0
424.98,425,1087,1087,2174,2174,2025-09-29,2025-10-03,661.82,0,0,37665902,-20955957,0.00577179858854834,99.8577838385498,0
585.64,586,59,59,2124,2124,2025-09-29,2025-10-10,661.82,0,0,47576883,-25404926,0.00446435299260778,99.9504381150821,0
514.99,515,2080,2086,4160,2086,2025-09-29,2025-10-03,661.82,6,-2074,37665902,-20955957,0.00553816552700636,99.8633220040768,-0.99424736337488
534.95,535,397,413,5558,2065,2025-09-29,2025-10-10,661.82,16,-3493,47576883,-25404926,0.00434034318725756,99.9547784582693,-1.69152542372881
661.46,682,0,1,0,2054,2025-09-29,2025-10-03,661.82,1,2054,37665902,-20955957,0.00545320805008201,99.8687752121269,1
509.99,510,968,2038,1936,2038,2025-09-29,2025-10-03,661.82,1070,102,37665902,-20955957,0.00541072931161983,99.8741859414385,0.0500490677134446
459.99,460,2019,2019,2019,2019,2025-09-29,2025-10-03,661.82,0,0,37665902,-20955957,0.005360285809696,99.8795462272482,0
565.83,566,7,118,140,2006,2025-09-29,2025-10-10,661.82,111,1866,47576883,-25404926,0.00421633338190734,99.9589947916513,0.930209371884347
577.86,578,147,143,4704,2002,2025-09-29,2025-10-10,661.82,-4,-2702,47576883,-25404926,0.00420792593747682,99.9632027175887,-1.34965034965035
369.99,370,1466,1959,2932,1959,2025-09-29,2025-10-17,661.82,493,-973,237131503,-97702452,0.000826123891265515,99.9980369542043,-0.496681980602348
588.95,589,282,386,3384,1930,2025-09-29,2025-10-03,661.82,104,-1454,37665902,-20955957,0.00512399782700013,99.8846702250752,-0.753367875647668
539.98,540,919,946,2757,1892,2025-09-29,2025-10-03,661.82,27,-865,37665902,-20955957,0.00502311082315246,99.8896933358984,-0.457188160676533
562.94,563,301,301,1806,1806,2025-09-29,2025-10-03,661.82,0,0,37665902,-20955957,0.00479478760391826,99.8944881235023,0
557.82,558,100,100,1800,1800,2025-09-29,2025-10-10,661.82,0,0,47576883,-25404926,0.0037833499937354,99.9669860675824,0
394.99,395,1777,1777,1777,1777,2025-09-29,2025-10-03,661.82,0,0,37665902,-20955957,0.00471779489045556,99.8992059183927,0
591.94,592,285,295,3135,1770,2025-09-29,2025-10-03,661.82,10,-1365,37665902,-20955957,0.00469921044237836,99.9039051288351,-0.771186440677966
563.85,564,113,114,2147,1710,2025-09-29,2025-10-10,661.82,1,-437,47576883,-25404926,0.00359418249404863,99.9705802500765,-0.255555555555556
581.95,582,340,341,2720,1705,2025-09-29,2025-10-03,661.82,1,-1015,37665902,-20955957,0.00452664056737577,99.9084317694025,-0.595307917888563
664.24,681,1,1,1676,1676,2025-09-29,2025-10-24,661.82,0,0,25326184,-3674530,0.00661765704616219,99.9876017642453,0
379.99,380,1661,1664,3322,1664,2025-09-29,2025-10-17,661.82,3,-1658,237131503,-97702452,0.00070172034459715,99.9987386745489,-0.996394230769231
568.87,569,125,125,1625,1625,2025-09-29,2025-10-03,661.82,0,0,37665902,-20955957,0.00431424687506488,99.9127460162775,0
660.22,676,1,1,1578,1578,2025-09-29,2025-10-24,661.82,0,0,25326184,-3674530,0.00623070573916702,99.9938324699844,0
504.99,505,1513,1563,3026,1563,2025-09-29,2025-10-03,661.82,50,-1463,37665902,-20955957,0.00414964176352394,99.9168956580411,-0.936020473448496
658.38,674,1,1,1562,1562,2025-09-29,2025-10-24,661.82,0,0,25326184,-3674530,0.00616753001557598,100,0
578.87,579,120,119,3720,1547,2025-09-29,2025-10-10,661.82,-1,-2173,47576883,-25404926,0.00325157913350482,99.97383182921,-1.40465416936005
364.99,365,1487,1512,1487,1512,2025-09-29,2025-10-17,661.82,25,25,237131503,-97702452,0.000637620890042602,99.9993762954389,0.0165343915343915
596.89,597,136,136,1496,1496,2025-09-29,2025-10-03,661.82,0,0,37665902,-20955957,0.00397176204621358,99.9208674200873,0
334.99,335,1479,1479,1479,1479,2025-09-29,2025-10-17,661.82,0,0,237131503,-97702452,0.00062370456109326,100,0
608.94,609,232,246,3480,1476,2025-09-29,2025-10-03,661.82,14,-2004,37665902,-20955957,0.00391866362313585,99.9247860837104,-1.35772357723577
605.94,606,234,245,3276,1470,2025-09-29,2025-10-03,661.82,11,-1806,37665902,-20955957,0.00390273409621254,99.9286888178066,-1.22857142857143
553.87,554,111,113,2109,1469,2025-09-29,2025-10-10,661.82,2,-640,47576883,-25404926,0.00308763396710962,99.9769194631771,-0.435670524166099
384.99,385,1368,1368,1368,1368,2025-09-29,2025-10-03,661.82,0,0,37665902,-20955957,0.00363193213851616,99.9323207499451,0
554.94,555,228,228,1368,1368,2025-09-29,2025-10-03,661.82,0,0,37665902,-20955957,0.00363193213851616,99.9359526820837,0
600.96,601,3,336,42,1344,2025-09-29,2025-10-03,661.82,333,1302,37665902,-20955957,0.00356821403082289,99.9395208961145,0.96875
583.94,584,123,223,1230,1338,2025-09-29,2025-10-03,661.82,100,108,37665902,-20955957,0.00355228450389957,99.9430731806184,0.0807174887892377
550.85,551,86,86,1290,1290,2025-09-29,2025-10-10,661.82,0,0,47576883,-25404926,0.00271140082884371,99.979630864006,0
389.99,390,1267,1267,1267,1267,2025-09-29,2025-10-03,661.82,0,0,37665902,-20955957,0.00336378510197366,99.9464369657204,0
504.96,505,125,316,875,1264,2025-09-29,2025-10-10,661.82,191,389,47576883,-25404926,0.00265675244004531,99.982287616446,0.307753164556962
434.99,435,1231,1231,1231,1231,2025-09-29,2025-10-03,661.82,0,0,37665902,-20955957,0.00326820794043376,99.9497051736608,0
580.95,581,238,238,2380,1190,2025-09-29,2025-10-03,661.82,0,-1190,37665902,-20955957,0.00315935617312444,99.9528645298339,-1
489.97,490,391,390,2737,1170,2025-09-29,2025-10-10,661.82,-1,-1567,47576883,-25404926,0.00245917749592801,99.9847467939419,-1.33931623931624
494.98,495,580,580,1160,1160,2025-09-29,2025-10-03,661.82,0,0,37665902,-20955957,0.00307970853850785,99.9559442383724,0
550.98,551,241,540,1446,1080,2025-09-29,2025-10-03,661.82,299,-366,37665902,-20955957,0.00286731484619697,99.9588115532186,-0.338888888888889
544.98,545,340,538,1360,1076,2025-09-29,2025-10-03,661.82,198,-284,37665902,-20955957,0.00285669516158142,99.9616682483802,-0.263940520446097
464.99,465,1039,1058,4156,1058,2025-09-29,2025-10-10,661.82,19,-3098,47576883,-25404926,0.00222376905187336,99.9869705629938,-2.92816635160681
499.99,500,1003,1023,2006,1023,2025-09-29,2025-10-03,661.82,20,-983,37665902,-20955957,0.00271598434042546,99.9643842327206,-0.960899315738025
524.99,525,965,985,2895,985,2025-09-29,2025-10-03,661.82,20,-1910,37665902,-20955957,0.00261509733657779,99.9669993300572,-1.93908629441624
484.97,485,322,328,1610,984,2025-09-29,2025-10-10,661.82,6,-626,47576883,-25404926,0.00206823132990869,99.9890387943237,-0.636178861788618
454.98,455,437,455,1748,910,2025-09-29,2025-10-10,661.82,18,-838,47576883,-25404926,0.00191269360794401,99.9909514879317,-0.920879120879121
449.99,450,854,854,854,854,2025-09-29,2025-10-03,661.82,0,0,37665902,-20955957,0.00226730266541871,99.9692666327226,0
459.98,460,410,411,1640,822,2025-09-29,2025-10-10,661.82,1,-818,47576883,-25404926,0.0017277298304725,99.9926792177621,-0.995133819951338
449.98,450,392,392,1176,784,2025-09-29,2025-10-10,661.82,0,-392,47576883,-25404926,0.00164785910838253,99.9943270768705,-0.5
571.85,572,0,49,0,735,2025-09-29,2025-10-10,661.82,49,735,47576883,-25404926,0.00154486791410862,99.9958719447846,1
414.98,415,357,357,714,714,2025-09-29,2025-10-03,661.82,0,0,37665902,-20955957,0.00189561370387466,99.9711622464265,0
474.99,475,693,693,693,693,2025-09-29,2025-10-03,661.82,0,0,37665902,-20955957,0.00183986035964305,99.9730021067862,0
603.92,604,78,86,1014,688,2025-09-29,2025-10-03,661.82,8,-326,37665902,-20955957,0.00182658575387362,99.97482869254,-0.473837209302326
575.93,576,98,98,686,686,2025-09-29,2025-10-03,661.82,0,0,37665902,-20955957,0.00182127591156585,99.9766499684516,0
464.99,465,666,666,666,666,2025-09-29,2025-10-03,661.82,0,0,37665902,-20955957,0.00176817748848813,99.9784181459401,0
399.99,400,640,640,640,640,2025-09-29,2025-10-03,661.82,0,0,37665902,-20955957,0.00169914953848709,99.9801172954785,0
519.99,520,638,638,1914,638,2025-09-29,2025-10-03,661.82,0,-1276,37665902,-20955957,0.00169383969617932,99.9818111351747,-2
534.99,535,624,635,1872,635,2025-09-29,2025-10-03,661.82,11,-1237,37665902,-20955957,0.00168587493271766,99.9834970101075,-1.94803149606299
564.99,565,659,635,3954,635,2025-09-29,2025-10-03,661.82,-24,-3319,37665902,-20955957,0.00168587493271766,99.9851828850402,-5.22677165354331
553.94,554,101,101,606,606,2025-09-29,2025-10-03,661.82,0,0,37665902,-20955957,0.00160888221925496,99.9867917672594,0
509.9,510,57,57,570,570,2025-09-29,2025-10-10,661.82,0,0,47576883,-25404926,0.00119806083134954,99.997070005616,0
409.99,410,554,554,554,554,2025-09-29,2025-10-03,661.82,0,0,37665902,-20955957,0.00147082631925289,99.9882625935787,0
563.96,564,124,124,744,496,2025-09-29,2025-10-03,661.82,0,-248,37665902,-20955957,0.0013168408923275,99.989579434471,-0.5
494.96,495,113,121,565,484,2025-09-29,2025-10-10,661.82,8,-81,47576883,-25404926,0.0010173007760933,99.9980873063921,-0.167355371900826
529.99,530,455,451,910,451,2025-09-29,2025-10-03,661.82,-4,-459,37665902,-20955957,0.00119736944040262,99.9907768039114,-1.01773835920177
419.99,420,419,419,419,419,2025-09-29,2025-10-03,661.82,0,0,37665902,-20955957,0.00111241196347827,99.9918892158749,0
551.98,552,100,200,700,400,2025-09-29,2025-10-03,661.82,100,-300,37665902,-20955957,0.00106196846155443,99.9929511843364,-0.75
479.99,480,359,359,359,359,2025-09-29,2025-10-03,661.82,0,0,37665902,-20955957,0.000953116694245102,99.9939043010307,0
489.99,490,358,357,716,357,2025-09-29,2025-10-03,661.82,-1,-359,37665902,-20955957,0.00094780685193733,99.9948521078826,-1.00560224089636
479.94,480,56,56,336,336,2025-09-29,2025-10-10,661.82,0,0,47576883,-25404926,0.000706225332163942,99.9987935317242,0
590.96,591,84,82,840,328,2025-09-29,2025-10-03,661.82,-2,-512,37665902,-20955957,0.000870814138474634,99.9957229220211,-1.5609756097561
469.99,470,317,319,634,319,2025-09-29,2025-10-03,661.82,2,-315,37665902,-20955957,0.000846919848089659,99.9965698418692,-0.987460815047022
552.95,553,60,60,300,300,2025-09-29,2025-10-03,661.82,0,0,37665902,-20955957,0.000796476346165824,99.9973663182153,0
598.93,599,17,36,323,252,2025-09-29,2025-10-03,661.82,19,-70.9999999999999,37665902,-20955957,0.000669040130779292,99.9980353583461,-0.281746031746031
560.77,561,10,10,230,230,2025-09-29,2025-10-10,661.82,0,0,47576883,-25404926,0.000483428054755079,99.999276959779,0
571.96,572,55,57,550,228,2025-09-29,2025-10-03,661.82,2,-322,37665902,-20955957,0.000605322023086026,99.9986406803692,-1.41228070175439
566.84,567,0,10,0,160,2025-09-29,2025-10-10,661.82,10,160,47576883,-25404926,0.000336297777220925,99.9996132575562,1
565.92,566,17,17,136,136,2025-09-29,2025-10-03,661.82,0,0,37665902,-20955957,0.000361069276928507,99.9990017496462,0
566.97,567,15,30,165,90,2025-09-29,2025-10-03,661.82,15,-75,37665902,-20955957,0.000238942903849747,99.99924069255,-0.833333333333334
484.99,485,90,83,180,83,2025-09-29,2025-10-03,661.82,-7,-97,37665902,-20955957,0.000220358455772545,99.9994610510058,-1.16867469879518
556.91,557,7,7,63,63,2025-09-29,2025-10-03,661.82,0,0,37665902,-20955957,0.000167260032694823,99.9996283110385,0
557.98,558,30,31,150,62,2025-09-29,2025-10-03,661.82,1,-88,37665902,-20955957,0.000164605111540937,99.99979291615,-1.41935483870968
556.88,557,0,5,0,60,2025-09-29,2025-10-10,661.82,5,60,47576883,-25404926,0.000126111666457847,99.9997393692227,1
558.83,559,3,3,51,51,2025-09-29,2025-10-10,661.82,0,0,47576883,-25404926,0.00010719491648917,99.9998465641391,0
572.9,573,3,3,30,30,2025-09-29,2025-10-03,661.82,0,0,37665902,-20955957,7.96476346165824e-05,99.9998725637846,0
573.73,574,1,1,27,27,2025-09-29,2025-10-10,661.82,0,0,47576883,-25404926,5.67502499060311e-05,99.9999033143891,0
561.97,562,6,7,66,21,2025-09-29,2025-10-03,661.82,1,-45,37665902,-20955957,5.57533442316077e-05,99.9999283171289,-2.14285714285714
552.9,553,0,2,0,20,2025-09-29,2025-10-10,661.82,2,20,47576883,-25404926,4.20372221526156e-05,99.9999453516112,1
551.84,552,1,1,16,16,2025-09-29,2025-10-10,661.82,0,0,47576883,-25404926,3.36297777220925e-05,99.9999789813889,0
567.93,568,2,2,14,14,2025-09-29,2025-10-03,661.82,0,0,37665902,-20955957,3.71688961544051e-05,99.999965486025,0
576.95,577,0,2,0,10,2025-09-29,2025-10-03,661.82,2,10,37665902,-20955957,2.65492115388608e-05,99.9999920352366,1
555.9,556,0,1,0,10,2025-09-29,2025-10-10,661.82,1,10,47576883,-25404926,2.10186110763078e-05,100,1
555.97,556,0,1,0,3,2025-09-29,2025-10-03,661.82,1,3,37665902,-20955957,7.96476346165824e-06,100,1
559,559,0,0,0,0,2025-09-29,2025-10-03,661.82,0,0,37665902,-20955957,0,100,
657.53,676,0,0,0,0,2025-09-29,2025-10-03,661.82,0,0,37665902,-20955957,0,100,
661.42,677,0,0,0,0,2025-09-29,2025-10-03,661.82,0,0,37665902,-20955957,0,100,
657.53,678,0,0,0,0,2025-09-29,2025-10-03,661.82,0,0,37665902,-20955957,0,100,
657.53,679,0,0,0,0,2025-09-29,2025-10-03,661.82,0,0,37665902,-20955957,0,100,
683,683,0,0,0,0,2025-09-29,2025-10-03,661.82,0,0,37665902,-20955957,0,100,
662.08,684,0,0,0,0,2025-09-29,2025-10-03,661.82,0,0,37665902,-20955957,0,100,
657.95,685,0,0,0,0,2025-09-29,2025-10-03,661.82,0,0,37665902,-20955957,0,100,
686,686,0,0,0,0,2025-09-29,2025-10-03,661.82,0,0,37665902,-20955957,0,100,
666.75,687,0,0,0,0,2025-09-29,2025-10-03,661.82,0,0,37665902,-20955957,0,100,
688,688,0,0,0,0,2025-09-29,2025-10-03,661.82,0,0,37665902,-20955957,0,100,
689,689,0,0,0,0,2025-09-29,2025-10-03,661.82,0,0,37665902,-20955957,0,100,
660,690,0,0,0,0,2025-09-29,2025-10-03,661.82,0,0,37665902,-20955957,0,100,
663.34,691,0,0,0,0,2025-09-29,2025-10-03,661.82,0,0,37665902,-20955957,0,100,
692,692,0,0,0,0,2025-09-29,2025-10-03,661.82,0,0,37665902,-20955957,0,100,
693,693,0,0,0,0,2025-09-29,2025-10-03,661.82,0,0,37665902,-20955957,0,100,
694,694,0,0,0,0,2025-09-29,2025-10-03,661.82,0,0,37665902,-20955957,0,100,
662.15,695,0,0,0,0,2025-09-29,2025-10-03,661.82,0,0,37665902,-20955957,0,100,
696,696,0,0,0,0,2025-09-29,2025-10-03,661.82,0,0,37665902,-20955957,0,100,
697,697,0,0,0,0,2025-09-29,2025-10-03,661.82,0,0,37665902,-20955957,0,100,
698,698,0,0,0,0,2025-09-29,2025-10-03,661.82,0,0,37665902,-20955957,0,100,
699,699,0,0,0,0,2025-09-29,2025-10-03,661.82,0,0,37665902,-20955957,0,100,
655.89,700,0,0,0,0,2025-09-29,2025-10-03,661.82,0,0,37665902,-20955957,0,100,
701,701,0,0,0,0,2025-09-29,2025-10-03,661.82,0,0,37665902,-20955957,0,100,
702,702,0,0,0,0,2025-09-29,2025-10-03,661.82,0,0,37665902,-20955957,0,100,
703,703,0,0,0,0,2025-09-29,2025-10-03,661.82,0,0,37665902,-20955957,0,100,
704,704,0,0,0,0,2025-09-29,2025-10-03,661.82,0,0,37665902,-20955957,0,100,
665.73,705,0,0,0,0,2025-09-29,2025-10-03,661.82,0,0,37665902,-20955957,0,100,
706,706,0,0,0,0,2025-09-29,2025-10-03,661.82,0,0,37665902,-20955957,0,100,
708,708,0,0,0,0,2025-09-29,2025-10-03,661.82,0,0,37665902,-20955957,0,100,
712,712,0,0,0,0,2025-09-29,2025-10-03,661.82,0,0,37665902,-20955957,0,100,
714,714,0,0,0,0,2025-09-29,2025-10-03,661.82,0,0,37665902,-20955957,0,100,
661.63,715,0,0,0,0,2025-09-29,2025-10-03,661.82,0,0,37665902,-20955957,0,100,
716,716,0,0,0,0,2025-09-29,2025-10-03,661.82,0,0,37665902,-20955957,0,100,
720,720,0,0,0,0,2025-09-29,2025-10-03,661.82,0,0,37665902,-20955957,0,100,
725,725,0,0,0,0,2025-09-29,2025-10-03,661.82,0,0,37665902,-20955957,0,100,
730,730,0,0,0,0,2025-09-29,2025-10-03,661.82,0,0,37665902,-20955957,0,100,
735,735,0,0,0,0,2025-09-29,2025-10-03,661.82,0,0,37665902,-20955957,0,100,
740,740,0,0,0,0,2025-09-29,2025-10-03,661.82,0,0,37665902,-20955957,0,100,
745,745,0,0,0,0,2025-09-29,2025-10-03,661.82,0,0,37665902,-20955957,0,100,
750,750,0,0,0,0,2025-09-29,2025-10-03,661.82,0,0,37665902,-20955957,0,100,
755,755,0,0,0,0,2025-09-29,2025-10-03,661.82,0,0,37665902,-20955957,0,100,
760,760,0,0,0,0,2025-09-29,2025-10-03,661.82,0,0,37665902,-20955957,0,100,
765,765,0,0,0,0,2025-09-29,2025-10-03,661.82,0,0,37665902,-20955957,0,100,
562,562,0,0,0,0,2025-09-29,2025-10-10,661.82,0,0,47576883,-25404926,0,100,
569,569,0,0,0,0,2025-09-29,2025-10-10,661.82,0,0,47576883,-25404926,0,100,
571,571,0,0,0,0,2025-09-29,2025-10-10,661.82,0,0,47576883,-25404926,0,100,
573,573,0,0,0,0,2025-09-29,2025-10-10,661.82,0,0,47576883,-25404926,0,100,
658.59,681,0,0,0,0,2025-09-29,2025-10-10,661.82,0,0,47576883,-25404926,0,100,
655.96,682,0,0,0,0,2025-09-29,2025-10-10,661.82,0,0,47576883,-25404926,0,100,
683,683,0,0,0,0,2025-09-29,2025-10-10,661.82,0,0,47576883,-25404926,0,100,
655.96,684,0,0,0,0,2025-09-29,2025-10-10,661.82,0,0,47576883,-25404926,0,100,
666.12,686,0,0,0,0,2025-09-29,2025-10-10,661.82,0,0,47576883,-25404926,0,100,
661.15,688,0,0,0,0,2025-09-29,2025-10-10,661.82,0,0,47576883,-25404926,0,100,
689,689,0,0,0,0,2025-09-29,2025-10-10,661.82,0,0,47576883,-25404926,0,100,
658.59,690,0,0,0,0,2025-09-29,2025-10-10,661.82,0,0,47576883,-25404926,0,100,
691,691,0,0,0,0,2025-09-29,2025-10-10,661.82,0,0,47576883,-25404926,0,100,
692,692,0,0,0,0,2025-09-29,2025-10-10,661.82,0,0,47576883,-25404926,0,100,
693,693,0,0,0,0,2025-09-29,2025-10-10,661.82,0,0,47576883,-25404926,0,100,
694,694,0,0,0,0,2025-09-29,2025-10-10,661.82,0,0,47576883,-25404926,0,100,
695,695,0,0,0,0,2025-09-29,2025-10-10,661.82,0,0,47576883,-25404926,0,100,
696,696,0,0,0,0,2025-09-29,2025-10-10,661.82,0,0,47576883,-25404926,0,100,
697,697,0,0,0,0,2025-09-29,2025-10-10,661.82,0,0,47576883,-25404926,0,100,
698,698,0,0,0,0,2025-09-29,2025-10-10,661.82,0,0,47576883,-25404926,0,100,
699,699,0,0,0,0,2025-09-29,2025-10-10,661.82,0,0,47576883,-25404926,0,100,
700,700,0,0,0,0,2025-09-29,2025-10-10,661.82,0,0,47576883,-25404926,0,100,
701,701,0,0,0,0,2025-09-29,2025-10-10,661.82,0,0,47576883,-25404926,0,100,
702,702,0,0,0,0,2025-09-29,2025-10-10,661.82,0,0,47576883,-25404926,0,100,
703,703,0,0,0,0,2025-09-29,2025-10-10,661.82,0,0,47576883,-25404926,0,100,
704,704,0,0,0,0,2025-09-29,2025-10-10,661.82,0,0,47576883,-25404926,0,100,
705,705,0,0,0,0,2025-09-29,2025-10-10,661.82,0,0,47576883,-25404926,0,100,
706,706,0,0,0,0,2025-09-29,2025-10-10,661.82,0,0,47576883,-25404926,0,100,
707,707,0,0,0,0,2025-09-29,2025-10-10,661.82,0,0,47576883,-25404926,0,100,
708,708,0,0,0,0,2025-09-29,2025-10-10,661.82,0,0,47576883,-25404926,0,100,
709,709,0,0,0,0,2025-09-29,2025-10-10,661.82,0,0,47576883,-25404926,0,100,
710,710,0,0,0,0,2025-09-29,2025-10-10,661.82,0,0,47576883,-25404926,0,100,
711,711,0,0,0,0,2025-09-29,2025-10-10,661.82,0,0,47576883,-25404926,0,100,
712,712,0,0,0,0,2025-09-29,2025-10-10,661.82,0,0,47576883,-25404926,0,100,
713,713,0,0,0,0,2025-09-29,2025-10-10,661.82,0,0,47576883,-25404926,0,100,
714,714,0,0,0,0,2025-09-29,2025-10-10,661.82,0,0,47576883,-25404926,0,100,
715,715,0,0,0,0,2025-09-29,2025-10-10,661.82,0,0,47576883,-25404926,0,100,
716,716,0,0,0,0,2025-09-29,2025-10-10,661.82,0,0,47576883,-25404926,0,100,
718,718,0,0,0,0,2025-09-29,2025-10-10,661.82,0,0,47576883,-25404926,0,100,
720,720,0,0,0,0,2025-09-29,2025-10-10,661.82,0,0,47576883,-25404926,0,100,
725,725,0,0,0,0,2025-09-29,2025-10-10,661.82,0,0,47576883,-25404926,0,100,
730,730,0,0,0,0,2025-09-29,2025-10-10,661.82,0,0,47576883,-25404926,0,100,
735,735,0,0,0,0,2025-09-29,2025-10-10,661.82,0,0,47576883,-25404926,0,100,
740,740,0,0,0,0,2025-09-29,2025-10-10,661.82,0,0,47576883,-25404926,0,100,
745,745,0,0,0,0,2025-09-29,2025-10-10,661.82,0,0,47576883,-25404926,0,100,
750,750,0,0,0,0,2025-09-29,2025-10-10,661.82,0,0,47576883,-25404926,0,100,
755,755,0,0,0,0,2025-09-29,2025-10-10,661.82,0,0,47576883,-25404926,0,100,
760,760,0,0,0,0,2025-09-29,2025-10-10,661.82,0,0,47576883,-25404926,0,100,
765,765,0,0,0,0,2025-09-29,2025-10-10,661.82,0,0,47576883,-25404926,0,100,
770,770,0,0,0,0,2025-09-29,2025-10-10,661.82,0,0,47576883,-25404926,0,100,
659.9,780,0,0,0,0,2025-09-29,2025-10-10,661.82,0,0,47576883,-25404926,0,100,
655.93,684,0,0,0,0,2025-09-29,2025-10-17,661.82,0,0,237131503,-97702452,0,100,
662.54,687,0,0,0,0,2025-09-29,2025-10-17,661.82,0,0,237131503,-97702452,0,100,
658,689,0,0,0,0,2025-09-29,2025-10-17,661.82,0,0,237131503,-97702452,0,100,
691,691,0,0,0,0,2025-09-29,2025-10-17,661.82,0,0,237131503,-97702452,0,100,
692,692,0,0,0,0,2025-09-29,2025-10-17,661.82,0,0,237131503,-97702452,0,100,
693,693,0,0,0,0,2025-09-29,2025-10-17,661.82,0,0,237131503,-97702452,0,100,
694,694,0,0,0,0,2025-09-29,2025-10-17,661.82,0,0,237131503,-97702452,0,100,
696,696,0,0,0,0,2025-09-29,2025-10-17,661.82,0,0,237131503,-97702452,0,100,
697,697,0,0,0,0,2025-09-29,2025-10-17,661.82,0,0,237131503,-97702452,0,100,
698,698,0,0,0,0,2025-09-29,2025-10-17,661.82,0,0,237131503,-97702452,0,100,
699,699,0,0,0,0,2025-09-29,2025-10-17,661.82,0,0,237131503,-97702452,0,100,
701,701,0,0,0,0,2025-09-29,2025-10-17,661.82,0,0,237131503,-97702452,0,100,
702,702,0,0,0,0,2025-09-29,2025-10-17,661.82,0,0,237131503,-97702452,0,100,
703,703,0,0,0,0,2025-09-29,2025-10-17,661.82,0,0,237131503,-97702452,0,100,
704,704,0,0,0,0,2025-09-29,2025-10-17,661.82,0,0,237131503,-97702452,0,100,
706,706,0,0,0,0,2025-09-29,2025-10-17,661.82,0,0,237131503,-97702452,0,100,
708,708,0,0,0,0,2025-09-29,2025-10-17,661.82,0,0,237131503,-97702452,0,100,
635.42,710,0,0,0,0,2025-09-29,2025-10-17,661.82,0,0,237131503,-97702452,0,100,
712,712,0,0,0,0,2025-09-29,2025-10-17,661.82,0,0,237131503,-97702452,0,100,
714,714,0,0,0,0,2025-09-29,2025-10-17,661.82,0,0,237131503,-97702452,0,100,
715,715,0,0,0,0,2025-09-29,2025-10-17,661.82,0,0,237131503,-97702452,0,100,
716,716,0,0,0,0,2025-09-29,2025-10-17,661.82,0,0,237131503,-97702452,0,100,
718,718,0,0,0,0,2025-09-29,2025-10-17,661.82,0,0,237131503,-97702452,0,100,
635.49,720,0,0,0,0,2025-09-29,2025-10-17,661.82,0,0,237131503,-97702452,0,100,
661.25,735,0,0,0,0,2025-09-29,2025-10-17,661.82,0,0,237131503,-97702452,0,100,
740,740,0,0,0,0,2025-09-29,2025-10-17,661.82,0,0,237131503,-97702452,0,100,
745,745,0,0,0,0,2025-09-29,2025-10-17,661.82,0,0,237131503,-97702452,0,100,
663.6,750,0,0,0,0,2025-09-29,2025-10-17,661.82,0,0,237131503,-97702452,0,100,
755,755,0,0,0,0,2025-09-29,2025-10-17,661.82,0,0,237131503,-97702452,0,100,
760,760,0,0,0,0,2025-09-29,2025-10-17,661.82,0,0,237131503,-97702452,0,100,
765,765,0,0,0,0,2025-09-29,2025-10-17,661.82,0,0,237131503,-97702452,0,100,
770,770,0,0,0,0,2025-09-29,2025-10-17,661.82,0,0,237131503,-97702452,0,100,
775,775,0,0,0,0,2025-09-29,2025-10-17,661.82,0,0,237131503,-97702452,0,100,
780,780,0,0,0,0,2025-09-29,2025-10-17,661.82,0,0,237131503,-97702452,0,100,
785,785,0,0,0,0,2025-09-29,2025-10-17,661.82,0,0,237131503,-97702452,0,100,
790,790,0,0,0,0,2025-09-29,2025-10-17,661.82,0,0,237131503,-97702452,0,100,
795,795,0,0,0,0,2025-09-29,2025-10-17,661.82,0,0,237131503,-97702452,0,100,
665.4,800,0,0,0,0,2025-09-29,2025-10-17,661.82,0,0,237131503,-97702452,0,100,
805,805,0,0,0,0,2025-09-29,2025-10-17,661.82,0,0,237131503,-97702452,0,100,
810,810,0,0,0,0,2025-09-29,2025-10-17,661.82,0,0,237131503,-97702452,0,100,
815,815,0,0,0,0,2025-09-29,2025-10-17,661.82,0,0,237131503,-97702452,0,100,
820,820,0,0,0,0,2025-09-29,2025-10-17,661.82,0,0,237131503,-97702452,0,100,
825,825,0,0,0,0,2025-09-29,2025-10-17,661.82,0,0,237131503,-97702452,0,100,
830,830,0,0,0,0,2025-09-29,2025-10-17,661.82,0,0,237131503,-97702452,0,100,
835,835,0,0,0,0,2025-09-29,2025-10-17,661.82,0,0,237131503,-97702452,0,100,
840,840,0,0,0,0,2025-09-29,2025-10-17,661.82,0,0,237131503,-97702452,0,100,
845,845,0,0,0,0,2025-09-29,2025-10-17,661.82,0,0,237131503,-97702452,0,100,
850,850,0,0,0,0,2025-09-29,2025-10-17,661.82,0,0,237131503,-97702452,0,100,
684,684,0,0,0,0,2025-09-29,2025-10-24,661.82,0,0,25326184,-3674530,0,100,
687,687,0,0,0,0,2025-09-29,2025-10-24,661.82,0,0,25326184,-3674530,0,100,
650.12,688,0,0,0,0,2025-09-29,2025-10-24,661.82,0,0,25326184,-3674530,0,100,
665.04,689,0,0,0,0,2025-09-29,2025-10-24,661.82,0,0,25326184,-3674530,0,100,
656.3,690,0,0,0,0,2025-09-29,2025-10-24,661.82,0,0,25326184,-3674530,0,100,
658.19,691,0,0,0,0,2025-09-29,2025-10-24,661.82,0,0,25326184,-3674530,0,100,
692,692,0,0,0,0,2025-09-29,2025-10-24,661.82,0,0,25326184,-3674530,0,100,
666.94,693,0,0,0,0,2025-09-29,2025-10-24,661.82,0,0,25326184,-3674530,0,100,
694,694,0,0,0,0,2025-09-29,2025-10-24,661.82,0,0,25326184,-3674530,0,100,
695,695,0,0,0,0,2025-09-29,2025-10-24,661.82,0,0,25326184,-3674530,0,100,
696,696,0,0,0,0,2025-09-29,2025-10-24,661.82,0,0,25326184,-3674530,0,100,
661.43,697,0,0,0,0,2025-09-29,2025-10-24,661.82,0,0,25326184,-3674530,0,100,
698,698,0,0,0,0,2025-09-29,2025-10-24,661.82,0,0,25326184,-3674530,0,100,
699,699,0,0,0,0,2025-09-29,2025-10-24,661.82,0,0,25326184,-3674530,0,100,
700,700,0,0,0,0,2025-09-29,2025-10-24,661.82,0,0,25326184,-3674530,0,100,
701,701,0,0,0,0,2025-09-29,2025-10-24,661.82,0,0,25326184,-3674530,0,100,
702,702,0,0,0,0,2025-09-29,2025-10-24,661.82,0,0,25326184,-3674530,0,100,
703,703,0,0,0,0,2025-09-29,2025-10-24,661.82,0,0,25326184,-3674530,0,100,
704,704,0,0,0,0,2025-09-29,2025-10-24,661.82,0,0,25326184,-3674530,0,100,
705,705,0,0,0,0,2025-09-29,2025-10-24,661.82,0,0,25326184,-3674530,0,100,
706,706,0,0,0,0,2025-09-29,2025-10-24,661.82,0,0,25326184,-3674530,0,100,
707,707,0,0,0,0,2025-09-29,2025-10-24,661.82,0,0,25326184,-3674530,0,100,
708,708,0,0,0,0,2025-09-29,2025-10-24,661.82,0,0,25326184,-3674530,0,100,
709,709,0,0,0,0,2025-09-29,2025-10-24,661.82,0,0,25326184,-3674530,0,100,
710,710,0,0,0,0,2025-09-29,2025-10-24,661.82,0,0,25326184,-3674530,0,100,
711,711,0,0,0,0,2025-09-29,2025-10-24,661.82,0,0,25326184,-3674530,0,100,
712,712,0,0,0,0,2025-09-29,2025-10-24,661.82,0,0,25326184,-3674530,0,100,
713,713,0,0,0,0,2025-09-29,2025-10-24,661.82,0,0,25326184,-3674530,0,100,
714,714,0,0,0,0,2025-09-29,2025-10-24,661.82,0,0,25326184,-3674530,0,100,
715,715,0,0,0,0,2025-09-29,2025-10-24,661.82,0,0,25326184,-3674530,0,100,
656.42,716,0,0,0,0,2025-09-29,2025-10-24,661.82,0,0,25326184,-3674530,0,100,
718,718,0,0,0,0,2025-09-29,2025-10-24,661.82,0,0,25326184,-3674530,0,100,
720,720,0,0,0,0,2025-09-29,2025-10-24,661.82,0,0,25326184,-3674530,0,100,
725,725,0,0,0,0,2025-09-29,2025-10-24,661.82,0,0,25326184,-3674530,0,100,
730,730,0,0,0,0,2025-09-29,2025-10-24,661.82,0,0,25326184,-3674530,0,100,
735,735,0,0,0,0,2025-09-29,2025-10-24,661.82,0,0,25326184,-3674530,0,100,
740,740,0,0,0,0,2025-09-29,2025-10-24,661.82,0,0,25326184,-3674530,0,100,
745,745,0,0,0,0,2025-09-29,2025-10-24,661.82,0,0,25326184,-3674530,0,100,
750,750,0,0,0,0,2025-09-29,2025-10-24,661.82,0,0,25326184,-3674530,0,100,
755,755,0,0,0,0,2025-09-29,2025-10-24,661.82,0,0,25326184,-3674530,0,100,
760,760,0,0,0,0,2025-09-29,2025-10-24,661.82,0,0,25326184,-3674530,0,100,
765,765,0,0,0,0,2025-09-29,2025-10-24,661.82,0,0,25326184,-3674530,0,100,
770,770,0,0,0,0,2025-09-29,2025-10-24,661.82,0,0,25326184,-3674530,0,100,
780,780,0,0,0,0,2025-09-29,2025-10-24,661.82,0,0,25326184,-3674530,0,100,
656.09,689,0,0,0,0,2025-09-29,2025-10-31,661.82,0,0,147402672,-43505549,0,100,
656.07,691,0,0,0,0,2025-09-29,2025-10-31,661.82,0,0,147402672,-43505549,0,100,
658.88,692,0,0,0,0,2025-09-29,2025-10-31,661.82,0,0,147402672,-43505549,0,100,
659.09,693,0,0,0,0,2025-09-29,2025-10-31,661.82,0,0,147402672,-43505549,0,100,
663.81,694,0,0,0,0,2025-09-29,2025-10-31,661.82,0,0,147402672,-43505549,0,100,
696,696,0,0,0,0,2025-09-29,2025-10-31,661.82,0,0,147402672,-43505549,0,100,
698,698,0,0,0,0,2025-09-29,2025-10-31,661.82,0,0,147402672,-43505549,0,100,
665.53,699,0,0,0,0,2025-09-29,2025-10-31,661.82,0,0,147402672,-43505549,0,100,
661.78,701,0,0,0,0,2025-09-29,2025-10-31,661.82,0,0,147402672,-43505549,0,100,
702,702,0,0,0,0,2025-09-29,2025-10-31,661.82,0,0,147402672,-43505549,0,100,
703,703,0,0,0,0,2025-09-29,2025-10-31,661.82,0,0,147402672,-43505549,0,100,
666.74,704,0,0,0,0,2025-09-29,2025-10-31,661.82,0,0,147402672,-43505549,0,100,
657.3,705,0,0,0,0,2025-09-29,2025-10-31,661.82,0,0,147402672,-43505549,0,100,
706,706,0,0,0,0,2025-09-29,2025-10-31,661.82,0,0,147402672,-43505549,0,100,
707,707,0,0,0,0,2025-09-29,2025-10-31,661.82,0,0,147402672,-43505549,0,100,
708,708,0,0,0,0,2025-09-29,2025-10-31,661.82,0,0,147402672,-43505549,0,100,
709,709,0,0,0,0,2025-09-29,2025-10-31,661.82,0,0,147402672,-43505549,0,100,
711,711,0,0,0,0,2025-09-29,2025-10-31,661.82,0,0,147402672,-43505549,0,100,
712,712,0,0,0,0,2025-09-29,2025-10-31,661.82,0,0,147402672,-43505549,0,100,
713,713,0,0,0,0,2025-09-29,2025-10-31,661.82,0,0,147402672,-43505549,0,100,
714,714,0,0,0,0,2025-09-29,2025-10-31,661.82,0,0,147402672,-43505549,0,100,
715,715,0,0,0,0,2025-09-29,2025-10-31,661.82,0,0,147402672,-43505549,0,100,
716,716,0,0,0,0,2025-09-29,2025-10-31,661.82,0,0,147402672,-43505549,0,100,
718,718,0,0,0,0,2025-09-29,2025-10-31,661.82,0,0,147402672,-43505549,0,100,
633.22,720,0,0,0,0,2025-09-29,2025-10-31,661.82,0,0,147402672,-43505549,0,100,
643.98,725,0,0,0,0,2025-09-29,2025-10-31,661.82,0,0,147402672,-43505549,0,100,
643.96,730,0,0,0,0,2025-09-29,2025-10-31,661.82,0,0,147402672,-43505549,0,100,
735,735,0,0,0,0,2025-09-29,2025-10-31,661.82,0,0,147402672,-43505549,0,100,
740,740,0,0,0,0,2025-09-29,2025-10-31,661.82,0,0,147402672,-43505549,0,100,
745,745,0,0,0,0,2025-09-29,2025-10-31,661.82,0,0,147402672,-43505549,0,100,
750,750,0,0,0,0,2025-09-29,2025-10-31,661.82,0,0,147402672,-43505549,0,100,
755,755,0,0,0,0,2025-09-29,2025-10-31,661.82,0,0,147402672,-43505549,0,100,
760,760,0,0,0,0,2025-09-29,2025-10-31,661.82,0,0,147402672,-43505549,0,100,
765,765,0,0,0,0,2025-09-29,2025-10-31,661.82,0,0,147402672,-43505549,0,100,
770,770,0,0,0,0,2025-09-29,2025-10-31,661.82,0,0,147402672,-43505549,0,100,
780,780,0,0,0,0,2025-09-29,2025-10-31,661.82,0,0,147402672,-43505549,0,100,
657.02,694,0,0,0,0,2025-09-29,2025-11-21,661.82,0,0,277092975,-51674793,0,100,
696,696,0,0,0,0,2025-09-29,2025-11-21,661.82,0,0,277092975,-51674793,0,100,
702,702,0,0,0,0,2025-09-29,2025-11-21,661.82,0,0,277092975,-51674793,0,100,
665.35,704,0,0,0,0,2025-09-29,2025-11-21,661.82,0,0,277092975,-51674793,0,100,
705,705,0,0,0,0,2025-09-29,2025-11-21,661.82,0,0,277092975,-51674793,0,100,
662.71,706,0,0,0,0,2025-09-29,2025-11-21,661.82,0,0,277092975,-51674793,0,100,
708,708,0,0,0,0,2025-09-29,2025-11-21,661.82,0,0,277092975,-51674793,0,100,
662,710,0,0,0,0,2025-09-29,2025-11-21,661.82,0,0,277092975,-51674793,0,100,
712,712,0,0,0,0,2025-09-29,2025-11-21,661.82,0,0,277092975,-51674793,0,100,
714,714,0,0,0,0,2025-09-29,2025-11-21,661.82,0,0,277092975,-51674793,0,100,
654.93,715,0,0,0,0,2025-09-29,2025-11-21,661.82,0,0,277092975,-51674793,0,100,
716,716,0,0,0,0,2025-09-29,2025-11-21,661.82,0,0,277092975,-51674793,0,100,
658,720,0,0,0,0,2025-09-29,2025-11-21,661.82,0,0,277092975,-51674793,0,100,
725,725,0,0,0,0,2025-09-29,2025-11-21,661.82,0,0,277092975,-51674793,0,100,
661.25,735,0,0,0,0,2025-09-29,2025-11-21,661.82,0,0,277092975,-51674793,0,100,
740,740,0,0,0,0,2025-09-29,2025-11-21,661.82,0,0,277092975,-51674793,0,100,
745,745,0,0,0,0,2025-09-29,2025-11-21,661.82,0,0,277092975,-51674793,0,100,
663.46,750,0,0,0,0,2025-09-29,2025-11-21,661.82,0,0,277092975,-51674793,0,100,
755,755,0,0,0,0,2025-09-29,2025-11-21,661.82,0,0,277092975,-51674793,0,100,
760,760,0,0,0,0,2025-09-29,2025-11-21,661.82,0,0,277092975,-51674793,0,100,
765,765,0,0,0,0,2025-09-29,2025-11-21,661.82,0,0,277092975,-51674793,0,100,
770,770,0,0,0,0,2025-09-29,2025-11-21,661.82,0,0,277092975,-51674793,0,100,
775,775,0,0,0,0,2025-09-29,2025-11-21,661.82,0,0,277092975,-51674793,0,100,
780,780,0,0,0,0,2025-09-29,2025-11-21,661.82,0,0,277092975,-51674793,0,100,
785,785,0,0,0,0,2025-09-29,2025-11-21,661.82,0,0,277092975,-51674793,0,100,
790,790,0,0,0,0,2025-09-29,2025-11-21,661.82,0,0,277092975,-51674793,0,100,
795,795,0,0,0,0,2025-09-29,2025-11-21,661.82,0,0,277092975,-51674793,0,100,
800,800,0,0,0,0,2025-09-29,2025-11-21,661.82,0,0,277092975,-51674793,0,100,
662.77,715,0,0,0,0,2025-09-29,2025-12-19,661.82,0,0,377694332,-58241268,0,100,
661.42,720,0,0,0,0,2025-09-29,2025-12-19,661.82,0,0,377694332,-58241268,0,100,
626.5,725,0,0,0,0,2025-09-29,2025-12-19,661.82,0,0,377694332,-58241268,0,100,
661.43,730,0,0,0,0,2025-09-29,2025-12-19,661.82,0,0,377694332,-58241268,0,100,
735,735,0,0,0,0,2025-09-29,2025-12-19,661.82,0,0,377694332,-58241268,0,100,
557.52,740,0,0,0,0,2025-09-29,2025-12-19,661.82,0,0,377694332,-58241268,0,100,
657.64,745,0,0,0,0,2025-09-29,2025-12-19,661.82,0,0,377694332,-58241268,0,100,
661.24,755,0,0,0,0,2025-09-29,2025-12-19,661.82,0,0,377694332,-58241268,0,100,
760,760,0,0,0,0,2025-09-29,2025-12-19,661.82,0,0,377694332,-58241268,0,100,
556.84,765,0,0,0,0,2025-09-29,2025-12-19,661.82,0,0,377694332,-58241268,0,100,
770,770,0,0,0,0,2025-09-29,2025-12-19,661.82,0,0,377694332,-58241268,0,100,
775,775,0,0,0,0,2025-09-29,2025-12-19,661.82,0,0,377694332,-58241268,0,100,
602,780,0,0,0,0,2025-09-29,2025-12-19,661.82,0,0,377694332,-58241268,0,100,
785,785,0,0,0,0,2025-09-29,2025-12-19,661.82,0,0,377694332,-58241268,0,100,
644.13,790,0,0,0,0,2025-09-29,2025-12-19,661.82,0,0,377694332,-58241268,0,100,
795,795,0,0,0,0,2025-09-29,2025-12-19,661.82,0,0,377694332,-58241268,0,100,
661.25,805,0,0,0,0,2025-09-29,2025-12-19,661.82,0,0,377694332,-58241268,0,100,
810,810,0,0,0,0,2025-09-29,2025-12-19,661.82,0,0,377694332,-58241268,0,100,
815,815,0,0,0,0,2025-09-29,2025-12-19,661.82,0,0,377694332,-58241268,0,100,
820,820,0,0,0,0,2025-09-29,2025-12-19,661.82,0,0,377694332,-58241268,0,100,
516.96,825,0,0,0,0,2025-09-29,2025-12-19,661.82,0,0,377694332,-58241268,0,100,
830,830,0,0,0,0,2025-09-29,2025-12-19,661.82,0,0,377694332,-58241268,0,100,
835,835,0,0,0,0,2025-09-29,2025-12-19,661.82,0,0,377694332,-58241268,0,100,
663.65,840,0,0,0,0,2025-09-29,2025-12-19,661.82,0,0,377694332,-58241268,0,100,
