Watch,strike,open_interest.yt,open_interest.td,OI_Dollar.yt,OI_Dollar.td,Date.td,expiry,stkClose,diff_oi,diff_oi_d,totalOI,totalOIdiff,OI_pct,cum_sep_OI,pct
637.64,650,47435,48440,75943435,59871840,2025-10-20,2025-12-19,664.39,1005,-16071595,570710715,-173562315,10.4907509928213,10.4907509928213,-0.26843329017448
644.98,660,32529,33773,62130390,50727046,2025-10-20,2025-12-19,664.39,1244,-11403344,570710715,-173562315,8.88839909024662,19.3791500830679,-0.224798108685454
641.62,650,56420,56877,69565860,47662926,2025-10-20,2025-11-21,664.39,457,-21902934,669322769,-286106989,7.12106747409933,7.12106747409933,-0.459538174387363
633.57,640,67137,69615,66734178,44762445,2025-10-20,2025-11-21,664.39,2478,-21971733,669322769,-286106989,6.68772183962563,13.808789313725,-0.490851940728439
655.54,670,27064,26962,52828928,38987052,2025-10-20,2025-11-21,664.39,-102,-13841876,669322769,-286106989,5.82485070069385,19.6336400144188,-0.355037769975529
653.08,660,44624,55836,50871360,38638512,2025-10-20,2025-10-31,664.39,11212,-12232848,250711662,-168401731,15.4115335887327,15.4115335887327,-0.316597285112843
612.86,620,52114,53157,50550580,37954098,2025-10-20,2025-12-19,664.39,1043,-12596482,570710715,-173562315,6.65032160820741,26.0294716912753,-0.331887270776399
629.8,640,36628,36943,50729780,37681860,2025-10-20,2025-12-19,664.39,315,-13047920,570710715,-173562315,6.60262003316339,32.6320917244387,-0.346265285206197
649.08,660,33883,34116,52145937,37254672,2025-10-20,2025-11-21,664.39,233,-14891265,669322769,-286106989,5.566024902404,25.1996649168228,-0.399715369927294
617.09,625,44924,44112,46271720,34892592,2025-10-20,2025-12-19,664.39,-812,-11379128,570710715,-173562315,6.11388415933281,38.7459758837715,-0.326118736034285
624.98,630,65898,66731,53113788,33498962,2025-10-20,2025-11-21,664.39,833,-19614826,669322769,-286106989,5.00490399423421,30.204568911057,-0.585535336885961
621.47,630,36732,37164,41470428,31700892,2025-10-20,2025-12-19,664.39,432,-9769536,570710715,-173562315,5.55463410214753,44.3006099859191,-0.308178583744584
604.02,610,48159,50222,41994648,30032756,2025-10-20,2025-12-19,664.39,2063,-11961892,570710715,-173562315,5.26234311195647,49.5629530978755,-0.39829484846479
620.58,625,61629,61525,44126364,27194050,2025-10-20,2025-11-21,664.39,-104,-16932314,669322769,-286106989,4.06292020225596,34.267489113313,-0.62264774831259
651.55,670,11888,13604,27924912,25099380,2025-10-20,2025-12-19,664.39,1716,-2825532,570710715,-173562315,4.39791637695115,53.9608694748267,-0.112573776722772
656.4,680,8504,10132,24253408,23911520,2025-10-20,2025-12-19,664.39,1628,-341888,570710715,-173562315,4.18977940514048,58.1506488799672,-0.0142980454609326
594.97,600,42414,43516,30580494,21888548,2025-10-20,2025-12-19,664.39,1102,-8691946,570710715,-173562315,3.83531400842895,61.9859628883961,-0.397100163976158
637.63,645,26194,28602,28839594,21079674,2025-10-20,2025-11-21,664.39,2408,-7759920,669322769,-286106989,3.14940339344709,37.4168925067601,-0.368123340047858
629.31,635,33452,36997,28735268,21051293,2025-10-20,2025-11-21,664.39,3545,-7683975,669322769,-286106989,3.14516313727854,40.5620556440386,-0.365012020876817
616.07,620,49405,51758,32063845,20340894,2025-10-20,2025-11-21,664.39,2353,-11722951,669322769,-286106989,3.03902615331468,43.6010817973533,-0.576324275619351
626.69,632,24246,37744,20148426,20042064,2025-10-20,2025-11-21,664.39,13498,-106362,669322769,-286106989,2.99437953230603,46.5954613296593,-0.00530693844705815
633.77,645,17905,17706,26857500,19883838,2025-10-20,2025-12-19,664.39,-199,-6973662,570710715,-173562315,3.48404848154989,65.470011369946,-0.350720117514536
647.86,655,22497,27614,25309125,19716396,2025-10-20,2025-11-07,664.39,5117,-5592729,119099400,-56718960,16.5545720633353,16.5545720633353,-0.283658788350569
645.44,655,19762,20512,27271560,19609472,2025-10-20,2025-11-21,664.39,750,-7662088,669322769,-286106989,2.92974823332209,49.5252095629814,-0.390734028942748
645.44,650,47250,42648,39170250,19447488,2025-10-20,2025-10-31,664.39,-4602,-19722762,250711662,-168401731,7.7569139962863,23.168447585019,-1.01415473299174
641.41,655,13434,13854,23899086,18827586,2025-10-20,2025-12-19,664.39,420,-5071500,570710715,-173562315,3.29897187929966,68.7689832492456,-0.269365387575444
519.09,520,201219,201191,27567003,18308381,2025-10-20,2025-11-28,664.39,-28,-9258622,209216061,-70298714,8.75094431684191,8.75094431684191,-0.505704027024564
568.25,570,101404,101583,27480484,17777025,2025-10-20,2025-11-28,664.39,179,-9703459,209216061,-70298714,8.49696955149156,17.2479138683335,-0.545842681776056
606.85,610,55357,56084,29615995,17666460,2025-10-20,2025-11-21,664.39,727,-11949535,669322769,-286106989,2.63945301403604,52.1646625770175,-0.676396686149913
652.45,665,12892,13978,22328944,17542390,2025-10-20,2025-11-21,664.39,1086,-4786554,669322769,-286106989,2.62091636688367,54.7855789439011,-0.272856435183575
631.7,638,24384,24437,22262592,15395310,2025-10-20,2025-11-21,664.39,53,-6867282,669322769,-286106989,2.3001324193709,57.085711363272,-0.446063249132366
597.47,600,61260,60513,26954400,15309789,2025-10-20,2025-11-21,664.39,-747,-11644611,669322769,-286106989,2.28735517587031,59.3730665391423,-0.760599052018287
563.66,565,113835,113877,25840545,15259518,2025-10-20,2025-11-21,664.39,42,-10581027,669322769,-286106989,2.27984444975605,61.6529109888984,-0.693405060369534
514.3,515,206199,206431,22888089,14450170,2025-10-20,2025-11-21,664.39,232,-8437919,669322769,-286106989,2.1589240153281,63.8118350042265,-0.583932161351735
640.85,650,15788,15530,20761220,14209950,2025-10-20,2025-11-28,664.39,-258,-6551270,209216061,-70298714,6.79199767555131,24.0399115438848,-0.461033993786044
652.03,655,43823,45861,29361410,13620717,2025-10-20,2025-10-24,664.39,2038,-15740693,90305835,-82981503,15.0828758739676,15.0828758739676,-1.15564349512584
578.66,580,100623,100708,21935814,13494872,2025-10-20,2025-11-14,664.39,85,-8440942,72728250,-27844432,18.5551996645045,18.5551996645045,-0.625492557469237
576.4,580,36103,36500,18629148,13140000,2025-10-20,2025-12-19,664.39,397,-5489148,570710715,-173562315,2.3023923775463,71.0713756267919,-0.417743378995434
529.35,530,201010,201311,21106050,13085215,2025-10-20,2025-11-14,664.39,301,-8020835,72728250,-27844432,17.991928858456,36.5471285229605,-0.612969293970332
499.42,500,223999,223861,22175901,12983938,2025-10-20,2025-11-21,664.39,-138,-9191963,669322769,-286106989,1.93986199205484,65.7516969962813,-0.70794877486322
608.46,615,19674,19077,18473886,12476358,2025-10-20,2025-12-19,664.39,-597,-5997528,570710715,-173562315,2.18610894663157,73.2574845734235,-0.480711438386106
630.18,636,20962,20983,18132130,12212106,2025-10-20,2025-11-21,664.39,21,-5920024,669322769,-286106989,1.82454662617342,67.5762436224547,-0.4847668371041
656.5,665,12967,13665,17375780,11615250,2025-10-20,2025-10-31,664.39,698,-5760530,250711662,-168401731,4.63291173108653,27.8013593161055,-0.495945416585954
548.93,550,107214,108134,20049018,11570338,2025-10-20,2025-11-21,664.39,920,-8478680,669322769,-286106989,1.72866343950717,69.3049070619619,-0.732794495718276
651.52,660,12688,13045,16430960,11062160,2025-10-20,2025-11-07,664.39,357,-5368800,119099400,-56718960,9.28817441565617,25.8427464789915,-0.485330170599593
547.62,550,45473,45394,15915550,10803772,2025-10-20,2025-12-19,664.39,-79,-5111778,570710715,-173562315,1.89303822690625,75.1505228003298,-0.473147526623109
571.55,575,31214,31204,15607000,10765380,2025-10-20,2025-12-19,664.39,-10,-4841620,570710715,-173562315,1.88631117605703,77.0368339763868,-0.449739814107816
529.49,530,210620,210671,18113320,10744221,2025-10-20,2025-11-07,664.39,51,-7369099,119099400,-56718960,9.02122176937919,34.8639682483707,-0.685866290352739
636.97,640,32065,33474,19399325,10142622,2025-10-20,2025-10-31,664.39,1409,-9256703,250711662,-168401731,4.04553259273595,31.8468919088415,-0.91265384828499
648.36,665,5826,6071,11949126,10102144,2025-10-20,2025-12-19,664.39,245,-1846982,570710715,-173562315,1.77009888451104,78.8069328608978,-0.182830694157597
655.7,671,6497,6495,13286365,9937350,2025-10-20,2025-11-21,664.39,-2,-3349015,669322769,-286106989,1.48468727798501,70.7895943399469,-0.337012885729093
611.48,615,27938,27976,15896722,9847552,2025-10-20,2025-11-21,664.39,38,-6049170,669322769,-286106989,1.47127103037488,72.2608653703218,-0.61428160013778
579.07,580,105409,105828,17392485,9842004,2025-10-20,2025-11-07,664.39,419,-7550481,119099400,-56718960,8.26368898583872,43.1276572342094,-0.76716906434909
623.21,628,20947,20472,16087296,9806088,2025-10-20,2025-11-21,664.39,-475,-6281208,669322769,-286106989,1.46507611188108,73.7259414822029,-0.640541671663562
649.4,655,16431,16636,15938070,9316160,2025-10-20,2025-10-31,664.39,205,-6621910,250711662,-168401731,3.71588618003737,35.5627780888788,-0.710798225878473
632.76,640,12693,12763,13556124,9240412,2025-10-20,2025-11-28,664.39,70,-4315712,209216061,-70298714,4.41668386061432,28.4565954044991,-0.467047573203446
655.88,660,14687,21169,12337080,8721628,2025-10-20,2025-10-24,664.39,6482,-3615452,90305835,-82981503,9.65787869632123,24.7407545702888,-0.414538661818642
641.32,645,22327,22926,15785189,8436768,2025-10-20,2025-10-31,664.39,599,-7348421,250711662,-168401731,3.36512786549195,38.9279059543708,-0.870999534418868
663.95,690,3025,3162,9673950,8237010,2025-10-20,2025-11-21,664.39,137,-1436940,669322769,-286106989,1.23064840783864,74.9565898900415,-0.17444922368675
661.97,670,9719,10028,13023460,8052484,2025-10-20,2025-10-24,664.39,309,-4970976,90305835,-82981503,8.91690332080978,33.6576578910986,-0.61732205863433
606.31,610,20974,21029,12668296,7759701,2025-10-20,2025-11-28,664.39,55,-4908595,209216061,-70298714,3.70894135130476,32.1655367558039,-0.632575275774157
518.38,520,47571,47537,10893759,7700994,2025-10-20,2025-12-19,664.39,-34,-3192765,570710715,-173562315,1.34936909323667,80.1563019541345,-0.414591285228894
654.81,674,4002,4002,7923960,7679838,2025-10-20,2025-11-28,664.39,0,-244122.000000001,209216061,-70298714,3.67076885172788,35.8363056075317,-0.0317873892652424
625.63,635,8283,7991,10072128,7487567,2025-10-20,2025-12-19,664.39,-292,-2584561,570710715,-173562315,1.31197238867331,81.4682743428078,-0.345180350306047
469.29,470,101979,101981,8056341,7240651,2025-10-20,2025-11-28,664.39,2,-815690.000000001,209216061,-70298714,3.46084854355422,39.2971541510859,-0.112654235095712
659.34,670,6609,6625,10177860,7062250,2025-10-20,2025-10-31,664.39,16,-3115610,250711662,-168401731,2.8168813303946,41.7447872847654,-0.441163935006549
628.38,634,12748,12413,10364124,6976106,2025-10-20,2025-11-21,664.39,-335,-3388018,669322769,-286106989,1.04226336277528,75.9988532528168,-0.485660338303346
585.67,590,16009,15872,9861544,6872576,2025-10-20,2025-12-19,664.39,-137,-2988968,570710715,-173562315,1.20421359181946,82.6724879346273,-0.434912323996126
635.67,640,15902,15824,12006010,6851792,2025-10-20,2025-11-07,664.39,-78,-5154218,119099400,-56718960,5.7530029538352,48.8806601880446,-0.752243792572804
623.29,625,37986,39110,14662596,6687810,2025-10-20,2025-10-31,664.39,1124,-7974786,250711662,-168401731,2.66753047969504,44.4123177644604,-1.19243608894391
660.33,680,3321,3390,7741251,6668130,2025-10-20,2025-11-21,664.39,69,-1073121,669322769,-286106989,0.99625028593641,76.9951035387532,-0.160932825244859
654.92,665,6616,6512,9712288,6564096,2025-10-20,2025-11-07,664.39,-104,-3148192,119099400,-56718960,5.51144338258631,54.3921035706309,-0.479607854607854
658.05,675,3864,3847,8002344,6520665,2025-10-20,2025-11-21,664.39,-17,-1481679,669322769,-286106989,0.974218314691757,77.969321853445,-0.227228204485279
537.85,540,29522,29524,9299430,6347660,2025-10-20,2025-12-19,664.39,2,-2951770,570710715,-173562315,1.11223774727972,83.784725681907,-0.465017029897632
566.91,570,19987,20154,9313942,6227586,2025-10-20,2025-12-19,664.39,167,-3086356,570710715,-173562315,1.09119836658402,84.875924048491,-0.495594280030818
602.2,605,19549,21777,8777501,6097560,2025-10-20,2025-11-21,664.39,2228,-2679941,669322769,-286106989,0.91100441855729,78.8803262720023,-0.439510394321663
538.48,540,36740,36625,6760160,5567000,2025-10-20,2025-11-28,664.39,-115,-1193160,209216061,-70298714,2.6608855808637,41.9580397319496,-0.21432728579127
654.5,670,3576,3577,6905256,5544350,2025-10-20,2025-11-28,664.39,1,-1360906,209216061,-70298714,2.65005945217562,44.6080991841253,-0.245458169127129
658.59,685,2098,2098,6621288,5540818,2025-10-20,2025-12-19,664.39,0,-1080470,570710715,-173562315,0.970862795172857,85.8467868436639,-0.195001893222264
557.2,560,19028,19751,7744396,5530280,2025-10-20,2025-12-19,664.39,723,-2214116,570710715,-173562315,0.969016325547699,86.8158031692116,-0.40036236863233
643.49,645,35413,36344,14873460,5487944,2025-10-20,2025-10-24,664.39,931,-9385516,90305835,-82981503,6.0770646769392,39.7347225680378,-1.71020622659415
596.92,600,17418,17631,8029698,5430348,2025-10-20,2025-11-28,664.39,213,-2599350,209216061,-70298714,2.59556937170326,47.2036685558285,-0.478670980202374
651.79,664,3177,4363,5242050,5327223,2025-10-20,2025-11-21,664.39,1186,85173,669322769,-286106989,0.795912412774949,79.6762386847772,0.0159882550439507
656.23,672,3240,3343,6596640,5271911,2025-10-20,2025-11-21,664.39,103,-1324729,669322769,-286106989,0.787648537323254,80.4638872221005,-0.251280607734083
641.26,651,5406,5376,6730470,5236224,2025-10-20,2025-11-28,664.39,-30,-1494246,209216061,-70298714,2.50278299618689,49.7064515520154,-0.285367088955706
587.93,590,25158,25276,8302140,5232132,2025-10-20,2025-11-21,664.39,118,-3070008,669322769,-286106989,0.781705365830756,81.2455925879312,-0.586760425769075
498.72,500,40745,40776,7252610,5219328,2025-10-20,2025-12-19,664.39,31,-2033282,570710715,-173562315,0.914531278775798,87.7303344479874,-0.389567775774966
654.28,676,2398,2398,5208456,5208456,2025-10-20,2025-11-21,664.39,0,0,669322769,-286106989,0.77816805900413,82.0237606469354,0
627.97,630,27550,25572,12287300,5191116,2025-10-20,2025-10-31,664.39,-1978,-7096184,250711662,-168401731,2.07055226653158,46.482870030992,-1.3669862125986
559.55,560,115023,115099,9891978,5179455,2025-10-20,2025-10-31,664.39,76,-4712523,250711662,-168401731,2.06590110674628,48.5487711377383,-0.909849202280935
657.31,674,3014,3017,6178700,5035373,2025-10-20,2025-11-21,664.39,3,-1143327,669322769,-286106989,0.75230863691117,82.7760692838465,-0.227059048058605
632.52,635,22869,20103,11663190,4985544,2025-10-20,2025-10-31,664.39,-2766,-6677646,250711662,-168401731,1.98855687853882,50.5373280162771,-1.33940167813181
592.25,595,17913,17885,7953372,4918375,2025-10-20,2025-11-28,664.39,-28,-3034997,209216061,-70298714,2.35085919144611,52.0573107434615,-0.61707311866216
635.23,638,17293,17690,9303634,4900130,2025-10-20,2025-10-31,664.39,397,-4403504,250711662,-168401731,1.95448825990392,52.491816276181,-0.898650443967813
578.29,580,27956,28177,8386800,4818267,2025-10-20,2025-11-21,664.39,221,-3568533,669322769,-286106989,0.719871969572874,83.4959412534194,-0.740625830822576
643.04,654,4373,4383,5741749,4803768,2025-10-20,2025-11-28,664.39,10,-937981.000000001,209216061,-70298714,2.29607993623396,54.3533906796955,-0.195259429681034
628.55,635,7581,7426,7065492,4789770,2025-10-20,2025-11-28,664.39,-155,-2275722,209216061,-70298714,2.28938924531229,56.6427799250078,-0.475121352382265
647.88,650,14405,22264,7620245,4719968,2025-10-20,2025-10-24,664.39,7859,-2900277,90305835,-82981503,5.22664786832435,44.9613704363622,-0.614469631997505
652.95,666,3971,3612,6663338,4713660,2025-10-20,2025-11-21,664.39,-359,-1949678,669322769,-286106989,0.704243187041498,84.2001844404609,-0.413622959653433
661.75,675,2946,3458,5155500,4581850,2025-10-20,2025-10-31,664.39,512,-573650,250711662,-168401731,1.82753764362186,54.3193539198029,-0.125200519440837
653.15,669,2788,2821,5352960,4471285,2025-10-20,2025-11-28,664.39,33,-881675,209216061,-70298714,2.13716144861364,58.7799413736214,-0.197186043833037
590.13,595,8817,8960,5916207,4363520,2025-10-20,2025-12-19,664.39,143,-1552687,570710715,-173562315,0.764576498270231,88.4949109462576,-0.355833593062482
649.9,656,2963,7073,2874110,4314530,2025-10-20,2025-10-31,664.39,4110,1440420,250711662,-168401731,1.7209131659779,56.0402670857808,0.333853281817486
639.88,645,7983,8371,6849414,4285952,2025-10-20,2025-11-07,664.39,388,-2563462,119099400,-56718960,3.59863441797356,57.9907379886045,-0.598107958278581
618.56,620,29206,29440,9696392,4239360,2025-10-20,2025-10-31,664.39,234,-5457032,250711662,-168401731,1.69093051602841,57.7311976018092,-1.28723014794686
509.79,510,201705,201699,9076725,4235679,2025-10-20,2025-10-31,664.39,-6,-4841046,250711662,-168401731,1.68946229553534,59.4206598973446,-1.14292088706439
552.1,555,14557,14573,5473432,4226170,2025-10-20,2025-12-19,664.39,16,-1247262,570710715,-173562315,0.740510014780431,89.235420961038,-0.295128213015567
599.25,605,6751,7320,5306286,4209000,2025-10-20,2025-12-19,664.39,569,-1097286,570710715,-173562315,0.737501485319055,89.9729224463571,-0.260699928724163
621.46,626,319,9256,227766,4202224,2025-10-20,2025-11-21,664.39,8937,3974458,669322769,-286106989,0.627832220063023,84.8280166605239,0.945798700878392
650.76,673,1857,1857,4129968,4129968,2025-10-20,2025-11-28,664.39,0,0,209216061,-70298714,1.97402053181758,60.753961905439,0
652.5,675,1822,1824,3917300,4104000,2025-10-20,2025-11-28,664.39,2,186700,209216061,-70298714,1.96160848282102,62.71557038826,0.0454922027290448
561.98,565,12642,13538,5436060,4088476,2025-10-20,2025-12-19,664.39,896,-1347584,570710715,-173562315,0.71638325556933,90.6893057019264,-0.329605456898854
650.5,662,3432,3525,5189184,4053750,2025-10-20,2025-11-21,664.39,93,-1135434,669322769,-286106989,0.605649499427084,85.433666159951,-0.280094727104533
651.14,663,3182,3342,5027560,3963612,2025-10-20,2025-11-21,664.39,160,-1063948,669322769,-286106989,0.592182454202451,86.0258486141535,-0.268428897682216
592.72,595,17222,17324,6544360,3949872,2025-10-20,2025-11-21,664.39,102,-2594488,669322769,-286106989,0.590129632957399,86.6159782471109,-0.656853690448703
664.62,685,1928,1928,3588008,3929264,2025-10-20,2025-10-31,664.39,0,341256,250711662,-168401731,1.56724420741146,60.987904104756,0.0868498527968597
653.25,675,1787,1806,4583655,3928050,2025-10-20,2025-12-19,664.39,19,-655605,570710715,-173562315,0.688273392589098,91.3775790945155,-0.16690342536373
581.09,585,9944,9941,5608416,3886931,2025-10-20,2025-12-19,664.39,-3,-1721485,570710715,-173562315,0.681068516472483,92.058647610988,-0.442890547838384
528.17,530,21137,21181,5791538,3876123,2025-10-20,2025-12-19,664.39,44,-1915415,570710715,-173562315,0.679174737414909,92.7378223484029,-0.494157435148472
657.97,668,3853,3819,5394200,3830457,2025-10-20,2025-10-31,664.39,-34,-1563743,250711662,-168401731,1.52783359555089,62.5157377003069,-0.408239277976492
648.21,660,2996,3223,4805584,3799917,2025-10-20,2025-11-28,664.39,227,-1005667,209216061,-70298714,1.81626447885375,64.5318348671138,-0.264654991148491
659.25,665,4800,6587,4896000,3787525,2025-10-20,2025-10-24,664.39,1787,-1108475,90305835,-82981503,4.19410883028766,49.1554792666498,-0.292664734886238
464.63,465,102205,102208,6234505,3781696,2025-10-20,2025-11-21,664.39,3,-2452809,669322769,-286106989,0.565003339965565,87.1809815870764,-0.648600257662171
643.97,650,5101,6124,5009182,3692772,2025-10-20,2025-11-07,664.39,1023,-1316410,119099400,-56718960,3.10057985178767,61.0913178403922,-0.356482880611097
648.35,659,2181,3380,3171174,3599700,2025-10-20,2025-11-21,664.39,1199,428526,669322769,-286106989,0.537812273348794,87.7187938604252,0.119044920410034
479.65,480,101111,101111,6066660,3538885,2025-10-20,2025-11-14,664.39,0,-2527775,72728250,-27844432,4.86590148944874,41.4130300124092,-0.714285714285714
654.54,662,2903,4720,3265875,3521120,2025-10-20,2025-10-31,664.39,1817,255245,250711662,-168401731,1.40445002514482,63.9201877254517,0.0724897191802607
655.14,659,8624,9029,6959568,3485194,2025-10-20,2025-10-24,664.39,405,-3474374,90305835,-82981503,3.85932315447834,53.0148024211282,-0.996895438245332
649.77,661,2950,3048,4357150,3422904,2025-10-20,2025-11-21,664.39,98,-934246,669322769,-286106989,0.511398111424475,88.2301919718497,-0.272939585801997
653.45,667,2506,2518,4307814,3411890,2025-10-20,2025-11-21,664.39,12,-895924.000000001,669322769,-286106989,0.509752567523965,88.7399445393737,-0.262588770446879
608.93,610,30809,31423,7763868,3362261,2025-10-20,2025-10-31,664.39,614,-4401607,250711662,-168401731,1.34108679794879,65.2612745234005,-1.3091211538902
449.68,450,104555,104515,5645970,3344480,2025-10-20,2025-11-21,664.39,-40,-2301490,669322769,-286106989,0.499681193424334,89.239625732798,-0.688145840310003
661.75,685,1231,1392,3446800,3236400,2025-10-20,2025-11-21,664.39,161,-210400,669322769,-286106989,0.48353352820125,89.7231592609992,-0.0650105054999382
642.98,652,3552,3571,4255296,3221042,2025-10-20,2025-11-21,664.39,19,-1034254,669322769,-286106989,0.481238970073047,90.2043982310723,-0.3210929879213
617.66,620,13107,13591,5885043,3180294,2025-10-20,2025-11-07,664.39,484,-2704749,119099400,-56718960,2.67028549262213,63.7616033330143,-0.850471371514709
644.42,654,3170,3292,4044920,3153736,2025-10-20,2025-11-21,664.39,122,-891184,669322769,-286106989,0.471183134067265,90.6755813651396,-0.282580406222968
479.85,480,208350,208353,6250500,3125295,2025-10-20,2025-10-31,664.39,3,-3125205,250711662,-168401731,1.24656945555249,66.507843978953,-0.999971202718464
659.82,672,2544,2548,4317168,3103464,2025-10-20,2025-10-31,664.39,4,-1213704,250711662,-168401731,1.23786184306018,67.7457058220132,-0.391080418525879
659.84,680,1492,1496,3834440,3015936,2025-10-20,2025-11-28,664.39,4,-818504,209216061,-70298714,1.44154133558609,65.9733762026999,-0.271393026907733
657.37,676,1564,1564,2888708,2913732,2025-10-20,2025-11-28,664.39,0,25024,209216061,-70298714,1.39269040152706,67.3660666042269,0.00858829844337091
529.72,530,102651,102651,5748456,2874228,2025-10-20,2025-10-31,664.39,0,-2874228,250711662,-168401731,1.14642772381286,68.8921335458261,-1
650.95,657,4139,4721,4267309,2856205,2025-10-20,2025-10-31,664.39,582,-1411104,250711662,-168401731,1.13923898761439,70.0313725334404,-0.494048571443576
657.92,663,4442,5491,4290972,2789428,2025-10-20,2025-10-24,664.39,1049,-1501544,90305835,-82981503,3.08886795631755,56.1036703774457,-0.538298174392743
663.85,675,2436,2464,4287360,2747360,2025-10-20,2025-10-24,664.39,28,-1540000,90305835,-82981503,3.04228403402726,59.145954411473,-0.560538116591929
647.51,658,2172,2588,3184152,2714812,2025-10-20,2025-11-21,664.39,416,-469340,669322769,-286106989,0.405605804215514,91.0811871693551,-0.172881216084208
636.64,644,3187,3633,3212496,2673888,2025-10-20,2025-11-21,664.39,446,-538608,669322769,-286106989,0.39949156428593,91.480678733641,-0.201432520733853
604.07,605,28667,28691,6364074,2668263,2025-10-20,2025-10-31,664.39,24,-3695811,250711662,-168401731,1.06427558204293,71.0956481154834,-1.38509996953074
639.76,648,3322,3237,3903350,2667288,2025-10-20,2025-11-21,664.39,-85,-1236062,669322769,-286106989,0.398505492945512,91.8791842265865,-0.463415274241102
619.87,625,5034,5159,3760398,2646567,2025-10-20,2025-11-28,664.39,125,-1113831,209216061,-70298714,1.26499227035921,68.6310588745861,-0.420858795564216
655.19,663,3247,3378,3721062,2638218,2025-10-20,2025-10-31,664.39,131,-1082844,250711662,-168401731,1.05229169594831,72.1479398114317,-0.410445232350018
660.39,667,10846,3826,12689820,2528986,2025-10-20,2025-10-24,664.39,-7020,-10160834,90305835,-82981503,2.80046798747833,61.9464223989513,-4.01775019711458
657.9,670,2055,2080,3390750,2516800,2025-10-20,2025-11-07,664.39,25,-873950,119099400,-56718960,2.11319284563986,65.8747961786541,-0.347246503496504
649.31,662,1631,1939,2642220,2460591,2025-10-20,2025-11-28,664.39,308,-181629,209216061,-70298714,1.1761004333219,69.807159307908,-0.0738151931791995
657.39,667,2549,2549,3288210,2449589,2025-10-20,2025-10-31,664.39,0,-838621,250711662,-168401731,0.977054270415231,73.1249940818469,-0.342351716961498
479.77,480,105796,105872,4443432,2435056,2025-10-20,2025-11-07,664.39,76,-2008376,119099400,-56718960,2.04455773916577,67.9193539178199,-0.824776103711783
548.62,550,17138,17430,3427600,2405340,2025-10-20,2025-11-28,664.39,292,-1022260,209216061,-70298714,1.14969184894462,70.9568511568526,-0.424996050454406
657.1,666,2731,2696,3449253,2399440,2025-10-20,2025-10-31,664.39,-35,-1049813,250711662,-168401731,0.957051610945804,74.0820456927927,-0.437524172306872
634.64,640,4219,4431,3632559,2375016,2025-10-20,2025-11-14,664.39,212,-1257543,72728250,-27844432,3.2656031184581,44.6786331308673,-0.529488222395133
651.62,668,1443,1436,2617602,2352168,2025-10-20,2025-11-28,664.39,-7,-265434,209216061,-70298714,1.12427697412772,72.0811281309804,-0.112846531370208
617.6,622,5209,5343,3276461,2350920,2025-10-20,2025-11-21,664.39,134,-925541,669322769,-286106989,0.351238611456829,92.2304228380433,-0.393693107379239
488.66,490,17184,17213,2921280,2306542,2025-10-20,2025-12-19,664.39,29,-614738,570710715,-173562315,0.404152566156043,93.1419749145589,-0.266519317662544
523.34,525,13006,13436,3329536,2230376,2025-10-20,2025-12-19,664.39,430,-1099160,570710715,-173562315,0.390806750491797,93.5327816650508,-0.492813767723469
651.69,662,2062,2162,3031140,2229022,2025-10-20,2025-11-14,664.39,100,-802118,72728250,-27844432,3.06486406588911,47.7434971967564,-0.359851988899167
656.6,670,1424,1663,2647216,2228420,2025-10-20,2025-11-14,664.39,239,-418796,72728250,-27844432,3.06403632701186,50.8075335237683,-0.18793405192917
660.04,690,749,742,2490425,2223032,2025-10-20,2025-12-19,664.39,-7,-267393,570710715,-173562315,0.3895199339301,93.9223015989808,-0.120283018867925
643.74,653,2378,2399,3015304,2221474,2025-10-20,2025-11-21,664.39,21,-793830,669322769,-286106989,0.331898764376265,92.5623216024196,-0.357343817663407
646.6,657,2167,2126,2977458,2211040,2025-10-20,2025-11-21,664.39,-41,-766418,669322769,-286106989,0.330339875229913,92.8926614776495,-0.346632354005355
630.22,635,4295,4605,3075220,2201190,2025-10-20,2025-11-14,664.39,310,-874030,72728250,-27844432,3.02659558012189,53.8341291038902,-0.397071584006833
638.68,647,2520,2636,2754360,2193152,2025-10-20,2025-11-21,664.39,116,-561208,669322769,-286106989,0.327667323087884,93.2203288007374,-0.255891064550018
654.43,668,1574,1601,2756074,2172557,2025-10-20,2025-11-21,664.39,27,-583517,669322769,-286106989,0.324590332291535,93.5449191330289,-0.268585358174722
645.99,656,2198,2132,2938726,2134132,2025-10-20,2025-11-21,664.39,-66,-804594,669322769,-286106989,0.318849454828572,93.8637685878575,-0.377012293522612
648.63,654,3933,3972,3516102,2132964,2025-10-20,2025-10-31,664.39,39,-1383138,250711662,-168401731,0.85076377500142,74.9328094677941,-0.648458201826191
648.72,661,1747,1731,2908755,2125668,2025-10-20,2025-11-28,664.39,-16,-783087,209216061,-70298714,1.01601568724688,73.0971438182272,-0.368395723132681
662.72,673,1917,2067,2915757,2124876,2025-10-20,2025-10-24,664.39,150,-790881.000000001,90305835,-82981503,2.35297752354541,64.2993999224967,-0.372201013141473
642.09,651,2275,2379,2716350,2119689,2025-10-20,2025-11-21,664.39,104,-596661,669322769,-286106989,0.316691602045291,94.1804601899028,-0.281485161266582
654.42,669,1446,1445,2740170,2106810,2025-10-20,2025-11-21,664.39,-1,-633360,669322769,-286106989,0.314767418288739,94.4952276081915,-0.300625115696242
666.82,692,831,831,2092458,2092458,2025-10-20,2025-11-21,664.39,0,0,669322769,-286106989,0.312623161337576,94.8078507695291,0
573.43,575,8423,13257,2181557,2081349,2025-10-20,2025-11-21,664.39,4834,-100208,669322769,-286106989,0.310963423985954,95.1188141935151,-0.048145697814254
659.26,678,1090,1095,2515720,2052030,2025-10-20,2025-11-21,664.39,5,-463690,669322769,-286106989,0.306583026163271,95.4253972196783,-0.225966481971511
503.24,505,11476,11557,2191916,2034032,2025-10-20,2025-12-19,664.39,81,-157884,570710715,-173562315,0.356403331239365,94.2787049302202,-0.0776211976999379
660.79,668,2484,2751,2809404,1983471,2025-10-20,2025-10-24,664.39,267,-825933,90305835,-82981503,2.19639295733216,66.4957928798289,-0.416407903115296
624.23,630,3387,3427,2777340,1977379,2025-10-20,2025-11-28,664.39,40,-799961,209216061,-70298714,0.945137285612121,74.0422811038394,-0.404556233276474
652.94,662,2641,2182,3414813,1976892,2025-10-20,2025-11-07,664.39,-459,-1437921,119099400,-56718960,1.6598673041174,69.5792212219373,-0.7273644690757
650.75,661,178,1923,256854,1971075,2025-10-20,2025-11-14,664.39,1745,1714221,72728250,-27844432,2.71019170679894,56.5443208106891,0.869688368022526
656.57,661,3753,4418,3302640,1957174,2025-10-20,2025-10-24,664.39,665,-1345466,90305835,-82981503,2.16727302283402,68.6630659026629,-0.687453440521896
532.94,535,9459,9360,2639061,1928160,2025-10-20,2025-12-19,664.39,-99,-710901,570710715,-173562315,0.337852426688712,94.6165573569089,-0.368693988050784
658.91,675,1090,1197,2323880,1925973,2025-10-20,2025-11-14,664.39,107,-397907,72728250,-27844432,2.64817729011766,59.1924981008068,-0.206600507899124
647.05,652,3936,3811,3400704,1886445,2025-10-20,2025-10-31,664.39,-125,-1514259,250711662,-168401731,0.75243607933962,75.6852455471338,-0.802705088141981
651.63,658,2440,2961,2586400,1886157,2025-10-20,2025-10-31,664.39,521,-700243,250711662,-168401731,0.752321206342607,76.4375667534764,-0.371253824575579
615.43,620,3906,4067,2663892,1858619,2025-10-20,2025-11-28,664.39,161,-805273,209216061,-70298714,0.8883730011531,74.9306541049925,-0.433264160110275
583.12,585,9815,9749,3248765,1832812,2025-10-20,2025-11-21,664.39,-66,-1415953,669322769,-286106989,0.273830815996042,95.6992280356744,-0.772557687313265
612.25,615,6523,6596,2909258,1813900,2025-10-20,2025-11-14,664.39,73,-1095358,72728250,-27844432,2.49407898581363,61.6865770866204,-0.603869011522135
658.85,669,1756,1775,2458400,1801625,2025-10-20,2025-10-31,664.39,19,-656775,250711662,-168401731,0.718604386261059,77.1561711397374,-0.364545896066052
662.45,671,1626,2096,2128434,1792080,2025-10-20,2025-10-24,664.39,470,-336354,90305835,-82981503,1.98445648611743,70.6475223887803,-0.187689165662247
636.75,645,2150,2168,2549900,1788600,2025-10-20,2025-11-28,664.39,18,-761300,209216061,-70298714,0.854905685276237,75.7855597902687,-0.425640165492564
638.22,646,2312,2283,2524704,1776174,2025-10-20,2025-11-21,664.39,-29,-748530,669322769,-286106989,0.265368829847771,95.9645968655221,-0.42142830601056
654.39,658,3269,4851,2500785,1751211,2025-10-20,2025-10-24,664.39,1582,-749574,90305835,-82981503,1.93920027426799,72.5867226630483,-0.428031801993021
568.55,570,11390,11945,2756380,1732025,2025-10-20,2025-11-21,664.39,555,-1024355,669322769,-286106989,0.258772759604119,96.2233696251263,-0.591420447164446
651.63,665,1237,1290,2102900,1724730,2025-10-20,2025-11-28,664.39,53,-378170,209216061,-70298714,0.82437743630017,76.6099372265689,-0.21926330498107
650.31,660,1579,1760,2218495,1705440,2025-10-20,2025-11-14,664.39,181,-513055,72728250,-27844432,2.34494848975467,64.0315255763751,-0.300834388779435
399.55,400,37670,37775,2599230,1699875,2025-10-20,2025-12-19,664.39,105,-899355,570710715,-173562315,0.297852301581546,94.9144096584905,-0.529071255239356
542.76,545,7552,7567,2492160,1695008,2025-10-20,2025-12-19,664.39,15,-797152,570710715,-173562315,0.29699950525723,95.2114091637477,-0.470293945515301
599.16,600,20782,19989,4052490,1679076,2025-10-20,2025-10-31,664.39,-793,-2373414,250711662,-168401731,0.669723931709248,77.8258950714467,-1.41352386669811
663.5,700,483,459,2053233,1675350,2025-10-20,2025-12-19,664.39,-24,-377883,570710715,-173562315,0.293555028137154,95.5049641918849,-0.225554660220252
654.77,671,1067,1028,2259906,1668444,2025-10-20,2025-11-28,664.39,-39,-591462,209216061,-70298714,0.797474148029199,77.4074113745981,-0.354499162093544
598.1,599,18441,18471,3264057,1662390,2025-10-20,2025-10-31,664.39,30,-1601667,250711662,-168401731,0.663068477444819,78.4889635488915,-0.963472470358941
449.17,450,19924,19952,2291260,1656016,2025-10-20,2025-12-19,664.39,28,-635244,570710715,-173562315,0.290167322335975,95.7951315142208,-0.383597743016976
631.5,634,6583,6544,2962350,1636000,2025-10-20,2025-10-31,664.39,-39,-1326350,250711662,-168401731,0.652542441364375,79.1415059902559,-0.810727383863081
640.87,649,2102,1988,2436218,1616244,2025-10-20,2025-11-21,664.39,-114,-819974,669322769,-286106989,0.241474528412465,96.4648441535387,-0.507333051197715
655.82,664,1727,1966,2245100,1608188,2025-10-20,2025-10-31,664.39,239,-636912,250711662,-168401731,0.641449219861181,79.782955210117,-0.396043248674906
651.2,654,5170,5649,3298460,1581720,2025-10-20,2025-10-24,664.39,479,-1716740,90305835,-82981503,1.75151472770281,74.3382373907511,-1.08536276964317
508.6,510,11133,11164,2282265,1562960,2025-10-20,2025-12-19,664.39,31,-719305,570710715,-173562315,0.27386203884397,96.0689935530648,-0.460219711316989
654.55,671,947,947,1534140,1557815,2025-10-20,2025-11-14,664.39,0,23675,72728250,-27844432,2.14196684232056,66.1734924186956,0.0151975683890578
662.5,678,999,999,2079918,1548450,2025-10-20,2025-10-31,664.39,0,-531468,250711662,-168401731,0.61762184800163,80.4005770581187,-0.343225806451613
643.81,648,6142,3690,4680204,1546110,2025-10-20,2025-10-31,664.39,-2452,-3134094,250711662,-168401731,0.616688504900901,81.0172655630196,-2.02708345460543
664.15,695,492,498,1734300,1536330,2025-10-20,2025-11-21,664.39,6,-197970,669322769,-286106989,0.229534997336987,96.6943791508757,-0.128859034191873
514.15,515,17920,17918,2042880,1523030,2025-10-20,2025-11-28,664.39,-2,-519850,209216061,-70298714,0.727969923876925,78.135381298475,-0.341326172169951
631.34,635,4116,4143,2700096,1516338,2025-10-20,2025-11-07,664.39,27,-1183758,119099400,-56718960,1.27317014191507,70.8523913638524,-0.780668953755693
653.54,657,4099,4337,2930785,1500602,2025-10-20,2025-10-24,664.39,238,-1430183,90305835,-82981503,1.6616888598616,75.9999262506127,-0.953072833436181
645.77,657,1327,1332,1940074,1495836,2025-10-20,2025-11-28,664.39,5,-444238,209216061,-70298714,0.714971877804353,78.8503531762793,-0.296983091729307
643.15,653,1496,1515,2049520,1492275,2025-10-20,2025-11-28,664.39,19,-557245,209216061,-70298714,0.71326980962518,79.5636229859045,-0.373419778526076
642.84,650,1795,2066,1974500,1479256,2025-10-20,2025-11-14,664.39,271,-495244,72728250,-27844432,2.03394966880133,68.2074420874969,-0.334792625481999
655.87,672,923,913,1882920,1472669,2025-10-20,2025-11-28,664.39,-10,-410251,209216061,-70298714,0.70389863615681,80.2675216220613,-0.278576516515252
572.9,575,6871,6845,2198720,1437450,2025-10-20,2025-11-28,664.39,-26,-761270,209216061,-70298714,0.687064842502699,80.954586464564,-0.529597551219173
657.54,671,1065,1067,1948950,1436182,2025-10-20,2025-11-07,664.39,2,-512768,119099400,-56718960,1.2058683754914,72.0582597393438,-0.357035528923214
661.25,705,320,324,1455040,1417500,2025-10-20,2025-12-19,664.39,4,-37540,570710715,-173562315,0.248374520180509,96.3173680732453,-0.0264832451499118
651,664,898,1078,1489782,1401400,2025-10-20,2025-11-28,664.39,180,-88382,209216061,-70298714,0.669833851809303,81.6244203163733,-0.0630669330669331
633.94,641,1547,1984,1477385,1400704,2025-10-20,2025-11-21,664.39,437,-76681,669322769,-286106989,0.209271828910395,96.9036509797861,-0.0547446141368912
591.15,592,16269,16323,2114970,1387455,2025-10-20,2025-10-31,664.39,54,-727515,250711662,-168401731,0.553406646077756,81.5706722090973,-0.524352141150524
652.37,659,1896,2075,2081808,1375725,2025-10-20,2025-10-31,664.39,179,-706083,250711662,-168401731,0.548727964636922,82.1194001737342,-0.513244289374693
630.72,633,6214,5999,2901938,1367772,2025-10-20,2025-10-31,664.39,-215,-1534166,250711662,-168401731,0.545555794688163,82.6649559684224,-1.12165331648842
635.67,643,1799,1859,1784608,1362647,2025-10-20,2025-11-21,664.39,60,-421961,669322769,-286106989,0.203585932394898,97.107236912181,-0.309662737304672
584.25,585,17878,17863,2288384,1339725,2025-10-20,2025-10-31,664.39,-15,-948659,250711662,-168401731,0.534368840010322,83.1993248084327,-0.708099796600049
429.87,430,102271,102270,1227252,1329510,2025-10-20,2025-10-31,664.39,-1,102258,250711662,-168401731,0.530294438397525,83.7296192468303,0.0769140510413611
459.87,460,100966,100967,2221252,1312571,2025-10-20,2025-10-31,664.39,1,-908681,250711662,-168401731,0.523538071396136,84.2531573182264,-0.692290931309621
658.5,674,837,814,1544265,1261700,2025-10-20,2025-11-07,664.39,-23,-282565,119099400,-56718960,1.05936721763502,73.1176269569788,-0.223955773955774
657.21,673,801,799,1694115,1261621,2025-10-20,2025-11-21,664.39,-2,-432494,669322769,-286106989,0.188492168268072,97.2957290804491,-0.342808180903774
644.34,649,2547,2699,1996848,1257734,2025-10-20,2025-10-31,664.39,152,-739114,250711662,-168401731,0.501665534808668,84.7548228530351,-0.587655259379169
513.47,515,8144,8208,1702096,1255824,2025-10-20,2025-12-19,664.39,64,-446272,570710715,-173562315,0.220045632050206,96.5374137052955,-0.355361897845558
656.8,669,909,1024,1497123,1249280,2025-10-20,2025-11-07,664.39,115,-247843,119099400,-56718960,1.04893895351278,74.1665659104916,-0.198388671875
650.34,653,4487,4691,2656304,1247806,2025-10-20,2025-10-24,664.39,204,-1408498,90305835,-82981503,1.38175567503473,77.3816819256475,-1.12877963401362
644.64,655,1094,1204,1504250,1247344,2025-10-20,2025-11-28,664.39,110,-256906,209216061,-70298714,0.596198969638378,82.2206192860117,-0.205962428969074
549.6,550,31057,31118,2329275,1244720,2025-10-20,2025-10-31,664.39,61,-1084555,250711662,-168401731,0.496474711256152,85.2512975642912,-0.871324474580629
656.96,674,727,724,1250440,1233696,2025-10-20,2025-10-31,664.39,-3,-16744,250711662,-168401731,0.492077628203829,85.743375192495,-0.0135722252483594
663.75,690,469,469,1325394,1231125,2025-10-20,2025-11-14,664.39,0,-94269,72728250,-27844432,1.69277412834765,69.9002162158446,-0.0765714285714286
659.56,671,1072,1072,1666960,1226368,2025-10-20,2025-10-31,664.39,0,-440592,250711662,-168401731,0.48915474861317,86.2325299411082,-0.359265734265734
638.9,640,7728,11101,2588880,1221110,2025-10-20,2025-10-24,664.39,3373,-1367770,90305835,-82981503,1.35219390862174,78.7338758342692,-1.1201038399489
660,677,704,708,1471360,1203600,2025-10-20,2025-11-14,664.39,4,-267760,72728250,-27844432,1.6549277619082,71.5551439777528,-0.222465935526753
601.67,605,3574,3589,1826314,1195137,2025-10-20,2025-11-28,664.39,15,-631177,209216061,-70298714,0.571245340480815,82.7918646264925,-0.528121043863591
658.6,664,1726,2169,1760520,1171260,2025-10-20,2025-10-24,664.39,443,-589260,90305835,-82981503,1.29699260296968,80.0308684372389,-0.503099226474053
660.8,677,24,715,37608,1158300,2025-10-20,2025-11-07,664.39,691,1120692,119099400,-56718960,0.972548980095618,75.1391148905872,0.967531727531728
587.51,590,4549,4570,1774110,1137930,2025-10-20,2025-11-28,664.39,21,-636180,209216061,-70298714,0.543901837440673,83.3357664639332,-0.55906778097071
642.97,647,2622,2800,1848510,1128400,2025-10-20,2025-10-31,664.39,178,-720110,250711662,-168401731,0.450078784129316,86.6826087252375,-0.63816908897554
664.85,690,450,444,1319850,1116660,2025-10-20,2025-11-07,664.39,-6,-203190,119099400,-56718960,0.937586587337971,76.0767014779252,-0.181962280371823
653.57,663,1011,1183,1305201,1115569,2025-10-20,2025-11-07,664.39,172,-189632,119099400,-56718960,0.936670545779408,77.0133720237046,-0.169986795975865
653.77,661,1286,1538,1477614,1111974,2025-10-20,2025-10-31,664.39,252,-365640,250711662,-168401731,0.443527034653857,87.1261357598914,-0.328820637892613
630.35,631,10527,17059,2084346,1108835,2025-10-20,2025-10-24,664.39,6532,-975511,90305835,-82981503,1.22786639423687,81.2587348314757,-0.879762092646787
655,673,613,613,1059877,1103400,2025-10-20,2025-11-07,664.39,0,43523.0000000002,119099400,-56718960,0.926453029990076,77.9398250536947,0.0394444444444447
664.81,687,485,494,1016560,1096186,2025-10-20,2025-10-31,664.39,9,79626,250711662,-168401731,0.437229760775947,87.5633655206673,0.0726391324100107
483.65,485,8118,8113,1250172,1095255,2025-10-20,2025-12-19,664.39,-5,-154917,570710715,-173562315,0.191910712592806,96.7293244178883,-0.141443773367846
610.88,612,9751,9761,2642521,1093232,2025-10-20,2025-10-31,664.39,10,-1549289,250711662,-168401731,0.43605151482742,87.9994170354948,-1.41716396885565
622.03,627,2136,2191,1604136,1088927,2025-10-20,2025-11-21,664.39,55,-515209,669322769,-286106989,0.162690864622297,97.4584199450714,-0.473134562739284
650.1,658,1389,1378,1600128,1088620,2025-10-20,2025-11-07,664.39,-11,-511508,119099400,-56718960,0.914043227757655,78.8538682814523,-0.469868273594092
661.96,676,756,753,1386504,1057212,2025-10-20,2025-10-31,664.39,-3,-329292,250711662,-168401731,0.42168441290936,88.4211014484041,-0.311472060476045
634.91,642,1499,1490,1454030,1056410,2025-10-20,2025-11-21,664.39,-9,-397620,669322769,-286106989,0.157832670413757,97.6162526154851,-0.37638795543397
645.14,652,1529,1526,1443376,1046836,2025-10-20,2025-11-07,664.39,-3,-396540,119099400,-56718960,0.878959927589895,79.7328282090422,-0.378798589272818
613.77,615,7878,8503,1993134,1045869,2025-10-20,2025-10-31,664.39,625,-947265,250711662,-168401731,0.417160092058263,88.8382615404624,-0.905720506105449
499.31,500,15013,15102,1726495,1042038,2025-10-20,2025-11-28,664.39,89,-684457,209216061,-70298714,0.498067880171016,83.8338343441042,-0.656844568048382
658.03,675,607,613,1207930,1040261,2025-10-20,2025-11-07,664.39,6,-167669,119099400,-56718960,0.873439328829532,80.6062675378717,-0.161179742391573
635.14,636,11854,12093,2785690,1039998,2025-10-20,2025-10-24,664.39,239,-1745692,90305835,-82981503,1.15163986911809,82.4103747005938,-1.67855322798698
444.02,445,10658,10610,1119090,1039780,2025-10-20,2025-12-19,664.39,-48,-79310.0000000001,570710715,-173562315,0.182190376432656,96.911514794321,-0.0762757506395585
653.72,665,632,917,936624,1034376,2025-10-20,2025-11-14,664.39,285,97752,72728250,-27844432,1.422247888544,72.9773918662968,0.0945033527460034
625.96,630,2253,2560,1559076,1034240,2025-10-20,2025-11-14,664.39,307,-524836,72728250,-27844432,1.42206089105678,74.3994527573536,-0.507460550742574
622.3,625,3904,3806,1850496,1027620,2025-10-20,2025-11-07,664.39,-98,-822876,119099400,-56718960,0.862825505418164,81.4690930432899,-0.800759035441116
419.4,420,17045,17039,1397690,1022340,2025-10-20,2025-12-19,664.39,-6,-375350,570710715,-173562315,0.179134537538865,97.0906493318599,-0.36714791556625
658.94,672,765,779,1319625,1017374,2025-10-20,2025-11-07,664.39,14,-302251,119099400,-56718960,0.854222607334714,82.3233156506246,-0.29708936929782
652.24,661,875,1150,1162000,1007400,2025-10-20,2025-11-07,664.39,275,-154600,119099400,-56718960,0.845848089914811,83.1691637405394,-0.153464363708557
657.28,662,1403,2129,1297775,1004888,2025-10-20,2025-10-24,664.39,726,-292887,90305835,-82981503,1.11276087530778,83.5231355759016,-0.291462332120595
638.52,645,1481,1526,1439532,988848,2025-10-20,2025-11-14,664.39,45,-450684,72728250,-27844432,1.35964772973363,75.7591004870872,-0.455766710353866
649.36,657,1291,1294,1533708,988616,2025-10-20,2025-11-07,664.39,3,-545092,119099400,-56718960,0.830076389973417,83.9992401305128,-0.551368782216756
652.43,667,692,674,1241448,982018,2025-10-20,2025-11-28,664.39,-18,-259430,209216061,-70298714,0.469379834084535,84.3032141781887,-0.264180493636573
642.2,648,1349,1688,1255919,979040,2025-10-20,2025-11-07,664.39,339,-276879,119099400,-56718960,0.822036047200909,84.8212761777137,-0.28280662689982
634.57,639,2179,2197,1618997,973271,2025-10-20,2025-11-07,664.39,18,-645726,119099400,-56718960,0.817192194083262,85.638468371797,-0.663459611968301
647.86,653,1597,1891,1379808,971974,2025-10-20,2025-10-31,664.39,294,-407834,250711662,-168401731,0.387685994439301,89.2259475349017,-0.419593528221949
642.15,652,944,970,1293280,955450,2025-10-20,2025-11-28,664.39,26,-337830,209216061,-70298714,0.456681000222062,84.7598951784108,-0.353582081741588
651.97,666,673,681,1249761,955443,2025-10-20,2025-11-28,664.39,8,-294318,209216061,-70298714,0.456677654398627,85.2165728328094,-0.308043493960393
646.54,658,752,827,1085136,947742,2025-10-20,2025-11-28,664.39,75,-137394,209216061,-70298714,0.452996770644678,85.6695696034541,-0.144969833562299
640.2,644,2345,2490,1615705,946200,2025-10-20,2025-10-31,664.39,145,-669505,250711662,-168401731,0.377405658935802,89.6033531938375,-0.707572394842528
593.26,595,5353,5390,1659430,937860,2025-10-20,2025-11-14,664.39,37,-721570,72728250,-27844432,1.28954017180394,77.0486406588912,-0.76937922504425
650.48,659,1085,1089,1259685,927828,2025-10-20,2025-11-07,664.39,4,-331857,119099400,-56718960,0.779036670209925,86.4175050420069,-0.357670818298219
589.28,590,12791,12798,1982605,921456,2025-10-20,2025-10-31,664.39,7,-1061149,250711662,-168401731,0.367536153942452,89.9708893477799,-1.15160029344863
663.52,680,542,559,1119230,921232,2025-10-20,2025-10-31,664.39,17,-197998,250711662,-168401731,0.367446808278109,90.338336156058,-0.214927401566598
454.13,455,10583,10578,1238211,920286,2025-10-20,2025-12-19,664.39,-5,-317925,570710715,-173562315,0.161252623406589,97.2519019552664,-0.34546325816105
644.98,656,797,831,1134131,915762,2025-10-20,2025-11-28,664.39,34,-218369,209216061,-70298714,0.437711137291702,86.1072807407458,-0.238456061727829
659.91,673,981,691,1696149,904519,2025-10-20,2025-10-31,664.39,-290,-791630,250711662,-168401731,0.36078058467021,90.6991167407283,-0.875194440360014
493.42,495,5698,5696,991452,899968,2025-10-20,2025-12-19,664.39,-2,-91484,570710715,-173562315,0.157692501007275,97.4095944562737,-0.101652503200114
634.19,635,8482,11072,2256212,896832,2025-10-20,2025-10-24,664.39,2590,-1359380,90305835,-82981503,0.993105262799464,84.5162408387011,-1.51575768928852
558.77,560,6786,7184,1472562,883632,2025-10-20,2025-11-21,664.39,398,-588930,669322769,-286106989,0.132018816769104,97.7482714322542,-0.666487859199305
553.71,555,4158,6811,839916,878619,2025-10-20,2025-11-21,664.39,2653,38703,669322769,-286106989,0.131269850764632,97.8795412830189,0.0440498099858983
659.84,666,1417,1414,1577121,871024,2025-10-20,2025-10-24,664.39,-3,-706097,90305835,-82981503,0.964526821550346,85.4807676602514,-0.810651600874373
661.1,669,1082,1096,1300564,865840,2025-10-20,2025-10-24,664.39,14,-434724,90305835,-82981503,0.958786328701794,86.4395539889532,-0.502083525824633
652.8,656,1821,2664,1276521,852480,2025-10-20,2025-10-24,664.39,843,-424041,90305835,-82981503,0.943992157317409,87.3835461462706,-0.497420467342342
478.89,480,7668,7673,1173204,851703,2025-10-20,2025-12-19,664.39,5,-321501,570710715,-173562315,0.149235501912734,97.5588299581865,-0.377480177949355
594.18,595,10361,10383,1709565,851406,2025-10-20,2025-10-31,664.39,22,-858159,250711662,-168401731,0.339595690606526,91.0387124313348,-1.00793158610581
616.9,620,2530,2744,1386440,850640,2025-10-20,2025-11-14,664.39,214,-535800,72728250,-27844432,1.16961428330807,78.2182549421992,-0.629878679582432
646.25,651,1855,1781,1426495,845975,2025-10-20,2025-10-31,664.39,-74,-580520,250711662,-168401731,0.337429457110775,91.3761418884455,-0.686214131623275
630.77,638,1127,1162,1115730,840126,2025-10-20,2025-11-28,664.39,35,-275604,209216061,-70298714,0.401559037095149,86.508839777841,-0.328050792381143
653.11,693,210,210,837690,837690,2025-10-20,2025-11-28,664.39,0,0,209216061,-70298714,0.400394690539557,86.9092344683805,0
661.17,695,244,247,934764,835601,2025-10-20,2025-12-19,664.39,3,-99163.0000000001,570710715,-173562315,0.146414107539579,97.705244065726,-0.118672667936013
612.98,615,3542,4095,1289288,827190,2025-10-20,2025-11-07,664.39,553,-462098,119099400,-56718960,0.694537503967274,87.1120425459742,-0.558635863586359
655,673,452,451,748512,811800,2025-10-20,2025-11-14,664.39,-1,63288.0000000001,72728250,-27844432,1.11621000092811,79.3344649431273,0.0779600886917962
607.55,610,1966,3267,868972,800415,2025-10-20,2025-11-14,664.39,1301,-68556.9999999999,72728250,-27844432,1.10055583628095,80.4350207794083,-0.0856518181193504
656.15,667,682,734,985490,796390,2025-10-20,2025-11-07,664.39,52,-189100,119099400,-56718960,0.668676752359794,87.780719298334,-0.237446477228494
639.6,643,2121,2286,1274721,777240,2025-10-20,2025-10-31,664.39,165,-497481,250711662,-168401731,0.310013500688293,91.6861553891338,-0.640060985023931
434.11,435,8718,8711,836928,775279,2025-10-20,2025-12-19,664.39,-7,-61648.9999999999,570710715,-173562315,0.135844479457513,97.8410885451835,-0.0795184701249484
621.47,625,753,2169,464601,765657,2025-10-20,2025-11-14,664.39,1416,301056,72728250,-27844432,1.05276422848068,81.487785007889,0.393199565863043
635.88,639,2580,2454,1382880,765648,2025-10-20,2025-10-31,664.39,-126,-617232,250711662,-168401731,0.305389862558527,91.9915452516924,-0.806156353833616
650,663,724,588,1187360,764400,2025-10-20,2025-11-28,664.39,-136,-422960,209216061,-70298714,0.36536391916871,87.2745983875492,-0.553322867608582
637.2,646,839,866,972401,762080,2025-10-20,2025-11-28,664.39,27,-210321,209216061,-70298714,0.364255017687194,87.6388534052364,-0.275982836447617
646.37,655,848,882,1017600,761166,2025-10-20,2025-11-14,664.39,34,-256434,72728250,-27844432,1.04658918645781,82.5343741943468,-0.336896288063313
662.83,672,822,830,1149978,761110,2025-10-20,2025-10-24,664.39,8,-388868,90305835,-82981503,0.842813756165368,88.226359902436,-0.510922205725848
633.11,641,892,957,946412,755073,2025-10-20,2025-11-28,664.39,65,-191339,209216061,-70298714,0.360905848428147,87.9997592536646,-0.253404637697282
658.19,678,379,379,761790,750799,2025-10-20,2025-11-28,664.39,0,-10991,209216061,-70298714,0.358862984233318,88.3586222378979,-0.0146390711761737
626.87,630,2116,2388,1227280,747444,2025-10-20,2025-11-07,664.39,272,-479836,119099400,-56718960,0.627579987808503,88.4082992861425,-0.641969164245081
625.6,631,1387,1368,1061055,738720,2025-10-20,2025-11-21,664.39,-19,-322335,669322769,-286106989,0.110368275847493,97.9899095588664,-0.436342592592592
473.71,475,5669,5664,793660,730656,2025-10-20,2025-12-19,664.39,-5,-63004,570710715,-173562315,0.128025632040218,97.9691141772238,-0.0862293610125695
658.84,690,232,232,722912,722912,2025-10-20,2025-11-28,664.39,0,0,209216061,-70298714,0.345533701640621,88.7041559395385,0
601.66,603,5127,5354,948495,717436,2025-10-20,2025-10-31,664.39,227,-231059,250711662,-168401731,0.286159803766926,92.2777050554593,-0.322062176974671
638.74,642,2118,2195,1213614,715570,2025-10-20,2025-10-31,664.39,77,-498044,250711662,-168401731,0.285415522473781,92.5631205779331,-0.696010173707674
581.8,585,2213,2213,843153,708160,2025-10-20,2025-11-28,664.39,0,-134993,209216061,-70298714,0.338482617737459,89.042638557276,-0.190625
344.71,345,24363,24354,925794,706266,2025-10-20,2025-12-19,664.39,-9,-219528,570710715,-173562315,0.123752013312033,98.0928661905358,-0.310829064403497
469,470,7047,7006,930204,700600,2025-10-20,2025-12-19,664.39,-41,-229604,570710715,-173562315,0.122759216111791,98.2156254066476,-0.327724807308022
663.93,700,182,193,734552,696151,2025-10-20,2025-10-31,664.39,11,-38401,250711662,-168401731,0.277669971331449,92.8407905492645,-0.055161882982284
649.58,652,3214,2862,1873762,692604,2025-10-20,2025-10-24,664.39,-352,-1181158,90305835,-82981503,0.766953763286725,88.9933136657227,-1.70538720538721
620.35,622,6656,4195,2143232,692175,2025-10-20,2025-10-31,664.39,-2461,-1451057,250711662,-168401731,0.276084085789356,93.1168746350539,-2.09637302705241
624.53,625,13955,14687,2232800,690289,2025-10-20,2025-10-24,664.39,732,-1542511,90305835,-82981503,0.76439025230208,89.7577039180248,-2.23458725258551
654.7,672.5,384,385,653184,685300,2025-10-20,2025-11-07,664.39,1,32116,119099400,-56718960,0.575401723266448,88.983701009409,0.0468641470888662
629.11,636,990,993,990000,684177,2025-10-20,2025-11-28,664.39,3,-305823,209216061,-70298714,0.32701934867228,89.3696579059482,-0.446993979628079
625.13,631,1140,1141,950760,669767,2025-10-20,2025-11-28,664.39,1,-280993,209216061,-70298714,0.320131732142687,89.6897896380909,-0.419538436501052
577.5,580,2622,2671,860016,667750,2025-10-20,2025-11-28,664.39,49,-192266,209216061,-70298714,0.319167657018454,90.0089572951094,-0.287931111943092
598.07,600,3421,3418,1224718,659674,2025-10-20,2025-11-14,664.39,-3,-565044,72728250,-27844432,0.90703956165589,83.4414137560026,-0.856550356691335
655.12,666,633,604,952665,657152,2025-10-20,2025-11-07,664.39,-29,-295513,119099400,-56718960,0.551767683128546,89.5354686925375,-0.449687439131282
625.14,627,3415,3459,1236230,643374,2025-10-20,2025-10-31,664.39,44,-592856,250711662,-168401731,0.256619095764281,93.3734937308182,-0.921479574866252
639.8,649,645,699,775290,643080,2025-10-20,2025-11-28,664.39,54,-132210,209216061,-70298714,0.307376019281808,90.3163333143912,-0.20558872924053
637.71,641,1894,1951,1051170,641879,2025-10-20,2025-10-31,664.39,57,-409291,250711662,-168401731,0.256022793227704,93.6295165240459,-0.637645101335298
664.47,700,71,180,276900,639540,2025-10-20,2025-11-14,664.39,109,362640,72728250,-27844432,0.879355683658001,84.3207694396607,0.567032554648654
660.76,682,297,299,772200,635076,2025-10-20,2025-11-21,664.39,2,-137124,669322769,-286106989,0.0948833700889682,98.0847929289553,-0.215917464996316
656.73,668,561,563,886380,634501,2025-10-20,2025-11-07,664.39,2,-251879,119099400,-56718960,0.532749115444746,90.0682178079823,-0.396971793582674
654.24,664,550,648,740850,632448,2025-10-20,2025-11-07,664.39,98,-108402,119099400,-56718960,0.531025345215845,90.5992431531981,-0.171400652701882
648.62,656,808,852,857288,628776,2025-10-20,2025-11-07,664.39,44,-228512,119099400,-56718960,0.527942206257966,91.1271853594561,-0.36342354033869
424.39,425,9820,9924,873980,605364,2025-10-20,2025-12-19,664.39,104,-268616,570710715,-173562315,0.106071952758062,98.3216973594056,-0.443726419146166
665,700,171,172,684000,602000,2025-10-20,2025-11-21,664.39,1,-82000,669322769,-286106989,0.0899416586259895,98.1747345875813,-0.136212624584718
618.4,623,1306,1308,886774,601680,2025-10-20,2025-11-21,664.39,2,-285094,669322769,-286106989,0.089893849106454,98.2646284366878,-0.473829942826752
579.4,580,9893,9946,1177267,596760,2025-10-20,2025-10-31,664.39,53,-580507,250711662,-168401731,0.238026422560272,93.8675429466061,-0.972764595482271
615.15,619,262,1539,164274,592515,2025-10-20,2025-11-21,664.39,1277,428241,669322769,-286106989,0.0885245545860102,98.3531529912738,0.722751322751323
374.6,375,14689,14684,734450,587360,2025-10-20,2025-12-19,664.39,-5,-147090,570710715,-173562315,0.10291728971656,98.4246146491222,-0.250425633342414
612.35,617,1238,1248,767560,580320,2025-10-20,2025-11-28,664.39,10,-187240,209216061,-70298714,0.277378322307674,90.5937116366989,-0.322649572649572
429.15,430,6762,6757,574770,574345,2025-10-20,2025-12-19,664.39,-5,-425,570710715,-173562315,0.100636799854021,98.5252514489762,-0.000739973360959006
628.76,631,2731,2554,1155213,572096,2025-10-20,2025-10-31,664.39,-177,-583117,250711662,-168401731,0.228188826732759,94.0957317733389,-1.01926424935675
642.14,646,1404,1475,911196,569350,2025-10-20,2025-10-31,664.39,71,-341846,250711662,-168401731,0.227093544615408,94.3228253179543,-0.600414507772021
655.3,669,414,415,694692,568550,2025-10-20,2025-11-14,664.39,1,-126142,72728250,-27844432,0.781745745291548,85.1025151849522,-0.221866150734324
538.94,540,5201,5351,821758,567206,2025-10-20,2025-11-21,664.39,150,-254552,669322769,-286106989,0.084743269805005,98.4378962610788,-0.448782276633181
657.91,676,307,307,598343,555363,2025-10-20,2025-11-14,664.39,0,-42979.9999999999,72728250,-27844432,0.763613863938703,85.8661290488909,-0.0773908236594802
631.59,639,739,739,764126,547599,2025-10-20,2025-11-28,664.39,0,-216527,209216061,-70298714,0.261738509645299,90.8554501463442,-0.395411605937922
554.61,555,14003,14011,1162249,546429,2025-10-20,2025-10-31,664.39,8,-615820,250711662,-168401731,0.217951169738566,94.5407764876929,-1.1269899657595
658.25,677,290,290,543750,543750,2025-10-20,2025-10-31,664.39,0,0,250711662,-168401731,0.216882611547603,94.7576590992405,0
652.08,663,461,493,667528,538356,2025-10-20,2025-11-14,664.39,32,-129172,72728250,-27844432,0.740229553165379,86.6063586020563,-0.239937884968311
586.85,591,1249,1249,518335,518335,2025-10-20,2025-11-28,664.39,0,0,209216061,-70298714,0.24775105578534,91.1032012021295,0
663.6,674,471,497,682950,516880,2025-10-20,2025-10-24,664.39,26,-166070,90305835,-82981503,0.57236611565576,90.3300700336806,-0.321293143476242
663.68,676,411,415,559371,511280,2025-10-20,2025-10-24,664.39,4,-48091,90305835,-82981503,0.566164965973683,90.8962349996542,-0.0940600062588014
657.71,672,354,354,505866,505866,2025-10-20,2025-11-14,664.39,0,0,72728250,-27844432,0.695556403460829,87.3019150055171,0
638.99,648,569,561,714664,505461,2025-10-20,2025-11-28,664.39,-8,-209203,209216061,-70298714,0.241597608512475,91.344798810642,-0.413885542109085
634.97,643,614,624,684610,501072,2025-10-20,2025-11-28,664.39,10,-183538,209216061,-70298714,0.239499777218347,91.5842985878603,-0.366290672797522
654.95,667,324,415,526824,500075,2025-10-20,2025-11-14,664.39,91,-26749.0000000001,72728250,-27844432,0.687593885457164,87.9895088909743,-0.0534899765035247
384.47,385,9433,9417,537681,499101,2025-10-20,2025-12-19,664.39,-16,-38580,570710715,-173562315,0.087452537140467,98.6127039861167,-0.0772989835724633
646.14,648,2339,2656,1085296,494016,2025-10-20,2025-10-24,664.39,317,-591280,90305835,-82981503,0.547047707382364,91.4432827070366,-1.19688431143931
654.27,666,403,421,615784,493833,2025-10-20,2025-11-14,664.39,18,-121951,72728250,-27844432,0.679011250786318,88.6685201417606,-0.246947854841617
634.2,642,435,626,469365,488280,2025-10-20,2025-11-28,664.39,191,18915.0000000001,209216061,-70298714,0.233385523877156,91.8176841117375,0.0387380191693292
614.13,619,990,991,577170,482617,2025-10-20,2025-11-28,664.39,1,-94553,209216061,-70298714,0.230678752717747,92.0483628644552,-0.195917259441752
569.48,570,10126,9274,1053104,482248,2025-10-20,2025-10-31,664.39,-852,-570856,250711662,-168401731,0.192351642581349,94.9500107418218,-1.18373948673711
630.9,637,771,784,712404,478240,2025-10-20,2025-11-21,664.39,13,-234164,669322769,-286106989,0.0714513269456698,98.5093475880245,-0.489637002341921
644.79,651,772,765,764280,475065,2025-10-20,2025-11-07,664.39,-7,-289215,119099400,-56718960,0.39888110267558,91.5260664621316,-0.608790376053803
631.32,632,6050,6947,1337050,472396,2025-10-20,2025-10-24,664.39,897,-864654,90305835,-82981503,0.523106840216914,91.9663895472535,-1.83035842809846
625.67,632,727,745,634671,471585,2025-10-20,2025-11-28,664.39,18,-163086,209216061,-70298714,0.225405734983224,92.2737685994385,-0.345825248894685
649.21,659,446,481,583814,470899,2025-10-20,2025-11-14,664.39,35,-112915,72728250,-27844432,0.647477424522108,89.3159975662827,-0.23978602630288
634.3,637,1875,1744,941250,470880,2025-10-20,2025-10-31,664.39,-131,-470370,250711662,-168401731,0.187817350115927,95.1378280919377,-0.998916921508665
610.87,615,1136,1138,698640,469994,2025-10-20,2025-11-28,664.39,2,-228646,209216061,-70298714,0.224645277113787,92.4984138765522,-0.486487061536956
632.39,639,935,709,892925,468649,2025-10-20,2025-11-21,664.39,-226,-424276,669322769,-286106989,0.0700183860023444,98.5793659740268,-0.905317199012481
643.15,649,816,789,715632,461565,2025-10-20,2025-11-07,664.39,-27,-254067,119099400,-56718960,0.387546032977496,91.9136124951091,-0.550446849306165
583.93,585,4331,4293,818559,459351,2025-10-20,2025-11-07,664.39,-38,-359208,119099400,-56718960,0.38568708154701,92.2992995766561,-0.78199024275554
633.42,639,817,823,699352,459234,2025-10-20,2025-11-14,664.39,6,-240118,72728250,-27844432,0.631438265048313,89.947435831331,-0.522866338293768
629.38,630,6006,7398,1285284,458676,2025-10-20,2025-10-24,664.39,1392,-826608,90305835,-82981503,0.507914023495824,92.4743035707493,-1.80216100253774
632.81,637,1093,1089,689683,456291,2025-10-20,2025-11-07,664.39,-4,-233392,119099400,-56718960,0.383117799082111,92.6824173757383,-0.511498144824246
574.37,575,7107,7171,746235,451773,2025-10-20,2025-10-31,664.39,64,-294462,250711662,-168401731,0.180196244720359,95.3180243366581,-0.651791939757356
645.65,654,489,539,597558,450065,2025-10-20,2025-11-14,664.39,50,-147493,72728250,-27844432,0.618831059457639,90.5662668907887,-0.327714885627632
639.38,646,649,676,598378,447512,2025-10-20,2025-11-14,664.39,27,-150866,72728250,-27844432,0.615320731627669,91.1815876224163,-0.337121686122384
642.54,644,1952,3065,759328,447490,2025-10-20,2025-10-24,664.39,1113,-311838,90305835,-82981503,0.495527227005874,92.9698307977552,-0.696860265033856
597.53,602,980,978,394940,437166,2025-10-20,2025-11-28,664.39,-2,42226,209216061,-70298714,0.208954321150325,92.7073681977026,0.096590311231889
571.18,572,5213,5215,516087,427630,2025-10-20,2025-10-31,664.39,2,-88457,250711662,-168401731,0.170566457335359,95.4885907939935,-0.206854056076515
652.53,677,174,174,425778,425778,2025-10-20,2025-11-28,664.39,0,0,209216061,-70298714,0.203511144395363,92.9108793420979,0
621.28,627,730,736,595680,420992,2025-10-20,2025-11-28,664.39,6,-174688,209216061,-70298714,0.201223557114958,93.1121028992129,-0.414943751900274
647.29,659,355,358,570485,419218,2025-10-20,2025-11-28,664.39,3,-151267,209216061,-70298714,0.200375629861419,93.3124785290743,-0.360831357432171
629.85,637,583,585,592328,418275,2025-10-20,2025-11-28,664.39,2,-174053,209216061,-70298714,0.199924899647164,93.5124034287215,-0.41612097304405
364.69,365,13269,13263,477684,411153,2025-10-20,2025-12-19,664.39,-6,-66531,570710715,-173562315,0.0720422780217119,98.6847462641384,-0.161815674456954
600.04,601,4285,4267,801295,409632,2025-10-20,2025-10-31,664.39,-18,-391663,250711662,-168401731,0.163387692751205,95.6519784867447,-0.956133798140771
524.15,525,4810,4801,639730,408085,2025-10-20,2025-11-21,664.39,-9,-231645,669322769,-286106989,0.0609698368112739,98.6403358108381,-0.567639094796427
626.46,633,608,615,544768,402210,2025-10-20,2025-11-28,664.39,7,-142558,209216061,-70298714,0.192246234862437,93.7046496635839,-0.354436737027921
632.82,638,535,774,430675,400932,2025-10-20,2025-11-14,664.39,239,-29743,72728250,-27844432,0.551274092254385,91.7328617146707,-0.0741846497660451
664.75,680,235,262,398560,399550,2025-10-20,2025-10-24,664.39,27,989.999999999942,90305835,-82981503,0.44244095633466,93.4122717540899,0.00247778751094967
464.1,465,4397,4411,554022,396990,2025-10-20,2025-12-19,664.39,14,-157032,570710715,-173562315,0.0695606354613475,98.7543068995998,-0.395556563137611
459.17,460,4815,4756,577800,394748,2025-10-20,2025-12-19,664.39,-59,-183052,570710715,-173562315,0.0691677919521802,98.8234746915519,-0.463718625553518
648.73,651,998,1736,518960,394072,2025-10-20,2025-10-24,664.39,738,-124888,90305835,-82981503,0.436374903127799,93.8486466572177,-0.316916705576646
617.22,623,673,680,491963,393040,2025-10-20,2025-11-28,664.39,7,-98923,209216061,-70298714,0.187863206161787,93.8925128697457,-0.251686851211073
626.04,628,1979,1996,827222,391216,2025-10-20,2025-10-31,664.39,17,-436006,250711662,-168401731,0.156042202775553,95.8080206895202,-1.11448918244653
389.44,390,7411,6928,452071,387968,2025-10-20,2025-12-19,664.39,-483,-64103,570710715,-173562315,0.0679797995381951,98.8914544910901,-0.165227544539756
608.15,610,2041,2097,683735,387945,2025-10-20,2025-11-07,664.39,56,-295790,119099400,-56718960,0.325732119557277,93.0081494952955,-0.762453440565029
621.35,623,1836,2349,655452,387585,2025-10-20,2025-10-31,664.39,513,-267867,250711662,-168401731,0.154593925511132,95.9626146150313,-0.691118077324974
640.52,646,684,703,549936,385244,2025-10-20,2025-11-07,664.39,19,-164692,119099400,-56718960,0.323464265982868,93.3316137612784,-0.427500493193924
645.25,647,1669,2199,772747,384825,2025-10-20,2025-10-24,664.39,530,-387922,90305835,-82981503,0.426135254715268,94.2747819119329,-1.0080478139414
603.77,607,228,1182,108528,381786,2025-10-20,2025-11-21,664.39,954,273258,669322769,-286106989,0.057040641329206,98.6973764521673,0.715736040609137
625.97,629,836,1259,462308,381477,2025-10-20,2025-11-07,664.39,423,-80831.0000000001,119099400,-56718960,0.320301361719706,93.6519151229981,-0.211889576566871
622.35,624,1746,2308,584910,380820,2025-10-20,2025-10-31,664.39,562,-204090,250711662,-168401731,0.15189560667505,96.1145102217064,-0.535922483062864
646.88,654,339,534,366120,380208,2025-10-20,2025-11-07,664.39,195,14088,119099400,-56718960,0.319235865168087,93.9711509881662,0.0370534023481884
638.24,647,421,434,507726,380184,2025-10-20,2025-11-28,664.39,13,-127542,209216061,-70298714,0.181718362434899,94.0742312321806,-0.335474401868569
655.57,668,302,300,527594,372900,2025-10-20,2025-11-14,664.39,-2,-154694,72728250,-27844432,0.512730610182426,92.2455923248531,-0.414840439796192
610.28,616,650,650,371800,371800,2025-10-20,2025-11-28,664.39,0,0,209216061,-70298714,0.17771102190859,94.2519422540892,0
626.46,627,1461,6828,267363,368712,2025-10-20,2025-10-24,664.39,5367,101349,90305835,-82981503,0.408292553853248,94.6830744657862,0.27487307166569
419.72,420,13002,13060,494076,365680,2025-10-20,2025-11-21,664.39,58,-128396,669322769,-286106989,0.0546343284490894,98.7520107806164,-0.35111572959965
529.05,530,3452,3849,441856,365655,2025-10-20,2025-11-21,664.39,397,-76201.0000000001,669322769,-286106989,0.0546305933303757,98.8066413739467,-0.208395892302854
652.8,662.5,374,376,514624,364720,2025-10-20,2025-11-07,664.39,2,-149904,119099400,-56718960,0.30623160150261,94.2773825896688,-0.411011186663742
660.83,680,175,188,404075,360396,2025-10-20,2025-11-14,664.39,13,-43678.9999999999,72728250,-27844432,0.495537841210259,92.7411301660634,-0.121197238593103
637.93,639,2195,3367,618990,360269,2025-10-20,2025-10-24,664.39,1172,-258721,90305835,-82981503,0.398943213359358,95.0820176791455,-0.718132839628167
624.24,626,990,2042,378180,359392,2025-10-20,2025-10-31,664.39,1052,-18788,250711662,-168401731,0.143348736605639,96.2578589583121,-0.0522771792360431
661.81,686,153,148,450585,358012,2025-10-20,2025-11-21,664.39,-5,-92572.9999999999,669322769,-286106989,0.0534886928372222,98.860130066784,-0.258575131559836
543.77,545,2716,2899,450856,356577,2025-10-20,2025-11-21,664.39,183,-94278.9999999999,669322769,-286106989,0.0532742970230556,98.913404363807,-0.264400115543066
558.48,560,2285,2310,555255,351120,2025-10-20,2025-11-28,664.39,25,-204135,209216061,-70298714,0.167826503530243,94.4197687576194,-0.581382433356118
612.4,616,1026,961,594054,345960,2025-10-20,2025-11-21,664.39,-65,-248094,669322769,-286106989,0.0516880668077198,98.9650924306147,-0.717117585848075
519.2,520,4221,4318,523404,345440,2025-10-20,2025-11-21,664.39,97,-177964,669322769,-286106989,0.0516103763384748,99.0167028069532,-0.515180639184808
604.89,606,3108,3109,705516,345099,2025-10-20,2025-10-31,664.39,1,-360417,250711662,-168401731,0.137647765264306,96.3955067235764,-1.04438726278546
504.81,505,18209,18066,710151,343254,2025-10-20,2025-10-31,664.39,-143,-366897,250711662,-168401731,0.136911860127193,96.5324185837035,-1.06887902253142
625.81,634,416,419,399776,343161,2025-10-20,2025-11-28,664.39,3,-56615.0000000001,209216061,-70298714,0.164022302283953,94.5837910599034,-0.164980869038148
439.57,440,7934,7934,206284,341162,2025-10-20,2025-11-21,664.39,0,134878,669322769,-286106989,0.0509712228241857,99.0676740297774,0.395348837209302
617.2,622,704,707,367488,339360,2025-10-20,2025-11-28,664.39,3,-28127.9999999999,209216061,-70298714,0.162205520158417,94.7459965800618,-0.0828854314002827
622.19,628,569,582,448941,338142,2025-10-20,2025-11-28,664.39,13,-110799,209216061,-70298714,0.16162334688062,94.9076199269424,-0.327670032116685
394.42,395,5720,5732,331760,332456,2025-10-20,2025-12-19,664.39,12,696,570710715,-173562315,0.0582529802336022,98.9497074713237,0.00209351011863224
659.97,681,157,157,330171,330171,2025-10-20,2025-11-28,664.39,0,0,209216061,-70298714,0.157813409937012,95.0654333368794,0
359.66,360,9619,9615,413617,326910,2025-10-20,2025-12-19,664.39,-4,-86707,570710715,-173562315,0.0572812094477673,99.0069886807715,-0.265232021045548
629.63,632,1447,1367,619316,323979,2025-10-20,2025-10-31,664.39,-80,-295337,250711662,-168401731,0.129223745483367,96.6616423291869,-0.911593035351057
648.03,657,346,358,437344,321126,2025-10-20,2025-11-14,664.39,12,-116218,72728250,-27844432,0.441542316775118,93.1826724828385,-0.361907786974583
379.6,380,8116,8025,405800,321000,2025-10-20,2025-12-19,664.39,-91,-84800,570710715,-173562315,0.0562456585382316,99.0632343393097,-0.26417445482866
663.7,677,238,240,302498,319200,2025-10-20,2025-10-24,664.39,2,16702,90305835,-82981503,0.353465531878422,95.435483211024,0.0523245614035088
641.73,647.5,553,545,321846,314465,2025-10-20,2025-11-07,664.39,-8,-7381.00000000006,119099400,-56718960,0.264035755008002,94.5414183446768,-0.0234716105130939
633.21,636,1188,1126,590436,314154,2025-10-20,2025-10-31,664.39,-62,-276282,250711662,-168401731,0.125304901054024,96.7869472302409,-0.879447659428178
637.69,644,423,494,379431,311714,2025-10-20,2025-11-14,664.39,71,-67717.0000000001,72728250,-27844432,0.428600990674188,93.6112734735127,-0.217240804070398
615.59,621,659,573,476457,309993,2025-10-20,2025-11-28,664.39,-86,-166464,209216061,-70298714,0.148168834896476,95.2136021717759,-0.536992770804502
660.5,686,20,120,61040,306000,2025-10-20,2025-11-14,664.39,100,244960,72728250,-27844432,0.420744346247847,94.0320178197605,0.800522875816994
586.36,589,1148,1149,362768,303336,2025-10-20,2025-11-28,664.39,1,-59432,209216061,-70298714,0.14498695680921,95.3585891285851,-0.195927947886172
324.69,325,9573,9579,287190,296949,2025-10-20,2025-12-19,664.39,6,9759,570710715,-173562315,0.0520314394307456,99.1152657787405,0.0328642292110767
667.1,700,90,90,296100,296100,2025-10-20,2025-11-28,664.39,0,0,209216061,-70298714,0.141528331326341,95.5001174599115,0
439.27,440,4110,4038,406890,294774,2025-10-20,2025-12-19,664.39,-72,-112116,570710715,-173562315,0.051650335669622,99.1669161144101,-0.380345620712817
604.98,608,590,971,285560,293242,2025-10-20,2025-11-21,664.39,381,7682,669322769,-286106989,0.0438117472737581,99.1114857770512,0.0261967930923947
623.87,629,483,565,363699,289845,2025-10-20,2025-11-21,664.39,82,-73854,669322769,-286106989,0.0433042193429401,99.1547899963941,-0.254805154479118
598.62,600,1899,2081,497538,287178,2025-10-20,2025-11-07,664.39,182,-210360,119099400,-56718960,0.2411246404264,94.7825429851032,-0.732507364770282
259.9,260,28182,28192,366366,281920,2025-10-20,2025-12-19,664.39,10,-84446.0000000001,570710715,-173562315,0.049398056246412,99.2163141706565,-0.299538876276958
653.04,664,118,253,175112,277288,2025-10-20,2025-11-14,664.39,135,102176,72728250,-27844432,0.381265876739781,94.4132836965003,0.36848330977179
626.97,629,1409,1354,600234,274862,2025-10-20,2025-10-31,664.39,-55,-325372,250711662,-168401731,0.109632714253236,96.8965799444942,-1.18376494386274
637.1,642,530,557,407040,272930,2025-10-20,2025-11-07,664.39,27,-134110,119099400,-56718960,0.229161523903563,95.0117045090068,-0.491371413915656
605.67,609,753,814,379512,271062,2025-10-20,2025-11-21,664.39,61,-108450,669322769,-286106989,0.0404979499509601,99.1952879463451,-0.400092967660535
602.83,605,1232,1238,466928,268646,2025-10-20,2025-11-14,664.39,6,-198282,72728250,-27844432,0.369383286412089,94.7826669829124,-0.73807910782219
609.9,611,2427,2439,548502,268290,2025-10-20,2025-10-31,664.39,12,-280212,250711662,-168401731,0.107011376279736,97.0035913207739,-1.04443698982444
640.97,648,113,381,110288,267843,2025-10-20,2025-11-14,664.39,268,157555,72728250,-27844432,0.368279176248569,95.150946159161,0.588236392214842
628.55,632,666,774,405594,267030,2025-10-20,2025-11-07,664.39,108,-138564,119099400,-56718960,0.224207678628104,95.2359121876349,-0.518907987866532
274.86,275,19068,19068,266952,266952,2025-10-20,2025-12-19,664.39,0,0,570710715,-173562315,0.0467753614894019,99.2630895321459,0
638.9,644,486,521,366444,265710,2025-10-20,2025-11-07,664.39,35,-100734,119099400,-56718960,0.223099360702069,95.4590115483369,-0.379112566331715
627.37,633,408,470,332112,264610,2025-10-20,2025-11-21,664.39,62,-67502.0000000001,669322769,-286106989,0.0395339905133274,99.2348219368584,-0.255099958429387
534.08,535,2526,2873,371322,264316,2025-10-20,2025-11-21,664.39,347,-107006,669322769,-286106989,0.0394900655172542,99.2743120023756,-0.404841174957248
600.49,604,730,753,342370,264303,2025-10-20,2025-11-21,664.39,23,-78067,669322769,-286106989,0.0394881232555231,99.3138001256312,-0.295369329897882
630.43,634,736,739,427616,263823,2025-10-20,2025-11-07,664.39,3,-163793,119099400,-56718960,0.221514969848715,95.6805265181857,-0.62084427817135
646.33,653,391,393,410550,262131,2025-10-20,2025-11-07,664.39,2,-148419,119099400,-56718960,0.220094307779888,95.9006208259655,-0.566201632008423
597.36,601,716,715,358000,260260,2025-10-20,2025-11-28,664.39,-1,-97740,209216061,-70298714,0.124397715336013,95.6245151752475,-0.375547529393683
614.23,618,544,688,330208,259376,2025-10-20,2025-11-21,664.39,144,-70832,669322769,-286106989,0.0387520060594263,99.3525521316906,-0.273086176053297
239.9,240,25860,25860,258600,258600,2025-10-20,2025-12-19,664.39,0,0,570710715,-173562315,0.0453119230466875,99.3084014551926,0
662.13,680,139,142,339160,253754,2025-10-20,2025-11-07,664.39,3,-85406,119099400,-56718960,0.213060687123529,96.1136815130891,-0.336570063920175
641.3,647,294,445,271068,253650,2025-10-20,2025-11-07,664.39,151,-17418,119099400,-56718960,0.212973365105114,96.3266548781942,-0.0686694263749261
607.55,609,1640,1741,377200,252445,2025-10-20,2025-10-31,664.39,101,-124755,250711662,-168401731,0.100691367121167,97.1042826878951,-0.494186852581751
629.65,636,399,393,266133,249555,2025-10-20,2025-11-07,664.39,-6,-16578,119099400,-56718960,0.209535060630028,96.5361899388242,-0.066430245837591
562.09,563,2738,2738,249158,249158,2025-10-20,2025-10-31,664.39,0,0,250711662,-168401731,0.0993802992698441,97.2036629871649,0
636.25,641,506,522,358248,247950,2025-10-20,2025-11-07,664.39,16,-110298,119099400,-56718960,0.208187446788145,96.7443773856124,-0.444839685420448
641.66,643,1000,1841,326000,246694,2025-10-20,2025-10-24,664.39,841,-79306,90305835,-82981503,0.273176146369722,95.7086593573937,-0.321475187884586
614.68,615,7146,7665,707454,245280,2025-10-20,2025-10-24,664.39,519,-462174,90305835,-82981503,0.271610356074998,95.9802697134687,-1.884271037182
644.95,653,227,301,254240,242305,2025-10-20,2025-11-14,664.39,74,-11934.9999999999,72728250,-27844432,0.333164898096682,95.4841110572577,-0.0492561028455869
633.21,634,2824,3055,584568,241345,2025-10-20,2025-10-24,664.39,231,-343223,90305835,-82981503,0.267252941075181,96.2475226545439,-1.42212600219603
638.23,643,481,502,379990,239454,2025-10-20,2025-11-07,664.39,21,-140536,119099400,-56718960,0.201053909591484,96.9454312952038,-0.586901868417316
349.72,350,8500,8502,340000,238056,2025-10-20,2025-12-19,664.39,2,-101944,570710715,-173562315,0.0417122009002407,99.3501136560928,-0.428235373189501
600.05,604,598,599,290030,236605,2025-10-20,2025-11-28,664.39,1,-53425,209216061,-70298714,0.113091221997531,95.737606397245,-0.225798271380571
534.5,535,4676,4672,317968,233600,2025-10-20,2025-10-31,664.39,-4,-84368,250711662,-168401731,0.0931747642437151,97.2968377514086,-0.361164383561644
648.6,658,243,248,312255,233120,2025-10-20,2025-11-14,664.39,5,-79135,72728250,-27844432,0.320535692801628,95.8046467500593,-0.339460363761153
616.96,621,558,575,363258,232300,2025-10-20,2025-11-21,664.39,17,-130958,669322769,-286106989,0.0347067230877365,99.3872588547783,-0.563745157124408
598.73,603,514,543,271906,231861,2025-10-20,2025-11-28,664.39,29,-40045,209216061,-70298714,0.11082370965774,95.8484301069027,-0.172711236473577
636.05,642,385,383,351120,227885,2025-10-20,2025-11-14,664.39,-2,-123235,72728250,-27844432,0.313337664525133,96.1179844145844,-0.540777146367686
579.9,583,725,734,244325,227540,2025-10-20,2025-11-28,664.39,9,-16785,209216061,-70298714,0.108758380648415,95.9571884875512,-0.0737672497143359
611.82,613,1692,1917,402696,226206,2025-10-20,2025-10-31,664.39,225,-176490,250711662,-168401731,0.0902255595912407,97.3870633109999,-0.780218031351954
573.62,575,1618,1635,351106,225630,2025-10-20,2025-11-14,664.39,17,-125476,72728250,-27844432,0.310237081189221,96.4282214957736,-0.556113991933697
641.75,649,312,309,310440,224025,2025-10-20,2025-11-14,664.39,-3,-86415,72728250,-27844432,0.308030235843706,96.7362517316174,-0.385738198861734
299.83,300,12886,12913,296378,219521,2025-10-20,2025-12-19,664.39,27,-76857,570710715,-173562315,0.038464495974988,99.3885781520678,-0.35011228994037
629.28,633,528,589,319968,219108,2025-10-20,2025-11-07,664.39,61,-100860,119099400,-56718960,0.183970700104283,97.1294019953081,-0.460320937619804
617.49,619,701,1433,206795,216383,2025-10-20,2025-10-31,664.39,732,9587.99999999997,250711662,-168401731,0.0863075128910437,97.4733708238909,0.044310320126812
592.98,596,743,714,330635,215628,2025-10-20,2025-11-28,664.39,-29,-115007,209216061,-70298714,0.103064745110558,96.0602532326617,-0.533358376463168
635.8,644,261,262,298845,214840,2025-10-20,2025-11-28,664.39,1,-84005,209216061,-70298714,0.102688100986664,96.1629413336484,-0.391011915844349
588.86,590,1877,1884,386662,214776,2025-10-20,2025-11-07,664.39,7,-171886,119099400,-56718960,0.180333402183386,97.3097353974915,-0.800303572093717
414.28,415,2962,2963,195492,213336,2025-10-20,2025-12-19,664.39,1,17844,570710715,-173562315,0.0373807595324367,99.4259589116002,0.0836427044661942
623.19,629,351,367,242541,213227,2025-10-20,2025-11-28,664.39,16,-29314,209216061,-70298714,0.101917127672144,96.2648584613205,-0.137477899140353
334.74,335,8124,8133,268092,211458,2025-10-20,2025-12-19,664.39,9,-56634,570710715,-173562315,0.03705169614697,99.4630106077472,-0.267826234997021
649.67,657.5,265,268,292295,209844,2025-10-20,2025-11-07,664.39,3,-82451,119099400,-56718960,0.17619232338702,97.4859277208785,-0.392915689750481
509.3,510,2700,2970,288900,207900,2025-10-20,2025-11-21,664.39,270,-81000,669322769,-286106989,0.0310612472231615,99.4183201020015,-0.38961038961039
613.5,618,450,455,299250,204750,2025-10-20,2025-11-28,664.39,5,-94500,209216061,-70298714,0.0978653354916189,96.3627237968121,-0.461538461538462
613.05,617,217,513,131502,202635,2025-10-20,2025-11-21,664.39,296,71133,669322769,-286106989,0.0302746312220554,99.4485947332235,0.351040047375824
289.82,290,10240,11215,204800,201870,2025-10-20,2025-12-19,664.39,975,-2930.00000000003,570710715,-173562315,0.0353716856358654,99.4983822933831,-0.0145142913756379
304.76,305,8411,8411,201864,201864,2025-10-20,2025-12-19,664.39,0,0,570710715,-173562315,0.0353706343151451,99.5337529276982,0
606.78,608,1618,1648,373758,201056,2025-10-20,2025-10-31,664.39,30,-172702,250711662,-168401731,0.0801941155812688,97.5535649394722,-0.85897461403788
409.45,410,3726,3581,279450,196955,2025-10-20,2025-12-19,664.39,-145,-82495,570710715,-173562315,0.0345104787457863,99.568263406444,-0.41885202203549
628.41,629,3304,3312,581504,195408,2025-10-20,2025-10-24,664.39,8,-386096,90305835,-82981503,0.216384688763467,96.4639073433073,-1.97584541062802
614.64,616,1494,1433,377982,194888,2025-10-20,2025-10-31,664.39,-61,-183094,250711662,-168401731,0.0777339188952447,97.6312988583674,-0.939483190345224
582.8,586,591,601,224580,192320,2025-10-20,2025-11-28,664.39,10,-32260,209216061,-70298714,0.0919241090195269,96.4546479058317,-0.167741264559068
590.16,591,2114,2283,338240,191772,2025-10-20,2025-10-31,664.39,169,-146468,250711662,-168401731,0.0764910568858979,97.7077899152533,-0.763761133012119
546.39,547,3154,3130,97774,190930,2025-10-20,2025-10-31,664.39,-24,93156,250711662,-168401731,0.0761552129154646,97.7839451281688,0.487906562614571
660.29,697,52,52,190892,190892,2025-10-20,2025-11-28,664.39,0,0,209216061,-70298714,0.0912415610386623,96.5458894668703,0
644.05,652,246,240,268140,190800,2025-10-20,2025-11-14,664.39,-6,-77340,72728250,-27844432,0.262346474719246,96.9985982063366,-0.405345911949686
636.05,637,1952,2001,491904,190095,2025-10-20,2025-10-24,664.39,49,-301809,90305835,-82981503,0.210501348002596,96.6744086913099,-1.58767458376075
647.02,649,909,951,463590,188298,2025-10-20,2025-10-24,664.39,42,-275292,90305835,-82981503,0.208511443363543,96.8829201346735,-1.4620017206768
539.6,540,4604,4649,299260,185960,2025-10-20,2025-10-31,664.39,45,-113300,250711662,-168401731,0.0741728559878479,97.8581179841566,-0.609270810927081
637.02,638,1224,1894,312120,185612,2025-10-20,2025-10-24,664.39,670,-126508,90305835,-82981503,0.205537106212461,97.0884572408859,-0.681572312134991
658.32,683,75,75,185100,185100,2025-10-20,2025-10-31,664.39,0,0,250711662,-168401731,0.0738298324551014,97.9319478166117,0
594.45,599,405,405,148635,184275,2025-10-20,2025-11-28,664.39,0,35640,209216061,-70298714,0.088078801942457,96.6339682688128,0.193406593406593
249.92,250,22270,22932,289510,183456,2025-10-20,2025-12-19,664.39,662,-106054,570710715,-173562315,0.0321451823451396,99.6004085887892,-0.578089569160998
661.79,681,95,95,182495,182495,2025-10-20,2025-11-21,664.39,0,0,669322769,-286106989,0.0272656195862956,99.4758603528098,0
658.35,684,71,71,182115,182115,2025-10-20,2025-11-21,664.39,0,0,669322769,-286106989,0.0272088457818473,99.5030691985917,0
616.64,618,1361,1324,408300,180064,2025-10-20,2025-10-31,664.39,-37,-228236,250711662,-168401731,0.0718211504656692,98.0037689670774,-1.26752710147503
619.63,620,4190,4710,506990,174270,2025-10-20,2025-10-24,664.39,520,-332720,90305835,-82981503,0.192977563409939,97.2814348042959,-1.90922132323406
608,612,411,426,253176,170400,2025-10-20,2025-11-28,664.39,15,-82776,209216061,-70298714,0.0814469019182997,96.7154151707311,-0.485774647887324
640.21,647,147,249,140385,169071,2025-10-20,2025-11-14,664.39,102,28686,72728250,-27844432,0.232469501191078,97.2310677075277,0.169668364178363
664.13,720,35,30,210385,167610,2025-10-20,2025-11-28,664.39,-5,-42775,209216061,-70298714,0.0801133522918205,96.7955285230229,-0.25520553666249
603.44,605,1085,1072,299460,167232,2025-10-20,2025-11-07,664.39,-13,-132228,119099400,-56718960,0.140413805611111,97.6263415264896,-0.790685993111366
558.27,559,2243,2243,154767,163739,2025-10-20,2025-10-31,664.39,0,8972.00000000003,250711662,-168401731,0.0653096863120791,98.0690786533895,0.0547945205479454
602.34,606,452,447,228260,163602,2025-10-20,2025-11-28,664.39,-5,-64658,209216061,-70298714,0.078197629387545,96.8737261524105,-0.39521521741788
647.44,656,171,190,208962,162640,2025-10-20,2025-11-14,664.39,19,-46322,72728250,-27844432,0.223626995012255,97.4546947025399,-0.28481308411215
588.22,590,591,912,169026,162336,2025-10-20,2025-11-14,664.39,321,-6690,72728250,-27844432,0.223209000629054,97.677903703169,-0.0412108219988173
414.8,415,8103,8104,275502,162080,2025-10-20,2025-11-21,664.39,1,-113422,669322769,-286106989,0.024215521644685,99.5272847202364,-0.699790227048371
640.73,642,1031,1264,336106,160528,2025-10-20,2025-10-24,664.39,233,-175578,90305835,-82981503,0.177760385029384,97.4591951893253,-1.09375311472142
499.78,500,7219,7212,274322,158664,2025-10-20,2025-10-31,664.39,-7,-115658,250711662,-168401731,0.0632854486043015,98.1323641019938,-0.728949226037412
533.24,535,895,895,157520,157520,2025-10-20,2025-11-28,664.39,0,0,209216061,-70298714,0.0752905867967756,96.9490167392072,0
619.51,621,1019,1056,315890,157344,2025-10-20,2025-10-31,664.39,37,-158546,250711662,-168401731,0.0627589473679928,98.1951230493618,-1.00763931258898
619.45,626,233,236,185235,154580,2025-10-20,2025-11-28,664.39,3,-30655,209216061,-70298714,0.073885340953819,97.0229020801611,-0.198311553887954
570.01,573,517,516,89441,154284,2025-10-20,2025-11-28,664.39,-1,64843,209216061,-70298714,0.0737438604199704,97.096645940581,0.420283373518965
494.28,495,2103,2107,212403,151704,2025-10-20,2025-11-28,664.39,4,-60699,209216061,-70298714,0.0725106854965595,97.1691566260776,-0.400114697041608
479.54,480,3275,3293,245625,151478,2025-10-20,2025-11-21,664.39,18,-94147,669322769,-286106989,0.0226315325005775,99.549916252737,-0.621522597340868
570.12,571,1721,1721,142843,151448,2025-10-20,2025-10-31,664.39,0,8605.00000000003,250711662,-168401731,0.0604072418458141,98.2555302912076,0.056818181818182
617.63,618,3981,4079,541416,150923,2025-10-20,2025-10-24,664.39,98,-390493,90305835,-82981503,0.167124305976463,97.6263194953017,-2.587365742796
661.02,676,101,100,120089,149800,2025-10-20,2025-11-07,664.39,-1,29711,119099400,-56718960,0.125777291909111,97.7521188183988,0.198337783711615
615.57,617,1014,1047,262626,149721,2025-10-20,2025-10-31,664.39,33,-112905,250711662,-168401731,0.0597184027283103,98.3152486939359,-0.754102630893462
581.78,584,673,673,149406,149406,2025-10-20,2025-11-28,664.39,0,0,209216061,-70298714,0.0714122994601261,97.2405689255377,0
429.76,430,6095,6206,249895,148944,2025-10-20,2025-11-21,664.39,111,-100951,669322769,-286106989,0.0222529408677564,99.5721691936047,-0.677778225373294
618.65,624,267,278,186633,148730,2025-10-20,2025-11-28,664.39,11,-37903,209216061,-70298714,0.0710891885112013,97.3116581140489,-0.25484434882001
633.97,638,329,364,214837,146692,2025-10-20,2025-11-07,664.39,35,-68145,119099400,-56718960,0.123167706974175,97.8752865253729,-0.464544760450468
618.78,624,254,280,176022,146160,2025-10-20,2025-11-21,664.39,26,-29862,669322769,-286106989,0.0218369980477984,99.5940061916525,-0.204310344827586
663.82,687,63,63,146034,146034,2025-10-20,2025-11-07,664.39,0,0,119099400,-56718960,0.122615227280742,97.9979017526537,0
660.26,681,70,70,145180,145180,2025-10-20,2025-11-07,664.39,0,0,119099400,-56718960,0.121898179167989,98.1197999318217,0
644.38,646,851,893,355718,144666,2025-10-20,2025-10-24,664.39,42,-211052,90305835,-82981503,0.160195628554899,97.7865151238566,-1.4588915156291
663.77,678,92,100,188784,142300,2025-10-20,2025-10-24,664.39,8,-46484,90305835,-82981503,0.157575642814221,97.9440907666709,-0.326661981728742
659.64,695,40,40,141440,141440,2025-10-20,2025-11-28,664.39,0,0,209216061,-70298714,0.0676047523904009,97.3792628664393,0
590.11,593,485,489,148895,141321,2025-10-20,2025-11-28,664.39,4,-7573.99999999997,209216061,-70298714,0.0675478733919955,97.4468107398313,-0.0535942995025507
635.11,641,293,239,240846,140771,2025-10-20,2025-11-14,664.39,-54,-100075,72728250,-27844432,0.19355752407077,97.8714612272398,-0.710906365657699
369.54,370,3035,3029,148715,139334,2025-10-20,2025-12-19,664.39,-6,-9381,570710715,-173562315,0.0244141202079936,99.6248227089971,-0.0673274290553634
663.91,688,71,57,179417,137313,2025-10-20,2025-11-07,664.39,-14,-42104,119099400,-56718960,0.11529277225578,98.2350927040774,-0.306627923066279
604.29,608,349,370,191950,137270,2025-10-20,2025-11-28,664.39,21,-54680,209216061,-70298714,0.0656115975723298,97.5124223374036,-0.398339039848474
662.3,688,45,53,138060,136210,2025-10-20,2025-11-21,664.39,8,-1850,669322769,-286106989,0.0203504207997442,99.6143566124523,-0.0135819690184274
479.2,480,1685,1682,128060,134560,2025-10-20,2025-11-28,664.39,-3,6500.00000000002,209216061,-70298714,0.0643162859279719,97.5767386233316,0.048305588585018
612.79,614,861,1112,213528,134552,2025-10-20,2025-10-31,664.39,251,-78976,250711662,-168401731,0.0536680260210632,98.368916719957,-0.586955229205066
149.98,150,65537,66388,65537,132776,2025-10-20,2025-12-19,664.39,851,67239,570710715,-173562315,0.0232650266606612,99.6480877356578,0.506409290835693
664.85,681,73,81,153154,130815,2025-10-20,2025-10-24,664.39,8,-22339,90305835,-82981503,0.144857749225175,98.088948515896,-0.170767878301418
404.43,405,2313,2293,164223,130701,2025-10-20,2025-12-19,664.39,-20,-33522,570710715,-173562315,0.0229014449115433,99.6709891805694,-0.256478527325728
639.81,641,869,1081,267652,128639,2025-10-20,2025-10-24,664.39,212,-139013,90305835,-82981503,0.142448159634424,98.2313966755304,-1.08064428361539
669.87,710,32,32,128416,128416,2025-10-20,2025-12-19,664.39,0,0,570710715,-173562315,0.0225010669372135,99.6934902475066,0
608.56,612,297,373,163350,128312,2025-10-20,2025-11-21,664.39,76,-35038,669322769,-286106989,0.0191704220957109,99.633527034548,-0.273068769873434
354.66,355,3737,3741,145743,127194,2025-10-20,2025-12-19,664.39,4,-18549,570710715,-173562315,0.0222869479505041,99.7157771954571,-0.145832350582575
424.63,425,3408,3405,61344,125985,2025-10-20,2025-11-21,664.39,-3,64641,669322769,-286106989,0.0188227572458393,99.6523497917938,0.513084891058459
605.93,607,1172,1176,239088,125832,2025-10-20,2025-10-31,664.39,4,-113256,250711662,-168401731,0.0501899269448423,98.4191066469018,-0.900057219149342
637.16,643,231,214,199353,124976,2025-10-20,2025-11-14,664.39,-17,-74377,72728250,-27844432,0.171839690904154,98.0433009181439,-0.595130265010882
662.85,679,74,77,125800,124355,2025-10-20,2025-10-31,664.39,3,-1445,250711662,-168401731,0.0496008039705788,98.4687074508724,-0.01161995898838
643.48,651,159,165,166473,124080,2025-10-20,2025-11-14,664.39,6,-42393,72728250,-27844432,0.170607707458931,98.2139086256029,-0.341658607350097
564.44,565,2208,2212,229632,123872,2025-10-20,2025-10-31,664.39,4,-105760,250711662,-168401731,0.0494081523818386,98.5181156032542,-0.853784551795402
566.24,567,1625,1625,123500,123500,2025-10-20,2025-10-31,664.39,0,0,250711662,-168401731,0.049259774760697,98.5673753780149,0
660.38,679,65,66,116350,122892,2025-10-20,2025-11-07,664.39,1,6542,119099400,-56718960,0.103184398913848,98.3382771029913,0.0532337336848615
602.85,606,380,390,176700,122850,2025-10-20,2025-11-21,664.39,10,-53850,669322769,-286106989,0.0183543733591409,99.6707041651529,-0.438339438339439
564.16,565,1349,1456,172672,122304,2025-10-20,2025-11-07,664.39,107,-50368,119099400,-56718960,0.102690693655887,98.4409677966472,-0.411826268969126
659.94,679,3,64,6270,121984,2025-10-20,2025-11-21,664.39,61,115714,669322769,-286106989,0.0182249888468982,99.6889291539998,0.94859981636936
384.81,385,6359,6381,89026,121239,2025-10-20,2025-11-21,664.39,22,32213,669322769,-286106989,0.0181136823092298,99.7070428363091,0.265698331395013
329.74,330,4607,4612,147424,119912,2025-10-20,2025-12-19,664.39,5,-27512,570710715,-173562315,0.0210109950362506,99.7367881904933,-0.229434918940556
607.41,613,213,214,135468,119626,2025-10-20,2025-11-28,664.39,1,-15842,209216061,-70298714,0.0571782106154843,97.6339168339471,-0.132429404978851
591.1,594,408,411,166464,119190,2025-10-20,2025-11-28,664.39,3,-47274,209216061,-70298714,0.0569698136129233,97.69088664756,-0.396627233828341
279.84,280,7424,7428,111360,118848,2025-10-20,2025-12-19,664.39,4,7488.00000000002,570710715,-173562315,0.0208245608285101,99.7576127513218,0.063004846526656
661.1,683,11,54,21813,118260,2025-10-20,2025-11-21,664.39,43,96447,669322769,-286106989,0.0176686055633048,99.7247114418724,0.815550481988838
659.5,682,47,52,88219,117000,2025-10-20,2025-11-14,664.39,5,28781,72728250,-27844432,0.160872838271236,98.3747814638741,0.245991452991453
563.63,566,491,491,97709,116367,2025-10-20,2025-11-28,664.39,0,18658,209216061,-70298714,0.0556204908188191,97.7465071383788,0.160337552742616
656.5,667.5,107,105,155471,115500,2025-10-20,2025-11-07,664.39,-2,-39971,119099400,-56718960,0.096977818528053,98.5379456151752,-0.346069264069264
589.41,592,449,445,175559,115255,2025-10-20,2025-11-28,664.39,-4,-60304,209216061,-70298714,0.0550889828673335,97.8015961212462,-0.523222419851633
524.74,525,4395,4341,228540,112866,2025-10-20,2025-10-31,664.39,-54,-115674,250711662,-168401731,0.0450182488918286,98.6123936269068,-1.0248790601244
409.86,410,8034,8034,56238,112476,2025-10-20,2025-11-07,664.39,0,56238,119099400,-56718960,0.0944387629156822,98.6323843780909,0.5
309.75,310,4489,4489,112225,112225,2025-10-20,2025-12-19,664.39,0,0,570710715,-173562315,0.019664077973374,99.7772768292952,0
494.4,495,1718,1865,146030,111900,2025-10-20,2025-11-21,664.39,147,-34130,669322769,-286106989,0.0167183913625386,99.7414298332349,-0.305004468275246
608.8,614,186,212,114390,110240,2025-10-20,2025-11-28,664.39,26,-4150,209216061,-70298714,0.0526919393631066,97.8542880606093,-0.0376451378809869
664.22,679,69,74,115230,109372,2025-10-20,2025-10-24,664.39,5,-5858,90305835,-82981503,0.121112882683605,98.352509558214,-0.0535603262260908
219.95,220,21660,21730,173280,108650,2025-10-20,2025-12-19,664.39,70,-64630,570710715,-173562315,0.0190376660441709,99.7963144953394,-0.594845835250805
658.63,678,56,56,111664,108472,2025-10-20,2025-11-14,664.39,0,-3192.00000000002,72728250,-27844432,0.149146995837243,98.5239284597113,-0.0294269488900363
632.29,633,757,1525,191521,108275,2025-10-20,2025-10-24,664.39,768,-83246,90305835,-82981503,0.119898121754812,98.4724076799689,-0.768838605402909
610.27,614,246,289,138990,107797,2025-10-20,2025-11-21,664.39,43,-31193,669322769,-286106989,0.0161053836792455,99.7575352169142,-0.289367978700706
609.73,610,3012,3938,280116,106326,2025-10-20,2025-10-24,664.39,926,-173790,90305835,-82981503,0.117739900195818,98.5901475801647,-1.63450143897071
557.56,558,2374,2381,175676,104764,2025-10-20,2025-10-31,664.39,7,-70912,250711662,-168401731,0.0417866481216977,98.6541802750285,-0.676873735252567
662.25,685,45,46,115875,104650,2025-10-20,2025-11-14,664.39,1,-11225,72728250,-27844432,0.143891816453716,98.667820276165,-0.107262302914477
578.86,582,327,328,88290,102992,2025-10-20,2025-11-28,664.39,1,14702,209216061,-70298714,0.0492275781829197,97.9035156387922,0.142748951374864
573.75,576,455,455,102375,102375,2025-10-20,2025-11-28,664.39,0,0,209216061,-70298714,0.0489326677458094,97.952448306538,0
524.04,525,1049,1063,155252,102048,2025-10-20,2025-11-28,664.39,14,-53204,209216061,-70298714,0.0487763699938888,98.0012246765319,-0.521362496080276
474.5,475,2017,2017,141190,100850,2025-10-20,2025-11-21,664.39,0,-40340,669322769,-286106989,0.0150674688910815,99.7726026858052,-0.4
583.58,587,295,289,107380,98838,2025-10-20,2025-11-28,664.39,-6,-8542,209216061,-70298714,0.0472420709612729,98.0484667474932,-0.0864242497824723
593.71,595,574,765,130872,98685,2025-10-20,2025-11-07,664.39,191,-32187,119099400,-56718960,0.0828593594929949,98.7152437375839,-0.326158990728074
524.08,525,1019,1061,104957,97612,2025-10-20,2025-11-14,664.39,42,-7345,72728250,-27844432,0.134214696490016,98.8020349726551,-0.0752468958734582
599.79,600,4685,4631,313895,97251,2025-10-20,2025-10-24,664.39,-54,-216644,90305835,-82981503,0.10769071566638,98.6978382958311,-2.22767889276203
607.56,611,231,281,123354,96664,2025-10-20,2025-11-21,664.39,50,-26690,669322769,-286106989,0.0144420606136589,99.7870447464189,-0.276111065132831
658.25,683,39,39,96525,96525,2025-10-20,2025-11-07,664.39,0,0,119099400,-56718960,0.0810457483413015,98.7962894859252,0
369.89,370,8753,8758,175060,96338,2025-10-20,2025-11-21,664.39,5,-78722,669322769,-286106989,0.0143933546656322,99.8014381010845,-0.8171438061824
600.11,603,306,332,129132,95948,2025-10-20,2025-11-21,664.39,26,-33184,669322769,-286106989,0.0143350868136984,99.8157731878982,-0.345854004252303
543.64,545,691,705,129908,95880,2025-10-20,2025-11-28,664.39,14,-34028,209216061,-70298714,0.045828221572339,98.0942949690655,-0.354901960784314
603.04,604,939,987,202824,94752,2025-10-20,2025-10-31,664.39,48,-108072,250711662,-168401731,0.037793216017211,98.6919734910457,-1.14057750759878
601.04,602,920,985,184920,94560,2025-10-20,2025-10-31,664.39,65,-90360,250711662,-168401731,0.0377166340192025,98.7296901250649,-0.955583756345178
559.37,562,359,359,94417,94417,2025-10-20,2025-11-28,664.39,0,0,209216061,-70298714,0.0451289444742964,98.1394239135398,0
444.6,445,2260,2354,90400,94160,2025-10-20,2025-11-21,664.39,94,3760,669322769,-286106989,0.0140679511232943,99.8298411390215,0.0399320305862362
489.33,490,1327,1396,126065,93532,2025-10-20,2025-11-28,664.39,69,-32533,209216061,-70298714,0.0447059367970798,98.1841298503369,-0.347827481503656
544.38,545,1082,1504,112528,93248,2025-10-20,2025-11-07,664.39,422,-19280,119099400,-56718960,0.0782942651264406,98.8745837510517,-0.206760466712423
531.5,533,544,618,81056,92700,2025-10-20,2025-11-28,664.39,74,11644,209216061,-70298714,0.0443082617830187,98.2284381121199,0.125609492988134
575.34,578,347,348,116592,92568,2025-10-20,2025-11-28,664.39,1,-24024,209216061,-70298714,0.0442451691125186,98.2726832812324,-0.259528130671506
645.6,652.5,132,133,127380,91770,2025-10-20,2025-11-07,664.39,1,-35610,119099400,-56718960,0.0770532849031985,98.9516370359549,-0.388035305655443
561.82,564,411,413,106038,90034,2025-10-20,2025-11-28,664.39,2,-16004,209216061,-70298714,0.0430339810288274,98.3157172622612,-0.177755070306773
504.38,505,1380,1447,140760,89714,2025-10-20,2025-11-21,664.39,67,-51046,669322769,-286106989,0.0134036976112492,99.8432448366328,-0.568985888490091
593.92,597,290,291,133980,89628,2025-10-20,2025-11-28,664.39,1,-44352,209216061,-70298714,0.042839923269562,98.3585571855308,-0.494845360824742
199.95,200,17830,17830,89150,89150,2025-10-20,2025-12-19,664.39,0,0,570710715,-173562315,0.0156208737030634,99.8119353690424,0
547.01,549,444,446,91020,88754,2025-10-20,2025-11-28,664.39,2,-2266,209216061,-70298714,0.0424221733148871,98.4009793588457,-0.0255312436622575
607.03,611,222,223,123210,88531,2025-10-20,2025-11-28,664.39,1,-34679,209216061,-70298714,0.0423155849397241,98.4432949437854,-0.39171589612678
549.29,550,854,1236,90524,87756,2025-10-20,2025-11-07,664.39,382,-2768,119099400,-56718960,0.0736829908463015,99.0253200268011,-0.0315420028260176
585.45,588,343,341,74431,86955,2025-10-20,2025-11-28,664.39,-2,12524,209216061,-70298714,0.0415622966919351,98.4848572404773,0.144028520499109
559.3,560,1222,1231,157638,86170,2025-10-20,2025-11-07,664.39,9,-71468,119099400,-56718960,0.0723513300654747,99.0976713568666,-0.829383776256238
657.15,684,32,32,85920,85920,2025-10-20,2025-11-28,664.39,0,0,209216061,-70298714,0.0410675927982412,98.5259248332756,0
578.25,579,1121,1122,88559,84150,2025-10-20,2025-10-31,664.39,1,-4409,250711662,-168401731,0.0335644538146774,98.7632545788795,-0.0523945335710042
339.68,340,2628,2628,91980,84096,2025-10-20,2025-12-19,664.39,0,-7884,570710715,-173562315,0.0147353112162963,99.8266706802588,-0.09375
667.88,699,27,27,84024,84024,2025-10-20,2025-11-28,664.39,0,0,209216061,-70298714,0.0401613526219672,98.5660861858976,0
664.6,686,39,39,83460,83460,2025-10-20,2025-11-28,664.39,0,0,209216061,-70298714,0.0398917748480123,98.6059779607456,0
554.27,555,1028,1140,118220,83220,2025-10-20,2025-11-07,664.39,112,-35000,119099400,-56718960,0.0698744074277452,99.1675457642944,-0.42057197788993
593.18,594,980,1004,164640,82328,2025-10-20,2025-10-31,664.39,24,-82312,250711662,-168401731,0.0328377225627422,98.7960923014423,-0.999805655427072
569.15,570,919,959,143364,81515,2025-10-20,2025-11-07,664.39,40,-61849,119099400,-56718960,0.0684428301066168,99.235988594401,-0.758743789486598
598.15,601,269,286,110828,81510,2025-10-20,2025-11-21,664.39,17,-29318,669322769,-286106989,0.0121779810541601,99.8554228176869,-0.359685928106981
449.51,450,1617,1657,103488,81193,2025-10-20,2025-11-28,664.39,40,-22295,209216061,-70298714,0.0388082060296509,98.6447861667752,-0.274592637296319
553.03,555,412,412,91464,81164,2025-10-20,2025-11-28,664.39,0,-10300,209216061,-70298714,0.0387943447611319,98.6835805115363,-0.126903553299493
627.59,631,231,233,134673,79453,2025-10-20,2025-11-07,664.39,2,-55220,119099400,-56718960,0.0667115031645836,99.3027000975656,-0.695002076699432
509.04,510,687,816,85188,78336,2025-10-20,2025-11-28,664.39,129,-6852,209216061,-70298714,0.0374426320931451,98.7210231436295,-0.087469362745098
594.35,598,214,214,96086,78110,2025-10-20,2025-11-28,664.39,0,-17976,209216061,-70298714,0.0373346097936525,98.7583577534232,-0.23013698630137
601.7,602,899,2597,63829,77910,2025-10-20,2025-10-24,664.39,1698,14081,90305835,-82981503,0.0862734949519043,98.784111790783,0.180734180464639
583.44,585,301,499,77658,77844,2025-10-20,2025-11-14,664.39,198,186,72728250,-27844432,0.107034061729796,98.9090690343848,0.00238939417296131
609.17,613,221,201,123318,76983,2025-10-20,2025-11-21,664.39,-20,-46335,669322769,-286106989,0.0115016257574826,99.8669244434444,-0.601886130704181
585.94,587,696,719,87000,76214,2025-10-20,2025-10-31,664.39,23,-10786,250711662,-168401731,0.030399064563658,98.8264913660059,-0.141522554911171
659.01,679,38,38,75962,75962,2025-10-20,2025-11-28,664.39,0,0,209216061,-70298714,0.0363079199736965,98.7946656733968,0
663.06,686,32,33,69024,75702,2025-10-20,2025-10-31,664.39,1,6678.00000000002,250711662,-168401731,0.0301948459023019,98.8566862119082,0.0882143140207658
563.04,565,373,373,97726,73108,2025-10-20,2025-11-28,664.39,0,-24618,209216061,-70298714,0.0349437799615203,98.8296094533584,-0.336734693877551
657.42,678,35,35,72030,72030,2025-10-20,2025-11-07,664.39,0,0,119099400,-56718960,0.0604788941002222,99.3631789916658,0
661.38,685,41,30,97580,70860,2025-10-20,2025-11-07,664.39,-11,-26720,119099400,-56718960,0.0594965213930549,99.4226755130588,-0.377081569291561
539.31,541,417,417,70473,70473,2025-10-20,2025-11-28,664.39,0,0,209216061,-70298714,0.033684316425401,98.8632937697838,0
529.53,531,323,468,46512,68796,2025-10-20,2025-11-28,664.39,145,22284,209216061,-70298714,0.0328827527251839,98.896176522509,0.323914181057038
663.14,699,19,19,76399,68134,2025-10-20,2025-11-21,664.39,0,-8265,669322769,-286106989,0.01017954313758,99.877103986582,-0.121305075292805
546.55,548,465,465,67425,67425,2025-10-20,2025-11-28,664.39,0,0,209216061,-70298714,0.0322274493065807,98.9284039718155,0
489.48,490,1269,1294,95175,67288,2025-10-20,2025-11-21,664.39,25,-27887,669322769,-286106989,0.0100531467203083,99.8871571333023,-0.414442396861253
558.99,560,634,650,110950,65650,2025-10-20,2025-11-14,664.39,16,-45300,72728250,-27844432,0.0902675370299712,98.9993365714148,-0.69002284843869
169.97,170,21699,21703,43398,65109,2025-10-20,2025-12-19,664.39,4,21711,570710715,-173562315,0.0114084067967779,99.8380790870555,0.333456204211399
549.17,550,779,781,108281,64823,2025-10-20,2025-11-14,664.39,2,-43458,72728250,-27844432,0.089130427309883,99.0884669987247,-0.670410193912654
459.51,460,1301,1311,76759,64239,2025-10-20,2025-11-21,664.39,10,-12520,669322769,-286106989,0.00959761164198495,99.8967547449443,-0.194897180840299
520,521,402,641,56280,64100,2025-10-20,2025-11-28,664.39,239,7820.00000000001,209216061,-70298714,0.0306381831746655,98.9590421549902,0.121996879875195
585.23,586,789,829,101781,63833,2025-10-20,2025-10-31,664.39,40,-37948,250711662,-168401731,0.0254607222858265,98.8821469341941,-0.594488744066549
484.17,485,766,766,69706,63578,2025-10-20,2025-11-28,664.39,0,-6128,209216061,-70298714,0.0303886803413243,98.9894308353315,-0.0963855421686747
399.83,400,3718,3717,111540,63189,2025-10-20,2025-11-21,664.39,-1,-48351,669322769,-286106989,0.00944073665600938,99.9061954816003,-0.765180648530598
577.37,578,987,1000,94752,63000,2025-10-20,2025-10-31,664.39,13,-31752,250711662,-168401731,0.0251284680965499,98.9072754022906,-0.504
540.44,542,403,403,62868,62868,2025-10-20,2025-11-28,664.39,0,0,209216061,-70298714,0.030049318249998,99.0194801535815,0
159.98,160,35760,31260,35760,62520,2025-10-20,2025-12-19,664.39,-4500,26760,570710715,-173562315,0.0109547619059509,99.8490338489615,0.428023032629559
214.95,215,12234,12482,73404,62410,2025-10-20,2025-12-19,664.39,248,-10994,570710715,-173562315,0.0109354876927447,99.8599693366542,-0.176157667040538
269.85,270,4149,4149,66384,62235,2025-10-20,2025-12-19,664.39,0,-4149,570710715,-173562315,0.0109048241717347,99.8708741608259,-0.0666666666666667
658.46,674,38,40,73682,62160,2025-10-20,2025-11-14,664.39,2,-11522,72728250,-27844432,0.0854688515123078,99.173935850237,-0.185360360360361
544.67,545,1733,1883,116111,62139,2025-10-20,2025-10-31,664.39,150,-53972,250711662,-168401731,0.0247850456992304,98.9320604479899,-0.868568853698965
560.24,561,805,805,61180,61180,2025-10-20,2025-10-31,664.39,0,0,250711662,-168401731,0.0244025345737607,98.9564629825636,0
464.49,465,1198,1198,80266,61098,2025-10-20,2025-11-28,664.39,0,-19168,209216061,-70298714,0.029203302895565,99.0486834564771,-0.313725490196079
589.83,590,2673,3558,133650,60486,2025-10-20,2025-10-24,664.39,885,-73164,90305835,-82981503,0.0669790606553829,98.8510908514384,-1.20960222200179
665,695,0,20,0,60000,2025-10-20,2025-11-07,664.39,20,60000,119099400,-56718960,0.0503780875470405,99.4730536006059,1
549.65,551,430,444,87290,59940,2025-10-20,2025-11-28,664.39,14,-27350,209216061,-70298714,0.0286498081043596,99.0773332645814,-0.456289622956289
429.68,430,1760,1871,84480,59872,2025-10-20,2025-11-28,664.39,111,-24608,209216061,-70298714,0.0286173058195566,99.105950570401,-0.411010154997328
533.98,535,551,584,62814,59568,2025-10-20,2025-11-14,664.39,33,-3245.99999999999,72728250,-27844432,0.0819048994029143,99.2558407496399,-0.0544923448831586
524.59,525,1422,1447,110916,59327,2025-10-20,2025-11-07,664.39,25,-51589,119099400,-56718960,0.0498130133317212,99.5228666139376,-0.869570347396632
389.78,390,2674,2676,82894,58872,2025-10-20,2025-11-28,664.39,2,-24022,209216061,-70298714,0.0281393310430407,99.134089901444,-0.408037776871858
566.83,569,270,270,58590,58590,2025-10-20,2025-11-28,664.39,0,0,209216061,-70298714,0.0280045421560632,99.1620944436001,0
528.56,530,405,405,62775,58320,2025-10-20,2025-11-28,664.39,0,-4455.00000000001,209216061,-70298714,0.027875488966404,99.1899699325665,-0.076388888888889
565.19,566,711,711,71100,57591,2025-10-20,2025-10-31,664.39,0,-13509,250711662,-168401731,0.0229710096214033,98.979433992185,-0.234567901234568
504.27,505,621,769,61479,56137,2025-10-20,2025-11-28,664.39,148,-5342,209216061,-70298714,0.0268320700292699,99.2168020025958,-0.0951600548657748
596.05,597,565,587,92095,55765,2025-10-20,2025-10-31,664.39,22,-36330,250711662,-168401731,0.0222426829111763,99.0016766750962,-0.651483905675603
535.33,537,333,333,55611,55611,2025-10-20,2025-11-28,664.39,0,0,209216061,-70298714,0.0265806552968226,99.2433826578926,0
547.43,548,842,973,53046,55461,2025-10-20,2025-10-31,664.39,131,2414.99999999999,250711662,-168401731,0.0221214280809961,99.0237981031772,0.0435441120787579
660,683,16,24,27200,55200,2025-10-20,2025-11-14,664.39,8,28000,72728250,-27844432,0.0758989801074548,99.3317397297474,0.507246376811594
434.65,435,1534,1567,62894,54845,2025-10-20,2025-11-21,664.39,33,-8049,669322769,-286106989,0.00819410343412357,99.9143895850344,-0.146759048226821
534.26,535,671,738,60390,54612,2025-10-20,2025-11-07,664.39,67,-5778,119099400,-56718960,0.0458541352853163,99.5687207492229,-0.105800922874094
537.74,539,432,432,35856,54432,2025-10-20,2025-11-28,664.39,0,18576,209216061,-70298714,0.0260171230353104,99.2693997809279,0.341269841269841
627.45,628,946,987,175010,54285,2025-10-20,2025-10-24,664.39,41,-120725,90305835,-82981503,0.0601123947306395,98.911203246169,-2.22391084093212
571.21,574,194,194,54126,54126,2025-10-20,2025-11-28,664.39,0,0,209216061,-70298714,0.0258708627536965,99.2952706436816,0
604.75,605,1098,2151,81252,53775,2025-10-20,2025-10-24,664.39,1053,-27477,90305835,-82981503,0.0595476471703074,98.9707508933393,-0.510962343096234
664.47,700,15,15,41475,53295,2025-10-20,2025-11-07,664.39,0,11820,119099400,-56718960,0.0447483362636588,99.6134690854866,0.221784407542922
527.55,528,907,1179,49885,53055,2025-10-20,2025-10-31,664.39,272,3170.00000000001,250711662,-168401731,0.0211617599184517,99.0449598630956,0.0597493167467724
527.92,529,490,489,66640,52812,2025-10-20,2025-11-28,664.39,-1,-13828,209216061,-70298714,0.0252428038973547,99.320513447579,-0.261834431568583
598.97,602,151,174,62514,52722,2025-10-20,2025-11-21,664.39,23,-9792.00000000001,669322769,-286106989,0.00787691715295584,99.9222665021874,-0.185728917719358
474.35,475,811,811,51904,52715,2025-10-20,2025-11-28,664.39,0,811,209216061,-70298714,0.0251964403440327,99.345709887923,0.0153846153846154
184.95,185,10528,10528,52640,52640,2025-10-20,2025-12-19,664.39,0,0,570710715,-173562315,0.00922358711978975,99.8800977479458,0
667.77,694,20,20,52460,52460,2025-10-20,2025-11-21,664.39,0,0,669322769,-286106989,0.00783777310883622,99.9301042752962,0
469.61,470,1330,1343,85120,52377,2025-10-20,2025-11-21,664.39,13,-32743,669322769,-286106989,0.00782537251470673,99.9379296478109,-0.625140806079004
625.52,626,915,1091,163785,52368,2025-10-20,2025-10-24,664.39,176,-111417,90305835,-82981503,0.0579896083126854,99.028740501652,-2.12757791017415
595.09,596,602,572,95718,52052,2025-10-20,2025-10-31,664.39,-30,-43666,250711662,-168401731,0.0207616987517717,99.0657215618474,-0.838891877353416
664.06,682,25,29,70975,52026,2025-10-20,2025-10-31,664.39,4,-18949,250711662,-168401731,0.0207513282728747,99.0864728901203,-0.364221735286203
409.72,410,1847,1846,48022,51688,2025-10-20,2025-11-21,664.39,-1,3666,669322769,-286106989,0.00772243264295705,99.9456520804539,0.0709255533199195
660.2,686,20,20,51600,51600,2025-10-20,2025-11-07,664.39,0,0,119099400,-56718960,0.0433251552904549,99.656794240777,0
484.31,485,802,737,63358,50853,2025-10-20,2025-11-21,664.39,-65,-12505,669322769,-286106989,0.00759767967791934,99.9532497601318,-0.245904863036596
664,692,18,18,50400,50400,2025-10-20,2025-11-28,664.39,0,0,209216061,-70298714,0.0240899287363985,99.3697998166594,0
582.27,583,568,690,48280,50370,2025-10-20,2025-10-31,664.39,122,2090,250711662,-168401731,0.0200908085400511,99.1065636986603,0.04149295215406
561.39,562,816,814,81600,49654,2025-10-20,2025-10-31,664.39,-2,-31946,250711662,-168401731,0.0198052215058109,99.1263689201661,-0.643372135175414
574,575,477,492,79659,49200,2025-10-20,2025-11-07,664.39,15,-30459,119099400,-56718960,0.0413100317885732,99.6981042725656,-0.619085365853658
194.96,195,12257,12257,49028,49028,2025-10-20,2025-12-19,664.39,0,0,570710715,-173562315,0.0085906920461446,99.8886884399919,0
550.07,552,243,253,48357,48829,2025-10-20,2025-11-28,664.39,10,472,209216061,-70298714,0.0233390303624921,99.3931388470219,0.00966638677834893
542.53,543,800,1027,55200,48269,2025-10-20,2025-10-31,664.39,227,-6931,250711662,-168401731,0.0192527940722598,99.1456217142384,-0.143591124738445
545.2,547,257,268,43947,48240,2025-10-20,2025-11-28,664.39,11,4293,209216061,-70298714,0.0230575032191243,99.416196350241,0.0889925373134328
319.78,320,2177,2174,60956,47828,2025-10-20,2025-12-19,664.39,-3,-13128,570710715,-173562315,0.00838042790207645,99.897068867894,-0.274483566111901
568.54,571,184,194,46368,47724,2025-10-20,2025-11-28,664.39,10,1356,209216061,-70298714,0.0228108682344421,99.4390072184755,0.0284133769172743
209.94,210,7859,7859,39295,47154,2025-10-20,2025-12-19,664.39,0,7858.99999999999,570710715,-173562315,0.00826232954115817,99.9053311974351,0.166666666666667
539.46,540,769,869,47678,46926,2025-10-20,2025-11-07,664.39,100,-751.999999999993,119099400,-56718960,0.0394007022705404,99.7375049748361,-0.0160252312151045
661.7,685,20,20,46600,46600,2025-10-20,2025-11-28,664.39,0,0,209216061,-70298714,0.0222736245856383,99.4612808430611,0
615.65,616,1058,1330,125902,46550,2025-10-20,2025-10-24,664.39,272,-79352,90305835,-82981503,0.0515470567322698,99.0802875583842,-1.70466165413534
663.54,682,25,25,46150,46150,2025-10-20,2025-11-07,664.39,0,0,119099400,-56718960,0.0387491456715987,99.7762541205078,0
664.48,730,7,7,49805,45864,2025-10-20,2025-11-21,664.39,0,-3941.00000000001,669322769,-286106989,0.00685229938741259,99.9601020595192,-0.0859279609279611
518.55,519,938,1018,44086,45810,2025-10-20,2025-10-31,664.39,80,1724.00000000001,250711662,-168401731,0.0182719860873484,99.1638937003258,0.037633704431347
660.19,681,21,22,41412,45782,2025-10-20,2025-10-31,664.39,1,4370,250711662,-168401731,0.0182608178793055,99.1821545182051,0.0954523611899873
669.25,688,24,24,45000,45000,2025-10-20,2025-11-28,664.39,0,0,209216061,-70298714,0.0215088649432129,99.4827897080043,0
564.43,567,175,175,44975,44975,2025-10-20,2025-11-28,664.39,0,0,209216061,-70298714,0.0214969155738,99.5042866235781,0
662.65,689,14,17,33278,44795,2025-10-20,2025-11-21,664.39,3,11517,669322769,-286106989,0.00669258571121462,99.9667946452304,0.257104587565577
566.01,568,215,222,53535,44178,2025-10-20,2025-11-28,664.39,7,-9357,209216061,-70298714,0.0211159696769169,99.525402593255,-0.211802254515822
592.17,593,531,532,72747,44156,2025-10-20,2025-10-31,664.39,1,-28591,250711662,-168401731,0.0176122640836707,99.1997667822887,-0.647499773530211
574.87,575,2957,3362,124194,43706,2025-10-20,2025-10-24,664.39,405,-80488,90305835,-82981503,0.0483977585723005,99.1286853169565,-1.84157781540292
553.32,554,641,640,48716,43520,2025-10-20,2025-10-31,664.39,-1,-5195.99999999999,250711662,-168401731,0.0173585862152675,99.217125368504,-0.119393382352941
587.31,588,633,628,85455,43332,2025-10-20,2025-10-31,664.39,-5,-42123,250711662,-168401731,0.0172835996755508,99.2344089681796,-0.972099141512047
578.04,581,114,146,36138,43216,2025-10-20,2025-11-28,664.39,32,7078,209216061,-70298714,0.0206561579419087,99.5460587511969,0.163781932617549
234.91,235,4785,4786,43065,43074,2025-10-20,2025-12-19,664.39,1,9,570710715,-173562315,0.00754743145132644,99.9128786288865,0.000208942749686586
514.63,515,1073,1164,37555,43068,2025-10-20,2025-10-31,664.39,91,5513.00000000001,250711662,-168401731,0.0171782994282891,99.2515872676078,0.128006872852234
174.97,175,14250,14250,42750,42750,2025-10-20,2025-12-19,664.39,0,0,570710715,-173562315,0.00749066013242804,99.9203692890189,0
525.51,526,798,870,43092,42630,2025-10-20,2025-10-31,664.39,72,-462,250711662,-168401731,0.0170035967453321,99.2685908643532,-0.0108374384236453
575.22,576,527,546,51646,42588,2025-10-20,2025-10-31,664.39,19,-9058,250711662,-168401731,0.0169868444332677,99.2855777087864,-0.212689020381328
409.91,410,4894,4682,44046,42138,2025-10-20,2025-10-31,664.39,-212,-1908,250711662,-168401731,0.0168073553754352,99.3023850641619,-0.0452797949594191
189.95,190,8389,8390,33556,41950,2025-10-20,2025-12-19,664.39,1,8394,570710715,-173562315,0.0073504840363826,99.9277197730553,0.200095351609058
521.88,523,328,374,43296,41888,2025-10-20,2025-11-28,664.39,46,-1407.99999999999,209216061,-70298714,0.0200214074386956,99.5660801586356,-0.0336134453781511
534.92,535,905,5124,18100,40992,2025-10-20,2025-10-24,664.39,4219,22892,90305835,-82981503,0.0453924156728079,99.1740777326294,0.558450429352069
314.78,315,1858,1858,40876,40876,2025-10-20,2025-12-19,664.39,0,0,570710715,-173562315,0.0071622976274416,99.9348820706827,0
284.83,285,2394,2393,45486,40681,2025-10-20,2025-12-19,664.39,-1,-4805,570710715,-173562315,0.00712812970403053,99.9420102003867,-0.118114107322829
568.41,569,656,684,59040,40356,2025-10-20,2025-10-31,664.39,28,-18684,250711662,-168401731,0.0160965787064185,99.3184816428683,-0.462979482604817
528.56,529,758,915,42448,40260,2025-10-20,2025-10-31,664.39,157,-2188,250711662,-168401731,0.0160582877074143,99.3345399305757,-0.0543467461500248
224.93,225,5611,5708,44888,39956,2025-10-20,2025-12-19,664.39,97,-4931.99999999999,570710715,-173562315,0.00700109511698935,99.9490112955037,-0.123435779357293
543.48,544,444,767,29748,39884,2025-10-20,2025-10-31,664.39,323,10136,250711662,-168401731,0.0159083146279809,99.3504482452037,0.254136997292147
294.78,295,1785,1785,39270,39270,2025-10-20,2025-12-19,664.39,0,0,570710715,-173562315,0.00688089411463039,99.9558921896183,0
569.87,570,2972,3012,104020,39156,2025-10-20,2025-10-24,664.39,40,-64864,90305835,-82981503,0.0433593244556124,99.217437057085,-1.65655327408315
439.48,440,754,753,24882,39156,2025-10-20,2025-11-28,664.39,-1,14274,209216061,-70298714,0.0187155803492544,99.5847957389849,0.364541832669323
519.32,520,514,575,46260,39100,2025-10-20,2025-11-14,664.39,61,-7160,72728250,-27844432,0.0537617775761138,99.3855015073235,-0.183120204603581
572.1,573,433,433,45465,38970,2025-10-20,2025-10-31,664.39,0,-6495,250711662,-168401731,0.0155437524082944,99.365991997612,-0.166666666666667
588.2,589,493,485,71485,38800,2025-10-20,2025-10-31,664.39,-8,-32685,250711662,-168401731,0.015475945430891,99.3814679430429,-0.842396907216495
551.36,552,713,604,60605,38656,2025-10-20,2025-10-31,664.39,-109,-21949,250711662,-168401731,0.0154185089323846,99.3968864519753,-0.567803187086093
569.05,572,131,131,38645,38645,2025-10-20,2025-11-28,664.39,0,0,209216061,-70298714,0.0184713352384548,99.6032670742233,0
179.97,180,12796,12795,25592,38385,2025-10-20,2025-12-19,664.39,-1,12793,570710715,-173562315,0.00672582430838012,99.9626180139267,0.333281229646998
532.46,533,789,709,46551,38286,2025-10-20,2025-10-31,664.39,-80,-8265,250711662,-168401731,0.015270929040389,99.4121573810157,-0.215875254662279
509.35,510,589,589,38285,38285,2025-10-20,2025-11-07,664.39,0,0,119099400,-56718960,0.0321454180289741,99.8083995385367,0
567.15,568,447,447,38442,37995,2025-10-20,2025-10-31,664.39,0,-447,250711662,-168401731,0.0151548594496574,99.4273122404653,-0.0117647058823529
621.53,622,706,806,97428,37882,2025-10-20,2025-10-24,664.39,100,-59546,90305835,-82981503,0.0419485629029398,99.2593856199879,-1.57188110448234
568.89,570,294,337,54684,37407,2025-10-20,2025-11-14,664.39,43,-17277,72728250,-27844432,0.0514339338565138,99.43693544118,-0.461865426257117
540.5,541,757,747,49962,37350,2025-10-20,2025-10-31,664.39,-10,-12612,250711662,-168401731,0.0148975918000974,99.4422098322654,-0.337670682730924
454.67,455,1113,1121,58989,36993,2025-10-20,2025-11-21,664.39,8,-21996,669322769,-286106989,0.00552692986304191,99.9723215750935,-0.594598978185062
556.45,557,645,668,51600,36740,2025-10-20,2025-10-31,664.39,23,-14860,250711662,-168401731,0.0146542844105912,99.456864116676,-0.404463799673381
575.99,577,360,360,39600,36360,2025-10-20,2025-10-31,664.39,0,-3240.00000000001,250711662,-168401731,0.0145027158728659,99.4713668325489,-0.0891089108910893
454.44,455,648,648,36288,36288,2025-10-20,2025-11-28,664.39,0,0,209216061,-70298714,0.0173447486902069,99.6206118229135,0
576.05,579,122,123,30256,36285,2025-10-20,2025-11-28,664.39,1,6029,209216061,-70298714,0.0173433147658774,99.6379551376794,0.166156814110514
594.8,595,1863,1803,108054,36060,2025-10-20,2025-10-24,664.39,-60,-71994,90305835,-82981503,0.0399309745599495,99.2993165945479,-1.99650582362729
580.3,581,505,514,65650,35980,2025-10-20,2025-10-31,664.39,9,-29670,250711662,-168401731,0.0143511473351407,99.485717979884,-0.824624791550862
444.44,445,638,642,29986,35952,2025-10-20,2025-11-28,664.39,4,5966.00000000001,209216061,-70298714,0.0171841491652976,99.6551392868447,0.165943480195817
597.12,598,401,408,72180,35904,2025-10-20,2025-10-31,664.39,7,-36276,250711662,-168401731,0.0143208336275957,99.5000388135116,-1.01036096256684
548.57,549,616,829,38192,35647,2025-10-20,2025-10-31,664.39,213,-2545,250711662,-168401731,0.0142183254323447,99.5142571389439,-0.0713945072516621
623.55,624,416,788,63232,35460,2025-10-20,2025-10-24,664.39,372,-27772,90305835,-82981503,0.0392665656654412,99.3385831602133,-0.783192329385223
204.94,205,5878,5878,35268,35268,2025-10-20,2025-12-19,664.39,0,0,570710715,-173562315,0.00617966319416309,99.9687976771209,0
556.64,558,258,258,35088,35088,2025-10-20,2025-11-28,664.39,0,0,209216061,-70298714,0.0167711789583879,99.6719104658031,0
449.9,450,3450,3445,65550,34450,2025-10-20,2025-10-31,664.39,-5,-31100,250711662,-168401731,0.0137408845385102,99.5279980234825,-0.902757619738752
541.3,543,225,202,35775,34340,2025-10-20,2025-11-28,664.39,-23,-1435,209216061,-70298714,0.0164136538255541,99.6883241196287,-0.0417880023296447
559.44,561,199,219,31243,34164,2025-10-20,2025-11-28,664.39,20,2921,209216061,-70298714,0.0163295302648873,99.7046536498936,0.0854993560473013
439.85,440,2232,2276,31248,34140,2025-10-20,2025-10-31,664.39,44,2892,250711662,-168401731,0.0136172365208923,99.5416152600033,0.0847100175746924
419.7,420,1100,1125,47300,33750,2025-10-20,2025-11-28,664.39,25,-13550,209216061,-70298714,0.0161316487074097,99.720785298601,-0.401481481481482
552.53,553,686,712,51450,33464,2025-10-20,2025-10-31,664.39,26,-17986,250711662,-168401731,0.0133476040695706,99.5549628640729,-0.537473105426727
613.7,614,329,1089,33229,32670,2025-10-20,2025-10-24,664.39,760,-559,90305835,-82981503,0.0361770643059776,99.3747602245193,-0.0171104989286807
664.9,683,16,18,38016,32580,2025-10-20,2025-10-24,664.39,2,-5436,90305835,-82981503,0.0360774029718013,99.4108376274911,-0.166850828729282
459.55,460,717,717,48756,32265,2025-10-20,2025-11-28,664.39,0,-16491,209216061,-70298714,0.0154218561642837,99.7362071547652,-0.511111111111111
424.73,425,1191,1191,32157,32157,2025-10-20,2025-11-28,664.39,0,0,209216061,-70298714,0.01537023488842,99.7515773896536,0
542.05,544,164,164,31980,31980,2025-10-20,2025-11-28,664.39,0,0,209216061,-70298714,0.0152856333529767,99.7668630230066,0
663.44,686,14,14,37632,31584,2025-10-20,2025-10-24,664.39,0,-6048,90305835,-82981503,0.0349744842069175,99.445812111698,-0.191489361702128
490.75,491,1008,1229,20160,30725,2025-10-20,2025-10-31,664.39,221,10565,250711662,-168401731,0.0122551140042301,99.5672179780771,0.343856794141578
563.45,564,573,558,46986,30690,2025-10-20,2025-10-31,664.39,-15,-16296,250711662,-168401731,0.0122411537441765,99.5794591318213,-0.530987292277614
539.23,540,237,398,27966,30646,2025-10-20,2025-11-14,664.39,161,2680,72728250,-27844432,0.0421376837748743,99.4790731249549,0.0874502382040071
374.87,375,2331,2336,46620,30368,2025-10-20,2025-11-21,664.39,5,-16252,669322769,-286106989,0.00453712340391038,99.9768586984974,-0.535168598524763
164.98,165,14996,14996,29992,29992,2025-10-20,2025-12-19,664.39,0,0,570710715,-173562315,0.00525520184074343,99.9740528789616,0
551.59,553,207,207,29187,29187,2025-10-20,2025-11-28,664.39,0,0,209216061,-70298714,0.0139506498021679,99.7808136728088,0
557.2,559,160,162,25120,29160,2025-10-20,2025-11-28,664.39,2,4040,209216061,-70298714,0.013937744483202,99.794751417292,0.138545953360768
620.55,621,625,643,90625,28935,2025-10-20,2025-10-24,664.39,18,-61690,90305835,-82981503,0.0320411189376633,99.4778532306356,-2.13202004492829
541.66,542,822,841,42744,28594,2025-10-20,2025-10-31,664.39,19,-14150,250711662,-168401731,0.01140513359925,99.5908642654206,-0.49485906134154
659.58,688,10,10,28420,28420,2025-10-20,2025-10-31,664.39,0,0,250711662,-168401731,0.0113357311635547,99.6021999965841,0
525.49,527,188,188,28388,28388,2025-10-20,2025-11-28,664.39,0,0,209216061,-70298714,0.0135687479557318,99.8083201652477,0
519.72,520,1026,1011,51300,28308,2025-10-20,2025-10-31,664.39,-15,-22992,250711662,-168401731,0.0112910583313831,99.6134910549155,-0.812208562950402
510.7,511,926,920,27780,27600,2025-10-20,2025-10-31,664.39,-6,-180,250711662,-168401731,0.0110086622137266,99.6244997171292,-0.00652173913043478
656.94,682,11,11,27566,27566,2025-10-20,2025-11-28,664.39,0,0,209216061,-70298714,0.0131758526894357,99.8214960179372,0
664.98,690,8,11,24912,27522,2025-10-20,2025-10-24,664.39,3,2610,90305835,-82981503,0.0304764359910963,99.5083296666268,0.0948332243296271
489.74,490,1030,1037,28840,26962,2025-10-20,2025-10-31,664.39,7,-1878,250711662,-168401731,0.0107541866161774,99.6352539037454,-0.0696535865291894
536.43,537,288,473,11520,26961,2025-10-20,2025-10-31,664.39,185,15441,250711662,-168401731,0.0107537877516045,99.646007691497,0.572716145543563
581.28,582,355,374,44020,26928,2025-10-20,2025-10-31,664.39,19,-17092,250711662,-168401731,0.0107406252206968,99.6567483167177,-0.634729649435532
154.98,155,5089,13332,10178,26664,2025-10-20,2025-12-19,664.39,8243,16486,570710715,-173562315,0.00467206928119441,99.9787249482428,0.618286828682868
519.35,520,95,408,7220,26520,2025-10-20,2025-11-07,664.39,313,19300,119099400,-56718960,0.0222671146957919,99.8306666532325,0.727752639517345
659.09,683,11,11,26301,26301,2025-10-20,2025-11-28,664.39,0,0,209216061,-70298714,0.0125712145971432,99.8340672325343,0
504.18,505,320,320,26240,26240,2025-10-20,2025-11-14,664.39,0,0,72728250,-27844432,0.0360795151815147,99.5151526401364,0
522.64,523,530,713,27560,25668,2025-10-20,2025-10-31,664.39,183,-1892,250711662,-168401731,0.0102380558587658,99.6669863725765,-0.0737104565996573
511.74,512,986,987,20706,25662,2025-10-20,2025-10-31,664.39,1,4956,250711662,-168401731,0.010235662671328,99.6772220352478,0.193126022913257
658.97,710,5,5,25515,25515,2025-10-20,2025-11-07,664.39,0,0,119099400,-56718960,0.021423281729379,99.8520899349619,0
538.58,539,603,598,27135,25116,2025-10-20,2025-10-31,664.39,-5,-2019,250711662,-168401731,0.0100178826144912,99.6872399178623,-0.0803870043000479
537.49,538,529,491,34914,25041,2025-10-20,2025-10-31,664.39,-38,-9873.00000000001,250711662,-168401731,0.00998796777151914,99.6972278856338,-0.394273391637714
551.76,554,111,111,24864,24864,2025-10-20,2025-11-28,664.39,0,0,209216061,-70298714,0.0118843648432899,99.8459515973776,0
498.74,499,949,949,37960,24674,2025-10-20,2025-10-31,664.39,0,-13286,250711662,-168401731,0.00984158447324241,99.7070694701071,-0.538461538461538
660.28,691,1,8,2547,24576,2025-10-20,2025-11-21,664.39,7,22029,669322769,-286106989,0.00367177110031946,99.9805304695977,0.8963623046875
501.67,502,780,744,14040,24552,2025-10-20,2025-10-31,664.39,-36,10512,250711662,-168401731,0.00979292299534116,99.7168623931024,0.428152492668622
244.89,245,2207,2209,26484,24299,2025-10-20,2025-12-19,664.39,2,-2185,570710715,-173562315,0.00425767369726009,99.9829826219401,-0.0899213959422197
469.83,470,1408,1418,30976,24106,2025-10-20,2025-10-31,664.39,10,-6870,250711662,-168401731,0.00961502939580051,99.7264774224982,-0.284991288475898
555.44,556,430,430,28380,24080,2025-10-20,2025-10-31,664.39,0,-4300,250711662,-168401731,0.00960465891690351,99.7360820814151,-0.178571428571429
553.99,555,191,238,28650,24038,2025-10-20,2025-11-14,664.39,47,-4612,72728250,-27844432,0.0330518058663587,99.5482044460028,-0.191862883767368
517.64,518,661,664,23796,23904,2025-10-20,2025-10-31,664.39,3,108.000000000004,250711662,-168401731,0.00953445875206236,99.7456165401672,0.00451807228915678
583.04,584,241,249,29884,23904,2025-10-20,2025-10-31,664.39,8,-5980,250711662,-168401731,0.00953445875206236,99.7551509989192,-0.250167336010709
399.7,400,695,795,24325,23850,2025-10-20,2025-11-28,664.39,100,-474.999999999996,209216061,-70298714,0.0113996984199029,99.8573512957975,-0.0199161425576518
514.42,515,9,411,720,23838,2025-10-20,2025-11-14,664.39,402,23118,72728250,-27844432,0.0327768095616215,99.5809812555644,0.969796123835892
534.49,536,156,156,22620,23556,2025-10-20,2025-11-28,664.39,0,936,209216061,-70298714,0.0112591738356072,99.8686104696331,0.0397350993377483
434.64,435,685,645,24660,23220,2025-10-20,2025-11-28,664.39,-40,-1440,209216061,-70298714,0.0110985743106979,99.8797090439438,-0.062015503875969
573.38,574,377,372,41847,23064,2025-10-20,2025-10-31,664.39,-5,-18783,250711662,-168401731,0.00919941251077503,99.76435041143,-0.814386056191467
536.32,538,126,137,16254,23016,2025-10-20,2025-11-28,664.39,11,6762,209216061,-70298714,0.0110010674562886,99.8907101114001,0.293795620437956
654.02,677,9,10,19620,22980,2025-10-20,2025-11-21,664.39,1,3360,669322769,-286106989,0.00343332112163661,99.9839637907193,0.14621409921671
535.57,536,586,533,20510,22919,2025-10-20,2025-10-31,664.39,-53,2409,250711662,-168401731,0.00914157714769567,99.7734919885777,0.105109297962389
526.6,528,177,163,26373,22820,2025-10-20,2025-11-28,664.39,-14,-3553,209216061,-70298714,0.0109073844000915,99.9016174958002,-0.1556967572305
574.16,577,76,80,24016,22720,2025-10-20,2025-11-28,664.39,4,-1296,209216061,-70298714,0.01085958692244,99.9124770827226,-0.0570422535211269
665.04,690,7,9,20713,22464,2025-10-20,2025-10-31,664.39,2,1751,250711662,-168401731,0.00896009376699836,99.7824520823447,0.0779469373219373
530.76,532,151,181,21140,22444,2025-10-20,2025-11-28,664.39,30,1304,209216061,-70298714,0.0107276658841216,99.9232047486068,0.058100160399216
369.97,370,6892,7271,34460,21813,2025-10-20,2025-10-31,664.39,379,-12647,250711662,-168401731,0.00870043293000068,99.7911525152747,-0.579791867235135
394.84,395,1355,1357,32520,21712,2025-10-20,2025-11-21,664.39,2,-10808,669322769,-286106989,0.00324387590047755,99.9872076666198,-0.497789240972734
499.68,500,683,675,37565,21600,2025-10-20,2025-11-07,664.39,-8,-15965,119099400,-56718960,0.0181361115169346,99.8702260464788,-0.73912037037037
659.39,679,11,11,23375,21571,2025-10-20,2025-11-14,664.39,0,-1804,72728250,-27844432,0.0296597264474259,99.6106409820118,-0.0836308006119329
607.67,608,576,646,47808,21318,2025-10-20,2025-10-24,664.39,70,-26490,90305835,-82981503,0.0236064480218803,99.5319361146486,-1.2426118772868
563.98,565,202,209,36764,21318,2025-10-20,2025-11-14,664.39,7,-15446,72728250,-27844432,0.0293118561219334,99.6399528381338,-0.724552021765644
229.92,230,2613,2616,18291,20928,2025-10-20,2025-12-19,664.39,3,2637,570710715,-173562315,0.00366700667254863,99.9866496286126,0.126003440366972
564.86,565,1498,1488,49434,20832,2025-10-20,2025-10-24,664.39,-10,-28602,90305835,-82981503,0.0230682768173286,99.555004391466,-1.37298387096774
526.69,527,595,668,32725,20708,2025-10-20,2025-10-31,664.39,73,-12017,250711662,-168401731,0.00825968757687865,99.7994122028516,-0.580307127680124
399.95,400,4132,4074,37188,20370,2025-10-20,2025-10-31,664.39,-58,-16818,250711662,-168401731,0.0081248713512178,99.8075370742028,-0.825625920471281
545.59,546,517,487,39809,19967,2025-10-20,2025-10-31,664.39,-30,-19842,250711662,-168401731,0.00796412892831447,99.8155012031311,-0.993739670456253
522.68,524,149,148,18476,19536,2025-10-20,2025-11-28,664.39,-1,1060,209216061,-70298714,0.00933771523401351,99.9325424638408,0.0542588042588043
497.7,498,649,649,19470,19470,2025-10-20,2025-10-31,664.39,0,0,250711662,-168401731,0.0077658932355528,99.8232670963667,0
603.64,604,554,540,42658,19440,2025-10-20,2025-10-24,664.39,-14,-23218,90305835,-82981503,0.0215268481820693,99.576531239648,-1.19434156378601
579.87,580,1614,1486,69402,19318,2025-10-20,2025-10-24,664.39,-128,-50084,90305835,-82981503,0.0213917517068526,99.5979229913549,-2.59260793042758
496.67,497,489,577,15648,19041,2025-10-20,2025-10-31,664.39,88,3393,250711662,-168401731,0.00759478033375248,99.8308618767004,0.17819442256184
484.45,485,341,345,20460,18975,2025-10-20,2025-11-14,664.39,4,-1485,72728250,-27844432,0.0260902744119376,99.6660431125457,-0.0782608695652172
520.59,521,368,462,18400,18942,2025-10-20,2025-10-31,664.39,94,542,250711662,-168401731,0.00755529274102934,99.8384171694414,0.0286136627600042
419.75,420,701,750,17525,18750,2025-10-20,2025-11-14,664.39,49,1225,72728250,-27844432,0.0257809035691083,99.6918240161148,0.0653333333333333
561.49,563,124,124,18724,18724,2025-10-20,2025-11-28,664.39,0,0,209216061,-70298714,0.00894959971548265,99.9414920635563,0
454.81,455,984,984,7872,18696,2025-10-20,2025-10-31,664.39,0,10824,250711662,-168401731,0.0074571720560809,99.8458743414975,0.578947368421053
584.85,585,1572,1222,80172,18330,2025-10-20,2025-10-24,664.39,-350,-61842,90305835,-82981503,0.0202976917272289,99.6182206830821,-3.37381342062193
616.61,617,198,468,25938,18252,2025-10-20,2025-10-24,664.39,270,-7686,90305835,-82981503,0.0202113185709428,99.6384320016531,-0.421104536489152
513.61,514,452,457,10396,17823,2025-10-20,2025-10-31,664.39,5,7427,250711662,-168401731,0.00710896328388585,99.8529833047814,0.416708747124502
660.92,750,2,2,18192,17816,2025-10-20,2025-12-19,664.39,0,-376,570710715,-173562315,0.00312172165893188,99.9897713502716,-0.0211046250561293
665.37,695,10,6,32800,17778,2025-10-20,2025-11-14,664.39,-4,-15022,72728250,-27844432,0.0244444215280857,99.7162684376429,-0.844976937788278
608.62,609,134,466,13534,17708,2025-10-20,2025-10-24,664.39,332,4174,90305835,-82981503,0.0196089211732553,99.6580409228263,0.235712672238536
554.8,557,90,80,19800,17600,2025-10-20,2025-11-28,664.39,-10,-2200,209216061,-70298714,0.00841235606667884,99.9499044196229,-0.125
554.81,555,969,903,28101,17157,2025-10-20,2025-10-24,664.39,-66,-10944,90305835,-82981503,0.0189987723384652,99.6770396951648,-0.637873754152824
612.64,613,448,469,51520,16884,2025-10-20,2025-10-24,664.39,21,-34636,90305835,-82981503,0.0186964662914639,99.6957361614562,-2.0514096185738
494.67,495,346,499,15224,16467,2025-10-20,2025-11-07,664.39,153,1243,119099400,-56718960,0.0138262661272853,99.8840523126061,0.0754843019372077
504.97,505,4109,5487,41090,16461,2025-10-20,2025-10-24,664.39,1378,-24629,90305835,-82981503,0.0182280580208355,99.7139642194771,-1.49620314683191
533.58,534,413,388,25193,16296,2025-10-20,2025-10-31,664.39,-25,-8897,250711662,-168401731,0.00649989708097424,99.8594832018624,-0.545962199312715
606.4,607,195,271,15015,16260,2025-10-20,2025-10-24,664.39,76,1245,90305835,-82981503,0.0180054810411752,99.7319697005183,0.0765682656826568
419.93,420,2555,2307,30660,16149,2025-10-20,2025-10-31,664.39,-248,-14511,250711662,-168401731,0.00644126398874896,99.8659244658511,-0.898569570871261
449.58,450,382,382,16044,16044,2025-10-20,2025-11-14,664.39,0,0,72728250,-27844432,0.0220602035660146,99.7383286412089,0
484.76,485,651,667,18228,16008,2025-10-20,2025-10-31,664.39,16,-2220.00000000001,250711662,-168401731,0.00638502408396144,99.8723094899351,-0.138680659670165
659.5,682,7,7,15750,15750,2025-10-20,2025-10-24,664.39,0,0,90305835,-82981503,0.0174407334808432,99.7494104339991,0
664.91,696,5,5,15545,15545,2025-10-20,2025-11-21,664.39,0,0,669322769,-286106989,0.00232249681618107,99.989530163436,0
622.52,623,350,320,51450,15360,2025-10-20,2025-10-24,664.39,-30,-36090,90305835,-82981503,0.0170088676994128,99.7664193016985,-2.349609375
444.71,445,529,523,20102,15167,2025-10-20,2025-11-14,664.39,-6,-4935,72728250,-27844432,0.0208543447697422,99.7591829859786,-0.325377464231556
469.52,470,313,313,16276,15024,2025-10-20,2025-11-14,664.39,0,-1252,72728250,-27844432,0.0206577224118551,99.7798407083905,-0.0833333333333336
512.59,513,310,366,13950,15006,2025-10-20,2025-10-31,664.39,56,1056,250711662,-168401731,0.00598536178185441,99.8782948517169,0.0703718512594962
661,691,5,5,12935,15000,2025-10-20,2025-11-28,664.39,0,2065,209216061,-70298714,0.00716962164773765,99.9570740412707,0.137666666666667
550.4,551,271,246,18699,14760,2025-10-20,2025-10-31,664.39,-25,-3939,250711662,-168401731,0.00588724109690598,99.8841820928139,-0.266869918699187
514.4,515,235,245,12925,14700,2025-10-20,2025-11-07,664.39,10,1775,119099400,-56718960,0.0123426314490249,99.8963949440551,0.120748299319728
254.88,255,1216,1216,17024,14592,2025-10-20,2025-12-19,664.39,0,-2432,570710715,-173562315,0.00255681199186877,99.9923281622634,-0.166666666666667
503.66,504,412,429,14008,14586,2025-10-20,2025-10-31,664.39,17,578,250711662,-168401731,0.00581783866121074,99.8899999314751,0.0396270396270396
660.44,684,6,6,14136,14136,2025-10-20,2025-11-14,664.39,0,0,72728250,-27844432,0.0194367388188221,99.7992774472093,0
523.58,524,334,334,16366,14028,2025-10-20,2025-10-31,664.39,0,-2338,250711662,-168401731,0.00559527222949844,99.8955952037046,-0.166666666666667
597.79,598,425,665,27200,13965,2025-10-20,2025-10-24,664.39,240,-13235,90305835,-82981503,0.015464117019681,99.7818834187182,-0.947726459004654
492.7,493,244,463,7320,13890,2025-10-20,2025-10-31,664.39,219,6570,250711662,-168401731,0.00554022891842981,99.901135432623,0.473002159827214
264.92,265,1691,1691,13528,13528,2025-10-20,2025-12-19,664.39,0,0,570710715,-173562315,0.00237037778412834,99.9946985400476,0
507.71,508,331,465,5958,13485,2025-10-20,2025-10-31,664.39,134,7527,250711662,-168401731,0.00537868876638056,99.9065141213894,0.55817575083426
484.59,485,323,326,15181,13366,2025-10-20,2025-11-07,664.39,3,-1815,119099400,-56718960,0.0112225586358957,99.907617502691,-0.135792308843334
544.89,546,119,119,13209,13209,2025-10-20,2025-11-28,664.39,0,0,209216061,-70298714,0.00631356882299777,99.9633876100937,0
521.1,522,183,144,16104,12960,2025-10-20,2025-11-28,664.39,-39,-3144,209216061,-70298714,0.00619455310364533,99.9695821631973,-0.242592592592593
379.88,380,1066,1071,22386,12852,2025-10-20,2025-11-21,664.39,5,-9534,669322769,-286106989,0.00192014982834089,99.9914503132644,-0.741830065359477
665.59,687,6,6,12846,12846,2025-10-20,2025-11-14,664.39,0,0,72728250,-27844432,0.0176630126532675,99.8169404598626,0
531.59,532,327,312,21255,12792,2025-10-20,2025-10-31,664.39,-15,-8463,250711662,-168401731,0.00510227561731851,99.9116163970067,-0.661585365853659
559.9,560,1036,1249,32116,12490,2025-10-20,2025-10-24,664.39,213,-19626,90305835,-82981503,0.013830778487348,99.7957141972055,-1.57133706965573
500.74,501,478,478,18164,12428,2025-10-20,2025-10-31,664.39,0,-5736,250711662,-168401731,0.00495708891276067,99.9165734859195,-0.461538461538462
454.7,455,381,413,16002,12390,2025-10-20,2025-11-14,664.39,32,-3612,72728250,-27844432,0.0170360210784668,99.833976480941,-0.291525423728813
434.86,435,800,872,11200,12208,2025-10-20,2025-10-31,664.39,72,1008,250711662,-168401731,0.00486933870670922,99.9214428246262,0.0825688073394495
659.27,720,2,2,12146,12146,2025-10-20,2025-11-21,664.39,0,0,669322769,-286106989,0.00181467007586589,99.9932649833402,0
506.62,507,256,318,8704,12084,2025-10-20,2025-10-31,664.39,62,3380,250711662,-168401731,0.00481987949966205,99.9262627041258,0.279708705726581
519.92,520,980,1496,16660,11968,2025-10-20,2025-10-24,664.39,516,-4692,90305835,-82981503,0.0132527427491258,99.8089669399547,-0.392045454545455
444.84,445,747,746,9711,11936,2025-10-20,2025-10-31,664.39,-1,2225,250711662,-168401731,0.0047608475428638,99.9310235516687,0.186410857908847
657.87,687,4,4,8920,11652,2025-10-20,2025-11-21,664.39,0,2732,669322769,-286106989,0.0017408641300831,99.9950058474703,0.234466186062479
459.69,460,375,375,16875,11625,2025-10-20,2025-11-14,664.39,0,-5250,72728250,-27844432,0.0159841602128471,99.8499606411539,-0.451612903225806
524.95,526,95,110,8835,11550,2025-10-20,2025-11-28,664.39,15,2715,209216061,-70298714,0.00552060866875799,99.9751027718661,0.235064935064935
549.92,550,1257,1438,33939,11504,2025-10-20,2025-10-24,664.39,181,-22435,90305835,-82981503,0.0127389332040394,99.8217058731587,-1.95019123783032
389.85,390,763,765,19075,11475,2025-10-20,2025-11-21,664.39,2,-7600,669322769,-286106989,0.00171441948959008,99.9967202669599,-0.662309368191721
414.62,415,301,301,6020,11438,2025-10-20,2025-11-28,664.39,0,5418,209216061,-70298714,0.00546707549378821,99.9805698473599,0.473684210526316
464.79,465,541,541,4869,11361,2025-10-20,2025-10-31,664.39,0,6492,250711662,-168401731,0.00453150041341116,99.9355550520821,0.571428571428571
414.81,415,597,597,11343,11343,2025-10-20,2025-11-07,664.39,0,0,119099400,-56718960,0.00952397745076801,99.9171414801418,0
600.77,601,301,487,21672,11201,2025-10-20,2025-10-24,664.39,186,-10471,90305835,-82981503,0.0124034067123127,99.834109279871,-0.934827247567181
509.22,510,142,143,12212,11154,2025-10-20,2025-11-14,664.39,1,-1058,72728250,-27844432,0.0153365439151911,99.8652971850691,-0.0948538640846333
499.97,500,3272,3710,35992,11130,2025-10-20,2025-10-24,664.39,438,-24862,90305835,-82981503,0.0123247849931292,99.8464340648641,-2.23378256963163
494.76,495,398,460,13134,11040,2025-10-20,2025-10-31,664.39,62,-2094,250711662,-168401731,0.00440346488549065,99.9399585169676,-0.189673913043478
602.69,603,227,351,17252,10881,2025-10-20,2025-10-24,664.39,124,-6371,90305835,-82981503,0.0120490553019082,99.8584831201661,-0.58551603712894
404.78,405,362,487,9050,10714,2025-10-20,2025-11-21,664.39,125,1664,669322769,-286106989,0.00160072247594494,99.9983209894358,0.155310808288221
658.08,684,4,4,9768,10368,2025-10-20,2025-11-07,664.39,0,600,119099400,-56718960,0.0087053335281286,99.9258468136699,0.0578703703703704
404.92,405,1282,1282,10256,10256,2025-10-20,2025-10-31,664.39,0,0,250711662,-168401731,0.00409075506028914,99.9440492720279,0
394.91,395,1117,1131,11170,10179,2025-10-20,2025-11-07,664.39,14,-991,119099400,-56718960,0.00854664255235543,99.9343934562223,-0.097357304253856
664.11,689,0,4,0,9956,2025-10-20,2025-11-14,664.39,4,9956,72728250,-27844432,0.0136893160498156,99.8789865011189,1
508.61,509,236,251,3776,9789,2025-10-20,2025-10-31,664.39,15,6013,250711662,-168401731,0.0039044853047163,99.9479537573326,0.614260905097559
491.77,492,392,422,6272,9706,2025-10-20,2025-10-31,664.39,30,3434,250711662,-168401731,0.00387137954516053,99.9518251368778,0.353801772099732
664.87,684,5,5,8150,9565,2025-10-20,2025-10-24,664.39,0,1415,90305835,-82981503,0.01059178512662,99.8690749052927,0.147935180345008
394.69,395,308,308,9548,9548,2025-10-20,2025-11-28,664.39,0,0,209216061,-70298714,0.00456370316617327,99.985133550526,0
544.17,545,114,114,14934,9462,2025-10-20,2025-11-14,664.39,0,-5472,72728250,-27844432,0.0130100751771148,99.891996576296,-0.578313253012049
593.76,594,293,389,15236,9336,2025-10-20,2025-10-24,664.39,96,-5900,90305835,-82981503,0.0103382023985493,99.8794131076912,-0.631962296486718
515.49,516,180,180,9180,9180,2025-10-20,2025-10-31,664.39,0,0,250711662,-168401731,0.00366157677978298,99.9554867136575,0
514.93,515,1334,1301,20010,9107,2025-10-20,2025-10-24,664.39,-33,-10903,90305835,-82981503,0.0100846196704787,99.8894977273617,-1.19721093664214
469.75,470,341,363,13299,9075,2025-10-20,2025-11-07,664.39,22,-4224,119099400,-56718960,0.00761968574148988,99.9420131419638,-0.465454545454545
505.63,506,247,245,7163,9065,2025-10-20,2025-10-31,664.39,-2,1902,250711662,-168401731,0.00361570735389246,99.9591024210114,0.209817981246553
494.55,495,182,201,12558,9045,2025-10-20,2025-11-14,664.39,19,-3513,72728250,-27844432,0.0124367078817378,99.9044332841778,-0.388391376451078
516.74,517,345,346,8625,8996,2025-10-20,2025-10-31,664.39,1,371,250711662,-168401731,0.00358818569835814,99.9626906067098,0.0412405513561583
539.93,540,534,1281,9612,8967,2025-10-20,2025-10-24,664.39,747,-644.999999999998,90305835,-82981503,0.00992959092842672,99.8994273182901,-0.0719304115088657
379.9,380,894,894,8940,8940,2025-10-20,2025-11-07,664.39,0,0,119099400,-56718960,0.00750633504450904,99.9495194770083,0
595.8,596,327,437,20928,8740,2025-10-20,2025-10-24,664.39,110,-12188,90305835,-82981503,0.00967822289667108,99.9091055411868,-1.39450800915332
611.68,612,307,271,27630,8672,2025-10-20,2025-10-24,664.39,-36,-18958,90305835,-82981503,0.00960292322196013,99.9187084644088,-2.18611623616236
493.83,494,511,510,16352,8670,2025-10-20,2025-10-31,664.39,-1,-7682,250711662,-168401731,0.00345815584757282,99.9661487625574,-0.886043829296425
529.9,530,812,860,13804,8600,2025-10-20,2025-10-24,664.39,48,-5204,90305835,-82981503,0.00952319415461913,99.9282316585634,-0.605116279069768
544.9,545,914,849,17366,8490,2025-10-20,2025-10-24,664.39,-65,-8876,90305835,-82981503,0.00940138585729261,99.9376330444207,-1.0454652532391
530.73,531,239,303,13623,8181,2025-10-20,2025-10-31,664.39,64,-5442,250711662,-168401731,0.00326311107139484,99.9694118736288,-0.665199853318665
657.31,698,2,2,8138,8138,2025-10-20,2025-11-21,664.39,0,0,669322769,-286106989,0.00121585584368489,99.9995368452795,0
532.49,534,50,53,4450,8003,2025-10-20,2025-11-28,664.39,3,3553,209216061,-70298714,0.00382523213645629,99.9889587826625,0.443958515556666
424.95,425,1585,1585,17435,7925,2025-10-20,2025-10-31,664.39,0,-9510,250711662,-168401731,0.00316100174071679,99.9725728753695,-1.2
605.76,606,256,328,20736,7872,2025-10-20,2025-10-24,664.39,72,-12864,90305835,-82981503,0.00871704469594905,99.9463500891166,-1.63414634146341
618.43,619,127,137,16764,7809,2025-10-20,2025-10-24,664.39,10,-8955,90305835,-82981503,0.00864728176202568,99.9549973708787,-1.14675374567806
499.56,500,171,176,12141,7744,2025-10-20,2025-11-14,664.39,5,-4397,72728250,-27844432,0.0106478569194226,99.9150811410972,-0.567794421487603
504.6,505,179,191,10740,7640,2025-10-20,2025-11-07,664.39,12,-3100,119099400,-56718960,0.00641480981432316,99.9559342868226,-0.405759162303665
489.62,490,187,198,11220,7524,2025-10-20,2025-11-14,664.39,11,-3696,72728250,-27844432,0.0103453609842118,99.9254265020814,-0.491228070175439
439.76,440,279,305,9765,7320,2025-10-20,2025-11-14,664.39,26,-2445,72728250,-27844432,0.0100648647533799,99.9354913668348,-0.334016393442623
502.73,503,241,270,7712,7290,2025-10-20,2025-10-31,664.39,29,-421.999999999999,250711662,-168401731,0.00290772273688649,99.9754805981064,-0.0578875171467763
489.57,490,31,169,1333,7267,2025-10-20,2025-11-07,664.39,138,5934,119099400,-56718960,0.00610162603673906,99.9620359128594,0.816568047337278
474.74,475,276,274,11040,7124,2025-10-20,2025-11-07,664.39,-2,-3916,119099400,-56718960,0.00598155826141861,99.9680174711208,-0.549691184727681
495.81,496,380,372,12920,7068,2025-10-20,2025-10-31,664.39,-8,-5852,250711662,-168401731,0.00281917480168912,99.9782997729081,-0.827956989247312
474.89,475,631,642,15775,7062,2025-10-20,2025-10-31,664.39,11,-8713,250711662,-168401731,0.00281678161425135,99.9811165545223,-1.23378646275843
657.71,692,0,2,0,6858,2025-10-20,2025-12-19,664.39,2,6858,570710715,-173562315,0.00120165958334951,99.9959001996309,1
379.96,380,1699,1699,8495,6796,2025-10-20,2025-10-31,664.39,0,-1699,250711662,-168401731,0.0027106836378437,99.9838272381601,-0.25
429.87,430,519,500,5709,6500,2025-10-20,2025-11-07,664.39,-19,791,119099400,-56718960,0.00545762615092939,99.9734750972717,0.121692307692308
656.77,689,0,2,0,6446,2025-10-20,2025-12-19,664.39,2,6446,570710715,-173562315,0.00112946889388611,99.9970296685248,1
667.95,684,4,4,6420,6420,2025-10-20,2025-10-31,664.39,0,0,250711662,-168401731,0.00256071055841032,99.9863879487186,0
659,691,2,2,6400,6400,2025-10-20,2025-10-24,664.39,0,0,90305835,-82981503,0.00708702820808866,99.9620843990867,0
509.92,510,784,790,7840,6320,2025-10-20,2025-10-24,664.39,6,-1520,90305835,-82981503,0.00699844035548755,99.9690828394422,-0.240506329113924
655.72,686,0,2,0,6056,2025-10-20,2025-12-19,664.39,2,6056,570710715,-173562315,0.00106113304706396,99.9980908015719,1
654.56,683,0,2,0,5688,2025-10-20,2025-12-19,664.39,2,5688,570710715,-173562315,0.000996652042883057,99.9990874536148,1
658.8,687,0,2,0,5640,2025-10-20,2025-10-24,664.39,2,5640,90305835,-82981503,0.00624544360837813,99.9753282830506,1
524.95,525,1075,1090,17200,5450,2025-10-20,2025-10-24,664.39,15,-11750,90305835,-82981503,0.0060350474584505,99.981363330509,-2.15596330275229
591.82,592,302,301,15704,5418,2025-10-20,2025-10-24,664.39,-1,-10286,90305835,-82981503,0.00599961231741006,99.9873629428265,-1.8984865263935
374.97,375,1526,1757,6104,5271,2025-10-20,2025-10-31,664.39,231,-833,250711662,-168401731,0.00210241516407801,99.9884903638826,-0.158034528552457
655.96,682,0,2,0,5208,2025-10-20,2025-12-19,664.39,2,5208,570710715,-173562315,0.000912546385255795,100,1
399.81,400,260,269,5460,5111,2025-10-20,2025-11-14,664.39,9,-349,72728250,-27844432,0.007027530567558,99.9425188974023,-0.0682840931324594
414.93,415,718,717,5744,5019,2025-10-20,2025-10-31,664.39,-1,-724.999999999999,250711662,-168401731,0.00200190129169181,99.9904922651743,-0.14445108587368
610.63,611,84,128,7560,4736,2025-10-20,2025-10-24,664.39,44,-2824,90305835,-82981503,0.00524440087398561,99.9926073437005,-0.596283783783784
394.95,395,881,929,4405,4645,2025-10-20,2025-10-31,664.39,48,240,250711662,-168401731,0.00185272594140435,99.9923449911157,0.0516684607104413
404.86,405,325,327,2600,4578,2025-10-20,2025-11-07,664.39,2,1978,119099400,-56718960,0.00384384807983919,99.9773189453515,0.432066404543469
521.52,522,95,95,4750,4560,2025-10-20,2025-10-31,664.39,0,-190,250711662,-168401731,0.00181882245270266,99.9941638135684,-0.0416666666666667
379.86,380,322,324,5152,4536,2025-10-20,2025-11-14,664.39,2,-615.999999999999,72728250,-27844432,0.00623691619143868,99.9487558135938,-0.135802469135802
384.97,385,831,1483,4986,4449,2025-10-20,2025-10-31,664.39,652,-537.000000000001,250711662,-168401731,0.00177454848510398,99.9959383620535,-0.120701281186784
660.5,681,1,2,1574,4100,2025-10-20,2025-11-14,664.39,1,2526,72728250,-27844432,0.00563742424711168,99.9543932378409,0.61609756097561
409.74,410,153,154,4896,4004,2025-10-20,2025-11-28,664.39,1,-892,209216061,-70298714,0.00191381100516944,99.9908725936677,-0.222777222777223
429.82,430,216,220,6480,3960,2025-10-20,2025-11-14,664.39,4,-2520,72728250,-27844432,0.00544492683379567,99.9598381646747,-0.636363636363636
474.58,475,92,92,5244,3864,2025-10-20,2025-11-14,664.39,0,-1380,72728250,-27844432,0.00531292860752184,99.9651510932822,-0.357142857142857
389.97,390,1229,1264,7374,3792,2025-10-20,2025-10-31,664.39,35,-3582,250711662,-168401731,0.00151249446066853,99.9974508565142,-0.944620253164557
660.13,697,1,1,3687,3687,2025-10-20,2025-10-31,664.39,0,0,250711662,-168401731,0.00147061368050761,99.9989214701947,0
658.62,695,1,1,3638,3638,2025-10-20,2025-10-24,664.39,0,0,90305835,-82981503,0.0040285325970354,99.9966358762975,0
434.72,435,128,129,4480,3612,2025-10-20,2025-11-14,664.39,1,-868,72728250,-27844432,0.00496643326355302,99.9701175265457,-0.24031007751938
389.92,390,446,446,4460,3568,2025-10-20,2025-11-07,664.39,0,-892,119099400,-56718960,0.00299581693946401,99.980314762291,-0.25
434.86,435,211,253,4642,3542,2025-10-20,2025-11-07,664.39,42,-1100,119099400,-56718960,0.00297398643486029,99.9832887487259,-0.31055900621118
409.8,410,133,166,1197,3320,2025-10-20,2025-11-14,664.39,33,2123,72728250,-27844432,0.00456493865863678,99.9746824652044,0.639457831325301
660.92,694,1,1,3308,3308,2025-10-20,2025-11-28,664.39,0,0,209216061,-70298714,0.00158114056071441,99.9924537342284,0
444.8,445,134,164,1474,3280,2025-10-20,2025-11-07,664.39,30,1806,119099400,-56718960,0.00275400211923822,99.9860427508451,0.550609756097561
464.57,465,73,74,3577,3182,2025-10-20,2025-11-14,664.39,1,-395,72728250,-27844432,0.00437519120836814,99.9790576564127,-0.124135763670647
662,693,1,1,3100,3100,2025-10-20,2025-11-21,664.39,0,0,669322769,-286106989,0.000463154720499281,100,0
662.62,693,1,1,3307,3038,2025-10-20,2025-10-24,664.39,0,-269,90305835,-82981503,0.00336412370252708,100,-0.0885450954575379
668.85,698,1,1,2915,2915,2025-10-20,2025-11-28,664.39,0,0,209216061,-70298714,0.00139329647354368,99.9938470307019,0
671.94,701,1,1,2906,2906,2025-10-20,2025-11-28,664.39,0,0,209216061,-70298714,0.00138899470055504,99.9952360254025,0
659.03,688,1,1,2897,2897,2025-10-20,2025-11-14,664.39,0,0,72728250,-27844432,0.00398332147411769,99.9830409778869,0
419.92,420,359,359,2872,2872,2025-10-20,2025-11-07,664.39,0,0,119099400,-56718960,0.00241143112391834,99.988454181969,0
404.68,405,79,89,2686,2848,2025-10-20,2025-11-28,664.39,10,162,209216061,-70298714,0.00136127216351712,99.996597297566,0.05688202247191
399.9,400,210,277,3150,2770,2025-10-20,2025-11-07,664.39,67,-380,119099400,-56718960,0.00232578837508837,99.9907799703441,-0.137184115523466
668.96,696,1,1,2704,2704,2025-10-20,2025-10-31,664.39,0,0,250711662,-168401731,0.00107852980528684,100,0
554.4,556,16,16,2560,2560,2025-10-20,2025-11-28,664.39,0,0,209216061,-70298714,0.00122361542788056,99.9978209129939,0
662.2,687,0,1,0,2480,2025-10-20,2025-11-28,664.39,1,2480,209216061,-70298714,0.00118537744575929,99.9990062904396,1
459.82,460,47,116,1504,2088,2025-10-20,2025-11-07,664.39,69,584,119099400,-56718960,0.00175315744663701,99.9925331277908,0.279693486590038
668.21,689,1,1,2079,2079,2025-10-20,2025-11-28,664.39,0,0,209216061,-70298714,0.000993709560376438,100,0
439.8,440,102,102,2346,2040,2025-10-20,2025-11-07,664.39,0,-306,119099400,-56718960,0.00171285497659938,99.9942459827673,-0.15
374.9,375,11,201,44,2010,2025-10-20,2025-11-14,664.39,190,1966,72728250,-27844432,0.00276371286260841,99.9858046907495,0.978109452736318
464.67,465,54,54,1782,1782,2025-10-20,2025-11-07,664.39,0,0,119099400,-56718960,0.0014962292001471,99.9957422119675,0
394.9,395,166,166,1660,1660,2025-10-20,2025-11-14,664.39,0,0,72728250,-27844432,0.00228246932931839,99.9880871600788,0
449.8,450,40,76,1040,1520,2025-10-20,2025-11-07,664.39,36,480,119099400,-56718960,0.00127624488452503,99.997018456852,0.315789473684211
349.89,350,132,137,1188,1507,2025-10-20,2025-11-14,664.39,5,319,72728250,-27844432,0.00207209715619446,99.990159257235,0.211678832116788
424.75,425,58,60,1450,1500,2025-10-20,2025-11-14,664.39,2,50,72728250,-27844432,0.00206247228552866,99.9922217295205,0.0333333333333333
414.8,415,21,71,525,1420,2025-10-20,2025-11-14,664.39,50,895,72728250,-27844432,0.0019524737636338,99.9941742032841,0.630281690140845
369.93,370,196,200,2940,1400,2025-10-20,2025-11-14,664.39,4,-1540,72728250,-27844432,0.00192497413316009,99.9960991774173,-1.1
384.9,385,105,106,1050,1060,2025-10-20,2025-11-07,664.39,1,10.0000000000002,119099400,-56718960,0.000890012879997716,99.997908469732,0.00943396226415116
384.83,385,53,53,901,901,2025-10-20,2025-11-14,664.39,0,0,72728250,-27844432,0.00123885835284088,99.9973380357702,0
389.88,390,61,61,732,732,2025-10-20,2025-11-14,664.39,0,0,72728250,-27844432,0.00100648647533799,99.9983445222455,0
369.93,370,71,103,639,721,2025-10-20,2025-11-07,664.39,32,82.0000000000001,119099400,-56718960,0.000605376685356937,99.9985138464174,0.11373092926491
374.89,375,56,56,616,616,2025-10-20,2025-11-07,664.39,0,0,119099400,-56718960,0.000517215032149616,99.9990310614495,0
359.9,360,58,58,580,580,2025-10-20,2025-11-14,664.39,0,0,72728250,-27844432,0.00079748928373775,99.9991420115292,0
424.83,425,34,34,340,578,2025-10-20,2025-11-07,664.39,0,238,119099400,-56718960,0.000485308910036491,99.9995163703596,0.411764705882353
454.76,455,22,24,528,576,2025-10-20,2025-11-07,664.39,2,48.0000000000001,119099400,-56718960,0.000483629640451589,100,0.0833333333333335
354.91,355,49,48,637,432,2025-10-20,2025-11-14,664.39,-1,-205,72728250,-27844432,0.000593992018232255,99.9997360035475,-0.474537037037037
404.92,405,17,17,136,136,2025-10-20,2025-11-14,664.39,0,0,72728250,-27844432,0.000186997487221265,99.9999230010347,0
364.93,365,8,8,56,56,2025-10-20,2025-11-14,664.39,0,0,72728250,-27844432,7.69989653264034e-05,100,0
664.97,685,192,0,483648,0,2025-10-20,2025-10-24,664.39,-192,-483648,90305835,-82981503,0,100,-Inf
663.21,688,0,0,0,0,2025-10-20,2025-10-24,664.39,0,0,90305835,-82981503,0,100,
672.35,689,0,0,0,0,2025-10-20,2025-10-24,664.39,0,0,90305835,-82981503,0,100,
663.2,692,0,0,0,0,2025-10-20,2025-10-24,664.39,0,0,90305835,-82981503,0,100,
659.47,694,0,0,0,0,2025-10-20,2025-10-24,664.39,0,0,90305835,-82981503,0,100,
659.79,696,0,0,0,0,2025-10-20,2025-10-24,664.39,0,0,90305835,-82981503,0,100,
661.43,697,0,0,0,0,2025-10-20,2025-10-24,664.39,0,0,90305835,-82981503,0,100,
663.97,698,0,0,0,0,2025-10-20,2025-10-24,664.39,0,0,90305835,-82981503,0,100,
699,699,0,0,0,0,2025-10-20,2025-10-24,664.39,0,0,90305835,-82981503,0,100,
669.91,700,0,0,0,0,2025-10-20,2025-10-24,664.39,0,0,90305835,-82981503,0,100,
672.85,701,0,0,0,0,2025-10-20,2025-10-24,664.39,0,0,90305835,-82981503,0,100,
702,702,0,0,0,0,2025-10-20,2025-10-24,664.39,0,0,90305835,-82981503,0,100,
703,703,0,0,0,0,2025-10-20,2025-10-24,664.39,0,0,90305835,-82981503,0,100,
704,704,0,0,0,0,2025-10-20,2025-10-24,664.39,0,0,90305835,-82981503,0,100,
705,705,0,0,0,0,2025-10-20,2025-10-24,664.39,0,0,90305835,-82981503,0,100,
706,706,0,0,0,0,2025-10-20,2025-10-24,664.39,0,0,90305835,-82981503,0,100,
707,707,0,0,0,0,2025-10-20,2025-10-24,664.39,0,0,90305835,-82981503,0,100,
708,708,0,0,0,0,2025-10-20,2025-10-24,664.39,0,0,90305835,-82981503,0,100,
709,709,0,0,0,0,2025-10-20,2025-10-24,664.39,0,0,90305835,-82981503,0,100,
658.38,710,0,0,0,0,2025-10-20,2025-10-24,664.39,0,0,90305835,-82981503,0,100,
711,711,0,0,0,0,2025-10-20,2025-10-24,664.39,0,0,90305835,-82981503,0,100,
712,712,0,0,0,0,2025-10-20,2025-10-24,664.39,0,0,90305835,-82981503,0,100,
713,713,0,0,0,0,2025-10-20,2025-10-24,664.39,0,0,90305835,-82981503,0,100,
714,714,0,0,0,0,2025-10-20,2025-10-24,664.39,0,0,90305835,-82981503,0,100,
715,715,0,0,0,0,2025-10-20,2025-10-24,664.39,0,0,90305835,-82981503,0,100,
656.42,716,0,0,0,0,2025-10-20,2025-10-24,664.39,0,0,90305835,-82981503,0,100,
718,718,0,0,0,0,2025-10-20,2025-10-24,664.39,0,0,90305835,-82981503,0,100,
720,720,0,0,0,0,2025-10-20,2025-10-24,664.39,0,0,90305835,-82981503,0,100,
725,725,0,0,0,0,2025-10-20,2025-10-24,664.39,0,0,90305835,-82981503,0,100,
730,730,0,0,0,0,2025-10-20,2025-10-24,664.39,0,0,90305835,-82981503,0,100,
735,735,0,0,0,0,2025-10-20,2025-10-24,664.39,0,0,90305835,-82981503,0,100,
740,740,0,0,0,0,2025-10-20,2025-10-24,664.39,0,0,90305835,-82981503,0,100,
745,745,0,0,0,0,2025-10-20,2025-10-24,664.39,0,0,90305835,-82981503,0,100,
750,750,0,0,0,0,2025-10-20,2025-10-24,664.39,0,0,90305835,-82981503,0,100,
755,755,0,0,0,0,2025-10-20,2025-10-24,664.39,0,0,90305835,-82981503,0,100,
760,760,0,0,0,0,2025-10-20,2025-10-24,664.39,0,0,90305835,-82981503,0,100,
765,765,0,0,0,0,2025-10-20,2025-10-24,664.39,0,0,90305835,-82981503,0,100,
770,770,0,0,0,0,2025-10-20,2025-10-24,664.39,0,0,90305835,-82981503,0,100,
780,780,0,0,0,0,2025-10-20,2025-10-24,664.39,0,0,90305835,-82981503,0,100,
667.65,689,0,0,0,0,2025-10-20,2025-10-31,664.39,0,0,250711662,-168401731,0,100,
672.78,691,0,0,0,0,2025-10-20,2025-10-31,664.39,0,0,250711662,-168401731,0,100,
664.78,692,0,0,0,0,2025-10-20,2025-10-31,664.39,0,0,250711662,-168401731,0,100,
659.09,693,0,0,0,0,2025-10-20,2025-10-31,664.39,0,0,250711662,-168401731,0,100,
659.01,694,0,0,0,0,2025-10-20,2025-10-31,664.39,0,0,250711662,-168401731,0,100,
666.26,695,0,0,0,0,2025-10-20,2025-10-31,664.39,0,0,250711662,-168401731,0,100,
698,698,0,0,0,0,2025-10-20,2025-10-31,664.39,0,0,250711662,-168401731,0,100,
665.53,699,0,0,0,0,2025-10-20,2025-10-31,664.39,0,0,250711662,-168401731,0,100,
668.84,701,0,0,0,0,2025-10-20,2025-10-31,664.39,0,0,250711662,-168401731,0,100,
702,702,0,0,0,0,2025-10-20,2025-10-31,664.39,0,0,250711662,-168401731,0,100,
703,703,0,0,0,0,2025-10-20,2025-10-31,664.39,0,0,250711662,-168401731,0,100,
666.74,704,0,0,0,0,2025-10-20,2025-10-31,664.39,0,0,250711662,-168401731,0,100,
672.5,705,0,0,0,0,2025-10-20,2025-10-31,664.39,0,0,250711662,-168401731,0,100,
662.94,706,0,0,0,0,2025-10-20,2025-10-31,664.39,0,0,250711662,-168401731,0,100,
670.37,707,0,0,0,0,2025-10-20,2025-10-31,664.39,0,0,250711662,-168401731,0,100,
671.05,708,0,0,0,0,2025-10-20,2025-10-31,664.39,0,0,250711662,-168401731,0,100,
709,709,0,0,0,0,2025-10-20,2025-10-31,664.39,0,0,250711662,-168401731,0,100,
665.37,710,0,0,0,0,2025-10-20,2025-10-31,664.39,0,0,250711662,-168401731,0,100,
669.75,711,0,0,0,0,2025-10-20,2025-10-31,664.39,0,0,250711662,-168401731,0,100,
712,712,0,0,0,0,2025-10-20,2025-10-31,664.39,0,0,250711662,-168401731,0,100,
713,713,0,0,0,0,2025-10-20,2025-10-31,664.39,0,0,250711662,-168401731,0,100,
714,714,0,0,0,0,2025-10-20,2025-10-31,664.39,0,0,250711662,-168401731,0,100,
662.81,715,0,0,0,0,2025-10-20,2025-10-31,664.39,0,0,250711662,-168401731,0,100,
658.4,716,0,0,0,0,2025-10-20,2025-10-31,664.39,0,0,250711662,-168401731,0,100,
718,718,0,0,0,0,2025-10-20,2025-10-31,664.39,0,0,250711662,-168401731,0,100,
669.87,720,0,0,0,0,2025-10-20,2025-10-31,664.39,0,0,250711662,-168401731,0,100,
643.98,725,0,0,0,0,2025-10-20,2025-10-31,664.39,0,0,250711662,-168401731,0,100,
643.96,730,0,0,0,0,2025-10-20,2025-10-31,664.39,0,0,250711662,-168401731,0,100,
735,735,0,0,0,0,2025-10-20,2025-10-31,664.39,0,0,250711662,-168401731,0,100,
740,740,0,0,0,0,2025-10-20,2025-10-31,664.39,0,0,250711662,-168401731,0,100,
745,745,0,0,0,0,2025-10-20,2025-10-31,664.39,0,0,250711662,-168401731,0,100,
750,750,0,0,0,0,2025-10-20,2025-10-31,664.39,0,0,250711662,-168401731,0,100,
755,755,0,0,0,0,2025-10-20,2025-10-31,664.39,0,0,250711662,-168401731,0,100,
760,760,0,0,0,0,2025-10-20,2025-10-31,664.39,0,0,250711662,-168401731,0,100,
765,765,0,0,0,0,2025-10-20,2025-10-31,664.39,0,0,250711662,-168401731,0,100,
770,770,0,0,0,0,2025-10-20,2025-10-31,664.39,0,0,250711662,-168401731,0,100,
780,780,0,0,0,0,2025-10-20,2025-10-31,664.39,0,0,250711662,-168401731,0,100,
705,705,0,0,0,0,2025-10-20,2025-11-07,664.39,0,0,119099400,-56718960,0,100,
715,715,0,0,0,0,2025-10-20,2025-11-07,664.39,0,0,119099400,-56718960,0,100,
720,720,0,0,0,0,2025-10-20,2025-11-07,664.39,0,0,119099400,-56718960,0,100,
725,725,0,0,0,0,2025-10-20,2025-11-07,664.39,0,0,119099400,-56718960,0,100,
671.49,730,0,0,0,0,2025-10-20,2025-11-07,664.39,0,0,119099400,-56718960,0,100,
735,735,0,0,0,0,2025-10-20,2025-11-07,664.39,0,0,119099400,-56718960,0,100,
740,740,0,0,0,0,2025-10-20,2025-11-07,664.39,0,0,119099400,-56718960,0,100,
745,745,0,0,0,0,2025-10-20,2025-11-07,664.39,0,0,119099400,-56718960,0,100,
750,750,0,0,0,0,2025-10-20,2025-11-07,664.39,0,0,119099400,-56718960,0,100,
755,755,0,0,0,0,2025-10-20,2025-11-07,664.39,0,0,119099400,-56718960,0,100,
760,760,0,0,0,0,2025-10-20,2025-11-07,664.39,0,0,119099400,-56718960,0,100,
765,765,0,0,0,0,2025-10-20,2025-11-07,664.39,0,0,119099400,-56718960,0,100,
770,770,0,0,0,0,2025-10-20,2025-11-07,664.39,0,0,119099400,-56718960,0,100,
780,780,0,0,0,0,2025-10-20,2025-11-07,664.39,0,0,119099400,-56718960,0,100,
691,691,0,0,0,0,2025-10-20,2025-11-14,664.39,0,0,72728250,-27844432,0,100,
692,692,0,0,0,0,2025-10-20,2025-11-14,664.39,0,0,72728250,-27844432,0,100,
693,693,0,0,0,0,2025-10-20,2025-11-14,664.39,0,0,72728250,-27844432,0,100,
694,694,0,0,0,0,2025-10-20,2025-11-14,664.39,0,0,72728250,-27844432,0,100,
696,696,0,0,0,0,2025-10-20,2025-11-14,664.39,0,0,72728250,-27844432,0,100,
697,697,0,0,0,0,2025-10-20,2025-11-14,664.39,0,0,72728250,-27844432,0,100,
698,698,0,0,0,0,2025-10-20,2025-11-14,664.39,0,0,72728250,-27844432,0,100,
699,699,0,0,0,0,2025-10-20,2025-11-14,664.39,0,0,72728250,-27844432,0,100,
655.58,705,0,0,0,0,2025-10-20,2025-11-14,664.39,0,0,72728250,-27844432,0,100,
710,710,0,0,0,0,2025-10-20,2025-11-14,664.39,0,0,72728250,-27844432,0,100,
715,715,0,0,0,0,2025-10-20,2025-11-14,664.39,0,0,72728250,-27844432,0,100,
670.77,720,0,0,0,0,2025-10-20,2025-11-14,664.39,0,0,72728250,-27844432,0,100,
725,725,0,0,0,0,2025-10-20,2025-11-14,664.39,0,0,72728250,-27844432,0,100,
730,730,0,0,0,0,2025-10-20,2025-11-14,664.39,0,0,72728250,-27844432,0,100,
735,735,0,0,0,0,2025-10-20,2025-11-14,664.39,0,0,72728250,-27844432,0,100,
740,740,0,0,0,0,2025-10-20,2025-11-14,664.39,0,0,72728250,-27844432,0,100,
659.28,745,0,0,0,0,2025-10-20,2025-11-14,664.39,0,0,72728250,-27844432,0,100,
666.36,750,0,0,0,0,2025-10-20,2025-11-14,664.39,0,0,72728250,-27844432,0,100,
755,755,0,0,0,0,2025-10-20,2025-11-14,664.39,0,0,72728250,-27844432,0,100,
760,760,0,0,0,0,2025-10-20,2025-11-14,664.39,0,0,72728250,-27844432,0,100,
765,765,0,0,0,0,2025-10-20,2025-11-14,664.39,0,0,72728250,-27844432,0,100,
770,770,0,0,0,0,2025-10-20,2025-11-14,664.39,0,0,72728250,-27844432,0,100,
780,780,0,0,0,0,2025-10-20,2025-11-14,664.39,0,0,72728250,-27844432,0,100,
697,697,0,0,0,0,2025-10-20,2025-11-21,664.39,0,0,669322769,-286106989,0,100,
662.82,702,0,0,0,0,2025-10-20,2025-11-21,664.39,0,0,669322769,-286106989,0,100,
672.66,704,0,0,0,0,2025-10-20,2025-11-21,664.39,0,0,669322769,-286106989,0,100,
660.25,705,0,0,0,0,2025-10-20,2025-11-21,664.39,0,0,669322769,-286106989,0,100,
662.71,706,0,0,0,0,2025-10-20,2025-11-21,664.39,0,0,669322769,-286106989,0,100,
659,708,0,0,0,0,2025-10-20,2025-11-21,664.39,0,0,669322769,-286106989,0,100,
662,710,0,0,0,0,2025-10-20,2025-11-21,664.39,0,0,669322769,-286106989,0,100,
712,712,0,0,0,0,2025-10-20,2025-11-21,664.39,0,0,669322769,-286106989,0,100,
714,714,0,0,0,0,2025-10-20,2025-11-21,664.39,0,0,669322769,-286106989,0,100,
654.93,715,0,0,0,0,2025-10-20,2025-11-21,664.39,0,0,669322769,-286106989,0,100,
716,716,0,0,0,0,2025-10-20,2025-11-21,664.39,0,0,669322769,-286106989,0,100,
657.09,725,0,0,0,0,2025-10-20,2025-11-21,664.39,0,0,669322769,-286106989,0,100,
662.92,735,0,0,0,0,2025-10-20,2025-11-21,664.39,0,0,669322769,-286106989,0,100,
740,740,0,0,0,0,2025-10-20,2025-11-21,664.39,0,0,669322769,-286106989,0,100,
745,745,0,0,0,0,2025-10-20,2025-11-21,664.39,0,0,669322769,-286106989,0,100,
664.74,750,0,0,0,0,2025-10-20,2025-11-21,664.39,0,0,669322769,-286106989,0,100,
664.72,755,0,0,0,0,2025-10-20,2025-11-21,664.39,0,0,669322769,-286106989,0,100,
760,760,0,0,0,0,2025-10-20,2025-11-21,664.39,0,0,669322769,-286106989,0,100,
765,765,0,0,0,0,2025-10-20,2025-11-21,664.39,0,0,669322769,-286106989,0,100,
770,770,0,0,0,0,2025-10-20,2025-11-21,664.39,0,0,669322769,-286106989,0,100,
775,775,0,0,0,0,2025-10-20,2025-11-21,664.39,0,0,669322769,-286106989,0,100,
780,780,0,0,0,0,2025-10-20,2025-11-21,664.39,0,0,669322769,-286106989,0,100,
785,785,0,0,0,0,2025-10-20,2025-11-21,664.39,0,0,669322769,-286106989,0,100,
790,790,0,0,0,0,2025-10-20,2025-11-21,664.39,0,0,669322769,-286106989,0,100,
795,795,0,0,0,0,2025-10-20,2025-11-21,664.39,0,0,669322769,-286106989,0,100,
800,800,0,0,0,0,2025-10-20,2025-11-21,664.39,0,0,669322769,-286106989,0,100,
663.21,696,0,0,0,0,2025-10-20,2025-11-28,664.39,0,0,209216061,-70298714,0,100,
702,702,0,0,0,0,2025-10-20,2025-11-28,664.39,0,0,209216061,-70298714,0,100,
703,703,0,0,0,0,2025-10-20,2025-11-28,664.39,0,0,209216061,-70298714,0,100,
704,704,0,0,0,0,2025-10-20,2025-11-28,664.39,0,0,209216061,-70298714,0,100,
659.58,705,0,0,0,0,2025-10-20,2025-11-28,664.39,0,0,209216061,-70298714,0,100,
706,706,0,0,0,0,2025-10-20,2025-11-28,664.39,0,0,209216061,-70298714,0,100,
707,707,0,0,0,0,2025-10-20,2025-11-28,664.39,0,0,209216061,-70298714,0,100,
708,708,0,0,0,0,2025-10-20,2025-11-28,664.39,0,0,209216061,-70298714,0,100,
709,709,0,0,0,0,2025-10-20,2025-11-28,664.39,0,0,209216061,-70298714,0,100,
665,710,0,0,0,0,2025-10-20,2025-11-28,664.39,0,0,209216061,-70298714,0,100,
672.85,711,0,0,0,0,2025-10-20,2025-11-28,664.39,0,0,209216061,-70298714,0,100,
712,712,0,0,0,0,2025-10-20,2025-11-28,664.39,0,0,209216061,-70298714,0,100,
713,713,0,0,0,0,2025-10-20,2025-11-28,664.39,0,0,209216061,-70298714,0,100,
714,714,0,0,0,0,2025-10-20,2025-11-28,664.39,0,0,209216061,-70298714,0,100,
715,715,0,0,0,0,2025-10-20,2025-11-28,664.39,0,0,209216061,-70298714,0,100,
716,716,0,0,0,0,2025-10-20,2025-11-28,664.39,0,0,209216061,-70298714,0,100,
717,717,0,0,0,0,2025-10-20,2025-11-28,664.39,0,0,209216061,-70298714,0,100,
718,718,0,0,0,0,2025-10-20,2025-11-28,664.39,0,0,209216061,-70298714,0,100,
719,719,0,0,0,0,2025-10-20,2025-11-28,664.39,0,0,209216061,-70298714,0,100,
722,722,0,0,0,0,2025-10-20,2025-11-28,664.39,0,0,209216061,-70298714,0,100,
664.75,725,0,0,0,0,2025-10-20,2025-11-28,664.39,0,0,209216061,-70298714,0,100,
668.64,730,0,0,0,0,2025-10-20,2025-11-28,664.39,0,0,209216061,-70298714,0,100,
735,735,0,0,0,0,2025-10-20,2025-11-28,664.39,0,0,209216061,-70298714,0,100,
740,740,0,0,0,0,2025-10-20,2025-11-28,664.39,0,0,209216061,-70298714,0,100,
745,745,0,0,0,0,2025-10-20,2025-11-28,664.39,0,0,209216061,-70298714,0,100,
657.63,750,0,0,0,0,2025-10-20,2025-11-28,664.39,0,0,209216061,-70298714,0,100,
755,755,0,0,0,0,2025-10-20,2025-11-28,664.39,0,0,209216061,-70298714,0,100,
760,760,0,0,0,0,2025-10-20,2025-11-28,664.39,0,0,209216061,-70298714,0,100,
765,765,0,0,0,0,2025-10-20,2025-11-28,664.39,0,0,209216061,-70298714,0,100,
770,770,0,0,0,0,2025-10-20,2025-11-28,664.39,0,0,209216061,-70298714,0,100,
658.89,780,0,0,0,0,2025-10-20,2025-11-28,664.39,0,0,209216061,-70298714,0,100,
681,681,0,0,0,0,2025-10-20,2025-12-19,664.39,0,0,570710715,-173562315,0,100,
684,684,0,0,0,0,2025-10-20,2025-12-19,664.39,0,0,570710715,-173562315,0,100,
687,687,0,0,0,0,2025-10-20,2025-12-19,664.39,0,0,570710715,-173562315,0,100,
688,688,0,0,0,0,2025-10-20,2025-12-19,664.39,0,0,570710715,-173562315,0,100,
691,691,0,0,0,0,2025-10-20,2025-12-19,664.39,0,0,570710715,-173562315,0,100,
693,693,0,0,0,0,2025-10-20,2025-12-19,664.39,0,0,570710715,-173562315,0,100,
694,694,0,0,0,0,2025-10-20,2025-12-19,664.39,0,0,570710715,-173562315,0,100,
696,696,0,0,0,0,2025-10-20,2025-12-19,664.39,0,0,570710715,-173562315,0,100,
697,697,0,0,0,0,2025-10-20,2025-12-19,664.39,0,0,570710715,-173562315,0,100,
698,698,0,0,0,0,2025-10-20,2025-12-19,664.39,0,0,570710715,-173562315,0,100,
699,699,0,0,0,0,2025-10-20,2025-12-19,664.39,0,0,570710715,-173562315,0,100,
662.77,715,0,0,0,0,2025-10-20,2025-12-19,664.39,0,0,570710715,-173562315,0,100,
665.54,720,0,0,0,0,2025-10-20,2025-12-19,664.39,0,0,570710715,-173562315,0,100,
626.5,725,0,0,0,0,2025-10-20,2025-12-19,664.39,0,0,570710715,-173562315,0,100,
663.08,730,0,0,0,0,2025-10-20,2025-12-19,664.39,0,0,570710715,-173562315,0,100,
735,735,0,0,0,0,2025-10-20,2025-12-19,664.39,0,0,570710715,-173562315,0,100,
557.52,740,0,0,0,0,2025-10-20,2025-12-19,664.39,0,0,570710715,-173562315,0,100,
657.64,745,0,0,0,0,2025-10-20,2025-12-19,664.39,0,0,570710715,-173562315,0,100,
664.72,755,0,0,0,0,2025-10-20,2025-12-19,664.39,0,0,570710715,-173562315,0,100,
760,760,0,0,0,0,2025-10-20,2025-12-19,664.39,0,0,570710715,-173562315,0,100,
556.84,765,0,0,0,0,2025-10-20,2025-12-19,664.39,0,0,570710715,-173562315,0,100,
770,770,0,0,0,0,2025-10-20,2025-12-19,664.39,0,0,570710715,-173562315,0,100,
775,775,0,0,0,0,2025-10-20,2025-12-19,664.39,0,0,570710715,-173562315,0,100,
602,780,0,0,0,0,2025-10-20,2025-12-19,664.39,0,0,570710715,-173562315,0,100,
785,785,0,0,0,0,2025-10-20,2025-12-19,664.39,0,0,570710715,-173562315,0,100,
644.13,790,0,0,0,0,2025-10-20,2025-12-19,664.39,0,0,570710715,-173562315,0,100,
795,795,0,0,0,0,2025-10-20,2025-12-19,664.39,0,0,570710715,-173562315,0,100,
659.04,800,0,0,0,0,2025-10-20,2025-12-19,664.39,0,0,570710715,-173562315,0,100,
666.36,805,0,0,0,0,2025-10-20,2025-12-19,664.39,0,0,570710715,-173562315,0,100,
810,810,0,0,0,0,2025-10-20,2025-12-19,664.39,0,0,570710715,-173562315,0,100,
815,815,0,0,0,0,2025-10-20,2025-12-19,664.39,0,0,570710715,-173562315,0,100,
820,820,0,0,0,0,2025-10-20,2025-12-19,664.39,0,0,570710715,-173562315,0,100,
516.96,825,0,0,0,0,2025-10-20,2025-12-19,664.39,0,0,570710715,-173562315,0,100,
830,830,0,0,0,0,2025-10-20,2025-12-19,664.39,0,0,570710715,-173562315,0,100,
835,835,0,0,0,0,2025-10-20,2025-12-19,664.39,0,0,570710715,-173562315,0,100,
663.65,840,0,0,0,0,2025-10-20,2025-12-19,664.39,0,0,570710715,-173562315,0,100,
