Watch,strike,open_interest.yt,open_interest.td,OI_Dollar.yt,OI_Dollar.td,Date.td,expiry,stkClose,diff_oi,diff_oi_d,totalOI,totalOIdiff,OI_pct,cum_sep_OI,pct
419.11,425,124706,121010,53374168,71274890,2023-10-16,2023-11-17,431.5,-3696,17900722,816823582,215030253,8.72586095341209,8.72586095341209,0.25115046827852
430.56,440,65534,64752,45283994,61125888,2023-10-16,2023-10-20,431.5,-782,15841894,390828710,117699715,15.640071068474,15.640071068474,0.259168324883886
429.5,450,26009,25988,46556110,53275400,2023-10-16,2023-12-15,431.5,-21,6719290,900389107,208452486,5.91693075647127,5.91693075647127,0.126123689357565
412.63,420,70113,72048,39543732,53099376,2023-10-16,2023-12-15,431.5,1935,13555644,900389107,208452486,5.89738098641835,11.8143117428896,0.255288197737013
419.75,430,50415,50863,41441130,52134575,2023-10-16,2023-12-15,431.5,448,10693445,900389107,208452486,5.79022720229333,17.604538945183,0.205112346269246
415.36,420,87328,111070,28730912,51536480,2023-10-16,2023-11-17,431.5,23742,22805568,816823582,215030253,6.30937709631405,15.0352380497261,0.442513109160734
404.7,410,62141,85662,24297131,45400860,2023-10-16,2023-12-15,431.5,23521,21103729,900389107,208452486,5.04235998048342,22.6468989256664,0.464831040645486
416.39,425,51756,51484,35142324,44327724,2023-10-16,2023-12-15,431.5,-272,9185400,900389107,208452486,4.92317417607319,27.5700731017396,0.207215691922283
396.14,400,104904,110395,28848600,42612470,2023-10-16,2023-12-15,431.5,5491,13763870,900389107,208452486,4.73267275988935,32.3027458616289,0.323000990085766
429.88,445,26769,26761,34157244,40462632,2023-10-16,2023-11-17,431.5,-8,6305388,816823582,215030253,4.95365619843233,19.9888942481585,0.155832373929605
423.02,435,32120,32269,32280600,38658262,2023-10-16,2023-12-15,431.5,149,6377662,900389107,208452486,4.29350618520977,36.5962520468387,0.1649753938757
425.76,440,24741,25256,30010833,35964544,2023-10-16,2023-12-15,431.5,515,5953711,900389107,208452486,3.994333529848,40.5905855766867,0.165543903462254
428,440,29162,29427,28753732,35312400,2023-10-16,2023-11-17,431.5,265,6558668,816823582,215030253,4.32313669416072,24.3120309423192,0.185732717119199
425.52,435,51254,36164,38389246,34283472,2023-10-16,2023-11-17,431.5,-15090,-4105774,816823582,215030253,4.19716971393708,28.5092006562563,-0.119759573942803
398.12,400,170900,176964,21020700,33269232,2023-10-16,2023-11-17,431.5,6064,12248532,816823582,215030253,4.07300091882019,32.5822015750765,0.36816395401012
426.66,430,90092,86825,19009412,28999550,2023-10-16,2023-10-20,431.5,-3267,9990138,390828710,117699715,7.4200152798396,23.0600863483136,0.344492862820285
430.58,450,13937,13640,23260853,26488880,2023-10-16,2023-11-17,431.5,-297,3228027,816823582,215030253,3.24291322921184,35.8251148042883,0.121863476296469
429.22,435,43796,44677,17299420,25823306,2023-10-16,2023-10-20,431.5,881,8523886,390828710,117699715,6.60732063414686,29.6674069824604,0.330085001509876
422.52,430,29363,32016,16619458,23947968,2023-10-16,2023-11-17,431.5,2653,7328510,816823582,215030253,2.93184091739408,38.7569557216824,0.306018030423291
408.78,415,34776,36667,16344720,22806874,2023-10-16,2023-12-15,431.5,1891,6462154,900389107,208452486,2.53300199021621,43.1235875669029,0.283342381774898
377.9,380,97263,108000,14394924,22680000,2023-10-16,2023-12-15,431.5,10737,8285076,900389107,208452486,2.51891097123191,45.6424985381348,0.365303174603175
407.09,410,62274,75900,12205704,22086900,2023-10-16,2023-11-17,431.5,13626,9881196,816823582,215030253,2.70399881770309,41.4609545393855,0.44737812911726
411.31,415,60667,57548,15348751,21235212,2023-10-16,2023-11-17,431.5,-3119,5886461,816823582,215030253,2.59973052540983,44.0606850647953,0.277202836496287
429.67,444,14733,14727,18106857,21103791,2023-10-16,2023-11-17,431.5,-6,2996934,816823582,215030253,2.58364124947607,46.6443263142714,0.142009272172948
419.96,426,32173,34588,14767407,20891152,2023-10-16,2023-11-17,431.5,2415,6123745,816823582,215030253,2.55760882280698,49.2019351370784,0.293126247896717
423.19,425,98750,111881,10763750,20250461,2023-10-16,2023-10-20,431.5,13131,9486711,390828710,117699715,5.1814159200331,34.8488229024935,0.468468890658835
430.3,446,12855,12854,17482800,20180780,2023-10-16,2023-11-17,431.5,-1,2697980,816823582,215030253,2.47064120634069,51.6725763434191,0.133690570929369
428.68,448,10159,10159,17483639,19627188,2023-10-16,2023-12-15,431.5,0,2143549,900389107,208452486,2.1798562252042,47.822354763339,0.109213250517598
420.58,427,30838,29629,14740564,19021818,2023-10-16,2023-11-17,431.5,-1209,4281254,816823582,215030253,2.32875475429161,54.0013310977107,0.225070705649691
387.23,390,68029,68241,13265655,18902757,2023-10-16,2023-12-15,431.5,212,5637102,900389107,208452486,2.09939867697666,49.9217534403157,0.298215863431985
416.9,422,36057,36463,13449261,18596130,2023-10-16,2023-11-17,431.5,406,5146869,816823582,215030253,2.27663970651621,56.2779708042269,0.276770973315416
430.72,441,17570,17565,13722170,18056820,2023-10-16,2023-10-20,431.5,-5,4334650,390828710,117699715,4.62013652988799,39.4689594323815,0.240056111762758
430.92,445,13686,11972,15602040,16856576,2023-10-16,2023-10-20,431.5,-1714,1254536,390828710,117699715,4.31303421900607,43.7819936513876,0.0744241297876864
429.62,436,25252,26317,11237140,16790246,2023-10-16,2023-10-20,431.5,1065,5553106,390828710,117699715,4.29606258967004,48.0780562410576,0.330734046421952
421.87,429,23456,23480,12548960,16741240,2023-10-16,2023-11-17,431.5,24,4192280,816823582,215030253,2.04955395129618,58.327524755523,0.250416337141096
427.5,445,9535,9544,14188080,16702000,2023-10-16,2023-12-15,431.5,9,2513920,900389107,208452486,1.85497579548128,51.776729235797,0.150516105855586
429.72,448,8826,8891,14509944,16252748,2023-10-16,2023-11-17,431.5,65,1742804,816823582,215030253,1.98975009514356,60.3172748506666,0.107231343278072
429.03,442,10940,12509,11979300,16224173,2023-10-16,2023-11-17,431.5,1569,4244873,816823582,215030253,1.98625178772079,62.3035266383874,0.261638790464081
418.46,428,16751,16981,12831266,16199874,2023-10-16,2023-12-15,431.5,230,3368608,900389107,208452486,1.79920812835867,53.5759373641556,0.207940382746187
419.06,420,191315,167762,11096270,15769628,2023-10-16,2023-10-20,431.5,-23553,4673358,390828710,117699715,4.03492056660832,52.112976807666,0.296351822630185
427.55,439,13164,13746,12163536,15739170,2023-10-16,2023-11-17,431.5,582,3575634,816823582,215030253,1.92687507398629,64.2304017123737,0.227180594656516
400.53,405,31725,32389,10564425,14477883,2023-10-16,2023-12-15,431.5,664,3913458,900389107,208452486,1.60795848011076,55.1838958442664,0.270305955642824
415.67,424,16057,16436,10629734,13691188,2023-10-16,2023-12-15,431.5,379,3061454,900389107,208452486,1.52058569940029,56.7044815436667,0.223607622654805
382.54,385,53108,54057,8975252,13298022,2023-10-16,2023-12-15,431.5,949,4322770,900389107,208452486,1.47691946699662,58.1814010106633,0.325068645547436
418.38,424,22937,22976,9358296,12912512,2023-10-16,2023-11-17,431.5,39,3554216,816823582,215030253,1.58082017764272,65.8112218900164,0.275253645456438
408.84,412,43146,40416,9492120,12771456,2023-10-16,2023-11-17,431.5,-2730,3279336,816823582,215030253,1.56355133243447,67.3747732224509,0.256770723713882
423.86,432,14568,15646,9192408,12735844,2023-10-16,2023-11-17,431.5,1078,3543436,816823582,215030253,1.55919151707351,68.9339647395244,0.278225455650996
427.27,438,8015,11836,7109305,12700028,2023-10-16,2023-11-17,431.5,3821,5590723,816823582,215030253,1.5548067269194,70.4887714664438,0.440213438899505
406.41,412,33601,22680,14179622,12678120,2023-10-16,2023-12-15,431.5,-10921,-1501502,900389107,208452486,1.40807123291864,59.5894722435819,-0.118432543626342
430.91,454,5358,5359,10405236,12373931,2023-10-16,2023-12-15,431.5,1,1968695,900389107,208452486,1.3742870614271,60.963759305009,0.159100208333148
430.18,438,15277,15159,8723167,11854338,2023-10-16,2023-10-20,431.5,-118,3131171,390828710,117699715,3.03312875863188,55.1461055662978,0.26413714540618
426.5,442,7415,7619,9795215,11809450,2023-10-16,2023-12-15,431.5,204,2014235,900389107,208452486,1.31159405508001,62.275353360089,0.170561287782242
401.8,404,52896,53324,7934400,11731280,2023-10-16,2023-11-17,431.5,428,3796880,816823582,215030253,1.43620731067483,71.9249787771186,0.323654366786915
423.94,426,52616,54506,6787464,11228236,2023-10-16,2023-10-20,431.5,1890,4440772,390828710,117699715,2.87293018980105,58.0190357560989,0.395500415203243
425.15,434,12054,12380,8473962,10956300,2023-10-16,2023-11-17,431.5,326,2482338,816823582,215030253,1.34133003030757,73.2663088074262,0.226567180526272
431.25,450,5538,5830,8855262,10931250,2023-10-16,2023-10-20,431.5,292,2075988,390828710,117699715,2.79694140177164,60.8159771578705,0.189913138936535
431.26,448,6451,6452,9024949,10800648,2023-10-16,2023-10-20,431.5,1,1775699,390828710,117699715,2.76352471649281,63.5795018743633,0.164406709671494
405.44,408,41502,41084,7428858,10517504,2023-10-16,2023-11-17,431.5,-418,3088646,816823582,215030253,1.28761022964687,74.5539190370731,0.29366720469039
402.72,405,52464,46016,8079456,10491648,2023-10-16,2023-11-17,431.5,-6448,2412192,816823582,215030253,1.28444479704064,75.8383638341137,0.229915452748701
424.41,433,11729,12196,7799785,10476364,2023-10-16,2023-11-17,431.5,467,2676579,816823582,215030253,1.28257364636174,77.1209374804754,0.255487400017792
426.04,429,34172,35139,6287648,10401144,2023-10-16,2023-10-20,431.5,967,4113496,390828710,117699715,2.66130499982972,66.2408068741931,0.39548495819306
399.96,402,50996,50509,6782468,10303836,2023-10-16,2023-11-17,431.5,-487,3521368,816823582,215030253,1.26145182718292,78.3823893076584,0.3417531102009
373.16,375,54843,55847,6800532,10275848,2023-10-16,2023-12-15,431.5,1004,3475316,900389107,208452486,1.14126747204195,63.416620832131,0.338202355659601
425.36,428,37398,38870,6021078,10261680,2023-10-16,2023-10-20,431.5,1472,4240602,390828710,117699715,2.62562082504123,68.8664276992343,0.4132463690156
423.25,431,9338,13217,5658828,10243175,2023-10-16,2023-11-17,431.5,3879,4584347,816823582,215030253,1.25402537655922,79.6364146842176,0.44755136957047
413.06,417,25072,25424,7045232,10017056,2023-10-16,2023-11-17,431.5,352,2971824,816823582,215030253,1.22634265473496,80.8627573389525,0.296676388751346
393.52,397,29020,28762,7400100,10009176,2023-10-16,2023-12-15,431.5,-258,2609076,900389107,208452486,1.11165005464687,64.5282708867779,0.260668410666373
405.63,411,18201,18230,7426008,9789510,2023-10-16,2023-12-15,431.5,29,2363502,900389107,208452486,1.08725326904693,65.6155241558248,0.241432104364774
421.88,425,30622,31112,6124400,9706944,2023-10-16,2023-10-27,431.5,490,3582544,105948882,37772110,9.1619126287713,9.1619126287713,0.369070224367216
414.24,422,12014,11982,7316526,9298032,2023-10-16,2023-12-15,431.5,-32,1981506,900389107,208452486,1.03266820174891,66.6481923575737,0.213110258170761
426.17,436,8386,9317,6692028,9158611,2023-10-16,2023-11-17,431.5,931,2466583,816823582,215030253,1.12124713363136,81.9840044725839,0.269318458879845
421.56,433,7230,7796,6680520,8918624,2023-10-16,2023-12-15,431.5,566,2238104,900389107,208452486,0.990529975392072,67.6387223329658,0.250947231321782
429.98,437,12271,12554,6098687,8812908,2023-10-16,2023-10-20,431.5,283,2714221,390828710,117699715,2.25492850819481,71.1213562074291,0.307982450287692
426.62,437,8324,8450,6992160,8771100,2023-10-16,2023-11-17,431.5,126,1778940,816823582,215030253,1.07380592251314,83.057810395097,0.20281834661559
431.37,475,2004,2004,8244456,8743452,2023-10-16,2023-12-15,431.5,0,498996,900389107,208452486,0.971074831095219,68.609797164061,0.0570708228283291
412,419,11970,12374,6595470,8661800,2023-10-16,2023-12-15,431.5,404,2066330,900389107,208452486,0.962006307346408,69.5718034714074,0.238556651042508
416.22,421,17805,17956,6338580,8582968,2023-10-16,2023-11-17,431.5,151,2244388,816823582,215030253,1.05077377650931,84.1085841716064,0.261493227051528
423.31,427,20719,22639,5096874,8353791,2023-10-16,2023-10-27,431.5,1920,3256917,105948882,37772110,7.88473728302296,17.0466499117943,0.389872933138979
428.32,433,19982,17741,6154456,8302788,2023-10-16,2023-10-20,431.5,-2241,2148332,390828710,117699715,2.12440585544496,73.245762062874,0.258748266245025
430.2,453,3641,3641,6076829,8301480,2023-10-16,2023-12-15,431.5,0,2224651,900389107,208452486,0.92198805332726,70.4937915247347,0.267982456140351
428.8,434,13419,15917,4696650,8276840,2023-10-16,2023-10-20,431.5,2498,3580190,390828710,117699715,2.11776662978521,75.3635286926593,0.432555178063126
430.41,439,9506,9567,5903226,8218053,2023-10-16,2023-10-20,431.5,61,2314827,390828710,117699715,2.10272500195802,77.4662536946173,0.281675842197659
404.56,407,32303,32876,5459207,8021744,2023-10-16,2023-11-17,431.5,573,2562537,816823582,215030253,0.982065672046182,85.0906498436525,0.319448862990392
424.19,438,5801,5735,6427508,7920035,2023-10-16,2023-12-15,431.5,-66,1492527,900389107,208452486,0.879623591448003,71.3734151161827,0.188449545993168
403.64,406,31918,33299,5138798,7858564,2023-10-16,2023-11-17,431.5,1381,2719766,816823582,215030253,0.962088286035797,86.0527381296883,0.346089438223065
430.66,452,3647,3646,7257530,7780564,2023-10-16,2023-12-15,431.5,-1,523034.000000001,900389107,208452486,0.86413351066896,72.2375486268516,0.0672231473193975
421.2,428,8510,11396,4365630,7749280,2023-10-16,2023-11-17,431.5,2886,3383650,816823582,215030253,0.948709142435117,87.0014472721235,0.436640565317036
417.18,426,8387,8657,5963157,7635474,2023-10-16,2023-12-15,431.5,270,1672317,900389107,208452486,0.848019366364902,73.0855679932165,0.219019408618247
421.05,432,6430,6901,5716270,7556595,2023-10-16,2023-12-15,431.5,471,1840325,900389107,208452486,0.839258820575669,73.9248268137922,0.243538921961545
420.55,431,6499,7202,5602138,7526090,2023-10-16,2023-12-15,431.5,703,1923952,900389107,208452486,0.835870840894125,74.7606976546863,0.25563765514364
430.95,442,6866,6471,5987152,7150455,2023-10-16,2023-10-20,431.5,-395,1163303,390828710,117699715,1.82956236761624,79.2958160622335,0.162689367319982
424.1,437,5509,5530,5971756,7133700,2023-10-16,2023-12-15,431.5,21,1161944,900389107,208452486,0.79229079345137,75.5529884481377,0.162880973407909
391.73,395,20957,21738,4966809,7108326,2023-10-16,2023-12-15,431.5,781,2141517,900389107,208452486,0.789472678504983,76.3424611266427,0.301268821942044
428.24,441,1685,5532,1733865,7058832,2023-10-16,2023-11-17,431.5,3847,5324967,816823582,215030253,0.864180730766414,87.8656280028899,0.754369419756696
383.95,385,66066,65734,4426422,6902070,2023-10-16,2023-11-17,431.5,-332,2475648,816823582,215030253,0.844989071336581,88.7106170742264,0.358681960629203
358.73,360,37511,54196,3150924,6882892,2023-10-16,2023-12-15,431.5,16685,3731968,900389107,208452486,0.764435280979027,77.1068964076217,0.542209292256801
403.09,408,14195,14018,5379905,6882838,2023-10-16,2023-12-15,431.5,-177,1502933,900389107,208452486,0.764429283571952,77.8713256911937,0.21835949066359
427.82,432,14897,16173,4066881,6760314,2023-10-16,2023-10-20,431.5,1276,2693433,390828710,117699715,1.72973832961248,81.025554391846,0.398418327906071
427.31,443,4534,4294,6397474,6737286,2023-10-16,2023-12-15,431.5,-240,339812,900389107,208452486,0.74826382811848,78.6195895193121,0.050437520390258
379.12,380,73422,75739,4331898,6665032,2023-10-16,2023-11-17,431.5,2317,2333134,816823582,215030253,0.815969585951548,89.526586660178,0.350055933714947
423.58,436,5277,5352,5525019,6647184,2023-10-16,2023-12-15,431.5,75,1122165,900389107,208452486,0.738256821225626,79.3578463405378,0.168818104027209
348.99,350,64593,65407,4327731,6606107,2023-10-16,2023-12-15,431.5,814,2278376,900389107,208452486,0.733694682514634,80.0915410230524,0.344889357680704
368.38,370,39987,39994,4318596,6479028,2023-10-16,2023-12-15,431.5,7,2160432,900389107,208452486,0.719580895596064,80.8111219186485,0.333450017502625
427.51,447,3303,3303,5598585,6437547,2023-10-16,2023-12-15,431.5,0,838961.999999999,900389107,208452486,0.714973887395108,81.5260958060436,0.130323242688558
416.91,420,11709,20551,2470599,6350259,2023-10-16,2023-11-03,431.5,8842,3879660,75988194,29115346,8.35690212613817,8.35690212613817,0.610945159874582
422.2,434,4985,5225,4790585,6165500,2023-10-16,2023-12-15,431.5,240,1374915,900389107,208452486,0.684759505869944,82.2108553119135,0.223001378639202
422.41,424,36881,38674,3466814,6149166,2023-10-16,2023-10-20,431.5,1793,2682352,390828710,117699715,1.5733659894126,82.5989203812586,0.436213951615552
424.67,427,23465,26390,3308565,6148870,2023-10-16,2023-10-20,431.5,2925,2840305,390828710,117699715,1.573290252909,84.1722106341676,0.461923085054652
413.78,418,13931,13758,4109645,5805876,2023-10-16,2023-11-17,431.5,-173,1696231,816823582,215030253,0.710787020348294,90.2373736805263,0.292157634782417
369.34,370,87374,86948,3844456,5738568,2023-10-16,2023-11-17,431.5,-426,1894112,816823582,215030253,0.702546807714472,90.9399204882408,0.330067013233964
419.14,429,5797,5802,4573833,5720772,2023-10-16,2023-12-15,431.5,5,1146939,900389107,208452486,0.635366638215004,82.8462219501285,0.200486752487252
431.34,451,2863,2863,5628658,5628658,2023-10-16,2023-12-15,431.5,0,0,900389107,208452486,0.625136172377083,83.4713581225056,0
374.09,376,29356,29355,4080484,5606805,2023-10-16,2023-12-15,431.5,-1,1526321,900389107,208452486,0.622709110584564,84.0940672330902,0.272226517597812
339.17,340,66090,66953,3965400,5557099,2023-10-16,2023-12-15,431.5,863,1591699,900389107,208452486,0.617188608435708,84.7112558415259,0.286426245060597
414.48,415,98512,104263,3250896,5421676,2023-10-16,2023-10-20,431.5,5751,2170780,390828710,117699715,1.3872256211679,85.5594362553355,0.400389104771292
430.59,455,2204,2204,4264740,5379964,2023-10-16,2023-12-15,431.5,0,1115224,900389107,208452486,0.597515447285392,85.3087712888113,0.207292093404342
397.88,402,12706,12377,3799094,5099324,2023-10-16,2023-12-15,431.5,-329,1300230,900389107,208452486,0.566346700593747,85.875117989405,0.254980856286049
428.4,446,2804,2803,4298532,4933280,2023-10-16,2023-12-15,431.5,-1,634748,900389107,208452486,0.547905340218649,86.4230233296236,0.128666526124607
427.25,431,11565,13154,2764035,4932750,2023-10-16,2023-10-20,431.5,1589,2168715,390828710,117699715,1.2621258044221,86.8215620597576,0.439656378287973
402.24,407,10056,10339,3549768,4921364,2023-10-16,2023-12-15,431.5,283,1371596,900389107,208452486,0.546581912390906,86.9696052420146,0.278702408519264
417.86,427,5750,5377,4232000,4914578,2023-10-16,2023-12-15,431.5,-373,682578.000000001,900389107,208452486,0.545828238235228,87.5154334802498,0.138888425415163
429.15,443,3525,3536,4230000,4897360,2023-10-16,2023-11-17,431.5,11,667360,816823582,215030253,0.599561534206538,91.5394820224473,0.136269336948887
423.34,430,7186,7254,3578628,4831164,2023-10-16,2023-11-10,431.5,68,1252536,45432418,15187601,10.6337373458749,10.6337373458749,0.259261743132711
413.52,421,5988,6455,3544896,4828340,2023-10-16,2023-12-15,431.5,467,1283444,900389107,208452486,0.536250379137472,88.0516838593873,0.265814752067999
416.07,420,12306,12170,3248784,4782810,2023-10-16,2023-11-10,431.5,-136,1534026,45432418,15187601,10.5273067350278,21.1610440809028,0.320737390780733
426.5,441,3396,3294,4278960,4776300,2023-10-16,2023-12-15,431.5,-102,497340,900389107,208452486,0.530470655727291,88.5821545151145,0.104126625211984
414.63,419,8749,10904,2790931,4765048,2023-10-16,2023-11-17,431.5,2155,1974117,816823582,215030253,0.583363177190935,92.1228451996382,0.414291104727591
420.45,423,18257,18431,3176718,4699905,2023-10-16,2023-10-27,431.5,174,1523187,105948882,37772110,4.43601188731751,21.4826617991118,0.324088891158438
429.5,447,2556,2671,3573288,4674250,2023-10-16,2023-11-17,431.5,115,1100962,816823582,215030253,0.572247190581234,92.6950923902195,0.235537679841686
401.39,406,10007,10120,3902730,4665320,2023-10-16,2023-12-15,431.5,113,762590.000000001,900389107,208452486,0.518144873558538,89.1002993886731,0.163459312544477
427.72,444,2865,2865,4320420,4664220,2023-10-16,2023-12-15,431.5,0,343800,900389107,208452486,0.518022704155171,89.6183220928283,0.0737100737100737
421.6,423,33288,32864,2729616,4600960,2023-10-16,2023-10-20,431.5,-424,1871344,390828710,117699715,1.17723183642266,87.9987938961803,0.406729030463208
393.48,395,30147,30262,2924259,4599824,2023-10-16,2023-11-17,431.5,115,1675565,816823582,215030253,0.563135553547228,93.2582279437667,0.364267198049317
412.71,415,20341,20059,3091832,4593511,2023-10-16,2023-11-03,431.5,-282,1501679,75988194,29115346,6.04503246912277,14.4019345952609,0.326913117221228
425.1,439,3470,3278,4035610,4556420,2023-10-16,2023-12-15,431.5,-192,520810,900389107,208452486,0.506050102625242,90.1243721954535,0.114302456753328
424.13,430,7053,7745,2976366,4546315,2023-10-16,2023-11-03,431.5,692,1569949,75988194,29115346,5.98292282087925,20.3848574161402,0.345323410278434
429.52,449,2329,2330,3966287,4538840,2023-10-16,2023-12-15,431.5,1,572553,900389107,208452486,0.504097613433255,90.6284698088868,0.126145226533652
417.92,420,15736,21466,2014208,4464928,2023-10-16,2023-10-27,431.5,5730,2450720,105948882,37772110,4.21422851823958,25.6968903173513,0.548882311204122
417.71,423,7590,8326,2937330,4404454,2023-10-16,2023-11-17,431.5,736,1467124,816823582,215030253,0.539217292088416,93.7974452358551,0.333100084596184
425.32,430,9727,9406,3151548,4402008,2023-10-16,2023-10-27,431.5,-321,1250460,105948882,37772110,4.15484138851036,29.8517317058617,0.284065817236134
389.92,393,14039,14158,3116658,4360664,2023-10-16,2023-12-15,431.5,119,1244006,900389107,208452486,0.484308835602117,91.1127786444889,0.285279030899881
407.23,413,7580,7539,3327620,4350003,2023-10-16,2023-12-15,431.5,-41,1022383,900389107,208452486,0.483124791957307,91.5959034364462,0.235030412622704
388.75,390,33663,34333,2760366,4291625,2023-10-16,2023-11-17,431.5,670,1531259,816823582,215030253,0.525404150244036,94.3228493860991,0.356801677686191
406.24,409,13876,14224,2594812,3925824,2023-10-16,2023-11-17,431.5,348,1331012,816823582,215030253,0.480620795788925,94.8034701818881,0.339040160740777
431.38,443,3624,3325,3529776,3863650,2023-10-16,2023-10-20,431.5,-299,333874,390828710,117699715,0.988578858497883,88.9873727546781,0.0864141420677339
420.77,422,30599,31255,2203128,3844365,2023-10-16,2023-10-20,431.5,656,1641237,390828710,117699715,0.983644471768719,89.9710172264468,0.426920180575986
407.96,414,6404,6343,2945840,3831172,2023-10-16,2023-12-15,431.5,-61,885332,900389107,208452486,0.425501815849933,92.0214052522961,0.231086466491194
416.34,417,58820,56979,2470440,3760614,2023-10-16,2023-10-20,431.5,-1841,1290174,390828710,117699715,0.962215390982919,90.9332326174298,0.343075359502464
363.56,365,26021,26043,2524037,3750192,2023-10-16,2023-12-15,431.5,22,1226155,900389107,208452486,0.41650792650027,92.4379131787964,0.326957926420834
428.74,436,3755,5036,2095290,3656136,2023-10-16,2023-10-27,431.5,1281,1560846,105948882,37772110,3.45084906134262,33.3025807672043,0.426911362159394
427.05,435,3200,4554,1952000,3620430,2023-10-16,2023-11-03,431.5,1354,1668430,75988194,29115346,4.76446380604861,25.1493212221888,0.460837524824399
427.67,436,3948,4336,2605680,3611888,2023-10-16,2023-11-03,431.5,388,1006208,75988194,29115346,4.75322258612963,29.9025438083184,0.278582281621135
429.98,445,1936,2335,2406448,3507170,2023-10-16,2023-11-10,431.5,399,1100722,45432418,15187601,7.71953189900656,28.8805759799093,0.313849057787333
395.3,399,9416,9212,2551736,3408440,2023-10-16,2023-12-15,431.5,-204,856704,900389107,208452486,0.378551892009951,92.8164650708063,0.251347830679138
426.7,432,6167,6378,2392796,3380340,2023-10-16,2023-10-27,431.5,211,987544,105948882,37772110,3.19053862220085,36.4931193894052,0.292143393859789
420.82,425,7903,8034,2370900,3358212,2023-10-16,2023-11-03,431.5,131,987312,75988194,29115346,4.41938651680549,34.3219303251239,0.293999306773962
427.23,433,5705,5717,2413215,3298709,2023-10-16,2023-10-27,431.5,12,885494,105948882,37772110,3.11349108903292,39.6066104784381,0.268436530776131
410.32,414,8724,8901,2085036,3275568,2023-10-16,2023-11-17,431.5,177,1190532,816823582,215030253,0.40101290807248,95.2044830899606,0.36345818496212
429.68,439,3438,3507,2420352,3268524,2023-10-16,2023-10-27,431.5,69,848172,105948882,37772110,3.08500093469604,42.6916114131341,0.259496947245913
399.47,400,59361,61474,2018274,3258122,2023-10-16,2023-10-27,431.5,2113,1239848,105948882,37772110,3.07518299249255,45.7667944056267,0.380540691846407
430.34,440,3050,3281,2409500,3169446,2023-10-16,2023-10-27,431.5,231,759946,105948882,37772110,2.99148602625179,48.7582804318785,0.23977250282857
409.65,413,10930,9054,2557620,3033090,2023-10-16,2023-11-17,431.5,-1876,475470.000000001,816823582,215030253,0.371327428203462,95.575810518164,0.156760926975461
374.6,375,73109,72894,1973943,2915760,2023-10-16,2023-11-03,431.5,-215,941817,75988194,29115346,3.83712238245852,38.1590527075824,0.323009095398798
425.96,433,2517,4090,1349112,2879360,2023-10-16,2023-11-03,431.5,1573,1530248,75988194,29115346,3.78922020439122,41.9482729119737,0.531454212047122
411.21,418,3916,4234,2130304,2874886,2023-10-16,2023-12-15,431.5,318,744582,900389107,208452486,0.319293733970062,93.1357588047764,0.258995313205463
354.52,355,59745,59698,2091075,2865504,2023-10-16,2023-11-17,431.5,-47,774429,816823582,215030253,0.350810635631232,95.9266211537952,0.270259263291903
374.23,375,37288,37150,1827112,2860550,2023-10-16,2023-11-17,431.5,-138,1033438,816823582,215030253,0.350204139919163,96.2768252937144,0.361272482564542
421.12,424,8508,9538,1625028,2746944,2023-10-16,2023-10-27,431.5,1030,1121916,105948882,37772110,2.59270692445816,51.3509873563366,0.408423324246872
409.67,410,88972,82919,2046356,2736327,2023-10-16,2023-10-20,431.5,-6053,689971,390828710,117699715,0.700134593489818,91.6333672109196,0.252152246423764
408,411,9215,8563,1935150,2568900,2023-10-16,2023-11-17,431.5,-652,633750,816823582,215030253,0.314498755497488,96.5913240492119,0.246700922573864
398.69,403,6263,5920,1929004,2551520,2023-10-16,2023-12-15,431.5,-343,622516,900389107,208452486,0.283379705525469,93.4191385103019,0.243978491252273
408.34,410,15108,15101,1586340,2506766,2023-10-16,2023-11-03,431.5,-7,920426,75988194,29115346,3.29888877211636,45.24716168409,0.367176673052052
409.73,416,3464,3922,1697360,2459094,2023-10-16,2023-12-15,431.5,458,761734,900389107,208452486,0.273114588002229,93.6922530983041,0.30976205057635
389.36,390,38301,38333,1570341,2453312,2023-10-16,2023-11-03,431.5,32,882971,75988194,29115346,3.2285436340282,48.4757053181182,0.35990978725902
428.74,440,1521,2148,1393236,2418648,2023-10-16,2023-11-10,431.5,627,1025412,45432418,15187601,5.32361715812704,34.2041931380364,0.423960824394455
379.73,380,89113,89294,1514921,2410938,2023-10-16,2023-10-27,431.5,181,896017,105948882,37772110,2.27556719286571,53.6265545492023,0.371646637118001
412.21,416,7172,6341,1957956,2403239,2023-10-16,2023-11-17,431.5,-831,445283,816823582,215030253,0.294217631929241,96.8855416811411,0.185284526424546
417.26,418,33455,32468,1572385,2402632,2023-10-16,2023-10-20,431.5,-987,830247,390828710,117699715,0.614753199681774,92.2481204106014,0.345557288839906
431,455,2008,1000,4230856,2400000,2023-10-16,2023-11-17,431.5,-1008,-1830856,816823582,215030253,0.293821095875266,97.1793627770164,-0.762856666666667
400.92,403,9558,11495,1309446,2390960,2023-10-16,2023-11-17,431.5,1937,1081514,816823582,215030253,0.292714369747469,97.4720771467639,0.452334627095393
403.72,405,9872,18492,789760,2366976,2023-10-16,2023-11-03,431.5,8620,1577216,75988194,29115346,3.11492598442332,51.5906313025416,0.666342202033312
399.05,400,22335,24798,1362435,2355810,2023-10-16,2023-11-03,431.5,2463,993375,75988194,29115346,3.100231596503,54.6908628990446,0.421670253543367
425.35,432,3528,3514,1732248,2336810,2023-10-16,2023-11-03,431.5,-14,604562,75988194,29115346,3.075227712347,57.7660906113916,0.258712518347662
353.87,355,20493,20491,1577961,2315483,2023-10-16,2023-12-15,431.5,-2,737522,900389107,208452486,0.257164706014152,93.9494178043183,0.318517561994625
419.96,425,3772,4577,1365464,2306808,2023-10-16,2023-11-10,431.5,805,941344,45432418,15187601,5.07744932264006,39.2816424606764,0.408072106564569
415.04,423,2885,2876,1883905,2289296,2023-10-16,2023-12-15,431.5,-9,405391,900389107,208452486,0.254256296772369,94.2036741010906,0.177081076453198
399.67,404,5349,5276,1684935,2284508,2023-10-16,2023-12-15,431.5,-73,599573,900389107,208452486,0.253724526678442,94.4573986277691,0.262451696382766
429.36,438,2619,2627,1749492,2269728,2023-10-16,2023-10-27,431.5,8,520236.000000001,105948882,37772110,2.14228593747691,55.7688404866792,0.229206318995052
409.04,410,20682,23334,1178874,2240064,2023-10-16,2023-10-27,431.5,2652,1061190,105948882,37772110,2.11428752971645,57.8831280163957,0.473732000514271
418.16,419,28707,26623,1464057,2236332,2023-10-16,2023-10-20,431.5,-2084,772275,390828710,117699715,0.572202589722746,92.8203230003241,0.34533110468392
409.97,411,19551,21584,1173060,2223152,2023-10-16,2023-10-27,431.5,2033,1050092,105948882,37772110,2.09832511493609,59.9814531313318,0.47234377136606
384.7,385,72398,73146,1520358,2194380,2023-10-16,2023-10-27,431.5,748,674022,105948882,37772110,2.07116862261935,62.0526217539511,0.307158286167391
419.92,421,19762,19978,1264768,2157624,2023-10-16,2023-10-20,431.5,216,892856,390828710,117699715,0.552063844030291,93.3723868443544,0.413814455159935
428.99,437,1824,2684,1088928,2149884,2023-10-16,2023-10-27,431.5,860,1060956,105948882,37772110,2.02917101097867,64.0817927649298,0.493494532728277
413.64,415,13670,15766,1148280,2144176,2023-10-16,2023-10-27,431.5,2096,995896,105948882,37772110,2.02378350722002,66.1055762721498,0.464465603569856
410.43,417,3681,3245,1862586,2131965,2023-10-16,2023-12-15,431.5,-436,269379,900389107,208452486,0.236782629135028,94.6941812569041,0.126352449500813
414.97,420,4055,4186,1528735,2105558,2023-10-16,2023-11-24,431.5,131,576823,20750206,7453917,10.1471667317423,10.1471667317423,0.27395255794426
319.42,320,36152,36207,1446080,2100006,2023-10-16,2023-12-15,431.5,55,653926,900389107,208452486,0.233233163714852,94.9274144206189,0.311392443640637
397.23,399,9576,11849,1129968,2097273,2023-10-16,2023-11-17,431.5,2273,967305,816823582,215030253,0.256759604670669,97.7288367514345,0.461220356148198
428.58,438,2053,2222,1541803,2093124,2023-10-16,2023-11-03,431.5,169,551321,75988194,29115346,2.75453842211331,60.5206290335049,0.263396244083007
427.67,434,2393,3239,1107959,2050287,2023-10-16,2023-10-27,431.5,846,942328,105948882,37772110,1.93516624366079,68.0407425158106,0.459607850022948
426.72,434,2912,2766,1656928,2013648,2023-10-16,2023-11-03,431.5,-146,356720,75988194,29115346,2.64994849068265,63.1705775241875,0.177151120751988
424.04,428,4173,4948,1114191,1959408,2023-10-16,2023-10-27,431.5,775,845217,105948882,37772110,1.84938997279839,69.890132488609,0.431363452634673
422.98,428,2113,3880,783923,1947760,2023-10-16,2023-11-03,431.5,1767,1163837,75988194,29115346,2.56324028440523,65.7338178085927,0.597525875877932
389.84,390,129839,121089,1558068,1937424,2023-10-16,2023-10-20,431.5,-8750,379356,390828710,117699715,0.495722026153094,93.8681088705075,0.195804325743874
399.79,400,90831,91510,1362465,1921710,2023-10-16,2023-10-20,431.5,679,559245,390828710,117699715,0.49170133893183,94.3598102094393,0.291014252930983
415.41,417,12296,12086,1217304,1921674,2023-10-16,2023-10-27,431.5,-210,704370,105948882,37772110,1.81377468428596,71.703907172895,0.36653979811352
403.95,409,3718,3804,1583868,1921020,2023-10-16,2023-12-15,431.5,86,337152,900389107,208452486,0.213354424777598,95.1407688453965,0.17550676203267
399.03,401,8532,9719,1092096,1914643,2023-10-16,2023-11-17,431.5,1187,822547,816823582,215030253,0.234401043529128,97.9632377949637,0.429608548434356
390.83,394,5572,5942,1275988,1883614,2023-10-16,2023-12-15,431.5,370,607626,900389107,208452486,0.209199998684569,95.3499688440811,0.322585200577188
426.29,435,2022,2160,1393158,1881360,2023-10-16,2023-11-10,431.5,138,488202,45432418,15187601,4.14100785918989,43.4226503198663,0.259494195688226
423.58,429,2517,3448,1006800,1868816,2023-10-16,2023-11-03,431.5,931,862016,75988194,29115346,2.45935046173094,68.1931682703237,0.46126317411666
429.39,440,1100,1759,946000,1866299,2023-10-16,2023-11-03,431.5,659,920299,75988194,29115346,2.45603810507722,70.6492063754009,0.493114447363472
422.17,430,2047,2374,1260952,1858842,2023-10-16,2023-11-24,431.5,327,597890,20750206,7453917,8.95818576451723,19.1053524962596,0.321646487436802
432,446,1655,1319,2035650,1846600,2023-10-16,2023-10-20,431.5,-336,-189050,390828710,117699715,0.472483201144563,94.8322934105839,-0.102377342142316
428.1,435,2424,2567,1226544,1771230,2023-10-16,2023-10-27,431.5,143,544686,105948882,37772110,1.67177790512221,73.3756850780172,0.307518504090378
429.05,439,1849,1772,1481049,1763140,2023-10-16,2023-11-03,431.5,-77,282091,75988194,29115346,2.32028149004305,72.9694878654439,0.159993534262736
430.7,449,622,963,854006,1762290,2023-10-16,2023-11-17,431.5,341,908284,816823582,215030253,0.215749157937509,98.1789869529012,0.51539984906003
299.58,300,41882,41931,1214578,1761102,2023-10-16,2023-12-15,431.5,49,546524,900389107,208452486,0.195593436916158,95.5455622809973,0.310330690669819
374.77,375,74017,74232,1258289,1707336,2023-10-16,2023-10-27,431.5,215,449047,105948882,37772110,1.61147146413494,74.9871565421521,0.263010327199801
424.68,429,3649,3900,1065508,1684800,2023-10-16,2023-10-27,431.5,251,619292,105948882,37772110,1.59020082911304,76.5773573712651,0.367575973409307
394.6,395,41808,41823,1296048,1672920,2023-10-16,2023-10-27,431.5,15,376872,105948882,37772110,1.57898787454878,78.1563452458139,0.225277957104942
415.43,416,28691,28736,1090258,1637952,2023-10-16,2023-10-20,431.5,45,547694,390828710,117699715,0.419097153840105,95.251390564424,0.334377319970304
428.16,437,1452,1835,1026564,1622140,2023-10-16,2023-11-03,431.5,383,595576,75988194,29115346,2.13472634972743,75.1042142151714,0.367154499611624
324.36,325,25125,25150,1080375,1609600,2023-10-16,2023-12-15,431.5,25,529225,900389107,208452486,0.178767156053566,95.7243294370508,0.328792867793241
407.69,410,7035,6628,1076355,1531068,2023-10-16,2023-11-10,431.5,-407,454713,45432418,15187601,3.36999012467265,46.792640444539,0.296990728040819
397.06,401,3790,3795,1095310,1495230,2023-10-16,2023-12-15,431.5,5,399920,900389107,208452486,0.166064869996256,95.8903943070471,0.267463868434957
376.94,379,7247,7247,1079803,1492882,2023-10-16,2023-12-15,431.5,0,413079,900389107,208452486,0.165804093851615,96.0561984008987,0.276699029126214
389.67,390,44694,44795,1117350,1478235,2023-10-16,2023-10-27,431.5,101,360885,105948882,37772110,1.3952341658499,79.5515794116638,0.244132360551604
398.59,400,10295,10444,926550,1472604,2023-10-16,2023-11-10,431.5,149,546054,45432418,15187601,3.24130668105757,50.0339471255965,0.370808445447656
395.39,397,8303,9134,913330,1470574,2023-10-16,2023-11-17,431.5,831,557244,816823582,215030253,0.180035693435697,98.3590226463369,0.378929588038412
419.6,422,5678,6118,897124,1468320,2023-10-16,2023-10-27,431.5,440,571196,105948882,37772110,1.38587587927544,80.9374552909393,0.389013294104827
425.75,432.5,2136,2141,1108584,1445175,2023-10-16,2023-11-03,431.5,5,336591,75988194,29115346,1.90184148869231,77.0060557038637,0.232906741398101
422.6,426,3638,4246,833102,1443640,2023-10-16,2023-10-27,431.5,608,610538,105948882,37772110,1.36258162686417,82.3000369178035,0.422915685350919
394.41,398,3516,3982,942288,1429538,2023-10-16,2023-12-15,431.5,466,487250,900389107,208452486,0.158768913227201,96.2149673141259,0.340844384689319
378.83,381,6576,6587,986400,1429379,2023-10-16,2023-12-15,431.5,11,442979,900389107,208452486,0.15875125419526,96.3737185683212,0.309910107816052
431.3,460,436,489,1220800,1403430,2023-10-16,2023-12-15,431.5,53,182630,900389107,208452486,0.155869277969841,96.529587846291,0.1301311786124
404.32,405,19217,20125,807114,1368500,2023-10-16,2023-10-27,431.5,908,561386,105948882,37772110,1.29166063309663,83.5916975509001,0.410219948849105
394.23,395,17489,17474,821983,1345498,2023-10-16,2023-11-03,431.5,-15,523515,75988194,29115346,1.7706671644282,78.7767228682919,0.389086420046704
433.2,456,587,587,1338360,1338360,2023-10-16,2023-12-15,431.5,0,0,900389107,208452486,0.148642402445235,96.6782302487362,0
429.22,437.5,1496,1572,960432,1301616,2023-10-16,2023-10-27,431.5,76,341184,105948882,37772110,1.22853207644041,84.8202296273405,0.262123391230593
374.88,375,107159,107231,964431,1286772,2023-10-16,2023-10-20,431.5,72,322341,390828710,117699715,0.329241933122057,95.5806324975461,0.250503585716817
431.09,445,1145,921,1306445,1281111,2023-10-16,2023-10-27,431.5,-224,-25334,105948882,37772110,1.20917840360033,86.0294080309408,-0.0197750233976603
420.44,426,2008,2241,773080,1245996,2023-10-16,2023-11-10,431.5,233,472916,45432418,15187601,2.74252627275968,52.7764733983562,0.379548569979358
424.67,432,933,1639,534609,1201387,2023-10-16,2023-11-10,431.5,706,666778,45432418,15187601,2.64433867464417,55.4208120730004,0.555006837929826
431.37,470,317,310,1137079,1197530,2023-10-16,2023-12-15,431.5,-7,60451,900389107,208452486,0.133001386921488,96.8112316356577,0.0504797374596044
418.66,425,1828,1859,892064,1178606,2023-10-16,2023-11-24,431.5,31,286542,20750206,7453917,5.67997252653781,24.7853250227974,0.243119413951736
410.32,413,3658,4381,658440,1174108,2023-10-16,2023-11-10,431.5,723,515668,45432418,15187601,2.58429564545739,58.0051077184578,0.439199801040449
423.93,431,1129,1647,608531,1164429,2023-10-16,2023-11-10,431.5,518,555898,45432418,15187601,2.56299147450175,60.5680991929595,0.477399652533559
422.25,427,2244,2365,774180,1123375,2023-10-16,2023-11-03,431.5,121,349195,75988194,29115346,1.47835465072377,80.2550775190156,0.310844553243574
412.58,413,26182,26478,759278,1112076,2023-10-16,2023-10-20,431.5,296,352798,390828710,117699715,0.284543067473216,95.8651755650193,0.317242706433733
386.27,389,4089,4046,801444,1104558,2023-10-16,2023-12-15,431.5,-43,303114,900389107,208452486,0.122675628948941,96.9339072646067,0.274421080649454
383.47,386,4242,4321,827190,1093213,2023-10-16,2023-12-15,431.5,79,266023,900389107,208452486,0.121415618147855,97.0553228827545,0.243340501805229
359.47,360,20396,20600,713860,1091800,2023-10-16,2023-11-17,431.5,204,377940,816823582,215030253,0.133664113531923,98.4926867598688,0.34616230078769
389.01,392,3601,3641,770614,1088659,2023-10-16,2023-12-15,431.5,40,318045,900389107,208452486,0.120909836817917,97.1762327195724,0.292143820976082
369.9,370,108800,108840,870400,1088400,2023-10-16,2023-10-20,431.5,40,218000,390828710,117699715,0.278485170651869,96.1436607356711,0.200294009555311
427.86,440,841,891,867071,1081674,2023-10-16,2023-11-24,431.5,50,214603,20750206,7453917,5.21283499546944,29.9981600182668,0.198398963088694
384.86,385,76559,76599,842149,1072386,2023-10-16,2023-10-20,431.5,40,230237,390828710,117699715,0.274387723460746,96.4180484591319,0.214696014308281
424.8,431,1165,1715,517260,1063300,2023-10-16,2023-11-03,431.5,550,546040,75988194,29115346,1.39929631700419,81.6543738360199,0.513533339603122
359.71,360,35826,35903,609042,1041187,2023-10-16,2023-11-03,431.5,77,432145,75988194,29115346,1.37019574382831,83.0245695798481,0.415050322372446
334.23,335,13237,13262,675087,1021174,2023-10-16,2023-12-15,431.5,25,346087,900389107,208452486,0.113414743921374,97.2896474634938,0.338910900590889
388.1,391,3418,3520,717780,1020800,2023-10-16,2023-12-15,431.5,102,303020,900389107,208452486,0.11337320632423,97.403020669818,0.296845611285266
379.74,382,4415,4496,671080,1016096,2023-10-16,2023-12-15,431.5,81,345016,900389107,208452486,0.112850765530196,97.5158714353482,0.339550593644695
425.9,431,1554,1918,526806,978180,2023-10-16,2023-10-27,431.5,364,451374,105948882,37772110,0.923256556874286,86.9526645878151,0.461442679261486
396.32,398,5720,5756,686400,967008,2023-10-16,2023-11-17,431.5,36,280608,816823582,215030253,0.118386395950062,98.6110731558189,0.290181673781396
349.57,350,21677,22307,606956,959201,2023-10-16,2023-11-17,431.5,630,352245,816823582,215030253,0.117430620410271,98.7285037762291,0.367227515400839
417.09,419,3697,4980,510186,951180,2023-10-16,2023-10-27,431.5,1283,440994,105948882,37772110,0.897772569228243,87.8504371570433,0.463628335330852
425.06,432.5,1125,1272,681750,946368,2023-10-16,2023-11-10,431.5,147,264618,45432418,15187601,2.08302362423237,62.6511228171919,0.279614272671942
410.83,415,1964,2258,583308,941586,2023-10-16,2023-11-24,431.5,294,358278,20750206,7453917,4.53771880626149,34.5358788245283,0.380504807845486
380.68,383,3967,4012,642654,930784,2023-10-16,2023-12-15,431.5,45,288130,900389107,208452486,0.103375750857457,97.6192471862057,0.30955624505793
428.4,437.5,1002,1021,724446,929110,2023-10-16,2023-11-03,431.5,19,204664,75988194,29115346,1.22270309516765,84.2472726750158,0.220279622434373
416.24,418,5314,5260,579226,925760,2023-10-16,2023-10-27,431.5,-54,346534,105948882,37772110,0.873779866785192,88.7242170238285,0.374323798824749
402.79,403,44010,44083,792180,925743,2023-10-16,2023-10-20,431.5,73,133563,390828710,117699715,0.236866682593508,96.6549151417254,0.144276543273889
421.74,427.5,1505,1595,635110,918720,2023-10-16,2023-11-10,431.5,90,283610,45432418,15187601,2.02216839966563,64.6732912168575,0.308701236502961
344.1,345,10115,10138,627130,912420,2023-10-16,2023-12-15,431.5,23,285290,900389107,208452486,0.101336188199798,97.7205833744055,0.31267398785647
364.42,365,15604,15532,608556,900856,2023-10-16,2023-11-17,431.5,-72,292300,816823582,215030253,0.110287707144087,98.8387914833732,0.32446917154351
430.69,445,510,612,614550,875772,2023-10-16,2023-11-03,431.5,102,261222,75988194,29115346,1.15251061237223,85.399783287388,0.298276263685069
419.3,423,2179,2362,566540,873940,2023-10-16,2023-11-03,431.5,183,307400,75988194,29115346,1.15009971154203,86.5498829989301,0.351740394077397
404.76,405,34978,36337,664582,872088,2023-10-16,2023-10-20,431.5,1359,207506,390828710,117699715,0.223138161984057,96.8780533037095,0.237941583876856
376,378,4098,4306,581916,861200,2023-10-16,2023-12-15,431.5,208,279284,900389107,208452486,0.0956475365266719,97.8162309109322,0.324296330701347
421.39,429,1037,1131,614941,860691,2023-10-16,2023-11-24,431.5,94,245750,20750206,7453917,4.14786725490822,38.6837460794365,0.285526396813723
430.67,442,815,759,762025,859947,2023-10-16,2023-10-27,431.5,-56,97921.9999999999,105948882,37772110,0.811662174972266,89.5358791988008,0.113869808255625
413.53,414,19746,17796,612126,836412,2023-10-16,2023-10-20,431.5,-1950,224286,390828710,117699715,0.214009866368313,97.0920631700778,0.268152537266323
369.78,370,37530,37614,562950,827508,2023-10-16,2023-10-27,431.5,84,264558,105948882,37772110,0.781044579592638,90.3169237783934,0.319704462071666
304.55,305,18252,18374,419796,826830,2023-10-16,2023-12-15,431.5,122,407034,900389107,208452486,0.0918302979869347,97.9080612089191,0.492282573201263
430.25,441,706,768,591628,825600,2023-10-16,2023-10-27,431.5,62,233972,105948882,37772110,0.779243711132318,91.0961674895258,0.283396317829457
294.61,295,21096,21109,379728,823251,2023-10-16,2023-12-15,431.5,13,443523,900389107,208452486,0.0914328031736172,97.9994940120927,0.538745777411749
420.77,428,1028,1136,575680,821328,2023-10-16,2023-11-24,431.5,108,245648,20750206,7453917,3.95816793336895,42.6419140128055,0.299086357703622
430.95,455,383,340,813109,817700,2023-10-16,2023-10-20,431.5,-43,4591,390828710,117699715,0.209222091181582,97.3012852612593,0.00561452855570503
418.6,422,2752,2374,660480,807160,2023-10-16,2023-11-03,431.5,-378,146680,75988194,29115346,1.06221763870319,87.6121006376333,0.181723574012587
364.8,365,39953,39988,599295,799760,2023-10-16,2023-10-27,431.5,35,200465,105948882,37772110,0.754854591103661,91.8510220806294,0.25065644693408
431.37,460,305,277,799710,793051,2023-10-16,2023-11-17,431.5,-28,-6659.00000000012,816823582,215030253,0.0970896307937397,98.935881114167,-0.00839668571125958
391.59,393,4894,5602,450248,789882,2023-10-16,2023-11-17,431.5,708,339634,816823582,215030253,0.0967016645217278,99.0325827786887,0.42998068065863
394.81,395,41279,41459,536627,787721,2023-10-16,2023-10-20,431.5,180,251094,390828710,117699715,0.201551467393478,97.5028367286528,0.31876006860297
314.46,315,14472,14545,390744,785430,2023-10-16,2023-12-15,431.5,73,394686,900389107,208452486,0.0872322858965907,98.0867262979893,0.502509453420419
392.63,396,1986,2322,528276,782514,2023-10-16,2023-12-15,431.5,336,254238,900389107,208452486,0.0869084259145752,98.1736347239039,0.324898979443179
429.59,442,616,617,619696,765697,2023-10-16,2023-11-03,431.5,1,146001,75988194,29115346,1.00765258350527,88.6197532211386,0.190677252229015
412.71,414,5520,5854,441600,755166,2023-10-16,2023-10-27,431.5,334,313566,105948882,37772110,0.712764482026342,92.5637865626557,0.415227910154853
425.55,434,790,878,509550,741910,2023-10-16,2023-11-10,431.5,88,232360,45432418,15187601,1.63299694944698,66.3062881663045,0.313191627016754
418.81,421,3135,3356,460845,734964,2023-10-16,2023-10-27,431.5,221,274119,105948882,37772110,0.693696796158736,93.2574833588145,0.372969288291671
329.31,330,10594,10636,550888,733884,2023-10-16,2023-12-15,431.5,42,182996,900389107,208452486,0.0815074276548306,98.2551421515587,0.249352758746614
379.87,380,56039,56075,504351,728975,2023-10-16,2023-10-20,431.5,36,224624,390828710,117699715,0.186520330095504,97.6893570587483,0.308136767378854
417.76,421,2045,2240,460125,725760,2023-10-16,2023-11-03,431.5,195,265635,75988194,29115346,0.955095735003256,89.5748489561418,0.366009424603175
359.8,360,35957,36246,431484,724920,2023-10-16,2023-10-27,431.5,289,293436,105948882,37772110,0.684216752754409,93.9417001115689,0.404783976162887
414.53,418,1416,2089,345504,724883,2023-10-16,2023-11-10,431.5,673,379379,45432418,15187601,1.59551930517984,67.9018074714844,0.523365839728618
394.42,396,3191,4487,335055,708946,2023-10-16,2023-11-17,431.5,1296,373891,816823582,215030253,0.0867930377651609,99.1193758164538,0.527389956357748
410.64,411,19420,19482,485500,701352,2023-10-16,2023-10-20,431.5,62,215852,390828710,117699715,0.179452527937367,97.8688095866857,0.307765572779432
419.24,424,1379,1458,467481,694008,2023-10-16,2023-11-10,431.5,79,226527,45432418,15187601,1.52756122291356,69.4293686943979,0.326404018397482
359.91,360,76169,76234,533183,686106,2023-10-16,2023-10-20,431.5,65,152923,390828710,117699715,0.175551586269085,98.0443611729548,0.222885385057119
415.34,419,1849,1864,467797,682224,2023-10-16,2023-11-10,431.5,15,214427,45432418,15187601,1.50162379647062,70.9309924908685,0.314305858486362
405.76,406,27282,27911,491076,669864,2023-10-16,2023-10-20,431.5,629,178788,390828710,117699715,0.171395801500867,98.2157569744557,0.266901938303895
426.86,436,984,722,715368,659908,2023-10-16,2023-11-10,431.5,-262,-55459.9999999998,45432418,15187601,1.45250468509072,72.3834971759593,-0.0840420179782633
413.74,417,1766,2014,457394,656564,2023-10-16,2023-11-10,431.5,248,199170,45432418,15187601,1.4451443020268,73.8286414779861,0.303351996149652
400.8,401,7922,32649,134674,652980,2023-10-16,2023-10-20,431.5,24727,518306,390828710,117699715,0.16707575039715,98.3828327248528,0.793754785751478
422.74,429,1170,1043,547560,652918,2023-10-16,2023-11-10,431.5,-127,105358,45432418,15187601,1.43711919537278,75.2657606733588,0.161364826823583
432.07,442.5,653,614,679120,640402,2023-10-16,2023-10-27,431.5,-39,-38718,105948882,37772110,0.604444320611142,94.54614443218,-0.0604588992539062
429.77,441,562,563,585604,632249,2023-10-16,2023-11-03,431.5,1,46645.0000000001,75988194,29115346,0.832035829144722,90.4068847852865,0.0737763128134645
421.4,427,843,1127,347316,631120,2023-10-16,2023-11-10,431.5,284,283804,45432418,15187601,1.38914023902492,76.6549009123838,0.449683103054887
356.78,358,5165,5166,371880,630252,2023-10-16,2023-12-15,431.5,1,258372,900389107,208452486,0.0699977371005667,98.3251398886593,0.409950305592049
357.75,359,4747,5039,337037,629875,2023-10-16,2023-12-15,431.5,292,292838,900389107,208452486,0.0699558663141401,98.3950957549734,0.464914467156182
384.42,387,2747,2419,549400,624102,2023-10-16,2023-12-15,431.5,-328,74702,900389107,208452486,0.0693146990726533,98.4644104540461,0.119695178031796
422.15,428,933,1061,415185,620685,2023-10-16,2023-11-10,431.5,128,205500,45432418,15187601,1.36617205802253,78.0210729704063,0.331085816476957
309.5,310,12212,12250,305300,612500,2023-10-16,2023-12-15,431.5,38,307200,900389107,208452486,0.0680261450564173,98.5324365991025,0.501551020408163
392.55,394,4666,4215,443270,611175,2023-10-16,2023-11-17,431.5,-451,167905,816823582,215030253,0.0748233784464856,99.1941991949003,0.27472491512251
352.88,354,5051,5337,308111,597744,2023-10-16,2023-12-15,431.5,286,289633,900389107,208452486,0.0663872980418009,98.5988238971443,0.484543550416232
367.42,369,3732,3732,417984,589656,2023-10-16,2023-12-15,431.5,0,171672,900389107,208452486,0.0654890197377743,98.6643129168821,0.291139240506329
423.36,432,328,682,226320,589248,2023-10-16,2023-11-24,431.5,354,362928,20750206,7453917,2.83972120565936,45.4816352184648,0.615917236884979
427,437,1181,585,935352,585000,2023-10-16,2023-11-10,431.5,-596,-350352,45432418,15187601,1.2876268218874,79.3086997922937,-0.598892307692308
414.5,416,3297,3820,296730,573000,2023-10-16,2023-10-27,431.5,523,276270,105948882,37772110,0.540826848932677,95.0869712811127,0.482146596858639
412.07,415,1813,1953,353535,572229,2023-10-16,2023-11-10,431.5,140,218694,45432418,15187601,1.25951693788343,80.5682167301771,0.382179162538075
430.78,443,453,460,446205,562120,2023-10-16,2023-10-27,431.5,7,115915,105948882,37772110,0.530557745762716,95.6175290268754,0.206210417704405
416.14,419,1925,1960,381150,560560,2023-10-16,2023-11-03,431.5,35,179410,75988194,29115346,0.737693542236311,91.1445783275228,0.320054945054945
424.84,435,424,550,337080,558800,2023-10-16,2023-11-24,431.5,126,221720,20750206,7453917,2.69298531301328,48.1746205314781,0.396778811739442
420.11,424,1486,1417,420538,551213,2023-10-16,2023-11-03,431.5,-69,130675,75988194,29115346,0.72539294722546,91.8699712747483,0.237068066246623
390.66,392,4795,4084,426755,547256,2023-10-16,2023-11-17,431.5,-711,120501,816823582,215030253,0.066998065685131,99.2611972605855,0.220191281593989
421.51,426,942,1204,299556,540596,2023-10-16,2023-11-03,431.5,262,241040,75988194,29115346,0.711421039957865,92.5813923147062,0.445878252891253
429.51,447,4,306,5728,535194,2023-10-16,2023-11-10,431.5,302,529466,45432418,15187601,1.17800025523625,81.7462169854134,0.989297338908882
348,349,5306,5303,313054,530300,2023-10-16,2023-12-15,431.5,-3,217246,900389107,208452486,0.0588967587321111,98.7232096756142,0.409666226664152
424.52,434,549,557,413946,528036,2023-10-16,2023-11-24,431.5,8,114090,20750206,7453917,2.54472654391961,50.7193470753977,0.216064813762698
284.67,285,15896,15907,317920,524931,2023-10-16,2023-12-15,431.5,11,207011,900389107,208452486,0.058300460980588,98.7815101365948,0.394358496640511
274.71,275,17922,17914,286752,519506,2023-10-16,2023-12-15,431.5,-8,232754,900389107,208452486,0.0576979436958026,98.8392080802906,0.448029474154293
402.34,405,2123,1941,399124,516306,2023-10-16,2023-11-24,431.5,-182,117182,20750206,7453917,2.4881969846468,53.2075440600445,0.226962305299571
427,432.5,834,934,342774,513700,2023-10-16,2023-10-27,431.5,100,170926,105948882,37772110,0.484856461250813,96.1023854881262,0.332735059373175
385.35,388,1825,1913,417925,506945,2023-10-16,2023-12-15,431.5,88,89020,900389107,208452486,0.0563028801724497,98.895510960463,0.175600903451065
370.28,372,2923,2936,394605,504992,2023-10-16,2023-12-15,431.5,13,110387,900389107,208452486,0.056085973949927,98.9515969344129,0.218591581648818
346.04,347,5047,5056,267491,485376,2023-10-16,2023-12-15,431.5,9,217885,900389107,208452486,0.0539073602986181,99.0055042947116,0.448899409941983
425.6,436,304,464,252320,482560,2023-10-16,2023-11-24,431.5,160,230240,20750206,7453917,2.32556727388634,55.5331113339309,0.477122015915119
372.19,374,2613,2658,357981,481098,2023-10-16,2023-12-15,431.5,45,123117,900389107,208452486,0.0534322323826159,99.0589365270942,0.255908359627352
309.79,310,22838,22837,274056,479577,2023-10-16,2023-11-17,431.5,-1,205521,816823582,215030253,0.0587124332069051,99.3199096937924,0.428546406520746
420.39,427.5,675,664,392850,472104,2023-10-16,2023-11-24,431.5,-11,79254,20750206,7453917,2.27517741269653,57.8082887466274,0.167874027756596
406.49,408,2624,3048,291264,460248,2023-10-16,2023-11-03,431.5,424,168984,75988194,29115346,0.605683561843831,93.18707587655,0.367158575376753
411.21,414,912,1631,172368,455049,2023-10-16,2023-11-10,431.5,719,282681,45432418,15187601,1.00159538063768,82.747812366051,0.621210023535927
369.34,371,2837,2721,354625,451686,2023-10-16,2023-12-15,431.5,-116,97060.9999999999,900389107,208452486,0.0501656446627802,99.109102171757,0.214886004879496
397.82,398,24860,24989,372900,449802,2023-10-16,2023-10-20,431.5,129,76902,390828710,117699715,0.115089293209805,98.4979220180626,0.170968559499513
409.22,411,1433,2525,160496,449450,2023-10-16,2023-11-03,431.5,1092,288954,75988194,29115346,0.591473459679802,93.7785493362298,0.64290577372344
425.17,433,378,572,225288,447876,2023-10-16,2023-11-10,431.5,194,222588,45432418,15187601,0.985807094836995,83.7336194608881,0.496985772847842
422.68,431,542,532,348506,442624,2023-10-16,2023-11-24,431.5,-10,94118,20750206,7453917,2.13310653397851,59.9413952806059,0.212636458935801
407.19,408,5271,5439,274092,440559,2023-10-16,2023-10-27,431.5,168,166467,105948882,37772110,0.415822226420473,96.5182077145467,0.377854044520711
431.38,449,261,250,397503,440500,2023-10-16,2023-10-20,431.5,-11,42997,390828710,117699715,0.112709222411015,98.6106312404736,0.0976095346197503
361.63,363,3189,3194,302955,437578,2023-10-16,2023-12-15,431.5,5,134623,900389107,208452486,0.0485987665330563,99.15770093829,0.307654863818565
412.9,416,1649,1400,342992,434000,2023-10-16,2023-11-10,431.5,-249,91008,45432418,15187601,0.955265026836124,84.6888844877242,0.209695852534562
410.11,412,1864,2288,231136,432432,2023-10-16,2023-11-03,431.5,424,201296,75988194,29115346,0.56907787543944,94.3476272116692,0.465497465497466
397.8,400,1246,1958,183162,430760,2023-10-16,2023-11-24,431.5,712,247598,20750206,7453917,2.07593119798425,62.0173264785901,0.574793388429752
304.8,305,21489,21498,171912,429960,2023-10-16,2023-11-17,431.5,9,258048,816823582,215030253,0.0526380493260539,99.3725477431184,0.600167457437901
329.68,330,13309,13306,252871,425792,2023-10-16,2023-11-17,431.5,-3,172921,816823582,215030253,0.0521277800228838,99.4246755231413,0.406116131820231
427.99,439,266,383,229292,421683,2023-10-16,2023-11-10,431.5,117,192391,45432418,15187601,0.928154429288795,85.617038917013,0.456245568353479
420.09,427,638,603,355366,416673,2023-10-16,2023-11-24,431.5,-35,61307,20750206,7453917,2.00804271533497,64.0253691939251,0.147134563554634
419.36,426,511,624,259588,414336,2023-10-16,2023-11-24,431.5,113,154748,20750206,7453917,1.99678017654379,66.0221493704689,0.373484321902997
414.46,417,1538,1627,269150,413258,2023-10-16,2023-11-03,431.5,89,144108,75988194,29115346,0.543845008344323,94.8914722200136,0.348711942660517
375.05,377,2113,2115,253560,412425,2023-10-16,2023-12-15,431.5,2,158865,900389107,208452486,0.0458051965304374,99.2035061348204,0.385197308601564
431.39,452,205,199,373920,410139,2023-10-16,2023-10-20,431.5,-6,36219.0000000001,390828710,117699715,0.104940857594622,98.7155720980682,0.0883090854563942
386.76,388,2960,3274,230880,405976,2023-10-16,2023-11-17,431.5,314,175096,816823582,215030253,0.049701797174607,99.4743773203159,0.431296431316137
431.23,447,260,256,356200,403712,2023-10-16,2023-10-20,431.5,-4,47512,390828710,117699715,0.103296403173656,98.8188685012419,0.117687856689918
411.61,412,10687,10211,299236,398229,2023-10-16,2023-10-20,431.5,-476,98993,390828710,117699715,0.101893486791183,98.9207619880331,0.2485831016827
418.41,423,772,855,253216,392445,2023-10-16,2023-11-10,431.5,83,139229,45432418,15187601,0.86379950105231,86.4808384180653,0.354773280332276
410.95,412,2812,3737,188404,392385,2023-10-16,2023-10-27,431.5,925,203981,105948882,37772110,0.370353129351568,96.8885608438983,0.51984912776992
424.07,433,405,437,289575,390241,2023-10-16,2023-11-24,431.5,32,100666,20750206,7453917,1.8806608474152,67.9028102178841,0.257958543566668
415.25,418,1404,1414,251316,388850,2023-10-16,2023-11-03,431.5,10,137534,75988194,29115346,0.511724229161177,95.4031964491747,0.353694226565514
381.61,384,1518,1624,261096,388136,2023-10-16,2023-12-15,431.5,106,127040,900389107,208452486,0.0431075850410083,99.2466137198615,0.327307953913061
411.85,413,3119,3372,221449,387780,2023-10-16,2023-10-27,431.5,253,166331,105948882,37772110,0.366006693680826,97.2545675375791,0.428931352828924
414.15,417.5,1639,1134,370414,379890,2023-10-16,2023-11-10,431.5,-505,9476,45432418,15187601,0.836165048490265,87.3170034665555,0.024944062755008
411.85,414,2111,1764,295540,379260,2023-10-16,2023-11-03,431.5,-347,83720.0000000001,75988194,29115346,0.49910384763191,95.9023002968066,0.220745662606128
354.92,355,46612,46522,233060,372176,2023-10-16,2023-10-20,431.5,-90,139116,390828710,117699715,0.0952273951419792,99.0159893831751,0.373790894630497
406.65,410,699,1110,160770,371850,2023-10-16,2023-11-24,431.5,411,211080,20750206,7453917,1.79203040201143,69.6948406198955,0.567648245260186
344.62,345,9715,9673,262305,367574,2023-10-16,2023-11-17,431.5,-42,105269,816823582,215030253,0.0450004147896896,99.5193777351056,0.286388591140832
428.4,441,152,291,175104,366660,2023-10-16,2023-11-24,431.5,139,191556,20750206,7453917,1.76701860212858,71.4618592220241,0.522434953362788
299.83,300,21376,21387,192384,363579,2023-10-16,2023-11-17,431.5,11,171195,816823582,215030253,0.0445113250905139,99.5638890601961,0.470860528248331
433.62,457,155,155,362390,362390,2023-10-16,2023-12-15,431.5,0,0,900389107,208452486,0.0402481546236654,99.2868618744851,0
429.53,446,3,215,4050,354105,2023-10-16,2023-11-10,431.5,212,350055,45432418,15187601,0.779410420110151,88.0964138866657,0.988562714449104
314.78,315,16344,16035,212472,352770,2023-10-16,2023-11-17,431.5,-309,140298,816823582,215030253,0.0431880283299656,99.6070770885261,0.397703886384897
239.85,240,23357,23486,163499,352290,2023-10-16,2023-12-15,431.5,129,188791,900389107,208452486,0.0391264173745718,99.3259882918597,0.535896562491129
393.18,395,806,1923,96720,349986,2023-10-16,2023-11-24,431.5,1117,253266,20750206,7453917,1.68666277337198,73.1485219953961,0.723646088700691
408.08,409,4192,3798,251520,349416,2023-10-16,2023-10-27,431.5,-394,97896.0000000001,105948882,37772110,0.329796778789983,97.5843643163691,0.2801703413696
359.69,361,2662,2667,194326,349377,2023-10-16,2023-12-15,431.5,5,155051,900389107,208452486,0.0388028905818382,99.3647911824415,0.443792808341705
389.76,391,2271,2813,190764,348812,2023-10-16,2023-11-17,431.5,542,158048,816823582,215030253,0.0427034683726847,99.6497805568988,0.45310367762577
426.81,437,323,338,282625,344422,2023-10-16,2023-11-24,431.5,15,61797,20750206,7453917,1.6598485817442,74.8083705771403,0.179422336552253
339.63,340,9039,9042,216936,334554,2023-10-16,2023-11-17,431.5,3,117618,816823582,215030253,0.0409579262122724,99.690738483111,0.351566563245395
431.45,444,270,266,323190,333830,2023-10-16,2023-10-27,431.5,-4,10640,105948882,37772110,0.315085910958456,97.8994502273276,0.0318725099601594
289.64,290,9087,9224,181740,332064,2023-10-16,2023-12-15,431.5,137,150324,900389107,208452486,0.0368800552359415,99.4016712376775,0.452695865857184
351.92,353,2889,3059,173340,330372,2023-10-16,2023-12-15,431.5,170,157032,900389107,208452486,0.0366921364809448,99.4383633741584,0.475318731611638
429.91,444,259,234,305620,329706,2023-10-16,2023-11-10,431.5,-25,24086,45432418,15187601,0.72570647681574,88.8221203634814,0.0730529623361419
364.54,366,2247,2247,260652,328062,2023-10-16,2023-12-15,431.5,0,67410,900389107,208452486,0.0364355807338749,99.4747989548923,0.205479452054795
366.47,368,2226,2131,242634,326043,2023-10-16,2023-12-15,431.5,-95,83409,900389107,208452486,0.0362113443471501,99.5110102992395,0.255822084817033
401.74,402,12444,12514,199104,325364,2023-10-16,2023-10-20,431.5,70,126260,390828710,117699715,0.0832497694450339,99.0992391526201,0.38805768308725
383.67,385,1657,2445,137531,325185,2023-10-16,2023-11-24,431.5,788,187654,20750206,7453917,1.56714106838265,76.375511645523,0.577068437966081
429.35,443,35,238,37485,324870,2023-10-16,2023-11-10,431.5,203,287385,45432418,15187601,0.715062095088137,89.5371824585696,0.884615384615385
379.55,380,6517,7186,208544,323370,2023-10-16,2023-11-03,431.5,669,114826,75988194,29115346,0.425552948396168,96.3278532452028,0.355091690633021
379.35,380,4850,4846,198850,314990,2023-10-16,2023-11-10,431.5,-4,116140,45432418,15187601,0.693315508762928,90.2304979673325,0.368710117781517
427.29,438,871,292,701155,312732,2023-10-16,2023-11-10,431.5,-579,-388423,45432418,15187601,0.688345489337591,90.9188434566701,-1.24203151580267
416.61,422.5,221,530,94588,312170,2023-10-16,2023-11-24,431.5,309,217582,20750206,7453917,1.50441879950493,77.8799304450279,0.696998430342442
413.15,418,585,639,201240,309915,2023-10-16,2023-11-24,431.5,54,108675,20750206,7453917,1.49355143751344,79.3734818825413,0.350660665021054
417.76,422,629,715,189958,303160,2023-10-16,2023-11-10,431.5,86,113202,45432418,15187601,0.667276833031427,91.5861202897015,0.373406781897348
430.93,451,42,149,69888,299043,2023-10-16,2023-11-17,431.5,107,229155,816823582,215030253,0.036610475822428,99.7273489589335,0.766294479389252
407.72,408,12255,10468,306375,293104,2023-10-16,2023-10-20,431.5,-1787,-13270.9999999999,390828710,117699715,0.0749955140194281,99.1742346666395,-0.0452774441836343
430.7,450,132,151,231000,291430,2023-10-16,2023-11-24,431.5,19,60430,20750206,7453917,1.4044679845588,80.7779498671001,0.207356826682222
364.89,365,25928,25829,155568,284119,2023-10-16,2023-10-20,431.5,-99,128551,390828710,117699715,0.0726965529221228,99.2469312195616,0.452454781271228
429.74,448,6,152,9702,277552,2023-10-16,2023-11-10,431.5,146,267850,45432418,15187601,0.610911794305115,92.1970320840066,0.96504438807863
413.65,416,1177,1173,184789,275655,2023-10-16,2023-11-03,431.5,-4,90866,75988194,29115346,0.362760299317023,96.6906135445198,0.329636683535579
409.5,412,1188,1075,201960,268750,2023-10-16,2023-11-10,431.5,-113,66790,45432418,15187601,0.591537963046563,92.7885700470532,0.248520930232558
402.78,404,1751,2199,141831,268278,2023-10-16,2023-11-03,431.5,448,126447,75988194,29115346,0.353052212294978,97.0436657568148,0.471328249055085
365.49,367,1764,1764,208152,266364,2023-10-16,2023-12-15,431.5,0,58212,900389107,208452486,0.0295832099621347,99.5405935092016,0.218543046357616
407.4,409,1604,1630,165212,260800,2023-10-16,2023-11-03,431.5,26,95588,75988194,29115346,0.343211209888736,97.3868769667035,0.366518404907975
416.44,422,89,467,36757,259652,2023-10-16,2023-11-24,431.5,378,222895,20750206,7453917,1.25132251699092,82.029272384091,0.858437447044506
406.22,407,199,3293,10746,256854,2023-10-16,2023-10-27,431.5,3094,246108,105948882,37772110,0.242432006030984,98.1418822333585,0.958163003106823
381.02,382,2605,2606,184955,255388,2023-10-16,2023-11-17,431.5,1,70433,816823582,215030253,0.0312659925139135,99.7586149514474,0.275788212445377
384.22,385,1526,3254,71722,253812,2023-10-16,2023-11-10,431.5,1728,182090,45432418,15187601,0.558658357122881,93.3472284041761,0.717420768127591
431.39,460,89,87,233358,248907,2023-10-16,2023-10-20,431.5,-2,15549,390828710,117699715,0.0636869793930953,99.3106181989547,0.0624691149706518
388.47,390,734,1623,74868,248319,2023-10-16,2023-11-24,431.5,889,173451,20750206,7453917,1.19670619173612,83.2259785758272,0.698500718833436
401.44,404,893,962,158061,246272,2023-10-16,2023-11-24,431.5,69,88211,20750206,7453917,1.18684122943165,84.4128198052588,0.358185258575884
324.71,325,8422,8405,143174,243745,2023-10-16,2023-11-17,431.5,-17,100571,816823582,215030253,0.0298405929225486,99.7884555443699,0.412607438101294
401.36,402,2984,3776,140248,241664,2023-10-16,2023-10-27,431.5,792,101416,105948882,37772110,0.228094903351599,98.3699771367101,0.419657044491525
431.89,480,44,50,203368,240550,2023-10-16,2023-12-15,431.5,6,37182,900389107,208452486,0.0267162272544019,99.567309736456,0.154570775306589
415.84,421,424,466,173840,240456,2023-10-16,2023-11-24,431.5,42,66616,20750206,7453917,1.15881259202921,85.571632397288,0.277040290115447
426.34,438,216,206,202392,240196,2023-10-16,2023-11-24,431.5,-10,37804,20750206,7453917,1.15755959242043,86.7291919897084,0.157388133024697
339.74,340,9187,9177,174553,238602,2023-10-16,2023-11-10,431.5,-10,64049,45432418,15187601,0.525180059753808,93.8724084639299,0.268434464086638
378.9,380,493,2144,34017,235840,2023-10-16,2023-11-24,431.5,1651,201823,20750206,7453917,1.13656702974419,87.8657590194526,0.855762381275441
408.7,409,7724,7848,177652,235440,2023-10-16,2023-10-20,431.5,124,57788,390828710,117699715,0.0602412243460825,99.3708594233008,0.245446822969759
423.35,432.5,214,254,156434,232410,2023-10-16,2023-11-24,431.5,40,75976,20750206,7453917,1.12003707336689,88.9857960928195,0.326905038509531
418.03,422.5,477,514,155502,229758,2023-10-16,2023-11-10,431.5,37,74256,45432418,15187601,0.505713783492659,94.3781222474225,0.323192228344606
199.94,200,38857,38273,116571,229638,2023-10-16,2023-12-15,431.5,-584,113067,900389107,208452486,0.025504306773005,99.592814043229,0.492370600684556
403.25,405,1286,1311,144032,229425,2023-10-16,2023-11-10,431.5,25,85393,45432418,15187601,0.504980826686354,94.8831030741089,0.372204424103738
389.09,390,2401,2465,144060,224315,2023-10-16,2023-11-10,431.5,64,80255,45432418,15187601,0.493733351370381,95.3768364254793,0.357778124512404
355.81,357,1829,1839,140833,218841,2023-10-16,2023-12-15,431.5,10,78008,900389107,208452486,0.0243051585474145,99.6171192017764,0.356459712759492
406.74,407,8286,8398,174006,218348,2023-10-16,2023-10-20,431.5,112,44342,390828710,117699715,0.0558679529965954,99.4267273762974,0.203079487790133
350.94,352,2031,2037,152325,215922,2023-10-16,2023-12-15,431.5,6,63597,900389107,208452486,0.0239809653761171,99.6411001671525,0.294536916108595
409.5,412.5,284,715,49416,214500,2023-10-16,2023-11-10,431.5,431,165084,45432418,15187601,0.472129834692048,95.8489662601713,0.769622377622378
384.9,386,1902,1907,136944,209770,2023-10-16,2023-11-17,431.5,5,72826,816823582,215030253,0.0256811880340644,99.814136732404,0.347170710778472
430.67,446,86,133,84796,203889,2023-10-16,2023-10-27,431.5,47,119093,105948882,37772110,0.192440916931997,98.5624180536421,0.584107038633766
384.46,385,3619,3709,126665,200286,2023-10-16,2023-11-03,431.5,90,73621,75988194,29115346,0.263575154845765,97.6504521215493,0.367579361513036
362.6,364,1403,1401,110837,196140,2023-10-16,2023-12-15,431.5,-2,85303,900389107,208452486,0.0217839152512093,99.6628840824037,0.434908738656062
269.75,270,7841,7811,101933,195275,2023-10-16,2023-12-15,431.5,-30,93342,900389107,208452486,0.0216878456749255,99.6845719280787,0.478002816540776
409.44,413,410,543,109470,193308,2023-10-16,2023-11-24,431.5,133,83838,20750206,7453917,0.93159557066566,89.9173916634852,0.433701657458564
431.4,444,421,153,453838,192780,2023-10-16,2023-10-20,431.5,-268,-261058,390828710,117699715,0.0493259566319987,99.4760533329294,-1.35417574437182
349.93,350,27371,27410,109484,191870,2023-10-16,2023-10-20,431.5,39,82386.0000000001,390828710,117699715,0.0490931180567569,99.5251464509862,0.429384479074373
403.75,404,7424,7615,126208,190375,2023-10-16,2023-10-20,431.5,191,64167,390828710,117699715,0.0487105975402882,99.5738570485265,0.33705581089954
393.85,395,1431,1600,100170,184000,2023-10-16,2023-11-10,431.5,169,83830,45432418,15187601,0.40499715423467,96.253963414406,0.455597826086956
374.08,375,392,1999,24304,183908,2023-10-16,2023-11-24,431.5,1607,159604,20750206,7453917,0.88629481557918,90.8036864790644,0.867846966961742
417.56,424,156,285,72072,183540,2023-10-16,2023-11-24,431.5,129,111468,20750206,7453917,0.884521339209837,91.6882078182742,0.607322654462243
369.65,370,1577,5206,41002,182210,2023-10-16,2023-11-03,431.5,3629,141208,75988194,29115346,0.239787249056084,97.8902393706054,0.774973931178311
344.78,345,8176,8243,106288,181346,2023-10-16,2023-11-03,431.5,67,75058,75988194,29115346,0.238650230323937,98.1288896009293,0.413893882412626
431.38,454,79,79,159817,178698,2023-10-16,2023-10-20,431.5,0,18881,390828710,117699715,0.045722843646773,99.6195798921732,0.105658709106985
429.38,442,177,138,201072,174156,2023-10-16,2023-11-24,431.5,-39,-26916,20750206,7453917,0.83929769179159,92.5275055100658,-0.154551092124302
319.78,320,7795,7796,116925,171512,2023-10-16,2023-11-17,431.5,1,54587,816823582,215030253,0.0209974349148994,99.8351341673189,0.318269275619199
430.07,443,133,132,158536,170676,2023-10-16,2023-11-03,431.5,-1,12140,75988194,29115346,0.224608575379486,98.3534981763088,0.0711289226370433
371.25,373,1028,961,128500,168175,2023-10-16,2023-12-15,431.5,-67,39675,900389107,208452486,0.0186780358283477,99.703249963907,0.235914969525792
429.1,442,59,130,63838,167700,2023-10-16,2023-11-10,431.5,71,103862,45432418,15187601,0.369119688941055,96.623083103347,0.61933214072749
405.26,406,2117,2243,101616,165982,2023-10-16,2023-10-27,431.5,126,64366,105948882,37772110,0.156662342128348,98.7190803957705,0.387789037365498
427.05,439,130,132,132080,157740,2023-10-16,2023-11-24,431.5,2,25660,20750206,7453917,0.760185224185244,93.287690734251,0.162672752630912
360.66,362,1153,1158,111841,155172,2023-10-16,2023-12-15,431.5,5,43331,900389107,208452486,0.0172338824174602,99.7204838463245,0.279244966875467
219.91,220,17115,17120,68460,154080,2023-10-16,2023-12-15,431.5,5,85620,900389107,208452486,0.0171126015188453,99.7375964478433,0.555685358255452
404.92,408,391,498,82892,153384,2023-10-16,2023-11-24,431.5,107,70492,20750206,7453917,0.739192661508999,94.02688339576,0.459578574036405
345.06,346,1584,1590,87120,149460,2023-10-16,2023-12-15,431.5,6,62340,900389107,208452486,0.0165994900247055,99.754195937868,0.417101565636291
274.89,275,13537,13537,54148,148907,2023-10-16,2023-11-17,431.5,0,94759,816823582,215030253,0.0182300074681242,99.853364174787,0.636363636363636
402.4,404,794,924,88134,147840,2023-10-16,2023-11-10,431.5,130,59706,45432418,15187601,0.325406409141596,96.9484895124886,0.40385551948052
334.68,335,4537,4536,95277,145152,2023-10-16,2023-11-17,431.5,-1,49875,816823582,215030253,0.0177702998785361,99.8711344746656,0.343605324074074
279.7,280,4730,4787,80410,143610,2023-10-16,2023-12-15,431.5,57,63200,900389107,208452486,0.015949770924983,99.770145708793,0.440080774319337
264.77,265,6234,6224,68574,143152,2023-10-16,2023-12-15,431.5,-10,74578,900389107,208452486,0.0158989040279449,99.7860446128209,0.520970716441265
431.44,450,63,77,92610,142912,2023-10-16,2023-11-03,431.5,14,50302,75988194,29115346,0.188071320658049,98.5415694969669,0.351978840125392
405.93,409,59,461,13216,141527,2023-10-16,2023-11-24,431.5,402,128311,20750206,7453917,0.682051060119596,94.7089344558796,0.906618525087086
397.44,398,2531,2523,78461,141288,2023-10-16,2023-10-27,431.5,-8,62827,105948882,37772110,0.133354875797557,98.852435271568,0.444673291433101
279.89,280,12832,12802,38496,140822,2023-10-16,2023-11-17,431.5,-30,102326,816823582,215030253,0.0172401976513944,99.888374672317,0.72663362258738
402.37,403,584,2228,27448,140364,2023-10-16,2023-10-27,431.5,1644,112916,105948882,37772110,0.132482757109226,98.9849180286773,0.804451283804964
430.99,449,5,76,8400,136876,2023-10-16,2023-11-10,431.5,71,128476,45432418,15187601,0.301273861320786,97.2497633738094,0.938630585347322
416.94,421,581,336,164423,136416,2023-10-16,2023-11-10,431.5,-245,-28007,45432418,15187601,0.3002613684352,97.5500247422446,-0.205305829228243
430.87,446,91,89,117117,134657,2023-10-16,2023-11-03,431.5,-2,17540,75988194,29115346,0.177207790989216,98.7187772879561,0.130256874874682
431.5,447,92,85,123464,131750,2023-10-16,2023-10-27,431.5,-7,8285.99999999999,105948882,37772110,0.124352421198744,99.109270449876,0.0628918406072105
431.82,464,40,40,124480,128720,2023-10-16,2023-10-20,431.5,0,4240,390828710,117699715,0.0329351444012391,99.6525150365745,0.0329397141081417
395.81,396,6547,6666,111299,126654,2023-10-16,2023-10-20,431.5,119,15355,390828710,117699715,0.0324065240754703,99.6849215606499,0.121235807791305
430.85,452,41,59,65805,124785,2023-10-16,2023-11-17,431.5,18,58980,816823582,215030253,0.0152768606036646,99.9036515329206,0.472652963096526
403.31,404,1747,1800,73374,124200,2023-10-16,2023-10-27,431.5,53,50826,105948882,37772110,0.117226343171795,99.2264967930478,0.409227053140097
414.43,419,223,269,79834,122933,2023-10-16,2023-11-24,431.5,46,43099,20750206,7453917,0.592442311175128,95.3013767670548,0.350589345415796
284.88,285,10094,10104,50470,121248,2023-10-16,2023-11-17,431.5,10,70778,816823582,215030253,0.0148438417636184,99.9184953746842,0.583745711269464
344.86,345,8601,8618,68808,120652,2023-10-16,2023-10-27,431.5,17,51844,105948882,37772110,0.113877558424826,99.3403743514726,0.429698637403441
404.03,406,593,608,70567,119776,2023-10-16,2023-11-10,431.5,15,49209,45432418,15187601,0.263635538834847,97.8136602810795,0.410841904889126
430.11,442.5,79,96,80738,118944,2023-10-16,2023-11-03,431.5,17,38206,75988194,29115346,0.1565295787922,98.8753068667483,0.321209981167608
405.95,408,555,577,75480,118285,2023-10-16,2023-11-10,431.5,22,42805,45432418,15187601,0.260353741242652,98.0740140223221,0.361880204590607
410.04,414,181,295,51404,116820,2023-10-16,2023-11-24,431.5,114,65416,20750206,7453917,0.562982362681122,95.8643591297359,0.559972607430235
404.64,406,512,850,43008,115600,2023-10-16,2023-11-03,431.5,338,72592,75988194,29115346,0.152128895180743,99.027435761929,0.627958477508651
294.85,295,7599,7606,53193,114090,2023-10-16,2023-11-17,431.5,7,60897,816823582,215030253,0.0139675203451704,99.9324628950294,0.533762818827242
431.5,465,35,34,100730,113900,2023-10-16,2023-12-15,431.5,-1,13170,900389107,208452486,0.0126500864031444,99.7986946992241,0.115627743634767
406.83,409,548,519,79460,112623,2023-10-16,2023-11-10,431.5,-29,33163,45432418,15187601,0.247891274463974,98.3219052967861,0.294460278983867
249.82,250,6133,6214,49064,111852,2023-10-16,2023-12-15,431.5,81,62788,900389107,208452486,0.0124226291866945,99.8111173284108,0.561348925365662
408.61,411,409,451,63804,107789,2023-10-16,2023-11-10,431.5,42,43985,45432418,15187601,0.237251294879353,98.5591565916654,0.408065758101476
431.23,454,46,46,99590,104742,2023-10-16,2023-11-17,431.5,0,5152,816823582,215030253,0.0128230871767363,99.9452859822061,0.049187527448397
430.91,500,15,15,101475,103635,2023-10-16,2023-12-15,431.5,0,2160,900389107,208452486,0.0115100237435458,99.8226273521543,0.0208423795049935
349.96,351,988,994,69160,103376,2023-10-16,2023-12-15,431.5,6,34216,900389107,208452486,0.0114812584022077,99.8341086105565,0.330985915492958
400.94,402,1003,951,70210,100806,2023-10-16,2023-11-03,431.5,-52,30596,75988194,29115346,0.132660081380537,99.1600958433096,0.303513679741285
410.95,413,491,491,62848,100655,2023-10-16,2023-11-03,431.5,0,37807,75988194,29115346,0.132461366301192,99.2925572096108,0.375609756097561
209.93,210,13991,14218,27982,99526,2023-10-16,2023-12-15,431.5,227,71544,900389107,208452486,0.0110536654904245,99.845162276047,0.718847336374415
259.79,260,4679,4723,46790,99183,2023-10-16,2023-12-15,431.5,44,52393,900389107,208452486,0.0110155708491929,99.8561778468962,0.528245767923939
254.81,255,5034,5056,50340,96064,2023-10-16,2023-12-15,431.5,22,45724,900389107,208452486,0.0106691650591015,99.8668470119553,0.475974350433045
347.02,348,918,924,49572,90552,2023-10-16,2023-12-15,431.5,6,40980,900389107,208452486,0.0100569852851407,99.8769039972404,0.452557646435198
417.15,423,182,154,79170,90090,2023-10-16,2023-11-24,431.5,-28,10920,20750206,7453917,0.434164364440527,96.2985234941764,0.121212121212121
359.62,360,2277,2277,68310,86526,2023-10-16,2023-11-10,431.5,0,18216,45432418,15187601,0.190449911778854,98.7496065034443,0.210526315789474
431.82,475,20,20,82300,86360,2023-10-16,2023-10-20,431.5,0,4060,390828710,117699715,0.0220966366570153,99.707018197307,0.0470125057897175
234.87,235,6603,6639,39618,86307,2023-10-16,2023-12-15,431.5,36,46689,900389107,208452486,0.00958552245123952,99.8864895196916,0.540964232333414
429.73,445,55,56,71885,85512,2023-10-16,2023-11-24,431.5,1,13627,20750206,7453917,0.412101932867558,96.710625427044,0.15935775095893
431.58,456,36,35,83268,85470,2023-10-16,2023-10-20,431.5,-1,2202,390828710,117699715,0.0218689154130975,99.7288871127201,0.0257634257634258
382.95,384,478,796,34416,83580,2023-10-16,2023-11-17,431.5,318,49164,816823582,215030253,0.0102323196638561,99.95551830187,0.588226848528356
431.12,450,10,44,16820,83072,2023-10-16,2023-11-10,431.5,34,66252,45432418,15187601,0.182847410850992,98.9324539142953,0.797525038520801
408.4,412,72,229,20160,82440,2023-10-16,2023-11-24,431.5,157,62280,20750206,7453917,0.397297260566955,97.1079226876109,0.755458515283843
408.84,412.5,211,218,61401,79788,2023-10-16,2023-11-24,431.5,7,18387,20750206,7453917,0.384516664557451,97.4924393521684,0.230448187697398
412.53,417,71,176,25063,78672,2023-10-16,2023-11-24,431.5,105,53609,20750206,7453917,0.379138404698247,97.8715777568666,0.681424140736221
427.95,441,331,60,349205,78300,2023-10-16,2023-11-10,431.5,-271,-270905,45432418,15187601,0.172343897698775,99.1047978119941,-3.45983397190294
354.84,356,647,653,40761,75748,2023-10-16,2023-12-15,431.5,6,34987,900389107,208452486,0.00841280724201387,99.8949023269337,0.461886782489307
229.88,230,6048,6101,30240,73212,2023-10-16,2023-12-15,431.5,53,42972,900389107,208452486,0.00813115123570681,99.9030334781694,0.586952958531388
431.82,465,22,22,70664,72996,2023-10-16,2023-10-20,431.5,0,2332,390828710,117699715,0.0186772358663211,99.7475643485864,0.0319469559975889
397.09,398,587,788,35807,71708,2023-10-16,2023-11-03,431.5,201,35901,75988194,29115346,0.0943672907925671,99.3869245004033,0.500655435934624
398.49,399,330,1394,15180,71094,2023-10-16,2023-10-27,431.5,1064,55914,105948882,37772110,0.0671021710262124,99.4074765224988,0.786479871719132
400.47,401,1119,1249,30213,66197,2023-10-16,2023-10-27,431.5,130,35984,105948882,37772110,0.0624801307483358,99.4699566532472,0.543589588652054
430.5,444,44,48,52844,64800,2023-10-16,2023-11-03,431.5,4,11956,75988194,29115346,0.085276404911005,99.4722009053143,0.184506172839506
149.98,150,31204,31844,31204,63688,2023-10-16,2023-12-15,431.5,640,32484,900389107,208452486,0.00707338632873976,99.9101068644981,0.5100489888205
329.95,330,12474,12721,37422,63605,2023-10-16,2023-10-20,431.5,247,26183,390828710,117699715,0.0162743929431387,99.7638387415295,0.41165002751356
189.96,190,15264,15695,30528,62780,2023-10-16,2023-12-15,431.5,431,32252,900389107,208452486,0.00697254103941531,99.9170794055375,0.513730487416375
431.25,455,26,26,49036,61750,2023-10-16,2023-10-27,431.5,0,12714,105948882,37772110,0.0582828235978932,99.5282394768451,0.205894736842105
224.9,225,6175,6170,18525,61700,2023-10-16,2023-12-15,431.5,-5,43175,900389107,208452486,0.00685259289792807,99.9239319984354,0.699756888168558
407.51,411,175,175,50400,61075,2023-10-16,2023-11-24,431.5,0,10675,20750206,7453917,0.294334427330505,98.1659121841971,0.174785100286533
435.71,451,39,39,61035,59631,2023-10-16,2023-10-20,431.5,0,-1404.00000000001,390828710,117699715,0.0152575792090607,99.7790963207386,-0.0235448005232179
244.84,245,3645,3692,21870,59072,2023-10-16,2023-12-15,431.5,47,37202,900389107,208452486,0.00656071908697581,99.9304927175224,0.62977383531961
339.94,340,9769,9762,39076,58572,2023-10-16,2023-10-20,431.5,-7,19496,390828710,117699715,0.0149866165154551,99.794082937254,0.332855289216691
398.81,399,3749,2981,44988,56639,2023-10-16,2023-10-20,431.5,-768,11651,390828710,117699715,0.0144920264429908,99.808574963697,0.20570631543636
431.09,525,6,6,54630,56346,2023-10-16,2023-12-15,431.5,0,1716.00000000001,900389107,208452486,0.00625796109281451,99.9367506786152,0.0304546906612716
349.5,350,1052,1115,34716,55750,2023-10-16,2023-11-24,431.5,63,21034,20750206,7453917,0.26867203149694,98.4345842156941,0.377291479820628
344.71,345,1878,1880,31926,54520,2023-10-16,2023-11-10,431.5,2,22594,45432418,15187601,0.120002417656925,99.224800229651,0.414416727806309
411.64,416,107,125,34561,54500,2023-10-16,2023-11-24,431.5,18,19939,20750206,7453917,0.262647994916291,98.6972322106104,0.365853211009174
364.57,365,1245,1265,42330,54395,2023-10-16,2023-11-10,431.5,20,12065,45432418,15187601,0.119727283720624,99.3445275133716,0.221803474584061
393.59,394,1297,1295,40207,53095,2023-10-16,2023-10-27,431.5,-2,12888,105948882,37772110,0.0501137897802452,99.5783532666253,0.242734720783501
349.68,350,1648,1651,36256,52832,2023-10-16,2023-11-10,431.5,3,16576,45432418,15187601,0.11628700898112,99.4608145223527,0.313749242883101
344.93,345,7223,7316,28892,51212,2023-10-16,2023-10-20,431.5,93,22320,390828710,117699715,0.0131034385882245,99.8216784022852,0.435835351089588
184.96,185,12480,12543,24960,50172,2023-10-16,2023-12-15,431.5,63,25212,900389107,208452486,0.00557225755064582,99.9423229361659,0.502511360918441
435.16,463,17,18,44676,50112,2023-10-16,2023-12-15,431.5,1,5436,900389107,208452486,0.00556559376500764,99.9478885299309,0.108477011494253
430,450,36,25,58680,50000,2023-10-16,2023-10-27,431.5,-11,-8680.00000000001,105948882,37772110,0.0471925697148933,99.6255458363402,-0.1736
179.96,180,11875,11957,11875,47828,2023-10-16,2023-12-15,431.5,82,35953,900389107,208452486,0.00531192565838094,99.9532004555893,0.75171447687547
430.92,510,6,6,45642,47448,2023-10-16,2023-12-15,431.5,0,1806.00000000001,900389107,208452486,0.00526972168267247,99.9584701772719,0.0380627212948914
204.93,205,6603,6433,19809,45031,2023-10-16,2023-12-15,431.5,-170,25222,900389107,208452486,0.0050012821845478,99.9634714594565,0.560103040127912
349.76,350,1679,1828,25185,43872,2023-10-16,2023-11-03,431.5,149,18687,75988194,29115346,0.0577352845101175,99.5299361898245,0.425943654266958
369.5,370,774,849,23994,42450,2023-10-16,2023-11-10,431.5,75,18456,45432418,15187601,0.0934354847677269,99.5542500071205,0.434770318021201
369.19,370,347,513,19085,41553,2023-10-16,2023-11-24,431.5,166,22468,20750206,7453917,0.200253433628563,98.8974856442389,0.540707048829206
395.58,396,966,983,31878,41286,2023-10-16,2023-10-27,431.5,17,9407.99999999999,105948882,37772110,0.0389678486649817,99.6645136850052,0.227873855544252
374.43,375,691,724,26949,41268,2023-10-16,2023-11-10,431.5,33,14319,45432418,15187601,0.0908338182660672,99.6450838253865,0.346975865077057
349.85,350,2709,2710,21672,40650,2023-10-16,2023-10-27,431.5,1,18978,105948882,37772110,0.0383675591782082,99.7028812441834,0.466863468634686
431.03,480,8,8,37552,39176,2023-10-16,2023-10-20,431.5,0,1624,390828710,117699715,0.0100238285974436,99.8317022308827,0.0414539513988156
289.88,290,3247,3248,12988,38976,2023-10-16,2023-11-17,431.5,1,25988,816823582,215030253,0.00477165459701432,99.960289956467,0.666769293924466
431.38,470,50,10,181200,38620,2023-10-16,2023-11-17,431.5,-40,-142580,816823582,215030253,0.00472807113445948,99.9650180276015,-3.6918694976696
364.68,365,1080,1189,21600,38048,2023-10-16,2023-11-03,431.5,109,16448,75988194,29115346,0.0500709360193506,99.5800071258438,0.432296047098402
433.57,471,10,10,37430,37430,2023-10-16,2023-12-15,431.5,0,0,900389107,208452486,0.00415709160728441,99.9676285510638,0
324.97,325,12180,12198,36540,36594,2023-10-16,2023-10-20,431.5,18,54,390828710,117699715,0.00936318112351572,99.8410654120062,0.0014756517461879
393.24,394,437,455,22724,34580,2023-10-16,2023-11-03,431.5,18,11856,75988194,29115346,0.0455070691639283,99.6255141950077,0.342857142857143
428.83,443,12,24,15852,34008,2023-10-16,2023-11-24,431.5,12,18156,20750206,7453917,0.163892348827766,99.0613779930667,0.533874382498236
334.95,335,6644,6675,19932,33375,2023-10-16,2023-10-20,431.5,31,13443,390828710,117699715,0.00853954664691854,99.8496049586531,0.402786516853933
334.77,335,1436,1443,21540,33189,2023-10-16,2023-11-10,431.5,7,11649,45432418,15187601,0.0730513616950786,99.7181351870816,0.350989785772395
383.7,384,307,1058,6140,31740,2023-10-16,2023-10-27,431.5,751,25600,105948882,37772110,0.0299578432550142,99.7328390874384,0.806553245116572
264.98,265,15623,15623,31246,31246,2023-10-16,2023-10-20,431.5,0,0,390828710,117699715,0.00799480672747916,99.8575997653806,0
431.04,470,8,8,29552,31168,2023-10-16,2023-10-20,431.5,0,1616,390828710,117699715,0.00797484913531557,99.8655746145159,0.0518480492813142
435.02,466,10,10,30980,30980,2023-10-16,2023-12-15,431.5,0,0,900389107,208452486,0.00344073465118009,99.9710692857149,0
387.4,388,495,511,21780,30660,2023-10-16,2023-11-03,431.5,16,8880,75988194,29115346,0.0403483730643737,99.6658625680721,0.289628180039139
391.84,392,1317,1913,15804,30608,2023-10-16,2023-10-20,431.5,596,14804,390828710,117699715,0.00783156385824368,99.8734061783742,0.48366440146367
314.97,315,10116,10155,20232,30465,2023-10-16,2023-10-20,431.5,39,10233,390828710,117699715,0.00779497493927711,99.8812011533134,0.33589364844904
269.91,270,3332,3339,13328,30051,2023-10-16,2023-11-17,431.5,7,16723,816823582,215030253,0.00367900739672817,99.9686970349982,0.556487304914978
395.17,396,311,353,17727,29299,2023-10-16,2023-11-03,431.5,42,11572,75988194,29115346,0.038557305362462,99.7044198734346,0.394962285402232
304.98,305,14553,14577,14553,29154,2023-10-16,2023-10-20,431.5,24,14601,390828710,117699715,0.00745953387098916,99.8886606871844,0.500823214653221
434.91,453,16,16,28944,28944,2023-10-16,2023-10-20,431.5,0,0,390828710,117699715,0.0074058018920872,99.8960664890765,0
393.83,394,1614,1684,20982,28628,2023-10-16,2023-10-20,431.5,70,7646,390828710,117699715,0.00732494805716806,99.9033914371337,0.267081179265055
324.91,325,2654,3178,13270,28602,2023-10-16,2023-10-27,431.5,524,15332,105948882,37772110,0.0269960375797076,99.7598351250181,0.536046430319558
164.97,165,9048,9321,18096,27963,2023-10-16,2023-12-15,431.5,273,9867,900389107,208452486,0.00310565729667363,99.9741749430116,0.352859135285914
334.9,335,2718,2723,19026,27230,2023-10-16,2023-10-27,431.5,5,8204,105948882,37772110,0.0257010734667309,99.7855361984849,0.301285347043702
319.96,320,6761,6733,6761,26932,2023-10-16,2023-10-20,431.5,-28,20171,390828710,117699715,0.00689099836089319,99.9102824354946,0.748960344571513
434.1,500,4,4,26360,26360,2023-10-16,2023-10-27,431.5,0,0,105948882,37772110,0.0248799227536917,99.8104161212385,0
387.82,388,1110,1442,14430,25956,2023-10-16,2023-10-20,431.5,332,11526,390828710,117699715,0.00664127259228218,99.9169237080869,0.444059177068886
431.88,444,21,21,28917,25452,2023-10-16,2023-11-24,431.5,0,-3465,20750206,7453917,0.12265902324054,99.1840370163072,-0.136138613861386
214.91,215,2712,2773,10848,24957,2023-10-16,2023-12-15,431.5,61,14109,900389107,208452486,0.00277180163620083,99.9769467446478,0.565332371679288
403.24,406,76,90,16720,24840,2023-10-16,2023-11-24,431.5,14,8120,20750206,7453917,0.119709654930655,99.3037466712379,0.326892109500805
432.59,448,16,15,23968,23115,2023-10-16,2023-10-27,431.5,-1,-853,105948882,37772110,0.0218171249791952,99.8322332462178,-0.0369024443002379
387.67,388,439,695,10975,22935,2023-10-16,2023-10-27,431.5,256,11960,105948882,37772110,0.0216472317282215,99.853880477946,0.521473730106824
385.44,386,370,399,13320,22344,2023-10-16,2023-11-03,431.5,29,9024.00000000001,75988194,29115346,0.0294045677674614,99.733824441202,0.403866809881848
434.7,453,9,12,18711,21960,2023-10-16,2023-11-17,431.5,3,3249,816823582,215030253,0.00268846302725868,99.9713854980254,0.147950819672131
431.1,540,2,2,21208,21780,2023-10-16,2023-12-15,431.5,0,572,900389107,208452486,0.00241895418665921,99.9793656988345,0.0262626262626263
309.98,310,9043,10556,9043,21112,2023-10-16,2023-10-20,431.5,1513,12069,390828710,117699715,0.00540185494561032,99.9223255630325,0.571665403561955
432,458,10,8,22930,20800,2023-10-16,2023-10-20,431.5,-2,-2130,390828710,117699715,0.00532202457695598,99.9276475876094,-0.102403846153846
324.77,325,902,902,11726,20746,2023-10-16,2023-11-10,431.5,0,9020,45432418,15187601,0.0456634291399591,99.7637986162216,0.434782608695652
354.74,355,718,793,12206,20618,2023-10-16,2023-11-03,431.5,75,8412,75988194,29115346,0.0271331622909738,99.760957603493,0.407993015811427
431.51,465,6,6,20094,20094,2023-10-16,2023-11-17,431.5,0,0,816823582,215030253,0.00246001712521566,99.9738455151507,0
434,500,3,3,19800,19800,2023-10-16,2023-11-03,431.5,0,0,75988194,29115346,0.0260566792783626,99.7870142827714,0
391.3,392,248,282,10912,19740,2023-10-16,2023-11-03,431.5,34,8828,75988194,29115346,0.0259777196441858,99.8129920024155,0.447213779128673
434.38,500,0,3,0,19686,2023-10-16,2023-11-10,431.5,3,19686,45432418,15187601,0.0433302933601289,99.8071289095817,1
429.99,446,6,12,7164,19212,2023-10-16,2023-11-24,431.5,6,12048,20750206,7453917,0.0925870326299411,99.3963337038678,0.627108057464085
435.12,473,5,5,18940,18940,2023-10-16,2023-12-15,431.5,0,0,900389107,208452486,0.00210353499978538,99.9814692338343,0
391.62,392,508,495,14732,18810,2023-10-16,2023-10-27,431.5,-13,4078,105948882,37772110,0.0177538447267428,99.8716343226727,0.216799574694312
169.97,170,6099,6176,12198,18528,2023-10-16,2023-12-15,431.5,77,6330,900389107,208452486,0.00205777700506988,99.9835270108393,0.341645077720207
435.87,482,4,4,18452,18452,2023-10-16,2023-10-27,431.5,0,0,105948882,37772110,0.0174159459275842,99.8890502686003,0
194.95,195,3561,3660,3561,18300,2023-10-16,2023-12-15,431.5,99,14739,900389107,208452486,0.00203245461964479,99.985559465459,0.805409836065574
432.39,455,5,8,11095,18088,2023-10-16,2023-11-24,431.5,3,6993,20750206,7453917,0.0871702189366216,99.4835039228044,0.386609907120743
299.99,300,18036,18033,18036,18033,2023-10-16,2023-10-20,431.5,-3,-3,390828710,117699715,0.00461404178828111,99.9322616293977,-0.00016636167027117
354.65,355,514,515,10794,18025,2023-10-16,2023-11-10,431.5,1,7231,45432418,15187601,0.0396743136145648,99.8468032231963,0.401165048543689
249.95,250,3565,3546,7130,17730,2023-10-16,2023-11-17,431.5,-19,10600,816823582,215030253,0.00217060334577853,99.9760161184965,0.59785673998872
385.69,386,397,567,10719,17577,2023-10-16,2023-10-27,431.5,170,6858,105948882,37772110,0.0165900759575736,99.9056403445579,0.390168970814132
209.97,210,5630,5664,5630,16992,2023-10-16,2023-11-17,431.5,34,11362,816823582,215030253,0.00208025335879688,99.9780963718553,0.668667608286252
431.18,448,8,10,10024,16820,2023-10-16,2023-11-03,431.5,2,6796,75988194,29115346,0.0221350174475788,99.8351270198631,0.404042806183115
249.99,250,16784,16784,16784,16784,2023-10-16,2023-10-20,431.5,0,0,390828710,117699715,0.00429446444709755,99.9365560938448,0
431.22,464,5,5,20155,16390,2023-10-16,2023-12-15,431.5,0,-3765,900389107,208452486,0.00182032411016274,99.9873797895691,-0.229713239780354
324.68,325,496,508,10912,16256,2023-10-16,2023-11-24,431.5,12,5344,20750206,7453917,0.0783413909240226,99.5618453137285,0.328740157480315
431.53,464,5,5,16235,16235,2023-10-16,2023-11-17,431.5,0,0,816823582,215030253,0.00198757728813956,99.9800839491434,0
431.11,590,1,1,15632,15889,2023-10-16,2023-12-15,431.5,0,256.999999999998,900389107,208452486,0.00176468150008394,99.9891444710692,0.0161747120649505
421.33,453,5,5,15835,15835,2023-10-16,2023-10-27,431.5,0,0,105948882,37772110,0.0149458868287067,99.9205862313866,0
381.86,382,902,1104,8118,15456,2023-10-16,2023-10-20,431.5,202,7338,390828710,117699715,0.00395467364718421,99.940510767492,0.474767080745342
431.12,482,3,3,14484,15264,2023-10-16,2023-10-20,431.5,0,780.000000000002,390828710,117699715,0.00390554726647385,99.9444163147585,0.0511006289308177
324.85,325,1068,993,8544,14895,2023-10-16,2023-11-03,431.5,-75,6351,75988194,29115346,0.0196017291844046,99.8547287490475,0.42638469284995
254.94,255,2504,2480,10016,14880,2023-10-16,2023-11-17,431.5,-24,4864,816823582,215030253,0.00182169079442665,99.9819056399378,0.326881720430107
431.05,505,2,2,14236,14790,2023-10-16,2023-11-17,431.5,0,553.999999999998,816823582,215030253,0.00181067250333133,99.9837163124411,0.0374577417173765
430.59,447,7,9,9590,14769,2023-10-16,2023-11-03,431.5,2,5179,75988194,29115346,0.0194359139526332,99.8741646630002,0.350666937504232
159.98,160,6941,7356,13882,14712,2023-10-16,2023-12-15,431.5,415,830,900389107,208452486,0.00163396023848165,99.9907784313077,0.0564165307232191
174.97,175,4785,4902,9570,14706,2023-10-16,2023-12-15,431.5,117,5136,900389107,208452486,0.00163329385991783,99.9924117251676,0.349245206038352
413.28,417.5,33,33,13200,13926,2023-10-16,2023-11-24,431.5,0,726,20750206,7453917,0.0671125867376931,99.6289579004662,0.052132701421801
299.88,300,916,1141,5496,13692,2023-10-16,2023-11-10,431.5,225,8196,45432418,15187601,0.0301370708466364,99.8769402940429,0.598597721297108
264.91,265,1479,1495,4437,13455,2023-10-16,2023-11-17,431.5,16,9018,816823582,215030253,0.00164723451875071,99.9853635469599,0.670234113712375
432.02,451,0,7,0,13286,2023-10-16,2023-11-10,431.5,7,13286,45432418,15187601,0.0292434358215317,99.9061837298644,1
385.83,386,678,762,8136,12954,2023-10-16,2023-10-20,431.5,84,4818,390828710,117699715,0.00331449549855229,99.947730810257,0.371931449745253
431.06,495,2,2,12242,12788,2023-10-16,2023-11-17,431.5,0,546,816823582,215030253,0.00156557673918871,99.9869291236991,0.0426962777604004
329.9,330,1209,1236,7254,12360,2023-10-16,2023-10-27,431.5,27,5106,105948882,37772110,0.0116660032335216,99.9322522346201,0.413106796116505
234.99,235,12162,12162,12162,12162,2023-10-16,2023-10-20,431.5,0,0,390828710,117699715,0.00311184917812205,99.9508426594351,0
289.99,290,11720,11720,11720,11720,2023-10-16,2023-10-20,431.5,0,0,390828710,117699715,0.00299875615586173,99.953841415591,0
259.99,260,11674,11674,11674,11674,2023-10-16,2023-10-20,431.5,0,0,390828710,117699715,0.00298698629381654,99.9568284018848,0
339.88,340,966,954,4830,11448,2023-10-16,2023-10-27,431.5,-12,6618,105948882,37772110,0.010805210761922,99.943057445382,0.578092243186583
434.13,490,2,2,11174,11174,2023-10-16,2023-12-15,431.5,0,0,900389107,208452486,0.00124101901201699,99.9936527441796,0
364.25,365,127,145,6604,10875,2023-10-16,2023-11-24,431.5,18,4271,20750206,7453917,0.0524091182516453,99.6813670187178,0.392735632183908
381.71,382,303,363,7575,10527,2023-10-16,2023-10-27,431.5,60,2952,105948882,37772110,0.00993592362777363,99.9529933690098,0.280421772584782
431.22,452,11,5,18777,10390,2023-10-16,2023-11-10,431.5,-6,-8387,45432418,15187601,0.0228691327853164,99.9290528626498,-0.807218479307026
219.97,220,3441,3449,3441,10347,2023-10-16,2023-11-17,431.5,8,6906,816823582,215030253,0.00126673619959224,99.9881958598987,0.667439837634097
299.91,300,1050,1149,4200,10341,2023-10-16,2023-11-03,431.5,99,6141,75988194,29115346,0.0136086929503812,99.8877733559505,0.593849724398027
383.83,384,190,603,2850,10251,2023-10-16,2023-10-20,431.5,413,7401,390828710,117699715,0.00262288817011422,99.9594512900549,0.721978343576236
430.93,465,5,3,15660,10221,2023-10-16,2023-11-10,431.5,-2,-5439,45432418,15187601,0.0224971517034378,99.9515500143532,-0.532139712356912
229.96,230,2069,2548,4138,10192,2023-10-16,2023-11-17,431.5,479,6054,816823582,215030253,0.00124776025381696,99.9894436201525,0.593995290423862
154.99,155,10032,10137,10032,10137,2023-10-16,2023-12-15,431.5,105,105,900389107,208452486,0.00112584658357045,99.9947785907632,0.0103580941106836
424.68,458,3,3,9996,9996,2023-10-16,2023-11-17,431.5,0,0,816823582,215030253,0.00122376486432048,99.9906673850168,0
430.4,447,0,6,0,9960,2023-10-16,2023-11-24,431.5,6,9960,20750206,7453917,0.0479995234746103,99.7293665421924,1
433.11,458,4,4,9956,9956,2023-10-16,2023-12-15,431.5,0,0,900389107,208452486,0.00110574416356194,99.9958843349268,0
294.99,295,9836,9851,9836,9851,2023-10-16,2023-10-20,431.5,15,15,390828710,117699715,0.00252054154363429,99.9619718315986,0.00152268805197442
429.42,461,3,3,9474,9474,2023-10-16,2023-12-15,431.5,0,0,900389107,208452486,0.00105221175226857,99.996936546679,0
334.82,335,440,525,3520,9450,2023-10-16,2023-11-03,431.5,85,5930,75988194,29115346,0.0124361423828549,99.9002094983334,0.627513227513227
396.38,397,103,149,4120,9238,2023-10-16,2023-10-27,431.5,46,5118,105948882,37772110,0.00871929918052368,99.9617126681903,0.554016020783719
149.99,150,9224,9224,9224,9224,2023-10-16,2023-10-20,431.5,0,0,390828710,117699715,0.00236011320662702,99.9643319448052,0
329.84,330,565,576,5650,9216,2023-10-16,2023-11-03,431.5,11,3566,75988194,29115346,0.0121281998095652,99.912337698143,0.386935763888889
339.8,340,382,460,4966,9200,2023-10-16,2023-11-03,431.5,78,4234,75988194,29115346,0.012107143907118,99.9244448420501,0.460217391304348
314.73,315,327,327,4905,8829,2023-10-16,2023-11-24,431.5,0,3924,20750206,7453917,0.0425489751764392,99.7719155173688,0.444444444444444
435.14,457,4,4,9848,8744,2023-10-16,2023-11-17,431.5,0,-1104,816823582,215030253,0.00107048819263889,99.9917378732095,-0.126258005489479
259.93,260,1227,1235,3681,8645,2023-10-16,2023-11-17,431.5,8,4964,816823582,215030253,0.00105836807243403,99.9927962412819,0.574204742625795
430.4,447.5,1,5,1290,8550,2023-10-16,2023-11-24,431.5,4,7260,20750206,7453917,0.0412044102116384,99.8131199275805,0.849122807017544
432.19,449,1,5,1555,8405,2023-10-16,2023-11-03,431.5,4,6850,75988194,29115346,0.0110609287542746,99.9355057708043,0.814991076740036
284.99,285,7977,7977,7977,7977,2023-10-16,2023-10-20,431.5,0,0,390828710,117699715,0.00204104759857586,99.9663729924038,0
396.82,397,427,442,8113,7956,2023-10-16,2023-10-20,431.5,15,-157,390828710,117699715,0.00203567440068566,99.9684086668044,-0.0197335344394168
169.98,170,3883,3883,7766,7766,2023-10-16,2023-10-20,431.5,0,0,390828710,117699715,0.0019870597531077,99.9703957265576,0
354.83,355,400,453,3200,7701,2023-10-16,2023-10-27,431.5,53,4501,105948882,37772110,0.00726859958748786,99.9689812677778,0.584469549409168
430.77,456,3,3,7569,7569,2023-10-16,2023-11-17,431.5,0,0,816823582,215030253,0.000926638281116619,99.993722879563,0
390.83,391,0,439,0,7463,2023-10-16,2023-10-20,431.5,439,7463,390828710,117699715,0.00190953218354916,99.9723052587411,1
431.29,505,0,1,0,7371,2023-10-16,2023-11-03,431.5,1,7371,75988194,29115346,0.00970019105862682,99.945205961863,1
224.97,225,2456,2457,2456,7371,2023-10-16,2023-11-17,431.5,1,4915,816823582,215030253,0.00090239804070691,99.9946252776037,0.666802333469
234.96,235,1827,1828,1827,7312,2023-10-16,2023-11-17,431.5,1,5485,816823582,215030253,0.000895174938766643,99.9955204525425,0.750136761487965
433.17,468,2,2,6966,6966,2023-10-16,2023-12-15,431.5,0,0,900389107,208452486,0.000773665512592658,99.9977102121916,0
269.99,270,6931,6931,6931,6931,2023-10-16,2023-10-20,431.5,0,0,390828710,117699715,0.00177341117033086,99.9740786699114,0
339.7,340,230,230,4600,6900,2023-10-16,2023-11-24,431.5,0,2300,20750206,7453917,0.0332526819251819,99.8463726095057,0.333333333333333
319.86,320,343,491,1715,6874,2023-10-16,2023-11-03,431.5,148,5159,75988194,29115346,0.00904614208886186,99.9542521039518,0.75050916496945
329.87,330,527,527,7378,6851,2023-10-16,2023-11-10,431.5,0,-526.999999999999,45432418,15187601,0.0150795407807702,99.966629555134,-0.0769230769230768
434.94,468,2,2,6612,6612,2023-10-16,2023-11-17,431.5,0,0,816823582,215030253,0.000809477119136357,99.9963299296616,0
214.98,215,3276,3276,6552,6552,2023-10-16,2023-10-20,431.5,0,0,390828710,117699715,0.00167643774174113,99.9757551076532,0
432.97,465,0,2,0,6406,2023-10-16,2023-10-27,431.5,2,6406,105948882,37772110,0.00604631203187213,99.9750275798097,1
314.88,315,530,532,2120,6384,2023-10-16,2023-11-03,431.5,2,4264,75988194,29115346,0.00840130507641753,99.9626534090283,0.667919799498747
432.5,496,0,1,0,6350,2023-10-16,2023-11-17,431.5,1,6350,816823582,215030253,0.000777401649503307,99.9971073313111,1
319.71,320,210,212,4200,6148,2023-10-16,2023-11-24,431.5,2,1948,20750206,7453917,0.0296286215182635,99.8760012310239,0.316851008458035
354.44,355,49,109,1813,6104,2023-10-16,2023-11-24,431.5,60,4291,20750206,7453917,0.0294165754306246,99.9054178064546,0.702981651376147
431.49,462,2,2,6102,6102,2023-10-16,2023-10-20,431.5,0,0,390828710,117699715,0.00156129778695122,99.9773164054401,0
431.61,462,2,2,6078,6078,2023-10-16,2023-11-17,431.5,0,0,816823582,215030253,0.000744101925304111,99.9978514332364,0
214.98,215,2856,2944,2856,5888,2023-10-16,2023-11-17,431.5,88,3032,816823582,215030253,0.000720841088547319,99.998572274325,0.514945652173913
224.98,225,2882,2882,5764,5764,2023-10-16,2023-10-20,431.5,0,0,390828710,117699715,0.00147481488757569,99.9787912203277,0
433.86,462,2,2,5628,5628,2023-10-16,2023-12-15,431.5,0,0,900389107,208452486,0.000625063092861251,99.9983352752845,0
433.74,490,1,1,5626,5626,2023-10-16,2023-10-20,431.5,0,0,390828710,117699715,0.00143950530144011,99.9802307256292,0
199.99,200,5598,5598,5598,5598,2023-10-16,2023-10-20,431.5,0,0,390828710,117699715,0.00143234103758652,99.9816630666667,0
431.25,459,2,2,4690,5550,2023-10-16,2023-11-17,431.5,0,860,816823582,215030253,0.000679461284211552,99.9992517356092,0.154954954954955
309.89,310,382,491,1528,5401,2023-10-16,2023-11-03,431.5,109,3873,75988194,29115346,0.00710768306982003,99.9697610920981,0.717089427883725
279.99,280,5354,5358,5354,5358,2023-10-16,2023-10-20,431.5,4,4,390828710,117699715,0.00137093306169856,99.9830339997284,0.000746547219111609
433.71,460,2,2,5258,5258,2023-10-16,2023-10-27,431.5,0,0,105948882,37772110,0.00496277063121818,99.9799903504409,0
432.99,459,2,2,5202,5202,2023-10-16,2023-12-15,431.5,0,0,900389107,208452486,0.000577750214830176,99.9989130254993,0
434.51,460,2,2,5098,5098,2023-10-16,2023-11-10,431.5,0,0,45432418,15187601,0.0112210624580888,99.977850617592,0
425.09,476,1,1,5091,5091,2023-10-16,2023-12-15,431.5,0,0,900389107,208452486,0.000565422211399543,99.9994784477107,0
219.99,220,4998,4998,4998,4998,2023-10-16,2023-10-20,431.5,0,0,390828710,117699715,0.00127882109786663,99.9843128208263,0
435.07,460,2,2,4986,4986,2023-10-16,2023-11-03,431.5,0,0,75988194,29115346,0.00656154560009677,99.9763226376982,0
309.76,310,200,201,2800,4824,2023-10-16,2023-11-24,431.5,1,2024,20750206,7453917,0.0232479619720402,99.9286657684266,0.419568822553897
435.29,451,3,3,4713,4713,2023-10-16,2023-10-27,431.5,0,0,105948882,37772110,0.00444837162132584,99.9844387220622,0
159.99,160,4707,4707,4707,4707,2023-10-16,2023-10-20,431.5,0,0,390828710,117699715,0.00120436392710249,99.9855171847534,0
425.04,472,1,1,4696,4696,2023-10-16,2023-12-15,431.5,0,0,900389107,208452486,0.000521552289281527,100,0
359.36,360,62,73,2604,4672,2023-10-16,2023-11-24,431.5,11,2068,20750206,7453917,0.0225154391238333,99.9511812075504,0.44263698630137
254.99,255,4622,4622,4622,4622,2023-10-16,2023-10-20,431.5,0,0,390828710,117699715,0.00118261526897551,99.9866998000224,0
304.78,305,188,188,1880,4136,2023-10-16,2023-11-24,431.5,0,2256,20750206,7453917,0.019932332238051,99.9711135397885,0.545454545454545
424.5,465,1,1,4050,4050,2023-10-16,2023-11-03,431.5,0,0,75988194,29115346,0.00532977530693781,99.9816524130051,0
431.85,472,1,1,3693,4015,2023-10-16,2023-10-20,431.5,0,322,390828710,117699715,0.00102730426329222,99.9877271042857,0.0801992528019925
432.01,452,2,2,3998,3998,2023-10-16,2023-10-27,431.5,0,0,105948882,37772110,0.00377351787440287,99.9882122399366,0
435.09,455,2,2,3982,3982,2023-10-16,2023-11-10,431.5,0,0,45432418,15187601,0.00876466667479596,99.9866152842669,0
239.99,240,3939,3939,3939,3939,2023-10-16,2023-10-20,431.5,0,0,390828710,117699715,0.00100785840426104,99.9887349626899,0
434.48,447.5,3,3,3906,3906,2023-10-16,2023-11-03,431.5,0,0,75988194,29115346,0.00514027218491336,99.98679268519,0
274.99,275,3673,3673,3673,3673,2023-10-16,2023-10-20,431.5,0,0,390828710,117699715,0.00093979789765189,99.9896747605876,0
189.99,190,3622,3622,3622,3622,2023-10-16,2023-10-20,431.5,0,0,390828710,117699715,0.000926748702775699,99.9906015092903,0
304.9,305,279,361,1395,3610,2023-10-16,2023-11-03,431.5,82,2215,75988194,29115346,0.00475073798964086,99.9915434231797,0.613573407202216
239.97,240,1174,1179,2348,3537,2023-10-16,2023-11-17,431.5,5,1189,816823582,215030253,0.000433018840046173,99.9996847544492,0.336160588068985
435.03,470,1,1,3497,3497,2023-10-16,2023-10-27,431.5,0,0,105948882,37772110,0.00330064832585964,99.9915128882625,0
436.25,470,1,1,3375,3375,2023-10-16,2023-11-03,431.5,0,0,75988194,29115346,0.00444147942244818,99.9959849026021,0
432.14,449,0,2,0,3372,2023-10-16,2023-10-27,431.5,2,3372,105948882,37772110,0.0031826669015724,99.9946955551641,1
429.28,462,1,1,3272,3272,2023-10-16,2023-10-27,431.5,0,0,105948882,37772110,0.00308828176214262,99.9977838369262,0
244.99,245,3201,3201,3201,3201,2023-10-16,2023-10-20,431.5,0,0,390828710,117699715,0.000819028878405581,99.9914205381688,0
386.82,387,0,172,0,3096,2023-10-16,2023-10-20,431.5,172,3096,390828710,117699715,0.000792162888954601,99.9922127010577,1
424.49,455,1,1,3051,3051,2023-10-16,2023-11-03,431.5,0,0,75988194,29115346,0.00401509739789315,100,0
304.94,305,503,503,3018,3018,2023-10-16,2023-11-10,431.5,0,0,45432418,15187601,0.00664283375804475,99.9932581180249,0
344.48,345,54,57,1242,2964,2023-10-16,2023-11-24,431.5,3,1722,20750206,7453917,0.0142841955400346,99.9853977353285,0.580971659919028
229.99,230,2772,2772,2772,2772,2023-10-16,2023-10-20,431.5,0,0,390828710,117699715,0.000709262121505864,99.9929219631792,0
431.68,459,1,1,2400,2732,2023-10-16,2023-10-20,431.5,0,332,390828710,117699715,0.000699027458857872,99.9936209906381,0.121522693997072
154.99,155,2673,2673,2673,2673,2023-10-16,2023-10-20,431.5,0,0,390828710,117699715,0.000683931331452083,99.9943049219695,0
244.95,245,515,515,1030,2575,2023-10-16,2023-11-17,431.5,0,1545,816823582,215030253,0.000315245550782837,100,0.6
435.76,447.5,4,2,4696,2348,2023-10-16,2023-10-27,431.5,-2,-2348,105948882,37772110,0.00221616307381139,100,-1
382.86,383,0,167,0,2338,2023-10-16,2023-10-20,431.5,167,2338,390828710,117699715,0.000598216031775148,99.9949031380013,1
392.8,393,0,105,0,2100,2023-10-16,2023-10-20,431.5,105,2100,390828710,117699715,0.000537319789019594,99.9954404577903,1
314.82,315,113,113,1017,2034,2023-10-16,2023-11-10,431.5,0,1017,45432418,15187601,0.00447697941148543,99.9977350974364,0.5
209.99,210,1907,1907,1907,1907,2023-10-16,2023-10-20,431.5,0,0,390828710,117699715,0.000487937541743031,99.9959283953321,0
194.99,195,1744,1744,1744,1744,2023-10-16,2023-10-20,431.5,0,0,390828710,117699715,0.000446231291452463,99.9963746266235,0
299.78,300,72,76,792,1672,2023-10-16,2023-11-24,431.5,4,880,20750206,7453917,0.00805775133027595,99.9934554866588,0.526315789473684
388.82,389,0,85,0,1530,2023-10-16,2023-10-20,431.5,85,1530,390828710,117699715,0.000391475846285704,99.9967661024698,1
376.85,377,0,90,0,1350,2023-10-16,2023-10-20,431.5,90,1350,390828710,117699715,0.000345419864369739,99.9971115223342,1
378.87,379,0,100,0,1300,2023-10-16,2023-10-20,431.5,100,1300,390828710,117699715,0.000332626536059749,99.9974441488702,1
334.58,335,13,29,325,1218,2023-10-16,2023-11-24,431.5,16,893,20750206,7453917,0.00586982124418428,99.999325307903,0.733169129720854
164.99,165,1098,1098,1098,1098,2023-10-16,2023-10-20,431.5,0,0,390828710,117699715,0.000280941489687388,99.9977250903599,0
380.86,381,0,74,0,1036,2023-10-16,2023-10-20,431.5,74,1036,390828710,117699715,0.000265077762583,99.9979901681225,1
370.87,371,0,79,0,1027,2023-10-16,2023-10-20,431.5,79,1027,390828710,117699715,0.000262774963487201,99.998252943086,1
371.88,372,0,85,0,1020,2023-10-16,2023-10-20,431.5,85,1020,390828710,117699715,0.000260983897523803,99.9985139269835,1
204.99,205,954,954,954,954,2023-10-16,2023-10-20,431.5,0,0,390828710,117699715,0.000244096704154615,99.9987580236877,0
373.86,374,0,60,0,840,2023-10-16,2023-10-20,431.5,60,840,390828710,117699715,0.000214927915607838,99.9989729516033,1
375.87,376,0,59,0,767,2023-10-16,2023-10-20,431.5,59,767,390828710,117699715,0.000196249656275252,99.9991692012595,1
319.83,320,39,45,429,765,2023-10-16,2023-11-10,431.5,6,336,45432418,15187601,0.00168381969016045,99.9994189171265,0.43921568627451
372.85,373,0,50,0,750,2023-10-16,2023-10-20,431.5,50,750,390828710,117699715,0.000191899924649855,99.9993611011842,1
174.99,175,714,714,714,714,2023-10-16,2023-10-20,431.5,0,0,390828710,117699715,0.000182688728266662,99.9995437899125,0
377.86,378,0,45,0,630,2023-10-16,2023-10-20,431.5,45,630,390828710,117699715,0.000161195936705878,99.9997049858492,1
184.99,185,612,612,612,612,2023-10-16,2023-10-20,431.5,0,0,390828710,117699715,0.000156590338514282,99.9998615761877,0
179.99,180,541,541,541,541,2023-10-16,2023-10-20,431.5,0,0,390828710,117699715,0.000138423812314095,100,0
309.92,310,32,33,288,264,2023-10-16,2023-11-10,431.5,1,-24,45432418,15187601,0.000581082873467135,100,-0.0909090909090909
329.65,330,3,4,54,140,2023-10-16,2023-11-24,431.5,1,86,20750206,7453917,0.000674692097032675,100,0.614285714285714
421.45,457,0,0,0,0,2023-10-16,2023-10-20,431.5,0,0,390828710,117699715,0,100,
429.1,461,0,0,0,0,2023-10-16,2023-10-20,431.5,0,0,390828710,117699715,0,100,
426.01,463,0,0,0,0,2023-10-16,2023-10-20,431.5,0,0,390828710,117699715,0,100,
432.42,466,0,0,0,0,2023-10-16,2023-10-20,431.5,0,0,390828710,117699715,0,100,
467,467,0,0,0,0,2023-10-16,2023-10-20,431.5,0,0,390828710,117699715,0,100,
425.86,468,0,0,0,0,2023-10-16,2023-10-20,431.5,0,0,390828710,117699715,0,100,
469,469,0,0,0,0,2023-10-16,2023-10-20,431.5,0,0,390828710,117699715,0,100,
431.03,471,0,0,0,0,2023-10-16,2023-10-20,431.5,0,0,390828710,117699715,0,100,
431.02,473,0,0,0,0,2023-10-16,2023-10-20,431.5,0,0,390828710,117699715,0,100,
435.04,474,1,0,3897,0,2023-10-16,2023-10-20,431.5,-1,-3897,390828710,117699715,0,100,-Inf
433.84,476,0,0,0,0,2023-10-16,2023-10-20,431.5,0,0,390828710,117699715,0,100,
477,477,0,0,0,0,2023-10-16,2023-10-20,431.5,0,0,390828710,117699715,0,100,
433.83,478,0,0,0,0,2023-10-16,2023-10-20,431.5,0,0,390828710,117699715,0,100,
479,479,0,0,0,0,2023-10-16,2023-10-20,431.5,0,0,390828710,117699715,0,100,
481,481,0,0,0,0,2023-10-16,2023-10-20,431.5,0,0,390828710,117699715,0,100,
483,483,0,0,0,0,2023-10-16,2023-10-20,431.5,0,0,390828710,117699715,0,100,
431.02,484,0,0,0,0,2023-10-16,2023-10-20,431.5,0,0,390828710,117699715,0,100,
436.04,485,0,0,0,0,2023-10-16,2023-10-20,431.5,0,0,390828710,117699715,0,100,
431.01,486,0,0,0,0,2023-10-16,2023-10-20,431.5,0,0,390828710,117699715,0,100,
487,487,0,0,0,0,2023-10-16,2023-10-20,431.5,0,0,390828710,117699715,0,100,
429.84,488,0,0,0,0,2023-10-16,2023-10-20,431.5,0,0,390828710,117699715,0,100,
489,489,0,0,0,0,2023-10-16,2023-10-20,431.5,0,0,390828710,117699715,0,100,
491,491,0,0,0,0,2023-10-16,2023-10-20,431.5,0,0,390828710,117699715,0,100,
425.08,492,0,0,0,0,2023-10-16,2023-10-20,431.5,0,0,390828710,117699715,0,100,
493,493,0,0,0,0,2023-10-16,2023-10-20,431.5,0,0,390828710,117699715,0,100,
494,494,0,0,0,0,2023-10-16,2023-10-20,431.5,0,0,390828710,117699715,0,100,
424.58,495,0,0,0,0,2023-10-16,2023-10-20,431.5,0,0,390828710,117699715,0,100,
423.81,496,0,0,0,0,2023-10-16,2023-10-20,431.5,0,0,390828710,117699715,0,100,
497,497,0,0,0,0,2023-10-16,2023-10-20,431.5,0,0,390828710,117699715,0,100,
438.16,498,0,0,0,0,2023-10-16,2023-10-20,431.5,0,0,390828710,117699715,0,100,
499,499,0,0,0,0,2023-10-16,2023-10-20,431.5,0,0,390828710,117699715,0,100,
431.11,500,4,0,26508,0,2023-10-16,2023-10-20,431.5,-4,-26508,390828710,117699715,0,100,-Inf
433.74,502,0,0,0,0,2023-10-16,2023-10-20,431.5,0,0,390828710,117699715,0,100,
451.26,504,0,0,0,0,2023-10-16,2023-10-20,431.5,0,0,390828710,117699715,0,100,
431.1,505,0,0,0,0,2023-10-16,2023-10-20,431.5,0,0,390828710,117699715,0,100,
506,506,0,0,0,0,2023-10-16,2023-10-20,431.5,0,0,390828710,117699715,0,100,
426.19,510,0,0,0,0,2023-10-16,2023-10-20,431.5,0,0,390828710,117699715,0,100,
423.87,515,0,0,0,0,2023-10-16,2023-10-20,431.5,0,0,390828710,117699715,0,100,
423.8,520,0,0,0,0,2023-10-16,2023-10-20,431.5,0,0,390828710,117699715,0,100,
425.17,525,0,0,0,0,2023-10-16,2023-10-20,431.5,0,0,390828710,117699715,0,100,
425.1,530,0,0,0,0,2023-10-16,2023-10-20,431.5,0,0,390828710,117699715,0,100,
425.09,535,0,0,0,0,2023-10-16,2023-10-20,431.5,0,0,390828710,117699715,0,100,
423.96,540,0,0,0,0,2023-10-16,2023-10-20,431.5,0,0,390828710,117699715,0,100,
423.89,545,0,0,0,0,2023-10-16,2023-10-20,431.5,0,0,390828710,117699715,0,100,
428.35,550,0,0,0,0,2023-10-16,2023-10-20,431.5,0,0,390828710,117699715,0,100,
450.59,555,0,0,0,0,2023-10-16,2023-10-20,431.5,0,0,390828710,117699715,0,100,
423.83,560,0,0,0,0,2023-10-16,2023-10-20,431.5,0,0,390828710,117699715,0,100,
430.47,565,0,0,0,0,2023-10-16,2023-10-20,431.5,0,0,390828710,117699715,0,100,
435.56,570,0,0,0,0,2023-10-16,2023-10-20,431.5,0,0,390828710,117699715,0,100,
445.25,575,0,0,0,0,2023-10-16,2023-10-20,431.5,0,0,390828710,117699715,0,100,
424,580,0,0,0,0,2023-10-16,2023-10-20,431.5,0,0,390828710,117699715,0,100,
446.3,585,0,0,0,0,2023-10-16,2023-10-20,431.5,0,0,390828710,117699715,0,100,
446.27,590,0,0,0,0,2023-10-16,2023-10-20,431.5,0,0,390828710,117699715,0,100,
456.13,595,0,0,0,0,2023-10-16,2023-10-20,431.5,0,0,390828710,117699715,0,100,
424.01,600,0,0,0,0,2023-10-16,2023-10-20,431.5,0,0,390828710,117699715,0,100,
432.23,452.5,0,0,0,0,2023-10-16,2023-10-27,431.5,0,0,105948882,37772110,0,100,
428.78,454,0,0,0,0,2023-10-16,2023-10-27,431.5,0,0,105948882,37772110,0,100,
433.93,456,0,0,0,0,2023-10-16,2023-10-27,431.5,0,0,105948882,37772110,0,100,
431.31,457,0,0,0,0,2023-10-16,2023-10-27,431.5,0,0,105948882,37772110,0,100,
447.27,457.5,0,0,0,0,2023-10-16,2023-10-27,431.5,0,0,105948882,37772110,0,100,
439.33,458,0,0,0,0,2023-10-16,2023-10-27,431.5,0,0,105948882,37772110,0,100,
421.37,459,0,0,0,0,2023-10-16,2023-10-27,431.5,0,0,105948882,37772110,0,100,
435.12,461,0,0,0,0,2023-10-16,2023-10-27,431.5,0,0,105948882,37772110,0,100,
463,463,0,0,0,0,2023-10-16,2023-10-27,431.5,0,0,105948882,37772110,0,100,
443,464,0,0,0,0,2023-10-16,2023-10-27,431.5,0,0,105948882,37772110,0,100,
466,466,0,0,0,0,2023-10-16,2023-10-27,431.5,0,0,105948882,37772110,0,100,
467,467,0,0,0,0,2023-10-16,2023-10-27,431.5,0,0,105948882,37772110,0,100,
468,468,0,0,0,0,2023-10-16,2023-10-27,431.5,0,0,105948882,37772110,0,100,
469,469,0,0,0,0,2023-10-16,2023-10-27,431.5,0,0,105948882,37772110,0,100,
424.73,472,0,0,0,0,2023-10-16,2023-10-27,431.5,0,0,105948882,37772110,0,100,
474,474,0,0,0,0,2023-10-16,2023-10-27,431.5,0,0,105948882,37772110,0,100,
445.74,475,0,0,0,0,2023-10-16,2023-10-27,431.5,0,0,105948882,37772110,0,100,
476,476,0,0,0,0,2023-10-16,2023-10-27,431.5,0,0,105948882,37772110,0,100,
478,478,0,0,0,0,2023-10-16,2023-10-27,431.5,0,0,105948882,37772110,0,100,
435.85,480,0,0,0,0,2023-10-16,2023-10-27,431.5,0,0,105948882,37772110,0,100,
435.57,484,0,0,0,0,2023-10-16,2023-10-27,431.5,0,0,105948882,37772110,0,100,
485,485,0,0,0,0,2023-10-16,2023-10-27,431.5,0,0,105948882,37772110,0,100,
429.24,490,0,0,0,0,2023-10-16,2023-10-27,431.5,0,0,105948882,37772110,0,100,
435.91,495,0,0,0,0,2023-10-16,2023-10-27,431.5,0,0,105948882,37772110,0,100,
429.93,505,0,0,0,0,2023-10-16,2023-10-27,431.5,0,0,105948882,37772110,0,100,
436.45,510,0,0,0,0,2023-10-16,2023-10-27,431.5,0,0,105948882,37772110,0,100,
515,515,0,0,0,0,2023-10-16,2023-10-27,431.5,0,0,105948882,37772110,0,100,
520,520,0,0,0,0,2023-10-16,2023-10-27,431.5,0,0,105948882,37772110,0,100,
525,525,0,0,0,0,2023-10-16,2023-10-27,431.5,0,0,105948882,37772110,0,100,
530,530,0,0,0,0,2023-10-16,2023-10-27,431.5,0,0,105948882,37772110,0,100,
444.75,540,0,0,0,0,2023-10-16,2023-10-27,431.5,0,0,105948882,37772110,0,100,
425.67,451,0,0,0,0,2023-10-16,2023-11-03,431.5,0,0,75988194,29115346,0,100,
431.19,452,0,0,0,0,2023-10-16,2023-11-03,431.5,0,0,75988194,29115346,0,100,
452.5,452.5,0,0,0,0,2023-10-16,2023-11-03,431.5,0,0,75988194,29115346,0,100,
453,453,0,0,0,0,2023-10-16,2023-11-03,431.5,0,0,75988194,29115346,0,100,
431.01,454,0,0,0,0,2023-10-16,2023-11-03,431.5,0,0,75988194,29115346,0,100,
456,456,0,0,0,0,2023-10-16,2023-11-03,431.5,0,0,75988194,29115346,0,100,
434.13,457,0,0,0,0,2023-10-16,2023-11-03,431.5,0,0,75988194,29115346,0,100,
458,458,0,0,0,0,2023-10-16,2023-11-03,431.5,0,0,75988194,29115346,0,100,
459,459,0,0,0,0,2023-10-16,2023-11-03,431.5,0,0,75988194,29115346,0,100,
421.8,462,0,0,0,0,2023-10-16,2023-11-03,431.5,0,0,75988194,29115346,0,100,
464,464,0,0,0,0,2023-10-16,2023-11-03,431.5,0,0,75988194,29115346,0,100,
425.08,466,0,0,0,0,2023-10-16,2023-11-03,431.5,0,0,75988194,29115346,0,100,
468,468,0,0,0,0,2023-10-16,2023-11-03,431.5,0,0,75988194,29115346,0,100,
425.08,472,0,0,0,0,2023-10-16,2023-11-03,431.5,0,0,75988194,29115346,0,100,
474,474,0,0,0,0,2023-10-16,2023-11-03,431.5,0,0,75988194,29115346,0,100,
427.7,475,0,0,0,0,2023-10-16,2023-11-03,431.5,0,0,75988194,29115346,0,100,
476,476,0,0,0,0,2023-10-16,2023-11-03,431.5,0,0,75988194,29115346,0,100,
480,480,0,0,0,0,2023-10-16,2023-11-03,431.5,0,0,75988194,29115346,0,100,
485,485,0,0,0,0,2023-10-16,2023-11-03,431.5,0,0,75988194,29115346,0,100,
490,490,0,0,0,0,2023-10-16,2023-11-03,431.5,0,0,75988194,29115346,0,100,
422.12,495,0,0,0,0,2023-10-16,2023-11-03,431.5,0,0,75988194,29115346,0,100,
510,510,0,0,0,0,2023-10-16,2023-11-03,431.5,0,0,75988194,29115346,0,100,
431.31,515,1,0,8111,0,2023-10-16,2023-11-03,431.5,-1,-8111,75988194,29115346,0,100,-Inf
433.87,520,0,0,0,0,2023-10-16,2023-11-03,431.5,0,0,75988194,29115346,0,100,
525,525,0,0,0,0,2023-10-16,2023-11-03,431.5,0,0,75988194,29115346,0,100,
530,530,0,0,0,0,2023-10-16,2023-11-03,431.5,0,0,75988194,29115346,0,100,
540,540,0,0,0,0,2023-10-16,2023-11-03,431.5,0,0,75988194,29115346,0,100,
431.39,454,0,0,0,0,2023-10-16,2023-11-10,431.5,0,0,45432418,15187601,0,100,
456,456,0,0,0,0,2023-10-16,2023-11-10,431.5,0,0,45432418,15187601,0,100,
458,458,0,0,0,0,2023-10-16,2023-11-10,431.5,0,0,45432418,15187601,0,100,
462,462,0,0,0,0,2023-10-16,2023-11-10,431.5,0,0,45432418,15187601,0,100,
464,464,0,0,0,0,2023-10-16,2023-11-10,431.5,0,0,45432418,15187601,0,100,
466,466,0,0,0,0,2023-10-16,2023-11-10,431.5,0,0,45432418,15187601,0,100,
433.79,470,0,0,0,0,2023-10-16,2023-11-10,431.5,0,0,45432418,15187601,0,100,
436.2,475,0,0,0,0,2023-10-16,2023-11-10,431.5,0,0,45432418,15187601,0,100,
430.47,480,0,0,0,0,2023-10-16,2023-11-10,431.5,0,0,45432418,15187601,0,100,
485,485,0,0,0,0,2023-10-16,2023-11-10,431.5,0,0,45432418,15187601,0,100,
490,490,0,0,0,0,2023-10-16,2023-11-10,431.5,0,0,45432418,15187601,0,100,
495,495,0,0,0,0,2023-10-16,2023-11-10,431.5,0,0,45432418,15187601,0,100,
505,505,0,0,0,0,2023-10-16,2023-11-10,431.5,0,0,45432418,15187601,0,100,
510,510,0,0,0,0,2023-10-16,2023-11-10,431.5,0,0,45432418,15187601,0,100,
515,515,0,0,0,0,2023-10-16,2023-11-10,431.5,0,0,45432418,15187601,0,100,
520,520,0,0,0,0,2023-10-16,2023-11-10,431.5,0,0,45432418,15187601,0,100,
525,525,0,0,0,0,2023-10-16,2023-11-10,431.5,0,0,45432418,15187601,0,100,
435.21,530,0,0,0,0,2023-10-16,2023-11-10,431.5,0,0,45432418,15187601,0,100,
540,540,0,0,0,0,2023-10-16,2023-11-10,431.5,0,0,45432418,15187601,0,100,
425.08,466,0,0,0,0,2023-10-16,2023-11-17,431.5,0,0,816823582,215030253,0,100,
433.7,472,0,0,0,0,2023-10-16,2023-11-17,431.5,0,0,816823582,215030253,0,100,
474,474,0,0,0,0,2023-10-16,2023-11-17,431.5,0,0,816823582,215030253,0,100,
434,475,0,0,0,0,2023-10-16,2023-11-17,431.5,0,0,816823582,215030253,0,100,
433.99,476,0,0,0,0,2023-10-16,2023-11-17,431.5,0,0,816823582,215030253,0,100,
433.98,478,0,0,0,0,2023-10-16,2023-11-17,431.5,0,0,816823582,215030253,0,100,
432.74,480,0,0,0,0,2023-10-16,2023-11-17,431.5,0,0,816823582,215030253,0,100,
449.76,482,0,0,0,0,2023-10-16,2023-11-17,431.5,0,0,816823582,215030253,0,100,
484,484,0,0,0,0,2023-10-16,2023-11-17,431.5,0,0,816823582,215030253,0,100,
431.54,485,0,0,0,0,2023-10-16,2023-11-17,431.5,0,0,816823582,215030253,0,100,
441.95,486,0,0,0,0,2023-10-16,2023-11-17,431.5,0,0,816823582,215030253,0,100,
443.39,488,0,0,0,0,2023-10-16,2023-11-17,431.5,0,0,816823582,215030253,0,100,
425.1,490,0,0,0,0,2023-10-16,2023-11-17,431.5,0,0,816823582,215030253,0,100,
492,492,0,0,0,0,2023-10-16,2023-11-17,431.5,0,0,816823582,215030253,0,100,
494,494,0,0,0,0,2023-10-16,2023-11-17,431.5,0,0,816823582,215030253,0,100,
435.18,500,0,0,0,0,2023-10-16,2023-11-17,431.5,0,0,816823582,215030253,0,100,
431.04,510,0,0,0,0,2023-10-16,2023-11-17,431.5,0,0,816823582,215030253,0,100,
424.35,515,0,0,0,0,2023-10-16,2023-11-17,431.5,0,0,816823582,215030253,0,100,
520,520,0,0,0,0,2023-10-16,2023-11-17,431.5,0,0,816823582,215030253,0,100,
525,525,0,0,0,0,2023-10-16,2023-11-17,431.5,0,0,816823582,215030253,0,100,
448.8,530,0,0,0,0,2023-10-16,2023-11-17,431.5,0,0,816823582,215030253,0,100,
535,535,0,0,0,0,2023-10-16,2023-11-17,431.5,0,0,816823582,215030253,0,100,
439.89,540,0,0,0,0,2023-10-16,2023-11-17,431.5,0,0,816823582,215030253,0,100,
444.59,545,0,0,0,0,2023-10-16,2023-11-17,431.5,0,0,816823582,215030253,0,100,
434.33,550,0,0,0,0,2023-10-16,2023-11-17,431.5,0,0,816823582,215030253,0,100,
435.08,560,0,0,0,0,2023-10-16,2023-11-17,431.5,0,0,816823582,215030253,0,100,
460,460,0,0,0,0,2023-10-16,2023-11-24,431.5,0,0,20750206,7453917,0,100,
465,465,0,0,0,0,2023-10-16,2023-11-24,431.5,0,0,20750206,7453917,0,100,
437.08,470,0,0,0,0,2023-10-16,2023-11-24,431.5,0,0,20750206,7453917,0,100,
475,475,0,0,0,0,2023-10-16,2023-11-24,431.5,0,0,20750206,7453917,0,100,
431.6,480,0,0,0,0,2023-10-16,2023-11-24,431.5,0,0,20750206,7453917,0,100,
485,485,0,0,0,0,2023-10-16,2023-11-24,431.5,0,0,20750206,7453917,0,100,
490,490,0,0,0,0,2023-10-16,2023-11-24,431.5,0,0,20750206,7453917,0,100,
495,495,0,0,0,0,2023-10-16,2023-11-24,431.5,0,0,20750206,7453917,0,100,
500,500,0,0,0,0,2023-10-16,2023-11-24,431.5,0,0,20750206,7453917,0,100,
505,505,0,0,0,0,2023-10-16,2023-11-24,431.5,0,0,20750206,7453917,0,100,
510,510,0,0,0,0,2023-10-16,2023-11-24,431.5,0,0,20750206,7453917,0,100,
515,515,0,0,0,0,2023-10-16,2023-11-24,431.5,0,0,20750206,7453917,0,100,
520,520,0,0,0,0,2023-10-16,2023-11-24,431.5,0,0,20750206,7453917,0,100,
525,525,0,0,0,0,2023-10-16,2023-11-24,431.5,0,0,20750206,7453917,0,100,
435.39,530,0,0,0,0,2023-10-16,2023-11-24,431.5,0,0,20750206,7453917,0,100,
540,540,0,0,0,0,2023-10-16,2023-11-24,431.5,0,0,20750206,7453917,0,100,
432.99,467,0,0,0,0,2023-10-16,2023-12-15,431.5,0,0,900389107,208452486,0,100,
427.65,469,0,0,0,0,2023-10-16,2023-12-15,431.5,0,0,900389107,208452486,0,100,
425.02,474,0,0,0,0,2023-10-16,2023-12-15,431.5,0,0,900389107,208452486,0,100,
425.07,477,0,0,0,0,2023-10-16,2023-12-15,431.5,0,0,900389107,208452486,0,100,
436,478,0,0,0,0,2023-10-16,2023-12-15,431.5,0,0,900389107,208452486,0,100,
444.12,479,0,0,0,0,2023-10-16,2023-12-15,431.5,0,0,900389107,208452486,0,100,
449,481,0,0,0,0,2023-10-16,2023-12-15,431.5,0,0,900389107,208452486,0,100,
482,482,0,0,0,0,2023-10-16,2023-12-15,431.5,0,0,900389107,208452486,0,100,
483,483,0,0,0,0,2023-10-16,2023-12-15,431.5,0,0,900389107,208452486,0,100,
457.21,484,0,0,0,0,2023-10-16,2023-12-15,431.5,0,0,900389107,208452486,0,100,
431,485,0,0,0,0,2023-10-16,2023-12-15,431.5,0,0,900389107,208452486,0,100,
486,486,0,0,0,0,2023-10-16,2023-12-15,431.5,0,0,900389107,208452486,0,100,
434.75,487,0,0,0,0,2023-10-16,2023-12-15,431.5,0,0,900389107,208452486,0,100,
444.6,488,0,0,0,0,2023-10-16,2023-12-15,431.5,0,0,900389107,208452486,0,100,
445.13,489,0,0,0,0,2023-10-16,2023-12-15,431.5,0,0,900389107,208452486,0,100,
424.67,491,0,0,0,0,2023-10-16,2023-12-15,431.5,0,0,900389107,208452486,0,100,
444.92,492,0,0,0,0,2023-10-16,2023-12-15,431.5,0,0,900389107,208452486,0,100,
493,493,0,0,0,0,2023-10-16,2023-12-15,431.5,0,0,900389107,208452486,0,100,
432.31,494,0,0,0,0,2023-10-16,2023-12-15,431.5,0,0,900389107,208452486,0,100,
434.7,495,0,0,0,0,2023-10-16,2023-12-15,431.5,0,0,900389107,208452486,0,100,
496,496,0,0,0,0,2023-10-16,2023-12-15,431.5,0,0,900389107,208452486,0,100,
497,497,0,0,0,0,2023-10-16,2023-12-15,431.5,0,0,900389107,208452486,0,100,
450.44,498,0,0,0,0,2023-10-16,2023-12-15,431.5,0,0,900389107,208452486,0,100,
499,499,0,0,0,0,2023-10-16,2023-12-15,431.5,0,0,900389107,208452486,0,100,
421.81,501,0,0,0,0,2023-10-16,2023-12-15,431.5,0,0,900389107,208452486,0,100,
421.8,505,0,0,0,0,2023-10-16,2023-12-15,431.5,0,0,900389107,208452486,0,100,
430.9,515,0,0,0,0,2023-10-16,2023-12-15,431.5,0,0,900389107,208452486,0,100,
425.34,520,0,0,0,0,2023-10-16,2023-12-15,431.5,0,0,900389107,208452486,0,100,
433.94,530,0,0,0,0,2023-10-16,2023-12-15,431.5,0,0,900389107,208452486,0,100,
425.48,535,0,0,0,0,2023-10-16,2023-12-15,431.5,0,0,900389107,208452486,0,100,
433.94,545,0,0,0,0,2023-10-16,2023-12-15,431.5,0,0,900389107,208452486,0,100,
440.93,550,0,0,0,0,2023-10-16,2023-12-15,431.5,0,0,900389107,208452486,0,100,
426.22,555,0,0,0,0,2023-10-16,2023-12-15,431.5,0,0,900389107,208452486,0,100,
426.25,560,0,0,0,0,2023-10-16,2023-12-15,431.5,0,0,900389107,208452486,0,100,
565,565,0,0,0,0,2023-10-16,2023-12-15,431.5,0,0,900389107,208452486,0,100,
451.5,570,0,0,0,0,2023-10-16,2023-12-15,431.5,0,0,900389107,208452486,0,100,
575,575,0,0,0,0,2023-10-16,2023-12-15,431.5,0,0,900389107,208452486,0,100,
580,580,0,0,0,0,2023-10-16,2023-12-15,431.5,0,0,900389107,208452486,0,100,
585,585,0,0,0,0,2023-10-16,2023-12-15,431.5,0,0,900389107,208452486,0,100,
431.09,595,0,0,0,0,2023-10-16,2023-12-15,431.5,0,0,900389107,208452486,0,100,
426.3,600,0,0,0,0,2023-10-16,2023-12-15,431.5,0,0,900389107,208452486,0,100,
605,605,0,0,0,0,2023-10-16,2023-12-15,431.5,0,0,900389107,208452486,0,100,
610,610,0,0,0,0,2023-10-16,2023-12-15,431.5,0,0,900389107,208452486,0,100,
615,615,0,0,0,0,2023-10-16,2023-12-15,431.5,0,0,900389107,208452486,0,100,
620,620,0,0,0,0,2023-10-16,2023-12-15,431.5,0,0,900389107,208452486,0,100,
625,625,0,0,0,0,2023-10-16,2023-12-15,431.5,0,0,900389107,208452486,0,100,
630,630,0,0,0,0,2023-10-16,2023-12-15,431.5,0,0,900389107,208452486,0,100,
635,635,0,0,0,0,2023-10-16,2023-12-15,431.5,0,0,900389107,208452486,0,100,
640,640,0,0,0,0,2023-10-16,2023-12-15,431.5,0,0,900389107,208452486,0,100,
645,645,0,0,0,0,2023-10-16,2023-12-15,431.5,0,0,900389107,208452486,0,100,
650,650,0,0,0,0,2023-10-16,2023-12-15,431.5,0,0,900389107,208452486,0,100,
655,655,0,0,0,0,2023-10-16,2023-12-15,431.5,0,0,900389107,208452486,0,100,
424.9,660,0,0,0,0,2023-10-16,2023-12-15,431.5,0,0,900389107,208452486,0,100,
665,665,0,0,0,0,2023-10-16,2023-12-15,431.5,0,0,900389107,208452486,0,100,
445.5,670,0,0,0,0,2023-10-16,2023-12-15,431.5,0,0,900389107,208452486,0,100,
675,675,0,0,0,0,2023-10-16,2023-12-15,431.5,0,0,900389107,208452486,0,100,
680,680,0,0,0,0,2023-10-16,2023-12-15,431.5,0,0,900389107,208452486,0,100,
445.94,685,0,0,0,0,2023-10-16,2023-12-15,431.5,0,0,900389107,208452486,0,100,
690,690,0,0,0,0,2023-10-16,2023-12-15,431.5,0,0,900389107,208452486,0,100,
695,695,0,0,0,0,2023-10-16,2023-12-15,431.5,0,0,900389107,208452486,0,100,
424.7,700,0,0,0,0,2023-10-16,2023-12-15,431.5,0,0,900389107,208452486,0,100,
440.65,705,0,0,0,0,2023-10-16,2023-12-15,431.5,0,0,900389107,208452486,0,100,
710,710,0,0,0,0,2023-10-16,2023-12-15,431.5,0,0,900389107,208452486,0,100,
442.92,715,0,0,0,0,2023-10-16,2023-12-15,431.5,0,0,900389107,208452486,0,100,
435.67,720,0,0,0,0,2023-10-16,2023-12-15,431.5,0,0,900389107,208452486,0,100,
