Watch,strike,open_interest.yt,open_interest.td,OI_Dollar.yt,OI_Dollar.td,Date.td,expiry,stkClose,diff_oi,diff_oi_d,totalOI,totalOIdiff,OI_pct,cum_sep_OI,pct
494.04,500,208435,208501,166956435,124266596,2024-08-01,2024-12-20,550.81,66,-42689839,502087260,-151351504,24.7499998307067,24.7499998307067,-0.343534307481956
533.41,540,87901,89778,100207140,59163702,2024-08-01,2024-09-20,550.81,1877,-41043438,484039392,-269854167,12.2229105684027,12.2229105684027,-0.693726670450744
534,541,60965,61034,73889580,42723800,2024-08-01,2024-09-20,550.81,69,-31165780,484039392,-269854167,8.82651302892307,21.0494235973257,-0.729471161273108
519,530,38375,38341,56104250,42175100,2024-08-01,2024-12-20,550.81,-34,-13929150,502087260,-151351504,8.3999542230966,33.1499540538033,-0.330269519218686
538.37,550,31872,32598,57847680,37911474,2024-08-01,2024-10-18,550.81,726,-19936206,239951447,-92979563,15.7996438337794,15.7996438337794,-0.525862064872497
525.4,530,64683,65778,51552351,30257880,2024-08-01,2024-09-20,550.81,1095,-21294471,484039392,-269854167,6.25111933038706,27.3005429277128,-0.703766126377658
516.8,520,91146,91730,50768322,29353600,2024-08-01,2024-09-20,550.81,584,-21414722,484039392,-269854167,6.06429982458948,33.3648427523023,-0.729543292815873
547.05,555,30243,30383,53378895,24154485,2024-08-01,2024-08-16,550.81,140,-29224410,245552880,-304354121,9.8367752803388,9.8367752803388,-1.20989580195976
535.56,540,40318,50921,37657012,22608924,2024-08-01,2024-08-30,550.81,10603,-15048088,117910724,-79511794,19.1746121413011,19.1746121413011,-0.665581785316276
533.24,550,12473,12517,26193300,20978492,2024-08-01,2024-12-20,550.81,44,-5214808,502087260,-151351504,4.17825618598648,37.3282102397898,-0.248578782497808
537.33,545,22281,26749,30057069,20516483,2024-08-01,2024-09-20,550.81,4468,-9540586,484039392,-269854167,4.23859779577609,37.6034405480784,-0.465020539826441
537.11,540,62572,69957,46803856,20217573,2024-08-01,2024-08-16,550.81,7385,-26586283,245552880,-304354121,8.23349048074696,18.0702657610858,-1.31500863135254
549.67,560,18808,18961,36543944,19586713,2024-08-01,2024-08-16,550.81,153,-16957231,245552880,-304354121,7.9765763692122,26.046842130298,-0.865751747115506
498.32,505,27475,27892,24452750,18631856,2024-08-01,2024-12-20,550.81,417,-5820894,502087260,-151351504,3.71088005698452,41.0390902967743,-0.312416218759956
512.91,520,25699,25708,25519107,18226972,2024-08-01,2024-11-15,550.81,9,-7292135,143393396,-50561696,12.7111655825489,12.7111655825489,-0.40007385757766
526.8,540,13386,13488,24509766,17804160,2024-08-01,2024-12-20,550.81,102,-6705606,502087260,-151351504,3.54602903088997,44.5851193276643,-0.376631416477947
540.13,560,8594,8332,22129550,16555684,2024-08-01,2024-12-20,550.81,-262,-5573866,502087260,-151351504,3.29737185524285,47.8824911829071,-0.336673857751815
544.32,550,29985,29028,40779600,16487904,2024-08-01,2024-08-16,550.81,-957,-24291696,245552880,-304354121,6.71460420256525,32.7614463328632,-1.47330406581698
521.15,525,40853,42276,27126392,16276260,2024-08-01,2024-09-20,550.81,1423,-10850132,484039392,-269854167,3.36258996044686,40.9660305085252,-0.666623167730179
522.88,535,13218,13300,19747692,16119600,2024-08-01,2024-12-20,550.81,82,-3628092,502087260,-151351504,3.21051762994345,51.0930088128506,-0.22507332688156
485.22,490,33258,33223,21950280,15880594,2024-08-01,2024-12-20,550.81,-35,-6069686,502087260,-151351504,3.16291514745863,54.2559239603092,-0.382207743614628
515.31,525,17515,16198,23207375,15695862,2024-08-01,2024-12-20,550.81,-1317,-7511513,502087260,-151351504,3.12612233977018,57.3820463000794,-0.478566452737671
471.31,475,41287,41289,19487464,15235641,2024-08-01,2024-12-20,550.81,2,-4251823,502087260,-151351504,3.0344607827731,60.4165070828525,-0.279070831348678
530.12,545,9163,9194,17088995,13680672,2024-08-01,2024-12-20,550.81,31,-3408323,502087260,-151351504,2.72475983557121,63.1412669184237,-0.249134179958411
531.15,540,15431,15423,21063315,13649355,2024-08-01,2024-10-18,550.81,-8,-7413960,239951447,-92979563,5.68838203338695,21.4880258671664,-0.543172919159917
497.09,500,45981,46464,20737431,13521024,2024-08-01,2024-10-18,550.81,483,-7216407,239951447,-92979563,5.63489996374142,27.1229258309078,-0.533717490627929
511.1,520,14852,14887,17644176,13249430,2024-08-01,2024-12-20,550.81,35,-4394746,502087260,-151351504,2.63886998447242,65.7801369028961,-0.331693212462725
543.49,555,11498,11356,22708550,13070756,2024-08-01,2024-09-20,550.81,-142,-9637794,484039392,-269854167,2.70034964427027,43.6663801527955,-0.737355513330675
498.31,500,66769,77024,18695320,13017056,2024-08-01,2024-09-20,550.81,10255,-5678264,484039392,-269854167,2.68925550588246,46.355635658678,-0.436217221466974
548.8,562,9700,9660,18585200,12751200,2024-08-01,2024-08-16,550.81,-40,-5834000,245552880,-304354121,5.19285296104041,37.9542992939036,-0.457525566221218
540.4,550,12269,13210,19875780,12681600,2024-08-01,2024-09-20,550.81,941,-7194180,484039392,-269854167,2.61995205547238,48.9755877141503,-0.567292770628312
478.99,480,123905,123986,16107650,12522586,2024-08-01,2024-09-20,550.81,81,-3585064,484039392,-269854167,2.5871005969696,51.5626883111199,-0.286287832241679
537.27,555,6803,6813,16735380,12079449,2024-08-01,2024-12-20,550.81,10,-4655931,502087260,-151351504,2.40584654547897,68.1859834483751,-0.385442332675936
475.74,480,27830,27926,15417820,11896476,2024-08-01,2024-12-20,550.81,96,-3521344,502087260,-151351504,2.36940407529958,70.5553875236747,-0.295998915981506
486.4,490,32501,32539,16608011,11714040,2024-08-01,2024-11-15,550.81,38,-4893971,143393396,-50561696,8.16916282532286,20.8803284078717,-0.417786775527487
540.94,545,26597,27493,25958672,11162158,2024-08-01,2024-08-16,550.81,896,-14796514,245552880,-304354121,4.5457247335075,42.5000240274111,-1.32559617952013
518.6,522,14971,31970,9012542,10869800,2024-08-01,2024-09-20,550.81,16999,1857258,484039392,-269854167,2.24564367686835,53.8083319879883,0.170864045336621
502.85,510,15303,15165,13328913,10842975,2024-08-01,2024-12-20,550.81,-138,-2485938,502087260,-151351504,2.159579790971,72.7149673146457,-0.229267152234511
534.62,545,9957,10426,16020813,10822188,2024-08-01,2024-10-18,550.81,469,-5198625,239951447,-92979563,4.51015742363912,31.6330832545469,-0.480367278779485
507.73,510,46572,46640,18489084,10587280,2024-08-01,2024-09-20,550.81,68,-7901804,484039392,-269854167,2.18727652645262,55.9956085144409,-0.746348826138536
546.41,560,7761,7785,15087384,10579815,2024-08-01,2024-09-20,550.81,24,-4507569,484039392,-269854167,2.18573429660039,58.1813428110413,-0.426053669180416
512.36,515,42238,38763,19936336,10233432,2024-08-01,2024-09-20,550.81,-3475,-9702904,484039392,-269854167,2.1141733852934,60.2955161963347,-0.948157372814907
495.6,500,22891,22879,14444221,10066760,2024-08-01,2024-11-15,550.81,-12,-4377461,143393396,-50561696,7.02037909751437,27.9007075053861,-0.434843087547533
501.65,505,30724,30046,15822860,10065410,2024-08-01,2024-10-18,550.81,-678,-5757450,239951447,-92979563,4.19476945267181,35.8278527072187,-0.572003524943346
529.68,535,21659,18574,20835958,9881368,2024-08-01,2024-09-20,550.81,-3085,-10954590,484039392,-269854167,2.04143880917857,62.3369550055133,-1.10861067010155
503.02,505,48956,47022,16302348,9310356,2024-08-01,2024-09-20,550.81,-1934,-6991992,484039392,-269854167,1.92347072446533,64.2604257299786,-0.750990832144335
541.42,555,6611,6650,13783935,9030700,2024-08-01,2024-10-18,550.81,39,-4753235,239951447,-92979563,3.76355304912998,39.5914057563487,-0.526341811819682
398.81,400,73497,73444,11171544,8739836,2024-08-01,2024-12-20,550.81,-53,-2431708,502087260,-151351504,1.74070061048751,74.4556679251332,-0.278232680796299
543.2,560,5156,5167,12188784,8680560,2024-08-01,2024-10-18,550.81,11,-3508224,239951447,-92979563,3.61763186199915,43.2090376183479,-0.404147197876635
521.15,530,9747,9786,12232485,8660610,2024-08-01,2024-11-15,550.81,39,-3571875,143393396,-50561696,6.03975513628257,33.9404626416687,-0.412427646551455
528.8,540,7625,7729,12161875,8656480,2024-08-01,2024-11-15,550.81,104,-3505395,143393396,-50561696,6.03687494785325,39.9773375895219,-0.404944619522023
533.08,535,43077,44942,23864658,8628864,2024-08-01,2024-08-16,550.81,1865,-15235794,245552880,-304354121,3.51405530246683,46.014079329878,-1.76567784589026
542.34,547,20105,18147,22577915,8456502,2024-08-01,2024-08-16,550.81,-1958,-14121413,245552880,-304354121,3.44386186796099,49.4579411978389,-1.66988821146143
447.38,450,31523,32005,9582992,8385310,2024-08-01,2024-12-20,550.81,482,-1197682,502087260,-151351504,1.67009017516198,76.1257581002952,-0.142830974644944
528.01,533,16623,16628,12267774,8297372,2024-08-01,2024-09-20,550.81,5,-3970402,484039392,-269854167,1.71419354233054,65.9746192723091,-0.478513196708548
538.79,555,4946,5026,10421222,8147146,2024-08-01,2024-11-15,550.81,80,-2274076,143393396,-50561696,5.68167448938862,45.6590120789105,-0.279125475350509
528.66,530,59689,60657,23696533,8128038,2024-08-01,2024-08-16,550.81,968,-15568495,245552880,-304354121,3.31009679055689,52.7680379883958,-1.91540627639782
536.46,540,4936,22814,4121560,8076156,2024-08-01,2024-08-23,550.81,17878,3954596,46951906,-15341404,17.2009119289002,17.2009119289002,0.489663151628077
536.36,550,4918,5890,9152398,8033960,2024-08-01,2024-11-15,550.81,972,-1118438,143393396,-50561696,5.6027405892528,51.2617526681633,-0.13921378747218
531.96,545,6000,6073,10560000,7919192,2024-08-01,2024-11-15,550.81,73,-2640808,143393396,-50561696,5.52270343049829,56.7844560986616,-0.333469374148272
548.93,568,4147,4145,10898316,7904515,2024-08-01,2024-10-18,550.81,-2,-2993801,239951447,-92979563,3.29421434995556,46.5032519683034,-0.378745691544643
429.58,430,179167,179195,8600016,7526190,2024-08-01,2024-09-20,550.81,28,-1073826,484039392,-269854167,1.55487138534378,67.5294906576529,-0.142678566445971
452.17,455,26551,26564,9558360,7517612,2024-08-01,2024-12-20,550.81,13,-2040748,502087260,-151351504,1.49727200805693,77.6230301083521,-0.271462267539213
525.39,535,7582,7592,10902916,7295912,2024-08-01,2024-11-15,550.81,10,-3607004,143393396,-50561696,5.08803906143628,61.8724951600979,-0.494386993702775
500.55,505,16687,16227,11714274,7221015,2024-08-01,2024-11-15,550.81,-460,-4493259,143393396,-50561696,5.03580722783077,66.9083023879287,-0.62224756491989
542.91,570,2661,2662,8485929,7211358,2024-08-01,2024-12-20,550.81,1,-1274571,502087260,-151351504,1.43627583778963,79.0593059461417,-0.17674493486525
515.11,520,14488,14677,11300640,7177053,2024-08-01,2024-10-18,550.81,189,-4123587,239951447,-92979563,2.99104385063367,49.4942958189371,-0.574551560368859
533.99,544,7176,7163,9515376,7170163,2024-08-01,2024-10-18,550.81,-13,-2345213,239951447,-92979563,2.98817243640127,52.4824682553383,-0.327079454121196
519.29,520,100168,98502,20033600,6993642,2024-08-01,2024-08-16,550.81,-1666,-13039958,245552880,-304354121,2.8481205351776,55.6161585235734,-1.86454468215559
544.68,561,4154,4184,8295538,6828288,2024-08-01,2024-10-18,550.81,30,-1467250,239951447,-92979563,2.84569569609639,55.3281639514347,-0.214878165654407
523.52,530,10080,10510,9051840,6810480,2024-08-01,2024-10-18,550.81,430,-2241360,239951447,-92979563,2.83827419469573,58.1664381461305,-0.32910455650703
541.22,560,3567,3586,8735583,6734508,2024-08-01,2024-11-15,550.81,19,-2001075,143393396,-50561696,4.69652591253226,71.6048283004609,-0.297137519177347
399.53,400,34413,134478,2202432,6320466,2024-08-01,2024-10-18,550.81,100065,4118034,239951447,-92979563,2.63406038139041,60.8004985275209,0.651539617490229
448.94,450,9271,59309,1270127,6286754,2024-08-01,2024-10-18,550.81,50038,5016627,239951447,-92979563,2.62001087244954,63.4205093999704,0.797967758878429
489.53,495,11295,11344,8482545,6205168,2024-08-01,2024-12-20,550.81,49,-2277377,502087260,-151351504,1.23587441752655,80.2951803636683,-0.367012947916962
543.5,556,4911,4918,8304501,6147500,2024-08-01,2024-09-20,550.81,7,-2157001,484039392,-269854167,1.27004126143519,68.7995319190881,-0.350874501830012
457,460,19960,19866,7345280,5959800,2024-08-01,2024-12-20,550.81,-94,-1385480,502087260,-151351504,1.18700482461953,81.4821851882878,-0.232470888284842
454.38,455,93844,93758,8445960,5812996,2024-08-01,2024-09-20,550.81,-86,-2632964,484039392,-269854167,1.20093448923264,70.0004664083208,-0.45294440250776
517.29,525,7434,7526,8333514,5802546,2024-08-01,2024-11-15,550.81,92,-2530968,143393396,-50561696,4.04659221544624,75.6514205159072,-0.436182324103936
493.6,495,36391,40965,8806622,5735100,2024-08-01,2024-09-20,550.81,4574,-3071522,484039392,-269854167,1.18484158413289,71.1853079924537,-0.53556555247511
546.48,563,3467,3467,8872053,5727484,2024-08-01,2024-10-18,550.81,0,-3144569,239951447,-92979563,2.3869345534724,65.8074439534428,-0.549031476997579
550.8,570,2573,2931,6378467,5627520,2024-08-01,2024-09-20,550.81,358,-750947,484039392,-269854167,1.16261612030122,72.3479241127549,-0.133441906914591
522.15,526,13943,14033,9411525,5402705,2024-08-01,2024-09-20,550.81,90,-4008820,484039392,-269854167,1.11617052027038,73.4640946330253,-0.742002385841907
506.23,510,13665,14197,8212665,5352269,2024-08-01,2024-10-18,550.81,532,-2860396,239951447,-92979563,2.23056333559014,68.0380072890329,-0.534426801044566
527.8,535,7352,7399,8785640,5327280,2024-08-01,2024-10-18,550.81,47,-3458360,239951447,-92979563,2.22014914542274,70.2581564344557,-0.649179318526528
528.17,536,6607,6599,7148774,5167017,2024-08-01,2024-10-18,550.81,-8,-1981757,239951447,-92979563,2.15335938357563,72.4115158180313,-0.383539864490479
474.08,475,56017,56037,7674329,5155404,2024-08-01,2024-09-20,550.81,20,-2518925,484039392,-269854167,1.06507943056006,74.5291740635853,-0.488598953641655
528.49,537,5878,5902,6383508,5022602,2024-08-01,2024-10-18,550.81,24,-1360906,239951447,-92979563,2.09317429121401,74.5046901092453,-0.270956368830339
488.67,490,38016,37370,7869312,4970210,2024-08-01,2024-09-20,550.81,-646,-2899102,484039392,-269854167,1.02681932134978,75.5559933849351,-0.583295675635436
527.21,530,14301,17343,8208774,4838697,2024-08-01,2024-08-30,550.81,3042,-3370077,117910724,-79511794,4.10369543655758,23.2783075778587,-0.696484404789141
466.48,470,13645,13650,5758190,4804800,2024-08-01,2024-12-20,550.81,5,-953389.999999999,502087260,-151351504,0.956965129925822,82.4391503182136,-0.198424492174492
546.15,553,6817,6901,10545899,4727185,2024-08-01,2024-08-16,550.81,84,-5818714,245552880,-304354121,1.9251189397575,57.5412774633309,-1.23090465044207
506.97,515,5132,5722,5126868,4594766,2024-08-01,2024-12-20,550.81,590,-532102,502087260,-151351504,0.91513295915933,83.354283277373,-0.115806115044814
550.23,573,353,2006,1088652,4567662,2024-08-01,2024-09-20,550.81,1653,3479010,484039392,-269854167,0.943655015581872,76.499648400517,0.761660998559
487.79,490,20316,20362,7232496,4500002,2024-08-01,2024-10-18,550.81,46,-2732494,239951447,-92979563,1.87538023056806,76.3800703398134,-0.607220619013059
542.56,550,5464,5949,7939192,4426056,2024-08-01,2024-08-30,550.81,485,-3513136,117910724,-79511794,3.75373490200942,27.0320424798681,-0.793739618296741
551,561,4369,4362,8982664,4362000,2024-08-01,2024-08-16,550.81,-7,-4620664,245552880,-304354121,1.77639944601749,59.3176769093484,-1.05929940394315
548,575,1587,1587,5854443,4284900,2024-08-01,2024-12-20,550.81,0,-1569543,502087260,-151351504,0.853417392028629,84.2077006694016,-0.366296296296296
542.27,556,3027,3118,6317349,4281014,2024-08-01,2024-10-18,550.81,91,-2036335,239951447,-92979563,1.78411676758924,78.1641871074026,-0.475666512653311
539.24,545,6439,7250,7520752,4176000,2024-08-01,2024-08-30,550.81,811,-3344752,117910724,-79511794,3.54166258872263,30.5737050685907,-0.800946360153257
525.78,527,34421,34031,11014720,4151782,2024-08-01,2024-08-16,550.81,-390,-6862938,245552880,-304354121,1.69078937294484,61.0084662822933,-1.65301020140268
437.79,440,18705,18708,4900710,4134468,2024-08-01,2024-12-20,550.81,3,-766242,502087260,-151351504,0.823456066182599,85.0311567355842,-0.185330252888643
469.16,470,50196,49174,6174108,4130616,2024-08-01,2024-09-20,550.81,-1022,-2043492,484039392,-269854167,0.853363603927508,77.3530120044445,-0.494718463299421
521.04,522,42528,42494,10249248,4079424,2024-08-01,2024-08-16,550.81,-34,-6169824,245552880,-304354121,1.66132199304687,62.6697882753401,-1.51242528356945
548.35,559,3820,3824,7712580,4072560,2024-08-01,2024-08-16,550.81,4,-3640020,245552880,-304354121,1.65852666847157,64.3283149438117,-0.893791620012965
510.46,515,7817,8963,5292109,4069202,2024-08-01,2024-10-18,550.81,1146,-1222907,239951447,-92979563,1.69584390962227,79.8600310170249,-0.300527474428647
539.4,548,4784,4724,6649760,4062640,2024-08-01,2024-09-20,550.81,-60,-2587120,484039392,-269854167,0.839320118805537,78.19233212325,-0.636807593092177
418.34,420,24466,24467,4844268,4061522,2024-08-01,2024-12-20,550.81,1,-782746,502087260,-151351504,0.808927515906299,85.8400842514905,-0.192722334139763
539.61,549,4260,4273,5725440,4012347,2024-08-01,2024-09-20,550.81,13,-1713093,484039392,-269854167,0.828929848750822,79.0212619720008,-0.426955345587009
504.45,510,6904,7188,5495584,3989340,2024-08-01,2024-11-15,550.81,284,-1506244,143393396,-50561696,2.78209465099773,78.4335151669049,-0.377567216632325
519.36,525,6989,7044,6408913,3972816,2024-08-01,2024-10-18,550.81,55,-2436097,239951447,-92979563,1.65567494994102,81.5157059669659,-0.613191499430127
524.05,525,39327,41737,10972233,3965015,2024-08-01,2024-08-16,550.81,2410,-7007218,245552880,-304354121,1.61472958492688,65.9430445287386,-1.76726141010816
514.98,518,12890,12944,6109860,3909088,2024-08-01,2024-09-20,550.81,54,-2200772,484039392,-269854167,0.807597080859072,79.8288590528599,-0.562988605014776
442.58,445,15819,15819,4492596,3828198,2024-08-01,2024-12-20,550.81,0,-664398.000000001,502087260,-151351504,0.762456709218234,86.6025409607087,-0.173553719008265
483.84,485,32146,32151,5818426,3729516,2024-08-01,2024-09-20,550.81,5,-2088910,484039392,-269854167,0.770498447366036,80.599357500226,-0.560102168753265
523.5,525,5480,24326,2011160,3648900,2024-08-01,2024-08-23,550.81,18846,1637740,46951906,-15341404,7.77156948644428,24.9724814153445,0.448831154594535
543,548,7962,7267,8957250,3633500,2024-08-01,2024-08-16,550.81,-695,-5323750,245552880,-304354121,1.47972200529678,67.4227665340354,-1.46518508325306
548.21,557,4104,4112,7797600,3614448,2024-08-01,2024-08-16,550.81,8,-4183152,245552880,-304354121,1.47196318772559,68.894729721761,-1.15734186796988
548.5,565,2123,2176,5262917,3590400,2024-08-01,2024-09-20,550.81,53,-1672517,484039392,-269854167,0.741757811314663,81.3411153115406,-0.465830269607843
404.74,405,136990,136995,4383680,3561870,2024-08-01,2024-09-20,550.81,5,-821810,484039392,-269854167,0.735863662930971,82.0769789744716,-0.230724310544742
531.53,535,9660,10238,7138740,3552586,2024-08-01,2024-08-30,550.81,578,-3586154,117910724,-79511794,3.01294562486106,33.5866506934518,-1.00944889159615
479.63,480,95016,94953,5890992,3513261,2024-08-01,2024-08-30,550.81,-63,-2377731,117910724,-79511794,2.97959412071798,36.5662448141698,-0.676787463271303
514.48,515,63889,66887,9455572,3478124,2024-08-01,2024-08-16,550.81,2998,-5977448,245552880,-304354121,1.4164460217286,70.3111757434895,-1.7185839262775
546.62,554,4492,4637,6836824,3422106,2024-08-01,2024-08-16,550.81,145,-3414718,245552880,-304354121,1.39363301297871,71.7048087564683,-0.99784109551253
423.21,425,18974,18990,4382994,3399210,2024-08-01,2024-12-20,550.81,16,-983784,502087260,-151351504,0.677015784069088,87.2795567447778,-0.289415481832543
550.5,565,1257,2325,3114846,3371250,2024-08-01,2024-08-30,550.81,1068,256404,117910724,-79511794,2.85915469402088,39.4253995081906,0.0760560622914348
552.2,600,702,703,4062474,3360340,2024-08-01,2024-11-15,550.81,1,-702134,143393396,-50561696,2.34344125583022,80.7769564227351,-0.208947308903266
511.56,514,23387,13593,10547537,3316692,2024-08-01,2024-09-20,550.81,-9794,-7230845,484039392,-269854167,0.685211173887269,82.7621901483589,-2.18013761904934
541.6,546,5455,7446,6071415,3276240,2024-08-01,2024-08-16,550.81,1991,-2795175,245552880,-304354121,1.33422992228802,73.0390386787563,-0.853165519009597
521.88,528,5014,5206,4181676,3186072,2024-08-01,2024-10-18,550.81,192,-995604,239951447,-92979563,1.32779861919316,82.8435045861591,-0.312486346824554
461.75,465,9733,9733,3883467,3163225,2024-08-01,2024-12-20,550.81,0,-720242.000000001,502087260,-151351504,0.630014989824677,87.9095717346025,-0.227692307692308
543.76,549,6456,6019,7992528,3153956,2024-08-01,2024-08-16,550.81,-437,-4838572,245552880,-304354121,1.2844304656496,74.3234691444059,-1.53412793330027
540.59,547,1742,4712,2118272,3020392,2024-08-01,2024-08-30,550.81,2970,902120,117910724,-79511794,2.56159227722154,41.9869917854122,0.29867646318756
545.56,552,3698,4586,5447154,2953384,2024-08-01,2024-08-16,550.81,888,-2493770,245552880,-304354121,1.2027486706733,75.5262178150792,-0.844377161926793
542.19,545,10000,10502,9040000,2951062,2024-08-01,2024-08-09,550.81,502,-6088938,36507805,-59038188,8.08337285684527,8.08337285684527,-2.06330399022454
499.71,500,97349,101634,5938289,2947386,2024-08-01,2024-08-16,550.81,4285,-2990903,245552880,-304354121,1.20030601962396,76.7265238347031,-1.01476460836823
546.05,555,3456,3270,5633280,2926650,2024-08-01,2024-08-30,550.81,-186,-2706630,117910724,-79511794,2.48208975461808,44.4690815400302,-0.92482189534109
545.08,551,3998,4888,4901548,2893696,2024-08-01,2024-08-16,550.81,890,-2007852,245552880,-304354121,1.17844107550276,77.9049649102059,-0.69387109081258
522.89,525,13588,13543,6182540,2857573,2024-08-01,2024-08-30,550.81,-45,-3324967,117910724,-79511794,2.4235056007289,46.8925871407592,-1.16356327554887
548.7,558,3022,3068,5358006,2853240,2024-08-01,2024-08-16,550.81,46,-2504766,245552880,-304354121,1.16196560186954,79.0669305120755,-0.877867266686294
459.34,460,44689,43182,4513589,2850012,2024-08-01,2024-09-20,550.81,-1507,-1663577,484039392,-269854167,0.588797533238783,83.3509876815976,-0.583708770349037
413.41,415,17705,17751,3417065,2822409,2024-08-01,2024-12-20,550.81,46,-594656,502087260,-151351504,0.562135155550451,88.4717068901529,-0.210690938131221
547.26,556,3182,3181,4804820,2780194,2024-08-01,2024-08-16,550.81,-1,-2024626,245552880,-304354121,1.13221803792324,80.1991485499987,-0.728231914751273
542.91,565,1225,1231,3526775,2719279,2024-08-01,2024-12-20,550.81,6,-807496,502087260,-151351504,0.541594901252822,89.0133017914057,-0.29695224359104
550.31,560,664,2806,1428928,2719014,2024-08-01,2024-08-02,550.81,2142,1290086,30554319,-68194328,8.89895140520069,8.89895140520069,0.474468318294794
518.39,520,16599,16603,5876046,2673083,2024-08-01,2024-08-30,550.81,4,-3202963,117910724,-79511794,2.26703976476304,49.1596269055222,-1.19822803856072
547.25,550,5234,9466,6134248,2603150,2024-08-01,2024-08-02,550.81,4232,-3531098,30554319,-68194328,8.51974478632628,17.418696191527,-1.35647119835584
429.83,430,151963,151962,3495149,2583354,2024-08-01,2024-08-30,550.81,-1,-911795,117910724,-79511794,2.19094066456585,51.350567570088,-0.352950079625169
403.29,405,14693,14693,2512503,2512503,2024-08-01,2024-12-20,550.81,0,0,502087260,-151351504,0.500411621677077,89.5137134130828,0
433.1,435,13069,13060,3489423,2481400,2024-08-01,2024-12-20,550.81,-9,-1008023,502087260,-151351504,0.494216881742827,90.0079302948256,-0.406231562827436
379.06,380,26337,26330,3081429,2475020,2024-08-01,2024-12-20,550.81,-7,-606409,502087260,-151351504,0.492946186286424,90.5008764811121,-0.245011757480748
548.36,555,3676,3696,6024964,2454144,2024-08-01,2024-08-09,550.81,20,-3570820,36507805,-59038188,6.72224473643376,14.805617593279,-1.45501649454963
542.03,553,1856,2228,3327808,2444116,2024-08-01,2024-09-20,550.81,372,-883692,484039392,-269854167,0.504941548228372,83.855929229826,-0.361558944010841
480.54,485,5458,5438,3307548,2425348,2024-08-01,2024-12-20,550.81,-20,-882200,502087260,-151351504,0.483053085234626,90.9839295663467,-0.363741615636189
536,543,3208,3455,3589752,2418500,2024-08-01,2024-09-20,550.81,247,-1171252,484039392,-269854167,0.499649416963155,84.3555786467891,-0.48428860864172
526.87,532,3435,4692,3077760,2406996,2024-08-01,2024-09-20,550.81,1257,-670764,484039392,-269854167,0.497272750892142,84.8528513976813,-0.278672669169371
428.1,430,12649,12655,2896621,2404450,2024-08-01,2024-12-20,550.81,6,-492171,502087260,-151351504,0.478890860524922,91.4628204268716,-0.204691717440579
522.09,523,14876,26131,3852884,2377921,2024-08-01,2024-08-16,550.81,11255,-1474963,245552880,-304354121,0.968394669205265,81.167543219204,-0.62027418068136
388.89,390,21412,21405,3040504,2375955,2024-08-01,2024-12-20,550.81,-7,-664548.999999999,502087260,-151351504,0.473215552212976,91.9360359790846,-0.279697637371078
532.5,539,3576,3653,4090944,2374450,2024-08-01,2024-09-20,550.81,77,-1716494,484039392,-269854167,0.490548917969057,85.3434003156504,-0.722901724609909
536.35,544,2816,3087,3153920,2361555,2024-08-01,2024-09-20,550.81,271,-792364.999999999,484039392,-269854167,0.487884878592691,85.8312851942431,-0.335526803313918
542.88,551,2204,2794,2726348,2268728,2024-08-01,2024-08-30,550.81,590,-457620,117910724,-79511794,1.92410658083992,53.274674150928,-0.20170774107782
528.16,530,3438,12313,1677744,2265592,2024-08-01,2024-08-23,550.81,8875,587848,46951906,-15341404,4.82534617444497,29.7978275897894,0.259467724109195
544.43,565,1077,1077,2913285,2215389,2024-08-01,2024-11-15,550.81,0,-697896,143393396,-50561696,1.54497282427149,82.3219292470066,-0.315021876519203
550.61,560,2292,2342,4675680,2199138,2024-08-01,2024-08-09,550.81,50,-2476542,36507805,-59038188,6.02374752467315,20.8293651179522,-1.1261421520614
537.88,541,5806,7014,4749308,2188368,2024-08-01,2024-08-16,550.81,1208,-2560940,245552880,-304354121,0.891200298689227,82.0587435178932,-1.17025107294568
538.89,542,4066,7016,3659400,2181976,2024-08-01,2024-08-16,550.81,2950,-1477424,245552880,-304354121,0.888597193402904,82.9473407112961,-0.677103689499793
408.6,410,15492,15492,2695608,2168880,2024-08-01,2024-12-20,550.81,0,-526728,502087260,-151351504,0.431972721235747,92.3680087003203,-0.242857142857143
449.44,450,38188,38339,2787724,2146984,2024-08-01,2024-09-20,550.81,151,-640740,484039392,-269854167,0.44355563524053,86.2748408294836,-0.298437249648809
524.64,529,4974,4918,3854850,2144248,2024-08-01,2024-09-20,550.81,-56,-1710602,484039392,-269854167,0.442990391988593,86.7178312214722,-0.797763131876536
535.6,538,8481,8931,5639865,2143440,2024-08-01,2024-08-16,550.81,450,-3496425,245552880,-304354121,0.872903628741801,83.8202443400379,-1.63122130780428
523,527,4840,5300,3567080,2120000,2024-08-01,2024-09-20,550.81,460,-1447080,484039392,-269854167,0.437980882349344,87.1558121038215,-0.682584905660378
538.3,540,10920,12445,6966960,2115650,2024-08-01,2024-08-09,550.81,1525,-4851310,36507805,-59038188,5.79506217916963,26.6244272971218,-2.29305887079621
482.9,485,9843,10068,2824941,2114280,2024-08-01,2024-10-18,550.81,225,-710661,239951447,-92979563,0.88112825591754,83.7246328420766,-0.336124354390147
541.94,552,1572,2085,2817024,2097510,2024-08-01,2024-09-20,550.81,513,-719514,484039392,-269854167,0.433334566290836,87.5891466701124,-0.343032452765422
534.65,542,2766,2831,3490692,2080785,2024-08-01,2024-09-20,550.81,65,-1409907,484039392,-269854167,0.42987926899966,88.019025939112,-0.677584180970163
462.75,465,9217,9226,2507024,2075850,2024-08-01,2024-11-15,550.81,9,-431174,143393396,-50561696,1.44766081138074,83.7695900583874,-0.207709612929643
531.28,537,3103,3615,3236429,2067780,2024-08-01,2024-09-20,550.81,512,-1168649,484039392,-269854167,0.427192504200154,88.4462184433122,-0.5651708595692
534.56,552,1184,1182,2566912,2061408,2024-08-01,2024-12-20,550.81,-2,-505504,502087260,-151351504,0.410567677020923,92.7785763773413,-0.245222682748878
548.7,563,1332,1432,3130200,2047760,2024-08-01,2024-08-30,550.81,100,-1082440,117910724,-79511794,1.73670377937803,55.011377930306,-0.528597101222799
539.5,543,5135,5721,4801225,2002350,2024-08-01,2024-08-16,550.81,586,-2798875,245552880,-304354121,0.815445536619241,84.6356898766571,-1.39779509076835
540.1,545,3593,4071,3844510,1994790,2024-08-01,2024-08-23,550.81,478,-1849720,46951906,-15341404,4.24858151658423,34.0464091063737,-0.927275552815083
538.25,547,2585,2279,3383765,1994125,2024-08-01,2024-09-20,550.81,-306,-1389640,484039392,-269854167,0.411975767459852,88.858194210772,-0.696867046950417
545.92,561,1395,1322,2990880,1993576,2024-08-01,2024-09-20,550.81,-73,-997304.000000001,484039392,-269854167,0.411862346938904,89.2700565577109,-0.500258831366349
509.58,510,45115,47147,3654315,1980174,2024-08-01,2024-08-16,550.81,2032,-1674141,245552880,-304354121,0.806414487991344,85.4421043646485,-0.845451460326214
532.06,538,3127,3310,3402176,1966140,2024-08-01,2024-09-20,550.81,183,-1436036,484039392,-269854167,0.406194213218085,89.676250770929,-0.730383390806351
546,556,956,1965,1798236,1965000,2024-08-01,2024-08-30,550.81,1009,166764,117910724,-79511794,1.66651508305555,56.6778930133615,0.0848671755725191
534.5,537,7871,7818,4966601,1954500,2024-08-01,2024-08-16,550.81,-53,-3012101,245552880,-304354121,0.795958898954881,86.2380632636033,-1.54111077001791
543.76,545,12217,15563,9626996,1929812,2024-08-01,2024-08-02,550.81,3346,-7697184,30554319,-68194328,6.31600396657507,23.734700158102,-3.98856676194365
521.04,527,3214,3225,2712616,1922100,2024-08-01,2024-10-18,550.81,11,-790516,239951447,-92979563,0.801037053133503,84.5256698952101,-0.411277248842412
523.18,529,3297,3302,3297000,1921764,2024-08-01,2024-10-18,550.81,5,-1375236,239951447,-92979563,0.800897024805189,85.3265669200153,-0.715611282134539
548.71,567,960,1021,2593920,1867409,2024-08-01,2024-09-20,550.81,61,-726511,484039392,-269854167,0.38579690638071,90.0620476773097,-0.389047605532586
542.61,554,1087,1620,1766375,1845180,2024-08-01,2024-09-20,550.81,533,78805,484039392,-269854167,0.381204511553473,90.4432521888632,0.0427085704375725
523.76,528,4256,4350,2608928,1844400,2024-08-01,2024-09-20,550.81,94,-764528,484039392,-269854167,0.381043367643929,90.8242955565071,-0.414513120798092
499.23,500,23732,23828,3369944,1834756,2024-08-01,2024-08-30,550.81,96,-1535188,117910724,-79511794,1.55605524057337,58.2339482539349,-0.836725973371936
516.46,517,40610,33862,5116860,1828548,2024-08-01,2024-08-16,550.81,-6748,-3288312,245552880,-304354121,0.744665670384318,86.9827289339877,-1.79831866595791
543.77,552,2613,2177,3877692,1791671,2024-08-01,2024-08-30,550.81,-436,-2086021,117910724,-79511794,1.51951488314159,59.7534631370765,-1.16428797474536
533.81,536,7724,8155,4750260,1785945,2024-08-01,2024-08-16,550.81,431,-2964315,245552880,-304354121,0.727315843332809,87.7100447773205,-1.6598019535876
542.31,558,1126,1131,2302670,1774539,2024-08-01,2024-10-18,550.81,5,-528131,239951447,-92979563,0.739540862197843,86.0661077822131,-0.297615887844674
546.4,559,1406,1406,2587040,1771560,2024-08-01,2024-08-30,550.81,0,-815480,117910724,-79511794,1.50245875854346,61.25592189562,-0.460317460317461
549.23,557,2316,2242,3284088,1742034,2024-08-01,2024-08-02,550.81,-74,-1542054,30554319,-68194328,5.70143291362508,29.4361330717271,-0.885203159065781
537.56,557,904,894,2198528,1737936,2024-08-01,2024-12-20,550.81,-10,-460592,502087260,-151351504,0.346142222369873,93.1247185997111,-0.265022417396268
548.42,552,2740,4838,3616800,1732004,2024-08-01,2024-08-02,550.81,2098,-1884796,30554319,-68194328,5.66860613060956,35.1047392023367,-1.08821688633514
319.47,320,32429,32429,1718737,1718737,2024-08-01,2024-12-20,550.81,0,0,502087260,-151351504,0.342318385055219,93.4670369847664,0
537.73,546,1812,2059,2210640,1702793,2024-08-01,2024-09-20,550.81,247,-507847,484039392,-269854167,0.351788104055796,91.1760836605629,-0.29824353283106
508.94,510,15536,16063,3417920,1702678,2024-08-01,2024-08-30,550.81,527,-1715242,117910724,-79511794,1.44403998401367,62.6999618796336,-1.0073789641964
549.51,572,31,753,93217,1693497,2024-08-01,2024-09-20,550.81,722,1600280,484039392,-269854167,0.349867599205645,91.5259512597686,0.944955910757444
439.54,440,36390,36780,2219790,1691880,2024-08-01,2024-09-20,550.81,390,-527910,484039392,-269854167,0.349533535485476,91.875484795254,-0.312025675579828
546.68,549,2822,7262,3047760,1684784,2024-08-01,2024-08-02,550.81,4440,-1362976,30554319,-68194328,5.51406169451854,40.6188008968552,-0.808991538381181
546.94,554,2346,2384,3277362,1683104,2024-08-01,2024-08-09,550.81,38,-1594258,36507805,-59038188,4.61025799825544,31.2346852953772,-0.947213006445235
536.46,539,5571,6619,3899700,1681226,2024-08-01,2024-08-16,550.81,1048,-2218474,245552880,-304354121,0.684669632056444,88.3947144093769,-1.31955727546445
547.84,551,2142,5281,1979208,1668796,2024-08-01,2024-08-02,550.81,3139,-310412,30554319,-68194328,5.46173521327705,46.0805361101323,-0.186009554193562
549.01,563,431,1189,977077,1663411,2024-08-01,2024-08-23,550.81,758,686334,46951906,-15341404,3.54279760229542,37.5892067086691,0.412606385313071
530.49,536,3064,3018,2515544,1662918,2024-08-01,2024-09-20,550.81,-46,-852626,484039392,-269854167,0.343550138167267,92.2190349334213,-0.512728829683725
539.53,540,21453,34989,10812312,1644483,2024-08-01,2024-08-02,550.81,13536,-9167829,30554319,-68194328,5.3821621748467,51.462698284979,-5.57490043983428
524.27,531,2435,2431,2542140,1636063,2024-08-01,2024-10-18,550.81,-4,-906077,239951447,-92979563,0.68183085388937,86.7479386361025,-0.553815470431151
548.79,560,1337,1453,2564366,1628813,2024-08-01,2024-08-30,550.81,116,-935553,117910724,-79511794,1.38139513077708,64.0813570104107,-0.574377169140963
531.15,533,9161,8786,4672110,1625410,2024-08-01,2024-08-16,550.81,-375,-3046700,245552880,-304354121,0.661938886646331,89.0566532960233,-1.87441937726481
545.26,559,1068,1176,2106096,1615824,2024-08-01,2024-09-20,550.81,108,-490272,484039392,-269854167,0.333820764736437,92.5528556981577,-0.303419184267594
464.27,465,22107,22073,2254914,1611329,2024-08-01,2024-09-20,550.81,-34,-643585,484039392,-269854167,0.332892121309003,92.8857478194667,-0.399412534622042
534.79,551,972,986,2046060,1598306,2024-08-01,2024-12-20,550.81,14,-447754,502087260,-151351504,0.318332315382788,93.7853693001492,-0.280142851243754
548.29,560,1756,1335,3178360,1563285,2024-08-01,2024-08-23,550.81,-421,-1615075,46951906,-15341404,3.32954534369702,40.9187520523661,-1.0331289560125
545.55,550,2558,3481,3225638,1549045,2024-08-01,2024-08-09,550.81,923,-1676593,36507805,-59038188,4.24305158855757,35.4777368839348,-1.08233976417728
541.9,549,1778,2164,2108708,1536440,2024-08-01,2024-08-30,550.81,386,-572268,117910724,-79511794,1.30305365608645,65.3844106664972,-0.372463617192992
538.81,551,1241,1256,2046409,1531064,2024-08-01,2024-10-18,550.81,15,-515345,239951447,-92979563,0.638072418042138,87.3860110541446,-0.336592722446612
383.99,385,15136,15140,1695232,1529140,2024-08-01,2024-12-20,550.81,4,-166092,502087260,-151351504,0.304556622289122,94.0899259224383,-0.108617915952758
528.42,531,3532,5925,2154520,1528650,2024-08-01,2024-08-30,550.81,2393,-625870,117910724,-79511794,1.29644696270375,66.6808576292009,-0.40942661825794
434.58,435,36272,36249,2212592,1522458,2024-08-01,2024-09-20,550.81,-23,-690134,484039392,-269854167,0.314531838764065,93.2002796582308,-0.453302488475873
547.88,562,1040,1078,2411760,1522136,2024-08-01,2024-08-30,550.81,38,-889624,117910724,-79511794,1.29092244400094,67.9717800732018,-0.584457630592799
540.6,544,4815,4433,4564620,1507220,2024-08-01,2024-08-16,550.81,-382,-3057400,245552880,-304354121,0.613806687993234,89.6704599840165,-2.02850280649142
529.72,533,4345,4563,3006740,1496664,2024-08-01,2024-08-30,550.81,218,-1510076,117910724,-79511794,1.26931965916858,69.2410997323704,-1.00896126318265
546.58,562,972,968,2386260,1492656,2024-08-01,2024-09-20,550.81,-4,-893604,484039392,-269854167,0.308374901850963,93.5086545600818,-0.598667073994276
492.5,495,5879,5930,2304568,1482500,2024-08-01,2024-10-18,550.81,51,-822068,239951447,-92979563,0.617833323589001,88.0038443777336,-0.554514671163575
544.38,548,1178,4081,1341742,1477322,2024-08-01,2024-08-09,550.81,2903,135580,36507805,-59038188,4.04659222870288,39.5243291126377,0.0917741697476921
551.63,563,1305,1297,2838375,1474689,2024-08-01,2024-08-16,550.81,-8,-1363686,245552880,-304354121,0.600558625091264,90.2710186091077,-0.924727857873762
548.53,558,1546,1551,2541624,1468797,2024-08-01,2024-08-09,550.81,5,-1072827,36507805,-59038188,4.02324105763138,43.5475701702691,-0.730412031070325
536.65,548,1135,1293,1827350,1467555,2024-08-01,2024-10-18,550.81,158,-359795,239951447,-92979563,0.611604980235856,88.6154493579695,-0.245166279969064
349.34,350,21441,21446,1951131,1415436,2024-08-01,2024-12-20,550.81,5,-535695,502087260,-151351504,0.281910359565785,94.3718362820041,-0.378466423066815
524.5,527,5493,5613,2823402,1403250,2024-08-01,2024-08-30,550.81,120,-1420152,117910724,-79511794,1.1900953131286,70.431195045499,-1.01204489577766
464.73,465,51735,51746,2121135,1397142,2024-08-01,2024-08-30,550.81,11,-723993,117910724,-79511794,1.18491512273303,71.616110168232,-0.518195716684489
543.53,557,1294,1036,2378372,1395492,2024-08-01,2024-09-20,550.81,-258,-982880,484039392,-269854167,0.288301328995967,93.7969558890777,-0.704325069581194
545.89,558,1145,1151,2303740,1393861,2024-08-01,2024-09-20,550.81,6,-909879,484039392,-269854167,0.287964372949216,94.0849202620269,-0.652775994162976
550.77,565,847,970,2034494,1380310,2024-08-01,2024-08-23,550.81,123,-654184,46951906,-15341404,2.93983805471071,43.8585901070768,-0.473939912048743
544.18,552.5,2219,1638,3561495,1362816,2024-08-01,2024-08-23,550.81,-581,-2198679,46951906,-15341404,2.90257865143962,46.7611687585164,-1.61333518244576
547.2,559,894,1150,1717374,1357000,2024-08-01,2024-08-23,550.81,256,-360374,46951906,-15341404,2.89019150788043,49.6513602663969,-0.265566691230656
541.35,548,1944,2013,2608848,1338645,2024-08-01,2024-08-30,550.81,69,-1270203,117910724,-79511794,1.13530385921471,72.7514140274468,-0.948872180451128
539.42,553,865,980,1524995,1330840,2024-08-01,2024-10-18,550.81,115,-194155,239951447,-92979563,0.554628870398102,89.1700782283676,-0.145889062546963
545.71,555,776,1428,1241600,1326612,2024-08-01,2024-08-23,550.81,652,85012,46951906,-15341404,2.82546996068701,52.4768302270839,0.0640820375512961
548.15,556,1678,1688,3018722,1325080,2024-08-01,2024-08-09,550.81,10,-1693642,36507805,-59038188,3.62958003090024,47.1771502011693,-1.27814320644791
549,553,2518,3293,2840304,1317200,2024-08-01,2024-08-02,550.81,775,-1523104,30554319,-68194328,4.3110108263254,55.7737091113044,-1.15631946553295
534.13,538,3438,3403,2918862,1316961,2024-08-01,2024-08-30,550.81,-35,-1601901,117910724,-79511794,1.11691367445085,73.8683277018976,-1.21636176014324
546.19,565,698,696,1834344,1309176,2024-08-01,2024-10-18,550.81,-2,-525168.000000001,239951447,-92979563,0.545600377229648,89.7156786055973,-0.401143925644834
541.1,551,1053,1322,1747980,1308780,2024-08-01,2024-09-20,550.81,269,-439200,484039392,-269854167,0.270387084528856,94.3553073465558,-0.335579700178793
444.54,445,28277,28269,1866282,1300374,2024-08-01,2024-09-20,550.81,-8,-565908,484039392,-269854167,0.26865044901139,94.6239577955672,-0.435188645728075
379.84,380,81125,81125,1865875,1298000,2024-08-01,2024-09-20,550.81,0,-567875,484039392,-269854167,0.268159993061061,94.8921177886282,-0.4375
520.12,524,2710,3343,1550120,1297084,2024-08-01,2024-09-20,550.81,633,-253036,484039392,-269854167,0.267970752264725,95.160088540893,-0.195080657844827
525.6,528,5748,5355,3017700,1285200,2024-08-01,2024-08-30,550.81,-393,-1732500,117910724,-79511794,1.08997719325343,74.958304895151,-1.34803921568627
541.26,561,644,642,1695652,1267308,2024-08-01,2024-12-20,550.81,-2,-428344,502087260,-151351504,0.252407918097743,94.6242442001018,-0.337995183491306
414.88,415,104020,104022,1560300,1248264,2024-08-01,2024-08-30,550.81,2,-312036,117910724,-79511794,1.05865179828766,76.0169566934387,-0.249975966622445
393.89,395,11138,11138,1737528,1236318,2024-08-01,2024-12-20,550.81,0,-501210,502087260,-151351504,0.246235684211545,94.8704798843133,-0.405405405405405
548.32,563,825,824,1887600,1209632,2024-08-01,2024-09-20,550.81,-1,-677968,484039392,-269854167,0.249903627678303,95.4099921685713,-0.560474590619296
349.77,350,2473,52510,76663,1207730,2024-08-01,2024-10-18,550.81,50037,1131067,239951447,-92979563,0.503322657604144,90.2190012632014,0.936523063929852
469.87,470,90707,90618,1632726,1178034,2024-08-01,2024-08-16,550.81,-89,-454692,245552880,-304354121,0.479747580236078,90.7507661893438,-0.385975277453792
535.59,549,856,872,1612704,1169352,2024-08-01,2024-11-15,550.81,16,-443352,143393396,-50561696,0.815485254286048,84.5850753126734,-0.379143320403095
490.95,495,2838,2878,1506978,1165590,2024-08-01,2024-11-15,550.81,40,-341388,143393396,-50561696,0.812861702501278,85.3979370151747,-0.29288858003243
549.36,554,1832,2511,2095808,1165104,2024-08-01,2024-08-02,550.81,679,-930704,30554319,-68194328,3.81322195398955,59.5869310652939,-0.798816243013499
478.11,480,5964,6130,1634136,1158570,2024-08-01,2024-10-18,550.81,166,-475566,239951447,-92979563,0.48283517956864,90.70183644277,-0.410476708355991
543.63,550,1639,1813,2240513,1154881,2024-08-01,2024-08-23,550.81,174,-1085632,46951906,-15341404,2.45971058129142,54.9365408083753,-0.940037977938853
539.44,552,868,919,1621424,1154264,2024-08-01,2024-10-18,550.81,51,-467160,239951447,-92979563,0.481040649861136,91.1828770926312,-0.404725435428983
548.7,559,1122,1119,2168826,1152570,2024-08-01,2024-08-09,550.81,-3,-1016256,36507805,-59038188,3.15705093746392,50.3342011386332,-0.88173039381556
530.27,532,7136,6643,3254016,1149239,2024-08-01,2024-08-16,550.81,-493,-2104777,245552880,-304354121,0.468020981875676,91.2187871712195,-1.83145281355749
453.84,455,9824,9832,1473600,1140512,2024-08-01,2024-10-18,550.81,8,-333088,239951447,-92979563,0.475309490423702,91.6581865830549,-0.292051289245532
477,480,3807,3796,1522800,1138800,2024-08-01,2024-11-15,550.81,-11,-384000,143393396,-50561696,0.794178833730948,86.1921158489056,-0.337197049525817
526.09,531,2286,2309,1972818,1133719,2024-08-01,2024-09-20,550.81,23,-839099,484039392,-269854167,0.234220399979347,95.6442125685506,-0.740129608836052
550.02,556,2023,1884,3038546,1126632,2024-08-01,2024-08-02,550.81,-139,-1911914,30554319,-68194328,3.68730849474996,63.2742395600439,-1.69701730467446
535.6,547,775,987,1221400,1125180,2024-08-01,2024-10-18,550.81,212,-96220,239951447,-92979563,0.468919864442409,92.1271064474973,-0.0855152064558559
544.91,549,3041,2713,3557970,1109617,2024-08-01,2024-08-09,550.81,-328,-2448353,36507805,-59038188,3.03939664408748,53.3735977827207,-2.20648476005685
531.71,544,893,898,1375220,1103642,2024-08-01,2024-11-15,550.81,5,-271578,143393396,-50561696,0.769660270825861,86.9617761197315,-0.246074361069985
532.28,541,1260,1256,1549800,1095232,2024-08-01,2024-10-18,550.81,-4,-454568,239951447,-92979563,0.456439006179446,92.5835454536767,-0.415042657628703
535.8,541,1916,2094,1766552,1088880,2024-08-01,2024-08-30,550.81,178,-677672,117910724,-79511794,0.92347834281808,76.9404350362568,-0.622356917199324
549.7,564,255,754,530400,1078220,2024-08-01,2024-08-16,550.81,499,547820,245552880,-304354121,0.439098902036905,91.6578860732564,0.508078128767784
448.22,450,5012,6049,1187844,1076722,2024-08-01,2024-11-15,550.81,1037,-111122,143393396,-50561696,0.750886742371315,87.7126628621028,-0.103203983943859
538.87,541,1739,4969,1172086,1058397,2024-08-01,2024-08-09,550.81,3230,-113689,36507805,-59038188,2.89909787783736,56.2726956605581,-0.107416215276498
514.05,515,10965,10973,2302650,1042435,2024-08-01,2024-08-23,550.81,8,-1260215,46951906,-15341404,2.22021870635028,57.1567595147256,-1.20891470451395
508.61,515,1543,1624,1390243,1037736,2024-08-01,2024-11-15,550.81,81,-352507,143393396,-50561696,0.723698600457165,88.43636146256,-0.339688514227125
479.83,480,60157,59954,1804710,1019218,2024-08-01,2024-08-16,550.81,-203,-785492,245552880,-304354121,0.415070676426194,92.0729567496826,-0.770681051551287
543.92,569,405,404,1314225,1013232,2024-08-01,2024-12-20,550.81,-1,-300993,502087260,-151351504,0.201803965310731,95.0722838496241,-0.297062272016676
541.44,566,412,412,1011872,1011872,2024-08-01,2024-08-30,550.81,0,0,117910724,-79511794,0.85816791354788,77.7986029498046,0
468.5,470,6744,6743,1348800,1011450,2024-08-01,2024-10-18,550.81,-1,-337350,239951447,-92979563,0.421522775813892,93.0050682294906,-0.333531069257007
369.17,370,12147,12147,1348317,1008201,2024-08-01,2024-12-20,550.81,0,-340116,502087260,-151351504,0.200801948250987,95.2730857978751,-0.337349397590362
510.39,513,4000,3829,1436000,999369,2024-08-01,2024-09-20,550.81,-171,-436631,484039392,-269854167,0.206464394534237,95.8506769630849,-0.436906688120204
517.88,521,2806,3193,1635898,996216,2024-08-01,2024-09-20,550.81,387,-639682,484039392,-269854167,0.20581300126912,96.056489964354,-0.642111750865274
541.36,563,463,460,1272787,995440,2024-08-01,2024-12-20,550.81,-3,-277347,502087260,-151351504,0.198260358169614,95.4713461560447,-0.27861749578076
442.06,443,10541,10540,1275461,990760,2024-08-01,2024-10-18,550.81,-1,-284701,239951447,-92979563,0.412900198097159,93.4179684275878,-0.287356171020227
536.53,551,600,677,1194000,979619,2024-08-01,2024-11-15,550.81,77,-214381,143393396,-50561696,0.683168839937371,89.1195303024973,-0.218841202549154
528.78,534,1751,1872,1413057,977184,2024-08-01,2024-09-20,550.81,121,-435873,484039392,-269854167,0.201881089876255,96.2583710542302,-0.446050078593182
354.85,355,64555,64555,968325,968325,2024-08-01,2024-09-20,550.81,0,0,484039392,-269854167,0.2000508669344,96.4584219211646,0
547.38,553,1531,1703,2178613,957086,2024-08-01,2024-08-09,550.81,172,-1221527,36507805,-59038188,2.62159283473767,58.8942884952957,-1.27629805472027
467.65,470,3601,4030,1076699,947050,2024-08-01,2024-11-15,550.81,429,-129649,143393396,-50561696,0.660455799512552,89.7799861020099,-0.136897735072066
541,543,2153,4730,1765460,946000,2024-08-01,2024-08-09,550.81,2577,-819460,36507805,-59038188,2.59122672535366,61.4855152206494,-0.866236786469344
528.7,532,2859,2829,1849773,933570,2024-08-01,2024-08-30,550.81,-30,-916203,117910724,-79511794,0.791760043810773,78.5903629936154,-0.981397217134227
549.06,568,334,489,896456,926166,2024-08-01,2024-09-20,550.81,155,29710,484039392,-269854167,0.191341038623567,96.6497629597882,0.0320784826910079
529.54,531,6074,6342,2599672,925932,2024-08-01,2024-08-16,550.81,268,-1673740,245552880,-304354121,0.377080488732203,92.4500372384148,-1.80762734196464
374.07,375,9915,9924,1150140,922932,2024-08-01,2024-12-20,550.81,9,-227208,502087260,-151351504,0.183819043725587,95.6551651997703,-0.246180650362107
547.3,552.5,1488,1765,1834704,917800,2024-08-01,2024-08-09,550.81,277,-916904,36507805,-59038188,2.51398296884735,63.9994981894968,-0.999023752451514
548.07,566,509,509,1420110,912637,2024-08-01,2024-09-20,550.81,0,-507473,484039392,-269854167,0.188546018172009,96.8383089779602,-0.556051310652538
449.9,450,90936,90969,1273104,909690,2024-08-01,2024-08-16,550.81,33,-363414,245552880,-304354121,0.370466027521241,92.820503265936,-0.399492134683244
549.9,555,1800,1770,2898000,902700,2024-08-01,2024-08-02,550.81,-30,-1995300,30554319,-68194328,2.95441047139686,66.2286500314407,-2.21036889332004
533.98,535,9240,8838,3927000,901476,2024-08-01,2024-08-09,550.81,-402,-3025524,36507805,-59038188,2.46926924256334,66.4687674320601,-3.35618918307309
545.87,557,804,809,1575840,900417,2024-08-01,2024-08-30,550.81,5,-675423,117910724,-79511794,0.763643008417114,79.3540060020325,-0.750122443267953
517.32,518,13118,13158,2387476,894744,2024-08-01,2024-08-16,550.81,40,-1492732,245552880,-304354121,0.364379354866455,93.1848826208025,-1.6683341827383
546.47,554,1062,1185,1544148,892305,2024-08-01,2024-08-23,550.81,123,-651843,46951906,-15341404,1.90046597895302,59.0572254936786,-0.730515911039387
549.87,557.5,1144,1164,1810952,888132,2024-08-01,2024-08-09,550.81,20,-922820,36507805,-59038188,2.43271815437822,68.9014855864383,-1.03905725725455
546.61,556,940,942,1555700,884538,2024-08-01,2024-08-23,550.81,2,-671162,46951906,-15341404,1.88392351952656,60.9411490132051,-0.758771245554176
545.98,548,3057,4377,3087570,884154,2024-08-01,2024-08-02,550.81,1320,-2203416,30554319,-68194328,2.89371201498551,69.1223620464262,-2.49211788896504
536.83,556,447,460,1054473,881820,2024-08-01,2024-12-20,550.81,13,-172653,502087260,-151351504,0.175630825605892,95.8307960253761,-0.195791658161529
520.32,521,13039,12936,2842502,879648,2024-08-01,2024-08-16,550.81,-103,-1962854,245552880,-304354121,0.358231595573222,93.5431142163757,-2.2314084724799
533.9,548,222,623,396492,878430,2024-08-01,2024-11-15,550.81,401,481938,143393396,-50561696,0.612601433890303,90.3925875359002,0.548635634028892
549.3,570,423,424,1309185,877680,2024-08-01,2024-10-18,550.81,1,-431505,239951447,-92979563,0.365773997603774,93.7837424251916,-0.49164273995078
419.93,420,124937,125199,999496,876393,2024-08-01,2024-08-16,550.81,262,-123103,245552880,-304354121,0.356906015518938,93.9000202318947,-0.140465521746523
538.26,549,599,816,970979,876384,2024-08-01,2024-10-18,550.81,217,-94595.0000000001,239951447,-92979563,0.365233888337419,94.148976313529,-0.107937844597802
520.6,529,1041,1040,1201314,873600,2024-08-01,2024-11-15,550.81,-1,-327714,143393396,-50561696,0.60923307793059,91.0018206138308,-0.375130494505495
359.17,360,10491,10491,870753,870753,2024-08-01,2024-12-20,550.81,0,0,502087260,-151351504,0.173426627076736,96.0042226524529,0
549.97,564,619,619,1544405,868457,2024-08-01,2024-08-30,550.81,0,-675948,117910724,-79511794,0.736537755463193,80.0905437574957,-0.778332145402708
542.06,548,1156,1447,1272756,859518,2024-08-01,2024-08-23,550.81,291,-413238,46951906,-15341404,1.83063494802533,62.7717839612305,-0.480778762050359
547.3,558,794,802,1401410,858140,2024-08-01,2024-08-30,550.81,8,-543270,117910724,-79511794,0.727787915202692,80.8183316726984,-0.633078518656629
545.62,558,677,691,1252450,855458,2024-08-01,2024-08-23,550.81,14,-396992,46951906,-15341404,1.82198780173056,64.593771762961,-0.464069539357864
526.83,528,6579,7298,2401335,853866,2024-08-01,2024-08-16,550.81,719,-1547469,245552880,-304354121,0.347732024157078,94.2477522560517,-1.81230895714316
509.94,511,7919,7972,1528367,845032,2024-08-01,2024-08-30,550.81,53,-683335,117910724,-79511794,0.716671029854757,81.5350027025532,-0.808649849946511
546.84,552,1588,1633,2193028,842628,2024-08-01,2024-08-09,550.81,45,-1350400,36507805,-59038188,2.30807631409229,71.2095619005306,-1.60260518283276
548.05,569,389,400,1000119,838000,2024-08-01,2024-09-20,550.81,11,-162119,484039392,-269854167,0.173126405381486,97.0114353833417,-0.193459427207637
513.7,515,6185,6415,1731800,833950,2024-08-01,2024-08-30,550.81,230,-897850,117910724,-79511794,0.707272393645891,82.2422750961991,-1.07662329875892
545.8,562,513,513,1056780,831060,2024-08-01,2024-10-18,550.81,0,-225720,239951447,-92979563,0.346345067050169,94.4953213805791,-0.271604938271605
399.77,400,36212,36097,1050148,830231,2024-08-01,2024-09-20,550.81,-115,-219917,484039392,-269854167,0.17152137072348,97.1829567540652,-0.264886519534925
549.11,571,78,378,211692,827442,2024-08-01,2024-09-20,550.81,300,615750,484039392,-269854167,0.170945177949484,97.3539019320147,0.744160920040317
329.47,330,15458,15452,912022,818956,2024-08-01,2024-12-20,550.81,-6,-93065.9999999999,502087260,-151351504,0.163110292820415,96.1673329452733,-0.113639804824679
546.26,557,741,762,1419756,818388,2024-08-01,2024-08-23,550.81,21,-601368,46951906,-15341404,1.74303467041359,66.3368064333746,-0.734820158653353
537.65,571,245,245,817075,817075,2024-08-01,2024-12-20,550.81,0,0,502087260,-151351504,0.1627356567462,96.3300686020195,0
526.46,534,1092,1083,1278732,816582,2024-08-01,2024-10-18,550.81,-9,-462150,239951447,-92979563,0.340311346403341,94.8356327269825,-0.56595663387143
489.8,490,43140,40634,1682460,812680,2024-08-01,2024-08-16,550.81,-2506,-869780,245552880,-304354121,0.330959262216758,94.5787115182685,-1.07026135748388
543.86,553,885,887,1284135,810718,2024-08-01,2024-08-30,550.81,2,-473417,117910724,-79511794,0.687569351198285,82.9298444473974,-0.583947809225896
539.51,546,1204,1245,1444800,808005,2024-08-01,2024-09-06,550.81,41,-636795,5109201,-1786946,15.8147037080749,15.8147037080749,-0.788107746858002
547.15,577,268,268,1024028,799980,2024-08-01,2024-12-20,550.81,0,-224048,502087260,-151351504,0.159330870096166,96.4893994721157,-0.280067001675042
526.6,536,964,839,1418044,788660,2024-08-01,2024-11-15,550.81,-125,-629384,143393396,-50561696,0.549997435028319,91.5518180488591,-0.798042248877844
545.37,564,422,419,1070192,780597,2024-08-01,2024-10-18,550.81,-3,-289595,239951447,-92979563,0.325314562491469,95.1609472894739,-0.370991689693914
546.43,551,1342,1680,1476200,767760,2024-08-01,2024-08-09,550.81,338,-708440,36507805,-59038188,2.10300235798893,73.3125642585195,-0.922736271751589
543.04,567,318,317,952728,759532,2024-08-01,2024-12-20,550.81,-1,-193196,502087260,-151351504,0.151274899904849,96.6406743720205,-0.254361896536288
549.38,557,977,984,1843599,749808,2024-08-01,2024-08-09,550.81,7,-1093791,36507805,-59038188,2.05382931129385,75.3663935698134,-1.45876144292939
548.3,561,528,580,819456,736600,2024-08-01,2024-08-23,550.81,52,-82856,46951906,-15341404,1.56883939919287,67.9056458325675,-0.112484387727396
519.66,523,1766,2193,875936,732462,2024-08-01,2024-09-20,550.81,427,-143474,484039392,-269854167,0.15132280804121,97.5052247400559,-0.195879103625854
409.74,410,28082,28079,982870,730054,2024-08-01,2024-09-20,550.81,-3,-252816,484039392,-269854167,0.150825327869183,97.6560500679251,-0.346297671131176
544.65,552,878,990,1314366,727650,2024-08-01,2024-08-23,550.81,112,-586716,46951906,-15341404,1.54977734024259,69.4554231728101,-0.806316223459081
527.63,529,5566,5274,2087250,722538,2024-08-01,2024-08-16,550.81,-292,-1364712,245552880,-304354121,0.294249450464601,94.8729609687331,-1.88877540004816
521.1,523,3535,3799,1456420,721810,2024-08-01,2024-08-30,550.81,264,-734610,117910724,-79511794,0.612166540509072,83.5420109879064,-1.01773319848714
544.8,554,665,778,1125845,715760,2024-08-01,2024-08-30,550.81,113,-410085,117910724,-79511794,0.607035539871674,84.1490465277781,-0.572936459148318
544.1,547.5,2211,2100,2343660,714000,2024-08-01,2024-08-09,550.81,-111,-1629660,36507805,-59038188,1.95574617537264,77.322139745186,-2.28243697478992
537.38,566,249,249,712638,712638,2024-08-01,2024-11-15,550.81,0,0,143393396,-50561696,0.496981046463256,92.0487990953224,0
494.36,495,11116,11128,1022672,712192,2024-08-01,2024-08-30,550.81,12,-310480,117910724,-79511794,0.604009521644528,84.7530560494226,-0.435949856218548
419.66,420,20832,20852,1062432,708968,2024-08-01,2024-09-20,550.81,20,-353464,484039392,-269854167,0.146469070847854,97.8025191387729,-0.49856128908498
540.05,546,1256,1184,1546136,704480,2024-08-01,2024-08-30,550.81,-72,-841656,117910724,-79511794,0.597468980005585,85.3505250294282,-1.19471950942539
552.09,574,0,315,0,690165,2024-08-01,2024-09-20,550.81,315,690165,484039392,-269854167,0.142584469654073,97.945103608427,1
532.23,534,3916,3887,2016740,687999,2024-08-01,2024-08-16,550.81,-29,-1328741,245552880,-304354121,0.280183641095963,95.1531446098291,-1.93131240016337
299.63,300,18564,18569,835380,687053,2024-08-01,2024-12-20,550.81,5,-148327,502087260,-151351504,0.13683936134926,96.7775137333698,-0.215888730563727
533.15,537,1882,1784,1518774,686840,2024-08-01,2024-08-30,550.81,-98,-831934,117910724,-79511794,0.582508508725636,85.9330335381539,-1.211248616854
501.7,502,22482,22842,1258992,685260,2024-08-01,2024-08-16,550.81,360,-573732,245552880,-304354121,0.279068199077934,95.432212808907,-0.837247176254269
540.81,557,403,419,816075,678361,2024-08-01,2024-10-18,550.81,16,-137714,239951447,-92979563,0.282707609594036,95.443654899068,-0.203009901807445
537.91,543,1247,1321,1344266,672389,2024-08-01,2024-08-30,550.81,74,-671877,117910724,-79511794,0.570252626046126,86.5032861642,-0.999238536026021
549.77,564,387,466,785610,663118,2024-08-01,2024-08-23,550.81,79,-122492,46951906,-15341404,1.4123345706136,70.8677577434237,-0.184721271327275
541.3,542,5711,9423,3483710,659610,2024-08-01,2024-08-02,550.81,3712,-2824100,30554319,-68194328,2.15881100148231,71.2811730479086,-4.28146935310259
354.28,355,9135,9133,867825,657576,2024-08-01,2024-12-20,550.81,-2,-210249,502087260,-151351504,0.130968469504683,96.9084822028745,-0.319733384430089
545.27,547,2088,3695,1973160,639235,2024-08-01,2024-08-02,550.81,1607,-1333925,30554319,-68194328,2.09212648463872,73.3732995325473,-2.08675213340947
545.64,553,971,867,1439022,638112,2024-08-01,2024-08-23,550.81,-104,-800910,46951906,-15341404,1.35907581685821,72.2268335602819,-1.25512449225214
525.28,527,3379,3681,1385390,633132,2024-08-01,2024-08-23,550.81,302,-752258,46951906,-15341404,1.3484692186937,73.5753027789756,-1.18815349721701
538.56,544,1136,1156,1143952,628864,2024-08-01,2024-08-30,550.81,20,-515088,117910724,-79511794,0.533339104931626,87.0366252691316,-0.819076938733971
364.09,365,6833,6833,621803,621803,2024-08-01,2024-12-20,550.81,0,0,502087260,-151351504,0.123843612363317,97.0323258152378,0
532.3,535,2350,2301,1518100,621270,2024-08-01,2024-08-23,550.81,-49,-896830,46951906,-15341404,1.32320506860786,74.8985078475835,-1.44354306501199
521.9,524,2779,2950,1000440,619500,2024-08-01,2024-08-30,550.81,171,-380940,117910724,-79511794,0.525397503283925,87.5620227724155,-0.614915254237288
541.5,544,2342,2472,1993042,618000,2024-08-01,2024-08-09,550.81,130,-1375042,36507805,-59038188,1.69278870641497,79.014928451601,-2.22498705501618
339.41,340,10218,10218,807222,602862,2024-08-01,2024-12-20,550.81,0,-204360,502087260,-151351504,0.120071160538907,97.1523969757767,-0.338983050847458
504.66,505,17653,17707,1394587,602038,2024-08-01,2024-08-16,550.81,54,-792549,245552880,-304354121,0.245176517579431,95.6773893264864,-1.31644348031187
540.93,554,424,459,796696,599913,2024-08-01,2024-10-18,550.81,35,-196783,239951447,-92979563,0.250014328940471,95.6936692280084,-0.328019229454938
494.76,495,24810,24905,1017210,597720,2024-08-01,2024-08-16,550.81,95,-419490,245552880,-304354121,0.243418036880691,95.9208073633671,-0.701816904236097
534.55,558,254,254,595630,595630,2024-08-01,2024-11-15,550.81,0,0,143393396,-50561696,0.41538175161149,92.4641808469338,0
542.96,566,260,258,763100,594432,2024-08-01,2024-12-20,550.81,-2,-168668,502087260,-151351504,0.118392169520493,97.2707891452972,-0.283746500861326
534.84,535,18653,37105,5278799,593680,2024-08-01,2024-08-02,550.81,18452,-4685119,30554319,-68194328,1.94303135998547,75.3163308925327,-7.89165712168171
549.15,552.5,1056,1763,1449888,590605,2024-08-01,2024-08-02,550.81,707,-859283,30554319,-68194328,1.93296731633914,77.2492982088719,-1.45491995496144
526.43,529,1835,2292,1005580,589044,2024-08-01,2024-08-30,550.81,457,-416536,117910724,-79511794,0.499567791645483,88.061590564061,-0.707139025268062
542.96,544,3063,5659,2223738,588536,2024-08-01,2024-08-02,550.81,2596,-1635202,30554319,-68194328,1.92619576957353,79.1754939784454,-2.77842307012655
524.9,526,5355,5334,1729665,586740,2024-08-01,2024-08-16,550.81,-21,-1142925,245552880,-304354121,0.238946494946425,96.1597538583136,-1.94792412312097
536.09,554,307,327,696583,585657,2024-08-01,2024-12-20,550.81,20,-110926,502087260,-151351504,0.116644465346522,97.3874336106437,-0.189404378330661
541.21,575,172,172,581188,581188,2024-08-01,2024-10-18,550.81,0,0,239951447,-92979563,0.24221066689379,95.9358798949022,0
515.93,519,1386,1886,781704,579002,2024-08-01,2024-09-20,550.81,500,-202702,484039392,-269854167,0.119618776812281,98.0647223852393,-0.350088600730222
532.4,536,1603,1597,976227,574920,2024-08-01,2024-08-30,550.81,-6,-401307,117910724,-79511794,0.487589237430176,88.5491798014912,-0.698022333542058
542.92,546,2211,1860,2138037,572880,2024-08-01,2024-08-09,550.81,-351,-1565157,36507805,-59038188,1.56919869600487,80.5841271476058,-2.73208525345622
536.87,542,1024,1114,1046528,571482,2024-08-01,2024-08-30,550.81,90,-475046,117910724,-79511794,0.484673472109288,89.0338532736005,-0.83125277786527
534.13,543,646,641,838508,568567,2024-08-01,2024-10-18,550.81,-5,-269941,239951447,-92979563,0.236950852811486,96.1728307477137,-0.474774301005862
489.66,490,16735,16690,903690,567460,2024-08-01,2024-08-23,550.81,-45,-336230,46951906,-15341404,1.20859843261741,76.1071062802009,-0.592517534275544
535.09,553,289,312,638979,558792,2024-08-01,2024-12-20,550.81,23,-80187,502087260,-151351504,0.111293801798516,97.4987274124422,-0.14350062277198
537.71,538,7651,19093,3083353,553697,2024-08-01,2024-08-02,550.81,11442,-2529656,30554319,-68194328,1.81217260970536,80.9876665881508,-4.56866481125959
530.62,534,1552,1637,1084848,553306,2024-08-01,2024-08-30,550.81,85,-531542,117910724,-79511794,0.469258419615844,89.5031116932163,-0.960665526851326
527.48,538,520,525,726960,552300,2024-08-01,2024-11-15,550.81,5,-174660,143393396,-50561696,0.385164181480157,92.849345028414,-0.316241173275394
539.99,542,2437,2730,1793632,548730,2024-08-01,2024-08-09,550.81,293,-1244902,36507805,-59038188,1.50304845772021,82.087175605326,-2.26869680899532
484.48,485,10527,10527,905322,547404,2024-08-01,2024-08-30,550.81,0,-357918,117910724,-79511794,0.464252937671725,89.967364630888,-0.653846153846154
472.45,475,2134,2130,727694,543150,2024-08-01,2024-11-15,550.81,-4,-184544,143393396,-50561696,0.378783134475733,93.2281281628897,-0.339766178771978
541.04,547,790,911,741810,542956,2024-08-01,2024-08-23,550.81,121,-198854,46951906,-15341404,1.15640885803443,77.2635151382353,-0.366243305166533
399.95,400,108242,108245,649452,541225,2024-08-01,2024-08-16,550.81,3,-108227,245552880,-304354121,0.220410772620545,96.3801646309341,-0.1999667421128
514.05,517,1902,1828,781722,539260,2024-08-01,2024-09-20,550.81,-74,-242462,484039392,-269854167,0.111408288026277,98.1761306732655,-0.449619849423284
545.6,547.5,1363,2826,940470,536940,2024-08-01,2024-08-02,550.81,1463,-403530,30554319,-68194328,1.75732929933735,82.7449958874881,-0.751536484523411
546.1,570,223,224,628414,535360,2024-08-01,2024-11-15,550.81,1,-93054,143393396,-50561696,0.373350527244644,93.6014786901344,-0.173815750149432
379.93,380,75972,75964,607776,531748,2024-08-01,2024-08-30,550.81,-8,-76028,117910724,-79511794,0.450975095361131,90.4183397262492,-0.142977500620595
531.82,534,2337,2428,1395189,529304,2024-08-01,2024-08-23,550.81,91,-865885,46951906,-15341404,1.12733229615854,78.3908474343938,-1.63589355077611
550.69,563,144,428,347040,526868,2024-08-01,2024-08-02,550.81,284,179828,30554319,-68194328,1.72436505621349,84.4693609437016,0.341315092205258
513.47,514,9772,9939,1328992,526767,2024-08-01,2024-08-16,550.81,167,-802225,245552880,-304354121,0.214522835162837,96.5946874660969,-1.52292189905594
543.88,551,415,738,523730,525456,2024-08-01,2024-08-23,550.81,323,1726.00000000006,46951906,-15341404,1.11913667572942,79.5099841101233,0.00328476599372746
514.53,516,3526,3527,1015488,518469,2024-08-01,2024-08-30,550.81,1,-497019,117910724,-79511794,0.439713185036503,90.8580529112857,-0.958628191849465
542.37,549,419,782,479336,518466,2024-08-01,2024-08-23,550.81,363,39130.0000000001,46951906,-15341404,1.1042491011973,80.6142332113205,0.0754726443006871
464.87,465,39901,39841,718218,517933,2024-08-01,2024-08-16,550.81,-60,-200285,245552880,-304354121,0.210925239402608,96.8056127054995,-0.386700596409188
549.9,565,331,342,751701,516420,2024-08-01,2024-08-16,550.81,11,-235281,245552880,-304354121,0.210309078842814,97.0159217843423,-0.455600092947601
458.7,460,3937,3971,720471,516230,2024-08-01,2024-10-18,550.81,34,-204241,239951447,-92979563,0.215139356921653,96.3879701046354,-0.395639540514887
535.75,546,364,497,556920,509425,2024-08-01,2024-10-18,550.81,133,-47495,239951447,-92979563,0.212303366522311,96.6002734711577,-0.0932325661284782
518.85,520,4454,4426,1300568,508990,2024-08-01,2024-08-23,550.81,-28,-791578,46951906,-15341404,1.08406674693888,81.6982999582594,-1.55519361873514
529.29,544,329,345,602399,507495,2024-08-01,2024-12-20,550.81,16,-94903.9999999999,502087260,-151351504,0.101077051825613,97.5998044642678,-0.187004798076828
544.55,546,2854,3499,2474418,507355,2024-08-01,2024-08-02,550.81,645,-1967063,30554319,-68194328,1.6605017444506,86.1298626881522,-3.87709394802456
534.65,539,1105,1165,1013285,506775,2024-08-01,2024-08-30,550.81,60,-506510,117910724,-79511794,0.429795512068945,91.2878484233546,-0.999477085491589
473.47,475,3301,3312,831852,506736,2024-08-01,2024-10-18,550.81,11,-325116,239951447,-92979563,0.21118272314482,96.8114561943025,-0.641588519465758
501.16,503,2490,2738,637440,503792,2024-08-01,2024-09-20,550.81,248,-133648,484039392,-269854167,0.10408078522667,98.2802114584922,-0.265284085495601
530.51,546,295,325,551650,503425,2024-08-01,2024-12-20,550.81,30,-48225,502087260,-151351504,0.100266435758597,97.7000709000264,-0.0957938123851616
534.92,536,3284,4657,1553332,502956,2024-08-01,2024-08-09,550.81,1373,-1050376,36507805,-59038188,1.37766704955283,83.4648426548789,-2.08840534758508
550.25,566,3,319,8253,502425,2024-08-01,2024-08-23,550.81,316,494172,46951906,-15341404,1.07008435397702,82.7683843122364,0.983573667711599
530.4,543,389,393,626290,495180,2024-08-01,2024-11-15,550.81,4,-131110,143393396,-50561696,0.34532971100008,93.9468084011345,-0.26477240599378
537.62,552,341,341,663927,490358,2024-08-01,2024-11-15,550.81,0,-173569,143393396,-50561696,0.341966934097858,94.2887753352323,-0.353963838664812
509.31,510,7144,7051,1128752,486519,2024-08-01,2024-08-23,550.81,-93,-642233,46951906,-15341404,1.03620713502025,83.8045914472567,-1.32005738727573
539.24,544,989,1020,1063175,485520,2024-08-01,2024-08-23,550.81,31,-577655,46951906,-15341404,1.03407942587038,84.8386708731271,-1.1897656121272
519.15,521,2540,2602,957580,481370,2024-08-01,2024-08-30,550.81,62,-476210,117910724,-79511794,0.40824954988827,91.6960979732429,-0.989280594968527
529.75,538,571,581,740016,479325,2024-08-01,2024-10-18,550.81,10,-260691,239951447,-92979563,0.199759162110825,97.0112153564133,-0.543871068690346
497.4,498,7893,7906,1049769,474360,2024-08-01,2024-08-30,550.81,13,-575409,117910724,-79511794,0.40230437394312,92.098402347186,-1.21302175562864
425.95,427,4512,4512,473760,473760,2024-08-01,2024-10-18,550.81,0,0,239951447,-92979563,0.19743994292312,97.2086552993365,0
474.85,475,31292,31252,688424,468780,2024-08-01,2024-08-16,550.81,-40,-219644,245552880,-304354121,0.190907962472279,97.2068297468146,-0.468543879858356
505,506,4487,4618,641641,461800,2024-08-01,2024-08-30,550.81,131,-179841,117910724,-79511794,0.391652247000027,92.490054594186,-0.389434820268515
510.5,511,16022,9226,1794464,461300,2024-08-01,2024-08-16,550.81,-6796,-1333164,245552880,-304354121,0.187861775435092,97.3946915222497,-2.89001517450683
399.16,400,4866,5467,501198,459228,2024-08-01,2024-11-15,550.81,601,-41970.0000000001,143393396,-50561696,0.32025742663909,94.6090327618714,-0.0913925109096137
547.65,564,252,279,539028,456165,2024-08-01,2024-09-20,550.81,27,-82863,484039392,-269854167,0.0942412967909851,98.3744527552832,-0.181651376146789
543.67,547,1990,1352,1687520,450216,2024-08-01,2024-08-09,550.81,-638,-1237304,36507805,-59038188,1.23320479004421,84.6980474449231,-2.74824528670683
527.3,529,2031,2625,832710,446250,2024-08-01,2024-08-23,550.81,594,-386460,46951906,-15341404,0.950440648777922,85.789111521905,-0.866016806722689
552.02,575,41,192,126075,441216,2024-08-01,2024-09-20,550.81,151,315141,484039392,-269854167,0.0911529117861548,98.4656056670693,0.714255602697998
541.79,564,266,198,776986,439758,2024-08-01,2024-12-20,550.81,-68,-337228,502087260,-151351504,0.0875859706139526,97.7876568706404,-0.766849039699107
506.95,508,4166,4168,804038,437640,2024-08-01,2024-08-30,550.81,2,-366398,117910724,-79511794,0.371162168421593,92.8612167626076,-0.837213234622064
540.5,546,808,794,734472,436700,2024-08-01,2024-08-23,550.81,-14,-297772,46951906,-15341404,0.930100686434327,86.7192122083393,-0.681868559651935
542.88,568,174,173,532266,434576,2024-08-01,2024-12-20,550.81,-1,-97690,502087260,-151351504,0.0865538791006169,97.874210749741,-0.224793822024226
294.78,295,19710,19710,433620,433620,2024-08-01,2024-11-15,550.81,0,0,143393396,-50561696,0.302398863612938,94.9114316254843,0
549.07,562,333,334,570762,431862,2024-08-01,2024-08-23,550.81,1,-138900,46951906,-15341404,0.919796525406232,87.6390087337455,-0.321630520860831
524.62,525,11248,11330,1990896,430540,2024-08-01,2024-08-09,550.81,82,-1560356,36507805,-59038188,1.1793094654691,85.8773569103922,-3.62418358340689
513.16,515,2364,2339,782484,430376,2024-08-01,2024-09-06,550.81,-25,-352108,5109201,-1786946,8.42354802639395,24.2382517344689,-0.818140416751863
549.87,558,489,527,725676,428451,2024-08-01,2024-08-02,550.81,38,-297225,30554319,-68194328,1.40226002091554,87.5321227090678,-0.69371993530182
542.14,543,3573,4954,2347461,426044,2024-08-01,2024-08-02,550.81,1381,-1921417,30554319,-68194328,1.39438224756376,88.9265049566315,-4.50990273305105
535.78,537,2138,3479,1083966,424438,2024-08-01,2024-08-09,550.81,1341,-659528,36507805,-59038188,1.16259523134847,87.0399521417407,-1.5538853731287
527.5,528,11767,8271,2929983,413550,2024-08-01,2024-08-09,550.81,-3496,-2516433,36507805,-59038188,1.13277147174419,88.1727236134848,-6.08495466086326
444.8,445,20563,20565,658016,411300,2024-08-01,2024-08-30,550.81,2,-246716,117910724,-79511794,0.348823233415139,93.2100399960228,-0.599844395818138
344.37,345,6495,6495,467640,409185,2024-08-01,2024-12-20,550.81,0,-58454.9999999999,502087260,-151351504,0.0814967900201252,97.9557075397611,-0.142857142857143
324.51,325,8358,8338,509838,408562,2024-08-01,2024-12-20,550.81,-20,-101276,502087260,-151351504,0.0813727080029874,98.0370802477641,-0.247884042079293
538.5,543,902,901,709874,405450,2024-08-01,2024-08-23,550.81,-1,-304424,46951906,-15341404,0.863543218032512,88.5025519517781,-0.750829942039709
548.15,561,315,315,674415,404775,2024-08-01,2024-08-30,550.81,0,-269640,117910724,-79511794,0.34328938562026,93.553329381643,-0.666147859922179
532.72,542,425,434,553775,402752,2024-08-01,2024-10-18,550.81,9,-151023,239951447,-92979563,0.167847289539371,97.3765025888758,-0.374977653742254
526.45,533,609,609,685734,398895,2024-08-01,2024-10-18,550.81,0,-286839,239951447,-92979563,0.166239881020597,97.5427424698964,-0.719083969465649
424.62,425,10352,10206,538304,387828,2024-08-01,2024-09-20,550.81,-146,-150476,484039392,-269854167,0.080123230962161,98.5457288980315,-0.387996740823252
334.44,335,6892,6892,475548,385952,2024-08-01,2024-12-20,550.81,0,-89595.9999999999,502087260,-151351504,0.0768695067068621,98.113949754471,-0.232142857142857
537.6,542,906,869,877914,382360,2024-08-01,2024-08-23,550.81,-37,-495554,46951906,-15341404,0.814365235779779,89.3169171875578,-1.29604038079297
304.87,305,29358,29358,675234,381654,2024-08-01,2024-10-18,550.81,0,-293580,239951447,-92979563,0.159054677423971,97.7017971473204,-0.769230769230769
533,546,279,292,465093,379600,2024-08-01,2024-11-15,550.81,13,-85493,143393396,-50561696,0.264726277910316,95.1761579033947,-0.225218651211802
454.82,455,21018,21017,504432,378306,2024-08-01,2024-08-23,550.81,-1,-126126,46951906,-15341404,0.805730868518948,90.1226480560768,-0.333396774040063
547.25,578,123,123,469737,378225,2024-08-01,2024-12-20,550.81,0,-91512,502087260,-151351504,0.0753305311909328,98.1892802856619,-0.241951219512195
513.25,516,654,1370,319806,376750,2024-08-01,2024-09-20,550.81,716,56944,484039392,-269854167,0.0778345742571299,98.6235634722886,0.151145321831453
517.9,520,1585,1778,546825,373380,2024-08-01,2024-09-06,550.81,193,-173445,5109201,-1786946,7.30799199326861,31.5462437277375,-0.464526755584123
541.97,562,184,184,493672,368552,2024-08-01,2024-12-20,550.81,0,-125120,502087260,-151351504,0.0734039736439439,98.2626842593059,-0.339490763854218
489.44,490,6564,6546,649836,366576,2024-08-01,2024-08-30,550.81,-18,-283260,117910724,-79511794,0.310892841265227,93.8642222229082,-0.77271834489983
550.48,610,61,61,419863,363072,2024-08-01,2024-12-20,550.81,0,-56791,502087260,-151351504,0.0723125298976915,98.3349967892035,-0.156418010752688
550.74,562,22,322,36938,362572,2024-08-01,2024-08-02,550.81,300,325634,30554319,-68194328,1.18664729526454,90.113152251896,0.898122303983761
547.87,557.5,376,376,501960,362088,2024-08-01,2024-08-23,550.81,0,-139872,46951906,-15341404,0.771189139797647,90.8938371958744,-0.386292834890966
529.39,530,4752,5840,1316304,356240,2024-08-01,2024-08-09,550.81,1088,-960064,36507805,-59038188,0.97579134105707,89.1485149545419,-2.69499214013025
506.79,509,1292,1600,502588,353600,2024-08-01,2024-09-20,550.81,308,-148988,484039392,-269854167,0.0730519056597774,98.6966153779484,-0.421346153846154
537.4,553,226,226,393240,352560,2024-08-01,2024-11-15,550.81,0,-40679.9999999999,143393396,-50561696,0.245869063593417,95.4220269669881,-0.115384615384615
534.26,537.5,1469,1088,884338,352512,2024-08-01,2024-08-23,550.81,-381,-531826,46951906,-15341404,0.750793801640343,91.6446309975148,-1.50867488198983
499.24,501,970,1984,234740,349184,2024-08-01,2024-09-20,550.81,1014,114444,484039392,-269854167,0.0721395832180535,98.7687549611665,0.327746975806452
539.44,579,85,85,336260,336260,2024-08-01,2024-12-20,550.81,0,0,502087260,-151351504,0.0669724222837281,98.4019692114873,0
538.79,558,179,175,441235,336175,2024-08-01,2024-12-20,550.81,-4,-105060,502087260,-151351504,0.0669554929555472,98.4689247044428,-0.312515802781289
414.68,415,10435,10413,396530,333216,2024-08-01,2024-09-20,550.81,-22,-63314,484039392,-269854167,0.0688406781570373,98.8375956393235,-0.190008883126861
459.87,460,25372,25372,405952,329836,2024-08-01,2024-08-16,550.81,0,-76116,245552880,-304354121,0.134323816523757,97.5290153387735,-0.230769230769231
536.47,538,1593,2150,861813,328950,2024-08-01,2024-08-09,550.81,557,-532863,36507805,-59038188,0.90104020222525,90.0495551567672,-1.61989056087551
504.93,507,893,1584,315229,327888,2024-08-01,2024-09-20,550.81,691,12658.9999999999,484039392,-269854167,0.0677399412980008,98.9053355806215,0.0386076953105937
518.18,526,419,415,467185,324530,2024-08-01,2024-11-15,550.81,-4,-142655,143393396,-50561696,0.226321440912104,95.6483484079002,-0.439574153391058
521.3,533,264,277,333696,324090,2024-08-01,2024-12-20,550.81,13,-9606.00000000006,502087260,-151351504,0.0645485408253537,98.5334732452682,-0.029639914838471
520.18,531,297,299,409266,323518,2024-08-01,2024-12-20,550.81,2,-85748,502087260,-151351504,0.0644346164051245,98.5979078616733,-0.265048621715021
539.61,561,150,150,320850,320850,2024-08-01,2024-11-15,550.81,0,0,143393396,-50561696,0.223755074466609,95.8721034823668,0
389.45,390,5764,5764,317020,317020,2024-08-01,2024-10-18,550.81,0,0,239951447,-92979563,0.132118394768422,97.8339155420888,0
523.16,524,4012,3757,826472,315588,2024-08-01,2024-08-16,550.81,-255,-510884,245552880,-304354121,0.128521400359874,97.6575367391333,-1.61883214824391
511.91,513,2873,2884,577473,314356,2024-08-01,2024-08-30,550.81,11,-263117,117910724,-79511794,0.266605096920616,94.1308273198289,-0.83700327017776
453.07,455,1622,1624,389280,313432,2024-08-01,2024-11-15,550.81,2,-75848,143393396,-50561696,0.218581893408815,96.0906853757756,-0.241991883406927
541.92,547.5,506,550,549516,306900,2024-08-01,2024-08-23,550.81,44,-242616,46951906,-15341404,0.653647585680547,92.2982785831953,-0.790537634408602
505.81,508,1046,1378,372376,301782,2024-08-01,2024-09-20,550.81,332,-70594,484039392,-269854167,0.0623465786024291,98.9676821592239,-0.233923825808034
518.26,519,4084,4075,771876,301550,2024-08-01,2024-08-16,550.81,-9,-470326,245552880,-304354121,0.122804505489815,97.7803412446232,-1.55969490963356
520.36,522,1780,1836,606980,301104,2024-08-01,2024-08-30,550.81,56,-305876,117910724,-79511794,0.255366085276518,94.3861934051054,-1.01584834475796
539.31,559,146,152,367044,299288,2024-08-01,2024-12-20,550.81,6,-67756,502087260,-151351504,0.0596087620307275,98.657516623704,-0.226390633770816
469.69,470,9868,9642,473664,298902,2024-08-01,2024-08-30,550.81,-226,-174762,117910724,-79511794,0.253498570664361,94.6396919757697,-0.584679928538451
533.39,547,216,219,372384,298059,2024-08-01,2024-11-15,550.81,3,-74325,143393396,-50561696,0.207861037059196,96.2985464128348,-0.249363381075559
533.88,534,4075,24833,1006525,297996,2024-08-01,2024-08-02,550.81,20758,-708529,30554319,-68194328,0.975299105831814,91.0884513577279,-2.37764600867126
329.9,330,29434,29434,294340,294340,2024-08-01,2024-09-20,550.81,0,0,484039392,-269854167,0.0608091004295783,99.0284912596535,0
543.2,559,180,180,380880,284400,2024-08-01,2024-10-18,550.81,0,-96480,239951447,-92979563,0.118523977894578,97.9524395199834,-0.339240506329114
540.44,541,3909,5061,2189040,283416,2024-08-01,2024-08-02,550.81,1152,-1905624,30554319,-68194328,0.927580811079442,92.0160321688073,-6.72377000592768
550.16,569,0,148,0,278832,2024-08-01,2024-08-23,550.81,148,278832,46951906,-15341404,0.593867264941278,92.8921458481366,1
481.7,485,841,831,380132,274230,2024-08-01,2024-11-15,550.81,-10,-105902,143393396,-50561696,0.191243116942429,96.4897895297772,-0.38617948437443
536.15,537.5,1530,2003,858330,270405,2024-08-01,2024-08-09,550.81,473,-587925,36507805,-59038188,0.740677233265599,90.7902323900328,-2.17423864203694
546.04,576,91,90,335517,269640,2024-08-01,2024-12-20,550.81,-1,-65877,502087260,-151351504,0.0537038123612218,98.7112204360652,-0.244314641744548
526.62,527,7043,7070,1598761,268660,2024-08-01,2024-08-09,550.81,27,-1330101,36507805,-59038188,0.735897433439233,91.526129823472,-4.95087098935457
269.74,270,10160,10159,314960,264134,2024-08-01,2024-12-20,550.81,-1,-50826,502087260,-151351504,0.0526071902322317,98.7638276262975,-0.192425056978655
522.4,537,180,180,262800,262800,2024-08-01,2024-11-15,550.81,0,0,143393396,-50561696,0.183272038553296,96.6730615683305,0
528.28,539,245,243,353045,260496,2024-08-01,2024-11-15,550.81,-2,-92549,143393396,-50561696,0.181665269996116,96.8547268383266,-0.355279927522879
502.2,503,3220,3211,441140,256880,2024-08-01,2024-08-30,550.81,-9,-184260,117910724,-79511794,0.217859742766061,94.8575517185358,-0.717299906571162
551.16,561,28,259,59864,254856,2024-08-01,2024-08-02,550.81,231,194992,30554319,-68194328,0.834107937408129,92.8501401062154,0.765106569984619
534.75,538,702,783,527904,254475,2024-08-01,2024-08-23,550.81,81,-273429,46951906,-15341404,0.541990776689662,93.4341366248263,-1.07448275862069
538.51,554,235,164,429580,254036,2024-08-01,2024-11-15,550.81,-71,-175544,143393396,-50561696,0.177160181072774,97.0318870193994,-0.691020170369554
374.83,375,14928,14928,313488,253776,2024-08-01,2024-09-20,550.81,0,-59712,484039392,-269854167,0.0524287907542864,99.0809200504078,-0.235294117647059
533,549,143,158,286000,252800,2024-08-01,2024-12-20,550.81,15,-33200,502087260,-151351504,0.0503498136957309,98.8141774399932,-0.131329113924051
550.65,567.5,2,150,4150,252750,2024-08-01,2024-08-23,550.81,148,248600,46951906,-15341404,0.538316804433882,93.9724534292601,0.983580613254204
537.64,539,1474,1858,868186,252688,2024-08-01,2024-08-09,550.81,384,-615498,36507805,-59038188,0.692147884541402,92.2182777080134,-2.43580225416324
364.95,365,50330,50330,251650,251650,2024-08-01,2024-08-30,550.81,0,0,117910724,-79511794,0.213424183537369,95.0709759020732,0
274.74,275,9562,9550,325108,248300,2024-08-01,2024-12-20,550.81,-12,-76808.0000000001,502087260,-151351504,0.0494535551449762,98.8636309951382,-0.309335481272654
457.94,460,1205,1201,295225,247406,2024-08-01,2024-11-15,550.81,-4,-47819,143393396,-50561696,0.172536537177765,97.2044235565772,-0.193281488727032
519.78,520,11095,11239,1209355,247258,2024-08-01,2024-08-09,550.81,144,-962097,36507805,-59038188,0.677274352703484,92.8955520607169,-3.89106520314813
389.79,390,11701,11757,292525,246897,2024-08-01,2024-09-20,550.81,56,-45628,484039392,-269854167,0.0510076254289651,99.1319276758368,-0.184805809710122
527.98,542,153,176,260100,246752,2024-08-01,2024-12-20,550.81,23,-13348,502087260,-151351504,0.0491452422035166,98.9127762373417,-0.0540947996368824
530.32,542,200,210,308800,245280,2024-08-01,2024-11-15,550.81,10,-63520,143393396,-50561696,0.171053902649743,97.3754774592269,-0.258969341161122
537.08,541,593,624,540223,244608,2024-08-01,2024-08-23,550.81,31,-295615,46951906,-15341404,0.520975655386599,94.4934290846468,-1.20852547749869
497.34,499,1587,1463,358662,242858,2024-08-01,2024-09-20,550.81,-124,-115804,484039392,-269854167,0.0501731892101873,99.182100865047,-0.476838317041234
424.27,425,3286,3285,335172,239805,2024-08-01,2024-10-18,550.81,-1,-95367,239951447,-92979563,0.0999389680696529,98.0523784880531,-0.397685619565898
530.35,531,1824,3623,423168,235495,2024-08-01,2024-08-09,550.81,1799,-187673,36507805,-59038188,0.645053845335265,93.5406059060521,-0.796929871122529
533.57,538,521,527,468900,233461,2024-08-01,2024-09-06,550.81,6,-235439,5109201,-1786946,4.56942289019359,36.1156666179311,-1.00847250718535
537.33,557,118,118,232106,232106,2024-08-01,2024-11-15,550.81,0,0,143393396,-50561696,0.161866589727745,97.5373440489547,0
531.24,532,1683,3038,557073,230888,2024-08-01,2024-08-09,550.81,1355,-326185,36507805,-59038188,0.632434625965598,94.1730405320177,-1.41274124250719
508.58,509,6302,5492,636502,230664,2024-08-01,2024-08-16,550.81,-810,-405838,245552880,-304354121,0.0939365891371341,97.8742778337603,-1.75943363507093
524.61,534,210,245,294840,230055,2024-08-01,2024-11-15,550.81,35,-64784.9999999999,143393396,-50561696,0.160436258863693,97.6977803078184,-0.281606572341396
502.01,504,774,1154,246906,229646,2024-08-01,2024-09-20,550.81,380,-17260,484039392,-269854167,0.0474436592962252,99.2295445243432,-0.075159158008413
299.8,300,11472,11474,298272,229480,2024-08-01,2024-11-15,550.81,2,-68792,143393396,-50561696,0.160035264106584,97.8578155719249,-0.29977340073209
523.88,526,1192,1080,522096,228960,2024-08-01,2024-08-30,550.81,-112,-293136,117910724,-79511794,0.194180810898931,95.2651567129721,-1.28029350104822
550.12,577,2,85,6666,228480,2024-08-01,2024-09-20,550.81,83,221814,484039392,-269854167,0.0472027698109331,99.2767472941541,0.970824579831933
530.98,535,104,564,83512,226728,2024-08-01,2024-09-06,550.81,460,143216,5109201,-1786946,4.4376410323258,40.5533076502569,0.631664373169613
484.8,485,11270,11231,326830,224620,2024-08-01,2024-08-16,550.81,-39,-102210,245552880,-304354121,0.0914752048520058,97.9657530386123,-0.455035170510195
516.51,518,1330,1494,448210,222606,2024-08-01,2024-08-30,550.81,164,-225604,117910724,-79511794,0.188791988080745,95.4539487010529,-1.01346774121093
459.71,460,7633,7636,290054,221444,2024-08-01,2024-08-30,550.81,3,-68610,117910724,-79511794,0.187806496718653,95.6417551977715,-0.309830024746663
535,540,268,440,273360,220000,2024-08-01,2024-09-06,550.81,172,-53360,5109201,-1786946,4.30595703711794,44.8592646873748,-0.242545454545455
454.88,455,18216,18224,255024,218688,2024-08-01,2024-08-16,550.81,8,-36336,245552880,-304354121,0.089059431923584,98.0548124705359,-0.166154521510097
538.47,572,65,65,217945,217945,2024-08-01,2024-12-20,550.81,0,0,502087260,-151351504,0.0434077932987186,98.9561840306404,0
531.85,548,118,134,230572,216410,2024-08-01,2024-12-20,550.81,16,-14162,502087260,-151351504,0.0431020695486279,98.999286100189,-0.0654405988632687
249.83,250,12662,12661,278564,215237,2024-08-01,2024-12-20,550.81,-1,-63327,502087260,-151351504,0.0428684448197311,99.0421545450088,-0.294219859968314
515.48,517,1585,1405,485010,213560,2024-08-01,2024-08-30,550.81,-180,-271450,117910724,-79511794,0.181120082003737,95.8228752797752,-1.27107136167822
531.71,547,105,139,203070,212531,2024-08-01,2024-12-20,550.81,34,9461,502087260,-151351504,0.0423294946778773,99.0844840396866,0.0445158588629424
507.61,508,5418,5425,498456,211575,2024-08-01,2024-08-16,550.81,7,-286881,245552880,-304354121,0.086162703528462,98.1409751740643,-1.35593052109181
500.45,502,916,1365,283960,211575,2024-08-01,2024-09-20,550.81,449,-72385,484039392,-269854167,0.0437102854637087,99.3204575796178,-0.342124542124542
530.48,539,249,248,314736,211296,2024-08-01,2024-10-18,550.81,-1,-103440,239951447,-92979563,0.0880578144627734,98.1404363025158,-0.489550204452522
428.73,430,1657,1661,258492,210947,2024-08-01,2024-11-15,550.81,4,-47545,143393396,-50561696,0.147110680048334,98.0049262519733,-0.225388367694255
504.65,506,1235,1555,439660,209925,2024-08-01,2024-09-20,550.81,320,-229735,484039392,-269854167,0.0433694041165972,99.3638269837344,-1.09436703584614
508.65,511,778,891,258296,209385,2024-08-01,2024-09-20,550.81,113,-48911,484039392,-269854167,0.0432578429484516,99.4070848266829,-0.233593619409222
517.05,527,191,209,241042,207955,2024-08-01,2024-12-20,550.81,18,-33087,502087260,-151351504,0.0414180993160432,99.1259021390027,-0.159106537472049
549.45,559,103,216,197039,206280,2024-08-01,2024-08-02,550.81,113,9241.00000000003,30554319,-68194328,0.675125503533559,93.525265609749,0.0447983323637775
467.69,468,6633,6633,384714,205623,2024-08-01,2024-08-30,550.81,0,-179091,117910724,-79511794,0.174388718027039,95.9972639978023,-0.870967741935484
549.28,569,72,104,190296,205088,2024-08-01,2024-08-16,550.81,32,14792,245552880,-304354121,0.083520910037789,98.2244960841021,0.0721251365267592
550.06,576,0,79,0,204926,2024-08-01,2024-09-20,550.81,79,204926,484039392,-269854167,0.0423366369322272,99.4494214636151,1
512.49,513,3890,4007,501810,204357,2024-08-01,2024-08-16,550.81,117,-297453,245552880,-304354121,0.0832232144864275,98.3077192985886,-1.4555557186688
549.02,569,102,102,287232,203796,2024-08-01,2024-10-18,550.81,0,-83436,239951447,-92979563,0.0849321821343299,98.2253684846502,-0.409409409409409
538.63,539,3083,5481,1356520,202797,2024-08-01,2024-08-02,550.81,2398,-1153723,30554319,-68194328,0.663726133120493,94.1889917428695,-5.68905358560531
547.81,566,112,111,286720,201909,2024-08-01,2024-10-18,550.81,-1,-84811,239951447,-92979563,0.0841457730404935,98.3095142576907,-0.420045664135824
524.31,537,184,157,297896,199233,2024-08-01,2024-12-20,550.81,-27,-98663,502087260,-151351504,0.0396809510761137,99.1655830900788,-0.495214146250872
540.29,542.5,711,889,564534,196469,2024-08-01,2024-08-09,550.81,178,-368065,36507805,-59038188,0.53815615592337,94.7111966879411,-1.87339987478941
526.03,539,155,151,245365,195847,2024-08-01,2024-12-20,550.81,-4,-49518,502087260,-151351504,0.0390065663088125,99.2045896563876,-0.252840227320306
504.4,505,3191,3260,395684,195600,2024-08-01,2024-08-23,550.81,69,-200084,46951906,-15341404,0.416596506220642,94.9100255908674,-1.02292433537832
439.15,440,2329,2299,270164,195415,2024-08-01,2024-10-18,550.81,-30,-74749,239951447,-92979563,0.0814393921950385,98.3909536498857,-0.382514136581122
546.72,567,94,94,242896,190632,2024-08-01,2024-10-18,550.81,0,-52264,239951447,-92979563,0.0794460722714458,98.4703997221571,-0.274161735700197
538.59,542.5,470,487,370360,190417,2024-08-01,2024-08-23,550.81,17,-179943,46951906,-15341404,0.405557550741391,95.3155831416088,-0.944994407011979
494.54,496,1217,1304,248268,190384,2024-08-01,2024-09-20,550.81,87,-57884,484039392,-269854167,0.0393323359930177,99.4887537996081,-0.304038154466762
535.8,536,4193,9432,1345953,188640,2024-08-01,2024-08-02,550.81,5239,-1157313,30554319,-68194328,0.61739225803069,94.8063840009002,-6.13503498727735
548.06,575,67,70,237180,188580,2024-08-01,2024-11-15,550.81,3,-48599.9999999999,143393396,-50561696,0.131512332687901,98.1364385846612,-0.257715558383709
509.55,512,760,769,263720,188405,2024-08-01,2024-09-20,550.81,9,-75315,484039392,-269854167,0.0389234849712397,99.5276772845794,-0.39975053740612
524.39,526,1086,1168,363810,188048,2024-08-01,2024-08-23,550.81,82,-175762,46951906,-15341404,0.400511962176786,95.7160951037856,-0.934665617289203
550.08,579,0,65,0,187980,2024-08-01,2024-09-20,550.81,65,187980,484039392,-269854167,0.038835682200014,99.5665129667794,1
512.7,514,1998,1434,429570,186420,2024-08-01,2024-08-30,550.81,-564,-243150,117910724,-79511794,0.158102667574156,96.1553666653764,-1.30431284196975
536.05,539,590,629,466690,185555,2024-08-01,2024-08-23,550.81,39,-281135,46951906,-15341404,0.395202273577563,96.1112973773631,-1.51510333863275
538.8,564,73,73,183960,183960,2024-08-01,2024-11-15,550.81,0,0,143393396,-50561696,0.128290426987307,98.2647290116485,0
517.31,519,1064,1075,271320,181675,2024-08-01,2024-08-30,550.81,11,-89645,117910724,-79511794,0.154078436495734,96.3094451018722,-0.49343608091372
547,580,55,55,193875,181500,2024-08-01,2024-12-20,550.81,0,-12375,502087260,-151351504,0.0361490948804397,99.2407387512681,-0.0681818181818182
508,509,1642,1812,339894,181200,2024-08-01,2024-08-30,550.81,170,-158694,117910724,-79511794,0.153675589338252,96.4631206912104,-0.875794701986755
551.5,568,25,109,62375,179850,2024-08-01,2024-08-16,550.81,84,117475,245552880,-304354121,0.0732428794970761,98.3809621780856,0.65318320822908
492.58,494,1056,1264,212256,179488,2024-08-01,2024-09-20,550.81,208,-32768,484039392,-269854167,0.0370812795335467,99.6035942463129,-0.182563736851489
384.82,385,9971,9970,249275,179460,2024-08-01,2024-09-20,550.81,-1,-69815,484039392,-269854167,0.0370754948803836,99.6406697411933,-0.389028195698206
463.61,465,1266,1286,251934,178754,2024-08-01,2024-10-18,550.81,20,-73180,239951447,-92979563,0.0744959041651455,98.5448956263223,-0.409389440236302
309.56,310,4046,4049,210392,178156,2024-08-01,2024-12-20,550.81,3,-32236,502087260,-151351504,0.0354830751929455,99.276221826461,-0.180942544736074
496.46,498,1165,1151,255135,177254,2024-08-01,2024-09-20,550.81,-14,-77881,484039392,-269854167,0.0366197468490333,99.6772894880423,-0.439375133988514
511.54,512,3694,3799,350930,174754,2024-08-01,2024-08-16,550.81,105,-176176,245552880,-304354121,0.0711675627669283,98.4521297408526,-1.00813715279765
394.77,395,7491,7492,187275,172316,2024-08-01,2024-09-20,550.81,1,-14959,484039392,-269854167,0.0355995819447687,99.7128890699871,-0.0868114394484552
289.69,290,5463,5457,202131,169167,2024-08-01,2024-12-20,550.81,-6,-32964,502087260,-151351504,0.0336927489456713,99.3099145754067,-0.194860699781872
426.52,428,1140,1140,168720,168720,2024-08-01,2024-10-18,550.81,0,0,239951447,-92979563,0.0703142248606653,98.615209851183,0
516.14,526,153,171,194310,168606,2024-08-01,2024-12-20,550.81,18,-25704,502087260,-151351504,0.0335810153796772,99.3434955907864,-0.152450090744102
510.85,512,1426,1450,282348,166750,2024-08-01,2024-08-30,550.81,24,-115598,117910724,-79511794,0.141420554758022,96.6045412459684,-0.693241379310345
527.25,541,112,121,191968,166375,2024-08-01,2024-12-20,550.81,9,-25593,502087260,-151351504,0.0331366703070697,99.3766322610934,-0.153827197595793
506.17,507,1992,1998,292824,165834,2024-08-01,2024-08-30,550.81,6,-126990,117910724,-79511794,0.140643695818542,96.745184941787,-0.765765765765766
424.8,425,8145,8145,162900,162900,2024-08-01,2024-08-30,550.81,0,0,117910724,-79511794,0.138155372534223,96.8833403143212,0
264.78,265,7414,7404,207592,162888,2024-08-01,2024-12-20,550.81,-10,-44704,502087260,-151351504,0.0324421695145183,99.4090744306079,-0.274446245272826
533.12,534,2579,1846,1008389,162448,2024-08-01,2024-08-09,550.81,-733,-845941,36507805,-59038188,0.444967863721196,95.1561645516623,-5.20745715552054
487.79,488,7708,7732,192700,162372,2024-08-01,2024-08-16,550.81,24,-30328,245552880,-304354121,0.0661250643853169,98.5182548052379,-0.186780972088784
550.27,570,77,82,237776,161786,2024-08-01,2024-08-16,550.81,5,-75990,245552880,-304354121,0.0658864192511202,98.584141224489,-0.469694534755788
309.87,310,12425,12420,211225,161460,2024-08-01,2024-10-18,550.81,-5,-49765,239951447,-92979563,0.0672886127667319,98.6824984639497,-0.308218753870928
495.35,497,588,973,124656,160545,2024-08-01,2024-09-20,550.81,385,35889,484039392,-269854167,0.0331677550739507,99.7460568250611,0.223544800523218
528.47,543,95,110,170430,159830,2024-08-01,2024-12-20,550.81,15,-10600,502087260,-151351504,0.0318331120371387,99.4409075426451,-0.0663204654945882
541.74,542.5,1513,2083,960755,158308,2024-08-01,2024-08-02,550.81,570,-802447,30554319,-68194328,0.51811987693131,95.3245038778315,-5.06889733936377
466.71,467,5511,5410,253506,156890,2024-08-01,2024-08-30,550.81,-101,-96616,117910724,-79511794,0.133058295867982,97.0163986101892,-0.615820001274779
533.99,537,515,521,373375,156821,2024-08-01,2024-08-23,550.81,6,-216554,46951906,-15341404,0.334003480071714,96.4453008574348,-1.38089924181073
522.32,534,132,133,175428,155344,2024-08-01,2024-12-20,550.81,1,-20084,502087260,-151351504,0.0309396418463197,99.4718471844914,-0.129287259244
284.71,285,5361,5356,182274,155324,2024-08-01,2024-12-20,550.81,-5,-26950.0000000001,502087260,-151351504,0.030935658474983,99.5027828429664,-0.173508279467436
500.2,501,1930,1938,218090,155040,2024-08-01,2024-08-30,550.81,8,-63050,117910724,-79511794,0.131489312202001,97.1478879223912,-0.406669246646027
369.97,370,50882,50901,152646,152703,2024-08-01,2024-08-16,550.81,19,57,245552880,-304354121,0.0621874196710704,98.6463286441601,0.000373273609555804
491.77,492,6579,6578,243423,151294,2024-08-01,2024-08-16,550.81,-1,-92129,245552880,-304354121,0.0616136125139318,98.707942256674,-0.608940209129245
532.18,533,1807,1845,650520,151290,2024-08-01,2024-08-09,550.81,38,-499230,36507805,-59038188,0.414404536235471,95.5705690878978,-3.29982153480071
525.33,538,110,119,174240,150773,2024-08-01,2024-12-20,550.81,9,-23467,502087260,-151351504,0.0300292423273198,99.5328120852937,-0.155644578273298
499.55,500,2987,3257,304674,146565,2024-08-01,2024-08-23,550.81,270,-158109,46951906,-15341404,0.312159851401986,96.7574607088368,-1.07876368846587
531.76,532.5,1795,1971,628250,145854,2024-08-01,2024-08-09,550.81,176,-482396,36507805,-59038188,0.399514569555743,95.9700836574535,-3.30738958136218
314.55,315,3229,3228,158221,145260,2024-08-01,2024-12-20,550.81,-1,-12961,502087260,-151351504,0.0289312260183618,99.5617433113121,-0.0892262150626463
521.68,522,4467,4469,585177,143008,2024-08-01,2024-08-09,550.81,2,-442169,36507805,-59038188,0.391718976257269,96.3618026337108,-3.091917934661
515.37,516,2312,2265,376856,142695,2024-08-01,2024-08-16,550.81,-47,-234161,245552880,-304354121,0.0581117191539354,98.7660539758279,-1.64098952310873
294.66,295,4136,4125,165440,140250,2024-08-01,2024-12-20,550.81,-11,-25190,502087260,-151351504,0.0279333914985216,99.5896767028106,-0.179607843137255
526.8,530,389,437,222897,139840,2024-08-01,2024-09-06,550.81,48,-83057,5109201,-1786946,2.73702287304806,47.5962875604229,-0.593943077803204
529.12,531,595,742,246925,139496,2024-08-01,2024-08-23,550.81,147,-107429,46951906,-15341404,0.297104019589748,97.0545647284266,-0.770122440786833
523.57,536,105,112,162330,139216,2024-08-01,2024-12-20,550.81,7,-23114,502087260,-151351504,0.0277274512004148,99.617404154011,-0.166029766693484
349.9,350,13861,13847,166332,138470,2024-08-01,2024-09-20,550.81,-14,-27862,484039392,-269854167,0.0286071758391102,99.7746640009002,-0.201213259189716
549.75,567,30,80,76350,138000,2024-08-01,2024-08-23,550.81,50,61650,46951906,-15341404,0.293917780462416,97.348482508889,0.446739130434783
537.74,567,47,47,137522,137522,2024-08-01,2024-11-15,550.81,0,0,143393396,-50561696,0.0959053930210287,98.3606344046695,0
494.6,495,1911,3434,152880,137360,2024-08-01,2024-08-23,550.81,1523,-15520,46951906,-15341404,0.292554683509547,97.6410371923986,-0.112987769365172
496.28,497,1637,1836,183344,132192,2024-08-01,2024-08-30,550.81,199,-51152.0000000001,117910724,-79511794,0.112111939877496,97.2599998622687,-0.386952311788914
304.62,305,3429,3424,174879,130112,2024-08-01,2024-12-20,550.81,-5,-44767,502087260,-151351504,0.0259142205679547,99.643318374579,-0.3440651131333
550.6,570,18,67,44892,129980,2024-08-01,2024-08-23,550.81,49,85088,46951906,-15341404,0.276836471771774,97.9178736641703,0.654623788275119
496.77,497,5654,5650,254430,129950,2024-08-01,2024-08-16,550.81,-4,-124480,245552880,-304354121,0.0529213911072841,98.8189753669352,-0.957906887264333
349.98,350,64969,64970,129938,129940,2024-08-01,2024-08-16,550.81,1,2,245552880,-304354121,0.052917318664721,98.8718926855999,1.53917192550408e-05
503.25,504,1746,1731,221742,129825,2024-08-01,2024-08-30,550.81,-15,-91917,117910724,-79511794,0.110104488884319,97.370104351153,-0.708006932409012
498.96,500,979,1244,141955,129376,2024-08-01,2024-09-06,550.81,265,-12579,5109201,-1786946,2.53221589833714,50.12850345876,-0.0972282339846648
528.44,532,340,362,232560,128872,2024-08-01,2024-09-06,550.81,22,-103688,5109201,-1786946,2.52235134221574,52.6508548009757,-0.804581289962133
519.87,526,197,208,162525,127504,2024-08-01,2024-10-18,550.81,11,-35021,239951447,-92979563,0.0531374165874482,98.7356358805371,-0.274665892834735
544.79,566,60,60,127260,127260,2024-08-01,2024-08-16,550.81,0,0,245552880,-304354121,0.0518259040578144,98.9237185896578,0
545.31,574,43,44,152091,126236,2024-08-01,2024-12-20,550.81,1,-25855,502087260,-151351504,0.0251422432029046,99.6684606177819,-0.204814791343198
525.56,526,2847,2864,552318,126016,2024-08-01,2024-08-09,550.81,17,-426302,36507805,-59038188,0.345175504251762,96.7069781379626,-3.38291962925343
545.88,573,46,46,161920,124752,2024-08-01,2024-12-20,550.81,0,-37168,502087260,-151351504,0.0248466770497224,99.6933072948316,-0.297935103244838
509.85,510,8077,8297,379619,124455,2024-08-01,2024-08-09,550.81,220,-255164,36507805,-59038188,0.340899706240898,97.0478778442035,-2.05025109477321
444.05,445,1306,1304,175004,123880,2024-08-01,2024-10-18,550.81,-2,-51124,239951447,-92979563,0.0516271110463443,98.7872629915835,-0.412689699709396
504.1,505,1335,1375,242970,123750,2024-08-01,2024-08-30,550.81,40,-119220,117910724,-79511794,0.104952285764949,97.475056636918,-0.96339393939394
529.94,530,20343,20322,2827677,121932,2024-08-01,2024-08-02,550.81,-21,-2705745,30554319,-68194328,0.399066331669837,95.7235702095013,-22.1906062395434
400.34,401,1813,1813,119658,119658,2024-08-01,2024-10-18,550.81,0,0,239951447,-92979563,0.0498675884209192,98.8371305800044,0
547.97,571,50,51,129200,117453,2024-08-01,2024-08-30,550.81,1,-11747,117910724,-79511794,0.0996118046056608,97.5746684415236,-0.100014473874656
524.75,532,252,162,253512,117450,2024-08-01,2024-10-18,550.81,-90,-136062,239951447,-92979563,0.0489474022634254,98.8860779822678,-1.15846743295019
503.63,504,3157,3165,183106,117105,2024-08-01,2024-08-16,550.81,8,-66001,245552880,-304354121,0.047690338635002,98.9714089282928,-0.56360531147261
537.58,543,169,215,152607,116530,2024-08-01,2024-09-06,550.81,46,-36077,5109201,-1786946,2.28078715243342,54.9316419534092,-0.309594095940959
464.95,465,23243,23251,209187,116255,2024-08-01,2024-08-09,550.81,8,-92932,36507805,-59038188,0.318438755767431,97.3663165999709,-0.799380671799062
542.5,550,43,155,51987,116250,2024-08-01,2024-09-06,550.81,112,64263,5109201,-1786946,2.27530684347709,57.2069487968863,0.5528
526.16,528,664,628,256968,115552,2024-08-01,2024-08-23,550.81,-36,-141416,46951906,-15341404,0.24610715484053,98.1639808190108,-1.22382996399889
529.98,532,405,563,182250,113726,2024-08-01,2024-08-23,550.81,158,-68524,46951906,-15341404,0.242218068846875,98.4061988878577,-0.602535919666567
473.41,474,1921,1921,113339,113339,2024-08-01,2024-08-30,550.81,0,0,117910724,-79511794,0.0961227241722305,97.6707911656958,0
541.68,577,32,32,113024,113024,2024-08-01,2024-11-15,550.81,0,0,143393396,-50561696,0.0788209242216427,98.4394553288912,0
259.8,260,5640,5640,135360,112800,2024-08-01,2024-12-20,550.81,0,-22560,502087260,-151351504,0.0224662143389179,99.7157735091705,-0.2
541.4,548,14,169,18116,111540,2024-08-01,2024-09-06,550.81,155,93424,5109201,-1786946,2.18312021781879,59.390069014705,0.837582929890622
549.93,580,10,37,38220,111259,2024-08-01,2024-11-15,550.81,27,73039,143393396,-50561696,0.0775900446628658,98.517045373554,0.656477228808456
471.47,472,2093,2093,110929,110929,2024-08-01,2024-08-30,550.81,0,0,117910724,-79511794,0.0940788049100606,97.7648699706059,0
476.51,477,2245,2245,110005,110005,2024-08-01,2024-08-30,550.81,0,0,117910724,-79511794,0.093295161176349,97.8581651317823,0
119.98,120,54789,54981,164367,109962,2024-08-01,2024-12-20,550.81,192,-54405,502087260,-151351504,0.0219009739462419,99.7376744831167,-0.494761826812899
550.1,572,1,50,3047,109500,2024-08-01,2024-08-23,550.81,49,106453,46951906,-15341404,0.233217369279961,98.6394162571377,0.972173515981735
540.57,549,4,129,5408,108747,2024-08-01,2024-09-06,550.81,125,103339,5109201,-1786946,2.12845413597938,61.5185231506844,0.950269892502782
545.36,567,50,50,108200,108200,2024-08-01,2024-08-16,550.81,0,0,245552880,-304354121,0.0440638285325751,99.0154727568253,0
501.24,502,1439,1422,195704,108072,2024-08-01,2024-08-30,550.81,-17,-87632,117910724,-79511794,0.0916557852702185,97.9498209170525,-0.81086682952106
522.57,525,576,444,229824,107892,2024-08-01,2024-09-06,550.81,-132,-121932,5109201,-1786946,2.11171962113058,63.630242771815,-1.13013013013013
438.6,440,733,765,148066,107100,2024-08-01,2024-11-15,550.81,32,-40966,143393396,-50561696,0.0746896321501445,98.5917350057042,-0.38250233426704
506.62,507,2973,2770,270543,105260,2024-08-01,2024-08-16,550.81,-203,-165283,245552880,-304354121,0.0428665304190283,99.0583392872444,-1.57023560706821
549.37,561,82,90,156128,104670,2024-08-01,2024-08-09,550.81,8,-51458,36507805,-59038188,0.286705815372905,97.6530224153438,-0.491621285946308
419.86,420,7425,7428,126225,103992,2024-08-01,2024-08-30,550.81,3,-22233,117910724,-79511794,0.0881955402122711,98.0380164572647,-0.213795291945534
534.43,539,213,227,189783,103739,2024-08-01,2024-09-06,550.81,14,-86044,5109201,-1786946,2.03043489578899,65.660677667604,-0.82942769835838
539.95,547,96,147,127392,103635,2024-08-01,2024-09-06,550.81,51,-23757,5109201,-1786946,2.02839935246235,67.6890770200664,-0.229237226805616
497.75,498,4153,4136,224262,103400,2024-08-01,2024-08-16,550.81,-17,-120862,245552880,-304354121,0.0421090561022946,99.1004483433467,-1.16887814313346
538.79,559,51,51,103071,103071,2024-08-01,2024-11-15,550.81,0,0,143393396,-50561696,0.0718798793216391,98.6636148850258,0
369.86,370,7314,7324,131652,102536,2024-08-01,2024-09-20,550.81,10,-29116,484039392,-269854167,0.0211833998832888,99.7958474007834,-0.283958804712491
498.24,499,1325,1336,141775,101536,2024-08-01,2024-08-30,550.81,11,-40239,117910724,-79511794,0.0861126083832714,98.124129065648,-0.396302789158525
429.99,430,101243,101227,101243,101227,2024-08-01,2024-08-02,550.81,-16,-16,30554319,-68194328,0.331301771117857,96.0548719806192,-0.000158060596481176
380.54,381,2193,2193,100878,100878,2024-08-01,2024-10-18,550.81,0,0,239951447,-92979563,0.0420410050704966,98.9281189873383,0
483.84,484,6295,6302,195145,100832,2024-08-01,2024-08-16,550.81,7,-94313,245552880,-304354121,0.0410632528520944,99.1415115961988,-0.935347905426849
279.73,280,3685,3685,128975,99495,2024-08-01,2024-12-20,550.81,0,-29480,502087260,-151351504,0.0198162765571865,99.7574907596739,-0.296296296296296
549.5,564,2,68,4660,98600,2024-08-01,2024-08-09,550.81,66,93940,36507805,-59038188,0.270079233741936,97.9231016490857,0.952738336713996
492.75,493,3926,3925,137410,98125,2024-08-01,2024-08-16,550.81,-1,-39285,245552880,-304354121,0.0399608426502674,99.181472438849,-0.400356687898089
518.51,529,82,93,95940,97557,2024-08-01,2024-12-20,550.81,11,1617,502087260,-151351504,0.0194302878746615,99.7769210475486,0.0165749254282112
538.2,544,56,167,60592,96860,2024-08-01,2024-09-06,550.81,111,36268,5109201,-1786946,1.89579544825111,69.5848724683175,0.374437332232088
491.44,492,1729,1725,186732,96600,2024-08-01,2024-08-30,550.81,-4,-90132,117910724,-79511794,0.0819263903425782,98.2060554559906,-0.933043478260869
539,563,40,40,96000,96000,2024-08-01,2024-11-15,550.81,0,0,143393396,-50561696,0.0669486898824825,98.7305635749083,0
477.46,478,1774,1774,95796,95796,2024-08-01,2024-08-30,550.81,0,0,117910724,-79511794,0.0812445185223356,98.2872999745129,0
423.92,425,871,881,139360,95148,2024-08-01,2024-11-15,550.81,10,-44212,143393396,-50561696,0.0663545202597754,98.7969180951681,-0.464665573632657
542.5,562,47,48,116889,93600,2024-08-01,2024-11-15,550.81,1,-23289,143393396,-50561696,0.0652749726354204,98.8621930678035,-0.248814102564103
538.55,545,89,145,91225,93525,2024-08-01,2024-09-06,550.81,56,2300,5109201,-1786946,1.8305210540748,71.4153935223923,0.024592354985298
539.41,574,27,27,93393,93393,2024-08-01,2024-11-15,550.81,0,0,143393396,-50561696,0.0651306145228613,98.9273236823264,0
551.36,566,62,63,133610,92232,2024-08-01,2024-08-02,550.81,1,-41378,30554319,-68194328,0.301862397915005,96.3567343785342,-0.448629542891838
391.48,392,1773,1773,92196,92196,2024-08-01,2024-10-18,550.81,0,0,239951447,-92979563,0.0384227730870904,98.9665417604254,0
399.9,400,8923,9124,115999,91240,2024-08-01,2024-08-30,550.81,201,-24759,117910724,-79511794,0.0773805782076277,98.3646805527206,-0.271361245067952
550.61,567.5,53,54,122165,91206,2024-08-01,2024-08-02,550.81,1,-30959,30554319,-68194328,0.298504443839838,96.655238822374,-0.339440387693792
536.77,537,3893,3924,1409266,90252,2024-08-01,2024-08-02,550.81,31,-1319014,30554319,-68194328,0.295382135664683,96.9506209580387,-14.6147896999512
550.29,568,0,50,0,88550,2024-08-01,2024-08-23,550.81,50,88550,46951906,-15341404,0.188597242463384,98.8280134996011,1
199.89,200,7975,7975,87725,87725,2024-08-01,2024-12-20,550.81,0,0,502087260,-151351504,0.0174720625255459,99.7943931100741,0
189.91,190,9674,9674,87066,87066,2024-08-01,2024-12-20,550.81,0,0,502087260,-151351504,0.017340810440002,99.8117339205141,0
539.83,556,51,53,109548,85701,2024-08-01,2024-11-15,550.81,2,-23847,143393396,-50561696,0.0597663507460274,98.9870900330724,-0.278258130010151
486.48,487,1635,1643,125895,85436,2024-08-01,2024-08-30,550.81,8,-40459,117910724,-79511794,0.0724582099928417,98.4371387627134,-0.47355915539117
434.16,435,1015,1011,113680,84924,2024-08-01,2024-10-18,550.81,-4,-28756,239951447,-92979563,0.0353921599814316,99.0019339204068,-0.338608638311903
481.57,482,1972,1973,141984,84839,2024-08-01,2024-08-30,550.81,1,-57145,117910724,-79511794,0.0719518947233332,98.5090906574367,-0.673569938353823
536.13,542,136,144,150960,84528,2024-08-01,2024-09-06,550.81,8,-66432,5109201,-1786946,1.65442698378866,73.0698205061809,-0.785917092561045
485.83,486,4886,4918,127036,83606,2024-08-01,2024-08-16,550.81,32,-43430,245552880,-304354121,0.0340480632929249,99.215520502142,-0.519460325813937
490.79,491,3948,3968,138180,83328,2024-08-01,2024-08-16,550.81,20,-54852,245552880,-304354121,0.0339348493896712,99.2494553515316,-0.658266129032258
550.28,578,0,30,0,83160,2024-08-01,2024-09-20,550.81,30,83160,484039392,-269854167,0.0171804198944205,99.8130278206779,1
493.42,494,1427,1433,125576,83114,2024-08-01,2024-08-30,550.81,6,-42462,117910724,-79511794,0.0704889234672158,98.579579580904,-0.510888658950357
486.83,487,4854,4864,145620,82688,2024-08-01,2024-08-16,550.81,10,-62932,245552880,-304354121,0.0336742130656338,99.2831295645973,-0.761077786377709
349.59,350,2019,2014,109026,82574,2024-08-01,2024-11-15,550.81,-5,-26452,143393396,-50561696,0.0575856366495428,99.0446756697219,-0.320342965097973
389.24,390,1003,1086,92276,82536,2024-08-01,2024-11-15,550.81,83,-9740,143393396,-50561696,0.0575591361264643,99.1022348058484,-0.118009111175729
299.95,300,15869,16220,95214,81100,2024-08-01,2024-09-20,550.81,351,-14114,484039392,-269854167,0.0167548346974207,99.8297826553753,-0.17403205918619
529.58,541,73,71,108843,81082,2024-08-01,2024-11-15,550.81,-2,-27761,143393396,-50561696,0.0565451424276192,99.158779948276,-0.342381786339755
540,585,18,18,81000,81000,2024-08-01,2024-12-20,550.81,0,0,502087260,-151351504,0.0161326539135847,99.8278665744277,0
470.69,471,2583,2583,131733,80073,2024-08-01,2024-08-30,550.81,0,-51660,117910724,-79511794,0.0679098535600545,98.647489434464,-0.645161290322581
520.6,532,59,70,74812,79800,2024-08-01,2024-12-20,550.81,11,4988,502087260,-151351504,0.0158936516333834,99.8437602260611,0.0625062656641604
465.88,466,6566,6566,137886,78792,2024-08-01,2024-08-16,550.81,0,-59094,245552880,-304354121,0.032087589443056,99.3152171540403,-0.75
524,533,80,87,108000,78300,2024-08-01,2024-11-15,550.81,7,-29700,143393396,-50561696,0.0546050251853997,99.2133849734614,-0.379310344827586
529.16,532.5,247,233,142766,77822,2024-08-01,2024-09-06,550.81,-14,-64944,5109201,-1786946,1.52317358428451,74.5929940904654,-0.83451980159852
524.96,525,19337,19394,1121546,77576,2024-08-01,2024-08-02,550.81,57,-1043970,30554319,-68194328,0.253895365823732,97.2045163238624,-13.4573837269259
483.56,484,1752,1753,136656,77132,2024-08-01,2024-08-30,550.81,1,-59524,117910724,-79511794,0.0654155935807841,98.7129050280448,-0.771716019291604
542.76,552,44,83,66660,76692,2024-08-01,2024-09-06,550.81,39,10032,5109201,-1786946,1.50105662313931,76.0940507136047,0.130808950086059
528.37,529,1302,1217,330708,76671,2024-08-01,2024-08-09,550.81,-85,-254037,36507805,-59038188,0.21001262606722,98.1331142751529,-3.31333881128458
490.4,491,1263,1267,111144,76020,2024-08-01,2024-08-30,550.81,4,-35124,117910724,-79511794,0.0644725071826376,98.7773775352274,-0.462036306235201
392.4,393,1264,1264,75840,75840,2024-08-01,2024-10-18,550.81,0,0,239951447,-92979563,0.0316063941052208,99.0335403145121,0
449.76,450,3160,3158,110600,75792,2024-08-01,2024-08-30,550.81,-2,-34808,117910724,-79511794,0.0642791405470464,98.8416566757745,-0.459256913658434
491.6,493,551,540,117363,75600,2024-08-01,2024-09-20,550.81,-11,-41763,484039392,-269854167,0.0156185635403823,99.8454012189157,-0.552420634920635
478.62,479,1966,1967,145484,74746,2024-08-01,2024-08-30,550.81,1,-70738,117910724,-79511794,0.0633920287013079,98.9050487044758,-0.946378401519814
551.61,564,59,60,109799,74340,2024-08-01,2024-08-02,550.81,1,-35459,30554319,-68194328,0.243304391762094,97.4478207156245,-0.476984126984127
474.61,475,1901,1889,119763,73671,2024-08-01,2024-08-30,550.81,-12,-46092,117910724,-79511794,0.0624803219764811,98.9675290264523,-0.625646455185894
530.69,533,346,318,211060,73458,2024-08-01,2024-08-23,550.81,-28,-137602,46951906,-15341404,0.156453712443537,98.9844672120446,-1.87320645811212
454.67,455,2221,2221,73293,73293,2024-08-01,2024-08-30,550.81,0,0,117910724,-79511794,0.0621597404490537,99.0296887669013,0
388.51,389,1494,1494,73206,73206,2024-08-01,2024-10-18,550.81,0,0,239951447,-92979563,0.0305086720314714,99.0640489865435,0
398.39,399,1191,1191,72651,72651,2024-08-01,2024-10-18,550.81,0,0,239951447,-92979563,0.0302773752391666,99.0943263617827,0
432.2,433,907,907,125166,72560,2024-08-01,2024-10-18,550.81,0,-52606,239951447,-92979563,0.0302394509002482,99.1245658126829,-0.725
489.92,490,9060,9050,144960,72400,2024-08-01,2024-08-09,550.81,-10,-72560,36507805,-59038188,0.198313757838906,98.3314280329919,-1.00220994475138
550.26,580,7,24,26670,71376,2024-08-01,2024-10-18,550.81,17,44706,239951447,-92979563,0.0297460177433312,99.1543118304263,0.626344989912576
520.72,522,474,557,117552,71296,2024-08-01,2024-08-23,550.81,83,-46256,46951906,-15341404,0.151849000549626,99.1363162125942,-0.648788150807899
540.68,573,22,22,71104,71104,2024-08-01,2024-11-15,550.81,0,0,143393396,-50561696,0.0495866629729587,99.2629716364344,0
549.63,575,27,28,97524,71036,2024-08-01,2024-08-16,550.81,1,-26488,245552880,-304354121,0.0289290029911276,99.3441461570314,-0.372881355932203
518.05,528,64,70,74240,69650,2024-08-01,2024-12-20,550.81,6,-4590,502087260,-151351504,0.0138720906800145,99.8576323167411,-0.0659009332376167
411.42,412,1199,1200,130691,69600,2024-08-01,2024-10-18,550.81,1,-61091,239951447,-92979563,0.0290058680079558,99.1833176984342,-0.877744252873563
488.51,489,1404,1401,95472,68649,2024-08-01,2024-08-30,550.81,-3,-26823,117910724,-79511794,0.0582211673978018,99.0879099342991,-0.390726740374951
551.53,575,9,29,28890,68063,2024-08-01,2024-08-30,550.81,20,39173,117910724,-79511794,0.0577241812203613,99.1456341155195,0.575540308243833
439.7,441,516,516,67080,67080,2024-08-01,2024-10-18,550.81,0,0,239951447,-92979563,0.0279556555455988,99.2112733539798,0
475.59,476,1637,1636,109679,67076,2024-08-01,2024-08-30,550.81,-1,-42603,117910724,-79511794,0.0568871072320784,99.2025212227516,-0.635145208420299
488.81,489,3411,3490,88686,66310,2024-08-01,2024-08-16,550.81,79,-22376,245552880,-304354121,0.0270043666358138,99.3711505236672,-0.33744533252903
374.97,375,21977,22039,65931,66117,2024-08-01,2024-08-16,550.81,62,186,245552880,-304354121,0.0269257684943463,99.3980762921616,0.00281319479105223
552.18,563,19,61,31597,66002,2024-08-01,2024-08-09,550.81,42,34405,36507805,-59038188,0.180788738188998,98.5122167711808,0.521272082664162
520.72,521,2428,2354,189384,65912,2024-08-01,2024-08-09,550.81,-74,-123472,36507805,-59038188,0.18054221556185,98.6927589867427,-1.87328559291176
540.45,569,23,23,65665,65665,2024-08-01,2024-11-15,550.81,0,0,143393396,-50561696,0.0457936012618043,99.3087652376962,0
458.72,459,2087,2336,98089,65408,2024-08-01,2024-08-30,550.81,249,-32681,117910724,-79511794,0.0554724776348587,99.2579937003864,-0.499648361056751
219.9,220,6518,6518,91252,65180,2024-08-01,2024-12-20,550.81,0,-26072,502087260,-151351504,0.0129818071862648,99.8706141239274,-0.4
304.73,305,2382,2382,64314,64314,2024-08-01,2024-11-15,550.81,0,0,143393396,-50561696,0.0448514379281456,99.3536166756243,0
444.91,445,7110,7108,113760,63972,2024-08-01,2024-08-16,550.81,-2,-49788,245552880,-304354121,0.0260522295645647,99.4241285217262,-0.778277996623523
239.84,240,3974,3974,83454,63584,2024-08-01,2024-12-20,550.81,0,-19870,502087260,-151351504,0.0126639341535971,99.883278058081,-0.3125
409.39,410,1043,1042,79268,63562,2024-08-01,2024-10-18,550.81,-1,-15706,239951447,-92979563,0.0264895256080702,99.2377628795879,-0.247097322299487
551.65,615,10,10,72260,63350,2024-08-01,2024-08-16,550.81,0,-8910,245552880,-304354121,0.0257989236371408,99.4499274453633,-0.140647198105762
481.84,482,3938,3938,126016,63008,2024-08-01,2024-08-16,550.81,0,-63008,245552880,-304354121,0.0256596461014833,99.4755870914648,-1
404.47,405,1179,1183,71919,62699,2024-08-01,2024-10-18,550.81,4,-9220,239951447,-92979563,0.0261298695148106,99.2638927491027,-0.147051787109842
414.93,415,9864,8900,59184,62300,2024-08-01,2024-08-16,550.81,-964,3116.00000000002,245552880,-304354121,0.0253713171680169,99.5009584086328,0.0500160513643662
477.83,478,3624,3630,112344,61710,2024-08-01,2024-08-16,550.81,6,-50634,245552880,-304354121,0.0251310430567949,99.5260894516896,-0.820515313563442
364.4,365,1025,1025,61500,61500,2024-08-01,2024-11-15,550.81,0,0,143393396,-50561696,0.0428890044559653,99.3965056800803,0
439.81,440,3073,3173,86044,60287,2024-08-01,2024-08-30,550.81,100,-25757,117910724,-79511794,0.0511293612275674,99.309123061614,-0.427239703418648
482.52,483,1235,1249,101270,59952,2024-08-01,2024-08-30,550.81,14,-41318,117910724,-79511794,0.050845247969133,99.3599683095831,-0.689184681078196
505.7,506,2005,1998,130325,59940,2024-08-01,2024-08-16,550.81,-7,-70385,245552880,-304354121,0.024410220723129,99.5504996724127,-1.17425759092426
462.73,463,2208,2208,90528,59616,2024-08-01,2024-08-30,550.81,0,-30912,117910724,-79511794,0.0505602866114197,99.4105285961945,-0.518518518518518
514.78,515,2653,2685,180404,59070,2024-08-01,2024-08-09,550.81,32,-121334,36507805,-59038188,0.161801017618013,98.8545600043607,-2.05407144066362
461.72,462,2156,2102,73304,58856,2024-08-01,2024-08-30,550.81,-54,-14448,117910724,-79511794,0.0499157311594491,99.460444327354,-0.245480494766889
403.45,404,1068,1068,71556,58740,2024-08-01,2024-10-18,550.81,0,-12816,239951447,-92979563,0.0244799523963696,99.2883727014991,-0.218181818181818
480.55,481,1297,1297,106354,58365,2024-08-01,2024-08-30,550.81,0,-47989,117910724,-79511794,0.0494993144135049,99.5099436417675,-0.822222222222222
498.74,499,2243,2238,134580,58188,2024-08-01,2024-08-16,550.81,-5,-76392,245552880,-304354121,0.0236967287860765,99.5741964011988,-1.31284800989895
433.6,435,415,415,77605,58100,2024-08-01,2024-11-15,550.81,0,-19505,143393396,-50561696,0.0405179050226274,99.4370235851029,-0.335714285714286
409.02,410,585,585,70200,57330,2024-08-01,2024-11-15,550.81,0,-12870,143393396,-50561696,0.039980920739195,99.4770045058421,-0.224489795918368
520.59,531,54,54,56214,56214,2024-08-01,2024-11-15,550.81,0,0,143393396,-50561696,0.0392026422193111,99.5162071480614,0
494.91,495,6252,6243,93780,56187,2024-08-01,2024-08-09,550.81,-9,-37593,36507805,-59038188,0.153904076128379,99.0084640804891,-0.669069357680602
470.87,471,4294,4306,90174,55978,2024-08-01,2024-08-16,550.81,12,-34196,245552880,-304354121,0.0227967189796349,99.5969931201784,-0.610882846832684
429.94,430,9294,9294,83646,55764,2024-08-01,2024-08-16,550.81,0,-27882,245552880,-304354121,0.0227095687087848,99.6197026888872,-0.5
394.95,395,11100,11107,55500,55535,2024-08-01,2024-08-16,550.81,7,35,245552880,-304354121,0.0226163097740902,99.6423189986613,0.000630233186278923
543.69,559,36,36,55116,55116,2024-08-01,2024-09-06,550.81,0,0,5109201,-1786946,1.07875967298996,77.1728103865947,0
344.91,345,6094,6094,73128,54846,2024-08-01,2024-09-20,550.81,0,-18282,484039392,-269854167,0.0113308959779868,99.8567321148937,-0.333333333333333
495.75,496,2204,2186,94772,54650,2024-08-01,2024-08-16,550.81,-18,-40122,245552880,-304354121,0.0222558986072572,99.6645748972686,-0.73416285452882
536.5,542.5,71,91,62906,54600,2024-08-01,2024-09-06,550.81,20,-8305.99999999999,5109201,-1786946,1.06866024648472,78.2414706330794,-0.152124542124542
434.91,435,6019,6042,66209,54378,2024-08-01,2024-08-16,550.81,23,-11831,245552880,-304354121,0.0221451281695413,99.6867200254381,-0.217569605355107
149.96,150,13557,13557,54228,54228,2024-08-01,2024-12-20,550.81,0,0,502087260,-151351504,0.0108005130422947,99.8940785711233,0
204.88,205,4515,4515,54180,54180,2024-08-01,2024-12-20,550.81,0,0,502087260,-151351504,0.0107909529510866,99.9048695240744,0
413.38,414,858,869,66924,53878,2024-08-01,2024-10-18,550.81,11,-13046,239951447,-92979563,0.0224537091455839,99.3108264106447,-0.24213964883626
537.39,567,18,18,53298,53298,2024-08-01,2024-08-30,550.81,0,0,117910724,-79511794,0.0452019953672747,99.5551456371348,0
479.99,480,52774,52859,211096,52859,2024-08-01,2024-08-02,550.81,85,-158237,30554319,-68194328,0.173000092065544,97.6208208076901,-2.99356779356401
493.76,494,1818,2191,85446,52584,2024-08-01,2024-08-16,550.81,373,-32862,245552880,-304354121,0.021414531973724,99.7081345574118,-0.624942948425376
457.73,458,1933,1929,65722,52083,2024-08-01,2024-08-30,550.81,-4,-13639,117910724,-79511794,0.0441715547434006,99.5993171918782,-0.261870475971046
379.99,380,51984,51984,51984,51984,2024-08-01,2024-08-02,550.81,0,0,30554319,-68194328,0.170136339808457,97.7909571474985,0
541.44,576,15,15,51840,51840,2024-08-01,2024-10-18,550.81,0,0,239951447,-92979563,0.0216043706542016,99.3324307812989,0
533.28,536,193,189,102290,51408,2024-08-01,2024-08-23,550.81,-4,-50882,46951906,-15341404,0.109490762739217,99.2458069753334,-0.989768129474012
502.68,503,1544,1601,80288,51232,2024-08-01,2024-08-16,550.81,57,-29056,245552880,-304354121,0.0208639377391949,99.728998495151,-0.567145534041224
429.2,430,634,639,68472,51120,2024-08-01,2024-10-18,550.81,5,-17352,239951447,-92979563,0.021304309950671,99.3537350912495,-0.33943661971831
525.96,526,12392,12770,842656,51080,2024-08-01,2024-08-02,550.81,378,-791576,30554319,-68194328,0.167177674619421,97.9581348221179,-15.4967893500392
439.93,440,7352,7284,80872,50988,2024-08-01,2024-08-16,550.81,-68,-29884,245552880,-304354121,0.0207645701406557,99.7497630652917,-0.586098689887817
540.24,547.5,57,70,55746,50820,2024-08-01,2024-09-06,550.81,13,-4925.99999999999,5109201,-1786946,0.994676075574244,79.2361467086537,-0.0969303423848877
542.81,551,17,62,23103,50778,2024-08-01,2024-09-06,550.81,45,27675,5109201,-1786946,0.993854029230794,80.2300007378845,0.5450194966324
485.49,486,984,989,74784,50439,2024-08-01,2024-08-30,550.81,5,-24345,117910724,-79511794,0.0427772795288747,99.642094471407,-0.482662225658716
545.15,555,29,51,49242,50235,2024-08-01,2024-09-06,550.81,22,993,5109201,-1786946,0.983226144361907,81.2132268822464,0.0197670946551209
530.02,534,93,126,73098,50148,2024-08-01,2024-09-06,550.81,33,-22950,5109201,-1786946,0.981523334079047,82.1947502163254,-0.457645369705671
334.93,335,7139,7139,71390,49973,2024-08-01,2024-09-20,550.81,0,-21417,484039392,-269854167,0.0103241597328508,99.8670562746265,-0.428571428571429
473.8,474,2483,2483,49660,49660,2024-08-01,2024-08-16,550.81,0,0,245552880,-304354121,0.020223749768278,99.76998681506,0
495.43,496,855,854,86355,48678,2024-08-01,2024-08-30,550.81,-1,-37677,117910724,-79511794,0.0412837766987166,99.6833782481058,-0.774004683840749
364.88,365,4060,4053,69020,48636,2024-08-01,2024-09-20,550.81,-7,-20384,484039392,-269854167,0.0100479425443126,99.8771042171708,-0.419113413932067
474.74,475,1864,1855,76424,48230,2024-08-01,2024-08-23,550.81,-9,-28194,46951906,-15341404,0.102722134432626,99.3485291097661,-0.584573916649388
537.23,537.5,1528,1762,591336,47574,2024-08-01,2024-08-02,550.81,234,-543762,30554319,-68194328,0.15570302843274,98.1138378505507,-11.429814604616
412.3,413,673,673,47110,47110,2024-08-01,2024-10-18,550.81,0,0,239951447,-92979563,0.0196331385323965,99.3733682297819,0
544.3,553,2,54,3098,46980,2024-08-01,2024-09-06,550.81,52,43882,5109201,-1786946,0.919517552744548,83.11426776907,0.934057045551299
419.34,420,692,707,65740,46662,2024-08-01,2024-10-18,550.81,15,-19078,239951447,-92979563,0.0194464340946442,99.3928146638766,-0.408855171231409
523.67,532,55,56,67870,46648,2024-08-01,2024-11-15,550.81,1,-21222,143393396,-50561696,0.0325314842253963,99.5487386322868,-0.454939118504545
468.65,469,1216,1325,69312,46375,2024-08-01,2024-08-30,550.81,109,-22937,117910724,-79511794,0.0393306040593899,99.7227088521652,-0.494598382749326
532.2,537,81,96,66258,46080,2024-08-01,2024-09-06,550.81,15,-20178,5109201,-1786946,0.901902273956339,84.0161700430263,-0.437890625
479.7,480,1521,1523,74529,45690,2024-08-01,2024-08-23,550.81,2,-28839,46951906,-15341404,0.0973123434009261,99.445841453167,-0.631188443860801
487.54,488,991,990,77298,45540,2024-08-01,2024-08-30,550.81,-1,-31758,117910724,-79511794,0.0386224411615011,99.7613312933266,-0.697364953886693
490.65,492,338,337,61516,45495,2024-08-01,2024-09-20,550.81,-1,-16021,484039392,-269854167,0.00939902841626576,99.8865032455871,-0.352148587756896
521.67,523,336,342,109536,45486,2024-08-01,2024-08-23,550.81,6,-64050,46951906,-15341404,0.096877856247199,99.5427193094142,-1.40812557710065
540.78,571,15,15,45330,45330,2024-08-01,2024-11-15,550.81,0,0,143393396,-50561696,0.0316123345038847,99.5803509667907,0
499.9,500,4590,4525,91800,45250,2024-08-01,2024-08-09,550.81,-65,-46550,36507805,-59038188,0.123946098649316,99.1324101791384,-1.02872928176796
471.8,472,2252,2252,45040,45040,2024-08-01,2024-08-16,550.81,0,0,245552880,-304354121,0.0183422813041329,99.7883290963641,0
339.9,340,4475,4475,44750,44750,2024-08-01,2024-09-20,550.81,0,0,484039392,-269854167,0.00924511532317601,99.8957483609103,0
530.93,531,8007,6386,1281120,44702,2024-08-01,2024-08-02,550.81,-1621,-1236418,30554319,-68194328,0.14630337531005,98.2601412258607,-27.6591203972977
550.56,567,18,27,40590,44388,2024-08-01,2024-08-02,550.81,9,3798.00000000001,30554319,-68194328,0.145275697357221,98.405416923218,0.0855636658556368
519.78,521,354,362,103722,44164,2024-08-01,2024-08-23,550.81,8,-59558,46951906,-15341404,0.0940622091039286,99.6367815185181,-1.34856444162666
319.94,320,7350,7345,58800,44070,2024-08-01,2024-09-20,550.81,-5,-14730,484039392,-269854167,0.0091046308892149,99.9048529917995,-0.334240980258679
129.98,130,21840,21875,65520,43750,2024-08-01,2024-12-20,550.81,35,-21770,502087260,-151351504,0.00871362479900406,99.9135831488734,-0.4976
442.71,444,338,338,43602,43602,2024-08-01,2024-10-18,550.81,0,0,239951447,-92979563,0.0181711761046392,99.4109858399812,0
532.9,533,3824,4356,825984,43560,2024-08-01,2024-08-02,550.81,532,-782424,30554319,-68194328,0.142565769507087,98.5479826927251,-17.9619834710744
519.04,527,17,54,16167,42984,2024-08-01,2024-11-15,550.81,37,26817,143393396,-50561696,0.0299762758948815,99.6103272426856,0.623883305415969
549.67,565,11,28,26213,42924,2024-08-01,2024-08-09,550.81,17,16711,36507805,-59038188,0.117574858307696,99.2499850374461,0.389316000372752
550.17,562,23,36,39192,42588,2024-08-01,2024-08-09,550.81,13,3396.00000000001,36507805,-59038188,0.116654507166344,99.3666395446125,0.0797407720484645
229.88,230,3532,3528,60044,42336,2024-08-01,2024-12-20,550.81,-4,-17708,502087260,-151351504,0.00843200044550025,99.9220151493189,-0.418272864701437
395.45,396,759,759,41745,41745,2024-08-01,2024-10-18,550.81,0,0,239951447,-92979563,0.0173972695401166,99.4283831095213,0
541.31,576,12,12,41628,41628,2024-08-01,2024-11-15,550.81,0,0,143393396,-50561696,0.0290306256502915,99.6393578683359,0
482.84,483,2592,2600,67392,41600,2024-08-01,2024-08-16,550.81,8,-25792,245552880,-304354121,0.0169413610624319,99.8052704574265,-0.62
548.7,562,30,31,62580,41230,2024-08-01,2024-09-06,550.81,1,-21350,5109201,-1786946,0.806975493819875,84.8231455368462,-0.517826825127334
169.95,170,8089,8089,40445,40445,2024-08-01,2024-12-20,550.81,0,0,502087260,-151351504,0.00805537268561644,99.9300705220045,0
550.03,575,16,16,48880,39952,2024-08-01,2024-08-23,550.81,0,-8928,46951906,-15341404,0.0850913272828583,99.721872845801,-0.223468161794153
314.84,315,2476,2476,39616,39616,2024-08-01,2024-10-18,550.81,0,0,239951447,-92979563,0.0165100067098158,99.4448931162312,0
359.89,360,3588,3585,57408,39435,2024-08-01,2024-09-20,550.81,-3,-17973,484039392,-269854167,0.00814706419596528,99.9130000559954,-0.455762647394447
531.63,536,90,89,75240,38893,2024-08-01,2024-09-06,550.81,-1,-36347,5109201,-1786946,0.761234486566491,85.5843800234127,-0.934538348803127
550.76,580,2,13,7360,38012,2024-08-01,2024-09-20,550.81,11,30652,484039392,-269854167,0.00785307985842607,99.9208531358539,0.806376933599916
443.54,445,255,257,52275,37522,2024-08-01,2024-11-15,550.81,2,-14753,143393396,-50561696,0.0261671743934428,99.6655250427293,-0.393182666169181
552.17,570,15,21,38325,37443,2024-08-01,2024-08-02,550.81,6,-882.000000000007,30554319,-68194328,0.122545686585258,98.6705283793103,-0.0235558048233317
508.71,510,441,290,92169,37410,2024-08-01,2024-09-06,550.81,-151,-54759,5109201,-1786946,0.732208421629918,86.3165884450426,-1.46375300721732
519.97,520,12986,12381,298678,37143,2024-08-01,2024-08-02,550.81,-605,-261535,30554319,-68194328,0.121563828668543,98.7920922079788,-7.04129984115446
478.84,479,2307,2308,69210,36928,2024-08-01,2024-08-16,550.81,1,-32282,245552880,-304354121,0.0150387158969587,99.8203091733235,-0.874187608318891
523.66,524,1043,1083,167923,36822,2024-08-01,2024-08-09,550.81,40,-131101,36507805,-59038188,0.100860624187075,99.4675001687995,-3.56039867470534
525.7,529,71,108,41606,35640,2024-08-01,2024-09-06,550.81,37,-5966,5109201,-1786946,0.697565040013106,87.0141534850557,-0.167396184062851
541.73,574,11,11,35497,35497,2024-08-01,2024-10-18,550.81,0,0,239951447,-92979563,0.0147934094350346,99.4596865256662,0
535.23,541,67,61,57151,35197,2024-08-01,2024-09-06,550.81,-6,-21954,5109201,-1786946,0.688894408342909,87.7030478933986,-0.623746342017786
324.93,325,5021,5017,40168,35119,2024-08-01,2024-09-20,550.81,-4,-5048.99999999999,484039392,-269854167,0.00725540122982388,99.9281085370837,-0.143768330533329
139.97,140,11641,11641,34923,34923,2024-08-01,2024-12-20,550.81,0,0,502087260,-151351504,0.006955563859557,99.937026085864,0
378.46,379,645,645,34830,34830,2024-08-01,2024-10-18,550.81,0,0,239951447,-92979563,0.0145154365332917,99.4742019621995,0
274.89,275,3153,3153,34683,34683,2024-08-01,2024-10-18,550.81,0,0,239951447,-92979563,0.0144541741396542,99.4886561363391,0
379.97,380,11470,11495,45880,34485,2024-08-01,2024-08-16,550.81,25,-11395,245552880,-304354121,0.0140438181787972,99.8343529915023,-0.330433521821082
548.57,720,2,2,35840,34286,2024-08-01,2024-12-20,550.81,0,-1554,502087260,-151351504,0.0068286934824835,99.9438547793465,-0.0453246222948142
415.11,416,384,384,34176,34176,2024-08-01,2024-10-18,550.81,0,0,239951447,-92979563,0.0142428813942514,99.5028990177334,0
546.44,560,14,25,25466,33900,2024-08-01,2024-09-06,550.81,11,8434,5109201,-1786946,0.6635088343559,88.3665567277545,0.248790560471976
269.93,270,4743,4823,37944,33761,2024-08-01,2024-10-18,550.81,80,-4183,239951447,-92979563,0.0140699297387442,99.5169689474721,-0.123900358401706
264.88,265,2759,2760,38626,33120,2024-08-01,2024-11-15,550.81,1,-5506.00000000001,143393396,-50561696,0.0230972980094565,99.6886223407388,-0.166243961352657
264.97,265,11042,11027,33126,33081,2024-08-01,2024-09-20,550.81,-15,-45,484039392,-269854167,0.00683436111745219,99.9349428982011,-0.00136029745170944
369.46,370,607,609,43097,32886,2024-08-01,2024-11-15,550.81,2,-10211,143393396,-50561696,0.0229341105778679,99.7115564513166,-0.310496867968132
374.36,375,488,509,39528,32576,2024-08-01,2024-11-15,550.81,21,-6952,143393396,-50561696,0.0227179221001224,99.7342743734168,-0.213408644400786
416.3,417,463,463,32410,32410,2024-08-01,2024-10-18,550.81,0,0,239951447,-92979563,0.0135068991686472,99.5304758466408,0
500.72,501,1162,1145,58100,32060,2024-08-01,2024-08-16,550.81,-17,-26040,245552880,-304354121,0.0130562508572492,99.8474092423595,-0.812227074235808
264.93,265,4550,4522,31850,31654,2024-08-01,2024-10-18,550.81,-28,-196.000000000004,239951447,-92979563,0.0131918354299401,99.5436676820707,-0.0061919504643964
479.38,480,497,509,39263,31558,2024-08-01,2024-09-06,550.81,12,-7705,5109201,-1786946,0.617669964442581,88.9842266921971,-0.244153621902529
474.94,475,4118,5119,37062,30714,2024-08-01,2024-08-09,550.81,1001,-6348,36507805,-59038188,0.0841299552246431,99.5516301240242,-0.206680992381324
394.34,395,460,460,30360,30360,2024-08-01,2024-10-18,550.81,0,0,239951447,-92979563,0.0126525596655393,99.5563202417362,0
546.39,568,14,14,30254,30254,2024-08-01,2024-08-09,550.81,0,0,36507805,-59038188,0.0828699506858876,99.6345000747101,0
479.93,480,3300,4314,33000,30198,2024-08-01,2024-08-09,550.81,1014,-2802,36507805,-59038188,0.0827165588289956,99.7172166335391,-0.0927876018279356
214.9,215,3022,3016,36264,30160,2024-08-01,2024-12-20,550.81,-6,-6104,502087260,-151351504,0.00600692397572486,99.9498617033223,-0.202387267904509
529.55,533,78,87,49764,30015,2024-08-01,2024-09-06,550.81,9,-19749,5109201,-1786946,0.587469547586795,89.5716962397839,-0.657971014492753
556.59,578,14,14,29974,29974,2024-08-01,2024-11-15,550.81,0,0,143393396,-50561696,0.0209033336514326,99.7551777070682,0
404.96,405,7480,7480,44880,29920,2024-08-01,2024-08-16,550.81,0,-14960,245552880,-304354121,0.0121847481487491,99.8595939905083,-0.5
438.15,439,351,351,40716,29835,2024-08-01,2024-10-18,550.81,0,-10881,239951447,-92979563,0.0124337654025483,99.5687540071388,-0.364705882352941
546.82,561,10,21,20030,29778,2024-08-01,2024-09-06,550.81,11,9748,5109201,-1786946,0.5828308575059,90.1545270972898,0.327355766001746
492.48,493,576,568,54720,29536,2024-08-01,2024-08-30,550.81,-8,-25184,117910724,-79511794,0.0250494603018467,99.7863807536285,-0.852654387865655
437.04,438,307,307,29472,29472,2024-08-01,2024-10-18,550.81,0,0,239951447,-92979563,0.0122824847978516,99.5810364919367,0
375.5,376,589,589,29450,29450,2024-08-01,2024-10-18,550.81,0,0,239951447,-92979563,0.0122733162763549,99.593309808213,0
407.29,408,413,413,29323,29323,2024-08-01,2024-10-18,550.81,0,0,239951447,-92979563,0.0122203889022599,99.6055301971153,0
244.83,245,1724,1717,29308,29189,2024-08-01,2024-12-20,550.81,-7,-119,502087260,-151351504,0.00581353129732868,99.9556752346196,-0.0040768782760629
364.64,365,807,807,29052,29052,2024-08-01,2024-10-18,550.81,0,0,239951447,-92979563,0.0121074493874588,99.6176376465027,0
551.61,600,5,6,27925,29034,2024-08-01,2024-12-20,550.81,1,1109,502087260,-151351504,0.00578266016946935,99.9614578947891,0.0381965970930634
476.85,477,1911,1917,36309,28755,2024-08-01,2024-08-16,550.81,6,-7554,245552880,-304354121,0.0117103085901497,99.8713042990984,-0.262702138758477
531.91,532,3447,3186,648036,28674,2024-08-01,2024-08-02,550.81,-261,-619362,30554319,-68194328,0.0938459796796649,98.8859381876585,-21.6001255492781
504.98,505,14070,14051,70350,28102,2024-08-01,2024-08-02,550.81,-19,-42248,30554319,-68194328,0.0919739039184608,98.977912091577,-1.50338054231016
480.72,481,1001,1001,28028,28028,2024-08-01,2024-08-16,550.81,0,0,245552880,-304354121,0.0114142420158135,99.8827185411142,0
550,590,7,7,32158,28000,2024-08-01,2024-12-20,550.81,0,-4158,502087260,-151351504,0.0055767198713626,99.9670346146604,-0.1485
414.37,415,443,444,31896,27972,2024-08-01,2024-10-18,550.81,1,-3923.99999999999,239951447,-92979563,0.0116573583321629,99.6292950048349,-0.14028314028314
521.97,522,9003,8985,297099,26955,2024-08-01,2024-08-02,550.81,-18,-270144,30554319,-68194328,0.0882199338168853,99.0661320253939,-10.0220367278798
449.84,450,1440,1682,31680,26912,2024-08-01,2024-08-23,550.81,242,-4768,46951906,-15341404,0.0573182268681489,99.7791910726691,-0.177170035671819
522.6,524,174,191,52548,26740,2024-08-01,2024-08-23,550.81,17,-25808,46951906,-15341404,0.0569518945620653,99.8361429672312,-0.965145848915483
524.07,527,46,91,24334,26663,2024-08-01,2024-09-06,550.81,45,2329,5109201,-1786946,0.521862420366707,90.6763895176565,0.0873495105577017
390.55,391,587,587,44025,26415,2024-08-01,2024-10-18,550.81,0,-17610,239951447,-92979563,0.0110084770607781,99.6403034818957,-0.666666666666666
527.81,531,47,82,29375,26158,2024-08-01,2024-09-06,550.81,35,-3217,5109201,-1786946,0.511978291713323,91.1883678093698,-0.122983408517471
551.52,595,2,6,8738,26088,2024-08-01,2024-11-15,550.81,4,17350,143393396,-50561696,0.0181933064755646,99.7733710135438,0.665056731064091
224.89,225,2370,2366,40290,26026,2024-08-01,2024-12-20,550.81,-4,-14264,502087260,-151351504,0.00518356112043154,99.9722181757808,-0.548067317298087
549.61,564,0,18,0,25902,2024-08-01,2024-09-06,550.81,18,25902,5109201,-1786946,0.506967723524676,91.6953355328945,1
503.85,505,169,224,34814,25760,2024-08-01,2024-09-06,550.81,55,-9054,5109201,-1786946,0.504188423982536,92.199523956877,-0.351475155279503
469.44,470,455,455,25480,25480,2024-08-01,2024-09-06,550.81,0,0,5109201,-1786946,0.498708115026205,92.6982320719032,0
329.6,330,630,630,25200,25200,2024-08-01,2024-11-15,550.81,0,0,143393396,-50561696,0.0175740310941516,99.7909450446379,0
550.7,570,8,13,23000,25090,2024-08-01,2024-08-30,550.81,5,2090,117910724,-79511794,0.0212788109078187,99.8076595645363,0.0833001195695496
369.66,370,740,737,31820,25058,2024-08-01,2024-10-18,550.81,-3,-6762,239951447,-92979563,0.0104429459848183,99.6507464278805,-0.269853938861841
209.91,210,2749,2749,27490,24741,2024-08-01,2024-12-20,550.81,0,-2749,502087260,-151351504,0.00492762951204936,99.9771458052929,-0.111111111111111
460.73,461,914,914,31076,24678,2024-08-01,2024-08-30,550.81,0,-6398,117910724,-79511794,0.0209293940049083,99.8285889585412,-0.259259259259259
489.6,491,166,176,31208,24640,2024-08-01,2024-09-20,550.81,10,-6568,484039392,-269854167,0.005090494783532,99.9400333929847,-0.266558441558442
413.98,415,245,240,30625,24480,2024-08-01,2024-11-15,550.81,-5,-6145,143393396,-50561696,0.017071915920033,99.8080169605579,-0.251021241830065
379.14,380,280,280,24080,24080,2024-08-01,2024-11-15,550.81,0,0,143393396,-50561696,0.0167929630455227,99.8248099236035,0
401.49,402,497,470,35287,23970,2024-08-01,2024-10-18,550.81,-27,-11317,239951447,-92979563,0.00998952092170546,99.6607359488022,-0.472131831455987
545.6,556,15,23,26730,23920,2024-08-01,2024-09-06,550.81,8,-2810,5109201,-1786946,0.468174965126641,93.1664070370299,-0.11747491638796
520.78,523,54,107,23436,23754,2024-08-01,2024-09-06,550.81,53,318.000000000004,5109201,-1786946,0.464925924816816,93.6313329618467,0.0133872189946958
383.49,384,464,464,23664,23664,2024-08-01,2024-10-18,550.81,0,0,239951447,-92979563,0.00986199512270497,99.6705979439249,0
249.97,250,8768,7877,8768,23631,2024-08-01,2024-09-20,550.81,-891,14863,484039392,-269854167,0.00488204067490441,99.9449154336596,0.628961956751724
524.77,528,23,71,13984,22933,2024-08-01,2024-09-06,550.81,48,8949,5109201,-1786946,0.448856876055571,94.0801898379022,0.390223695111848
532.42,532.5,2749,2810,538804,22480,2024-08-01,2024-08-02,550.81,61,-516324,30554319,-68194328,0.0735738865592128,99.1397059119531,-22.9681494661922
430.01,431,227,227,22473,22473,2024-08-01,2024-10-18,550.81,0,0,239951447,-92979563,0.00936564470894814,99.6799635886338,0
541.64,579,6,6,22416,22416,2024-08-01,2024-10-18,550.81,0,0,239951447,-92979563,0.00934188990325197,99.6893054785371,0
523.44,526,67,87,33768,22272,2024-08-01,2024-09-06,550.81,20,-11496,5109201,-1786946,0.43591943241223,94.5161092703145,-0.516163793103448
469.77,470,1009,964,37333,22172,2024-08-01,2024-08-23,550.81,-45,-15161,46951906,-15341404,0.0472227900609615,99.8833657572922,-0.683790366227675
440.65,442,164,164,22140,22140,2024-08-01,2024-10-18,550.81,0,0,239951447,-92979563,0.00922686663356525,99.6985323451707,0
454.99,455,21795,21861,43590,21861,2024-08-01,2024-08-02,550.81,66,-21729,30554319,-68194328,0.0715479863910565,99.2112538983441,-0.993961849869631
314.95,315,4330,4370,30310,21850,2024-08-01,2024-09-20,550.81,40,-8460,484039392,-269854167,0.0045140954147798,99.9494295290744,-0.387185354691076
367.67,368,656,656,21648,21648,2024-08-01,2024-10-18,550.81,0,0,239951447,-92979563,0.00902182515281935,99.7075541703235,0
484.67,485,641,654,28204,21582,2024-08-01,2024-08-23,550.81,13,-6622,46951906,-15341404,0.0459661850575353,99.9293319423497,-0.306829765545362
184.91,185,2375,2375,21375,21375,2024-08-01,2024-12-20,550.81,0,0,502087260,-151351504,0.00425722811608484,99.981403033409,0
179.94,180,3544,3544,31896,21264,2024-08-01,2024-12-20,550.81,0,-10632,502087260,-151351504,0.00423512040516623,99.9856381538141,-0.5
431.02,432,213,213,20874,20874,2024-08-01,2024-10-18,550.81,0,0,239951447,-92979563,0.00869925989652398,99.71625343022,0
538.61,580,5,5,20695,20695,2024-08-01,2024-08-16,550.81,0,0,245552880,-304354121,0.00842791988430354,99.8911464609986,0
356.69,357,667,667,20677,20677,2024-08-01,2024-10-18,550.81,0,0,239951447,-92979563,0.0086171599540302,99.724870590174,0
269.98,270,10337,10337,31011,20674,2024-08-01,2024-09-20,550.81,0,-10337,484039392,-269854167,0.0042711399819294,99.9537006690563,-0.5
522.65,523,581,590,59843,20650,2024-08-01,2024-08-09,550.81,9,-39193,36507805,-59038188,0.0565632472289145,99.773779880768,-1.89796610169492
359.48,360,395,395,23700,20540,2024-08-01,2024-11-15,550.81,0,-3160,143393396,-50561696,0.0143242301061061,99.8391341537096,-0.153846153846154
374.63,375,555,555,25530,20535,2024-08-01,2024-10-18,550.81,0,-4995,239951447,-92979563,0.00855798131527834,99.7334285714893,-0.243243243243243
409.94,410,3301,3351,23107,20106,2024-08-01,2024-08-16,550.81,50,-3001,245552880,-304354121,0.00818805301733785,99.8993345140159,-0.149258927683279
304.96,305,5017,5017,25085,20068,2024-08-01,2024-09-20,550.81,0,-5017,484039392,-269854167,0.00414594355989936,99.9578466126162,-0.25
396.48,397,385,385,20020,20020,2024-08-01,2024-10-18,550.81,0,0,239951447,-92979563,0.00834335456205855,99.7417719260514,0
543.22,568,8,8,19824,19824,2024-08-01,2024-08-30,550.81,0,0,117910724,-79511794,0.0168127201050856,99.8454016786463,0
409.89,410,1794,1802,26910,19822,2024-08-01,2024-08-30,550.81,8,-7088,117910724,-79511794,0.0168110239065278,99.8622127025528,-0.357582484108566
472.62,473,516,517,26316,19646,2024-08-01,2024-08-30,550.81,1,-6670,117910724,-79511794,0.0166617584334399,99.8788744609863,-0.339509314873257
555.77,595,5,5,19615,19615,2024-08-01,2024-10-18,550.81,0,0,239951447,-92979563,0.0081745704163226,99.7499464964677,0
309.95,310,3823,3822,22938,19110,2024-08-01,2024-09-20,550.81,-1,-3828,484039392,-269854167,0.00394802578381885,99.9617946384,-0.200313971742543
544.04,571,7,7,18872,18872,2024-08-01,2024-10-18,550.81,0,0,239951447,-92979563,0.00786492444031813,99.757811420908,0
334.64,335,516,516,23736,18576,2024-08-01,2024-11-15,550.81,0,-5160,143393396,-50561696,0.0129545714922604,99.8520887252018,-0.277777777777778
499.97,500,6030,6178,24120,18534,2024-08-01,2024-08-02,550.81,148,-5586,30554319,-68194328,0.0606591820946819,99.2719130804388,-0.301392036257689
517.97,518,6145,6173,110610,18519,2024-08-01,2024-08-02,550.81,28,-92091,30554319,-68194328,0.0606100891988462,99.3325231696377,-4.9727847075976
519.62,528,22,22,24750,18436,2024-08-01,2024-11-15,550.81,0,-6314,143393396,-50561696,0.0128569379861817,99.864945663188,-0.342482100238664
408.34,409,277,277,18282,18282,2024-08-01,2024-10-18,550.81,0,0,239951447,-92979563,0.00761904136381391,99.7654304622718,0
538.44,575,5,5,18280,18280,2024-08-01,2024-08-02,550.81,0,0,30554319,-68194328,0.0598278757251962,99.3923510453629,0
547.7,568,9,9,18270,18270,2024-08-01,2024-11-15,550.81,0,0,143393396,-50561696,0.0127411725432599,99.8776868357313,0
483.16,484,217,217,18228,18228,2024-08-01,2024-09-06,550.81,0,0,5109201,-1786946,0.356768113057208,94.8728773833717,0
279.96,280,4262,4547,17048,18188,2024-08-01,2024-09-20,550.81,285,1140,484039392,-269854167,0.00375754541894805,99.965552183819,0.0626786892456565
384.96,385,4536,4532,13608,18128,2024-08-01,2024-08-16,550.81,-4,4520,245552880,-304354121,0.00738252387835972,99.9067170378942,0.249338040600177
545.38,554,8,21,12872,18102,2024-08-01,2024-09-06,550.81,13,5230,5109201,-1786946,0.354301974026859,95.2271793573985,0.288918351563363
459.82,460,1033,998,25825,17964,2024-08-01,2024-08-23,550.81,-35,-7861,46951906,-15341404,0.0382604275958467,99.9675923699455,-0.437597417056335
279.92,280,1472,2245,14720,17960,2024-08-01,2024-10-18,550.81,773,3240,239951447,-92979563,0.0074848475491794,99.772915309821,0.180400890868597
550.52,570,6,9,18300,17532,2024-08-01,2024-08-09,550.81,3,-768,36507805,-59038188,0.0480226077683936,99.8218024885364,-0.0438056125941136
435.9,437,158,158,17380,17380,2024-08-01,2024-10-18,550.81,0,0,239951447,-92979563,0.00724313198244643,99.7801584418034,0
352.68,353,536,536,17152,17152,2024-08-01,2024-10-18,550.81,0,0,239951447,-92979563,0.00714811275966175,99.7873065545631,0
527.96,528,3593,4226,355707,16904,2024-08-01,2024-08-02,550.81,633,-338803,30554319,-68194328,0.0553244207471945,99.44767546611,-20.0427709417889
504.89,505,1510,1518,33220,16698,2024-08-01,2024-08-09,550.81,8,-16522,36507805,-59038188,0.0457381647568239,99.8675406532932,-0.989459815546772
254.81,255,878,878,23706,16682,2024-08-01,2024-12-20,550.81,0,-7024,502087260,-151351504,0.0033225300319311,99.9889606838461,-0.421052631578947
404,405,161,161,16100,16100,2024-08-01,2024-11-15,550.81,0,0,143393396,-50561696,0.0112278531990413,99.8889146889303,0
424.94,425,2653,2653,21224,15918,2024-08-01,2024-08-16,550.81,0,-5306,245552880,-304354121,0.00648251407191803,99.9131995519662,-0.333333333333333
417.26,418,215,215,15910,15910,2024-08-01,2024-10-18,550.81,0,0,239951447,-92979563,0.0066305080460715,99.7939370626092,0
393.74,395,126,126,15876,15876,2024-08-01,2024-11-15,550.81,0,0,143393396,-50561696,0.0110716395893155,99.8999863285196,0
371.51,372,323,323,15827,15827,2024-08-01,2024-10-18,550.81,0,0,239951447,-92979563,0.00659591771497006,99.8005329803241,0
509.97,510,5136,5232,41088,15696,2024-08-01,2024-08-02,550.81,96,-25392,30554319,-68194328,0.0513708062025536,99.4990462723126,-1.6177370030581
159.95,160,3137,3137,15685,15685,2024-08-01,2024-12-20,550.81,0,0,502087260,-151351504,0.00312395897079723,99.9920846428169,0
533.58,537.5,50,40,43050,15680,2024-08-01,2024-09-06,550.81,-10,-27370,5109201,-1786946,0.306897301554588,95.5340766589531,-1.74553571428571
324.81,325,825,825,15675,15675,2024-08-01,2024-10-18,550.81,0,0,239951447,-92979563,0.00653257156644694,99.8070655518906,0
518.97,519,5126,5168,107646,15504,2024-08-01,2024-08-02,550.81,42,-92142,30554319,-68194328,0.0507424171358557,99.5497886894485,-5.94311145510836
547,578,5,5,15500,15500,2024-08-01,2024-10-18,550.81,0,0,239951447,-92979563,0.00645964014544992,99.813525192036,0
386.37,387,246,246,15498,15498,2024-08-01,2024-10-18,550.81,0,0,239951447,-92979563,0.00645880664349567,99.8199839986795,0
354.51,355,312,312,15288,15288,2024-08-01,2024-10-18,550.81,0,0,239951447,-92979563,0.00637128893829926,99.8263552876178,0
234.86,235,1082,1079,28132,15106,2024-08-01,2024-12-20,550.81,-3,-13026,502087260,-151351504,0.00300864037060012,99.9950932831875,-0.862306368330465
344.58,345,358,358,16110,15036,2024-08-01,2024-11-15,550.81,0,-1074,143393396,-50561696,0.0104858385528438,99.9104721670725,-0.0714285714285716
418.97,420,143,145,19162,14935,2024-08-01,2024-11-15,550.81,2,-4227,143393396,-50561696,0.01041540295203,99.9208875700245,-0.283026447941078
463.69,464,450,479,23400,14849,2024-08-01,2024-08-30,550.81,29,-8551,117910724,-79511794,0.0125934261925149,99.8914678871788,-0.575863694524884
542.4,572,5,5,14800,14800,2024-08-01,2024-08-30,550.81,0,0,117910724,-79511794,0.0125518693278484,99.9040197565066,0
550.48,565,3,10,5934,14520,2024-08-01,2024-09-06,550.81,7,8586,5109201,-1786946,0.284193164449784,95.8182698234029,0.591322314049587
551.65,600,3,3,18480,14505,2024-08-01,2024-08-09,550.81,0,-3975,36507805,-59038188,0.0397312300753223,99.9072718833685,-0.274043433298862
548.98,620,2,2,14944,14204,2024-08-01,2024-12-20,550.81,0,-740,502087260,-151351504,0.00282899032331551,99.9979222735108,-0.0520980005632216
418.15,419,167,167,14195,14195,2024-08-01,2024-10-18,550.81,0,0,239951447,-92979563,0.00591578012030075,99.8322710677381,0
521.34,524,37,53,15059,14098,2024-08-01,2024-09-06,550.81,16,-960.999999999998,5109201,-1786946,0.275933555951312,96.0942033793542,-0.0681656972620228
294.95,295,2713,2713,13565,13565,2024-08-01,2024-09-20,550.81,0,0,484039392,-269854167,0.00280245786276833,99.9683546416817,0
520.97,521,4517,4511,126476,13533,2024-08-01,2024-08-02,550.81,-6,-112943,30554319,-68194328,0.044291610623035,99.5940803000715,-8.34574743220277
472.87,473,1028,1040,16448,13520,2024-08-01,2024-08-16,550.81,12,-2928,245552880,-304354121,0.00550594234529035,99.9187054943115,-0.216568047337278
402.48,403,261,260,17226,13520,2024-08-01,2024-10-18,550.81,-1,-3706,239951447,-92979563,0.00563447321074084,99.8379055409489,-0.274112426035503
539.75,573,4,4,13300,13300,2024-08-01,2024-10-18,550.81,0,0,239951447,-92979563,0.00554278799577316,99.8434483289446,0
435.18,436,162,162,13284,13284,2024-08-01,2024-10-18,550.81,0,0,239951447,-92979563,0.00553611998013915,99.8489844489248,0
381.51,382,270,270,13230,13230,2024-08-01,2024-10-18,550.81,0,0,239951447,-92979563,0.00551361542737436,99.8544980643522,0
526.95,527,2487,2632,208908,13160,2024-08-01,2024-08-02,550.81,145,-195748,30554319,-68194328,0.0430708339465854,99.6371511340181,-14.8744680851064
279.84,280,804,813,17688,13008,2024-08-01,2024-11-15,550.81,9,-4680,143393396,-50561696,0.00907154747907637,99.9299591175036,-0.359778597785978
434.82,435,716,716,17900,12888,2024-08-01,2024-08-30,550.81,0,-5012,117910724,-79511794,0.010930303506575,99.9149500600132,-0.388888888888889
404.9,405,1190,1285,15470,12850,2024-08-01,2024-08-30,550.81,95,-2620,117910724,-79511794,0.0108980757339765,99.9258481357472,-0.203891050583658
354.98,355,6358,6377,12716,12754,2024-08-01,2024-08-16,550.81,19,38,245552880,-304354121,0.00519399324495807,99.9238994875564,0.00297945742512153
547.19,557,10,13,15190,12753,2024-08-01,2024-09-06,550.81,3,-2437,5109201,-1786946,0.249608500428932,96.3438118797832,-0.191092292009723
540.47,572,4,4,12612,12612,2024-08-01,2024-11-15,550.81,0,0,143393396,-50561696,0.00879538413331113,99.9387545016369,0
149.99,150,12558,12560,12558,12560,2024-08-01,2024-09-20,550.81,2,2,484039392,-269854167,0.00259483013316404,99.9709494718149,0.000159235668789809
433.21,434,158,158,18644,12482,2024-08-01,2024-10-18,550.81,0,-6162,239951447,-92979563,0.00520188569648426,99.8596999500487,-0.493670886075949
523.97,524,4266,4139,200502,12417,2024-08-01,2024-08-02,550.81,-127,-188085,30554319,-68194328,0.0406390991728534,99.6777902331909,-15.1473785938633
365.56,366,280,280,12320,12320,2024-08-01,2024-10-18,550.81,0,0,239951447,-92979563,0.00513437203818988,99.8648343220868,0
459.43,460,215,215,12255,12255,2024-08-01,2024-09-06,550.81,0,0,5109201,-1786946,0.239861379499456,96.5836732592826,0
339.99,340,12183,12239,36549,12239,2024-08-01,2024-08-16,550.81,56,-24310,245552880,-304354121,0.00498426245295922,99.9288837500094,-1.98627338834872
516.34,518,73,73,22192,12118,2024-08-01,2024-09-06,550.81,0,-10074,5109201,-1786946,0.237179942617251,96.8208532018999,-0.831325301204819
387.39,388,194,194,11834,11834,2024-08-01,2024-10-18,550.81,0,0,239951447,-92979563,0.00493183106330674,99.8697661531502,0
449.95,450,2069,2326,14483,11630,2024-08-01,2024-08-09,550.81,257,-2853,36507805,-59038188,0.0318562017081005,99.9391280850766,-0.245313843508169
528.96,529,2516,2875,291856,11500,2024-08-01,2024-08-02,550.81,359,-280356,30554319,-68194328,0.0376378868074265,99.7154281199984,-24.3787826086957
244.99,245,11326,11326,11326,11326,2024-08-01,2024-08-16,550.81,0,0,245552880,-304354121,0.00461244844694959,99.9334961984563,0
543.76,572,4,4,11296,11296,2024-08-01,2024-10-18,550.81,0,0,239951447,-92979563,0.00470761903761306,99.8744737721878,0
518.79,521,55,51,18865,11271,2024-08-01,2024-09-06,550.81,-4,-7594,5109201,-1786946,0.220602008024347,97.0414552099242,-0.673764528435809
520.06,522,54,57,22680,11058,2024-08-01,2024-09-06,550.81,3,-11622,5109201,-1786946,0.216433058711137,97.2578882686354,-1.05100379815518
410,411,110,110,11000,11000,2024-08-01,2024-10-18,550.81,0,0,239951447,-92979563,0.00458426074838382,99.8790580329361,0
370.48,371,211,211,10972,10972,2024-08-01,2024-10-18,550.81,0,0,239951447,-92979563,0.0045725917210243,99.8836306246572,0
269.84,270,685,685,10960,10960,2024-08-01,2024-11-15,550.81,0,0,143393396,-50561696,0.00764330876158341,99.9463978103985,0
389.93,390,1557,1557,10899,10899,2024-08-01,2024-08-30,550.81,0,0,117910724,-79511794,0.00924343404082567,99.935091569788,0
405.44,406,194,194,14744,10864,2024-08-01,2024-10-18,550.81,0,-3880,239951447,-92979563,0.00452758261549471,99.8881582072727,-0.357142857142857
510.5,512,36,72,7992,10800,2024-08-01,2024-09-06,550.81,36,2808,5109201,-1786946,0.211383345458517,97.4692716140939,0.26
274.74,275,413,413,10738,10738,2024-08-01,2024-11-15,550.81,0,0,143393396,-50561696,0.00748848991623017,99.9538863003147,0
339.63,340,290,290,13630,10730,2024-08-01,2024-11-15,550.81,0,-2900,143393396,-50561696,0.00748291085873997,99.9613692111734,-0.27027027027027
334.97,335,3519,3510,10557,10530,2024-08-01,2024-08-30,550.81,-9,-27,117910724,-79511794,0.00893048540690837,99.9440220551949,-0.00256410256410256
194.92,195,1304,1304,10432,10432,2024-08-01,2024-12-20,550.81,0,0,502087260,-151351504,0.00207772648921624,100,0
548.42,600,2,2,10814,10316,2024-08-01,2024-09-20,550.81,0,-498,484039392,-269854167,0.00213123150109237,99.973080703316,-0.0482745250096937
284.9,285,1018,1018,10180,10180,2024-08-01,2024-10-18,550.81,0,0,239951447,-92979563,0.00424252494714066,99.8924007322198,0
389.96,390,2399,2535,11995,10140,2024-08-01,2024-08-16,550.81,136,-1855,245552880,-304354121,0.00412945675896776,99.9376256552153,-0.182938856015779
359.68,360,306,306,9792,9792,2024-08-01,2024-10-18,550.81,0,0,239951447,-92979563,0.00408082556801585,99.8964815577878,0
289.9,290,964,964,9640,9640,2024-08-01,2024-10-18,550.81,0,0,239951447,-92979563,0.00401747941949273,99.9004990372073,0
514.98,515,4710,4705,56520,9410,2024-08-01,2024-08-02,550.81,-5,-47110,30554319,-68194328,0.030797609987642,99.746225729986,-5.00637619553666
355.51,356,192,192,9408,9408,2024-08-01,2024-10-18,550.81,0,0,239951447,-92979563,0.00392079319279954,99.9044198304001,0
406.37,407,148,148,9324,9324,2024-08-01,2024-10-18,550.81,0,0,239951447,-92979563,0.00388578611072097,99.9083056165108,0
325.8,326,466,466,9320,9320,2024-08-01,2024-10-18,550.81,0,0,239951447,-92979563,0.00388411910681247,99.9121897356176,0
214.99,215,9010,9315,18020,9315,2024-08-01,2024-09-20,550.81,305,-8705,484039392,-269854167,0.00192443015051139,99.9750051334665,-0.934514224369297
484.4,485,151,152,13892,9120,2024-08-01,2024-09-06,550.81,1,-4772,5109201,-1786946,0.178501491720525,97.6477731058144,-0.523245614035088
543.08,558,6,6,8952,8952,2024-08-01,2024-09-06,550.81,0,0,5109201,-1786946,0.175213306346726,97.8229864121611,0
422.99,424,88,88,8888,8888,2024-08-01,2024-10-18,550.81,0,0,239951447,-92979563,0.00370408268469412,99.9158938183023,0
279.99,280,8843,8843,8843,8843,2024-08-01,2024-08-16,550.81,0,0,245552880,-304354121,0.00360126095853569,99.9412269161738,0
541,585,2,2,8800,8800,2024-08-01,2024-10-18,550.81,0,0,239951447,-92979563,0.00366740859870705,99.9195612269011,0
514.18,516,38,48,12426,8736,2024-08-01,2024-09-06,550.81,10,-3690,5109201,-1786946,0.170985639437556,97.9939720515987,-0.42239010989011
444.61,445,222,222,8658,8658,2024-08-01,2024-09-06,550.81,0,0,5109201,-1786946,0.169458981942578,98.1634310335413,0
542,585,2,2,8600,8600,2024-08-01,2024-09-20,550.81,0,0,484039392,-269854167,0.0017767149000964,99.9767818483666,0
382.47,383,162,162,8586,8586,2024-08-01,2024-10-18,550.81,0,0,239951447,-92979563,0.00357822388960213,99.9231394507907,0
199.99,200,6652,8557,6652,8557,2024-08-01,2024-09-20,550.81,1905,1905,484039392,-269854167,0.00176783132559591,99.9785496796922,0.222624751665303
512.56,514,45,59,12330,8496,2024-08-01,2024-09-06,550.81,14,-3834,5109201,-1786946,0.1662882317607,98.329719265302,-0.451271186440678
550.29,635,0,1,0,8471,2024-08-01,2024-09-20,550.81,1,8471,484039392,-269854167,0.00175006417659495,99.9802997438688,1
299.86,300,599,599,8386,8386,2024-08-01,2024-10-18,550.81,0,0,239951447,-92979563,0.00349487369417697,99.9266343244848,0
517.02,519,47,42,15228,8316,2024-08-01,2024-09-06,550.81,-5,-6912,5109201,-1786946,0.162765176003058,98.492484441305,-0.831168831168831
319.99,320,8244,8244,8244,8244,2024-08-01,2024-08-16,550.81,0,0,245552880,-304354121,0.00335732164900693,99.9445842378228,0
494.98,495,4138,4101,16552,8202,2024-08-01,2024-08-02,550.81,-37,-8350,30554319,-68194328,0.026843995443001,99.773069725429,-1.01804437941965
309.6,310,203,203,8120,8120,2024-08-01,2024-11-15,550.81,0,0,143393396,-50561696,0.00566274335255997,99.967031954526,0
259.98,260,3389,4054,6778,8108,2024-08-01,2024-09-20,550.81,665,1330,484039392,-269854167,0.00167507028023042,99.981974814149,0.164035520473606
334.99,335,8066,8067,8066,8067,2024-08-01,2024-08-16,550.81,1,1,245552880,-304354121,0.00328523941564033,99.9478694772385,0.000123961819759514
465.71,466,239,278,10755,8062,2024-08-01,2024-08-30,550.81,39,-2693,117910724,-79511794,0.00683737638656175,99.9508594315815,-0.334036219300422
199.99,200,8049,8051,8049,8051,2024-08-01,2024-08-16,550.81,2,2.00000000000182,245552880,-304354121,0.0032787235075394,99.951148200746,0.000248416345795779
284.84,285,502,502,12550,8032,2024-08-01,2024-11-15,550.81,0,-4518,143393396,-50561696,0.0056013737201677,99.9726333282462,-0.5625
427.5,429,53,53,7950,7950,2024-08-01,2024-10-18,550.81,0,0,239951447,-92979563,0.00331317026815012,99.929947494753,0
350.65,351,227,227,7945,7945,2024-08-01,2024-10-18,550.81,0,0,239951447,-92979563,0.00331108651326449,99.9332585812662,0
364.98,365,3923,3946,11769,7892,2024-08-01,2024-08-16,550.81,23,-3877,245552880,-304354121,0.00321397167078635,99.9543621724168,-0.491256969082615
552.36,568,5,5,12655,7820,2024-08-01,2024-08-02,550.81,0,-4835,30554319,-68194328,0.02559376302905,99.7986634884581,-0.618286445012788
475.85,476,518,519,8806,7785,2024-08-01,2024-08-16,550.81,1,-1021,245552880,-304354121,0.00317039653536134,99.9575325689521,-0.131149646756583
549.09,575,0,3,0,7773,2024-08-01,2024-09-06,550.81,3,7773,5109201,-1786946,0.152137291134172,98.6446217324392,1
335.63,336,210,210,7770,7770,2024-08-01,2024-10-18,550.81,0,0,239951447,-92979563,0.00323815509226748,99.9364967363585,0
244.98,245,3957,3806,7914,7612,2024-08-01,2024-09-20,550.81,-151,-302,484039392,-269854167,0.00157259928134114,99.9835474134304,-0.0396741986337362
289.97,290,2540,2536,10160,7608,2024-08-01,2024-09-20,550.81,-4,-2552,484039392,-269854167,0.00157177290231783,99.9851191863327,-0.335436382754995
324.68,325,237,237,11613,7584,2024-08-01,2024-11-15,550.81,0,-4029,143393396,-50561696,0.00528894650071612,99.9779222747469,-0.53125
349.95,350,1514,1507,6056,7535,2024-08-01,2024-08-30,550.81,-7,1479,117910724,-79511794,0.00639042806657688,99.9572498596481,0.19628400796284
379.6,380,222,183,11322,7320,2024-08-01,2024-10-18,550.81,-39,-4002,239951447,-92979563,0.00305061715256087,99.9395473535111,-0.54672131147541
419.99,420,7312,7312,7312,7312,2024-08-01,2024-08-02,550.81,0,0,30554319,-68194328,0.0239311502900785,99.8225946387481,0
284.96,285,1628,1806,4884,7224,2024-08-01,2024-09-20,550.81,178,2340,484039392,-269854167,0.00149244051608097,99.9866116268488,0.323920265780731
368.57,369,165,165,7095,7095,2024-08-01,2024-10-18,550.81,0,0,239951447,-92979563,0.00295684818270756,99.9425042016938,0
154.99,155,7046,7048,7046,7048,2024-08-01,2024-09-20,550.81,2,1.99999999999909,484039392,-269854167,0.00145607983905574,99.9880677066878,0.000283768444948793
516.97,517,2260,2347,36160,7041,2024-08-01,2024-08-02,550.81,87,-29119,30554319,-68194328,0.0230442053053122,99.8456388440535,-4.13563414287743
346.58,347,164,164,6888,6888,2024-08-01,2024-10-18,550.81,0,0,239951447,-92979563,0.00287058073044252,99.9453747824242,0
550.73,585,7,2,30191,6854,2024-08-01,2024-11-15,550.81,-5,-23337,143393396,-50561696,0.00477985750473474,99.9827021322516,-3.40487306682229
329.82,330,377,379,7917,6822,2024-08-01,2024-10-18,550.81,2,-1095,239951447,-92979563,0.00284307516595222,99.9482178575902,-0.160510114335972
344.99,345,6759,6759,6759,6759,2024-08-01,2024-08-16,550.81,0,0,245552880,-304354121,0.00275256392838887,99.9602851328805,0
420.29,421,115,95,11615,6745,2024-08-01,2024-10-18,550.81,-20,-4870,239951447,-92979563,0.00281098534071353,99.9510288429309,-0.722016308376575
515.42,517,49,42,14553,6636,2024-08-01,2024-09-06,550.81,-7,-7917,5109201,-1786946,0.129883322265067,98.7745050547043,-1.19303797468354
474.99,475,6619,6627,13238,6627,2024-08-01,2024-08-02,550.81,8,-6611,30554319,-68194328,0.0216892413802448,99.8673280854337,-0.997585634525426
324.99,325,6580,6580,6580,6580,2024-08-01,2024-08-16,550.81,0,0,245552880,-304354121,0.00267966720650965,99.9629648000871,0
329.99,330,6530,6530,6530,6530,2024-08-01,2024-08-16,550.81,0,0,245552880,-304354121,0.00265930499369423,99.9656241050808,0
384.92,385,787,815,9444,6520,2024-08-01,2024-08-30,550.81,28,-2924,117910724,-79511794,0.00552960729848457,99.9627794669465,-0.448466257668712
358.49,359,125,125,6375,6375,2024-08-01,2024-10-18,550.81,0,0,239951447,-92979563,0.00265678747917699,99.9536856304101,0
374.93,375,910,910,6370,6370,2024-08-01,2024-08-30,550.81,0,0,117910724,-79511794,0.00540239240664827,99.9681818593532,0
314.74,315,173,245,5536,6370,2024-08-01,2024-11-15,550.81,72,834,143393396,-50561696,0.00444232452657722,99.9871444567782,0.130926216640502
249.99,250,6276,6276,6276,6276,2024-08-01,2024-08-16,550.81,0,0,245552880,-304354121,0.00255586495259188,99.9681799700333,0
489.98,490,3015,3135,12060,6270,2024-08-01,2024-08-02,550.81,120,-5790,30554319,-68194328,0.0205208304593534,99.887848915893,-0.923444976076555
224.99,225,6217,6217,6217,6217,2024-08-01,2024-09-20,550.81,0,0,484039392,-269854167,0.00128439959696503,99.9893521062848,0
471.94,472,0,1035,0,6210,2024-08-01,2024-08-09,550.81,1035,6210,36507805,-59038188,0.017010061273199,99.9561381463498,1
239.98,240,3061,3061,6122,6122,2024-08-01,2024-09-20,550.81,0,0,484039392,-269854167,0.00126477309516164,99.9906168793799,0
314.99,315,5937,6113,5937,6113,2024-08-01,2024-08-16,550.81,176,176,245552880,-304354121,0.0024894841388136,99.9706694541722,0.0287911009324391
385.52,386,126,126,6048,6048,2024-08-01,2024-10-18,550.81,0,0,239951447,-92979563,0.00252050990965685,99.9562061403197,0
377.61,378,155,155,6510,6045,2024-08-01,2024-10-18,550.81,0,-464.999999999999,239951447,-92979563,0.00251925965672547,99.9587253999765,-0.0769230769230768
421.01,422,61,61,6039,6039,2024-08-01,2024-10-18,550.81,0,0,239951447,-92979563,0.00251675915086272,99.9612421591273,0
294.9,295,592,592,5920,5920,2024-08-01,2024-10-18,550.81,0,0,239951447,-92979563,0.00246716578458475,99.9637093249119,0
319.83,320,332,343,6640,5831,2024-08-01,2024-10-18,550.81,11,-809.000000000001,239951447,-92979563,0.00243007494762055,99.9661393998595,-0.138741210770022
376.63,377,157,156,7850,5772,2024-08-01,2024-10-18,550.81,-1,-2078,239951447,-92979563,0.00240548663997013,99.9685448864995,-0.36001386001386
548.29,605,1,1,5977,5671,2024-08-01,2024-09-20,550.81,0,-306,484039392,-269854167,0.0011715988602845,99.9917884782402,-0.0539587374360783
515.97,516,1883,1889,26362,5667,2024-08-01,2024-08-02,550.81,6,-20695,30554319,-68194328,0.0185472960467553,99.9063962119398,-3.65184400917593
548.7,577,2,2,6852,5660,2024-08-01,2024-08-30,550.81,0,-1192,117910724,-79511794,0.00480024191862311,99.9729821012718,-0.210600706713781
332.75,333,225,225,5625,5625,2024-08-01,2024-10-18,550.81,0,0,239951447,-92979563,0.00234422424633263,99.9708891107458,0
363.45,364,102,102,5610,5610,2024-08-01,2024-10-18,550.81,0,0,239951447,-92979563,0.00233797298167575,99.9732270837275,0
548.23,576,2,2,6222,5554,2024-08-01,2024-08-30,550.81,0,-668,117910724,-79511794,0.00471034339505879,99.9776924446669,-0.120273676629456
522.97,523,1908,1849,76320,5547,2024-08-01,2024-08-02,550.81,-59,-70773,30554319,-68194328,0.0181545528800691,99.9245507648199,-12.7587885343429
294.99,295,5399,5399,5399,5399,2024-08-01,2024-08-16,550.81,0,0,245552880,-304354121,0.00219871173980936,99.972868165912,0
333.77,334,228,228,5244,5244,2024-08-01,2024-10-18,550.81,0,0,239951447,-92979563,0.0021854421240477,99.9754125258515,0
259.98,260,2606,2606,5212,5212,2024-08-01,2024-08-16,550.81,0,0,245552880,-304354121,0.00212255706387968,99.9749907229759,0
545.59,571,2,2,5082,5082,2024-08-01,2024-08-23,550.81,0,0,46951906,-15341404,0.0108238417413768,99.9784162116869,0
344.97,345,1614,1614,6456,4842,2024-08-01,2024-08-30,550.81,0,-1614,117910724,-79511794,0.00410649670847581,99.9817989413754,-0.333333333333333
541.67,590,1,1,4833,4833,2024-08-01,2024-09-20,550.81,0,0,484039392,-269854167,0.000998472454903009,99.9927869506951,0
489.27,490,43,66,4300,4818,2024-08-01,2024-09-06,550.81,23,518,5109201,-1786946,0.0943004591128828,98.8688055138171,0.107513491075135
289.8,290,240,240,4800,4800,2024-08-01,2024-11-15,550.81,0,0,143393396,-50561696,0.00334743449412412,99.9904918912723,0
344.64,345,133,133,4788,4788,2024-08-01,2024-10-18,550.81,0,0,239951447,-92979563,0.00199540367847834,99.97740792953,0
469.95,470,945,945,9450,4725,2024-08-01,2024-08-09,550.81,0,-4725,36507805,-59038188,0.0129424379252601,99.9690805842751,-1
359.99,360,4708,4708,9416,4708,2024-08-01,2024-08-16,550.81,0,-4708,245552880,-304354121,0.00191730595870022,99.9769080289346,-1
323.68,324,147,147,4704,4704,2024-08-01,2024-10-18,550.81,0,0,239951447,-92979563,0.00196039659639977,99.9793683261264,0
464.62,465,112,116,7840,4408,2024-08-01,2024-09-06,550.81,4,-3432,5109201,-1786946,0.0862757209982539,98.9550812348154,-0.778584392014519
549.11,571,2,2,4378,4378,2024-08-01,2024-08-16,550.81,0,0,245552880,-304354121,0.00178291535411843,99.9786909442887,0
484.99,485,4395,4371,13185,4371,2024-08-01,2024-08-02,550.81,-24,-8814,30554319,-68194328,0.0143056698465444,99.9388564346664,-2.01647220315717
384.6,385,109,109,5668,4360,2024-08-01,2024-10-18,550.81,0,-1308,239951447,-92979563,0.0018170342602685,99.9811853603867,-0.3
547.38,569,4,2,10716,4324,2024-08-01,2024-08-30,550.81,-2,-6392,117910724,-79511794,0.00366718128200112,99.9854661226573,-1.47826086956522
345.74,346,161,161,4186,4186,2024-08-01,2024-10-18,550.81,0,0,239951447,-92979563,0.00174451959024861,99.9829298799769,0
548.3,590,0,1,0,4170,2024-08-01,2024-11-15,550.81,1,4170,143393396,-50561696,0.00290808371677033,99.9933999749891,1
552.75,573,2,2,4050,4050,2024-08-01,2024-08-23,550.81,0,0,46951906,-15341404,0.00862584790487526,99.9870420595918,0
304.99,305,3803,3993,3803,3993,2024-08-01,2024-08-16,550.81,190,190,245552880,-304354121,0.00162612631543967,99.9803170706041,0.0475832707237666
274.98,275,1995,1995,7980,3990,2024-08-01,2024-09-20,550.81,0,-3990,484039392,-269854167,0.000824313075742397,99.9936112637709,-1
545.49,585,1,1,3951,3951,2024-08-01,2024-08-30,550.81,0,0,117910724,-79511794,0.00335084025096818,99.9888169629083,0
339.73,340,145,145,3915,3915,2024-08-01,2024-10-18,550.81,0,0,239951447,-92979563,0.00163158007544751,99.9845614600524,0
309.99,310,3737,3861,3737,3861,2024-08-01,2024-08-16,550.81,124,124,245552880,-304354121,0.00157237007360696,99.9818894406777,0.0321160321160322
234.98,235,1861,1861,3722,3722,2024-08-01,2024-09-20,550.81,0,0,484039392,-269854167,0.000768945681181254,99.9943802094521,0
219.99,220,3064,3717,3064,3717,2024-08-01,2024-09-20,550.81,653,653,484039392,-269854167,0.000767912707402128,99.9951481221595,0.175679311272532
484.97,486,36,36,3708,3708,2024-08-01,2024-09-06,550.81,0,0,5109201,-1786946,0.0725749486074241,99.0276561834228,0
494.1,495,24,41,3192,3690,2024-08-01,2024-09-06,550.81,17,498,5109201,-1786946,0.07222264303166,99.0998788264545,0.134959349593496
334.81,335,190,190,4940,3610,2024-08-01,2024-10-18,550.81,0,-1330,239951447,-92979563,0.00150447102742414,99.9860659310798,-0.368421052631579
554.25,572,2,2,3550,3550,2024-08-01,2024-08-16,550.81,0,0,245552880,-304354121,0.00144571710989503,99.9833351577876,0
254.98,255,1763,1763,3526,3526,2024-08-01,2024-09-20,550.81,0,0,484039392,-269854167,0.000728453109039522,99.9958765752685,0
505.68,508,15,15,3480,3480,2024-08-01,2024-09-06,550.81,0,0,5109201,-1786946,0.068112411314411,99.1679912377689,0
393.49,394,68,68,3468,3468,2024-08-01,2024-10-18,550.81,0,0,239951447,-92979563,0.00144529238867228,99.9875112234685,0
174.99,175,3413,3413,3413,3413,2024-08-01,2024-09-20,550.81,0,0,484039392,-269854167,0.000705107901631279,99.9965816831701,0
546.25,580,1,1,3375,3375,2024-08-01,2024-08-23,550.81,0,0,46951906,-15341404,0.00718820658739605,99.9942302661792,0
354.96,355,654,840,3270,3360,2024-08-01,2024-08-30,550.81,186,89.9999999999996,117910724,-79511794,0.00284961357713315,99.9916665764854,0.0267857142857142
495.16,496,2,39,210,3276,2024-08-01,2024-09-06,550.81,37,3066,5109201,-1786946,0.0641196147890835,99.232110852558,0.935897435897436
264.99,265,3244,3244,3244,3244,2024-08-01,2024-08-16,550.81,0,0,245552880,-304354121,0.00132110036746464,99.9846562581551,0
351.68,352,101,101,3232,3232,2024-08-01,2024-10-18,550.81,0,0,239951447,-92979563,0.00134693915807059,99.9888581626266,0
234.99,235,3193,3193,3193,3193,2024-08-01,2024-08-16,550.81,0,0,245552880,-304354121,0.00130033091039291,99.9859565890655,0
496.13,497,9,36,1314,3132,2024-08-01,2024-09-06,550.81,27,1818,5109201,-1786946,0.0613011701829699,99.2934120227409,0.580459770114943
254.99,255,3084,3084,3084,3084,2024-08-01,2024-08-16,550.81,0,0,245552880,-304354121,0.00125594128645528,99.9872125303519,0
511.65,513,22,22,6842,2970,2024-08-01,2024-09-06,550.81,0,-3872,5109201,-1786946,0.0581304200010922,99.351542442742,-1.3037037037037
284.99,285,2965,2965,2965,2965,2024-08-01,2024-08-16,550.81,0,0,245552880,-304354121,0.00120747921995458,99.9884200095719,0
194.99,195,2937,2937,2937,2937,2024-08-01,2024-09-20,550.81,0,0,484039392,-269854167,0.000606768797858502,99.997188451968,0
289.99,290,2931,2931,2931,2931,2024-08-01,2024-08-16,550.81,0,0,245552880,-304354121,0.00119363291524009,99.9896136424871,0
550.88,580,1,1,3508,2912,2024-08-01,2024-09-06,550.81,0,-596,5109201,-1786946,0.056995213145852,99.4085376558879,-0.20467032967033
299.99,300,2909,2909,2909,2909,2024-08-01,2024-08-16,550.81,0,0,245552880,-304354121,0.0011846735416013,99.9907983160287,0
550.24,579,1,1,2876,2876,2024-08-01,2024-11-15,550.81,0,0,143393396,-50561696,0.00200567116772937,99.9954056461568,0
359.96,360,718,718,4308,2872,2024-08-01,2024-08-30,550.81,0,-1436,117910724,-79511794,0.00243574112902572,99.9941023176145,-0.5
319.62,320,75,75,2850,2850,2024-08-01,2024-11-15,550.81,0,0,143393396,-50561696,0.0019875392308862,99.9973931853877,0
474.48,475,53,54,4452,2808,2024-08-01,2024-09-06,550.81,1,-1644,5109201,-1786946,0.0549596698192144,99.4634973257071,-0.585470085470086
409.99,410,2773,2773,2773,2773,2024-08-01,2024-08-02,550.81,0,0,30554319,-68194328,0.00907564001017336,99.9479320746766,0
464.79,465,94,129,2350,2709,2024-08-01,2024-08-23,550.81,35,359,46951906,-15341404,0.00576973382081656,100,0.132521225544481
422.01,423,27,27,2673,2673,2024-08-01,2024-10-18,550.81,0,0,239951447,-92979563,0.00111397536185727,99.9899721379884,0
394.91,395,295,296,3245,2664,2024-08-01,2024-08-30,550.81,1,-581.000000000001,117910724,-79511794,0.00225933647901271,99.9963616540935,-0.218093093093093
369.93,370,0,375,0,2625,2024-08-01,2024-09-06,550.81,375,2625,5109201,-1786946,0.0513778964656118,99.5148752221727,1
457.88,458,198,215,3366,2580,2024-08-01,2024-08-16,550.81,17,-786.000000000001,245552880,-304354121,0.00105069018127582,99.99184900621,-0.304651162790698
209.99,210,2374,2567,2374,2567,2024-08-01,2024-09-20,550.81,193,193,484039392,-269854167,0.000530328738203192,99.9977187807062,0.0751850409037787
369.95,370,311,498,2177,2490,2024-08-01,2024-08-30,550.81,187,313,117910724,-79511794,0.00211176720448261,99.998473421298,0.12570281124498
507.63,509,20,18,4640,2466,2024-08-01,2024-09-06,550.81,-2,-2174,5109201,-1786946,0.0482658638796947,99.5631410860524,-0.881589618815896
384.3,385,50,35,3750,2450,2024-08-01,2024-11-15,550.81,-15,-1300,143393396,-50561696,0.00170858635637585,99.9991017717441,-0.530612244897959
449.99,450,2450,2448,2450,2448,2024-08-01,2024-08-02,550.81,-2,-2,30554319,-68194328,0.00801196060039826,99.955944035277,-0.000816993464052288
328.84,329,144,144,2304,2304,2024-08-01,2024-10-18,550.81,0,0,239951447,-92979563,0.000960194251297847,99.9909323322397,0
545.8,567.5,1,1,2170,2170,2024-08-01,2024-08-09,550.81,0,0,36507805,-59038188,0.00594393445456389,99.9750245187296,0
397.54,398,40,47,2560,2162,2024-08-01,2024-10-18,550.81,7,-398,239951447,-92979563,0.000901015612545983,99.9918333478523,-0.1840888066605
274.99,275,2113,2113,2113,2113,2024-08-01,2024-08-16,550.81,0,0,245552880,-304354121,0.000860507113579772,99.9927095133236,0
341.81,342,111,111,2109,2109,2024-08-01,2024-10-18,550.81,0,0,239951447,-92979563,0.000878927810758316,99.992712275663,0
484.93,485,301,287,4214,2009,2024-08-01,2024-08-09,550.81,-14,-2205,36507805,-59038188,0.00550293286599948,99.9805274515956,-1.09756097560976
326.83,327,105,115,2205,1955,2024-08-01,2024-10-18,550.81,10,-250,239951447,-92979563,0.000814748160280942,99.9935270238233,-0.127877237851662
169.99,170,1948,1951,3896,1951,2024-08-01,2024-09-20,550.81,3,-1945,484039392,-269854167,0.000403066368614892,99.9981218470748,-0.996924654023577
330.82,331,108,108,1944,1944,2024-08-01,2024-10-18,550.81,0,0,239951447,-92979563,0.000810163899532558,99.9943371877228,0
269.99,270,1940,1940,1940,1940,2024-08-01,2024-08-16,550.81,0,0,245552880,-304354121,0.000790053857238408,99.9934995671808,0
425.04,426,20,20,1920,1920,2024-08-01,2024-10-18,550.81,0,0,239951447,-92979563,0.000800161876081539,99.9951373495989,0
502.06,503,12,20,2400,1880,2024-08-01,2024-09-06,550.81,8,-520,5109201,-1786946,0.0367963601353715,99.5999374461878,-0.276595744680851
501.07,502,8,20,1256,1860,2024-08-01,2024-09-06,550.81,12,604,5109201,-1786946,0.0364049094956335,99.6363423556834,0.324731182795699
339.97,340,590,600,1770,1800,2024-08-01,2024-08-30,550.81,10,30,117910724,-79511794,0.00152657870203562,100,0.0166666666666667
539.7,557.5,1,1,1780,1780,2024-08-01,2024-09-06,550.81,0,0,5109201,-1786946,0.0348391069366815,99.6711814626201,0
184.99,185,1702,1702,1702,1702,2024-08-01,2024-09-20,550.81,0,0,484039392,-269854167,0.000351624274414426,99.9984734713492,0
550,567,0,1,0,1700,2024-08-01,2024-08-09,550.81,1,1700,36507805,-59038188,0.00465653851279199,99.9851839901084,1
224.99,225,1685,1685,1685,1685,2024-08-01,2024-08-16,550.81,0,0,245552880,-304354121,0.000686206571879752,99.9941857737527,0
229.99,230,1650,1650,1650,1650,2024-08-01,2024-09-20,550.81,0,0,484039392,-269854167,0.000340881347111518,99.9988143526963,0
239.99,240,1608,1608,1608,1608,2024-08-01,2024-08-16,550.81,0,0,245552880,-304354121,0.000654848764144,99.9948406225168,0
550.15,566,0,1,0,1585,2024-08-01,2024-08-09,550.81,1,1585,36507805,-59038188,0.00434153737810312,99.9895255274865,1
372.52,373,33,33,1584,1584,2024-08-01,2024-10-18,550.81,0,0,239951447,-92979563,0.00066013354776727,99.9957974831467,0
362.55,363,35,35,1575,1575,2024-08-01,2024-10-18,550.81,0,0,239951447,-92979563,0.000656382788973138,99.9964538659356,0
486.42,487,11,27,1111,1566,2024-08-01,2024-09-06,550.81,16,455,5109201,-1786946,0.030650585091485,99.7018320477116,0.290549169859515
399.99,400,1542,1542,1542,1542,2024-08-01,2024-08-02,550.81,0,0,30554319,-68194328,0.00504674969191753,99.9609907849689,0
159.99,160,1494,1494,1494,1494,2024-08-01,2024-09-20,550.81,0,0,484039392,-269854167,0.000308652565202792,99.9991230052615,0
466.88,467,124,124,5704,1488,2024-08-01,2024-08-16,550.81,0,-4216,245552880,-304354121,0.000605979453386985,99.9954466019702,-2.83333333333333
497.09,498,16,16,2288,1456,2024-08-01,2024-09-06,550.81,0,-832,5109201,-1786946,0.028497606572926,99.7303296542845,-0.571428571428571
229.99,230,1441,1441,1441,1441,2024-08-01,2024-08-16,550.81,0,0,245552880,-304354121,0.000586838973340488,99.9960334409436,0
460.89,461,131,131,5895,1441,2024-08-01,2024-08-16,550.81,0,-4454,245552880,-304354121,0.000586838973340488,99.9966202799169,-3.09090909090909
439.99,440,1461,1436,1461,1436,2024-08-01,2024-08-02,550.81,-25,-25,30554319,-68194328,0.00469982656134473,99.9656906115302,-0.0174094707520891
550.79,565,0,1,0,1421,2024-08-01,2024-08-02,550.81,1,1421,30554319,-68194328,0.00465073366550896,99.9703413451958,1
459.99,460,1282,1391,2564,1391,2024-08-01,2024-08-02,550.81,109,-1173,30554319,-68194328,0.00455254787383741,99.9748938930696,-0.843278217109993
204.99,205,1373,1373,1373,1373,2024-08-01,2024-09-20,550.81,0,0,484039392,-269854167,0.000283654599747948,99.9994066598613,0
468.88,469,110,114,1650,1368,2024-08-01,2024-08-16,550.81,4,-282,245552880,-304354121,0.000557110142629971,99.9971773900595,-0.206140350877193
179.99,180,1325,1325,1325,1325,2024-08-01,2024-09-20,550.81,0,0,484039392,-269854167,0.00027373805146834,99.9996803979128,0
354.54,355,27,28,1350,1288,2024-08-01,2024-11-15,550.81,1,-62,143393396,-50561696,0.000898228255923306,100,-0.0481366459627329
458.85,459,85,85,1275,1275,2024-08-01,2024-08-16,550.81,0,0,245552880,-304354121,0.000519236426793284,99.9976966264863,0
189.99,190,1264,1264,1264,1264,2024-08-01,2024-09-20,550.81,0,0,484039392,-269854167,0.000261135771363005,99.9999415336841,0
349.99,350,1247,1247,1247,1247,2024-08-01,2024-08-02,550.81,0,0,30554319,-68194328,0.00408125607381398,99.9789751491434,0
454.96,455,252,308,1260,1232,2024-08-01,2024-08-09,550.81,56,-28.0000000000002,36507805,-59038188,0.00337462085162337,99.9929001483381,-0.0227272727272729
219.99,220,1227,1227,1227,1227,2024-08-01,2024-08-16,550.81,0,0,245552880,-304354121,0.000499688702490478,99.9981963151888,0
327.83,328,58,68,1392,1156,2024-08-01,2024-10-18,550.81,10,-236,239951447,-92979563,0.000481764129557427,99.9969356300652,-0.204152249134948
502.95,504,8,11,1352,1155,2024-08-01,2024-09-06,550.81,3,-197,5109201,-1786946,0.0226062744448692,99.7529359287294,-0.170562770562771
498.05,499,9,12,1305,1140,2024-08-01,2024-09-06,550.81,3,-165,5109201,-1786946,0.0223126864650657,99.7752486151944,-0.144736842105263
338.74,339,43,43,1118,1118,2024-08-01,2024-10-18,550.81,0,0,239951447,-92979563,0.000465927592426646,99.9974015576576,0
459.95,460,221,223,1326,1115,2024-08-01,2024-08-09,550.81,2,-211,36507805,-59038188,0.00305414143633122,99.9959542897745,-0.189237668161435
463.86,464,57,79,2679,1106,2024-08-01,2024-08-16,550.81,22,-1573,245552880,-304354121,0.000450412147477154,99.9986467273363,-1.42224231464738
467.85,468,70,73,3570,1095,2024-08-01,2024-08-16,550.81,3,-2475,245552880,-304354121,0.000445932460657761,99.999092659797,-2.26027397260274
357.68,358,34,34,1088,1088,2024-08-01,2024-10-18,550.81,0,0,239951447,-92979563,0.000453425063112872,99.9978549827208,0
482.1,483,11,11,990,990,2024-08-01,2024-09-06,550.81,0,0,5109201,-1786946,0.0193768066670307,99.7946254218615,0
331.79,332,47,47,987,987,2024-08-01,2024-10-18,550.81,0,0,239951447,-92979563,0.000411333214423166,99.9982663159352,0
509.64,511,6,7,1344,952,2024-08-01,2024-09-06,550.81,1,-392,5109201,-1786946,0.0186330504515285,99.813258472313,-0.411764705882353
449.67,450,21,28,861,924,2024-08-01,2024-09-06,550.81,7,63,5109201,-1786946,0.0180850195558953,99.8313434918689,0.0681818181818182
444.99,445,890,889,890,889,2024-08-01,2024-08-02,550.81,-1,-1,30554319,-68194328,0.00290957229320019,99.9818847214366,-0.00112485939257593
469.99,470,832,833,1664,833,2024-08-01,2024-08-02,550.81,1,-831,30554319,-68194328,0.00272629214874663,99.9846110135854,-0.997599039615846
488.98,489,0,404,0,808,2024-08-01,2024-08-02,550.81,404,808,30554319,-68194328,0.00264447065568701,99.987255484241,1
500.12,501,3,9,525,792,2024-08-01,2024-09-06,550.81,6,267,5109201,-1786946,0.0155014453336246,99.8468449372025,0.337121212121212
343.73,344,29,29,783,783,2024-08-01,2024-10-18,550.81,0,0,239951447,-92979563,0.000326316015089503,99.9985926319503,0
361.67,362,23,23,759,759,2024-08-01,2024-10-18,550.81,0,0,239951447,-92979563,0.000316313991638484,99.9989089459419,0
497.9,498,0,65,0,650,2024-08-01,2024-08-09,550.81,65,650,36507805,-59038188,0.00178044119606753,99.9977347309705,1
209.99,210,647,647,647,647,2024-08-01,2024-08-16,550.81,0,0,245552880,-304354121,0.000263487033831572,99.9993561468308,0
349.95,350,103,129,824,645,2024-08-01,2024-09-06,550.81,26,-179,5109201,-1786946,0.0126242831315503,99.8594692203341,-0.277519379844961
369.99,370,644,644,644,644,2024-08-01,2024-08-02,550.81,0,0,30554319,-68194328,0.00210772166121588,99.9893632059023,0
462.88,463,49,52,1764,624,2024-08-01,2024-08-16,550.81,3,-1140,245552880,-304354121,0.000254120415936478,99.9996102672467,-1.82692307692308
489.77,491,5,5,615,615,2024-08-01,2024-09-06,550.81,0,0,5109201,-1786946,0.0120371071719433,99.871506327506,0
480.99,482,6,6,606,606,2024-08-01,2024-09-06,550.81,0,0,5109201,-1786946,0.0118609543840612,99.8833672818901,0
491.28,492,8,8,808,576,2024-08-01,2024-09-06,550.81,0,-232,5109201,-1786946,0.0112737784244542,99.8946410603145,-0.402777777777778
464.99,465,461,538,922,538,2024-08-01,2024-08-02,550.81,77,-384,30554319,-68194328,0.00176079853064308,99.9911240044329,-0.713754646840149
461.89,462,42,46,1344,506,2024-08-01,2024-08-16,550.81,4,-838,245552880,-304354121,0.00020606559369208,99.9998163328404,-1.65612648221344
492.22,493,5,6,605,468,2024-08-01,2024-09-06,550.81,1,-137,5109201,-1786946,0.00915994496986906,99.9038010052844,-0.292735042735043
505.88,507,3,4,615,448,2024-08-01,2024-09-06,550.81,1,-167,5109201,-1786946,0.00876849433013107,99.9125694996145,-0.372767857142857
348.72,349,15,15,420,420,2024-08-01,2024-10-18,550.81,0,0,239951447,-92979563,0.000175035410392837,99.9990839813523,0
476.49,477,3,8,273,408,2024-08-01,2024-09-06,550.81,5,135,5109201,-1786946,0.00798559305065508,99.9205550926652,0.330882352941176
373.5,374,8,8,400,400,2024-08-01,2024-10-18,550.81,0,0,239951447,-92979563,0.000166700390850321,99.9992506817431,0
389.99,390,402,392,402,392,2024-08-01,2024-08-02,550.81,-10,-10.0000000000001,30554319,-68194328,0.00128296101117488,99.9924069654441,-0.0255102040816328
366.63,367,10,10,370,370,2024-08-01,2024-10-18,550.81,0,0,239951447,-92979563,0.000154197861536547,99.9994048796047,0
204.99,205,362,362,362,362,2024-08-01,2024-08-16,550.81,0,0,245552880,-304354121,0.000147422420783662,99.9999637552612,0
359.99,360,336,336,336,336,2024-08-01,2024-08-02,550.81,0,0,30554319,-68194328,0.00109968086672133,99.9935066463108,0
487.89,489,3,3,333,333,2024-08-01,2024-09-06,550.81,0,0,5109201,-1786946,0.0065176531516376,99.9270727458168,0
434.99,435,326,323,326,323,2024-08-01,2024-08-02,550.81,-3,-3,30554319,-68194328,0.00105713369033033,99.9945637800011,-0.00928792569659443
504.95,506,4,3,756,315,2024-08-01,2024-09-06,550.81,-1,-441,5109201,-1786946,0.00616534757587341,99.9332380933927,-1.4
478.48,479,1,6,80,312,2024-08-01,2024-09-06,550.81,5,232,5109201,-1786946,0.00610662997991271,99.9393447233726,0.743589743589744
486.96,488,3,3,312,312,2024-08-01,2024-09-06,550.81,0,0,5109201,-1786946,0.00610662997991271,99.9454513533525,0
498.98,499,0,155,0,310,2024-08-01,2024-08-02,550.81,155,310,30554319,-68194328,0.00101458651393932,99.9955783665151,1
496.98,497,0,153,0,306,2024-08-01,2024-08-02,550.81,153,306,30554319,-68194328,0.00100149507504978,99.9965798615901,1
472.94,473,0,50,0,300,2024-08-01,2024-08-09,550.81,50,300,36507805,-59038188,0.000821742090492704,99.998556473061,1
164.99,165,283,283,283,283,2024-08-01,2024-09-20,550.81,0,0,484039392,-269854167,5.84663158985209e-05,100,0
477.93,478,0,40,0,280,2024-08-01,2024-08-09,550.81,40,280,36507805,-59038188,0.000766959284459857,99.9993234323455,1
360.66,361,8,8,272,272,2024-08-01,2024-10-18,550.81,0,0,239951447,-92979563,0.000113356265778218,99.9995182358705,0
414.85,415,13,18,260,270,2024-08-01,2024-09-06,550.81,5,10,5109201,-1786946,0.00528458363646292,99.950735936989,0.037037037037037
347.73,348,10,10,270,270,2024-08-01,2024-10-18,550.81,0,0,239951447,-92979563,0.000112522763823966,99.9996307586343,0
470.34,471,4,4,264,264,2024-08-01,2024-09-06,550.81,0,0,5109201,-1786946,0.00516714844454153,99.9559030854335,0
461.39,462,4,4,244,244,2024-08-01,2024-09-06,550.81,0,0,5109201,-1786946,0.00477569780480353,99.9606787832383,0
492.98,493,0,121,0,242,2024-08-01,2024-08-02,550.81,121,242,30554319,-68194328,0.000792032052817149,99.9973718936429,1
353.7,354,8,8,240,240,2024-08-01,2024-10-18,550.81,0,0,239951447,-92979563,0.000100020234510192,99.9997307788688,0
475.41,476,4,4,236,236,2024-08-01,2024-09-06,550.81,0,0,5109201,-1786946,0.00461911754890833,99.9652979007872,0
340.79,341,3,10,84,210,2024-08-01,2024-10-18,550.81,7,126,239951447,-92979563,8.75177051964183e-05,99.999818296574,0.6
454.65,455,5,6,280,210,2024-08-01,2024-09-06,550.81,1,-70,5109201,-1786946,0.00411023171724894,99.9694081325045,-0.333333333333334
468.51,469,4,4,196,196,2024-08-01,2024-09-06,550.81,0,0,5109201,-1786946,0.00383621626943234,99.9732443487739,0
336.81,337,10,10,190,190,2024-08-01,2024-10-18,550.81,0,0,239951447,-92979563,7.91826856539023e-05,99.9998974792596,0
480.16,481,2,2,168,168,2024-08-01,2024-09-06,550.81,0,0,5109201,-1786946,0.00328818537379915,99.9765325341477,0
485.98,486,0,75,0,150,2024-08-01,2024-08-02,550.81,75,150,30554319,-68194328,0.000490928958357737,99.9978628226013,1
399.85,400,10,10,150,150,2024-08-01,2024-09-06,550.81,0,0,5109201,-1786946,0.00293587979803496,99.9794684139457,0
491.99,492,0,141,0,141,2024-08-01,2024-08-02,550.81,141,141,30554319,-68194328,0.000461473220856272,99.9983242958221,1
409.8,410,7,7,140,140,2024-08-01,2024-09-06,550.81,0,0,5109201,-1786946,0.00274015447816596,99.9822085684239,0
492.69,494,1,1,131,131,2024-08-01,2024-09-06,550.81,0,0,5109201,-1786946,0.00256400169028386,99.9847725701142,0
379.9,380,13,13,130,130,2024-08-01,2024-09-06,550.81,0,0,5109201,-1786946,0.00254442915829696,99.9873169992725,0
472.58,473,1,3,83,126,2024-08-01,2024-09-06,550.81,2,43,5109201,-1786946,0.00246613903034936,99.9897831383029,0.341269841269841
342.79,343,6,6,126,126,2024-08-01,2024-10-18,550.81,0,0,239951447,-92979563,5.2510623117851e-05,99.9999499898828,0
434.69,435,4,4,124,124,2024-08-01,2024-09-06,550.81,0,0,5109201,-1786946,0.00242699396637556,99.9922101322692,0
337.8,338,6,6,120,120,2024-08-01,2024-10-18,550.81,0,0,239951447,-92979563,5.00101172550962e-05,100,0
497.98,498,0,60,0,120,2024-08-01,2024-08-02,550.81,60,120,30554319,-68194328,0.000392743166686189,99.9987170389888,1
495.99,496,0,105,0,105,2024-08-01,2024-08-02,550.81,105,105,30554319,-68194328,0.000343650270850416,99.9990606892597,1
429.75,430,4,4,100,100,2024-08-01,2024-09-06,550.81,0,0,5109201,-1786946,0.00195725319868997,99.9941673854679,0
493.91,494,0,11,0,99,2024-08-01,2024-08-09,550.81,11,99,36507805,-59038188,0.000271174889862592,99.9995946072354,1
214.99,215,89,89,89,89,2024-08-01,2024-08-16,550.81,0,0,245552880,-304354121,3.62447388114528e-05,100,0
490.99,491,0,87,0,87,2024-08-01,2024-08-02,550.81,87,87,30554319,-68194328,0.000284738795847487,99.9993454280555,1
493.99,494,0,82,0,82,2024-08-01,2024-08-02,550.81,82,82,30554319,-68194328,0.000268374497235563,99.9996138025528,1
480.93,481,0,10,0,70,2024-08-01,2024-08-09,550.81,10,70,36507805,-59038188,0.000191739821114964,99.9997863470565,1
460.41,461,1,1,59,59,2024-08-01,2024-09-06,550.81,0,0,5109201,-1786946,0.00115477938722708,99.9953221648551,0
473.45,474,1,1,55,55,2024-08-01,2024-09-06,550.81,0,0,5109201,-1786946,0.00107648925927948,99.9963986541144,0
477.51,478,2,1,150,49,2024-08-01,2024-09-06,550.81,-1,-101,5109201,-1786946,0.000959054067358086,99.9973577081818,-2.06122448979592
439.64,440,1,1,36,36,2024-08-01,2024-09-06,550.81,0,0,5109201,-1786946,0.00070461115152839,99.9980623193333,0
419.83,420,1,2,25,34,2024-08-01,2024-09-06,550.81,1,9,5109201,-1786946,0.00066546608755459,99.9987277854209,0.264705882352941
467.99,468,0,32,0,32,2024-08-01,2024-08-02,550.81,32,32,30554319,-68194328,0.000104731511116317,99.9997185340639,1
424.75,425,1,1,25,25,2024-08-01,2024-09-06,550.81,0,0,5109201,-1786946,0.000489313299672493,99.9992170987205,0
476.94,477,0,4,0,24,2024-08-01,2024-08-09,550.81,4,24,36507805,-59038188,6.57393672394163e-05,99.9998520864237,1
498.89,499,0,2,0,22,2024-08-01,2024-08-09,550.81,2,22,36507805,-59038188,6.02610866361316e-05,99.9999123475104,1
468.99,469,0,21,0,21,2024-08-01,2024-08-02,550.81,21,21,30554319,-68194328,6.87300541700831e-05,99.999787264118,1
470.99,471,0,17,0,17,2024-08-01,2024-08-02,550.81,17,17,30554319,-68194328,5.56386152805435e-05,99.9998429027333,1
471.99,472,0,17,0,17,2024-08-01,2024-08-02,550.81,17,17,30554319,-68194328,5.56386152805435e-05,99.9998985413486,1
404.84,405,1,1,16,16,2024-08-01,2024-09-06,550.81,0,0,5109201,-1786946,0.000313160511790395,99.9995302592323,0
486.93,487,0,2,0,14,2024-08-01,2024-08-09,550.81,2,14,36507805,-59038188,3.83479642229929e-05,99.9999506954746,1
394.86,395,1,1,14,14,2024-08-01,2024-09-06,550.81,0,0,5109201,-1786946,0.000274015447816596,99.9998042746801,0
472.99,473,0,12,0,12,2024-08-01,2024-08-02,550.81,12,12,30554319,-68194328,3.92743166686189e-05,99.9999378156653,1
496.9,497,0,1,0,10,2024-08-01,2024-08-09,550.81,1,10,36507805,-59038188,2.73914030164235e-05,99.9999780868776,1
374.9,375,1,1,10,10,2024-08-01,2024-09-06,550.81,0,0,5109201,-1786946,0.000195725319868997,100,0
473.99,474,0,8,0,8,2024-08-01,2024-08-02,550.81,8,8,30554319,-68194328,2.61828777790793e-05,99.9999639985431,1
495.92,496,0,1,0,8,2024-08-01,2024-08-09,550.81,1,8,36507805,-59038188,2.19131224131388e-05,100,1
486.98,487,0,3,0,6,2024-08-01,2024-08-02,550.81,3,6,30554319,-68194328,1.96371583343095e-05,99.9999836357014,1
466.99,467,0,2,0,2,2024-08-01,2024-08-02,550.81,2,2,30554319,-68194328,6.54571944476982e-06,99.9999901814208,1
487.98,488,0,1,0,2,2024-08-01,2024-08-02,550.81,1,2,30554319,-68194328,6.54571944476982e-06,99.9999967271403,1
465.99,466,0,1,0,1,2024-08-01,2024-08-02,550.81,1,1,30554319,-68194328,3.27285972238491e-06,100,1
476,476,0,0,0,0,2024-08-01,2024-08-02,550.81,0,0,30554319,-68194328,0,100,
477,477,0,0,0,0,2024-08-01,2024-08-02,550.81,0,0,30554319,-68194328,0,100,
478,478,0,0,0,0,2024-08-01,2024-08-02,550.81,0,0,30554319,-68194328,0,100,
479,479,0,0,0,0,2024-08-01,2024-08-02,550.81,0,0,30554319,-68194328,0,100,
481,481,0,0,0,0,2024-08-01,2024-08-02,550.81,0,0,30554319,-68194328,0,100,
482,482,0,0,0,0,2024-08-01,2024-08-02,550.81,0,0,30554319,-68194328,0,100,
483,483,0,0,0,0,2024-08-01,2024-08-02,550.81,0,0,30554319,-68194328,0,100,
484,484,0,0,0,0,2024-08-01,2024-08-02,550.81,0,0,30554319,-68194328,0,100,
549.49,569,0,0,0,0,2024-08-01,2024-08-02,550.81,0,0,30554319,-68194328,0,100,
554.4,571,0,0,0,0,2024-08-01,2024-08-02,550.81,0,0,30554319,-68194328,0,100,
554.21,572,0,0,0,0,2024-08-01,2024-08-02,550.81,0,0,30554319,-68194328,0,100,
561.52,572.5,0,0,0,0,2024-08-01,2024-08-02,550.81,0,0,30554319,-68194328,0,100,
552.67,573,0,0,0,0,2024-08-01,2024-08-02,550.81,0,0,30554319,-68194328,0,100,
551,574,0,0,0,0,2024-08-01,2024-08-02,550.81,0,0,30554319,-68194328,0,100,
545.27,576,0,0,0,0,2024-08-01,2024-08-02,550.81,0,0,30554319,-68194328,0,100,
577,577,0,0,0,0,2024-08-01,2024-08-02,550.81,0,0,30554319,-68194328,0,100,
578,578,0,0,0,0,2024-08-01,2024-08-02,550.81,0,0,30554319,-68194328,0,100,
579,579,0,0,0,0,2024-08-01,2024-08-02,550.81,0,0,30554319,-68194328,0,100,
557.25,580,0,0,0,0,2024-08-01,2024-08-02,550.81,0,0,30554319,-68194328,0,100,
585,585,0,0,0,0,2024-08-01,2024-08-02,550.81,0,0,30554319,-68194328,0,100,
590,590,0,0,0,0,2024-08-01,2024-08-02,550.81,0,0,30554319,-68194328,0,100,
554.31,595,0,0,0,0,2024-08-01,2024-08-02,550.81,0,0,30554319,-68194328,0,100,
600,600,0,0,0,0,2024-08-01,2024-08-02,550.81,0,0,30554319,-68194328,0,100,
605,605,0,0,0,0,2024-08-01,2024-08-02,550.81,0,0,30554319,-68194328,0,100,
552.85,610,0,0,0,0,2024-08-01,2024-08-02,550.81,0,0,30554319,-68194328,0,100,
540.95,615,0,0,0,0,2024-08-01,2024-08-02,550.81,0,0,30554319,-68194328,0,100,
620,620,0,0,0,0,2024-08-01,2024-08-02,550.81,0,0,30554319,-68194328,0,100,
540.82,625,0,0,0,0,2024-08-01,2024-08-02,550.81,0,0,30554319,-68194328,0,100,
630,630,0,0,0,0,2024-08-01,2024-08-02,550.81,0,0,30554319,-68194328,0,100,
635,635,0,0,0,0,2024-08-01,2024-08-02,550.81,0,0,30554319,-68194328,0,100,
640,640,0,0,0,0,2024-08-01,2024-08-02,550.81,0,0,30554319,-68194328,0,100,
542.83,645,0,0,0,0,2024-08-01,2024-08-02,550.81,0,0,30554319,-68194328,0,100,
466,466,0,0,0,0,2024-08-01,2024-08-09,550.81,0,0,36507805,-59038188,0,100,
467,467,0,0,0,0,2024-08-01,2024-08-09,550.81,0,0,36507805,-59038188,0,100,
468,468,0,0,0,0,2024-08-01,2024-08-09,550.81,0,0,36507805,-59038188,0,100,
469,469,0,0,0,0,2024-08-01,2024-08-09,550.81,0,0,36507805,-59038188,0,100,
471,471,0,0,0,0,2024-08-01,2024-08-09,550.81,0,0,36507805,-59038188,0,100,
474,474,0,0,0,0,2024-08-01,2024-08-09,550.81,0,0,36507805,-59038188,0,100,
476,476,0,0,0,0,2024-08-01,2024-08-09,550.81,0,0,36507805,-59038188,0,100,
479,479,0,0,0,0,2024-08-01,2024-08-09,550.81,0,0,36507805,-59038188,0,100,
482,482,0,0,0,0,2024-08-01,2024-08-09,550.81,0,0,36507805,-59038188,0,100,
483,483,0,0,0,0,2024-08-01,2024-08-09,550.81,0,0,36507805,-59038188,0,100,
484,484,0,0,0,0,2024-08-01,2024-08-09,550.81,0,0,36507805,-59038188,0,100,
486,486,0,0,0,0,2024-08-01,2024-08-09,550.81,0,0,36507805,-59038188,0,100,
488,488,0,0,0,0,2024-08-01,2024-08-09,550.81,0,0,36507805,-59038188,0,100,
489,489,0,0,0,0,2024-08-01,2024-08-09,550.81,0,0,36507805,-59038188,0,100,
491,491,0,0,0,0,2024-08-01,2024-08-09,550.81,0,0,36507805,-59038188,0,100,
492,492,0,0,0,0,2024-08-01,2024-08-09,550.81,0,0,36507805,-59038188,0,100,
493,493,0,0,0,0,2024-08-01,2024-08-09,550.81,0,0,36507805,-59038188,0,100,
542.75,569,0,0,0,0,2024-08-01,2024-08-09,550.81,0,0,36507805,-59038188,0,100,
552.9,571,0,0,0,0,2024-08-01,2024-08-09,550.81,0,0,36507805,-59038188,0,100,
544.03,572,0,0,0,0,2024-08-01,2024-08-09,550.81,0,0,36507805,-59038188,0,100,
542.28,572.5,0,0,0,0,2024-08-01,2024-08-09,550.81,0,0,36507805,-59038188,0,100,
554.52,573,0,0,0,0,2024-08-01,2024-08-09,550.81,0,0,36507805,-59038188,0,100,
574,574,0,0,0,0,2024-08-01,2024-08-09,550.81,0,0,36507805,-59038188,0,100,
555.13,575,0,0,0,0,2024-08-01,2024-08-09,550.81,0,0,36507805,-59038188,0,100,
558.26,580,0,0,0,0,2024-08-01,2024-08-09,550.81,0,0,36507805,-59038188,0,100,
560.13,585,0,0,0,0,2024-08-01,2024-08-09,550.81,0,0,36507805,-59038188,0,100,
590,590,0,0,0,0,2024-08-01,2024-08-09,550.81,0,0,36507805,-59038188,0,100,
538.2,595,0,0,0,0,2024-08-01,2024-08-09,550.81,0,0,36507805,-59038188,0,100,
551.63,605,0,0,0,0,2024-08-01,2024-08-09,550.81,0,0,36507805,-59038188,0,100,
538.38,610,0,0,0,0,2024-08-01,2024-08-09,550.81,0,0,36507805,-59038188,0,100,
615,615,0,0,0,0,2024-08-01,2024-08-09,550.81,0,0,36507805,-59038188,0,100,
620,620,0,0,0,0,2024-08-01,2024-08-09,550.81,0,0,36507805,-59038188,0,100,
625,625,0,0,0,0,2024-08-01,2024-08-09,550.81,0,0,36507805,-59038188,0,100,
552.64,630,0,0,0,0,2024-08-01,2024-08-09,550.81,0,0,36507805,-59038188,0,100,
635,635,0,0,0,0,2024-08-01,2024-08-09,550.81,0,0,36507805,-59038188,0,100,
640,640,0,0,0,0,2024-08-01,2024-08-09,550.81,0,0,36507805,-59038188,0,100,
645,645,0,0,0,0,2024-08-01,2024-08-09,550.81,0,0,36507805,-59038188,0,100,
573,573,0,0,0,0,2024-08-01,2024-08-16,550.81,0,0,245552880,-304354121,0,100,
574,574,0,0,0,0,2024-08-01,2024-08-16,550.81,0,0,245552880,-304354121,0,100,
538.87,576,0,0,0,0,2024-08-01,2024-08-16,550.81,0,0,245552880,-304354121,0,100,
538.86,577,0,0,0,0,2024-08-01,2024-08-16,550.81,0,0,245552880,-304354121,0,100,
538.6,585,0,0,0,0,2024-08-01,2024-08-16,550.81,0,0,245552880,-304354121,0,100,
538.59,590,0,0,0,0,2024-08-01,2024-08-16,550.81,0,0,245552880,-304354121,0,100,
544.09,595,0,0,0,0,2024-08-01,2024-08-16,550.81,0,0,245552880,-304354121,0,100,
552.46,600,0,0,0,0,2024-08-01,2024-08-16,550.81,0,0,245552880,-304354121,0,100,
529.7,605,0,0,0,0,2024-08-01,2024-08-16,550.81,0,0,245552880,-304354121,0,100,
545.99,610,0,0,0,0,2024-08-01,2024-08-16,550.81,0,0,245552880,-304354121,0,100,
551.63,620,0,0,0,0,2024-08-01,2024-08-16,550.81,0,0,245552880,-304354121,0,100,
544.67,625,0,0,0,0,2024-08-01,2024-08-16,550.81,0,0,245552880,-304354121,0,100,
544.74,630,0,0,0,0,2024-08-01,2024-08-16,550.81,0,0,245552880,-304354121,0,100,
504.99,635,0,0,0,0,2024-08-01,2024-08-16,550.81,0,0,245552880,-304354121,0,100,
559.46,640,0,0,0,0,2024-08-01,2024-08-16,550.81,0,0,245552880,-304354121,0,100,
544.02,645,0,0,0,0,2024-08-01,2024-08-16,550.81,0,0,245552880,-304354121,0,100,
544.55,650,0,0,0,0,2024-08-01,2024-08-16,550.81,0,0,245552880,-304354121,0,100,
551.68,572.5,0,0,0,0,2024-08-01,2024-08-23,550.81,0,0,46951906,-15341404,0,100,
554.37,574,0,0,0,0,2024-08-01,2024-08-23,550.81,0,0,46951906,-15341404,0,100,
555.38,585,0,0,0,0,2024-08-01,2024-08-23,550.81,0,0,46951906,-15341404,0,100,
559.03,590,0,0,0,0,2024-08-01,2024-08-23,550.81,0,0,46951906,-15341404,0,100,
559.99,595,0,0,0,0,2024-08-01,2024-08-23,550.81,0,0,46951906,-15341404,0,100,
551,600,4,0,22916,0,2024-08-01,2024-08-23,550.81,-4,-22916,46951906,-15341404,0,100,-Inf
542.69,605,0,0,0,0,2024-08-01,2024-08-23,550.81,0,0,46951906,-15341404,0,100,
610,610,0,0,0,0,2024-08-01,2024-08-23,550.81,0,0,46951906,-15341404,0,100,
615,615,0,0,0,0,2024-08-01,2024-08-23,550.81,0,0,46951906,-15341404,0,100,
620,620,0,0,0,0,2024-08-01,2024-08-23,550.81,0,0,46951906,-15341404,0,100,
625,625,0,0,0,0,2024-08-01,2024-08-23,550.81,0,0,46951906,-15341404,0,100,
630,630,0,0,0,0,2024-08-01,2024-08-23,550.81,0,0,46951906,-15341404,0,100,
635,635,0,0,0,0,2024-08-01,2024-08-23,550.81,0,0,46951906,-15341404,0,100,
640,640,0,0,0,0,2024-08-01,2024-08-23,550.81,0,0,46951906,-15341404,0,100,
645,645,0,0,0,0,2024-08-01,2024-08-23,550.81,0,0,46951906,-15341404,0,100,
554.3,573,0,0,0,0,2024-08-01,2024-08-30,550.81,0,0,117910724,-79511794,0,100,
547,574,0,0,0,0,2024-08-01,2024-08-30,550.81,0,0,117910724,-79511794,0,100,
542.8,580,0,0,0,0,2024-08-01,2024-08-30,550.81,0,0,117910724,-79511794,0,100,
561.42,590,0,0,0,0,2024-08-01,2024-08-30,550.81,0,0,117910724,-79511794,0,100,
560.89,595,0,0,0,0,2024-08-01,2024-08-30,550.81,0,0,117910724,-79511794,0,100,
549.4,600,0,0,0,0,2024-08-01,2024-08-30,550.81,0,0,117910724,-79511794,0,100,
554.2,605,0,0,0,0,2024-08-01,2024-08-30,550.81,0,0,117910724,-79511794,0,100,
555.11,610,0,0,0,0,2024-08-01,2024-08-30,550.81,0,0,117910724,-79511794,0,100,
615,615,0,0,0,0,2024-08-01,2024-08-30,550.81,0,0,117910724,-79511794,0,100,
620,620,0,0,0,0,2024-08-01,2024-08-30,550.81,0,0,117910724,-79511794,0,100,
625,625,0,0,0,0,2024-08-01,2024-08-30,550.81,0,0,117910724,-79511794,0,100,
630,630,0,0,0,0,2024-08-01,2024-08-30,550.81,0,0,117910724,-79511794,0,100,
554.79,635,0,0,0,0,2024-08-01,2024-08-30,550.81,0,0,117910724,-79511794,0,100,
545.92,640,0,0,0,0,2024-08-01,2024-08-30,550.81,0,0,117910724,-79511794,0,100,
545.9,645,0,0,0,0,2024-08-01,2024-08-30,550.81,0,0,117910724,-79511794,0,100,
355,355,0,0,0,0,2024-08-01,2024-09-06,550.81,0,0,5109201,-1786946,0,100,
360,360,0,0,0,0,2024-08-01,2024-09-06,550.81,0,0,5109201,-1786946,0,100,
365,365,0,0,0,0,2024-08-01,2024-09-06,550.81,0,0,5109201,-1786946,0,100,
385,385,0,0,0,0,2024-08-01,2024-09-06,550.81,0,0,5109201,-1786946,0,100,
390,390,0,0,0,0,2024-08-01,2024-09-06,550.81,0,0,5109201,-1786946,0,100,
463,463,0,0,0,0,2024-08-01,2024-09-06,550.81,0,0,5109201,-1786946,0,100,
464,464,0,0,0,0,2024-08-01,2024-09-06,550.81,0,0,5109201,-1786946,0,100,
466,466,0,0,0,0,2024-08-01,2024-09-06,550.81,0,0,5109201,-1786946,0,100,
467,467,0,0,0,0,2024-08-01,2024-09-06,550.81,0,0,5109201,-1786946,0,100,
468,468,0,0,0,0,2024-08-01,2024-09-06,550.81,0,0,5109201,-1786946,0,100,
472,472,0,0,0,0,2024-08-01,2024-09-06,550.81,0,0,5109201,-1786946,0,100,
552.5,552.5,0,0,0,0,2024-08-01,2024-09-06,550.81,0,0,5109201,-1786946,0,100,
563,563,0,0,0,0,2024-08-01,2024-09-06,550.81,0,0,5109201,-1786946,0,100,
545.97,570,0,0,0,0,2024-08-01,2024-09-06,550.81,0,0,5109201,-1786946,0,100,
585,585,0,0,0,0,2024-08-01,2024-09-06,550.81,0,0,5109201,-1786946,0,100,
590,590,0,0,0,0,2024-08-01,2024-09-06,550.81,0,0,5109201,-1786946,0,100,
541.59,595,0,0,0,0,2024-08-01,2024-09-06,550.81,0,0,5109201,-1786946,0,100,
600,600,0,0,0,0,2024-08-01,2024-09-06,550.81,0,0,5109201,-1786946,0,100,
605,605,0,0,0,0,2024-08-01,2024-09-06,550.81,0,0,5109201,-1786946,0,100,
610,610,0,0,0,0,2024-08-01,2024-09-06,550.81,0,0,5109201,-1786946,0,100,
615,615,0,0,0,0,2024-08-01,2024-09-06,550.81,0,0,5109201,-1786946,0,100,
620,620,0,0,0,0,2024-08-01,2024-09-06,550.81,0,0,5109201,-1786946,0,100,
625,625,0,0,0,0,2024-08-01,2024-09-06,550.81,0,0,5109201,-1786946,0,100,
630,630,0,0,0,0,2024-08-01,2024-09-06,550.81,0,0,5109201,-1786946,0,100,
635,635,0,0,0,0,2024-08-01,2024-09-06,550.81,0,0,5109201,-1786946,0,100,
640,640,0,0,0,0,2024-08-01,2024-09-06,550.81,0,0,5109201,-1786946,0,100,
645,645,0,0,0,0,2024-08-01,2024-09-06,550.81,0,0,5109201,-1786946,0,100,
543.09,581,0,0,0,0,2024-08-01,2024-09-20,550.81,0,0,484039392,-269854167,0,100,
553.78,582,0,0,0,0,2024-08-01,2024-09-20,550.81,0,0,484039392,-269854167,0,100,
542.45,595,0,0,0,0,2024-08-01,2024-09-20,550.81,0,0,484039392,-269854167,0,100,
545.91,610,0,0,0,0,2024-08-01,2024-09-20,550.81,0,0,484039392,-269854167,0,100,
544.54,615,0,0,0,0,2024-08-01,2024-09-20,550.81,0,0,484039392,-269854167,0,100,
620,620,0,0,0,0,2024-08-01,2024-09-20,550.81,0,0,484039392,-269854167,0,100,
498,625,0,0,0,0,2024-08-01,2024-09-20,550.81,0,0,484039392,-269854167,0,100,
630,630,0,0,0,0,2024-08-01,2024-09-20,550.81,0,0,484039392,-269854167,0,100,
435.01,640,0,0,0,0,2024-08-01,2024-09-20,550.81,0,0,484039392,-269854167,0,100,
645,645,0,0,0,0,2024-08-01,2024-09-20,550.81,0,0,484039392,-269854167,0,100,
545.05,650,0,0,0,0,2024-08-01,2024-09-20,550.81,0,0,484039392,-269854167,0,100,
434.75,655,0,0,0,0,2024-08-01,2024-09-20,550.81,0,0,484039392,-269854167,0,100,
660,660,0,0,0,0,2024-08-01,2024-09-20,550.81,0,0,484039392,-269854167,0,100,
435,665,0,0,0,0,2024-08-01,2024-09-20,550.81,0,0,484039392,-269854167,0,100,
434.73,670,0,0,0,0,2024-08-01,2024-09-20,550.81,0,0,484039392,-269854167,0,100,
434.51,675,0,0,0,0,2024-08-01,2024-09-20,550.81,0,0,484039392,-269854167,0,100,
434.79,680,0,0,0,0,2024-08-01,2024-09-20,550.81,0,0,484039392,-269854167,0,100,
450.5,685,0,0,0,0,2024-08-01,2024-09-20,550.81,0,0,484039392,-269854167,0,100,
434.75,690,0,0,0,0,2024-08-01,2024-09-20,550.81,0,0,484039392,-269854167,0,100,
434.68,695,0,0,0,0,2024-08-01,2024-09-20,550.81,0,0,484039392,-269854167,0,100,
563.09,700,0,0,0,0,2024-08-01,2024-09-20,550.81,0,0,484039392,-269854167,0,100,
545.94,577,0,0,0,0,2024-08-01,2024-10-18,550.81,0,0,239951447,-92979563,0,100,
558.8,590,0,0,0,0,2024-08-01,2024-10-18,550.81,0,0,239951447,-92979563,0,100,
545.75,600,0,0,0,0,2024-08-01,2024-10-18,550.81,0,0,239951447,-92979563,0,100,
605,605,0,0,0,0,2024-08-01,2024-10-18,550.81,0,0,239951447,-92979563,0,100,
540.47,610,0,0,0,0,2024-08-01,2024-10-18,550.81,0,0,239951447,-92979563,0,100,
540.45,615,0,0,0,0,2024-08-01,2024-10-18,550.81,0,0,239951447,-92979563,0,100,
620,620,0,0,0,0,2024-08-01,2024-10-18,550.81,0,0,239951447,-92979563,0,100,
625,625,0,0,0,0,2024-08-01,2024-10-18,550.81,0,0,239951447,-92979563,0,100,
630,630,0,0,0,0,2024-08-01,2024-10-18,550.81,0,0,239951447,-92979563,0,100,
635,635,0,0,0,0,2024-08-01,2024-10-18,550.81,0,0,239951447,-92979563,0,100,
640,640,0,0,0,0,2024-08-01,2024-10-18,550.81,0,0,239951447,-92979563,0,100,
645,645,0,0,0,0,2024-08-01,2024-10-18,550.81,0,0,239951447,-92979563,0,100,
521.61,650,0,0,0,0,2024-08-01,2024-10-18,550.81,0,0,239951447,-92979563,0,100,
655,655,0,0,0,0,2024-08-01,2024-10-18,550.81,0,0,239951447,-92979563,0,100,
660,660,0,0,0,0,2024-08-01,2024-10-18,550.81,0,0,239951447,-92979563,0,100,
551.27,665,0,0,0,0,2024-08-01,2024-10-18,550.81,0,0,239951447,-92979563,0,100,
670,670,0,0,0,0,2024-08-01,2024-10-18,550.81,0,0,239951447,-92979563,0,100,
675,675,0,0,0,0,2024-08-01,2024-10-18,550.81,0,0,239951447,-92979563,0,100,
680,680,0,0,0,0,2024-08-01,2024-10-18,550.81,0,0,239951447,-92979563,0,100,
605,605,0,0,0,0,2024-08-01,2024-11-15,550.81,0,0,143393396,-50561696,0,100,
610,610,0,0,0,0,2024-08-01,2024-11-15,550.81,0,0,143393396,-50561696,0,100,
552.29,615,0,0,0,0,2024-08-01,2024-11-15,550.81,0,0,143393396,-50561696,0,100,
620,620,0,0,0,0,2024-08-01,2024-11-15,550.81,0,0,143393396,-50561696,0,100,
625,625,0,0,0,0,2024-08-01,2024-11-15,550.81,0,0,143393396,-50561696,0,100,
630,630,0,0,0,0,2024-08-01,2024-11-15,550.81,0,0,143393396,-50561696,0,100,
635,635,0,0,0,0,2024-08-01,2024-11-15,550.81,0,0,143393396,-50561696,0,100,
640,640,0,0,0,0,2024-08-01,2024-11-15,550.81,0,0,143393396,-50561696,0,100,
645,645,0,0,0,0,2024-08-01,2024-11-15,550.81,0,0,143393396,-50561696,0,100,
650,650,0,0,0,0,2024-08-01,2024-11-15,550.81,0,0,143393396,-50561696,0,100,
655,655,0,0,0,0,2024-08-01,2024-11-15,550.81,0,0,143393396,-50561696,0,100,
660,660,0,0,0,0,2024-08-01,2024-11-15,550.81,0,0,143393396,-50561696,0,100,
665,665,0,0,0,0,2024-08-01,2024-11-15,550.81,0,0,143393396,-50561696,0,100,
670,670,0,0,0,0,2024-08-01,2024-11-15,550.81,0,0,143393396,-50561696,0,100,
675,675,0,0,0,0,2024-08-01,2024-11-15,550.81,0,0,143393396,-50561696,0,100,
546.36,680,0,0,0,0,2024-08-01,2024-11-15,550.81,0,0,143393396,-50561696,0,100,
553.86,595,0,0,0,0,2024-08-01,2024-12-20,550.81,0,0,502087260,-151351504,0,100,
546.34,605,0,0,0,0,2024-08-01,2024-12-20,550.81,0,0,502087260,-151351504,0,100,
558.6,615,0,0,0,0,2024-08-01,2024-12-20,550.81,0,0,502087260,-151351504,0,100,
538.01,625,0,0,0,0,2024-08-01,2024-12-20,550.81,0,0,502087260,-151351504,0,100,
501.25,630,0,0,0,0,2024-08-01,2024-12-20,550.81,0,0,502087260,-151351504,0,100,
514.35,635,0,0,0,0,2024-08-01,2024-12-20,550.81,0,0,502087260,-151351504,0,100,
545.03,640,0,0,0,0,2024-08-01,2024-12-20,550.81,0,0,502087260,-151351504,0,100,
493.79,645,0,0,0,0,2024-08-01,2024-12-20,550.81,0,0,502087260,-151351504,0,100,
544.86,650,0,0,0,0,2024-08-01,2024-12-20,550.81,0,0,502087260,-151351504,0,100,
453.98,655,0,0,0,0,2024-08-01,2024-12-20,550.81,0,0,502087260,-151351504,0,100,
418.16,660,0,0,0,0,2024-08-01,2024-12-20,550.81,0,0,502087260,-151351504,0,100,
665,665,0,0,0,0,2024-08-01,2024-12-20,550.81,0,0,502087260,-151351504,0,100,
670,670,0,0,0,0,2024-08-01,2024-12-20,550.81,0,0,502087260,-151351504,0,100,
675,675,0,0,0,0,2024-08-01,2024-12-20,550.81,0,0,502087260,-151351504,0,100,
680,680,0,0,0,0,2024-08-01,2024-12-20,550.81,0,0,502087260,-151351504,0,100,
685,685,0,0,0,0,2024-08-01,2024-12-20,550.81,0,0,502087260,-151351504,0,100,
690,690,0,0,0,0,2024-08-01,2024-12-20,550.81,0,0,502087260,-151351504,0,100,
493.35,695,0,0,0,0,2024-08-01,2024-12-20,550.81,0,0,502087260,-151351504,0,100,
498.41,700,0,0,0,0,2024-08-01,2024-12-20,550.81,0,0,502087260,-151351504,0,100,
705,705,0,0,0,0,2024-08-01,2024-12-20,550.81,0,0,502087260,-151351504,0,100,
418.57,710,0,0,0,0,2024-08-01,2024-12-20,550.81,0,0,502087260,-151351504,0,100,
494.27,715,0,0,0,0,2024-08-01,2024-12-20,550.81,0,0,502087260,-151351504,0,100,
540.77,725,0,0,0,0,2024-08-01,2024-12-20,550.81,0,0,502087260,-151351504,0,100,
730,730,0,0,0,0,2024-08-01,2024-12-20,550.81,0,0,502087260,-151351504,0,100,
735,735,0,0,0,0,2024-08-01,2024-12-20,550.81,0,0,502087260,-151351504,0,100,
740,740,0,0,0,0,2024-08-01,2024-12-20,550.81,0,0,502087260,-151351504,0,100,
544.46,745,0,0,0,0,2024-08-01,2024-12-20,550.81,0,0,502087260,-151351504,0,100,
544.42,750,0,0,0,0,2024-08-01,2024-12-20,550.81,0,0,502087260,-151351504,0,100,
755,755,0,0,0,0,2024-08-01,2024-12-20,550.81,0,0,502087260,-151351504,0,100,
760,760,0,0,0,0,2024-08-01,2024-12-20,550.81,0,0,502087260,-151351504,0,100,
765,765,0,0,0,0,2024-08-01,2024-12-20,550.81,0,0,502087260,-151351504,0,100,
557.26,770,0,0,0,0,2024-08-01,2024-12-20,550.81,0,0,502087260,-151351504,0,100,
