Watch,strike,open_interest.yt,open_interest.td,OI_Dollar.yt,OI_Dollar.td,Date.td,expiry,stkClose,diff_oi,diff_oi_d,totalOI,totalOIdiff,OI_pct,cum_sep_OI,pct
510.65,545,118900,118959,268357300,408624165,2025-04-11,2025-06-20,524.58,59,140266865,2694437004,991381554,15.1654748058085,15.1654748058085,0.343266201596276
497.5,535,98962,98923,261358642,370961250,2025-04-11,2025-09-19,524.58,-39,109602608,1907543215,544900862,19.4470692502765,19.4470692502765,0.295455678996122
507.93,540,61562,61491,129280200,197201637,2025-04-11,2025-06-20,524.58,-71,67921437,2694437004,991381554,7.31884385150762,22.4843186573161,0.344426334554211
517,560,35400,35431,102412200,152353300,2025-04-11,2025-06-20,524.58,31,49941100,2694437004,991381554,5.65436489232539,28.1386835496415,0.327797953834935
512,550,37137,36852,92136897,140037600,2025-04-11,2025-06-20,524.58,-285,47900703,2694437004,991381554,5.19728610437388,33.3359696540153,0.342056012099608
482.64,495,103775,109883,62368775,135815388,2025-04-11,2025-05-16,524.58,6108,73446613,2777147769,1252525510,4.89046314049413,4.89046314049413,0.540782705712257
453.67,460,199450,214536,67414100,135801288,2025-04-11,2025-05-16,524.58,15086,68387188,2777147769,1252525510,4.88995542534273,9.78041856583685,0.503582764251838
518.34,555,35839,35893,78523249,131583738,2025-04-11,2025-05-16,524.58,54,53060489,2777147769,1252525510,4.73808918159875,14.5185077474356,0.403245034732179
499.69,525,51782,51804,83627930,131115924,2025-04-11,2025-06-20,524.58,22,47487994,2694437004,991381554,4.86617144157956,38.2021410955949,0.36218326921145
487.1,500,88653,93614,60284040,120762060,2025-04-11,2025-05-16,524.58,4961,60478020,2777147769,1252525510,4.34842039548671,18.8669281429223,0.500803149598475
507.35,530,51867,52250,66545361,118346250,2025-04-11,2025-05-16,524.58,383,51800889,2777147769,1252525510,4.26143150613171,23.128359649054,0.437706213758357
504.6,525,57982,57643,66099480,117591720,2025-04-11,2025-05-16,524.58,-339,51492240,2777147769,1252525510,4.23426226406176,27.3626219131158,0.437890014705117
515.5,555,29437,29427,78626227,116236650,2025-04-11,2025-06-20,524.58,-10,37610423,2694437004,991381554,4.31394943832207,42.516090533917,0.323567678524803
480.55,520,28797,28938,73950696,114160410,2025-04-11,2025-12-19,524.58,141,40209714,1214412355,359751552,9.40046513278433,9.40046513278433,0.352221177201449
520,580,19284,18982,79585068,113892000,2025-04-11,2025-06-20,524.58,-302,34306932,2694437004,991381554,4.22693125988556,46.7430217938025,0.301223369507955
488.4,510,53121,52553,67782396,113514480,2025-04-11,2025-06-20,524.58,-568,45732084,2694437004,991381554,4.21292016964892,50.9559419634515,0.402874452668946
518,550,33979,33958,65749365,108665600,2025-04-11,2025-05-16,524.58,-21,42916235,2777147769,1252525510,3.91284904652836,31.2754709596441,0.394938554611579
482.22,500,57924,58022,61978680,103163116,2025-04-11,2025-06-20,524.58,98,41184436,2694437004,991381554,3.82874477476557,54.784686738217,0.399216673525061
484.9,505,46050,49036,52819350,98562360,2025-04-11,2025-06-20,524.58,2986,45743010,2694437004,991381554,3.65799459603918,58.4426813342562,0.464102219143292
475.05,500,34932,39420,59733720,98352900,2025-04-11,2025-09-19,524.58,4488,38619180,1907543215,544900862,5.15599852347251,24.603067773749,0.39265929118511
513.5,540,38220,36343,61648860,96308950,2025-04-11,2025-05-16,524.58,-1877,34660090,2777147769,1252525510,3.46790873265916,34.7433796923033,0.359884413650029
500.62,530,30989,31130,55098442,91459940,2025-04-11,2025-06-20,524.58,141,36361498,2694437004,991381554,3.39439889907331,61.8370802333295,0.397567481456909
508.98,550,22009,22158,60568768,90892116,2025-04-11,2025-07-18,524.58,149,30323348,867892480,293607617,10.472739203824,10.472739203824,0.333619122697067
510.13,560,17820,18065,64045080,90090155,2025-04-11,2025-09-19,524.58,245,26045075,1907543215,544900862,4.72283690831088,29.3259046820599,0.289100124203361
509.67,545,25470,25251,44852670,89211783,2025-04-11,2025-05-16,524.58,-219,44359113,2777147769,1252525510,3.21235275975695,37.9557324520603,0.497233790294271
496.01,520,35037,36065,52765722,86519935,2025-04-11,2025-06-20,524.58,1028,33754213,2694437004,991381554,3.2110580010428,65.0481382343723,0.390132204791878
494.11,510,32331,53780,26188110,85456420,2025-04-11,2025-05-16,524.58,21449,59268310,2777147769,1252525510,3.07712902258605,41.0328614746463,0.693550115953839
520.73,575,15465,15450,56694690,83847150,2025-04-11,2025-06-20,524.58,-15,27152460,2694437004,991381554,3.11186158279171,68.159999817164,0.323832831527369
492.68,515,36816,36912,48633936,82387584,2025-04-11,2025-06-20,524.58,96,33753648,2694437004,991381554,3.05769197341383,71.2176917905779,0.409693382925272
523.35,585,12935,12903,59087080,79546995,2025-04-11,2025-06-20,524.58,-32,20459915,2694437004,991381554,2.9522677606457,74.1699595512236,0.257205379034117
523.48,570,16714,16719,50643420,77776788,2025-04-11,2025-05-16,524.58,5,27133368,2777147769,1252525510,2.80059955282848,43.8334610274748,0.348862028089923
510,555,16964,16959,48873284,76315500,2025-04-11,2025-07-18,524.58,-5,27442216,867892480,293607617,8.79319751681683,19.2659367206408,0.359589021889393
510.25,610,7598,7598,53186000,75790050,2025-04-11,2025-12-19,524.58,0,22604050,1214412355,359751552,6.24088265307545,15.6413477858598,0.298245614035088
520.13,570,14548,14596,49099500,72790252,2025-04-11,2025-06-20,524.58,48,23690752,2694437004,991381554,2.70150134859119,76.8714608998148,0.325465997837183
509.52,533,30993,30864,40693809,72468672,2025-04-11,2025-05-16,524.58,-129,31774863,2777147769,1252525510,2.60946402668716,46.4429250541619,0.43846343700075
518.82,600,8950,8800,53700000,71438400,2025-04-11,2025-09-19,524.58,-150,17738400,1907543215,544900862,3.74504752700976,33.0709522090696,0.248303433447558
506.85,550,16409,16344,52853389,70524360,2025-04-11,2025-09-19,524.58,-65,17670971,1907543215,544900862,3.69713039502489,36.7680826040945,0.25056549254754
509.07,525,44296,44097,33886440,70246521,2025-04-11,2025-04-25,524.58,-199,36360081,320250757,171341368,21.9348493218394,21.9348493218394,0.517606857711857
507.41,565,12197,12165,47824437,70058235,2025-04-11,2025-09-19,524.58,-32,22233798,1907543215,544900862,3.6726945135028,40.4407771175973,0.317361663478962
522,563,16774,16773,54700014,68769300,2025-04-11,2025-05-30,524.58,-1,14069286,549725755,158036241,12.5097467918344,12.5097467918344,0.204586726926114
504.07,545,16652,16587,49622960,67890591,2025-04-11,2025-09-19,524.58,-65,18267631,1907543215,544900862,3.5590591325083,43.9998362501056,0.26907456145138
520,600,8477,8466,49844760,67728000,2025-04-11,2025-08-15,524.58,-11,17883240,712712120,174663640,9.50285509386314,9.50285509386314,0.264045003543586
516.84,575,11323,11313,49481510,65796408,2025-04-11,2025-09-19,524.58,-10,16314898,1907543215,544900862,3.44927483071465,47.4491110808203,0.247960314186148
474.7,490,22582,40803,20323800,62428590,2025-04-11,2025-06-20,524.58,18221,42104790,2694437004,991381554,2.31694375883802,79.1884046586528,0.674447236434461
501.46,520,32411,33389,33934317,61903206,2025-04-11,2025-05-16,524.58,978,27968889,2777147769,1252525510,2.22902096499857,48.6719460191605,0.451816485886046
479.01,490,53035,54693,29434425,60107607,2025-04-11,2025-05-16,524.58,1658,30673182,2777147769,1252525510,2.16436473676169,50.8363107559222,0.51030449440451
509.9,535,25281,23478,35443962,58929780,2025-04-11,2025-05-16,524.58,-1803,23485818,2777147769,1252525510,2.12195334572418,52.9582641016464,0.398539040872035
505.22,540,16957,16758,40357660,58284324,2025-04-11,2025-07-18,524.58,-199,17926664,867892480,293607617,6.71561574078854,25.9815524614293,0.307572650237824
520,565,12901,12881,40715556,57964500,2025-04-11,2025-06-20,524.58,-20,17248944,2694437004,991381554,2.15126573432407,81.3396703929769,0.297577724296768
500.38,550,11356,11355,41812792,56343510,2025-04-11,2025-12-19,524.58,-1,14530718,1214412355,359751552,4.6395698930451,20.2809176789049,0.257895150657103
466,490,23225,23202,33025950,55684800,2025-04-11,2025-09-19,524.58,-23,22658850,1907543215,544900862,2.91918943498221,50.3683005158025,0.406912658391518
490.93,525,16289,16266,35835800,55418262,2025-04-11,2025-09-19,524.58,-23,19582462,1907543215,544900862,2.90521659295672,53.2735171087592,0.353357562891453
514.46,560,11762,11806,36920918,53764524,2025-04-11,2025-07-18,524.58,44,16843606,867892480,293607617,6.19483694570092,32.1763894071303,0.31328476003991
493.01,520,19692,19918,33752088,53758682,2025-04-11,2025-07-18,524.58,226,20006594,867892480,293607617,6.19416382084564,38.3705532279759,0.372155589677589
513.27,580,8020,8022,38022820,53530806,2025-04-11,2025-09-19,524.58,2,15507986,1907543215,544900862,2.8062696341063,56.0797867428655,0.289702082946407
525.86,590,8229,8215,40552512,52691010,2025-04-11,2025-06-20,524.58,-14,12138498,2694437004,991381554,1.95554803922965,83.2952184322065,0.230371328999008
494.44,530,15180,14814,37191000,52678584,2025-04-11,2025-09-19,524.58,-366,15487584,1907543215,544900862,2.76159321507167,58.8413799579372,0.294001524414552
518.6,560,12682,12675,30360708,52474500,2025-04-11,2025-05-16,524.58,-7,22113792,2777147769,1252525510,1.8895105469629,54.8477746486093,0.421419775319441
507.85,555,11095,11024,37467815,51978160,2025-04-11,2025-09-19,524.58,-71,14510345,1907543215,544900862,2.72487457119025,61.5662545291274,0.279162344338468
519.8,585,7924,7929,42860916,51697080,2025-04-11,2025-09-19,524.58,5,8836164.00000001,1907543215,544900862,2.71013938732707,64.2763939164545,0.17092191667305
499.97,540,12995,12891,36113105,51602673,2025-04-11,2025-09-19,524.58,-104,15489568,1907543215,544900862,2.70519024650249,66.981584162957,0.300169876858898
515.22,570,10330,9232,42353000,50572896,2025-04-11,2025-09-19,524.58,-1098,8219896,1907543215,544900862,2.65120578146378,69.6327899444207,0.162535600096937
505.34,529,21206,21243,26634736,50260938,2025-04-11,2025-05-16,524.58,37,23626202,2777147769,1252525510,1.80980423732001,56.6575788859293,0.470070853035015
503.96,545,11914,11877,29701602,48743208,2025-04-11,2025-07-18,524.58,-37,19041606,867892480,293607617,5.61627265165381,43.9868258796297,0.390651472919058
480.17,510,16125,16289,30573000,48590087,2025-04-11,2025-09-19,524.58,164,18017087,1907543215,544900862,2.54726008920327,72.180050033624,0.370797586758797
471,480,53844,53070,25037460,47763000,2025-04-11,2025-05-16,524.58,-774,22725540,2777147769,1252525510,1.71985806924486,58.3774369551741,0.475798002638025
494.54,605,4245,4245,46890270,46890270,2025-04-11,2025-09-19,524.58,0,0,1907543215,544900862,2.45814981444601,74.63819984807,0
514,595,5732,5732,53341992,46429200,2025-04-11,2025-09-19,524.58,0,-6912792.00000001,1907543215,544900862,2.43397893347334,77.0721787815434,-0.148888888888889
520.03,570,9299,9289,33476400,46417133,2025-04-11,2025-07-18,524.58,-10,12940733,867892480,293607617,5.34825846169332,49.335084341323,0.278792164953402
471,500,15960,15966,33085080,46301400,2025-04-11,2025-12-19,524.58,6,13216320,1214412355,359751552,3.81265883942691,24.0935765183318,0.285441044979202
520.64,600,6233,5808,35122955,46092288,2025-04-11,2025-06-20,524.58,-425,10969333,2694437004,991381554,1.71064634027718,85.0058647724837,0.23798629827185
522.25,605,5527,5527,39683860,45735925,2025-04-11,2025-12-19,524.58,0,6052065,1214412355,359751552,3.76609516625018,27.859671684582,0.132326283987915
506.66,537,14775,14741,21660150,44724194,2025-04-11,2025-05-16,524.58,-34,23064044,2777147769,1252525510,1.61043623602731,59.9878731912015,0.51569501733223
463.52,490,16868,16817,31155196,44531416,2025-04-11,2025-12-19,524.58,-51,13376220,1214412355,359751552,3.66691065161306,31.526582336195,0.300377153962497
490.96,500,48742,48958,19935478,44258032,2025-04-11,2025-04-25,524.58,216,24322554,320250757,171341368,13.8198055844096,35.754654906249,0.549562483935119
520.3,575,8192,8050,27394048,44033500,2025-04-11,2025-05-16,524.58,-142,16639452,2777147769,1252525510,1.58556561129103,61.5734388024925,0.377881658282898
520.67,565,9977,9705,27416796,43022265,2025-04-11,2025-05-16,524.58,-272,15605469,2777147769,1252525510,1.5491528927714,63.1225916952639,0.362730065467264
521.4,530,48393,49399,18631305,42483140,2025-04-11,2025-04-11,524.58,1006,23851835,308969552,137875966,13.749943877965,13.749943877965,0.56144237455141
522.9,590,6287,6288,37621408,42192480,2025-04-11,2025-09-19,524.58,1,4571072,1907543215,544900862,2.21187544629231,79.2840542278357,0.108338547532641
489.89,505,26673,27694,19818039,41845634,2025-04-11,2025-05-16,524.58,1021,22027595,2777147769,1252525510,1.50678456750135,64.6293762627652,0.526401272830518
485.47,515,13861,13861,27306170,40931533,2025-04-11,2025-09-19,524.58,0,13625363,1907543215,544900862,2.1457722518753,81.429826479711,0.332881815103285
495.35,540,9105,9087,30073815,40573455,2025-04-11,2025-12-19,524.58,-18,10499640,1214412355,359751552,3.34099491272056,34.8675772489156,0.258781018279069
521.7,600,5243,5122,33030900,40105260,2025-04-11,2025-12-19,524.58,-121,7074360,1214412355,359751552,3.3024416982319,38.1700189471475,0.176394817038962
502.95,560,6841,6776,27719732,38657080,2025-04-11,2025-12-19,524.58,-65,10937348,1214412355,359751552,3.18319225268422,41.3532111998317,0.282932596047089
497.67,515,22166,22220,20570048,38507260,2025-04-11,2025-05-16,524.58,54,17937212,2777147769,1252525510,1.38657583978204,66.0159521025473,0.465813771221323
484.81,520,10734,10690,23078100,37618110,2025-04-11,2025-09-19,524.58,-44,14540010,1907543215,544900862,1.97207118057349,83.4018976602845,0.386516228486758
471.37,505,11158,11176,23766540,37584888,2025-04-11,2025-12-19,524.58,18,13818348,1214412355,359751552,3.09490329584139,44.4481144956731,0.367657022152095
500.23,555,6930,6859,27283410,37566743,2025-04-11,2025-12-19,524.58,-71,10283333,1214412355,359751552,3.09340915755094,47.541523653224,0.273735016101875
526.21,595,5462,5458,28959524,37545582,2025-04-11,2025-06-20,524.58,-4,8586058,2694437004,991381554,1.39344812828291,86.3993129007666,0.228683577204903
496.84,530,11344,11307,22744720,37494012,2025-04-11,2025-07-18,524.58,-37,14749292,867892480,293607617,4.32012177360956,53.6552061149326,0.393377267815458
462.24,470,60472,48179,22616528,37386904,2025-04-11,2025-05-16,524.58,-12293,14770376,2777147769,1252525510,1.34623387409674,67.362185976644,0.395068176813999
520.65,557,10064,10057,22110608,36557195,2025-04-11,2025-05-16,524.58,-7,14446587,2777147769,1252525510,1.31635757405749,68.6785435507015,0.395177666120171
512.59,580,5359,5357,26939693,36111537,2025-04-11,2025-12-19,524.58,-2,9171844,1214412355,359751552,2.97358116057704,50.5151048138011,0.253986530675778
459.66,480,16440,17633,20632200,35865522,2025-04-11,2025-09-19,524.58,1193,15233322,1907543215,544900862,1.88019446783542,85.2820921281199,0.424734428792086
516.06,546,11924,11916,20771608,35676504,2025-04-11,2025-05-16,524.58,-8,14904896,2777147769,1252525510,1.28464550566016,69.9631890563617,0.417779051445175
521.63,575,6329,6384,25303342,34071408,2025-04-11,2025-07-18,524.58,55,8768065.99999999,867892480,293607617,3.92576370750441,57.580969822437,0.257343811561882
506,535,11637,11743,22238307,34054700,2025-04-11,2025-06-20,524.58,106,11816393,2694437004,991381554,1.26388926330229,87.6632021640689,0.346982736597298
507.05,570,5370,5367,24309990,33785265,2025-04-11,2025-12-19,524.58,-3,9475275,1214412355,359751552,2.78202579716014,53.2971306109612,0.280455843693989
504.2,532,12153,12137,16017654,33740860,2025-04-11,2025-05-16,524.58,-16,17723206,2777147769,1252525510,1.21494651370854,71.1781355700702,0.525274281686952
518.48,560,8133,8109,20958741,33668568,2025-04-11,2025-05-30,524.58,-24,12709827,549725755,158036241,6.12461171661859,18.634358508453,0.377498294551761
406.71,420,25373,25281,20831233,33598449,2025-04-11,2025-12-19,524.58,-92,12767216,1214412355,359751552,2.7666425544559,56.0637731654171,0.379994207470708
510.6,590,4194,4194,23469624,33300360,2025-04-11,2025-12-19,524.58,0,9830736,1214412355,359751552,2.742096608528,58.8058697739451,0.295214105793451
514.97,550,9518,9471,20092498,33176913,2025-04-11,2025-05-30,524.58,-47,13084415,549725755,158036241,6.03517530300177,24.6695338114548,0.394383136248993
520,560,8221,8211,17551835,32844000,2025-04-11,2025-05-02,524.58,-10,15292165,302134219,151415360,10.870665397884,10.870665397884,0.465599957374254
445.55,455,33333,34613,17499825,32709285,2025-04-11,2025-06-20,524.58,1280,15209460,2694437004,991381554,1.21395619758197,88.8771583616508,0.464989069617388
518.25,585,4777,4774,20531546,31866450,2025-04-11,2025-05-16,524.58,-3,11334904,2777147769,1252525510,1.14745244584067,72.3255880159109,0.355700242731776
511,585,4340,4288,23561860,31731200,2025-04-11,2025-12-19,524.58,-52,8169340,1214412355,359751552,2.61288514311928,61.4187549170644,0.257454492739008
435.56,440,70499,70623,14240798,31356612,2025-04-11,2025-05-09,524.58,124,17115814,191401348,96958426,16.3826495098666,16.3826495098666,0.545843855834935
502.17,535,9608,9405,20176800,30876615,2025-04-11,2025-07-18,524.58,-203,10699815,867892480,293607617,3.55765439977081,61.1386242222078,0.346534586126102
479.28,500,14643,14712,19182330,30483264,2025-04-11,2025-07-18,524.58,69,11300934,867892480,293607617,3.51233185013886,64.6509560723467,0.370725851404889
524.33,540,19647,19258,13340313,30177286,2025-04-11,2025-04-11,524.58,-389,16836973,308969552,137875966,9.76707439443742,23.5170182724025,0.557935296103169
470.17,485,20398,20324,16114420,30140492,2025-04-11,2025-06-20,524.58,-74,14026072,2694437004,991381554,1.11861928689575,89.9957776485466,0.465356438109902
452.04,470,16603,16612,15855865,29835152,2025-04-11,2025-08-15,524.58,9,13979287,712712120,174663640,4.18614348806079,13.6889985819239,0.468550889232942
431.5,450,16438,16071,19199584,29731350,2025-04-11,2025-12-19,524.58,-367,10531766,1214412355,359751552,2.44820878819205,63.8669637052565,0.354231005319301
526.09,580,5279,5270,19643159,28410570,2025-04-11,2025-05-16,524.58,-9,8767411,2777147769,1252525510,1.02301254247735,73.3486005583882,0.308596800416183
514.2,580,4263,4263,19034295,28050540,2025-04-11,2025-08-15,524.58,0,9016245,712712120,174663640,3.93574617476689,17.6247447566908,0.321428571428571
426.08,430,71317,71408,12837060,27991936,2025-04-11,2025-05-09,524.58,91,15154876,191401348,96958426,14.624732945977,31.0073824558435,0.541401495059149
462.28,470,36095,36127,11658685,27890044,2025-04-11,2025-05-09,524.58,32,16231359,191401348,96958426,14.5714982111829,45.5788806670264,0.58197681581284
458.52,470,14683,23996,9646731,27547408,2025-04-11,2025-06-20,524.58,9313,17900677,2694437004,991381554,1.02238085207057,91.0181585006172,0.649813477914147
508.47,545,7535,7528,14753530,27499784,2025-04-11,2025-05-30,524.58,-7,12746254,549725755,158036241,5.0024550878101,29.6719888992649,0.463503786066102
478.22,495,15700,16258,14836500,27280924,2025-04-11,2025-06-20,524.58,558,12444424,2694437004,991381554,1.01249069692483,92.030649197542,0.456158449765118
421.52,425,76639,76647,15710995,26673156,2025-04-11,2025-05-16,524.58,8,10962161,2777147769,1252525510,0.960451449423756,74.309052007812,0.410981025267501
523.55,580,4690,4698,22873130,26520210,2025-04-11,2025-07-18,524.58,8,3647080,867892480,293607617,3.05570224551318,67.7066583178598,0.137520781321113
492.74,525,8105,8214,14994250,26498364,2025-04-11,2025-07-18,524.58,109,11504114,867892480,293607617,3.05318511343709,70.7598434312969,0.434144311701658
430.31,435,1236,56289,198996,26399541,2025-04-11,2025-05-02,524.58,55053,26200545,302134219,151415360,8.73768654453536,19.6083519424193,0.992462141671327
435.83,450,18225,18398,15910425,26069966,2025-04-11,2025-09-19,524.58,173,10159541,1907543215,544900862,1.36667760892641,86.6487697370463,0.389702886455625
499.29,518,14040,13909,13197600,26023739,2025-04-11,2025-05-16,524.58,-131,12826139,2777147769,1252525510,0.937067133787075,75.2461191415991,0.492863035553807
514.53,565,5015,5014,17853400,25305658,2025-04-11,2025-07-18,524.58,-1,7452258,867892480,293607617,2.9157595650558,73.6756029963527,0.294489793547356
489,530,6173,6165,17765894,25276500,2025-04-11,2025-12-19,524.58,-8,7510606,1214412355,359751552,2.08137704593758,65.948340751194,0.297137894882598
476.03,510,6736,7434,15445648,25253298,2025-04-11,2025-12-19,524.58,698,9807650,1214412355,359751552,2.07946649225254,68.0278072434466,0.388371055535004
504.43,565,4065,4062,19784355,24603534,2025-04-11,2025-12-19,524.58,-3,4819179,1214412355,359751552,2.02596209588135,70.0537693393279,0.195873446473177
453.53,475,12320,11427,14192640,24533769,2025-04-11,2025-09-19,524.58,-893,10341129,1907543215,544900862,1.28614485937085,87.9349145964171,0.421505925159726
518.7,585,3648,3676,18094080,24371880,2025-04-11,2025-07-18,524.58,28,6277800,867892480,293607617,2.80816812700117,76.4837711233539,0.257583739949483
478.76,505,9396,9283,16302060,24358592,2025-04-11,2025-09-19,524.58,-113,8056532,1907543215,544900862,1.27696147633541,89.2118760727526,0.330747031683933
498.42,545,5159,5151,18030705,23993358,2025-04-11,2025-12-19,524.58,-8,5962653,1214412355,359751552,1.9757175477682,72.0294868870961,0.24851265087613
521.5,620,2373,2373,18326679,23374050,2025-04-11,2025-12-19,524.58,0,5047371,1214412355,359751552,1.9247210310208,73.9542079181169,0.215939086294416
389.46,400,22496,22117,15072320,23311318,2025-04-11,2025-12-19,524.58,-379,8238998,1214412355,359751552,1.91955540505021,75.8737633231671,0.353433383732314
458.5,465,35630,35635,9869510,23162750,2025-04-11,2025-05-09,524.58,5,13293240,191401348,96958426,12.1016650311157,57.6805456981421,0.573905948127921
522.82,595,3188,3189,18904840,23018202,2025-04-11,2025-12-19,524.58,1,4113362,1214412355,359751552,1.89541895759122,77.7691822807583,0.178700404141036
441.41,450,28496,26651,13906048,22893209,2025-04-11,2025-06-20,524.58,-1845,8987161,2694437004,991381554,0.849647216320668,92.8802964138626,0.392568861796527
532.82,576,5247,5247,22656546,22656546,2025-04-11,2025-05-30,524.58,0,0,549725755,158036241,4.12142705593264,33.7934159551975,0
466.96,480,18370,17365,14236750,22643960,2025-04-11,2025-06-20,524.58,-1005,8407210,2694437004,991381554,0.840396712425792,93.7206931262884,0.371278256983319
464.02,485,10765,10770,13897615,22595460,2025-04-11,2025-09-19,524.58,5,8697845,1907543215,544900862,1.1845320107204,90.396408083473,0.384937726428229
495.01,511,13924,13866,11180972,22171734,2025-04-11,2025-05-16,524.58,-58,10990762,2777147769,1252525510,0.798363495363577,76.0444826369626,0.495710529451598
522.78,590,3284,3283,17076800,22068326,2025-04-11,2025-07-18,524.58,-1,4991526,867892480,293607617,2.54274884372774,79.0265199670816,0.226185076294414
485.92,525,5632,5629,15296512,21998132,2025-04-11,2025-12-19,524.58,-3,6701620,1214412355,359751552,1.81142195313057,79.5806042338889,0.304644958035528
464.05,470,2999,36391,815728,21652645,2025-04-11,2025-05-02,524.58,33392,20836917,302134219,151415360,7.16656493649268,26.774916878912,0.962326634921507
466.1,475,21976,24217,8988184,21553130,2025-04-11,2025-05-16,524.58,2241,12564946,2777147769,1252525510,0.776088699369457,76.8205713363321,0.582975465744419
496.83,530,6369,6390,13909896,21195630,2025-04-11,2025-08-15,524.58,21,7285734,712712120,174663640,2.97393988473214,20.598684641423,0.343737553448517
436.31,455,11412,11310,13614516,21138390,2025-04-11,2025-12-19,524.58,-102,7523874,1214412355,359751552,1.74062705414422,81.3212312880331,0.355934108510629
474.51,485,19576,20024,9788000,21005176,2025-04-11,2025-05-16,524.58,448,11217176,2777147769,1252525510,0.756357880357356,77.5769292166895,0.534019614974899
444.56,450,37557,38179,10778859,20769376,2025-04-11,2025-05-16,524.58,622,9990517,2777147769,1252525510,0.747867154633931,78.3247963713234,0.481021529005012
523.05,585,3344,3339,16275248,20685105,2025-04-11,2025-08-15,524.58,-5,4409857,712712120,174663640,2.90230857867269,23.5009932200957,0.213189974138396
519.69,573,3834,3832,15819084,20428392,2025-04-11,2025-08-15,524.58,-2,4609308,712712120,174663640,2.86628940728551,26.3672826273812,0.225632443317125
512.76,557,4579,4579,14794749,20257496,2025-04-11,2025-08-15,524.58,0,5462747,712712120,174663640,2.84231114240067,29.2095937697818,0.269665461121157
470.99,495,8444,8401,12868656,20170801,2025-04-11,2025-09-19,524.58,-43,7302145,1907543215,544900862,1.05742301623295,91.4538310997059,0.362015618517083
522.5,547.5,7942,7941,12810446,19852500,2025-04-11,2025-05-02,524.58,-1,7042054,302134219,151415360,6.57075523113785,33.3456721100499,0.354718750787055
515.52,565,4004,4002,14450436,19801896,2025-04-11,2025-08-15,524.58,-2,5351460,712712120,174663640,2.77838631395801,31.9879800837398,0.270249879102486
501.66,575,2631,2629,13733820,19281086,2025-04-11,2025-12-19,524.58,-2,5547266,1214412355,359751552,1.58768855740108,82.9089198454342,0.287705059766862
508.8,535,7349,7277,11890682,19065740,2025-04-11,2025-05-30,524.58,-72,7175058,549725755,158036241,3.46822753465498,37.2616434898525,0.376332521056093
502.61,523,8579,8924,8433157,18196036,2025-04-11,2025-05-16,524.58,345,9762879,2777147769,1252525510,0.655205898768291,78.9800022700917,0.536538782402937
464.92,475,17972,18039,9147748,18183312,2025-04-11,2025-05-30,524.58,67,9035564,549725755,158036241,3.30770603971429,40.5693495295668,0.496915193447706
522.37,565,4307,4264,12451537,18177432,2025-04-11,2025-05-30,524.58,-43,5725895,549725755,158036241,3.30663641546138,43.8759859450282,0.315000215652024
501.42,521,9283,9170,9255151,17954860,2025-04-11,2025-05-16,524.58,-113,8699709,2777147769,1252525510,0.646521593140332,79.626523863232,0.484532265915746
465.38,470,3197,38802,652188,17926524,2025-04-11,2025-04-25,524.58,35605,17274336,320250757,171341368,5.59765234216137,41.3523072484103,0.963618825378528
472.06,490,9556,9990,10826948,17922060,2025-04-11,2025-07-18,524.58,434,7095112,867892480,293607617,2.06500925091551,81.0915292179971,0.395887079945051
432.6,435,542,73501,70460,17640240,2025-04-11,2025-04-25,524.58,72959,17569780,320250757,171341368,5.50825864246123,46.8605658908716,0.996005723278141
510,550,4229,4213,12348680,16852000,2025-04-11,2025-08-15,524.58,-16,4503320,712712120,174663640,2.36448904502985,34.3524691287697,0.267227628768099
514.81,560,3724,3700,12546156,16720300,2025-04-11,2025-08-15,524.58,-24,4174144,712712120,174663640,2.34601033584219,36.6984794646119,0.249645281484184
514.59,563,6383,3382,22570288,16372262,2025-04-11,2025-08-15,524.58,-3001,-6198026,712712120,174663640,2.29717743539986,38.9956569000118,-0.378568703579261
484.31,498,11745,11878,7352370,16260982,2025-04-11,2025-05-16,524.58,133,8908612,2777147769,1252525510,0.58552815163506,80.2120520148671,0.547852030092647
510.25,542,5013,5035,8201268,15986125,2025-04-11,2025-05-16,524.58,22,7784857,2777147769,1252525510,0.575631054942255,80.7876830698093,0.486975861880224
432.54,440,14211,21221,5769666,15830866,2025-04-11,2025-06-20,524.58,7010,10061200,2694437004,991381554,0.587538917276538,94.308232043565,0.635543248234178
493.91,531,4226,4216,11570788,15637144,2025-04-11,2025-08-15,524.58,-10,4066356,712712120,174663640,2.19403368642026,41.189690586432,0.260044673119337
524.26,580,2638,2795,10290838,15579330,2025-04-11,2025-05-30,524.58,157,5288492,549725755,158036241,2.83401857349762,46.7100045185258,0.339455676206872
431.71,445,12097,11664,9822764,15501456,2025-04-11,2025-09-19,524.58,-433,5678692,1907543215,544900862,0.812639833168865,92.2664709328748,0.366332814156296
462.84,475,13092,12638,8706180,15367808,2025-04-11,2025-06-20,524.58,-454,6661628,2694437004,991381554,0.570353212087938,94.8785852556529,0.433479387561323
525.67,550,6312,6312,7107312,15357096,2025-04-11,2025-04-11,524.58,0,8249784,308969552,137875966,4.97042375230554,28.487442024708,0.537196876284423
477.25,515,4012,3978,9861496,15016950,2025-04-11,2025-12-19,524.58,-34,5155454,1214412355,359751552,1.23656103613999,84.1454808815742,0.343308994169921
502.68,540,4025,4022,10380475,15010104,2025-04-11,2025-08-15,524.58,-3,4629629,712712120,174663640,2.1060542649394,43.2957448513714,0.308434172075024
469.03,490,6454,7143,8119132,14978871,2025-04-11,2025-08-15,524.58,689,6859739,712712120,174663640,2.1016719906489,45.3974168420203,0.457961017222192
518.79,525,21830,24071,6330700,14948091,2025-04-11,2025-04-11,524.58,2241,8617391,308969552,137875966,4.83804663056248,33.3254886552705,0.576487726760561
412.03,425,11455,11410,9713840,14798770,2025-04-11,2025-12-19,524.58,-45,5084930,1214412355,359751552,1.21859514513915,85.3640760267134,0.343604907705168
456.24,480,6219,6204,10217817,14740704,2025-04-11,2025-12-19,524.58,-15,4522887,1214412355,359751552,1.213813737921,86.5778897646344,0.306829782349608
447.47,465,8265,8304,8281530,14556912,2025-04-11,2025-09-19,524.58,39,6275382,1907543215,544900862,0.763123576206896,93.0295945090817,0.431092940590697
526.29,552,5578,5601,6788426,14400171,2025-04-11,2025-04-11,524.58,23,7611745,308969552,137875966,4.66070876783354,37.986197423104,0.528587125805659
507.89,510,68022,68149,8910882,14379439,2025-04-11,2025-04-11,524.58,127,5468557,308969552,137875966,4.65399872153098,42.640196144635,0.380303918671653
511.95,515,46876,47042,7875168,14347810,2025-04-11,2025-04-11,524.58,166,6472642,308969552,137875966,4.64376179048219,47.2839579351172,0.451124039139074
518.5,570,2828,2783,8817704,14332450,2025-04-11,2025-05-30,524.58,-45,5514746,549725755,158036241,2.60720002103594,49.3172045395617,0.384773433711612
450.37,470,6760,7159,7605000,14053117,2025-04-11,2025-09-19,524.58,399,6448117,1907543215,544900862,0.736712903251316,93.766307412333,0.458838918084863
426.15,430,15904,36386,3467072,14008610,2025-04-11,2025-05-16,524.58,20482,10541538,2777147769,1252525510,0.504424365039972,81.2921074348493,0.752504209910905
518.78,595,1653,1833,10232070,13971126,2025-04-11,2025-07-18,524.58,180,3739056,867892480,293607617,1.609776132638,82.7013053506351,0.267627390949019
489.62,520,3844,4598,7634184,13968724,2025-04-11,2025-08-15,524.58,754,6334540,712712120,174663640,1.95993916870671,47.357356010727,0.453480217663403
491.16,507,6641,8721,5007314,13814064,2025-04-11,2025-05-16,524.58,2080,8806750,2777147769,1252525510,0.497419120228312,81.7895265550776,0.637520573236087
514.43,558,3122,3122,7642656,13602554,2025-04-11,2025-05-16,524.58,0,5959898,2777147769,1252525510,0.489803032875634,82.2793295879532,0.438145512967638
508.24,539,4385,4384,6516110,13485184,2025-04-11,2025-05-16,524.58,-1,6969074,2777147769,1252525510,0.485576754342307,82.7649063422955,0.516794876510398
449.6,460,11838,12948,6593766,13465920,2025-04-11,2025-06-20,524.58,1110,6872154,2694437004,991381554,0.499767483151742,95.3783527388047,0.510336761246168
446.25,470,5598,5664,7831602,13452000,2025-04-11,2025-12-19,524.58,66,5620398,1214412355,359751552,1.10769624045862,87.685586005093,0.417811329170384
511.93,540,4766,4708,8574034,13215356,2025-04-11,2025-05-30,524.58,-58,4641322,549725755,158036241,2.40399069532407,51.7211952348858,0.351206732531458
490,535,2605,2926,8062475,13167000,2025-04-11,2025-12-19,524.58,321,5104525,1214412355,359751552,1.08422809977094,88.7698141048639,0.387675628465102
485.68,510,5044,5324,7449988,12947968,2025-04-11,2025-07-18,524.58,280,5497980,867892480,293607617,1.49188618387384,84.193191534509,0.424621067954447
516.7,590,1813,1762,8363369,12915460,2025-04-11,2025-05-16,524.58,-51,4552091,2777147769,1252525510,0.46506203753971,83.2299683798352,0.352452874307226
435.3,440,36204,27255,8942388,12809850,2025-04-11,2025-05-16,524.58,-8949,3867462,2777147769,1252525510,0.461259215047552,83.6912275948828,0.301913137156173
481.07,494,9795,9554,5426430,12353322,2025-04-11,2025-05-16,524.58,-241,6926892,2777147769,1252525510,0.4448204786902,84.136048073573,0.560731113460817
495.84,515,6071,6391,6222775,12245156,2025-04-11,2025-05-30,524.58,320,6022381,549725755,158036241,2.2275026935931,53.9486979284789,0.49181741743429
491,510,6281,6373,6117694,12108700,2025-04-11,2025-05-30,524.58,92,5991006,549725755,158036241,2.20268013457001,56.1513780630489,0.494768720011232
496,512,7182,7241,5508594,11585600,2025-04-11,2025-05-16,524.58,59,6077006,2777147769,1252525510,0.417176216884266,84.5532242904573,0.524530969479354
498.59,510,9270,10092,4403250,11514972,2025-04-11,2025-04-25,524.58,822,7111722,320250757,171341368,3.59561117290349,50.4561770637751,0.617606538687198
523.13,537,8617,8232,5092647,11417784,2025-04-11,2025-04-11,524.58,-385,6325137,308969552,137875966,3.69543986651474,50.9793978016319,0.553972382031399
525.23,545,5935,5664,5341500,11197728,2025-04-11,2025-04-11,524.58,-271,5856228,308969552,137875966,3.62421731446211,54.603615116094,0.522983590957023
489.31,515,3911,4338,6284977,11144322,2025-04-11,2025-07-18,524.58,427,4859345,867892480,293607617,1.28406712315332,85.4772586576623,0.436037741910185
394.33,400,23341,19644,7842576,11138148,2025-04-11,2025-07-18,524.58,-3697,3295572,867892480,293607617,1.2833557447116,86.7606144023739,0.295881505614758
446.61,460,8203,8316,5684679,11135124,2025-04-11,2025-07-18,524.58,113,5450445,867892480,293607617,1.28300731445444,88.0436217168283,0.489482200647249
482.27,505,4721,4866,6439444,11060418,2025-04-11,2025-07-18,524.58,145,4620974,867892480,293607617,1.27439956617668,89.318021283005,0.417793794050098
488.75,505,300,6768,237000,10998000,2025-04-11,2025-05-23,524.58,6468,10761000,30713088,21949191,35.8088382386037,35.8088382386037,0.978450627386798
511.95,548,3049,3018,5543082,10879890,2025-04-11,2025-05-16,524.58,-31,5336808,2777147769,1252525510,0.391764893515826,84.9449891839731,0.49052040048199
484.9,500,7791,7152,6466530,10799520,2025-04-11,2025-05-30,524.58,-639,4332990,549725755,158036241,1.96452865847626,58.1159067215252,0.40122060980488
443.4,460,6558,6478,6354702,10753480,2025-04-11,2025-09-19,524.58,-80,4398778,1907543215,544900862,0.563734541657553,94.3300419539906,0.409056231099142
483.16,510,3996,3960,6549444,10628640,2025-04-11,2025-08-15,524.58,-36,4079196,712712120,174663640,1.49129497054154,48.8486509812686,0.383792846497765
522.39,575,1948,2015,8506916,10600915,2025-04-11,2025-05-30,524.58,67,2093999,549725755,158036241,1.92840064406297,60.0443073655881,0.197530024530901
491.02,564,1429,1429,10428842,10428842,2025-04-11,2025-08-15,524.58,0,0,712712120,174663640,1.463261491891,50.3119124731596,0
523.05,567,2348,2341,6734064,10288695,2025-04-11,2025-05-16,524.58,-7,3554631,2777147769,1252525510,0.370477045364596,85.3154662293377,0.345489005165378
452.12,475,2671,4463,4118682,10211344,2025-04-11,2025-12-19,524.58,1792,6092662,1214412355,359751552,0.840846517902891,89.6106606227668,0.596656228602229
440.96,460,5313,5360,6763449,10205440,2025-04-11,2025-12-19,524.58,47,3441991,1214412355,359751552,0.840360356841067,90.4510209796079,0.337270220588235
502.48,525,4415,4407,5929345,9924564,2025-04-11,2025-05-30,524.58,-8,3995219,549725755,158036241,1.80536638673587,61.849673752324,0.402558641367016
531.16,572,2414,2414,9858776,9858776,2025-04-11,2025-08-15,524.58,0,0,712712120,174663640,1.383276041384,51.6951885145436,0
400.7,410,10582,10578,5555550,9837540,2025-04-11,2025-09-19,524.58,-4,4281990,1907543215,544900862,0.515717805114051,94.8457597591046,0.435270402966595
505.62,545,2497,2494,6714433,9821372,2025-04-11,2025-08-15,524.58,-3,3106939,712712120,174663640,1.37802791960378,53.0732164341474,0.316344702145484
524.25,568,2243,2241,6224325,9804375,2025-04-11,2025-05-16,524.58,-2,3580050,2777147769,1252525510,0.353037570036483,85.6685037993742,0.3651482118952
488.2,503,2533,6568,1722440,9720640,2025-04-11,2025-05-16,524.58,4035,7998200,2777147769,1252525510,0.350022426192331,86.0185262255665,0.822805905783981
507.5,554,2088,2086,4485024,9699900,2025-04-11,2025-05-30,524.58,-2,5214876,549725755,158036241,1.76449800864797,63.614171760972,0.537621624965206
529.8,590,1606,1606,9668120,9668120,2025-04-11,2025-08-15,524.58,0,0,712712120,174663640,1.35652526857548,54.4297417027228,0
453.76,465,8620,8570,5111660,9632680,2025-04-11,2025-06-20,524.58,-50,4521020,2694437004,991381554,0.357502512981372,95.735855251786,0.469341865399868
524.37,556,3047,3031,4265800,9587053,2025-04-11,2025-04-11,524.58,-16,5321253,308969552,137875966,3.10291190117012,57.7065270172642,0.555045747634857
443.24,465,4389,4396,6587889,9565696,2025-04-11,2025-12-19,524.58,7,2977807,1214412355,359751552,0.787681050889836,91.2387020304977,0.311300610013114
395.67,400,20333,21975,5205248,9515175,2025-04-11,2025-06-20,524.58,1642,4309927,2694437004,991381554,0.353141490629558,96.0889967424156,0.452952993507739
506.78,546,2410,2409,6319020,9448098,2025-04-11,2025-08-15,524.58,-1,3129078,712712120,174663640,1.32565417857634,55.7553958812992,0.331186022837612
462.54,480,6390,5407,6070500,9440622,2025-04-11,2025-07-18,524.58,-983,3370122,867892480,293607617,1.08776400505279,90.4057852880578,0.356980927739719
497.97,516,5112,5205,4805280,9384615,2025-04-11,2025-05-16,524.58,93,4579335,2777147769,1252525510,0.337922781954783,86.3564490075213,0.487961946227949
430.72,440,10418,9959,5761154,9241952,2025-04-11,2025-07-18,524.58,-459,3480798,867892480,293607617,1.06487292066409,91.4706582087219,0.376630175097209
470.17,481,8559,8493,3962817,9197919,2025-04-11,2025-05-16,524.58,-66,5235102,2777147769,1252525510,0.331200201252237,86.6876492087735,0.569161567959013
534.59,578,2087,2087,9059667,9059667,2025-04-11,2025-08-15,524.58,0,0,712712120,174663640,1.2711537724376,57.0265496537368,0
498.28,520,4005,4079,4918140,8859588,2025-04-11,2025-05-30,524.58,74,3941448,549725755,158036241,1.61163778837322,65.2258095493452,0.444879378138126
461.45,485,3755,3762,6529945,8859510,2025-04-11,2025-12-19,524.58,7,2329565,1214412355,359751552,0.729530621417303,91.968232651915,0.262945129019551
524.75,569,1981,1981,7458465,8765925,2025-04-11,2025-05-16,524.58,0,1307460,2777147769,1252525510,0.315644889258322,87.0032940980319,0.149152542372881
505.4,530,3612,3550,5374656,8733000,2025-04-11,2025-05-30,524.58,-62,3358344,549725755,158036241,1.58861030624261,66.8144198555878,0.384557883888698
522.87,535,7498,7140,3831478,8660820,2025-04-11,2025-04-11,524.58,-358,4829342,308969552,137875966,2.80313058161796,60.5096575988821,0.557607940125762
484.43,515,2820,2821,5231100,8623797,2025-04-11,2025-08-15,524.58,1,3392697,712712120,174663640,1.20999724264546,58.2365468963822,0.393411046201575
524,610,1000,1000,11133000,8600000,2025-04-11,2025-09-19,524.58,0,-2533000,1907543215,544900862,0.450841686435922,95.2966014455405,-0.29453488372093
482.77,496,5908,6451,3627512,8534673,2025-04-11,2025-05-16,524.58,543,4907161,2777147769,1252525510,0.307317928677349,87.3106120267092,0.574967664256147
527.21,575,1837,1769,5747973,8454051,2025-04-11,2025-05-02,524.58,-68,2706078,302134219,151415360,2.79811106070048,36.1437831707504,0.32009246218174
515.51,520,18698,18708,4300540,8399892,2025-04-11,2025-04-11,524.58,10,4099352,308969552,137875966,2.71867954160091,63.228337140483,0.488024369837136
505.25,555,1690,1682,5428280,8367950,2025-04-11,2025-08-15,524.58,-8,2939670,712712120,174663640,1.1740995789436,59.4106464753258,0.35130109525033
407.67,410,35466,35569,4752444,8287577,2025-04-11,2025-05-09,524.58,103,3535133,191401348,96958426,4.3299470388265,62.0104927369686,0.426558088087749
477.25,500,3688,3635,5340224,8269625,2025-04-11,2025-08-15,524.58,-53,2929401,712712120,174663640,1.16030368615031,60.5709501614761,0.354236256178485
514.71,571,1468,1468,10013228,8263372,2025-04-11,2025-05-30,524.58,0,-1749856,549725755,158036241,1.50318079966983,68.3176006552576,-0.211760525848285
488.77,502,6198,6172,4202244,8165556,2025-04-11,2025-05-16,524.58,-26,3963312,2777147769,1252525510,0.29402670218518,87.6046387288944,0.485369520458864
511.04,575,1275,1276,5435325,8161296,2025-04-11,2025-08-15,524.58,1,2725971,712712120,174663640,1.1451041410661,61.7160543025423,0.334012024560805
477.05,488,7937,7441,4158988,8147895,2025-04-11,2025-05-16,524.58,-496,3988907,2777147769,1252525510,0.293390761951926,87.8980294908463,0.489562887101515
478.7,491,6598,6617,3661890,8138910,2025-04-11,2025-05-16,524.58,19,4477020,2777147769,1252525510,0.293067228573533,88.1910967194198,0.550076115843522
509.23,541,2498,2549,3984310,8098173,2025-04-11,2025-05-16,524.58,51,4113863,2777147769,1252525510,0.291600363883986,88.4826970833038,0.507998902962434
538.8,595,1439,1439,8087180,8087180,2025-04-11,2025-08-15,524.58,0,0,712712120,174663640,1.13470499140663,62.8507592939489,0
506.5,531,3335,3286,4435550,8050700,2025-04-11,2025-05-16,524.58,-49,3615150,2777147769,1252525510,0.289890948183103,88.7725880314869,0.449047908877489
518.81,568,1635,1635,6175395,8042565,2025-04-11,2025-08-15,524.58,0,1867170,712712120,174663640,1.12844510066701,63.9792043946159,0.232161008335027
466,495,2908,2773,5635704,8041700,2025-04-11,2025-12-19,524.58,-135,2405996,1214412355,359751552,0.662188585853114,92.6304212377681,0.299189972269545
489.12,500,3192,7344,1493856,7990272,2025-04-11,2025-05-02,524.58,4152,6496416,302134219,151415360,2.64461007642435,38.7883932471747,0.813040657439446
524.14,556,2497,2497,7955442,7955442,2025-04-11,2025-08-15,524.58,0,0,712712120,174663640,1.11622095047296,65.0954253450889,0
516.41,540,3358,3299,4029600,7782341,2025-04-11,2025-04-25,524.58,-59,3752741,320250757,171341368,2.43007731594527,52.8862543797203,0.482212357438462
519.52,560,1954,1905,3990068,7711440,2025-04-11,2025-04-25,524.58,-49,3721372,320250757,171341368,2.40793810207918,55.2941924817995,0.482578091770149
495.78,534,2014,2005,5828516,7663110,2025-04-11,2025-08-15,524.58,-9,1834594,712712120,174663640,1.07520410905879,66.1706294541476,0.239405933100269
523.59,566,1778,1805,11873484,7655005,2025-04-11,2025-05-16,524.58,27,-4218479,2777147769,1252525510,0.275642696634628,89.0482307281216,-0.551074623726569
500.96,588,879,879,7650816,7650816,2025-04-11,2025-05-16,524.58,0,0,2777147769,1252525510,0.275491858424045,89.3237225865456,0
496.58,535,1934,1991,4411454,7649422,2025-04-11,2025-08-15,524.58,57,3237968,712712120,174663640,1.0732835580234,67.243913012171,0.423295773196981
458.11,465,11238,11083,3989490,7636187,2025-04-11,2025-05-16,524.58,-155,3646697,2777147769,1252525510,0.274965094952425,89.598687681498,0.477554701056954
515.73,566,1523,1518,4290291,7630986,2025-04-11,2025-05-02,524.58,-5,3340695,302134219,151415360,2.52569405254954,41.3140872997242,0.437780255395568
523,562,1913,1952,6178990,7612800,2025-04-11,2025-05-16,524.58,39,1433810,2777147769,1252525510,0.274122971956268,89.8728106534543,0.188342002942413
477,489,6110,6337,3177200,7604400,2025-04-11,2025-05-16,524.58,227,4427200,2777147769,1252525510,0.273820503355434,90.1466311568097,0.582189258850139
508.39,549,1852,1851,5961588,7516911,2025-04-11,2025-08-15,524.58,-1,1555323,712712120,174663640,1.05469105815122,68.2986040703223,0.206909859648465
511.35,561,1493,1493,5056791,7412745,2025-04-11,2025-08-15,524.58,0,2355954,712712120,174663640,1.040075619873,69.3386796901953,0.317824773413897
507.88,576,1082,1081,4669912,7363772,2025-04-11,2025-08-15,524.58,-1,2693860,712712120,174663640,1.03320426205184,70.3718839522471,0.365826101079718
491.91,551,1231,1231,7273979,7273979,2025-04-11,2025-08-15,524.58,0,0,712712120,174663640,1.02060548654624,71.3924894387933,0
460.15,475,4879,4884,4352068,7252740,2025-04-11,2025-07-18,524.58,5,2900672,867892480,293607617,0.835672640002596,92.3063308487245,0.399941539335479
518.29,573,1299,1299,10267296,7106829,2025-04-11,2025-05-16,524.58,0,-3160467,2777147769,1252525510,0.255903883809504,90.4025350406192,-0.444708462803875
527.16,585,1199,1221,5243227,7062264,2025-04-11,2025-05-30,524.58,22,1819037,549725755,158036241,1.28468858076333,69.602289236021,0.257571368048547
525.04,546,3308,3327,3139292,6973392,2025-04-11,2025-04-11,524.58,19,3834100,308969552,137875966,2.25698356192716,65.4853207024102,0.549818510131081
523.91,542,3778,3827,2871280,6923043,2025-04-11,2025-04-11,524.58,49,4051763,308969552,137875966,2.24068778142903,67.7260084838392,0.58525752331742
516.53,547,2266,2272,4010820,6922784,2025-04-11,2025-05-16,524.58,6,2911964,2777147769,1252525510,0.249276760757054,90.6518118013763,0.420634819748818
497,510,5717,5316,3384464,6910800,2025-04-11,2025-05-02,524.58,-401,3526336,302134219,151415360,2.28732780513021,43.6014151048544,0.510264513515078
520.29,555,1922,1928,4614722,6692088,2025-04-11,2025-05-30,524.58,6,2077366,549725755,158036241,1.21735027677574,70.8196395127967,0.310421201873018
422.86,435,5560,5498,4570320,6674572,2025-04-11,2025-09-19,524.58,-62,2104252,1907543215,544900862,0.349904104269533,95.6465055498101,0.315263959996237
522.13,570,1388,1386,3886400,6634782,2025-04-11,2025-05-02,524.58,-2,2748382,302134219,151415360,2.19597171811909,45.7973868229735,0.414238478370503
403.92,415,5886,5887,3490398,6522796,2025-04-11,2025-09-19,524.58,1,3032398,1907543215,544900862,0.341947482432266,95.9884530322423,0.464892355977406
427,440,3734,4998,2975998,6497400,2025-04-11,2025-09-19,524.58,1264,3521402,1907543215,544900862,0.34061613644753,96.3290691686898,0.541970942223043
521.06,559,1696,1685,3816000,6392890,2025-04-11,2025-05-16,524.58,-11,2576890,2777147769,1252525510,0.230196249236747,90.882008050613,0.403086866816104
505.54,520,4261,4357,2807999,6300222,2025-04-11,2025-04-25,524.58,96,3492223,320250757,171341368,1.96727778538865,57.2614702671882,0.554301578579295
408.89,415,10456,10281,3230904,6281691,2025-04-11,2025-06-20,524.58,-175,3050787,2694437004,991381554,0.233135567492377,96.322132309908,0.485663334920486
520.83,600,791,791,4603620,6262347,2025-04-11,2025-05-30,524.58,0,1658727,549725755,158036241,1.13917656996078,71.9588160827575,0.264873057976506
513.8,556,1487,1478,3292218,6237160,2025-04-11,2025-05-16,524.58,-9,2944942,2777147769,1252525510,0.224588697426277,91.1065967480393,0.472160726997544
458.04,475,3621,3645,3617379,6181920,2025-04-11,2025-08-15,524.58,24,2564541,712712120,174663640,0.867379665158494,72.2598691039518,0.414845387840671
397.77,400,18787,27652,2479884,6166396,2025-04-11,2025-05-16,524.58,8865,3686512,2777147769,1252525510,0.222040615513247,91.3286373635525,0.597838997041384
380.85,390,6672,6675,4396848,6107625,2025-04-11,2025-12-19,524.58,3,1710777,1214412355,359751552,0.502928430763536,93.1333496685317,0.280105114508504
418.86,425,10052,9897,3347316,6076758,2025-04-11,2025-06-20,524.58,-155,2729442,2694437004,991381554,0.225529785665013,96.547662095573,0.449160884800744
393.29,395,35441,35457,3756746,6063147,2025-04-11,2025-05-09,524.58,16,2306401,191401348,96958426,3.16776609117716,65.1782588281458,0.380396681789176
517.84,550,1863,1881,2964033,6049296,2025-04-11,2025-05-02,524.58,18,3085263,302134219,151415360,2.00218830558878,47.7995751285623,0.510020174248375
476.52,490,4175,4465,2797250,6018820,2025-04-11,2025-05-30,524.58,290,3221570,549725755,158036241,1.09487684454588,73.0536929273034,0.535249434274492
403.19,410,8829,8802,2516265,5994162,2025-04-11,2025-06-20,524.58,-27,3477897,2694437004,991381554,0.222464358643436,96.7701264542164,0.580214048268966
424.2,440,3853,3788,3926207,5985040,2025-04-11,2025-12-19,524.58,-65,2058833,1214412355,359751552,0.492834248215467,93.6261839167471,0.343996531351503
491.3,523,1888,1880,4595392,5959600,2025-04-11,2025-08-15,524.58,-8,1364208,712712120,174663640,0.836186144835028,73.0960552487868,0.228909322773341
446.08,450,15403,15159,3080600,5942328,2025-04-11,2025-05-02,524.58,-244,2861728,302134219,151415360,1.96678417283148,49.7663593013938,0.481583648697951
414.38,420,10374,10548,3371550,5927976,2025-04-11,2025-06-20,524.58,174,2556426,2694437004,991381554,0.220007964231477,96.9901344184479,0.431247697359099
480.26,493,1767,4647,1042530,5920278,2025-04-11,2025-05-16,524.58,2880,4877748,2777147769,1252525510,0.21317835752513,91.5418157210777,0.82390522877473
519.5,545,1660,2319,2244320,5913450,2025-04-11,2025-04-25,524.58,659,3669130,320250757,171341368,1.84650617391046,59.1079764410986,0.620471974904667
392.07,400,7480,7411,3553000,5876923,2025-04-11,2025-09-19,524.58,-69,2323923,1907543215,544900862,0.308088590276053,96.6371577589659,0.39543192925958
521,556,1680,1679,3877440,5876500,2025-04-11,2025-04-25,524.58,-1,1999060,320250757,171341368,1.83496834013729,60.9429447812359,0.340178677784396
427.01,435,7134,7347,2832198,5870253,2025-04-11,2025-06-20,524.58,213,3038055,2694437004,991381554,0.217865661408501,97.2080000798564,0.517533912081813
491.95,508,3385,3655,2599680,5866275,2025-04-11,2025-05-16,524.58,270,3266595,2777147769,1252525510,0.211233808495266,91.753049529573,0.55684314151655
510.72,538,2138,2150,3243346,5865200,2025-04-11,2025-05-16,524.58,12,2621854,2777147769,1252525510,0.211195099715992,91.9642446292889,0.447018686489804
398.29,400,6469,34280,608086,5861880,2025-04-11,2025-05-02,524.58,27811,5253794,302134219,151415360,1.94015759598551,51.7065168973793,0.896264338403379
526.49,565,1530,1522,3701070,5861222,2025-04-11,2025-04-11,524.58,-8,2160152,308969552,137875966,1.89702252602548,69.6230310098647,0.368549766584511
440.86,455,2768,4143,2563168,5858202,2025-04-11,2025-09-19,524.58,1375,3295034,1907543215,544900862,0.307107170832824,96.9442649297987,0.562465070340695
504.59,549,1314,1310,2616174,5817710,2025-04-11,2025-05-16,524.58,-4,3201536,2777147769,1252525510,0.209485071876274,92.1737297011652,0.550308626590188
489.84,525,1664,1646,3382912,5787336,2025-04-11,2025-08-15,524.58,-18,2404424,712712120,174663640,0.812015937093928,73.9080711858808,0.41546300404884
504.15,520,3695,3604,3011425,5712340,2025-04-11,2025-05-02,524.58,-91,2700915,302134219,151415360,1.89066303674792,53.5971799341272,0.472821120591561
531,577,1225,1225,5635000,5635000,2025-04-11,2025-05-30,524.58,0,0,549725755,158036241,1.02505657571019,74.0787495030136,0
513.79,579,861,861,6826869,5614581,2025-04-11,2025-05-30,524.58,0,-1212288,549725755,158036241,1.02134217815572,75.1000916811693,-0.215917804017789
468.08,475,8729,8082,2592513,5592744,2025-04-11,2025-05-02,524.58,-647,3000231,302134219,151415360,1.85107930459211,55.4482592387193,0.536450622449374
398.66,400,6597,41681,448596,5585254,2025-04-11,2025-04-25,524.58,35084,5136658,320250757,171341368,1.74402522957971,62.6869700108156,0.919682077126662
447.43,455,7338,7376,2905848,5583632,2025-04-11,2025-05-30,524.58,38,2677784,549725755,158036241,1.01571228002588,76.1158039611952,0.479577450662938
466.41,485,2967,2965,3521829,5511935,2025-04-11,2025-08-15,524.58,-2,1990106,712712120,174663640,0.773374669144114,74.6814458550249,0.361053967436118
381.22,385,14504,14464,3045840,5467392,2025-04-11,2025-06-20,524.58,-40,2421552,2694437004,991381554,0.202914077853126,97.4109141577095,0.442908062930187
342.49,345,21778,21749,2700472,5458999,2025-04-11,2025-06-20,524.58,-29,2758527,2694437004,991381554,0.202602584209462,97.613516741919,0.505317366791971
502.2,515,3694,4257,2105580,5448960,2025-04-11,2025-04-25,524.58,563,3343380,320250757,171341368,1.70146670410525,64.3884367149209,0.613581307258633
524.31,550,2147,2118,3306380,5441142,2025-04-11,2025-04-25,524.58,-29,2134762,320250757,171341368,1.69902549207714,66.087462206998,0.392337123346533
499.9,515,3746,3600,2667152,5436000,2025-04-11,2025-05-02,524.58,-146,2768848,302134219,151415360,1.79920037458584,57.2474596133052,0.509353936718175
507.36,553,1175,1179,2357050,5380956,2025-04-11,2025-05-16,524.58,4,3023906,2777147769,1252525510,0.193758361008553,92.3674880621738,0.561964453900013
352.93,360,7605,7605,3118050,5376735,2025-04-11,2025-12-19,524.58,0,2258685,1214412355,359751552,0.442743766387324,94.0689276831345,0.42008486562942
497.17,605,496,496,5348368,5348368,2025-04-11,2025-08-15,524.58,0,0,712712120,174663640,0.750424729693105,75.431870584718,0
456,470,2983,3818,2374468,5345200,2025-04-11,2025-07-18,524.58,835,2970732,867892480,293607617,0.615882741604121,92.9222135903286,0.555775649180573
437,445,6324,6677,2833152,5341600,2025-04-11,2025-06-20,524.58,353,2508448,2694437004,991381554,0.198245495889129,97.8117622378081,0.46960611052868
442.59,455,4014,4269,2492694,5297829,2025-04-11,2025-07-18,524.58,255,2805135,867892480,293607617,0.610424577016729,93.5326381673453,0.529487644844709
493.58,526,1624,1627,4107096,5274734,2025-04-11,2025-08-15,524.58,3,1167638,712712120,174663640,0.740093209022459,76.1719637937405,0.221364337993158
507.1,536,1801,1817,2568226,5251130,2025-04-11,2025-05-16,524.58,16,2682904,2777147769,1252525510,0.189083564749989,92.5565716269238,0.510919364022601
496.71,514,3704,3029,3118768,5237141,2025-04-11,2025-05-16,524.58,-675,2118373,2777147769,1252525510,0.1885798465051,92.7451514734289,0.404490350746715
525.63,564,1346,1345,3374422,5160765,2025-04-11,2025-05-16,524.58,-1,1786343,2777147769,1252525510,0.185829686760179,92.930981160189,0.346139186729099
502.35,522,4464,2622,4785408,5152230,2025-04-11,2025-05-16,524.58,-1842,366822,2777147769,1252525510,0.185522357056831,93.1165035172459,0.07119674393418
495.07,574,651,651,5138343,5138343,2025-04-11,2025-05-30,524.58,0,0,549725755,158036241,0.934710253842846,77.050514215038,0
418.54,430,4366,4469,2960148,5121474,2025-04-11,2025-09-19,524.58,103,2161326,1907543215,544900862,0.268485345953224,97.212750275752,0.422012490935227
509.08,532,2157,2230,2221710,5111160,2025-04-11,2025-05-02,524.58,73,2889450,302134219,151415360,1.69168524403388,58.9391448573391,0.565321766487451
513.75,563,1025,1028,2566600,5062900,2025-04-11,2025-05-16,524.58,3,2496300,2777147769,1252525510,0.182305747519624,93.2988092647655,0.493057338679413
347.56,350,22733,20656,3137154,5040064,2025-04-11,2025-06-20,524.58,-2077,1902910,2694437004,991381554,0.187054438181996,97.9988166759901,0.377556713565542
514.87,554,1268,1268,2746488,4961684,2025-04-11,2025-05-16,524.58,0,2215196,2777147769,1252525510,0.178661144912235,93.4774704096777,0.446460516227958
514.88,553,1295,1298,7461790,4947976,2025-04-11,2025-05-30,524.58,3,-2513814,549725755,158036241,0.90008080483695,77.950595019875,-0.508048947690935
339.42,345,8836,8851,3260484,4938858,2025-04-11,2025-12-19,524.58,15,1678374,1214412355,359751552,0.406687068001709,94.4756147511362,0.339830381841308
540.4,584,1119,1119,4878840,4878840,2025-04-11,2025-05-30,524.58,0,0,549725755,158036241,0.887504352056418,78.8380993719314,0
518.31,552,1447,1448,8602415,4878312,2025-04-11,2025-05-30,524.58,1,-3724103,549725755,158036241,0.887408304164319,79.7255076760957,-0.763399921940212
473.38,485,3976,4175,2492952,4851350,2025-04-11,2025-05-30,524.58,199,2358398,549725755,158036241,0.882503676765154,80.6080113528608,0.486132313685881
508.4,562,899,905,2934336,4850800,2025-04-11,2025-05-30,524.58,6,1916464,549725755,158036241,0.882403626877551,81.4904149797384,0.395082048321926
503.65,524,2176,2383,2165120,4849405,2025-04-11,2025-05-16,524.58,207,2684285,2777147769,1252525510,0.174618183955915,93.6520885936336,0.553528731875354
372.47,380,6431,6437,2463073,4847061,2025-04-11,2025-09-19,524.58,6,2383988,1907543215,544900862,0.254099669243929,97.4668499449959,0.491841963614652
527.44,565,1811,1284,4436950,4822704,2025-04-11,2025-04-25,524.58,-527,385754,320250757,171341368,1.5059149415219,67.5933771485199,0.079987077788726
511.85,535,2102,2077,2385770,4808255,2025-04-11,2025-05-02,524.58,-25,2422485,302134219,151415360,1.59143013191763,60.5305749892567,0.503817913151445
438.19,450,4031,4009,2503251,4734629,2025-04-11,2025-07-18,524.58,-22,2231378,867892480,293607617,0.54553174605223,94.0781699133976,0.471288880290304
505.34,526,2201,2281,2537753,4712546,2025-04-11,2025-05-16,524.58,80,2174793,2777147769,1252525510,0.169690142260486,93.8217787358941,0.461490031078742
480.26,492,3198,3974,1768494,4665476,2025-04-11,2025-05-16,524.58,776,2896982,2777147769,1252525510,0.16799523785081,93.9897739737449,0.620940285621446
468.26,485,2691,2775,2750202,4645350,2025-04-11,2025-07-18,524.58,84,1895148,867892480,293607617,0.535244872728935,94.6134147861265,0.407966676353773
418.5,430,4079,4027,2337267,4631050,2025-04-11,2025-08-15,524.58,-52,2293783,712712120,174663640,0.649778482790499,76.821742276531,0.495305168374343
479.5,490,4228,4408,1995616,4628400,2025-04-11,2025-05-09,524.58,180,2632784,191401348,96958426,2.41816478742877,67.5964236155745,0.568832425892317
529.86,610,572,572,5922488,4584008,2025-04-11,2025-07-18,524.58,0,-1338480,867892480,293607617,0.528176946526832,95.1415917326533,-0.291989019216371
520.5,557,1250,1250,4041250,4562500,2025-04-11,2025-05-02,524.58,0,521250,302134219,151415360,1.51009045420307,62.0406654434598,0.114246575342466
514.71,544,1563,1557,2564883,4560453,2025-04-11,2025-05-16,524.58,-6,1995570,2777147769,1252525510,0.164213552152543,94.1539875258975,0.437581529729612
400.33,405,9820,9758,2651400,4556986,2025-04-11,2025-06-20,524.58,-62,1905586,2694437004,991381554,0.169125720632361,98.1679423966225,0.418168061082479
496.45,513,2718,2752,2348352,4554560,2025-04-11,2025-05-16,524.58,34,2206208,2777147769,1252525510,0.164001356025791,94.3179888819233,0.484395419096466
421.45,430,5298,5265,2495358,4501575,2025-04-11,2025-07-18,524.58,-33,2006217,867892480,293607617,0.518678880591292,95.6602706132446,0.445670015494577
518.94,574,814,814,2892142,4481884,2025-04-11,2025-05-16,524.58,0,1589742,2777147769,1252525510,0.161384426497905,94.4793733084212,0.354703959317109
510.87,530,2395,2339,2162685,4474507,2025-04-11,2025-04-25,524.58,-56,2311822,320250757,171341368,1.39718857869866,68.9905657272186,0.516665187919027
475.46,487,3891,3839,2038884,4430206,2025-04-11,2025-05-16,524.58,-52,2391322,2777147769,1252525510,0.159523596455771,94.638896904877,0.539776705643033
519,551,1377,1376,2484108,4403200,2025-04-11,2025-05-16,524.58,-1,1919092,2777147769,1252525510,0.158551159904088,94.797448064781,0.435840297965116
517.49,543,1734,1725,2923524,4400475,2025-04-11,2025-05-16,524.58,-9,1476951,2777147769,1252525510,0.158453037649651,94.9559011024307,0.335634448553849
376.61,380,12982,12943,2557454,4387677,2025-04-11,2025-06-20,524.58,-39,1830223,2694437004,991381554,0.162842070290985,98.3307844669135,0.417128015576352
498.25,517,2190,2337,2148390,4381875,2025-04-11,2025-05-16,524.58,147,2233485,2777147769,1252525510,0.157783285747803,95.1136843881785,0.509709884467266
428.63,445,1746,2670,2357100,4370790,2025-04-11,2025-12-19,524.58,924,2013690,1214412355,359751552,0.3599098759169,94.8355246270531,0.460715339789832
518.71,600,531,536,2996433,4357144,2025-04-11,2025-07-18,524.58,5,1360711,867892480,293607617,0.502037303053945,96.1623079162986,0.312294245955608
528.77,565,1199,1199,2937550,4343977,2025-04-11,2025-05-02,524.58,0,1406427,302134219,151415360,1.43776398925538,63.4784294327151,0.32376483577146
506.89,640,403,323,5364333,4299453,2025-04-11,2025-12-19,524.58,-80,-1064880,1214412355,359751552,0.354035676786243,95.1895603038393,-0.247678018575851
524.16,570,929,921,2502726,4221864,2025-04-11,2025-04-25,524.58,-8,1719138,320250757,171341368,1.31829945994476,70.3088651871633,0.407198810762261
507.5,567,706,706,4200700,4200700,2025-04-11,2025-05-02,524.58,0,0,302134219,151415360,1.39034234980183,64.868771782517,0
537.85,574,1151,1151,4160865,4160865,2025-04-11,2025-05-02,524.58,0,0,302134219,151415360,1.37715781210469,66.2459295946217,0
504.92,539,1223,1218,3011026,4150944,2025-04-11,2025-08-15,524.58,-5,1139918,712712120,174663640,0.582415239409707,77.4041575159407,0.274616569146681
524.11,572,860,857,2708140,4104173,2025-04-11,2025-05-16,524.58,-3,1396033,2777147769,1252525510,0.147783745820549,95.261468133999,0.340149647687853
414.17,425,3731,3781,2634086,4094823,2025-04-11,2025-09-19,524.58,50,1460737,1907543215,544900862,0.214664756625186,97.6815147016211,0.356727751114029
485.15,495,3718,4095,1617330,4033575,2025-04-11,2025-05-02,524.58,377,2416245,302134219,151415360,1.33502752960266,67.5809571242243,0.599033115784385
459.8,480,1975,1995,2233725,4029900,2025-04-11,2025-08-15,524.58,20,1796175,712712120,174663640,0.565431664049715,77.9695891799904,0.445712052408248
522.49,551,1398,1398,3103560,3985698,2025-04-11,2025-05-30,524.58,0,882138.000000001,549725755,158036241,0.725033885305228,82.2154488650436,0.221325850578744
502.26,538,1100,1106,2598200,3952844,2025-04-11,2025-08-15,524.58,6,1354644,712712120,174663640,0.554620005620222,78.5242091856106,0.342701103306885
519.48,610,436,433,2795632,3919516,2025-04-11,2025-06-20,524.58,-3,1123884,2694437004,991381554,0.145466974888681,98.4762514418021,0.286740505715501
514.36,569,715,714,2588300,3901296,2025-04-11,2025-05-30,524.58,-1,1312996,549725755,158036241,0.709680411462621,82.9251292765063,0.336553801608491
483.51,497,2833,2876,1796122,3879724,2025-04-11,2025-05-16,524.58,43,2083602,2777147769,1252525510,0.139701748798085,95.4011698827971,0.537049027198842
506.54,525,2330,2086,2090010,3850756,2025-04-11,2025-05-02,524.58,-244,1760746,302134219,151415360,1.27451832921977,68.8554754534441,0.457246836725048
488.25,500,2904,3261,1701744,3831675,2025-04-11,2025-05-09,524.58,357,2129931,191401348,96958426,2.00190596358809,69.5983295791626,0.555874650120378
514,540,1413,1468,1907550,3816800,2025-04-11,2025-05-02,524.58,55,1909250,302134219,151415360,1.26327961547447,70.1187550689186,0.500222699643681
393.32,400,5614,5617,2256828,3752156,2025-04-11,2025-08-15,524.58,3,1495328,712712120,174663640,0.526461651865833,79.0506708374764,0.398525008022055
513.75,570,670,666,2470290,3746250,2025-04-11,2025-08-15,524.58,-4,1275960,712712120,174663640,0.52563298628905,79.5763038237655,0.340596596596597
416.66,420,7845,11194,1459170,3738796,2025-04-11,2025-05-16,524.58,3349,2279626,2777147769,1252525510,0.134627189872085,95.5357970726692,0.609721953270518
509.69,530,1778,1836,1829562,3728916,2025-04-11,2025-05-02,524.58,58,1899354,302134219,151415360,1.23419188079454,71.3529469497131,0.509358215631567
520.93,552,1187,1187,2452342,3688009,2025-04-11,2025-05-16,524.58,0,1235667,2777147769,1252525510,0.13279844310654,95.6685955157758,0.335049887351143
525.12,555,3706,1233,5384818,3684204,2025-04-11,2025-04-11,524.58,-2473,-1700614,308969552,137875966,1.19241652653204,70.8154475363967,-0.461596046255853
493,579,428,428,3680800,3680800,2025-04-11,2025-08-15,524.58,0,0,712712120,174663640,0.5164497553374,80.0927535791029,0
524.66,558,1103,1103,2840225,3677402,2025-04-11,2025-05-30,524.58,0,837177.000000001,549725755,158036241,0.668952103217358,83.5940813797236,0.227654469106179
352.39,355,14093,14084,1973020,3675924,2025-04-11,2025-06-20,524.58,-9,1702904,2694437004,991381554,0.136426422089028,98.6126778638912,0.463258761606606
482.85,490,4449,5122,1401435,3662230,2025-04-11,2025-04-25,524.58,673,2260795,320250757,171341368,1.14355077074806,71.4524159579114,0.617327420724531
516.79,567,730,729,2776920,3660309,2025-04-11,2025-08-15,524.58,-1,883389.000000001,712712120,174663640,0.513574681457641,80.6063282605605,0.241342739096617
495.4,510,2485,2504,1833930,3655840,2025-04-11,2025-05-09,524.58,19,1821910,191401348,96958426,1.91003879450212,71.5083683736648,0.498356054969583
449.47,460,3277,3469,1310800,3652857,2025-04-11,2025-05-30,524.58,192,2342057,549725755,158036241,0.664487149596984,84.2585685293206,0.641157592536472
489.18,505,2349,2299,1259064,3637018,2025-04-11,2025-05-02,524.58,-50,2377954,302134219,151415360,1.20377559749364,72.5567225472068,0.653819695145859
530.43,569,935,935,3606295,3606295,2025-04-11,2025-08-15,524.58,0,0,712712120,174663640,0.505996025435908,81.1123242859964,0
502.01,520,2177,2004,1981070,3605196,2025-04-11,2025-05-09,524.58,-173,1624126,191401348,96958426,1.88357921073785,73.3919475844026,0.450495895368796
488.27,505,2127,2141,1395312,3581893,2025-04-11,2025-05-09,524.58,14,2186581,191401348,96958426,1.87140427036073,75.2633518547633,0.610454025287746
518.47,569,708,708,2616060,3577524,2025-04-11,2025-05-02,524.58,0,961464,302134219,151415360,1.18408434894956,73.7408068961563,0.268751236888977
469.07,480,3200,3255,1872000,3557715,2025-04-11,2025-05-30,524.58,55,1685715,549725755,158036241,0.647179974312828,84.9057485036334,0.473819572394079
495.48,533,946,945,2690424,3545640,2025-04-11,2025-08-15,524.58,-1,855216,712712120,174663640,0.497485576644887,81.6098098626413,0.241202152502792
510.07,534,1558,1477,2174968,3534461,2025-04-11,2025-05-16,524.58,-81,1359493,2777147769,1252525510,0.127269461115953,95.7958649768917,0.384639411780184
488.72,522,1057,1054,2641443,3507712,2025-04-11,2025-08-15,524.58,-3,866269.000000001,712712120,174663640,0.49216393289341,82.1019737955347,0.246961267059554
481.2,490,3896,3979,1558400,3501520,2025-04-11,2025-05-02,524.58,83,1943120,302134219,151415360,1.15892864157833,74.8997355377346,0.554936142018324
500.36,519,1286,1874,1274426,3493136,2025-04-11,2025-05-16,524.58,588,2218710,2777147769,1252525510,0.125781423624347,95.921646400516,0.635162787821602
344.13,350,6124,5903,2394484,3465061,2025-04-11,2025-12-19,524.58,-221,1070577,1214412355,359751552,0.285328207155798,95.4748885109951,0.308963391986461
529.93,561,1114,1114,3461198,3461198,2025-04-11,2025-05-16,524.58,0,0,2777147769,1252525510,0.124631394794175,96.0462777953102,0
525.86,551,1362,1376,1400136,3459264,2025-04-11,2025-04-11,524.58,14,2059128,308969552,137875966,1.11961323619358,71.9350607725903,0.595250319143032
349,355,5738,5745,2117322,3447000,2025-04-11,2025-09-19,524.58,7,1329678,1907543215,544900862,0.180703638737747,97.8622183403588,0.385749347258486
476.25,485,3851,3936,1675185,3444000,2025-04-11,2025-05-09,524.58,85,1768815,191401348,96958426,1.79936036814119,77.0627122229045,0.513593205574913
472.77,480,4785,4749,1535985,3433527,2025-04-11,2025-05-02,524.58,-36,1897542,302134219,151415360,1.13642440481063,76.0361599425453,0.552650962115632
383,390,5307,4852,2324466,3396400,2025-04-11,2025-09-19,524.58,-455,1071934,1907543215,544900862,0.178051012071042,98.0402693524299,0.315608879990578
528.18,571,794,793,2307364,3395626,2025-04-11,2025-05-02,524.58,-1,1088262,302134219,151415360,1.12387997997671,77.160039922522,0.320489358957671
526.91,589,544,544,4515744,3377696,2025-04-11,2025-05-16,524.58,0,-1138048,2777147769,1252525510,0.121624640852879,96.1679024361631,-0.336930262522145
504.6,528,1315,1438,1509620,3364920,2025-04-11,2025-05-16,524.58,123,1855300,2777147769,1252525510,0.121164600514277,96.2890670366774,0.551365262769992
525.84,548,1520,1518,1580800,3363888,2025-04-11,2025-04-11,524.58,-2,1783088,308969552,137875966,1.08874417502473,73.023804947615,0.530067588457166
487.48,505,2014,1917,1776348,3358584,2025-04-11,2025-05-30,524.58,-97,1582236,549725755,158036241,0.610956275825207,85.5167047794586,0.471102107316655
485.93,495,3417,3690,1110525,3346830,2025-04-11,2025-04-25,524.58,273,2236305,320250757,171341368,1.04506544538785,72.4974814032992,0.66818601482597
532.05,576,758,758,3069900,3331410,2025-04-11,2025-05-02,524.58,0,261510,302134219,151415360,1.10262584987105,78.262665772393,0.0784982935153584
529.93,583,626,626,3322182,3322182,2025-04-11,2025-05-16,524.58,0,0,2777147769,1252525510,0.119625683483031,96.4086927201604,0
518.56,571,631,631,1961148,3308964,2025-04-11,2025-05-16,524.58,0,1347816,2777147769,1252525510,0.119149727534718,96.5278424476951,0.407322654462243
409.73,420,3173,3182,1780053,3267914,2025-04-11,2025-09-19,524.58,9,1487861,1907543215,544900862,0.171315332428786,98.2115846848586,0.455293805161335
442.77,460,1882,1882,1580880,3242686,2025-04-11,2025-08-15,524.58,0,1661806,712712120,174663640,0.454978371912631,82.5569521674474,0.512478235635519
420.23,435,2245,2191,2231530,3236107,2025-04-11,2025-12-19,524.58,-54,1004577,1214412355,359751552,0.266475138092613,95.7413636490877,0.310427621830799
461.11,470,3645,3635,1775115,3231515,2025-04-11,2025-05-30,524.58,-10,1456400,549725755,158036241,0.587841295520164,86.1045460749788,0.450686442736611
484.85,516,1071,1036,1969569,3227140,2025-04-11,2025-08-15,524.58,-35,1257571,712712120,174663640,0.452797126559318,83.0097492940067,0.389685913843217
415.47,430,2252,2216,2049320,3219848,2025-04-11,2025-12-19,524.58,-36,1170528,1214412355,359751552,0.265136301252469,96.0064999503402,0.363535173088916
501.75,527,1052,1274,1156148,3216850,2025-04-11,2025-05-16,524.58,222,2060702,2777147769,1252525510,0.115832871261234,96.6436753189564,0.640596235447721
506.56,542,1040,907,1833520,3214408,2025-04-11,2025-05-30,524.58,-133,1380888,549725755,158036241,0.58472938019795,86.6892754551767,0.429593256363225
518.57,584,491,491,2302299,3212613,2025-04-11,2025-05-16,524.58,0,910314.000000001,2777147769,1252525510,0.115680304658646,96.759355623615,0.283356258596974
523.68,538,2271,2227,1362600,3189064,2025-04-11,2025-04-11,524.58,-44,1826464,308969552,137875966,1.03216125322278,74.0559662008378,0.572727295532482
539.69,576,875,875,3177125,3177125,2025-04-11,2025-05-16,524.58,0,0,2777147769,1252525510,0.114402446836454,96.8737580704515,0
475.6,495,1656,1634,2003760,3169960,2025-04-11,2025-07-18,524.58,-22,1166200,867892480,293607617,0.36524800860125,96.5275559248998,0.367891077489937
529.78,578,657,657,3168054,3168054,2025-04-11,2025-05-30,524.58,0,0,549725755,158036241,0.576297175670803,87.2655726308476,0
524.37,554,1077,1069,1394715,3167447,2025-04-11,2025-04-11,524.58,-8,1772732,308969552,137875966,1.02516477092863,75.0811309717664,0.559672190252907
454.3,465,2852,2886,1240620,3088020,2025-04-11,2025-05-30,524.58,34,1847400,549725755,158036241,0.561738279844647,87.8273109106922,0.598247420677327
472.87,484,2753,2763,1362735,3075219,2025-04-11,2025-05-16,524.58,10,1712484,2777147769,1252525510,0.110732998593997,96.9844910690455,0.556865706149708
346.81,350,9234,9619,1699056,3068461,2025-04-11,2025-07-18,524.58,385,1369405,867892480,293607617,0.353553126765196,96.881109051665,0.446283984055851
526.63,562,867,867,3066579,3066579,2025-04-11,2025-08-15,524.58,0,0,712712120,174663640,0.43026895627929,83.440018250286,0
458.02,465,4400,4389,1104400,3063522,2025-04-11,2025-05-02,524.58,-11,1959122,302134219,151415360,1.0139606199323,79.2766263923253,0.639499895871484
490.11,548,527,527,3050803,3050803,2025-04-11,2025-08-15,524.58,0,0,712712120,174663640,0.428055439831723,83.8680736901177,0
506.86,541,889,887,1155700,3028218,2025-04-11,2025-05-02,524.58,-2,1872518,302134219,151415360,1.00227574685938,80.2789021391847,0.618356406308925
486.06,499,1438,2339,950518,3026666,2025-04-11,2025-05-16,524.58,901,2076148,2777147769,1252525510,0.108984694073007,97.0934757631185,0.685952133469633
437.26,450,2400,2375,1809600,3025750,2025-04-11,2025-08-15,524.58,-25,1216150,712712120,174663640,0.424540275812905,84.2926139659306,0.401933404940924
494.34,532,814,798,1783474,3005268,2025-04-11,2025-08-15,524.58,-16,1221794,712712120,174663640,0.421666464715094,84.7142804306457,0.406550763525915
520.56,568,596,629,4156504,2983976,2025-04-11,2025-05-30,524.58,33,-1172528,549725755,158036241,0.542811751652422,88.3701226623446,-0.392941498188993
525.5,605,376,374,2397376,2973300,2025-04-11,2025-07-18,524.58,-2,575924,867892480,293607617,0.342588519720784,97.2236975713858,0.193698584064844
371.71,375,9015,8998,1640730,2960342,2025-04-11,2025-06-20,524.58,-17,1319612,2694437004,991381554,0.10986866627816,98.7225465301693,0.445763361125167
495.28,586,325,325,2948400,2948400,2025-04-11,2025-05-30,524.58,0,0,549725755,158036241,0.536340161104513,88.9064628234491,0
485.66,517,930,930,1743750,2914620,2025-04-11,2025-08-15,524.58,0,1170870,712712120,174663640,0.408947724924336,85.12322815557,0.401723037651563
489.46,490,102451,53757,6351962,2902878,2025-04-11,2025-04-11,524.58,-48694,-3449084,308969552,137875966,0.939535297639944,76.0206662694064,-1.18816016380985
423.15,430,4104,4192,1497960,2871520,2025-04-11,2025-06-20,524.58,88,1373560,2694437004,991381554,0.106572170577271,98.8291187007466,0.478338998161252
512.64,564,559,559,1777620,2871024,2025-04-11,2025-05-30,524.58,0,1093404,549725755,158036241,0.522264779098807,89.4287276025479,0.380841121495327
471.99,483,2584,2591,1131792,2852691,2025-04-11,2025-05-16,524.58,7,1720899,2777147769,1252525510,0.102720173259891,97.1961959363784,0.603254611172398
525.05,582,499,498,2270949,2836110,2025-04-11,2025-05-30,524.58,-1,565161,549725755,158036241,0.515913612233795,89.9446412147817,0.199273300400901
515.18,543,1017,1014,1220400,2820948,2025-04-11,2025-04-25,524.58,-3,1600548,320250757,171341368,0.880855997477002,73.3783374007762,0.567379476686561
515.16,548,857,856,1785131,2811104,2025-04-11,2025-05-30,524.58,-1,1025973,549725755,158036241,0.511364798616721,90.4560060133985,0.364971555659271
471.57,480,3310,3334,1290900,2810562,2025-04-11,2025-05-09,524.58,24,1519662,191401348,96958426,1.46841285569211,78.5311250785966,0.540696842837838
481.16,495,1458,2030,1097874,2809520,2025-04-11,2025-05-30,524.58,572,1711646,549725755,158036241,0.511076654940426,90.9670826683389,0.609230758278994
508.5,535,734,1045,943190,2769250,2025-04-11,2025-05-09,524.58,311,1826060,191401348,96958426,1.44682889067218,79.9779539692688,0.659405976347387
524.13,539,1835,1861,1201925,2767307,2025-04-11,2025-04-11,524.58,26,1565382,308969552,137875966,0.895656863948846,76.9163231333552,0.565669801001479
499,500,23986,27671,2206712,2767100,2025-04-11,2025-04-11,524.58,3685,560388,308969552,137875966,0.895589867055897,77.8119130004111,0.202518159806295
524.53,544,1466,1405,1254896,2735535,2025-04-11,2025-04-11,524.58,-61,1480639,308969552,137875966,0.885373650022317,78.6972866504334,0.54126121581336
521.9,532,3666,2702,1598376,2729020,2025-04-11,2025-04-11,524.58,-964,1130644,308969552,137875966,0.88326502800509,79.5805516784385,0.414304035881012
537.94,615,353,353,2720218,2720218,2025-04-11,2025-06-20,524.58,0,0,2694437004,991381554,0.100956823112276,98.9300755238589,0
514.47,559,604,610,1986556,2716330,2025-04-11,2025-08-15,524.58,6,729774,712712120,174663640,0.381125832404814,85.5043539879748,0.268661760537195
515.25,533,1552,1527,1441808,2710425,2025-04-11,2025-04-25,524.58,-25,1268617,320250757,171341368,0.84634460364445,74.2246820044207,0.468050951419058
402.82,415,2204,2211,1672836,2692998,2025-04-11,2025-12-19,524.58,7,1020162,1214412355,359751552,0.221753178721572,96.2282531290618,0.378820184790334
523.14,565,628,633,2186696,2649738,2025-04-11,2025-05-09,524.58,5,463042,191401348,96958426,1.38438836909341,81.3623423383622,0.174750107369106
524.95,543,1476,1438,1176372,2595590,2025-04-11,2025-04-11,524.58,-38,1419218,308969552,137875966,0.840079542854113,80.4206312212926,0.546780500772464
511.49,581,369,369,1470096,2564919,2025-04-11,2025-05-16,524.58,0,1094823,2777147769,1252525510,0.0923580310933033,97.2885539674717,0.426845058264998
495,505,2846,2556,1240856,2556000,2025-04-11,2025-04-25,524.58,-290,1315144,320250757,171341368,0.79812457711068,75.0228065815314,0.514532081377152
526.98,564,979,686,6637620,2539572,2025-04-11,2025-04-25,524.58,-293,-4098048,320250757,171341368,0.792994846847466,75.8158014283788,-1.61367663527555
521.83,568,556,547,1798104,2525499,2025-04-11,2025-05-02,524.58,-9,727395,302134219,151415360,0.835886450849184,81.1147885900339,0.288020308065852
479.7,480,77438,83870,3252396,2516100,2025-04-11,2025-04-11,524.58,6432,-736296,308969552,137875966,0.814352088648528,81.2349833099412,-0.292633838082747
479.61,508,910,886,1774500,2515354,2025-04-11,2025-08-15,524.58,-24,740854,712712120,174663640,0.352927069628057,85.8572810576029,0.294532697982073
440.08,445,4856,5089,1306264,2503788,2025-04-11,2025-05-16,524.58,233,1197524,2777147769,1252525510,0.0901568158507305,97.3787107833224,0.478284902715406
471.58,494,1112,1110,1791432,2488620,2025-04-11,2025-08-15,524.58,-2,697188,712712120,174663640,0.349176046002978,86.2064571036059,0.280150444824843
486.61,519,773,768,1433915,2487552,2025-04-11,2025-08-15,524.58,-5,1053637,712712120,174663640,0.349026195878358,86.5554832994842,0.423563808917361
478.61,502,1063,1063,1845368,2486357,2025-04-11,2025-08-15,524.58,0,640989,712712120,174663640,0.348858526497347,86.9043418259816,0.257802479692176
476.2,486,2540,2536,1303020,2485280,2025-04-11,2025-05-16,524.58,-4,1182260,2777147769,1252525510,0.0894903767002252,97.4682011600226,0.475704950750016
524.3,541,1516,1481,1085456,2473270,2025-04-11,2025-04-11,524.58,-35,1387814,308969552,137875966,0.800489881281247,82.0354731912224,0.561125150104922
430.59,435,5572,5562,1287132,2452842,2025-04-11,2025-05-16,524.58,-10,1165710,2777147769,1252525510,0.0883223437866694,97.5565235038093,0.475248711494666
515.71,572,435,434,2876220,2442986,2025-04-11,2025-05-30,524.58,-1,-433234,549725755,158036241,0.444400863117647,91.4114835314565,-0.17733789714718
524,549,989,977,1068120,2442500,2025-04-11,2025-04-11,524.58,-12,1374380,308969552,137875966,0.790530971155371,82.8260041623778,0.562693961105425
476.5,498,1134,1135,1619352,2440250,2025-04-11,2025-08-15,524.58,1,820898,712712120,174663640,0.3423892945724,87.246731120554,0.336399139432435
385.7,390,5659,5639,1256298,2424770,2025-04-11,2025-06-20,524.58,-20,1168472,2694437004,991381554,0.089991712420826,99.0200672362797,0.481889828726023
149.2,150,30268,30272,1150184,2421760,2025-04-11,2025-12-19,524.58,4,1271576,1214412355,359751552,0.199418261023868,96.4276713900856,0.525062764270613
512.19,538,946,935,1179662,2413235,2025-04-11,2025-05-02,524.58,-11,1233573,302134219,151415360,0.798729454739451,81.9135180447733,0.511169861202908
512.53,556,555,555,1387500,2412585,2025-04-11,2025-05-30,524.58,0,1025085,549725755,158036241,0.438870651057635,91.8503541825141,0.424890729238555
528.48,566,642,642,2408784,2408784,2025-04-11,2025-08-15,524.58,0,0,712712120,174663640,0.337974328260336,87.5847054488143,0
517.51,545,881,875,1297713,2405375,2025-04-11,2025-05-02,524.58,-6,1107662,302134219,151415360,0.796127961924101,82.7096460066974,0.460494517486878
497.1,537,599,600,1812574,2394000,2025-04-11,2025-08-15,524.58,1,581426,712712120,174663640,0.335899998445375,87.9206054472597,0.242868003341687
505.96,539,723,721,1153908,2382184,2025-04-11,2025-05-30,524.58,-2,1228276,549725755,158036241,0.433340438997623,92.2836946215118,0.515609205670091
514.3,538,999,1003,1058940,2377110,2025-04-11,2025-04-25,524.58,4,1318170,320250757,171341368,0.742265224372288,76.5580666527511,0.554526294534119
542.33,577,685,685,2374895,2374895,2025-04-11,2025-05-02,524.58,0,0,302134219,151415360,0.7860397302432,83.4956857369406,0
451.46,465,1787,1753,1234817,2373562,2025-04-11,2025-07-18,524.58,-34,1138745,867892480,293607617,0.273485720258804,97.4971832916446,0.479762062250744
371.51,380,2779,2784,1417290,2363616,2025-04-11,2025-12-19,524.58,5,946326,1214412355,359751552,0.194630430946167,96.6223018210318,0.400372141667682
479.61,505,2410,929,3778880,2358731,2025-04-11,2025-08-15,524.58,-1481,-1420149,712712120,174663640,0.330951436605287,88.251556883865,-0.602081797373249
522.45,553,760,760,2321800,2321800,2025-04-11,2025-08-15,524.58,0,0,712712120,174663640,0.325769681031943,88.5773265648969,0
524.79,553,827,821,939472,2316041,2025-04-11,2025-04-11,524.58,-6,1376569,308969552,137875966,0.749601695380003,83.5756058577578,0.594362966804128
511.1,540,804,801,1130424,2314890,2025-04-11,2025-05-09,524.58,-3,1184466,191401348,96958426,1.20944289274285,82.5717852311051,0.511672692870936
503.09,635,175,175,2308425,2308425,2025-04-11,2025-09-19,524.58,0,0,1907543215,544900862,0.121015606978005,98.3326002918366,0
530.53,567,623,622,2281426,2268434,2025-04-11,2025-04-25,524.58,-1,-12992,320250757,171341368,0.708330566100738,77.2663972188519,-0.00572729909708636
370.51,375,5041,5024,1290496,2255776,2025-04-11,2025-07-18,524.58,-17,965280,867892480,293607617,0.259914223476161,97.7570975151208,0.42791482842268
486.69,501,1593,1576,1113507,2255256,2025-04-11,2025-05-16,524.58,-17,1141749,2777147769,1252525510,0.0812076341480409,97.6377311379573,0.506261373431664
434.28,440,4031,3933,1237517,2249676,2025-04-11,2025-05-30,524.58,-98,1012159,549725755,158036241,0.409236056258634,92.6929306777704,0.449913231949845
514.82,535,1197,1101,1230516,2221818,2025-04-11,2025-04-25,524.58,-96,991302,320250757,171341368,0.693774472483136,77.960171691335,0.446167057787812
357.45,360,8578,8572,1243810,2185860,2025-04-11,2025-06-20,524.58,-6,942050,2694437004,991381554,0.0811249250494631,99.1011921613292,0.4309745363381
493.07,509,1361,1370,1062941,2182410,2025-04-11,2025-05-16,524.58,9,1119469,2777147769,1252525510,0.0785845832318043,97.7163157211891,0.512950820423294
523.1,534,1788,2001,876120,2181090,2025-04-11,2025-04-11,524.58,213,1304970,308969552,137875966,0.705923928711267,84.2815297864691,0.598310936274982
494.28,495,31860,30198,2293920,2174256,2025-04-11,2025-04-11,524.58,-1662,-119664,308969552,137875966,0.70371206027447,84.9852418467435,-0.0550367574011524
367.32,375,2818,2831,1479450,2174208,2025-04-11,2025-12-19,524.58,13,694758,1214412355,359751552,0.179033751678193,96.80133557271,0.319545324090427
474.4,480,3663,3857,934065,2159920,2025-04-11,2025-04-25,524.58,194,1225855,320250757,171341368,0.67444649318971,78.6346181845247,0.567546483203082
446.65,450,4681,6433,758322,2155055,2025-04-11,2025-04-25,524.58,1752,1396733,320250757,171341368,0.672927371097518,79.3075455556222,0.648119421546086
443.33,450,3294,3228,1136430,2153076,2025-04-11,2025-05-30,524.58,-66,1016646,549725755,158036241,0.391663657817888,93.0845943355883,0.472183053454685
399.25,410,2001,1995,1430715,2144625,2025-04-11,2025-12-19,524.58,-6,713910,1214412355,359751552,0.176597758674812,96.9779333313848,0.332883371218744
438.45,445,3201,3238,1085139,2120890,2025-04-11,2025-05-30,524.58,37,1035751,549725755,158036241,0.385808738395384,93.4704030739837,0.488356774750223
348.19,355,3123,3111,1286676,2118591,2025-04-11,2025-12-19,524.58,-12,831915,1214412355,359751552,0.174454005781257,97.1523873371661,0.392673715691231
449.24,455,3152,3625,958208,2088000,2025-04-11,2025-05-16,524.58,473,1129792,2777147769,1252525510,0.0751850522074254,97.7915007733966,0.541088122605364
296.11,300,5420,5362,1273700,2085818,2025-04-11,2025-12-19,524.58,-58,812118,1214412355,359751552,0.17175533429088,97.3241426714569,0.38935228289333
318.7,325,3269,3275,1039542,2063250,2025-04-11,2025-12-19,524.58,6,1023708,1214412355,359751552,0.169896986925829,97.4940396583828,0.496162849872774
463.19,472,2272,2335,854272,2057135,2025-04-11,2025-05-16,524.58,63,1202863,2777147769,1252525510,0.0740736601401926,97.8655744335368,0.584727302777893
512.21,567.5,369,369,2040201,2040201,2025-04-11,2025-05-02,524.58,0,0,302134219,151415360,0.67526313528889,84.1709488722295,0
517.69,567,412,412,2823848,2031572,2025-04-11,2025-05-30,524.58,0,-792276.000000001,549725755,158036241,0.369561000466496,93.8399640744502,-0.389981748124113
526.29,560,728,602,1308944,2029342,2025-04-11,2025-04-11,524.58,-126,720398,308969552,137875966,0.65680970401899,85.6420515507625,0.354990928093934
455.78,463,2471,2800,751184,2021600,2025-04-11,2025-05-16,524.58,329,1270416,2777147769,1252525510,0.0727941099341625,97.9383685434709,0.628421052631579
324.44,330,3629,3634,1219344,2020504,2025-04-11,2025-12-19,524.58,5,801160,1214412355,359751552,0.16637709520009,97.6604167535829,0.396514928948421
524.21,552,721,720,1538614,2000880,2025-04-11,2025-04-25,524.58,-1,462266,320250757,171341368,0.624785408391712,79.9323309640139,0.231031346207669
514.16,518,3574,5165,732670,1983360,2025-04-11,2025-04-11,524.58,1591,1250690,308969552,137875966,0.641927331402545,86.2839788821651,0.630591521458535
377.71,385,2409,2707,1178001,1973403,2025-04-11,2025-09-19,524.58,298,795402,1907543215,544900862,0.103452597271826,98.4360528891085,0.403061108146689
363.65,365,14523,14614,1074702,1972890,2025-04-11,2025-05-16,524.58,91,898188,2777147769,1252525510,0.0710401521309902,98.0094086956019,0.455265118683759
521.16,531,1956,1998,772620,1966032,2025-04-11,2025-04-11,524.58,42,1193412,308969552,137875966,0.636319011784048,86.9202978939491,0.607015552137503
247.82,250,8928,8937,1187424,1948266,2025-04-11,2025-12-19,524.58,9,760842,1214412355,359751552,0.160428703807118,97.82084545739,0.390522649371287
525.54,600,917,260,5042583,1935960,2025-04-11,2025-05-16,524.58,-657,-3106623,2777147769,1252525510,0.0697103705323215,98.0791190661342,-1.60469379532635
514.69,547,598,599,1114672,1935369,2025-04-11,2025-05-30,524.58,1,820697,549725755,158036241,0.352060819853711,94.1920248943039,0.424051950816614
478.36,485,2957,2895,795433,1922280,2025-04-11,2025-04-25,524.58,-62,1126847,320250757,171341368,0.600242140879623,80.5325731048936,0.586203362673492
510.72,534,814,814,823768,1894992,2025-04-11,2025-04-25,524.58,0,1071224,320250757,171341368,0.591721317929625,81.1242944228232,0.565292096219932
327.52,330,7776,7635,785376,1893480,2025-04-11,2025-06-20,524.58,-141,1108104,2694437004,991381554,0.0702736785899634,99.1714658399191,0.585220863172571
518.13,524,1304,3187,340344,1870769,2025-04-11,2025-04-11,524.58,1883,1530425,308969552,137875966,0.605486523798306,87.5257844177474,0.818072674926728
520.09,528,815,2350,271395,1858850,2025-04-11,2025-04-11,524.58,1535,1587455,308969552,137875966,0.601628862121663,88.1274132798691,0.853998439895634
529.04,562,562,562,3437754,1852352,2025-04-11,2025-04-25,524.58,0,-1585402,320250757,171341368,0.578406751431972,81.7027011742552,-0.855885922330097
522,558,1967,512,2968203,1843200,2025-04-11,2025-04-11,524.58,-1455,-1125003,308969552,137875966,0.596563638089491,88.7239769179586,-0.610353190104167
267.83,270,8482,8482,1162034,1840594,2025-04-11,2025-09-19,524.58,0,678560,1907543215,544900862,0.096490291046958,98.5325431801554,0.368663594470046
500.29,587,212,212,1838252,1838252,2025-04-11,2025-05-30,524.58,0,0,549725755,158036241,0.334394374518618,94.5264192688225,0
520.83,551,608,607,997728,1831319,2025-04-11,2025-04-25,524.58,-1,833591,320250757,171341368,0.57183908545765,82.2745402597128,0.455186125410155
466.26,475,1840,2095,675280,1831030,2025-04-11,2025-05-09,524.58,255,1155750,191401348,96958426,0.95664425519093,83.528429486296,0.631202110287652
523.25,536,1520,1428,794960,1820700,2025-04-11,2025-04-11,524.58,-92,1025740,308969552,137875966,0.589281367116718,89.3132582850753,0.563376723238315
530.07,588,313,314,2531544,1819002,2025-04-11,2025-05-30,524.58,1,-712542,549725755,158036241,0.330892628452527,94.857311897275,-0.391721394478951
429.35,440,1627,1706,1047788,1816890,2025-04-11,2025-08-15,524.58,79,769102,712712120,174663640,0.25492621059959,88.8322527754965,0.423306859523692
398.85,405,2724,2947,945228,1812405,2025-04-11,2025-07-18,524.58,223,867177,867892480,293607617,0.208828287116856,97.9659258022376,0.478467561058373
519,559,452,452,1414308,1808000,2025-04-11,2025-05-30,524.58,0,393692,549725755,158036241,0.328891266882702,95.1862031641577,0.21775
472.85,482,2007,1971,941283,1803465,2025-04-11,2025-05-16,524.58,-36,862182,2777147769,1252525510,0.0649394684766592,98.1440585346109,0.478069715797091
527.23,590,425,287,2043825,1801499,2025-04-11,2025-05-30,524.58,-138,-242326,549725755,158036241,0.32770867721124,95.513911841369,-0.134513535672237
521.26,547,733,699,708078,1799226,2025-04-11,2025-04-11,524.58,-34,1091148,308969552,137875966,0.582331167700305,89.8955894527756,0.606454108600031
526,620,193,190,1593215,1786000,2025-04-11,2025-06-20,524.58,-3,192785,2694437004,991381554,0.0662847191212343,99.2377505590404,0.107942329227324
337.99,340,8479,8848,932690,1778448,2025-04-11,2025-06-20,524.58,369,845758,2694437004,991381554,0.0660044379348941,99.3037549969753,0.475559589034934
506.41,544,491,468,660886,1759212,2025-04-11,2025-04-25,524.58,-23,1098326,320250757,171341368,0.549323291685459,82.8238635513983,0.624328392484817
461.69,474,1428,1428,1757868,1757868,2025-04-11,2025-08-15,524.58,0,0,712712120,174663640,0.246644886577767,89.0788976620743,0
515.67,549,542,526,1140368,1753158,2025-04-11,2025-05-30,524.58,-16,612790,549725755,158036241,0.318915019726518,95.8328268610955,0.34953495349535
515,542,646,646,860472,1744200,2025-04-11,2025-05-02,524.58,0,883728,302134219,151415360,0.57729310032241,84.7482419725519,0.506666666666667
497.13,536,445,442,1112500,1718054,2025-04-11,2025-08-15,524.58,-3,605554,712712120,174663640,0.241058619853413,89.3199562819277,0.352465056395201
523.16,555,630,538,1156050,1712992,2025-04-11,2025-04-25,524.58,-92,556942,320250757,171341368,0.534890851171353,83.3587544025696,0.325128196745811
528.74,562,513,513,1210680,1706238,2025-04-11,2025-05-02,524.58,0,495558,302134219,151415360,0.564728485785981,85.3129704583379,0.290438965724594
455.21,482,636,636,1703844,1703844,2025-04-11,2025-08-15,524.58,0,0,712712120,174663640,0.23906482746498,89.5590211093927,0
528.47,640,182,152,2524158,1695256,2025-04-11,2025-09-19,524.58,-30,-828902,1907543215,544900862,0.0888711713930948,98.6214143515485,-0.488953880711822
498.16,579,209,209,1689556,1689556,2025-04-11,2025-05-16,524.58,0,0,2777147769,1252525510,0.06083781420851,98.2048963488194,0
510.88,562.5,327,327,1687974,1687974,2025-04-11,2025-04-25,524.58,0,0,320250757,171341368,0.527078847779273,83.8858332503489,0
439.49,445,84,3063,25200,1687713,2025-04-11,2025-05-23,524.58,2979,1662513,30713088,21949191,5.49509381798405,41.3039320565877,0.985068551347297
511.55,554,397,396,644728,1681020,2025-04-11,2025-04-25,524.58,-1,1036292,320250757,171341368,0.524907424340608,84.4107406746895,0.616466193144638
467.54,488,819,819,1024569,1675674,2025-04-11,2025-08-15,524.58,0,651105,712712120,174663640,0.235112319964476,89.7941334293572,0.388563049853373
517.53,523,1677,3051,446082,1668897,2025-04-11,2025-04-11,524.58,1374,1222815,308969552,137875966,0.54014934131762,90.4357387940932,0.732708489499352
375.95,385,1852,1837,1037120,1662485,2025-04-11,2025-12-19,524.58,-15,625365,1214412355,359751552,0.136896252179516,97.9577417095695,0.376162792446248
490.47,506,1138,1069,785220,1660157,2025-04-11,2025-05-16,524.58,-69,874937,2777147769,1252525510,0.0597792101137561,98.2646755589332,0.527020637204794
513.77,531,425,954,367200,1643742,2025-04-11,2025-04-25,524.58,529,1276542,320250757,171341368,0.513267170825142,84.9240078455146,0.77660727778447
523.69,573,333,333,1642023,1642023,2025-04-11,2025-05-30,524.58,0,0,549725755,158036241,0.298698575619765,96.1315254367153,0
483.53,514,539,538,1187417,1639286,2025-04-11,2025-08-15,524.58,-1,451869,712712120,174663640,0.230006752235391,90.0241401815925,0.27564988659697
529.54,630,233,163,2915529,1637498,2025-04-11,2025-09-19,524.58,-70,-1278031,1907543215,544900862,0.0858432976576103,98.7072576492061,-0.780477899820335
345.76,350,3862,3861,903708,1637064,2025-04-11,2025-08-15,524.58,-1,733356,712712120,174663640,0.229694985403083,90.2538351669956,0.447970268724986
524.13,562.5,424,424,1140136,1626888,2025-04-11,2025-05-02,524.58,0,486752,302134219,151415360,0.538465323585211,85.8514357819231,0.299192077143602
319.44,320,29333,28944,997322,1620864,2025-04-11,2025-05-16,524.58,-389,623542,2777147769,1252525510,0.0583643412170193,98.3230399001502,0.384697297243939
198.61,200,8611,11654,619992,1619906,2025-04-11,2025-12-19,524.58,3043,999914,1214412355,359751552,0.133390111960776,98.0911318215303,0.617266680906176
520.04,557,438,438,1116900,1618848,2025-04-11,2025-05-30,524.58,0,501948,549725755,158036241,0.294482837173965,96.4260082738892,0.310064935064935
530.15,625,169,169,2011100,1602965,2025-04-11,2025-09-19,524.58,0,-408135,1907543215,544900862,0.0840329585927625,98.7912906077989,-0.254612546125461
522.04,548,668,614,947892,1593944,2025-04-11,2025-04-25,524.58,-54,646052,320250757,171341368,0.497717480805205,85.4217253263198,0.405316623419643
357.81,365,2204,2208,985188,1587552,2025-04-11,2025-12-19,524.58,4,602364,1214412355,359751552,0.130725942754428,98.2218577642847,0.3794294612082
494.31,578,189,189,1581741,1581741,2025-04-11,2025-04-25,524.58,0,0,320250757,171341368,0.493907029234595,85.9156323555544,0
387.89,395,2237,2217,684522,1576287,2025-04-11,2025-07-18,524.58,-20,891765,867892480,293607617,0.181622382532915,98.1475481847705,0.565737711470056
517.27,542,638,636,809622,1572828,2025-04-11,2025-04-25,524.58,-2,763206,320250757,171341368,0.491123897639998,86.4067562531944,0.485244413247984
447.82,454,391,2538,118082,1568484,2025-04-11,2025-05-16,524.58,2147,1450402,2777147769,1252525510,0.0564782334418158,98.379518133592,0.924715840263592
466.54,476,1607,1652,663691,1562792,2025-04-11,2025-05-16,524.58,45,899101,2777147769,1252525510,0.0562732749565837,98.4357914085486,0.57531712473573
520.79,561,387,388,1063089,1560148,2025-04-11,2025-04-25,524.58,1,497059,320250757,171341368,0.487164500285631,86.8939207534801,0.318597338201248
483.5,495,1267,1350,661374,1552500,2025-04-11,2025-05-09,524.58,83,891126,191401348,96958426,0.811122814035772,84.3395523003318,0.573994202898551
504.94,542,419,418,1079763,1549108,2025-04-11,2025-08-15,524.58,-1,469345,712712120,174663640,0.217353957724193,90.4711891247198,0.302977584519608
489.58,504,764,1073,526396,1547266,2025-04-11,2025-05-16,524.58,309,1020870,2777147769,1252525510,0.0557142121593747,98.491505620708,0.659789590154505
521.1,577,276,276,993600,1542840,2025-04-11,2025-04-25,524.58,0,549240,320250757,171341368,0.481759985347982,87.375680738828,0.355992844364937
521.2,574,294,289,1066338,1525920,2025-04-11,2025-04-25,524.58,-5,459582,320250757,171341368,0.476476625471333,87.8521573642994,0.301183548285624
467.49,487,785,782,1350985,1525682,2025-04-11,2025-08-15,524.58,-3,174697,712712120,174663640,0.21406707661994,90.6852562013398,0.114504202055212
435.12,445,1524,1544,914400,1525472,2025-04-11,2025-07-18,524.58,20,611072,867892480,293607617,0.175767394597082,98.3233155793676,0.400578968345535
515.99,561,338,338,1873534,1521338,2025-04-11,2025-05-02,524.58,0,-352196,302134219,151415360,0.503530518666606,86.3549663005897,-0.231504110197734
519,557,401,400,968014,1520000,2025-04-11,2025-04-25,524.58,-1,551986,320250757,171341368,0.47462807402513,88.3267854383245,0.363148684210526
525.37,570,335,339,971500,1512957,2025-04-11,2025-05-09,524.58,4,541457,191401348,96958426,0.790463084930834,85.1300153852626,0.357879966185424
522.44,533,1584,1432,698544,1512192,2025-04-11,2025-04-11,524.58,-152,813648,308969552,137875966,0.48943075141592,90.9251695455091,0.538058659217877
453.95,465,1366,1366,1509430,1509430,2025-04-11,2025-08-15,524.58,0,0,712712120,174663640,0.21178677303818,90.8970429743779,0
533.95,564,502,502,1508510,1508510,2025-04-11,2025-05-02,524.58,0,0,302134219,151415360,0.499284723522164,86.8542510241119,0
393.55,405,1336,1315,1060784,1505675,2025-04-11,2025-12-19,524.58,-21,444891,1214412355,359751552,0.123983834140093,98.3458415984248,0.295476115363541
454.95,464,1622,1658,570944,1500490,2025-04-11,2025-05-16,524.58,36,929546,2777147769,1252525510,0.0540298941507279,98.5455355148587,0.619494964978107
518,558,375,373,831000,1492000,2025-04-11,2025-05-02,524.58,-2,661000,302134219,151415360,0.49382026469501,87.3480712888069,0.443029490616622
362.44,370,1968,1968,924960,1487808,2025-04-11,2025-12-19,524.58,0,562848,1214412355,359751552,0.122512587579859,98.4683541860046,0.378306878306878
516.23,559,349,347,2287695,1484119,2025-04-11,2025-05-02,524.58,-2,-803576,302134219,151415360,0.491211821326336,87.8392831101333,-0.541449843307713
517.37,541,631,626,713030,1479238,2025-04-11,2025-04-25,524.58,-5,766208,320250757,171341368,0.461899923003149,88.7886853613277,0.517974795131007
537.72,560,657,657,1463796,1463796,2025-04-11,2025-05-09,524.58,0,0,191401348,96958426,0.764778312846574,85.8947936981092,0
460.55,465,2962,3279,580552,1459155,2025-04-11,2025-04-25,524.58,317,878603,320250757,171341368,0.455628899575092,89.2443142609027,0.602131370553505
436.4,440,2436,4039,445788,1454040,2025-04-11,2025-05-02,524.58,1603,1008252,302134219,151415360,0.48125631211604,88.3205394222493,0.693414211438475
523.01,554,467,467,1447233,1447233,2025-04-11,2025-08-15,524.58,0,0,712712120,174663640,0.203059967606556,91.1001029419845,0
407.4,410,4936,5554,774952,1444040,2025-04-11,2025-05-16,524.58,618,669088,2777147769,1252525510,0.0519972331367867,98.5975327479954,0.463344505692363
527.98,581,273,272,1292109,1442144,2025-04-11,2025-05-30,524.58,-1,150035,549725755,158036241,0.262338809285004,96.6883470831742,0.1040360740675
515.5,545,517,487,844778,1436650,2025-04-11,2025-05-09,524.58,-30,591872,191401348,96958426,0.75059554961964,86.6453892477288,0.411980649427488
540.31,615,192,192,1434048,1434048,2025-04-11,2025-12-19,524.58,0,0,1214412355,359751552,0.118085755146982,98.5864399411516,0
520.55,529,1138,1697,421060,1433965,2025-04-11,2025-04-11,524.58,559,1012905,308969552,137875966,0.464112075354273,91.3892816208634,0.706366612853173
439.72,445,2660,2708,521360,1429824,2025-04-11,2025-05-02,524.58,48,908464,302134219,151415360,0.473241331197907,88.7937807534472,0.63536770959223
514.33,563,293,293,823916,1426031,2025-04-11,2025-04-25,524.58,0,602115,320250757,171341368,0.445285754625086,89.6896000155278,0.422231354016848
358.81,365,2301,2287,936507,1415653,2025-04-11,2025-09-19,524.58,-14,479146,1907543215,544900862,0.0742134169683805,98.8655040247673,0.3384628860321
532.14,574,338,338,1414868,1414868,2025-04-11,2025-08-15,524.58,0,0,712712120,174663640,0.198518863408693,91.2986218053932,0
505.9,543,376,376,1026856,1394960,2025-04-11,2025-08-15,524.58,0,368104,712712120,174663640,0.19572558973741,91.4943473951306,0.263881401617251
516.87,522,1055,2711,262695,1390743,2025-04-11,2025-04-11,524.58,1656,1128048,308969552,137875966,0.450122994643822,91.8394046155072,0.81111175824721
363.67,370,1755,2195,647595,1389435,2025-04-11,2025-09-19,524.58,440,741840,1907543215,544900862,0.0728389789061738,98.9383430036735,0.53391486467521
517.01,571,257,257,1019005,1387543,2025-04-11,2025-08-15,524.58,0,368538,712712120,174663640,0.194684917102294,91.6890323122329,0.265604741618818
396,405,1536,1531,921600,1377900,2025-04-11,2025-09-19,524.58,-5,456300,1907543215,544900862,0.0722342743883787,99.0105772780618,0.33115610711953
478.29,506,507,495,884208,1371645,2025-04-11,2025-08-15,524.58,-12,487437,712712120,174663640,0.192454282943862,91.8814865951767,0.355366731187734
522.46,556,405,406,873180,1361724,2025-04-11,2025-05-02,524.58,1,488544,302134219,151415360,0.450701679706131,89.2444824331533,0.358768737277158
534.26,566,427,427,1355298,1355298,2025-04-11,2025-04-25,524.58,0,0,320250757,171341368,0.423198999651389,90.1127990151792,0
308.37,310,8570,8284,694170,1350292,2025-04-11,2025-06-20,524.58,-286,656122,2694437004,991381554,0.0501140682819987,99.3538690652572,0.48591119550438
495,583,153,153,1346400,1346400,2025-04-11,2025-05-30,524.58,0,0,549725755,158036241,0.244922124851145,96.9332692080254,0
272.06,275,4570,4571,818030,1343874,2025-04-11,2025-12-19,524.58,1,525844,1214412355,359751552,0.110660435433399,98.697100376585,0.391289659596063
516.17,536,762,676,812292,1340508,2025-04-11,2025-04-25,524.58,-86,528216,320250757,171341368,0.418580743589,90.5313797587682,0.394041661817759
506.84,530,541,576,624855,1334016,2025-04-11,2025-05-09,524.58,35,709161,191401348,96958426,0.696973147754424,87.3423623954832,0.531598571531376
425.14,435,1336,1341,694720,1322226,2025-04-11,2025-07-18,524.58,5,627506,867892480,293607617,0.152349055956793,98.4756646353244,0.474583013796431
388.04,390,6669,6739,786942,1320844,2025-04-11,2025-05-16,524.58,70,533902,2777147769,1252525510,0.0475611710238815,98.6450939190193,0.404212760931647
527.39,582,241,241,1144750,1316101,2025-04-11,2025-05-16,524.58,0,171351,2777147769,1252525510,0.0473903842889103,98.6924843033083,0.130195934810474
359.08,365,2216,2211,680312,1308912,2025-04-11,2025-08-15,524.58,-5,628600,712712120,174663640,0.183652271831718,92.0651388670085,0.480246189201413
469.66,475,2396,2443,627752,1304562,2025-04-11,2025-04-25,524.58,47,676810,320250757,171341368,0.407356414148929,90.9387361729171,0.518802479299566
425.1,430,2505,2654,681360,1300460,2025-04-11,2025-05-30,524.58,149,619100,549725755,158036241,0.23656523060303,97.1698344386284,0.476062316411116
487.91,521,404,392,955460,1297128,2025-04-11,2025-08-15,524.58,-12,341668,712712120,174663640,0.181998869333105,92.2471377363416,0.263403457484535
384.35,390,2087,2284,559316,1290460,2025-04-11,2025-07-18,524.58,197,731144,867892480,293607617,0.148688925153494,98.6243535604779,0.56657625962835
525.28,557,1174,405,1827918,1284660,2025-04-11,2025-04-11,524.58,-769,-543258,308969552,137875966,0.415788543461396,92.2551931589686,-0.422880762225025
474.12,496,586,586,937600,1282168,2025-04-11,2025-08-15,524.58,0,344568,712712120,174663640,0.179899845115585,92.4270375814572,0.268738574040219
476.99,485,1891,1595,686433,1277595,2025-04-11,2025-05-02,524.58,-296,591162,302134219,151415360,0.42285677015618,89.6673392033095,0.4627147100607
445.25,450,1852,2660,433368,1263500,2025-04-11,2025-05-09,524.58,808,830132,191401348,96958426,0.660131191970498,88.0024935874537,0.657009893153937
384.13,395,1120,1158,668640,1258746,2025-04-11,2025-12-19,524.58,38,590106,1214412355,359751552,0.103650625326519,98.8007510019115,0.468804667502419
333.53,335,8411,8554,378495,1257438,2025-04-11,2025-05-16,524.58,143,878943,2777147769,1252525510,0.045278037201916,98.7377623405102,0.698995099559581
412.7,420,1543,1720,674291,1255600,2025-04-11,2025-07-18,524.58,177,581309,867892480,293607617,0.144672298577815,98.7690258590557,0.462973080598917
514.86,519,1239,3031,253995,1254834,2025-04-11,2025-04-11,524.58,1792,1000839,308969552,137875966,0.406135165059889,92.6613283240285,0.797586772433645
492.21,528,340,350,850680,1252650,2025-04-11,2025-08-15,524.58,10,401970,712712120,174663640,0.175758200940935,92.6027957823981,0.320895701113639
456.37,472,797,800,906189,1250400,2025-04-11,2025-08-15,524.58,3,344211,712712120,174663640,0.175442505453675,92.7782382878518,0.275280710172745
519.25,620,124,124,1249300,1249300,2025-04-11,2025-09-19,524.58,0,0,1907543215,544900862,0.0654926184726043,99.0760698965344,0
513.23,533,620,629,830180,1243533,2025-04-11,2025-05-02,524.58,9,413353,302134219,151415360,0.411582972665536,90.078922175975,0.332402115585191
519.5,527,1087,1658,358710,1243500,2025-04-11,2025-04-11,524.58,571,884790,308969552,137875966,0.402466842428538,93.0637951664571,0.711531966224367
519.24,526,889,1831,275590,1237756,2025-04-11,2025-04-11,524.58,942,962166,308969552,137875966,0.400607759563311,93.4644029260204,0.777347070020262
525.64,561,349,349,1234064,1234064,2025-04-11,2025-05-30,524.58,0,0,549725755,158036241,0.224487208171646,97.3943216468001,0
458.45,466,1860,1633,652860,1232915,2025-04-11,2025-05-16,524.58,-227,580055,2777147769,1252525510,0.0443950089283132,98.7821573494385,0.4704744447103
511.3,536,502,496,807216,1225120,2025-04-11,2025-05-30,524.58,-6,417904,549725755,158036241,0.222860215090341,97.6171818618904,0.341112707326629
478.83,507,446,434,873714,1222578,2025-04-11,2025-08-15,524.58,-12,348864,712712120,174663640,0.171538825521867,92.9497771133736,0.285351118701629
523,566,285,283,1522470,1216900,2025-04-11,2025-05-30,524.58,-2,-305570,549725755,158036241,0.221364924042898,97.8385467859333,-0.251105267482949
318.43,320,7777,7713,699930,1210941,2025-04-11,2025-06-20,524.58,-64,511011,2694437004,991381554,0.0449422643098469,99.3988113295671,0.421994960943597
484.9,500,790,798,584600,1204980,2025-04-11,2025-05-23,524.58,8,620380,30713088,21949191,3.92334368983021,45.2272757464179,0.514846719447626
345.41,350,2638,2616,741278,1200744,2025-04-11,2025-09-19,524.58,-22,459466,1907543215,544900862,0.0629471453416063,99.139017041876,0.382651089657746
530.16,572,287,286,1972838,1196624,2025-04-11,2025-05-02,524.58,-1,-776214,302134219,151415360,0.396057091434585,90.4749792674096,-0.64866992472155
305.52,310,2905,2670,746585,1196160,2025-04-11,2025-12-19,524.58,-235,449575,1214412355,359751552,0.0984970216315034,98.899248023543,0.375848548689139
521.32,555,357,355,725067,1195640,2025-04-11,2025-05-02,524.58,-2,470573,302134219,151415360,0.395731408364572,90.8707106757742,0.39357415275501
510.5,544,358,356,649770,1192600,2025-04-11,2025-05-30,524.58,-2,542830,549725755,158036241,0.216944538099729,98.055491324033,0.455165185309408
519.69,577,209,208,894520,1192048,2025-04-11,2025-08-15,524.58,-1,297528,712712120,174663640,0.167255188532503,93.1170323019061,0.2495939760815
484.6,485,11986,29716,575328,1188640,2025-04-11,2025-04-11,524.58,17730,613312,308969552,137875966,0.384711047514481,93.8491139735348,0.515977924350518
223.32,225,7152,7075,500640,1188600,2025-04-11,2025-09-19,524.58,-77,687960,1907543215,544900862,0.0623105149415973,99.2013275568176,0.578798586572438
506.06,541,343,339,611569,1184466,2025-04-11,2025-05-30,524.58,-4,572897,549725755,158036241,0.21546489121653,98.2709562152496,0.483675343994678
499,515,753,736,588846,1177600,2025-04-11,2025-05-09,524.58,-17,588754,191401348,96958426,0.615251675238985,88.6177452626927,0.4999609375
494.33,579,139,139,1176913,1176913,2025-04-11,2025-05-02,524.58,0,0,302134219,151415360,0.389533169693698,91.2602438454679,0
454.2,466,991,990,1013793,1168200,2025-04-11,2025-08-15,524.58,-1,154407,712712120,174663640,0.163909096985751,93.2809413988919,0.132175141242938
456.15,460,2050,3017,416150,1161545,2025-04-11,2025-04-25,524.58,967,745395,320250757,171341368,0.362698596212842,91.30143476913,0.641727182330431
537.18,573,323,323,1156986,1156986,2025-04-11,2025-05-02,524.58,0,0,302134219,151415360,0.382937756547199,91.6431816020151,0
527.58,563,325,325,1151150,1151150,2025-04-11,2025-05-02,524.58,0,0,302134219,151415360,0.381006164680737,92.0241877666958,0
516.12,521,1220,2351,275720,1147288,2025-04-11,2025-04-11,524.58,1131,871568,308969552,137875966,0.371327204435989,94.2204411779708,0.759676733304977
509,559,229,229,600896,1145000,2025-04-11,2025-04-25,524.58,0,544104,320250757,171341368,0.357532332078141,91.6589671012081,0.4752
513.7,550,309,315,533952,1143450,2025-04-11,2025-05-09,524.58,6,609498,191401348,96958426,0.597409585641999,89.2151548483347,0.533034238488784
529.73,645,99,99,1023066,1141173,2025-04-11,2025-12-19,524.58,0,118107,1214412355,359751552,0.0939691526771399,98.9932171762202,0.103496139498569
520.31,577,201,201,1552524,1139469,2025-04-11,2025-05-16,524.58,0,-413055,2777147769,1252525510,0.0410301897766967,98.8231875392152,-0.362497795025578
303.2,305,6302,6224,478952,1120320,2025-04-11,2025-06-20,524.58,-78,641368,2694437004,991381554,0.0415790014142784,99.4403903309814,0.572486432447872
503.59,505,7646,7850,848706,1106850,2025-04-11,2025-04-11,524.58,204,258144,308969552,137875966,0.358239183387236,94.5786803613581,0.233224014094051
466.88,486,579,577,1823271,1103224,2025-04-11,2025-08-15,524.58,-2,-720047,712712120,174663640,0.154792372550084,93.435733771442,-0.652675249994561
468.24,478,1123,1129,480644,1101904,2025-04-11,2025-05-16,524.58,6,621260,2777147769,1252525510,0.0396775429921317,98.8628650822073,0.563805921386981
509.86,625,95,95,1093830,1093830,2025-04-11,2025-08-15,524.58,0,0,712712120,174663640,0.153474308813494,93.5892080802555,0
336.64,340,3402,3219,540918,1081584,2025-04-11,2025-07-18,524.58,-183,540666,867892480,293607617,0.124621888646852,98.8936477477026,0.499883504193849
298.8,300,9108,8957,637560,1074840,2025-04-11,2025-06-20,524.58,-151,437280,2694437004,991381554,0.0398910792274734,99.4802814102088,0.40683264485877
314.97,320,2128,2135,649040,1073905,2025-04-11,2025-12-19,524.58,7,424865,1214412355,359751552,0.0884300127200205,99.0816471889402,0.395626242544732
273.98,275,10557,10456,517293,1066512,2025-04-11,2025-06-20,524.58,-101,549219,2694437004,991381554,0.0395819979616046,99.5198634081705,0.514967482785004
487.71,508,184,520,107456,1055080,2025-04-11,2025-05-02,524.58,336,947624,302134219,151415360,0.349209038119578,92.3733968048154,0.898153694506578
355.13,360,2092,2147,523000,1045589,2025-04-11,2025-08-15,524.58,55,522589,712712120,174663640,0.146705657257519,93.735913737513,0.499803460059354
452.65,461,1290,1241,428280,1036235,2025-04-11,2025-05-16,524.58,-49,607955,2777147769,1252525510,0.0373129226887746,98.9001780048961,0.586696067976859
515.41,543,392,374,568008,1031866,2025-04-11,2025-05-02,524.58,-18,463858,302134219,151415360,0.341525697888593,92.714922502704,0.449533175819341
522.99,555,321,322,669606,1030722,2025-04-11,2025-05-09,524.58,1,361116,191401348,96958426,0.53851344871406,89.7536682970488,0.350352471374435
475.56,497,479,478,680659,1024832,2025-04-11,2025-08-15,524.58,-1,344173,712712120,174663640,0.14379326115571,93.8797069986687,0.335833580528321
455.88,462,1579,1674,502122,1024488,2025-04-11,2025-05-16,524.58,95,522366,2777147769,1252525510,0.0368899347537744,98.9370679396499,0.50988005716026
268.45,270,6630,6605,417690,1023775,2025-04-11,2025-06-20,524.58,-25,606085,2694437004,991381554,0.0379958781177725,99.5578592862882,0.592009963126664
526.52,569,242,241,800778,1023768,2025-04-11,2025-04-25,524.58,-1,222990,320250757,171341368,0.319676996110894,91.978644097319,0.217813020137375
420.91,431,1010,1012,1392790,1021108,2025-04-11,2025-08-15,524.58,2,-371682,712712120,174663640,0.143270750047018,94.0229777487157,-0.363998715121221
149.48,150,19354,19369,367726,1007188,2025-04-11,2025-09-19,524.58,15,639462,1907543215,544900862,0.0528002716834911,99.2541278285011,0.634898350655488
417.58,425,1336,1353,567800,1003926,2025-04-11,2025-07-18,524.58,17,436126,867892480,293607617,0.115674006070429,99.009321753773,0.434420465253415
512.33,532,613,510,573155,1003170,2025-04-11,2025-04-25,524.58,-103,430015,320250757,171341368,0.31324516119723,92.2918892585163,0.428656159972886
332.44,335,3893,3917,393193,1002752,2025-04-11,2025-06-20,524.58,24,609559,2694437004,991381554,0.0372156409116774,99.5950749271999,0.607886097459791
505.25,525,373,505,379714,997375,2025-04-11,2025-05-09,524.58,132,617661,191401348,96958426,0.521090896392224,90.274759193441,0.619286627396917
529.5,573,227,227,908908,987450,2025-04-11,2025-04-25,524.58,0,78542,320250757,171341368,0.308336507694812,92.6002257662111,0.0795402298850575
508.42,536,369,358,478962,987364,2025-04-11,2025-05-02,524.58,-11,508402,302134219,151415360,0.326796482460002,93.041718985164,0.514908382318983
521.86,554,305,305,1704340,980270,2025-04-11,2025-05-02,524.58,0,-724070,302134219,151415360,0.324448519351593,93.3661675045156,-0.738643434971998
533.62,568,285,285,979830,979830,2025-04-11,2025-05-09,524.58,0,0,191401348,96958426,0.51192429428449,90.7866834877255,0
509.83,538,346,343,576090,966231,2025-04-11,2025-05-30,524.58,-3,390141,549725755,158036241,0.175766005360255,98.4467222206098,0.403776115649363
519.2,539,484,484,553212,958320,2025-04-11,2025-04-25,524.58,0,405108,320250757,171341368,0.29924051046037,92.8994662766714,0.422727272727273
440.77,455,665,665,512050,946295,2025-04-11,2025-08-15,524.58,0,434245,712712120,174663640,0.132773804941047,94.1557515536568,0.458889669711876
463.33,471,1098,1233,429318,945711,2025-04-11,2025-05-16,524.58,135,516393,2777147769,1252525510,0.0340533194004485,98.9711212590503,0.546036791366496
403.58,410,1482,1472,551304,945024,2025-04-11,2025-07-18,524.58,-10,393720,867892480,293607617,0.108887220684295,99.1182089744573,0.416624339699309
387,395,1181,1181,693247,944800,2025-04-11,2025-09-19,524.58,0,251553,1907543215,544900862,0.049529677365658,99.3036575058668,0.26625
514.48,543,341,331,613459,944012,2025-04-11,2025-05-30,524.58,-10,330553,549725755,158036241,0.171724171809996,98.6184463924198,0.350157625114935
488.51,518,329,320,768544,943680,2025-04-11,2025-08-15,524.58,-9,175136,712712120,174663640,0.132406896630297,94.2881584502871,0.185588335028823
525.9,553,347,347,780750,940370,2025-04-11,2025-04-25,524.58,0,159620,320250757,171341368,0.293635527612508,93.1931018042839,0.169741697416974
518.1,547,324,324,936360,936360,2025-04-11,2025-08-15,524.58,0,0,712712120,174663640,0.131379833978409,94.4195382842655,0
340.59,345,2121,2122,540855,935802,2025-04-11,2025-09-19,524.58,1,394947,1907543215,544900862,0.0490579711453615,99.3527154770121,0.422041201023294
476.83,504,371,344,534240,934648,2025-04-11,2025-08-15,524.58,-27,400408,712712120,174663640,0.13113962478988,94.5506779090553,0.428405132199502
533.34,547,683,683,932978,932978,2025-04-11,2025-04-25,524.58,0,0,320250757,171341368,0.291327336347249,93.4844291406312,0
440.86,448,626,1299,172150,927486,2025-04-11,2025-05-16,524.58,673,755336,2777147769,1252525510,0.033397070561138,99.0045183296115,0.814390729347936
504.87,630,74,74,925962,925962,2025-04-11,2025-08-15,524.58,0,0,712712120,174663640,0.129920899899948,94.6805988089553,0
511.17,514,1499,3262,256329,923146,2025-04-11,2025-04-11,524.58,1763,666817,308969552,137875966,0.298782191974697,94.8774625533328,0.722331028894671
506.76,537,318,305,565404,922320,2025-04-11,2025-05-30,524.58,-13,356916,549725755,158036241,0.16777820424295,98.7862245966627,0.386976320582878
515.3,537,428,423,441268,917910,2025-04-11,2025-04-25,524.58,-5,476642,320250757,171341368,0.286622273308163,93.7710514139394,0.519268773627044
437.46,440,2226,3610,322770,916940,2025-04-11,2025-04-25,524.58,1384,594170,320250757,171341368,0.28631938565566,94.057370799595,0.647992235042642
518.05,548,306,306,916470,916470,2025-04-11,2025-05-02,524.58,0,0,302134219,151415360,0.303332076397477,93.6694995809131,0
463.36,481,539,518,661353,913752,2025-04-11,2025-08-15,524.58,-21,252399,712712120,174663640,0.128207725722414,94.8088065346777,0.276222651222651
523.15,547,384,383,588672,913455,2025-04-11,2025-05-02,524.58,-1,324783,302134219,151415360,0.302334175527467,93.9718337564405,0.355554460810878
292.78,295,4076,4079,395372,905538,2025-04-11,2025-07-18,524.58,3,510166,867892480,293607617,0.104337578774735,99.222546553232,0.563384418986282
417.9,434,562,562,904820,904820,2025-04-11,2025-08-15,524.58,0,0,712712120,174663640,0.126954484792542,94.9357610194703,0
521.88,552,299,299,900588,900588,2025-04-11,2025-08-15,524.58,0,0,712712120,174663640,0.12636069665828,95.0621217161285,0
464.85,474,910,982,368550,898530,2025-04-11,2025-05-16,524.58,72,529980,2777147769,1252525510,0.0323544180842615,99.0368727476957,0.589830055757738
427.84,441,676,676,889616,889616,2025-04-11,2025-08-15,524.58,0,0,712712120,174663640,0.124821225153292,95.1869429412818,0
530.46,625,94,94,1189006,888676,2025-04-11,2025-06-20,524.58,0,-300330,2694437004,991381554,0.0329818807669552,99.6280568079669,-0.337952189549397
512.69,516,755,2656,138920,879136,2025-04-11,2025-04-11,524.58,1901,740216,308969552,137875966,0.284538069951954,95.1620006232847,0.841981217923052
526.33,568,209,209,663157,870903,2025-04-11,2025-04-25,524.58,0,207746,320250757,171341368,0.271944087863624,94.3293148874586,0.238540916726662
481.06,495,500,621,329000,865674,2025-04-11,2025-05-23,524.58,121,536674,30713088,21949191,2.818583400015,48.045859146433,0.619949311172566
374.98,380,3100,1698,806000,852396,2025-04-11,2025-07-18,524.58,-1402,46395.9999999999,867892480,293607617,0.0982144700689191,99.3207610233009,0.0544301005635877
504.93,533,293,300,352772,842100,2025-04-11,2025-05-09,524.58,7,489328,191401348,96958426,0.439965553429645,91.2266490411552,0.581080631753948
482.28,512,286,280,589446,832160,2025-04-11,2025-08-15,524.58,-6,242714,712712120,174663640,0.116759625190603,95.3037025664724,0.291667467794655
510.53,534,364,354,451360,830838,2025-04-11,2025-05-02,524.58,-10,379478,302134219,151415360,0.274989705816805,94.2468234622573,0.456741266047051
402.61,405,3416,3470,485072,829330,2025-04-11,2025-05-16,524.58,54,344258,2777147769,1252525510,0.0298626529440537,99.0667354006398,0.415103758455621
496.62,509,127,668,63881,826984,2025-04-11,2025-04-25,524.58,541,763103,320250757,171341368,0.258230146822104,94.5875450342808,0.922754249175317
506,533,313,306,447903,826200,2025-04-11,2025-05-23,524.58,-7,378297,30713088,21949191,2.69005838813733,50.7359175345703,0.457875816993464
368.87,375,1344,1344,422016,823872,2025-04-11,2025-08-15,524.58,0,401856,712712120,174663640,0.11559674332464,95.4192993097971,0.487765089722675
485.75,582.5,85,85,822375,822375,2025-04-11,2025-05-02,524.58,0,0,302134219,151415360,0.272188632827452,94.5190120950848,0
482.81,513,278,271,493172,818149,2025-04-11,2025-08-15,524.58,-7,324977,712712120,174663640,0.114793754314154,95.5340930641112,0.397210043647306
523.25,549,372,316,556884,813700,2025-04-11,2025-04-25,524.58,-56,256816,320250757,171341368,0.254082147259374,94.8416271815401,0.315615091557085
508.13,546,212,214,398772,810418,2025-04-11,2025-05-30,524.58,2,411646,549725755,158036241,0.147422236020213,98.933646832683,0.507942814695626
514.29,539,268,326,335268,805546,2025-04-11,2025-05-02,524.58,58,470278,302134219,151415360,0.266618591785527,94.7856306868703,0.583800304389818
390.95,395,1976,1988,468312,805140,2025-04-11,2025-06-20,524.58,12,336828,2694437004,991381554,0.0298815670511033,99.657938375018,0.418347119755571
521.74,569,171,170,527022,803420,2025-04-11,2025-05-09,524.58,-1,276398,191401348,96958426,0.419756709341462,91.6464057504966,0.344026785492022
283.27,285,4614,4614,798222,798222,2025-04-11,2025-09-19,524.58,0,0,1907543215,544900862,0.0418455526314249,99.3945610296436,0
507.04,509,3539,4029,474226,789684,2025-04-11,2025-04-11,524.58,490,315458,308969552,137875966,0.255586349816114,95.4175869731008,0.399473713536047
523.82,549,313,313,582806,788134,2025-04-11,2025-05-02,524.58,0,205328,302134219,151415360,0.260855590144193,95.0464862770145,0.260524225575854
476.66,503,320,297,592000,782298,2025-04-11,2025-08-15,524.58,-23,190298,712712120,174663640,0.109763532574695,95.6438565966859,0.243255127841309
430.67,445,471,545,328758,780985,2025-04-11,2025-08-15,524.58,74,452227,712712120,174663640,0.10957930671924,95.7534359034051,0.579046972733151
368.88,375,1263,1276,473625,780912,2025-04-11,2025-09-19,524.58,13,307287,1907543215,544900862,0.0409381026788429,99.4354991323224,0.393497602802877
508,620,108,68,1209600,761600,2025-04-11,2025-08-15,524.58,-40,-448000,712712120,174663640,0.106859414710108,95.8602953181153,-0.588235294117647
455.29,460,1676,1606,395536,756426,2025-04-11,2025-05-02,524.58,-70,360890,302134219,151415360,0.250360916583235,95.2968471935978,0.477098883433409
425.03,432,1062,1062,740214,740214,2025-04-11,2025-08-15,524.58,0,0,712712120,174663640,0.103858764180971,95.9641540822962,0
514,546,232,230,317376,736000,2025-04-11,2025-04-25,524.58,-2,418624,320250757,171341368,0.229819909527958,95.0714470910681,0.568782608695652
533.66,558,298,298,725332,725332,2025-04-11,2025-04-25,524.58,0,0,320250757,171341368,0.22648876986105,95.2979358609291,0
517.38,558,178,178,599860,723036,2025-04-11,2025-08-15,524.58,0,123176,712712120,174663640,0.101448534367565,96.0656026166638,0.170359428852782
474.98,499,305,300,445910,720600,2025-04-11,2025-08-15,524.58,-5,274690,712712120,174663640,0.101106741386691,96.1667093580505,0.381196225367749
291.08,295,1808,1832,489968,718144,2025-04-11,2025-12-19,524.58,24,228176,1214412355,359751552,0.059135103249176,99.1407822921894,0.31773014882809
439.02,452,553,553,538622,717794,2025-04-11,2025-08-15,524.58,0,179172,712712120,174663640,0.1007130340368,96.2674223920873,0.249614791987673
459.74,467,1000,985,369000,715110,2025-04-11,2025-05-16,524.58,-15,346110,2777147769,1252525510,0.0257498001360402,99.0924852007758,0.48399546922851
425.53,437,622,623,627598,714581,2025-04-11,2025-08-15,524.58,1,86983,712712120,174663640,0.100262220880992,96.3676846129683,0.121725878521819
528.6,635,67,67,631542,712880,2025-04-11,2025-08-15,524.58,0,81338,712712120,174663640,0.100023555092623,96.4677081680609,0.114097744360902
422.59,425,2925,2958,418275,712878,2025-04-11,2025-05-02,524.58,33,294603,302134219,151415360,0.235947454862767,95.5327946484605,0.413258650147711
367.04,370,2381,2404,376198,711584,2025-04-11,2025-06-20,524.58,23,335386,2694437004,991381554,0.0264093760196889,99.6843477510377,0.47132313261681
407.78,415,655,982,245625,709004,2025-04-11,2025-07-18,524.58,327,463379,867892480,293607617,0.0816926078216509,99.4024536311226,0.653563308528584
334.42,340,1267,1265,435848,705870,2025-04-11,2025-12-19,524.58,-2,270022,1214412355,359751552,0.0581244086568932,99.1989067008463,0.382537861079236
450.22,464,511,511,704158,704158,2025-04-11,2025-08-15,524.58,0,0,712712120,174663640,0.0987997790748949,96.5665079471358,0
218.19,220,3385,3886,318190,703366,2025-04-11,2025-12-19,524.58,501,385176,1214412355,359751552,0.0579182183962547,99.2568249192425,0.547618167497434
473.7,495,312,327,433368,696510,2025-04-11,2025-08-15,524.58,15,263142,712712120,174663640,0.0977266950364195,96.6642346421722,0.377800749450833
499.93,520,365,347,405880,696429,2025-04-11,2025-05-23,524.58,-18,290549,30713088,21949191,2.26753167900278,53.0034492135731,0.417198307365144
326.04,330,1748,1753,400292,694188,2025-04-11,2025-09-19,524.58,5,293896,1907543215,544900862,0.0363917312353,99.4718908635577,0.423366580810962
522.82,615,75,75,691350,691350,2025-04-11,2025-08-15,524.58,0,0,712712120,174663640,0.0970027000523016,96.7612373422245,0
411.49,415,1927,1969,331444,691119,2025-04-11,2025-05-16,524.58,42,359675,2777147769,1252525510,0.0248859282071569,99.117371128983,0.520424123776079
396.98,400,2513,2270,437262,685540,2025-04-11,2025-05-30,524.58,-243,248278,549725755,158036241,0.124705818085602,99.0583526507686,0.362164133383902
509.52,512,1174,2764,164360,685472,2025-04-11,2025-04-11,524.58,1590,521112,308969552,137875966,0.221857459922135,95.639444433023,0.760223612343028
493,510,286,399,246246,678300,2025-04-11,2025-05-23,524.58,113,432054,30713088,21949191,2.20850472606336,55.2119539396364,0.636965944272446
452.78,459,1023,1088,326337,676736,2025-04-11,2025-05-16,524.58,65,350399,2777147769,1252525510,0.0243680227445614,99.1417391517275,0.517777981369397
508.7,511,1619,2942,207232,676660,2025-04-11,2025-04-11,524.58,1323,469428,308969552,137875966,0.21900539895271,95.8584498319757,0.693742795495522
491.59,506,464,469,310880,675829,2025-04-11,2025-05-09,524.58,5,364949,191401348,96958426,0.353095214355544,91.9995009648522,0.540001982750074
461.09,469,836,848,295944,670768,2025-04-11,2025-05-16,524.58,12,374824,2777147769,1252525510,0.0241531260053019,99.1658922777328,0.558798273024354
287.65,290,2843,2833,537327,665755,2025-04-11,2025-09-19,524.58,-10,128428,1907543215,544900862,0.0349011752271101,99.5067920387848,0.192905798679694
488.01,497,162,736,59778,661664,2025-04-11,2025-04-25,524.58,574,601886,320250757,171341368,0.206608098665634,95.5045439595948,0.909655051506505
258.28,260,4251,3798,340080,653256,2025-04-11,2025-08-15,524.58,-453,313176,712712120,174663640,0.09165776498932,96.8528951072138,0.479407766633602
173.79,175,5399,5383,275349,651343,2025-04-11,2025-12-19,524.58,-16,375994,1214412355,359751552,0.0536344181050431,99.3104593373476,0.577259600548405
510.45,513,1819,2550,265574,650250,2025-04-11,2025-04-11,524.58,731,384676,308969552,137875966,0.210457631113114,96.0689074630888,0.591581699346405
477.37,490,452,514,273008,649182,2025-04-11,2025-05-23,524.58,62,376174,30713088,21949191,2.11369823835363,57.3256521779901,0.579458456950439
489.79,499,684,704,260604,648384,2025-04-11,2025-04-25,524.58,20,387780,320250757,171341368,0.202461348124151,95.7070053077189,0.598071513177376
439.93,454,459,459,904230,645813,2025-04-11,2025-08-15,524.58,0,-258417,712712120,174663640,0.0906134443174616,96.9435085515313,-0.400142146410803
521.2,605,255,77,1512660,645260,2025-04-11,2025-06-20,524.58,-178,-867400,2694437004,991381554,0.0239478599441028,99.7082956109818,-1.34426432755788
525.63,562,188,177,526776,643749,2025-04-11,2025-04-11,524.58,-11,116973,308969552,137875966,0.208353540286714,96.2772610033755,0.181705913329574
417.7,423,1213,1203,246239,637590,2025-04-11,2025-05-16,524.58,-10,391351,2777147769,1252525510,0.0229584470483393,99.1888507247812,0.613797267836698
492.43,507,426,435,275622,633795,2025-04-11,2025-05-09,524.58,9,358173,191401348,96958426,0.331134031511628,92.3306349963638,0.565124369867228
521.2,576,99,115,370161,630200,2025-04-11,2025-04-25,524.58,16,260039,320250757,171341368,0.196783297533314,95.9037886052522,0.412629324024119
508.5,527,35,340,34615,629000,2025-04-11,2025-05-02,524.58,305,594385,302134219,151415360,0.208185620973969,95.7409802694345,0.944968203497615
469.12,479,652,635,288184,627380,2025-04-11,2025-05-16,524.58,-17,339196,2777147769,1252525510,0.0225908036656583,99.2114415284468,0.540654786572731
283.14,285,3364,3352,178292,623472,2025-04-11,2025-06-20,524.58,-12,445180,2694437004,991381554,0.0231392309070292,99.7314348418888,0.714033669515231
458.07,468,671,625,244244,620625,2025-04-11,2025-05-16,524.58,-46,376381,2777147769,1252525510,0.0223475684991539,99.233789096946,0.606454783484391
452.7,460,678,844,257640,616120,2025-04-11,2025-05-23,524.58,166,358480,30713088,21949191,2.00605031965526,59.3317024976453,0.581834707524508
513.4,517,796,1706,158404,614160,2025-04-11,2025-04-11,524.58,910,455756,308969552,137875966,0.198776868472787,96.4760378718483,0.742080239676957
527.83,557.5,204,204,605268,605268,2025-04-11,2025-05-02,524.58,0,0,302134219,151415360,0.200330833761005,95.9413111031955,0
427.89,430,2367,2841,284040,599451,2025-04-11,2025-04-25,524.58,474,315411,320250757,171341368,0.187181758948973,96.0909703642012,0.5261664422947
402.6,410,810,810,372600,599400,2025-04-11,2025-08-15,524.58,0,226800,712712120,174663640,0.0841012778062481,97.0276098293376,0.378378378378378
503.23,541,150,158,366000,596766,2025-04-11,2025-08-15,524.58,8,230766,712712120,174663640,0.0837317036224949,97.11134153296,0.386694282180955
415.89,420,1436,1447,340332,594717,2025-04-11,2025-05-30,524.58,11,254385,549725755,158036241,0.108184307282456,99.166536958051,0.427741261810239
349.05,350,5265,6210,315900,589950,2025-04-11,2025-05-16,524.58,945,274050,2777147769,1252525510,0.0212430179836066,99.2550321149296,0.464530892448513
467.42,477,572,614,240812,588212,2025-04-11,2025-05-16,524.58,42,347400,2777147769,1252525510,0.0211804357897673,99.2762125507193,0.590603387894161
523.78,551,216,216,705888,587952,2025-04-11,2025-05-02,524.58,0,-117936,302134219,151415360,0.194599606077721,96.1359107092732,-0.200587803085966
288.97,290,5937,5706,314661,587718,2025-04-11,2025-06-20,524.58,-231,273057,2694437004,991381554,0.0218122746654499,99.7532471165542,0.464605474053883
336.39,340,1614,1614,511638,582654,2025-04-11,2025-09-19,524.58,0,71016,1907543215,544900862,0.0305447339498413,99.5373367727347,0.121883656509695
443.71,449,1095,1101,306600,582429,2025-04-11,2025-05-16,524.58,6,275829,2777147769,1252525510,0.0209722005613595,99.2971847512807,0.473583904647605
443.86,450,772,946,248584,580844,2025-04-11,2025-05-23,524.58,174,332260,30713088,21949191,1.89119374775991,61.2228962454052,0.572029667173974
489.65,524,186,169,457932,580515,2025-04-11,2025-08-15,524.58,-17,122583,712712120,174663640,0.08145154034984,97.1927930733099,0.211162502260923
222.96,225,2844,2844,292932,580176,2025-04-11,2025-12-19,524.58,0,287244,1214412355,359751552,0.0477742175144455,99.358233554862,0.495098039215686
418.24,420,2627,3291,244311,579216,2025-04-11,2025-04-25,524.58,664,334905,320250757,171341368,0.180863272713513,96.2718336369147,0.578203986077733
526.43,610,68,69,474368,576633,2025-04-11,2025-08-15,524.58,1,102265,712712120,174663640,0.0809068604024862,97.2736999337124,0.177348504161226
504.87,625,48,48,576624,576624,2025-04-11,2025-07-18,524.58,0,0,867892480,293607617,0.0664395663389087,99.4688931974615,0
470.41,491,281,279,365300,574461,2025-04-11,2025-08-15,524.58,-2,209161,712712120,174663640,0.0806021090254506,97.3543020427378,0.364099564635371
339.2,340,7173,7166,380169,573280,2025-04-11,2025-05-16,524.58,-7,193111,2777147769,1252525510,0.0206427618436173,99.3178275131243,0.336852846776444
513.29,546,177,175,250101,572425,2025-04-11,2025-05-02,524.58,-2,322324,302134219,151415360,0.18946049934185,96.3253712086151,0.56308512032144
528.43,650,47,47,641550,571379,2025-04-11,2025-12-19,524.58,0,-70171,1214412355,359751552,0.0470498342385524,99.4052833891006,-0.122809903759151
516.09,544,216,204,328752,569364,2025-04-11,2025-05-02,524.58,-12,240612,302134219,151415360,0.188447373450274,96.5138185820653,0.422597846017662
304.54,305,11668,12327,338372,567042,2025-04-11,2025-05-16,524.58,659,228670,2777147769,1252525510,0.0204181428993309,99.3382456560236,0.403268188247079
213,215,2830,2830,308470,566000,2025-04-11,2025-12-19,524.58,0,257530,1214412355,359751552,0.0466069039622048,99.4518902930628,0.455
447.45,458,534,534,1235142,563370,2025-04-11,2025-08-15,524.58,0,-671772,712712120,174663640,0.0790459407369135,97.4333479834747,-1.19241706161137
224.34,225,8560,8502,179760,561132,2025-04-11,2025-06-20,524.58,-58,381372,2694437004,991381554,0.020825575033559,99.7740726915878,0.679647569555827
149.89,150,43533,50715,261198,557865,2025-04-11,2025-06-20,524.58,7182,296667,2694437004,991381554,0.0207043252142035,99.794777016802,0.531789949181254
517.44,544,209,209,555104,555104,2025-04-11,2025-08-15,524.58,0,0,712712120,174663640,0.0778861456712705,97.511234129146,0
537.01,587,136,111,679864,554889,2025-04-11,2025-05-16,524.58,-25,-124975,2777147769,1252525510,0.0199805356486236,99.3582261916723,-0.225225225225225
521.73,575,104,104,357864,554008,2025-04-11,2025-04-25,524.58,0,196144,320250757,171341368,0.172991940812181,96.4448255777269,0.354045428946875
528.42,552,234,234,551772,551772,2025-04-11,2025-05-02,524.58,0,0,302134219,151415360,0.182624795637597,96.696443377703,0
353.74,360,873,875,274122,547750,2025-04-11,2025-09-19,524.58,2,273628,1907543215,544900862,0.0287149457843344,99.566051718519,0.499549064354176
527.01,562,156,155,888576,542345,2025-04-11,2025-05-09,524.58,-1,-346231,191401348,96958426,0.28335484868163,92.6139898450454,-0.63839622380588
494.95,615,45,45,540225,540225,2025-04-11,2025-09-19,524.58,0,0,1907543215,544900862,0.028320459308703,99.5943721778277,0
445,457,471,449,479007,538800,2025-04-11,2025-08-15,524.58,-22,59793,712712120,174663640,0.0755985460160268,97.586832675162,0.11097438752784
473.6,485,409,472,224541,538080,2025-04-11,2025-05-23,524.58,63,313539,30713088,21949191,1.75195669025531,62.9748529356605,0.582699598572703
424.7,436,469,474,341432,535620,2025-04-11,2025-08-15,524.58,5,194188,712712120,174663640,0.0751523630606984,97.6619850382227,0.362548075127889
494.7,529,175,156,475475,535080,2025-04-11,2025-08-15,524.58,-19,59604.9999999999,712712120,174663640,0.0750765961437558,97.7370616343665,0.111394557823129
491.83,527,149,152,392168,534584,2025-04-11,2025-08-15,524.58,3,142416,712712120,174663640,0.075007002827453,97.8120686371939,0.266405279619293
541.16,586,119,119,533596,533596,2025-04-11,2025-05-16,524.58,0,0,2777147769,1252525510,0.019213813753675,99.3774400054259,0
385,390,1121,1066,397955,533000,2025-04-11,2025-08-15,524.58,-55,135045,712712120,174663640,0.0747847532044214,97.8868533903984,0.253367729831145
523.82,583,89,89,526702,526702,2025-04-11,2025-05-02,524.58,0,0,302134219,151415360,0.17432715888431,96.8707705365873,0
524.66,566,127,127,718312,525018,2025-04-11,2025-05-09,524.58,0,-193294,191401348,96958426,0.274302143368395,92.8882919884138,-0.368166424770198
510.84,531,246,259,260760,522144,2025-04-11,2025-05-02,524.58,13,261384,302134219,151415360,0.172818557834391,97.0435890944217,0.500597536311822
523.29,560,129,140,540123,513940,2025-04-11,2025-05-23,524.58,11,-26182.9999999999,30713088,21949191,1.67335827644553,64.6482112121061,-0.0509456356773163
523.64,553,176,174,341616,510864,2025-04-11,2025-05-02,524.58,-2,169248,302134219,151415360,0.169085117763506,97.2126742121852,0.331297566475618
469.63,489,250,263,728750,509431,2025-04-11,2025-08-15,524.58,13,-219319,712712120,174663640,0.0714778078980894,97.9583311982964,-0.430517577454061
437.51,443,1002,927,258516,508923,2025-04-11,2025-05-16,524.58,-75,250407,2777147769,1252525510,0.0183253842550573,99.395765389681,0.492033175942137
218.96,220,4935,4855,759990,504920,2025-04-11,2025-09-19,524.58,-80,-255070,1907543215,544900862,0.0264696493389797,99.6208418271667,-0.505169135704666
485.95,493,106,715,37524,504075,2025-04-11,2025-04-25,524.58,609,466551,320250757,171341368,0.157400096325143,96.602225674052,0.925558696622526
504.45,506,3610,3246,425980,503130,2025-04-11,2025-04-11,524.58,-364,77150,308969552,137875966,0.162841288645815,96.6388791604941,0.153340091030151
410.86,420,546,549,256620,501786,2025-04-11,2025-08-15,524.58,3,245166,712712120,174663640,0.0704051447869303,98.0287363430834,0.488586768064474
497.14,498,2779,5827,236215,501122,2025-04-11,2025-04-11,524.58,3048,264907,308969552,137875966,0.162191386418556,96.8010705469127,0.528627759308113
277.4,280,1919,1918,205333,498680,2025-04-11,2025-08-15,524.58,-1,293347,712712120,174663640,0.069969344705405,98.0987056877888,0.588246972006096
526.81,640,44,44,455400,498036,2025-04-11,2025-07-18,524.58,0,42635.9999999999,867892480,293607617,0.0573845276318099,99.5262777250933,0.0856082692817386
451.57,455,1207,1441,223295,494263,2025-04-11,2025-04-25,524.58,234,270968,320250757,171341368,0.154336247205186,96.7565619212572,0.548226349129917
506.2,508,1498,2736,185752,492480,2025-04-11,2025-04-11,524.58,1238,306728,308969552,137875966,0.159394347052036,96.9604648939647,0.62282326185835
510.8,550,137,124,267150,486080,2025-04-11,2025-05-23,524.58,-13,218930,30713088,21949191,1.58264776241321,66.2308589745193,0.450399111257406
451.75,458,754,775,235248,484375,2025-04-11,2025-05-16,524.58,21,249127,2777147769,1252525510,0.0174414557772853,99.4132068454583,0.514326709677419
480.34,509,177,168,350106,481488,2025-04-11,2025-08-15,524.58,-9,131382,712712120,174663640,0.0675571505645225,98.1662628383533,0.272866613498156
306.78,310,1483,1482,259525,477204,2025-04-11,2025-09-19,524.58,-1,217679,1907543215,544900862,0.0250166809458102,99.6458585081125,0.456155019656164
536.53,578,115,115,476905,476905,2025-04-11,2025-05-16,524.58,0,0,2777147769,1252525510,0.0171724747715432,99.4303793202298,0
309.8,315,911,912,247792,474240,2025-04-11,2025-12-19,524.58,1,226448,1214412355,359751552,0.0390509861043039,99.4909412791671,0.477496626180837
322.87,325,2228,2225,213888,473925,2025-04-11,2025-06-20,524.58,-3,260037,2694437004,991381554,0.0175890176425145,99.8123660344445,0.548688083557525
467.4,480,351,375,176904,472500,2025-04-11,2025-05-23,524.58,24,295596,30713088,21949191,1.53843208471906,67.7692910592383,0.6256
525.69,580,87,87,317463,472497,2025-04-11,2025-05-09,524.58,0,155034,191401348,96958426,0.246861897754242,93.1351538861681,0.328116368992819
493.07,582,53,53,471329,471329,2025-04-11,2025-05-02,524.58,0,0,302134219,151415360,0.155999873685278,97.3686740858704,0
404.79,415,465,461,262725,470681,2025-04-11,2025-08-15,524.58,-4,207956,712712120,174663640,0.066040830061933,98.2323036684152,0.441819406349523
248.29,250,2825,2752,248600,470592,2025-04-11,2025-09-19,524.58,-73,221992,1907543215,544900862,0.0246700570817736,99.6705285651943,0.471729226166191
426.44,431,1003,1031,198594,470136,2025-04-11,2025-05-16,524.58,28,271542,2777147769,1252525510,0.0169287354907041,99.4473080557205,0.577581806115677
297.07,300,1612,1602,262756,469386,2025-04-11,2025-09-19,524.58,-10,206630,1907543215,544900862,0.0246068343987688,99.695135399593,0.440213385145701
392.98,395,2975,2323,351050,469246,2025-04-11,2025-05-16,524.58,-652,118196,2777147769,1252525510,0.0168966882222823,99.4642047439428,0.25188493881674
441.84,447,902,906,236324,467496,2025-04-11,2025-05-16,524.58,4,231172,2777147769,1252525510,0.0168336739304418,99.4810384178733,0.494489792426031
329.81,335,897,895,256542,464505,2025-04-11,2025-09-19,524.58,-2,207963,1907543215,544900862,0.0243509555299904,99.719486355123,0.447708851357897
526.72,640,41,41,405900,464448,2025-04-11,2025-08-15,524.58,0,58548.0000000001,712712120,174663640,0.0651662834076682,98.2974699518229,0.126059322033898
340.72,345,1069,1071,249077,458388,2025-04-11,2025-08-15,524.58,2,209311,712712120,174663640,0.064316010228646,98.3617859620516,0.456624082654869
424.1,428,1195,1168,236610,455520,2025-04-11,2025-05-16,524.58,-27,218910,2777147769,1252525510,0.0164024401252521,99.4974408579985,0.480571654373024
447.16,459,383,383,453472,453472,2025-04-11,2025-08-15,524.58,0,0,712712120,174663640,0.0636262506662578,98.4254122127178,0
276.54,280,1307,1309,241795,452914,2025-04-11,2025-12-19,524.58,2,211119,1214412355,359751552,0.0372949104260389,99.5282361895931,0.466134851207956
502.83,517,229,319,167170,452023,2025-04-11,2025-05-02,524.58,90,284853,302134219,151415360,0.149609998329914,97.5182840842004,0.630173685852269
503.2,524,16,216,23200,449280,2025-04-11,2025-05-09,524.58,200,426080,191401348,96958426,0.234731889140091,93.3698857753081,0.948361823361823
249.27,250,6132,6150,220752,448950,2025-04-11,2025-06-20,524.58,18,228198,2694437004,991381554,0.0166621078664491,99.829028142311,0.508292682926829
534.22,572.5,117,117,447876,447876,2025-04-11,2025-05-02,524.58,0,0,302134219,151415360,0.148237429537897,97.6665215137382,0
474.75,475,17327,17909,537137,447725,2025-04-11,2025-04-11,524.58,582,-89412,308969552,137875966,0.144909100945973,97.1053739949107,-0.199702942654531
531.74,575,114,103,383268,445578,2025-04-11,2025-04-11,524.58,-11,62310,308969552,137875966,0.144214210466927,97.2495882053776,0.139840835947915
481.51,511,170,151,306000,445299,2025-04-11,2025-08-15,524.58,-19,139299,712712120,174663640,0.0624795043474215,98.4878917170652,0.312821272897536
439,444,883,865,232229,432500,2025-04-11,2025-05-16,524.58,-18,200271,2777147769,1252525510,0.0155735321262986,99.5130143901248,0.463054335260116
515.51,558,100,101,207400,429149,2025-04-11,2025-05-09,524.58,1,221749,191401348,96958426,0.224214199369171,93.5940999746773,0.516717969749434
501,630,33,33,425700,425700,2025-04-11,2025-12-19,524.58,0,0,1214412355,359751552,0.0350539911956018,99.5632901807887,0
389.19,395,733,732,329117,425292,2025-04-11,2025-08-15,524.58,-1,96175,712712120,174663640,0.0596723400746994,98.5475640571399,0.226138747025573
291.85,295,1544,1345,302624,423675,2025-04-11,2025-09-19,524.58,-199,121051,1907543215,544900862,0.022210505988458,99.7416968611115,0.285716646014044
525.75,610,50,50,332250,421250,2025-04-11,2025-05-16,524.58,0,89000,2777147769,1252525510,0.015168440250181,99.528182830375,0.211275964391691
501.85,525,170,180,203320,416700,2025-04-11,2025-05-23,524.58,10,213380,30713088,21949191,1.35675058138081,69.1260416406191,0.512071034317255
396.39,400,1105,1152,174590,415872,2025-04-11,2025-05-23,524.58,47,241282,30713088,21949191,1.35405466229902,70.4800963029182,0.580183325638658
521.21,552,136,135,259760,415665,2025-04-11,2025-05-09,524.58,-1,155905,191401348,96958426,0.217169316905751,93.811269291583,0.375073677119796
472.56,493,204,203,266016,414932,2025-04-11,2025-08-15,524.58,-1,148916,712712120,174663640,0.0582187377422458,98.6057827948822,0.358892541428475
379.77,385,788,788,412124,412124,2025-04-11,2025-08-15,524.58,0,0,712712120,174663640,0.0578247497741444,98.6636075446563,0
525.42,580,74,75,284826,409350,2025-04-11,2025-05-02,524.58,1,124524,302134219,151415360,0.135486142997924,97.8020076567362,0.304199340417735
331.3,335,1106,1106,409220,409220,2025-04-11,2025-12-19,524.58,0,0,1214412355,359751552,0.0336969562533807,99.5969871370421,0
316.16,320,1066,1063,234520,408192,2025-04-11,2025-09-19,524.58,-3,173672,1907543215,544900862,0.0213988336825176,99.763095694794,0.42546644716212
505.35,507,2218,2470,266160,407550,2025-04-11,2025-04-11,524.58,252,141390,308969552,137875966,0.131906201553479,97.3814944069311,0.346926757453073
529.79,567,109,109,653782,405589,2025-04-11,2025-05-09,524.58,0,-248193,191401348,96958426,0.21190498616551,94.0231742777486,-0.61193227626982
495.54,506,204,386,89352,403756,2025-04-11,2025-04-25,524.58,182,314404,320250757,171341368,0.126074955694796,96.882636876952,0.778698025540178
493.58,563,58,58,402636,402636,2025-04-11,2025-05-09,524.58,0,0,191401348,96958426,0.210362154816172,94.2335364325647,0
551.07,567.5,245,245,402535,402535,2025-04-11,2025-05-09,524.58,0,0,191401348,96958426,0.210309386117803,94.4438458186825,0
449.73,455,754,762,193024,401574,2025-04-11,2025-05-09,524.58,8,208550,191401348,96958426,0.209807299789759,94.6536531184723,0.519331430819725
368.04,370,2056,2046,234384,401016,2025-04-11,2025-05-30,524.58,-10,166632,549725755,158036241,0.0729483740488018,99.2394853320998,0.4155245675983
365.22,370,353,838,104488,400564,2025-04-11,2025-08-15,524.58,485,296076,712712120,174663640,0.0562027765151517,98.7198103211715,0.739147801599744
522.58,548,156,156,270348,396552,2025-04-11,2025-05-09,524.58,0,126204,191401348,96958426,0.2071834938174,94.8608366122897,0.318253343823761
465.44,475,394,414,186756,395784,2025-04-11,2025-05-23,524.58,20,209028,30713088,21949191,1.28864932109725,71.7687456240154,0.528136559335395
509.49,526,315,239,239400,394589,2025-04-11,2025-04-25,524.58,-76,155189,320250757,171341368,0.123212511250988,97.005849388203,0.393292767918011
537.09,561,165,165,394515,394515,2025-04-11,2025-05-09,524.58,0,0,191401348,96958426,0.206119237989902,95.0669558502796,0
498.84,585,45,45,387720,387720,2025-04-11,2025-05-09,524.58,0,0,191401348,96958426,0.202569106253107,95.2695249565327,0
504.99,519,261,275,277704,385275,2025-04-11,2025-05-02,524.58,14,107571,302134219,151415360,0.127517830080677,97.9295254868168,0.279205762117968
464.82,483,209,211,286539,383598,2025-04-11,2025-08-15,524.58,2,97058.9999999999,712712120,174663640,0.0538222922321007,98.7736326134036,0.253022695634492
504.28,518,254,279,160528,382788,2025-04-11,2025-04-25,524.58,25,222260,320250757,171341368,0.119527586315744,97.1253769745188,0.580634711641953
494.57,515,211,187,200450,382041,2025-04-11,2025-05-23,524.58,-24,181591,30713088,21949191,1.24390292503313,73.0126485490485,0.475318094131258
351.08,355,579,971,111747,380632,2025-04-11,2025-07-18,524.58,392,268885,867892480,293607617,0.0438570455178964,99.5701347706112,0.706417221883604
529.89,630,38,38,361722,380418,2025-04-11,2025-07-18,524.58,0,18696,867892480,293607617,0.0438323880856762,99.6139671586969,0.0491459394665868
507.1,537,126,127,209034,379730,2025-04-11,2025-05-02,524.58,1,170696,302134219,151415360,0.125682553024555,98.0552080398414,0.449519395359861
516.08,595,1166,48,6540094,378816,2025-04-11,2025-05-16,524.58,-1118,-6161278,2777147769,1252525510,0.0136404697016322,99.5418233000766,-16.2645664385876
301,305,947,945,232015,378000,2025-04-11,2025-12-19,524.58,-2,145985,1214412355,359751552,0.0311261655436633,99.6281133025858,0.386203703703704
448.74,456,491,520,194927,377520,2025-04-11,2025-05-16,524.58,29,182593,2777147769,1252525510,0.0135938031175035,99.5554171031941,0.483664441618987
465.65,484,203,204,310590,374340,2025-04-11,2025-08-15,524.58,1,63750,712712120,174663640,0.052523310533852,98.8261559239374,0.170299727520436
502.67,504,1773,2810,177300,373730,2025-04-11,2025-04-11,524.58,1037,196430,308969552,137875966,0.120960139140183,97.5024545460713,0.525593342787574
278.79,280,3106,3074,155300,371954,2025-04-11,2025-06-20,524.58,-32,216654,2694437004,991381554,0.0138045164703357,99.8428326587813,0.582475252316147
441.02,463,169,169,371462,371462,2025-04-11,2025-08-15,524.58,0,0,712712120,174663640,0.0521195009283692,98.8782754248658,0
501.64,573,51,51,363936,363936,2025-04-11,2025-05-09,524.58,0,0,191401348,96958426,0.190142861480788,95.4596678180135,0
507.55,530,133,162,175427,363690,2025-04-11,2025-05-23,524.58,29,188263,30713088,21949191,1.18415315320947,74.196801702258,0.51764689708268
509.12,536,141,135,176955,362880,2025-04-11,2025-05-09,524.58,-6,185925,191401348,96958426,0.189591141228535,95.649258959242,0.512359457671958
417.12,427,368,367,202032,362596,2025-04-11,2025-08-15,524.58,-1,160564,712712120,174663640,0.0508755203994567,98.9291509452653,0.442817902017673
396.84,399,1425,1678,196650,362448,2025-04-11,2025-05-16,524.58,253,165798,2777147769,1252525510,0.0130510880280062,99.5684681912221,0.457439411998411
228.44,230,2304,2322,576000,362232,2025-04-11,2025-09-19,524.58,18,-213768,1907543215,544900862,0.018989451832681,99.7820851466267,-0.590141125024846
387.3,390,1222,1340,195520,361800,2025-04-11,2025-05-30,524.58,118,166280,549725755,158036241,0.0658146351538505,99.3052999672537,0.4595909342178
501.25,514,112,283,60480,360825,2025-04-11,2025-04-25,524.58,171,300345,320250757,171341368,0.112669522901393,97.2380464974201,0.832384119725629
525.98,572,78,78,305214,358956,2025-04-11,2025-04-25,524.58,0,53742,320250757,171341368,0.112085917723529,97.3501324151437,0.149717514124294
496.53,509,132,287,72732,357889,2025-04-11,2025-05-02,524.58,155,285157,302134219,151415360,0.118453646589432,98.1736616864308,0.796774977716555
492.71,562.5,51,51,355929,355929,2025-04-11,2025-05-09,524.58,0,0,191401348,96958426,0.185959505363567,95.8352184646056,0
239.21,240,4501,4493,148533,354947,2025-04-11,2025-06-20,524.58,-8,206414,2694437004,991381554,0.0131733270985021,99.8560059858798,0.581534707998659
313.26,315,1999,1995,203898,347130,2025-04-11,2025-06-20,524.58,-4,143232,2694437004,991381554,0.0128832108334569,99.8688891967132,0.412617751274739
362.2,365,1248,1239,193440,346920,2025-04-11,2025-06-20,524.58,-9,153480,2694437004,991381554,0.012875416997502,99.8817646137108,0.442407471463162
542.33,571,122,121,349774,346907,2025-04-11,2025-04-25,524.58,-1,-2867,320250757,171341368,0.108323553470945,97.4584559686146,-0.00826446280991736
461.13,470,404,391,176952,346817,2025-04-11,2025-05-23,524.58,-13,169865,30713088,21949191,1.12921566206563,75.3260173643236,0.489782796114377
509.85,551,83,84,158696,345660,2025-04-11,2025-05-09,524.58,1,186964,191401348,96958426,0.180594339387829,96.0158128039934,0.540889891801192
203.58,205,2257,2422,124135,343924,2025-04-11,2025-09-19,524.58,165,219789,1907543215,544900862,0.0180296832750916,99.8001148299018,0.639062699898815
450.75,455,742,807,162498,342975,2025-04-11,2025-05-02,524.58,65,180477,302134219,151415360,0.11351742981486,98.2871791162457,0.526210365186967
496.35,507,296,322,129056,342930,2025-04-11,2025-04-25,524.58,26,213874,320250757,171341368,0.107081714095683,97.5655376827103,0.623666637506197
428.26,433,718,722,157960,342228,2025-04-11,2025-05-16,524.58,4,184268,2777147769,1252525510,0.0123230028959975,99.5807911941181,0.538436364061386
419.03,424,662,687,136372,341439,2025-04-11,2025-05-16,524.58,25,205067,2777147769,1252525510,0.0122945924524191,99.5930857865705,0.600596299778291
183.92,185,3142,3152,465016,340416,2025-04-11,2025-12-19,524.58,10,-124600,1214412355,359751552,0.0280313353696076,99.6561446379554,-0.366022748636962
430.6,437,506,531,122958,339840,2025-04-11,2025-05-16,524.58,25,216882,2777147769,1252525510,0.0122370153937603,99.6053228019643,0.638188559322034
521.88,580,42,58,153300,337096,2025-04-11,2025-04-11,524.58,16,183796,308969552,137875966,0.109103307370559,97.6115578534418,0.54523340532074
500.86,502,1949,2952,191002,336528,2025-04-11,2025-04-11,524.58,1003,145526,308969552,137875966,0.108919470485558,97.7204773239274,0.432433556791708
510.37,592,41,41,334683,334683,2025-04-11,2025-05-16,524.58,0,0,2777147769,1252525510,0.012051321277748,99.6173741232421,0
441.49,445,682,949,96162,333099,2025-04-11,2025-04-25,524.58,267,236937,320250757,171341368,0.104011932124801,97.6695496148351,0.711311051669324
456.14,465,343,375,129654,332250,2025-04-11,2025-05-23,524.58,32,202596,30713088,21949191,1.0817863706834,76.407803735007,0.609769751693002
493.48,509,69,214,47748,332128,2025-04-11,2025-05-09,524.58,145,284380,191401348,96958426,0.173524378731126,96.1893371827246,0.856236149918104
536.42,565,116,116,331528,331528,2025-04-11,2025-05-23,524.58,0,0,30713088,21949191,1.07943558133913,77.4872393163462,0
414.36,425,309,311,154500,330904,2025-04-11,2025-08-15,524.58,2,176404,712712120,174663640,0.0464288442295607,98.9755797894948,0.533097212484588
204.04,205,3444,3444,330624,330624,2025-04-11,2025-12-19,524.58,0,0,1214412355,359751552,0.0272250194621908,99.6833696574176,0
420.06,425,741,662,182286,327028,2025-04-11,2025-05-30,524.58,-79,144742,549725755,158036241,0.0594892993507281,99.3647892666044,0.442598187311178
199.63,200,8796,8835,158328,326895,2025-04-11,2025-06-20,524.58,39,168567,2694437004,991381554,0.0121322190689451,99.8938968327797,0.515660992061671
365.12,370,665,668,148295,325984,2025-04-11,2025-07-18,524.58,3,177689,867892480,293607617,0.0375604130133723,99.6515275717103,0.545085034848336
280.99,285,810,810,161190,324810,2025-04-11,2025-12-19,524.58,0,163620,1214412355,359751552,0.0267462693921621,99.7101159268097,0.503740648379052
507.18,528,100,155,91000,322710,2025-04-11,2025-05-02,524.58,55,231710,302134219,151415360,0.106810145857726,98.3939892621034,0.718013076756221
234.42,235,5562,5555,211356,322190,2025-04-11,2025-06-20,524.58,-7,110834,2694437004,991381554,0.0119576000300507,99.9058544328098,0.344001986405537
454.38,460,585,572,164385,321464,2025-04-11,2025-05-09,524.58,-13,157079,191401348,96958426,0.167952840123153,96.3572900228477,0.488636363636364
459.93,477,188,188,502900,320916,2025-04-11,2025-08-15,524.58,0,-181984,712712120,174663640,0.0450274368843342,99.0206072263791,-0.567076742823667
498.07,499,2372,3447,199248,320571,2025-04-11,2025-04-11,524.58,1075,121323,308969552,137875966,0.103754883911668,97.824232207839,0.378459062111046
477.77,487,0,347,0,320281,2025-04-11,2025-04-25,524.58,347,320281,320250757,171341368,0.100009443537397,97.7695590583725,1
213.66,215,2380,2380,318920,318920,2025-04-11,2025-09-19,524.58,0,0,1907543215,544900862,0.0167188872835051,99.8168337171853,0
425.03,429,778,800,173494,317600,2025-04-11,2025-05-16,524.58,22,144106,2777147769,1252525510,0.0114361937648843,99.6288103170069,0.453734256926952
417.67,420,1493,1363,182146,317579,2025-04-11,2025-05-02,524.58,-130,135433,302134219,151415360,0.105111893995695,98.4991011560991,0.426454519977706
425.03,435,271,318,185093,317046,2025-04-11,2025-08-15,524.58,47,131953,712712120,174663640,0.0444844406462458,99.0650916670254,0.416195126259281
444.97,445,103637,104675,621822,314025,2025-04-11,2025-04-11,524.58,1038,-307797,308969552,137875966,0.101636228543323,97.9258684363824,-0.98016718414139
535.06,552.5,179,179,312176,312176,2025-04-11,2025-05-02,524.58,0,0,302134219,151415360,0.103323615919189,98.6024247720183,0
429.68,434,702,712,144612,307584,2025-04-11,2025-05-16,524.58,10,162972,2777147769,1252525510,0.0110755359665559,99.6398858529735,0.529845505617978
498.21,604,29,29,306791,306791,2025-04-11,2025-05-16,524.58,0,0,2777147769,1252525510,0.0110469814903105,99.6509328344638,0
471.75,492,149,151,468158,305775,2025-04-11,2025-08-15,524.58,2,-162383,712712120,174663640,0.0429030167187279,99.1079946837441,-0.531053879486551
324.19,325,3702,3715,177696,300915,2025-04-11,2025-05-16,524.58,13,123219,2777147769,1252525510,0.0108353975023934,99.6617682319662,0.409481082697772
238.5,240,2006,2006,256768,300900,2025-04-11,2025-12-19,524.58,0,44132,1214412355,359751552,0.0247774159049955,99.7348933427147,0.146666666666667
374.4,380,536,535,166160,299600,2025-04-11,2025-08-15,524.58,-1,133440,712712120,174663640,0.0420366079925791,99.1500312917367,0.445393858477971
368.68,370,2124,2261,178416,298452,2025-04-11,2025-05-16,524.58,137,120036,2777147769,1252525510,0.0107467093876487,99.6725149413539,0.402195327891922
508.27,542,51,88,86445,296824,2025-04-11,2025-05-23,524.58,37,210379,30713088,21949191,0.966441407650055,78.4536807239962,0.708766811309059
418.13,422,732,762,147864,294894,2025-04-11,2025-05-16,524.58,30,147030,2777147769,1252525510,0.0106185923302953,99.6831335336842,0.498585932572382
499.37,512,39,233,20163,294279,2025-04-11,2025-04-25,524.58,194,274116,320250757,171341368,0.0918901809184482,97.861449239291,0.931483388213226
297.85,300,1348,1353,134800,290895,2025-04-11,2025-07-18,524.58,5,156095,867892480,293607617,0.0335174006807848,99.685044972391,0.536602554186218
445.73,451,553,549,156499,289323,2025-04-11,2025-05-16,524.58,-4,132824,2777147769,1252525510,0.0104179908332418,99.6935515245174,0.459085520335404
329.39,330,4337,4731,195165,288591,2025-04-11,2025-05-16,524.58,394,93426,2777147769,1252525510,0.0103916328551691,99.7039431573726,0.323731509298627
193.85,195,2445,2509,378975,288535,2025-04-11,2025-12-19,524.58,64,-90440,1214412355,359751552,0.0237592279765632,99.7586525706913,-0.313445509210321
494.16,516,117,131,154323,286104,2025-04-11,2025-05-23,524.58,14,131781,30713088,21949191,0.931537720987222,79.3852184449835,0.460605234460196
431.29,435,711,771,137934,286041,2025-04-11,2025-05-09,524.58,60,148107,191401348,96958426,0.149445655941775,96.5067356787895,0.517782415807524
484,506,78,130,65910,286000,2025-04-11,2025-05-23,524.58,52,220090,30713088,21949191,0.931199103131538,80.316417548115,0.769545454545455
464.02,473,364,317,143052,284666,2025-04-11,2025-05-16,524.58,-47,141614,2777147769,1252525510,0.0102503008006125,99.7141934581732,0.497474232960733
368.11,370,16,1506,1024,284634,2025-04-11,2025-05-02,524.58,1490,283610,302134219,151415360,0.0942077997461121,98.6966325717644,0.996402397464814
446.61,455,190,339,62700,284421,2025-04-11,2025-05-23,524.58,149,221721,30713088,21949191,0.926057972418794,81.2424755205338,0.779552142774268
434.99,440,521,566,141712,283566,2025-04-11,2025-05-23,524.58,45,141854,30713088,21949191,0.92327414293216,82.165749663466,0.500250382626972
513.89,605,31,31,196137,282441,2025-04-11,2025-05-16,524.58,0,86304,2777147769,1252525510,0.0101701826295582,99.7243636408027,0.305564702008561
403.04,405,1468,1432,143864,280672,2025-04-11,2025-05-02,524.58,-36,136808,302134219,151415360,0.092896462019087,98.7895290337835,0.487430167597765
525.51,553,102,102,596700,280398,2025-04-11,2025-05-09,524.58,0,-316302,191401348,96958426,0.146497400843802,96.6532330796333,-1.12804656238632
409.63,415,460,522,97980,280314,2025-04-11,2025-05-30,524.58,62,182334,549725755,158036241,0.0509916076244236,99.4157808742288,0.650463408891458
452.68,476,119,119,125902,277508,2025-04-11,2025-08-15,524.58,0,151606,712712120,174663640,0.0389368992349955,99.1889681909717,0.54631217838765
507.76,528,15,137,15675,277288,2025-04-11,2025-05-09,524.58,122,261613,191401348,96958426,0.14487254290393,96.7981056225372,0.943470326880355
378.66,385,314,434,85094,275156,2025-04-11,2025-07-18,524.58,120,190062,867892480,293607617,0.031703927196143,99.7167488995872,0.690742705955894
504.43,523,148,148,171384,274836,2025-04-11,2025-05-02,524.58,0,103452,302134219,151415360,0.0909648701526258,98.8804939039361,0.376413570274637
420.97,428,390,390,274170,274170,2025-04-11,2025-08-15,524.58,0,0,712712120,174663640,0.0384685474410061,99.2274367384127,0
527.45,559,396,86,700524,271330,2025-04-11,2025-04-11,524.58,-310,-429194,308969552,137875966,0.087817714801878,98.0136861511843,-1.58181550141894
302.99,305,1345,1346,161400,270546,2025-04-11,2025-07-18,524.58,1,109146,867892480,293607617,0.0311727554085962,99.7479216549958,0.403428622119713
478.58,501,113,120,361374,269040,2025-04-11,2025-08-15,524.58,7,-92334,712712120,174663640,0.0377487617300517,99.2651855001428,-0.343198037466548
445.23,452,428,397,121552,268769,2025-04-11,2025-05-16,524.58,-31,147217,2777147769,1252525510,0.00967787897353329,99.7340415197763,0.547745461716195
430.37,449,144,144,268272,268272,2025-04-11,2025-08-15,524.58,0,0,712712120,174663640,0.0376410043370667,99.3028265044798,0
429.55,435,484,489,144232,266505,2025-04-11,2025-05-30,524.58,5,122273,549725755,158036241,0.0484796278100523,99.4642605020389,0.458801898651057
188.78,190,2147,2180,178201,265960,2025-04-11,2025-12-19,524.58,33,87759,1214412355,359751552,0.0219003042010389,99.7805528748923,0.329970672281546
404.96,410,412,523,85696,263592,2025-04-11,2025-05-30,524.58,111,177896,549725755,158036241,0.0479497272235317,99.5122102292624,0.674891498983277
505.46,527,40,122,30400,262788,2025-04-11,2025-04-25,524.58,82,232388,320250757,171341368,0.0820569488927078,97.9435061881837,0.884317396532566
159.65,160,7453,7451,37265,260785,2025-04-11,2025-06-20,524.58,-2,223520,2694437004,991381554,0.00967864528333207,99.9155330780931,0.857104511379106
501.78,503,1305,2127,131805,259494,2025-04-11,2025-04-11,524.58,822,127689,308969552,137875966,0.0839869166137122,98.097673067798,0.492069180790307
525.15,575,59,52,259600,259220,2025-04-11,2025-05-09,524.58,-7,-379.999999999971,191401348,96958426,0.13543269298187,96.9335383155191,-0.0014659362703494
208.85,210,2242,2242,179360,257830,2025-04-11,2025-12-19,524.58,0,78470,1214412355,359751552,0.0212308446087902,99.8017837195011,0.304347826086956
512.98,620,38,24,418380,256848,2025-04-11,2025-07-18,524.58,-14,-161532,867892480,293607617,0.0295944493032132,99.777516104299,-0.628901139973837
427.33,432,346,549,70238,256383,2025-04-11,2025-05-16,524.58,203,186145,2777147769,1252525510,0.00923188181996952,99.7432734015962,0.726042678336707
481.62,482,2393,6733,98113,255854,2025-04-11,2025-04-11,524.58,4340,157741,308969552,137875966,0.0828088069985615,98.1804818747965,0.616527394529693
510.8,528,115,147,135815,252840,2025-04-11,2025-04-25,524.58,32,117025,320250757,171341368,0.0789506330503381,98.022456821234,0.462842113589622
314.33,315,4001,3766,152038,252322,2025-04-11,2025-05-16,524.58,-235,100284,2777147769,1252525510,0.00908565265473275,99.752359054251,0.397444535157458
524.8,568,79,58,194340,250560,2025-04-11,2025-04-11,524.58,-21,56220,308969552,137875966,0.0810953695527901,98.2615772443493,0.224377394636015
503.37,518,152,171,117496,250173,2025-04-11,2025-05-02,524.58,19,132677,302134219,151415360,0.0828019417423222,98.9632958456784,0.530341004025215
530.97,635,24,24,240456,249672,2025-04-11,2025-07-18,524.58,0,9216.00000000003,867892480,293607617,0.0287676187723161,99.8062837230713,0.0369124291069885
526.34,562.5,64,69,361664,249504,2025-04-11,2025-04-11,524.58,5,-112160,308969552,137875966,0.0807535883018013,98.3423308326511,-0.449531871232525
383.3,385,1340,1461,140700,248370,2025-04-11,2025-05-16,524.58,121,107670,2777147769,1252525510,0.00894334837967349,99.7613024026306,0.433506462133108
522.32,625,24,24,246432,246432,2025-04-11,2025-12-19,524.58,0,0,1214412355,359751552,0.0202922836699895,99.8220760031711,0
508.88,564,44,44,242528,242528,2025-04-11,2025-05-09,524.58,0,0,191401348,96958426,0.12671175126729,97.0602500667864,0
501.02,574,33,33,240834,240834,2025-04-11,2025-04-11,524.58,0,0,308969552,137875966,0.0779474865536265,98.4202783192048,0
391.41,395,660,670,105600,240530,2025-04-11,2025-05-30,524.58,10,134930,549725755,158036241,0.0437545444819117,99.5559647737443,0.560969525630898
494.03,504,157,240,94200,239280,2025-04-11,2025-04-25,524.58,83,145080,320250757,171341368,0.074716451021535,98.0971732722555,0.606318956870612
492.34,493,3154,3609,227088,238194,2025-04-11,2025-04-11,524.58,455,11106,308969552,137875966,0.0770930334261546,98.4973713526309,0.0466258595934407
353.38,355,1394,1469,94792,237978,2025-04-11,2025-05-16,524.58,75,143186,2777147769,1252525510,0.00856915151064113,99.7698715541413,0.601677465984251
447.31,453,392,415,105448,236135,2025-04-11,2025-05-16,524.58,23,130687,2777147769,1252525510,0.00850278845929138,99.7783743426006,0.553441887056133
512.82,615,37,23,269545,235014,2025-04-11,2025-07-18,524.58,-14,-34531,867892480,293607617,0.02707869988688,99.8333624229582,-0.146931672155701
433.91,447,180,179,209520,234311,2025-04-11,2025-08-15,524.58,-1,24791,712712120,174663640,0.0328759668069066,99.3357024712867,0.1058038248311
469.83,470,15294,13747,428232,233699,2025-04-11,2025-04-11,524.58,-1547,-194533,308969552,137875966,0.0756381975140385,98.5730095501449,-0.832408354336133
266.59,270,685,684,274000,233244,2025-04-11,2025-12-19,524.58,-1,-40756,1214412355,359751552,0.0192063263387995,99.8412823295099,-0.174735470151429
409.3,412,262,863,46374,233010,2025-04-11,2025-05-16,524.58,601,186636,2777147769,1252525510,0.0083902629381476,99.7867646055387,0.800978498776877
494.29,591,24,24,232104,232104,2025-04-11,2025-05-30,524.58,0,0,549725755,158036241,0.04222178020384,99.5981865539482,0
382.1,385,777,796,109557,230840,2025-04-11,2025-05-30,524.58,19,121283,549725755,158036241,0.0419918473712406,99.6401784013194,0.52539854444637
349.65,355,430,429,107500,229515,2025-04-11,2025-08-15,524.58,-1,122015,712712120,174663640,0.0322030443371722,99.3679055156239,0.53162102694813
444.47,453,269,269,229457,229457,2025-04-11,2025-08-15,524.58,0,0,712712120,174663640,0.0321949064090562,99.400100422033,0
258.91,260,2095,2100,83800,228900,2025-04-11,2025-06-20,524.58,5,145100,2694437004,991381554,0.00849528119084576,99.9240283592839,0.63390126692879
436.59,442,396,422,92664,228302,2025-04-11,2025-05-16,524.58,26,135638,2777147769,1252525510,0.00822073648901324,99.7949853420277,0.594116564900877
438.75,446,230,313,57270,226925,2025-04-11,2025-05-16,524.58,83,169655,2777147769,1252525510,0.00817115324337644,99.8031564952711,0.747625867577393
403.48,405,1316,1485,117124,225720,2025-04-11,2025-04-25,524.58,169,108596,320250757,171341368,0.0704822689927318,98.1676555412483,0.481109339004076
501.65,579,29,29,224315,224315,2025-04-11,2025-04-25,524.58,0,0,320250757,171341368,0.0700435502795705,98.2376990915278,0
513.09,534,106,107,127200,223737,2025-04-11,2025-05-09,524.58,1,96537,191401348,96958426,0.116894161058887,97.1771442278452,0.431475348288392
163.86,165,1949,1956,107195,222984,2025-04-11,2025-12-19,524.58,7,115789,1214412355,359751552,0.0183614732740429,99.8596438027839,0.519270440928497
516.21,554,59,59,121953,222961,2025-04-11,2025-05-09,524.58,0,101008,191401348,96958426,0.116488730267459,97.2936329581127,0.4530299020905
238.37,240,1278,1367,99684,222821,2025-04-11,2025-09-19,524.58,89,123137,1907543215,544900862,0.0116810459782952,99.8285147631636,0.552627445348509
407.12,411,340,569,69360,220772,2025-04-11,2025-05-16,524.58,229,151412,2777147769,1252525510,0.00794959499326519,99.8111060902644,0.68582972478394
449.29,457,295,282,79650,217422,2025-04-11,2025-05-16,524.58,-13,137772,2777147769,1252525510,0.00782896763459906,99.818935057899,0.633661726964153
325.99,330,538,541,104910,216941,2025-04-11,2025-08-15,524.58,3,112031,712712120,174663640,0.030438797645254,99.4305392196782,0.516412296430827
388.12,390,369,1149,24723,216012,2025-04-11,2025-04-25,524.58,780,191289,320250757,171341368,0.0674508944252082,98.3051499859531,0.885548025109716
309.52,310,4658,4470,144398,214560,2025-04-11,2025-05-16,524.58,-188,70162,2777147769,1252525510,0.00772591226131475,99.8266609701603,0.327004101416853
496.79,512,136,141,121720,214461,2025-04-11,2025-05-02,524.58,5,92741,302134219,151415360,0.070982029347692,99.0342778750261,0.432437599377043
422.65,427,477,491,93492,213585,2025-04-11,2025-05-16,524.58,14,120093,2777147769,1252525510,0.00769080429871789,99.834351774459,0.562272631505021
378.5,380,1103,1410,108094,211500,2025-04-11,2025-05-16,524.58,307,103406,2777147769,1252525510,0.00761572727101077,99.84196750173,0.488917257683215
386.92,390,674,685,97730,210980,2025-04-11,2025-05-23,524.58,11,113250,30713088,21949191,0.686938415310112,82.8526880787761,0.536780737510665
291.76,295,651,650,118482,210600,2025-04-11,2025-08-15,524.58,-1,92118,712712120,174663640,0.0295490976076007,99.4600883172858,0.437407407407407
505.37,522,85,126,58225,209538,2025-04-11,2025-04-25,524.58,41,151313,320250757,171341368,0.0654293535362353,98.3705793394893,0.722126774141206
372.35,375,778,790,110476,209350,2025-04-11,2025-05-30,524.58,12,98874,549725755,158036241,0.0380826253992775,99.6782610267187,0.472290422737043
486.89,507,73,104,56794,209144,2025-04-11,2025-05-23,524.58,31,152350,30713088,21949191,0.680960507780918,83.533648586557,0.728445472975558
450.36,468,118,118,299366,208152,2025-04-11,2025-08-15,524.58,0,-91214.0000000001,712712120,174663640,0.029205620917461,99.4892939382033,-0.438208616780046
496.17,497,1560,2504,121680,207832,2025-04-11,2025-04-11,524.58,944,86152,308969552,137875966,0.067266175147252,98.6402757252922,0.414527118056892
416.14,420,421,538,90936,207668,2025-04-11,2025-05-23,524.58,117,116732,30713088,21949191,0.676154738982938,84.2098033255399,0.562108750505615
414.63,419,426,473,82218,206701,2025-04-11,2025-05-16,524.58,47,124483,2777147769,1252525510,0.00744292407870069,99.8494104258087,0.602237047716267
503.21,522,113,110,103960,206690,2025-04-11,2025-05-09,524.58,-3,102730,191401348,96958426,0.107987745206476,97.4016207033192,0.497024529488606
286.27,290,554,554,146256,206642,2025-04-11,2025-12-19,524.58,0,60386,1214412355,359751552,0.0170158018525758,99.8766596046365,0.292225201072386
505.6,529,68,88,62628,205920,2025-04-11,2025-05-02,524.58,20,143292,302134219,151415360,0.0681551400174238,99.1024330150436,0.695862470862471
448.65,467,113,112,173116,205520,2025-04-11,2025-08-15,524.58,-1,32404,712712120,174663640,0.0288363273519188,99.5181302655552,0.15766835344492
257.22,260,733,738,104086,205164,2025-04-11,2025-12-19,524.58,5,101078,1214412355,359751552,0.0168940968984131,99.8935537015349,0.492669279210778
228.22,230,1149,1149,165456,204522,2025-04-11,2025-12-19,524.58,0,39066,1214412355,359751552,0.0168412318236008,99.9103949333585,0.191011235955056
198.87,200,2347,1790,140820,202270,2025-04-11,2025-09-19,524.58,-557,61450,1907543215,544900862,0.0106036916180691,99.8391184547816,0.303801849013694
524.73,602,25,26,221600,200902,2025-04-11,2025-05-16,524.58,1,-20698,2777147769,1252525510,0.00723411271962461,99.8566445385283,-0.103025355646036
398.07,400,1184,1027,130240,198211,2025-04-11,2025-05-09,524.58,-157,67971,191401348,96958426,0.103557786855294,97.5051784901745,0.342922441236864
358.77,360,1439,1610,99291,198030,2025-04-11,2025-05-16,524.58,171,98739,2777147769,1252525510,0.00713069726467263,99.863775235793,0.498606271777004
431.55,436,362,445,76744,198025,2025-04-11,2025-05-16,524.58,83,121281,2777147769,1252525510,0.0071305172238388,99.8709057530169,0.612452973109456
534.23,557.5,85,85,197795,197795,2025-04-11,2025-05-09,524.58,0,0,191401348,96958426,0.103340442513498,97.608518932688,0
478.7,479,2305,6582,110640,197460,2025-04-11,2025-04-11,524.58,4277,86820,308969552,137875966,0.063909210057048,98.7041849353492,0.439683986630204
509.09,529,24,99,24600,197109,2025-04-11,2025-04-25,524.58,75,172509,320250757,171341368,0.0615483322651443,98.4321276717544,0.875195957566626
521.7,555,59,59,132868,196470,2025-04-11,2025-05-23,524.58,0,63602,30713088,21949191,0.639694712560326,84.8494980381002,0.323723723723724
335.91,340,480,479,106560,195911,2025-04-11,2025-08-15,524.58,-1,89351,712712120,174663640,0.0274880971576574,99.5456183627129,0.456079546324607
263.55,265,1351,1347,58093,195315,2025-04-11,2025-06-20,524.58,-4,137222,2694437004,991381554,0.00724882414062927,99.9312771834246,0.702567647134117
486.52,487,2761,4063,149094,195024,2025-04-11,2025-04-11,524.58,1302,45930,308969552,137875966,0.0631207828530625,98.7673057182023,0.23550947575683
505.97,523,105,114,69615,194142,2025-04-11,2025-04-25,524.58,9,124527,320250757,171341368,0.0606218707548598,98.4927495425093,0.641422257934914
502.83,516,119,147,66045,193599,2025-04-11,2025-04-25,524.58,28,127554,320250757,171341368,0.0604523161205205,98.5532018586298,0.658856708970604
491.2,501,227,197,85806,193060,2025-04-11,2025-04-25,524.58,-30,107254,320250757,171341368,0.0602840105074287,98.6134858691372,0.555547498187092
420.46,429,226,226,193004,193004,2025-04-11,2025-08-15,524.58,0,0,712712120,174663640,0.0270802185881166,99.572698581301,0
193.84,195,1560,1663,82680,192908,2025-04-11,2025-09-19,524.58,103,110228,1907543215,544900862,0.0101129032612768,99.8492313580429,0.57140191179215
517.04,564,94,41,274198,192536,2025-04-11,2025-04-11,524.58,-53,-81662,308969552,137875966,0.0623155255117177,98.829621243714,-0.424138862342627
232.82,235,1012,878,108284,191404,2025-04-11,2025-12-19,524.58,-134,83120,1214412355,359751552,0.0157610385971411,99.9261559719557,0.434264696662557
426.9,430,649,614,101244,190340,2025-04-11,2025-05-02,524.58,-35,89096,302134219,151415360,0.0629984914088795,99.1654315064524,0.468088683408637
540.16,635,20,20,189680,189680,2025-04-11,2025-12-19,524.58,0,0,1214412355,359751552,0.0156190769320689,99.9417750488877,0
316.47,320,536,536,68072,189208,2025-04-11,2025-07-18,524.58,0,121136,867892480,293607617,0.0218008571753036,99.8551632801335,0.640226628895184
440,445,346,378,74044,189000,2025-04-11,2025-05-09,524.58,32,114956,191401348,96958426,0.0987453860565287,97.7072643187445,0.608232804232804
500.77,518,143,109,125411,187807,2025-04-11,2025-05-09,524.58,-34,62396,191401348,96958426,0.0981220884609444,97.8053864072055,0.332234687737944
482.62,483,2409,4880,108405,185440,2025-04-11,2025-04-11,524.58,2471,77035,308969552,137875966,0.0600188590751493,98.8896401027892,0.415417385677308
497.06,508,91,169,44499,184886,2025-04-11,2025-04-25,524.58,78,140387,320250757,171341368,0.0577316355882962,98.6712175047255,0.759316551821122
499.96,501,1737,1769,159804,183976,2025-04-11,2025-04-11,524.58,32,24172,308969552,137875966,0.0595450259771876,98.9491851287664,0.131386702613384
179.08,180,2077,1998,207700,183816,2025-04-11,2025-09-19,524.58,-79,-23884,1907543215,544900862,0.00963626923650063,99.8588676272794,-0.129934282108195
508.03,526,101,102,92011,183294,2025-04-11,2025-05-02,524.58,1,91283,302134219,151415360,0.0606664152794954,99.2260979217319,0.498014119392888
445.79,462,111,112,240648,181552,2025-04-11,2025-08-15,524.58,1,-59096,712712120,174663640,0.0254733987125124,99.5981719800135,-0.325504538644576
407.46,410,662,714,78778,181356,2025-04-11,2025-05-02,524.58,52,102578,302134219,151415360,0.0600249785013594,99.2861229002333,0.565616797900263
499.03,511,138,151,99636,180747,2025-04-11,2025-04-25,524.58,13,81111,320250757,171341368,0.0564392108525133,98.727656715578,0.448754336171555
464.87,465,9354,13822,196434,179686,2025-04-11,2025-04-11,524.58,4468,-16748,308969552,137875966,0.0581565396450457,99.0073416684114,-0.0932070389457164
505.31,528,7,79,8680,179251,2025-04-11,2025-05-23,524.58,72,170571,30713088,21949191,0.583630665858151,85.4331287039584,0.95157628130387
487.4,508,63,87,66402,179220,2025-04-11,2025-05-23,524.58,24,112818,30713088,21949191,0.58352973168963,86.016658435648,0.629494476062939
169.84,170,11183,11192,100647,179072,2025-04-11,2025-06-20,524.58,9,78425,2694437004,991381554,0.00664598948626969,99.9379231729108,0.437952332022874
476.72,477,6084,6386,212940,178808,2025-04-11,2025-04-11,524.58,302,-34132,308969552,137875966,0.0578723692488637,99.0652140376603,-0.190886313811462
243.1,245,939,939,178410,178410,2025-04-11,2025-09-19,524.58,0,0,1907543215,544900862,0.00935286805546893,99.8682204953349,0
497.2,517,25,90,33550,178200,2025-04-11,2025-05-09,524.58,65,144650,191401348,96958426,0.0931027925675842,97.898489199773,0.811728395061729
414.71,418,549,541,104310,177989,2025-04-11,2025-05-16,524.58,-8,73679,2777147769,1252525510,0.00640905759451506,99.8773148106114,0.413952547629348
485.47,498,125,142,45625,177926,2025-04-11,2025-04-25,524.58,17,132301,320250757,171341368,0.0555583386177601,98.7832150541958,0.743573170868788
519.18,557,46,47,122636,177754,2025-04-11,2025-05-09,524.58,1,55118,191401348,96958426,0.0928697743549852,97.991358974128,0.310080223229857
425.67,430,402,409,94872,177097,2025-04-11,2025-05-23,524.58,7,82225,30713088,21949191,0.576617369116385,86.5932758047644,0.464293579224945
233.18,235,978,972,78240,176904,2025-04-11,2025-09-19,524.58,-6,98664,1907543215,544900862,0.00927391833689073,99.8774944136718,0.557726224392891
209.55,210,3953,3925,86966,176625,2025-04-11,2025-06-20,524.58,-28,89659,2694437004,991381554,0.00655517274064278,99.9444783456515,0.507623496107573
524.89,580,35,32,131495,176352,2025-04-11,2025-04-25,524.58,-3,44857,320250757,171341368,0.0550668487568946,98.8382819029527,0.254360596987843
262.23,265,633,636,120903,176172,2025-04-11,2025-12-19,524.58,3,55269,1214412355,359751552,0.0145067694078261,99.9562818182956,0.313721817314897
495.28,496,2132,2443,166296,175896,2025-04-11,2025-04-11,524.58,311,9600,308969552,137875966,0.0569298815567432,99.122143919217,0.0545777050075044
490.43,491,2222,3082,142208,175674,2025-04-11,2025-04-11,524.58,860,33466,308969552,137875966,0.0568580298164785,99.1790019490335,0.190500586313285
154.37,155,2786,2785,242382,175455,2025-04-11,2025-09-19,524.58,-1,-66927,1907543215,544900862,0.00919795675507147,99.8866923704269,-0.381448234590066
510.81,541,70,58,97790,175102,2025-04-11,2025-05-09,524.58,-12,77312,191401348,96958426,0.0914842041760333,98.0828431783041,0.441525510845107
209.05,210,1834,1837,106372,174515,2025-04-11,2025-09-19,524.58,3,68143,1907543215,544900862,0.00914867871027499,99.8958410491371,0.390470733174799
322.87,325,818,818,174234,174234,2025-04-11,2025-09-19,524.58,0,0,1907543215,544900862,0.00913394772028795,99.9049749968574,0
492.57,506,74,129,39516,173247,2025-04-11,2025-05-02,524.58,55,133731,302134219,151415360,0.0573410719823166,99.3434639722156,0.771909470293858
508.02,524,74,108,52318,172584,2025-04-11,2025-04-25,524.58,34,120266,320250757,171341368,0.0538902707418112,98.8921721736945,0.696854864877393
400,405,316,344,54984,172000,2025-04-11,2025-05-30,524.58,28,117016,549725755,158036241,0.0312883284866288,99.7095493552053,0.680325581395349
293.6,295,1637,1226,108042,171640,2025-04-11,2025-06-20,524.58,-411,63598,2694437004,991381554,0.00637016192047517,99.9508485075719,0.370531344674901
434.57,439,388,386,90792,170998,2025-04-11,2025-05-16,524.58,-2,80206,2777147769,1252525510,0.00615732450065389,99.883472135112,0.469046421595574
533.19,585,33,33,317064,170973,2025-04-11,2025-05-02,524.58,0,-146091,302134219,151415360,0.0565884263510053,99.4000523985666,-0.854468249372708
396.71,405,207,206,100809,170774,2025-04-11,2025-08-15,524.58,-1,69965,712712120,174663640,0.023961147173981,99.6221331271875,0.409693513064049
525.08,580,6,31,21828,170252,2025-04-11,2025-05-23,524.58,25,148424,30713088,21949191,0.554330453518708,87.1476062582831,0.871790052392923
273.4,275,1060,1060,169600,169600,2025-04-11,2025-09-19,524.58,0,0,1907543215,544900862,0.00889101744413167,99.9138660143016,0
413.4,415,740,1056,68820,168960,2025-04-11,2025-04-25,524.58,316,100140,320250757,171341368,0.0527586574916355,98.9449308311861,0.592684659090909
493.36,513,49,86,53704,168904,2025-04-11,2025-05-23,524.58,37,115200,30713088,21949191,0.549941445158494,87.6975477034416,0.682044238147113
490.45,507,107,102,57887,168810,2025-04-11,2025-05-02,524.58,-5,110923,302134219,151415360,0.0558725193586894,99.4559249179253,0.657087850245839
377.71,380,729,734,93312,168086,2025-04-11,2025-05-30,524.58,5,74774,549725755,158036241,0.0305763371046714,99.74012569231,0.444855609628404
530.4,670,12,12,202716,167520,2025-04-11,2025-09-19,524.58,0,-35196,1907543215,544900862,0.00878197666415647,99.9226479909657,-0.210100286532952
487.7,496,189,201,71064,166830,2025-04-11,2025-04-25,524.58,12,95766,320250757,171341368,0.0520935536773766,98.9970243848635,0.574033447221723
492.75,503,135,161,56700,165025,2025-04-11,2025-04-25,524.58,26,108325,320250757,171341368,0.0515299328394718,99.048554317703,0.656415694591729
488.48,489,1667,3167,108355,164684,2025-04-11,2025-04-11,524.58,1500,56329,308969552,137875966,0.0533010450168889,99.2323029940504,0.342042942848121
537.9,594,29,29,162690,162690,2025-04-11,2025-05-30,524.58,0,0,549725755,158036241,0.0295947567528467,99.7697204490628,0
509.67,545,9,46,15813,162518,2025-04-11,2025-05-23,524.58,37,146705,30713088,21949191,0.529149006443116,88.2266967098847,0.90270000861443
403.57,406,372,668,71796,162324,2025-04-11,2025-05-16,524.58,296,90528,2777147769,1252525510,0.00584498966212554,99.8893171247741,0.557699415982849
487.52,488,2399,3364,155935,161472,2025-04-11,2025-04-11,524.58,965,5537,308969552,137875966,0.0522614603784647,99.2845644544288,0.0342907748711851
273.76,275,1291,1292,122645,160208,2025-04-11,2025-08-15,524.58,1,37563,712712120,174663640,0.0224786411658048,99.6446117683533,0.23446394686907
514.97,549,46,47,84962,159941,2025-04-11,2025-05-09,524.58,1,74979,191401348,96958426,0.0835631523347474,98.1664063306388,0.468791616908735
406.44,409,426,619,76254,158464,2025-04-11,2025-05-16,524.58,193,82210,2777147769,1252525510,0.00570599813840875,99.8950231229126,0.518792911954766
505.63,521,58,102,60900,156774,2025-04-11,2025-04-25,524.58,44,95874,320250757,171341368,0.0489535142613262,99.0975078319643,0.611542730299667
435.95,441,320,308,78720,155540,2025-04-11,2025-05-16,524.58,-12,76820,2777147769,1252525510,0.00560071025878494,99.9006238331713,0.493892246367494
530.41,650,13,13,142181,155467,2025-04-11,2025-09-19,524.58,0,13286,1907543215,544900862,0.00815011679827133,99.930798107764,0.0854586503888285
323.32,325,922,922,154896,154896,2025-04-11,2025-08-15,524.58,0,0,712712120,174663640,0.0217333191976587,99.6663450875509,0
430.1,435,230,316,58190,154840,2025-04-11,2025-05-23,524.58,86,96650,30713088,21949191,0.504149892059047,88.7308466019438,0.624192715060708
484.85,509,63,64,57078,154560,2025-04-11,2025-05-23,524.58,1,97482,30713088,21949191,0.503238228601435,89.2340848305452,0.630706521739131
526.33,563,180,42,341460,154014,2025-04-11,2025-04-11,524.58,-138,-187446,308969552,137875966,0.0498476302933566,99.3344120847222,-1.2170711753477
491.38,492,1723,2482,103380,153884,2025-04-11,2025-04-11,524.58,759,50504,308969552,137875966,0.0498055549499583,99.3842176396721,0.328195263965065
408.54,410,645,1053,51600,153738,2025-04-11,2025-04-25,524.58,408,102138,320250757,171341368,0.0480055071345233,99.1455133390988,0.664364047925692
326.53,330,433,441,58888,153027,2025-04-11,2025-07-18,524.58,8,94139,867892480,293607617,0.0176320228054056,99.8727953029389,0.615179020695694
301.41,305,424,424,101760,152216,2025-04-11,2025-09-19,524.58,0,50456,1907543215,544900862,0.00797968815610817,99.9387777959201,0.331476323119777
331.97,335,502,502,152106,152106,2025-04-11,2025-08-15,524.58,0,0,712712120,174663640,0.0213418567934554,99.6876869443444,0
522.52,570,38,32,104424,151936,2025-04-11,2025-04-11,524.58,-6,47512,308969552,137875966,0.0491750721119601,99.4333927117841,0.312710614995788
373.46,375,798,981,79002,151074,2025-04-11,2025-05-16,524.58,183,72072,2777147769,1252525510,0.00543989778600794,99.9060637309574,0.477064220183486
404.53,407,324,611,53784,150917,2025-04-11,2025-05-16,524.58,287,97133,2777147769,1252525510,0.00543424450382568,99.9114979754612,0.643618677816283
194.67,195,4562,4538,68430,149754,2025-04-11,2025-06-20,524.58,-24,81324,2694437004,991381554,0.00555789575995595,99.9564064033319,0.543050602988902
417.28,420,462,547,66990,148784,2025-04-11,2025-05-09,524.58,85,81794,191401348,96958426,0.0777340397832517,98.2441403704221,0.549749973115389
389.67,392,621,629,78867,146557,2025-04-11,2025-05-16,524.58,8,67690,2777147769,1252525510,0.00527724889672589,99.9167752243579,0.461868078631522
500.2,522,64,67,69184,146060,2025-04-11,2025-05-23,524.58,3,76876,30713088,21949191,0.475562730781093,89.7096475613263,0.526331644529645
433.43,438,318,318,69324,145326,2025-04-11,2025-05-16,524.58,0,76002,2777147769,1252525510,0.00523292284343693,99.9220081472014,0.522975929978118
174.12,175,1624,1644,183512,144672,2025-04-11,2025-09-19,524.58,20,-38840,1907543215,544900862,0.00758420563489043,99.946362001555,-0.268469365184694
422.2,426,304,380,64448,144400,2025-04-11,2025-05-16,524.58,76,79952,2777147769,1252525510,0.0051995792810116,99.9272077264824,0.553684210526316
164.31,165,2122,2089,31830,144141,2025-04-11,2025-09-19,524.58,-33,112311,1907543215,544900862,0.0075563687819256,99.9539183703369,0.779174558245052
388.18,390,787,785,59812,142870,2025-04-11,2025-05-02,524.58,-2,83058,302134219,151415360,0.0472869311105737,99.5032118490359,0.581353678168965
340.58,345,319,323,54549,142766,2025-04-11,2025-07-18,524.58,4,88217,867892480,293607617,0.0164497334969419,99.8892450364358,0.617913228639872
497.14,511,49,102,31948,141372,2025-04-11,2025-05-02,524.58,53,109424,302134219,151415360,0.0467911249735006,99.5500029740094,0.774014656367598
500.3,519,53,75,48919,140250,2025-04-11,2025-05-09,524.58,22,91331,191401348,96958426,0.0732753460022654,98.3174157164243,0.651201426024955
356.3,360,410,377,85690,139490,2025-04-11,2025-07-18,524.58,-33,53800,867892480,293607617,0.0160722673850106,99.9053173038209,0.385690730518317
168.99,170,1363,1377,64061,139077,2025-04-11,2025-12-19,524.58,14,75016,1214412355,359751552,0.0114522056225293,99.9677340239181,0.53938465741999
493.31,494,1544,2005,109624,138345,2025-04-11,2025-04-11,524.58,461,28721,308969552,137875966,0.044776256787918,99.478168968572,0.207604177960895
401.26,404,329,502,43099,137548,2025-04-11,2025-05-16,524.58,173,94449,2777147769,1252525510,0.00495285132233092,99.9321605778047,0.686662110681362
425.58,433,185,185,137270,137270,2025-04-11,2025-08-15,524.58,0,0,712712120,174663640,0.0192602309050111,99.7069471752494,0
494.86,514,60,71,57240,135894,2025-04-11,2025-05-23,524.58,11,78654,30713088,21949191,0.442462835387962,90.1521103967143,0.578789350523202
382.77,385,582,603,40158,134469,2025-04-11,2025-05-02,524.58,21,94311,302134219,151415360,0.044506378802462,99.5945093528118,0.701358677464695
287.42,290,531,521,76995,134418,2025-04-11,2025-08-15,524.58,-10,57423,712712120,174663640,0.01886006933627,99.7258072445857,0.427197250368254
510.45,544,37,40,66267,134200,2025-04-11,2025-05-23,524.58,3,67933,30713088,21949191,0.436947271469414,90.5890576681837,0.506207153502236
505.75,526,17,66,17646,133650,2025-04-11,2025-05-09,524.58,49,116004,191401348,96958426,0.0698270944256882,98.38724281085,0.867968574635241
498.55,513,32,92,19360,132940,2025-04-11,2025-05-02,524.58,60,113580,302134219,151415360,0.0440003123247685,99.6385096651366,0.854370392658342
482.75,492,152,142,47120,131350,2025-04-11,2025-04-25,524.58,-10,84230,320250757,171341368,0.0410147352126321,99.1865280743115,0.641263799010278
400.2,403,331,467,45347,130760,2025-04-11,2025-05-16,524.58,136,85413,2777147769,1252525510,0.00470842788632325,99.936869005691,0.653204343836035
184.08,185,1695,1418,42375,130456,2025-04-11,2025-09-19,524.58,-277,88081,1907543215,544900862,0.00683895384252147,99.9607573241794,0.675177837738395
410.26,413,369,475,63468,130150,2025-04-11,2025-05-16,524.58,106,66682,2777147769,1252525510,0.00468646290459598,99.9415554685956,0.512347291586631
496.62,516,66,67,53130,129846,2025-04-11,2025-05-09,524.58,1,76716,191401348,96958426,0.0678396476079155,98.4550824584579,0.590822974908738
483.53,494,160,124,57920,129828,2025-04-11,2025-04-25,524.58,-36,71908,320250757,171341368,0.0405394826279833,99.2270675569394,0.553871275841883
502,519,69,76,46230,129200,2025-04-11,2025-04-25,524.58,7,82970,320250757,171341368,0.0403433862921361,99.2674109432316,0.6421826625387
214.49,215,2553,2533,45954,129183,2025-04-11,2025-06-20,524.58,-20,83229,2694437004,991381554,0.00479443385791624,99.9612008371898,0.644272079143541
502.5,523,50,63,57000,129150,2025-04-11,2025-05-09,524.58,13,72150,191401348,96958426,0.0674760138052946,98.5225584722632,0.558652729384437
394.79,397,583,580,76373,128180,2025-04-11,2025-05-16,524.58,-3,51807,2777147769,1252525510,0.00461552681606695,99.9461709954117,0.404173818068341
412.59,415,552,531,65136,127971,2025-04-11,2025-05-02,524.58,-21,62835,302134219,151415360,0.0423556790169471,99.6808653441536,0.491009681881051
423.04,425,612,649,70380,127204,2025-04-11,2025-04-25,524.58,37,56824,320250757,171341368,0.0397201246896662,99.3071310679213,0.446715512090815
321.92,325,159,404,21465,124432,2025-04-11,2025-07-18,524.58,245,102967,867892480,293607617,0.014337259841219,99.9196545636621,0.82749614247139
297.72,300,614,544,78592,124032,2025-04-11,2025-08-15,524.58,-70,45440,712712120,174663640,0.0174028189670747,99.7432100635527,0.366357069143447
254.09,255,1361,1358,50357,123578,2025-04-11,2025-06-20,524.58,-3,73221,2694437004,991381554,0.00458641266492939,99.9657872498548,0.592508375277153
537.39,591,33,23,176913,123303,2025-04-11,2025-05-16,524.58,-10,-53610,2777147769,1252525510,0.00443991498674913,99.9506109103984,-0.434782608695652
454.56,469,75,85,83100,122740,2025-04-11,2025-08-15,524.58,10,39640,712712120,174663640,0.0172215396028343,99.7604316031556,0.322959100537722
442.45,451,142,142,121410,121410,2025-04-11,2025-08-15,524.58,0,0,712712120,174663640,0.0170349284925869,99.7774665316481,0
505.2,524,63,64,59850,120320,2025-04-11,2025-05-02,524.58,1,60470,302134219,151415360,0.0398233607561016,99.7206887049097,0.502576462765958
528.75,571,28,28,78708,118300,2025-04-11,2025-05-09,524.58,0,39592,191401348,96958426,0.0618072971983458,98.5843657694616,0.334674556213018
460.52,478,64,67,178560,117116,2025-04-11,2025-08-15,524.58,3,-61444,712712120,174663640,0.016432441193788,99.7938989728419,-0.524642235049011
373.93,375,1106,1088,70784,116416,2025-04-11,2025-05-02,524.58,-18,45632,302134219,151415360,0.0385312197953983,99.7592199247051,0.391973611874656
468.3,474,0,204,0,116280,2025-04-11,2025-04-25,524.58,204,116280,320250757,171341368,0.0363090476629225,99.3434401155842,1
506.89,540,36,35,59976,115885,2025-04-11,2025-05-23,524.58,-1,55909,30713088,21949191,0.377314713518875,90.9663723817025,0.482452431289641
154.83,155,6737,6815,67370,115855,2025-04-11,2025-06-20,524.58,78,48485,2694437004,991381554,0.00429978506931165,99.970087034924,0.418497259505416
508.93,532,17,50,26333,115350,2025-04-11,2025-05-23,524.58,33,89017,30713088,21949191,0.375572785126654,91.3419451668292,0.771712180320763
435.4,448,93,91,175305,114660,2025-04-11,2025-08-15,524.58,-2,-60645,712712120,174663640,0.0160878420308048,99.8099868148728,-0.528911564625851
509.1,532,33,50,40062,114500,2025-04-11,2025-05-09,524.58,17,74438,191401348,96958426,0.0598219402300134,98.6441877096916,0.650113537117904
537.04,559,52,52,114192,114192,2025-04-11,2025-05-09,524.58,0,0,191401348,96958426,0.0596610218231065,98.7038487315147,0
413.23,417,301,302,55083,113854,2025-04-11,2025-05-16,524.58,1,58771,2777147769,1252525510,0.00409967381897711,99.9547105842174,0.516196181074007
316.78,320,351,353,57213,113666,2025-04-11,2025-08-15,524.58,2,56453,712712120,174663640,0.0159483747799883,99.8259351896527,0.496656871887812
169.25,170,1501,1511,37525,113325,2025-04-11,2025-09-19,524.58,10,75800,1907543215,544900862,0.00594088768783149,99.9666982118673,0.668872711228767
312.05,315,380,383,45600,112985,2025-04-11,2025-07-18,524.58,3,67385,867892480,293607617,0.0130183176607314,99.9326728813228,0.596406602646369
460.78,479,54,62,148500,112964,2025-04-11,2025-08-15,524.58,8,-35536,712712120,174663640,0.015849877787963,99.8417850674407,-0.314578095676499
481.14,489,0,143,0,112398,2025-04-11,2025-04-25,524.58,143,112398,320250757,171341368,0.0350968725422872,99.3785369881265,1
410.24,415,37,236,7622,112336,2025-04-11,2025-05-23,524.58,199,104714,30713088,21949191,0.365759379193652,91.7077045460229,0.932149978635522
189,190,1657,1123,74565,112300,2025-04-11,2025-09-19,524.58,-534,37735,1907543215,544900862,0.00588715364962256,99.9725853655169,0.336019590382903
534.08,556,51,51,111792,111792,2025-04-11,2025-05-09,524.58,0,0,191401348,96958426,0.0584071121588966,98.7622558436736,0
393.9,395,469,1010,37989,111100,2025-04-11,2025-04-25,524.58,541,73111,320250757,171341368,0.0346915651474947,99.413228553274,0.658064806480648
503,527,10,46,14340,110400,2025-04-11,2025-05-23,524.58,36,96060,30713088,21949191,0.359455877572454,92.0671604235953,0.870108695652174
483.61,484,2165,2824,103920,110136,2025-04-11,2025-04-11,524.58,659,6216.00000000001,308969552,137875966,0.0356462309269879,99.513815199499,0.0564393113968186
393.95,396,376,537,55648,110085,2025-04-11,2025-05-16,524.58,161,54437,2777147769,1252525510,0.00396395903843603,99.9586745432558,0.494499704773584
373.41,375,728,690,53144,109710,2025-04-11,2025-05-09,524.58,-38,56566,191401348,96958426,0.0573193455251945,98.8195751891988,0.515595661288853
244.35,245,1674,1677,60264,109005,2025-04-11,2025-06-20,524.58,3,48741,2694437004,991381554,0.00404555756316357,99.9741325924872,0.447144626393285
433,443,110,109,184250,109000,2025-04-11,2025-08-15,524.58,-1,-75250,712712120,174663640,0.0152936924939624,99.8570787599347,-0.690366972477064
485.57,486,1858,2530,96616,108790,2025-04-11,2025-04-11,524.58,672,12174,308969552,137875966,0.0352105892945723,99.5490257887936,0.111903667616509
331.8,335,343,339,52479,108480,2025-04-11,2025-07-18,524.58,-4,56001,867892480,293607617,0.012499244146003,99.9451721254688,0.516233407079646
283.62,285,786,786,108468,108468,2025-04-11,2025-08-15,524.58,0,0,712712120,174663640,0.0152190480498634,99.8722978079845,0
417,421,331,271,65538,108400,2025-04-11,2025-05-16,524.58,-60,42862,2777147769,1252525510,0.0039032852774353,99.9625778285333,0.395405904059041
387.84,390,422,501,40512,108216,2025-04-11,2025-05-09,524.58,79,67704,191401348,96958426,0.0565387867592239,98.876113975958,0.625637613661566
174.78,175,4947,4860,44523,106920,2025-04-11,2025-06-20,524.58,-87,62397,2694437004,991381554,0.00396817590618274,99.9781007683934,0.583585858585859
502.1,524,0,48,0,105120,2025-04-11,2025-05-30,524.58,48,105120,549725755,158036241,0.0191222621541536,99.788842711217,1
373.36,375,93,638,3720,104632,2025-04-11,2025-04-25,524.58,545,100912,320250757,171341368,0.032671897790393,99.4459004510644,0.964446823151617
466.84,467,6043,6530,187333,104480,2025-04-11,2025-04-11,524.58,487,-82853,308969552,137875966,0.0338156298326768,99.5828414186263,-0.793003445635528
435.9,442,171,171,104310,104310,2025-04-11,2025-08-15,524.58,0,0,712712120,174663640,0.0146356427894056,99.8869334507739,0
368.42,370,593,660,26092,104280,2025-04-11,2025-04-25,524.58,67,78188,320250757,171341368,0.0325619839206188,99.478462434985,0.749789029535865
229.07,230,1100,1119,26400,104067,2025-04-11,2025-06-20,524.58,19,77667,2694437004,991381554,0.00386229107770968,99.9819630594711,0.746317276370031
509.7,537,39,38,52416,103740,2025-04-11,2025-05-09,524.58,-1,51324,191401348,96958426,0.0542002452354724,98.9303142211935,0.494736842105263
430.4,438,136,136,103360,103360,2025-04-11,2025-08-15,524.58,0,0,712712120,174663640,0.0145023491392289,99.9014357999132,0
219.52,220,2089,2143,45958,102864,2025-04-11,2025-06-20,524.58,54,56906,2694437004,991381554,0.00381764353173944,99.9857807030028,0.553215896717997
508.79,531,26,45,30732,99945,2025-04-11,2025-05-09,524.58,19,69213,191401348,96958426,0.0522175005789406,98.9825317217724,0.692510880984542
508.21,535,42,37,63042,99123,2025-04-11,2025-05-23,524.58,-5,36081,30713088,21949191,0.322738631817159,92.3898990554125,0.364002300172513
505.6,581,13,13,98020,98020,2025-04-11,2025-05-02,524.58,0,0,302134219,151415360,0.0324425350840515,99.7916624597891,0
154.24,155,1272,1285,49608,97660,2025-04-11,2025-12-19,524.58,13,48052,1214412355,359751552,0.00804174954231259,99.9757757734604,0.492033585910301
494.48,513,108,52,115236,96304,2025-04-11,2025-05-09,524.58,-56,-18932,191401348,96958426,0.0503152151258621,99.0328469368983,-0.196585811596611
179.53,180,2050,2042,20500,95974,2025-04-11,2025-06-20,524.58,-8,75474,2694437004,991381554,0.00356193148540948,99.9893426344883,0.786400483464272
491.95,502,100,95,39500,95475,2025-04-11,2025-04-25,524.58,-5,55975,320250757,171341368,0.0298125758997035,99.5082750108847,0.586279130662477
483.23,491,130,121,44850,94017,2025-04-11,2025-04-25,524.58,-9,49167,320250757,171341368,0.0293573076550136,99.5376323185397,0.522958613867705
421.8,425,310,293,52080,93760,2025-04-11,2025-05-09,524.58,-17,41680,191401348,96958426,0.0489860708817996,99.0818330077801,0.444539249146758
526.58,660,7,7,88039,93394,2025-04-11,2025-09-19,524.58,0,5355,1907543215,544900862,0.00489603586779029,99.9774814013847,0.0573377304751911
525.61,561,614,26,1254402,92014,2025-04-11,2025-04-11,524.58,-588,-1162388,308969552,137875966,0.0297809280572734,99.6126223466835,-12.6327298019867
405.54,408,343,374,54194,92004,2025-04-11,2025-05-16,524.58,31,37810,2777147769,1252525510,0.00331289537513983,99.9658907239084,0.41096039302639
413.12,416,194,319,36472,91872,2025-04-11,2025-05-16,524.58,125,55400,2777147769,1252525510,0.00330814229712672,99.9691988662055,0.603012887495646
505.6,531,45,36,80955,91440,2025-04-11,2025-05-23,524.58,-9,10485,30713088,21949191,0.297723237728489,92.687622293141,0.114665354330709
496.15,579,11,11,91135,91135,2025-04-11,2025-05-09,524.58,0,0,191401348,96958426,0.0476146071865701,99.1294476149666,0
306.74,310,276,276,38088,89976,2025-04-11,2025-07-18,524.58,0,51888,867892480,293607617,0.010367182810479,99.9555393082793,0.576687116564417
518.7,539,57,44,79686,89320,2025-04-11,2025-05-09,524.58,-13,9634,191401348,96958426,0.0466663380030114,99.1761139529697,0.107859381997313
159.25,160,1177,1178,58850,88350,2025-04-11,2025-12-19,524.58,1,29500,1214412355,359751552,0.00727512361318162,99.9830508970736,0.333899264289757
267.69,270,378,378,87318,87318,2025-04-11,2025-08-15,524.58,0,0,712712120,174663640,0.0122515104696129,99.9136873103828,0
411.34,414,219,328,39858,87248,2025-04-11,2025-05-16,524.58,109,47390,2777147769,1252525510,0.0031416405340007,99.9723405067395,0.54316431322208
509.72,546,25,24,45800,87072,2025-04-11,2025-05-23,524.58,-1,41272,30713088,21949191,0.283501287789753,92.9711235809307,0.473998529952223
361,365,248,217,51584,86800,2025-04-11,2025-07-18,524.58,-31,35216,867892480,293607617,0.0100012388631366,99.9655405471424,0.405714285714286
449.95,450,13802,17279,124218,86395,2025-04-11,2025-04-11,524.58,3477,-37823,308969552,137875966,0.0279623022530065,99.6405846489365,-0.437791538862203
494.05,518,35,36,43295,86220,2025-04-11,2025-05-23,524.58,1,42925,30713088,21949191,0.280727226125878,93.2518508070566,0.497854326142426
159.36,160,1321,1341,117569,85824,2025-04-11,2025-09-19,524.58,20,-31745,1907543215,544900862,0.00449919033682285,99.9819805917215,-0.369884880686055
452.48,457,0,188,0,84976,2025-04-11,2025-04-25,524.58,188,84976,320250757,171341368,0.0265342073804997,99.5641665259202,1
499.37,584,10,10,84630,84630,2025-04-11,2025-04-25,524.58,0,0,320250757,171341368,0.0264261670425966,99.5905926929628,0
496.75,529,20,26,25940,83850,2025-04-11,2025-05-23,524.58,6,57910,30713088,21949191,0.273010646145383,93.524861453202,0.690638044126416
412.6,415,301,349,43946,83760,2025-04-11,2025-05-09,524.58,48,39814,191401348,96958426,0.0437614472809251,99.2198754002506,0.475334288443171
513.19,543,27,28,42417,83468,2025-04-11,2025-05-09,524.58,1,41051,191401348,96958426,0.0436088882717796,99.2634842885224,0.491817223367039
262.71,265,437,362,58995,82898,2025-04-11,2025-09-19,524.58,-75,23903,1907543215,544900862,0.00434579931653082,99.986326391038,0.28834230017612
504,527,20,36,19440,82800,2025-04-11,2025-05-09,524.58,16,63360,191401348,96958426,0.0432598834152412,99.3067441719376,0.765217391304348
357.58,360,325,341,32500,82522,2025-04-11,2025-05-30,524.58,16,50022,549725755,158036241,0.0150114851358929,99.8038541963529,0.606165628559657
500.5,513,51,66,28611,82500,2025-04-11,2025-04-25,524.58,15,53889,320250757,171341368,0.0257610632283377,99.6163537561911,0.6532
501.07,521,33,41,26730,81713,2025-04-11,2025-05-02,524.58,8,54983,302134219,151415360,0.0270452649390237,99.8187077247281,0.672879468383244
252.7,255,354,355,51684,81650,2025-04-11,2025-12-19,524.58,1,29966,1214412355,359751552,0.00672341644613785,99.9897743135197,0.367005511328843
543,645,8,8,81600,81600,2025-04-11,2025-07-18,524.58,0,0,867892480,293607617,0.00940208630451551,99.974942633447,0
515,542,37,30,58238,81000,2025-04-11,2025-05-09,524.58,-7,22762,191401348,96958426,0.0423194511670837,99.3490636231047,0.281012345679012
527.39,578,16,16,64304,80976,2025-04-11,2025-05-02,524.58,0,16672,302134219,151415360,0.0268013336152434,99.8455090583434,0.205888164394388
455.2,473,45,45,57195,80100,2025-04-11,2025-08-15,524.58,0,22905,712712120,174663640,0.0112387593464806,99.9249260697293,0.285955056179775
358.07,360,26,415,2106,80095,2025-04-11,2025-05-23,524.58,389,77989,30713088,21949191,0.260784587990631,93.7856460411926,0.973706223859167
504.23,529,33,32,36564,79264,2025-04-11,2025-05-09,524.58,-1,42700,191401348,96958426,0.0414124565099719,99.3904760796147,0.538706096083973
502.6,517,35,55,19915,79200,2025-04-11,2025-04-25,524.58,20,59285,320250757,171341368,0.0247306206992042,99.6410843768903,0.74854797979798
459.9,460,7222,7804,115552,78040,2025-04-11,2025-04-11,524.58,582,-37512,308969552,137875966,0.0252581522984504,99.665842801235,-0.480676576114813
343.91,345,693,709,39501,77281,2025-04-11,2025-05-16,524.58,16,37780,2777147769,1252525510,0.00278274713584389,99.9751232538754,0.488865309713901
453.93,471,48,45,45840,76815,2025-04-11,2025-08-15,524.58,-3,30975,712712120,174663640,0.01077784393508,99.9357039136643,0.403241554383909
489.07,574,9,9,76437,76437,2025-04-11,2025-05-09,524.58,0,0,191401348,96958426,0.0399354554180047,99.4304115350327,0
257.76,260,335,335,83080,75040,2025-04-11,2025-09-19,524.58,0,-8039.99999999999,1907543215,544900862,0.00393385583141297,99.9902602468694,-0.107142857142857
468.83,469,5697,4388,148122,74596,2025-04-11,2025-04-11,524.58,-1309,-73526,308969552,137875966,0.0241434793548848,99.6899862805899,-0.985656067349456
495.91,516,0,37,0,74333,2025-04-11,2025-05-30,524.58,37,74333,549725755,158036241,0.0135218332639336,99.8173760296168,1
499.06,572.5,10,10,73440,73440,2025-04-11,2025-05-23,524.58,0,0,30713088,21949191,0.239116301167763,94.0247623423604,0
184.78,185,3336,3298,46704,72556,2025-04-11,2025-06-20,524.58,-38,25852,2694437004,991381554,0.00269280743592401,99.9920354419242,0.356304096146425
501.9,522,23,36,19550,72360,2025-04-11,2025-05-02,524.58,13,52810,302134219,151415360,0.0239496208802486,99.8694586792236,0.729823106688778
515.19,543,27,26,47088,72306,2025-04-11,2025-05-23,524.58,-1,25218,30713088,21949191,0.235424064164437,94.2601864065248,0.348767737117252
490.9,511,34,35,23358,70350,2025-04-11,2025-05-09,524.58,1,46992,191401348,96958426,0.0367552270321524,99.4671667620648,0.667974413646055
402.98,405,243,344,36693,69488,2025-04-11,2025-05-09,524.58,101,32795,191401348,96958426,0.036304864477757,99.5034716265426,0.471951991710799
398.77,401,238,311,35224,69353,2025-04-11,2025-05-16,524.58,73,34129,2777147769,1252525510,0.00249727438972298,99.9776205282651,0.492105604660217
262.95,265,338,338,41574,69290,2025-04-11,2025-08-15,524.58,0,27716,712712120,174663640,0.00972201791657479,99.9454259315809,0.4
493.75,516,30,31,21000,68975,2025-04-11,2025-05-02,524.58,1,47975,302134219,151415360,0.0228292578802535,99.8922879371039,0.695541862993838
531.28,600,1,10,8830,68720,2025-04-11,2025-05-02,524.58,9,59890,302134219,151415360,0.022744858304183,99.9150327954081,0.8715075669383
505.25,528,0,30,0,68250,2025-04-11,2025-05-30,524.58,30,68250,549725755,158036241,0.0124152815070489,99.8297913111239,1
434.63,446,17,60,12002,68220,2025-04-11,2025-08-15,524.58,43,56218,712712120,174663640,0.00957188717374415,99.9549978187547,0.824069187921431
399.78,402,307,307,41445,68154,2025-04-11,2025-05-16,524.58,0,26709,2777147769,1252525510,0.00245410059777053,99.9800746288629,0.391891891891892
510.7,572,11,11,67430,67430,2025-04-11,2025-05-09,524.58,0,0,191401348,96958426,0.035229636940697,99.5387012634833,0
499.41,521,24,31,21960,66929,2025-04-11,2025-05-09,524.58,7,44969,191401348,96958426,0.0349678832982932,99.5736691467816,0.671891108488099
393.38,395,432,413,42768,66906,2025-04-11,2025-05-02,524.58,-19,24138,302134219,151415360,0.0221444628885284,99.9371772582966,0.360774818401937
392.02,394,299,337,39169,66726,2025-04-11,2025-05-16,524.58,38,27557,2777147769,1252525510,0.00240268093562867,99.9824773097985,0.412987441177352
278.3,280,389,389,63407,66130,2025-04-11,2025-09-19,524.58,0,2723.00000000001,1907543215,544900862,0.00346676287488459,99.9937270097443,0.0411764705882354
478.89,488,0,72,0,65592,2025-04-11,2025-04-25,524.58,72,65592,320250757,171341368,0.0204814504154318,99.6615658273058,1
420.79,425,139,155,30858,65255,2025-04-11,2025-05-23,524.58,16,34397,30713088,21949191,0.212466424737233,94.472652831262,0.527116696038618
363.32,365,67,387,4690,65016,2025-04-11,2025-05-09,524.58,320,60326,191401348,96958426,0.0339684128034459,99.607637559585,0.92786391042205
497.5,523,26,25,31460,63750,2025-04-11,2025-05-23,524.58,-1,32290,30713088,21949191,0.207566233652572,94.6802190649146,0.506509803921569
493.82,512,17,35,17527,63630,2025-04-11,2025-05-09,524.58,18,46103,191401348,96958426,0.0332442799723647,99.6408818395574,0.724548169102625
242.67,245,273,273,63609,63609,2025-04-11,2025-12-19,524.58,0,0,1214412355,359751552,0.0052378419684309,99.9950121554882,0
494.24,508,37,46,26159,63296,2025-04-11,2025-05-09,524.58,9,37137,191401348,96958426,0.0330697775440955,99.6739516171015,0.586719539939333
496.51,514,168,36,129360,62964,2025-04-11,2025-05-09,524.58,-132,-66396,191401348,96958426,0.0328963200405464,99.706847937142,-1.05450733752621
204.37,205,1040,997,18720,62811,2025-04-11,2025-06-20,524.58,-43,44091,2694437004,991381554,0.0023311363341119,99.9943665782583,0.701963031953002
378.45,380,169,405,7605,62775,2025-04-11,2025-04-25,524.58,236,55170,320250757,171341368,0.019601827201926,99.6811676545077,0.878853046594982
431.1,439,79,79,62410,62410,2025-04-11,2025-08-15,524.58,0,0,712712120,174663640,0.00875669127108432,99.9637545100257,0
454.57,458,0,180,0,61740,2025-04-11,2025-04-25,524.58,180,61740,320250757,171341368,0.0192786429541523,99.7004462974618,1
282.59,285,255,256,25755,61696,2025-04-11,2025-07-18,524.58,1,35941,867892480,293607617,0.00710871466474741,99.9820513481117,0.58254992219917
252.44,255,239,241,23183,61696,2025-04-11,2025-09-19,524.58,2,38513,1907543215,544900862,0.00323431728911054,99.9969613270334,0.624238200207469
461.73,468,0,98,0,61446,2025-04-11,2025-04-25,524.58,98,61446,320250757,171341368,0.0191868398924659,99.7196331373543,1
299.27,300,784,837,25088,61101,2025-04-11,2025-05-23,524.58,53,36013,30713088,21949191,0.198941246155385,94.87916031107,0.589401155463904
522.81,599,8,8,60952,60952,2025-04-11,2025-05-30,524.58,0,0,549725755,158036241,0.0110877104530058,99.8408790215769,0
179.39,180,993,993,60573,60573,2025-04-11,2025-12-19,524.58,0,0,1214412355,359751552,0.00498784451184211,100,0
537.95,605,9,9,60345,60345,2025-04-11,2025-05-30,524.58,0,0,549725755,158036241,0.0109772917588698,99.8518563133357,0
496.9,521,15,25,50355,60250,2025-04-11,2025-05-23,524.58,10,9895,30713088,21949191,0.196170440432431,95.0753307515024,0.164232365145228
399.65,405,111,112,19647,59920,2025-04-11,2025-05-23,524.58,1,40273,30713088,21949191,0.195095979928817,95.2704267314313,0.672112817089453
189.68,190,1870,1868,18700,59776,2025-04-11,2025-06-20,524.58,-2,41076,2694437004,991381554,0.00221849684781125,99.9965850751061,0.687165417558887
164.81,165,3065,3092,18390,58748,2025-04-11,2025-06-20,524.58,27,40358,2694437004,991381554,0.00218034416513677,99.9987654192712,0.686968066998026
352.7,355,141,255,13395,58650,2025-04-11,2025-05-30,524.58,114,45255,549725755,158036241,0.0106689561961673,99.8625252695319,0.771611253196931
372.27,375,197,214,21276,58422,2025-04-11,2025-05-23,524.58,17,37146,30713088,21949191,0.190218580430597,95.4606453118618,0.63582212180343
492.57,512,13,30,11921,58290,2025-04-11,2025-05-23,524.58,17,46369,30713088,21949191,0.189788796229152,95.650434108091,0.795488076857094
405.54,410,80,130,15120,57980,2025-04-11,2025-05-23,524.58,50,42860,30713088,21949191,0.188779454543939,95.8392135626349,0.739220420834771
498.53,519,14,28,14686,57316,2025-04-11,2025-05-23,524.58,14,42630,30713088,21949191,0.186617509773032,96.025831072408,0.743771372740596
502.01,529,0,21,0,56679,2025-04-11,2025-05-30,524.58,21,56679,549725755,158036241,0.0103104137807769,99.8728356833127,1
347.96,350,79,271,5846,55284,2025-04-11,2025-05-23,524.58,192,49438,30713088,21949191,0.18000143782351,96.2058325102315,0.894255119021779
338.5,340,88,367,6160,55050,2025-04-11,2025-05-23,524.58,279,48890,30713088,21949191,0.179239547648221,96.3850720578797,0.888101725703906
498.11,517,10,29,14480,54781,2025-04-11,2025-05-23,524.58,19,40301,30713088,21949191,0.17836369954073,96.5634357574204,0.73567477775141
497.86,566,8,8,54512,54512,2025-04-11,2025-05-23,524.58,0,0,30713088,21949191,0.177487851433239,96.7409236088537,0
506.99,615,5,5,54005,54005,2025-04-11,2025-05-16,524.58,0,0,2777147769,1252525510,0.00194462104619828,99.9844219308447,0
409.99,410,53477,53947,106954,53947,2025-04-11,2025-04-11,524.58,470,-53007,308969552,137875966,0.0174602965408061,99.7074465771307,-0.982575490759449
395.93,398,305,260,45140,53820,2025-04-11,2025-05-16,524.58,-45,8679.99999999999,2777147769,1252525510,0.00193795953534657,99.9863598903801,0.161278335191379
493.93,581,8,6,69656,52242,2025-04-11,2025-04-25,524.58,-2,-17414,320250757,171341368,0.016312842002119,99.7359459793564,-0.333333333333334
447.01,451,0,129,0,51471,2025-04-11,2025-04-25,524.58,129,51471,320250757,171341368,0.016072093156676,99.7520180725131,1
278.08,280,252,268,21924,51456,2025-04-11,2025-07-18,524.58,16,29532,867892480,293607617,0.00592884501084743,99.9879801931225,0.57392723880597
537.9,570,16,16,51360,51360,2025-04-11,2025-05-23,524.58,0,0,30713088,21949191,0.167225125653272,96.9081487345069,0
522.48,608,6,6,51312,51312,2025-04-11,2025-05-30,524.58,0,0,549725755,158036241,0.00933410878666218,99.8821697920993,0
492.69,511,18,28,15282,51268,2025-04-11,2025-05-23,524.58,10,35986,30713088,21949191,0.166925579088628,97.0750743135956,0.701919325895295
521.4,547,20,20,36520,51200,2025-04-11,2025-05-23,524.58,0,14680,30713088,21949191,0.166704175106066,97.2417784887016,0.28671875
359.33,360,729,762,30618,51054,2025-04-11,2025-04-25,524.58,33,20436,320250757,171341368,0.0159418826916309,99.7679599552047,0.400282054295452
508.24,538,17,17,23052,50592,2025-04-11,2025-05-09,524.58,0,27540,191401348,96958426,0.0264324157215444,99.7332803528636,0.544354838709677
475.75,476,1415,1999,48110,49975,2025-04-11,2025-04-11,524.58,584,1865,308969552,137875966,0.016174732971746,99.7236213101024,0.0373186593296648
348.47,350,125,321,6375,49113,2025-04-11,2025-05-09,524.58,196,42738,191401348,96958426,0.0256596938909751,99.7589400467545,0.870197300103842
472.78,473,1340,2191,38860,48202,2025-04-11,2025-04-11,524.58,851,9342,308969552,137875966,0.0156008900190916,99.7392222001215,0.193809385502676
388.85,391,220,222,26840,47730,2025-04-11,2025-05-16,524.58,2,20890,2777147769,1252525510,0.00171866979974158,99.9880785601798,0.437670228367903
352.96,355,128,233,11392,47532,2025-04-11,2025-05-23,524.58,105,36140,30713088,21949191,0.154761383811358,97.396539872513,0.760329883026172
504.5,526,6,22,7470,47300,2025-04-11,2025-05-23,524.58,16,39830,30713088,21949191,0.154006005517908,97.5505458780309,0.842071881606765
454.04,459,0,95,0,47120,2025-04-11,2025-04-25,524.58,95,47120,320250757,171341368,0.014713470294779,99.7826734254995,1
530.15,582.5,8,9,61400,47115,2025-04-11,2025-05-09,524.58,1,-14285,191401348,96958426,0.0246158140955204,99.7835558608501,-0.3031943117903
431.32,444,38,37,45790,46916,2025-04-11,2025-08-15,524.58,-1,1126,712712120,174663640,0.00658274199125448,99.970337252017,0.0240003410350414
472.1,478,0,79,0,46610,2025-04-11,2025-04-25,524.58,79,46610,320250757,171341368,0.0145542200857311,99.7972276455852,1
312.27,315,167,168,37408,45864,2025-04-11,2025-09-19,524.58,1,8455.99999999999,1907543215,544900862,0.00240434919845315,99.9993656762319,0.184371184371184
523.37,569,11,10,41943,45630,2025-04-11,2025-05-23,524.58,-1,3687,30713088,21949191,0.148568584181441,97.6991144622123,0.080802103879027
511.75,625,4,4,45300,45300,2025-04-11,2025-05-30,524.58,0,0,549725755,158036241,0.00824047256072257,99.8904102646601,0
477.71,478,925,1547,34225,44863,2025-04-11,2025-04-11,524.58,622,10638,308969552,137875966,0.0145202010067322,99.7537424011283,0.237121904464704
525.65,675,3,3,50076,44805,2025-04-11,2025-05-16,524.58,0,-5271.00000000001,2777147769,1252525510,0.001613345911951,99.9896919060917,-0.117643120187479
454.94,455,105681,7240,1056810,43440,2025-04-11,2025-04-11,524.58,-98441,-1013370,308969552,137875966,0.0140596378247653,99.767802038953,-23.3280386740332
521.15,592,11,6,57156,42510,2025-04-11,2025-05-30,524.58,-5,-14646,549725755,158036241,0.00773294676724761,99.8981432114273,-0.344530698659139
299.61,300,1070,1065,25680,41535,2025-04-11,2025-05-16,524.58,-5,15855,2777147769,1252525510,0.00149559920662616,99.9911875052984,0.381726254965692
494.65,519,0,17,0,41395,2025-04-11,2025-05-30,524.58,17,41395,549725755,158036241,0.00753011835874417,99.9056733297861,1
463.8,469,0,79,0,41080,2025-04-11,2025-04-25,524.58,79,41080,320250757,171341368,0.0128274482111529,99.8100550937964,1
501.2,524,15,18,18330,41040,2025-04-11,2025-05-23,524.58,3,22710,30713088,21949191,0.133623815358456,97.8327382775708,0.553362573099415
499.46,602,4,4,41016,41016,2025-04-11,2025-05-30,524.58,0,0,549725755,158036241,0.00746117489074166,99.9131345046768,0
480.68,481,975,1274,43875,40768,2025-04-11,2025-04-11,524.58,299,-3107,308969552,137875966,0.0131948276896877,99.7809968666427,-0.0762117346938776
503.59,585,5,5,40705,40705,2025-04-11,2025-04-25,524.58,0,0,320250757,171341368,0.0127103524692059,99.8227654462656,0
511.94,539,13,15,20592,40590,2025-04-11,2025-05-23,524.58,2,19998,30713088,21949191,0.132158641944438,97.9648969195152,0.492682926829268
475.13,481,0,68,0,39916,2025-04-11,2025-04-25,524.58,68,39916,320250757,171341368,0.0124639830281494,99.8352294292938,1
502.85,526,0,17,0,39355,2025-04-11,2025-05-30,524.58,17,39355,549725755,158036241,0.00715902423018183,99.920293528907,1
472.89,479,0,64,0,39104,2025-04-11,2025-04-25,524.58,64,39104,320250757,171341368,0.0122104317149202,99.8474398610087,1
447,452,0,78,0,39000,2025-04-11,2025-04-25,524.58,78,39000,320250757,171341368,0.0121779571624869,99.8596178181712,1
497,573,5,5,38000,38000,2025-04-11,2025-04-11,524.58,0,0,308969552,137875966,0.0122989465317929,99.7932958131745,0
457.93,458,5245,5385,78675,37695,2025-04-11,2025-04-11,524.58,140,-40980,308969552,137875966,0.0122002313030509,99.8054960444776,-1.08714683645046
384.04,385,243,388,13122,37248,2025-04-11,2025-04-25,524.58,145,24126,320250757,171341368,0.0116308858561106,99.8712487040273,0.647712628865979
443.16,456,29,29,38831,37236,2025-04-11,2025-08-15,524.58,0,-1595,712712120,174663640,0.00522454985050626,99.9755618018675,-0.0428348909657321
391.08,393,138,193,17802,37056,2025-04-11,2025-05-16,524.58,55,19254,2777147769,1252525510,0.00133431862768121,99.992521823926,0.519591968911917
470.81,471,1254,1948,33858,37012,2025-04-11,2025-04-11,524.58,694,3153.99999999999,308969552,137875966,0.0119791739219663,99.8174752183995,0.0852156057494865
284.7,285,952,1232,19040,36960,2025-04-11,2025-05-16,524.58,280,17920,2777147769,1252525510,0.00133086184367167,99.9938526857697,0.484848484848485
338.46,340,30,240,2280,36960,2025-04-11,2025-05-30,524.58,210,34680,549725755,158036241,0.00672335244689418,99.9270168813539,0.938311688311688
378.89,380,350,332,24850,36852,2025-04-11,2025-05-02,524.58,-18,12002,302134219,151415360,0.0121972281464749,99.9493744864431,0.325681102789537
506.49,531,0,15,0,36765,2025-04-11,2025-05-30,524.58,15,36765,549725755,158036241,0.0066878802140169,99.9337047615679,1
523.54,597,5,5,36730,36730,2025-04-11,2025-05-30,524.58,0,0,549725755,158036241,0.00668151340298764,99.9403862749709,0
499,514,17,24,16252,36000,2025-04-11,2025-05-02,524.58,7,19748,302134219,151415360,0.0119152342687804,99.9612897207119,0.548555555555556
497.07,517,0,18,0,35874,2025-04-11,2025-05-30,524.58,18,35874,549725755,158036241,0.0065257993961007,99.946912074367,1
536.24,576,9,9,35784,35784,2025-04-11,2025-05-09,524.58,0,0,191401348,96958426,0.0186957930933694,99.8022516539434,0
459.75,464,0,82,0,34850,2025-04-11,2025-04-25,524.58,82,34850,320250757,171341368,0.0108820976182735,99.8821308016455,1
363.35,365,75,211,6975,34815,2025-04-11,2025-05-23,524.58,136,27840,30713088,21949191,0.113355583131205,98.0782525026464,0.799655320982335
497.15,583,4,4,34340,34340,2025-04-11,2025-05-09,524.58,0,0,191401348,96958426,0.0179413574454032,99.8201930113888,0
378.54,380,224,232,17248,33872,2025-04-11,2025-05-09,524.58,8,16624,191401348,96958426,0.0176968450608822,99.8378898564497,0.490788852149268
359,360,39,338,4095,33800,2025-04-11,2025-05-09,524.58,299,29705,191401348,96958426,0.0176592277709559,99.8555490842207,0.878846153846154
507.43,620,3,3,33771,33771,2025-04-11,2025-05-16,524.58,0,0,2777147769,1252525510,0.00121603179985487,99.9950687175696,0
307.22,310,220,120,31900,33360,2025-04-11,2025-08-15,524.58,-100,1460,712712120,174663640,0.00468071175778518,99.9802425136253,0.0437649880095923
289.35,290,465,512,8835,33280,2025-04-11,2025-05-16,524.58,47,24445,2777147769,1252525510,0.00119835178997276,99.9962670693595,0.734525240384615
471.8,472,1095,1640,32850,32800,2025-04-11,2025-04-11,524.58,545,-50,308969552,137875966,0.0106159327958633,99.8280911511954,-0.00152439024390244
528.6,575,6,7,21480,32480,2025-04-11,2025-05-23,524.58,1,11000,30713088,21949191,0.10575296108291,98.1840054637293,0.338669950738916
392.51,395,120,130,17400,32370,2025-04-11,2025-05-23,524.58,10,14970,30713088,21949191,0.105394807581706,98.289400271311,0.462465245597776
493.1,518,0,13,0,32370,2025-04-11,2025-05-30,524.58,13,32370,549725755,158036241,0.00588839065762891,99.9528004650246,1
368.73,370,104,254,8424,32258,2025-04-11,2025-05-09,524.58,150,23834,191401348,96958426,0.0168535908117011,99.8724026750324,0.738855477710955
363.76,365,133,258,8113,31992,2025-04-11,2025-04-25,524.58,125,23879,320250757,171341368,0.00998967193698156,99.8921204735825,0.746405351337835
457.9,462,0,78,0,31980,2025-04-11,2025-04-25,524.58,78,31980,320250757,171341368,0.00998592487323925,99.9021063984558,1
524,567,27,7,70200,30100,2025-04-11,2025-04-11,524.58,-20,-40100,308969552,137875966,0.00974206027913068,99.8378332114745,-1.33222591362126
445.23,461,17,19,26265,29963,2025-04-11,2025-08-15,524.58,2,3698,712712120,174663640,0.00420408172657426,99.9844465953519,0.12341888328939
465.85,466,1079,1991,20501,29865,2025-04-11,2025-04-11,524.58,912,9364,308969552,137875966,0.00966600100452617,99.847499212479,0.313544282605056
507.36,534,11,11,14597,29304,2025-04-11,2025-05-23,524.58,0,14707,30713088,21949191,0.0954120927208622,98.3848123640319,0.501876876876877
528.85,577,5,6,40060,28890,2025-04-11,2025-05-23,524.58,1,-11170,30713088,21949191,0.0940641331799655,98.4788764972119,-0.386638975424022
377.54,380,49,116,5537,28536,2025-04-11,2025-05-23,524.58,67,22999,30713088,21949191,0.0929115300942712,98.5717880273062,0.805964395850855
512.56,541,9,10,14823,28440,2025-04-11,2025-05-23,524.58,1,13617,30713088,21949191,0.0925989597659473,98.6643869870721,0.478797468354431
537.25,593,10,5,55750,27875,2025-04-11,2025-05-16,524.58,-5,-27875,2777147769,1252525510,0.00100372764860248,99.9972707970081,-1
448.76,454,0,53,0,27772,2025-04-11,2025-04-25,524.58,53,27772,320250757,171341368,0.00867195452093811,99.9107783529767,1
244.03,245,458,286,22442,27742,2025-04-11,2025-07-18,524.58,-172,5300,867892480,293607617,0.0031964789002435,99.9911766720228,0.191046067334727
499,568,4,4,27600,27600,2025-04-11,2025-05-23,524.58,0,0,30713088,21949191,0.0898639693931134,98.7542509564652,0
513.89,544,13,9,20410,27099,2025-04-11,2025-05-09,524.58,-4,6689,191401348,96958426,0.0141582074960099,99.8865608825284,0.246835676593232
528.86,548,14,14,26796,26796,2025-04-11,2025-05-23,524.58,0,0,30713088,21949191,0.087246192893401,98.8414971493586,0
555.93,645,3,3,26721,26721,2025-04-11,2025-08-15,524.58,0,0,712712120,174663640,0.00374919960670796,99.9881957949586,0
473.8,474,980,1336,30380,26720,2025-04-11,2025-04-11,524.58,356,-3660,308969552,137875966,0.00864810135077647,99.8561473138298,-0.136976047904192
521,554,6,8,18378,26400,2025-04-11,2025-05-23,524.58,2,8022,30713088,21949191,0.085956840289065,98.9274539896477,0.303863636363636
383.15,385,66,140,5478,25900,2025-04-11,2025-05-09,524.58,74,20422,191401348,96958426,0.013531775126265,99.9000926576547,0.788494208494209
349.06,350,241,269,8676,25286,2025-04-11,2025-05-02,524.58,28,16610,302134219,151415360,0.00836912815889947,99.9696588488708,0.656885232935221
467.85,468,788,1606,18124,24090,2025-04-11,2025-04-11,524.58,818,5966,308969552,137875966,0.00779688478818133,99.863944198618,0.247654628476546
447.92,453,0,47,0,23876,2025-04-11,2025-04-25,524.58,47,23876,320250757,171341368,0.00745540782593685,99.9182337608026,1
530.39,577,5,5,34350,23305,2025-04-11,2025-04-11,524.58,0,-11045,308969552,137875966,0.0075428144453535,99.8714870130634,-0.4739326324823
516.95,546,3,8,4725,23240,2025-04-11,2025-05-09,524.58,5,18515,191401348,96958426,0.0121420252484324,99.9122346829031,0.796686746987952
510.29,536,8,9,11992,23139,2025-04-11,2025-05-23,524.58,1,11147,30713088,21949191,0.0753392169488135,99.0027932065965,0.48174078395782
304.45,305,320,420,12160,23100,2025-04-11,2025-05-23,524.58,100,10940,30713088,21949191,0.0752122352529319,99.0780054418494,0.473593073593074
273.5,275,157,153,14915,22950,2025-04-11,2025-07-18,524.58,-4,8035,867892480,293607617,0.00264433677314499,99.9938210087959,0.350108932461874
504.09,527,0,10,0,22910,2025-04-11,2025-05-30,524.58,10,22910,549725755,158036241,0.00416753259086433,99.9569679976155,1
299.66,300,322,665,5796,22610,2025-04-11,2025-05-09,524.58,343,16814,191401348,96958426,0.0118128739615773,99.9240475568647,0.743653250773994
530.4,640,2,2,23300,21920,2025-04-11,2025-06-20,524.58,0,-1380,2694437004,991381554,0.000813528019673827,99.9995789472909,-0.0629562043795621
253.74,255,165,172,11385,21672,2025-04-11,2025-07-18,524.58,7,10287,867892480,293607617,0.00249708350969927,99.9963180923056,0.474667774086379
458.89,459,1701,1961,18711,21571,2025-04-11,2025-04-11,524.58,260,2860,308969552,137875966,0.00698159409571853,99.8784686071591,0.132585415604284
303.61,305,154,154,21406,21406,2025-04-11,2025-08-15,524.58,0,0,712712120,174663640,0.00300345671124549,99.9911992516698,0
449.24,456,0,31,0,20956,2025-04-11,2025-04-25,524.58,31,20956,320250757,171341368,0.00654362231530963,99.9247773831179,1
525.97,578,5,4,20575,20812,2025-04-11,2025-05-09,524.58,-1,237,191401348,96958426,0.0108734866381401,99.9349210435028,0.011387660964828
517.77,547,2,7,3288,20461,2025-04-11,2025-05-09,524.58,5,17173,191401348,96958426,0.0106901023497494,99.9456111458525,0.839304041835687
381.65,385,10,61,1360,20435,2025-04-11,2025-05-23,524.58,51,19075,30713088,21949191,0.0665351527010244,99.1445405945504,0.933447516515782
308.98,310,78,197,4758,20094,2025-04-11,2025-05-23,524.58,119,15336,30713088,21949191,0.0654248768472906,99.2099654713977,0.763212899372947
472.89,482,0,22,0,20042,2025-04-11,2025-04-25,524.58,22,20042,320250757,171341368,0.00625822096027083,99.9310356040782,1
460.12,463,0,69,0,19872,2025-04-11,2025-04-25,524.58,69,19872,320250757,171341368,0.00620513755725486,99.9372407416355,1
462.07,466,0,50,0,19650,2025-04-11,2025-04-25,524.58,50,19650,320250757,171341368,0.00613581687802224,99.9433765585135,1
466.1,471,0,40,0,19600,2025-04-11,2025-04-25,524.58,40,19600,320250757,171341368,0.00612020411242931,99.9494967626259,1
476.89,483,0,31,0,18941,2025-04-11,2025-04-25,524.58,31,18941,320250757,171341368,0.00591442786191447,99.9554111904878,1
343.7,345,17,141,1326,18330,2025-04-11,2025-05-30,524.58,124,17004,549725755,158036241,0.00333438989046456,99.9603023875059,0.927659574468085
461.9,462,1144,1801,19448,18010,2025-04-11,2025-04-11,524.58,657,-1438,308969552,137875966,0.00582905334309447,99.8842976605022,-0.079844530816213
521.22,611,2,2,14642,17956,2025-04-11,2025-05-16,524.58,0,3314,2777147769,1252525510,0.000646562642450446,99.9979173596506,0.184562263310314
333.54,335,98,121,7154,17666,2025-04-11,2025-05-30,524.58,23,10512,549725755,158036241,0.00321360238979525,99.9635159898957,0.59504132231405
501.74,559,3,3,17178,17178,2025-04-11,2025-05-23,524.58,0,0,30713088,21949191,0.055930553124453,99.2658960245222,0
243.66,245,125,128,9125,17152,2025-04-11,2025-08-15,524.58,3,8027,712712120,174663640,0.00240658177666461,99.9936058334465,0.467992070895522
528.18,571,8,4,34472,17128,2025-04-11,2025-04-11,524.58,-4,-17344,308969552,137875966,0.0055435883209618,99.8898412488231,-1.01261092947221
499.98,670,1,1,17002,17002,2025-04-11,2025-05-30,524.58,0,0,549725755,158036241,0.00309281488912594,99.9666088047849,0
503.62,537,6,5,10584,16690,2025-04-11,2025-05-23,524.58,-1,6106,30713088,21949191,0.0543416539554733,99.3202376784777,0.365847813061714
527,610,2,2,22606,16600,2025-04-11,2025-04-11,524.58,0,-6006,308969552,137875966,0.00537269769546742,99.8952139465186,-0.361807228915663
499.96,533,0,5,0,16520,2025-04-11,2025-05-30,524.58,5,16520,549725755,158036241,0.00300513480580876,99.9696139395907,1
462.89,467,0,40,0,16440,2025-04-11,2025-04-25,524.58,40,16440,320250757,171341368,0.00513347732695601,99.9605446678148,1
494.68,576,2,2,16264,16264,2025-04-11,2025-05-23,524.58,0,0,30713088,21949191,0.0529546231235361,99.3731923016012,0
537.13,577.5,4,4,16148,16148,2025-04-11,2025-05-09,524.58,0,0,191401348,96958426,0.0084367221906922,99.9540478680432,0
509.74,563,3,3,15978,15978,2025-04-11,2025-05-23,524.58,0,0,30713088,21949191,0.0520234240204046,99.4252157256216,0
500.43,523,0,7,0,15799,2025-04-11,2025-05-30,524.58,7,15799,549725755,158036241,0.00287397849860609,99.9724879180893,1
462.89,463,781,1435,12496,15785,2025-04-11,2025-04-11,524.58,654,3289,308969552,137875966,0.00510891765800923,99.9003228641766,0.208362369337979
518.68,538,8,8,15456,15456,2025-04-11,2025-05-23,524.58,0,0,30713088,21949191,0.0503238228601435,99.4755395484817,0
323.36,325,24,94,1584,15416,2025-04-11,2025-05-30,524.58,70,13832,549725755,158036241,0.00280430739505738,99.9752922254843,0.89724961079398
312.83,315,145,71,24070,15407,2025-04-11,2025-08-15,524.58,-74,-8663,712712120,174663640,0.00216174238765576,99.9957675758341,-0.562276887129227
439.98,440,7583,7642,37915,15284,2025-04-11,2025-04-11,524.58,59,-22631,308969552,137875966,0.00494676575768217,99.9052696299343,-1.48069876995551
348.51,350,45,102,3780,15198,2025-04-11,2025-05-30,524.58,57,11418,549725755,158036241,0.00276465125778944,99.9780568767421,0.751283063560995
534.6,572.5,4,4,15160,15160,2025-04-11,2025-05-09,524.58,0,0,191401348,96958426,0.00792052937892579,99.9619683974222,0
334.05,335,25,156,1650,14820,2025-04-11,2025-05-23,524.58,131,13170,30713088,21949191,0.0482530444349979,99.5237925929167,0.888663967611336
354.02,355,143,150,8723,14700,2025-04-11,2025-05-09,524.58,7,5977,191401348,96958426,0.00768019669328557,99.9696485941154,0.406598639455782
339.22,340,188,187,5828,14586,2025-04-11,2025-04-25,524.58,-1,8758,320250757,171341368,0.0045545559787701,99.9650992237936,0.600438776909365
527.23,670,1,1,14277,14277,2025-04-11,2025-08-15,524.58,0,0,712712120,174663640,0.00200319309849817,99.9977707689326,0
493.18,564,2,2,14164,14164,2025-04-11,2025-05-23,524.58,0,0,30713088,21949191,0.0461171471914514,99.5699097401082,0
463.87,464,742,1063,14098,13819,2025-04-11,2025-04-11,524.58,321,-278.999999999998,308969552,137875966,0.00447260900323278,99.9097422389375,-0.020189594037195
535.54,569,11,4,36806,13384,2025-04-11,2025-04-11,524.58,-7,-23422,308969552,137875966,0.00433181843109252,99.9140740573686,-1.75
344.35,345,19,205,1197,13325,2025-04-11,2025-05-02,524.58,186,12128,302134219,151415360,0.00441029157309719,99.9740691404438,0.910168855534709
518.58,585,2,2,9800,13284,2025-04-11,2025-04-11,524.58,0,3484,308969552,137875966,0.00429945278232465,99.9183735101509,0.262270400481783
299.33,300,107,198,4280,13266,2025-04-11,2025-05-30,524.58,91,8986,549725755,158036241,0.00241320328897452,99.9804700800311,0.677370722146842
294.38,295,196,213,4704,13206,2025-04-11,2025-05-16,524.58,17,8502,2777147769,1252525510,0.000475523850311906,99.9983928835009,0.64379827351204
526.67,650,2,1,22466,12333,2025-04-11,2025-07-18,524.58,-1,-10133,867892480,293607617,0.00142102855874497,99.9977391208644,-0.821616800454066
524,645,1,1,7770,12100,2025-04-11,2025-09-19,524.58,0,4330,1907543215,544900862,0.00063432376812496,100,0.357851239669422
529.09,650,1,1,8575,12091,2025-04-11,2025-05-16,524.58,0,3516,2777147769,1252525510,0.000435374744367807,99.9988282582453,0.29079480605409
537.38,577,3,3,11886,11886,2025-04-11,2025-05-09,524.58,0,0,191401348,96958426,0.00620998761199947,99.9758585817274,0
353.88,355,97,105,4850,11760,2025-04-11,2025-05-02,524.58,8,6910,302134219,151415360,0.00389230986113493,99.977961450305,0.587585034013605
516.55,630,1,1,12977,11345,2025-04-11,2025-06-20,524.58,0,-1632,2694437004,991381554,0.000421052709087572,100,-0.143851917144117
541.66,598,2,2,11268,11268,2025-04-11,2025-05-30,524.58,0,0,549725755,158036241,0.00204974933364728,99.9825198293647,0
455.91,456,977,1240,15632,11160,2025-04-11,2025-04-11,524.58,263,-4472,308969552,137875966,0.00361200640249496,99.9219855165534,-0.400716845878136
500.44,522,0,5,0,10780,2025-04-11,2025-05-30,524.58,5,10780,549725755,158036241,0.0019609777970108,99.9844808071617,1
545.14,581,3,3,10758,10758,2025-04-11,2025-05-09,524.58,0,0,191401348,96958426,0.00562065006982083,99.9814792317973,0
539.3,593,2,2,10740,10740,2025-04-11,2025-05-30,524.58,0,0,549725755,158036241,0.0019537014415488,99.9864345086033,0
530.72,552,5,5,10640,10640,2025-04-11,2025-05-23,524.58,0,0,30713088,21949191,0.0346432113892292,99.6045529514974,0
374.99,375,10509,10482,10509,10482,2025-04-11,2025-04-11,524.58,-27,-27,308969552,137875966,0.00339256730384876,99.9253780838573,-0.00257584430452204
309.53,310,140,223,2660,10481,2025-04-11,2025-05-02,524.58,83,7821,302134219,151415360,0.00346898806586354,99.9814304383708,0.746207422955825
496.69,598,2,1,20262,10131,2025-04-11,2025-05-16,524.58,-1,-10131,2777147769,1252525510,0.000364798737506431,99.9991930569828,-1
509,609,1,1,10000,10000,2025-04-11,2025-05-30,524.58,0,0,549725755,158036241,0.00181908886550167,99.9882535974688,0
486.07,584,1,1,9793,9793,2025-04-11,2025-04-11,524.58,0,0,308969552,137875966,0.0031695679838381,99.9285476518411,0
434.97,435,2762,3214,13810,9642,2025-04-11,2025-04-11,524.58,452,-4168,308969552,137875966,0.0031206958541986,99.9316683476953,-0.432275461522506
248.28,250,55,56,4950,9632,2025-04-11,2025-08-15,524.58,1,4682,712712120,174663640,0.00135145730368666,99.9991222262363,0.48608803986711
513.8,610,1,1,9620,9620,2025-04-11,2025-05-02,524.58,0,0,302134219,151415360,0.00318401537960187,99.9846144537504,0
471.02,477,0,16,0,9568,2025-04-11,2025-04-25,524.58,16,9568,320250757,171341368,0.00298765882386345,99.9680868826174,1
339.26,340,118,129,4248,9546,2025-04-11,2025-05-02,524.58,11,5298,302134219,151415360,0.00315952295360493,99.9877739767041,0.554996857322439
262.84,265,44,44,4136,9504,2025-04-11,2025-07-18,524.58,0,5368,867892480,293607617,0.00109506652252592,99.9988341873869,0.564814814814815
453.94,454,532,1542,4788,9252,2025-04-11,2025-04-11,524.58,1010,4464,308969552,137875966,0.00299446982400389,99.9346628175193,0.482490272373541
367.26,370,31,33,3007,9042,2025-04-11,2025-05-23,524.58,2,6035,30713088,21949191,0.0294402177990048,99.6339931692964,0.667440831674408
399.99,400,8785,9003,17570,9003,2025-04-11,2025-04-11,524.58,218,-8567,308969552,137875966,0.00291387935857188,99.9375766968779,-0.951571698322781
358.47,360,70,58,3570,8874,2025-04-11,2025-05-02,524.58,-12,5304,302134219,151415360,0.00293710524725437,99.9907110819513,0.597701149425287
509.7,596,1,1,8630,8630,2025-04-11,2025-05-16,524.58,0,0,2777147769,1252525510,0.000310750479190652,99.999503807462,0
519.11,562,0,2,0,8578,2025-04-11,2025-05-23,524.58,2,8578,30713088,21949191,0.0279294612121061,99.6619226305085,1
474.47,484,0,9,0,8577,2025-04-11,2025-04-25,524.58,9,8577,320250757,171341368,0.00267821380981154,99.9707650964272,1
456.92,457,859,1062,9449,8496,2025-04-11,2025-04-11,524.58,203,-953,308969552,137875966,0.00274978551931875,99.9403264823972,-0.112170433145009
508.7,551,2,2,8460,8460,2025-04-11,2025-05-23,524.58,0,0,30713088,21949191,0.0275452601835413,99.6894678906921,0
362.63,365,15,35,1785,8295,2025-04-11,2025-05-30,524.58,20,6510,549725755,158036241,0.00150893421393364,99.9897625316827,0.784810126582278
520.32,601,0,1,0,8068,2025-04-11,2025-05-16,524.58,1,8068,2777147769,1252525510,0.000290513889468155,99.9997943213514,1
515.25,595,1,1,8534,7975,2025-04-11,2025-05-23,524.58,0,-559,30713088,21949191,0.0259661288373217,99.7154340195294,-0.0700940438871473
525.03,603,1,1,7797,7797,2025-04-11,2025-05-30,524.58,0,0,549725755,158036241,0.00141834358843165,99.9911808752712,0
328.9,330,31,70,1891,7700,2025-04-11,2025-05-30,524.58,39,5809,549725755,158036241,0.00140069842643629,99.9925815736976,0.754415584415584
495.19,572,1,1,7681,7681,2025-04-11,2025-05-23,524.58,0,0,30713088,21949191,0.0250088822068299,99.7404429017362,0
497.44,574,1,1,7656,7656,2025-04-11,2025-05-23,524.58,0,0,30713088,21949191,0.0249274836838289,99.7653703854201,0
328.23,330,34,42,2040,7434,2025-04-11,2025-05-23,524.58,8,5394,30713088,21949191,0.0242046647995799,99.7895750502196,0.725585149313963
450.95,451,778,1473,6224,7365,2025-04-11,2025-04-11,524.58,695,1141,308969552,137875966,0.00238373003175407,99.942710212429,0.154921928038018
318.5,320,30,49,2220,7350,2025-04-11,2025-05-30,524.58,19,5130,549725755,158036241,0.00133703031614373,99.9939186040137,0.697959183673469
349.99,350,7326,7324,7326,7324,2025-04-11,2025-04-11,524.58,-2,-2.00000000000182,308969552,137875966,0.00237046011575924,99.9450806725447,-0.000273074822501614
537.95,610,1,1,7205,7205,2025-04-11,2025-04-25,524.58,0,0,320250757,171341368,0.00224979952194149,99.9730148959492,0
309.15,310,63,84,1953,7140,2025-04-11,2025-05-09,524.58,21,5187,191401348,96958426,0.00373038125102442,99.9852096130483,0.726470588235294
451.94,452,629,1165,5661,6990,2025-04-11,2025-04-11,524.58,536,1329,308969552,137875966,0.00226235884887453,99.9473430313936,0.190128755364807
445.96,446,713,1743,4991,6972,2025-04-11,2025-04-11,524.58,1030,1981,308969552,137875966,0.00225653303209631,99.9495995644257,0.284136546184739
344.22,345,91,89,2548,6942,2025-04-11,2025-04-25,524.58,-2,4394,320250757,171341368,0.00216767637492267,99.9751825723241,0.632958801498127
531.91,600,2,1,11150,6809,2025-04-11,2025-05-23,524.58,-1,-4341,30713088,21949191,0.0221697017245547,99.8117447519442,-0.637538551916581
299.79,300,161,316,1288,6636,2025-04-11,2025-04-25,524.58,155,5348,320250757,171341368,0.00207212624949392,99.9772546985736,0.805907172995781
470.5,476,0,12,0,6600,2025-04-11,2025-04-25,524.58,12,6600,320250757,171341368,0.00206088505826701,99.9793155836319,1
446.94,447,646,1075,3876,6450,2025-04-11,2025-04-11,524.58,429,2574,308969552,137875966,0.002087584345528,99.9516871487712,0.39906976744186
518.04,582,1,1,6396,6396,2025-04-11,2025-04-11,524.58,0,0,308969552,137875966,0.00207010689519335,99.9537572556664,0
324.51,325,190,130,6650,6370,2025-04-11,2025-05-09,524.58,-60,-280,191401348,96958426,0.00332808523375708,99.9885376982821,-0.043956043956044
499.8,521,0,3,0,6360,2025-04-11,2025-05-30,524.58,3,6360,549725755,158036241,0.00115694051845906,99.9950755445322,1
460.91,461,845,704,11830,6336,2025-04-11,2025-04-11,524.58,-141,-5494,308969552,137875966,0.00205068750593262,99.9558079431723,-0.867108585858586
253.16,255,52,34,3640,6256,2025-04-11,2025-08-15,524.58,-18,2616,712712120,174663640,0.00087777376369017,100,0.418158567774936
349.55,350,159,138,4929,6210,2025-04-11,2025-04-25,524.58,-21,1281,320250757,171341368,0.00193910548664214,99.9812546891185,0.206280193236715
447.95,448,907,1239,8163,6195,2025-04-11,2025-04-11,524.58,332,-1968,308969552,137875966,0.00200505194116992,99.9578129951135,-0.317675544794189
490.71,552.5,1,1,6179,6179,2025-04-11,2025-05-23,524.58,0,0,30713088,21949191,0.0201184589449293,99.8318632108891,0
527.54,558,2,2,6092,6092,2025-04-11,2025-05-23,524.58,0,0,30713088,21949191,0.0198351920848858,99.851698402974,0
324.35,325,60,91,1560,5915,2025-04-11,2025-05-02,524.58,31,4355,302134219,151415360,0.00195773918610656,99.9926688211374,0.736263736263736
526.67,556,2,2,5866,5866,2025-04-11,2025-05-23,524.58,0,0,30713088,21949191,0.0190993494369566,99.870797752411,0
448.95,449,846,1172,8460,5860,2025-04-11,2025-04-11,524.58,326,-2600,308969552,137875966,0.00189662701779753,99.9597096221313,-0.443686006825939
567.88,625,1,1,5712,5712,2025-04-11,2025-05-16,524.58,0,0,2777147769,1252525510,0.00020567864856744,100,0
279.63,280,0,152,0,5624,2025-04-11,2025-04-25,524.58,152,5624,320250757,171341368,0.00175612387389298,99.9830108129924,1
313.9,315,48,51,2256,5610,2025-04-11,2025-05-23,524.58,3,3354,30713088,21949191,0.0182658285614263,99.8890635809724,0.597860962566845
432.95,433,796,1104,7960,5520,2025-04-11,2025-04-11,524.58,308,-2440,308969552,137875966,0.00178658381198676,99.9614962059433,-0.442028985507247
294.68,295,0,172,0,5504,2025-04-11,2025-04-25,524.58,172,5504,320250757,171341368,0.00171865323646995,99.9847294662289,1
308.96,310,46,52,2346,5408,2025-04-11,2025-05-30,524.58,6,3062,549725755,158036241,0.000983763258463304,99.9960593077907,0.566198224852071
507,534,0,2,0,5400,2025-04-11,2025-05-30,524.58,2,5400,549725755,158036241,0.000982307987370903,99.997041615778,1
343.59,345,35,38,2660,5358,2025-04-11,2025-05-23,524.58,3,2698,30713088,21949191,0.0174453314495762,99.906508912422,0.50354609929078
334.47,335,103,101,2163,5353,2025-04-11,2025-04-25,524.58,-2,3190,320250757,171341368,0.00167150268437929,99.9864009689133,0.59592751728003
522.35,549,1,2,3344,5330,2025-04-11,2025-05-23,524.58,1,1986,30713088,21949191,0.017354165103815,99.9238630775258,0.372607879924953
419.99,420,54619,5306,109238,5306,2025-04-11,2025-04-11,524.58,-49313,-103932,308969552,137875966,0.0017173213236235,99.9632135272669,-19.5876366377686
314.02,315,58,54,2030,5292,2025-04-11,2025-05-09,524.58,-4,3262,191401348,96958426,0.0027648708095828,99.9913025690916,0.616402116402116
429.99,430,4321,5284,12963,5284,2025-04-11,2025-04-11,524.58,963,-7679,308969552,137875966,0.00171020088089457,99.9649237281478,-1.45325510976533
554.83,607,1,1,5217,5217,2025-04-11,2025-05-30,524.58,0,0,549725755,158036241,0.000949018661132222,99.9979906344392,0
329.15,330,54,61,2106,5185,2025-04-11,2025-05-02,524.58,7,3079,302134219,151415360,0.00171612471343407,99.9943849458509,0.593828351012536
452.94,453,431,833,4310,4998,2025-04-11,2025-04-11,524.58,402,688,308969552,137875966,0.00161763512541844,99.9665413632732,0.13765506202481
466.52,472,0,9,0,4932,2025-04-11,2025-04-25,524.58,9,4932,320250757,171341368,0.0015400431980868,99.9879410121113,1
258.3,260,52,29,3848,4930,2025-04-11,2025-07-18,524.58,-23,1082,867892480,293607617,0.000568042714231145,99.9994022301011,0.21947261663286
319.02,320,48,50,2592,4900,2025-04-11,2025-05-23,524.58,2,2308,30713088,21949191,0.0159541105081977,99.939817188034,0.471020408163265
517.5,566,6,1,13224,4850,2025-04-11,2025-04-11,524.58,-5,-8374,308969552,137875966,0.00156973396524199,99.9681110972385,-1.72659793814433
541.53,590,1,1,4847,4847,2025-04-11,2025-05-09,524.58,0,0,191401348,96958426,0.00253237505934389,99.993834944151,0
524.24,572,42,1,159894,4776,2025-04-11,2025-04-11,524.58,-41,-155118,308969552,137875966,0.00154578338515376,99.9696568806236,-32.4786432160804
418.98,419,452,2298,452,4596,2025-04-11,2025-04-11,524.58,1846,4144,308969552,137875966,0.00148752521737158,99.971144405841,0.90165361183638
456.43,461,0,10,0,4570,2025-04-11,2025-04-25,524.58,10,4570,320250757,171341368,0.00142700677519398,99.9893680188865,1
509.2,532,0,2,0,4560,2025-04-11,2025-05-30,524.58,2,4560,549725755,158036241,0.000829504522668762,99.9988201389618,1
438.97,439,346,1509,1730,4527,2025-04-11,2025-04-11,524.58,1163,2797,308969552,137875966,0.00146519291972175,99.9726095987607,0.617848464766954
522.93,567,1,1,6044,4407,2025-04-11,2025-05-23,524.58,0,-1637,30713088,21949191,0.0143489316346178,99.9541661196686,-0.371454504197867
299.77,300,194,188,2716,4324,2025-04-11,2025-05-02,524.58,-6,1608,302134219,151415360,0.0014311520271724,99.995816097878,0.371877890841813
364,365,42,43,2352,4300,2025-04-11,2025-05-02,524.58,1,1948,302134219,151415360,0.00142320853765988,99.9972393064157,0.453023255813953
442.96,443,1018,1052,7126,4208,2025-04-11,2025-04-11,524.58,34,-2918,308969552,137875966,0.00136194650015222,99.9739715452609,-0.693441064638784
443.97,444,418,1397,4180,4191,2025-04-11,2025-04-11,524.58,979,11,308969552,137875966,0.00135644433986168,99.9753279896007,0.0026246719160105
532.12,553,2,2,4176,4176,2025-04-11,2025-05-23,524.58,0,0,30713088,21949191,0.0135968092820885,99.9677629289507,0
480.09,486,0,7,0,4137,2025-04-11,2025-04-25,524.58,7,4137,320250757,171341368,0.00129180022515919,99.9906598191117,1
417.98,418,937,1942,937,3884,2025-04-11,2025-04-11,524.58,1005,2947,308969552,137875966,0.0012570817981443,99.9765850713989,0.75875386199794
344.11,345,45,43,2025,3827,2025-04-11,2025-05-09,524.58,-2,1802,191401348,96958426,0.00199946345205468,99.995834407603,0.470864907238046
408.99,409,3367,3805,84175,3805,2025-04-11,2025-04-11,524.58,438,-80370,308969552,137875966,0.00123151293561768,99.9778165843345,-21.1222076215506
540.72,578,1,1,3728,3728,2025-04-11,2025-05-23,524.58,0,0,30713088,21949191,0.0121381477499104,99.9799010767006,0
544.84,582,1,1,3716,3716,2025-04-11,2025-04-25,524.58,0,0,320250757,171341368,0.0011603407388667,99.9918201598506,0
324.47,325,49,69,588,3657,2025-04-11,2025-04-25,524.58,20,3069,320250757,171341368,0.00114191767546704,99.992962077526,0.83921246923708
394.99,395,3572,3642,7144,3642,2025-04-11,2025-04-11,524.58,70,-3502,308969552,137875966,0.00117875692812604,99.9789953412626,-0.961559582646897
424.99,425,3978,3611,15912,3611,2025-04-11,2025-04-11,524.58,-367,-12301,308969552,137875966,0.001168723577008,99.9801640648396,-3.40653558571033
304.67,305,84,108,2100,3564,2025-04-11,2025-04-25,524.58,24,1464,320250757,171341368,0.00111287793146419,99.9940749554575,0.410774410774411
324.01,325,32,34,1760,3366,2025-04-11,2025-05-23,524.58,2,1606,30713088,21949191,0.0109594971368558,99.9908605738375,0.477124183006536
248.96,250,13,32,676,3328,2025-04-11,2025-07-18,524.58,19,2652,867892480,293607617,0.000383457637517495,99.9997856877386,0.796875
314,315,12,33,660,3300,2025-04-11,2025-05-30,524.58,21,2640,549725755,158036241,0.000600299325615552,99.9994204382875,0.8
431.95,432,527,649,1581,3245,2025-04-11,2025-04-11,524.58,122,1664,308969552,137875966,0.00105026530251758,99.9812143301422,0.512788906009245
304.46,305,58,59,2784,3186,2025-04-11,2025-05-30,524.58,1,402.000000000001,549725755,158036241,0.000579561712548833,100,0.126177024482109
413.97,414,286,1026,572,3078,2025-04-11,2025-04-11,524.58,740,2506,308969552,137875966,0.000996214669075223,99.9822105448112,0.814165042235218
354.46,355,63,54,2646,2916,2025-04-11,2025-04-25,524.58,-9,270.000000000001,320250757,171341368,0.000910536489379789,99.9949854919469,0.0925925925925929
437.98,438,945,1456,6615,2912,2025-04-11,2025-04-11,524.58,511,-3703,308969552,137875966,0.000942487692120549,99.9831530325033,-1.27163461538462
534.43,562.5,1,1,2807,2807,2025-04-11,2025-05-23,524.58,0,0,30713088,21949191,0.00913942616255324,100,0
319.58,320,27,65,486,2730,2025-04-11,2025-04-25,524.58,38,2244,320250757,171341368,0.000852457001374083,99.9958379489482,0.821978021978022
269.83,270,0,160,0,2720,2025-04-11,2025-04-25,524.58,160,2720,320250757,171341368,0.000849334448255496,99.9966872833965,1
333.99,335,27,26,1080,2626,2025-04-11,2025-05-02,524.58,-1,1546,302134219,151415360,0.000869150144161592,99.9981084565598,0.588728103579589
319.63,320,10,69,400,2553,2025-04-11,2025-05-02,524.58,59,2153,302134219,151415360,0.000844988696894343,99.9989534452567,0.843321582452017
433.98,434,475,1210,1900,2420,2025-04-11,2025-04-11,524.58,735,520,308969552,137875966,0.000783248700182599,99.9839362812035,0.214876033057851
249.94,250,0,398,0,2388,2025-04-11,2025-04-25,524.58,398,2388,320250757,171341368,0.000745665684718428,99.9974329490812,1
420.99,421,602,2272,2408,2272,2025-04-11,2025-04-11,524.58,1670,-136,308969552,137875966,0.000735347540006143,99.9846716287435,-0.0598591549295775
334.16,335,20,27,760,2268,2025-04-11,2025-05-09,524.58,7,1508,191401348,96958426,0.00118494463267834,99.9970193522357,0.664902998236332
264.59,265,0,55,0,2255,2025-04-11,2025-04-25,524.58,55,2255,320250757,171341368,0.000704135728241229,99.9981370848095,1
314.66,315,13,66,507,2244,2025-04-11,2025-05-02,524.58,53,1737,302134219,151415360,0.000742716269420644,99.9996961615262,0.774064171122995
377.98,378,106,1110,636,2220,2025-04-11,2025-04-11,524.58,1004,1584,308969552,137875966,0.000718517402646847,99.9853901461462,0.713513513513514
319.01,320,22,22,770,2178,2025-04-11,2025-05-09,524.58,0,1408,191401348,96958426,0.00113792302027047,99.998157275256,0.646464646464647
389.99,390,2018,2085,4036,2085,2025-04-11,2025-04-11,524.58,67,-1951,308969552,137875966,0.000674823776810215,99.986064969923,-0.935731414868106
441.96,442,451,518,3157,2072,2025-04-11,2025-04-11,524.58,67,-1085,308969552,137875966,0.000670616242470391,99.9867355861655,-0.523648648648649
379.99,380,2552,1963,2552,1963,2025-04-11,2025-04-11,524.58,-589,-589,308969552,137875966,0.000635337685313406,99.9873709238508,-0.300050942435048
428.96,429,325,478,975,1912,2025-04-11,2025-04-11,524.58,153,937,308969552,137875966,0.000618831204441789,99.9879897550552,0.490062761506276
404.99,405,1750,1817,3500,1817,2025-04-11,2025-04-11,524.58,67,-1683,308969552,137875966,0.000588083838112307,99.9885778388933,-0.926252063841497
304.53,305,21,38,651,1786,2025-04-11,2025-05-09,524.58,17,1135,191401348,96958426,0.000933117775116192,99.9990903930311,0.635498320268757
435.98,436,1195,863,4780,1726,2025-04-11,2025-04-11,524.58,-332,-3054,308969552,137875966,0.00055863109773354,99.9891364699911,-1.7694090382387
430.97,431,472,572,2360,1716,2025-04-11,2025-04-11,524.58,100,-644,308969552,137875966,0.000555394532856752,99.9896918645239,-0.375291375291375
384.99,385,1611,1596,3222,1596,2025-04-11,2025-04-11,524.58,-15,-1626,308969552,137875966,0.000516555754335301,99.9902084202783,-1.0187969924812
402.98,403,351,667,2808,1334,2025-04-11,2025-04-11,524.58,316,-1474,308969552,137875966,0.000431757754563466,99.9906401780328,-1.10494752623688
344.99,345,330,1332,330,1332,2025-04-11,2025-04-11,524.58,1002,1002,308969552,137875966,0.000431110441588108,99.9910712884744,0.752252252252252
289.87,290,0,102,0,1326,2025-04-11,2025-04-25,524.58,102,1326,320250757,171341368,0.000414050543524554,99.998551135353,1
422.98,423,221,646,663,1292,2025-04-11,2025-04-11,524.58,425,629,308969552,137875966,0.000418164182080958,99.9914894526565,0.486842105263158
440.99,441,856,1254,4280,1254,2025-04-11,2025-04-11,524.58,398,-3026,308969552,137875966,0.000405865235549165,99.991895317892,-2.41307814992026
427.98,428,351,622,1404,1244,2025-04-11,2025-04-11,524.58,271,-160,308969552,137875966,0.000402628670672377,99.9922979465627,-0.128617363344051
268.48,270,7,8,1323,1216,2025-04-11,2025-07-18,524.58,1,-107,867892480,293607617,0.000140109521400623,99.99992579726,-0.0879934210526314
369.99,370,197,1202,788,1202,2025-04-11,2025-04-11,524.58,1005,414,308969552,137875966,0.00038903509818987,99.9926869816609,0.344425956738769
329.08,330,7,13,329,1196,2025-04-11,2025-05-09,524.58,6,867,191401348,96958426,0.000624864982664594,99.9997152580138,0.724916387959866
415.99,416,443,1172,1329,1172,2025-04-11,2025-04-11,524.58,729,-157,308969552,137875966,0.000379325403559507,99.9930663070645,-0.133959044368601
414.99,415,837,1129,1674,1129,2025-04-11,2025-04-11,524.58,292,-545,308969552,137875966,0.00036540817458932,99.993431715239,-0.482728077945084
467.41,473,0,2,0,1118,2025-04-11,2025-04-25,524.58,2,1118,320250757,171341368,0.000349101438657958,99.9989002367916,1
319.99,320,1092,1097,1092,1097,2025-04-11,2025-04-11,524.58,5,5,308969552,137875966,0.0003550511669836,99.993786766406,0.00455788514129444
436.98,437,841,537,3364,1074,2025-04-11,2025-04-11,524.58,-304,-2290,308969552,137875966,0.000347607067766988,99.9941343734738,-2.13221601489758
254.91,255,0,109,0,981,2025-04-11,2025-04-25,524.58,109,981,320250757,171341368,0.000306322460933324,99.9992065592526,1
400.99,401,394,937,788,937,2025-04-11,2025-04-11,524.58,543,149,308969552,137875966,0.000303266128954998,99.9944376396028,0.159018143009605
425.97,426,215,311,430,933,2025-04-11,2025-04-11,524.58,96,503,308969552,137875966,0.000301971503004283,99.9947396111058,0.539121114683816
421.99,422,465,918,1860,918,2025-04-11,2025-04-11,524.58,453,-942,308969552,137875966,0.000297116655689102,99.9950367277614,-1.02614379084967
304.73,305,23,34,391,918,2025-04-11,2025-05-02,524.58,11,527,302134219,151415360,0.0003038384738539,100,0.574074074074074
412.98,413,236,450,708,900,2025-04-11,2025-04-11,524.58,214,192,308969552,137875966,0.000291290838910884,99.9953280186004,0.213333333333333
426.98,427,220,450,440,900,2025-04-11,2025-04-11,524.58,230,460,308969552,137875966,0.000291290838910884,99.9956193094393,0.511111111111111
299.99,300,716,877,716,877,2025-04-11,2025-04-11,524.58,161,161,308969552,137875966,0.000283846739694273,99.995903156179,0.183580387685291
309.76,310,24,33,264,792,2025-04-11,2025-04-25,524.58,9,528,320250757,171341368,0.000247306206992042,99.9994538654596,0.666666666666667
407.98,408,284,385,4260,770,2025-04-11,2025-04-11,524.58,101,-3490,308969552,137875966,0.000249215495512645,99.9961523716745,-4.53246753246753
423.99,424,493,746,986,746,2025-04-11,2025-04-11,524.58,253,-240,308969552,137875966,0.000241447739808355,99.9963938194143,-0.32171581769437
398.98,399,147,361,147,722,2025-04-11,2025-04-11,524.58,214,575,308969552,137875966,0.000233679984104065,99.9966274993984,0.796398891966759
314.99,315,702,702,702,702,2025-04-11,2025-04-11,524.58,0,0,308969552,137875966,0.00022720685435049,99.9968547062527,0
286.78,290,2,2,644,644,2025-04-11,2025-07-18,524.58,0,0,867892480,293607617,7.42027399523038e-05,100,0
416.99,417,543,599,2172,599,2025-04-11,2025-04-11,524.58,56,-1573,308969552,137875966,0.000193870236119577,99.9970485764889,-2.62604340567613
410.99,411,205,560,820,560,2025-04-11,2025-04-11,524.58,355,-260,308969552,137875966,0.000181247633100106,99.997229824122,-0.464285714285714
385.98,386,183,275,1281,550,2025-04-11,2025-04-11,524.58,92,-731,308969552,137875966,0.000178011068223318,99.9974078351902,-1.32909090909091
401.99,402,220,548,440,548,2025-04-11,2025-04-11,524.58,328,108,308969552,137875966,0.00017736375524796,99.9975851989454,0.197080291970803
338.91,340,6,5,240,545,2025-04-11,2025-05-09,524.58,-1,305,191401348,96958426,0.000284741986247662,100,0.559633027522936
284.67,285,0,16,0,528,2025-04-11,2025-04-25,524.58,16,528,320250757,171341368,0.000164870804661361,99.9996187362642,1
329.7,330,18,17,540,510,2025-04-11,2025-04-25,524.58,-1,-30.0000000000001,320250757,171341368,0.000159250209047906,99.9997779864733,-0.0588235294117648
376.98,377,184,215,184,430,2025-04-11,2025-04-11,524.58,31,246,308969552,137875966,0.000139172289701867,99.9977243712351,0.572093023255814
411.99,412,259,420,777,420,2025-04-11,2025-04-11,524.58,161,-357,308969552,137875966,0.000135935724825079,99.99786030696,-0.85
359.99,360,327,407,327,407,2025-04-11,2025-04-11,524.58,80,80,308969552,137875966,0.000131728190485255,99.9979920351505,0.196560196560197
395.99,396,133,401,532,401,2025-04-11,2025-04-11,524.58,268,-131,308969552,137875966,0.000129786251559183,99.998121821402,-0.326683291770574
383.99,384,178,400,1958,400,2025-04-11,2025-04-11,524.58,222,-1558,308969552,137875966,0.000129462595071504,99.9982512839971,-3.895
388.99,389,320,395,640,395,2025-04-11,2025-04-11,524.58,75,-245,308969552,137875966,0.00012784431263311,99.9983791283097,-0.620253164556962
387.99,388,143,393,286,393,2025-04-11,2025-04-11,524.58,250,107,308969552,137875966,0.000127196999657753,99.9985063253094,0.272264631043257
309.99,310,372,372,372,372,2025-04-11,2025-04-11,524.58,0,0,308969552,137875966,0.000120400213416499,99.9986267255228,0
354.99,355,247,355,247,355,2025-04-11,2025-04-11,524.58,108,108,308969552,137875966,0.00011489805312596,99.9987416235759,0.304225352112676
378.98,379,167,177,835,354,2025-04-11,2025-04-11,524.58,10,-481,308969552,137875966,0.000114574396638281,99.9988561979725,-1.35875706214689
314.75,315,9,13,180,325,2025-04-11,2025-04-25,524.58,4,145,320250757,171341368,0.000101482976354057,99.9998794694496,0.446153846153846
380.97,381,94,99,376,297,2025-04-11,2025-04-11,524.58,5,-79,308969552,137875966,9.61259768405917e-05,99.9989523239494,-0.265993265993266
324.99,325,290,290,290,290,2025-04-11,2025-04-11,524.58,0,0,308969552,137875966,9.38603814268404e-05,99.9990461843308,0
274.54,275,0,6,0,276,2025-04-11,2025-04-25,524.58,6,276,320250757,171341368,8.61824660729842e-05,99.9999656519157,1
405.99,406,148,250,148,250,2025-04-11,2025-04-11,524.58,102,102,308969552,137875966,8.091412191969e-05,99.9991270984527,0.408
396.99,397,207,245,2277,245,2025-04-11,2025-04-11,524.58,38,-2032,308969552,137875966,7.92958394812962e-05,99.9992063942922,-8.29387755102041
403.99,404,278,245,1390,245,2025-04-11,2025-04-11,524.58,-33,-1145,308969552,137875966,7.92958394812962e-05,99.9992856901317,-4.6734693877551
375.98,376,112,119,896,238,2025-04-11,2025-04-11,524.58,7,-658,308969552,137875966,7.70302440675449e-05,99.9993627203758,-2.76470588235294
339.99,340,189,190,189,190,2025-04-11,2025-04-11,524.58,1,1,308969552,137875966,6.14947326589644e-05,99.9994242151084,0.00526315789473684
382.99,383,89,187,178,187,2025-04-11,2025-04-11,524.58,98,9,308969552,137875966,6.05237631959281e-05,99.9994847388716,0.0481283422459893
406.99,407,227,179,681,179,2025-04-11,2025-04-11,524.58,-48,-502,308969552,137875966,5.79345112944981e-05,99.9995426733829,-2.80446927374302
397.99,398,172,173,2408,173,2025-04-11,2025-04-11,524.58,1,-2235,308969552,137875966,5.59925723684255e-05,99.9995986659553,-12.9190751445087
393.99,394,163,161,163,161,2025-04-11,2025-04-11,524.58,-2,-2,308969552,137875966,5.21086945162804e-05,99.9996507746498,-0.0124223602484472
364.99,365,126,150,126,150,2025-04-11,2025-04-11,524.58,24,24,308969552,137875966,4.8548473151814e-05,99.999699323123,0.16
392.99,393,51,142,510,142,2025-04-11,2025-04-11,524.58,91,-368,308969552,137875966,4.59592212503839e-05,99.9997452823442,-2.59154929577465
381.99,382,133,141,931,141,2025-04-11,2025-04-11,524.58,8,-790,308969552,137875966,4.56355647627052e-05,99.999790917909,-5.60283687943262
391.99,392,97,132,970,132,2025-04-11,2025-04-11,524.58,35,-838,308969552,137875966,4.27226563735963e-05,99.9998336405653,-6.34848484848485
329.99,330,127,127,381,127,2025-04-11,2025-04-11,524.58,0,-254,308969552,137875966,4.11043739352025e-05,99.9998747449393,-2
334.99,335,122,122,122,122,2025-04-11,2025-04-11,524.58,0,0,308969552,137875966,3.94860914968087e-05,99.9999142310308,0
390.99,391,113,118,904,118,2025-04-11,2025-04-11,524.58,5,-786,308969552,137875966,3.81914655460937e-05,99.9999524224963,-6.66101694915254
259.9,260,0,11,0,110,2025-04-11,2025-04-25,524.58,11,110,320250757,171341368,3.43480843044502e-05,100,1
386.99,387,111,100,888,100,2025-04-11,2025-04-11,524.58,-11,-788,308969552,137875966,3.2365648767876e-05,99.9999847881451,-7.88
304.99,305,47,47,47,47,2025-04-11,2025-04-11,524.58,0,0,308969552,137875966,1.52118549209017e-05,100,0
515.58,576,0,0,0,0,2025-04-11,2025-04-11,524.58,0,0,308969552,137875966,0,100,
499.19,578,20,0,157620,0,2025-04-11,2025-04-11,524.58,-20,-157620,308969552,137875966,0,100,-Inf
494.73,579,1,0,8427,0,2025-04-11,2025-04-11,524.58,-1,-8427,308969552,137875966,0,100,-Inf
521,581,0,0,0,0,2025-04-11,2025-04-11,524.58,0,0,308969552,137875966,0,100,
485.99,582.5,0,0,0,0,2025-04-11,2025-04-11,524.58,0,0,308969552,137875966,0,100,
527.17,583,3,0,16749,0,2025-04-11,2025-04-11,524.58,-3,-16749,308969552,137875966,0,100,-Inf
541.78,586,0,0,0,0,2025-04-11,2025-04-11,524.58,0,0,308969552,137875966,0,100,
507.23,587,0,0,0,0,2025-04-11,2025-04-11,524.58,0,0,308969552,137875966,0,100,
515.77,587.5,0,0,0,0,2025-04-11,2025-04-11,524.58,0,0,308969552,137875966,0,100,
541.61,588,0,0,0,0,2025-04-11,2025-04-11,524.58,0,0,308969552,137875966,0,100,
541.53,589,0,0,0,0,2025-04-11,2025-04-11,524.58,0,0,308969552,137875966,0,100,
540.39,590,0,0,0,0,2025-04-11,2025-04-11,524.58,0,0,308969552,137875966,0,100,
540.04,591,0,0,0,0,2025-04-11,2025-04-11,524.58,0,0,308969552,137875966,0,100,
558.16,592,0,0,0,0,2025-04-11,2025-04-11,524.58,0,0,308969552,137875966,0,100,
574.08,592.5,0,0,0,0,2025-04-11,2025-04-11,524.58,0,0,308969552,137875966,0,100,
541.94,593,0,0,0,0,2025-04-11,2025-04-11,524.58,0,0,308969552,137875966,0,100,
531.2,594,0,0,0,0,2025-04-11,2025-04-11,524.58,0,0,308969552,137875966,0,100,
531.93,595,0,0,0,0,2025-04-11,2025-04-11,524.58,0,0,308969552,137875966,0,100,
562.3,596,0,0,0,0,2025-04-11,2025-04-11,524.58,0,0,308969552,137875966,0,100,
556.36,597,0,0,0,0,2025-04-11,2025-04-11,524.58,0,0,308969552,137875966,0,100,
573.88,597.5,0,0,0,0,2025-04-11,2025-04-11,524.58,0,0,308969552,137875966,0,100,
555.45,598,0,0,0,0,2025-04-11,2025-04-11,524.58,0,0,308969552,137875966,0,100,
497.19,599,0,0,0,0,2025-04-11,2025-04-11,524.58,0,0,308969552,137875966,0,100,
524.2,600,0,0,0,0,2025-04-11,2025-04-11,524.58,0,0,308969552,137875966,0,100,
566.04,601,0,0,0,0,2025-04-11,2025-04-11,524.58,0,0,308969552,137875966,0,100,
564.45,602,0,0,0,0,2025-04-11,2025-04-11,524.58,0,0,308969552,137875966,0,100,
555,602.5,0,0,0,0,2025-04-11,2025-04-11,524.58,0,0,308969552,137875966,0,100,
575.82,603,0,0,0,0,2025-04-11,2025-04-11,524.58,0,0,308969552,137875966,0,100,
560.48,604,0,0,0,0,2025-04-11,2025-04-11,524.58,0,0,308969552,137875966,0,100,
514.16,605,0,0,0,0,2025-04-11,2025-04-11,524.58,0,0,308969552,137875966,0,100,
559.49,606,0,0,0,0,2025-04-11,2025-04-11,524.58,0,0,308969552,137875966,0,100,
495.55,607,0,0,0,0,2025-04-11,2025-04-11,524.58,0,0,308969552,137875966,0,100,
570.55,608,0,0,0,0,2025-04-11,2025-04-11,524.58,0,0,308969552,137875966,0,100,
543.63,609,0,0,0,0,2025-04-11,2025-04-11,524.58,0,0,308969552,137875966,0,100,
558.58,611,0,0,0,0,2025-04-11,2025-04-11,524.58,0,0,308969552,137875966,0,100,
569.29,612,0,0,0,0,2025-04-11,2025-04-11,524.58,0,0,308969552,137875966,0,100,
613,613,0,0,0,0,2025-04-11,2025-04-11,524.58,0,0,308969552,137875966,0,100,
590.68,614,0,0,0,0,2025-04-11,2025-04-11,524.58,0,0,308969552,137875966,0,100,
529.85,615,0,0,0,0,2025-04-11,2025-04-11,524.58,0,0,308969552,137875966,0,100,
563.82,616,0,0,0,0,2025-04-11,2025-04-11,524.58,0,0,308969552,137875966,0,100,
617,617,0,0,0,0,2025-04-11,2025-04-11,524.58,0,0,308969552,137875966,0,100,
618,618,0,0,0,0,2025-04-11,2025-04-11,524.58,0,0,308969552,137875966,0,100,
619,619,0,0,0,0,2025-04-11,2025-04-11,524.58,0,0,308969552,137875966,0,100,
574.36,620,0,0,0,0,2025-04-11,2025-04-11,524.58,0,0,308969552,137875966,0,100,
621,621,0,0,0,0,2025-04-11,2025-04-11,524.58,0,0,308969552,137875966,0,100,
575.55,622,0,0,0,0,2025-04-11,2025-04-11,524.58,0,0,308969552,137875966,0,100,
623,623,0,0,0,0,2025-04-11,2025-04-11,524.58,0,0,308969552,137875966,0,100,
552.6,624,0,0,0,0,2025-04-11,2025-04-11,524.58,0,0,308969552,137875966,0,100,
496.99,625,1,0,12801,0,2025-04-11,2025-04-11,524.58,-1,-12801,308969552,137875966,0,100,-Inf
496.96,626,0,0,0,0,2025-04-11,2025-04-11,524.58,0,0,308969552,137875966,0,100,
557.69,627,0,0,0,0,2025-04-11,2025-04-11,524.58,0,0,308969552,137875966,0,100,
573.36,628,0,0,0,0,2025-04-11,2025-04-11,524.58,0,0,308969552,137875966,0,100,
629,629,0,0,0,0,2025-04-11,2025-04-11,524.58,0,0,308969552,137875966,0,100,
521.75,630,0,0,0,0,2025-04-11,2025-04-11,524.58,0,0,308969552,137875966,0,100,
635,635,0,0,0,0,2025-04-11,2025-04-11,524.58,0,0,308969552,137875966,0,100,
527.94,640,0,0,0,0,2025-04-11,2025-04-11,524.58,0,0,308969552,137875966,0,100,
575.74,645,0,0,0,0,2025-04-11,2025-04-11,524.58,0,0,308969552,137875966,0,100,
521.77,650,500,0,5680500,0,2025-04-11,2025-04-11,524.58,-500,-5680500,308969552,137875966,0,100,-Inf
532.52,655,0,0,0,0,2025-04-11,2025-04-11,524.58,0,0,308969552,137875966,0,100,
557.99,660,0,0,0,0,2025-04-11,2025-04-11,524.58,0,0,308969552,137875966,0,100,
496.25,665,0,0,0,0,2025-04-11,2025-04-11,524.58,0,0,308969552,137875966,0,100,
523.89,670,0,0,0,0,2025-04-11,2025-04-11,524.58,0,0,308969552,137875966,0,100,
525.3,675,0,0,0,0,2025-04-11,2025-04-11,524.58,0,0,308969552,137875966,0,100,
526.09,680,1,0,15117,0,2025-04-11,2025-04-11,524.58,-1,-15117,308969552,137875966,0,100,-Inf
525.53,685,0,0,0,0,2025-04-11,2025-04-11,524.58,0,0,308969552,137875966,0,100,
525.86,690,0,0,0,0,2025-04-11,2025-04-11,524.58,0,0,308969552,137875966,0,100,
525.24,695,0,0,0,0,2025-04-11,2025-04-11,524.58,0,0,308969552,137875966,0,100,
525.74,700,0,0,0,0,2025-04-11,2025-04-11,524.58,0,0,308969552,137875966,0,100,
485.69,583,0,0,0,0,2025-04-11,2025-04-25,524.58,0,0,320250757,171341368,0,100,
541.67,586,0,0,0,0,2025-04-11,2025-04-25,524.58,0,0,320250757,171341368,0,100,
486.38,587,1,0,10062,0,2025-04-11,2025-04-25,524.58,-1,-10062,320250757,171341368,0,100,-Inf
509.57,588,0,0,0,0,2025-04-11,2025-04-25,524.58,0,0,320250757,171341368,0,100,
525.25,589,0,0,0,0,2025-04-11,2025-04-25,524.58,0,0,320250757,171341368,0,100,
520.4,590,0,0,0,0,2025-04-11,2025-04-25,524.58,0,0,320250757,171341368,0,100,
556.92,591,0,0,0,0,2025-04-11,2025-04-25,524.58,0,0,320250757,171341368,0,100,
569.69,592,0,0,0,0,2025-04-11,2025-04-25,524.58,0,0,320250757,171341368,0,100,
500.8,593,0,0,0,0,2025-04-11,2025-04-25,524.58,0,0,320250757,171341368,0,100,
565.84,594,0,0,0,0,2025-04-11,2025-04-25,524.58,0,0,320250757,171341368,0,100,
538,595,0,0,0,0,2025-04-11,2025-04-25,524.58,0,0,320250757,171341368,0,100,
537.98,596,0,0,0,0,2025-04-11,2025-04-25,524.58,0,0,320250757,171341368,0,100,
566.33,597,0,0,0,0,2025-04-11,2025-04-25,524.58,0,0,320250757,171341368,0,100,
537.8,598,0,0,0,0,2025-04-11,2025-04-25,524.58,0,0,320250757,171341368,0,100,
537.78,599,0,0,0,0,2025-04-11,2025-04-25,524.58,0,0,320250757,171341368,0,100,
497.35,600,0,0,0,0,2025-04-11,2025-04-25,524.58,0,0,320250757,171341368,0,100,
574.29,601,0,0,0,0,2025-04-11,2025-04-25,524.58,0,0,320250757,171341368,0,100,
521.59,602,0,0,0,0,2025-04-11,2025-04-25,524.58,0,0,320250757,171341368,0,100,
537.78,603,0,0,0,0,2025-04-11,2025-04-25,524.58,0,0,320250757,171341368,0,100,
556.86,604,0,0,0,0,2025-04-11,2025-04-25,524.58,0,0,320250757,171341368,0,100,
542.4,605,0,0,0,0,2025-04-11,2025-04-25,524.58,0,0,320250757,171341368,0,100,
537.93,615,0,0,0,0,2025-04-11,2025-04-25,524.58,0,0,320250757,171341368,0,100,
538.32,620,0,0,0,0,2025-04-11,2025-04-25,524.58,0,0,320250757,171341368,0,100,
568.49,625,0,0,0,0,2025-04-11,2025-04-25,524.58,0,0,320250757,171341368,0,100,
563.94,630,0,0,0,0,2025-04-11,2025-04-25,524.58,0,0,320250757,171341368,0,100,
570.5,635,0,0,0,0,2025-04-11,2025-04-25,524.58,0,0,320250757,171341368,0,100,
640,640,0,0,0,0,2025-04-11,2025-04-25,524.58,0,0,320250757,171341368,0,100,
560.84,645,0,0,0,0,2025-04-11,2025-04-25,524.58,0,0,320250757,171341368,0,100,
650,650,0,0,0,0,2025-04-11,2025-04-25,524.58,0,0,320250757,171341368,0,100,
655,655,0,0,0,0,2025-04-11,2025-04-25,524.58,0,0,320250757,171341368,0,100,
501.13,660,0,0,0,0,2025-04-11,2025-04-25,524.58,0,0,320250757,171341368,0,100,
665,665,0,0,0,0,2025-04-11,2025-04-25,524.58,0,0,320250757,171341368,0,100,
670,670,0,0,0,0,2025-04-11,2025-04-25,524.58,0,0,320250757,171341368,0,100,
675,675,0,0,0,0,2025-04-11,2025-04-25,524.58,0,0,320250757,171341368,0,100,
680,680,0,0,0,0,2025-04-11,2025-04-25,524.58,0,0,320250757,171341368,0,100,
685,685,0,0,0,0,2025-04-11,2025-04-25,524.58,0,0,320250757,171341368,0,100,
690,690,0,0,0,0,2025-04-11,2025-04-25,524.58,0,0,320250757,171341368,0,100,
695,695,0,0,0,0,2025-04-11,2025-04-25,524.58,0,0,320250757,171341368,0,100,
700,700,0,0,0,0,2025-04-11,2025-04-25,524.58,0,0,320250757,171341368,0,100,
541.53,590,0,0,0,0,2025-04-11,2025-05-02,524.58,0,0,302134219,151415360,0,100,
530.12,595,0,0,0,0,2025-04-11,2025-05-02,524.58,0,0,302134219,151415360,0,100,
497.96,605,0,0,0,0,2025-04-11,2025-05-02,524.58,0,0,302134219,151415360,0,100,
537.39,615,0,0,0,0,2025-04-11,2025-05-02,524.58,0,0,302134219,151415360,0,100,
527.11,620,0,0,0,0,2025-04-11,2025-05-02,524.58,0,0,302134219,151415360,0,100,
625,625,0,0,0,0,2025-04-11,2025-05-02,524.58,0,0,302134219,151415360,0,100,
560.31,630,0,0,0,0,2025-04-11,2025-05-02,524.58,0,0,302134219,151415360,0,100,
560.33,635,0,0,0,0,2025-04-11,2025-05-02,524.58,0,0,302134219,151415360,0,100,
640,640,0,0,0,0,2025-04-11,2025-05-02,524.58,0,0,302134219,151415360,0,100,
645,645,0,0,0,0,2025-04-11,2025-05-02,524.58,0,0,302134219,151415360,0,100,
650,650,0,0,0,0,2025-04-11,2025-05-02,524.58,0,0,302134219,151415360,0,100,
513.2,582,0,0,0,0,2025-04-11,2025-05-09,524.58,0,0,191401348,96958426,0,100,
541.81,595,0,0,0,0,2025-04-11,2025-05-09,524.58,0,0,191401348,96958426,0,100,
558.64,600,0,0,0,0,2025-04-11,2025-05-09,524.58,0,0,191401348,96958426,0,100,
605,605,0,0,0,0,2025-04-11,2025-05-09,524.58,0,0,191401348,96958426,0,100,
560.43,610,0,0,0,0,2025-04-11,2025-05-09,524.58,0,0,191401348,96958426,0,100,
615,615,0,0,0,0,2025-04-11,2025-05-09,524.58,0,0,191401348,96958426,0,100,
620,620,0,0,0,0,2025-04-11,2025-05-09,524.58,0,0,191401348,96958426,0,100,
560.06,625,0,0,0,0,2025-04-11,2025-05-09,524.58,0,0,191401348,96958426,0,100,
630,630,0,0,0,0,2025-04-11,2025-05-09,524.58,0,0,191401348,96958426,0,100,
635,635,0,0,0,0,2025-04-11,2025-05-09,524.58,0,0,191401348,96958426,0,100,
530,640,0,0,0,0,2025-04-11,2025-05-09,524.58,0,0,191401348,96958426,0,100,
552.82,645,0,0,0,0,2025-04-11,2025-05-09,524.58,0,0,191401348,96958426,0,100,
650,650,0,0,0,0,2025-04-11,2025-05-09,524.58,0,0,191401348,96958426,0,100,
537.42,594,7,0,39606,0,2025-04-11,2025-05-16,524.58,-7,-39606,2777147769,1252525510,0,100,-Inf
539.69,597,0,0,0,0,2025-04-11,2025-05-16,524.58,0,0,2777147769,1252525510,0,100,
543.74,599,4,0,22104,0,2025-04-11,2025-05-16,524.58,-4,-22104,2777147769,1252525510,0,100,-Inf
556.18,603,0,0,0,0,2025-04-11,2025-05-16,524.58,0,0,2777147769,1252525510,0,100,
508.58,606,0,0,0,0,2025-04-11,2025-05-16,524.58,0,0,2777147769,1252525510,0,100,
537.75,607,0,0,0,0,2025-04-11,2025-05-16,524.58,0,0,2777147769,1252525510,0,100,
512.29,608,0,0,0,0,2025-04-11,2025-05-16,524.58,0,0,2777147769,1252525510,0,100,
513.87,609,0,0,0,0,2025-04-11,2025-05-16,524.58,0,0,2777147769,1252525510,0,100,
537.77,612,0,0,0,0,2025-04-11,2025-05-16,524.58,0,0,2777147769,1252525510,0,100,
563.89,613,0,0,0,0,2025-04-11,2025-05-16,524.58,0,0,2777147769,1252525510,0,100,
527.08,614,0,0,0,0,2025-04-11,2025-05-16,524.58,0,0,2777147769,1252525510,0,100,
506.97,616,0,0,0,0,2025-04-11,2025-05-16,524.58,0,0,2777147769,1252525510,0,100,
506.97,617,0,0,0,0,2025-04-11,2025-05-16,524.58,0,0,2777147769,1252525510,0,100,
510.75,618,0,0,0,0,2025-04-11,2025-05-16,524.58,0,0,2777147769,1252525510,0,100,
561.49,619,0,0,0,0,2025-04-11,2025-05-16,524.58,0,0,2777147769,1252525510,0,100,
518,621,0,0,0,0,2025-04-11,2025-05-16,524.58,0,0,2777147769,1252525510,0,100,
580.47,622,0,0,0,0,2025-04-11,2025-05-16,524.58,0,0,2777147769,1252525510,0,100,
580.45,623,0,0,0,0,2025-04-11,2025-05-16,524.58,0,0,2777147769,1252525510,0,100,
574.74,624,0,0,0,0,2025-04-11,2025-05-16,524.58,0,0,2777147769,1252525510,0,100,
567.86,626,0,0,0,0,2025-04-11,2025-05-16,524.58,0,0,2777147769,1252525510,0,100,
537.34,627,1,0,8966,0,2025-04-11,2025-05-16,524.58,-1,-8966,2777147769,1252525510,0,100,-Inf
516.66,628,0,0,0,0,2025-04-11,2025-05-16,524.58,0,0,2777147769,1252525510,0,100,
597.78,629,0,0,0,0,2025-04-11,2025-05-16,524.58,0,0,2777147769,1252525510,0,100,
567.6,630,0,0,0,0,2025-04-11,2025-05-16,524.58,0,0,2777147769,1252525510,0,100,
567.58,631,0,0,0,0,2025-04-11,2025-05-16,524.58,0,0,2777147769,1252525510,0,100,
500.15,632,0,0,0,0,2025-04-11,2025-05-16,524.58,0,0,2777147769,1252525510,0,100,
526.73,633,0,0,0,0,2025-04-11,2025-05-16,524.58,0,0,2777147769,1252525510,0,100,
521.53,634,0,0,0,0,2025-04-11,2025-05-16,524.58,0,0,2777147769,1252525510,0,100,
560.27,635,0,0,0,0,2025-04-11,2025-05-16,524.58,0,0,2777147769,1252525510,0,100,
636,636,0,0,0,0,2025-04-11,2025-05-16,524.58,0,0,2777147769,1252525510,0,100,
637,637,0,0,0,0,2025-04-11,2025-05-16,524.58,0,0,2777147769,1252525510,0,100,
638,638,0,0,0,0,2025-04-11,2025-05-16,524.58,0,0,2777147769,1252525510,0,100,
564.17,639,0,0,0,0,2025-04-11,2025-05-16,524.58,0,0,2777147769,1252525510,0,100,
573.75,640,0,0,0,0,2025-04-11,2025-05-16,524.58,0,0,2777147769,1252525510,0,100,
573.01,645,0,0,0,0,2025-04-11,2025-05-16,524.58,0,0,2777147769,1252525510,0,100,
564.23,655,0,0,0,0,2025-04-11,2025-05-16,524.58,0,0,2777147769,1252525510,0,100,
519.69,660,0,0,0,0,2025-04-11,2025-05-16,524.58,0,0,2777147769,1252525510,0,100,
665,665,0,0,0,0,2025-04-11,2025-05-16,524.58,0,0,2777147769,1252525510,0,100,
610.41,670,0,0,0,0,2025-04-11,2025-05-16,524.58,0,0,2777147769,1252525510,0,100,
525.63,680,0,0,0,0,2025-04-11,2025-05-16,524.58,0,0,2777147769,1252525510,0,100,
525.63,685,0,0,0,0,2025-04-11,2025-05-16,524.58,0,0,2777147769,1252525510,0,100,
593.46,690,0,0,0,0,2025-04-11,2025-05-16,524.58,0,0,2777147769,1252525510,0,100,
695,695,0,0,0,0,2025-04-11,2025-05-16,524.58,0,0,2777147769,1252525510,0,100,
521.65,700,0,0,0,0,2025-04-11,2025-05-16,524.58,0,0,2777147769,1252525510,0,100,
502.42,705,0,0,0,0,2025-04-11,2025-05-16,524.58,0,0,2777147769,1252525510,0,100,
521.65,710,0,0,0,0,2025-04-11,2025-05-16,524.58,0,0,2777147769,1252525510,0,100,
715,715,0,0,0,0,2025-04-11,2025-05-16,524.58,0,0,2777147769,1252525510,0,100,
720,720,0,0,0,0,2025-04-11,2025-05-16,524.58,0,0,2777147769,1252525510,0,100,
725,725,0,0,0,0,2025-04-11,2025-05-16,524.58,0,0,2777147769,1252525510,0,100,
730,730,0,0,0,0,2025-04-11,2025-05-16,524.58,0,0,2777147769,1252525510,0,100,
735,735,0,0,0,0,2025-04-11,2025-05-16,524.58,0,0,2777147769,1252525510,0,100,
610.03,740,0,0,0,0,2025-04-11,2025-05-16,524.58,0,0,2777147769,1252525510,0,100,
610.01,745,0,0,0,0,2025-04-11,2025-05-16,524.58,0,0,2777147769,1252525510,0,100,
750,750,0,0,0,0,2025-04-11,2025-05-16,524.58,0,0,2777147769,1252525510,0,100,
755,755,0,0,0,0,2025-04-11,2025-05-16,524.58,0,0,2777147769,1252525510,0,100,
760,760,0,0,0,0,2025-04-11,2025-05-16,524.58,0,0,2777147769,1252525510,0,100,
765,765,0,0,0,0,2025-04-11,2025-05-16,524.58,0,0,2777147769,1252525510,0,100,
770,770,0,0,0,0,2025-04-11,2025-05-16,524.58,0,0,2777147769,1252525510,0,100,
775,775,0,0,0,0,2025-04-11,2025-05-16,524.58,0,0,2777147769,1252525510,0,100,
780,780,0,0,0,0,2025-04-11,2025-05-16,524.58,0,0,2777147769,1252525510,0,100,
785,785,0,0,0,0,2025-04-11,2025-05-16,524.58,0,0,2777147769,1252525510,0,100,
790,790,0,0,0,0,2025-04-11,2025-05-16,524.58,0,0,2777147769,1252525510,0,100,
795,795,0,0,0,0,2025-04-11,2025-05-16,524.58,0,0,2777147769,1252525510,0,100,
800,800,0,0,0,0,2025-04-11,2025-05-16,524.58,0,0,2777147769,1252525510,0,100,
557,557,0,0,0,0,2025-04-11,2025-05-23,524.58,0,0,30713088,21949191,0,100,
557.5,557.5,0,0,0,0,2025-04-11,2025-05-23,524.58,0,0,30713088,21949191,0,100,
561,561,0,0,0,0,2025-04-11,2025-05-23,524.58,0,0,30713088,21949191,0,100,
567.5,567.5,0,0,0,0,2025-04-11,2025-05-23,524.58,0,0,30713088,21949191,0,100,
571,571,0,0,0,0,2025-04-11,2025-05-23,524.58,0,0,30713088,21949191,0,100,
573,573,0,0,0,0,2025-04-11,2025-05-23,524.58,0,0,30713088,21949191,0,100,
585,585,0,0,0,0,2025-04-11,2025-05-23,524.58,0,0,30713088,21949191,0,100,
497.78,590,0,0,0,0,2025-04-11,2025-05-23,524.58,0,0,30713088,21949191,0,100,
531.94,605,2,0,12000,0,2025-04-11,2025-05-23,524.58,-2,-12000,30713088,21949191,0,100,-Inf
610,610,0,0,0,0,2025-04-11,2025-05-23,524.58,0,0,30713088,21949191,0,100,
502.83,615,0,0,0,0,2025-04-11,2025-05-23,524.58,0,0,30713088,21949191,0,100,
620,620,0,0,0,0,2025-04-11,2025-05-23,524.58,0,0,30713088,21949191,0,100,
625,625,0,0,0,0,2025-04-11,2025-05-23,524.58,0,0,30713088,21949191,0,100,
630,630,0,0,0,0,2025-04-11,2025-05-23,524.58,0,0,30713088,21949191,0,100,
635,635,0,0,0,0,2025-04-11,2025-05-23,524.58,0,0,30713088,21949191,0,100,
640,640,0,0,0,0,2025-04-11,2025-05-23,524.58,0,0,30713088,21949191,0,100,
645,645,0,0,0,0,2025-04-11,2025-05-23,524.58,0,0,30713088,21949191,0,100,
534.06,650,3,0,34668,0,2025-04-11,2025-05-23,524.58,-3,-34668,30713088,21949191,0,100,-Inf
523.07,589,0,0,0,0,2025-04-11,2025-05-30,524.58,0,0,549725755,158036241,0,100,
537.48,595,286,0,1645072,0,2025-04-11,2025-05-30,524.58,-286,-1645072,549725755,158036241,0,100,-Inf
541.42,596,0,0,0,0,2025-04-11,2025-05-30,524.58,0,0,549725755,158036241,0,100,
526,601,0,0,0,0,2025-04-11,2025-05-30,524.58,0,0,549725755,158036241,0,100,
556.7,604,0,0,0,0,2025-04-11,2025-05-30,524.58,0,0,549725755,158036241,0,100,
518.23,606,0,0,0,0,2025-04-11,2025-05-30,524.58,0,0,549725755,158036241,0,100,
527.5,610,0,0,0,0,2025-04-11,2025-05-30,524.58,0,0,549725755,158036241,0,100,
513,611,0,0,0,0,2025-04-11,2025-05-30,524.58,0,0,549725755,158036241,0,100,
537.31,612,0,0,0,0,2025-04-11,2025-05-30,524.58,0,0,549725755,158036241,0,100,
574.57,613,0,0,0,0,2025-04-11,2025-05-30,524.58,0,0,549725755,158036241,0,100,
570.5,614,0,0,0,0,2025-04-11,2025-05-30,524.58,0,0,549725755,158036241,0,100,
569.6,615,0,0,0,0,2025-04-11,2025-05-30,524.58,0,0,549725755,158036241,0,100,
499,616,0,0,0,0,2025-04-11,2025-05-30,524.58,0,0,549725755,158036241,0,100,
563.75,617,0,0,0,0,2025-04-11,2025-05-30,524.58,0,0,549725755,158036241,0,100,
563.76,618,0,0,0,0,2025-04-11,2025-05-30,524.58,0,0,549725755,158036241,0,100,
568.24,619,0,0,0,0,2025-04-11,2025-05-30,524.58,0,0,549725755,158036241,0,100,
529.22,620,1,0,9078,0,2025-04-11,2025-05-30,524.58,-1,-9078,549725755,158036241,0,100,-Inf
537.31,621,0,0,0,0,2025-04-11,2025-05-30,524.58,0,0,549725755,158036241,0,100,
599.58,622,0,0,0,0,2025-04-11,2025-05-30,524.58,0,0,549725755,158036241,0,100,
508.88,623,0,0,0,0,2025-04-11,2025-05-30,524.58,0,0,549725755,158036241,0,100,
567.64,624,0,0,0,0,2025-04-11,2025-05-30,524.58,0,0,549725755,158036241,0,100,
538.02,626,0,0,0,0,2025-04-11,2025-05-30,524.58,0,0,549725755,158036241,0,100,
627,627,0,0,0,0,2025-04-11,2025-05-30,524.58,0,0,549725755,158036241,0,100,
628,628,0,0,0,0,2025-04-11,2025-05-30,524.58,0,0,549725755,158036241,0,100,
629,629,0,0,0,0,2025-04-11,2025-05-30,524.58,0,0,549725755,158036241,0,100,
570.69,630,0,0,0,0,2025-04-11,2025-05-30,524.58,0,0,549725755,158036241,0,100,
631,631,0,0,0,0,2025-04-11,2025-05-30,524.58,0,0,549725755,158036241,0,100,
498.84,632,5,0,66580,0,2025-04-11,2025-05-30,524.58,-5,-66580,549725755,158036241,0,100,-Inf
633,633,0,0,0,0,2025-04-11,2025-05-30,524.58,0,0,549725755,158036241,0,100,
634,634,0,0,0,0,2025-04-11,2025-05-30,524.58,0,0,549725755,158036241,0,100,
570.62,635,0,0,0,0,2025-04-11,2025-05-30,524.58,0,0,549725755,158036241,0,100,
508.32,640,0,0,0,0,2025-04-11,2025-05-30,524.58,0,0,549725755,158036241,0,100,
501.16,645,0,0,0,0,2025-04-11,2025-05-30,524.58,0,0,549725755,158036241,0,100,
516.48,650,0,0,0,0,2025-04-11,2025-05-30,524.58,0,0,549725755,158036241,0,100,
501.17,655,0,0,0,0,2025-04-11,2025-05-30,524.58,0,0,549725755,158036241,0,100,
500.66,660,0,0,0,0,2025-04-11,2025-05-30,524.58,0,0,549725755,158036241,0,100,
665,665,0,0,0,0,2025-04-11,2025-05-30,524.58,0,0,549725755,158036241,0,100,
675,675,0,0,0,0,2025-04-11,2025-05-30,524.58,0,0,549725755,158036241,0,100,
607.45,680,0,0,0,0,2025-04-11,2025-05-30,524.58,0,0,549725755,158036241,0,100,
685,685,0,0,0,0,2025-04-11,2025-05-30,524.58,0,0,549725755,158036241,0,100,
690,690,0,0,0,0,2025-04-11,2025-05-30,524.58,0,0,549725755,158036241,0,100,
593.54,695,0,0,0,0,2025-04-11,2025-05-30,524.58,0,0,549725755,158036241,0,100,
514.2,700,0,0,0,0,2025-04-11,2025-05-30,524.58,0,0,549725755,158036241,0,100,
705,705,0,0,0,0,2025-04-11,2025-05-30,524.58,0,0,549725755,158036241,0,100,
710,710,0,0,0,0,2025-04-11,2025-05-30,524.58,0,0,549725755,158036241,0,100,
521.53,715,0,0,0,0,2025-04-11,2025-05-30,524.58,0,0,549725755,158036241,0,100,
602,720,0,0,0,0,2025-04-11,2025-05-30,524.58,0,0,549725755,158036241,0,100,
500.75,635,0,0,0,0,2025-04-11,2025-06-20,524.58,0,0,2694437004,991381554,0,100,
526.46,645,0,0,0,0,2025-04-11,2025-06-20,524.58,0,0,2694437004,991381554,0,100,
540,650,0,0,0,0,2025-04-11,2025-06-20,524.58,0,0,2694437004,991381554,0,100,
512.41,655,0,0,0,0,2025-04-11,2025-06-20,524.58,0,0,2694437004,991381554,0,100,
574.7,660,0,0,0,0,2025-04-11,2025-06-20,524.58,0,0,2694437004,991381554,0,100,
574.68,665,0,0,0,0,2025-04-11,2025-06-20,524.58,0,0,2694437004,991381554,0,100,
598.01,670,0,0,0,0,2025-04-11,2025-06-20,524.58,0,0,2694437004,991381554,0,100,
593.4,675,0,0,0,0,2025-04-11,2025-06-20,524.58,0,0,2694437004,991381554,0,100,
564.32,680,0,0,0,0,2025-04-11,2025-06-20,524.58,0,0,2694437004,991381554,0,100,
501,685,0,0,0,0,2025-04-11,2025-06-20,524.58,0,0,2694437004,991381554,0,100,
577,690,0,0,0,0,2025-04-11,2025-06-20,524.58,0,0,2694437004,991381554,0,100,
503.51,695,0,0,0,0,2025-04-11,2025-06-20,524.58,0,0,2694437004,991381554,0,100,
510,700,0,0,0,0,2025-04-11,2025-06-20,524.58,0,0,2694437004,991381554,0,100,
564.85,705,0,0,0,0,2025-04-11,2025-06-20,524.58,0,0,2694437004,991381554,0,100,
506.98,710,0,0,0,0,2025-04-11,2025-06-20,524.58,0,0,2694437004,991381554,0,100,
715,715,0,0,0,0,2025-04-11,2025-06-20,524.58,0,0,2694437004,991381554,0,100,
720,720,0,0,0,0,2025-04-11,2025-06-20,524.58,0,0,2694437004,991381554,0,100,
725,725,0,0,0,0,2025-04-11,2025-06-20,524.58,0,0,2694437004,991381554,0,100,
730,730,0,0,0,0,2025-04-11,2025-06-20,524.58,0,0,2694437004,991381554,0,100,
735,735,0,0,0,0,2025-04-11,2025-06-20,524.58,0,0,2694437004,991381554,0,100,
505.32,740,0,0,0,0,2025-04-11,2025-06-20,524.58,0,0,2694437004,991381554,0,100,
745,745,0,0,0,0,2025-04-11,2025-06-20,524.58,0,0,2694437004,991381554,0,100,
604.99,750,0,0,0,0,2025-04-11,2025-06-20,524.58,0,0,2694437004,991381554,0,100,
604.97,755,0,0,0,0,2025-04-11,2025-06-20,524.58,0,0,2694437004,991381554,0,100,
760,760,0,0,0,0,2025-04-11,2025-06-20,524.58,0,0,2694437004,991381554,0,100,
497.76,765,0,0,0,0,2025-04-11,2025-06-20,524.58,0,0,2694437004,991381554,0,100,
770,770,0,0,0,0,2025-04-11,2025-06-20,524.58,0,0,2694437004,991381554,0,100,
775,775,0,0,0,0,2025-04-11,2025-06-20,524.58,0,0,2694437004,991381554,0,100,
780,780,0,0,0,0,2025-04-11,2025-06-20,524.58,0,0,2694437004,991381554,0,100,
785,785,0,0,0,0,2025-04-11,2025-06-20,524.58,0,0,2694437004,991381554,0,100,
790,790,0,0,0,0,2025-04-11,2025-06-20,524.58,0,0,2694437004,991381554,0,100,
795,795,0,0,0,0,2025-04-11,2025-06-20,524.58,0,0,2694437004,991381554,0,100,
574.7,800,0,0,0,0,2025-04-11,2025-06-20,524.58,0,0,2694437004,991381554,0,100,
805,805,0,0,0,0,2025-04-11,2025-06-20,524.58,0,0,2694437004,991381554,0,100,
810,810,0,0,0,0,2025-04-11,2025-06-20,524.58,0,0,2694437004,991381554,0,100,
815,815,0,0,0,0,2025-04-11,2025-06-20,524.58,0,0,2694437004,991381554,0,100,
820,820,0,0,0,0,2025-04-11,2025-06-20,524.58,0,0,2694437004,991381554,0,100,
500.76,825,0,0,0,0,2025-04-11,2025-06-20,524.58,0,0,2694437004,991381554,0,100,
560.05,830,0,0,0,0,2025-04-11,2025-06-20,524.58,0,0,2694437004,991381554,0,100,
537.64,655,0,0,0,0,2025-04-11,2025-07-18,524.58,0,0,867892480,293607617,0,100,
572.82,660,0,0,0,0,2025-04-11,2025-07-18,524.58,0,0,867892480,293607617,0,100,
609.47,665,0,0,0,0,2025-04-11,2025-07-18,524.58,0,0,867892480,293607617,0,100,
609.28,670,0,0,0,0,2025-04-11,2025-07-18,524.58,0,0,867892480,293607617,0,100,
675,675,0,0,0,0,2025-04-11,2025-07-18,524.58,0,0,867892480,293607617,0,100,
559.85,680,0,0,0,0,2025-04-11,2025-07-18,524.58,0,0,867892480,293607617,0,100,
685,685,0,0,0,0,2025-04-11,2025-07-18,524.58,0,0,867892480,293607617,0,100,
690,690,0,0,0,0,2025-04-11,2025-07-18,524.58,0,0,867892480,293607617,0,100,
695,695,0,0,0,0,2025-04-11,2025-07-18,524.58,0,0,867892480,293607617,0,100,
700,700,0,0,0,0,2025-04-11,2025-07-18,524.58,0,0,867892480,293607617,0,100,
705,705,0,0,0,0,2025-04-11,2025-07-18,524.58,0,0,867892480,293607617,0,100,
710,710,0,0,0,0,2025-04-11,2025-07-18,524.58,0,0,867892480,293607617,0,100,
715,715,0,0,0,0,2025-04-11,2025-07-18,524.58,0,0,867892480,293607617,0,100,
720,720,0,0,0,0,2025-04-11,2025-07-18,524.58,0,0,867892480,293607617,0,100,
725,725,0,0,0,0,2025-04-11,2025-07-18,524.58,0,0,867892480,293607617,0,100,
730,730,0,0,0,0,2025-04-11,2025-07-18,524.58,0,0,867892480,293607617,0,100,
735,735,0,0,0,0,2025-04-11,2025-07-18,524.58,0,0,867892480,293607617,0,100,
740,740,0,0,0,0,2025-04-11,2025-07-18,524.58,0,0,867892480,293607617,0,100,
745,745,0,0,0,0,2025-04-11,2025-07-18,524.58,0,0,867892480,293607617,0,100,
750,750,0,0,0,0,2025-04-11,2025-07-18,524.58,0,0,867892480,293607617,0,100,
755,755,0,0,0,0,2025-04-11,2025-07-18,524.58,0,0,867892480,293607617,0,100,
568.76,760,0,0,0,0,2025-04-11,2025-07-18,524.58,0,0,867892480,293607617,0,100,
765,765,0,0,0,0,2025-04-11,2025-07-18,524.58,0,0,867892480,293607617,0,100,
770,770,0,0,0,0,2025-04-11,2025-07-18,524.58,0,0,867892480,293607617,0,100,
775,775,0,0,0,0,2025-04-11,2025-07-18,524.58,0,0,867892480,293607617,0,100,
780,780,0,0,0,0,2025-04-11,2025-07-18,524.58,0,0,867892480,293607617,0,100,
785,785,0,0,0,0,2025-04-11,2025-07-18,524.58,0,0,867892480,293607617,0,100,
790,790,0,0,0,0,2025-04-11,2025-07-18,524.58,0,0,867892480,293607617,0,100,
795,795,0,0,0,0,2025-04-11,2025-07-18,524.58,0,0,867892480,293607617,0,100,
606.54,800,0,0,0,0,2025-04-11,2025-07-18,524.58,0,0,867892480,293607617,0,100,
537,650,2,0,22600,0,2025-04-11,2025-08-15,524.58,-2,-22600,712712120,174663640,0,100,-Inf
543,655,0,0,0,0,2025-04-11,2025-08-15,524.58,0,0,712712120,174663640,0,100,
538.17,660,0,0,0,0,2025-04-11,2025-08-15,524.58,0,0,712712120,174663640,0,100,
601.64,665,0,0,0,0,2025-04-11,2025-08-15,524.58,0,0,712712120,174663640,0,100,
675,675,0,0,0,0,2025-04-11,2025-08-15,524.58,0,0,712712120,174663640,0,100,
680,680,0,0,0,0,2025-04-11,2025-08-15,524.58,0,0,712712120,174663640,0,100,
685,685,0,0,0,0,2025-04-11,2025-08-15,524.58,0,0,712712120,174663640,0,100,
690,690,0,0,0,0,2025-04-11,2025-08-15,524.58,0,0,712712120,174663640,0,100,
695,695,0,0,0,0,2025-04-11,2025-08-15,524.58,0,0,712712120,174663640,0,100,
550.87,700,0,0,0,0,2025-04-11,2025-08-15,524.58,0,0,712712120,174663640,0,100,
705,705,0,0,0,0,2025-04-11,2025-08-15,524.58,0,0,712712120,174663640,0,100,
710,710,0,0,0,0,2025-04-11,2025-08-15,524.58,0,0,712712120,174663640,0,100,
715,715,0,0,0,0,2025-04-11,2025-08-15,524.58,0,0,712712120,174663640,0,100,
720,720,0,0,0,0,2025-04-11,2025-08-15,524.58,0,0,712712120,174663640,0,100,
725,725,0,0,0,0,2025-04-11,2025-08-15,524.58,0,0,712712120,174663640,0,100,
730,730,0,0,0,0,2025-04-11,2025-08-15,524.58,0,0,712712120,174663640,0,100,
586.99,735,0,0,0,0,2025-04-11,2025-08-15,524.58,0,0,712712120,174663640,0,100,
740,740,0,0,0,0,2025-04-11,2025-08-15,524.58,0,0,712712120,174663640,0,100,
745,745,0,0,0,0,2025-04-11,2025-08-15,524.58,0,0,712712120,174663640,0,100,
750,750,0,0,0,0,2025-04-11,2025-08-15,524.58,0,0,712712120,174663640,0,100,
755,755,0,0,0,0,2025-04-11,2025-08-15,524.58,0,0,712712120,174663640,0,100,
760,760,0,0,0,0,2025-04-11,2025-08-15,524.58,0,0,712712120,174663640,0,100,
765,765,0,0,0,0,2025-04-11,2025-08-15,524.58,0,0,712712120,174663640,0,100,
770,770,0,0,0,0,2025-04-11,2025-08-15,524.58,0,0,712712120,174663640,0,100,
775,775,0,0,0,0,2025-04-11,2025-08-15,524.58,0,0,712712120,174663640,0,100,
780,780,0,0,0,0,2025-04-11,2025-08-15,524.58,0,0,712712120,174663640,0,100,
785,785,0,0,0,0,2025-04-11,2025-08-15,524.58,0,0,712712120,174663640,0,100,
602.96,790,0,0,0,0,2025-04-11,2025-08-15,524.58,0,0,712712120,174663640,0,100,
604.5,795,0,0,0,0,2025-04-11,2025-08-15,524.58,0,0,712712120,174663640,0,100,
553.08,800,0,0,0,0,2025-04-11,2025-08-15,524.58,0,0,712712120,174663640,0,100,
805,805,0,0,0,0,2025-04-11,2025-08-15,524.58,0,0,712712120,174663640,0,100,
810,810,0,0,0,0,2025-04-11,2025-08-15,524.58,0,0,712712120,174663640,0,100,
815,815,0,0,0,0,2025-04-11,2025-08-15,524.58,0,0,712712120,174663640,0,100,
820,820,0,0,0,0,2025-04-11,2025-08-15,524.58,0,0,712712120,174663640,0,100,
825,825,0,0,0,0,2025-04-11,2025-08-15,524.58,0,0,712712120,174663640,0,100,
830,830,0,0,0,0,2025-04-11,2025-08-15,524.58,0,0,712712120,174663640,0,100,
500.81,655,0,0,0,0,2025-04-11,2025-09-19,524.58,0,0,1907543215,544900862,0,100,
574.75,665,0,0,0,0,2025-04-11,2025-09-19,524.58,0,0,1907543215,544900862,0,100,
557.86,675,0,0,0,0,2025-04-11,2025-09-19,524.58,0,0,1907543215,544900862,0,100,
680,680,0,0,0,0,2025-04-11,2025-09-19,524.58,0,0,1907543215,544900862,0,100,
685,685,0,0,0,0,2025-04-11,2025-09-19,524.58,0,0,1907543215,544900862,0,100,
603.98,690,0,0,0,0,2025-04-11,2025-09-19,524.58,0,0,1907543215,544900862,0,100,
695,695,0,0,0,0,2025-04-11,2025-09-19,524.58,0,0,1907543215,544900862,0,100,
608.28,700,0,0,0,0,2025-04-11,2025-09-19,524.58,0,0,1907543215,544900862,0,100,
705,705,0,0,0,0,2025-04-11,2025-09-19,524.58,0,0,1907543215,544900862,0,100,
710,710,0,0,0,0,2025-04-11,2025-09-19,524.58,0,0,1907543215,544900862,0,100,
715,715,0,0,0,0,2025-04-11,2025-09-19,524.58,0,0,1907543215,544900862,0,100,
720,720,0,0,0,0,2025-04-11,2025-09-19,524.58,0,0,1907543215,544900862,0,100,
553.12,725,0,0,0,0,2025-04-11,2025-09-19,524.58,0,0,1907543215,544900862,0,100,
553.1,730,0,0,0,0,2025-04-11,2025-09-19,524.58,0,0,1907543215,544900862,0,100,
611,735,0,0,0,0,2025-04-11,2025-09-19,524.58,0,0,1907543215,544900862,0,100,
740,740,0,0,0,0,2025-04-11,2025-09-19,524.58,0,0,1907543215,544900862,0,100,
745,745,0,0,0,0,2025-04-11,2025-09-19,524.58,0,0,1907543215,544900862,0,100,
750,750,0,0,0,0,2025-04-11,2025-09-19,524.58,0,0,1907543215,544900862,0,100,
755,755,0,0,0,0,2025-04-11,2025-09-19,524.58,0,0,1907543215,544900862,0,100,
760,760,0,0,0,0,2025-04-11,2025-09-19,524.58,0,0,1907543215,544900862,0,100,
765,765,0,0,0,0,2025-04-11,2025-09-19,524.58,0,0,1907543215,544900862,0,100,
770,770,0,0,0,0,2025-04-11,2025-09-19,524.58,0,0,1907543215,544900862,0,100,
775,775,0,0,0,0,2025-04-11,2025-09-19,524.58,0,0,1907543215,544900862,0,100,
780,780,0,0,0,0,2025-04-11,2025-09-19,524.58,0,0,1907543215,544900862,0,100,
785,785,0,0,0,0,2025-04-11,2025-09-19,524.58,0,0,1907543215,544900862,0,100,
790,790,0,0,0,0,2025-04-11,2025-09-19,524.58,0,0,1907543215,544900862,0,100,
795,795,0,0,0,0,2025-04-11,2025-09-19,524.58,0,0,1907543215,544900862,0,100,
597.26,800,0,0,0,0,2025-04-11,2025-09-19,524.58,0,0,1907543215,544900862,0,100,
805,805,0,0,0,0,2025-04-11,2025-09-19,524.58,0,0,1907543215,544900862,0,100,
810,810,0,0,0,0,2025-04-11,2025-09-19,524.58,0,0,1907543215,544900862,0,100,
815,815,0,0,0,0,2025-04-11,2025-09-19,524.58,0,0,1907543215,544900862,0,100,
820,820,0,0,0,0,2025-04-11,2025-09-19,524.58,0,0,1907543215,544900862,0,100,
825,825,0,0,0,0,2025-04-11,2025-09-19,524.58,0,0,1907543215,544900862,0,100,
570.97,830,0,0,0,0,2025-04-11,2025-09-19,524.58,0,0,1907543215,544900862,0,100,
561.11,655,0,0,0,0,2025-04-11,2025-12-19,524.58,0,0,1214412355,359751552,0,100,
487.34,660,0,0,0,0,2025-04-11,2025-12-19,524.58,0,0,1214412355,359751552,0,100,
565.77,665,0,0,0,0,2025-04-11,2025-12-19,524.58,0,0,1214412355,359751552,0,100,
502.51,670,0,0,0,0,2025-04-11,2025-12-19,524.58,0,0,1214412355,359751552,0,100,
605,675,0,0,0,0,2025-04-11,2025-12-19,524.58,0,0,1214412355,359751552,0,100,
603.25,680,0,0,0,0,2025-04-11,2025-12-19,524.58,0,0,1214412355,359751552,0,100,
587.15,685,0,0,0,0,2025-04-11,2025-12-19,524.58,0,0,1214412355,359751552,0,100,
609.11,690,0,0,0,0,2025-04-11,2025-12-19,524.58,0,0,1214412355,359751552,0,100,
591.04,695,0,0,0,0,2025-04-11,2025-12-19,524.58,0,0,1214412355,359751552,0,100,
518.75,700,0,0,0,0,2025-04-11,2025-12-19,524.58,0,0,1214412355,359751552,0,100,
537.36,705,0,0,0,0,2025-04-11,2025-12-19,524.58,0,0,1214412355,359751552,0,100,
601.65,710,0,0,0,0,2025-04-11,2025-12-19,524.58,0,0,1214412355,359751552,0,100,
715,715,0,0,0,0,2025-04-11,2025-12-19,524.58,0,0,1214412355,359751552,0,100,
720,720,0,0,0,0,2025-04-11,2025-12-19,524.58,0,0,1214412355,359751552,0,100,
557,725,0,0,0,0,2025-04-11,2025-12-19,524.58,0,0,1214412355,359751552,0,100,
730,730,0,0,0,0,2025-04-11,2025-12-19,524.58,0,0,1214412355,359751552,0,100,
735,735,0,0,0,0,2025-04-11,2025-12-19,524.58,0,0,1214412355,359751552,0,100,
557.52,740,0,0,0,0,2025-04-11,2025-12-19,524.58,0,0,1214412355,359751552,0,100,
745,745,0,0,0,0,2025-04-11,2025-12-19,524.58,0,0,1214412355,359751552,0,100,
568,750,0,0,0,0,2025-04-11,2025-12-19,524.58,0,0,1214412355,359751552,0,100,
755,755,0,0,0,0,2025-04-11,2025-12-19,524.58,0,0,1214412355,359751552,0,100,
760,760,0,0,0,0,2025-04-11,2025-12-19,524.58,0,0,1214412355,359751552,0,100,
556.84,765,0,0,0,0,2025-04-11,2025-12-19,524.58,0,0,1214412355,359751552,0,100,
770,770,0,0,0,0,2025-04-11,2025-12-19,524.58,0,0,1214412355,359751552,0,100,
775,775,0,0,0,0,2025-04-11,2025-12-19,524.58,0,0,1214412355,359751552,0,100,
602,780,0,0,0,0,2025-04-11,2025-12-19,524.58,0,0,1214412355,359751552,0,100,
785,785,0,0,0,0,2025-04-11,2025-12-19,524.58,0,0,1214412355,359751552,0,100,
790,790,0,0,0,0,2025-04-11,2025-12-19,524.58,0,0,1214412355,359751552,0,100,
795,795,0,0,0,0,2025-04-11,2025-12-19,524.58,0,0,1214412355,359751552,0,100,
605.59,800,0,0,0,0,2025-04-11,2025-12-19,524.58,0,0,1214412355,359751552,0,100,
805,805,0,0,0,0,2025-04-11,2025-12-19,524.58,0,0,1214412355,359751552,0,100,
810,810,0,0,0,0,2025-04-11,2025-12-19,524.58,0,0,1214412355,359751552,0,100,
815,815,0,0,0,0,2025-04-11,2025-12-19,524.58,0,0,1214412355,359751552,0,100,
820,820,0,0,0,0,2025-04-11,2025-12-19,524.58,0,0,1214412355,359751552,0,100,
516.96,825,0,0,0,0,2025-04-11,2025-12-19,524.58,0,0,1214412355,359751552,0,100,
830,830,0,0,0,0,2025-04-11,2025-12-19,524.58,0,0,1214412355,359751552,0,100,
835,835,0,0,0,0,2025-04-11,2025-12-19,524.58,0,0,1214412355,359751552,0,100,
567.7,840,0,0,0,0,2025-04-11,2025-12-19,524.58,0,0,1214412355,359751552,0,100,
