Watch,strike,open_interest.yt,open_interest.td,OI_Dollar.yt,OI_Dollar.td,Date.td,expiry,stkClose,diff_oi,diff_oi_d,totalOI,totalOIdiff,OI_pct,cum_sep_OI,pct
413.5,425,93704,93657,143648232,107705550,2023-10-31,2023-11-17,415.59,-47,-35942682,1098145977,-492077338,9.80794468639209,9.80794468639209,-0.333712441002344
411.53,420,103076,93974,123175820,79595978,2023-10-31,2023-11-17,415.59,-9102,-43579842,1098145977,-492077338,7.24821468794581,17.0561593743379,-0.547513116805977
415.05,430,51428,51279,101210304,76662105,2023-10-31,2023-11-17,415.59,-149,-24548199,1098145977,-492077338,6.98104865888882,24.0372080332267,-0.320212952670684
410.67,425,50899,50715,90803816,72674595,2023-10-31,2023-12-15,415.59,-184,-18129221,1305928546,-368040285,5.56497483898327,5.56497483898327,-0.249457475476816
408.25,420,61612,61358,92849284,72095650,2023-10-31,2023-12-15,415.59,-254,-20753634,1305928546,-368040285,5.52064278101782,11.0856176200011,-0.287862499332484
402.24,410,88647,90410,92104233,70158160,2023-10-31,2023-12-15,415.59,1763,-21946073,1305928546,-368040285,5.37228167765314,16.4578992976542,-0.312808559973637
412.43,430,37925,37938,80590625,66657066,2023-10-31,2023-12-15,415.59,13,-13933559,1305928546,-368040285,5.10418936810652,21.5620886657607,-0.209033487912594
414.9,440,26125,26149,77016500,65633990,2023-10-31,2023-12-15,415.59,24,-11382510,1305928546,-368040285,5.02584848160598,26.5879371473667,-0.173424013990312
394.87,400,123777,127940,88005447,65633220,2023-10-31,2023-12-15,415.59,4163,-22372227,1305928546,-368040285,5.02578951972767,31.6137266670944,-0.340867429633957
414.81,435,31585,31596,78709820,63792324,2023-10-31,2023-12-15,415.59,11,-14917496,1305928546,-368040285,4.88482499256127,36.4985516596557,-0.233844686392049
416.07,450,19175,18698,77677925,63442314,2023-10-31,2023-12-15,415.59,-477,-14235611,1305928546,-368040285,4.85802337304908,41.3565750327047,-0.224386692452611
415.41,435,29154,29074,70610988,56955966,2023-10-31,2023-11-17,415.59,-80,-13655022,1098145977,-492077338,5.18655690526652,29.2237649384932,-0.239747000340579
408.94,415,88574,88527,80602340,53647362,2023-10-31,2023-11-17,415.59,-47,-26954978,1098145977,-492077338,4.8852669065508,34.109031845044,-0.502447408318046
405.7,410,118892,119345,81203236,51318350,2023-10-31,2023-11-17,415.59,453,-29884886,1098145977,-492077338,4.67318107745524,38.7822129224993,-0.582343080009392
414.49,427,37215,37141,67433580,46463391,2023-10-31,2023-11-17,415.59,-74,-20970189,1098145977,-492077338,4.23107601112671,43.013288933626,-0.451327131934903
397.85,400,188174,190909,70941598,41045435,2023-10-31,2023-11-17,415.59,2735,-29896163,1098145977,-492077338,3.73770298846162,46.7509919220876,-0.728367551714338
405.38,415,35362,37050,44556120,35642100,2023-10-31,2023-12-15,415.59,1688,-8914020,1305928546,-368040285,2.72925345794532,44.0858284906501,-0.250098058195224
412.43,422,37174,37130,49552942,35533410,2023-10-31,2023-11-17,415.59,-44,-14019532,1098145977,-492077338,3.23576380046239,49.98675572255,-0.394545077435574
412.23,428,20699,20687,41004719,32623399,2023-10-31,2023-12-15,415.59,-12,-8381320,1305928546,-368040285,2.49809984626831,46.5839283369184,-0.256911304674292
415.06,429,23168,23377,44575232,32587538,2023-10-31,2023-11-17,415.59,209,-11987694,1098145977,-492077338,2.96750511157225,52.9542608341222,-0.367861297162124
414.2,426,26102,26075,45313072,30768500,2023-10-31,2023-11-17,415.59,-27,-14544572,1098145977,-492077338,2.80185882791792,55.7561196620402,-0.47270981685815
410.03,417,43419,42748,44982084,29795356,2023-10-31,2023-11-17,415.59,-671,-15186728,1098145977,-492077338,2.71324182977907,58.4693614918192,-0.50970117625042
401.92,405,90999,90615,46409490,27909420,2023-10-31,2023-11-17,415.59,-384,-18500070,1098145977,-492077338,2.54150364200624,61.0108651338255,-0.662861141507061
390.87,395,44335,67050,25758635,27691650,2023-10-31,2023-12-15,415.59,22715,1933015,1305928546,-368040285,2.12045674970643,48.7043850866248,0.0698049773126558
415.48,432,15896,15882,34796344,26237064,2023-10-31,2023-11-17,415.59,-14,-8559280,1098145977,-492077338,2.38921459892577,63.4000797327512,-0.326228574965553
416.15,434,13797,13789,33278364,24613365,2023-10-31,2023-11-17,415.59,-8,-8664999,1098145977,-492077338,2.24135638753972,65.641436120291,-0.352044468523503
415.47,445,8135,8095,27968130,23904535,2023-10-31,2023-12-15,415.59,-40,-4063595,1305928546,-368040285,1.83046270588223,50.534847792507,-0.169992639471966
413.32,424,20913,20935,30742110,22358580,2023-10-31,2023-11-17,415.59,22,-8383530,1098145977,-492077338,2.03602986017222,67.6774659804632,-0.374958069787974
386.69,390,84088,67444,40194064,22323964,2023-10-31,2023-12-15,415.59,-16644,-17870100,1305928546,-368040285,1.70943227088322,52.2442800633902,-0.80048955463286
407.03,412,42331,42447,32637201,21096159,2023-10-31,2023-11-17,415.59,116,-11541042,1098145977,-492077338,1.92107055362823,69.5985365340914,-0.547068402357036
413.99,442,7376,7376,23920368,20660176,2023-10-31,2023-12-15,415.59,0,-3260192,1305928546,-368040285,1.58202958831715,53.8263096517074,-0.157800785433774
398.65,405,32011,32325,27433427,20526375,2023-10-31,2023-12-15,415.59,314,-6907052,1305928546,-368040285,1.57178392821501,55.3980935799224,-0.336496434465413
410.16,424,14791,14788,26786501,20466592,2023-10-31,2023-12-15,415.59,-3,-6319909,1305928546,-368040285,1.56720611266889,56.9652996925913,-0.308791468555195
415.81,433,11380,11383,25411540,19567377,2023-10-31,2023-11-17,415.59,3,-5844163,1098145977,-492077338,1.78185572863962,71.380392262731,-0.298668697393626
377.83,380,97311,90024,31042209,19535208,2023-10-31,2023-12-15,415.59,-7287,-11507001,1305928546,-368040285,1.49588643726607,58.4611861298574,-0.589039082665513
392.47,397,42905,42789,27030150,19383417,2023-10-31,2023-12-15,415.59,-116,-7646733,1305928546,-368040285,1.48426321327997,59.9454493431373,-0.394498709902387
412.02,421,20408,20223,26285504,18160254,2023-10-31,2023-11-17,415.59,-185,-8125250,1098145977,-492077338,1.65371948541956,73.0341117481506,-0.447419402834344
382.3,385,65214,65417,25368246,17662590,2023-10-31,2023-12-15,415.59,203,-7705656,1305928546,-368040285,1.35249283386137,61.2979421769987,-0.436269878879598
397.21,403,30326,30102,25291884,17429058,2023-10-31,2023-12-15,415.59,-224,-7862826,1305928546,-368040285,1.33461038533727,62.632552562336,-0.451133159348027
403.51,412,20221,20192,22687962,17143008,2023-10-31,2023-12-15,415.59,-29,-5544954,1305928546,-368040285,1.31270643041752,63.9452589927535,-0.323452803615328
404.21,408,45840,43672,27733200,16551688,2023-10-31,2023-11-17,415.59,-2168,-11181512,1098145977,-492077338,1.5072393239756,74.5413510721262,-0.675551158286696
415.76,431,10818,10722,22750254,16340328,2023-10-31,2023-11-17,415.59,-96,-6409926,1098145977,-492077338,1.48799233819895,76.0293434103251,-0.392276458587612
401.12,404,55580,55594,26122600,16011072,2023-10-31,2023-11-17,415.59,14,-10111528,1098145977,-492077338,1.45800943912214,77.4873528494473,-0.631533478832648
412.98,429,9930,9918,21389220,15888636,2023-10-31,2023-12-15,415.59,-12,-5500584,1305928546,-368040285,1.21665431456156,65.1619133073151,-0.346196111484963
411.39,426,10331,10329,19628900,15090669,2023-10-31,2023-12-15,415.59,-2,-4538231,1305928546,-368040285,1.15555089489559,66.3174642022107,-0.30073093512289
413.95,420,25212,24825,25464120,15019125,2023-10-31,2023-11-03,415.59,-387,-10444995,119667282,-120510056,12.5507362989994,12.5507362989994,-0.695446305959901
407.95,419,13563,13525,19734165,14945125,2023-10-31,2023-12-15,415.59,-38,-4789040,1305928546,-368040285,1.14440602786242,67.4618702300731,-0.320441615576986
413.95,433,7796,7798,18055536,14855190,2023-10-31,2023-12-15,415.59,2,-3200346,1305928546,-368040285,1.13751935705064,68.5993895871237,-0.215436221280239
396.4,402,26371,26128,20173815,14631680,2023-10-31,2023-12-15,415.59,-243,-5542135.00000001,1305928546,-368040285,1.12040433183088,69.7197939189546,-0.378776394781734
414.93,437,6277,6289,16860022,13879823,2023-10-31,2023-12-15,415.59,12,-2980199,1305928546,-368040285,1.0628317332149,70.7826256521695,-0.214714481589571
413.63,438,5672,5673,15881600,13825101,2023-10-31,2023-12-15,415.59,1,-2056499,1305928546,-368040285,1.05864145801435,71.8412671101838,-0.148751101348193
414.9,436,6459,6455,17394087,13620050,2023-10-31,2023-12-15,415.59,-4,-3774037,1305928546,-368040285,1.0429399098226,72.8842070200065,-0.277094210373677
408.37,410,79058,83525,32809070,13614575,2023-10-31,2023-11-03,415.59,4467,-19194495,119667282,-120510056,11.377023671349,23.9277599703485,-1.40984900373313
411.75,427,8870,8864,17740000,13517600,2023-10-31,2023-12-15,415.59,-6,-4222400,1305928546,-368040285,1.03509491705375,73.9193019370602,-0.312363141386045
413.25,432,7153,7155,17067058,13415625,2023-10-31,2023-12-15,415.59,2,-3651433,1305928546,-368040285,1.02728629687217,74.9465882339324,-0.27217762869788
409.52,422,9934,9938,16162618,12402624,2023-10-31,2023-12-15,415.59,4,-3759994,1305928546,-368040285,0.94971689209097,75.8963051260233,-0.303161169765366
402.95,411,14418,15244,15830964,12271420,2023-10-31,2023-12-15,415.59,826,-3559544,1305928546,-368040285,0.939670094323828,76.8359752203472,-0.290067816112561
399.49,402,48714,48877,20800878,12268127,2023-10-31,2023-11-17,415.59,163,-8532751,1098145977,-492077338,1.11716723067319,78.6045200801205,-0.695521899960768
389.34,393,32981,32807,17512911,12007362,2023-10-31,2023-12-15,415.59,-174,-5505549,1305928546,-368040285,0.919450151907469,77.7554253722546,-0.458514451384076
416.37,475,2003,2007,13027512,11767041,2023-10-31,2023-12-15,415.59,4,-1260471,1305928546,-368040285,0.901047843394029,78.6564732156487,-0.107118773530236
415.5,440,4991,4799,14473900,11757550,2023-10-31,2023-11-17,415.59,-192,-2716350,1098145977,-492077338,1.07067277449945,79.6751928546199,-0.23103027416426
413.31,431,6588,6588,14770296,11654172,2023-10-31,2023-12-15,415.59,0,-3116124,1305928546,-368040285,0.892405027495279,79.548878243144,-0.267382702091577
414.12,443,3970,3970,13021600,11465360,2023-10-31,2023-12-15,415.59,0,-1556240,1305928546,-368040285,0.877946962344753,80.4268252054887,-0.135734072022161
410.63,418,15866,15544,16722764,11455928,2023-10-31,2023-11-17,415.59,-322,-5266836,1098145977,-492077338,1.04320629861034,80.7183991532303,-0.459747652045299
415.7,430,7515,7649,14812065,10938070,2023-10-31,2023-11-10,415.59,134,-3873995,96771460,-53130994,11.3029916051695,11.3029916051695,-0.354175370974952
402.69,406,32844,32969,17670072,10912739,2023-10-31,2023-11-17,415.59,125,-6757333,1098145977,-492077338,0.993742109752318,81.7121412629826,-0.619215120970088
413.98,434,5298,5286,12641028,10582572,2023-10-31,2023-12-15,415.59,-12,-2058456,1305928546,-368040285,0.810348470627581,81.2371736761163,-0.194513772266326
373.22,375,56277,58076,14744574,10337528,2023-10-31,2023-12-15,415.59,1799,-4407046,1305928546,-368040285,0.791584503735934,82.0287581798522,-0.426315266086825
409.45,416,15080,15711,14431560,10290705,2023-10-31,2023-11-17,415.59,631,-4140855,1098145977,-492077338,0.937098092196535,82.6492393551791,-0.402387883045914
400.87,408,14010,14177,13547670,10108201,2023-10-31,2023-12-15,415.59,167,-3439469,1305928546,-368040285,0.774024048326454,82.8027822281787,-0.340265196546844
393.45,395,51840,64525,14411520,10001375,2023-10-31,2023-11-17,415.59,12685,-4410145,1098145977,-492077338,0.910750957474937,83.559990312654,-0.440953868843034
411.03,419,11322,12465,13337316,9934605,2023-10-31,2023-11-17,415.59,1143,-3402711,1098145977,-492077338,0.904670709365992,84.46466102202,-0.342510950359878
403.44,407,27265,27496,15650110,9788576,2023-10-31,2023-11-17,415.59,231,-5861534,1098145977,-492077338,0.891372932653379,85.3560339546734,-0.598813760040276
409.04,421,7731,7967,12369600,9528532,2023-10-31,2023-12-15,415.59,236,-2841068,1305928546,-368040285,0.729636550880633,83.5324187790593,-0.298164292254043
399.39,406,14052,14353,12562488,9487333,2023-10-31,2023-12-15,415.59,301,-3075155,1305928546,-368040285,0.726481784096019,84.2589005631553,-0.324132714641723
412.9,423,9136,9110,13722272,9201100,2023-10-31,2023-11-17,415.59,-26,-4521172,1098145977,-492077338,0.837875855552126,86.1939098102255,-0.491372988012303
414.85,428,6988,6939,12166108,9124785,2023-10-31,2023-11-17,415.59,-49,-3041323,1098145977,-492077338,0.830926415168209,87.0248362253937,-0.333303524411808
406.29,411,21047,19356,15280122,9116676,2023-10-31,2023-11-17,415.59,-1691,-6163446,1098145977,-492077338,0.830187988750425,87.8550242141442,-0.676062854487754
412.69,420,12520,12267,13884680,8967177,2023-10-31,2023-11-10,415.59,-253,-4917503,96771460,-53130994,9.26634464334836,20.5693362485179,-0.548389197625964
411.7,415,29726,26614,19856968,8782620,2023-10-31,2023-11-03,415.59,-3112,-11074348,119667282,-120510056,7.33919903019106,31.2669590005395,-1.26093899087061
407.64,413,14686,15829,11925032,8484344,2023-10-31,2023-11-17,415.59,1143,-3440688,1098145977,-492077338,0.772606208800964,88.6276304229451,-0.405533769022095
397.87,404,13556,13839,11102364,8483307,2023-10-31,2023-12-15,415.59,283,-2619057,1305928546,-368040285,0.649599629779438,84.9085001929348,-0.308730663643317
368.56,370,57907,58517,12507912,8426448,2023-10-31,2023-12-15,415.59,610,-4081464,1305928546,-368040285,0.645245716223129,85.5537459091579,-0.484363518293829
415.32,425,8618,8593,12358212,8318024,2023-10-31,2023-11-03,415.59,-25,-4040188,119667282,-120510056,6.95095924381403,38.2179182443535,-0.485714876513942
393.25,398,17087,17187,11516638,8163825,2023-10-31,2023-12-15,415.59,100,-3352813,1305928546,-368040285,0.625135657307241,86.1788815664651,-0.410691434468524
408.38,414,13726,14063,11763182,7903406,2023-10-31,2023-11-17,415.59,337,-3859776,1098145977,-492077338,0.719704498812729,89.3473349217579,-0.488368685602132
384.18,385,82473,96069,12618369,7877658,2023-10-31,2023-11-17,415.59,13596,-4740711,1098145977,-492077338,0.717359819640809,90.0646947413987,-0.601791928514795
415.35,436,3815,3799,9873220,7844935,2023-10-31,2023-11-17,415.59,-16,-2028285,1098145977,-492077338,0.71437997901075,90.7790747204094,-0.258547075278508
404.93,409,18784,19212,12115680,7819284,2023-10-31,2023-11-17,415.59,428,-4296396,1098145977,-492077338,0.712044132908571,91.491118853318,-0.549461561953754
412.97,437,3216,3157,8988720,7586271,2023-10-31,2023-11-17,415.59,-59,-1402449,1098145977,-492077338,0.690825369203169,92.1819442225212,-0.184866715148984
414.68,439,3090,3090,8877570,7514880,2023-10-31,2023-12-15,415.59,0,-1362690,1305928546,-368040285,0.575443428587095,86.7543249950522,-0.181332236842105
404.14,413,7715,8315,8987975,7367090,2023-10-31,2023-12-15,415.59,600,-1620885,1305928546,-368040285,0.56412657664656,87.3184515716988,-0.220016994498506
398.64,401,17610,31041,7061610,7325676,2023-10-31,2023-11-17,415.59,13431,264066,1098145977,-492077338,0.667094917563952,92.8490391400851,0.0360466392453065
413.4,441,2619,2615,8228898,7217400,2023-10-31,2023-12-15,415.59,-4,-1011498,1305928546,-368040285,0.552664234356969,87.8711158060557,-0.140147144401031
400.08,407,9961,9976,9263730,6903392,2023-10-31,2023-12-15,415.59,15,-2360338,1305928546,-368040285,0.52861942723779,88.3997352332935,-0.341909890094609
409.5,447,1777,1777,6663750,6663750,2023-10-31,2023-12-15,415.59,0,0,1305928546,-368040285,0.510269112380671,88.9100043456742,0
416.36,445,2398,2297,8215548,6578608,2023-10-31,2023-11-17,415.59,-101,-1636940,1098145977,-492077338,0.599064982050196,93.4481041221353,-0.248827715528878
359.01,360,61879,65373,9219971,6471927,2023-10-31,2023-12-15,415.59,3494,-2748044,1305928546,-368040285,0.495580483313824,89.4055848289881,-0.424609857311431
404.77,414,7321,6846,8755916,6318858,2023-10-31,2023-12-15,415.59,-475,-2437058,1305928546,-368040285,0.483859397924517,89.8894442269125,-0.385680133973576
415.52,446,2034,1979,7424100,6031992,2023-10-31,2023-12-15,415.59,-55,-1392108,1305928546,-368040285,0.46189295872854,90.3513371856411,-0.230787441362654
414.45,425,5257,5704,8174635,6017720,2023-10-31,2023-11-10,415.59,447,-2156915,96771460,-53130994,6.21848631817687,26.7878225666948,-0.358427278105329
339.46,340,51412,110593,4267196,5972022,2023-10-31,2023-12-15,415.59,59181,1704826,1305928546,-368040285,0.457300823869119,90.8086380095102,0.285468807717051
407.12,418,5054,5366,7100870,5838208,2023-10-31,2023-12-15,415.59,312,-1262662,1305928546,-368040285,0.447054168306694,91.2556921778169,-0.216275610598321
414.8,423,7106,7112,8918030,5831840,2023-10-31,2023-11-03,415.59,6,-3086190,119667282,-120510056,4.8733788405088,43.0912970848623,-0.529196617191144
406.57,417,5190,5333,7099920,5562319,2023-10-31,2023-12-15,415.59,143,-1537601,1305928546,-368040285,0.425928280458922,91.6816204582758,-0.276431646584815
394.12,399,11696,11313,8257376,5520744,2023-10-31,2023-12-15,415.59,-383,-2736632,1305928546,-368040285,0.422744721899968,92.1043651801758,-0.495699854947087
374.21,376,29686,29999,8074592,5369821,2023-10-31,2023-12-15,415.59,313,-2704771,1305928546,-368040285,0.411187964031227,92.515553144207,-0.503698540416897
412.25,416,10480,14130,7671360,5298750,2023-10-31,2023-11-03,415.59,3650,-2372610,119667282,-120510056,4.4279020225428,47.5191991074052,-0.447767869780609
404.25,405,62490,68489,14935110,5136675,2023-10-31,2023-11-03,415.59,5999,-9798435,119667282,-120510056,4.29246400031046,51.8116631077156,-1.9075442771832
388.91,390,44824,46381,9233744,5055529,2023-10-31,2023-11-17,415.59,1557,-4178215,1098145977,-492077338,0.460369486924779,93.9084736090601,-0.826464451098985
354.17,355,23456,59614,2955456,4947962,2023-10-31,2023-12-15,415.59,36158,1992506,1305928546,-368040285,0.378884588682542,92.8944377328896,0.40269225996481
349.29,350,69062,69095,7389634,4905745,2023-10-31,2023-12-15,415.59,33,-2483889,1305928546,-368040285,0.375651869700381,93.27008960259,-0.5063224851679
410.92,420,5397,5361,6730059,4867788,2023-10-31,2023-11-24,415.59,-36,-1862271,79289023,-27393393,6.13929623019822,6.13929623019822,-0.38257027627333
416.02,438,2220,2199,6324780,4833402,2023-10-31,2023-11-17,415.59,-21,-1491378,1098145977,-492077338,0.440142030406947,94.348615639467,-0.308556581885802
416.01,427,4386,4370,7136022,4802630,2023-10-31,2023-11-03,415.59,-16,-2333392,119667282,-120510056,4.01331919613583,55.8249823038515,-0.485857124117411
415.67,430,3824,3322,7464448,4760426,2023-10-31,2023-11-03,415.59,-502,-2704022,119667282,-120510056,3.97805141091113,59.8030337147626,-0.568021013245453
415.71,426,4655,4611,7550410,4744719,2023-10-31,2023-11-03,415.59,-44,-2805691,119667282,-120510056,3.96492585166261,63.7679595664252,-0.591329223079386
415.89,444,1613,1616,5506782,4542576,2023-10-31,2023-12-15,415.59,3,-964206,1305928546,-368040285,0.347842614660175,93.6179322172501,-0.212259739848051
410.03,423,3474,3492,5812002,4529124,2023-10-31,2023-12-15,415.59,18,-1282878,1305928546,-368040285,0.346812542988857,93.964744760239,-0.283250800817111
416.34,446,1513,1513,5472521,4487558,2023-10-31,2023-11-17,415.59,0,-984963,1098145977,-492077338,0.408648585341947,94.757264224809,-0.219487525286581
415.37,455,1446,1086,6372522,4303818,2023-10-31,2023-12-15,415.59,-360,-2068704,1305928546,-368040285,0.3295599911023,94.2943047513413,-0.480667165758403
396.1,398,22507,22583,7517338,4290770,2023-10-31,2023-11-17,415.59,76,-3226568,1098145977,-492077338,0.390728563403006,95.147992788212,-0.751978782363072
401.39,405,9900,11814,5811300,4264854,2023-10-31,2023-11-24,415.59,1914,-1546446,79289023,-27393393,5.37887066662431,11.5181668968225,-0.362602330583884
379.4,380,69453,70033,7848189,4201980,2023-10-31,2023-11-17,415.59,580,-3646209,1098145977,-492077338,0.382643117400411,95.5306359056124,-0.867735924492739
406.03,416,3666,4173,4773132,4160481,2023-10-31,2023-12-15,415.59,507,-612651,1305928546,-368040285,0.318584122595632,94.6128888739369,-0.147254848658124
400.33,403,13203,15412,5980959,4115004,2023-10-31,2023-11-17,415.59,2209,-1865955,1098145977,-492077338,0.37472285890822,95.9053587645206,-0.453451564081104
415.72,450,1182,1149,4735092,3938772,2023-10-31,2023-11-17,415.59,-33,-796320.000000001,1098145977,-492077338,0.35867471925365,96.2640334837743,-0.202174687948427
363.81,365,32485,32602,5717360,3879638,2023-10-31,2023-12-15,415.59,117,-1837722,1305928546,-368040285,0.297078887806163,94.9099677617431,-0.473683884939781
413.16,421,4920,4927,6090960,3862768,2023-10-31,2023-11-10,415.59,7,-2228192,96771460,-53130994,3.99163968384894,30.7794622505437,-0.576838163720938
415.95,428,3280,3192,5953200,3846360,2023-10-31,2023-11-03,415.59,-88,-2106840,119667282,-120510056,3.21421188458179,66.982171451007,-0.547749040651421
406.9,410,11500,12386,6440000,3839660,2023-10-31,2023-11-10,415.59,886,-2600340,96771460,-53130994,3.96776074268178,34.7472229932255,-0.677231838235677
415.48,432.5,2220,2218,5061600,3775036,2023-10-31,2023-11-24,415.59,-2,-1286564,79289023,-27393393,4.76110797833894,16.2792748751615,-0.340808405535735
398.75,400,20465,30082,5382295,3760250,2023-10-31,2023-11-10,415.59,9617,-1622045,96771460,-53130994,3.88570142477958,38.6329244180051,-0.431366265540855
401.48,409,4232,4891,4198144,3678032,2023-10-31,2023-12-15,415.59,659,-520112,1305928546,-368040285,0.281641136589413,95.1916088983325,-0.141410406434746
374.53,375,41824,77155,3596864,3626285,2023-10-31,2023-11-17,415.59,35331,29421,1098145977,-492077338,0.330218848491033,96.5942523322653,0.00811326191956782
416.37,455,931,931,4243498,3596453,2023-10-31,2023-11-17,415.59,0,-647045,1098145977,-492077338,0.327502269764268,96.9217546020296,-0.179911985503495
414.65,422,5086,4841,5955706,3558135,2023-10-31,2023-11-03,415.59,-245,-2397571,119667282,-120510056,2.97335657711353,69.9555280281205,-0.673828002591245
414.96,430,2352,2347,4748688,3529888,2023-10-31,2023-11-24,415.59,-5,-1218800,79289023,-27393393,4.45192520533391,20.7312000804954,-0.345280076874961
415.2,434,1857,1856,4469799,3489280,2023-10-31,2023-11-24,415.59,-1,-980519,79289023,-27393393,4.40071004532368,25.1319101258191,-0.28100897606383
381.35,382,54485,52821,6919595,3433365,2023-10-31,2023-11-17,415.59,-1664,-3486230,1098145977,-492077338,0.312651056590812,97.2344056586204,-1.0153974308004
395.64,401,6521,6380,4903792,3419680,2023-10-31,2023-12-15,415.59,-141,-1484112,1305928546,-368040285,0.26185812466343,95.4534670229959,-0.433991484583353
369.64,370,94244,94947,6408592,3418092,2023-10-31,2023-11-17,415.59,703,-2990500,1098145977,-492077338,0.311260257888283,97.5456659165087,-0.874903308629493
379.13,380,38913,38919,5836950,3385953,2023-10-31,2023-11-24,415.59,6,-2450997,79289023,-27393393,4.27039314130532,29.4023032671244,-0.72387212699054
413.18,435,1532,1532,3754932,3342824,2023-10-31,2023-11-24,415.59,0,-412108,79289023,-27393393,4.21599847434115,33.6183017414655,-0.123281393217232
395.25,397,18487,18302,5841892,3202850,2023-10-31,2023-11-17,415.59,-185,-2639042,1098145977,-492077338,0.291659767196871,97.8373256837055,-0.823966779586931
415.11,426,2528,2931,4287488,3191859,2023-10-31,2023-11-10,415.59,403,-1095629,96771460,-53130994,3.29834746732146,41.9312718853265,-0.343257330602636
390.03,394,8200,7952,4854400,3156944,2023-10-31,2023-12-15,415.59,-248,-1697456,1305928546,-368040285,0.241739412900467,95.6952064358964,-0.537689613753047
364.57,365,71555,71541,5366625,3076263,2023-10-31,2023-11-24,415.59,-14,-2290362,79289023,-27393393,3.87980944096133,37.4981111824269,-0.744527369733992
416.42,431,2142,2097,4339692,3057426,2023-10-31,2023-11-10,415.59,-45,-1282266,96771460,-53130994,3.15942944335034,45.0907013286769,-0.419393960802322
411.04,414,7762,10192,4711534,3016832,2023-10-31,2023-11-03,415.59,2430,-1694702,119667282,-120510056,2.52101656324074,72.4765445913612,-0.56174888094531
408.22,415,3829,4308,3729446,2920824,2023-10-31,2023-11-24,415.59,479,-808622,79289023,-27393393,3.68376843286365,41.1818796152905,-0.276847218456162
415.46,424,3493,3398,5078822,2901892,2023-10-31,2023-11-03,415.59,-95,-2176930,119667282,-120510056,2.42496691785813,74.9015115092194,-0.750176092011694
396.99,399,13721,14413,4788629,2897013,2023-10-31,2023-11-17,415.59,692,-1891616,1098145977,-492077338,0.263809462555632,98.1011351462612,-0.65295392184985
397.21,400,9760,10155,4323680,2833245,2023-10-31,2023-11-24,415.59,395,-1490435,79289023,-27393393,3.57331304233626,44.7551926576268,-0.526052282806464
414.28,421,4182,4186,4596018,2812992,2023-10-31,2023-11-03,415.59,4,-1783026,119667282,-120510056,2.35067760626501,77.2521891154844,-0.633853917821309
411.67,418,4320,4438,4168800,2809254,2023-10-31,2023-11-10,415.59,118,-1359546,96771460,-53130994,2.90297779944624,47.9936791281231,-0.483952679252214
408.22,412,7247,7351,4703303,2778678,2023-10-31,2023-11-10,415.59,104,-1924625,96771460,-53130994,2.87138170696195,50.8650608350851,-0.692640529057343
416.35,448,856,856,3267352,2709240,2023-10-31,2023-11-17,415.59,0,-558112,1098145977,-492077338,0.246710369727102,98.3478455159883,-0.206003159557662
388.34,392,7454,7367,3853718,2696322,2023-10-31,2023-12-15,415.59,-87,-1157396,1305928546,-368040285,0.206467804709432,95.9016742406058,-0.429249918963685
410.15,415,4634,5528,3702566,2681080,2023-10-31,2023-11-10,415.59,894,-1021486,96771460,-53130994,2.7705275915027,53.6355884265878,-0.380997956047563
415.15,432,1579,1579,3372744,2660615,2023-10-31,2023-11-24,415.59,0,-712129,79289023,-27393393,3.35559059669584,48.1107832543226,-0.267655786350148
376.01,378,11883,13043,3505485,2595557,2023-10-31,2023-12-15,415.59,1160,-909928,1305928546,-368040285,0.198751838908038,96.1004260795139,-0.350571380247091
403.02,405,12216,13007,4715376,2575386,2023-10-31,2023-11-10,415.59,791,-2139990,96771460,-53130994,2.66130737306226,56.29689579965,-0.83093951741603
409.82,412,10379,11544,5262153,2516592,2023-10-31,2023-11-03,415.59,1165,-2745561,119667282,-120510056,2.10299085760133,79.3551799730857,-1.09098375898835
412.12,419,3732,3632,3877548,2498816,2023-10-31,2023-11-10,415.59,-100,-1378732,96771460,-53130994,2.58218280472362,58.8790786043737,-0.55175411074685
394.34,396,12469,14478,3715762,2403348,2023-10-31,2023-11-17,415.59,2009,-1312414,1098145977,-492077338,0.218855056644259,98.5667005726325,-0.546077388709417
404.95,410,3971,4701,3002076,2374005,2023-10-31,2023-11-24,415.59,730,-628071,79289023,-27393393,2.99411559151132,51.1048988458339,-0.264561784831961
324.61,325,25224,60160,1437768,2346240,2023-10-31,2023-12-15,415.59,34936,908472,1305928546,-368040285,0.179660671878751,96.2800867513926,0.387203355155483
359.75,360,23051,92029,1014244,2300725,2023-10-31,2023-11-17,415.59,68978,1286481,1098145977,-492077338,0.209509942046621,98.7762105146792,0.559163307218377
413.57,419,3926,4221,3969186,2292003,2023-10-31,2023-11-03,415.59,295,-1677183,119667282,-120510056,1.91531299256885,81.2704929656546,-0.731754277808537
414.95,424,2485,2531,3444210,2290555,2023-10-31,2023-11-10,415.59,46,-1153655,96771460,-53130994,2.36697369245023,61.2460522968239,-0.50365741054024
415.43,427,1672,1967,2964456,2275819,2023-10-31,2023-11-10,415.59,295,-688637,96771460,-53130994,2.35174606232044,63.5977983591443,-0.302588650503401
415.65,456,568,558,2559976,2251530,2023-10-31,2023-12-15,415.59,-10,-308446,1305928546,-368040285,0.172408360847639,96.4524951122402,-0.13699395522156
387.61,391,5847,6280,2865030,2128920,2023-10-31,2023-12-15,415.59,433,-736110.000000001,1305928546,-368040285,0.163019638901438,96.6155147511417,-0.34576686770757
385.89,389,7050,6744,3228900,2097384,2023-10-31,2023-12-15,415.59,-306,-1131516,1305928546,-368040285,0.160604805402577,96.7761195565443,-0.539489192250918
415.46,428,1496,1658,2597056,2079132,2023-10-31,2023-11-10,415.59,162,-517924,96771460,-53130994,2.14849708788108,65.7462954470254,-0.249105876875542
405.1,406,19178,22949,5178060,2065410,2023-10-31,2023-11-03,415.59,3771,-3112650,119667282,-120510056,1.7259604843369,82.9964534499915,-1.50703734367511
410.71,416,3430,3886,3220770,2055694,2023-10-31,2023-11-10,415.59,456,-1165076,96771460,-53130994,2.12427713708153,67.8705725841069,-0.566755557977014
410.47,413,7562,8038,4189348,2033614,2023-10-31,2023-11-03,415.59,476,-2155734,119667282,-120510056,1.69939014742559,84.695843597417,-1.06005072742418
415.36,427.5,1608,1644,2738424,1995816,2023-10-31,2023-11-10,415.59,36,-742608,96771460,-53130994,2.06240145596646,69.9329740400734,-0.372082396373213
413.55,422,2389,2345,2988639,1981525,2023-10-31,2023-11-10,415.59,-44,-1007114,96771460,-53130994,2.04763367215913,71.9806077122325,-0.508251977643482
409.49,414,3171,4388,2349711,1978988,2023-10-31,2023-11-10,415.59,1217,-370723,96771460,-53130994,2.04501203143985,74.0256197436724,-0.187329584615976
379.64,382,8397,8197,2938950,1934492,2023-10-31,2023-12-15,415.59,-200,-1004458,1305928546,-368040285,0.148131534908649,96.9242510914529,-0.51923605783844
409.05,411,8171,9873,3750489,1925235,2023-10-31,2023-11-03,415.59,1702,-1825254,119667282,-120510056,1.60882320365562,86.3046668010727,-0.94806815791319
405.33,408,8541,7169,4116762,1914123,2023-10-31,2023-11-10,415.59,-1372,-2202639,96771460,-53130994,1.97798297142567,76.003602715098,-1.1507301254935
413.23,418,3417,3948,2972790,1883196,2023-10-31,2023-11-03,415.59,531,-1089594,119667282,-120510056,1.57369330073027,87.8783601018029,-0.57858767754392
411.41,428,1122,1119,2156484,1856421,2023-10-31,2023-11-24,415.59,-3,-300063,79289023,-27393393,2.34133418443055,53.4462330302645,-0.161635210978544
391.68,396,3866,4268,2338930,1843776,2023-10-31,2023-12-15,415.59,402,-495154,1305928546,-368040285,0.141185059906026,97.0654361513589,-0.268554314623902
416.28,452,516,516,2194032,1843152,2023-10-31,2023-12-15,415.59,0,-350880.000000001,1305928546,-368040285,0.141137277812442,97.2065734291714,-0.190369540873461
344.77,345,9114,79117,373674,1819691,2023-10-31,2023-11-24,415.59,70003,1446017,79289023,-27393393,2.29500999148394,55.7412430217484,0.794649750974204
409.43,417,2443,2321,2679971,1756997,2023-10-31,2023-11-24,415.59,-122,-922974,79289023,-27393393,2.21593977769155,57.95718279944,-0.525313361377396
416.28,448,550,548,2116950,1738256,2023-10-31,2023-12-15,415.59,-2,-378694,1305928546,-368040285,0.133104985362652,97.339678414534,-0.2178585892987
387.03,388,17122,17505,3150448,1697985,2023-10-31,2023-11-17,415.59,383,-1452463,1098145977,-492077338,0.15462288580601,98.9308334004852,-0.855403905217066
414.3,429,1149,1155,2306043,1697850,2023-10-31,2023-11-24,415.59,6,-608193,79289023,-27393393,2.14134307090655,60.0985258703465,-0.358213623111582
378.73,381,7400,7470,2501200,1695690,2023-10-31,2023-12-15,415.59,70,-805510,1305928546,-368040285,0.129845542100586,97.4695239566346,-0.475033762067359
412.75,417,4195,3968,3230150,1686400,2023-10-31,2023-11-03,415.59,-227,-1543750,119667282,-120510056,1.40924066446165,89.2876007662646,-0.915411527514232
389.86,391,14484,14482,3041640,1650948,2023-10-31,2023-11-17,415.59,-2,-1390692,1098145977,-492077338,0.150339575482504,99.0811729759677,-0.842359662448484
413.42,425,1360,1411,2140640,1633938,2023-10-31,2023-11-24,415.59,51,-506702,79289023,-27393393,2.06073670500392,62.1592625753504,-0.310110909961088
383.19,386,5337,5704,2140137,1602824,2023-10-31,2023-12-15,415.59,367,-537313,1305928546,-368040285,0.122734433281926,97.5922583899165,-0.335228945910468
371.37,373,9455,9829,2288110,1602127,2023-10-31,2023-12-15,415.59,374,-685983,1305928546,-368040285,0.122681061295983,97.7149394512125,-0.428170176271919
376.91,379,7172,7468,2165944,1560812,2023-10-31,2023-12-15,415.59,296,-605132,1305928546,-368040285,0.11951741194269,97.8344568631552,-0.387703323654611
411.25,417,3013,2696,2865363,1550200,2023-10-31,2023-11-10,415.59,-317,-1315163,96771460,-53130994,1.60191858219355,77.6055212972916,-0.848382789317508
415.21,429,1105,1108,2013310,1527932,2023-10-31,2023-11-10,415.59,3,-485378,96771460,-53130994,1.57890766554519,79.1844289628368,-0.317669896304286
413.05,426,1158,1156,1921122,1497020,2023-10-31,2023-11-24,415.59,-2,-424102,79289023,-27393393,1.88805454192568,64.0473171172761,-0.283297484335547
413.72,423,1584,1581,2217600,1467168,2023-10-31,2023-11-10,415.59,-3,-750432,96771460,-53130994,1.51611642523529,80.7005453880721,-0.511483347510306
411.6,417.5,2069,2486,1733822,1466740,2023-10-31,2023-11-10,415.59,417,-267082,96771460,-53130994,1.51567414607571,82.2162195341478,-0.182092259023412
408.96,413,3743,3629,2612614,1466116,2023-10-31,2023-11-10,415.59,-114,-1146498,96771460,-53130994,1.51502932786175,83.7312488620095,-0.781996786066042
407.55,414,1857,2127,1766007,1371915,2023-10-31,2023-11-24,415.59,270,-394092,79289023,-27393393,1.73027103638293,65.7775881536591,-0.287256863581199
407.58,409,5282,9590,1975468,1361780,2023-10-31,2023-11-03,415.59,4308,-613688,119667282,-120510056,1.13797186435637,90.425572630621,-0.450651353375729
416.38,460,316,312,1561356,1360944,2023-10-31,2023-12-15,415.59,-4,-200412,1305928546,-368040285,0.104212746108392,97.9386696092636,-0.147259549254047
412.23,431,718,718,1562368,1347686,2023-10-31,2023-11-24,415.59,0,-214682,79289023,-27393393,1.69971321250862,67.4773013661677,-0.159296750133191
359.64,360,2127,37111,131874,1335996,2023-10-31,2023-11-24,415.59,34984,1204122,79289023,-27393393,1.68496968363452,69.1622710498022,0.901291620633595
391.67,393,10041,9928,2409840,1320424,2023-10-31,2023-11-17,415.59,-113,-1089416,1098145977,-492077338,0.120241209061043,99.2014141850287,-0.825050135411049
344.36,345,20096,20099,1868928,1286336,2023-10-31,2023-12-15,415.59,3,-582592,1305928546,-368040285,0.0984997229702949,98.0371693322339,-0.45290810488084
354.79,355,60932,60989,2254484,1280769,2023-10-31,2023-11-17,415.59,57,-973715,1098145977,-492077338,0.116630122663555,99.3180443076923,-0.760258094941399
319.65,320,36408,36399,1893216,1273965,2023-10-31,2023-12-15,415.59,-9,-619251,1305928546,-368040285,0.0975524276502031,98.1347217598841,-0.486081642745287
299.76,300,52754,52738,1846390,1265712,2023-10-31,2023-12-15,415.59,-16,-580678,1305928546,-368040285,0.0969204635182238,98.2316422234023,-0.45877577205557
380.53,383,4589,5109,1720875,1261923,2023-10-31,2023-12-15,415.59,520,-458952,1305928546,-368040285,0.0966303251326585,98.328272548535,-0.363692554934017
412.69,423,1220,1223,1872700,1260913,2023-10-31,2023-11-24,415.59,3,-611787,79289023,-27393393,1.59027435613628,70.7525454059385,-0.485193665225119
399.66,400,31969,34997,4092032,1189898,2023-10-31,2023-11-03,415.59,3028,-2902134,119667282,-120510056,0.994338619640413,91.4199112502614,-2.43897712240881
414.28,427,933,934,1606626,1188048,2023-10-31,2023-11-24,415.59,1,-418578,79289023,-27393393,1.49837638937738,72.2509217953159,-0.352324148519251
384.93,388,3658,3863,1605862,1185941,2023-10-31,2023-12-15,415.59,205,-419921,1305928546,-368040285,0.090812089500033,98.419084638035,-0.354082538676039
406.79,408,6068,9655,2026712,1168255,2023-10-31,2023-11-03,415.59,3587,-858457,119667282,-120510056,0.976252640216229,92.3961638904776,-0.734819880933529
416,432,732,723,1559892,1156800,2023-10-31,2023-11-10,415.59,-9,-403092,96771460,-53130994,1.19539376588924,84.9266426278988,-0.348454356846473
403.36,404,13500,17920,2875500,1146880,2023-10-31,2023-11-03,415.59,4420,-1728620,119667282,-120510056,0.958390615072213,93.3545545055498,-1.50723702566964
415.92,436,570,569,1482000,1142552,2023-10-31,2023-11-24,415.59,-1,-339448,79289023,-27393393,1.44099644158814,73.691918236904,-0.2970963247187
394.21,395,14067,14341,2475792,1132939,2023-10-31,2023-11-10,415.59,274,-1342853,96771460,-53130994,1.17073670274273,86.0973793306415,-1.1852827027757
381.4,384,3909,4324,1446330,1124240,2023-10-31,2023-12-15,415.59,415,-322090,1305928546,-368040285,0.0860874052752347,98.5051720433103,-0.286495766028606
385.15,386,13147,13181,2129814,1120385,2023-10-31,2023-11-17,415.59,34,-1009429,1098145977,-492077338,0.102025142691936,99.4200694503842,-0.900966185730798
405.71,411,1320,2104,1073160,1113016,2023-10-31,2023-11-24,415.59,784,39856,79289023,-27393393,1.40374538351923,75.0956636204232,0.0358090090349106
384.04,387,3920,3742,1658160,1107632,2023-10-31,2023-12-15,415.59,-178,-550528,1305928546,-368040285,0.0848156664767476,98.589987709787,-0.497031505048608
415.6,433,627,626,1412004,1089240,2023-10-31,2023-11-24,415.59,-1,-322764,79289023,-27393393,1.3737588871539,76.4694225075771,-0.296320370166355
408.81,416,1458,1499,1504656,1077781,2023-10-31,2023-11-24,415.59,41,-426875,79289023,-27393393,1.35930669747312,77.8287292050502,-0.396068403506835
406.17,409,3389,3615,1728390,1023045,2023-10-31,2023-11-10,415.59,226,-705345,96771460,-53130994,1.0571763617083,87.1545556923498,-0.689456475521604
379.74,380,38621,38603,2124155,1003678,2023-10-31,2023-11-10,415.59,-18,-1120477,96771460,-53130994,1.03716322973736,88.1917189220872,-1.11637098750795
410.85,422,888,886,1186368,987890,2023-10-31,2023-11-24,415.59,-2,-198478,79289023,-27393393,1.24593539259527,79.0746645976455,-0.200911032604845
405.98,407,6028,9670,1808400,986340,2023-10-31,2023-11-03,415.59,3642,-822060,119667282,-120510056,0.824235316049044,94.1787898215989,-0.833444856743111
412.95,422.5,1003,1004,1354050,958820,2023-10-31,2023-11-10,415.59,1,-395230,96771460,-53130994,0.990808653708438,89.1825275757956,-0.412204584802153
358.08,359,10419,10419,1531593,958548,2023-10-31,2023-12-15,415.59,0,-573045,1305928546,-368040285,0.0733997279511187,98.6633874377381,-0.597826086956522
349.74,350,36380,36387,1637100,946062,2023-10-31,2023-11-24,415.59,7,-691038,79289023,-27393393,1.19318155805754,80.2678461557031,-0.730436271618562
364.87,365,72528,72606,1885728,943878,2023-10-31,2023-11-10,415.59,78,-941850,96771460,-53130994,0.975368150899036,90.1578957266946,-0.997851417238244
375.13,377,4527,5042,1294722,942854,2023-10-31,2023-12-15,415.59,515,-351868,1305928546,-368040285,0.0721979776679145,98.735585415406,-0.373194577315258
407.52,411,2779,2692,1661842,936816,2023-10-31,2023-11-10,415.59,-87,-725026,96771460,-53130994,0.968070544765988,91.1259662714606,-0.773925722874076
392.97,395,4344,4546,1463928,922838,2023-10-31,2023-11-24,415.59,202,-541090,79289023,-27393393,1.16389124885547,81.4317374045585,-0.586332595753534
416.38,470,171,171,1029420,916902,2023-10-31,2023-12-15,415.59,0,-112518,1305928546,-368040285,0.0702107326475426,98.8057961480536,-0.122715404699739
370.44,372,5157,5796,1180953,904176,2023-10-31,2023-12-15,415.59,639,-276777,1305928546,-368040285,0.0692362536043377,98.8750324016579,-0.306109651218347
392.63,394,5825,6533,1491200,895021,2023-10-31,2023-11-17,415.59,708,-596179,1098145977,-492077338,0.0815029166199823,99.5015723670042,-0.666106158402987
400.45,404,1912,2497,1055424,886435,2023-10-31,2023-11-24,415.59,585,-168989,79289023,-27393393,1.11797947113058,82.5497168756891,-0.190638907534111
403.49,408,1683,1926,1164636,868626,2023-10-31,2023-11-24,415.59,243,-296010,79289023,-27393393,1.09551860665505,83.6452354823441,-0.340779576020059
399.68,401,8398,6537,2368236,862884,2023-10-31,2023-11-10,415.59,-1861,-1505352,96771460,-53130994,0.891671986761386,92.017638258222,-1.7445589441918
409.9,418,1028,1060,1181172,858600,2023-10-31,2023-11-24,415.59,32,-322572,79289023,-27393393,1.08287372893976,84.7281092112839,-0.375695317959469
404.31,409,1550,1740,1117550,816060,2023-10-31,2023-11-24,415.59,190,-301490,79289023,-27393393,1.02922191385811,85.757331125142,-0.369445874077886
415.62,429,670,591,1279700,790758,2023-10-31,2023-11-03,415.59,-79,-488942,119667282,-120510056,0.660797159243577,94.8395869808424,-0.618320649301051
406.95,413,1148,1297,1014832,784685,2023-10-31,2023-11-24,415.59,149,-230147,79289023,-27393393,0.989651493120302,86.7469826182623,-0.293298584782429
390.73,392,4815,6140,1170045,779780,2023-10-31,2023-11-17,415.59,1325,-390265,1098145977,-492077338,0.071008774455493,99.5725811414597,-0.500480904870605
412.45,427.5,516,516,928284,776580,2023-10-31,2023-11-24,415.59,0,-151704,79289023,-27393393,0.979429397181499,87.7264120154438,-0.195348837209302
412.2,422.5,734,735,1054758,757050,2023-10-31,2023-11-24,415.59,1,-297708,79289023,-27393393,0.954797992655301,88.6812100080991,-0.39324747374678
372.29,374,3405,4308,847845,736668,2023-10-31,2023-12-15,415.59,903,-111177,1305928546,-368040285,0.0564095181360711,98.931441919794,-0.150918731368812
396.8,397,36222,36822,3115092,736440,2023-10-31,2023-11-03,415.59,600,-2378652,119667282,-120510056,0.615406306295149,95.4549932871376,-3.22993319211341
357.1,358,7691,7959,1092122,716310,2023-10-31,2023-12-15,415.59,268,-375812,1305928546,-368040285,0.0548506273328679,98.9862925471269,-0.52464994206419
396.97,398,6715,6869,1497445,707507,2023-10-31,2023-11-10,415.59,154,-789938,96771460,-53130994,0.731111218121541,92.7487494763436,-1.11650909460966
393.92,396,3095,3349,1117295,696592,2023-10-31,2023-11-24,415.59,254,-420703,79289023,-27393393,0.878547841357561,89.5597578494567,-0.603944633300411
369.51,371,4168,4626,933632,689274,2023-10-31,2023-12-15,415.59,458,-244358,1305928546,-368040285,0.052780376239666,99.0390729233665,-0.354515040462864
388.47,390,4326,4481,1120434,685593,2023-10-31,2023-11-24,415.59,155,-434841,79289023,-27393393,0.864675807646161,90.4244336571028,-0.634255308907763
334.51,335,13564,13883,1044428,680267,2023-10-31,2023-12-15,415.59,319,-364161,1305928546,-368040285,0.0520906754112717,99.0911635987778,-0.535320690258384
410.62,419,944,795,1131856,666210,2023-10-31,2023-11-24,415.59,-149,-465646,79289023,-27393393,0.84022980078844,91.2646634578913,-0.698947779228772
400.47,402,4238,4337,1301066,663561,2023-10-31,2023-11-10,415.59,99,-637505,96771460,-53130994,0.685699068713028,93.4344485450566,-0.960733075030027
344.84,345,9120,40918,255360,654688,2023-10-31,2023-11-17,415.59,31798,399328,1098145977,-492077338,0.0596175748681908,99.6321987163279,0.60995161053815
294.79,295,29097,29128,989298,611688,2023-10-31,2023-12-15,415.59,31,-377610,1305928546,-368040285,0.0468393161228899,99.1380029149007,-0.61732451838192
402.17,404,2532,3332,906456,609756,2023-10-31,2023-11-10,415.59,800,-296700,96771460,-53130994,0.630098998196369,94.0645475432529,-0.486588077854093
397.92,399,4537,5613,1093417,606204,2023-10-31,2023-11-10,415.59,1076,-487213,96771460,-53130994,0.626428494516875,94.6909760377698,-0.803711291908335
389.9,390,59172,60279,2071020,602790,2023-10-31,2023-11-03,415.59,1107,-1468230,119667282,-120510056,0.503721643815726,95.9587149309533,-2.43572388393968
402.44,403,3916,10714,736208,599984,2023-10-31,2023-11-03,415.59,6798,-136224,119667282,-120510056,0.501376809076352,96.4600917400297,-0.227046054561455
367.64,369,4302,4324,950742,588064,2023-10-31,2023-12-15,415.59,22,-362678,1305928546,-368040285,0.0450303350670458,99.1830332499677,-0.616732192414431
411.54,421,635,611,827405,578006,2023-10-31,2023-11-24,415.59,-24,-249399,79289023,-27393393,0.728986154867869,91.9936496127591,-0.431481680120967
329.84,330,405,35405,11340,566480,2023-10-31,2023-11-24,415.59,35000,555140,79289023,-27393393,0.714449464208936,92.7080990769681,0.979981641011157
415.28,432.5,371,328,839944,564816,2023-10-31,2023-11-10,415.59,-43,-275128,96771460,-53130994,0.58365968644061,95.2746357242104,-0.487110846718223
349.82,350,30887,30901,988384,556218,2023-10-31,2023-11-17,415.59,14,-432166,1098145977,-492077338,0.0506506431430473,99.6828493594709,-0.77697233818395
401.54,402,9202,11998,1518330,551908,2023-10-31,2023-11-03,415.59,2796,-966422,119667282,-120510056,0.461202085295127,96.9212938253248,-1.7510563354762
409.96,417.5,720,730,850320,550420,2023-10-31,2023-11-24,415.59,10,-299900,79289023,-27393393,0.694194453625693,93.4022935305938,-0.544856654918063
406.81,412.5,964,938,830004,533722,2023-10-31,2023-11-24,415.59,-26,-296282,79289023,-27393393,0.673134791937088,94.0754283225309,-0.555124203236891
364.71,365,17428,18401,958540,533629,2023-10-31,2023-11-17,415.59,973,-424911,1098145977,-492077338,0.0485936306444257,99.7314429901153,-0.796266694651153
402.79,407,1066,1262,714220,531302,2023-10-31,2023-11-24,415.59,196,-182918,79289023,-27393393,0.670082667054682,94.7455109895855,-0.344282536109407
284.83,285,30958,30551,897782,519367,2023-10-31,2023-12-15,415.59,-407,-378415,1305928546,-368040285,0.039769940062249,99.22280319003,-0.72860809408376
406.25,412,663,894,551616,514050,2023-10-31,2023-11-24,415.59,231,-37566,79289023,-27393393,0.648324295785559,95.3938352853711,-0.073078494309892
364.81,366,4044,4214,760272,501466,2023-10-31,2023-12-15,415.59,170,-258806,1305928546,-368040285,0.0383991912525358,99.2612023812825,-0.516098798323316
353.2,354,6223,6226,746760,498080,2023-10-31,2023-12-15,415.59,3,-248680,1305928546,-368040285,0.0381399121357441,99.2993422934182,-0.499277224542242
314.66,315,14557,14564,713293,495176,2023-10-31,2023-12-15,415.59,7,-218117,1305928546,-368040285,0.0379175416232919,99.3372598350415,-0.440483787582597
411.87,424,405,408,645570,494904,2023-10-31,2023-11-24,415.59,3,-150666,79289023,-27393393,0.624177195372933,96.018012480744,-0.304434799476262
403.81,406,1890,2252,791910,493188,2023-10-31,2023-11-10,415.59,362,-298722,96771460,-53130994,0.509641995687572,95.784277719898,-0.605696002335823
304.74,305,18038,18049,721520,469274,2023-10-31,2023-12-15,415.59,11,-252246,1305928546,-368040285,0.0359341252963162,99.3731939603379,-0.537523919927378
329.58,330,11149,10998,724685,461916,2023-10-31,2023-12-15,415.59,-151,-262769,1305928546,-368040285,0.035370694776129,99.408564655114,-0.568867499718564
365.76,367,3672,3695,749088,458180,2023-10-31,2023-12-15,415.59,23,-290908,1305928546,-368040285,0.0350846148055638,99.4436492699196,-0.634920773495133
383.9,385,2708,4004,541600,440440,2023-10-31,2023-11-24,415.59,1296,-101160,79289023,-27393393,0.55548672859798,96.573499209342,-0.229679411497593
401.34,403,2581,2609,859473,433094,2023-10-31,2023-11-10,415.59,28,-426379,96771460,-53130994,0.447543108267665,96.2318208281657,-0.984495282779258
385.66,386,9005,12414,756420,422076,2023-10-31,2023-11-10,415.59,3409,-334344,96771460,-53130994,0.436157519996082,96.6679783481617,-0.792141699599124
408.56,412.5,972,1069,649296,421186,2023-10-31,2023-11-10,415.59,97,-228110,96771460,-53130994,0.435237827351163,97.1032161755129,-0.541589701462062
309.71,310,14200,14392,610600,417368,2023-10-31,2023-12-15,415.59,192,-193232,1305928546,-368040285,0.0319594821078365,99.4756087520274,-0.462977516244657
366.72,368,3233,3251,643367,416128,2023-10-31,2023-12-15,415.59,18,-227239,1305928546,-368040285,0.0318645305116104,99.507473282539,-0.546079571670255
346.35,347,6296,6298,667376,409370,2023-10-31,2023-12-15,415.59,2,-258006,1305928546,-368040285,0.0313470443121779,99.5388203268512,-0.630251361848694
416.02,460,109,91,551540,400218,2023-10-31,2023-11-17,415.59,-18,-151322,1098145977,-492077338,0.0364448814986644,99.767887871614,-0.378098936079836
391.39,392,6465,6491,892170,395951,2023-10-31,2023-11-10,415.59,26,-496219,96771460,-53130994,0.409160924098903,97.5123770996118,-1.25323335463226
348.3,349,5499,5554,604890,388780,2023-10-31,2023-12-15,415.59,55,-216110,1305928546,-368040285,0.0297703883716162,99.5685907152228,-0.555867071351407
400.59,401,5119,9407,747374,385687,2023-10-31,2023-11-03,415.59,4288,-361687,119667282,-120510056,0.32229945692257,97.2435932822474,-0.93777337582029
361.9,363,3500,3497,619500,384670,2023-10-31,2023-12-15,415.59,-3,-234830,1305928546,-368040285,0.0294556697744472,99.5980463849972,-0.610471313073544
374.95,375,73470,74925,881640,374625,2023-10-31,2023-11-03,415.59,1455,-507015,119667282,-120510056,0.313055493313536,97.5566487755609,-1.35339339339339
394.83,395,22832,21517,1506912,365789,2023-10-31,2023-11-03,415.59,-1315,-1141123,119667282,-120510056,0.305671687270377,97.8623204628313,-3.11962087432919
402.08,406,757,891,470854,349272,2023-10-31,2023-11-24,415.59,134,-121582,79289023,-27393393,0.440504860300776,97.0140040696428,-0.348101193339289
274.85,275,23074,23112,461480,346680,2023-10-31,2023-12-15,415.59,38,-114800,1305928546,-368040285,0.0265466285320024,99.6245930135292,-0.331141109957309
383.27,384,4615,4635,692250,338355,2023-10-31,2023-11-17,415.59,20,-353895,1098145977,-492077338,0.0308114774434947,99.7986993490575,-1.04592809327482
404.59,407,1224,1325,553248,319325,2023-10-31,2023-11-10,415.59,101,-233923,96771460,-53130994,0.329978487459009,97.8423555870708,-0.732554607374932
350.14,351,4035,3700,443850,318200,2023-10-31,2023-12-15,415.59,-335,-125650,1305928546,-368040285,0.0243658047735178,99.6489588183028,-0.39487743557511
349.92,350,37470,37540,599520,300320,2023-10-31,2023-11-10,415.59,70,-299200,96771460,-53130994,0.310339432721176,98.152695019792,-0.996270644645711
398.99,402,956,991,491384,298291,2023-10-31,2023-11-24,415.59,35,-193093,79289023,-27393393,0.376207183180956,97.3902112528237,-0.647330962047129
416.16,433,174,177,408552,298068,2023-10-31,2023-11-10,415.59,3,-110484,96771460,-53130994,0.308012300320776,98.4607073201128,-0.370667096098877
359.97,361,2885,2884,452945,297052,2023-10-31,2023-12-15,415.59,-1,-155893,1305928546,-368040285,0.0227464206146544,99.6717052389174,-0.524800371652101
389.48,390,5509,5666,644553,294632,2023-10-31,2023-11-10,415.59,157,-349921,96771460,-53130994,0.304461666693879,98.7651689868066,-1.18765442993293
398.71,399,8138,9678,911456,280662,2023-10-31,2023-11-03,415.59,1540,-630794,119667282,-120510056,0.234535284255892,98.0968557470872,-2.24752193029338
352.16,353,3148,3151,371464,264684,2023-10-31,2023-12-15,415.59,3,-106780,1305928546,-368040285,0.0202678776576801,99.6919731165751,-0.403424460866543
362.81,364,2158,2172,392756,258468,2023-10-31,2023-12-15,415.59,14,-134288,1305928546,-368040285,0.0197918944946625,99.7117650110698,-0.519553677824721
393.28,394,3223,3418,518903,246096,2023-10-31,2023-11-10,415.59,195,-272807,96771460,-53130994,0.254306383307641,99.0194753701143,-1.10853894415188
239.93,240,32799,32799,393588,229593,2023-10-31,2023-12-15,415.59,0,-163995,1305928546,-368040285,0.0175808240583478,99.7293458351281,-0.714285714285714
356.14,357,2635,2633,363630,226438,2023-10-31,2023-12-15,415.59,-2,-137192,1305928546,-368040285,0.0173392335050466,99.7466850686332,-0.605870039481006
416.01,432,1511,141,3310601,225459,2023-10-31,2023-11-03,415.59,-1370,-3085142,119667282,-120510056,0.18840488079273,98.2852606278799,-13.6838272147042
415.83,439,115,95,336145,220115,2023-10-31,2023-11-17,415.59,-20,-116030,1098145977,-492077338,0.0200442386176496,99.8187435876751,-0.527133543829362
374.34,375,2866,3240,349652,213840,2023-10-31,2023-11-24,415.59,374,-135812,79289023,-27393393,0.269696853245373,97.6599081060691,-0.635110362888141
416.19,444,78,70,264576,194670,2023-10-31,2023-11-17,415.59,-8,-69906,1098145977,-492077338,0.0177271514058463,99.836470739081,-0.359100015410695
397.75,398,7275,7655,720225,191375,2023-10-31,2023-11-03,415.59,380,-528850,119667282,-120510056,0.159922575997005,98.4451832038769,-2.7634225996081
289.8,290,9448,9494,292888,189880,2023-10-31,2023-12-15,415.59,46,-103008,1305928546,-368040285,0.0145398460414694,99.7612249146746,-0.542489993680219
351.26,352,2336,2351,266304,173974,2023-10-31,2023-12-15,415.59,15,-92330,1305928546,-368040285,0.0133218620982652,99.7745467767729,-0.530711485624289
369.49,370,3354,3362,325338,171462,2023-10-31,2023-11-24,415.59,8,-153876,79289023,-27393393,0.216249353961645,97.8761574600308,-0.897435000174966
249.91,250,18944,18975,208384,170775,2023-10-31,2023-12-15,415.59,31,-37609,1305928546,-368040285,0.0130769022947753,99.7876236790677,-0.220225442834138
416.04,480,26,26,182520,166296,2023-10-31,2023-12-15,415.59,0,-16224,1305928546,-368040285,0.0127339279403423,99.800357607008,-0.0975609756097561
384.65,385,4723,4688,382563,164080,2023-10-31,2023-11-10,415.59,-35,-218483,96771460,-53130994,0.169554122672118,99.1890294927864,-1.3315638712823
390.89,391,14146,14505,537548,159555,2023-10-31,2023-11-03,415.59,359,-377993,119667282,-120510056,0.133332183478522,98.5785153873554,-2.36904515684247
399.65,403,480,476,260160,159460,2023-10-31,2023-11-24,415.59,-4,-100700,79289023,-27393393,0.201112327995264,98.077269788026,-0.631506333876834
416.33,454,55,42,240295,158214,2023-10-31,2023-12-15,415.59,-13,-82081,1305928546,-368040285,0.012115057939778,99.8124726649478,-0.518797325141896
416.09,435,386,83,974650,156953,2023-10-31,2023-11-03,415.59,-303,-817697,119667282,-120510056,0.131157821400172,98.7096732087556,-5.20982077437195
416.1,465,32,32,174112,156480,2023-10-31,2023-12-15,415.59,0,-17632,1305928546,-368040285,0.0119822788527972,99.8244549438006,-0.112678936605317
415.33,450,42,44,155694,152548,2023-10-31,2023-11-24,415.59,2,-3146,79289023,-27393393,0.192394853950969,98.269664641977,-0.0206230170175945
412.64,442,56,51,174608,149736,2023-10-31,2023-11-17,415.59,-5,-24872,1098145977,-492077338,0.0136353456768162,99.8501060847578,-0.166105679328952
334.86,335,10540,10556,231880,147784,2023-10-31,2023-11-17,415.59,16,-84096,1098145977,-492077338,0.0134575915311121,99.8635636762889,-0.569046716829968
345.34,346,2250,2219,229500,146454,2023-10-31,2023-12-15,415.59,-31,-83046,1305928546,-368040285,0.011214549252988,99.8356694930536,-0.567044942439264
359.96,360,36849,36541,294792,146164,2023-10-31,2023-11-03,415.59,-308,-148628,119667282,-120510056,0.122141990322802,98.8318151990784,-1.0168577761966
381.09,382,1578,1601,258792,145691,2023-10-31,2023-11-24,415.59,23,-113101,79289023,-27393393,0.183746746381274,98.4534113883583,-0.776307390298646
219.93,220,20695,20695,144865,144865,2023-10-31,2023-12-15,415.59,0,0,1305928546,-368040285,0.0110928733768563,99.8467623664304,0
410.29,437,57,53,152247,141563,2023-10-31,2023-11-24,415.59,-4,-10684,79289023,-27393393,0.178540477160376,98.6319518655186,-0.0754716981132076
304.92,305,17401,17402,191411,139216,2023-10-31,2023-11-17,415.59,1,-52195,1098145977,-492077338,0.0126773673915667,99.8762410436805,-0.374920986093552
415.56,431,207,90,438840,138960,2023-10-31,2023-11-03,415.59,-117,-299880,119667282,-120510056,0.116121965567832,98.9479371646462,-2.1580310880829
415.35,434,77,73,177100,136145,2023-10-31,2023-11-03,415.59,-4,-40955,119667282,-120510056,0.113769609975766,99.061706774622,-0.300818979764222
339.86,340,9634,9586,250484,134204,2023-10-31,2023-11-17,415.59,-48,-116280,1098145977,-492077338,0.0122209617674536,99.8884620054479,-0.866442132872343
339.77,340,5853,5834,210708,134182,2023-10-31,2023-11-24,415.59,-19,-76526,79289023,-27393393,0.169231496269036,98.8011833617877,-0.570314945372703
329.89,330,11973,12029,239460,132319,2023-10-31,2023-11-17,415.59,56,-107141,1098145977,-492077338,0.0120493088142507,99.9005113142622,-0.809717425313069
392.19,394,706,701,225920,126881,2023-10-31,2023-11-24,415.59,-5,-99039,79289023,-27393393,0.160023412068024,98.9612067738557,-0.78056604219702
347.27,348,1709,1709,186281,124757,2023-10-31,2023-12-15,415.59,0,-61524,1305928546,-368040285,0.00955312604063408,99.8563154924711,-0.493150684931507
279.84,280,7763,7761,201838,124176,2023-10-31,2023-12-15,415.59,-2,-77662,1305928546,-368040285,0.00950863662337005,99.8658241290944,-0.625418760469012
355.17,356,1306,1464,169780,121512,2023-10-31,2023-12-15,415.59,158,-48268,1305928546,-368040285,0.00930464383921967,99.8751287729337,-0.397228257291461
415.5,500,14,14,119224,118300,2023-10-31,2023-12-15,415.59,0,-924,1305928546,-368040285,0.00905868857544676,99.8841874615091,-0.00781065088757396
393.86,394,8082,8273,460674,115822,2023-10-31,2023-11-03,415.59,191,-344852,119667282,-120510056,0.0967866889464407,99.1584934635684,-2.97743088532403
199.97,200,37734,37959,188670,113877,2023-10-31,2023-12-15,415.59,225,-74793,1305928546,-368040285,0.00872000235761751,99.8929074638667,-0.656787586606602
269.87,270,7970,7955,175340,103415,2023-10-31,2023-12-15,415.59,-15,-71925,1305928546,-368040285,0.0079188865513933,99.9008263504181,-0.695498718754533
395.2,396,1174,1279,224234,102320,2023-10-31,2023-11-10,415.59,105,-121914,96771460,-53130994,0.105733653289927,99.2947631460763,-1.1914972634871
299.95,300,19904,19909,218944,99545,2023-10-31,2023-11-17,415.59,5,-119399,1098145977,-492077338,0.00906482399288524,99.9095761382551,-1.19944748606158
264.88,265,7979,7974,159580,95688,2023-10-31,2023-12-15,415.59,-5,-63892,1305928546,-368040285,0.00732720027394209,99.9081535506921,-0.66771172978848
416,454,26,25,116220,95000,2023-10-31,2023-11-17,415.59,-1,-21220,1098145977,-492077338,0.00865094459113062,99.9182270828462,-0.223368421052632
395.81,396,4373,4969,310483,94411,2023-10-31,2023-11-03,415.59,596,-216072,119667282,-120510056,0.0788945803916563,99.2373880439601,-2.28863162131531
314.93,315,13485,13474,202275,94318,2023-10-31,2023-11-17,415.59,-11,-107957,1098145977,-492077338,0.00858883991522377,99.9268159227614,-1.14460654381984
415.88,440,783,39,2347434,94068,2023-10-31,2023-11-24,415.59,-744,-2253366,79289023,-27393393,0.118639373321576,99.0798461471773,-23.9546498277842
360.83,362,815,785,137735,91845,2023-10-31,2023-12-15,415.59,-30,-45890,1305928546,-368040285,0.00703292689950894,99.9151864775916,-0.499646142958245
309.94,310,14989,14989,194857,89934,2023-10-31,2023-11-17,415.59,0,-104923,1098145977,-492077338,0.00818962158798675,99.9350055443494,-1.16666666666667
254.91,255,9766,9767,156256,87903,2023-10-31,2023-12-15,415.59,1,-68353,1305928546,-368040285,0.00673107271215128,99.9219175503037,-0.777595758961583
395.65,398,423,374,168354,87890,2023-10-31,2023-11-24,415.59,-49,-80464,79289023,-27393393,0.110847626411035,99.1906937735883,-0.915508021390374
386.72,388,574,686,137760,87808,2023-10-31,2023-11-24,415.59,112,-49952,79289023,-27393393,0.11074420730345,99.3014379808918,-0.568877551020408
385.92,386,6085,10723,133870,85784,2023-10-31,2023-11-03,415.59,4638,-48086,119667282,-120510056,0.0716854252610166,99.3090734692211,-0.56054742143057
416.25,435,53,43,132023,80625,2023-10-31,2023-11-10,415.59,-10,-51398,96771460,-53130994,0.0833148533668914,99.3780779994432,-0.637494573643411
415.64,436,40,39,91880,79404,2023-10-31,2023-11-03,415.59,-1,-12476,119667282,-120510056,0.0663539763525339,99.3754274455736,-0.15712054808322
319.9,320,7929,7932,126864,79320,2023-10-31,2023-11-17,415.59,3,-47544,1098145977,-492077338,0.00722308342072085,99.9422286277701,-0.599394856278366
324.91,325,8124,8184,138108,73656,2023-10-31,2023-11-17,415.59,60,-64452,1098145977,-492077338,0.00670730499794018,99.9489359327681,-0.87504072987944
390.38,392,330,454,94380,73548,2023-10-31,2023-11-24,415.59,124,-20832,79289023,-27393393,0.0927593722525753,99.3941973531443,-0.283243596018926
384.89,386,609,652,130935,72372,2023-10-31,2023-11-24,415.59,43,-58563,79289023,-27393393,0.0912761909047612,99.4854735440491,-0.809194163488642
415.43,433,2455,40,5430460,70280,2023-10-31,2023-11-03,415.59,-2415,-5360180,119667282,-120510056,0.058729503023224,99.4341569485969,-76.2689243027889
244.91,245,7382,7382,95966,66438,2023-10-31,2023-12-15,415.59,0,-29528,1305928546,-368040285,0.00508741463715581,99.9270049649409,-0.444444444444445
415.63,525,6,6,66876,65622,2023-10-31,2023-12-15,415.59,0,-1254,1305928546,-368040285,0.00502493036092956,99.9320298953018,-0.0191094450032001
339.93,340,9306,9319,111672,65233,2023-10-31,2023-11-10,415.59,13,-46439,96771460,-53130994,0.0674093374224177,99.4454873368657,-0.711894286634065
415.96,441,28,26,86968,65104,2023-10-31,2023-11-17,415.59,-2,-21864,1098145977,-492077338,0.00592853785958914,99.9548644706277,-0.335831899729663
413.19,439,25,25,64525,64525,2023-10-31,2023-11-24,415.59,0,0,79289023,-27393393,0.0813794867922638,99.5668530308414,0
416.42,440,31,27,91915,63666,2023-10-31,2023-11-10,415.59,-4,-28249,96771460,-53130994,0.0657900583498482,99.5112773952155,-0.443706216819024
387.59,388,1422,1464,140778,60024,2023-10-31,2023-11-10,415.59,42,-80754,96771460,-53130994,0.0620265520433401,99.5733039472588,-1.3453618552579
415.63,471,10,10,57300,55370,2023-10-31,2023-12-15,415.59,0,-1930.00000000001,1305928546,-368040285,0.00423989506696946,99.9362697903688,-0.034856420444284
374.81,375,2157,2792,86280,53048,2023-10-31,2023-11-10,415.59,635,-33232,96771460,-53130994,0.0548178150872168,99.6281217623461,-0.626451515608506
416.16,466,10,10,54500,49840,2023-10-31,2023-12-15,415.59,0,-4660,1305928546,-368040285,0.00381644157734798,99.9400862319461,-0.0934991974317817
383,384,354,481,63720,48100,2023-10-31,2023-11-24,415.59,127,-15620,79289023,-27393393,0.0606641350594016,99.6275171659008,-0.324740124740125
259.9,260,4704,4774,79968,47740,2023-10-31,2023-12-15,415.59,70,-32228,1305928546,-368040285,0.00365563645470692,99.9437418684008,-0.675073313782991
234.93,235,6801,6801,74811,47607,2023-10-31,2023-12-15,415.59,0,-27204,1305928546,-368040285,0.00364545213027298,99.9473873205311,-0.571428571428571
294.95,295,7752,9436,77520,47180,2023-10-31,2023-11-17,415.59,1684,-30340,1098145977,-492077338,0.0042963322716794,99.9591608028993,-0.643069097075032
416.12,510,5,5,48230,46940,2023-10-31,2023-12-15,415.59,0,-1289.99999999999,1305928546,-368040285,0.00359437736036746,99.9509816978915,-0.0274818917767361
189.97,190,14997,14997,44991,44991,2023-10-31,2023-12-15,415.59,0,0,1305928546,-368040285,0.00344513489178297,99.9544268327833,0
377.24,378,552,577,78384,43852,2023-10-31,2023-11-24,415.59,25,-34532,79289023,-27393393,0.0553065208030121,99.6828236867038,-0.78746693423333
415.29,470,8,8,48712,43768,2023-10-31,2023-11-17,415.59,0,-4944,1098145977,-492077338,0.00398562676699584,99.9631464296663,-0.112959239627125
379.94,380,7025,7108,112400,42648,2023-10-31,2023-11-03,415.59,83,-69752,119667282,-120510056,0.0356388139575193,99.4697957625544,-1.63552804351904
209.97,210,13922,13915,97454,41745,2023-10-31,2023-12-15,415.59,-7,-55709,1305928546,-368040285,0.00319657611650064,99.9576234088997,-1.33450712660199
391.88,392,3247,3460,142868,41520,2023-10-31,2023-11-03,415.59,213,-101348,119667282,-120510056,0.0346962004200948,99.5044919629745,-2.44094412331407
284.96,285,10275,10276,61650,41104,2023-10-31,2023-11-17,415.59,1,-20546,1098145977,-492077338,0.00374303606814561,99.9668894657345,-0.499854028804983
416.45,432.5,463,24,1010266,38520,2023-10-31,2023-11-03,415.59,-439,-971746,119667282,-120510056,0.0321892495226891,99.5366812124972,-25.2270508826584
354.7,355,1275,1281,68850,38430,2023-10-31,2023-11-24,415.59,6,-30420,79289023,-27393393,0.0484682476160666,99.7312919343199,-0.791569086651054
289.96,290,9530,9564,85770,38256,2023-10-31,2023-11-17,415.59,34,-47514,1098145977,-492077338,0.00348368985556098,99.9703731555901,-1.24200125470514
184.97,185,12532,12532,37596,37596,2023-10-31,2023-12-15,415.59,0,0,1305928546,-368040285,0.00287887113848264,99.9605022800382,0
413.66,438,21,15,57183,36510,2023-10-31,2023-11-24,415.59,-6,-20673,79289023,-27393393,0.0460467270482069,99.7773386613681,-0.566228430566968
279.97,280,12152,12142,97216,36426,2023-10-31,2023-11-17,415.59,-10,-60790,1098145977,-492077338,0.00331704534396341,99.973690200934,-1.66886290012628
416.01,440,15,15,45195,35985,2023-10-31,2023-11-03,415.59,0,-9210,119667282,-120510056,0.0300708760143813,99.5667520885116,-0.255939974989579
179.97,180,11903,11904,35709,35712,2023-10-31,2023-12-15,415.59,1,3,1305928546,-368040285,0.00273460597131323,99.9632368860095,8.4005376344086e-05
274.97,275,11981,11884,71886,35652,2023-10-31,2023-11-17,415.59,-97,-36234,1098145977,-492077338,0.00324656291118936,99.9769367638452,-1.01632446987546
415.43,445,12,12,39180,35484,2023-10-31,2023-11-24,415.59,0,-3695.99999999999,79289023,-27393393,0.0447527269947569,99.8220913883628,-0.104159621237741
369.85,370,2234,2342,71488,35130,2023-10-31,2023-11-10,415.59,108,-36358,96771460,-53130994,0.0363020254112111,99.6644237877573,-1.03495587816681
414.94,450,10,10,34870,35060,2023-10-31,2023-11-03,415.59,0,190,119667282,-120510056,0.0292978994876812,99.5960499879992,0.00541928123217342
415.33,442,12,13,34932,34671,2023-10-31,2023-11-03,415.59,1,-261,119667282,-120510056,0.0289728315213176,99.6250228195206,-0.00752790516570044
418.03,449,11,11,34067,34067,2023-10-31,2023-12-15,415.59,0,0,1305928546,-368040285,0.00260864195857772,99.9658455279681,0
417.38,451,10,10,33620,33620,2023-10-31,2023-12-15,415.59,0,0,1305928546,-368040285,0.00257441343961555,99.9684199414077,0
149.99,150,32526,32600,65052,32600,2023-10-31,2023-12-15,415.59,74,-32452,1305928546,-368040285,0.00249630809433275,99.9709162495021,-0.995460122699387
411.71,475,5,5,31645,31645,2023-10-31,2023-11-03,415.59,0,0,119667282,-120510056,0.0264441537161344,99.6514669732367,0
229.95,230,6299,6308,62990,31540,2023-10-31,2023-12-15,415.59,9,-31450,1305928546,-368040285,0.00241513979433297,99.9733313892964,-0.99714648065948
392.87,393,2381,2405,119050,31265,2023-10-31,2023-11-03,415.59,24,-87785,119667282,-120510056,0.026126606602463,99.6775935798392,-2.80777226931073
415.56,460,3,7,14724,31108,2023-10-31,2023-11-03,415.59,4,16384,119667282,-120510056,0.0259954095054988,99.7035889893446,0.526681239552527
377.48,378,538,593,54876,30836,2023-10-31,2023-11-17,415.59,55,-24040,1098145977,-492077338,0.00280800555170636,99.9797447693969,-0.779608250097289
359.89,360,2656,2685,58432,29535,2023-10-31,2023-11-10,415.59,29,-28897,96771460,-53130994,0.0305203620984948,99.6949441498558,-0.978398510242086
416.04,445,10,10,35220,28960,2023-10-31,2023-11-03,415.59,0,-6260,119667282,-120510056,0.0242004326629563,99.7277894220076,-0.216160220994475
224.95,225,5770,5773,51930,28865,2023-10-31,2023-12-15,415.59,3,-23065,1305928546,-368040285,0.00221030469763543,99.975541693994,-0.799064611120734
415.33,444,11,10,31009,28670,2023-10-31,2023-11-24,415.59,-1,-2339,79289023,-27393393,0.0361588513961132,99.8582502397589,-0.0815835367980467
413.73,439,11,11,27797,27797,2023-10-31,2023-11-10,415.59,0,0,96771460,-53130994,0.0287243780345982,99.7236685278904,0
418.67,473,5,5,27165,27165,2023-10-31,2023-12-15,415.59,0,0,1305928546,-368040285,0.00208012912216409,99.9776218231162,0
415.96,443,10,10,33170,27040,2023-10-31,2023-11-17,415.59,0,-6130.00000000001,1098145977,-492077338,0.00246233201835971,99.9822071014153,-0.226701183431953
384.93,385,3478,3777,69560,26439,2023-10-31,2023-11-03,415.59,299,-43121,119667282,-120510056,0.0220937582588364,99.7498831802664,-1.63096183668066
334.95,335,5275,5274,63300,26370,2023-10-31,2023-11-10,415.59,-1,-36930,96771460,-53130994,0.0272497697151619,99.7509182976055,-1.4004550625711
414.1,500,3,3,25770,25770,2023-10-31,2023-11-03,415.59,0,0,119667282,-120510056,0.0215347082087149,99.7714178884751,0
415.97,452,7,7,25900,25221,2023-10-31,2023-11-17,415.59,0,-679,1098145977,-492077338,0.00229668919508321,99.9845037906104,-0.0269220094365806
415.99,437,214,12,580582,25212,2023-10-31,2023-11-03,415.59,-202,-555370,119667282,-120510056,0.0210684153417974,99.792486303817,-22.0280025384737
415.15,540,2,2,25150,24970,2023-10-31,2023-12-15,415.59,0,-180,1305928546,-368040285,0.00191204948207021,99.9795338725983,-0.00720865038045655
417.47,453,7,7,24871,24871,2023-10-31,2023-12-15,415.59,0,0,1305928546,-368040285,0.0019044686691457,99.9814383412674,0
415.38,436,13,12,33683,24744,2023-10-31,2023-11-10,415.59,-1,-8939,96771460,-53130994,0.0255695222537719,99.7764878198593,-0.361259295182671
415.3,450,9,7,32364,24290,2023-10-31,2023-11-10,415.59,-2,-8074,96771460,-53130994,0.0251003756686114,99.8015881955279,-0.332400164676822
415.67,495,3,3,25620,23799,2023-10-31,2023-11-17,415.59,0,-1821,1098145977,-492077338,0.00216719821394019,99.9866709888243,-0.0765158199924368
369.96,370,5060,5068,45540,20272,2023-10-31,2023-11-03,415.59,8,-25268,119667282,-120510056,0.0169403028640694,99.809426606681,-1.24644830307814
410.43,438,7,7,19299,19299,2023-10-31,2023-11-03,415.59,0,0,119667282,-120510056,0.0161272151230108,99.825553821804,0
381.73,382,373,714,23872,19278,2023-10-31,2023-11-10,415.59,341,-4594,96771460,-53130994,0.0199211627064426,99.8215093582343,-0.238302728498807
164.98,165,9566,9565,19132,19130,2023-10-31,2023-12-15,415.59,-1,-2,1305928546,-368040285,0.00146485809339219,99.9829031993608,-0.000104547830632514
209.99,210,18783,18786,37566,18786,2023-10-31,2023-11-17,415.59,3,-18780,1098145977,-492077338,0.00171070152725242,99.9883816903515,-0.999680613222613
416.11,463,4,4,20936,18756,2023-10-31,2023-12-15,415.59,0,-2180,1305928546,-368040285,0.0014362194667885,99.9843394188276,-0.116229473235231
344.98,345,8836,8853,53016,17706,2023-10-31,2023-11-03,415.59,17,-35310,119667282,-120510056,0.0147960241964884,99.8403498460005,-1.99423924093528
416.13,590,1,1,17540,17387,2023-10-31,2023-12-15,415.59,0,-153,1305928546,-368040285,0.00133138984160011,99.9856708086692,-0.00879967792028527
344.93,345,2380,2406,40460,16842,2023-10-31,2023-11-10,415.59,26,-23618,96771460,-53130994,0.0174038916019248,99.8389132498363,-1.40232751454697
415.37,434,102,9,248574,16767,2023-10-31,2023-11-10,415.59,-93,-231807,96771460,-53130994,0.0173263894127463,99.856239639249,-13.8251923421006
309.81,310,878,878,16682,16682,2023-10-31,2023-11-24,415.59,0,0,79289023,-27393393,0.0210394823505392,99.8792897221094,0
415.64,457,154,4,720412,16544,2023-10-31,2023-12-15,415.59,-150,-703868,1305928546,-368040285,0.00126683807093991,99.9869376467401,-42.5452127659575
159.98,160,7932,7932,15864,15864,2023-10-31,2023-12-15,415.59,0,0,1305928546,-368040285,0.00121476784075137,99.9881524145809,0
324.85,325,1042,1054,26050,15810,2023-10-31,2023-11-24,415.59,12,-10240,79289023,-27393393,0.0199397084259696,99.8992294305354,-0.647691334598355
214.96,215,3399,3780,20394,15120,2023-10-31,2023-12-15,415.59,381,-5274,1305928546,-368040285,0.00115779688301568,99.9893102114639,-0.348809523809524
383.69,384,485,486,34435,15066,2023-10-31,2023-11-10,415.59,1,-19369,96771460,-53130994,0.0155686397621778,99.8718082790112,-1.2856099827426
381.94,382,994,2503,17892,15018,2023-10-31,2023-11-03,415.59,1509,-2874,119667282,-120510056,0.0125497961924129,99.8528996421929,-0.191370355573312
415.15,490,2,2,16060,14970,2023-10-31,2023-12-15,415.59,0,-1090,1305928546,-368040285,0.00114631080282703,99.9904565222667,-0.0728122912491651
415.2,465,4,3,22064,14940,2023-10-31,2023-11-10,415.59,-1,-7124,96771460,-53130994,0.0154384360843579,99.8872467150956,-0.476840696117805
415.35,445,5,5,15420,14825,2023-10-31,2023-11-10,415.59,0,-594.999999999998,96771460,-53130994,0.0153195993942842,99.9025663144898,-0.0401349072512646
169.98,170,7222,7225,14444,14450,2023-10-31,2023-12-15,415.59,3,6,1305928546,-368040285,0.00110649239150639,99.9915630146582,0.00041522491349481
416.11,464,3,3,14205,14367,2023-10-31,2023-12-15,415.59,0,162,1305928546,-368040285,0.00110013676046867,99.9926631514187,0.0112758404677386
414.29,460,2,3,9096,13713,2023-10-31,2023-11-24,415.59,1,4617,79289023,-27393393,0.0172949539307604,99.9165243844662,0.336687814482608
368.96,369,3249,3410,32490,13640,2023-10-31,2023-11-03,415.59,161,-18850,119667282,-120510056,0.0113982700802045,99.8642979122731,-1.38196480938416
354.91,355,1444,1511,27436,13599,2023-10-31,2023-11-10,415.59,67,-13837,96771460,-53130994,0.0140526969418463,99.9166190114317,-1.01750128685933
416.11,461,3,3,13095,13467,2023-10-31,2023-12-15,415.59,0,372.000000000004,1305928546,-368040285,0.00103122027933678,99.993694371698,0.0276230786366677
214.99,215,13304,13304,13304,13304,2023-10-31,2023-11-17,415.59,0,0,1098145977,-492077338,0.00121149649305686,99.9895931868446,0
387.91,388,1383,1443,37341,12987,2023-10-31,2023-11-03,415.59,60,-24354,119667282,-120510056,0.0108525904348692,99.875150502708,-1.87525987525988
334.77,335,564,564,18048,12972,2023-10-31,2023-11-24,415.59,0,-5076,79289023,-27393393,0.016360398336602,99.9328847828028,-0.391304347826087
415.31,458,4,3,16592,12807,2023-10-31,2023-12-15,415.59,-1,-3785,1305928546,-368040285,0.000980681526506734,99.9946750532246,-0.295541500741782
415.01,456,3,3,12297,12297,2023-10-31,2023-11-17,415.59,0,0,1098145977,-492077338,0.00111979648039088,99.990712983325,0
204.98,205,5880,5865,35280,11730,2023-10-31,2023-12-15,415.59,-15,-23550,1305928546,-368040285,0.000898211470752244,99.9955732646953,-2.0076726342711
249.98,250,5813,5778,17439,11556,2023-10-31,2023-11-17,415.59,-35,-5883,1098145977,-492077338,0.00105231911258006,99.9917653024376,-0.509086188992731
154.99,155,11555,11554,23110,11554,2023-10-31,2023-12-15,415.59,-1,-11556,1305928546,-368040285,0.000884734469997565,99.9964579991653,-1.00017310022503
194.97,195,3639,3639,10917,10917,2023-10-31,2023-12-15,415.59,0,0,1305928546,-368040285,0.000835956916129774,99.9972939560814,0
383.93,384,1236,1537,23484,10759,2023-10-31,2023-11-03,415.59,301,-12725,119667282,-120510056,0.00899076156839595,99.8841412642764,-1.18273073705735
304.91,305,1145,1193,19465,10737,2023-10-31,2023-11-24,415.59,48,-8728,79289023,-27393393,0.0135415970505779,99.9464263798534,-0.812890006519512
319.88,320,876,886,20148,10632,2023-10-31,2023-11-24,415.59,10,-9516,79289023,-27393393,0.013409170144523,99.9598355499979,-0.895033860045147
386.92,387,1016,1316,25400,10528,2023-10-31,2023-11-03,415.59,300,-14872,119667282,-120510056,0.00879772634929571,99.8929389906257,-1.41261398176292
174.98,175,5524,5229,16572,10458,2023-10-31,2023-12-15,415.59,-295,-6114,1305928546,-368040285,0.000800809510752513,99.9980947655922,-0.584624211130235
299.97,300,3255,3366,13020,10098,2023-10-31,2023-11-10,415.59,111,-2922,96771460,-53130994,0.0104348947509937,99.9270539061827,-0.289364230540701
417.61,468,2,2,10078,10078,2023-10-31,2023-12-15,415.59,0,0,1305928546,-368040285,0.000771711440941272,99.9988664770331,0
364.96,365,1376,2409,11008,9636,2023-10-31,2023-11-03,415.59,1033,-1372,119667282,-120510056,0.00805232628246708,99.9009913169082,-0.142382731423827
416.01,464,2,2,9816,9598,2023-10-31,2023-11-17,415.59,0,-218,1098145977,-492077338,0.000874018591428123,99.992639321029,-0.0227130652219212
388.9,389,953,953,28590,9530,2023-10-31,2023-11-03,415.59,0,-19060,119667282,-120510056,0.00796374735075875,99.9089550642589,-2
409.52,441,3,3,9444,9444,2023-10-31,2023-11-10,415.59,0,0,96771460,-53130994,0.00975907566135718,99.936812981844,0
415.45,462,2,2,10380,9310,2023-10-31,2023-11-17,415.59,0,-1070,1098145977,-492077338,0.000847792569930801,99.9934871135989,-0.114930182599356
264.95,265,1804,1804,9020,9020,2023-10-31,2023-11-17,415.59,0,0,1098145977,-492077338,0.000821384423284192,99.9943084980222,0
415.05,460,3,2,15135,8990,2023-10-31,2023-11-10,415.59,-1,-6145,96771460,-53130994,0.00928992907619664,99.9461029109202,-0.683537263626252
417.62,462,2,2,8876,8876,2023-10-31,2023-12-15,415.59,0,0,1305928546,-368040285,0.000679669651696242,99.9995461466848,0
367.96,368,1065,2215,9585,8860,2023-10-31,2023-11-03,415.59,1150,-725,119667282,-120510056,0.00740386165033814,99.9163589259093,-0.0818284424379233
382.94,383,1313,1439,23634,8634,2023-10-31,2023-11-03,415.59,126,-15000,119667282,-120510056,0.00721500468273358,99.923573930592,-1.73731758165393
416.04,459,2,2,8830,8592,2023-10-31,2023-11-17,415.59,0,-238,1098145977,-492077338,0.000782409641336782,99.9950909076635,-0.0277001862197393
269.98,270,4096,4098,24576,8196,2023-10-31,2023-11-17,415.59,2,-16380,1098145977,-492077338,0.000746348861777964,99.9958372565253,-1.99853587115666
415.42,442,4,3,11616,7974,2023-10-31,2023-11-24,415.59,-1,-3642,79289023,-27393393,0.0100568776083923,99.9698924276063,-0.45673438675696
418.16,437.5,4,4,7736,7736,2023-10-31,2023-11-03,415.59,0,0,119667282,-120510056,0.00646459071411015,99.9300385213061,0
372.94,373,1236,1229,13596,7374,2023-10-31,2023-11-03,415.59,-7,-6222,119667282,-120510056,0.00616208530582319,99.9362006066119,-0.843775427176567
409.65,444,2,2,6870,6870,2023-10-31,2023-11-03,415.59,0,0,119667282,-120510056,0.00574091755505903,99.941941524167,0
418.22,452,2,2,6756,6756,2023-10-31,2023-11-03,415.59,0,0,119667282,-120510056,0.00564565342095762,99.9475871775879,0
314.86,315,470,470,9870,6580,2023-10-31,2023-11-24,415.59,0,-3290,79289023,-27393393,0.00829875277943581,99.9781911803857,-0.5
324.95,325,1268,1277,13948,6385,2023-10-31,2023-11-10,415.59,9,-7563,96771460,-53130994,0.00659801970539661,99.9527009306256,-1.18449490994518
377.79,378,284,298,13632,6258,2023-10-31,2023-11-10,415.59,14,-7374,96771460,-53130994,0.00646678266505435,99.9591677132907,-1.17833173537872
234.99,235,6235,6234,12470,6234,2023-10-31,2023-11-17,415.59,-1,-6236,1098145977,-492077338,0.000567684090327456,99.9964049406157,-1.00032082130253
349.98,350,3057,3054,18342,6108,2023-10-31,2023-11-03,415.59,-3,-12234,119667282,-120510056,0.00510415202711799,99.9526913296151,-2.00294695481336
254.98,255,3051,3051,12204,6102,2023-10-31,2023-11-17,415.59,0,-6102,1098145977,-492077338,0.000555663830474516,99.9969606044461,-1
412.73,472,1,1,5927,5927,2023-10-31,2023-12-15,415.59,0,0,1305928546,-368040285,0.00045385331518743,100,0
412.99,441,2,2,4594,5602,2023-10-31,2023-11-03,415.59,0,1008,119667282,-120510056,0.00468131297575556,99.9573726425908,0.179935737236701
414.07,442,2,2,5430,5586,2023-10-31,2023-11-10,415.59,0,156,96771460,-53130994,0.00577236305001495,99.9649400763407,0.0279269602577873
299.92,300,637,695,9555,5560,2023-10-31,2023-11-24,415.59,58,-3995,79289023,-27393393,0.00701231997776035,99.9852035003635,-0.718525179856115
299.99,300,5261,5466,10522,5466,2023-10-31,2023-11-03,415.59,205,-5056,119667282,-120510056,0.00456766453507317,99.9619403071259,-0.924990852542993
414.68,465,0,1,0,5032,2023-10-31,2023-11-24,415.59,1,5032,79289023,-27393393,0.00634640182159894,99.9915499021851,1
259.97,260,1594,1594,4782,4782,2023-10-31,2023-11-17,415.59,0,0,1098145977,-492077338,0.000435461231945122,99.9973960656781,0
415.35,462,1,1,4928,4665,2023-10-31,2023-11-10,415.59,0,-263,96771460,-53130994,0.00482063616690293,99.9697607125076,-0.0563772775991426
229.99,230,4320,4321,8640,4321,2023-10-31,2023-11-17,415.59,1,-4319,1098145977,-492077338,0.000393481385034478,99.9977895470631,-0.999537144179588
329.95,330,815,860,8965,4300,2023-10-31,2023-11-10,415.59,45,-4665,96771460,-53130994,0.00444345884623421,99.9742041713538,-1.08488372093023
412.71,455,1,1,4229,4229,2023-10-31,2023-11-03,415.59,0,0,119667282,-120510056,0.00353396511504289,99.9654742722409,0
416.02,458,1,1,4309,4198,2023-10-31,2023-11-17,415.59,0,-111,1098145977,-492077338,0.00038228068835333,99.9981718277515,-0.0264411624583135
415.45,455,0,1,0,3955,2023-10-31,2023-11-24,415.59,1,3955,79289023,-27393393,0.00498808012806514,99.9965379823131,1
219.99,220,3882,3882,3882,3882,2023-10-31,2023-11-17,415.59,0,0,1098145977,-492077338,0.00035350491476599,99.9985253326662,0
415.3,454,1,1,3921,3870,2023-10-31,2023-11-10,415.59,0,-50.9999999999996,96771460,-53130994,0.00399911296161079,99.9782032843154,-0.0131782945736433
414.92,451,1,1,3608,3608,2023-10-31,2023-11-17,415.59,0,0,1098145977,-492077338,0.000328553769313677,99.9988538864356,0
314.97,315,959,1186,4795,3558,2023-10-31,2023-11-10,415.59,227,-1237,96771460,-53130994,0.00367670385462821,99.9818799881701,-0.347667228780214
410.99,446,1,1,3501,3501,2023-10-31,2023-11-03,415.59,0,0,119667282,-120510056,0.00292561169727244,99.9683998839382,0
415.48,449,1,1,3890,3352,2023-10-31,2023-11-17,415.59,0,-538,1098145977,-492077338,0.000305241750204946,99.9991591281857,-0.160501193317422
244.97,245,1084,1084,3252,3252,2023-10-31,2023-11-17,415.59,0,0,1098145977,-492077338,0.000296135492740598,99.9994552636785,0
414.88,447,1,1,3733,3212,2023-10-31,2023-11-10,415.59,0,-521,96771460,-53130994,0.00331916042188472,99.9851991485919,-0.162204234122043
239.98,240,1580,1579,4740,3158,2023-10-31,2023-11-17,415.59,-1,-1582,1098145977,-492077338,0.000287575610724111,99.9997428392892,-0.500949968334389
354.97,355,928,1013,6496,3039,2023-10-31,2023-11-03,415.59,85,-3457,119667282,-120510056,0.00253954125907197,99.9709394251973,-1.13754524514643
324.99,325,2938,2940,11752,2940,2023-10-31,2023-11-03,415.59,2,-8812,119667282,-120510056,0.00245681187945758,99.9733962370767,-2.99727891156463
414.02,443,1,1,2898,2898,2023-10-31,2023-11-03,415.59,0,0,119667282,-120510056,0.0024217145668939,99.9758179516436,0
415.4,444,1,1,3431,2860,2023-10-31,2023-11-10,415.59,0,-571,96771460,-53130994,0.00295541681400694,99.988154565406,-0.19965034965035
224.99,225,2823,2824,5646,2824,2023-10-31,2023-11-17,415.59,1,-2822,1098145977,-492077338,0.000257160710793188,100,-0.99929178470255
415.2,443,1,1,3014,2780,2023-10-31,2023-11-10,415.59,0,-234,96771460,-53130994,0.00287274781221654,99.9910273132182,-0.0841726618705036
415.55,443,1,1,3098,2745,2023-10-31,2023-11-24,415.59,0,-353,79289023,-27393393,0.0034620176868619,100,-0.128597449908925
409.77,437,1,1,2723,2723,2023-10-31,2023-11-10,415.59,0,0,96771460,-53130994,0.00281384614844087,99.9938411593666,0
309.94,310,453,453,2718,2718,2023-10-31,2023-11-10,415.59,0,0,96771460,-53130994,0.00280867933582897,99.9966498387024,0
339.98,340,1061,1087,5305,2174,2023-10-31,2023-11-03,415.59,26,-3131,119667282,-120510056,0.00181670375031999,99.9776346553939,-1.44020239190432
356.96,357,312,517,2184,2068,2023-10-31,2023-11-03,415.59,205,-116,119667282,-120510056,0.00172812481861166,99.9793627802126,-0.0560928433268861
304.97,305,644,678,2576,2034,2023-10-31,2023-11-10,415.59,34,-542,96771460,-53130994,0.00210185937052102,99.998751698073,-0.266470009832842
314.99,315,1635,1955,3270,1955,2023-10-31,2023-11-03,415.59,320,-1315,119667282,-120510056,0.00163369633480938,99.9809964765474,-0.672634271099745
304.98,305,855,855,1710,1710,2023-10-31,2023-11-03,415.59,0,0,119667282,-120510056,0.00142896201152124,99.9824254385589,0
329.98,330,833,834,3332,1668,2023-10-31,2023-11-03,415.59,1,-1664,119667282,-120510056,0.00139386469895757,99.9838193032578,-0.997601918465228
334.98,335,698,815,2792,1630,2023-10-31,2023-11-03,415.59,117,-1162,119667282,-120510056,0.00136210998759043,99.9851814132454,-0.712883435582822
355.97,356,8,537,56,1611,2023-10-31,2023-11-03,415.59,529,1555,119667282,-120510056,0.00134623263190686,99.9865276458774,0.965238981998759
371.96,372,424,399,4240,1596,2023-10-31,2023-11-03,415.59,-25,-2644,119667282,-120510056,0.00133369787741983,99.9878613437548,-1.65664160401003
376.95,377,278,289,3614,1445,2023-10-31,2023-11-03,415.59,11,-2169,119667282,-120510056,0.00120751468225041,99.989068858437,-1.50103806228374
309.99,310,1120,1343,2240,1343,2023-10-31,2023-11-03,415.59,223,-897,119667282,-120510056,0.00112227835173861,99.9901911367888,-0.667907669396873
380.95,381,247,266,4199,1330,2023-10-31,2023-11-03,415.59,19,-2869,119667282,-120510056,0.00111141489784986,99.9913025516866,-2.15714285714286
319.99,320,1102,1266,4408,1266,2023-10-31,2023-11-03,415.59,164,-3142,119667282,-120510056,0.0010579332787052,99.9923604849653,-2.48183254344392
375.95,376,238,253,3332,1265,2023-10-31,2023-11-03,415.59,15,-2067,119667282,-120510056,0.00105709762840607,99.9934175825937,-1.63399209486166
319.96,320,303,302,2424,1208,2023-10-31,2023-11-10,415.59,-1,-1216,96771460,-53130994,0.0012483019270351,100,-1.00662251655629
370.95,371,214,224,1926,1120,2023-10-31,2023-11-03,415.59,10,-806,119667282,-120510056,0.000935928335031458,99.9943535109288,-0.719642857142857
362.96,363,159,273,1590,1092,2023-10-31,2023-11-03,415.59,114,-498,119667282,-120510056,0.000912530126655672,99.9952660410554,-0.456043956043956
373.95,374,188,198,3196,990,2023-10-31,2023-11-03,415.59,10,-2206,119667282,-120510056,0.000827293796143878,99.9960933348515,-2.22828282828283
363.96,364,167,168,1336,672,2023-10-31,2023-11-03,415.59,1,-664,119667282,-120510056,0.000561557001018875,99.9966548918526,-0.988095238095238
353.96,354,105,155,630,620,2023-10-31,2023-11-03,415.59,50,-10,119667282,-120510056,0.000518103185463843,99.997172995038,-0.0161290322580645
378.92,379,75,75,1125,600,2023-10-31,2023-11-03,415.59,0,-525,119667282,-120510056,0.000501390179481138,99.9976743852175,-0.875
361.97,362,154,179,1694,537,2023-10-31,2023-11-03,415.59,25,-1157,119667282,-120510056,0.000448744210635619,99.9981231294282,-2.15456238361266
366.96,367,64,111,576,444,2023-10-31,2023-11-03,415.59,47,-132,119667282,-120510056,0.000371028732816042,99.998494158161,-0.297297297297297
365.96,366,105,103,1470,412,2023-10-31,2023-11-03,415.59,-2,-1058,119667282,-120510056,0.000344287923243715,99.9988384460842,-2.56796116504854
358.97,359,132,132,924,396,2023-10-31,2023-11-03,415.59,0,-528,119667282,-120510056,0.000330917518457551,99.9991693636027,-1.33333333333333
377.95,378,69,75,1035,375,2023-10-31,2023-11-03,415.59,6,-660,119667282,-120510056,0.000313368862175712,99.9994827324648,-1.76
357.96,358,88,88,616,352,2023-10-31,2023-11-03,415.59,0,-264,119667282,-120510056,0.000294148905295601,99.9997768813701,-0.75
360.97,361,89,89,712,267,2023-10-31,2023-11-03,415.59,0,-445,119667282,-120510056,0.000223118629869107,100,-1.66666666666667
418.05,439,0,0,0,0,2023-10-31,2023-11-03,415.59,0,0,119667282,-120510056,0,100,
423.42,442.5,0,0,0,0,2023-10-31,2023-11-03,415.59,0,0,119667282,-120510056,0,100,
420.87,447,0,0,0,0,2023-10-31,2023-11-03,415.59,0,0,119667282,-120510056,0,100,
447.5,447.5,0,0,0,0,2023-10-31,2023-11-03,415.59,0,0,119667282,-120510056,0,100,
448,448,0,0,0,0,2023-10-31,2023-11-03,415.59,0,0,119667282,-120510056,0,100,
422.73,449,0,0,0,0,2023-10-31,2023-11-03,415.59,0,0,119667282,-120510056,0,100,
451,451,0,0,0,0,2023-10-31,2023-11-03,415.59,0,0,119667282,-120510056,0,100,
452.5,452.5,0,0,0,0,2023-10-31,2023-11-03,415.59,0,0,119667282,-120510056,0,100,
453,453,0,0,0,0,2023-10-31,2023-11-03,415.59,0,0,119667282,-120510056,0,100,
418.05,454,0,0,0,0,2023-10-31,2023-11-03,415.59,0,0,119667282,-120510056,0,100,
412.69,456,0,0,0,0,2023-10-31,2023-11-03,415.59,0,0,119667282,-120510056,0,100,
457,457,0,0,0,0,2023-10-31,2023-11-03,415.59,0,0,119667282,-120510056,0,100,
458,458,0,0,0,0,2023-10-31,2023-11-03,415.59,0,0,119667282,-120510056,0,100,
459,459,0,0,0,0,2023-10-31,2023-11-03,415.59,0,0,119667282,-120510056,0,100,
461,461,0,0,0,0,2023-10-31,2023-11-03,415.59,0,0,119667282,-120510056,0,100,
462,462,0,0,0,0,2023-10-31,2023-11-03,415.59,0,0,119667282,-120510056,0,100,
463,463,0,0,0,0,2023-10-31,2023-11-03,415.59,0,0,119667282,-120510056,0,100,
464,464,0,0,0,0,2023-10-31,2023-11-03,415.59,0,0,119667282,-120510056,0,100,
421.21,465,0,0,0,0,2023-10-31,2023-11-03,415.59,0,0,119667282,-120510056,0,100,
466,466,0,0,0,0,2023-10-31,2023-11-03,415.59,0,0,119667282,-120510056,0,100,
467,467,0,0,0,0,2023-10-31,2023-11-03,415.59,0,0,119667282,-120510056,0,100,
468,468,0,0,0,0,2023-10-31,2023-11-03,415.59,0,0,119667282,-120510056,0,100,
469,469,0,0,0,0,2023-10-31,2023-11-03,415.59,0,0,119667282,-120510056,0,100,
470,470,0,0,0,0,2023-10-31,2023-11-03,415.59,0,0,119667282,-120510056,0,100,
471,471,0,0,0,0,2023-10-31,2023-11-03,415.59,0,0,119667282,-120510056,0,100,
472,472,0,0,0,0,2023-10-31,2023-11-03,415.59,0,0,119667282,-120510056,0,100,
473,473,0,0,0,0,2023-10-31,2023-11-03,415.59,0,0,119667282,-120510056,0,100,
474,474,0,0,0,0,2023-10-31,2023-11-03,415.59,0,0,119667282,-120510056,0,100,
476,476,0,0,0,0,2023-10-31,2023-11-03,415.59,0,0,119667282,-120510056,0,100,
477,477,0,0,0,0,2023-10-31,2023-11-03,415.59,0,0,119667282,-120510056,0,100,
478,478,0,0,0,0,2023-10-31,2023-11-03,415.59,0,0,119667282,-120510056,0,100,
479,479,0,0,0,0,2023-10-31,2023-11-03,415.59,0,0,119667282,-120510056,0,100,
480,480,0,0,0,0,2023-10-31,2023-11-03,415.59,0,0,119667282,-120510056,0,100,
481,481,0,0,0,0,2023-10-31,2023-11-03,415.59,0,0,119667282,-120510056,0,100,
482,482,0,0,0,0,2023-10-31,2023-11-03,415.59,0,0,119667282,-120510056,0,100,
483,483,0,0,0,0,2023-10-31,2023-11-03,415.59,0,0,119667282,-120510056,0,100,
484,484,0,0,0,0,2023-10-31,2023-11-03,415.59,0,0,119667282,-120510056,0,100,
485,485,0,0,0,0,2023-10-31,2023-11-03,415.59,0,0,119667282,-120510056,0,100,
486,486,0,0,0,0,2023-10-31,2023-11-03,415.59,0,0,119667282,-120510056,0,100,
487,487,0,0,0,0,2023-10-31,2023-11-03,415.59,0,0,119667282,-120510056,0,100,
488,488,0,0,0,0,2023-10-31,2023-11-03,415.59,0,0,119667282,-120510056,0,100,
489,489,0,0,0,0,2023-10-31,2023-11-03,415.59,0,0,119667282,-120510056,0,100,
490,490,0,0,0,0,2023-10-31,2023-11-03,415.59,0,0,119667282,-120510056,0,100,
414.08,495,0,0,0,0,2023-10-31,2023-11-03,415.59,0,0,119667282,-120510056,0,100,
420.9,505,0,0,0,0,2023-10-31,2023-11-03,415.59,0,0,119667282,-120510056,0,100,
510,510,0,0,0,0,2023-10-31,2023-11-03,415.59,0,0,119667282,-120510056,0,100,
515,515,0,0,0,0,2023-10-31,2023-11-03,415.59,0,0,119667282,-120510056,0,100,
520,520,0,0,0,0,2023-10-31,2023-11-03,415.59,0,0,119667282,-120510056,0,100,
525,525,0,0,0,0,2023-10-31,2023-11-03,415.59,0,0,119667282,-120510056,0,100,
530,530,0,0,0,0,2023-10-31,2023-11-03,415.59,0,0,119667282,-120510056,0,100,
540,540,0,0,0,0,2023-10-31,2023-11-03,415.59,0,0,119667282,-120510056,0,100,
413.19,438,0,0,0,0,2023-10-31,2023-11-10,415.59,0,0,96771460,-53130994,0,100,
446,446,0,0,0,0,2023-10-31,2023-11-10,415.59,0,0,96771460,-53130994,0,100,
413.45,448,1,0,3216,0,2023-10-31,2023-11-10,415.59,-1,-3216,96771460,-53130994,0,100,-Inf
449,449,0,0,0,0,2023-10-31,2023-11-10,415.59,0,0,96771460,-53130994,0,100,
451,451,0,0,0,0,2023-10-31,2023-11-10,415.59,0,0,96771460,-53130994,0,100,
452,452,0,0,0,0,2023-10-31,2023-11-10,415.59,0,0,96771460,-53130994,0,100,
415.47,455,1,0,4008,0,2023-10-31,2023-11-10,415.59,-1,-4008,96771460,-53130994,0,100,-Inf
414.08,456,0,0,0,0,2023-10-31,2023-11-10,415.59,0,0,96771460,-53130994,0,100,
414.01,458,0,0,0,0,2023-10-31,2023-11-10,415.59,0,0,96771460,-53130994,0,100,
412.7,464,0,0,0,0,2023-10-31,2023-11-10,415.59,0,0,96771460,-53130994,0,100,
424.04,466,0,0,0,0,2023-10-31,2023-11-10,415.59,0,0,96771460,-53130994,0,100,
468,468,0,0,0,0,2023-10-31,2023-11-10,415.59,0,0,96771460,-53130994,0,100,
470,470,0,0,0,0,2023-10-31,2023-11-10,415.59,0,0,96771460,-53130994,0,100,
475,475,0,0,0,0,2023-10-31,2023-11-10,415.59,0,0,96771460,-53130994,0,100,
480,480,0,0,0,0,2023-10-31,2023-11-10,415.59,0,0,96771460,-53130994,0,100,
485,485,0,0,0,0,2023-10-31,2023-11-10,415.59,0,0,96771460,-53130994,0,100,
490,490,0,0,0,0,2023-10-31,2023-11-10,415.59,0,0,96771460,-53130994,0,100,
495,495,0,0,0,0,2023-10-31,2023-11-10,415.59,0,0,96771460,-53130994,0,100,
419.6,500,0,0,0,0,2023-10-31,2023-11-10,415.59,0,0,96771460,-53130994,0,100,
505,505,0,0,0,0,2023-10-31,2023-11-10,415.59,0,0,96771460,-53130994,0,100,
510,510,0,0,0,0,2023-10-31,2023-11-10,415.59,0,0,96771460,-53130994,0,100,
515,515,0,0,0,0,2023-10-31,2023-11-10,415.59,0,0,96771460,-53130994,0,100,
520,520,0,0,0,0,2023-10-31,2023-11-10,415.59,0,0,96771460,-53130994,0,100,
525,525,0,0,0,0,2023-10-31,2023-11-10,415.59,0,0,96771460,-53130994,0,100,
530,530,0,0,0,0,2023-10-31,2023-11-10,415.59,0,0,96771460,-53130994,0,100,
540,540,0,0,0,0,2023-10-31,2023-11-10,415.59,0,0,96771460,-53130994,0,100,
415.02,447,0,0,0,0,2023-10-31,2023-11-17,415.59,0,0,1098145977,-492077338,0,100,
453,453,1,1,0,0,2023-10-31,2023-11-17,415.59,0,0,1098145977,-492077338,0,100,
420.91,457,0,0,0,0,2023-10-31,2023-11-17,415.59,0,0,1098145977,-492077338,0,100,
416.17,465,2,0,10930,0,2023-10-31,2023-11-17,415.59,-2,-10930,1098145977,-492077338,0,100,-Inf
415.99,466,0,0,0,0,2023-10-31,2023-11-17,415.59,0,0,1098145977,-492077338,0,100,
419.92,468,0,0,0,0,2023-10-31,2023-11-17,415.59,0,0,1098145977,-492077338,0,100,
413.55,472,0,0,0,0,2023-10-31,2023-11-17,415.59,0,0,1098145977,-492077338,0,100,
413.53,474,0,0,0,0,2023-10-31,2023-11-17,415.59,0,0,1098145977,-492077338,0,100,
475,475,0,0,0,0,2023-10-31,2023-11-17,415.59,0,0,1098145977,-492077338,0,100,
476,476,0,0,0,0,2023-10-31,2023-11-17,415.59,0,0,1098145977,-492077338,0,100,
478,478,0,0,0,0,2023-10-31,2023-11-17,415.59,0,0,1098145977,-492077338,0,100,
480,480,0,0,0,0,2023-10-31,2023-11-17,415.59,0,0,1098145977,-492077338,0,100,
482,482,0,0,0,0,2023-10-31,2023-11-17,415.59,0,0,1098145977,-492077338,0,100,
484,484,0,0,0,0,2023-10-31,2023-11-17,415.59,0,0,1098145977,-492077338,0,100,
485,485,0,0,0,0,2023-10-31,2023-11-17,415.59,0,0,1098145977,-492077338,0,100,
486,486,0,0,0,0,2023-10-31,2023-11-17,415.59,0,0,1098145977,-492077338,0,100,
488,488,0,0,0,0,2023-10-31,2023-11-17,415.59,0,0,1098145977,-492077338,0,100,
414.05,490,0,0,0,0,2023-10-31,2023-11-17,415.59,0,0,1098145977,-492077338,0,100,
492,492,0,0,0,0,2023-10-31,2023-11-17,415.59,0,0,1098145977,-492077338,0,100,
494,494,0,0,0,0,2023-10-31,2023-11-17,415.59,0,0,1098145977,-492077338,0,100,
415.66,496,0,0,0,0,2023-10-31,2023-11-17,415.59,0,0,1098145977,-492077338,0,100,
413.84,500,0,0,0,0,2023-10-31,2023-11-17,415.59,0,0,1098145977,-492077338,0,100,
414.65,505,0,0,0,0,2023-10-31,2023-11-17,415.59,0,0,1098145977,-492077338,0,100,
420.86,510,0,0,0,0,2023-10-31,2023-11-17,415.59,0,0,1098145977,-492077338,0,100,
515,515,0,0,0,0,2023-10-31,2023-11-17,415.59,0,0,1098145977,-492077338,0,100,
520,520,0,0,0,0,2023-10-31,2023-11-17,415.59,0,0,1098145977,-492077338,0,100,
525,525,0,0,0,0,2023-10-31,2023-11-17,415.59,0,0,1098145977,-492077338,0,100,
530,530,0,0,0,0,2023-10-31,2023-11-17,415.59,0,0,1098145977,-492077338,0,100,
535,535,0,0,0,0,2023-10-31,2023-11-17,415.59,0,0,1098145977,-492077338,0,100,
540,540,0,0,0,0,2023-10-31,2023-11-17,415.59,0,0,1098145977,-492077338,0,100,
545,545,0,0,0,0,2023-10-31,2023-11-17,415.59,0,0,1098145977,-492077338,0,100,
550,550,0,0,0,0,2023-10-31,2023-11-17,415.59,0,0,1098145977,-492077338,0,100,
560,560,0,0,0,0,2023-10-31,2023-11-17,415.59,0,0,1098145977,-492077338,0,100,
415.54,441,5,0,13385,0,2023-10-31,2023-11-24,415.59,-5,-13385,79289023,-27393393,0,100,-Inf
417.84,446,0,0,0,0,2023-10-31,2023-11-24,415.59,0,0,79289023,-27393393,0,100,
414.7,447,0,0,0,0,2023-10-31,2023-11-24,415.59,0,0,79289023,-27393393,0,100,
413,447.5,0,0,0,0,2023-10-31,2023-11-24,415.59,0,0,79289023,-27393393,0,100,
411.88,448,0,0,0,0,2023-10-31,2023-11-24,415.59,0,0,79289023,-27393393,0,100,
452,452,0,0,0,0,2023-10-31,2023-11-24,415.59,0,0,79289023,-27393393,0,100,
424.09,454,0,0,0,0,2023-10-31,2023-11-24,415.59,0,0,79289023,-27393393,0,100,
456,456,0,0,0,0,2023-10-31,2023-11-24,415.59,0,0,79289023,-27393393,0,100,
458,458,0,0,0,0,2023-10-31,2023-11-24,415.59,0,0,79289023,-27393393,0,100,
462,462,0,0,0,0,2023-10-31,2023-11-24,415.59,0,0,79289023,-27393393,0,100,
464,464,0,0,0,0,2023-10-31,2023-11-24,415.59,0,0,79289023,-27393393,0,100,
466,466,0,0,0,0,2023-10-31,2023-11-24,415.59,0,0,79289023,-27393393,0,100,
468,468,0,0,0,0,2023-10-31,2023-11-24,415.59,0,0,79289023,-27393393,0,100,
420.9,470,0,0,0,0,2023-10-31,2023-11-24,415.59,0,0,79289023,-27393393,0,100,
472,472,0,0,0,0,2023-10-31,2023-11-24,415.59,0,0,79289023,-27393393,0,100,
475,475,0,0,0,0,2023-10-31,2023-11-24,415.59,0,0,79289023,-27393393,0,100,
423.66,480,0,0,0,0,2023-10-31,2023-11-24,415.59,0,0,79289023,-27393393,0,100,
485,485,0,0,0,0,2023-10-31,2023-11-24,415.59,0,0,79289023,-27393393,0,100,
490,490,0,0,0,0,2023-10-31,2023-11-24,415.59,0,0,79289023,-27393393,0,100,
495,495,0,0,0,0,2023-10-31,2023-11-24,415.59,0,0,79289023,-27393393,0,100,
417.25,500,0,0,0,0,2023-10-31,2023-11-24,415.59,0,0,79289023,-27393393,0,100,
420.86,505,0,0,0,0,2023-10-31,2023-11-24,415.59,0,0,79289023,-27393393,0,100,
510,510,0,0,0,0,2023-10-31,2023-11-24,415.59,0,0,79289023,-27393393,0,100,
515,515,0,0,0,0,2023-10-31,2023-11-24,415.59,0,0,79289023,-27393393,0,100,
520,520,0,0,0,0,2023-10-31,2023-11-24,415.59,0,0,79289023,-27393393,0,100,
525,525,0,0,0,0,2023-10-31,2023-11-24,415.59,0,0,79289023,-27393393,0,100,
530,530,0,0,0,0,2023-10-31,2023-11-24,415.59,0,0,79289023,-27393393,0,100,
540,540,0,0,0,0,2023-10-31,2023-11-24,415.59,0,0,79289023,-27393393,0,100,
459,459,0,0,0,0,2023-10-31,2023-12-15,415.59,0,0,1305928546,-368040285,0,100,
416.14,467,0,0,0,0,2023-10-31,2023-12-15,415.59,0,0,1305928546,-368040285,0,100,
417.6,469,0,0,0,0,2023-10-31,2023-12-15,415.59,0,0,1305928546,-368040285,0,100,
412.71,474,0,0,0,0,2023-10-31,2023-12-15,415.59,0,0,1305928546,-368040285,0,100,
476,476,1,1,0,0,2023-10-31,2023-12-15,415.59,0,0,1305928546,-368040285,0,100,
477,477,0,0,0,0,2023-10-31,2023-12-15,415.59,0,0,1305928546,-368040285,0,100,
478,478,0,0,0,0,2023-10-31,2023-12-15,415.59,0,0,1305928546,-368040285,0,100,
479,479,0,0,0,0,2023-10-31,2023-12-15,415.59,0,0,1305928546,-368040285,0,100,
481,481,0,0,0,0,2023-10-31,2023-12-15,415.59,0,0,1305928546,-368040285,0,100,
482,482,0,0,0,0,2023-10-31,2023-12-15,415.59,0,0,1305928546,-368040285,0,100,
483,483,0,0,0,0,2023-10-31,2023-12-15,415.59,0,0,1305928546,-368040285,0,100,
484,484,0,0,0,0,2023-10-31,2023-12-15,415.59,0,0,1305928546,-368040285,0,100,
485,485,0,0,0,0,2023-10-31,2023-12-15,415.59,0,0,1305928546,-368040285,0,100,
486,486,0,0,0,0,2023-10-31,2023-12-15,415.59,0,0,1305928546,-368040285,0,100,
487,487,0,0,0,0,2023-10-31,2023-12-15,415.59,0,0,1305928546,-368040285,0,100,
488,488,0,0,0,0,2023-10-31,2023-12-15,415.59,0,0,1305928546,-368040285,0,100,
489,489,0,0,0,0,2023-10-31,2023-12-15,415.59,0,0,1305928546,-368040285,0,100,
412.71,491,0,0,0,0,2023-10-31,2023-12-15,415.59,0,0,1305928546,-368040285,0,100,
492,492,0,0,0,0,2023-10-31,2023-12-15,415.59,0,0,1305928546,-368040285,0,100,
493,493,0,0,0,0,2023-10-31,2023-12-15,415.59,0,0,1305928546,-368040285,0,100,
494,494,0,0,0,0,2023-10-31,2023-12-15,415.59,0,0,1305928546,-368040285,0,100,
495,495,0,0,0,0,2023-10-31,2023-12-15,415.59,0,0,1305928546,-368040285,0,100,
496,496,0,0,0,0,2023-10-31,2023-12-15,415.59,0,0,1305928546,-368040285,0,100,
497,497,0,0,0,0,2023-10-31,2023-12-15,415.59,0,0,1305928546,-368040285,0,100,
498,498,0,0,0,0,2023-10-31,2023-12-15,415.59,0,0,1305928546,-368040285,0,100,
499,499,0,0,0,0,2023-10-31,2023-12-15,415.59,0,0,1305928546,-368040285,0,100,
415.49,501,0,0,0,0,2023-10-31,2023-12-15,415.59,0,0,1305928546,-368040285,0,100,
415.49,505,0,0,0,0,2023-10-31,2023-12-15,415.59,0,0,1305928546,-368040285,0,100,
416.1,515,0,0,0,0,2023-10-31,2023-12-15,415.59,0,0,1305928546,-368040285,0,100,
418.17,520,0,0,0,0,2023-10-31,2023-12-15,415.59,0,0,1305928546,-368040285,0,100,
413.53,530,0,0,0,0,2023-10-31,2023-12-15,415.59,0,0,1305928546,-368040285,0,100,
535,535,0,0,0,0,2023-10-31,2023-12-15,415.59,0,0,1305928546,-368040285,0,100,
420.93,545,0,0,0,0,2023-10-31,2023-12-15,415.59,0,0,1305928546,-368040285,0,100,
550,550,0,0,0,0,2023-10-31,2023-12-15,415.59,0,0,1305928546,-368040285,0,100,
555,555,0,0,0,0,2023-10-31,2023-12-15,415.59,0,0,1305928546,-368040285,0,100,
560,560,0,0,0,0,2023-10-31,2023-12-15,415.59,0,0,1305928546,-368040285,0,100,
565,565,0,0,0,0,2023-10-31,2023-12-15,415.59,0,0,1305928546,-368040285,0,100,
570,570,0,0,0,0,2023-10-31,2023-12-15,415.59,0,0,1305928546,-368040285,0,100,
575,575,0,0,0,0,2023-10-31,2023-12-15,415.59,0,0,1305928546,-368040285,0,100,
417.91,580,0,0,0,0,2023-10-31,2023-12-15,415.59,0,0,1305928546,-368040285,0,100,
585,585,0,0,0,0,2023-10-31,2023-12-15,415.59,0,0,1305928546,-368040285,0,100,
416.11,595,0,0,0,0,2023-10-31,2023-12-15,415.59,0,0,1305928546,-368040285,0,100,
412.92,600,0,0,0,0,2023-10-31,2023-12-15,415.59,0,0,1305928546,-368040285,0,100,
605,605,0,0,0,0,2023-10-31,2023-12-15,415.59,0,0,1305928546,-368040285,0,100,
610,610,0,0,0,0,2023-10-31,2023-12-15,415.59,0,0,1305928546,-368040285,0,100,
615,615,0,0,0,0,2023-10-31,2023-12-15,415.59,0,0,1305928546,-368040285,0,100,
620,620,0,0,0,0,2023-10-31,2023-12-15,415.59,0,0,1305928546,-368040285,0,100,
625,625,0,0,0,0,2023-10-31,2023-12-15,415.59,0,0,1305928546,-368040285,0,100,
630,630,0,0,0,0,2023-10-31,2023-12-15,415.59,0,0,1305928546,-368040285,0,100,
635,635,0,0,0,0,2023-10-31,2023-12-15,415.59,0,0,1305928546,-368040285,0,100,
640,640,0,0,0,0,2023-10-31,2023-12-15,415.59,0,0,1305928546,-368040285,0,100,
645,645,0,0,0,0,2023-10-31,2023-12-15,415.59,0,0,1305928546,-368040285,0,100,
650,650,0,0,0,0,2023-10-31,2023-12-15,415.59,0,0,1305928546,-368040285,0,100,
655,655,0,0,0,0,2023-10-31,2023-12-15,415.59,0,0,1305928546,-368040285,0,100,
660,660,0,0,0,0,2023-10-31,2023-12-15,415.59,0,0,1305928546,-368040285,0,100,
665,665,0,0,0,0,2023-10-31,2023-12-15,415.59,0,0,1305928546,-368040285,0,100,
670,670,0,0,0,0,2023-10-31,2023-12-15,415.59,0,0,1305928546,-368040285,0,100,
675,675,0,0,0,0,2023-10-31,2023-12-15,415.59,0,0,1305928546,-368040285,0,100,
680,680,0,0,0,0,2023-10-31,2023-12-15,415.59,0,0,1305928546,-368040285,0,100,
685,685,0,0,0,0,2023-10-31,2023-12-15,415.59,0,0,1305928546,-368040285,0,100,
690,690,0,0,0,0,2023-10-31,2023-12-15,415.59,0,0,1305928546,-368040285,0,100,
695,695,0,0,0,0,2023-10-31,2023-12-15,415.59,0,0,1305928546,-368040285,0,100,
413.88,700,0,0,0,0,2023-10-31,2023-12-15,415.59,0,0,1305928546,-368040285,0,100,
705,705,0,0,0,0,2023-10-31,2023-12-15,415.59,0,0,1305928546,-368040285,0,100,
710,710,0,0,0,0,2023-10-31,2023-12-15,415.59,0,0,1305928546,-368040285,0,100,
715,715,0,0,0,0,2023-10-31,2023-12-15,415.59,0,0,1305928546,-368040285,0,100,
720,720,0,0,0,0,2023-10-31,2023-12-15,415.59,0,0,1305928546,-368040285,0,100,
