Watch,strike,open_interest.yt,open_interest.td,OI_Dollar.yt,OI_Dollar.td,Date.td,expiry,stkClose,diff_oi,diff_oi_d,totalOI,totalOIdiff,OI_pct,cum_sep_OI,pct
454.51,450,97899,107962,19971396,48690862,2023-08-03,2023-08-18,449.5,10063,28719466,323982367,170425023,15.028861740491,15.028861740491,0.589832769853202
433.07,430,138678,146739,24962040,45048873,2023-08-03,2023-09-15,449.5,8061,20086833,626670099,251558143,7.1886105738707,7.1886105738707,0.44588980061721
444.75,440,91581,94170,26283747,44730750,2023-08-03,2023-09-15,449.5,2589,18447003,626670099,251558143,7.13784654340114,14.3264571172718,0.412400932244597
462.2,455,59383,59349,20368369,42731280,2023-08-03,2023-08-18,449.5,-34,22362911,323982367,170425023,13.1893844704209,28.2182462109118,0.523338196281506
451.01,445,56279,67350,20823230,40477350,2023-08-03,2023-09-15,449.5,11071,19654120,626670099,251558143,6.45911621834059,20.7855733356124,0.485558466648632
457.65,450,50218,49568,24154858,37919520,2023-08-03,2023-09-15,449.5,-650,13764662,626670099,251558143,6.05095409219453,26.836527427807,0.362996736245607
438.6,430,43823,43570,28616419,37470200,2023-08-03,2023-12-15,449.5,-253,8853781,461771571,103626287,8.11444496655685,8.11444496655685,0.236288597338685
463.69,450,25531,25689,27011798,35168241,2023-08-03,2023-12-15,449.5,158,8156443,461771571,103626287,7.61593896389953,15.7303839304564,0.231926384944871
458.93,450,38396,39011,22999204,34836823,2023-08-03,2023-09-29,449.5,615,11837619,193848400,66967240,17.9711687070928,17.9711687070928,0.339801910179927
435.46,430,51220,57707,19361160,31508022,2023-08-03,2023-10-20,449.5,6487,12146862,353205511,115804832,8.92059184206783,8.92059184206783,0.385516488467604
460.42,450,28891,29958,21379340,31216236,2023-08-03,2023-10-20,449.5,1067,9836896,353205511,115804832,8.83798101326907,17.7585728553369,0.315121144009803
447.83,445,111723,109028,13630206,30854924,2023-08-03,2023-08-18,449.5,-2695,17224718,323982367,170425023,9.52364299505226,37.7418892059641,0.558248595912925
441.36,435,46300,46076,20186800,29304336,2023-08-03,2023-10-20,449.5,-224,9117536,353205511,115804832,8.29668141842781,26.0552542737647,0.311132659685584
424.04,420,68767,70392,19117226,28438368,2023-08-03,2023-10-20,449.5,1625,9321142,353205511,115804832,8.05150744094703,34.1067617147118,0.327766417538447
404.54,400,61845,60357,21583905,27402078,2023-08-03,2023-12-15,449.5,-1488,5818173,461771571,103626287,5.93411975117022,21.6645036816266,0.212325977613815
447.42,440,37682,36528,19707686,27103776,2023-08-03,2023-10-20,449.5,-1154,7396090,353205511,115804832,7.67365603194113,41.7804177466529,0.27288042817355
430.74,428,52496,85927,8609344,23543998,2023-08-03,2023-09-15,449.5,33431,14934654,626670099,251558143,3.75700037987611,30.5935278076831,0.634329564587969
440.02,435,46176,46195,15007200,23189890,2023-08-03,2023-09-29,449.5,19,8182690,193848400,66967240,11.9628998743348,29.9340685814276,0.35285592126569
427.51,425,91183,91768,13312718,23033768,2023-08-03,2023-09-15,449.5,585,9721050,626670099,251558143,3.67558114496859,34.2691089526517,0.422034727448848
464.83,455,22254,22757,13975512,22370131,2023-08-03,2023-09-15,449.5,503,8394619,626670099,251558143,3.56968220371402,37.8387911563657,0.375260162758993
477.75,460,12671,12506,17549335,22198150,2023-08-03,2023-12-15,449.5,-165,4648815,461771571,103626287,4.80717120630192,26.4716748879285,0.209423533042168
453.8,445,25836,25219,15837468,22192720,2023-08-03,2023-10-20,449.5,-617,6355252,353205511,115804832,6.28323152069957,48.0636492673525,0.286366520192207
415.3,410,38636,40517,16072576,21474010,2023-08-03,2023-12-15,449.5,1881,5401434,461771571,103626287,4.65035341034453,31.122028298273,0.25153355148852
444.15,435,22137,22871,16425654,20926965,2023-08-03,2023-12-15,449.5,734,4501311,461771571,103626287,4.53188682765401,35.6539151259271,0.215096216771042
438.81,435,55442,53552,12529892,20403312,2023-08-03,2023-09-15,449.5,-1890,7873420,626670099,251558143,3.25582982697887,41.0946209833445,0.385889310519782
432.36,425,27691,27566,15866943,20288576,2023-08-03,2023-12-15,449.5,-125,4421633,461771571,103626287,4.39363903586867,40.0475541617957,0.217937079467775
474.82,460,13152,13157,14243616,19498674,2023-08-03,2023-10-20,449.5,5,5255058,353205511,115804832,5.52048974116941,53.5841390085219,0.269508480422823
413.05,410,57611,56350,12213532,17186750,2023-08-03,2023-10-20,449.5,-1261,4973218,353205511,115804832,4.86593483531462,58.4500738438365,0.289363492225115
469.12,455,12559,12101,13413012,17086612,2023-08-03,2023-11-17,449.5,-458,3673600,180589816,52417574,9.46155900618449,9.46155900618449,0.214998737022881
472.33,460,12313,13670,10342920,16855110,2023-08-03,2023-09-15,449.5,1357,6512190,626670099,251558143,2.68963048131645,43.784251464661,0.386362948684405
466.45,456,15307,16114,10163848,16839130,2023-08-03,2023-09-15,449.5,807,6675282,626670099,251558143,2.68708049528305,46.4713319599441,0.396414897919311
418.5,415,45814,45540,10903732,15939000,2023-08-03,2023-10-20,449.5,-274,5035268,353205511,115804832,4.51267024539716,62.9627440892337,0.315908651734739
467.51,455,12423,12684,11081316,15867684,2023-08-03,2023-10-20,449.5,261,4786368,353205511,115804832,4.49247916746124,67.4552232566949,0.301642508131621
426.73,420,23284,23453,12224100,15783869,2023-08-03,2023-12-15,449.5,169,3559769,461771571,103626287,3.41811189584904,43.4656660576448,0.22553209228992
401.03,400,151241,151523,9376942,15606869,2023-08-03,2023-09-15,449.5,282,6229927,626670099,251558143,2.49044417866824,48.9617761386123,0.399178528377473
429.67,425,31541,33026,10124661,15423142,2023-08-03,2023-10-20,449.5,1485,5298481,353205511,115804832,4.36661986284806,71.821843119543,0.343540959423184
450.7,440,13325,13691,11113050,14649370,2023-08-03,2023-12-15,449.5,366,3536320,461771571,103626287,3.1724278669377,46.6380939245825,0.241397411629306
422.05,420,69199,71341,8234681,14624905,2023-08-03,2023-09-15,449.5,2142,6390224,626670099,251558143,2.33374865393091,51.2955247925432,0.436941231413127
441.84,440,80373,78834,6108348,14505456,2023-08-03,2023-08-18,449.5,-1539,8397108,323982367,170425023,4.47723625650281,42.2191254624669,0.578893073061612
463.85,456,17822,17534,6790182,13764190,2023-08-03,2023-08-18,449.5,-288,6974008,323982367,170425023,4.248438002183,46.4675634646499,0.506677690441646
460.58,455,31521,24535,4412940,13690530,2023-08-03,2023-08-04,449.5,-6986,9277590,80136866,47944043,17.0839348771139,17.0839348771139,0.677664779961039
422.99,420,45070,45671,8337950,13655629,2023-08-03,2023-09-29,449.5,601,5317679,193848400,66967240,7.04448888925573,36.9785574706833,0.389412966623507
429.61,427,51661,51504,7955794,13442544,2023-08-03,2023-09-15,449.5,-157,5486750,626670099,251558143,2.1450750596607,53.4405998522039,0.408163067943092
457.13,445,10615,10594,9808260,12850522,2023-08-03,2023-12-15,449.5,-21,3042262,461771571,103626287,2.78287421899344,49.4209681435759,0.236742289535009
456.82,453,34484,33306,2827688,12722892,2023-08-03,2023-08-04,449.5,-1178,9895204,80136866,47944043,15.8764531670106,32.9603880441244,0.77774801515253
460.18,454,20108,20320,6153048,12557760,2023-08-03,2023-08-18,449.5,212,6404712,323982367,170425023,3.87606279819543,50.3436262628454,0.510020258390031
411.42,410,84068,85206,7061712,12099252,2023-08-03,2023-09-15,449.5,1138,5037540,626670099,251558143,1.93072112732157,55.3713209795255,0.416351357918655
416.7,415,69474,69543,6877926,11822310,2023-08-03,2023-09-15,449.5,69,4944384,626670099,251558143,1.88652849702982,57.2578494765553,0.418224864683806
463.06,454,12044,12916,7142092,11701896,2023-08-03,2023-09-15,449.5,872,4559804,626670099,251558143,1.86731360227225,59.1251630788275,0.389663692105963
456.3,449,14349,15951,6485748,11644230,2023-08-03,2023-09-15,449.5,1602,5158482,626670099,251558143,1.85811163139603,60.9832747102236,0.443007566837824
460.41,452,12830,13844,6761410,11642804,2023-08-03,2023-09-15,449.5,1014,4881394,626670099,251558143,1.85788407945087,62.8411587896745,0.419262748045918
448.49,443,19850,20177,6629900,11077173,2023-08-03,2023-09-15,449.5,327,4447273,626670099,251558143,1.76762430785771,64.6087830975322,0.40148086519909
466.52,458,12746,12714,6041604,10832328,2023-08-03,2023-08-18,449.5,-32,4790724,323982367,170425023,3.34349307349804,53.6871193363434,0.442261718810583
430.83,430,126656,130506,4559616,10831998,2023-08-03,2023-08-18,449.5,3850,6272382,323982367,170425023,3.34339121610282,57.0305105524462,0.579060483578376
468.73,458,8817,10030,6559848,10762190,2023-08-03,2023-09-15,449.5,1213,4202342,626670099,251558143,1.71736133847356,66.3261444360057,0.390472756938876
440.01,436,28352,26803,6634368,10748003,2023-08-03,2023-09-15,449.5,-1549,4113635,626670099,251558143,1.71509746789435,68.0412419039001,0.382734820598766
470.45,460,11345,10217,6489340,10676765,2023-08-03,2023-08-18,449.5,-1128,4187425,323982367,170425023,3.29547718873231,60.3259877411785,0.392199790854252
372.49,370,41572,41702,8231256,10383798,2023-08-03,2023-12-15,449.5,130,2152542,461771571,103626287,2.24868715445456,51.6696552980305,0.207298138889066
462.3,450,6187,8394,5630170,10324620,2023-08-03,2023-11-17,449.5,2207,4694450,180589816,52417574,5.71716624374876,15.1787252499333,0.454685015041716
428.26,425,31167,31199,6950241,10170874,2023-08-03,2023-09-29,449.5,32,3220633,193848400,66967240,5.2468186479744,42.2253761186577,0.316652531532688
455.56,445,9529,9330,7518381,9852480,2023-08-03,2023-11-17,449.5,-199,2334099,180589816,52417574,5.45572292958092,20.6344481795142,0.236904718405924
437.13,430,13786,13717,7196292,9780221,2023-08-03,2023-11-17,449.5,-69,2583929,180589816,52417574,5.41571015278071,26.0501583322949,0.264199449071754
484.39,465,3959,4948,5700960,9594172,2023-08-03,2023-11-17,449.5,989,3893212,180589816,52417574,5.31268717832904,31.3628455106239,0.40578926456603
449.21,440,10261,10275,6967219,9463275,2023-08-03,2023-11-17,449.5,14,2496056,180589816,52417574,5.24020413199823,36.6030496426222,0.263762386700165
452.03,450,43389,46403,1562004,9419809,2023-08-03,2023-08-04,449.5,3014,7857805,80136866,47944043,11.7546510990335,44.7150391431579,0.834178803413105
443.04,435,11740,11677,6997040,9388308,2023-08-03,2023-11-17,449.5,-63,2391268,180589816,52417574,5.19869182434961,41.8017414669718,0.254707024950609
351.8,350,52158,51879,7458594,9338220,2023-08-03,2023-12-15,449.5,-279,1879626,461771571,103626287,2.02225961632445,53.6919149143549,0.201283113912502
451.78,445,13010,13369,6140720,9064182,2023-08-03,2023-09-29,449.5,359,2923462,193848400,66967240,4.67591272355098,46.9012888422087,0.322529048953342
446.02,440,14229,15055,5535081,9063110,2023-08-03,2023-09-29,449.5,826,3528029,193848400,66967240,4.67535971408585,51.5766485562945,0.389273549587283
385.64,385,141265,141186,6074395,9035904,2023-08-03,2023-09-15,449.5,-79,2961509,626670099,251558143,1.4418916770433,69.4831335809434,0.327749055324182
409.91,405,18336,18357,7004352,9013287,2023-08-03,2023-12-15,449.5,21,2008935,461771571,103626287,1.9518930064233,55.6438079207782,0.222885946048317
377.82,375,32291,31845,6910274,8980290,2023-08-03,2023-12-15,449.5,-446,2070016,461771571,103626287,1.94474726552623,57.5885551863045,0.230506587203754
456.14,450,14948,14472,5172008,8885808,2023-08-03,2023-09-01,449.5,-476,3713800,93412562,44019893,9.5124336703237,9.5124336703237,0.417947360555168
457.46,452,17212,15973,4320212,8721258,2023-08-03,2023-08-18,449.5,-1239,4401046,323982367,170425023,2.69189279674594,63.0178805379245,0.504634308490816
451.73,448,22098,23340,3624072,8705820,2023-08-03,2023-08-18,449.5,1242,5081748,323982367,170425023,2.68712772260226,65.7050082605267,0.583718477983694
475.41,462,5783,6475,5372407,8682975,2023-08-03,2023-09-15,449.5,692,3310568,626670099,251558143,1.38557352805818,70.8687071090016,0.381271165700696
402.37,400,35648,35455,5810624,8402835,2023-08-03,2023-10-20,449.5,-193,2592211,353205511,115804832,2.37902148701185,74.2008646065548,0.308492431423442
435.36,432,26047,24362,5079165,8185632,2023-08-03,2023-09-15,449.5,-1685,3106467,626670099,251558143,1.30621071805757,72.1749178270591,0.379502401280683
420.91,415,13425,13784,6390300,8146344,2023-08-03,2023-12-15,449.5,359,1756044,461771571,103626287,1.76415017978662,59.3527053660911,0.215562220303979
393.58,390,22248,22265,6318432,7970870,2023-08-03,2023-12-15,449.5,17,1652438,461771571,103626287,1.72615000588679,61.0788553719779,0.207309616139769
482.75,465,4561,4486,5974910,7962650,2023-08-03,2023-10-20,449.5,-75,1987740,353205511,115804832,2.25439574186032,76.4552603484151,0.249632973947116
449.14,446,22135,23998,2966090,7535372,2023-08-03,2023-08-18,449.5,1863,4569282,323982367,170425023,2.32585867859901,68.0308669391257,0.606377760779428
437.67,434,35705,20525,7605165,7532675,2023-08-03,2023-09-15,449.5,-15180,-72489.9999999991,626670099,251558143,1.20201602278777,73.3769338498469,-0.00962340735528867
419.84,418,40606,40873,4466660,7520632,2023-08-03,2023-09-15,449.5,267,3053972,626670099,251558143,1.20009427799427,74.5770281278412,0.406079169942101
381.45,380,52070,51569,5363210,7477505,2023-08-03,2023-10-20,449.5,-501,2114295,353205511,115804832,2.11704086349887,78.572301211914,0.28275407371844
452.33,446,12126,11200,4717014,7089600,2023-08-03,2023-09-15,449.5,-926,2372586,626670099,251558143,1.13131295259071,75.7083410804319,0.334657244414353
468.8,456,2735,5503,2497055,7043840,2023-08-03,2023-10-20,449.5,2768,4546785,353205511,115804832,1.99426106915982,80.5665622810738,0.645498052198801
438.18,431,9785,9785,5303470,7025630,2023-08-03,2023-11-17,449.5,0,1722160,180589816,52417574,3.89037995365143,45.6921214206232,0.245125348189415
471.77,458,4087,5035,4029782,6933195,2023-08-03,2023-10-20,449.5,948,2903413,353205511,115804832,1.9629351139994,82.5294973950732,0.418769845648363
462.83,455,8343,8686,3529089,6801138,2023-08-03,2023-08-25,449.5,343,3272049,101232484,39925793,6.71833558880171,6.71833558880171,0.481103162441344
424.22,422,31422,30454,4084860,6760788,2023-08-03,2023-09-15,449.5,-968,2675928,626670099,251558143,1.07884323997402,76.7871843204059,0.395801199505146
477.6,464,4944,4943,4192512,6722480,2023-08-03,2023-08-25,449.5,-1,2529968,101232484,39925793,6.64063523325181,13.3589708220535,0.376344444312218
462.48,456,13056,10344,2363136,6702912,2023-08-03,2023-08-04,449.5,-2712,4339776,80136866,47944043,8.36433009496528,53.0793692381232,0.647446363610324
436.5,433,18754,19126,3863324,6694100,2023-08-03,2023-09-15,449.5,372,2830776,626670099,251558143,1.068201596132,77.8553859165379,0.422876264172928
397.08,395,31568,31569,4545792,6566352,2023-08-03,2023-10-20,449.5,1,2020560,353205511,115804832,1.85907405051786,84.3885714455911,0.307714237677176
403.49,400,18222,18403,4591944,6422647,2023-08-03,2023-11-17,449.5,181,1830703,180589816,52417574,3.55648349517118,49.2486049157944,0.285038707560917
362.09,360,30912,30690,5162304,6414210,2023-08-03,2023-12-15,449.5,-222,1251906,461771571,103626287,1.38904393488529,62.4678993068631,0.195176958658978
452.97,442,5415,5708,4646070,6261676,2023-08-03,2023-12-15,449.5,293,1615606,461771571,103626287,1.35601158521732,63.8239108920805,0.258014946796992
458.76,454,16695,13064,1819755,6218464,2023-08-03,2023-08-04,449.5,-3631,4398709,80136866,47944043,7.75980433275242,60.8391735708756,0.707362622023702
475.46,462,4585,4573,3383730,6155258,2023-08-03,2023-08-25,449.5,-12,2771528,101232484,39925793,6.08031904067473,19.4392898627283,0.450269996805983
423.06,421,29501,29440,3658124,6064640,2023-08-03,2023-09-15,449.5,-61,2406516,626670099,251558143,0.967756401602305,78.8231423181402,0.396811022583369
420.46,420,117964,131735,2713172,6059810,2023-08-03,2023-08-18,449.5,13771,3346638,323982367,170425023,1.87041352160996,69.9012804607357,0.552267810376893
390.54,390,111373,111379,3675309,6014466,2023-08-03,2023-09-08,449.5,6,2339157,29018635,13167465,20.7262195482317,20.7262195482317,0.388921809517254
443.57,439,9403,13133,2548213,6001781,2023-08-03,2023-09-15,449.5,3730,3453568,626670099,251558143,0.95772576505202,79.7808680831922,0.575423861683724
480.61,465,3823,3806,3865053,5941166,2023-08-03,2023-08-25,449.5,-17,2076113,101232484,39925793,5.86883356532079,25.308123428049,0.349445378230469
449.72,444,9387,10293,3313611,5887596,2023-08-03,2023-09-15,449.5,906,2573985,626670099,251558143,0.939504854211977,80.7203729374042,0.437187775791681
459.79,453,9307,8558,3331906,5810882,2023-08-03,2023-08-25,449.5,-749,2478976,101232484,39925793,5.74013574536016,31.0482591734092,0.42660924795926
434.09,430,14072,14176,3771296,5797984,2023-08-03,2023-09-29,449.5,104,2026688,193848400,66967240,2.99098883457382,54.5676373908683,0.349550464437294
464.99,457,7219,7253,2526650,5795147,2023-08-03,2023-08-11,449.5,34,3268497,67989271,42010468,8.52361985172631,8.52361985172631,0.56400588285336
476.39,460,2783,3520,3478750,5769280,2023-08-03,2023-11-17,449.5,737,2290530,180589816,52417574,3.19468734604614,52.4432922618405,0.397021812080537
502,475,2119,2119,4615182,5721300,2023-08-03,2023-12-15,449.5,0,1106118,461771571,103626287,1.2389892230936,65.0629001151741,0.193333333333333
425.49,420,10645,10413,4236710,5716737,2023-08-03,2023-11-17,449.5,-232,1480027,180589816,52417574,3.16559212840662,55.6088843902471,0.258893666089589
398.93,395,14389,14488,4575702,5693784,2023-08-03,2023-12-15,449.5,99,1118082,461771571,103626287,1.23303043270284,66.2959305478769,0.196368882275829
436.21,435,47913,46505,2395650,5627105,2023-08-03,2023-08-18,449.5,-1408,3231455,323982367,170425023,1.73685532706785,71.6381357878035,0.574265985795538
385.37,385,151184,151385,3174864,5601245,2023-08-03,2023-09-01,449.5,201,2426381,93412562,44019893,5.99624384566179,15.5086775159855,0.433186014894903
446.57,444,20731,21760,2301141,5592320,2023-08-03,2023-08-18,449.5,1029,3291179,323982367,170425023,1.72611863163528,73.3642544194388,0.58851764562829
449.38,447,5233,23319,408174,5549922,2023-08-03,2023-08-11,449.5,18086,5141748,67989271,42010468,8.162937943547,16.6865577952733,0.926454101517102
443.34,440,16101,16481,2833776,5504654,2023-08-03,2023-09-01,449.5,380,2670878,93412562,44019893,5.89284126475409,21.4015187807396,0.485203611344146
466.7,458,6359,6324,2543600,5501880,2023-08-03,2023-08-11,449.5,-35,2958280,67989271,42010468,8.0922767946725,24.7788345899458,0.537685300297353
442.36,438,11263,12609,2883328,5497524,2023-08-03,2023-09-15,449.5,1346,2614196,626670099,251558143,0.87725966322194,81.5976326006261,0.475522435190824
466.12,455,4780,4923,3475060,5474376,2023-08-03,2023-09-29,449.5,143,1999316,193848400,66967240,2.82405013402226,57.3916875248906,0.365213496478868
434.2,431,17312,17083,3254656,5466560,2023-08-03,2023-09-15,449.5,-229,2211904,626670099,251558143,0.872318626454842,82.469951227081,0.404624480477668
425.6,425,75453,90094,2037231,5405640,2023-08-03,2023-08-18,449.5,14641,3368409,323982367,170425023,1.66849821181781,75.0327526312566,0.623128621217839
466.36,458,13004,6446,3706140,5388856,2023-08-03,2023-08-04,449.5,-6558,1682716,80136866,47944043,6.72456544532201,67.5637390161976,0.312258483062082
464.81,457,6893,6800,2915739,5310800,2023-08-03,2023-08-18,449.5,-93,2395061,323982367,170425023,1.63922501374897,76.6719776450056,0.450979325148753
477.3,462,2994,3428,3488010,5244840,2023-08-03,2023-10-20,449.5,434,1756830,353205511,115804832,1.48492586798851,85.8734973135796,0.334963506989727
482.1,466,3233,3236,3766445,5209960,2023-08-03,2023-09-15,449.5,3,1443515,626670099,251558143,0.831372042213873,83.3013232692949,0.277068346014173
367.42,365,21465,21466,3885165,5194772,2023-08-03,2023-12-15,449.5,1,1309607,461771571,103626287,1.12496574632136,67.4208962941983,0.252100958425124
448.74,445,14461,13870,2675285,5187380,2023-08-03,2023-08-25,449.5,-591,2512095,101232484,39925793,5.12422474983425,36.1724839232435,0.484270479509887
439.52,438,36755,33851,2352320,5145352,2023-08-03,2023-08-18,449.5,-2904,2793032,323982367,170425023,1.58815803700823,78.2601356820138,0.542826224522637
406.21,405,41697,41642,3002184,5038682,2023-08-03,2023-09-15,449.5,-55,2036498,626670099,251558143,0.804040596167011,84.1053638654619,0.404172757875968
383,380,16663,16653,3899142,4995900,2023-08-03,2023-12-15,449.5,-10,1096758,461771571,103626287,1.08189856495085,68.5027948591491,0.219531615925059
391.74,390,28486,28673,3617722,4989102,2023-08-03,2023-10-20,449.5,187,1371380,353205511,115804832,1.41252099546091,87.2860183090405,0.274875117806772
475.73,463,3927,3903,3051279,4968519,2023-08-03,2023-08-25,449.5,-24,1917240,101232484,39925793,4.90802833604281,41.0805122592863,0.385877562307802
370.48,370,103073,103102,3298336,4948896,2023-08-03,2023-09-15,449.5,29,1650560,626670099,251558143,0.78971312144893,84.8950769869108,0.333520849902685
439.33,432,6786,6723,3745872,4927959,2023-08-03,2023-11-17,449.5,-63,1182087,180589816,52417574,2.72881334570937,58.3376977359565,0.23987354602585
405.88,405,55760,55834,2732240,4913392,2023-08-03,2023-09-08,449.5,74,2181152,29018635,13167465,16.9318508606625,37.6580704088942,0.443919801228968
470.65,460,4701,4602,2416314,4901130,2023-08-03,2023-08-11,449.5,-99,2484816,67989271,42010468,7.2086814991736,31.9875160891194,0.506988388392065
407.68,405,17712,18079,3259008,4845172,2023-08-03,2023-10-20,449.5,367,1586164,353205511,115804832,1.3717713481543,88.6577896571948,0.327370008742724
481.85,466,3056,3054,3327984,4840590,2023-08-03,2023-09-01,449.5,-2,1512606,93412562,44019893,5.18194758430884,26.5834663650484,0.312483808791903
388.27,385,14824,14717,3824592,4812459,2023-08-03,2023-12-15,449.5,-107,987867,461771571,103626287,1.04217307912184,69.5449679382709,0.205272813752803
419.65,415,10536,10340,3771888,4808100,2023-08-03,2023-11-17,449.5,-196,1036212,180589816,52417574,2.66244249343496,61.0001402293915,0.215513820428028
450.57,449,35143,30171,1019147,4736847,2023-08-03,2023-08-04,449.5,-4972,3717700,80136866,47944043,5.91094615554344,73.4746851717411,0.784846966769246
390.74,390,64362,63919,3153738,4730006,2023-08-03,2023-09-15,449.5,-443,1576268,626670099,251558143,0.754784057440724,85.6498610443515,0.333248625900263
461.05,448,3613,3608,3587709,4708440,2023-08-03,2023-12-15,449.5,-5,1120731,461771571,103626287,1.01964700637667,70.5646149446476,0.238025970385096
453.59,447,7487,7097,3062183,4676923,2023-08-03,2023-09-15,449.5,-390,1614740,626670099,251558143,0.746313412346167,86.3961744566977,0.345256913573305
453.45,450,14081,13540,1760125,4671300,2023-08-03,2023-08-11,449.5,-541,2911175,67989271,42010468,6.87064286951981,38.8581589586392,0.623204461284867
444.16,442,21889,21576,1948121,4660416,2023-08-03,2023-08-18,449.5,-313,2712295,323982367,170425023,1.4384782860729,79.6986139680867,0.581985599568794
463.04,456,7152,6582,2145600,4633728,2023-08-03,2023-08-11,449.5,-570,2488128,67989271,42010468,6.81538120919108,45.6735401678303,0.536960304963951
447.21,442,7378,8849,2316692,4610329,2023-08-03,2023-09-15,449.5,1471,2293637,626670099,251558143,0.735686768421992,87.1318612251197,0.497499636143104
447.59,443,10043,10036,2460535,4606524,2023-08-03,2023-09-08,449.5,-7,2145989,29018635,13167465,15.8743648693331,53.5324352782273,0.465858638748002
453.13,449,15737,11139,2864134,4600407,2023-08-03,2023-08-18,449.5,-4598,1736273,323982367,170425023,1.4199559817402,81.1185699498269,0.377417258951219
443.46,438,8748,8287,3149280,4524702,2023-08-03,2023-09-29,449.5,-461,1375422,193848400,66967240,2.334144620229,59.7258321451196,0.303980682042707
455.21,452,15002,13986,960128,4489506,2023-08-03,2023-08-04,449.5,-1016,3529378,80136866,47944043,5.60229794861207,79.0769831203531,0.786139499535138
418.77,417,25481,25315,2675505,4480755,2023-08-03,2023-09-15,449.5,-166,1805250,626670099,251558143,0.71501017954265,87.8468714046623,0.402889691580995
449.56,445,10339,9810,2491699,4473360,2023-08-03,2023-09-01,449.5,-529,1981661,93412562,44019893,4.7888205871069,31.3722869521553,0.442991621510453
441.18,437,10148,10628,2496408,4442504,2023-08-03,2023-09-15,449.5,480,1946096,626670099,251558143,0.708906329995489,88.5557777346578,0.438062858243909
468.83,459,4763,4502,2110009,4425466,2023-08-03,2023-08-11,449.5,-261,2315457,67989271,42010468,6.50906523177753,52.1826053996078,0.523212018802088
400.56,400,78522,78632,2434182,4403392,2023-08-03,2023-09-01,449.5,110,1969210,93412562,44019893,4.71391845563555,36.0862054077909,0.447202974434254
406.75,405,25031,25085,2953658,4389875,2023-08-03,2023-09-29,449.5,54,1436217,193848400,66967240,2.26459181504722,61.9904239601668,0.327165807682451
452.08,441,3922,3919,3282714,4342252,2023-08-03,2023-12-15,449.5,-3,1059538,461771571,103626287,0.940346325477884,71.5049612701255,0.244006566178103
486.11,465,1985,2047,3162105,4321217,2023-08-03,2023-12-15,449.5,62,1159112,461771571,103626287,0.935791042883409,72.4407523130089,0.268237397011074
376.35,375,31842,32002,2961306,4320270,2023-08-03,2023-10-20,449.5,160,1358964,353205511,115804832,1.22316041665613,89.8809500738509,0.314555340291232
411.06,407,10533,10532,3138834,4275992,2023-08-03,2023-11-17,449.5,-1,1137158,180589816,52417574,2.36779243409828,63.3679326634897,0.265940160786082
446,441,7933,8468,2371967,4234000,2023-08-03,2023-09-15,449.5,535,1862033,626670099,251558143,0.6756345973354,89.2314123319932,0.439781058101086
417.55,415,16086,16465,2589846,4198575,2023-08-03,2023-09-29,449.5,379,1608729,193848400,66967240,2.16590645060779,64.1563304107746,0.383160715242672
455.37,450,9280,7780,2607680,4177860,2023-08-03,2023-08-25,449.5,-1500,1570180,101232484,39925793,4.12699544150275,45.207507700789,0.375833560722475
461.6,455,6488,6263,1699856,4133580,2023-08-03,2023-08-11,449.5,-225,2433724,67989271,42010468,6.07975337755864,58.2623587771665,0.58876905733045
455.09,448,5726,5732,2479358,4063988,2023-08-03,2023-09-15,449.5,6,1584630,626670099,251558143,0.648505171458643,89.8799175034519,0.389919950551035
468.93,454,2728,2689,3159024,4014677,2023-08-03,2023-12-15,449.5,-39,855653,461771571,103626287,0.869407571216635,73.3101598842255,0.213131218277336
448.07,446,4939,19359,340791,4007313,2023-08-03,2023-08-11,449.5,14420,3666522,67989271,42010468,5.89403731068097,64.1563960878474,0.91495772853281
382.65,382,61290,61253,2696760,3981445,2023-08-03,2023-09-15,449.5,-37,1284685,626670099,251558143,0.635333488282485,90.5152509917343,0.322668026307032
471.45,460,3450,3431,2221800,3928495,2023-08-03,2023-08-25,449.5,-19,1706695,101232484,39925793,3.88066640743499,49.088174108224,0.43443990637636
469.05,459,3968,3905,2313344,3924525,2023-08-03,2023-08-25,449.5,-63,1611181,101232484,39925793,3.87674474134212,52.9649188495661,0.410541657907645
459.58,447,3067,3108,2971923,3909864,2023-08-03,2023-12-15,449.5,41,937941,461771571,103626287,0.846709551983225,74.1568694362088,0.239890952728791
321.11,320,34542,34543,3074238,3834273,2023-08-03,2023-12-15,449.5,1,760035.000000001,461771571,103626287,0.830339769877258,74.987209206086,0.198221409899608
470.46,455,2808,2480,3392064,3834080,2023-08-03,2023-12-15,449.5,-328,442016.000000001,461771571,103626287,0.830297974320295,75.8175071804063,0.115286066018445
395.89,395,42122,42412,2274588,3774668,2023-08-03,2023-09-15,449.5,290,1500080,626670099,251558143,0.602337339219371,91.1175883309537,0.397407136203767
453.55,451,14233,14791,683184,3771705,2023-08-03,2023-08-04,449.5,558,3088521,80136866,47944043,4.70657911678253,83.7835622371357,0.818866003571329
467.15,453,2602,2610,2976688,3693150,2023-08-03,2023-12-15,449.5,8,716462.000000001,461771571,103626287,0.799778555445112,76.6172857358514,0.193997535978772
468.39,457,3068,3233,2417584,3682387,2023-08-03,2023-09-29,449.5,165,1264803,193848400,66967240,1.89962207580769,66.0559524865823,0.343473676177979
474.52,461,2778,2692,1894596,3639584,2023-08-03,2023-08-25,449.5,-86,1744988,101232484,39925793,3.5952728375212,56.5601916870873,0.479447101646782
386.62,385,22428,22365,2579220,3623130,2023-08-03,2023-10-20,449.5,-63,1043910,353205511,115804832,1.02578524036676,90.9067353142177,0.28812380455573
468.12,459,4069,3914,2083328,3569568,2023-08-03,2023-08-18,449.5,-155,1486240,323982367,170425023,1.10177848043193,82.2203484302589,0.416364109046249
380.57,380,62284,62348,2304508,3553836,2023-08-03,2023-09-15,449.5,64,1249328,626670099,251558143,0.567098383291461,91.6846867142452,0.351543515232554
465.96,454,3007,2964,2543922,3544944,2023-08-03,2023-10-20,449.5,-43,1001022,353205511,115804832,1.00364911916677,91.9103844333845,0.282380201210513
480.65,465,2227,2232,2298264,3493080,2023-08-03,2023-09-01,449.5,5,1194816,93412562,44019893,3.73941140807165,39.8256168158625,0.342052286234498
442.66,440,9562,13070,1176126,3476620,2023-08-03,2023-08-25,449.5,3508,2300494,101232484,39925793,3.43429288962227,59.9944845767096,0.661704183948778
448.07,442,5469,5575,2275104,3384025,2023-08-03,2023-09-29,449.5,106,1108921,193848400,66967240,1.74570695450672,67.801659441089,0.327692910070109
463.1,453,2764,3335,1865700,3368350,2023-08-03,2023-09-29,449.5,571,1502650,193848400,66967240,1.73762073868033,69.5392801797694,0.44610862885389
445.37,437,3897,3970,2478492,3322890,2023-08-03,2023-11-17,449.5,73,844398,180589816,52417574,1.84002070194257,65.2079533654323,0.25411554399935
300.89,300,37222,37228,2419430,3313292,2023-08-03,2023-12-15,449.5,6,893862,461771571,103626287,0.717517536392469,77.3348032722439,0.269780629054125
447.48,439,3300,3883,2174700,3292784,2023-08-03,2023-11-17,449.5,583,1118084,180589816,52417574,1.82334977294622,67.0313031383785,0.339555828745524
440.12,434,141,5366,59502,3283992,2023-08-03,2023-10-20,449.5,5225,3224490,353205511,115804832,0.929768052231779,92.8401524856162,0.98188119824896
414.22,410,7403,7624,2361557,3217328,2023-08-03,2023-11-17,449.5,221,855771,180589816,52417574,1.7815666859088,68.8128698242873,0.265988111874201
464.55,454,2917,3041,2068153,3208255,2023-08-03,2023-09-29,449.5,124,1140102,193848400,66967240,1.65503300517311,71.1943131849425,0.355365143980139
410.3,410,106793,106567,1708688,3197010,2023-08-03,2023-08-18,449.5,-226,1488322,323982367,170425023,0.986785185133239,83.2071336153921,0.46553560983544
442.03,434,3992,3949,2267456,3171047,2023-08-03,2023-11-17,449.5,-43,903591,180589816,52417574,1.75593899492095,70.5688088192083,0.284950364974092
471.8,460,2505,2685,1713420,3168300,2023-08-03,2023-09-01,449.5,180,1454880,93412562,44019893,3.3917279776568,43.2173447935193,0.459198939494366
482.35,464,1683,1717,2135727,3150695,2023-08-03,2023-10-20,449.5,34,1014968,353205511,115804832,0.892028833604468,93.7321813192207,0.322140987940756
446.55,438,3308,3586,2107196,3066030,2023-08-03,2023-11-17,449.5,278,958834.000000001,180589816,52417574,1.69778676777654,72.2665955869848,0.312728185960346
467.05,456,2717,2771,2132845,3061955,2023-08-03,2023-09-29,449.5,54,929110.000000001,193848400,66967240,1.57956165746016,72.7738748424026,0.30343685651814
415.36,415,81620,85014,1469160,3060504,2023-08-03,2023-08-18,449.5,3394,1591344,323982367,170425023,0.944651410612109,84.1517850260042,0.519961418119368
477.05,463,2177,2176,1889636,3057280,2023-08-03,2023-09-01,449.5,-1,1167644,93412562,44019893,3.27287886612081,46.4902236596401,0.381922493196567
477.56,459,1880,1626,2402640,3017856,2023-08-03,2023-12-15,449.5,-254,615216,461771571,103626287,0.653538716873499,77.9883419891174,0.20385863341392
357.15,355,14026,14025,2258186,3015375,2023-08-03,2023-12-15,449.5,-1,757189,461771571,103626287,0.653001438237089,78.6413434273545,0.251109397670273
413.25,409,7446,7075,2323152,3006875,2023-08-03,2023-11-17,449.5,-371,683723,180589816,52417574,1.66503021410687,73.9316258010917,0.227386572438163
444.43,436,3524,3538,2114400,2982534,2023-08-03,2023-11-17,449.5,14,868134,180589816,52417574,1.65155160244474,75.5831774035364,0.291072624821712
473.02,459,2123,2113,1921315,2962426,2023-08-03,2023-09-29,449.5,-10,1041111,193848400,66967240,1.52821792699862,74.3020927694013,0.351438651969703
442.32,433,3185,3175,2229500,2959100,2023-08-03,2023-12-15,449.5,-10,729600,461771571,103626287,0.640814676744143,79.2821581040986,0.2465614544963
375.53,375,55723,55784,1894582,2956552,2023-08-03,2023-09-15,449.5,61,1061970,626670099,251558143,0.471787628724887,92.15647434297,0.359192058857751
418.36,418,84372,81376,1771812,2929536,2023-08-03,2023-08-18,449.5,-2996,1157724,323982367,170425023,0.904226988378043,85.0560120143823,0.395190228077074
453.99,443,2655,2652,2368260,2914548,2023-08-03,2023-12-15,449.5,-3,546288,461771571,103626287,0.631166616361491,79.9133247204601,0.187434895565281
431.02,425,4977,4810,2239650,2895620,2023-08-03,2023-11-17,449.5,-167,655970,180589816,52417574,1.60342375009674,77.1866011536332,0.226538703282889
460.1,451,2686,3102,1633088,2822820,2023-08-03,2023-09-29,449.5,416,1189732,193848400,66967240,1.45619979324049,75.7582925626417,0.421469310831013
461.84,449,2189,2191,2265615,2813244,2023-08-03,2023-12-15,449.5,2,547629,461771571,103626287,0.609228496658579,80.5225532171187,0.194661038999817
461.25,454,3349,3878,1312808,2811550,2023-08-03,2023-08-25,449.5,529,1498742,101232484,39925793,2.77731997567105,62.7718045523806,0.533066102327897
473.3,460,2102,2111,1946452,2807630,2023-08-03,2023-09-29,449.5,9,861178.000000001,193848400,66967240,1.44836377292771,77.2066563355695,0.306727738341591
458.9,453,3402,4698,942354,2771820,2023-08-03,2023-08-18,449.5,1296,1829466,323982367,170425023,0.855546561273194,85.9115585756554,0.660023378141438
446.93,437,2755,2757,2052475,2737701,2023-08-03,2023-12-15,449.5,2,685226,461771571,103626287,0.59286910930253,81.1154223264212,0.250292489939551
464.49,457,11689,3636,2665092,2723364,2023-08-03,2023-08-04,449.5,-8053,58272,80136866,47944043,3.39839094780672,87.1819531849424,0.0213970662753859
440.25,438,11964,11977,1304076,2694825,2023-08-03,2023-08-25,449.5,13,1390749,101232484,39925793,2.66201607776413,65.4338206301448,0.5160813781971
427.71,421,3654,4016,1922004,2694736,2023-08-03,2023-12-15,449.5,362,772732,461771571,103626287,0.583564725339057,81.6989870517603,0.286756105236283
440.97,438,1504,9046,233120,2686662,2023-08-03,2023-09-01,449.5,7542,2453542,93412562,44019893,2.87612494773455,49.3663486073747,0.913230618514722
482.13,465,1579,1566,1871115,2682558,2023-08-03,2023-09-29,449.5,-13,811443,193848400,66967240,1.38384325070519,78.5904995862746,0.302488520285489
433.46,427,3929,4150,1921281,2680900,2023-08-03,2023-11-17,449.5,221,759619,180589816,52417574,1.48452446510051,78.6711256187337,0.283344772277966
341.73,340,15391,15416,1862311,2666968,2023-08-03,2023-12-15,449.5,25,804657,461771571,103626287,0.577551362511228,82.2765384142715,0.301712281512189
490.48,470,1468,1294,2128600,2650112,2023-08-03,2023-09-15,449.5,-174,521512,626670099,251558143,0.422887896554962,92.579362239525,0.196788664026275
448.67,438,2386,2470,1803816,2635490,2023-08-03,2023-12-15,449.5,84,831674,461771571,103626287,0.570734572137617,82.8472729864091,0.315567124140103
474.4,457,1734,1501,2195244,2611740,2023-08-03,2023-12-15,449.5,-233,416496,461771571,103626287,0.565591336500878,83.41286432291,0.159470697695789
360.92,360,28301,28312,2037672,2604704,2023-08-03,2023-10-20,449.5,11,567032,353205511,115804832,0.737447157216072,94.4696284764368,0.217695369608217
387.44,385,10456,10607,1955272,2588108,2023-08-03,2023-11-17,449.5,151,632836,180589816,52417574,1.4331417226761,80.1042673414098,0.24451684396478
375.46,375,55573,55587,1444898,2557002,2023-08-03,2023-09-08,449.5,14,1112104,29018635,13167465,8.8115860721912,62.3440213504185,0.434924962905778
467.96,458,2108,2555,1129888,2544780,2023-08-03,2023-08-25,449.5,447,1414892,101232484,39925793,2.51379784378303,67.9476184739278,0.555997767979943
386.02,385,24099,24025,1807425,2450550,2023-08-03,2023-09-29,449.5,-74,643125,193848400,66967240,1.26415797086796,79.8546575571426,0.262441084654465
455.79,444,2067,2076,1930578,2447604,2023-08-03,2023-12-15,449.5,9,517026,461771571,103626287,0.530046489154699,83.9429108120647,0.211237602161134
461.55,452,2030,2524,1321530,2410420,2023-08-03,2023-09-29,449.5,494,1088890,193848400,66967240,1.24345622661833,81.0981137837609,0.451742849793812
441.3,432,2552,2549,1748120,2370570,2023-08-03,2023-12-15,449.5,-3,622450,461771571,103626287,0.513364214879309,84.456275026944,0.262573980097614
432.03,426,3909,3908,1817685,2356524,2023-08-03,2023-11-17,449.5,-1,538839,180589816,52417574,1.3049041480833,81.4091714894931,0.228658396859103
436.89,435,11464,12366,1008832,2337174,2023-08-03,2023-08-25,449.5,902,1328342,101232484,39925793,2.30871940275614,70.2563378766839,0.568353918022364
449.19,448,10153,19524,233519,2323356,2023-08-03,2023-08-04,449.5,9371,2089837,80136866,47944043,2.89923491642411,90.0811881013665,0.899490650593366
434.06,432,5414,11253,568470,2318118,2023-08-03,2023-09-01,449.5,5839,1749648,93412562,44019893,2.48159128747588,51.8479398948506,0.754770896045844
449.61,439,2076,2166,1681560,2298126,2023-08-03,2023-12-15,449.5,90,616566,461771571,103626287,0.497675938564871,84.9539509655089,0.268290772568606
451.34,447,5134,5264,1108944,2284576,2023-08-03,2023-08-25,449.5,130,1175632,101232484,39925793,2.25676177223904,72.513099648923,0.514595268443685
350.8,350,25089,28503,1455162,2280240,2023-08-03,2023-10-20,449.5,3414,825078,353205511,115804832,0.645584490894311,95.1152129673311,0.361838227554994
458.21,453,3862,4245,753090,2211645,2023-08-03,2023-08-11,449.5,383,1458555,67989271,42010468,3.25293236340187,67.4093284512493,0.659488751585358
370.73,370,30400,30287,1550400,2210951,2023-08-03,2023-09-29,449.5,-113,660551,193848400,66967240,1.14055674434249,82.2386705281034,0.298763292356999
380.31,380,70937,71095,1418740,2203945,2023-08-03,2023-09-01,449.5,158,785205,93412562,44019893,2.35936682691563,54.2073067217662,0.356272502262987
400.22,400,97717,99877,1172604,2197294,2023-08-03,2023-08-18,449.5,2160,1024690,323982367,170425023,0.678214070829355,86.5897726464848,0.466341782210301
409.25,408,17373,17341,1372467,2167625,2023-08-03,2023-09-15,449.5,-32,795158,626670099,251558143,0.345895711868008,92.925257951393,0.366833746612075
437.51,435,7855,8628,1021150,2165628,2023-08-03,2023-09-01,449.5,773,1144478,93412562,44019893,2.31834771858629,56.5256544403525,0.528473957669554
360.38,360,56582,56735,1471132,2155930,2023-08-03,2023-09-15,449.5,153,684798,626670099,251558143,0.344029498685241,93.2692874500783,0.317634617079404
410.29,409,16410,16693,1329210,2153397,2023-08-03,2023-09-15,449.5,283,824187,626670099,251558143,0.343625298771435,93.6129127488497,0.382738064555676
432.96,432,22374,22277,917334,2138592,2023-08-03,2023-08-18,449.5,-97,1221258,323982367,170425023,0.66009518351349,87.2498678299983,0.571057031916326
474.33,458,1362,1305,1791030,2131065,2023-08-03,2023-12-15,449.5,-57,340035,461771571,103626287,0.461497661145536,85.4154486266544,0.159561064538153
456.82,451,3693,3647,1122672,2122554,2023-08-03,2023-08-25,449.5,-46,999882,101232484,39925793,2.0967123556901,74.6098120046131,0.471074940849561
408.7,405,5457,5694,1560702,2106780,2023-08-03,2023-11-17,449.5,237,546078,180589816,52417574,1.16661063545244,82.5757821249455,0.259200296186598
392.7,390,7764,7783,1591620,2101410,2023-08-03,2023-11-17,449.5,19,509790,180589816,52417574,1.16363704584538,83.7394191707909,0.242594258140963
445.46,445,36944,45668,480272,2100728,2023-08-03,2023-08-04,449.5,8724,1620456,80136866,47944043,2.62142520023181,92.7026133015983,0.771378303140626
450.38,447,6229,6177,921892,2087826,2023-08-03,2023-08-18,449.5,-52,1165934,323982367,170425023,0.644425812223293,87.8942936422216,0.558444046582426
450.68,448,4395,7711,408735,2066548,2023-08-03,2023-08-11,449.5,3316,1657813,67989271,42010468,3.03952075026661,70.4488492015159,0.802213643234999
463.17,452,1743,1846,1345596,2061982,2023-08-03,2023-10-20,449.5,103,716386,353205511,115804832,0.583791004325524,95.6990039716566,0.347425923213685
431.85,429,7211,7235,1218659,2061975,2023-08-03,2023-09-15,449.5,24,843316,626670099,251558143,0.329036761653439,93.9419495105031,0.408984590016853
412.15,408,4665,4894,1408830,2031010,2023-08-03,2023-11-17,449.5,229,622180,180589816,52417574,1.12465367371547,84.8640728445064,0.306340195272303
474.45,462,1793,1617,1224619,2013165,2023-08-03,2023-08-18,449.5,-176,788546,323982367,170425023,0.621381039542809,88.5156746817644,0.391694669835806
366.08,365,18415,18394,1399540,1986552,2023-08-03,2023-10-20,449.5,-21,587012,353205511,115804832,0.562435165401482,96.2614391370581,0.29549289422074
452.69,448,4249,4227,1015511,1982463,2023-08-03,2023-08-25,449.5,-22,966952,101232484,39925793,1.95832693387233,76.5681389384854,0.48775286096134
474.48,461,1472,1462,1446976,1970776,2023-08-03,2023-09-29,449.5,-10,523800,193848400,66967240,1.01665837840292,83.2553289065063,0.265783630407515
473.4,461,1650,1584,1212750,1964160,2023-08-03,2023-09-01,449.5,-66,751410,93412562,44019893,2.10267222945882,58.6283266698113,0.382560483870968
381.9,379,6763,6763,1636646,1961270,2023-08-03,2023-12-15,449.5,0,324624,461771571,103626287,0.424727316095429,85.8401759427498,0.16551724137931
455.91,451,2373,3974,522060,1951234,2023-08-03,2023-08-18,449.5,1601,1429174,323982367,170425023,0.602265493047651,89.117940174812,0.732446236586693
463.12,455,1876,2397,889224,1946364,2023-08-03,2023-09-01,449.5,521,1057140,93412562,44019893,2.08362125856263,60.7119479283739,0.543135816322127
371.2,370,16476,16212,1383984,1945440,2023-08-03,2023-10-20,449.5,-264,561456,353205511,115804832,0.55079548291646,96.8122346199745,0.28860103626943
458.24,452,3874,3114,1282294,1943136,2023-08-03,2023-08-25,449.5,-760,660842,101232484,39925793,1.91947873174781,78.4876176702332,0.3400904517234
452.07,449,5307,6321,578463,1940547,2023-08-03,2023-08-11,449.5,1014,1362084,67989271,42010468,2.85419592158886,73.3030451231048,0.701907245740505
401.59,400,12625,12190,1313000,1938210,2023-08-03,2023-09-29,449.5,-435,625210,193848400,66967240,0.999858652431488,84.2551875589378,0.322570825658726
370.25,370,75929,76040,1214864,1901000,2023-08-03,2023-09-01,449.5,111,686136,93412562,44019893,2.03505819699068,62.7470061253646,0.36093424513414
465.87,452,1374,1370,1530636,1900190,2023-08-03,2023-12-15,449.5,-4,369554,461771571,103626287,0.411499996824187,86.251675939574,0.194482656997458
464.8,451,1359,1373,1497618,1894740,2023-08-03,2023-12-15,449.5,14,397122,461771571,103626287,0.410319759593862,86.6619956991679,0.209591817346971
464.19,456,2494,2311,1154722,1892709,2023-08-03,2023-08-25,449.5,-183,737987,101232484,39925793,1.86966566976663,80.3572833399998,0.389910440537875
426.83,425,10272,10293,1068288,1883619,2023-08-03,2023-09-08,449.5,21,815331,29018635,13167465,6.49106686100156,68.83508821142,0.432853459218664
446.82,445,10198,10223,622078,1860586,2023-08-03,2023-08-11,449.5,25,1238508,67989271,42010468,2.73658765954411,76.0396327826489,0.66565479907943
438.68,436,4551,6880,628038,1843840,2023-08-03,2023-09-01,449.5,2329,1215802,93412562,44019893,1.97386728350305,64.7208734088677,0.65938584692815
437.28,436,15429,14203,833166,1817984,2023-08-03,2023-08-18,449.5,-1226,984818,323982367,170425023,0.561136711492697,89.6790768863047,0.541708837921566
326.27,325,15071,14242,1522171,1808734,2023-08-03,2023-12-15,449.5,-829,286563,461771571,103626287,0.391694533312879,87.0536902324808,0.158432914955986
395.5,395,35829,35967,967383,1798350,2023-08-03,2023-09-01,449.5,138,830967,93412562,44019893,1.9251693364325,66.6460427453002,0.462071899240971
425.32,423,6611,7751,872652,1798232,2023-08-03,2023-09-15,449.5,1140,925580,626670099,251558143,0.286950343229955,94.2288998537331,0.514716677269674
336.49,335,12060,12062,1398960,1797238,2023-08-03,2023-12-15,449.5,2,398278,461771571,103626287,0.389204990707408,87.4428952231882,0.22160559703278
459.65,454,2748,3147,612804,1778055,2023-08-03,2023-08-11,449.5,399,1165251,67989271,42010468,2.61519938932718,78.6548321719761,0.655351493626463
295.87,295,20355,20352,1221300,1770624,2023-08-03,2023-12-15,449.5,-3,549324,461771571,103626287,0.383441534992201,87.8263367581804,0.310243168510085
460.27,453,1848,2411,776160,1752797,2023-08-03,2023-09-01,449.5,563,976637,93412562,44019893,1.87640394661266,68.5224466919128,0.557187740508456
454.04,449,4439,3393,1118628,1710072,2023-08-03,2023-08-25,449.5,-1046,591444,101232484,39925793,1.68925223646592,82.0465355764658,0.345859121721191
396.31,395,12673,13051,1165916,1709681,2023-08-03,2023-09-29,449.5,378,543765,193848400,66967240,0.88196807402073,85.1371556329585,0.318050560309204
420.36,414,2609,2639,1215794,1678404,2023-08-03,2023-12-15,449.5,30,462610,461771571,103626287,0.363470621711357,88.1898073798917,0.275624938930079
391.16,390,14050,14422,1124000,1672952,2023-08-03,2023-09-29,449.5,372,548952,193848400,66967240,0.863020793568582,86.0001764265271,0.328133742032049
435.12,434,14767,14599,679282,1635088,2023-08-03,2023-08-18,449.5,-168,955806,323982367,170425023,0.504684256473748,90.1837611427785,0.584559363165775
502.83,475,567,587,1155546,1633621,2023-08-03,2023-11-17,449.5,20,478075,180589816,52417574,0.904603059122669,85.768675903629,0.292647437808402
456.44,452,3123,3630,527787,1611720,2023-08-03,2023-08-11,449.5,507,1083933,67989271,42010468,2.37055049465084,81.0253826666269,0.672531829350011
445.71,436,1651,1653,1238250,1605063,2023-08-03,2023-12-15,449.5,2,366813,461771571,103626287,0.347588093507818,88.5373954733996,0.228534954702713
412.14,410,7173,7404,968355,1584456,2023-08-03,2023-09-29,449.5,231,616101,193848400,66967240,0.817368624141339,86.8175450506685,0.388840712522153
375.83,375,18917,18890,1078269,1567870,2023-08-03,2023-09-29,449.5,-27,489601,193848400,66967240,0.808812453443,87.6263575041115,0.31227142556462
459.07,452,1861,2209,729512,1561763,2023-08-03,2023-09-01,449.5,348,832251,93412562,44019893,1.6718982613923,70.1943449533051,0.532891994495964
453.47,448,2862,2855,844290,1561685,2023-08-03,2023-09-01,449.5,-7,717395,93412562,44019893,1.67181476084555,71.8661597141507,0.459372408648351
457.95,446,1293,1294,1238694,1546330,2023-08-03,2023-12-15,449.5,1,307636,461771571,103626287,0.334869034196131,88.8722645075957,0.198945891239257
493.4,470,641,650,1171748,1521000,2023-08-03,2023-12-15,449.5,9,349252,461771571,103626287,0.329383638041243,89.2016481456369,0.229619986850756
465.5,457,1946,1782,969108,1514700,2023-08-03,2023-08-25,449.5,-164,545592,101232484,39925793,1.49625884908643,83.5427944255522,0.360198059021588
480.31,463,867,868,1319574,1502508,2023-08-03,2023-12-15,449.5,1,182934,461771571,103626287,0.325379060635155,89.5270272062721,0.121752429937145
431.38,430,11495,10811,712690,1491918,2023-08-03,2023-08-25,449.5,-684,779228,101232484,39925793,1.47375421509957,85.0165486406518,0.522299482947454
433.49,432,9960,9985,766920,1487765,2023-08-03,2023-08-25,449.5,25,720845,101232484,39925793,1.46965177699285,86.4862004176446,0.484515363649501
331.34,330,11243,11080,1158029,1484720,2023-08-03,2023-12-15,449.5,-163,326691,461771571,103626287,0.321526939561206,89.8485541458333,0.220035427555364
474,461,1162,1139,729736,1480700,2023-08-03,2023-08-18,449.5,-23,750964,323982367,170425023,0.457031045766759,90.6407921885453,0.50716823124198
447.89,447,10597,16527,180149,1470903,2023-08-03,2023-08-04,449.5,5930,1290754,80136866,47944043,1.83548855030093,94.5381018518992,0.877524894571566
380.93,380,16043,15787,994666,1468191,2023-08-03,2023-09-29,449.5,-256,473525,193848400,66967240,0.757391342925709,88.3837488470372,0.322522750786512
419.43,414,2569,2701,922271,1466643,2023-08-03,2023-11-17,449.5,132,544372,180589816,52417574,0.812140480834202,86.5808163844632,0.371168716586109
426.32,424,6410,6269,884580,1454408,2023-08-03,2023-09-15,449.5,-141,569828,626670099,251558143,0.232085111818938,94.460984965552,0.391793774511691
454.59,449,2530,2601,794420,1453959,2023-08-03,2023-09-01,449.5,71,659539,93412562,44019893,1.55649194162986,73.4226516557805,0.453615954782769
413.47,412,10099,9830,908910,1445010,2023-08-03,2023-09-15,449.5,-269,536100,626670099,251558143,0.230585439181773,94.6915704047338,0.371000892727386
475.25,462,1045,1076,830775,1425700,2023-08-03,2023-09-01,449.5,31,594925,93412562,44019893,1.52624012175151,74.948891777532,0.41728624535316
445.36,443,5520,6019,546480,1420484,2023-08-03,2023-08-18,449.5,499,874004,323982367,170425023,0.438444849067974,91.0792370376132,0.615286057428313
436.76,429,1397,1822,712470,1413872,2023-08-03,2023-11-17,449.5,425,701402,180589816,52417574,0.782919010228129,87.3637353946914,0.49608592574151
415.63,414,8505,8660,859005,1411580,2023-08-03,2023-09-15,449.5,155,552575,626670099,251558143,0.225250893931673,94.9168212986655,0.391458507488063
479.04,464,941,930,859133,1398720,2023-08-03,2023-09-01,449.5,-11,539587,93412562,44019893,1.49735749673582,76.4462492742679,0.385771991535118
441.21,433,1689,1691,976242,1388311,2023-08-03,2023-11-17,449.5,2,412069,180589816,52417574,0.7687648344467,88.1325002291381,0.296813178027114
377.53,377,25952,25962,986176,1375986,2023-08-03,2023-09-15,449.5,10,389810,626670099,251558143,0.219571031423984,95.1363923300894,0.28329503352505
370.1,370,137314,137316,823884,1373160,2023-08-03,2023-08-18,449.5,2,549276,323982367,170425023,0.423837881275804,91.503074918889,0.400008738967054
470.06,458,1248,1129,1053312,1361574,2023-08-03,2023-09-29,449.5,-119,308262,193848400,66967240,0.702391146896234,89.0861399939334,0.226401209188777
440.21,431,1472,1471,952384,1354791,2023-08-03,2023-12-15,449.5,-1,402407,461771571,103626287,0.293389867432961,90.1419440132663,0.297025150004687
403.07,402,12500,12628,812500,1351196,2023-08-03,2023-09-15,449.5,128,538696,626670099,251558143,0.215615202026737,95.3520075321162,0.398680872353086
429.67,429,20065,20164,662145,1350988,2023-08-03,2023-08-18,449.5,99,688843,323982367,170425023,0.416994298952079,91.9200692178411,0.509880916780904
428.58,426,5372,5211,805800,1344438,2023-08-03,2023-09-15,449.5,-161,538638,626670099,251558143,0.214536803677943,95.5665443357941,0.400641755142297
437.64,437,1387,20992,34675,1343488,2023-08-03,2023-08-11,449.5,19605,1308813,67989271,42010468,1.97602942381894,83.0014120904459,0.974190316549162
467.03,457.5,779,1395,444030,1329435,2023-08-03,2023-09-01,449.5,616,885405,93412562,44019893,1.42318653030842,77.8694358045763,0.666000970337023
421.15,420,9178,11412,569036,1312380,2023-08-03,2023-09-01,449.5,2234,743344,93412562,44019893,1.40492881460633,79.2743646191826,0.566409119309956
422.47,416,2016,2013,965664,1302411,2023-08-03,2023-12-15,449.5,-3,336747,461771571,103626287,0.28204659658444,90.4239906098507,0.258556630740987
407.28,406,10028,9780,732044,1251840,2023-08-03,2023-09-15,449.5,-248,519796,626670099,251558143,0.199760608013308,95.7663049438074,0.41522558793456
392.5,389,3560,3562,993240,1246700,2023-08-03,2023-12-15,449.5,2,253460,461771571,103626287,0.269981973403036,90.6939725832537,0.203304724472608
484.44,466,665,675,901740,1244700,2023-08-03,2023-10-20,449.5,10,342960,353205511,115804832,0.352401069982173,97.1646356899567,0.275536273800916
450.03,446,2895,3081,564525,1241643,2023-08-03,2023-08-25,449.5,186,677118,101232484,39925793,1.22652626008861,87.7127266777332,0.545340327292144
350.31,350,39911,39894,838131,1236714,2023-08-03,2023-09-15,449.5,-17,398583,626670099,251558143,0.197346897829252,95.9636518416367,0.322291976964763
456.28,448,1631,1480,884002,1225440,2023-08-03,2023-09-29,449.5,-151,341438,193848400,66967240,0.632164103495309,89.7183040974287,0.278624820472647
431.93,430,3873,6341,379554,1223813,2023-08-03,2023-09-01,449.5,2468,844259,93412562,44019893,1.31011608481523,80.5844807039978,0.689859480165679
453.57,446,1634,1597,805562,1208929,2023-08-03,2023-09-29,449.5,-37,403367,193848400,66967240,0.623646622824847,90.3419507202536,0.33365648437584
440.96,440,6440,12470,218960,1197120,2023-08-03,2023-08-11,449.5,6030,978160,67989271,42010468,1.76074839808181,84.7621604885277,0.817094359796846
386.5,383,3406,3406,848094,1192100,2023-08-03,2023-12-15,449.5,0,344006,461771571,103626287,0.258157945370786,90.9521305286245,0.288571428571429
376.99,375,5654,5927,859408,1179473,2023-08-03,2023-11-17,449.5,273,320065,180589816,52417574,0.653122654491215,88.7856228836293,0.271362718773554
477.83,463,791,793,832923,1176019,2023-08-03,2023-09-29,449.5,2,343096,193848400,66967240,0.60666943859222,90.9486201588458,0.2917435857754
471.43,456,751,761,931240,1174223,2023-08-03,2023-12-15,449.5,10,242983,461771571,103626287,0.254286550698029,91.2064170793225,0.206930881101801
365.15,365,78105,78103,624840,1171545,2023-08-03,2023-08-25,449.5,-2,546705,101232484,39925793,1.15728168835608,88.8700083660893,0.466653009487472
408.25,407,12542,9363,978276,1170375,2023-08-03,2023-09-15,449.5,-3179,192099,626670099,251558143,0.186760945171568,96.1504127868083,0.164134572252483
446.15,443,3549,3639,553644,1146285,2023-08-03,2023-08-25,449.5,90,592641,101232484,39925793,1.13232922349312,90.0023375895824,0.517010167628469
457.54,451,1820,1737,655200,1135998,2023-08-03,2023-09-01,449.5,-83,480798,93412562,44019893,1.21610838593636,81.8005890899342,0.423238421194404
360.15,358,5208,5282,880152,1135630,2023-08-03,2023-12-15,449.5,74,255478,461771571,103626287,0.245928955206296,91.4523460345288,0.224965877970818
450.98,444,1630,1623,743280,1132854,2023-08-03,2023-09-29,449.5,-7,389574,193848400,66967240,0.584402037881148,91.5330221967269,0.343887208766531
402.44,399,3236,3259,834888,1121096,2023-08-03,2023-11-17,449.5,23,286208,180589816,52417574,0.620796911382866,89.4064197950121,0.255293034673213
405.25,405,44611,44260,624554,1106500,2023-08-03,2023-08-18,449.5,-351,481946,323982367,170425023,0.341530932762152,92.2616001506033,0.435558969724356
461.54,454,1057,1455,471422,1097070,2023-08-03,2023-09-01,449.5,398,625648,93412562,44019893,1.17443518999083,82.975024279925,0.570289954150601
395.3,395,36322,36344,653796,1090320,2023-08-03,2023-08-25,449.5,22,436524,101232484,39925793,1.07704558548618,91.0793831750686,0.400363196125908
469.78,459,1086,1009,693954,1087702,2023-08-03,2023-09-01,449.5,-77,393748,93412562,44019893,1.1644065602226,84.1394308401476,0.361999885998187
466.05,457,901,1195,493748,1081475,2023-08-03,2023-09-01,449.5,294,587727,93412562,44019893,1.15774043324066,85.2971712733883,0.543449455604614
465.15,456,1264,1180,671184,1079700,2023-08-03,2023-09-01,449.5,-84,408516,93412562,44019893,1.15584026054226,86.4530115339305,0.378360655737705
408.64,404,2293,2291,882805,1063024,2023-08-03,2023-12-15,449.5,-2,180219,461771571,103626287,0.230205596610884,91.6825516311397,0.169534272039013
447.6,444,2922,2934,479208,1056240,2023-08-03,2023-08-25,449.5,12,577032,101232484,39925793,1.04338050225064,92.1227636773192,0.546307657350602
427.18,424,3310,3316,714960,1054488,2023-08-03,2023-09-29,449.5,6,339528,193848400,66967240,0.543975601552553,92.0769977982795,0.321983749459453
385.26,382,3231,3234,781902,1054284,2023-08-03,2023-12-15,449.5,3,272382,461771571,103626287,0.228312885896564,91.9108645170363,0.258357330662326
434.7,427,1342,1366,838750,1051820,2023-08-03,2023-12-15,449.5,24,213070,461771571,103626287,0.227779288734083,92.1386438057704,0.202572683539009
420.91,419,5313,5414,600369,1034074,2023-08-03,2023-09-15,449.5,101,433705,626670099,251558143,0.165010904724848,96.3154236915331,0.419413891075494
423.97,417,1458,1472,737748,1025984,2023-08-03,2023-12-15,449.5,14,288236,461771571,103626287,0.222184314590471,92.3608281203608,0.280936154949785
361.2,359,4641,4636,867867,1019920,2023-08-03,2023-12-15,449.5,-5,152053,461771571,103626287,0.220871111184105,92.581699231545,0.149083261432269
365.22,365,46181,46294,646534,1018468,2023-08-03,2023-09-01,449.5,113,371934,93412562,44019893,1.09029019030652,87.5433017242371,0.365189677044345
444.42,443,5742,7103,264132,1008626,2023-08-03,2023-08-11,449.5,1361,744494,67989271,42010468,1.48350759636767,86.2456680848953,0.738126917212128
459.52,452.5,1137,1398,454800,981396,2023-08-03,2023-09-01,449.5,261,526596,93412562,44019893,1.05060387916563,88.5939056034027,0.536578506535588
417.99,413,1919,1962,648622,979038,2023-08-03,2023-11-17,449.5,43,330416,180589816,52417574,0.542133560842656,89.9485533558548,0.337490475344165
452.05,447,1061,1911,292836,965055,2023-08-03,2023-09-01,449.5,850,672219,93412562,44019893,1.03311051462222,89.6270161180249,0.69656029967204
454.99,451,2598,2405,379308,959595,2023-08-03,2023-08-11,449.5,-193,580287,67989271,42010468,1.41139180621601,87.6570598911114,0.604720741562847
417.71,416,5257,5591,536214,956061,2023-08-03,2023-09-15,449.5,334,419847,626670099,251558143,0.152562089929872,96.467985781463,0.439142481494382
455.18,446,578,1041,359516,955638,2023-08-03,2023-10-20,449.5,463,596122,353205511,115804832,0.27056146357807,97.4351971535348,0.623794784217455
483.21,467,587,587,951527,951527,2023-08-03,2023-12-15,449.5,0,0,461771571,103626287,0.206060108451328,92.7877593399963,0
380.13,380,72693,73122,581544,950586,2023-08-03,2023-08-18,449.5,429,369042,323982367,170425023,0.293406708766962,92.5550068593702,0.388225789144801
311,310,9553,9470,754687,947000,2023-08-03,2023-12-15,449.5,-83,192313,461771571,103626287,0.205079753599643,92.9928390935959,0.203076029567054
385.14,385,67650,67625,541200,946750,2023-08-03,2023-08-18,449.5,-25,405550,323982367,170425023,0.292222693712217,92.8472295530824,0.428360179561658
414.53,413,6097,6142,567021,939726,2023-08-03,2023-09-15,449.5,45,372705,626670099,251558143,0.149955455270573,96.6179412367336,0.396610288530912
417.55,412,1718,1691,778254,938505,2023-08-03,2023-12-15,449.5,-27,160251,461771571,103626287,0.203240099421365,93.1960791930173,0.170751354547924
422.52,422,17805,17848,427320,928096,2023-08-03,2023-08-18,449.5,43,500776,323982367,170425023,0.286464972953297,93.1336945260357,0.539573492397338
416.33,416,27677,27803,553540,917499,2023-08-03,2023-08-18,449.5,126,363959,323982367,170425023,0.283194115931624,93.4168886419674,0.39668599093841
428.64,428,14554,14168,480282,906752,2023-08-03,2023-08-18,449.5,-386,426470,323982367,170425023,0.279876960093942,93.6967656020613,0.470327057453416
346.69,345,4662,5318,610722,898742,2023-08-03,2023-12-15,449.5,656,288020,461771571,103626287,0.19462913190037,93.3907083249177,0.320470168301915
408.27,408,33308,33285,499620,898695,2023-08-03,2023-08-18,449.5,-23,399075,323982367,170425023,0.277390096356695,93.974155698418,0.444060554470649
426.63,421,1213,1577,509460,887851,2023-08-03,2023-11-17,449.5,364,378391,180589816,52417574,0.491639572853876,90.4401929287087,0.426187502182235
392.77,392,11584,11520,590784,887040,2023-08-03,2023-09-15,449.5,-64,296256,626670099,251558143,0.141548160892866,96.7594893976264,0.333982683982684
443.51,441,3281,3527,439654,885277,2023-08-03,2023-08-25,449.5,246,445623,101232484,39925793,0.874498940478434,92.9972626177977,0.503371261198472
436.58,428,1002,1017,646290,872586,2023-08-03,2023-12-15,449.5,15,226296,461771571,103626287,0.188964859423968,93.5796731843416,0.259339480578419
425.05,418,1226,1229,620356,866445,2023-08-03,2023-12-15,449.5,3,246089,461771571,103626287,0.187634981106275,93.7673081654479,0.284021490111894
413.32,413,27107,27062,487926,865984,2023-08-03,2023-08-18,449.5,-45,378058,323982367,170425023,0.267293559220154,94.2414492576382,0.436564647845688
275.63,275,13703,13703,616635,863289,2023-08-03,2023-12-15,449.5,0,246654,461771571,103626287,0.186951526299136,93.954259691747,0.285714285714286
481.5,465,664,523,735712,862950,2023-08-03,2023-09-15,449.5,-141,127238,626670099,251558143,0.137704033011475,96.8971934306379,0.147445390810592
406.27,406,32044,31948,448616,862596,2023-08-03,2023-08-18,449.5,-96,413980,323982367,170425023,0.26624782329589,94.507697080934,0.479923394033824
365.7,365,11825,12231,567600,856170,2023-08-03,2023-09-29,449.5,406,288570,193848400,66967240,0.441669882237872,92.5186676805174,0.337047548968079
438.73,434,975,1781,298350,842413,2023-08-03,2023-09-29,449.5,806,544063,193848400,66967240,0.434573099391071,92.9532407799084,0.64583879878397
477.93,461,241,497,330170,841421,2023-08-03,2023-12-15,449.5,256,511251,461771571,103626287,0.182215851482117,94.1364755432292,0.607604278951916
440.68,439,1679,4935,112493,829080,2023-08-03,2023-08-18,449.5,3256,716587,323982367,170425023,0.255902815846765,94.7635998967808,0.864315868191248
444.08,434,826,822,597198,828576,2023-08-03,2023-12-15,449.5,-4,231378,461771571,103626287,0.179434173092479,94.3159097163216,0.279247769667478
413.58,408,1486,1469,594400,819702,2023-08-03,2023-12-15,449.5,-17,225302,461771571,103626287,0.177512443701304,94.4934221600229,0.274858424159024
371.85,370,3818,4419,534520,817515,2023-08-03,2023-11-17,449.5,601,282995,180589816,52417574,0.452691640153175,90.8928845688619,0.346164902173049
452.44,444,390,958,230100,808552,2023-08-03,2023-10-20,449.5,568,578452,353205511,115804832,0.228918285479413,97.6641154390142,0.715417190236373
450.8,446,1802,1675,459510,804000,2023-08-03,2023-09-01,449.5,-127,344490,93412562,44019893,0.860697943387957,90.4877140614129,0.428470149253731
417.36,417,22259,22299,445180,802764,2023-08-03,2023-08-18,449.5,40,357584,323982367,170425023,0.247780151566088,95.0113800483469,0.445441001340369
384.2,381,2495,2498,588820,799360,2023-08-03,2023-12-15,449.5,3,210540,461771571,103626287,0.173107235308776,94.6665293953317,0.263385708566854
470.37,459,698,698,482318,793626,2023-08-03,2023-09-08,449.5,0,311308,29018635,13167465,2.73488398058696,71.569972192007,0.392260334212841
445.61,444,4034,4833,209768,778113,2023-08-03,2023-08-11,449.5,799,568345,67989271,42010468,1.14446439644867,88.80152428756,0.730414477074667
400.62,397,2148,2149,521964,777938,2023-08-03,2023-11-17,449.5,1,255974,180589816,52417574,0.430776229374972,91.3236607982368,0.329041645992354
423.15,418,1018,1503,392948,774045,2023-08-03,2023-11-17,449.5,485,381097,180589816,52417574,0.428620515345118,91.7522813135819,0.492344760317553
432.39,432,7580,19776,136440,771264,2023-08-03,2023-08-11,449.5,12196,634824,67989271,42010468,1.13439074821085,89.9359150357709,0.823095593726662
405.18,404,6699,6526,468930,770068,2023-08-03,2023-09-15,449.5,-173,301138,626670099,251558143,0.122882518446121,97.020075949084,0.391053777069038
350.49,350,15845,15643,538730,766507,2023-08-03,2023-09-29,449.5,-202,227777,193848400,66967240,0.395415695976856,93.3486564758853,0.297162322066204
439.84,437,2094,2693,303630,764812,2023-08-03,2023-09-01,449.5,599,461182,93412562,44019893,0.818746412286604,91.3064604736995,0.603000475933955
389.3,386,2316,2317,604476,764610,2023-08-03,2023-12-15,449.5,1,160134,461771571,103626287,0.16558186948239,94.8321112648141,0.209432259583317
409.26,409,29329,29291,469264,761566,2023-08-03,2023-08-18,449.5,-38,292302,323982367,170425023,0.235064027419739,95.2464440757666,0.383817029646807
404.07,403,7070,7084,480760,757988,2023-08-03,2023-09-15,449.5,14,277228,626670099,251558143,0.120954869429633,97.1410308185137,0.36574193786709
340.25,340,29958,29942,509286,748550,2023-08-03,2023-09-15,449.5,-16,239264,626670099,251558143,0.119448813848704,97.2604796323624,0.319636630819584
450.04,447.5,2929,2936,254823,745744,2023-08-03,2023-08-11,449.5,7,490921,67989271,42010468,1.09685541414321,91.0327704499141,0.658296949087086
442.97,441,3512,3759,270424,740523,2023-08-03,2023-08-18,449.5,247,470099,323982367,170425023,0.228568920851177,95.4750129966178,0.634820255414079
445.76,442,2613,1944,517374,730944,2023-08-03,2023-09-01,449.5,-669,213570,93412562,44019893,0.782490046681302,92.0889505203808,0.292183806146572
446.65,446,9994,11222,149910,729430,2023-08-03,2023-08-04,449.5,1228,579520,80136866,47944043,0.910230255323436,95.4483321072227,0.794483363722359
402.26,398,1730,1710,583010,728460,2023-08-03,2023-12-15,449.5,-20,145450,461771571,103626287,0.157753323450048,94.9898645882641,0.199667792329023
305.99,305,7342,7342,513940,726858,2023-08-03,2023-12-15,449.5,0,212918,461771571,103626287,0.15740639867152,95.1472709869357,0.292929292929293
412.42,411,4530,5079,394110,721218,2023-08-03,2023-09-15,449.5,549,327108,626670099,251558143,0.115087348375305,97.3755669807377,0.453549412244287
406.06,402,1571,1774,438309,720244,2023-08-03,2023-11-17,449.5,203,281935,180589816,52417574,0.398828691425213,92.1511100050072,0.391443732957165
365.43,365,16440,16706,460320,718358,2023-08-03,2023-09-15,449.5,266,258038,626670099,251558143,0.114630967896236,97.4901979486339,0.359205298750762
417.03,411,1171,1185,497675,714555,2023-08-03,2023-12-15,449.5,14,216880,461771571,103626287,0.154742094333044,95.3020130812687,0.303517573874649
440.11,440,36151,64869,216906,713559,2023-08-03,2023-08-04,449.5,28718,496653,80136866,47944043,0.8904253879856,96.3387574952083,0.696022333121718
388.7,388,10374,10155,487578,710850,2023-08-03,2023-09-15,449.5,-219,223272,626670099,251558143,0.113432889351882,97.6036308379858,0.314091580502216
442.51,436,610,1075,281820,699825,2023-08-03,2023-10-20,449.5,465,418005,353205511,115804832,0.198135356953703,97.8622507959679,0.597299324831208
430.45,424,1120,1081,512960,697245,2023-08-03,2023-11-17,449.5,-39,184285,180589816,52417574,0.386093200294307,92.5372032053015,0.264304512760938
427.7,427,9811,9853,274708,689710,2023-08-03,2023-08-18,449.5,42,415002,323982367,170425023,0.21288504259863,95.6878980392164,0.601705064447376
442.09,441,2849,6325,108262,689425,2023-08-03,2023-08-11,449.5,3476,581163,67989271,42010468,1.01402028564183,92.0467907355559,0.842967690466693
449.94,442,168,861,91896,683634,2023-08-03,2023-10-20,449.5,693,591738,353205511,115804832,0.193551340143161,98.0558021361111,0.865577194814769
240.33,240,20928,20527,565056,677391,2023-08-03,2023-12-15,449.5,-401,112335,461771571,103626287,0.146693959208676,95.4487070404774,0.165834798513709
393.84,393,7737,8054,433272,676536,2023-08-03,2023-09-15,449.5,317,243264,626670099,251558143,0.107957281044615,97.7115881190304,0.359572883039484
452.76,447.5,1033,1282,293372,674332,2023-08-03,2023-09-01,449.5,249,380960,93412562,44019893,0.721885778060557,92.8108362984413,0.564944270774633
419.4,419,16801,16802,336020,672080,2023-08-03,2023-08-18,449.5,1,336060,323982367,170425023,0.207443388423667,95.8953414276401,0.5000297583621
459.49,452,752,895,328624,670355,2023-08-03,2023-09-08,449.5,143,341731,29018635,13167465,2.31008453705696,73.8800567290639,0.509776163376122
407.88,404,1603,1724,466473,668912,2023-08-03,2023-11-17,449.5,121,202439,180589816,52417574,0.370404054235262,92.9076072595367,0.302639211136891
468.38,458,641,639,389728,663282,2023-08-03,2023-09-01,449.5,-2,273554,93412562,44019893,0.710056533938123,93.5208928323794,0.412424881121454
438.21,429,721,718,474418,661278,2023-08-03,2023-12-15,449.5,-3,186860,461771571,103626287,0.143204571595422,95.5919116120728,0.282574046013931
423.53,423,12260,12474,306500,661122,2023-08-03,2023-08-18,449.5,214,354622,323982367,170425023,0.204061105584799,96.0994025332249,0.536394190482241
330.21,330,31091,31064,466365,652344,2023-08-03,2023-09-15,449.5,-27,185979,626670099,251558143,0.104096876656628,97.815684995687,0.285093447628858
478.2,463,1372,425,1030372,646000,2023-08-03,2023-08-18,449.5,-947,-384372,323982367,170425023,0.199393567613511,96.2987961008384,-0.595003095975232
406.78,403,1417,1708,382590,645624,2023-08-03,2023-11-17,449.5,291,263034,180589816,52417574,0.357508531931834,93.2651157914686,0.407410505185681
431.8,428,1663,1688,417413,641440,2023-08-03,2023-09-29,449.5,25,224027,193848400,66967240,0.330897753089528,93.6795542289748,0.349256360688451
412.29,412,22630,21980,384710,637420,2023-08-03,2023-08-18,449.5,-650,252710,323982367,170425023,0.196745275337778,96.4955413761762,0.396457594678548
397.87,394,1643,1645,476470,636615,2023-08-03,2023-12-15,449.5,2,160145,461771571,103626287,0.137863619152943,95.7297752312257,0.251557063531334
361.57,360,1386,3982,160776,625174,2023-08-03,2023-11-17,449.5,2596,464398,180589816,52417574,0.346184526817393,93.6113003182859,0.742829996129078
482.32,466,378,378,616896,616896,2023-08-03,2023-12-15,449.5,0,0,461771571,103626287,0.133593325952065,95.8633685571778,0
448.5,447.5,6066,6153,121320,615300,2023-08-03,2023-08-04,449.5,87,493980,80136866,47944043,0.767811409046119,97.1065689042544,0.802827888834715
444.34,444,20142,18010,201420,612340,2023-08-03,2023-08-04,449.5,-2132,410920,80136866,47944043,0.764117728287503,97.8706866325419,0.671065094555312
355.35,355,17501,17487,420024,612045,2023-08-03,2023-09-15,449.5,-14,192021,626670099,251558143,0.0976662203887918,97.9133512160758,0.313736735043992
366.74,365,3570,3514,453390,611436,2023-08-03,2023-11-17,449.5,-56,158046,180589816,52417574,0.338577231841246,93.9498775501272,0.258483308146724
414.6,409,1090,1087,464340,608720,2023-08-03,2023-12-15,449.5,-3,144380,461771571,103626287,0.131822753549287,95.9951913107271,0.237186226836641
350.11,350,55001,54822,440008,603042,2023-08-03,2023-08-25,449.5,-179,163034,101232484,39925793,0.595700091682034,93.5929627094797,0.270352645421049
491.33,470,286,279,459888,595107,2023-08-03,2023-10-20,449.5,-7,135219,353205511,115804832,0.16848746168063,98.2242895977917,0.227217962484058
390.17,390,32570,34902,358270,593334,2023-08-03,2023-08-18,449.5,2332,235064,323982367,170425023,0.183137744653863,96.6786791208301,0.396174835758612
382.19,380,2557,2665,429576,583635,2023-08-03,2023-11-17,449.5,108,154059,180589816,52417574,0.323182676037502,94.2730602261647,0.263964635431391
200.17,200,34747,34065,486458,579105,2023-08-03,2023-12-15,449.5,-682,92646.9999999999,461771571,103626287,0.125409409406886,96.120600720134,0.159983077334853
420.8,420,6488,7232,259520,578560,2023-08-03,2023-08-25,449.5,744,319040,101232484,39925793,0.571516154834253,94.164478864314,0.551438053097345
428.76,423,1076,1000,479896,576000,2023-08-03,2023-11-17,449.5,-76,96104,180589816,52417574,0.318954862881083,94.5920150890458,0.166847222222222
421.42,421,13581,13631,339525,572502,2023-08-03,2023-08-18,449.5,50,232977,323982367,170425023,0.176707765086487,96.8553868859166,0.406945303247849
395.89,392,1467,1468,422496,571052,2023-08-03,2023-12-15,449.5,1,148556,461771571,103626287,0.123665473550774,96.2442661936848,0.260144435182785
395.17,395,34093,33456,409116,568752,2023-08-03,2023-08-18,449.5,-637,159636,323982367,170425023,0.175550294686254,97.0309371806028,0.280677694320196
490.99,470,36,270,49968,566730,2023-08-03,2023-08-25,449.5,234,516762,101232484,39925793,0.559830182572622,94.7243090468866,0.911831030649516
290.74,290,7669,7632,429464,564768,2023-08-03,2023-12-15,449.5,-37,135304,461771571,103626287,0.122304627540616,96.3665708212254,0.239574480140518
478.88,464,402,378,419286,562464,2023-08-03,2023-09-15,449.5,-24,143178,626670099,251558143,0.0897544020207034,98.0031056180965,0.254554958183991
434.63,428,890,844,436990,559572,2023-08-03,2023-11-17,449.5,-46,122582,180589816,52417574,0.309858004395995,94.9018730934418,0.219063855947045
434.03,433,5277,5430,226911,559290,2023-08-03,2023-08-18,449.5,153,332379,323982367,170425023,0.172629765372385,97.2035669459752,0.594287400096551
380.05,380,111373,111372,445492,556860,2023-08-03,2023-08-11,449.5,-1,111368,67989271,42010468,0.819040992511892,92.8658317280678,0.199992816865999
436.24,432,1291,1309,392464,555016,2023-08-03,2023-09-29,449.5,18,162552,193848400,66967240,0.286314460165779,93.9658686891406,0.292878043155513
316.07,315,5167,5153,428861,551371,2023-08-03,2023-12-15,449.5,-14,122510,461771571,103626287,0.119403409526915,96.4859742307523,0.222191591505538
401.32,398,1619,1653,378846,548796,2023-08-03,2023-11-17,449.5,34,169950,180589816,52417574,0.303890890502929,95.2057639839447,0.309677913104323
445.03,442,1762,1797,248442,544491,2023-08-03,2023-08-25,449.5,35,296049,101232484,39925793,0.537861937676053,95.2621709845626,0.543716976038172
436.4,434,1354,2263,162480,543120,2023-08-03,2023-09-01,449.5,909,380640,93412562,44019893,0.581420730115506,94.102313562495,0.700839593460009
468.57,458,469,506,298753,534842,2023-08-03,2023-09-08,449.5,37,236089,29018635,13167465,1.84309840900511,75.723155138069,0.441418213229328
479.49,464,345,345,534405,534405,2023-08-03,2023-12-15,449.5,0,0,461771571,103626287,0.115729298545319,96.6017035292976,0
397.43,396,3791,3728,348772,533104,2023-08-03,2023-09-29,449.5,-63,184332,193848400,66967240,0.275010781621102,94.2408794707617,0.345771181608092
424.54,424,9746,9733,243650,525582,2023-08-03,2023-08-18,449.5,-13,281932,323982367,170425023,0.162225495438769,97.365792441414,0.536418674916569
438.45,437,2997,3621,173826,525045,2023-08-03,2023-08-18,449.5,624,351219,323982367,170425023,0.162059745677455,97.5278521870914,0.668931234465617
426.04,425,3668,5035,179732,523640,2023-08-03,2023-08-25,449.5,1367,343908,101232484,39925793,0.517264794174171,95.7794357787368,0.656764189137576
335.65,335,8001,8044,352044,522860,2023-08-03,2023-10-20,449.5,43,170816,353205511,115804832,0.148032797823475,98.3723223956152,0.326695482538347
396.96,396,4412,5376,247072,516096,2023-08-03,2023-09-15,449.5,964,269024,626670099,251558143,0.0823552936103945,98.0854609117069,0.521267361111111
386.66,386,7593,7787,341685,513942,2023-08-03,2023-09-15,449.5,194,172257,626670099,251558143,0.0820115720887459,98.1674724837957,0.335168170727436
426.58,426,9404,8848,272716,513184,2023-08-03,2023-08-18,449.5,-556,240468,323982367,170425023,0.158398743966211,97.6862509310576,0.468580470162749
355.08,355,64013,64004,256052,512032,2023-08-03,2023-08-18,449.5,-9,255980,323982367,170425023,0.158043169059259,97.8442941001169,0.499929691894257
460.31,453,321,696,151191,508776,2023-08-03,2023-09-08,449.5,375,357585,29018635,13167465,1.75327337071506,77.4764285087841,0.70283386008774
424.16,419,819,977,322686,504132,2023-08-03,2023-11-17,449.5,158,181446,180589816,52417574,0.279158598843691,95.4849225827884,0.359917640617933
394.96,392,1696,1696,379904,502016,2023-08-03,2023-11-17,449.5,0,122112,180589816,52417574,0.277986882715468,95.7629094655039,0.243243243243243
418.87,413,926,845,427812,496015,2023-08-03,2023-12-15,449.5,-81,68202.9999999999,461771571,103626287,0.10741566418345,96.7091191934811,0.137501890063808
300.34,300,14560,14584,364000,495856,2023-08-03,2023-10-20,449.5,24,131856,353205511,115804832,0.14038739050139,98.5127097861166,0.265915911070956
320.16,320,32345,30729,355795,491664,2023-08-03,2023-09-15,449.5,-1616,135869,626670099,251558143,0.078456591559828,98.2459290753555,0.276345227635133
467.4,457,455,472,279825,490880,2023-08-03,2023-09-08,449.5,17,211055,29018635,13167465,1.69160265463899,79.1680311634231,0.429952330508475
446.39,442.5,1085,1258,222425,489362,2023-08-03,2023-09-01,449.5,173,266937,93412562,44019893,0.523871725089823,94.6261852875848,0.545479624490663
421.68,416,856,856,320144,486208,2023-08-03,2023-11-17,449.5,0,166064,180589816,52417574,0.269233343700843,96.0321428092047,0.341549295774648
360.56,360,8582,8635,351862,483560,2023-08-03,2023-09-29,449.5,53,131698,193848400,66967240,0.249452665072294,94.490332135834,0.272350897510133
404.87,401,1245,1245,317475,481815,2023-08-03,2023-11-17,449.5,0,164340,180589816,52417574,0.266800759130293,96.298943568335,0.34108527131783
305.41,305,11751,11751,317277,481791,2023-08-03,2023-10-20,449.5,0,164514,353205511,115804832,0.136405289553933,98.6491150756705,0.341463414634146
443.25,442,3489,3832,132582,479000,2023-08-03,2023-08-11,449.5,343,346418,67989271,42010468,0.704522923918393,93.5703546519862,0.723210855949896
486.1,468,282,260,366600,470600,2023-08-03,2023-09-15,449.5,-22,104000,626670099,251558143,0.0750953333741235,98.3210244087296,0.220994475138122
356.45,355,1561,3234,168588,468930,2023-08-03,2023-11-17,449.5,1673,300342,180589816,52417574,0.259665805296573,96.5586093736316,0.640483654276758
435.24,433,1422,2082,159264,466368,2023-08-03,2023-09-01,449.5,660,307104,93412562,44019893,0.499256192116859,95.1254414797016,0.65850144092219
416.49,412,702,1030,240084,462470,2023-08-03,2023-11-17,449.5,328,222386,180589816,52417574,0.256088637910789,96.8146980115424,0.480865785888814
502.15,475,165,170,320100,461550,2023-08-03,2023-10-20,449.5,5,141450,353205511,115804832,0.130674631517853,98.7797897071884,0.306467338316542
397.89,397,4883,5181,297863,461109,2023-08-03,2023-09-15,449.5,298,163246,626670099,251558143,0.0735808203927087,98.3946052291223,0.354029090735596
393.38,392,3333,3339,286638,460782,2023-08-03,2023-09-29,449.5,6,174144,193848400,66967240,0.237702245672391,94.7280343815064,0.377931429613136
398.02,395,1505,1520,338625,459040,2023-08-03,2023-11-17,449.5,15,120415,180589816,52417574,0.254189306001619,97.068887317544,0.262319187870338
340.68,340,6599,6643,323351,451724,2023-08-03,2023-10-20,449.5,44,128373,353205511,115804832,0.127892681719793,98.9076823889081,0.284184590590715
441.19,436,464,868,153120,450492,2023-08-03,2023-09-29,449.5,404,297372,193848400,66967240,0.232393973847605,94.960428355354,0.660104951919235
300.12,300,36781,37387,331029,448644,2023-08-03,2023-09-15,449.5,606,117615,626670099,251558143,0.0715917355424995,98.4661969646648,0.26215663198438
345.72,345,6219,6218,335826,447696,2023-08-03,2023-10-20,449.5,-1,111870,353205511,115804832,0.126752269162641,99.0344346580708,0.249879382438083
407.59,403,977,969,363444,444771,2023-08-03,2023-12-15,449.5,-8,81327,461771571,103626287,0.0963184024163324,96.8054375958974,0.182851399933899
345.28,345,15580,15587,296020,436436,2023-08-03,2023-09-15,449.5,7,140416,626670099,251558143,0.0696436611059689,98.5358406257708,0.321733312559001
394.82,394,5306,5312,302442,435584,2023-08-03,2023-09-15,449.5,6,133142,626670099,251558143,0.0695077044038126,98.6053483301746,0.305663201586835
355.87,355,5174,5004,320788,435348,2023-08-03,2023-10-20,449.5,-170,114560,353205511,115804832,0.123256287470554,99.1576909455413,0.263145805194924
490.85,468,191,190,341890,434150,2023-08-03,2023-12-15,449.5,-1,92260.0000000001,461771571,103626287,0.0940183474395829,96.899455943337,0.212507197973051
410.71,410,7121,6103,291961,433313,2023-08-03,2023-09-01,449.5,-1018,141352,93412562,44019893,0.463870159133415,95.5893116388351,0.326212229958483
411.01,406,1066,862,428532,431862,2023-08-03,2023-12-15,449.5,-204,3330,461771571,103626287,0.0935228643601362,96.9929788076971,0.00771079650443892
402.03,401,4116,4158,271656,428274,2023-08-03,2023-09-15,449.5,42,156618,626670099,251558143,0.0683412214310867,98.6736895516057,0.365695792880259
491.7,470,196,194,346332,420980,2023-08-03,2023-11-17,449.5,-2,74648,180589816,52417574,0.233113920443886,97.3020012379879,0.177319587628866
511.94,480,126,131,315252,418414,2023-08-03,2023-12-15,449.5,5,103162,461771571,103626287,0.0906106019246473,97.0835894096218,0.246554847591142
383.64,383,6544,6536,268304,418304,2023-08-03,2023-09-15,449.5,-8,150000,626670099,251558143,0.0667502726981075,98.7404398243038,0.35859088127295
441.47,439,1895,1688,217925,416936,2023-08-03,2023-08-25,449.5,-207,199011,101232484,39925793,0.411859892719811,96.1912956714566,0.477317861734175
434.65,433,1144,2522,85800,416130,2023-08-03,2023-08-25,449.5,1378,330330,101232484,39925793,0.411063705598689,96.6023593770553,0.793814432989691
415.19,411,771,991,258285,415229,2023-08-03,2023-11-17,449.5,220,156944,180589816,52417574,0.229929355484808,97.5319305934727,0.377969746814408
412.13,407,805,807,324415,413991,2023-08-03,2023-12-15,449.5,2,89576,461771571,103626287,0.0896527690311191,97.1732421786529,0.2163718534944
434.14,426,500,501,296000,407814,2023-08-03,2023-12-15,449.5,1,111814,461771571,103626287,0.0883150946509871,97.2615572733039,0.274178914897478
429.53,422,473,539,252109,405867,2023-08-03,2023-12-15,449.5,66,153758,461771571,103626287,0.0878934576074195,97.3494507309113,0.378838387944819
425.1,422,928,1308,190240,405480,2023-08-03,2023-09-29,449.5,380,215240,193848400,66967240,0.209173766716671,95.1696021220707,0.530827661043701
395.07,395,57817,57785,289085,404495,2023-08-03,2023-08-11,449.5,-32,115410,67989271,42010468,0.594939457432924,94.1652941094191,0.28531873076305
393.54,391,1555,1575,334325,400050,2023-08-03,2023-11-17,449.5,20,65725,180589816,52417574,0.221524119610377,97.7534547130831,0.164291963504562
435.54,435,5834,7403,116680,399762,2023-08-03,2023-08-11,449.5,1569,283082,67989271,42010468,0.587978064950866,94.75327217437,0.708126335169426
422.26,417,823,759,319324,399234,2023-08-03,2023-11-17,449.5,-64,79909.9999999999,180589816,52417574,0.221072266887962,97.974526979971,0.200158303150533
389.78,389,5002,5115,230092,398970,2023-08-03,2023-09-15,449.5,113,168878,626670099,251558143,0.0636650768301616,98.804104901134,0.42328495876883
403.52,399,880,881,293920,398212,2023-08-03,2023-12-15,449.5,1,104292,461771571,103626287,0.0862357115527149,97.435686442464,0.261900696111619
355.52,355,7458,7608,290862,395616,2023-08-03,2023-09-29,449.5,150,104754,193848400,66967240,0.204085254250229,95.3736873763209,0.264787066246057
410.47,410,7868,8349,212436,392403,2023-08-03,2023-08-25,449.5,481,179967,101232484,39925793,0.387625576786202,96.9899849538415,0.458627992140733
380.21,380,18568,18616,222816,390936,2023-08-03,2023-08-25,449.5,48,168120,101232484,39925793,0.386176437199743,97.3761613910412,0.430044815519676
485,467,222,217,286602,390600,2023-08-03,2023-09-29,449.5,-5,103998,193848400,66967240,0.201497665185784,95.5751850415067,0.266251920122888
315.2,315,19711,19524,216821,390480,2023-08-03,2023-09-15,449.5,-187,173659,626670099,251558143,0.0623102970164211,98.8664151981504,0.444732124564638
426.49,425,2465,2619,189805,390231,2023-08-03,2023-09-01,449.5,154,200426,93412562,44019893,0.417750023813714,96.0070616626488,0.513608606184542
444.97,438,580,558,284780,388926,2023-08-03,2023-10-20,449.5,-22,104146,353205511,115804832,0.11011323093427,99.2678041764756,0.267778446285412
415.93,415,4509,4179,225450,388647,2023-08-03,2023-09-01,449.5,-330,163197,93412562,44019893,0.41605432040286,96.4231159830516,0.419910612972698
485.06,466,202,201,258560,383106,2023-08-03,2023-09-29,449.5,-1,124546,193848400,66967240,0.197631757600269,95.7728167991069,0.325095404405047
270.59,270,6451,6461,277393,381199,2023-08-03,2023-12-15,449.5,10,103806,461771571,103626287,0.0825514223784903,97.5182378648425,0.272314460426182
396.02,393,1262,1260,272592,380520,2023-08-03,2023-11-17,449.5,-2,107928,180589816,52417574,0.210709556290815,98.1852365362618,0.283632923368023
404.25,404,15236,15216,228540,380400,2023-08-03,2023-08-18,449.5,-20,151860,323982367,170425023,0.117413797399659,97.9617078975165,0.399211356466877
491.8,470,201,172,284415,374960,2023-08-03,2023-08-18,449.5,-29,90545,323982367,170425023,0.115734693672387,98.0774425911889,0.241479091103051
446.98,443,774,937,163314,372926,2023-08-03,2023-09-01,449.5,163,209612,93412562,44019893,0.399224678154101,96.8223406612057,0.562073977142918
425.2,425,5794,18645,75322,372900,2023-08-03,2023-08-11,449.5,12851,297578,67989271,42010468,0.548468890040018,95.30174106441,0.798010190399571
463.3,455,310,444,162750,368520,2023-08-03,2023-09-08,449.5,134,205770,29018635,13167465,1.26994257310863,80.4379737365317,0.558368609573429
399.94,399,3878,3868,236558,363592,2023-08-03,2023-09-15,449.5,-10,127034,626670099,251558143,0.0580196822187937,98.9244348803692,0.349386125107263
365.49,363,1459,1459,293259,363291,2023-08-03,2023-12-15,449.5,0,70032.0000000001,461771571,103626287,0.0786733144297443,97.5969111792722,0.19277108433735
363.16,361,1661,1663,274065,359208,2023-08-03,2023-12-15,449.5,2,85143.0000000001,461771571,103626287,0.0777891110148052,97.674700290287,0.237029798890894
399.07,398,3311,3323,195349,355561,2023-08-03,2023-09-15,449.5,12,160212,626670099,251558143,0.056738146684736,98.9811730270539,0.450589350350573
442.14,439,365,1130,58400,354820,2023-08-03,2023-09-01,449.5,765,296420,93412562,44019893,0.379841846110591,97.2021825073163,0.83540950341018
427.6,422,484,629,208120,352240,2023-08-03,2023-11-17,449.5,145,144120,180589816,52417574,0.195049758509084,98.3802862947709,0.409152850329321
457.69,448,300,363,200400,351747,2023-08-03,2023-10-20,449.5,63,151347,353205511,115804832,0.0995870644838268,99.3673912409594,0.43027232641643
437.92,436,1730,1810,166080,347520,2023-08-03,2023-08-25,449.5,80,181440,101232484,39925793,0.343289017782079,97.7194504088233,0.522099447513812
220.23,220,14905,14905,298100,342815,2023-08-03,2023-12-15,449.5,0,44715,461771571,103626287,0.0742390873603607,97.7489393776474,0.130434782608696
465.48,456,360,361,204480,342228,2023-08-03,2023-09-08,449.5,1,137748,29018635,13167465,1.17933872492624,81.617312461458,0.402503594095165
456.71,450,337,506,130419,339526,2023-08-03,2023-09-08,449.5,169,209107,29018635,13167465,1.17002746683295,82.7873399282909,0.6158791962913
401.11,397,824,824,275216,338664,2023-08-03,2023-12-15,449.5,0,63448.0000000001,461771571,103626287,0.0733401580497038,97.8222795356971,0.187347931873479
375.11,375,30338,30350,182028,333850,2023-08-03,2023-08-18,449.5,12,151822,323982367,170425023,0.103045731498097,98.180488322687,0.454761120263591
479.96,464,727,208,577238,331968,2023-08-03,2023-08-18,449.5,-519,-245270,323982367,170425023,0.102464835686567,98.2829531583736,-0.738836273375747
416.26,414,612,1461,99144,330186,2023-08-03,2023-09-29,449.5,849,231042,193848400,66967240,0.170332073929937,95.9431488730369,0.699732877832494
480.25,462,153,179,227817,326675,2023-08-03,2023-12-15,449.5,26,98858,461771571,103626287,0.0707438527002781,97.8930233883974,0.302618810744624
399.19,399,17008,17126,204096,325394,2023-08-03,2023-08-18,449.5,118,121298,323982367,170425023,0.100435712910265,98.3833888712839,0.372772700172714
351.3,350,2437,2475,238826,321750,2023-08-03,2023-11-17,449.5,38,82924,180589816,52417574,0.17816619293748,98.5584524877084,0.25772804972805
450.06,445,541,630,155808,318780,2023-08-03,2023-09-08,449.5,89,162972,29018635,13167465,1.09853547556596,83.8858754038569,0.511236589497459
430.25,423,440,439,238480,318275,2023-08-03,2023-12-15,449.5,-1,79795,461771571,103626287,0.0689247714645473,97.9619481598619,0.250710863247192
459.65,452.5,18,445,8190,318175,2023-08-03,2023-09-08,449.5,427,309985,29018635,13167465,1.09645060837631,84.9823260122332,0.974259448416752
410,406,788,788,222216,315200,2023-08-03,2023-11-17,449.5,0,92984,180589816,52417574,0.17453918885437,98.7329916765628,0.295
414.2,412,381,1431,54864,314820,2023-08-03,2023-09-29,449.5,1050,259956,193848400,66967240,0.162405261018404,96.1055541340553,0.825728987993139
476.35,462,219,218,225132,312830,2023-08-03,2023-09-29,449.5,-1,87698,193848400,66967240,0.161378685612056,96.2669328196673,0.280337563532909
425.68,419,427,465,214354,310620,2023-08-03,2023-12-15,449.5,38,96266,461771571,103626287,0.0672670254098427,98.0292151852718,0.309915652565836
436.6,436,2362,5163,56688,309780,2023-08-03,2023-08-11,449.5,2801,253092,67989271,42010468,0.45563071267524,95.7573717770852,0.817005616889406
379.78,377,1115,1114,245300,309692,2023-08-03,2023-12-15,449.5,-1,64391.9999999999,461771571,103626287,0.0670660602447525,98.0962812455165,0.207922710305723
350.06,350,47812,50671,191248,304026,2023-08-03,2023-08-18,449.5,2859,112778,323982367,170425023,0.093840292240349,98.4772291635242,0.370948537296152
310.15,310,20237,20242,202370,303630,2023-08-03,2023-09-15,449.5,5,101260,626670099,251558143,0.0484513303705591,99.0296243574245,0.33349800744327
394.72,391,742,810,221858,301320,2023-08-03,2023-12-15,449.5,68,79462,461771571,103626287,0.0652530426131409,98.1615342881297,0.263712996150272
389.13,388,2660,2658,210140,300354,2023-08-03,2023-09-29,449.5,-2,90213.9999999999,193848400,66967240,0.154942728441401,96.4218755481087,0.300358909819746
280.68,280,4386,4373,214914,297364,2023-08-03,2023-12-15,449.5,-13,82450.0000000001,461771571,103626287,0.0643963419740277,98.2259306301037,0.277269608964098
365.08,365,36720,36730,183600,293840,2023-08-03,2023-08-18,449.5,10,110240,323982367,170425023,0.0906962939745421,98.5679254574988,0.375170160631636
343.43,343,6663,6668,206553,286724,2023-08-03,2023-09-29,449.5,5,80171,193848400,66967240,0.147911460708471,96.5697870088172,0.279610356998368
406.63,402,619,619,223459,286597,2023-08-03,2023-12-15,449.5,0,63138,461771571,103626287,0.0620646696329428,98.2879952997367,0.220302375809935
335.24,335,11640,11674,174600,280176,2023-08-03,2023-09-15,449.5,34,105576,626670099,251558143,0.0447086912950031,99.0743330487195,0.376820284392668
378.78,376,1004,1004,203812,279112,2023-08-03,2023-12-15,449.5,0,75300,461771571,103626287,0.0604437383175328,98.3484390380542,0.269784172661871
447.98,444,734,700,160746,278600,2023-08-03,2023-09-01,449.5,-34,117854,93412562,44019893,0.298246824661548,97.5004293319779,0.423022254127782
390.1,389,2517,2528,201360,278080,2023-08-03,2023-09-29,449.5,11,76720,193848400,66967240,0.143452306028835,96.713239314846,0.275891829689298
325.19,325,14543,14541,189059,276279,2023-08-03,2023-09-15,449.5,-2,87220,626670099,251558143,0.0440868329988727,99.1184198817183,0.315695365916338
399.73,398,1738,1580,168586,273340,2023-08-03,2023-09-29,449.5,-158,104754,193848400,66967240,0.14100709626698,96.854246411113,0.383236994219653
265.48,265,5663,5667,220857,272016,2023-08-03,2023-12-15,449.5,4,51159,461771571,103626287,0.0589070477879202,98.4073460858421,0.188073495676725
381.62,381,4372,4353,179252,269886,2023-08-03,2023-09-15,449.5,-19,90634,626670099,251558143,0.0430666790119182,99.1614865607303,0.335823273530305
285.77,285,3260,3463,176040,266651,2023-08-03,2023-12-15,449.5,203,90611,461771571,103626287,0.0577452179272422,98.4650913037693,0.339811213908817
387.84,387,3203,3174,150541,266616,2023-08-03,2023-09-15,449.5,-29,116075,626670099,251558143,0.0425448733592761,99.2040314340895,0.435363969154139
431.41,424,356,355,206480,263055,2023-08-03,2023-12-15,449.5,-1,56575,461771571,103626287,0.0569664779125175,98.5220577816819,0.215069092014978
349.3,349,8666,8767,181986,263010,2023-08-03,2023-09-15,449.5,101,81024,626670099,251558143,0.041969450979023,99.2460008850686,0.308064332154671
444.43,441,481,765,90909,262395,2023-08-03,2023-09-01,449.5,284,171486,93412562,44019893,0.280899050815028,97.7813283827929,0.653541416566627
210.2,210,13075,13080,209200,261600,2023-08-03,2023-12-15,449.5,5,52400,461771571,103626287,0.0566513870556141,98.5787091687375,0.200305810397554
471.97,460,173,218,123695,260946,2023-08-03,2023-09-08,449.5,45,137251,29018635,13167465,0.899235956481068,85.8815619687142,0.525974722739571
384.68,384,3829,3815,164647,259420,2023-08-03,2023-09-15,449.5,-14,94773,626670099,251558143,0.0413965817762753,99.2873974668449,0.365326497571506
330.55,330,4605,4601,188805,253055,2023-08-03,2023-10-20,449.5,-4,64250,353205511,115804832,0.0716452581058397,99.4390364990653,0.253897374088637
400.19,396,593,601,189760,251819,2023-08-03,2023-12-15,449.5,8,62059,461771571,103626287,0.0545332402024377,98.6332424089399,0.246442881593526
381.21,378,781,781,189002,250701,2023-08-03,2023-12-15,449.5,0,61699,461771571,103626287,0.0542911291522535,98.6875335380922,0.246105919003115
320.46,320,5398,5356,183532,246376,2023-08-03,2023-10-20,449.5,-42,62844,353205511,115804832,0.069754291008217,99.5087907900735,0.255073546124623
414.35,414,7006,7009,133114,245315,2023-08-03,2023-08-18,449.5,3,112201,323982367,170425023,0.0757186269955241,98.6436440844943,0.457375211462813
453.83,448,280,416,99400,242528,2023-08-03,2023-09-08,449.5,136,143128,29018635,13167465,0.835766396317401,86.7173283650317,0.590150415622114
325.51,325,4716,4693,179208,239343,2023-08-03,2023-10-20,449.5,-23,60135,353205511,115804832,0.0677630989738436,99.5765538890473,0.251250297689926
418.85,416,875,833,142625,237405,2023-08-03,2023-09-29,449.5,-42,94780,193848400,66967240,0.122469414243295,96.9767158253563,0.399233377561551
399.5,396,639,678,152082,237300,2023-08-03,2023-11-17,449.5,39,85218,180589816,52417574,0.13140275861403,98.8643944351768,0.359115044247788
412.77,412,2833,3070,124652,236390,2023-08-03,2023-09-01,449.5,237,111738,93412562,44019893,0.25306018263368,98.0343885654266,0.472684969753374
382.95,382,2475,2479,160875,235505,2023-08-03,2023-09-29,449.5,4,74630,193848400,66967240,0.1214892668704,97.0982050922267,0.316893484214772
475.9,463,181,182,157832,234780,2023-08-03,2023-09-08,449.5,1,76948,29018635,13167465,0.809066312043968,87.5263946770756,0.32774512309396
391.75,391,2988,3101,152388,232575,2023-08-03,2023-09-15,449.5,113,80187,626670099,251558143,0.0371128286431933,99.324510295488,0.344779103514995
405.41,401,523,521,186188,229761,2023-08-03,2023-12-15,449.5,-2,43573,461771571,103626287,0.0497564195003248,98.7372899575925,0.189644891865895
351.34,351,6709,6709,147598,228106,2023-08-03,2023-09-15,449.5,0,80508,626670099,251558143,0.0363996942512491,99.3609099897393,0.352941176470588
443.22,443,7135,10315,64215,226930,2023-08-03,2023-08-04,449.5,3180,162715,80136866,47944043,0.2831780319435,98.1538646644854,0.717027277133918
391.42,388,659,661,181884,226062,2023-08-03,2023-12-15,449.5,2,44178,461771571,103626287,0.0489553740847333,98.7862453316772,0.195424264139926
383.94,383,2354,2382,162426,223908,2023-08-03,2023-09-29,449.5,28,61482,193848400,66967240,0.115506756826469,97.2137118490532,0.274585990674742
439.83,439,2526,2683,75780,222689,2023-08-03,2023-08-11,449.5,157,146909,67989271,42010468,0.327535501888232,96.0849072789735,0.659704790088419
430.3,430,7736,7377,116040,221310,2023-08-03,2023-08-11,449.5,-359,105270,67989271,42010468,0.325507240693903,96.4104145196674,0.475667615561882
374.92,374,2382,2382,178650,219144,2023-08-03,2023-09-29,449.5,0,40494,193848400,66967240,0.113049166255693,97.3267610153089,0.184782608695652
374.03,372,1079,1079,219037,219037,2023-08-03,2023-12-15,449.5,0,0,461771571,103626287,0.0474340591227085,98.8336793907999,0
360.08,360,27402,27366,137010,218928,2023-08-03,2023-08-18,449.5,-36,81918,323982367,170425023,0.0675740479419363,98.7112181324362,0.374177811883359
475.42,462.5,168,169,141792,218348,2023-08-03,2023-09-08,449.5,1,76556,29018635,13167465,0.752440629960713,88.2788353070363,0.350614615201422
480.44,464,133,130,148827,213720,2023-08-03,2023-09-29,449.5,-3,64893,193848400,66967240,0.110251103439595,97.4370121187485,0.303635597978664
393.19,393,11216,11211,123376,213009,2023-08-03,2023-08-18,449.5,-5,89633,323982367,170425023,0.0657470966622082,98.7769652290984,0.420794426526579
434.6,432,315,811,46305,210860,2023-08-03,2023-09-08,449.5,496,164555,29018635,13167465,0.72663652166961,89.005471828706,0.780399317082424
368.83,368,2532,2532,177240,210156,2023-08-03,2023-09-29,449.5,0,32916,193848400,66967240,0.108412553314858,97.5454246720633,0.156626506024096
502.45,476,0,79,0,208955,2023-08-03,2023-12-15,449.5,79,208955,461771571,103626287,0.0452507285252517,98.8789301193252,1
305.15,305,13973,13829,125757,207435,2023-08-03,2023-09-15,449.5,-144,81678,626670099,251558143,0.0331011484880181,99.3940111382273,0.393752259744016
438.78,438,2595,2655,70065,207090,2023-08-03,2023-08-11,449.5,60,137025,67989271,42010468,0.30459217602142,96.7150066956888,0.661668839634941
376.12,376,17099,17078,119693,204936,2023-08-03,2023-08-18,449.5,-21,85243,323982367,170425023,0.0632552943845861,98.840220523483,0.415949369559277
397.03,394,642,662,146376,200586,2023-08-03,2023-11-17,449.5,20,54210,180589816,52417574,0.111072708551849,98.9754671437287,0.270258143639138
398.7,397,915,1177,86010,200090,2023-08-03,2023-09-29,449.5,262,114080,193848400,66967240,0.103219835706666,97.64864450777,0.570143435454046
420.16,420,8391,12243,92301,195888,2023-08-03,2023-08-11,449.5,3852,103587,67989271,42010468,0.288116047015712,97.0031227427045,0.528807277628032
363.4,363,4077,4877,110079,195080,2023-08-03,2023-09-15,449.5,800,85001,626670099,251558143,0.0311296167331577,99.4251407549605,0.435723805618208
396.79,393,510,511,150450,193669,2023-08-03,2023-12-15,449.5,1,43219,461771571,103626287,0.0419404337908017,98.920870553116,0.22315910135334
235.32,235,6051,6048,151275,193536,2023-08-03,2023-12-15,449.5,-3,42261,461771571,103626287,0.041911631671236,98.9627821847872,0.218362475198413
439.17,437,1172,891,119544,193347,2023-08-03,2023-08-25,449.5,-281,73803,101232484,39925793,0.190993041324561,97.9104434501479,0.381712672035253
330.35,330,5474,5474,136850,191590,2023-08-03,2023-09-29,449.5,0,54740,193848400,66967240,0.0988349658805541,97.7474794736506,0.285714285714286
402.21,402,9013,9012,117169,189252,2023-08-03,2023-08-18,449.5,-1,72083,323982367,170425023,0.0584142901826506,98.8986348136657,0.380883689472238
255.48,255,3935,3925,129855,188400,2023-08-03,2023-12-15,449.5,-10,58545,461771571,103626287,0.0407993934299606,99.0035815782172,0.310748407643312
430.14,429,1620,1633,113400,186162,2023-08-03,2023-08-25,449.5,13,72762,101232484,39925793,0.183895517174112,98.094338967322,0.390853127920843
340.41,340,4363,4535,126527,185935,2023-08-03,2023-09-29,449.5,172,59408,193848400,66967240,0.095917737778594,97.8433972114291,0.319509506010165
376.6,376,3093,3093,108255,185580,2023-08-03,2023-09-15,449.5,0,77325,626670099,251558143,0.0296136675893962,99.4547544225499,0.416666666666667
190.14,190,13131,13124,157572,183736,2023-08-03,2023-12-15,449.5,-7,26164,461771571,103626287,0.0397893702295502,99.0433709484467,0.142399965167414
250.4,250,4507,4570,139717,182800,2023-08-03,2023-12-15,449.5,63,43083,461771571,103626287,0.0395866726061402,99.0829576210529,0.235683807439825
443.9,440,373,463,79822,180570,2023-08-03,2023-09-08,449.5,90,100748,29018635,13167465,0.622255319728168,89.6277271484341,0.55794428753392
435.75,434,944,1030,89680,180250,2023-08-03,2023-08-25,449.5,86,90570,101232484,39925793,0.178055494518933,98.2723944618409,0.50246879334258
481.43,466,111,116,119880,178988,2023-08-03,2023-09-08,449.5,5,59108,29018635,13167465,0.616803650481837,90.2445307989159,0.33023442912374
378.67,378,2703,2666,102714,178622,2023-08-03,2023-09-15,449.5,-37,75908,626670099,251558143,0.0285033545217864,99.4832577770716,0.424964450067741
371.61,369,682,682,133672,178002,2023-08-03,2023-12-15,449.5,0,44330,461771571,103626287,0.038547630728874,99.1215052517817,0.24904214559387
428.03,427,1703,1722,91962,177366,2023-08-03,2023-08-25,449.5,19,85404,101232484,39925793,0.17520660660663,98.4476010684476,0.48151280403234
510.05,480,59,59,143311,177295,2023-08-03,2023-11-17,449.5,0,33984,180589816,52417574,0.0981755250251764,99.0736426687538,0.191680532445923
346.37,346,4786,4786,177082,177082,2023-08-03,2023-09-29,449.5,0,0,193848400,66967240,0.0913507668879392,97.9347479783171,0
442.17,442,6588,10379,52704,176443,2023-08-03,2023-08-04,449.5,3791,123739,80136866,47944043,0.220177065571793,98.3740417300572,0.701297302811673
368.46,366,643,715,126028,175890,2023-08-03,2023-12-15,449.5,72,49862,461771571,103626287,0.0380902617324617,99.1595955135142,0.283483995679118
476.5,462,116,120,98020,174000,2023-08-03,2023-09-08,449.5,4,75980,29018635,13167465,0.599614695866984,90.8441454947829,0.436666666666667
430.83,429,561,950,53856,173850,2023-08-03,2023-09-01,449.5,389,119994,93412562,44019893,0.186109872460194,98.2204984378868,0.690215703192407
225.25,225,6943,6943,145803,173575,2023-08-03,2023-12-15,449.5,0,27772,461771571,103626287,0.0375889316061859,99.1971844451204,0.16
150.07,150,23616,24348,141696,170436,2023-08-03,2023-12-15,449.5,732,28740,461771571,103626287,0.0369091582729765,99.2340936033934,0.168626346546504
368.46,368,3457,3662,103710,168452,2023-08-03,2023-09-15,449.5,205,64742,626670099,251558143,0.0268804910699912,99.5101382681416,0.384335003443117
371.51,371,3292,3292,105344,167892,2023-08-03,2023-09-15,449.5,0,62548,626670099,251558143,0.0267911298573063,99.5369293979989,0.372549019607843
330.05,330,33535,33555,100605,167775,2023-08-03,2023-08-18,449.5,20,67170,323982367,170425023,0.0517852257064348,98.9504200393721,0.400357621814931
431.79,431,1859,2105,68783,166295,2023-08-03,2023-08-18,449.5,246,97512,323982367,170425023,0.0513284107218094,99.0017484500939,0.586379626567245
432.21,430,569,751,73401,165971,2023-08-03,2023-09-08,449.5,182,92570,29018635,13167465,0.57194626832034,91.4160917631033,0.557748040320297
440.39,437.5,547,574,79862,165886,2023-08-03,2023-09-01,449.5,27,86024,93412562,44019893,0.177584252533401,98.3980826904202,0.518572995912856
437.85,435,476,579,79492,165015,2023-08-03,2023-09-08,449.5,103,85523,29018635,13167465,0.568651833554542,91.9847435966578,0.518274096294276
390.47,387,370,474,98420,164478,2023-08-03,2023-12-15,449.5,104,66058,461771571,103626287,0.0356189099393475,99.2697125133327,0.401622101436058
265.18,265,9083,9093,127162,163674,2023-08-03,2023-10-20,449.5,10,36512,353205511,115804832,0.0463395940614302,99.6228934831088,0.223077581045248
320.35,320,4661,4663,93220,163205,2023-08-03,2023-09-29,449.5,2,69985,193848400,66967240,0.0841920799965334,98.0189400583136,0.428816519101743
365.03,365,54148,54154,108296,162462,2023-08-03,2023-08-11,449.5,6,54166,67989271,42010468,0.238952407652672,97.2420751503572,0.333407196759858
429.55,426,538,457,127506,162235,2023-08-03,2023-09-29,449.5,-81,34729,193848400,66967240,0.0836916889693183,98.1026317472829,0.214066015348106
467.89,457.5,132,155,82368,161045,2023-08-03,2023-09-08,449.5,23,78677,29018635,13167465,0.554970969516657,92.5397145661745,0.488540470054954
423.16,422,491,1387,32406,160892,2023-08-03,2023-09-01,449.5,896,128486,93412562,44019893,0.172238076501959,98.5703207669221,0.798585386470427
348.86,347,1224,855,200736,159030,2023-08-03,2023-12-15,449.5,-369,-41706,461771571,103626287,0.0344391058236021,99.3041516191563,-0.262252405206565
361.4,361,3962,3960,106974,158400,2023-08-03,2023-09-15,449.5,-2,51426,626670099,251558143,0.0252764573022974,99.5622058553012,0.324659090909091
392.18,392,8747,8783,87470,158094,2023-08-03,2023-08-18,449.5,36,70624,323982367,170425023,0.0487971001211927,99.0505455502151,0.446721570711096
275.43,275,3666,3666,106314,157638,2023-08-03,2023-11-17,449.5,0,51324,180589816,52417574,0.0872906365882781,99.1609333053421,0.325581395348837
372.98,371,793,793,157014,157014,2023-08-03,2023-12-15,449.5,0,0,461771571,103626287,0.0340025263270267,99.3381541454833,0
429.22,428,1230,1284,72570,156648,2023-08-03,2023-08-25,449.5,54,84078,101232484,39925793,0.154740843857985,98.6023419123055,0.5367320361575
387.19,387,8209,8230,82090,156370,2023-08-03,2023-08-18,449.5,21,74280,323982367,170425023,0.0482649723958588,99.098810522611,0.475027179126431
396.24,396,6507,6467,78084,155208,2023-08-03,2023-08-18,449.5,-40,77124,323982367,170425023,0.0479063109011732,99.1467168335121,0.496907375908458
425.4,424,859,1108,61848,155120,2023-08-03,2023-09-01,449.5,249,93272,93412562,44019893,0.166059036042711,98.7363798029648,0.601289324394018
549.94,500,31,31,137051,154814,2023-08-03,2023-12-15,449.5,0,17763,461771571,103626287,0.0335261002890973,99.3716802457724,0.114737685222267
477.56,464,259,113,205387,153228,2023-08-03,2023-08-11,449.5,-146,-52159,67989271,42010468,0.225370852998262,97.4674460033554,-0.340401232150782
391.19,391,7966,7964,79660,151316,2023-08-03,2023-08-18,449.5,-2,71656,323982367,170425023,0.0467050109551178,99.1934218444672,0.473552036797166
335.05,335,28246,30145,84738,150725,2023-08-03,2023-08-18,449.5,1899,65987,323982367,170425023,0.0465225936200411,99.2399444380873,0.437797312987228
476.57,463,352,111,248160,150627,2023-08-03,2023-08-11,449.5,-241,-97533,67989271,42010468,0.221545249396776,97.6889912527522,-0.647513394013026
392.37,391,1019,1093,84577,149741,2023-08-03,2023-09-29,449.5,74,65164,193848400,66967240,0.0772464461919727,98.1798781934749,0.435178074141351
509.74,480,39,50,91689,148700,2023-08-03,2023-10-20,449.5,11,57011,353205511,115804832,0.0421001358611304,99.6649936189699,0.383396099529253
346.3,346,4950,4950,99000,148500,2023-08-03,2023-09-15,449.5,0,49500,626670099,251558143,0.0236966787209038,99.5859025340221,0.333333333333333
462.37,454,137,176,68500,147312,2023-08-03,2023-09-08,449.5,39,78812,29018635,13167465,0.507646207342282,93.0473607735168,0.535000543065059
415.64,415,2203,2284,68293,146176,2023-08-03,2023-08-25,449.5,81,77883,101232484,39925793,0.144396338234672,98.7467382505402,0.532802922504378
390.25,390,5725,5727,91600,143175,2023-08-03,2023-08-25,449.5,2,51575,101232484,39925793,0.141431874772529,98.8881701253128,0.360223502706478
407.28,407,5128,5075,76920,142100,2023-08-03,2023-08-18,449.5,-53,65180,323982367,170425023,0.0438604116995046,99.2838048497868,0.45869106263195
325.29,325,4916,4899,103236,142071,2023-08-03,2023-09-29,449.5,-17,38835,193848400,66967240,0.073289746007705,98.2531679394826,0.273349240872521
330.91,330,1519,1553,106330,141323,2023-08-03,2023-11-17,449.5,34,34993,180589816,52417574,0.0782563508453877,99.2391896561875,0.247610084699589
411.29,411,4822,4815,81974,139635,2023-08-03,2023-08-18,449.5,-7,57661,323982367,170425023,0.0430995678230846,99.3269044176099,0.41294088158413
433.04,431,569,684,59745,139536,2023-08-03,2023-09-01,449.5,115,79791,93412562,44019893,0.149376055010674,98.8857558579755,0.571830925352597
441.57,438,330,390,63690,139230,2023-08-03,2023-09-08,449.5,60,75540,29018635,13167465,0.479795138537702,93.5271559120544,0.542555483731954
479.42,465,409,96,359920,138432,2023-08-03,2023-08-18,449.5,-313,-221488,323982367,170425023,0.0427282513186898,99.3696326689285,-1.59997688395747
388.13,387,1159,1225,86925,138425,2023-08-03,2023-09-29,449.5,66,51500,193848400,66967240,0.0714088947858223,98.3245768342684,0.372042622358678
377.9,377,1522,1529,89798,137610,2023-08-03,2023-09-29,449.5,7,47812,193848400,66967240,0.070988463149554,98.395565297418,0.347445679819781
482.75,465,80,77,79440,136675,2023-08-03,2023-09-08,449.5,-3,57235,29018635,13167465,0.470990451480575,93.998146363535,0.418767148344613
375.44,373,434,553,89404,134932,2023-08-03,2023-12-15,449.5,119,45528,461771571,103626287,0.0292205082499546,99.4009007540224,0.337414401328076
250.17,250,7901,7908,86911,134436,2023-08-03,2023-10-20,449.5,7,47525,353205511,115804832,0.0380616937769128,99.7030553127468,0.353513939718528
380.03,379,1287,1303,79794,134209,2023-08-03,2023-09-29,449.5,16,54415,193848400,66967240,0.069233999352071,98.4647992967701,0.405449709035907
370.69,368,496,496,96720,133424,2023-08-03,2023-12-15,449.5,0,36704,461771571,103626287,0.0288939398566829,99.4297946938791,0.275092936802974
519.9,485,39,38,114738,132620,2023-08-03,2023-10-20,449.5,-1,17882,353205511,115804832,0.0375475455138071,99.7406028582606,0.134836374604132
394.52,393,618,869,55620,132088,2023-08-03,2023-09-29,449.5,251,76468,193848400,66967240,0.0681398453636966,98.5329391421338,0.578917085579311
347.34,347,3854,3869,77080,131546,2023-08-03,2023-09-15,449.5,15,54466,626670099,251558143,0.0209912680068688,99.606893802029,0.414045276937345
432.4,431,897,933,59202,130620,2023-08-03,2023-08-25,449.5,36,71418,101232484,39925793,0.129029729231973,99.0171998545447,0.546761598530087
387.07,386,1207,1218,96560,130326,2023-08-03,2023-09-29,449.5,11,33766,193848400,66967240,0.0672308876420956,98.6001700297759,0.259088746681399
455.38,449,183,204,65331,130152,2023-08-03,2023-09-08,449.5,21,64821,29018635,13167465,0.448511792508504,94.4466581560435,0.498040752351097
401.2,401,6540,6504,85020,130080,2023-08-03,2023-08-18,449.5,-36,45060,323982367,170425023,0.0401503332432904,99.4097830021718,0.34640221402214
403.24,403,5410,5408,75740,129792,2023-08-03,2023-08-18,449.5,-2,54052,323982367,170425023,0.0400614395165525,99.4498444416884,0.416450936883629
341.11,340,1142,1169,97070,129759,2023-08-03,2023-11-17,449.5,27,32689,180589816,52417574,0.0718528889801848,99.3110425451677,0.251920868687336
500.97,477,54,54,129438,129438,2023-08-03,2023-12-15,449.5,0,0,461771571,103626287,0.0280307424988707,99.457825436378,0
445.11,441,221,313,50609,128643,2023-08-03,2023-09-08,449.5,92,78034,29018635,13167465,0.443311685749519,94.8899698417931,0.60659344076242
180.11,180,11650,11650,104850,128150,2023-08-03,2023-12-15,449.5,0,23300,461771571,103626287,0.027751816709392,99.4855772530873,0.181818181818182
429.78,428,617,717,56147,127626,2023-08-03,2023-09-01,449.5,100,71479,93412562,44019893,0.136626163834367,99.0223820218099,0.560066130725714
260.44,260,2880,2894,100800,127336,2023-08-03,2023-12-15,449.5,14,26536,461771571,103626287,0.0275755390753581,99.5131527921627,0.208393541496513
427.52,426,326,836,25428,127072,2023-08-03,2023-09-01,449.5,510,101644,93412562,44019893,0.136033095848501,99.1584151176584,0.799892974061949
358.99,357,636,636,100488,126564,2023-08-03,2023-12-15,449.5,0,26076,461771571,103626287,0.0274083568475029,99.5405611490102,0.206030150753769
359.38,359,3113,3319,77825,126122,2023-08-03,2023-09-15,449.5,206,48297,626670099,251558143,0.020125740832578,99.6270195428616,0.382938741853126
423.84,423,420,1493,19320,125412,2023-08-03,2023-08-25,449.5,1073,106092,101232484,39925793,0.123885135526261,99.141084990071,0.845947756195579
372.49,372,2188,2559,72204,125391,2023-08-03,2023-09-15,449.5,371,53187,626670099,251558143,0.0200090925353054,99.6470286353969,0.424169198746321
443.81,442.5,840,957,36960,125367,2023-08-03,2023-08-11,449.5,117,88407,67989271,42010468,0.184392328607259,97.8733835813595,0.705185575151356
374.61,374,2049,2028,69666,123708,2023-08-03,2023-09-15,449.5,-21,54042,626670099,251558143,0.0197405301764685,99.6667691655734,0.436851294984965
310.67,310,1225,1835,63700,122945,2023-08-03,2023-11-17,449.5,610,59245,180589816,52417574,0.0680796972515881,99.3791222424193,0.481882142421408
280.48,280,2550,2558,84150,122784,2023-08-03,2023-11-17,449.5,8,38634,180589816,52417574,0.0679905449374842,99.4471127873567,0.314650117279124
490.12,470,64,61,96640,122732,2023-08-03,2023-09-29,449.5,-3,26092,193848400,66967240,0.0633133933527437,98.6634834231286,0.2125932927028
398.23,398,4596,5330,50556,122590,2023-08-03,2023-08-18,449.5,734,72034,323982367,170425023,0.0378384790305579,99.487682920719,0.587600946243576
364.22,362,492,547,95448,121434,2023-08-03,2023-12-15,449.5,55,25986,461771571,103626287,0.0262974179499673,99.5668585669602,0.213992786204852
435.05,435,24451,24056,122255,120280,2023-08-03,2023-08-04,449.5,-395,-1975,80136866,47944043,0.150093216772415,98.5241349468296,-0.016420019953442
345.45,345,2506,2656,77686,119520,2023-08-03,2023-09-29,449.5,150,41834,193848400,66967240,0.0616564284255119,98.7251398515541,0.350016733601071
486.19,469,69,69,118611,118611,2023-08-03,2023-12-15,449.5,0,0,461771571,103626287,0.0256860767203878,99.5925446436805,0
315.31,315,3825,3826,68850,118606,2023-08-03,2023-09-29,449.5,1,49756,193848400,66967240,0.0611849259524453,98.7863247775066,0.419506601689628
480.6,465,467,76,415630,118560,2023-08-03,2023-08-11,449.5,-391,-297070,67989271,42010468,0.174380454822056,98.0477640361815,-2.50565114709852
446.97,442.5,178,265,45390,118455,2023-08-03,2023-09-08,449.5,87,73065,29018635,13167465,0.408203211488066,95.2981730532811,0.616816512599721
405.4,405,2956,2944,67988,117760,2023-08-03,2023-08-25,449.5,-12,49772,101232484,39925793,0.116326297001662,99.2574112870726,0.42265625
367.68,367,1697,1702,91638,115736,2023-08-03,2023-09-29,449.5,5,24098,193848400,66967240,0.0597043875523347,98.8460291650589,0.208215248496578
367.44,367,2254,2619,65366,115236,2023-08-03,2023-09-15,449.5,365,49870,626670099,251558143,0.0183886226874214,99.6851577882608,0.432764066784685
397.23,397,4986,4977,59832,114471,2023-08-03,2023-08-18,449.5,-9,54639,323982367,170425023,0.0353324784493596,99.5230153991683,0.477317399166601
379.61,379,1850,1851,72150,112911,2023-08-03,2023-09-15,449.5,1,40761,626670099,251558143,0.018017614081185,99.703175402342,0.36100114249276
369.52,369,1797,2171,53910,112892,2023-08-03,2023-09-15,449.5,374,58982,626670099,251558143,0.0180145821828975,99.7211899845249,0.522463947843957
362.38,362,2939,2945,79353,111910,2023-08-03,2023-09-15,449.5,6,32557,626670099,251558143,0.0178578809135108,99.7390478654384,0.290921276025377
431.28,431,3911,3992,66487,111776,2023-08-03,2023-08-11,449.5,81,45289,67989271,42010468,0.164402409903763,98.2121664460853,0.405176424277126
347.76,346,762,632,102108,111232,2023-08-03,2023-12-15,449.5,-130,9124,461771571,103626287,0.0240881004777143,99.6166327441583,0.082026754890679
369.67,367,415,415,78850,110805,2023-08-03,2023-12-15,449.5,0,31955,461771571,103626287,0.023995630514898,99.6406283746732,0.288389513108614
346.19,345,915,926,85095,110194,2023-08-03,2023-11-17,449.5,11,25099,180589816,52417574,0.0610189447227744,99.5081317320795,0.227771022015718
405.61,405,1734,1805,62424,110105,2023-08-03,2023-09-01,449.5,71,47681,93412562,44019893,0.117869585891456,99.2762847035498,0.43305027019663
354.98,353,586,548,100206,108504,2023-08-03,2023-12-15,449.5,-38,8298,461771571,103626287,0.0234973321906818,99.6641257068639,0.0764764432647644
354.23,354,4633,4633,106559,106559,2023-08-03,2023-09-15,449.5,0,0,626670099,251558143,0.0170040026115878,99.75605186805,0
400.08,400,13541,13196,81246,105568,2023-08-03,2023-08-11,449.5,-345,24322,67989271,42010468,0.155271557478532,98.3674380035638,0.230391785389512
340.05,340,20806,20798,62418,103990,2023-08-03,2023-08-18,449.5,-8,41572,323982367,170425023,0.032097425845401,99.5551128250137,0.399769208577748
378.15,378,6907,6896,48349,103440,2023-08-03,2023-08-18,449.5,-11,55091,323982367,170425023,0.0319276635200335,99.5870404885338,0.532588940448569
428.66,427,343,619,28812,102754,2023-08-03,2023-09-01,449.5,276,73942,93412562,44019893,0.110000194620505,99.3862848981703,0.719602156607042
478.44,464,78,71,72618,102524,2023-08-03,2023-09-08,449.5,-7,29906,29018635,13167465,0.353304006201532,95.6514770594826,0.291697553743514
366.33,364,441,440,84672,102520,2023-08-03,2023-12-15,449.5,-1,17848,461771571,103626287,0.0222014533675136,99.6863271602314,0.17409285992977
486.8,467.5,53,53,63441,102290,2023-08-03,2023-09-08,449.5,0,38849,29018635,13167465,0.352497627817435,96.0039746873001,0.37979274611399
295.17,295,6211,6004,80743,102068,2023-08-03,2023-09-29,449.5,-207,21325,193848400,66967240,0.0526535168719474,98.8986826819308,0.208929341223498
364.42,364,2344,2421,67976,101682,2023-08-03,2023-09-15,449.5,77,33706,626670099,251558143,0.0162257621932589,99.7722776302432,0.331484431856179
415.03,414,484,984,22748,101352,2023-08-03,2023-09-01,449.5,500,78604,93412562,44019893,0.108499325818727,99.4947842239891,0.775554503117847
373.5,373,2012,2024,66396,101200,2023-08-03,2023-09-15,449.5,12,34804,626670099,251558143,0.0161488477209122,99.7884264779641,0.343913043478261
300.2,300,5076,5058,71064,101160,2023-08-03,2023-09-29,449.5,-18,30096,193848400,66967240,0.052185109601111,98.9508677915319,0.297508896797153
376.85,376,1185,1187,67545,100895,2023-08-03,2023-09-29,449.5,2,33350,193848400,66967240,0.052048404835944,99.0029161963679,0.330541652212696
458.24,451,104,139,43472,100636,2023-08-03,2023-09-08,449.5,35,57164,29018635,13167465,0.346797842145228,96.3507725294453,0.568027346078938
430.25,428,5,446,605,100350,2023-08-03,2023-09-08,449.5,441,99745,29018635,13167465,0.345812268564665,96.69658479801,0.993971101145989
345.07,345,13054,14048,52216,98336,2023-08-03,2023-08-18,449.5,994,46120,323982367,170425023,0.0303522691406227,99.6173927576744,0.469004230393752
270.36,270,1875,2729,48750,98244,2023-08-03,2023-11-17,449.5,854,49494,180589816,52417574,0.0544017388001547,99.5625334708797,0.503786490778063
320.03,320,32575,32618,65150,97854,2023-08-03,2023-08-18,449.5,43,32704,323982367,170425023,0.0302034956118461,99.6475962532862,0.334212193676293
394.22,394,4331,4340,47641,95480,2023-08-03,2023-08-18,449.5,9,47839,323982367,170425023,0.0294707396838051,99.67706699297,0.501036866359447
290.1,290,9520,9502,66640,95020,2023-08-03,2023-09-15,449.5,-18,28380,626670099,251558143,0.0151626829094969,99.8035891608736,0.298673963376131
448.41,444,198,214,53856,94374,2023-08-03,2023-09-08,449.5,16,40518,29018635,13167465,0.325218605216958,97.0218034032269,0.429334350562655
419.13,418,351,834,19305,94242,2023-08-03,2023-09-01,449.5,483,74937,93412562,44019893,0.100887929826826,99.5956721538159,0.795155026421341
470.45,460,7287,89,3111549,93005,2023-08-03,2023-08-04,449.5,-7198,-3018544,80136866,47944043,0.116057695592937,98.6401926424225,-32.4557174345465
474.5,462,1965,74,1241880,92500,2023-08-03,2023-08-11,449.5,-1891,-1149380,67989271,42010468,0.136050877792174,98.503488881356,-12.4257297297297
366.42,366,2137,2139,59836,89838,2023-08-03,2023-09-15,449.5,2,30002,626670099,251558143,0.0143357725449735,99.8179249334186,0.333956677575191
250.05,250,17987,17935,53961,89675,2023-08-03,2023-09-15,449.5,-52,35714,626670099,251558143,0.0143097620491384,99.8322346954677,0.398260384722609
434.45,434,1886,1958,39606,88110,2023-08-03,2023-08-11,449.5,72,48504,67989271,42010468,0.129593976673172,98.6330828580292,0.550493701055499
335.34,335,2585,2584,72380,87856,2023-08-03,2023-09-29,449.5,-1,15476,193848400,66967240,0.0453220145226889,99.0482382108906,0.176151884902568
352.3,352,2865,2865,63030,85950,2023-08-03,2023-09-15,449.5,0,22920,626670099,251558143,0.0137153504111898,99.8459500458789,0.266666666666667
358.06,356,412,413,59740,85078,2023-08-03,2023-12-15,449.5,1,25338,461771571,103626287,0.0184242611158927,99.7047514213473,0.297820823244552
210.12,210,7173,7082,71730,84984,2023-08-03,2023-11-17,449.5,-91,13254,180589816,52417574,0.0470591320609131,99.6095926029406,0.155958768709404
215.13,215,6537,6537,65370,84981,2023-08-03,2023-11-17,449.5,0,19611,180589816,52417574,0.0470574708376689,99.6566500737783,0.230769230769231
357.37,357,2286,2286,57150,84582,2023-08-03,2023-09-15,449.5,0,27432,626670099,251558143,0.0134970537344881,99.8594470996134,0.324324324324324
245.35,245,2381,2402,69049,84070,2023-08-03,2023-12-15,449.5,21,15021,461771571,103626287,0.018205971367605,99.7229573927149,0.178672534792435
388.17,388,4851,4851,48510,82467,2023-08-03,2023-08-18,449.5,0,33957,323982367,170425023,0.0254541630656091,99.7025211560356,0.411764705882353
472.11,461,73,74,60590,82214,2023-08-03,2023-09-08,449.5,1,21624,29018635,13167465,0.283314497735679,97.3051179009626,0.263020896684263
349.62,348,505,505,81810,81810,2023-08-03,2023-12-15,449.5,0,0,461771571,103626287,0.0177165518922775,99.7406739446071,0
315.85,315,939,954,51645,81090,2023-08-03,2023-11-17,449.5,15,29445,180589816,52417574,0.0449028642899775,99.7015529380682,0.363115057343692
384.99,384,777,819,52836,81081,2023-08-03,2023-09-29,449.5,42,28245,193848400,66967240,0.0418270153377588,99.0900652262283,0.348355348355348
491.17,470,64,38,85376,80446,2023-08-03,2023-09-08,449.5,-26,-4930,29018635,13167465,0.277221861055835,97.5823397620184,-0.0612833453496756
353.87,352,429,429,68640,80223,2023-08-03,2023-12-15,449.5,0,11583,461771571,103626287,0.0173728754730984,99.7580468200802,0.144385026737968
230.27,230,2931,2902,67413,78354,2023-08-03,2023-12-15,449.5,-29,10941,461771571,103626287,0.0169681298981483,99.7750149499784,0.139635500421166
381.92,381,759,849,55407,78108,2023-08-03,2023-09-29,449.5,90,22701,193848400,66967240,0.0402933426326965,99.130358568861,0.290636042402827
315.42,315,1875,1856,61875,77952,2023-08-03,2023-10-20,449.5,-19,16077,353205511,115804832,0.0220698708180689,99.7626727290787,0.206242302955665
348.51,348,1518,1521,75900,77571,2023-08-03,2023-09-29,449.5,3,1671,193848400,66967240,0.0400163220330939,99.1703748908941,0.0215415554782071
205.2,205,3875,3875,54250,77500,2023-08-03,2023-12-15,449.5,0,23250,461771571,103626287,0.0167831899725157,99.7917981399509,0.3
386.54,384,305,305,77470,77470,2023-08-03,2023-12-15,449.5,0,0,461771571,103626287,0.0167766932538166,99.8085748332047,0
300.57,300,1318,1339,59310,76323,2023-08-03,2023-11-17,449.5,21,17013,180589816,52417574,0.0422631805549877,99.7438161186232,0.2229079045635
381.13,381,5862,5802,46896,75426,2023-08-03,2023-08-18,449.5,-60,28530,323982367,170425023,0.0232808966421311,99.7258020526778,0.378251531302203
376.51,374,300,300,62100,75300,2023-08-03,2023-12-15,449.5,0,13200,461771571,103626287,0.0163067639345862,99.8248815971393,0.175298804780876
420.79,418,234,268,42354,74772,2023-08-03,2023-09-29,449.5,34,32418,193848400,66967240,0.0385724101927073,99.2089473010868,0.433558016369764
360.32,360,86,2321,1548,74272,2023-08-03,2023-09-08,449.5,2235,72724,29018635,13167465,0.255945877536969,97.8382856395554,0.979157690650582
375.01,375,71870,73752,71870,73752,2023-08-03,2023-08-04,449.5,1882,1882,80136866,47944043,0.0920325484153573,98.7322251908379,0.0255179520555375
427.09,426,654,665,38586,72485,2023-08-03,2023-08-25,449.5,11,33899,101232484,39925793,0.0716025105143128,99.329013797587,0.467669172932331
295.3,295,2411,2411,57864,72330,2023-08-03,2023-10-20,449.5,0,14466,353205511,115804832,0.0204781629242472,99.7831508920029,0.2
441.13,441,4075,5529,28525,71877,2023-08-03,2023-08-04,449.5,1454,43352,80136866,47944043,0.0896928013131934,98.8219179921511,0.603141477802357
452.53,447,124,128,40796,70784,2023-08-03,2023-09-08,449.5,4,29988,29018635,13167465,0.243926015127865,98.0822116546833,0.423655063291139
348.32,348,2136,2136,42720,68352,2023-08-03,2023-09-15,449.5,0,25632,626670099,251558143,0.0109071743025671,99.870354273916,0.375
300.02,300,34821,34171,34821,68342,2023-08-03,2023-08-18,449.5,-650,33521,323982367,170425023,0.0210943578913972,99.7468964105692,0.490489011149805
389.19,389,2719,3590,27190,68210,2023-08-03,2023-08-18,449.5,871,41020,323982367,170425023,0.021053614933309,99.7679500255025,0.601378097053218
424.2,424,3540,3380,42480,67600,2023-08-03,2023-08-11,449.5,-160,25120,67989271,42010468,0.0994274523108212,98.73251031034,0.371597633136095
488.29,468,3,33,4542,66957,2023-08-03,2023-10-20,449.5,30,62415,353205511,115804832,0.0189569522316995,99.8021078442346,0.932165419597652
310.39,310,1703,1703,51090,66417,2023-08-03,2023-10-20,449.5,0,15327,353205511,115804832,0.018804066734961,99.8209119109696,0.230769230769231
386.15,386,2549,4415,25490,66225,2023-08-03,2023-08-18,449.5,1866,40735,323982367,170425023,0.0204409272681189,99.7883909527706,0.615100037750094
295.12,295,5507,5470,44056,65640,2023-08-03,2023-09-15,449.5,-37,21584,626670099,251558143,0.0104744107154217,99.8808286846314,0.328823887873248
485.73,467,35,35,40495,65555,2023-08-03,2023-09-08,449.5,0,25060,29018635,13167465,0.225906559698621,98.3081182143819,0.382274426054458
371.76,371,852,852,43452,64752,2023-08-03,2023-09-29,449.5,0,21300,193848400,66967240,0.0334034224682793,99.2423507235551,0.328947368421053
450.91,446,131,131,39562,64321,2023-08-03,2023-09-08,449.5,0,24759,29018635,13167465,0.221654119844024,98.5297723342259,0.384928716904277
424.89,424,713,710,38502,63190,2023-08-03,2023-08-25,449.5,-3,24688,101232484,39925793,0.0624206751658885,99.3914344727528,0.390694730178826
467.52,459,6200,74,2145200,63048,2023-08-03,2023-08-04,449.5,-6126,-2082152,80136866,47944043,0.0786754001585238,98.9005933923096,-33.0248699403629
185.12,185,5271,5231,63252,62772,2023-08-03,2023-12-15,449.5,-40,-480,461771571,103626287,0.0135937342058678,99.8384753313452,-0.00764672146817052
336.44,336,1407,1409,42210,61996,2023-08-03,2023-09-29,449.5,2,19786,193848400,66967240,0.0319816929105425,99.2743324164657,0.319149622556294
383.18,383,3398,3398,27184,61164,2023-08-03,2023-08-18,449.5,0,33980,323982367,170425023,0.0188788052159641,99.8072697579865,0.555555555555556
382.12,382,4762,5077,38096,60924,2023-08-03,2023-08-18,449.5,315,22828,323982367,170425023,0.0188047271103492,99.8260744850969,0.374696342984702
418.82,418,500,741,20000,60762,2023-08-03,2023-08-25,449.5,241,40762,101232484,39925793,0.060022235550399,99.4514567083032,0.670846910898259
270.07,270,8417,8417,42085,58919,2023-08-03,2023-09-15,449.5,0,16834,626670099,251558143,0.00940191658960898,99.890230601221,0.285714285714286
355.55,354,380,380,58900,58900,2023-08-03,2023-12-15,449.5,0,0,461771571,103626287,0.0127552243791119,99.8512305557243,0
415.14,415,4277,4168,38493,58352,2023-08-03,2023-08-11,449.5,-109,19859,67989271,42010468,0.0858253061722047,98.8183356165122,0.340331094049904
378.89,378,648,654,45360,58206,2023-08-03,2023-09-29,449.5,6,12846,193848400,66967240,0.0300265568351351,99.3043589733008,0.220698897020926
373.85,373,682,682,56606,57970,2023-08-03,2023-09-29,449.5,0,1364,193848400,66967240,0.0299048122140807,99.3342637855149,0.0235294117647059
484.45,467,61,33,66368,57585,2023-08-03,2023-08-18,449.5,-28,-8783,323982367,170425023,0.0177741154659815,99.8438486005629,-0.152522358253017
352.77,351,321,321,56817,56817,2023-08-03,2023-12-15,449.5,0,0,461771571,103626287,0.0123041355441087,99.8635346912684,0
430.03,430,17977,18792,71908,56376,2023-08-03,2023-08-04,449.5,815,-15532,80136866,47944043,0.0703496440701836,98.9709430363798,-0.275507308074358
325.04,325,13992,13991,27984,55964,2023-08-03,2023-08-18,449.5,-1,27980,323982367,170425023,0.0172737795943074,99.8611223801572,0.499964262740333
155.08,155,6976,6981,48832,55848,2023-08-03,2023-12-15,449.5,5,7015.99999999999,461771571,103626287,0.0120942915301297,99.8756289827985,0.125626701045695
358.45,358,1029,1228,25725,55260,2023-08-03,2023-09-15,449.5,199,29535,626670099,251558143,0.00881803680886967,99.8990486380299,0.534473398479913
366.73,366,746,746,54458,54458,2023-08-03,2023-09-29,449.5,0,0,193848400,66967240,0.0280930871753391,99.3623568726902,0
433.42,433,1153,1277,20754,53634,2023-08-03,2023-08-11,449.5,124,32880,67989271,42010468,0.0788859759946536,98.8972215925069,0.61304396464929
375.17,375,3156,3152,34716,53584,2023-08-03,2023-08-25,449.5,-4,18868,101232484,39925793,0.0529316261764356,99.5043883344797,0.352120035831592
437.06,437,8403,8830,42015,52980,2023-08-03,2023-08-04,449.5,427,10965,80136866,47944043,0.0661118941187443,99.0370549304985,0.206964892412231
358.67,358,216,790,9936,52930,2023-08-03,2023-09-29,449.5,574,42994,193848400,66967240,0.0273048423407157,99.3896617150309,0.812280370300397
500.16,475,1,21,1885,52836,2023-08-03,2023-08-18,449.5,20,50951,323982367,170425023,0.0163082949511262,99.8774306751083,0.964323567264744
439.03,436,105,174,19635,52722,2023-08-03,2023-09-08,449.5,69,33087,29018635,13167465,0.181683252847696,98.7114555870736,0.627574826448162
290.33,290,1596,1596,33516,52668,2023-08-03,2023-10-20,449.5,0,19152,353205511,115804832,0.0149114321152254,99.8358233430848,0.363636363636364
490.21,470,41,26,53669,52546,2023-08-03,2023-08-11,449.5,-15,-1122.99999999999,67989271,42010468,0.0772857235077576,98.9745073160146,-0.021371750466258
599.42,525,7,7,48993,52094,2023-08-03,2023-12-15,449.5,0,3101.00000000001,461771571,103626287,0.0112813354635901,99.8869103182621,0.059527008868584
352.51,352,998,999,37924,50949,2023-08-03,2023-09-29,449.5,1,13025,193848400,66967240,0.0262829097377126,99.4159446247686,0.255647804667413
160.08,160,6344,6349,44408,50792,2023-08-03,2023-12-15,449.5,5,6383.99999999999,461771571,103626287,0.0109993778720518,99.8979096961342,0.125689084895259
235.13,235,3842,3860,30736,50180,2023-08-03,2023-10-20,449.5,18,19444,353205511,115804832,0.0142070263450674,99.8500303694299,0.387485053806297
270.2,270,2669,2505,40035,50100,2023-08-03,2023-10-20,449.5,-164,10065,353205511,115804832,0.0141843766418469,99.8642147460717,0.200898203592814
230.18,230,2734,2772,38276,49896,2023-08-03,2023-11-17,449.5,38,11620,180589816,52417574,0.0276294649970738,99.7714455836203,0.232884399551066
549.68,500,10,10,42190,49680,2023-08-03,2023-08-18,449.5,0,7490,323982367,170425023,0.0153341678622899,99.8927648429706,0.150764895330113
220.15,220,3283,3283,39396,49245,2023-08-03,2023-11-17,449.5,0,9849,180589816,52417574,0.0272689795530884,99.7987145631734,0.2
362.71,362,773,693,43288,49203,2023-08-03,2023-09-29,449.5,-80,5914.99999999999,193848400,66967240,0.0253822058887254,99.4413268306574,0.12021624697681
422.85,422,268,577,11792,49045,2023-08-03,2023-08-25,449.5,309,37253,101232484,39925793,0.0484478875377591,99.5528362220174,0.759567743908655
411.04,410,336,469,19488,48776,2023-08-03,2023-09-08,449.5,133,29288,29018635,13167465,0.168085094285103,98.8795406813587,0.600459242250287
384.17,384,2867,2866,22936,48722,2023-08-03,2023-08-18,449.5,-1,25786,323982367,170425023,0.0150384727573769,99.907803315728,0.529247567833833
417.03,416,438,471,22776,48513,2023-08-03,2023-09-01,449.5,33,25737,93412562,44019893,0.0519341285168905,99.6476062823328,0.530517593222435
369.84,369,570,570,29070,47880,2023-08-03,2023-09-29,449.5,0,18810,193848400,66967240,0.0246997137969671,99.4660265444543,0.392857142857143
429.24,429,2349,1972,37584,47328,2023-08-03,2023-08-11,449.5,-377,9744,67989271,42010468,0.0696109831799785,99.0441182991946,0.205882352941176
440.03,437,149,156,27267,47268,2023-08-03,2023-09-08,449.5,7,20001,29018635,13167465,0.162888433587589,99.0424291149463,0.423140390962173
361.69,361,681,681,29283,46989,2023-08-03,2023-09-29,449.5,0,17706,193848400,66967240,0.024240076265783,99.4902666207201,0.376811594202899
325.95,325,493,493,33524,46835,2023-08-03,2023-11-17,449.5,0,13311,180589816,52417574,0.0259344635469367,99.8246490267203,0.284210526315789
336.02,335,443,454,34111,46308,2023-08-03,2023-11-17,449.5,11,12197,180589816,52417574,0.0256426419970437,99.8502916687174,0.263388615358037
417.87,417,408,531,13872,46197,2023-08-03,2023-08-25,449.5,123,32325,101232484,39925793,0.0456345613330994,99.5984707833505,0.699720761088382
355.21,355,2058,2178,26754,45738,2023-08-03,2023-09-01,449.5,120,18984,93412562,44019893,0.0489634359884059,99.6965697183212,0.41505968778696
350.43,349,319,319,45617,45617,2023-08-03,2023-12-15,449.5,0,0,461771571,103626287,0.0098786938964677,99.9077883900306,0
493.72,472,21,21,35385,45612,2023-08-03,2023-09-29,449.5,0,10227,193848400,66967240,0.0235297273539529,99.5137963480741,0.224217311233886
356.4,356,1128,1128,45120,45120,2023-08-03,2023-09-29,449.5,0,0,193848400,66967240,0.0232759207710768,99.5370722688451,0
375.29,375,1436,1542,24412,44718,2023-08-03,2023-09-01,449.5,106,20306,93412562,44019893,0.0478715057617197,99.7444412240829,0.454090075584776
195.18,195,2482,2482,37230,44676,2023-08-03,2023-12-15,449.5,0,7446,461771571,103626287,0.00967491348660786,99.9174633035172,0.166666666666667
416.77,416,590,580,19470,44660,2023-08-03,2023-08-25,449.5,-10,25190,101232484,39925793,0.0441162739817784,99.6425870573323,0.564039408866995
400.34,400,1211,1313,24220,44642,2023-08-03,2023-08-25,449.5,102,20422,101232484,39925793,0.0440984931279568,99.6866855504603,0.457461583262399
305.6,305,739,738,36211,44280,2023-08-03,2023-11-17,449.5,-1,8069,180589816,52417574,0.0245196550839832,99.8748113238013,0.182226738934056
353.31,353,1399,1417,32177,43927,2023-08-03,2023-09-15,449.5,18,11750,626670099,251558143,0.00700958926715921,99.9060582272971,0.267489243517654
442.7,442.5,2276,2196,18208,43920,2023-08-03,2023-08-04,449.5,-80,25712,80136866,47944043,0.0548062361210882,99.0918611666196,0.585428051001822
363.71,363,617,617,46275,43807,2023-08-03,2023-09-29,449.5,0,-2468,193848400,66967240,0.0225985873497021,99.5596708561948,-0.0563380281690141
359.6,359,649,730,37642,43800,2023-08-03,2023-09-29,449.5,81,6158.00000000001,193848400,66967240,0.0225949762804336,99.5822658324753,0.140593607305936
353.58,353,753,753,46686,43674,2023-08-03,2023-09-29,449.5,0,-3012.00000000001,193848400,66967240,0.0225299770335994,99.6047958095089,-0.0689655172413795
421.23,421,821,1847,27914,42481,2023-08-03,2023-08-11,449.5,1026,14567,67989271,42010468,0.0624819171836686,99.1066002163783,0.342906240436901
499.86,475,17,17,31518,42262,2023-08-03,2023-09-15,449.5,0,10744,626670099,251558143,0.00674389923301574,99.9128021265301,0.254223652453741
170.1,170,4206,4211,33648,42110,2023-08-03,2023-12-15,449.5,5,8462,461771571,103626287,0.00911922748055012,99.9265825309978,0.200949893137022
285.11,285,3813,3815,26691,41965,2023-08-03,2023-09-15,449.5,2,15274,626670099,251558143,0.00669650587557394,99.9194986324056,0.363969974979149
175.11,175,3815,3815,34335,41965,2023-08-03,2023-12-15,449.5,0,7630,461771571,103626287,0.00908782667350477,99.9356703576713,0.181818181818182
439.09,439,3596,4594,21576,41346,2023-08-03,2023-08-04,449.5,998,19770,80136866,47944043,0.0515942312992375,99.1434553979189,0.478159918734581
310.25,310,1647,1648,27999,41200,2023-08-03,2023-09-29,449.5,1,13201,193848400,66967240,0.0212537219806818,99.6260495314896,0.320412621359223
165.08,165,5101,5106,35707,40848,2023-08-03,2023-12-15,449.5,5,5140.99999999999,461771571,103626287,0.00884593218061057,99.9445162898519,0.125856835095965
472.62,461,400,35,226800,40670,2023-08-03,2023-08-11,449.5,-365,-186130,67989271,42010468,0.0598182616195429,99.1664184779978,-4.57659208261618
326.31,326,1254,1303,31350,40393,2023-08-03,2023-09-29,449.5,49,9043,193848400,66967240,0.0208374172807204,99.6468869487703,0.223875423959597
255.18,255,2209,2229,24299,40122,2023-08-03,2023-10-20,449.5,20,15823,353205511,115804832,0.0113593924076683,99.8755741384794,0.394372164897064
390.01,390,39891,39889,79782,39889,2023-08-03,2023-08-04,449.5,-2,-39893,80136866,47944043,0.049776091817716,99.1932314897366,-1.00010027827221
446.23,442,87,94,20532,39762,2023-08-03,2023-09-08,449.5,7,19230,29018635,13167465,0.137022296190017,99.1794514111363,0.483627584125547
510.4,480,11,13,25696,39520,2023-08-03,2023-08-11,449.5,2,13824,67989271,42010468,0.0581268182740186,99.2245452962718,0.349797570850203
438.07,437.5,773,683,20098,38931,2023-08-03,2023-08-11,449.5,-90,18833,67989271,42010468,0.05726050511705,99.2818058013889,0.483753307133133
471.98,461,2100,35,1050000,38430,2023-08-03,2023-08-04,449.5,-2065,-1011570,80136866,47944043,0.0479554566059521,99.2411869463425,-26.3224043715847
340.15,340,2533,2562,22797,38430,2023-08-03,2023-09-01,449.5,29,15633,93412562,44019893,0.0411400770701482,99.7855813011531,0.406791569086651
215.2,215,1911,1911,34398,38220,2023-08-03,2023-12-15,449.5,0,3822.00000000001,461771571,103626287,0.00827681962257482,99.9527931094745,0.1
509.37,480,69,13,162357,38181,2023-08-03,2023-09-15,449.5,-56,-124176,626670099,251558143,0.00609267939557461,99.9255913118012,-3.25229826353422
519.4,485,6,11,17448,37840,2023-08-03,2023-11-17,449.5,5,20392,180589816,52417574,0.0209535625198267,99.8957648863212,0.538900634249472
235.19,235,1970,1977,27580,37563,2023-08-03,2023-11-17,449.5,7,9983,180589816,52417574,0.0208001762402815,99.9165650625615,0.265766845033677
285.16,285,2317,2319,23170,37104,2023-08-03,2023-09-29,449.5,2,13934,193848400,66967240,0.0191407305915344,99.6660276793618,0.375539025442001
290.16,290,2302,2306,25322,36896,2023-08-03,2023-09-29,449.5,4,11574,193848400,66967240,0.0190334302475543,99.6850611096094,0.313692541196878
438.06,438,7394,6139,44364,36834,2023-08-03,2023-08-04,449.5,-1255,-7530,80136866,47944043,0.0459638638725902,99.2871508102151,-0.204430689037302
570.21,510,6,6,33264,36126,2023-08-03,2023-12-15,449.5,0,2862,461771571,103626287,0.00782334865738194,99.9606164581319,0.0792227204783259
360.01,360,36077,36077,36077,36077,2023-08-03,2023-08-04,449.5,0,0,80136866,47944043,0.0450192299758765,99.332170040191,0
421.51,420,165,234,13365,35334,2023-08-03,2023-09-08,449.5,69,21969,29018635,13167465,0.121763135998644,99.301214547135,0.621752419765665
341.3,341,1170,1170,35100,35100,2023-08-03,2023-09-29,449.5,0,0,193848400,66967240,0.0181069330466488,99.703168042656,0
390.42,390,725,826,17400,34692,2023-08-03,2023-09-01,449.5,101,17292,93412562,44019893,0.0371384739452923,99.8227197750984,0.49844344517468
519.42,485,36,10,103788,34420,2023-08-03,2023-08-18,449.5,-26,-69368,323982367,170425023,0.0106240349802741,99.9184273507083,-2.01533991865195
200.06,200,5696,5696,28480,34176,2023-08-03,2023-10-20,449.5,0,5696,353205511,115804832,0.00967595321580359,99.8852500916952,0.166666666666667
240.12,240,2840,2847,34080,34164,2023-08-03,2023-10-20,449.5,7,84,353205511,115804832,0.00967255576032051,99.8949226474555,0.00245872848612575
265.07,265,4858,4861,19432,34027,2023-08-03,2023-09-15,449.5,3,14595,626670099,251558143,0.00542981068576562,99.931021122487,0.428924089693479
260.06,260,5832,5669,23328,34014,2023-08-03,2023-09-15,449.5,-163,10686,626670099,251558143,0.00542773622904258,99.936448858716,0.314164755688834
255.06,255,5736,5663,17208,33978,2023-08-03,2023-09-15,449.5,-73,16770,626670099,251558143,0.00542199157965569,99.9418708502957,0.493554653010772
280.27,280,1175,1249,21150,33723,2023-08-03,2023-10-20,449.5,74,12573,353205511,115804832,0.00954769927131743,99.9044703467268,0.372831598612223
360.17,360,1744,1978,15696,33626,2023-08-03,2023-08-25,449.5,234,17930,101232484,39925793,0.0332166105891465,99.7199021610494,0.533218342948909
522.15,485,8,9,22880,33435,2023-08-03,2023-12-15,449.5,1,10555,461771571,103626287,0.00724059299007821,99.9678570511219,0.315687154179752
419.2,419,1703,1670,18733,33400,2023-08-03,2023-08-11,449.5,-33,14667,67989271,42010468,0.0491253980352282,99.3309311994241,0.439131736526946
436.06,436,5474,5502,21896,33012,2023-08-03,2023-08-04,449.5,28,11116,80136866,47944043,0.0411945233795392,99.3733645635705,0.336726039016115
339.42,339,772,772,32424,32424,2023-08-03,2023-09-29,449.5,0,0,193848400,66967240,0.0167264728519812,99.719894515508,0
245.04,245,8076,8075,24228,32300,2023-08-03,2023-09-15,449.5,-1,8072,626670099,251558143,0.00515422708878919,99.9470250773845,0.249907120743034
351.48,351,634,670,31700,32160,2023-08-03,2023-09-29,449.5,36,459.999999999996,193848400,66967240,0.0165902839538526,99.7364847994618,0.0143034825870646
215.09,215,3554,3554,21324,31986,2023-08-03,2023-10-20,449.5,0,10662,353205511,115804832,0.00905591759014202,99.913526264317,0.333333333333333
421.75,421,408,425,18768,31875,2023-08-03,2023-08-25,449.5,17,13107,101232484,39925793,0.0314869286423911,99.7513890896918,0.4112
305.23,305,1502,1385,24032,31855,2023-08-03,2023-09-29,449.5,-117,7823,193848400,66967240,0.0164329445071509,99.752917743969,0.245581541359284
310.02,310,15880,15877,15880,31754,2023-08-03,2023-08-18,449.5,-3,15874,323982367,170425023,0.00980115069040162,99.9282285013987,0.499905523713548
338.42,338,748,748,31416,31416,2023-08-03,2023-09-29,449.5,0,0,193848400,66967240,0.0162064788773082,99.7691242228463,0
372.91,372,549,331,36783,30121,2023-08-03,2023-09-29,449.5,-218,-6662,193848400,66967240,0.0155384310626242,99.7846626539089,-0.221174595796952
327.24,327,1252,1252,30048,30048,2023-08-03,2023-09-29,449.5,0,0,193848400,66967240,0.0155007727688235,99.8001634266778,0
335.15,335,1860,1991,14880,29865,2023-08-03,2023-09-01,449.5,131,14985,93412562,44019893,0.0319710747254743,99.8546908498238,0.501757910597689
200.02,200,14696,14696,29392,29392,2023-08-03,2023-09-15,449.5,0,0,626670099,251558143,0.00469018707720408,99.9517152644617,0
427.23,427,1276,1271,19140,29233,2023-08-03,2023-08-11,449.5,-5,10093,67989271,42010468,0.0429964898432284,99.3739276892673,0.345260493278145
280.08,280,3645,3650,18225,29200,2023-08-03,2023-09-15,449.5,5,10975,626670099,251558143,0.00465954894714069,99.9563748134088,0.375856164383562
290.49,290,584,595,21608,29155,2023-08-03,2023-11-17,449.5,11,7547,180589816,52417574,0.0161443212279479,99.9327093837894,0.258857828845824
496.1,472,1961,12,3178781,28920,2023-08-03,2023-09-15,449.5,-1949,-3149861,626670099,251558143,0.00461486834079824,99.9609896817496,-108.916355463347
395.52,394,188,190,16732,28880,2023-08-03,2023-09-29,449.5,2,12148,193848400,66967240,0.0148982400680119,99.8150616667458,0.420637119113573
477.7,464,302,21,233446,28770,2023-08-03,2023-08-04,449.5,-281,-204676,80136866,47944043,0.0359010795356035,99.4092656431062,-7.11421619742788
1004.55,720,1,1,28455,28455,2023-08-03,2023-12-15,449.5,0,0,461771571,103626287,0.00616213768603785,99.974019188808,0
491.79,470,74,13,103008,28327,2023-08-03,2023-09-01,449.5,-61,-74681,93412562,44019893,0.0303246152268043,99.8850154650506,-2.63638931055177
473.71,462,961,24,552575,28104,2023-08-03,2023-08-04,449.5,-937,-524471,80136866,47944043,0.0350700013649149,99.4443356444711,-18.6617919157415
356.36,356,785,780,18840,28080,2023-08-03,2023-09-15,449.5,-5,9240,626670099,251558143,0.00448082652177091,99.9654705082714,0.329059829059829
357.58,357,474,475,19434,27550,2023-08-03,2023-09-29,449.5,1,8116,193848400,66967240,0.014212136906985,99.8292738036528,0.29459165154265
275.08,275,3440,3439,17200,27512,2023-08-03,2023-09-15,449.5,-1,10312,626670099,251558143,0.00439018872033338,99.9698606969917,0.374818261122419
416.24,415,205,221,13940,27404,2023-08-03,2023-09-08,449.5,16,13464,29018635,13167465,0.0944358685375794,99.3956504156726,0.491315136476427
400.69,400,98,395,4312,27255,2023-08-03,2023-09-08,449.5,297,22943,29018635,13167465,0.0939224053784749,99.489572821051,0.841790497156485
432.91,432.5,667,663,12006,27183,2023-08-03,2023-08-11,449.5,-4,15177,67989271,42010468,0.0399813082272937,99.4139089974946,0.558326895486149
285.25,285,1078,1078,21560,26950,2023-08-03,2023-10-20,449.5,0,5390,353205511,115804832,0.00763011877241066,99.9211563830894,0.2
412.56,412,456,481,14592,26936,2023-08-03,2023-08-25,449.5,25,12344,101232484,39925793,0.0266080599187905,99.7779971496106,0.458271458271458
220.09,220,2889,2982,17334,26838,2023-08-03,2023-10-20,449.5,93,9504,353205511,115804832,0.00759840918790194,99.9287547922773,0.354124748490946
328.25,328,1054,1054,26350,26350,2023-08-03,2023-09-29,449.5,0,0,193848400,66967240,0.0135930964609458,99.8428669001137,0
354.6,354,433,433,17753,25980,2023-08-03,2023-09-29,449.5,0,8227,193848400,66967240,0.0134022256567503,99.8562691257705,0.316666666666667
331.35,331,737,737,20636,25795,2023-08-03,2023-09-29,449.5,0,5159,193848400,66967240,0.0133067902546526,99.8695759160251,0.2
332.38,332,662,662,25156,25156,2023-08-03,2023-09-29,449.5,0,0,193848400,66967240,0.0129771512171367,99.8825530672423,0
380.02,380,12532,12531,12532,25062,2023-08-03,2023-08-04,449.5,-1,12530,80136866,47944043,0.0312739956663641,99.4756096401374,0.499960098954593
488.22,469,31,13,38068,24986,2023-08-03,2023-08-18,449.5,-18,-13082,323982367,170425023,0.00771214811206068,99.9359406495107,-0.523573200992556
476.13,463,505,19,332290,24947,2023-08-03,2023-08-04,449.5,-486,-307343,80136866,47944043,0.0311304911774314,99.5067401313148,-12.3198380566802
414.55,414,187,450,5797,24750,2023-08-03,2023-08-25,449.5,263,18953,101232484,39925793,0.0244486740046802,99.8024458236153,0.765777777777778
374.1,374,2348,2444,16436,24440,2023-08-03,2023-08-18,449.5,96,8004,323982367,170425023,0.00754362042178672,99.9434842699325,0.327495908346972
265.1,265,2403,2410,19224,24100,2023-08-03,2023-09-29,449.5,7,4876,193848400,66967240,0.0124323956246221,99.8949854628669,0.202323651452282
453.97,447.5,33,37,11517,23939,2023-08-03,2023-09-08,449.5,4,12422,29018635,13167465,0.0824952655422972,99.5720680865933,0.518902209783199
432.04,432,3365,5935,10095,23740,2023-08-03,2023-08-04,449.5,2570,13645,80136866,47944043,0.0296243179761984,99.536364449291,0.574768323504634
350.03,350,7898,7883,15796,23649,2023-08-03,2023-08-11,449.5,-15,7853,67989271,42010468,0.0347834292854824,99.4486924267801,0.332064780751829
412.11,412,2147,2140,17176,23540,2023-08-03,2023-08-11,449.5,-7,6364,67989271,42010468,0.0346231098727327,99.4833155366528,0.27034834324554
225.1,225,2150,2346,15050,23460,2023-08-03,2023-10-20,449.5,196,8410,353205511,115804832,0.00664202546941574,99.9353968177467,0.35848252344416
385.07,385,3322,3330,16610,23310,2023-08-03,2023-08-11,449.5,8,6700,67989271,42010468,0.0342848212036279,99.5176003578565,0.287430287430287
415.01,415,21806,21824,65418,21824,2023-08-03,2023-08-04,449.5,18,-43594,80136866,47944043,0.0272334084040671,99.5635978576951,-1.99752565982405
487.18,469,12,12,17544,21816,2023-08-03,2023-09-29,449.5,0,4272,193848400,66967240,0.011254155308994,99.9062396181759,0.195819581958196
350.19,350,784,1133,7840,21527,2023-08-03,2023-09-01,449.5,349,13687,93412562,44019893,0.0230450803822295,99.9080605454329,0.635806196869048
487.55,468,11,11,14729,21505,2023-08-03,2023-09-29,449.5,0,6776,193848400,66967240,0.0110937206600622,99.9173333388359,0.315089514066496
340.11,340,1954,1953,9770,21483,2023-08-03,2023-08-25,449.5,-1,11713,101232484,39925793,0.0212214490360624,99.8236672726513,0.545221803286319
285.5,285,395,419,13430,20950,2023-08-03,2023-11-17,449.5,24,7520,180589816,52417574,0.0116008756551366,99.9443102594445,0.358949880668258
355.14,355,1479,1495,11832,20930,2023-08-03,2023-08-25,449.5,16,9098,101232484,39925793,0.0206751816936548,99.844342454345,0.434687052078356
215.03,215,6958,6958,13916,20874,2023-08-03,2023-09-15,449.5,0,6958,626670099,251558143,0.00333093920282927,99.9731916361945,0.333333333333333
426.2,426,740,1024,9620,20480,2023-08-03,2023-08-11,449.5,284,10860,67989271,42010468,0.0301223997533376,99.5477227576098,0.5302734375
414.14,414,1514,1458,13626,20412,2023-08-03,2023-08-11,449.5,-56,6786,67989271,42010468,0.0300223839729066,99.5777451415827,0.332451499118166
347.45,347,448,450,16128,20250,2023-08-03,2023-09-29,449.5,2,4122,193848400,66967240,0.0104463075269128,99.9277796463628,0.203555555555556
420.02,420,10127,10115,20254,20230,2023-08-03,2023-08-04,449.5,-12,-24,80136866,47944043,0.0252443114009475,99.5888421690961,-0.00118635689569946
428.26,428,848,771,13568,20046,2023-08-03,2023-08-11,449.5,-77,6478,67989271,42010468,0.0294840637429397,99.6072292053256,0.323156739499152
501.02,476,6,8,12390,20016,2023-08-03,2023-10-20,449.5,2,7626,353205511,115804832,0.00566695574577261,99.9410637734925,0.38099520383693
442.45,439,31,58,6324,20010,2023-08-03,2023-09-08,449.5,27,13686,29018635,13167465,0.0689556900247031,99.641023776618,0.683958020989505
320.84,320,252,238,15372,19992,2023-08-03,2023-11-17,449.5,-14,4620,180589816,52417574,0.0110703916991643,99.9553806511437,0.23109243697479
491.91,472,10,10,19910,19910,2023-08-03,2023-12-15,449.5,0,0,461771571,103626287,0.00431165564326176,99.9783308444512,0
295.02,295,9516,9851,9516,19702,2023-08-03,2023-08-18,449.5,335,10186,323982367,170425023,0.00608119515343871,99.9495654650859,0.517003349913714
490.38,471,10,10,19380,19380,2023-08-03,2023-12-15,449.5,0,0,461771571,103626287,0.00419688027957875,99.9825277247308,0
370.18,370,1010,1057,13130,19026,2023-08-03,2023-08-25,449.5,47,5896,101232484,39925793,0.0187943624894159,99.8631368168344,0.30989172711027
333.29,333,654,654,18966,18966,2023-08-03,2023-09-29,449.5,0,0,193848400,66967240,0.00978393424965076,99.9375635806125,0
275.17,275,1111,1111,18887,18887,2023-08-03,2023-10-20,449.5,0,0,353205511,115804832,0.0053473118090731,99.9464110853016,0
385.22,385,871,853,11323,18766,2023-08-03,2023-08-25,449.5,-18,7443,101232484,39925793,0.0185375279342153,99.8816743447686,0.396621549610999
330.02,330,9250,9250,9250,18500,2023-08-03,2023-08-11,449.5,0,9250,67989271,42010468,0.0272101755584348,99.6344393808841,0.5
485.39,467,88,10,90816,18390,2023-08-03,2023-08-11,449.5,-78,-72426,67989271,42010468,0.0270483853253847,99.6614877662095,-3.93833605220229
540.7,495,4,4,14896,18280,2023-08-03,2023-08-18,449.5,0,3384,323982367,170425023,0.00564228237767026,99.9552077474636,0.185120350109409
419.68,419,220,268,8140,18224,2023-08-03,2023-08-25,449.5,48,10084,101232484,39925793,0.0180021266691431,99.8996764714378,0.553336259877085
260.16,260,1117,1138,14521,18208,2023-08-03,2023-10-20,449.5,21,3687,353205511,115804832,0.00515507245298899,99.9515661577546,0.202493409490334
390.05,390,3642,3641,14568,18205,2023-08-03,2023-08-11,449.5,-1,3637,67989271,42010468,0.0267762835698003,99.6882640497793,0.199780280142818
494.59,472,6,8,10644,18072,2023-08-03,2023-10-20,449.5,2,7428,353205511,115804832,0.00511656795751412,99.9566827257121,0.411022576361222
250.26,250,693,694,13860,18044,2023-08-03,2023-11-17,449.5,1,4184,180589816,52417574,0.00999170407261504,99.9653723552163,0.231877632454001
483.3,467,379,11,416900,17930,2023-08-03,2023-09-01,449.5,-368,-398970,93412562,44019893,0.0191944205534155,99.9272549659863,-22.2515337423313
434.05,434,3449,3546,13796,17730,2023-08-03,2023-08-04,449.5,97,3934,80136866,47944043,0.0221246485980622,99.6109668176941,0.221883812746757
425.62,424,71,109,6887,17658,2023-08-03,2023-09-08,449.5,38,10771,29018635,13167465,0.0608505534460873,99.7018743300641,0.609978480009061
150.01,150,17443,17443,17443,17443,2023-08-03,2023-09-15,449.5,0,0,626670099,251558143,0.00278344220154024,99.9759750783961,0
408.48,408,310,359,8370,17232,2023-08-03,2023-08-25,449.5,49,8862,101232484,39925793,0.0170222040585313,99.9166986754963,0.514275766016713
335.2,335,855,856,8550,17120,2023-08-03,2023-09-08,449.5,1,8570,29018635,13167465,0.0589965723749584,99.7608709024391,0.500584112149533
370.01,370,4969,17043,4969,17043,2023-08-03,2023-08-04,449.5,12074,12074,80136866,47944043,0.0212673652598294,99.632234182954,0.708443349175615
492.8,474,9,9,16920,16920,2023-08-03,2023-10-20,449.5,0,0,353205511,115804832,0.00479041223113872,99.9614731379432,0
364.67,364,476,250,23324,16750,2023-08-03,2023-09-29,449.5,-226,-6574,193848400,66967240,0.00864077289263156,99.9462043535051,-0.392477611940299
493.58,473,8,8,16464,16464,2023-08-03,2023-12-15,449.5,0,0,461771571,103626287,0.00356539922203223,99.9860931239528,0
405.09,405,1809,1801,10854,16209,2023-08-03,2023-08-11,449.5,-8,5355,67989271,42010468,0.0238405262500903,99.7121045760294,0.330372015546918
410.11,410,1467,1447,11736,15917,2023-08-03,2023-08-11,449.5,-20,4181,67989271,42010468,0.0234110467223571,99.7355156227517,0.262675127222466
413.59,413,257,269,8481,15871,2023-08-03,2023-08-25,449.5,12,7390,101232484,39925793,0.0156777739445769,99.9323764494409,0.465629134900132
150.03,150,4544,5094,4544,15282,2023-08-03,2023-10-20,449.5,550,10738,353205511,115804832,0.00432665955769869,99.9657997975009,0.702656720324565
431.04,431,2928,3637,8784,14548,2023-08-03,2023-08-04,449.5,709,5764,80136866,47944043,0.0181539417825499,99.6503881247365,0.396205664008798
235.03,235,4755,4754,14265,14262,2023-08-03,2023-09-15,449.5,-1,-3,626670099,251558143,0.00227583859877125,99.9782509169948,-0.000210349179638199
329.43,329,331,331,14233,14233,2023-08-03,2023-09-29,449.5,0,0,193848400,66967240,0.00734233555706418,99.9535466890622,0
542.15,495,3,3,12540,14145,2023-08-03,2023-09-15,449.5,0,1605,626670099,251558143,0.00225716848826387,99.9805080854831,0.113467656415694
428.03,428,4682,4676,14046,14028,2023-08-03,2023-08-04,449.5,-6,-18,80136866,47944043,0.0175050519195497,99.6678931766561,-0.00128314798973482
433.04,433,3502,3500,17510,14000,2023-08-03,2023-08-04,449.5,-2,-3510,80136866,47944043,0.0174701116961574,99.6853632883522,-0.250714285714286
729.74,590,1,1,14117,13974,2023-08-03,2023-12-15,449.5,0,-142.999999999998,461771571,103626287,0.00302617157001205,99.9891192955229,-0.0102332903964504
589.82,520,0,2,0,13964,2023-08-03,2023-08-04,449.5,2,13964,80136866,47944043,0.0174251885517959,99.702788476904,1
485.01,468,138,8,170292,13608,2023-08-03,2023-09-01,449.5,-130,-156684,93412562,44019893,0.0145676338477902,99.9418225998341,-11.5141093474427
719.78,585,0,1,0,13478,2023-08-03,2023-10-20,449.5,1,13478,353205511,115804832,0.0038159087500761,99.969615706251,1
260.34,260,396,396,9108,13464,2023-08-03,2023-11-17,449.5,0,4356,180589816,52417574,0.00745556991984531,99.9728279251362,0.323529411764706
422.16,422,970,831,11640,13296,2023-08-03,2023-08-11,449.5,-139,1656,67989271,42010468,0.0195560267148621,99.7550716494666,0.124548736462094
190.04,190,3324,3324,16620,13296,2023-08-03,2023-10-20,449.5,0,-3324,353205511,115804832,0.00376438067524943,99.9733800869262,-0.25
230.03,230,4418,4419,8836,13257,2023-08-03,2023-09-15,449.5,1,4421,626670099,251558143,0.00211546713672069,99.9826235526198,0.333484197027985
579.28,515,0,2,0,12856,2023-08-03,2023-08-11,449.5,2,12856,67989271,42010468,0.0189088657826615,99.7739805152492,1
240.2,240,613,633,9808,12660,2023-08-03,2023-11-17,449.5,20,2852,180589816,52417574,0.00701036209040714,99.9798382872266,0.225276461295419
280.15,280,842,843,9262,12645,2023-08-03,2023-09-29,449.5,1,3383,193848400,66967240,0.00652313870013887,99.9600698277623,0.267536575721629
423.17,423,881,719,10572,12223,2023-08-03,2023-08-11,449.5,-162,1651,67989271,42010468,0.0179778365324729,99.7919583517817,0.135073222613106
568.54,510,0,2,0,11708,2023-08-03,2023-08-11,449.5,2,11708,67989271,42010468,0.0172203640777381,99.8091787158594,1
355.01,355,11541,11541,11541,11541,2023-08-03,2023-08-04,449.5,0,0,80136866,47944043,0.0144016113632395,99.7171900882672,0
290.01,290,11516,11516,11516,11516,2023-08-03,2023-08-18,449.5,0,0,323982367,170425023,0.00355451443442291,99.958762261898,0
260.1,260,1139,1140,9112,11400,2023-08-03,2023-09-29,449.5,1,2288,193848400,66967240,0.00588088423737312,99.9659507119997,0.200701754385965
270.12,270,943,944,7544,11328,2023-08-03,2023-09-29,449.5,1,3784,193848400,66967240,0.00584374181061077,99.9717944538103,0.334039548022599
210.07,210,1592,1592,7960,11144,2023-08-03,2023-10-20,449.5,0,3184,353205511,115804832,0.0031551036586176,99.9765351905848,0.285714285714286
160.03,160,3711,3711,7422,11133,2023-08-03,2023-10-20,449.5,0,3711,353205511,115804832,0.00315198932442478,99.9796871799093,0.333333333333333
250.01,250,11021,11021,11021,11021,2023-08-03,2023-08-18,449.5,0,0,323982367,170425023,0.00340172834159212,99.9621639902396,0
422.71,422.5,507,509,6084,10689,2023-08-03,2023-08-11,449.5,2,4605,67989271,42010468,0.0157215981915735,99.824900314051,0.430816727476845
507.48,481,4,4,10592,10592,2023-08-03,2023-12-15,449.5,0,0,461771571,103626287,0.00229377481534046,99.9914130703382,0
195.04,195,2633,2633,10532,10532,2023-08-03,2023-10-20,449.5,0,0,353205511,115804832,0.00298183342898067,99.9826690133382,0
485.52,468,85,6,100980,10512,2023-08-03,2023-09-08,449.5,-79,-90468,29018635,13167465,0.036224998177895,99.797095900617,-8.60616438356164
484.5,467,2781,6,3106377,10500,2023-08-03,2023-08-25,449.5,-2775,-3095877,101232484,39925793,0.0103721647292582,99.9427486141701,-294.845428571429
659.69,555,1,1,9946,10469,2023-08-03,2023-12-15,449.5,0,523,461771571,103626287,0.00226713826867441,99.9936802086069,0.0499570159518579
485.42,468,28,6,29512,10452,2023-08-03,2023-08-18,449.5,-22,-19060,323982367,170425023,0.00322610149953007,99.9653900917392,-1.82357443551473
644.44,540,1,1,10444,10444,2023-08-03,2023-12-15,449.5,0,0,461771571,103626287,0.00226172433642521,99.9959419329433,0
437.56,437.5,1606,1721,8030,10326,2023-08-03,2023-08-04,449.5,115,2296,80136866,47944043,0.0128854552410373,99.7300755435083,0.222351346116599
315.02,315,5213,5155,10426,10310,2023-08-03,2023-08-18,449.5,-58,-116,323982367,170425023,0.0031822719537079,99.9685723636929,-0.0112512124151309
260.01,260,10236,10236,10236,10236,2023-08-03,2023-08-18,449.5,0,0,323982367,170425023,0.00315943120447663,99.9717317948974,0
479.62,465,40,7,33320,10234,2023-08-03,2023-08-04,449.5,-33,-23086,80136866,47944043,0.0127706516498911,99.7428461951582,-2.25581395348837
550.9,500,2,2,10180,10180,2023-08-03,2023-09-15,449.5,0,0,626670099,251558143,0.00162445918773603,99.9842480118076,0
418.14,418,731,727,7310,10178,2023-08-03,2023-08-11,449.5,-4,2868,67989271,42010468,0.0149700090180405,99.8398703230691,0.281784240518766
360.21,360,364,482,4732,10122,2023-08-03,2023-09-01,449.5,118,5390,93412562,44019893,0.0108358017201155,99.9526584015542,0.532503457814661
305.02,305,5044,5018,10088,10036,2023-08-03,2023-08-18,449.5,-26,-52,323982367,170425023,0.00309769944979753,99.9748294943471,-0.00518134715025907
225.03,225,3279,3281,6558,9843,2023-08-03,2023-09-15,449.5,2,3285,626670099,251558143,0.00157068288653102,99.9858186946941,0.333739713501981
549.09,500,0,2,0,9818,2023-08-03,2023-08-11,449.5,2,9818,67989271,42010468,0.0144405137098764,99.854310836779,1
491.54,472,0,5,0,9770,2023-08-03,2023-08-18,449.5,5,9770,323982367,170425023,0.00301559621607431,99.9778450905632,1
240.03,240,3241,3241,6482,9723,2023-08-03,2023-09-15,449.5,0,3241,626670099,251558143,0.0015515340552414,99.9873702287493,0.333333333333333
427.52,427.5,4761,4748,19044,9496,2023-08-03,2023-08-04,449.5,-13,-9548,80136866,47944043,0.0118497271904794,99.7546959223487,-1.00547598989048
195.01,195,9243,9243,9243,9243,2023-08-03,2023-08-18,449.5,0,0,323982367,170425023,0.00285293304249487,99.9806980236057,0
337.27,337,335,335,9045,9045,2023-08-03,2023-09-29,449.5,0,0,193848400,66967240,0.00466601736202104,99.9764604711723,0
345.15,345,478,602,4302,9030,2023-08-03,2023-09-01,449.5,124,4728,93412562,44019893,0.00966679406566325,99.9623251956199,0.52358803986711
416.19,416,479,475,4790,9025,2023-08-03,2023-08-11,449.5,-4,4235,67989271,42010468,0.0132741532116148,99.8675849899906,0.469252077562327
629.08,540,0,1,0,8908,2023-08-03,2023-08-11,449.5,1,8908,67989271,42010468,0.0131020672364615,99.880687057227,1
539.36,495,5,2,19040,8872,2023-08-03,2023-11-17,449.5,-3,-10168,180589816,52417574,0.0049127908740989,99.9847510781007,-1.14607754733995
335.09,335,981,982,4905,8838,2023-08-03,2023-08-25,449.5,1,3933,101232484,39925793,0.00873039922639851,99.9514790133965,0.445010183299389
483.54,466,597,5,564762,8770,2023-08-03,2023-08-18,449.5,-592,-555992,323982367,170425023,0.00270693744267879,99.9834049610484,-63.3970353477765
230.1,230,850,866,5950,8660,2023-08-03,2023-10-20,449.5,16,2710,353205511,115804832,0.00245183037362064,99.9851208437119,0.312933025404157
295.51,295,167,167,6847,8517,2023-08-03,2023-11-17,449.5,0,1670,180589816,52417574,0.00471621279020518,99.9894672908909,0.196078431372549
255.08,255,1052,1058,5260,8464,2023-08-03,2023-09-29,449.5,6,3204,193848400,66967240,0.00436629861273036,99.9808267697851,0.378544423440454
245.15,245,561,561,5610,8415,2023-08-03,2023-10-20,449.5,0,2805,353205511,115804832,0.00238246565750782,99.9875033093694,0.333333333333333
531.8,490,6,2,20622,8360,2023-08-03,2023-12-15,449.5,-4,-12262,461771571,103626287,0.00181041894413201,99.9977523518874,-1.46674641148325
265.37,265,219,219,5694,8103,2023-08-03,2023-11-17,449.5,0,2409,180589816,52417574,0.0044869639825094,99.9939542548734,0.297297297297297
427.75,427.5,291,324,4365,8100,2023-08-03,2023-08-11,449.5,33,3735,67989271,42010468,0.0119136444336931,99.8926007016607,0.461111111111111
609.87,530,1,1,7386,7987,2023-08-03,2023-09-15,449.5,0,601,626670099,251558143,0.00127451429591824,99.9886447430453,0.0752472768248404
344.46,344,173,173,6228,7958,2023-08-03,2023-09-29,449.5,0,1730,193848400,66967240,0.00410526989131713,99.9849320396764,0.217391304347826
205.07,205,1127,1127,5635,7889,2023-08-03,2023-10-20,449.5,0,2254,353205511,115804832,0.00223354385883294,99.9897368532282,0.285714285714286
220.02,220,3928,3928,7856,7856,2023-08-03,2023-09-15,449.5,0,0,626670099,251558143,0.00125361015509374,99.9898983532004,0
527.5,489,2,2,6260,7700,2023-08-03,2023-12-15,449.5,0,1440,461771571,103626287,0.00166749113275317,99.9994198430202,0.187012987012987
481.39,466,196,5,192080,7695,2023-08-03,2023-08-25,449.5,-191,-184385,101232484,39925793,0.00760131500872783,99.9590803284052,-23.9616634178038
275.09,275,835,835,7515,7515,2023-08-03,2023-09-29,449.5,0,0,193848400,66967240,0.00387674079332097,99.9888087804697,0
506.6,482,3,3,7380,7380,2023-08-03,2023-10-20,449.5,0,0,353205511,115804832,0.00208943512209242,99.9918262883503,0
481.25,469,105,6,128625,7350,2023-08-03,2023-09-01,449.5,-99,-121275,93412562,44019893,0.00786832075112125,99.970193516371,-16.5
425.02,425,3635,3616,7270,7232,2023-08-03,2023-08-04,449.5,-19,-37.9999999999991,80136866,47944043,0.00902456055618646,99.7637204829048,-0.00525442477876094
436.98,434,9,24,1521,7152,2023-08-03,2023-09-08,449.5,15,5631,29018635,13167465,0.0246462316370153,99.821742132254,0.787332214765101
406.02,406,3474,3474,3474,6948,2023-08-03,2023-08-04,449.5,0,3474,80136866,47944043,0.0086701668617787,99.7723906497666,0.5
200.01,200,6907,6907,6907,6907,2023-08-03,2023-08-18,449.5,0,0,323982367,170425023,0.00213190614784292,99.9855368671962,0
205.02,205,3370,3370,6740,6740,2023-08-03,2023-09-15,449.5,0,0,626670099,251558143,0.00107552602410028,99.9909738792245,0
414.04,414,1649,1662,6596,6648,2023-08-03,2023-08-04,449.5,13,51.9999999999991,80136866,47944043,0.00829580732543247,99.7806864570921,0.00782190132370624
417.13,417,498,506,4980,6578,2023-08-03,2023-08-11,449.5,8,1598,67989271,42010468,0.00967505593639914,99.9022757575971,0.242930982061417
210.02,210,3261,3260,6522,6520,2023-08-03,2023-09-15,449.5,-1,-2,626670099,251558143,0.00104041983340265,99.9920142990579,-0.000306748466257669
320.1,320,468,651,2808,6510,2023-08-03,2023-09-01,449.5,183,3702,93412562,44019893,0.00696908409385025,99.9771626004648,0.568663594470046
315.04,315,1621,1621,6484,6484,2023-08-03,2023-08-25,449.5,0,0,101232484,39925793,0.00640505867662005,99.9654853870819,0
408.11,408,583,584,4081,6424,2023-08-03,2023-08-11,449.5,1,2343,67989271,42010468,0.00944854961012893,99.9117243072072,0.36472602739726
334.27,334,237,237,6399,6399,2023-08-03,2023-09-29,449.5,0,0,193848400,66967240,0.00330103317850444,99.9921098136482,0
245.24,245,260,260,4680,6240,2023-08-03,2023-11-17,449.5,0,1560,180589816,52417574,0.0034553443478784,99.9974095992213,0.25
408.01,408,6228,6227,18684,6227,2023-08-03,2023-08-04,449.5,-1,-12457,80136866,47944043,0.00777045610942659,99.7884569132015,-2.00048177292436
432.53,432.5,1911,2065,7644,6195,2023-08-03,2023-08-04,449.5,154,-1449,80136866,47944043,0.00773052442554966,99.796187437627,-0.233898305084746
330.12,330,511,511,6132,6132,2023-08-03,2023-09-08,449.5,0,0,29018635,13167465,0.0211312489371054,99.8428733811911,0
280.01,280,6109,6110,6109,6110,2023-08-03,2023-08-18,449.5,1,1,323982367,170425023,0.00188590510544668,99.9874227723017,0.00016366612111293
413.12,413,404,507,3232,6084,2023-08-03,2023-08-11,449.5,103,2852,67989271,42010468,0.00894847070797391,99.9206727779152,0.468770545693623
195.02,195,3003,3003,6006,6006,2023-08-03,2023-09-15,449.5,0,0,626670099,251558143,0.000958399006045444,99.9929726980639,0
170.01,170,5914,5914,5914,5914,2023-08-03,2023-09-15,449.5,0,0,626670099,251558143,0.000943718235390069,99.9939164162993,0
365.01,365,5842,5842,5842,5842,2023-08-03,2023-08-04,449.5,0,0,80136866,47944043,0.00729002803778226,99.8034774656648,0
507.2,478,0,2,0,5840,2023-08-03,2023-10-20,449.5,2,5840,353205511,115804832,0.00165342833509752,99.9934797166854,1
325.11,325,528,528,5808,5808,2023-08-03,2023-09-08,449.5,0,0,29018635,13167465,0.0200147250206634,99.8628881062118,0
345.06,345,966,966,5796,5796,2023-08-03,2023-08-25,449.5,0,0,101232484,39925793,0.00572543493055055,99.9712108220124,0
488.28,469,1852,3,2387228,5784,2023-08-03,2023-08-25,449.5,-1849,-2381444,101232484,39925793,0.00571358102800283,99.9769244030404,-411.729598893499
400.01,400,5791,5689,17373,5689,2023-08-03,2023-08-04,449.5,-102,-11684,80136866,47944043,0.00709910467424568,99.8105765703391,-2.05378801195289
325.01,325,5676,5676,5676,5676,2023-08-03,2023-08-04,449.5,0,0,80136866,47944043,0.00708288242767068,99.8176594527667,0
506.28,478,0,2,0,5656,2023-08-03,2023-08-04,449.5,2,5656,80136866,47944043,0.0070579251252476,99.824717377892,1
405.01,405,5642,5624,11284,5624,2023-08-03,2023-08-04,449.5,-18,-5660,80136866,47944043,0.00701799344137067,99.8317353713333,-1.00640113798009
395.01,395,5479,5475,5479,5475,2023-08-03,2023-08-04,449.5,-4,-4,80136866,47944043,0.00683206153831871,99.8385674328717,-0.000730593607305936
491.81,474,3,3,5343,5343,2023-08-03,2023-09-08,449.5,0,0,29018635,13167465,0.018412306436881,99.8813004126486,0
175.01,175,5082,5283,5082,5283,2023-08-03,2023-09-15,449.5,201,201,626670099,251558143,0.000843027297525488,99.9947594435968,0.0380465644520159
485.56,468,2,3,2244,5268,2023-08-03,2023-08-04,449.5,1,3024,80136866,47944043,0.00657375345823981,99.8451411863299,0.574031890660592
426.03,426,1754,1745,5262,5235,2023-08-03,2023-08-04,449.5,-9,-27,80136866,47944043,0.00653257390924172,99.8516737602391,-0.00515759312320917
419.01,419,5141,5141,10282,5141,2023-08-03,2023-08-04,449.5,0,-5141,80136866,47944043,0.00641527458785324,99.858089034827,-1
345.15,345,333,333,4995,4995,2023-08-03,2023-09-08,449.5,0,0,29018635,13167465,0.017213077045147,99.8985134896938,0
349.56,349,89,89,3204,4984,2023-08-03,2023-09-29,449.5,0,1780,193848400,66967240,0.00257108131921646,99.9946808949674,0.357142857142857
548.28,499,0,1,0,4928,2023-08-03,2023-08-11,449.5,1,4928,67989271,42010468,0.00724820244064685,99.9279209803559,1
310.01,310,4925,4925,4925,4925,2023-08-03,2023-08-04,449.5,0,0,80136866,47944043,0.00614573572168395,99.8642347705487,0
160.01,160,4864,4864,4864,4864,2023-08-03,2023-09-15,449.5,0,0,626670099,251558143,0.000776165961605901,99.9955356095584,0
330.12,330,265,400,1855,4800,2023-08-03,2023-09-01,449.5,135,2945,93412562,44019893,0.00513849518440571,99.9823010956492,0.613541666666667
545.22,498,0,1,0,4722,2023-08-03,2023-08-11,449.5,1,4722,67989271,42010468,0.00694521345875293,99.9348661938146,1
497.58,474,200,2,362600,4716,2023-08-03,2023-09-15,449.5,-198,-357884,626670099,251558143,0.000752549069682037,99.9962881586281,-75.8871925360475
185.01,185,4646,4646,4646,4646,2023-08-03,2023-09-15,449.5,0,0,626670099,251558143,0.000741378918096426,99.9970295375462,0
423.02,423,2306,2310,4612,4620,2023-08-03,2023-08-04,449.5,4,8,80136866,47944043,0.00576513685973195,99.8699999074084,0.00173160173160173
395.64,395,68,72,2584,4608,2023-08-03,2023-09-08,449.5,4,2024,29018635,13167465,0.0158794512560636,99.9143929409498,0.439236111111111
375.04,375,1138,1140,4552,4560,2023-08-03,2023-08-11,449.5,2,8,67989271,42010468,0.00670694057007906,99.9415731343847,0.00175438596491228
155.01,155,4485,4485,4485,4485,2023-08-03,2023-09-15,449.5,0,0,626670099,251558143,0.00071568756944952,99.9977452251157,0
325.11,325,261,406,2088,4466,2023-08-03,2023-09-01,449.5,145,2378,93412562,44019893,0.00478094156115748,99.9870820372104,0.532467532467532
265.01,265,4284,4294,4284,4294,2023-08-03,2023-08-18,449.5,10,10,323982367,170425023,0.0013253807729604,99.9887481530746,0.00232883092687471
290.01,290,4254,4254,4254,4254,2023-08-03,2023-08-04,449.5,0,0,80136866,47944043,0.00530841822538955,99.8753083256338,0
155.02,155,2096,2096,4192,4192,2023-08-03,2023-10-20,449.5,0,0,353205511,115804832,0.00118684444875493,99.9946665611342,0
165.04,165,1046,1046,2092,4184,2023-08-03,2023-10-20,449.5,0,2092,353205511,115804832,0.00118457947843288,99.9958511406126,0.5
165.01,165,4148,4148,4148,4148,2023-08-03,2023-09-15,449.5,0,0,626670099,251558143,0.000661911268244506,99.9984071363839,0
275.01,275,4101,4105,4101,4105,2023-08-03,2023-08-18,449.5,4,4,323982367,170425023,0.00126704426478865,99.9900151973394,0.00097442143727162
530.86,490,1,1,3048,4086,2023-08-03,2023-10-20,449.5,0,1038,353205511,115804832,0.00115683359198775,99.9970079742046,0.254038179148311
330.07,330,559,574,3913,4018,2023-08-03,2023-08-25,449.5,15,105,101232484,39925793,0.00396908170306282,99.9808934847435,0.0261324041811848
535.11,495,1,1,4011,4011,2023-08-03,2023-10-20,449.5,0,0,353205511,115804832,0.00113559949521852,99.9981435736998,0
427.9,426,8,21,952,3990,2023-08-03,2023-09-08,449.5,13,3038,29018635,13167465,0.0137497852672946,99.9281427262171,0.76140350877193
215.01,215,3988,3988,3988,3988,2023-08-03,2023-08-18,449.5,0,0,323982367,170425023,0.00123093118830137,99.9912461285277,0
490.84,471,2,2,3968,3968,2023-08-03,2023-09-29,449.5,0,0,193848400,66967240,0.00204696040823654,99.9967278553756,0
528.56,489,0,1,0,3956,2023-08-03,2023-08-04,449.5,1,3956,80136866,47944043,0.00493655441928563,99.8802448800531,1
190.01,190,3948,3947,3948,3947,2023-08-03,2023-09-15,449.5,-1,-1.00000000000045,626670099,251558143,0.000629836975834394,99.9990369733597,-0.000253356979984914
370.33,370,76,119,1748,3927,2023-08-03,2023-09-08,449.5,43,2179,29018635,13167465,0.0135326833946531,99.9416754096118,0.554876496052967
370.05,370,835,784,2505,3920,2023-08-03,2023-08-11,449.5,-51,1415,67989271,42010468,0.00576561557778727,99.9473387499625,0.360969387755102
355.29,355,132,135,2112,3915,2023-08-03,2023-09-08,449.5,3,1803,29018635,13167465,0.0134913306570071,99.9551667402688,0.460536398467433
410.01,410,4021,3910,4021,3910,2023-08-03,2023-08-04,449.5,-111,-111,80136866,47944043,0.00487915262371254,99.8851240326768,-0.0283887468030691
325.07,325,564,557,2820,3899,2023-08-03,2023-08-25,449.5,-7,1079,101232484,39925793,0.0038515305027979,99.9847450152463,0.276737625032059
394.02,394,1932,1932,1932,3864,2023-08-03,2023-08-04,449.5,0,1932,80136866,47944043,0.00482175082813945,99.8899457835049,0.5
300.06,300,588,638,2352,3828,2023-08-03,2023-09-01,449.5,50,1476,93412562,44019893,0.00409794990956356,99.9911799871199,0.385579937304075
340.03,340,1246,1261,1246,3783,2023-08-03,2023-08-11,449.5,15,2537,67989271,42010468,0.0055641131966248,99.9529028631591,0.670631773724557
180.01,180,3732,3732,3732,3732,2023-08-03,2023-09-15,449.5,0,0,626670099,251558143,0.000595528653107159,99.9996325020128,0
429.02,429,1503,1864,4509,3728,2023-08-03,2023-08-04,449.5,361,-781,80136866,47944043,0.00465204117166249,99.8945978246766,-0.209495708154506
255.01,255,3727,3727,3727,3727,2023-08-03,2023-08-18,449.5,0,0,323982367,170425023,0.00115037124844514,99.9923964997762,0
350.01,350,3686,3686,3686,3686,2023-08-03,2023-08-04,449.5,0,0,80136866,47944043,0.00459963083657402,99.8991974555132,0
523.62,487,0,1,0,3662,2023-08-03,2023-08-04,449.5,1,3662,80136866,47944043,0.00456968207366632,99.9037671375869,1
412.02,412,1673,1830,3346,3660,2023-08-03,2023-08-04,449.5,157,314,80136866,47944043,0.00456718634342401,99.9083343239303,0.085792349726776
385.01,385,3124,3601,3124,3601,2023-08-03,2023-08-04,449.5,477,477,80136866,47944043,0.00449356230127592,99.9128278862315,0.132463204665371
427.02,427,1807,1791,5421,3582,2023-08-03,2023-08-04,449.5,-16,-1839,80136866,47944043,0.00446985286397399,99.9172977390955,-0.513400335008375
300.04,300,874,880,1748,3520,2023-08-03,2023-08-25,449.5,6,1772,101232484,39925793,0.00347714474733229,99.9882221599936,0.503409090909091
385.56,385,13,62,416,3472,2023-08-03,2023-09-08,449.5,49,3056,29018635,13167465,0.0119647254255757,99.9671314656944,0.880184331797235
404.01,404,3479,3449,10437,3449,2023-08-03,2023-08-04,449.5,-30,-6988,80136866,47944043,0.0043038868028605,99.9216016258984,-2.02609452015077
424.02,424,1703,1711,3406,3422,2023-08-03,2023-08-04,449.5,8,16,80136866,47944043,0.00427019444458934,99.925871820343,0.00467562828755114
519.11,485,0,1,0,3411,2023-08-03,2023-08-11,449.5,1,3411,67989271,42010468,0.0050169680448552,99.957919831204,1
403.01,403,3384,3384,6768,3384,2023-08-03,2023-08-04,449.5,0,-3384,80136866,47944043,0.00422277556998548,99.930094595913,-1
517.64,484,0,1,0,3364,2023-08-03,2023-08-04,449.5,1,3364,80136866,47944043,0.0041978182675624,99.9342924141805,1
255.27,255,124,124,2480,3348,2023-08-03,2023-11-17,449.5,0,868.000000000001,180589816,52417574,0.0018539251404963,99.9992635243618,0.259259259259259
422.02,422,1657,1654,3314,3308,2023-08-03,2023-08-04,449.5,-3,-6,80136866,47944043,0.00412793782077777,99.9384203520013,-0.00181378476420798
416.01,416,3290,3290,6580,3290,2023-08-03,2023-08-04,449.5,0,-3290,80136866,47944043,0.00410547624859699,99.9425258282499,-1
295.01,295,3256,3256,3256,3256,2023-08-03,2023-08-04,449.5,0,0,80136866,47944043,0.00406304883447775,99.9465888770844,0
406.12,406,7,270,49,3240,2023-08-03,2023-08-11,449.5,263,3191,67989271,42010468,0.00476545777347723,99.9626852889774,0.984876543209877
300.01,300,3239,3239,3239,3239,2023-08-03,2023-08-04,449.5,0,0,80136866,47944043,0.00404183512741813,99.9506307122118,0
513.35,482,0,1,0,3135,2023-08-03,2023-08-11,449.5,1,3135,67989271,42010468,0.00461102164192936,99.9672963106194,1
320.11,320,272,272,2992,2992,2023-08-03,2023-09-08,449.5,0,0,29018635,13167465,0.0103106159197357,99.9774420816141,0
509.9,480,1,1,2370,2990,2023-08-03,2023-08-18,449.5,0,620,323982367,170425023,0.000922889732452631,99.9933193895086,0.207357859531773
285.01,285,2892,2892,2892,2892,2023-08-03,2023-08-18,449.5,0,0,323982367,170425023,0.000892641172659869,99.9942120306813,0
170.03,170,926,933,1852,2799,2023-08-03,2023-10-20,449.5,7,947,353205511,115804832,0.000792456491427734,99.9989360301912,0.338335119685602
422.52,422.5,1381,1382,2762,2764,2023-08-03,2023-08-04,449.5,1,2,80136866,47944043,0.00344909919486994,99.9540798114067,0.000723589001447178
503.53,476,1,1,1940,2753,2023-08-03,2023-09-01,449.5,0,813,93412562,44019893,0.00294714109222269,99.9941271282122,0.295314202687977
503.5,476,1,1,1985,2750,2023-08-03,2023-08-04,449.5,0,765,80136866,47944043,0.00343162908317378,99.9575114404898,0.278181818181818
505.05,478,0,1,0,2705,2023-08-03,2023-08-11,449.5,1,2705,67989271,42010468,0.0039785689127333,99.9712748795321,1
510.79,484,1,1,2679,2679,2023-08-03,2023-12-15,449.5,0,0,461771571,103626287,0.000580156979824122,100,0
501.3,475,0,1,0,2630,2023-08-03,2023-08-04,449.5,1,2630,80136866,47944043,0.00328188526863529,99.9607933257585,1
245.02,245,1260,1260,2520,2520,2023-08-03,2023-08-18,449.5,0,0,323982367,170425023,0.000777820108956732,99.9949898507903,0
310.08,310,227,315,1362,2520,2023-08-03,2023-09-01,449.5,88,1158,93412562,44019893,0.002697709971813,99.996824838184,0.45952380952381
396.02,396,1117,1259,1117,2518,2023-08-03,2023-08-04,449.5,142,1401,80136866,47944043,0.00314212437506603,99.9639354501335,0.556393963463066
501.09,476,0,1,0,2509,2023-08-03,2023-08-11,449.5,1,2509,67989271,42010468,0.00369028813384394,99.974965167666,1
210.01,210,2492,2492,2492,2492,2023-08-03,2023-08-18,449.5,0,0,323982367,170425023,0.000769177663301657,99.9957590284536,0
380.41,380,50,60,1300,2460,2023-08-03,2023-09-08,449.5,10,1160,29018635,13167465,0.00847731121742977,99.9859193928315,0.471544715447155
503.9,480,2,1,4780,2390,2023-08-03,2023-09-29,449.5,-1,-2390,193848400,66967240,0.00123292222169489,99.9979607775973,-1
225.02,225,1190,1190,2380,2380,2023-08-03,2023-08-18,449.5,0,0,323982367,170425023,0.000734607880681358,99.9964936363342,0
499.03,476,1,1,2303,2303,2023-08-03,2023-09-15,449.5,0,0,626670099,251558143,0.00036749798716661,100,0
495.87,473,0,1,0,2287,2023-08-03,2023-08-18,449.5,1,2287,323982367,170425023,0.000705902614755574,99.997199538949,1
205.01,205,2281,2281,2281,2281,2023-08-03,2023-08-18,449.5,0,0,323982367,170425023,0.000704050662115201,99.9979035896111,0
310.05,310,446,448,1784,2240,2023-08-03,2023-08-25,449.5,2,456,101232484,39925793,0.00221272847557509,99.9904348884692,0.203571428571429
345.03,345,274,741,822,2223,2023-08-03,2023-08-11,449.5,467,1401,67989271,42010468,0.00326963352791354,99.9782348011939,0.630229419703104
342.3,342,73,73,2190,2190,2023-08-03,2023-09-29,449.5,0,0,193848400,66967240,0.00112974881402168,99.9990905264114,0
320.07,320,294,307,1470,2149,2023-08-03,2023-08-25,449.5,13,679,101232484,39925793,0.00212283638125485,99.9925577248505,0.315960912052117
270.01,270,2140,2144,2140,2144,2023-08-03,2023-08-18,449.5,4,4,323982367,170425023,0.000661764410160013,99.9985653540213,0.00186567164179104
495.21,474,1,1,1918,2121,2023-08-03,2023-08-25,449.5,0,203,101232484,39925793,0.00209517727531017,99.9946529021258,0.0957095709570957
491.16,470,3,1,4137,2116,2023-08-03,2023-08-04,449.5,-2,-2021,80136866,47944043,0.00264048259636208,99.9665759327299,-0.955103969754253
360.03,360,697,697,1394,2091,2023-08-03,2023-08-11,449.5,0,697,67989271,42010468,0.00307548524825336,99.9813102864421,0.333333333333333
489.67,469,1,1,1329,2067,2023-08-03,2023-08-11,449.5,0,738,67989271,42010468,0.00304018556104242,99.9843504720032,0.357039187227866
300.01,300,1405,1887,1405,1887,2023-08-03,2023-08-11,449.5,482,482,67989271,42010468,0.00277543790696035,99.9871259099101,0.255431902490726
275.03,275,544,624,1088,1872,2023-08-03,2023-08-25,449.5,80,784,101232484,39925793,0.0018492087974449,99.9965021109232,0.418803418803419
180.04,180,458,460,1374,1840,2023-08-03,2023-10-20,449.5,2,466,353205511,115804832,0.000520943174071823,99.9994569733653,0.253260869565217
487.25,469,0,1,0,1825,2023-08-03,2023-09-08,449.5,1,1825,29018635,13167465,0.00628906218366233,99.9922084550152,1
485.17,467,3,1,3180,1817,2023-08-03,2023-08-04,449.5,-2,-1363,80136866,47944043,0.002267370925137,99.968843303655,-0.750137589433131
413.01,413,1793,1798,5379,1798,2023-08-03,2023-08-04,449.5,5,-3581,80136866,47944043,0.00224366148783507,99.9710869651429,-1.9916573971079
397.02,397,520,896,1040,1792,2023-08-03,2023-08-04,449.5,376,752,80136866,47944043,0.00223617429710815,99.97332313944,0.419642857142857
490.63,473,1,1,1763,1763,2023-08-03,2023-09-29,449.5,0,0,193848400,66967240,0.00090947358863937,100,0
421.02,421,875,875,2625,1750,2023-08-03,2023-08-04,449.5,0,-875,80136866,47944043,0.00218376396201968,99.975506903402,-0.5
485.38,468,673,1,819714,1738,2023-08-03,2023-08-25,449.5,-672,-817976,101232484,39925793,0.00171684021899532,99.9982189511422,-470.642117376295
417.01,417,1648,1639,4944,1639,2023-08-03,2023-08-04,449.5,-9,-3305,80136866,47944043,0.00204525093357157,99.9775521543356,-2.01647345942648
482.28,466,134,1,128774,1628,2023-08-03,2023-08-11,449.5,-133,-127146,67989271,42010468,0.00239449544914226,99.9895204053593,-78.0995085995086
315.09,315,127,174,635,1566,2023-08-03,2023-09-01,449.5,47,931,93412562,44019893,0.00167643405391236,99.9985012722379,0.594508301404853
481.56,466,3,1,2847,1556,2023-08-03,2023-08-04,449.5,-2,-1291,80136866,47944043,0.00194167812851578,99.9794938324641,-0.829691516709512
418.01,418,1591,1555,3182,1555,2023-08-03,2023-08-04,449.5,-36,-1627,80136866,47944043,0.00194043026339463,99.9814342627275,-1.04630225080386
402.01,402,1553,1553,1553,1553,2023-08-03,2023-08-04,449.5,0,0,80136866,47944043,0.00193793453315232,99.9833721972606,0
411.14,411,5,110,40,1540,2023-08-03,2023-08-11,449.5,105,1500,67989271,42010468,0.00226506326270214,99.991785468622,0.974025974025974
305.07,305,34,200,136,1400,2023-08-03,2023-09-01,449.5,166,1264,93412562,44019893,0.00149872776211833,100,0.902857142857143
225.14,225,95,95,1330,1330,2023-08-03,2023-11-17,449.5,0,0,180589816,52417574,0.000736475638249723,100,0
235.01,235,1302,1302,1302,1302,2023-08-03,2023-08-18,449.5,0,0,323982367,170425023,0.000401873722960978,99.9989672277442,0
230.01,230,1237,1237,1237,1237,2023-08-03,2023-08-18,449.5,0,0,323982367,170425023,0.000381810902690269,99.9993490386469,0
399.02,399,218,612,872,1224,2023-08-03,2023-08-04,449.5,394,352,80136866,47944043,0.00152738690829262,99.9848995841689,0.287581699346405
404.11,404,11,111,66,1221,2023-08-03,2023-08-11,449.5,100,1155,67989271,42010468,0.0017958715868567,99.9935813402088,0.945945945945946
185.03,185,396,396,1188,1188,2023-08-03,2023-10-20,449.5,0,0,353205511,115804832,0.000336348092824633,99.9997933214581,0
320.01,320,1142,1142,1142,1142,2023-08-03,2023-08-04,449.5,0,0,80136866,47944043,0.00142506196835798,99.9863246461373,0
398.01,398,1092,1128,1092,1128,2023-08-03,2023-08-04,449.5,36,36,80136866,47944043,0.00140759185666183,99.9877322379939,0.0319148936170213
305.01,305,1071,1071,1071,1071,2023-08-03,2023-08-04,449.5,0,0,80136866,47944043,0.00133646354475604,99.9890687015387,0
240.01,240,1055,1055,1055,1055,2023-08-03,2023-08-18,449.5,0,0,323982367,170425023,0.000325635005932283,99.9996746736528,0
220.01,220,1054,1054,1054,1054,2023-08-03,2023-08-18,449.5,0,0,323982367,170425023,0.000325326347158887,100,0
285.04,285,158,259,316,1036,2023-08-03,2023-08-25,449.5,101,720,101232484,39925793,0.00102338691995348,99.9992423380622,0.694980694980695
345.01,345,964,964,964,964,2023-08-03,2023-08-04,449.5,0,0,80136866,47944043,0.00120294197679255,99.9902716435155,0
411.01,411,954,958,1908,958,2023-08-03,2023-08-04,449.5,4,-950,80136866,47944043,0.00119545478606563,99.9914670983016,-0.991649269311065
409.01,409,955,951,955,951,2023-08-03,2023-08-04,449.5,-4,-4.00000000000011,80136866,47944043,0.00118671973021755,99.9926538180318,-0.00420609884332294
392.02,392,467,467,934,934,2023-08-03,2023-08-04,449.5,0,0,80136866,47944043,0.00116550602315793,99.9938193240549,0
285.01,285,811,811,811,811,2023-08-03,2023-08-04,449.5,0,0,80136866,47944043,0.00101201861325598,99.9948313426682,0
315.07,315,113,113,791,791,2023-08-03,2023-09-08,449.5,0,0,29018635,13167465,0.00272583462316543,99.9949342896384,0
275.01,275,759,759,759,759,2023-08-03,2023-08-04,449.5,0,0,80136866,47944043,0.000947129626955963,99.9957784722952,0
330.01,330,753,753,753,753,2023-08-03,2023-08-04,449.5,0,0,80136866,47944043,0.000939642436229039,99.9967181147314,0
175.02,175,365,365,730,730,2023-08-03,2023-10-20,449.5,0,0,353205511,115804832,0.00020667854188719,100,0
325.02,325,269,271,269,542,2023-08-03,2023-08-11,449.5,2,273,67989271,42010468,0.000797184602847117,99.9943785248117,0.503690036900369
401.02,401,269,269,538,538,2023-08-03,2023-08-04,449.5,0,0,80136866,47944043,0.000671351435180907,99.9973894661666,0
355.03,355,136,171,272,513,2023-08-03,2023-08-11,449.5,35,241,67989271,42010468,0.000754530814133895,99.9951330556258,0.469785575048733
394.07,394,60,73,300,511,2023-08-03,2023-08-11,449.5,13,211,67989271,42010468,0.000751589173532983,99.9958846447993,0.412915851272016
315.01,315,461,461,461,461,2023-08-03,2023-08-04,449.5,0,0,80136866,47944043,0.000575265820852041,99.9979647319874,0
335.02,335,226,227,226,454,2023-08-03,2023-08-11,449.5,1,228,67989271,42010468,0.000667752416406995,99.9965523972157,0.502202643171806
305.01,305,29,441,58,441,2023-08-03,2023-08-11,449.5,412,383,67989271,42010468,0.000648631752501068,99.9972010289682,0.868480725623583
310.02,310,214,214,428,428,2023-08-03,2023-08-11,449.5,0,0,67989271,42010468,0.00062951108859514,99.9978305400568,0
340.01,340,404,404,404,404,2023-08-03,2023-08-04,449.5,0,0,80136866,47944043,0.000504137508946257,99.9984688694964,0
335.02,335,171,171,342,342,2023-08-03,2023-08-04,449.5,0,0,80136866,47944043,0.000426769871434703,99.9988956393678,0
365.3,365,8,11,160,330,2023-08-03,2023-09-08,449.5,3,170,29018635,13167465,0.00113720028526497,99.9960714899236,0.515151515151515
305.05,305,52,65,156,325,2023-08-03,2023-08-25,449.5,13,169,101232484,39925793,0.000321043194000851,99.9995633812562,0.52
290.03,290,107,107,321,321,2023-08-03,2023-08-25,449.5,0,0,101232484,39925793,0.000317091893151609,99.9998804731493,0
407.01,407,281,304,843,304,2023-08-03,2023-08-04,449.5,23,-539,80136866,47944043,0.000379350996830847,99.9992749903646,-1.77302631578947
320.01,320,303,303,303,303,2023-08-03,2023-08-11,449.5,0,0,67989271,42010468,0.000445658551038148,99.9982761986079,0
350.26,350,6,11,84,286,2023-08-03,2023-09-08,449.5,5,202,29018635,13167465,0.000985573580562973,99.9970570635042,0.706293706293706
300.08,300,11,33,55,264,2023-08-03,2023-09-08,449.5,22,209,29018635,13167465,0.000909760228211975,99.9979668237324,0.791666666666667
391.01,391,232,232,232,232,2023-08-03,2023-08-04,449.5,0,0,80136866,47944043,0.000289504708107752,99.9995644950727,0
310.11,310,18,21,126,231,2023-08-03,2023-09-08,449.5,3,105,29018635,13167465,0.000796040199685478,99.9987628639321,0.454545454545454
393.01,393,224,226,448,226,2023-08-03,2023-08-04,449.5,2,-222,80136866,47944043,0.000282017517380827,99.9998465125901,-0.982300884955752
407.11,407,11,20,77,220,2023-08-03,2023-08-11,449.5,9,143,67989271,42010468,0.000323580466100306,99.998599779074,0.65
401.1,401,0,21,0,210,2023-08-03,2023-08-11,449.5,21,210,67989271,42010468,0.000308872263095746,99.9989086513371,1
340.19,340,10,11,150,209,2023-08-03,2023-09-08,449.5,1,59,29018635,13167465,0.00072022684733448,99.9994830907794,0.282296650717703
315.01,315,203,203,203,203,2023-08-03,2023-08-11,449.5,0,0,67989271,42010468,0.000298576520992555,99.9992072278581,0
409.11,409,12,15,84,165,2023-08-03,2023-08-11,449.5,3,81,67989271,42010468,0.000242685349575229,99.9994499132076,0.490909090909091
305.06,305,25,25,150,150,2023-08-03,2023-09-08,449.5,0,0,29018635,13167465,0.000516909220574986,100,0
280.01,280,107,107,107,107,2023-08-03,2023-08-04,449.5,0,0,80136866,47944043,0.000133521567963489,99.9999800341581,0
393.08,393,6,12,30,96,2023-08-03,2023-08-11,449.5,6,66,67989271,42010468,0.00014119874884377,99.9995911119565,0.6875
399.09,399,0,10,0,90,2023-08-03,2023-08-11,449.5,10,90,67989271,42010468,0.000132373827041034,99.9997234857835,1
388.08,388,0,11,0,88,2023-08-03,2023-08-11,449.5,11,88,67989271,42010468,0.000129432186440122,99.99985291797,1
280.02,280,32,32,32,64,2023-08-03,2023-08-25,449.5,0,32,101232484,39925793,6.32208135878598e-05,99.9999436939629,0.5
295.03,295,19,19,38,57,2023-08-03,2023-08-25,449.5,0,19,101232484,39925793,5.63060371016876e-05,100,0.333333333333333
402.09,402,4,4,24,36,2023-08-03,2023-08-11,449.5,0,12,67989271,42010468,5.29495308164137e-05,99.9999058675008,0.333333333333333
391.05,391,6,6,30,30,2023-08-03,2023-08-11,449.5,0,0,67989271,42010468,4.41246090136781e-05,99.9999499921098,0
403.11,403,2,2,12,22,2023-08-03,2023-08-11,449.5,0,10,67989271,42010468,3.23580466100306e-05,99.9999823501564,0.454545454545455
389.01,389,16,16,16,16,2023-08-03,2023-08-04,449.5,0,0,80136866,47944043,1.99658419384656e-05,100,0
396.07,396,0,1,0,7,2023-08-03,2023-08-11,449.5,1,7,67989271,42010468,1.02957421031915e-05,99.9999926458985,1
397.05,397,1,1,5,5,2023-08-03,2023-08-11,449.5,0,0,67989271,42010468,7.35410150227968e-06,100,0
388,388,0,0,0,0,2023-08-03,2023-08-04,449.5,0,0,80136866,47944043,0,100,
487.74,469,1,0,1212,0,2023-08-03,2023-08-04,449.5,-1,-1212,80136866,47944043,0,100,-Inf
494.07,471,0,0,0,0,2023-08-03,2023-08-04,449.5,0,0,80136866,47944043,0,100,
493.74,472,0,0,0,0,2023-08-03,2023-08-04,449.5,0,0,80136866,47944043,0,100,
498.16,473,0,0,0,0,2023-08-03,2023-08-04,449.5,0,0,80136866,47944043,0,100,
497.61,474,0,0,0,0,2023-08-03,2023-08-04,449.5,0,0,80136866,47944043,0,100,
503.53,477,0,0,0,0,2023-08-03,2023-08-04,449.5,0,0,80136866,47944043,0,100,
508.28,479,0,0,0,0,2023-08-03,2023-08-04,449.5,0,0,80136866,47944043,0,100,
510.28,480,3,0,7098,0,2023-08-03,2023-08-04,449.5,-3,-7098,80136866,47944043,0,100,-Inf
512.28,481,0,0,0,0,2023-08-03,2023-08-04,449.5,0,0,80136866,47944043,0,100,
514.28,482,0,0,0,0,2023-08-03,2023-08-04,449.5,0,0,80136866,47944043,0,100,
516.28,483,0,0,0,0,2023-08-03,2023-08-04,449.5,0,0,80136866,47944043,0,100,
520.28,485,0,0,0,0,2023-08-03,2023-08-04,449.5,0,0,80136866,47944043,0,100,
522.28,486,0,0,0,0,2023-08-03,2023-08-04,449.5,0,0,80136866,47944043,0,100,
526.56,488,0,0,0,0,2023-08-03,2023-08-04,449.5,0,0,80136866,47944043,0,100,
529.99,490,0,0,0,0,2023-08-03,2023-08-04,449.5,0,0,80136866,47944043,0,100,
532.56,491,0,0,0,0,2023-08-03,2023-08-04,449.5,0,0,80136866,47944043,0,100,
534.56,492,0,0,0,0,2023-08-03,2023-08-04,449.5,0,0,80136866,47944043,0,100,
535.84,493,0,0,0,0,2023-08-03,2023-08-04,449.5,0,0,80136866,47944043,0,100,
538.56,494,0,0,0,0,2023-08-03,2023-08-04,449.5,0,0,80136866,47944043,0,100,
539.78,495,0,0,0,0,2023-08-03,2023-08-04,449.5,0,0,80136866,47944043,0,100,
541.86,496,0,0,0,0,2023-08-03,2023-08-04,449.5,0,0,80136866,47944043,0,100,
544.71,497,0,0,0,0,2023-08-03,2023-08-04,449.5,0,0,80136866,47944043,0,100,
546.29,498,0,0,0,0,2023-08-03,2023-08-04,449.5,0,0,80136866,47944043,0,100,
548.29,499,0,0,0,0,2023-08-03,2023-08-04,449.5,0,0,80136866,47944043,0,100,
549.44,500,2,0,8666,0,2023-08-03,2023-08-04,449.5,-2,-8666,80136866,47944043,0,100,-Inf
560.27,505,0,0,0,0,2023-08-03,2023-08-04,449.5,0,0,80136866,47944043,0,100,
570.5,510,0,0,0,0,2023-08-03,2023-08-04,449.5,0,0,80136866,47944043,0,100,
579.73,515,0,0,0,0,2023-08-03,2023-08-04,449.5,0,0,80136866,47944043,0,100,
600,525,0,0,0,0,2023-08-03,2023-08-04,449.5,0,0,80136866,47944043,0,100,
389,389,0,0,0,0,2023-08-03,2023-08-11,449.5,0,0,67989271,42010468,0,100,
392,392,0,0,0,0,2023-08-03,2023-08-11,449.5,0,0,67989271,42010468,0,100,
398,398,0,0,0,0,2023-08-03,2023-08-11,449.5,0,0,67989271,42010468,0,100,
487.35,468,32,0,36128,0,2023-08-03,2023-08-11,449.5,-32,-36128,67989271,42010468,0,100,-Inf
491.26,471,0,0,0,0,2023-08-03,2023-08-11,449.5,0,0,67989271,42010468,0,100,
493.26,472,0,0,0,0,2023-08-03,2023-08-11,449.5,0,0,67989271,42010468,0,100,
494.95,473,0,0,0,0,2023-08-03,2023-08-11,449.5,0,0,67989271,42010468,0,100,
500.07,474,0,0,0,0,2023-08-03,2023-08-11,449.5,0,0,67989271,42010468,0,100,
496.96,475,0,0,0,0,2023-08-03,2023-08-11,449.5,0,0,67989271,42010468,0,100,
497.47,477,0,0,0,0,2023-08-03,2023-08-11,449.5,0,0,67989271,42010468,0,100,
507.4,479,0,0,0,0,2023-08-03,2023-08-11,449.5,0,0,67989271,42010468,0,100,
511.22,481,0,0,0,0,2023-08-03,2023-08-11,449.5,0,0,67989271,42010468,0,100,
517.97,483,0,0,0,0,2023-08-03,2023-08-11,449.5,0,0,67989271,42010468,0,100,
517.03,484,0,0,0,0,2023-08-03,2023-08-11,449.5,0,0,67989271,42010468,0,100,
486,486,0,0,0,0,2023-08-03,2023-08-11,449.5,0,0,67989271,42010468,0,100,
522.23,487,0,0,0,0,2023-08-03,2023-08-11,449.5,0,0,67989271,42010468,0,100,
528.37,488,0,0,0,0,2023-08-03,2023-08-11,449.5,0,0,67989271,42010468,0,100,
527.21,489,0,0,0,0,2023-08-03,2023-08-11,449.5,0,0,67989271,42010468,0,100,
529.19,490,0,0,0,0,2023-08-03,2023-08-11,449.5,0,0,67989271,42010468,0,100,
530.23,491,0,0,0,0,2023-08-03,2023-08-11,449.5,0,0,67989271,42010468,0,100,
532.23,492,0,0,0,0,2023-08-03,2023-08-11,449.5,0,0,67989271,42010468,0,100,
493,493,0,0,0,0,2023-08-03,2023-08-11,449.5,0,0,67989271,42010468,0,100,
494,494,0,0,0,0,2023-08-03,2023-08-11,449.5,0,0,67989271,42010468,0,100,
532.09,495,0,0,0,0,2023-08-03,2023-08-11,449.5,0,0,67989271,42010468,0,100,
496,496,0,0,0,0,2023-08-03,2023-08-11,449.5,0,0,67989271,42010468,0,100,
543.39,497,0,0,0,0,2023-08-03,2023-08-11,449.5,0,0,67989271,42010468,0,100,
559.36,505,0,0,0,0,2023-08-03,2023-08-11,449.5,0,0,67989271,42010468,0,100,
520,520,0,0,0,0,2023-08-03,2023-08-11,449.5,0,0,67989271,42010468,0,100,
593.21,525,0,0,0,0,2023-08-03,2023-08-11,449.5,0,0,67989271,42010468,0,100,
601.91,530,0,0,0,0,2023-08-03,2023-08-11,449.5,0,0,67989271,42010468,0,100,
484.8,471,0,0,0,0,2023-08-03,2023-08-18,449.5,0,0,323982367,170425023,0,100,
498.61,474,0,0,0,0,2023-08-03,2023-08-18,449.5,0,0,323982367,170425023,0,100,
497.19,476,0,0,0,0,2023-08-03,2023-08-18,449.5,0,0,323982367,170425023,0,100,
498.05,477,0,0,0,0,2023-08-03,2023-08-18,449.5,0,0,323982367,170425023,0,100,
505.65,478,0,0,0,0,2023-08-03,2023-08-18,449.5,0,0,323982367,170425023,0,100,
479,479,0,0,0,0,2023-08-03,2023-08-18,449.5,0,0,323982367,170425023,0,100,
512.41,482,0,0,0,0,2023-08-03,2023-08-18,449.5,0,0,323982367,170425023,0,100,
513.6,484,0,0,0,0,2023-08-03,2023-08-18,449.5,0,0,323982367,170425023,0,100,
520.77,486,0,0,0,0,2023-08-03,2023-08-18,449.5,0,0,323982367,170425023,0,100,
520.8,488,0,0,0,0,2023-08-03,2023-08-18,449.5,0,0,323982367,170425023,0,100,
530.72,490,0,0,0,0,2023-08-03,2023-08-18,449.5,0,0,323982367,170425023,0,100,
492,492,0,0,0,0,2023-08-03,2023-08-18,449.5,0,0,323982367,170425023,0,100,
494,494,0,0,0,0,2023-08-03,2023-08-18,449.5,0,0,323982367,170425023,0,100,
541.83,496,0,0,0,0,2023-08-03,2023-08-18,449.5,0,0,323982367,170425023,0,100,
538.26,498,0,0,0,0,2023-08-03,2023-08-18,449.5,0,0,323982367,170425023,0,100,
547.17,502,0,0,0,0,2023-08-03,2023-08-18,449.5,0,0,323982367,170425023,0,100,
504,504,0,0,0,0,2023-08-03,2023-08-18,449.5,0,0,323982367,170425023,0,100,
552.2,505,0,0,0,0,2023-08-03,2023-08-18,449.5,0,0,323982367,170425023,0,100,
562.21,510,0,0,0,0,2023-08-03,2023-08-18,449.5,0,0,323982367,170425023,0,100,
595.9,515,0,0,0,0,2023-08-03,2023-08-18,449.5,0,0,323982367,170425023,0,100,
584.11,520,0,0,0,0,2023-08-03,2023-08-18,449.5,0,0,323982367,170425023,0,100,
595.94,525,0,0,0,0,2023-08-03,2023-08-18,449.5,0,0,323982367,170425023,0,100,
530,530,0,0,0,0,2023-08-03,2023-08-18,449.5,0,0,323982367,170425023,0,100,
620.13,535,0,0,0,0,2023-08-03,2023-08-18,449.5,0,0,323982367,170425023,0,100,
642.23,540,0,0,0,0,2023-08-03,2023-08-18,449.5,0,0,323982367,170425023,0,100,
634.93,545,0,0,0,0,2023-08-03,2023-08-18,449.5,0,0,323982367,170425023,0,100,
643.63,550,0,0,0,0,2023-08-03,2023-08-18,449.5,0,0,323982367,170425023,0,100,
653.18,555,0,0,0,0,2023-08-03,2023-08-18,449.5,0,0,323982367,170425023,0,100,
667.09,560,0,0,0,0,2023-08-03,2023-08-18,449.5,0,0,323982367,170425023,0,100,
489.17,471,0,0,0,0,2023-08-03,2023-08-25,449.5,0,0,101232484,39925793,0,100,
487.76,472,0,0,0,0,2023-08-03,2023-08-25,449.5,0,0,101232484,39925793,0,100,
492.21,475,0,0,0,0,2023-08-03,2023-08-25,449.5,0,0,101232484,39925793,0,100,
476,476,0,0,0,0,2023-08-03,2023-08-25,449.5,0,0,101232484,39925793,0,100,
478,478,0,0,0,0,2023-08-03,2023-08-25,449.5,0,0,101232484,39925793,0,100,
505.65,480,0,0,0,0,2023-08-03,2023-08-25,449.5,0,0,101232484,39925793,0,100,
509.18,482,0,0,0,0,2023-08-03,2023-08-25,449.5,0,0,101232484,39925793,0,100,
484,484,0,0,0,0,2023-08-03,2023-08-25,449.5,0,0,101232484,39925793,0,100,
520.56,485,0,0,0,0,2023-08-03,2023-08-25,449.5,0,0,101232484,39925793,0,100,
486,486,0,0,0,0,2023-08-03,2023-08-25,449.5,0,0,101232484,39925793,0,100,
488,488,0,0,0,0,2023-08-03,2023-08-25,449.5,0,0,101232484,39925793,0,100,
526,490,0,0,0,0,2023-08-03,2023-08-25,449.5,0,0,101232484,39925793,0,100,
492,492,0,0,0,0,2023-08-03,2023-08-25,449.5,0,0,101232484,39925793,0,100,
494,494,0,0,0,0,2023-08-03,2023-08-25,449.5,0,0,101232484,39925793,0,100,
495,495,0,0,0,0,2023-08-03,2023-08-25,449.5,0,0,101232484,39925793,0,100,
496,496,0,0,0,0,2023-08-03,2023-08-25,449.5,0,0,101232484,39925793,0,100,
498,498,0,0,0,0,2023-08-03,2023-08-25,449.5,0,0,101232484,39925793,0,100,
543.19,500,0,0,0,0,2023-08-03,2023-08-25,449.5,0,0,101232484,39925793,0,100,
502,502,0,0,0,0,2023-08-03,2023-08-25,449.5,0,0,101232484,39925793,0,100,
505,505,0,0,0,0,2023-08-03,2023-08-25,449.5,0,0,101232484,39925793,0,100,
510,510,0,0,0,0,2023-08-03,2023-08-25,449.5,0,0,101232484,39925793,0,100,
575.98,515,0,0,0,0,2023-08-03,2023-08-25,449.5,0,0,101232484,39925793,0,100,
520,520,0,0,0,0,2023-08-03,2023-08-25,449.5,0,0,101232484,39925793,0,100,
525,525,0,0,0,0,2023-08-03,2023-08-25,449.5,0,0,101232484,39925793,0,100,
530,530,0,0,0,0,2023-08-03,2023-08-25,449.5,0,0,101232484,39925793,0,100,
540,540,0,0,0,0,2023-08-03,2023-08-25,449.5,0,0,101232484,39925793,0,100,
485.82,471,1,0,1482,0,2023-08-03,2023-09-01,449.5,-1,-1482,93412562,44019893,0,100,-Inf
487.32,472,1,0,1532,0,2023-08-03,2023-09-01,449.5,-1,-1532,93412562,44019893,0,100,-Inf
491.28,474,0,0,0,0,2023-08-03,2023-09-01,449.5,0,0,93412562,44019893,0,100,
496.09,475,0,0,0,0,2023-08-03,2023-09-01,449.5,0,0,93412562,44019893,0,100,
498.98,478,0,0,0,0,2023-08-03,2023-09-01,449.5,0,0,93412562,44019893,0,100,
505.02,480,0,0,0,0,2023-08-03,2023-09-01,449.5,0,0,93412562,44019893,0,100,
505.5,482,0,0,0,0,2023-08-03,2023-09-01,449.5,0,0,93412562,44019893,0,100,
515.57,484,0,0,0,0,2023-08-03,2023-09-01,449.5,0,0,93412562,44019893,0,100,
515.4,485,0,0,0,0,2023-08-03,2023-09-01,449.5,0,0,93412562,44019893,0,100,
486,486,0,0,0,0,2023-08-03,2023-09-01,449.5,0,0,93412562,44019893,0,100,
488,488,0,0,0,0,2023-08-03,2023-09-01,449.5,0,0,93412562,44019893,0,100,
525.38,490,0,0,0,0,2023-08-03,2023-09-01,449.5,0,0,93412562,44019893,0,100,
492,492,0,0,0,0,2023-08-03,2023-09-01,449.5,0,0,93412562,44019893,0,100,
494,494,0,0,0,0,2023-08-03,2023-09-01,449.5,0,0,93412562,44019893,0,100,
539.85,495,0,0,0,0,2023-08-03,2023-09-01,449.5,0,0,93412562,44019893,0,100,
496,496,0,0,0,0,2023-08-03,2023-09-01,449.5,0,0,93412562,44019893,0,100,
498,498,0,0,0,0,2023-08-03,2023-09-01,449.5,0,0,93412562,44019893,0,100,
551.5,500,0,0,0,0,2023-08-03,2023-09-01,449.5,0,0,93412562,44019893,0,100,
502,502,0,0,0,0,2023-08-03,2023-09-01,449.5,0,0,93412562,44019893,0,100,
504,504,0,0,0,0,2023-08-03,2023-09-01,449.5,0,0,93412562,44019893,0,100,
559.19,505,0,0,0,0,2023-08-03,2023-09-01,449.5,0,0,93412562,44019893,0,100,
510,510,0,0,0,0,2023-08-03,2023-09-01,449.5,0,0,93412562,44019893,0,100,
515,515,0,0,0,0,2023-08-03,2023-09-01,449.5,0,0,93412562,44019893,0,100,
520,520,0,0,0,0,2023-08-03,2023-09-01,449.5,0,0,93412562,44019893,0,100,
525,525,0,0,0,0,2023-08-03,2023-09-01,449.5,0,0,93412562,44019893,0,100,
530,530,0,0,0,0,2023-08-03,2023-09-01,449.5,0,0,93412562,44019893,0,100,
624.79,540,0,0,0,0,2023-08-03,2023-09-01,449.5,0,0,93412562,44019893,0,100,
471,471,0,0,0,0,2023-08-03,2023-09-08,449.5,0,0,29018635,13167465,0,100,
487.78,472,0,0,0,0,2023-08-03,2023-09-08,449.5,0,0,29018635,13167465,0,100,
490.84,475,0,0,0,0,2023-08-03,2023-09-08,449.5,0,0,29018635,13167465,0,100,
476,476,0,0,0,0,2023-08-03,2023-09-08,449.5,0,0,29018635,13167465,0,100,
478,478,0,0,0,0,2023-08-03,2023-09-08,449.5,0,0,29018635,13167465,0,100,
480,480,0,0,0,0,2023-08-03,2023-09-08,449.5,0,0,29018635,13167465,0,100,
482,482,0,0,0,0,2023-08-03,2023-09-08,449.5,0,0,29018635,13167465,0,100,
484,484,0,0,0,0,2023-08-03,2023-09-08,449.5,0,0,29018635,13167465,0,100,
485,485,0,0,0,0,2023-08-03,2023-09-08,449.5,0,0,29018635,13167465,0,100,
486,486,0,0,0,0,2023-08-03,2023-09-08,449.5,0,0,29018635,13167465,0,100,
488,488,0,0,0,0,2023-08-03,2023-09-08,449.5,0,0,29018635,13167465,0,100,
490,490,0,0,0,0,2023-08-03,2023-09-08,449.5,0,0,29018635,13167465,0,100,
492,492,0,0,0,0,2023-08-03,2023-09-08,449.5,0,0,29018635,13167465,0,100,
494,494,0,0,0,0,2023-08-03,2023-09-08,449.5,0,0,29018635,13167465,0,100,
495,495,0,0,0,0,2023-08-03,2023-09-08,449.5,0,0,29018635,13167465,0,100,
496,496,0,0,0,0,2023-08-03,2023-09-08,449.5,0,0,29018635,13167465,0,100,
498,498,0,0,0,0,2023-08-03,2023-09-08,449.5,0,0,29018635,13167465,0,100,
500,500,0,0,0,0,2023-08-03,2023-09-08,449.5,0,0,29018635,13167465,0,100,
502,502,0,0,0,0,2023-08-03,2023-09-08,449.5,0,0,29018635,13167465,0,100,
504,504,0,0,0,0,2023-08-03,2023-09-08,449.5,0,0,29018635,13167465,0,100,
505,505,0,0,0,0,2023-08-03,2023-09-08,449.5,0,0,29018635,13167465,0,100,
506,506,0,0,0,0,2023-08-03,2023-09-08,449.5,0,0,29018635,13167465,0,100,
510,510,0,0,0,0,2023-08-03,2023-09-08,449.5,0,0,29018635,13167465,0,100,
515,515,0,0,0,0,2023-08-03,2023-09-08,449.5,0,0,29018635,13167465,0,100,
520,520,0,0,0,0,2023-08-03,2023-09-08,449.5,0,0,29018635,13167465,0,100,
525,525,0,0,0,0,2023-08-03,2023-09-08,449.5,0,0,29018635,13167465,0,100,
530,530,0,0,0,0,2023-08-03,2023-09-08,449.5,0,0,29018635,13167465,0,100,
540,540,0,0,0,0,2023-08-03,2023-09-08,449.5,0,0,29018635,13167465,0,100,
500.7,478,0,0,0,0,2023-08-03,2023-09-15,449.5,0,0,626670099,251558143,0,100,
513.7,482,0,0,0,0,2023-08-03,2023-09-15,449.5,0,0,626670099,251558143,0,100,
511.26,484,0,0,0,0,2023-08-03,2023-09-15,449.5,0,0,626670099,251558143,0,100,
513,485,0,0,0,0,2023-08-03,2023-09-15,449.5,0,0,626670099,251558143,0,100,
486,486,0,0,0,0,2023-08-03,2023-09-15,449.5,0,0,626670099,251558143,0,100,
488,488,0,0,0,0,2023-08-03,2023-09-15,449.5,0,0,626670099,251558143,0,100,
526.8,490,0,0,0,0,2023-08-03,2023-09-15,449.5,0,0,626670099,251558143,0,100,
533,492,0,0,0,0,2023-08-03,2023-09-15,449.5,0,0,626670099,251558143,0,100,
535.82,494,0,0,0,0,2023-08-03,2023-09-15,449.5,0,0,626670099,251558143,0,100,
496,496,0,0,0,0,2023-08-03,2023-09-15,449.5,0,0,626670099,251558143,0,100,
498,498,0,0,0,0,2023-08-03,2023-09-15,449.5,0,0,626670099,251558143,0,100,
502,502,0,0,0,0,2023-08-03,2023-09-15,449.5,0,0,626670099,251558143,0,100,
504,504,0,0,0,0,2023-08-03,2023-09-15,449.5,0,0,626670099,251558143,0,100,
563.97,505,0,0,0,0,2023-08-03,2023-09-15,449.5,0,0,626670099,251558143,0,100,
584.51,510,0,0,0,0,2023-08-03,2023-09-15,449.5,0,0,626670099,251558143,0,100,
588.54,515,0,0,0,0,2023-08-03,2023-09-15,449.5,0,0,626670099,251558143,0,100,
589.73,520,0,0,0,0,2023-08-03,2023-09-15,449.5,0,0,626670099,251558143,0,100,
595.28,525,0,0,0,0,2023-08-03,2023-09-15,449.5,0,0,626670099,251558143,0,100,
535,535,0,0,0,0,2023-08-03,2023-09-15,449.5,0,0,626670099,251558143,0,100,
540,540,0,0,0,0,2023-08-03,2023-09-15,449.5,0,0,626670099,251558143,0,100,
545,545,0,0,0,0,2023-08-03,2023-09-15,449.5,0,0,626670099,251558143,0,100,
646.54,550,0,0,0,0,2023-08-03,2023-09-15,449.5,0,0,626670099,251558143,0,100,
555,555,0,0,0,0,2023-08-03,2023-09-15,449.5,0,0,626670099,251558143,0,100,
560,560,0,0,0,0,2023-08-03,2023-09-15,449.5,0,0,626670099,251558143,0,100,
565,565,0,0,0,0,2023-08-03,2023-09-15,449.5,0,0,626670099,251558143,0,100,
570,570,0,0,0,0,2023-08-03,2023-09-15,449.5,0,0,626670099,251558143,0,100,
575,575,0,0,0,0,2023-08-03,2023-09-15,449.5,0,0,626670099,251558143,0,100,
580,580,0,0,0,0,2023-08-03,2023-09-15,449.5,0,0,626670099,251558143,0,100,
585,585,0,0,0,0,2023-08-03,2023-09-15,449.5,0,0,626670099,251558143,0,100,
590,590,0,0,0,0,2023-08-03,2023-09-15,449.5,0,0,626670099,251558143,0,100,
595,595,0,0,0,0,2023-08-03,2023-09-15,449.5,0,0,626670099,251558143,0,100,
779.68,600,0,0,0,0,2023-08-03,2023-09-15,449.5,0,0,626670099,251558143,0,100,
605,605,0,0,0,0,2023-08-03,2023-09-15,449.5,0,0,626670099,251558143,0,100,
610,610,0,0,0,0,2023-08-03,2023-09-15,449.5,0,0,626670099,251558143,0,100,
615,615,0,0,0,0,2023-08-03,2023-09-15,449.5,0,0,626670099,251558143,0,100,
620,620,0,0,0,0,2023-08-03,2023-09-15,449.5,0,0,626670099,251558143,0,100,
625,625,0,0,0,0,2023-08-03,2023-09-15,449.5,0,0,626670099,251558143,0,100,
630,630,0,0,0,0,2023-08-03,2023-09-15,449.5,0,0,626670099,251558143,0,100,
858.53,635,0,0,0,0,2023-08-03,2023-09-15,449.5,0,0,626670099,251558143,0,100,
640,640,0,0,0,0,2023-08-03,2023-09-15,449.5,0,0,626670099,251558143,0,100,
843.84,645,0,0,0,0,2023-08-03,2023-09-15,449.5,0,0,626670099,251558143,0,100,
850.45,650,0,0,0,0,2023-08-03,2023-09-15,449.5,0,0,626670099,251558143,0,100,
491.61,474,2,0,3522,0,2023-08-03,2023-09-29,449.5,-2,-3522,193848400,66967240,0,100,-Inf
494.44,475,1,0,1944,0,2023-08-03,2023-09-29,449.5,-1,-1944,193848400,66967240,0,100,-Inf
476,476,0,0,0,0,2023-08-03,2023-09-29,449.5,0,0,193848400,66967240,0,100,
477,477,0,0,0,0,2023-08-03,2023-09-29,449.5,0,0,193848400,66967240,0,100,
498.47,478,25,0,51175,0,2023-08-03,2023-09-29,449.5,-25,-51175,193848400,66967240,0,100,-Inf
503,479,0,0,0,0,2023-08-03,2023-09-29,449.5,0,0,193848400,66967240,0,100,
481,481,0,0,0,0,2023-08-03,2023-09-29,449.5,0,0,193848400,66967240,0,100,
482,482,0,0,0,0,2023-08-03,2023-09-29,449.5,0,0,193848400,66967240,0,100,
483,483,0,0,0,0,2023-08-03,2023-09-29,449.5,0,0,193848400,66967240,0,100,
512.41,484,0,0,0,0,2023-08-03,2023-09-29,449.5,0,0,193848400,66967240,0,100,
519.3,485,1,0,2969,0,2023-08-03,2023-09-29,449.5,-1,-2969,193848400,66967240,0,100,-Inf
486,486,0,0,0,0,2023-08-03,2023-09-29,449.5,0,0,193848400,66967240,0,100,
488,488,0,0,0,0,2023-08-03,2023-09-29,449.5,0,0,193848400,66967240,0,100,
529.2,490,1,0,3181,0,2023-08-03,2023-09-29,449.5,-1,-3181,193848400,66967240,0,100,-Inf
492,492,0,0,0,0,2023-08-03,2023-09-29,449.5,0,0,193848400,66967240,0,100,
494,494,0,0,0,0,2023-08-03,2023-09-29,449.5,0,0,193848400,66967240,0,100,
578.15,495,0,0,0,0,2023-08-03,2023-09-29,449.5,0,0,193848400,66967240,0,100,
496,496,0,0,0,0,2023-08-03,2023-09-29,449.5,0,0,193848400,66967240,0,100,
498,498,0,0,0,0,2023-08-03,2023-09-29,449.5,0,0,193848400,66967240,0,100,
545,500,0,0,0,0,2023-08-03,2023-09-29,449.5,0,0,193848400,66967240,0,100,
502,502,0,0,0,0,2023-08-03,2023-09-29,449.5,0,0,193848400,66967240,0,100,
504,504,0,0,0,0,2023-08-03,2023-09-29,449.5,0,0,193848400,66967240,0,100,
555.22,505,0,0,0,0,2023-08-03,2023-09-29,449.5,0,0,193848400,66967240,0,100,
510,510,0,0,0,0,2023-08-03,2023-09-29,449.5,0,0,193848400,66967240,0,100,
623,515,0,0,0,0,2023-08-03,2023-09-29,449.5,0,0,193848400,66967240,0,100,
604.95,520,0,0,0,0,2023-08-03,2023-09-29,449.5,0,0,193848400,66967240,0,100,
525,525,0,0,0,0,2023-08-03,2023-09-29,449.5,0,0,193848400,66967240,0,100,
530,530,0,0,0,0,2023-08-03,2023-09-29,449.5,0,0,193848400,66967240,0,100,
540,540,0,0,0,0,2023-08-03,2023-09-29,449.5,0,0,193848400,66967240,0,100,
550,550,0,0,0,0,2023-08-03,2023-09-29,449.5,0,0,193848400,66967240,0,100,
484,484,0,0,0,0,2023-08-03,2023-10-20,449.5,0,0,353205511,115804832,0,100,
515.42,486,0,0,0,0,2023-08-03,2023-10-20,449.5,0,0,353205511,115804832,0,100,
488,488,0,0,0,0,2023-08-03,2023-10-20,449.5,0,0,353205511,115804832,0,100,
492,492,0,0,0,0,2023-08-03,2023-10-20,449.5,0,0,353205511,115804832,0,100,
494,494,0,0,0,0,2023-08-03,2023-10-20,449.5,0,0,353205511,115804832,0,100,
496,496,0,0,0,0,2023-08-03,2023-10-20,449.5,0,0,353205511,115804832,0,100,
498,498,0,0,0,0,2023-08-03,2023-10-20,449.5,0,0,353205511,115804832,0,100,
547.45,500,0,0,0,0,2023-08-03,2023-10-20,449.5,0,0,353205511,115804832,0,100,
502,502,0,0,0,0,2023-08-03,2023-10-20,449.5,0,0,353205511,115804832,0,100,
556.74,504,0,0,0,0,2023-08-03,2023-10-20,449.5,0,0,353205511,115804832,0,100,
560.79,505,0,0,0,0,2023-08-03,2023-10-20,449.5,0,0,353205511,115804832,0,100,
506,506,0,0,0,0,2023-08-03,2023-10-20,449.5,0,0,353205511,115804832,0,100,
563.86,510,0,0,0,0,2023-08-03,2023-10-20,449.5,0,0,353205511,115804832,0,100,
592.14,515,0,0,0,0,2023-08-03,2023-10-20,449.5,0,0,353205511,115804832,0,100,
584.93,520,0,0,0,0,2023-08-03,2023-10-20,449.5,0,0,353205511,115804832,0,100,
525,525,0,0,0,0,2023-08-03,2023-10-20,449.5,0,0,353205511,115804832,0,100,
614.32,530,0,0,0,0,2023-08-03,2023-10-20,449.5,0,0,353205511,115804832,0,100,
631.16,535,0,0,0,0,2023-08-03,2023-10-20,449.5,0,0,353205511,115804832,0,100,
634.17,540,0,0,0,0,2023-08-03,2023-10-20,449.5,0,0,353205511,115804832,0,100,
633.71,545,0,0,0,0,2023-08-03,2023-10-20,449.5,0,0,353205511,115804832,0,100,
644.4,550,0,0,0,0,2023-08-03,2023-10-20,449.5,0,0,353205511,115804832,0,100,
659.41,555,0,0,0,0,2023-08-03,2023-10-20,449.5,0,0,353205511,115804832,0,100,
665.61,560,0,0,0,0,2023-08-03,2023-10-20,449.5,0,0,353205511,115804832,0,100,
711.16,565,0,0,0,0,2023-08-03,2023-10-20,449.5,0,0,353205511,115804832,0,100,
685.93,570,0,0,0,0,2023-08-03,2023-10-20,449.5,0,0,353205511,115804832,0,100,
575,575,0,0,0,0,2023-08-03,2023-10-20,449.5,0,0,353205511,115804832,0,100,
707.44,580,0,0,0,0,2023-08-03,2023-10-20,449.5,0,0,353205511,115804832,0,100,
725.45,590,0,0,0,0,2023-08-03,2023-10-20,449.5,0,0,353205511,115804832,0,100,
733.87,595,0,0,0,0,2023-08-03,2023-10-20,449.5,0,0,353205511,115804832,0,100,
749.63,600,1,0,14390,0,2023-08-03,2023-10-20,449.5,-1,-14390,353205511,115804832,0,100,-Inf
529.73,490,10,0,33000,0,2023-08-03,2023-11-17,449.5,-10,-33000,180589816,52417574,0,100,-Inf
547.74,500,0,0,0,0,2023-08-03,2023-11-17,449.5,0,0,180589816,52417574,0,100,
574.35,505,0,0,0,0,2023-08-03,2023-11-17,449.5,0,0,180589816,52417574,0,100,
510,510,0,0,0,0,2023-08-03,2023-11-17,449.5,0,0,180589816,52417574,0,100,
515,515,0,0,0,0,2023-08-03,2023-11-17,449.5,0,0,180589816,52417574,0,100,
520,520,0,0,0,0,2023-08-03,2023-11-17,449.5,0,0,180589816,52417574,0,100,
525,525,0,0,0,0,2023-08-03,2023-11-17,449.5,0,0,180589816,52417574,0,100,
530,530,0,0,0,0,2023-08-03,2023-11-17,449.5,0,0,180589816,52417574,0,100,
540,540,0,0,0,0,2023-08-03,2023-11-17,449.5,0,0,180589816,52417574,0,100,
550,550,0,0,0,0,2023-08-03,2023-11-17,449.5,0,0,180589816,52417574,0,100,
560,560,0,0,0,0,2023-08-03,2023-11-17,449.5,0,0,180589816,52417574,0,100,
474,474,0,0,0,0,2023-08-03,2023-12-15,449.5,0,0,461771571,103626287,0,100,
503.89,478,0,0,0,0,2023-08-03,2023-12-15,449.5,0,0,461771571,103626287,0,100,
479,479,0,0,0,0,2023-08-03,2023-12-15,449.5,0,0,461771571,103626287,0,100,
482,482,0,0,0,0,2023-08-03,2023-12-15,449.5,0,0,461771571,103626287,0,100,
483,483,0,0,0,0,2023-08-03,2023-12-15,449.5,0,0,461771571,103626287,0,100,
486,486,0,0,0,0,2023-08-03,2023-12-15,449.5,0,0,461771571,103626287,0,100,
487,487,0,0,0,0,2023-08-03,2023-12-15,449.5,0,0,461771571,103626287,0,100,
521.15,488,0,0,0,0,2023-08-03,2023-12-15,449.5,0,0,461771571,103626287,0,100,
491,491,0,0,0,0,2023-08-03,2023-12-15,449.5,0,0,461771571,103626287,0,100,
492,492,0,0,0,0,2023-08-03,2023-12-15,449.5,0,0,461771571,103626287,0,100,
493,493,0,0,0,0,2023-08-03,2023-12-15,449.5,0,0,461771571,103626287,0,100,
494,494,0,0,0,0,2023-08-03,2023-12-15,449.5,0,0,461771571,103626287,0,100,
535.78,495,0,0,0,0,2023-08-03,2023-12-15,449.5,0,0,461771571,103626287,0,100,
496,496,0,0,0,0,2023-08-03,2023-12-15,449.5,0,0,461771571,103626287,0,100,
497,497,0,0,0,0,2023-08-03,2023-12-15,449.5,0,0,461771571,103626287,0,100,
498,498,0,0,0,0,2023-08-03,2023-12-15,449.5,0,0,461771571,103626287,0,100,
499,499,0,0,0,0,2023-08-03,2023-12-15,449.5,0,0,461771571,103626287,0,100,
501,501,0,0,0,0,2023-08-03,2023-12-15,449.5,0,0,461771571,103626287,0,100,
584.63,505,0,0,0,0,2023-08-03,2023-12-15,449.5,0,0,461771571,103626287,0,100,
637.25,515,0,0,0,0,2023-08-03,2023-12-15,449.5,0,0,461771571,103626287,0,100,
649.53,520,0,0,0,0,2023-08-03,2023-12-15,449.5,0,0,461771571,103626287,0,100,
605.02,530,0,0,0,0,2023-08-03,2023-12-15,449.5,0,0,461771571,103626287,0,100,
636.89,535,0,0,0,0,2023-08-03,2023-12-15,449.5,0,0,461771571,103626287,0,100,
678.15,545,0,0,0,0,2023-08-03,2023-12-15,449.5,0,0,461771571,103626287,0,100,
645.15,550,0,0,0,0,2023-08-03,2023-12-15,449.5,0,0,461771571,103626287,0,100,
669.72,560,0,0,0,0,2023-08-03,2023-12-15,449.5,0,0,461771571,103626287,0,100,
565,565,0,0,0,0,2023-08-03,2023-12-15,449.5,0,0,461771571,103626287,0,100,
570,570,0,0,0,0,2023-08-03,2023-12-15,449.5,0,0,461771571,103626287,0,100,
575,575,0,0,0,0,2023-08-03,2023-12-15,449.5,0,0,461771571,103626287,0,100,
580,580,0,0,0,0,2023-08-03,2023-12-15,449.5,0,0,461771571,103626287,0,100,
585,585,0,0,0,0,2023-08-03,2023-12-15,449.5,0,0,461771571,103626287,0,100,
739.77,595,0,0,0,0,2023-08-03,2023-12-15,449.5,0,0,461771571,103626287,0,100,
746.92,600,0,0,0,0,2023-08-03,2023-12-15,449.5,0,0,461771571,103626287,0,100,
605,605,0,0,0,0,2023-08-03,2023-12-15,449.5,0,0,461771571,103626287,0,100,
610,610,0,0,0,0,2023-08-03,2023-12-15,449.5,0,0,461771571,103626287,0,100,
615,615,0,0,0,0,2023-08-03,2023-12-15,449.5,0,0,461771571,103626287,0,100,
620,620,0,0,0,0,2023-08-03,2023-12-15,449.5,0,0,461771571,103626287,0,100,
625,625,0,0,0,0,2023-08-03,2023-12-15,449.5,0,0,461771571,103626287,0,100,
630,630,0,0,0,0,2023-08-03,2023-12-15,449.5,0,0,461771571,103626287,0,100,
635,635,0,0,0,0,2023-08-03,2023-12-15,449.5,0,0,461771571,103626287,0,100,
640,640,0,0,0,0,2023-08-03,2023-12-15,449.5,0,0,461771571,103626287,0,100,
645,645,0,0,0,0,2023-08-03,2023-12-15,449.5,0,0,461771571,103626287,0,100,
650,650,0,0,0,0,2023-08-03,2023-12-15,449.5,0,0,461771571,103626287,0,100,
655,655,0,0,0,0,2023-08-03,2023-12-15,449.5,0,0,461771571,103626287,0,100,
660,660,0,0,0,0,2023-08-03,2023-12-15,449.5,0,0,461771571,103626287,0,100,
665,665,0,0,0,0,2023-08-03,2023-12-15,449.5,0,0,461771571,103626287,0,100,
670,670,0,0,0,0,2023-08-03,2023-12-15,449.5,0,0,461771571,103626287,0,100,
675,675,0,0,0,0,2023-08-03,2023-12-15,449.5,0,0,461771571,103626287,0,100,
680,680,0,0,0,0,2023-08-03,2023-12-15,449.5,0,0,461771571,103626287,0,100,
685,685,0,0,0,0,2023-08-03,2023-12-15,449.5,0,0,461771571,103626287,0,100,
690,690,0,0,0,0,2023-08-03,2023-12-15,449.5,0,0,461771571,103626287,0,100,
695,695,0,0,0,0,2023-08-03,2023-12-15,449.5,0,0,461771571,103626287,0,100,
944.77,700,0,0,0,0,2023-08-03,2023-12-15,449.5,0,0,461771571,103626287,0,100,
705,705,0,0,0,0,2023-08-03,2023-12-15,449.5,0,0,461771571,103626287,0,100,
710,710,0,0,0,0,2023-08-03,2023-12-15,449.5,0,0,461771571,103626287,0,100,
715,715,0,0,0,0,2023-08-03,2023-12-15,449.5,0,0,461771571,103626287,0,100,
