Watch,strike,open_interest.yt,open_interest.td,OI_Dollar.yt,OI_Dollar.td,Date.td,expiry,stkClose,diff_oi,diff_oi_d,totalOI,totalOIdiff,OI_pct,cum_sep_OI,pct
479.2,500,207573,209425,255314790,435604000,2024-08-06,2024-12-20,517.38,1852,180289210,1736044285,703482869,25.091756227866,25.091756227866,0.413883274717404
512.58,540,83741,81050,138675096,222239100,2024-08-06,2024-09-20,517.38,-2691,83564004,2879465219,1426353565,7.71806856820381,7.71806856820381,0.376009460081507
513.94,541,61281,61249,106690221,165739794,2024-08-06,2024-09-20,517.38,-32,59049573,2879465219,1426353565,5.75592276324002,13.4739913314438,0.356278788424221
506.92,530,67270,66309,85231090,153041172,2024-08-06,2024-09-20,517.38,-961,67810082,2879465219,1426353565,5.31491649873615,18.78890783018,0.44308391731344
501.42,520,74402,77619,72169940,144216102,2024-08-06,2024-09-20,517.38,3217,72046162,2879465219,1426353565,5.00843354690995,23.7973413770899,0.499570859292813
493.99,510,79458,84027,60944286,134527227,2024-08-06,2024-09-20,517.38,4569,73582941,2879465219,1426353565,4.67195179550457,28.4692931725945,0.546974338510672
507.79,520,111335,99434,46204025,121408914,2024-08-06,2024-08-16,517.38,-11901,75204889,1842365397,980146470,6.58983902963523,6.58983902963523,0.619434656997261
510,550,32570,30347,78493700,121388000,2024-08-06,2024-10-18,517.38,-2223,42894300,1031157015,459478397,11.7720190266077,11.7720190266077,0.353365242033809
470.27,480,124185,122539,42843825,119230447,2024-08-06,2024-09-20,517.38,-1646,76386622,2879465219,1426353565,4.14071495683518,32.6100081294297,0.640663722413118
516,555,30209,28317,68997356,110436300,2024-08-06,2024-08-16,517.38,-1892,41438944,1842365397,980146470,5.99426694508201,12.5841059747172,0.375229376572739
499.42,530,37706,35416,75562824,108302128,2024-08-06,2024-12-20,517.38,-2290,32739304,1736044285,703482869,6.23844270193833,31.3301989298044,0.302296036140675
486.48,500,86822,78288,49228074,105845376,2024-08-06,2024-09-20,517.38,-8534,56617302,2879465219,1426353565,3.67586923091082,36.2858773603405,0.534905766691216
516.75,540,46498,44102,55332620,102537150,2024-08-06,2024-08-16,517.38,-2396,47204530,1842365397,980146470,5.56551649129784,18.1496224660151,0.460365145705727
515,540,38368,35849,53715200,89622500,2024-08-06,2024-08-30,517.38,-2519,35907300,924143158,497753407,9.69790223778295,9.69790223778295,0.400650506290273
483.23,500,42805,49671,34886075,83298267,2024-08-06,2024-10-18,517.38,6866,48412192,1031157015,459478397,8.0781360925911,19.8501551191988,0.581190866791983
504.63,515,73605,75929,23259180,78738373,2024-08-06,2024-08-16,517.38,2324,55479193,1842365397,980146470,4.2737652980355,22.4233877640506,0.704601719418307
425.56,430,178487,176971,24274232,78575124,2024-08-06,2024-09-20,517.38,-1516,54300892,2879465219,1426353565,2.72880962345113,39.0146869837916,0.691069758922684
504.45,525,49286,38228,53426024,78558540,2024-08-06,2024-09-20,517.38,-11058,25132516,2879465219,1426353565,2.72823368317268,41.7429206669643,0.319920864109745
513.99,530,54482,48742,38409810,78035942,2024-08-06,2024-08-16,517.38,-5740,39626132,1842365397,980146470,4.23563871352931,26.6590264775799,0.507793344764134
515.22,535,39146,36413,36131758,72024914,2024-08-06,2024-08-16,517.38,-2733,35893156,1842365397,980146470,3.90937183890238,30.5683983164823,0.498343614821949
518.74,550,25540,22570,47708720,70553820,2024-08-06,2024-08-16,517.38,-2970,22845100,1842365397,980146470,3.82952372612326,34.3979220426055,0.323796783788603
512.65,545,23369,21809,44284255,70552115,2024-08-06,2024-09-20,517.38,-1560,26267860,2879465219,1426353565,2.45018118414717,44.1931018511115,0.372318533611643
490.9,505,51070,49994,33195500,70491540,2024-08-06,2024-09-20,517.38,-1076,37296040,2879465219,1426353565,2.44807749490653,46.641179346018,0.529085334211737
478.58,490,57015,61154,25371675,69837868,2024-08-06,2024-09-20,517.38,4139,44466193,2879465219,1426353565,2.4253763351326,49.0665556811506,0.63670604893036
493.51,500,95104,104185,13790080,67616065,2024-08-06,2024-08-16,517.38,9081,53825985,1842365397,980146470,3.67006811515794,38.0679901577635,0.796053201262156
466.06,475,75436,75464,23611468,67464816,2024-08-06,2024-09-20,517.38,28,43853348,2879465219,1426353565,2.34296339316193,51.4095190743125,0.6500180479259
495.55,520,25692,26558,38229696,64934310,2024-08-06,2024-11-15,517.38,866,26704614,494062088,201815377,13.1429453052872,13.1429453052872,0.411255836860359
473.36,480,95510,95554,17478330,63447856,2024-08-06,2024-08-30,517.38,44,45969526,924143158,497753407,6.86558737688561,16.5634896146686,0.724524497722981
501.01,510,43764,70554,10415832,63428046,2024-08-06,2024-08-16,517.38,26790,53012214,1842365397,980146470,3.44275061305876,41.5107407708222,0.835785072111476
497.6,515,38625,35830,31556625,62344200,2024-08-06,2024-09-20,517.38,-2795,30787575,2879465219,1426353565,2.16513120521912,53.5746502795317,0.493832224970406
448.42,455,93427,93909,19806524,61792122,2024-08-06,2024-09-20,517.38,482,41985598,2879465219,1426353565,2.14595827003806,55.7206085495697,0.679465223738392
472.16,490,32998,34564,34713896,61662176,2024-08-06,2024-12-20,517.38,1566,26948280,1736044285,703482869,3.55187805592183,34.8820769857262,0.437030960438373
507.75,522,46305,43244,21115080,61622700,2024-08-06,2024-08-16,517.38,-3061,40507620,1842365397,980146470,3.34475995371726,44.8555007245395,0.657348996392563
395.65,400,139447,140969,21335391,61321515,2024-08-06,2024-10-18,517.38,1522,39986124,1031157015,459478397,5.94686493986563,25.7970200590644,0.652073322063227
518.38,545,23300,22886,34507300,60922532,2024-08-06,2024-08-16,517.38,-414,26415232,1842365397,980146470,3.30675620043682,48.1622569249763,0.43358723173226
460.37,475,41215,40969,35321255,59937647,2024-08-06,2024-12-20,517.38,-246,24616392,1736044285,703482869,3.45254136186969,38.3346183475959,0.410700006291538
481.77,505,27678,25680,38223318,59654640,2024-08-06,2024-12-20,517.38,-1998,21431322,1736044285,703482869,3.43623953118224,41.7708578787781,0.359256580879543
474.5,485,61798,54879,24163018,57622950,2024-08-06,2024-09-20,517.38,-6919,33459932,2879465219,1426353565,2.00116846766469,57.7217770172344,0.580670236424897
516.02,547,17313,17302,28289442,53601596,2024-08-06,2024-08-16,517.38,-11,25312154,1842365397,980146470,2.90939007469863,51.071646999675,0.472227617998539
501.47,522,25975,25941,28104950,53256873,2024-08-06,2024-09-20,517.38,-34,25151923,2879465219,1426353565,1.84954041634493,59.5713174335793,0.472275625345108
492.27,520,17951,18345,30714161,50870685,2024-08-06,2024-12-20,517.38,394,20156524,1736044285,703482869,2.93026424726256,44.7011221260407,0.396230638529833
503.37,540,14157,13872,34826220,50813136,2024-08-06,2024-12-20,517.38,-285,15986916,1736044285,703482869,2.92694929726404,47.6280714233047,0.314621715140746
517,540,23103,21748,29941488,50020400,2024-08-06,2024-08-23,517.38,-1355,20078912,319007115,143080978,15.680026447059,15.680026447059,0.401414462899137
512.32,527,34664,33330,21110376,48928440,2024-08-06,2024-08-16,517.38,-1334,27818064,1842365397,980146470,2.6557402825559,53.7273872822309,0.568545900911617
487.38,505,30780,27549,27763560,48541338,2024-08-06,2024-10-18,517.38,-3231,20777778,1031157015,459478397,4.70746329549045,30.5044833545549,0.428042960002462
510.45,550,12187,12101,36426943,47859455,2024-08-06,2024-12-20,517.38,-86,11432512,1736044285,703482869,2.75681072271725,50.384882146022,0.238876769491002
483.41,495,40974,40631,20527974,47091329,2024-08-06,2024-09-20,517.38,-343,26563355,2879465219,1426353565,1.63541926776091,61.2067367013402,0.564081659279567
474.02,490,29000,29067,24853000,46449066,2024-08-06,2024-11-15,517.38,67,21596066,494062088,201815377,9.40146332377561,22.5444086290628,0.464940802038947
517.84,555,12397,12455,31054485,46282780,2024-08-06,2024-09-20,517.38,58,15228295,2879465219,1426353565,1.60733943562178,62.814076136962,0.329027232158483
495.35,525,16263,15609,30037761,46280685,2024-08-06,2024-12-20,517.38,-654,16242924,1736044285,703482869,2.6658700702442,53.0507522162662,0.350965505372274
464.2,480,28078,28723,25157888,45382340,2024-08-06,2024-12-20,517.38,645,20224452,1736044285,703482869,2.6141234064199,55.6648756226861,0.445645861363693
442.09,450,58391,57060,18801902,45134460,2024-08-06,2024-10-18,517.38,-1331,26332558,1031157015,459478397,4.37706957751725,34.8815529320721,0.583424682603935
500.22,535,13338,12950,29356938,45040100,2024-08-06,2024-12-20,517.38,-388,15683162,1736044285,703482869,2.59440962360013,58.2592852462862,0.348204422281478
505.82,517,34879,39674,12172771,44355532,2024-08-06,2024-08-16,517.38,4795,32182761,1842365397,980146470,2.40753175630773,56.1349190385386,0.725563634317361
462.12,470,49619,56167,14091796,44259596,2024-08-06,2024-09-20,517.38,6548,30167800,2879465219,1426353565,1.53707694428658,64.3511530812486,0.681610378910824
393.93,400,73411,72689,21949889,44122223,2024-08-06,2024-12-20,517.38,-722,22172334,1736044285,703482869,2.54153787326917,60.8008231195554,0.502520781874476
427.16,430,152616,152829,11140968,43403436,2024-08-06,2024-08-30,517.38,213,32262468,924143158,497753407,4.69661389842806,21.2601035130966,0.743315990005953
509.99,535,17396,17108,25050240,42787108,2024-08-06,2024-09-20,517.38,-288,17736868,2879465219,1426353565,1.48593939310923,65.8370924743578,0.414537668682819
511.11,560,8708,8677,29520120,42421853,2024-08-06,2024-12-20,517.38,-31,12901733,1736044285,703482869,2.44359279118274,63.2444159107381,0.304129407077055
401.95,405,136471,136689,13237687,41690145,2024-08-06,2024-09-20,517.38,218,28452458,2879465219,1426353565,1.447843326077,67.2849358004348,0.682474431307447
516.66,550,12606,12482,27493686,41614988,2024-08-06,2024-09-20,517.38,-124,14121302,2879465219,1426353565,1.44523322335709,68.7301690237919,0.339332117553416
509.28,540,14279,13350,27287169,41011200,2024-08-06,2024-10-18,517.38,-929,13724031,1031157015,459478397,3.97720224984359,38.8587551819157,0.334641049274345
498.25,520,18920,18771,23441880,40826925,2024-08-06,2024-10-18,517.38,-149,17385045,1031157015,459478397,3.95933154758201,42.8180867294977,0.425823032226894
509.85,533,17490,17495,23978790,40500925,2024-08-06,2024-09-20,517.38,5,16522135,2879465219,1426353565,1.40654329605222,70.1367123198441,0.407944633363312
510.85,525,37516,28415,20558768,40207225,2024-08-06,2024-08-16,517.38,-9101,19648457,1842365397,980146470,2.18236974410565,58.3172887826443,0.488679758426502
480.5,500,21193,20296,21913562,39577200,2024-08-06,2024-11-15,517.38,-897,17663638,494062088,201815377,8.01057214493252,30.5549807739954,0.446308430106223
518.94,570,5346,7306,19994040,37304436,2024-08-06,2024-09-20,517.38,1960,17310396,2879465219,1426353565,1.29553348148985,71.432245801334,0.464030497606237
487,510,15555,15474,22461420,35590200,2024-08-06,2024-12-20,517.38,-81,13128780,1736044285,703482869,2.05007443113699,65.2944903418751,0.368887502739518
509.86,545,10051,10029,21519191,35241906,2024-08-06,2024-10-18,517.38,-22,13722715,1031157015,459478397,3.41770511060335,46.2357918401011,0.389386289152465
505,545,8888,8657,23384328,34628000,2024-08-06,2024-12-20,517.38,-231,11243672,1736044285,703482869,1.9946495777324,67.2891399196075,0.324698856416773
518.69,560,8095,8051,23362170,33258681,2024-08-06,2024-09-20,517.38,-44,9896511,2879465219,1426353565,1.15502978749472,72.5872755888287,0.297561740346829
442.76,455,26491,27169,16795294,33254856,2024-08-06,2024-12-20,517.38,678,16459562,1736044285,703482869,1.91555343877648,69.204693358384,0.49495213571215
452.86,460,42514,45759,9863248,32671926,2024-08-06,2024-09-20,517.38,3245,22808678,2879465219,1426353565,1.13465256619236,73.7219281550211,0.698112440631752
439.06,450,31845,29827,18310875,32630738,2024-08-06,2024-12-20,517.38,-2018,14319863,1736044285,703482869,1.87960285817248,71.0842962165565,0.438845820771813
507.64,525,20746,18643,16804260,32364248,2024-08-06,2024-08-30,517.38,-2103,15559988,924143158,497753407,3.50208165475592,24.7621851678525,0.480777059921182
497.91,516,17646,17549,15369666,31746141,2024-08-06,2024-09-20,517.38,-97,16376475,2879465219,1426353565,1.10250128358991,74.824429438611,0.51585718717749
485.59,505,16217,16197,18552248,31438377,2024-08-06,2024-11-15,517.38,-20,12886129,494062088,201815377,6.36324416780589,36.9182249418012,0.409885313099973
519.47,545,12007,11506,16449590,29374818,2024-08-06,2024-08-09,517.38,-501,12925228,330068330,159948781,8.89961723986061,8.89961723986061,0.440010487894768
510.23,525,19725,19492,13511625,28789684,2024-08-06,2024-08-23,517.38,-233,15278059,319007115,143080978,9.02477802101687,24.7048044680759,0.530678245721627
505.46,526,13877,13929,15792026,28610166,2024-08-06,2024-09-20,517.38,52,12818140,2879465219,1426353565,0.993593039819246,75.8180224784302,0.448027459889607
501.89,530,10359,10165,18729072,28573815,2024-08-06,2024-11-15,517.38,-194,9844743.00000001,494062088,201815377,5.78344618905468,42.7016711308559,0.344537227528071
513.86,555,6919,6916,22175395,28452424,2024-08-06,2024-12-20,517.38,-3,6277029,1736044285,703482869,1.63892270755063,72.7232189241071,0.220614911404385
491.82,510,15069,15617,15129276,28391706,2024-08-06,2024-10-18,517.38,548,13262430,1031157015,459478397,2.75338339234399,48.9891752324451,0.467123391598941
443.84,450,40546,44682,7825378,27524112,2024-08-06,2024-09-20,517.38,4136,19698734,2879465219,1426353565,0.95587582785802,76.7738983062883,0.715690082935282
476.6,490,20504,20502,13553144,27472680,2024-08-06,2024-10-18,517.38,-2,13919536,1031157015,459478397,2.66425768339461,51.6534329158397,0.506668297377613
497.31,510,24727,21309,11572236,27041121,2024-08-06,2024-08-30,517.38,-3418,15468885,924143158,497753407,2.92607490148188,27.6882600693344,0.572050433855904
467.1,470,90200,91261,4690400,26465690,2024-08-06,2024-08-16,517.38,1061,21775290,1842365397,980146470,1.43650602877666,59.7537948114209,0.822774316482964
446.86,460,19750,19839,13054750,26068446,2024-08-06,2024-12-20,517.38,89,13013696,1736044285,703482869,1.50160028895807,74.2248192130652,0.499212572932042
501.06,519,14236,14436,13396076,25898184,2024-08-06,2024-09-20,517.38,200,12502108,2879465219,1426353565,0.899409509415575,77.6733078157038,0.482740720353211
510.63,530,16731,13306,16329456,25773722,2024-08-06,2024-08-30,517.38,-3425,9444266,924143158,497753407,2.78893175552786,30.4771918248623,0.366430040643722
517.19,555,6832,6806,18651360,25733486,2024-08-06,2024-10-18,517.38,-26,7082126,1031157015,459478397,2.49559336024107,54.1490262760808,0.275210517533458
516.45,553,6863,6843,15476065,25011165,2024-08-06,2024-08-16,517.38,-20,9535100,1842365397,980146470,1.35755724899777,61.1113520604187,0.381233741011264
505,520,17688,16635,11621016,24952500,2024-08-06,2024-08-30,517.38,-1053,13331484,924143158,497753407,2.70006868351451,33.1772605083768,0.534274481514878
507.08,540,7569,7494,16470144,24670248,2024-08-06,2024-11-15,517.38,-75,8200104,494062088,201815377,4.99334974271493,47.6950208735709,0.332388389447889
490.36,504,25213,18009,16085894,24564276,2024-08-06,2024-09-20,517.38,-7204,8478382,2879465219,1426353565,0.853084657453541,78.5263924731574,0.345150901251883
504.43,530,10091,9561,15590595,24447477,2024-08-06,2024-10-18,517.38,-530,8856882,1031157015,459478397,2.37087821198598,56.5199044880667,0.362282046527746
502.61,535,7490,7516,14785260,24344324,2024-08-06,2024-11-15,517.38,26,9559064,494062088,201815377,4.92738151566084,52.6224023892317,0.392660892945723
460.4,465,52066,51727,6664448,23794420,2024-08-06,2024-08-30,517.38,-339,17129972,924143158,497753407,2.57475476542997,35.7520152738067,0.719915509602672
509.5,523,18817,17611,9145062,23774850,2024-08-06,2024-08-16,517.38,-1206,14629788,1842365397,980146470,1.29045248237475,62.4018045427934,0.615347226165465
490.27,500,25473,24098,8457036,23447354,2024-08-06,2024-08-30,517.38,-1375,14990318,924143158,497753407,2.53719932859147,38.2892146023982,0.639318108132798
500.26,518,12397,13145,11368049,23319230,2024-08-06,2024-09-20,517.38,748,11951181,2879465219,1426353565,0.809845864646299,79.3362383378037,0.51250324303161
474.85,495,11537,11555,13544438,23283325,2024-08-06,2024-12-20,517.38,18,9738887,1736044285,703482869,1.34117114414509,75.5659903572103,0.418277329376281
495.45,514,12458,12512,10178186,23209760,2024-08-06,2024-09-20,517.38,54,13031574,2879465219,1426353565,0.806044117041304,80.142282454845,0.561469571421678
510.05,550,5819,5760,15973155,23011200,2024-08-06,2024-11-15,517.38,-59,7038045.00000001,494062088,201815377,4.65755227104169,57.2799546602734,0.305853019399249
515.54,554,5983,5956,13898509,22906776,2024-08-06,2024-08-16,517.38,-27,9008267,1842365397,980146470,1.24333511893461,63.645139661728,0.393257741726728
412.81,415,104096,104355,5204800,22853745,2024-08-06,2024-08-30,517.38,259,17648945,924143158,497753407,2.47296588219723,40.7621804845954,0.772256144452474
506.7,545,5969,5926,14313662,22696580,2024-08-06,2024-11-15,517.38,-43,8382918,494062088,201815377,4.59387201553502,61.8738266758084,0.369347187990437
517.44,556,5239,5872,13479947,22642432,2024-08-06,2024-09-20,517.38,633,9162485,2879465219,1426353565,0.786341569628801,80.9286240244738,0.404659932289959
515.03,544,7662,7660,16228116,22191020,2024-08-06,2024-10-18,517.38,-2,5962904,1031157015,459478397,2.15205052937549,58.6719550174422,0.268707972864699
518.13,540,12425,10127,12797750,22147749,2024-08-06,2024-08-09,517.38,-2298,9349999,330068330,159948781,6.7100497039507,15.6096669438113,0.42216475362801
497.44,525,7325,8001,11917775,22050756,2024-08-06,2024-11-15,517.38,676,10132981,494062088,201815377,4.46315484138099,66.3369815171894,0.459529868272997
512.11,530,12449,12101,10706140,21648689,2024-08-06,2024-08-23,517.38,-348,10942549,319007115,143080978,6.78627152250194,31.4910759905778,0.505460122781569
476.35,480,59685,59231,4118265,21619315,2024-08-06,2024-08-16,517.38,-454,17501050,1842365397,980146470,1.17345424719785,64.8185939089259,0.80950992203037
429.94,440,22162,21376,11302620,21504256,2024-08-06,2024-12-20,517.38,-786,10201636,1736044285,703482869,1.23869282516604,76.8046831823763,0.474400788383472
515.14,565,4291,4267,14186046,21275262,2024-08-06,2024-09-20,517.38,-24,7089216,2879465219,1426353565,0.738861572614814,81.6674855970886,0.333214039855302
513.95,555,5004,5004,14646708,20541420,2024-08-06,2024-11-15,517.38,0,5894712,494062088,201815377,4.15765963406607,70.4946411512555,0.286967113276492
516.02,548,6642,6416,11304684,20518368,2024-08-06,2024-08-16,517.38,-226,9213684,1842365397,980146470,1.11369699156372,65.9322909004896,0.449045655093037
505.3,536,6606,6672,12445704,20483040,2024-08-06,2024-10-18,517.38,66,8037336,1031157015,459478397,1.98641329128717,60.6583683087294,0.392389801513838
517.47,560,5158,4755,15644214,20223015,2024-08-06,2024-10-18,517.38,-403,4578801,1031157015,459478397,1.96119647210081,62.6195647808302,0.226415349046619
519.21,568,4145,4143,15311630,20213697,2024-08-06,2024-10-18,517.38,-2,4902067,1031157015,459478397,1.96029282698523,64.5798576078154,0.242512144116932
514.99,545,7489,6689,12506630,20073689,2024-08-06,2024-08-30,517.38,-800,7567059,924143158,497753407,2.17214062845445,42.9343211130499,0.376964044825044
517.13,561,4344,4488,14200536,19688856,2024-08-06,2024-10-18,517.38,144,5488320,1031157015,459478397,1.90939456490048,66.4892521727159,0.27875261010594
456.14,470,14051,14178,10805219,19650708,2024-08-06,2024-12-20,517.38,127,8845489,1736044285,703482869,1.131924350651,77.9366075330273,0.45013589332252
434.91,440,37483,38035,6147212,19359815,2024-08-06,2024-09-20,517.38,552,13212603,2879465219,1426353565,0.672340644097914,82.3398262411865,0.682475684814137
448.02,450,90487,96020,3348019,19011960,2024-08-06,2024-08-16,517.38,5533,15663941,1842365397,980146470,1.03193210374869,66.9642230042383,0.823899324425257
507.2,521,13785,13775,6092970,19009500,2024-08-06,2024-08-16,517.38,-10,12916530,1842365397,980146470,1.03179857974721,67.9960215839855,0.679477629606249
515.5,530,16772,13108,8369228,19006600,2024-08-06,2024-08-09,517.38,-3664,10637372,330068330,159948781,5.75838342321422,21.3680503670255,0.559667273473425
412.1,420,24571,24050,9214125,18999500,2024-08-06,2024-12-20,517.38,-521,9785375,1736044285,703482869,1.09441332598264,79.0310208590099,0.515033290349746
517.56,550,5981,5834,11902190,18925496,2024-08-06,2024-08-30,517.38,-147,7023306,924143158,497753407,2.04789656625906,44.982217679309,0.371102876246942
500,525,8023,7543,11119878,18857500,2024-08-06,2024-10-18,517.38,-480,7737622,1031157015,459478397,1.8287709558956,68.3180231286115,0.410320668169164
377.73,380,81238,80669,5280470,18311863,2024-08-06,2024-09-20,517.38,-569,13031393,2879465219,1426353565,0.635946663955867,82.9757729051424,0.711636658705889
506.15,537,5917,5918,11041122,18257030,2024-08-06,2024-10-18,517.38,1,7215908,1031157015,459478397,1.77053831127745,70.088561439889,0.395239970575718
505.87,532,6959,6945,9318101,18147285,2024-08-06,2024-09-20,517.38,-14,8829184,2879465219,1426353565,0.630231088754123,83.6060039938965,0.48652919706722
518.31,546,6565,6475,10523695,17929275,2024-08-06,2024-08-16,517.38,-90,7405580,1842365397,980146470,0.973166073852395,68.9691876578379,0.413044029945438
514.19,547,5428,5414,10166644,17763334,2024-08-06,2024-08-30,517.38,-14,7596690,924143158,497753407,1.9221409417176,46.9043586210266,0.42766127124559
489.39,495,27031,31468,3108565,17653548,2024-08-06,2024-08-16,517.38,4437,14544983,1842365397,980146470,0.958200150130154,69.9273878079681,0.823912734142734
434.05,445,15835,15874,8376715,17382030,2024-08-06,2024-12-20,517.38,39,9005315,1736044285,703482869,1.00124346770336,80.0322643267133,0.518081892621288
457.33,465,21450,22549,5469750,17295083,2024-08-06,2024-09-20,517.38,1099,11825333,2879465219,1426353565,0.600635245943563,84.2066392398401,0.683739592345408
507.41,535,6436,6241,11011996,17218919,2024-08-06,2024-10-18,517.38,-195,6206923,1031157015,459478397,1.66986392465167,71.7584253645406,0.360471119005787
485.47,490,38862,37960,3730752,17195880,2024-08-06,2024-08-16,517.38,-902,13465128,1842365397,980146470,0.933358823825109,70.8607466317932,0.78304384538622
501.27,515,12401,12485,6907357,17141905,2024-08-06,2024-08-30,517.38,84,10234548,924143158,497753407,1.85489713921574,48.7592557602423,0.597048461066608
495.4,515,8985,8743,10018275,17136280,2024-08-06,2024-10-18,517.38,-242,7118005,1031157015,459478397,1.66184972324511,73.4202750877857,0.415376324383122
515.25,549,5096,5045,9651824,17026875,2024-08-06,2024-08-16,517.38,-51,7375051,1842365397,980146470,0.924185562089125,71.7849321938823,0.433141783210366
503.26,515,14429,14433,6319902,16944342,2024-08-06,2024-08-23,517.38,4,10624440,319007115,143080978,5.31158748606595,36.8026634766438,0.627019922048316
512.15,548,4693,4695,9681659,16831575,2024-08-06,2024-09-20,517.38,2,7149916,2879465219,1426353565,0.584538229145389,84.7911774689854,0.424791856971198
430.37,435,36314,36313,5410786,16812919,2024-08-06,2024-09-20,517.38,-1,11402133,2879465219,1426353565,0.583890331060811,85.3750678000463,0.678176882907721
416.25,425,19058,19104,8385520,16716000,2024-08-06,2024-12-20,517.38,46,8330480,1736044285,703482869,0.962878662971434,80.9951429896847,0.498353673127542
514,560,3593,3595,12126375,16537000,2024-08-06,2024-11-15,517.38,2,4410625,494062088,201815377,3.34715016627627,73.8417913175318,0.266712523432303
517.52,563,3463,3622,11431363,16472856,2024-08-06,2024-10-18,517.38,159,5041493,1031157015,459478397,1.59751189783643,75.0177869856222,0.306048507921152
425.3,435,13245,16880,6238395,16373600,2024-08-06,2024-12-20,517.38,3635,10135205,1736044285,703482869,0.943155663796906,81.9382986534816,0.618996738652465
495.04,502,23121,23396,4624200,16283616,2024-08-06,2024-08-16,517.38,275,11659416,1842365397,980146470,0.883842913382725,72.668775107265,0.716021306324099
489.2,515,5615,6308,8787475,16274640,2024-08-06,2024-12-20,517.38,693,7487165,1736044285,703482869,0.937455348381277,82.8757540018629,0.460051036459178
515.69,536,8184,7955,8830536,16156605,2024-08-06,2024-08-16,517.38,-229,7326069,1842365397,980146470,0.876949004052533,73.5457241113176,0.453441115877996
517.55,541,6925,6878,8538525,16128910,2024-08-06,2024-08-16,517.38,-47,7590385,1842365397,980146470,0.875445773474869,74.4211698847924,0.470607437204374
482.42,490,18261,21040,4382640,15948320,2024-08-06,2024-08-30,517.38,2779,11565680,924143158,497753407,1.72574128390615,50.4849970441484,0.725197387561825
507.4,527,8151,8083,7091370,15842680,2024-08-06,2024-08-30,517.38,-68,8751310,924143158,497753407,1.71431015453127,52.1993071986797,0.552388232294031
439.64,445,27311,29265,5325645,15686040,2024-08-06,2024-09-20,517.38,1954,10360395,2879465219,1426353565,0.544755321109506,85.9198231211557,0.66048505550158
471.33,485,10480,11453,6193680,15656251,2024-08-06,2024-10-18,517.38,973,9462571,1031157015,459478397,1.51831881781845,76.5361058034406,0.604395713890893
451.1,465,9782,11256,7170206,15645840,2024-08-06,2024-12-20,517.38,1474,8475634,1736044285,703482869,0.901235074196278,83.7769890760592,0.541718054128126
513.66,525,15910,13786,5329850,15633324,2024-08-06,2024-08-09,517.38,-2124,10303474,330068330,159948781,4.73639018926778,26.1044405562933,0.659071225031862
506.54,518,16229,13393,5923585,15348378,2024-08-06,2024-08-16,517.38,-2836,9424793,1842365397,980146470,0.833080019033814,75.2542499038262,0.614057915435755
518.76,551,4716,4710,9219780,15185040,2024-08-06,2024-08-16,517.38,-6,5965260,1842365397,980146470,0.824214351003684,76.0784642548299,0.39283795103602
514,535,10676,7195,12426864,15109500,2024-08-06,2024-08-30,517.38,-3481,2682636,924143158,497753407,1.63497396146929,53.834281160149,0.177546311922962
452.47,465,9149,11898,5269824,14908194,2024-08-06,2024-11-15,517.38,2749,9638370,494062088,201815377,3.01747378762647,76.8592651051582,0.646514929977434
516.83,552,4243,4209,9351572,14803053,2024-08-06,2024-08-16,517.38,-34,5451481,1842365397,980146470,0.803480841753999,76.8819450965839,0.368267343229805
466.9,485,5421,8171,5274633,14789510,2024-08-06,2024-12-20,517.38,2750,9514877,1736044285,703482869,0.851908567528276,84.6288976435875,0.643353092834043
514.97,548,4320,4471,7970400,14767713,2024-08-06,2024-08-30,517.38,151,6797313,924143158,497753407,1.59798975647451,55.4322709166235,0.460282035546059
516.54,555,3840,3835,9077760,14749410,2024-08-06,2024-08-30,517.38,-5,5671650,924143158,497753407,1.59600921916905,57.0282801357926,0.384534025428814
518.6,552,4321,4400,9255582,14696000,2024-08-06,2024-08-30,517.38,79,5440418,924143158,497753407,1.59022981155913,58.6185099473517,0.370197196516059
514.98,539,6097,6083,6749379,14611366,2024-08-06,2024-08-16,517.38,-14,7861987,1842365397,980146470,0.793076445301909,77.6750215418858,0.538073373837874
518.36,542,6364,6152,8235016,14543328,2024-08-06,2024-08-16,517.38,-212,6308312,1842365397,980146470,0.789383475377985,78.4644050172638,0.433759865692364
500.62,528,5334,5224,7824978,14303312,2024-08-06,2024-10-18,517.38,-110,6478334,1031157015,459478397,1.38711290249041,77.923218705931,0.452925448315747
514.54,532,8555,8164,6724230,14254344,2024-08-06,2024-08-16,517.38,-391,7530114,1842365397,980146470,0.773697987555071,79.2381030048189,0.528268014297957
515.95,549,4283,4287,9525392,14168535,2024-08-06,2024-09-20,517.38,4,4643143,2879465219,1426353565,0.492054389353609,86.4118775105094,0.327708051679302
418.82,420,119523,119347,2509983,14082946,2024-08-06,2024-08-16,517.38,-176,11572963,1842365397,980146470,0.764394838446914,80.0024978432658,0.821771453217246
511.22,528,9164,8219,5910780,13791482,2024-08-06,2024-08-16,517.38,-945,7880702,1842365397,980146470,0.748574741061531,80.7510725843273,0.57141806805099
518.22,570,2648,2646,11254000,13700988,2024-08-06,2024-12-20,517.38,-2,2446988,1736044285,703482869,0.789207286840612,85.4181049304281,0.178599382759842
374.77,380,26335,26133,6241395,13667559,2024-08-06,2024-12-20,517.38,-202,7426164,1736044285,703482869,0.787281702321321,86.2053866327494,0.54334237737697
514.18,528,9840,9886,4182000,13662452,2024-08-06,2024-08-09,517.38,46,9480452,330068330,159948781,4.13927988789473,30.243720444188,0.693905603474398
518.54,543,5605,5550,7583565,13575300,2024-08-06,2024-08-16,517.38,-55,5991735,1842365397,980146470,0.736840803789803,81.4879133881171,0.441370356456211
504.79,529,5574,5543,6833724,13419603,2024-08-06,2024-09-20,517.38,-31,6585879,2879465219,1426353565,0.466044976388374,86.8779224868977,0.49076556139552
517.25,535,12628,7502,9281580,13316050,2024-08-06,2024-08-09,517.38,-5126,4034470,330068330,159948781,4.03433131557941,34.2780517597674,0.302977985213333
516.34,538,6117,6056,6551307,13117296,2024-08-06,2024-08-16,517.38,-61,6565989,1842365397,980146470,0.711981240060166,82.1998946281773,0.500559642780036
507.47,528,6528,6334,5940480,13003702,2024-08-06,2024-08-30,517.38,-194,7063222,924143158,497753407,1.4071090487909,60.0256189961426,0.543170091101749
347.5,350,52077,51884,4166160,12971000,2024-08-06,2024-10-18,517.38,-193,8804840,1031157015,459478397,1.25790736147007,79.1811260674011,0.678809652301288
505.38,543,3446,3446,8353104,12963852,2024-08-06,2024-12-20,517.38,0,4610748,1736044285,703482869,0.746746618851373,86.9521332516008,0.355661881977671
514.12,556,3094,3095,8536346,12961860,2024-08-06,2024-10-18,517.38,1,4425514,1031157015,459478397,1.25702097851703,80.4381470459181,0.34142584474759
515.99,565,2847,2619,9400794,12835719,2024-08-06,2024-09-13,517.38,-228,3434925,26808473,6971441,47.8793365067828,47.8793365067828,0.267606746454951
497.78,505,16776,17770,3070008,12829940,2024-08-06,2024-08-16,517.38,994,9759932,1842365397,980146470,0.696384116901649,82.8962787450789,0.760715326805893
515.52,533,7791,7251,6536649,12674748,2024-08-06,2024-08-16,517.38,-540,6138099,1842365397,980146470,0.687960597861793,83.5842393429407,0.48427779392537
489.11,510,6493,6001,8109757,12536089,2024-08-06,2024-11-15,517.38,-492,4426332,494062088,201815377,2.53735093310782,79.396616038266,0.353087155013019
510.88,520,13115,13515,2754150,12325680,2024-08-06,2024-08-09,517.38,400,9571530,330068330,159948781,3.73428132290062,38.0123330826681,0.776551881924567
509.1,531,6884,5612,6870232,12290280,2024-08-06,2024-08-30,517.38,-1272,5420048,924143158,497753407,1.32991083617372,61.3555298323163,0.441002808723642
517.12,547,4117,4089,6253723,12217932,2024-08-06,2024-08-09,517.38,-28,5964209,330068330,159948781,3.70163717312715,41.7139702557952,0.488152086621533
516.02,543,4559,4497,5589334,12132906,2024-08-06,2024-08-09,517.38,-62,6543572,330068330,159948781,3.67587705248789,45.3898473082831,0.539324379501498
471.72,475,32254,36592,1870732,12002176,2024-08-06,2024-08-16,517.38,4338,10131444,1842365397,980146470,0.651454701632132,84.2356940445729,0.844133930380624
518.63,551,3796,3690,7838740,11944530,2024-08-06,2024-08-30,517.38,-106,4105790,924143158,497753407,1.29249780151486,62.6480276338312,0.343738096015498
384.31,390,21396,20982,5498772,11938758,2024-08-06,2024-12-20,517.38,-414,6439986,1736044285,703482869,0.687698931597243,87.639832183198,0.53941842191625
518.86,560,18499,2852,52833144,11733128,2024-08-06,2024-08-16,517.38,-15647,-41100016,1842365397,980146470,0.63685130100172,84.8725453455746,-3.50290357353981
513.36,543,3940,3928,7501760,11642592,2024-08-06,2024-09-20,517.38,-12,4140832,2879465219,1426353565,0.404331746158174,87.2822542330559,0.35566238171019
457.93,460,26329,55362,1132147,11459934,2024-08-06,2024-08-16,517.38,29033,10327787,1842365397,980146470,0.622022863578565,85.4945682091532,0.90120824430577
353.25,355,64492,64471,3160108,11282425,2024-08-06,2024-09-20,517.38,-21,8122317,2879465219,1426353565,0.391823624940962,87.6740778579969,0.719908796202944
517.6,553,2455,3136,6154685,11101440,2024-08-06,2024-09-20,517.38,681,4946755,2879465219,1426353565,0.385538256435526,88.0596161144324,0.445595796581344
515,565,695,2210,2533275,11050000,2024-08-06,2024-10-18,517.38,1515,8516725,1031157015,459478397,1.0716117758264,81.5097588217445,0.770744343891403
508.82,537,3948,3890,6008856,10962020,2024-08-06,2024-09-20,517.38,-58,4953164,2879465219,1426353565,0.380696385136646,88.440312499569,0.45184774339036
416.19,420,21242,28607,2464072,10899267,2024-08-06,2024-09-20,517.38,7365,8435195,2879465219,1426353565,0.378517056850757,88.8188295564198,0.773923145473911
496.7,511,7566,7551,3639246,10797930,2024-08-06,2024-08-30,517.38,-15,7158684,924143158,497753407,1.16842611521017,63.8164537490413,0.66296818001228
511.31,544,3310,3295,6305550,10771355,2024-08-06,2024-09-20,517.38,-15,4465805,2879465219,1426353565,0.374074843096759,89.1929043995166,0.414600112984857
519.19,541,5055,4921,5520060,10732701,2024-08-06,2024-08-09,517.38,-134,5212641,330068330,159948781,3.25166034560177,48.6415076538849,0.48567839540112
518.09,545,4402,3963,6849512,10664433,2024-08-06,2024-08-23,517.38,-439,3814921,319007115,143080978,3.34300788244174,40.1456713590855,0.357723753339723
464.39,470,16879,18958,2379939,10635438,2024-08-06,2024-08-30,517.38,2079,8255499,924143158,497753407,1.15084312510811,64.9672968741495,0.776225577169459
397.16,400,36047,37442,3244230,10633528,2024-08-06,2024-09-20,517.38,1395,7389298,2879465219,1426353565,0.369288294570645,89.5621926940872,0.694905585427527
515.79,537,5045,4975,5045000,10551975,2024-08-06,2024-08-16,517.38,-70,5506975,1842365397,980146470,0.572740620138775,86.0673088292919,0.521890451787462
378.64,380,75891,76186,2352621,10361296,2024-08-06,2024-08-30,517.38,295,8008675,924143158,497753407,1.12117867348859,66.0884755476381,0.77294143512549
421.37,430,12674,12000,5563886,10356000,2024-08-06,2024-12-20,517.38,-674,4792114,1736044285,703482869,0.596528561481944,88.23636074468,0.462737929702588
462.4,465,39736,39761,1867592,10337860,2024-08-06,2024-08-16,517.38,25,8470268,1842365397,980146470,0.561118875595122,86.628427704887,0.819344429117825
483.62,490,16374,16137,2783580,10295406,2024-08-06,2024-08-23,517.38,-237,7511826,319007115,143080978,3.22732801743309,43.3729993765186,0.729628923813204
510.22,533,4526,4508,4910710,10269224,2024-08-06,2024-08-30,517.38,-18,5358514,924143158,497753407,1.11121571491416,67.1996912625522,0.521803205383386
402.88,410,15411,14308,5301384,10187296,2024-08-06,2024-12-20,517.38,-1103,4885912,1736044285,703482869,0.586810837028849,88.8231715817088,0.479608327862467
398.11,405,14725,14715,4756175,10138635,2024-08-06,2024-12-20,517.38,-10,5382460,1736044285,703482869,0.584007855536934,89.4071794372458,0.53088606109205
504.5,510,13668,18353,1189116,10094150,2024-08-06,2024-08-09,517.38,4685,8905034,330068330,159948781,3.05820010056706,51.6997077544519,0.882197510439215
506.68,527,4959,4955,5747481,10068560,2024-08-06,2024-09-20,517.38,-4,4321079,2879465219,1426353565,0.349667706821501,89.9118604009087,0.429165541050557
517.34,552,2390,2894,5683420,10030604,2024-08-06,2024-09-20,517.38,504,4347184,2879465219,1426353565,0.348349545388275,90.260209946297,0.433392046979424
499.52,510,9627,9546,3427212,10004208,2024-08-06,2024-08-23,517.38,-81,6576996,319007115,143080978,3.13604541390871,46.5090447904273,0.657422956419939
504.79,514,10806,10824,3209382,9968904,2024-08-06,2024-08-16,517.38,18,6759522,1842365397,980146470,0.541092663606947,87.169520368494,0.678060697545086
511.78,529,6075,5745,4155300,9892890,2024-08-06,2024-08-16,517.38,-330,5737590,1842365397,980146470,0.536966771961143,87.7064871404551,0.579971070132186
518.84,562,2849,2289,8333325,9879324,2024-08-06,2024-08-16,517.38,-560,1545999,1842365397,980146470,0.536230435943213,88.2427175763983,0.156488338675804
518.99,556,3166,2647,7471760,9796547,2024-08-06,2024-08-16,517.38,-519,2324787,1842365397,980146470,0.531737461849431,88.7744550382478,0.237306777581938
515.6,556,2438,2416,5990166,9760640,2024-08-06,2024-08-30,517.38,-22,3770474,924143158,497753407,1.05618268289987,68.2558739454521,0.386293726640876
486.01,495,11095,10854,3106600,9757746,2024-08-06,2024-08-30,517.38,-241,6651146,924143158,497753407,1.05586952795467,69.3117434734068,0.681627293844296
512.44,539,3947,3672,6279677,9752832,2024-08-06,2024-09-20,517.38,-275,3473155,2879465219,1426353565,0.338702893011051,90.598912839308,0.356117587178781
509.28,538,3457,3390,5914927,9736080,2024-08-06,2024-09-20,517.38,-67,3821153,2879465219,1426353565,0.338121118315894,90.9370339576239,0.392473459544293
517.02,554,2371,2598,5910903,9607404,2024-08-06,2024-09-20,517.38,227,3696501,2879465219,1426353565,0.333652371857317,91.2706863294812,0.384755444863149
514.32,531,6003,5750,4466232,9591000,2024-08-06,2024-08-16,517.38,-253,5124768,1842365397,980146470,0.520580771632892,89.2950358098807,0.534330935251799
480.6,495,6192,6566,4532544,9455040,2024-08-06,2024-10-18,517.38,374,4922496,1031157015,459478397,0.916935041168294,82.4266938629128,0.520621382881511
406.69,410,28151,28452,2730647,9417612,2024-08-06,2024-09-20,517.38,301,6686965,2879465219,1426353565,0.327061147947139,91.5977474774284,0.710048895622372
515.05,555,2353,2335,5553080,9328325,2024-08-06,2024-08-23,517.38,-18,3775245,319007115,143080978,2.92417459090215,49.4332193813295,0.404707704759429
519.13,544,3954,3743,5610726,9308841,2024-08-06,2024-08-16,517.38,-211,3698115,1842365397,980146470,0.505265731497019,89.8003015413777,0.397269112234273
515.51,548,3148,2839,5055688,9223911,2024-08-06,2024-08-09,517.38,-309,4168223,330068330,159948781,2.79454590508577,54.4942536595377,0.45189323704446
506.16,528,4225,4212,5078450,9199008,2024-08-06,2024-09-20,517.38,-13,4120558,2879465219,1426353565,0.319469321570576,91.917216798999,0.447935038212816
506.54,531,3910,3752,5063450,9177392,2024-08-06,2024-09-20,517.38,-158,4113942,2879465219,1426353565,0.318718626620091,92.2359354256191,0.448269181484239
482.66,491,1371,10886,349605,9078924,2024-08-06,2024-08-30,517.38,9515,8729319,924143158,497753407,0.982415324011954,70.2941587974187,0.961492683494211
517.53,575,1580,1578,7326460,9068766,2024-08-06,2024-12-20,517.38,-2,1742306,1736044285,703482869,0.522381029006988,89.9295604662527,0.192121618310584
504.69,542,2401,2402,5966485,8961862,2024-08-06,2024-12-20,517.38,1,2995377,1736044285,703482869,0.5162231215778,90.4457835878305,0.334236010329104
512.64,538,3409,3487,4431700,8843032,2024-08-06,2024-08-30,517.38,78,4411332,924143158,497753407,0.956889841519554,71.2510486389383,0.498848358798204
502.4,529,3312,3315,5259456,8817900,2024-08-06,2024-10-18,517.38,3,3558444,1031157015,459478397,0.855146197109468,83.2818400600223,0.403547783485864
407.53,415,11770,11744,4401980,8772768,2024-08-06,2024-12-20,517.38,-26,4370788,1736044285,703482869,0.505330887915685,90.9511144757462,0.498222225869874
317.24,320,32413,31782,3889560,8771832,2024-08-06,2024-12-20,517.38,-631,4882272,1736044285,703482869,0.505276972240371,91.4563914479866,0.556585215038318
502.37,511,8278,10003,2119168,8632589,2024-08-06,2024-08-16,517.38,1725,6513421,1842365397,980146470,0.468560092045628,90.2688616334233,0.754515360339754
399.21,400,108756,108496,1631340,8571184,2024-08-06,2024-08-16,517.38,-260,6939844,1842365397,980146470,0.465227148423262,90.7340887818466,0.809671569295444
446.6,455,10041,10118,3735252,8499120,2024-08-06,2024-10-18,517.38,77,4763868,1031157015,459478397,0.824231409607391,84.1060714696297,0.560513088413859
511.03,536,3536,3403,5272176,8497291,2024-08-06,2024-09-20,517.38,-133,3225115,2879465219,1426353565,0.295099622802563,92.5310350484216,0.379546257742615
518.34,553,2329,2442,5508085,8463972,2024-08-06,2024-08-30,517.38,113,2955887,924143158,497753407,0.915872386948949,72.1669210258872,0.349231660974304
511.92,546,2467,2441,4882193,8318928,2024-08-06,2024-09-20,517.38,-26,3436735,2879465219,1426353565,0.288905312872265,92.8199403612939,0.413122339801474
414.33,420,1009,14639,247205,8300313,2024-08-06,2024-10-18,517.38,13630,8053108,1031157015,459478397,0.804951416637553,84.9110228862672,0.97021738818765
516.13,567,1613,1613,5976165,8205331,2024-08-06,2024-09-20,517.38,0,2229166,2879465219,1426353565,0.284960240042406,93.1049006013363,0.271672891684687
513.21,547,2360,2372,4833280,8014988,2024-08-06,2024-09-20,517.38,12,3181708,2879465219,1426353565,0.278349880634554,93.3832504819708,0.396969777122561
379.56,385,15027,14728,3771777,8012032,2024-08-06,2024-12-20,517.38,-299,4240255,1736044285,703482869,0.461510807600165,91.9179022555867,0.529235904200083
467.5,480,6383,6385,3472352,7981250,2024-08-06,2024-10-18,517.38,2,4508898,1031157015,459478397,0.774009184236603,85.6850320705038,0.564936319498825
346.28,350,21341,21327,3542606,7933644,2024-08-06,2024-12-20,517.38,-14,4391038,1736044285,703482869,0.456995484997089,92.3748977405839,0.553470511154773
483.96,495,7107,7159,2871228,7903536,2024-08-06,2024-09-06,517.38,52,5032308,84474231,47638935,9.35615027972258,9.35615027972258,0.636716021790753
435.53,443,10538,10535,3245704,7869645,2024-08-06,2024-10-18,517.38,-3,4623941,1031157015,459478397,0.763185905300756,86.4482179758046,0.587566656437489
513.19,551,1207,2071,2901628,7830451,2024-08-06,2024-09-20,517.38,864,4928823,2879465219,1426353565,0.271941155890031,93.6551916378609,0.629443055067965
459.63,470,6966,7547,3204360,7826239,2024-08-06,2024-10-18,517.38,581,4621879,1031157015,459478397,0.758976459079804,87.2071944348844,0.590561954471362
517.83,546,2774,2764,4582648,7786188,2024-08-06,2024-08-23,517.38,-10,3203540,319007115,143080978,2.44075684644212,51.8739762277716,0.41143881961237
441.28,445,20528,20727,2052800,7710444,2024-08-06,2024-08-30,517.38,199,5657644,924143158,497753407,0.834334370519681,73.0012553964069,0.733763710624187
505.97,520,5573,5475,3065150,7681425,2024-08-06,2024-08-23,517.38,-98,4616275,319007115,143080978,2.40791651308467,54.2818927408563,0.600965966601249
511.47,542,2522,2480,4615260,7571440,2024-08-06,2024-09-20,517.38,-42,2956180,2879465219,1426353565,0.262946048107831,93.9181376859687,0.390438278583731
514.85,549,2318,2209,4508510,7543735,2024-08-06,2024-08-30,517.38,-109,3035225,924143158,497753407,0.816295065834378,73.8175504622413,0.402350427208803
489.12,498,8406,8415,2631078,7472520,2024-08-06,2024-08-30,517.38,9,4841442,924143158,497753407,0.808589008673914,74.6261394709152,0.647899503781857
514.71,552.5,2171,1975,4524364,7463525,2024-08-06,2024-08-23,517.38,-196,2939161,319007115,143080978,2.33961082654849,56.6215035674048,0.393803330195853
504.14,527,3259,3261,4904795,7454646,2024-08-06,2024-10-18,517.38,2,2549851,1031157015,459478397,0.722939949159925,87.9301343840443,0.342048569442466
451.46,455,21017,21012,1534241,7438248,2024-08-06,2024-08-23,517.38,-5,5904007,319007115,143080978,2.33168717882672,58.9531907462315,0.793736240039321
519.56,544,3044,3007,4002860,7349108,2024-08-06,2024-08-09,517.38,-37,3346248,330068330,159948781,2.22654139523171,56.7207950547694,0.455327095478798
511.73,526,5328,5077,3111552,7244879,2024-08-06,2024-08-16,517.38,-251,4133327,1842365397,980146470,0.393237900136267,91.1273266819828,0.570517050733352
508.05,529,3711,3430,3477207,7185850,2024-08-06,2024-08-30,517.38,-281,3708643,924143158,497753407,0.777568922930878,75.4037083938461,0.516103592476882
509.46,532,3267,3150,3414015,7100100,2024-08-06,2024-08-30,517.38,-117,3686085,924143158,497753407,0.768290057502108,76.1719984513482,0.519159589301559
517.99,536,4148,3938,3227144,7092338,2024-08-06,2024-08-09,517.38,-210,3865194,330068330,159948781,2.14874841218483,58.8695434669543,0.544981640750906
489.93,506,4462,4389,2994002,7053123,2024-08-06,2024-09-20,517.38,-73,4059121,2879465219,1426353565,0.244945587585512,94.1630832735542,0.57550690665681
505.3,516,3764,6578,1242120,7038460,2024-08-06,2024-08-16,517.38,2814,5796340,1842365397,980146470,0.382033879460666,91.5093605614435,0.823523895852218
500.34,509,10866,8117,2477448,7029322,2024-08-06,2024-08-16,517.38,-2749,4551874,1842365397,980146470,0.381537886645404,91.8908984480889,0.647555198068889
502.84,524,3305,3303,3559485,6989148,2024-08-06,2024-09-20,517.38,-2,3429663,2879465219,1426353565,0.242723820863766,94.405807094418,0.490712601879371
388.88,395,11097,11395,3207033,6973740,2024-08-06,2024-12-20,517.38,298,3766707,1736044285,703482869,0.401702886283226,92.7766006268671,0.54012724879333
505.3,523,3623,3848,2670151,6810960,2024-08-06,2024-08-30,517.38,225,4140809,924143158,497753407,0.737002697151387,76.9090011484996,0.607962607327014
495.7,513,3845,3935,3379755,6807550,2024-08-06,2024-09-20,517.38,90,3427795,2879465219,1426353565,0.23641716368306,94.642224258101,0.503528435340174
500.68,521,3383,3323,3481107,6752336,2024-08-06,2024-09-20,517.38,-60,3271229,2879465219,1426353565,0.234499654847194,94.8767239129482,0.484458859867163
465.63,480,4051,4693,2941026,6743841,2024-08-06,2024-11-15,517.38,642,3802815,494062088,201815377,1.36497844376191,80.7615944820279,0.563894522424239
518.5,560,1620,1607,4584600,6669050,2024-08-06,2024-08-30,517.38,-13,2084450,924143158,497753407,0.721646851168918,77.6306479996685,0.31255576131533
511.15,527,4605,4201,3536640,6658585,2024-08-06,2024-08-23,517.38,-404,3121945,319007115,143080978,2.08728416606006,61.0404749122915,0.468860125687364
518.84,561,4320,1563,12225600,6589608,2024-08-06,2024-08-16,517.38,-2757,-5635992,1842365397,980146470,0.357671068438982,92.2485695165279,-0.855284866717413
517.17,557,4135,1654,10585600,6587882,2024-08-06,2024-08-16,517.38,-2481,-3997718,1842365397,980146470,0.357577384525747,92.6061469010536,-0.606829023349235
515.93,547.5,2174,2074,3332742,6547618,2024-08-06,2024-08-09,517.38,-100,3214876,330068330,159948781,1.98371591724659,60.8532593842008,0.490999322196255
515.2,561,1433,1421,4224484,6508180,2024-08-06,2024-09-20,517.38,-12,2283696,2879465219,1426353565,0.226020441471427,95.1027443544197,0.350896256710786
518.12,550,2114,2022,4008144,6446136,2024-08-06,2024-08-23,517.38,-92,2437992,319007115,143080978,2.0206872188415,63.061162131133,0.378209829888789
468.86,475,3595,10439,582390,6409546,2024-08-06,2024-08-30,517.38,6844,5827156,924143158,497753407,0.693566353277054,78.3242143529455,0.909137090208885
516.07,553,1714,1709,3679958,6311337,2024-08-06,2024-08-23,517.38,-5,2631379,319007115,143080978,1.97843142150607,65.0395935526391,0.41692893280774
518.8,559,1653,1565,4823454,6291300,2024-08-06,2024-09-20,517.38,-88,1467846,2879465219,1426353565,0.218488487323521,95.3212328417432,0.233313623575414
515.56,534,3377,3401,2965006,6271444,2024-08-06,2024-08-16,517.38,24,3306438,1842365397,980146470,0.340401747135072,92.9465486481887,0.527221163100555
480.84,485,15762,15048,1245198,6259968,2024-08-06,2024-08-16,517.38,-714,5014770,1842365397,980146470,0.339778852240352,93.286327500429,0.801085564654644
516.12,546,2150,2095,3317450,6259860,2024-08-06,2024-08-09,517.38,-55,2942410,330068330,159948781,1.89653457512873,62.7497939593296,0.470044058493321
363.76,365,50298,50404,1508940,6250096,2024-08-06,2024-08-30,517.38,106,4741156,924143158,497753407,0.676312532954986,79.0005268859005,0.758573308313984
477.92,485,10524,8823,2210040,6246684,2024-08-06,2024-08-30,517.38,-1701,4036644,924143158,497753407,0.675943326088013,79.6764702119885,0.646205890997528
516.11,559,1450,1449,4055650,6214761,2024-08-06,2024-08-30,517.38,-1,2159111,924143158,497753407,0.672488991148274,80.3489592031368,0.347416578047008
511.74,535,2833,2645,2974650,6152270,2024-08-06,2024-08-23,517.38,-188,3177620,319007115,143080978,1.92856827033466,66.9681618229738,0.516495537419522
509.8,529,3157,3151,2550856,6049920,2024-08-06,2024-08-23,517.38,-6,3499064,319007115,143080978,1.89648434643848,68.8646461694122,0.57836533375648
502.82,531,2348,2137,3914116,6022066,2024-08-06,2024-10-18,517.38,-211,2107950,1031157015,459478397,0.584010573792198,88.5141449578365,0.350037678099177
512.88,541,2132,2129,3300336,5986748,2024-08-06,2024-08-30,517.38,-3,2686412,924143158,497753407,0.647816082191889,80.9967752853287,0.448726420420569
511.04,524,4795,4494,2507785,5824224,2024-08-06,2024-08-16,517.38,-301,3316439,1842365397,980146470,0.316127517889981,93.602455018319,0.569421608784278
487.4,495,7860,7566,1572000,5750160,2024-08-06,2024-08-23,517.38,-294,4178160,319007115,143080978,1.802517790238,70.6671639596502,0.726616302850703
494.39,505,2960,5419,1166240,5749559,2024-08-06,2024-08-30,517.38,2459,4583319,924143158,497753407,0.622150253478369,81.6189255388071,0.79716009523513
515.3,531,4061,3657,2209184,5741490,2024-08-06,2024-08-09,517.38,-404,3532306,330068330,159948781,1.73948527567004,64.4892792349996,0.615224619393224
480.74,492,1220,5090,566080,5731340,2024-08-06,2024-09-20,517.38,3870,5165260,2879465219,1426353565,0.199041820758315,95.5202746625015,0.901230776746799
502.03,516,3859,4068,2230502,5682996,2024-08-06,2024-08-30,517.38,209,3452494,924143158,497753407,0.614947581530437,82.2338731203375,0.60751300898329
508.5,516,1980,7558,295020,5668500,2024-08-06,2024-08-09,517.38,5578,5373480,330068330,159948781,1.71737167270789,66.2066509077075,0.947954485313575
514.87,558,1280,1275,3909120,5499075,2024-08-06,2024-10-18,517.38,-5,1589955,1031157015,459478397,0.533291721823761,89.0474366796603,0.289131353909521
520.13,565,1224,1219,4723416,5469653,2024-08-06,2024-12-20,517.38,-5,746237,1736044285,703482869,0.315064140198474,93.0916647670656,0.136432238023143
492.34,498,5688,9566,756504,5414356,2024-08-06,2024-08-16,517.38,3878,4657852,1842365397,980146470,0.293880682345447,93.8963357006645,0.860278119872428
511.05,548,1457,1456,3693495,5379920,2024-08-06,2024-10-18,517.38,-1,1686425,1031157015,459478397,0.521736255656468,89.5691729353167,0.313466557123526
518.51,557,1304,1391,3596432,5353959,2024-08-06,2024-09-20,517.38,87,1757527,2879465219,1426353565,0.185935880199982,95.7062105427015,0.328266802192546
457.55,470,4257,4281,2613798,5329845,2024-08-06,2024-11-15,517.38,24,2716047,494062088,201815377,1.07878040623914,81.8403748882671,0.509592117594414
369.87,375,10179,10359,2198664,5314167,2024-08-06,2024-12-20,517.38,180,3115503,1736044285,703482869,0.306107801852532,93.3977725689181,0.586263660889844
515.3,565,1071,1069,4028031,5312930,2024-08-06,2024-11-15,517.38,-2,1284899,494062088,201815377,1.07535674747017,82.9157316357373,0.241843766057524
505.44,524,2870,2862,2221380,5311872,2024-08-06,2024-08-30,517.38,-8,3090492,924143158,497753407,0.574788868371409,82.8086619887089,0.581808447191499
494.49,506,4612,4612,2006220,5308412,2024-08-06,2024-08-30,517.38,0,3302192,924143158,497753407,0.574414467503962,83.3830764562129,0.622067767158992
496.4,508,4601,4558,2010637,5287280,2024-08-06,2024-08-30,517.38,-43,3276643,924143158,497753407,0.572127808795615,83.9552042650085,0.619721860767729
512.38,551,1368,1367,3348864,5279354,2024-08-06,2024-10-18,517.38,-1,1930490,1031157015,459478397,0.511983521733594,90.0811564570503,0.365667844967396
504.18,521,3151,3129,2183643,5262978,2024-08-06,2024-08-30,517.38,-22,3079335,924143158,497753407,0.569498129639348,84.5247023946478,0.585093648500906
297.62,300,22126,21985,1969214,5232430,2024-08-06,2024-12-20,517.38,-141,3263216,1736044285,703482869,0.301399569424002,93.6991721383421,0.623652108102736
365.64,370,11949,11952,2640729,5211072,2024-08-06,2024-12-20,517.38,3,2570343,1736044285,703482869,0.300169301268717,93.9993414396108,0.493246495154932
514.88,526,5656,4677,2047472,5200824,2024-08-06,2024-08-09,517.38,-979,3153352,330068330,159948781,1.57568101126212,67.7823319189696,0.606317768107515
518.45,558,1115,1299,3064020,5137545,2024-08-06,2024-09-20,517.38,184,2073525,2879465219,1426353565,0.178420109612722,95.8846306523142,0.403602304213394
518.63,552,1537,1538,3512045,5132306,2024-08-06,2024-08-23,517.38,1,1620261,319007115,143080978,1.60883747059999,72.2760014302502,0.315698440428143
519.36,542,2490,2266,2873460,5130224,2024-08-06,2024-08-09,517.38,-224,2256764,330068330,159948781,1.55429150079318,69.3366234197628,0.439895801820739
518.63,537,2890,2789,2418930,5123393,2024-08-06,2024-08-09,517.38,-101,2704463,330068330,159948781,1.55222192931991,70.8888453490827,0.5278656156184
513.25,534,2512,2466,2519536,5116950,2024-08-06,2024-08-23,517.38,-46,2597414,319007115,143080978,1.60402378486135,73.8800252151116,0.507609806623086
477.65,495,2882,2868,2818596,4975980,2024-08-06,2024-11-15,517.38,-14,2157384,494062088,201815377,1.00715681710028,83.9228884528376,0.433559620416481
515.58,548,1540,1530,2758140,4960260,2024-08-06,2024-08-23,517.38,-10,2202120,319007115,143080978,1.55490575813646,75.4349309732481,0.443952534746163
440.3,450,5466,5105,2443302,4951850,2024-08-06,2024-11-15,517.38,-361,2508548,494062088,201815377,1.00227281555755,84.9251612683951,0.506588042852671
519,558,3030,1265,8023440,4933500,2024-08-06,2024-08-16,517.38,-1765,-3089940,1842365397,980146470,0.267780756631308,94.1641164572958,-0.62631802979629
514.16,550,1282,1374,2742198,4924416,2024-08-06,2024-09-06,517.38,92,2182218,84474231,47638935,5.82948899528899,15.1856392750116,0.443142496490954
507.81,515,4256,6848,570304,4923712,2024-08-06,2024-08-09,517.38,2592,4353408,330068330,159948781,1.49172506189855,72.3805704109813,0.884171941819505
511.2,537,1927,1878,2429947,4845240,2024-08-06,2024-08-30,517.38,-49,2415293,924143158,497753407,0.524295392770738,85.0489977874186,0.498487794206273
499.99,517,4081,2831,3595361,4815531,2024-08-06,2024-09-20,517.38,-1250,1220170,2879465219,1426353565,0.167236991376905,96.0518676436911,0.253382233444245
507.22,519,3945,4085,1546440,4812130,2024-08-06,2024-08-16,517.38,140,3265690,1842365397,980146470,0.261193029777686,94.4253094870735,0.678637110801246
488.04,501,3613,3699,2099153,4793904,2024-08-06,2024-09-20,517.38,86,2694751,2879465219,1426353565,0.16648591441104,96.2183535581021,0.562120351179331
510.88,552,1160,1163,3427800,4782256,2024-08-06,2024-12-20,517.38,3,1354456,1736044285,703482869,0.275468548891309,94.2748099885021,0.283225322943816
417.2,420,16902,17009,1250748,4762520,2024-08-06,2024-09-06,517.38,107,3511772,84474231,47638935,5.63783765015866,20.8234769251702,0.737376850910862
420.96,425,10812,11774,1448808,4756696,2024-08-06,2024-09-20,517.38,962,3307888,2879465219,1426353565,0.165193730023658,96.3835472881258,0.695417155100936
502.23,523,1932,2285,2057580,4745945,2024-08-06,2024-09-20,517.38,353,2688365,2879465219,1426353565,0.164820362082658,96.5483676502085,0.566455152767257
511.5,547,1319,1320,3057442,4686000,2024-08-06,2024-10-18,517.38,1,1628558,1031157015,459478397,0.454440975703395,90.5355974327537,0.34753691848058
518.46,551,1417,1406,2856672,4575124,2024-08-06,2024-08-23,517.38,-11,1718452,319007115,143080978,1.43417616249719,76.8691071357452,0.375607743090679
515.98,534,2793,2532,1879689,4562664,2024-08-06,2024-08-09,517.38,-261,2682975,330068330,159948781,1.38233922654742,73.7629096375287,0.588028178274797
517.7,538,3219,2235,2868129,4537050,2024-08-06,2024-08-09,517.38,-984,1668921,330068330,159948781,1.37457901519967,75.1374886527284,0.36784276126558
518.83,571,873,861,3385494,4491837,2024-08-06,2024-09-20,517.38,-12,1106343,2879465219,1426353565,0.155995528973951,96.7043631791824,0.246300789632393
503.32,512,4663,5124,1254347,4447632,2024-08-06,2024-08-16,517.38,461,3193285,1842365397,980146470,0.241408789333661,94.6667182764071,0.717974193908129
515.12,527,4775,3740,1886125,4443120,2024-08-06,2024-08-09,517.38,-1035,2556995,330068330,159948781,1.34612127131373,76.4836099240421,0.575495372621041
450.49,460,4788,4664,1785924,4435464,2024-08-06,2024-10-18,517.38,-124,2649540,1031157015,459478397,0.43014438494607,90.9657418176998,0.597353512507372
493.51,504,4203,4197,1727433,4402653,2024-08-06,2024-08-30,517.38,-6,2675220,924143158,497753407,0.476403786782134,85.5254015742007,0.607638167259605
519.81,554,1293,1283,3123888,4386577,2024-08-06,2024-08-30,517.38,-10,1262689,924143158,497753407,0.474664229456969,86.0000658036577,0.287852920397841
488.42,503,2894,2993,1771128,4363794,2024-08-06,2024-09-20,517.38,99,2592666,2879465219,1426353565,0.151548765764064,96.8559119449465,0.594131162011772
355.86,360,10558,10531,2090484,4359834,2024-08-06,2024-12-20,517.38,-27,2269350,1736044285,703482869,0.251136105090775,94.5259460935929,0.520512936960444
327.2,330,15423,15415,2128374,4316200,2024-08-06,2024-12-20,517.38,-8,2187826,1736044285,703482869,0.248622689944802,94.7745687835377,0.506887076595153
495.09,512,1873,2537,1444083,4290067,2024-08-06,2024-09-20,517.38,664,2845984,2879465219,1426353565,0.148988325043561,97.00490026999,0.663389173176083
500.13,513,2863,3328,1563198,4283136,2024-08-06,2024-08-30,517.38,465,2719938,924143158,497753407,0.463471050228779,86.4635368538865,0.635034236596737
452.8,455,19412,19434,1145308,4275480,2024-08-06,2024-08-16,517.38,22,3130172,1842365397,980146470,0.232064714576269,94.8987829909834,0.732121773461693
498.81,506,5689,5944,1115044,4273736,2024-08-06,2024-08-16,517.38,255,3158692,1842365397,980146470,0.231970053658145,95.1307530446416,0.739093851375003
515.83,562,1022,923,3137540,4261491,2024-08-06,2024-08-30,517.38,-99,1123951,924143158,497753407,0.461128880640374,86.9246657345268,0.263745951827658
515.47,557,904,1020,2334128,4236060,2024-08-06,2024-08-30,517.38,116,1901932,924143158,497753407,0.458377034264642,87.3830427687915,0.448986086127203
507.9,532,1866,1755,2207478,4229550,2024-08-06,2024-09-06,517.38,-111,2022072,84474231,47638935,5.00691151601013,25.8303884411804,0.478082065467958
479.76,487,1557,5824,353439,4216576,2024-08-06,2024-08-30,517.38,4267,3863137,924143158,497753407,0.456268702905876,87.8393114716973,0.916178671984093
492.4,515,1662,1863,2351730,4210380,2024-08-06,2024-11-15,517.38,201,1858650,494062088,201815377,0.852196536075847,85.7773578044709,0.441444715203853
507.57,534,1655,1578,2388165,4170654,2024-08-06,2024-09-20,517.38,-77,1782489,2879465219,1426353565,0.144841270263664,97.1497415402537,0.427388366428862
514.78,563,857,857,2671269,4132454,2024-08-06,2024-09-20,517.38,0,1461185,2879465219,1426353565,0.143514635034736,97.2932561752884,0.353587722936541
514.56,546,1358,1303,2525880,4096632,2024-08-06,2024-08-30,517.38,-55,1570752,924143158,497753407,0.443289761389977,88.2826012330873,0.383425213687732
518.86,563,1008,927,3335472,4091778,2024-08-06,2024-08-16,517.38,-81,756306,1842365397,980146470,0.222093728348503,95.3528467729901,0.184835540931106
517.26,532,3071,2771,1808819,4084454,2024-08-06,2024-08-09,517.38,-300,2275635,330068330,159948781,1.23745710471526,77.7210670287574,0.557145459344138
513.47,543,1404,1375,2313792,4060375,2024-08-06,2024-08-30,517.38,-29,1746583,924143158,497753407,0.439366451490841,88.7219676845782,0.430153126250654
431.31,440,796,4636,330340,4028684,2024-08-06,2024-11-15,517.38,3840,3698344,494062088,201815377,0.815420591429796,86.5927783959007,0.918003000483533
515.33,557,961,960,2267960,4000320,2024-08-06,2024-12-20,517.38,-1,1732360,1736044285,703482869,0.230427301570824,95.0049960851085,0.433055355571554
516.62,553,1099,1097,3095883,3990886,2024-08-06,2024-10-18,517.38,-2,895003,1031157015,459478397,0.387029903491468,91.3527717211913,0.224261730352608
515.84,554,1074,1045,2421870,3987720,2024-08-06,2024-08-23,517.38,-29,1565850,319007115,143080978,1.25004108450685,78.1191482202521,0.392667990731546
514.11,533,2131,2110,2047891,3985790,2024-08-06,2024-08-23,517.38,-21,1937899,319007115,143080978,1.24943608232688,79.368584302579,0.486201982542984
411.48,415,10260,11190,1108080,3938880,2024-08-06,2024-09-20,517.38,930,2830800,2879465219,1426353565,0.136792067291159,97.4300482425796,0.718681452595662
503.84,536,1220,1224,2502220,3936384,2024-08-06,2024-11-15,517.38,4,1434164,494062088,201815377,0.796738728918621,87.3895171248194,0.364335390043248
519.26,562,946,921,2962872,3936354,2024-08-06,2024-09-20,517.38,-25,973482,2879465219,1426353565,0.136704342668429,97.566752585248,0.247305501486909
519.64,552,1199,1199,3312837,3879964,2024-08-06,2024-10-18,517.38,0,567127.000000001,1031157015,459478397,0.376272860830996,91.7290445820223,0.146168108776267
487.3,498,32,3621,15744,3874470,2024-08-06,2024-09-06,517.38,3589,3858726,84474231,47638935,4.58657031160189,30.4169587527823,0.995936476472911
510.68,536,1560,1523,1868880,3856236,2024-08-06,2024-08-30,517.38,-37,1987356,924143158,497753407,0.417276908519838,89.139244593098,0.515361611685592
500.24,508,4841,4960,1055338,3848960,2024-08-06,2024-08-16,517.38,119,2793622,1842365397,980146470,0.208914040953408,95.5617608139435,0.725812167442634
500.39,515,2606,2619,1662628,3826359,2024-08-06,2024-09-06,517.38,13,2163731,84474231,47638935,4.5296168484801,34.9465756012624,0.565480395331437
461.26,475,2088,2782,1386432,3822468,2024-08-06,2024-11-15,517.38,694,2436036,494062088,201815377,0.773681707793779,88.1631988326131,0.637294020512402
463.46,475,3310,3282,1618590,3787428,2024-08-06,2024-10-18,517.38,-28,2168838,1031157015,459478397,0.367298863791369,92.0963434458136,0.572641380905459
486.96,492,7292,7474,780244,3766896,2024-08-06,2024-08-16,517.38,182,2986652,1842365397,980146470,0.204459767108837,95.7662205810523,0.792868186432543
517.62,537.5,1931,1882,1679970,3741416,2024-08-06,2024-08-09,517.38,-49,2061446,330068330,159948781,1.13352771530671,78.8545947440641,0.550980163659962
515.09,543,1338,1340,2044464,3739940,2024-08-06,2024-08-23,517.38,2,1695476,319007115,143080978,1.1723688357233,80.5409531383023,0.453343101760991
519.29,546,1420,1400,2628420,3739400,2024-08-06,2024-09-06,517.38,-20,1110980,84474231,47638935,4.42667539642947,39.3732509976918,0.297101139220196
511.69,549,993,996,2374263,3716076,2024-08-06,2024-10-18,517.38,3,1341813,1031157015,459478397,0.36037925805121,92.4567227038648,0.361083304001318
516.16,549,2279,1120,3874300,3678080,2024-08-06,2024-08-09,517.38,-1159,-196220,330068330,159948781,1.11433896126902,79.9689337053331,-0.0533484861666955
515.46,551,1034,1034,3093728,3674836,2024-08-06,2024-12-20,517.38,0,581108,1736044285,703482869,0.21167870150271,95.2166747866112,0.158131682611142
483.03,496,1513,2807,779195,3640679,2024-08-06,2024-09-20,517.38,1294,2861484,2879465219,1426353565,0.126435942895826,97.6931885281438,0.785975363386885
508.26,541,1108,1108,2161708,3627592,2024-08-06,2024-10-18,517.38,0,1465884,1031157015,459478397,0.351798217655533,92.8085209215204,0.404092852779475
496.6,500,8744,10666,358504,3626440,2024-08-06,2024-08-09,517.38,1922,3267936,330068330,159948781,1.09869371593452,81.0676274212676,0.901141615468614
497.19,504,4170,5325,846510,3626325,2024-08-06,2024-08-16,517.38,1155,2779815,1842365397,980146470,0.196829847429011,95.9630504284813,0.766565324398668
515.15,547,1142,1125,1964240,3583125,2024-08-06,2024-08-23,517.38,-17,1618885,319007115,143080978,1.1232116249194,81.6641647632217,0.451808128379557
502,517,1366,2386,826430,3579000,2024-08-06,2024-08-30,517.38,1020,2752570,924143158,497753407,0.387277660286481,89.5265222533845,0.769089131042191
454.69,465,3361,3441,1374649,3547671,2024-08-06,2024-10-18,517.38,80,2173022,1031157015,459478397,0.344047603652292,93.1525685251727,0.612520721340846
351.12,355,9131,9130,1807938,3542440,2024-08-06,2024-12-20,517.38,-1,1734502,1736044285,703482869,0.204052398352269,95.4207271849635,0.489634827971681
485.74,499,2649,2665,1456950,3533790,2024-08-06,2024-09-20,517.38,16,2076840,2879465219,1426353565,0.12272382999046,97.8159123581343,0.587708947051183
394.73,400,5566,6689,1302444,3525103,2024-08-06,2024-11-15,517.38,1123,2222659,494062088,201815377,0.713493928317771,88.8766927609309,0.630523136487076
515.47,557,1096,847,2733424,3517591,2024-08-06,2024-08-23,517.38,-249,784167.000000001,319007115,143080978,1.10266850944688,82.7668332726685,0.222927281767551
511.1,534,1570,1533,1752120,3510570,2024-08-06,2024-08-30,517.38,-37,1758450,924143158,497753407,0.379872963361808,89.9063952167463,0.500901562994044
515.75,566,692,691,2349340,3472275,2024-08-06,2024-09-20,517.38,-1,1122935,2879465219,1426353565,0.120587495799164,97.9364998539335,0.323400364314462
511.9,564,704,659,2067648,3433390,2024-08-06,2024-12-20,517.38,-45,1365742,1736044285,703482869,0.197770876564937,95.6184980615284,0.397782366698802
336.62,340,10147,10136,1572785,3425968,2024-08-06,2024-12-20,517.38,-11,1853183,1736044285,703482869,0.197343352908765,95.8158414144372,0.54092244877944
512.49,521,5035,3966,1163085,3375066,2024-08-06,2024-08-09,517.38,-1069,2211981,330068330,159948781,1.02253554589742,82.090162967165,0.655388961282535
515.74,539,1380,1450,2005140,3372700,2024-08-06,2024-08-30,517.38,70,1367560,924143158,497753407,0.364954279085838,90.2713494958321,0.405479289589943
492.76,503,3385,3285,1228755,3363840,2024-08-06,2024-08-30,517.38,-100,2135085,924143158,497753407,0.363995553165152,90.6353450489973,0.634716573915525
455.65,460,7565,7662,847280,3332970,2024-08-06,2024-08-30,517.38,97,2485690,924143158,497753407,0.360655161610794,90.9960002106081,0.745788290923711
514.29,547.5,1012,1001,1649560,3324321,2024-08-06,2024-08-23,517.38,-11,1674761,319007115,143080978,1.04208365383951,83.808916926508,0.503790398099341
512.24,549,901,901,2364224,3312076,2024-08-06,2024-11-15,517.38,0,947852,494062088,201815377,0.670376473007174,89.5470692339381,0.286180631120783
496.16,507,3058,3049,1284360,3305116,2024-08-06,2024-08-30,517.38,-9,2020756,924143158,497753407,0.357641126419507,91.3536413370276,0.611402443968684
519.05,556,1915,878,4452375,3244210,2024-08-06,2024-08-09,517.38,-1037,-1208165,330068330,159948781,0.982890421507571,83.0730533886726,-0.37240653348581
328.75,330,29505,25940,855645,3242500,2024-08-06,2024-09-20,517.38,-3565,2386855,2879465219,1426353565,0.112607715439816,98.0491075693733,0.73611565150347
509.75,544,945,946,2064825,3240050,2024-08-06,2024-11-15,517.38,1,1175225,494062088,201815377,0.655798143329711,90.2028673772678,0.362718167929507
511,542,1048,1043,2113816,3233300,2024-08-06,2024-10-18,517.38,-5,1119484,1031157015,459478397,0.313560394097692,93.4661289192704,0.346235734389014
463.15,468,6653,6656,911461,3228160,2024-08-06,2024-08-30,517.38,3,2316699,924143158,497753407,0.349313845160773,91.7029551821883,0.717653090305313
516.61,556,951,819,2396520,3226041,2024-08-06,2024-08-23,517.38,-132,829521,319007115,143080978,1.011275563556,84.8201924900641,0.257132813873103
387.41,390,12583,12444,918559,3222996,2024-08-06,2024-09-20,517.38,-139,2304437,2879465219,1426353565,0.111930367442302,98.1610379368156,0.714998405210556
483.77,488,7599,7617,676311,3221991,2024-08-06,2024-08-16,517.38,18,2545680,1842365397,980146470,0.174883386609763,96.1379338150911,0.790095316839805
494.02,501,4079,4596,620008,3208008,2024-08-06,2024-08-16,517.38,517,2588000,1842365397,980146470,0.174124416645239,96.3120582317363,0.806731155283902
491.75,497,5640,6095,908040,3199875,2024-08-06,2024-08-16,517.38,455,2291835,1842365397,980146470,0.173682973269607,96.4857412050059,0.71622641509434
372.87,375,14978,14938,973570,3181794,2024-08-06,2024-09-20,517.38,-40,2208224,2879465219,1426353565,0.110499476743289,98.2715374135589,0.694018531683698
503.17,513,2564,3208,720484,3153464,2024-08-06,2024-08-16,517.38,644,2432980,1842365397,980146470,0.17116387471969,96.6569050797256,0.771526169317297
491.45,500,3623,3679,884012,3145545,2024-08-06,2024-08-23,517.38,56,2261533,319007115,143080978,0.986042270561897,85.806234760626,0.718963804364586
273.5,275,16885,20870,1114410,3130500,2024-08-06,2024-12-20,517.38,3985,2016090,1736044285,703482869,0.180323740992586,95.9961651554298,0.644015333013896
513.97,544,1084,1036,1746324,3111108,2024-08-06,2024-08-30,517.38,-48,1364784,924143158,497753407,0.336647842173388,92.0396030243617,0.438681010109582
510.54,551,753,753,2071503,3046638,2024-08-06,2024-11-15,517.38,0,975135,494062088,201815377,0.616650836807377,90.8195182140752,0.320069204152249
515.23,558,708,707,1853544,3023839,2024-08-06,2024-08-30,517.38,-1,1170295,924143158,497753407,0.327204608271309,92.366807632633,0.38702292020177
515.78,549,930,908,1833030,3016376,2024-08-06,2024-08-23,517.38,-22,1183346,319007115,143080978,0.945551324145231,86.7517860847712,0.392307192472026
516.44,529,2342,2398,1091372,3011888,2024-08-06,2024-08-09,517.38,56,1920516,330068330,159948781,0.912504389621385,83.985557778294,0.637645224523621
493.17,496,504,10513,16128,2975179,2024-08-06,2024-08-09,517.38,10009,2959051,330068330,159948781,0.901382753080249,84.8869405313742,0.994579149691497
432.74,440,2536,4094,682184,2972244,2024-08-06,2024-10-18,517.38,1558,2290060,1031157015,459478397,0.288243590138404,93.7543725094088,0.770481831235928
504.08,522,1709,1658,1230480,2971136,2024-08-06,2024-08-30,517.38,-51,1740656,924143158,497753407,0.321501703960027,92.6883093365931,0.585855376529382
519,559,3823,742,11602805,2968000,2024-08-06,2024-08-16,517.38,-3081,-8634805,1842365397,980146470,0.161097250568911,96.8180023302945,-2.90930087601078
382.65,385,9883,12606,751108,2962410,2024-08-06,2024-09-20,517.38,2723,2211302,2879465219,1426353565,0.102880562003413,98.3744179755623,0.746453731927721
503.53,518,2064,2023,1318896,2927281,2024-08-06,2024-08-30,517.38,-41,1608385,924143158,497753407,0.316756227069313,93.0050655636624,0.549446739141203
492.02,509,1569,1721,1212837,2922258,2024-08-06,2024-09-20,517.38,152,1709421,2879465219,1426353565,0.101486136408859,98.4759041119712,0.584965803840729
504.21,520,1833,1842,1400412,2908518,2024-08-06,2024-09-06,517.38,9,1508106,84474231,47638935,3.44308313383758,42.8163341315294,0.518513552262699
514.35,542,1089,1048,1764180,2897720,2024-08-06,2024-08-30,517.38,-41,1133540,924143158,497753407,0.313557480236195,93.3186230438986,0.391183413166213
496.3,505,3312,3294,960480,2865780,2024-08-06,2024-08-23,517.38,-18,1905300,319007115,143080978,0.898343599640403,87.6501296844116,0.664845173041894
506.04,526,1450,1428,1218000,2850288,2024-08-06,2024-08-30,517.38,-22,1632288,924143158,497753407,0.308424942101882,93.6270479860005,0.572674761287281
515.93,561,641,629,1751853,2834903,2024-08-06,2024-12-20,517.38,-12,1083050,1736044285,703482869,0.163296698390387,96.1594618538202,0.382041290301643
517.4,538,1365,1359,1625715,2799540,2024-08-06,2024-08-23,517.38,-6,1173825,319007115,143080978,0.877579172489617,88.5277088569012,0.419292097987527
360.64,365,6827,6405,1379054,2792580,2024-08-06,2024-12-20,517.38,-422,1413526,1736044285,703482869,0.160858799751183,96.3203206535714,0.506172070271935
489.32,500,2433,2594,965901,2770392,2024-08-06,2024-09-06,517.38,161,1804491,84474231,47638935,3.27957054737793,46.0959046789074,0.65134861781293
497.66,509,2397,2441,1085841,2768094,2024-08-06,2024-08-30,517.38,44,1682253,924143158,497753407,0.299530865541505,93.926578851542,0.607729723051313
420.98,427,4515,4516,1056510,2718632,2024-08-06,2024-10-18,517.38,1,1662122,1031157015,459478397,0.26364869369579,94.0180212031045,0.611381753764393
479.91,484,6473,6554,498421,2680586,2024-08-06,2024-08-16,517.38,81,2182165,1842365397,980146470,0.145496979283529,96.9634993095781,0.814062671371111
509.49,534,1084,1083,1933856,2654433,2024-08-06,2024-10-18,517.38,-1,720577,1031157015,459478397,0.2574227747459,94.2754439778505,0.271461739663423
514.75,557,627,627,1766886,2649075,2024-08-06,2024-10-18,517.38,0,882189,1031157015,459478397,0.256903164257676,94.5323471421081,0.33301775147929
487.34,502,1795,1787,1066230,2619742,2024-08-06,2024-09-20,517.38,-8,1553512,2879465219,1426353565,0.0909801577985304,98.5668842697697,0.593001906294589
490.73,496,4727,4939,590875,2602853,2024-08-06,2024-08-16,517.38,212,2011978,1842365397,980146470,0.141277783670836,97.1047770932489,0.772989484999729
516.34,568,493,493,1892134,2546838,2024-08-06,2024-09-20,517.38,0,654704,2879465219,1426353565,0.0884482987741898,98.6553325685439,0.257065427797135
497.05,529,314,796,620778,2543220,2024-08-06,2024-12-20,517.38,482,1922442,1736044285,703482869,0.146495110866368,96.4668157644377,0.755908651237408
481.61,486,5587,5708,497243,2505812,2024-08-06,2024-08-16,517.38,121,2008569,1842365397,980146470,0.136010587480655,97.2407876807296,0.801564123725164
422.14,425,8415,8745,555390,2501070,2024-08-06,2024-08-30,517.38,330,1945680,924143158,497753407,0.270636640908832,94.1972154924508,0.777939042089986
479.99,491,796,2268,365364,2497068,2024-08-06,2024-09-20,517.38,1472,2131704,2879465219,1426353565,0.0867198528227821,98.7420524213667,0.853682799186886
386.02,390,5997,6265,923538,2493470,2024-08-06,2024-10-18,517.38,268,1569932,1031157015,459478397,0.241812833906774,94.7741599760149,0.629617360545745
514.21,542,912,894,1254000,2484426,2024-08-06,2024-08-23,517.38,-18,1230426,319007115,143080978,0.778799557495763,89.306508414397,0.495255644563372
293.21,295,19710,13813,1596510,2472527,2024-08-06,2024-11-15,517.38,-5897,876017,494062088,201815377,0.500448639969315,91.3199668540445,0.354300276599608
505.03,529,1038,1030,1983618,2468910,2024-08-06,2024-11-15,517.38,-8,485292,494062088,201815377,0.499716545747181,91.8196833997916,0.196561235524989
529.9,569,631,629,2467210,2459390,2024-08-06,2024-09-20,517.38,-2,-7820,2879465219,1426353565,0.0854113459600708,98.8274637673267,-0.00317965023847377
494.43,511,1267,1483,961653,2457331,2024-08-06,2024-09-20,517.38,216,1495678,2879465219,1426353565,0.0853398396266581,98.9128036069534,0.6086595578699
369.52,370,50867,51155,915606,2455440,2024-08-06,2024-08-16,517.38,288,1539834,1842365397,980146470,0.133276493577132,97.3740641743067,0.627111230573746
512.65,522,1725,2621,434700,2450635,2024-08-06,2024-08-09,517.38,896,2015935,330068330,159948781,0.742462931842022,85.6294034632162,0.822617403244465
461.5,467,5325,4419,1027725,2430450,2024-08-06,2024-08-30,517.38,-906,1402725,924143158,497753407,0.262994967712567,94.4602104601634,0.57714620749244
508.63,543,713,706,1657012,2426522,2024-08-06,2024-10-18,517.38,-7,769510,1031157015,459478397,0.235320321221885,95.0094802972368,0.317124674740225
517.87,544,979,928,1561505,2424864,2024-08-06,2024-08-23,517.38,-51,863359,319007115,143080978,0.760128500582189,90.0666369149792,0.356044297742059
515.58,564,508,500,1708404,2421000,2024-08-06,2024-09-20,517.38,-8,712596,2879465219,1426353565,0.0840781122836685,98.996881719237,0.294339529120198
482.48,487,5250,5348,477750,2417296,2024-08-06,2024-08-16,517.38,98,1939546,1842365397,980146470,0.131206111661464,97.5052702859681,0.802361812537645
514.7,538,1028,1035,1503964,2411550,2024-08-06,2024-09-06,517.38,7,907586,84474231,47638935,2.85477591385236,48.9506805927597,0.37634965063963
493.37,508,1633,1640,1133302,2399320,2024-08-06,2024-09-20,517.38,7,1266018,2879465219,1426353565,0.0833251946982451,99.0802069139353,0.527657002817465
516,562,524,518,1734964,2382800,2024-08-06,2024-10-18,517.38,-6,647836,1031157015,459478397,0.231080229813497,95.2405605270503,0.271880141010576
518.65,550,2937,755,5254293,2366925,2024-08-06,2024-08-09,517.38,-2182,-2887368,330068330,159948781,0.717101516525381,86.3465049797416,-1.21988149180899
492.77,499,3611,3775,519984,2351825,2024-08-06,2024-08-16,517.38,164,1831841,1842365397,980146470,0.127652473490306,97.6329227594585,0.778901916596686
518.9,539,1272,1163,1217304,2337630,2024-08-06,2024-08-09,517.38,-109,1120326,330068330,159948781,0.708226081551054,87.0547310612927,0.479257196391217
417.38,420,7922,8916,443632,2335992,2024-08-06,2024-08-30,517.38,994,1892360,924143158,497753407,0.252773824031276,94.7129842841946,0.810088390713667
491.31,507,1598,1486,1096228,2331534,2024-08-06,2024-09-20,517.38,-112,1235306,2879465219,1426353565,0.0809710770116442,99.1611779909469,0.529825428237375
513.22,563,464,464,1738144,2309792,2024-08-06,2024-12-20,517.38,0,571648,1736044285,703482869,0.133049140506229,96.599864904944,0.247488951386099
487.85,493,4157,4463,793987,2298445,2024-08-06,2024-08-16,517.38,306,1504458,1842365397,980146470,0.124755111214239,97.7576778706727,0.654554709814679
509.05,532.5,980,979,1218140,2295755,2024-08-06,2024-09-06,517.38,-1,1077615,84474231,47638935,2.71769860799325,51.668379200753,0.46939460003354
348.47,350,12182,14944,475098,2286432,2024-08-06,2024-09-20,517.38,2762,1811334,2879465219,1426353565,0.0794047444960647,99.240582735443,0.792209871100475
298.13,300,11467,12222,882959,2285514,2024-08-06,2024-11-15,517.38,755,1402555,494062088,201815377,0.462596514792692,92.2822799145843,0.613671585472677
495.78,510,1586,1603,853268,2279466,2024-08-06,2024-09-06,517.38,17,1426198,84474231,47638935,2.69841580445994,54.3667950052129,0.625671977559657
486.44,491,4810,4973,471380,2267688,2024-08-06,2024-08-16,517.38,163,1796308,1842365397,980146470,0.123085681249364,97.8807635519221,0.792131898215275
510.98,556,503,503,1205188,2264506,2024-08-06,2024-12-20,517.38,0,1059318,1736044285,703482869,0.130440566497415,96.7303054714414,0.467792092403376
505.63,511,3257,4177,302901,2243049,2024-08-06,2024-08-09,517.38,920,1940148,330068330,159948781,0.679571105776795,87.7343021670695,0.864960150224092
392,395,7218,7288,606312,2186400,2024-08-06,2024-09-20,517.38,70,1580088,2879465219,1426353565,0.0759307660871593,99.3165135015302,0.722689352360044
516.17,565,509,443,1779973,2163169,2024-08-06,2024-09-06,517.38,-66,383196,84474231,47638935,2.56074423453467,56.9275392397476,0.177145659909143
303.52,305,19309,14392,868905,2130016,2024-08-06,2024-10-18,517.38,-4917,1261111,1031157015,459478397,0.206565631520239,95.4471261585705,0.592066444571309
308.34,310,12385,12786,445860,2122476,2024-08-06,2024-10-18,517.38,401,1676616,1031157015,459478397,0.205834414073205,95.6529605726437,0.789934020455355
503,538,607,606,1153300,2121000,2024-08-06,2024-10-18,517.38,-1,967700,1031157015,459478397,0.205691273893918,95.8586518465376,0.456247053276756
513.77,564,419,418,1369292,2099614,2024-08-06,2024-10-18,517.38,-1,730322,1031157015,459478397,0.203617292949319,96.062269139487,0.347836316580095
398,400,9137,10313,374617,2062600,2024-08-06,2024-08-30,517.38,1176,1687983,924143158,497753407,0.223190528669152,94.9361748128638,0.818376321148066
514.54,532.5,1538,1147,938180,2060012,2024-08-06,2024-08-09,517.38,-391,1121832,330068330,159948781,0.624116830596865,88.3584189976663,0.544575468492417
513.9,537.5,871,871,1014715,2055560,2024-08-06,2024-08-23,517.38,0,1040845,319007115,143080978,0.644361803654442,90.7109987186336,0.50635593220339
322.51,325,8343,8249,1201392,2054001,2024-08-06,2024-12-20,517.38,-94,852609,1736044285,703482869,0.118315011762502,96.8486204832039,0.415096682036669
490.63,501,1974,1973,767886,2046001,2024-08-06,2024-08-30,517.38,-1,1278115,924143158,497753407,0.221394378380498,95.1575691912443,0.624689332996416
519.05,555,2965,568,6671250,2041960,2024-08-06,2024-08-09,517.38,-2397,-4629290,330068330,159948781,0.618647660016337,88.9770666576827,-2.26708162745597
475.36,479,5134,5599,343978,2038036,2024-08-06,2024-08-16,517.38,465,1694058,1842365397,980146470,0.110620618652446,97.9913841705745,0.831220842026343
517.92,533,2699,1345,1705768,2028260,2024-08-06,2024-08-09,517.38,-1354,322492,330068330,159948781,0.614497004302109,89.5915636619848,0.158999339335194
438.39,440,14353,12533,459296,2017813,2024-08-06,2024-08-16,517.38,-1820,1558517,1842365397,980146470,0.109522953659773,98.1009071242343,0.772379303731317
418.91,425,3294,3308,751032,2014572,2024-08-06,2024-10-18,517.38,14,1263540,1031157015,459478397,0.195370052348429,96.2576391918354,0.627200219202888
500.63,505,4699,4602,267843,2011074,2024-08-06,2024-08-09,517.38,-97,1743231,330068330,159948781,0.609290203637532,90.2008538656223,0.866815940139448
515.86,548,625,625,1610000,2008750,2024-08-06,2024-11-15,517.38,0,398750,494062088,201815377,0.406578454163842,92.6888583687482,0.198506533914126
517.87,569,403,392,1218269,2004296,2024-08-06,2024-12-20,517.38,-11,786027,1736044285,703482869,0.115451893555814,96.9640723767597,0.392171116441883
468.58,485,1187,1216,965031,1996672,2024-08-06,2024-11-15,517.38,29,1031641,494062088,201815377,0.404133822144232,93.0929921908924,0.516680255945894
520.03,554,2233,578,4852309,1963466,2024-08-06,2024-08-09,517.38,-1655,-2888843,330068330,159948781,0.594866523546806,90.7957203891691,-1.47129769499446
514.15,542.5,691,691,963254,1958985,2024-08-06,2024-08-23,517.38,0,995731,319007115,143080978,0.614088184208681,91.3250869028423,0.508289241622575
508.31,526,1112,1104,797304,1952976,2024-08-06,2024-08-23,517.38,-8,1155672,319007115,143080978,0.612204527162349,91.9372914300046,0.591749207363531
503.8,525,919,921,947489,1952520,2024-08-06,2024-09-13,517.38,2,1005031,26808473,6971441,7.28321974921884,55.1625562560016,0.514735316411612
514.11,524,2071,1966,631655,1944374,2024-08-06,2024-08-09,517.38,-105,1312719,330068330,159948781,0.589082266693082,91.3848026558622,0.675137087823639
342,345,6492,6480,1051704,1944000,2024-08-06,2024-12-20,517.38,-12,892296,1736044285,703482869,0.111978710266599,97.0760510870263,0.459
484.81,498,1456,1471,787696,1940249,2024-08-06,2024-09-20,517.38,15,1152553,2879465219,1426353565,0.0673822690129184,99.3838957705431,0.594023241346858
513.48,554,475,476,1354700,1928752,2024-08-06,2024-10-18,517.38,1,574052,1031157015,459478397,0.187047362520246,96.4446865543557,0.297628725725236
496.81,527,408,637,779688,1923103,2024-08-06,2024-12-20,517.38,229,1143415,1736044285,703482869,0.11077499673345,97.1868260837597,0.594567737661477
497.81,526,418,681,779570,1919739,2024-08-06,2024-11-15,517.38,263,1140169,494062088,201815377,0.388562297457643,93.4815544883501,0.593918756664317
492.3,495,6525,7074,202275,1909980,2024-08-06,2024-08-09,517.38,549,1707705,330068330,159948781,0.578662000077378,91.9634646559396,0.894095749693714
513.66,537,815,807,930730,1883538,2024-08-06,2024-08-23,517.38,-8,952808,319007115,143080978,0.590437614534083,92.5277290445387,0.505860779023306
501.69,517,1102,1230,771400,1883130,2024-08-06,2024-09-06,517.38,128,1111730,84474231,47638935,2.22923603767402,59.1567752774216,0.590362853334608
498.45,512,1340,1388,670000,1880740,2024-08-06,2024-08-30,517.38,48,1210740,924143158,497753407,0.203511759376138,95.3610809506204,0.643757244488871
519.3,558,727,485,1962900,1876950,2024-08-06,2024-08-23,517.38,-242,-85950,319007115,143080978,0.588372456833761,93.1161015013725,-0.0457923759290338
332.28,335,6892,6884,385952,1872448,2024-08-06,2024-12-20,517.38,-8,1486496,1736044285,703482869,0.107857156420408,97.2946832401801,0.793878388078067
517.14,570,414,349,1581894,1844814,2024-08-06,2024-10-18,517.38,-65,262920,1031157015,459478397,0.178907186118498,96.6235937404741,0.14251843275257
464.2,465,23497,22945,305461,1835600,2024-08-06,2024-08-09,517.38,-552,1530139,330068330,159948781,0.556127272192397,92.519591928132,0.833590651558074
349.71,350,63296,63106,632960,1830074,2024-08-06,2024-08-16,517.38,-190,1197114,1842365397,980146470,0.0993328469466472,98.2002399711809,0.654134204409221
482.66,492,1909,1956,500158,1826904,2024-08-06,2024-08-30,517.38,47,1326746,924143158,497753407,0.197686255012018,95.5587672056324,0.726226446490894
496.46,503,2733,2789,456411,1824006,2024-08-06,2024-08-16,517.38,56,1367595,1842365397,980146470,0.0990034877429909,98.2992434589239,0.749775494159559
499.28,507,2452,2361,502660,1822692,2024-08-06,2024-08-16,517.38,-91,1320032,1842365397,980146470,0.0989321663861015,98.39817562531,0.724221097146419
498.99,531,568,566,1162696,1811766,2024-08-06,2024-12-20,517.38,-2,649070,1736044285,703482869,0.104361738675347,97.3990449788555,0.358252666183161
505.84,522,535,1118,317255,1806688,2024-08-06,2024-08-23,517.38,583,1489433,319007115,143080978,0.566347242756639,93.6824487441291,0.824399674985388
443.9,455,1621,1614,902897,1791540,2024-08-06,2024-11-15,517.38,-7,888643,494062088,201815377,0.362614344130772,93.8441688324808,0.496021858289516
463.32,466,6636,6661,477792,1785148,2024-08-06,2024-08-16,517.38,25,1307356,1842365397,980146470,0.0968943513000641,98.4950699766101,0.732351603340451
445.83,450,3562,4280,327704,1784760,2024-08-06,2024-08-30,517.38,718,1457056,924143158,497753407,0.193125922596508,95.7518931282289,0.816387637553509
513.38,541,651,640,938091,1767680,2024-08-06,2024-08-23,517.38,-11,829589,319007115,143080978,0.554119302323398,94.2365680464525,0.469309490405503
506.1,533,646,653,1105952,1756570,2024-08-06,2024-10-18,517.38,7,650618,1031157015,459478397,0.170349420548722,96.7939431610229,0.37039116004486
484.4,489,3704,3806,407440,1750760,2024-08-06,2024-08-16,517.38,102,1343320,1842365397,980146470,0.0950278377378795,98.590097814348,0.76727821060568
474.78,480,1775,3322,221875,1734084,2024-08-06,2024-08-23,517.38,1547,1512209,319007115,143080978,0.543587875775122,94.7801559222276,0.872050604238318
510.8,546,493,492,1121082,1731840,2024-08-06,2024-10-18,517.38,-1,610758,1031157015,459478397,0.167951143696579,96.9618943047194,0.352664218403548
500.78,514,1295,1293,682465,1709346,2024-08-06,2024-08-30,517.38,-2,1026881,924143158,497753407,0.184965498602977,95.9368586268319,0.600744963278353
496.89,528,325,547,631800,1701717,2024-08-06,2024-12-20,517.38,222,1069917,1736044285,703482869,0.0980226722730175,97.4970676511285,0.62872792597124
512.1,542,570,569,1022580,1701310,2024-08-06,2024-09-06,517.38,-1,678730,84474231,47638935,2.01399880159903,61.1707740790206,0.398945518453427
248.67,250,13007,12706,702378,1689898,2024-08-06,2024-12-20,517.38,-301,987520,1736044285,703482869,0.0973418716677495,97.5944095227963,0.584366630412013
513.93,539,677,671,835418,1682197,2024-08-06,2024-08-23,517.38,-6,846779,319007115,143080978,0.527322721312971,95.3074786435406,0.503376833985556
519.05,552.5,1738,493,3715844,1649085,2024-08-06,2024-08-09,517.38,-1245,-2066759,330068330,159948781,0.49961927580268,93.0192112039346,-1.25327621074717
487.98,497,1773,1820,618777,1641640,2024-08-06,2024-08-30,517.38,47,1022863,924143158,497753407,0.177639144518776,96.1144977713507,0.62307387734217
448.18,460,1235,1379,657020,1629978,2024-08-06,2024-11-15,517.38,144,972958,494062088,201815377,0.329913595798915,94.1740824282797,0.596914804985098
481.72,494,1295,1324,638435,1625872,2024-08-06,2024-09-20,517.38,29,987437,2879465219,1426353565,0.0564643736368743,99.44036014418,0.607327637107964
491.84,502,1595,1575,671495,1600200,2024-08-06,2024-08-30,517.38,-20,928705,924143158,497753407,0.173154990776873,96.2876527621276,0.580368078990126
478.56,482,4426,4622,318672,1589968,2024-08-06,2024-08-16,517.38,196,1271296,1842365397,980146470,0.0863003616214792,98.6763981759695,0.799573324746158
467.85,471,5038,5000,337546,1575000,2024-08-06,2024-08-16,517.38,-38,1237454,1842365397,980146470,0.0854879277783136,98.7618861037478,0.785685079365079
483.93,497,1182,1203,620550,1572321,2024-08-06,2024-09-20,517.38,21,951771,2879465219,1426353565,0.0546046185807393,99.4949647627607,0.605328682883457
514,567,316,295,976440,1563500,2024-08-06,2024-12-20,517.38,-21,587060,1736044285,703482869,0.0900610666161664,97.6844705894124,0.375478094019827
505.31,543,413,413,1063062,1556597,2024-08-06,2024-11-15,517.38,0,493535,494062088,201815377,0.315061009093254,94.489143437373,0.317060228177235
474.98,482,2104,2155,477608,1512810,2024-08-06,2024-08-30,517.38,51,1035202,924143158,497753407,0.163698663665267,96.4513514257929,0.684290823037923
476.02,484,1770,1867,382320,1489866,2024-08-06,2024-08-30,517.38,97,1107546,924143158,497753407,0.161215931439055,96.6125673572319,0.743386317964166
465.07,471,2562,2509,415044,1487837,2024-08-06,2024-08-30,517.38,-53,1072793,924143158,497753407,0.160996376710717,96.7735637339426,0.72104202274846
520.17,559,385,383,1260105,1487189,2024-08-06,2024-10-18,517.38,-2,227084,1031157015,459478397,0.144225271066017,97.1061195757855,0.152693437081635
474.32,478,4849,4038,324883,1485984,2024-08-06,2024-08-16,517.38,-811,1161101,1842365397,980146470,0.0806563129344314,98.8425424166822,0.781368440037039
449.79,455,9,2810,1701,1464010,2024-08-06,2024-09-13,517.38,2801,1462309,26808473,6971441,5.4609973496066,60.6235536056082,0.998838122690419
503.99,519,1225,970,777875,1455970,2024-08-06,2024-08-30,517.38,-255,678095,924143158,497753407,0.157548101438197,96.9311118353808,0.465734184083463
510.7,532,724,683,660288,1454790,2024-08-06,2024-08-23,517.38,-41,794502,319007115,143080978,0.456036850463351,95.763515494004,0.546128307178356
509.96,554,330,330,1024650,1453320,2024-08-06,2024-12-20,517.38,0,428670,1736044285,703482869,0.0837144543233815,97.7681850437358,0.294959128065395
519.32,542.5,765,626,908820,1451068,2024-08-06,2024-08-09,517.38,-139,542248,330068330,159948781,0.439626546418434,93.4588377503531,0.373688896729857
481.05,493,1205,1209,573580,1444755,2024-08-06,2024-09-20,517.38,4,871175,2879465219,1426353565,0.0501744209468779,99.5451391837076,0.60299151067136
517.11,561,326,324,994300,1422036,2024-08-06,2024-08-30,517.38,-2,427736,924143158,497753407,0.153876159520298,97.0849879949011,0.300791259855587
384,392,1771,1770,274505,1416000,2024-08-06,2024-10-18,517.38,-1,1141495,1031157015,459478397,0.137321472811781,97.2434410485972,0.806140536723164
428.56,430,9721,9807,320793,1412208,2024-08-06,2024-08-16,517.38,86,1091415,1842365397,980146470,0.0766518955631471,98.9191943122453,0.772842952312974
470,475,2440,2812,263520,1406000,2024-08-06,2024-08-23,517.38,372,1142480,319007115,143080978,0.440742520742837,96.2042580147468,0.812574679943101
506.58,544,400,370,1114800,1384540,2024-08-06,2024-12-20,517.38,-30,269740,1736044285,703482869,0.0797525738233112,97.8479376175591,0.194822829242926
511.65,552,340,342,971380,1379970,2024-08-06,2024-11-15,517.38,2,408590,494062088,201815377,0.279311048857487,94.7684544862305,0.296086146800293
368.06,370,7172,7100,430320,1377400,2024-08-06,2024-09-20,517.38,-72,947080,2879465219,1426353565,0.0478352713174411,99.592974455025,0.687585305648323
488.05,490,8976,7050,215424,1374750,2024-08-06,2024-08-09,517.38,-1926,1159326,330068330,159948781,0.416504667382054,93.8753424177351,0.843299509001637
498.45,526,443,496,829739,1366480,2024-08-06,2024-12-20,517.38,53,536741,1736044285,703482869,0.0787122777804024,97.9266498953395,0.392790966571044
509.19,528,746,724,574420,1361844,2024-08-06,2024-08-23,517.38,-22,787424,319007115,143080978,0.426900823199508,96.6311588379463,0.578204258343834
507.68,530,674,606,709722,1352592,2024-08-06,2024-09-06,517.38,-68,642870,84474231,47638935,1.60118888800538,62.771962967026,0.475287448099649
485.84,494,1710,1640,475380,1338240,2024-08-06,2024-08-30,517.38,-70,862860,924143158,497753407,0.144808733194127,97.2297967280952,0.644772238163558
488.36,494,2316,2367,305712,1334988,2024-08-06,2024-08-16,517.38,51,1029276,1842365397,980146470,0.0724605445897875,98.9916548568351,0.771000188765742
417.54,425,1755,1782,593190,1329372,2024-08-06,2024-11-15,517.38,27,736182,494062088,201815377,0.269069825896052,95.0375243121265,0.553781785685271
514.22,566,257,255,753524,1320390,2024-08-06,2024-12-20,517.38,-2,566866,1736044285,703482869,0.0760573915889479,98.0027072869285,0.429317095706572
422.17,430,1682,1684,581972,1318572,2024-08-06,2024-11-15,517.38,2,736600,494062088,201815377,0.266883865818905,95.3044081779455,0.558634644145333
268.38,270,8796,8132,589332,1317384,2024-08-06,2024-12-20,517.38,-664,728052,1736044285,703482869,0.0758842393239986,98.0785915262525,0.552649796870161
510.45,546,363,365,996435,1297575,2024-08-06,2024-12-20,517.38,2,301140,1736044285,703482869,0.0747431970031801,98.1533347232556,0.232079070573955
506.57,539,403,400,781417,1297200,2024-08-06,2024-10-18,517.38,-3,515783,1031157015,459478397,0.125800433991132,97.3692414825884,0.397612550107925
374.43,375,22538,22545,856444,1285065,2024-08-06,2024-08-16,517.38,7,428621,1842365397,980146470,0.0697508215304372,99.0614056783656,0.3335403267539
511.29,553,308,308,962500,1284668,2024-08-06,2024-12-20,517.38,0,322168,1736044285,703482869,0.0739997251855819,98.2273344484412,0.250779189642772
470.39,477,1877,1938,341614,1281018,2024-08-06,2024-08-30,517.38,61,939404,924143158,497753407,0.138616835379957,97.3684135634752,0.733326151545099
443.18,445,7206,7020,475596,1277640,2024-08-06,2024-08-16,517.38,-186,802044,1842365397,980146470,0.069347807013768,99.1307534853793,0.627754296985066
509.71,518,656,1541,118080,1277489,2024-08-06,2024-08-09,517.38,885,1159409,330068330,159948781,0.387037738519173,94.2623801562543,0.907568675738108
518.15,543,514,512,895388,1272320,2024-08-06,2024-09-06,517.38,-2,376932,84474231,47638935,1.50616345948151,64.2781264265075,0.296255658953722
490.54,493,284,5166,8236,1270836,2024-08-06,2024-08-09,517.38,4882,1262600,330068330,159948781,0.385022095273424,94.6474022515277,0.993519226713754
512.7,553,313,313,970300,1261390,2024-08-06,2024-11-15,517.38,0,291090,494062088,201815377,0.255310016825254,95.5597181947707,0.230769230769231
518.33,559,313,310,795646,1260770,2024-08-06,2024-12-20,517.38,-3,465124,1736044285,703482869,0.07262314739857,98.2999575958398,0.368920580280305
505.93,523,712,734,637952,1252938,2024-08-06,2024-09-06,517.38,22,614986,84474231,47638935,1.48321918432143,65.761345610829,0.490835141084395
519.41,544,510,508,970530,1249172,2024-08-06,2024-09-06,517.38,-2,278642,84474231,47638935,1.47876102003225,67.2401066308612,0.22306135584211
513.16,531,731,691,648397,1232744,2024-08-06,2024-08-23,517.38,-40,584347,319007115,143080978,0.386431506394458,97.0175903443408,0.474021370211496
457.46,462,2385,2715,314820,1232610,2024-08-06,2024-08-30,517.38,330,917790,924143158,497753407,0.133378685902688,97.5017922493779,0.744590746464819
466.11,472,2179,2081,383504,1225709,2024-08-06,2024-08-30,517.38,-98,842205,924143158,497753407,0.132631940126315,97.6344241895042,0.687116599453867
470.11,473,4069,4210,297037,1216690,2024-08-06,2024-08-16,517.38,141,919653,1842365397,980146470,0.0660395599038707,99.1967930452832,0.755864682047194
505.57,525,697,624,627300,1212432,2024-08-06,2024-09-06,517.38,-73,585132,84474231,47638935,1.43526846666411,68.6753750975253,0.482610158755295
436.42,440,3176,3347,254080,1198226,2024-08-06,2024-08-30,517.38,171,944146,924143158,497753407,0.129658050230352,97.7640822397345,0.7879531908004
478.91,483,2875,2901,209875,1186509,2024-08-06,2024-08-16,517.38,26,976634,1842365397,980146470,0.0644013940954407,99.2611944393786,0.82311554316065
535.44,557.5,573,531,1264038,1171386,2024-08-06,2024-08-23,517.38,-42,-92652.0000000002,319007115,143080978,0.367197452633619,97.3847877969744,-0.0790960451977403
504,541,317,316,762702,1169200,2024-08-06,2024-12-20,517.38,-1,406498,1736044285,703482869,0.0673485123681623,98.367306108208,0.347671912418748
491.17,505,420,839,231840,1160337,2024-08-06,2024-09-13,517.38,419,928497,26808473,6971441,4.32824726719795,64.9518008728062,0.800195977547902
489.88,499,1330,1272,424270,1160064,2024-08-06,2024-08-30,517.38,-58,735794,924143158,497753407,0.125528603437434,97.889610843172,0.634270178197065
494.6,510,344,749,217752,1153460,2024-08-06,2024-09-13,517.38,405,935708,26808473,6971441,4.30259492959558,69.2543958024017,0.811218421098261
450.92,455,2360,2826,240720,1153008,2024-08-06,2024-08-30,517.38,466,912288,924143158,497753407,0.124765085367867,98.0143759285399,0.791224345364473
509.14,517,964,1452,154240,1141272,2024-08-06,2024-08-09,517.38,488,987032,330068330,159948781,0.345768404984507,94.9931706565122,0.864852550487526
514.98,570,216,206,885600,1133412,2024-08-06,2024-11-15,517.38,-10,247812,494062088,201815377,0.229406794718481,95.7891249894892,0.218642470699093
287.93,290,5422,5460,466292,1130220,2024-08-06,2024-12-20,517.38,38,663928,1736044285,703482869,0.0651031779411088,98.4324092861491,0.587432535258622
299.29,300,15914,15740,318280,1117540,2024-08-06,2024-09-20,517.38,-174,799260,2879465219,1426353565,0.0388106788936352,99.6317851339187,0.715195876657659
468.32,474,1917,1953,352728,1109304,2024-08-06,2024-08-30,517.38,36,756576,924143158,497753407,0.120035947936975,98.1344118764768,0.682027649769585
512.34,546,319,327,563354,1100682,2024-08-06,2024-11-15,517.38,8,537328,494062088,201815377,0.22278212126246,96.0119071107516,0.488177330055366
518.7,552,1548,330,3210552,1098900,2024-08-06,2024-08-09,517.38,-1218,-2111652,330068330,159948781,0.3329310630923,95.3261017196045,-1.92160524160524
436.95,445,1275,1365,381225,1098825,2024-08-06,2024-10-18,517.38,90,717600,1031157015,459478397,0.106562335707914,97.4758038182963,0.653061224489796
506.97,523,636,681,399408,1091643,2024-08-06,2024-08-23,517.38,45,692235,319007115,143080978,0.342200204531488,97.7269880015059,0.634122144327404
510.4,519,836,1255,160512,1079300,2024-08-06,2024-08-09,517.38,419,918788,330068330,159948781,0.326992898712821,95.6530946183174,0.851281386083573
503.77,539,298,304,692552,1070992,2024-08-06,2024-12-20,517.38,6,378440,1736044285,703482869,0.0616915138198793,98.4941007999689,0.353354646906793
458.21,463,2228,2232,325288,1069128,2024-08-06,2024-08-30,517.38,4,743840,924143158,497753407,0.115688569540868,98.2501004460177,0.695744569406095
410.67,416,1017,1991,254250,1061203,2024-08-06,2024-10-18,517.38,974,806953,1031157015,459478397,0.102913812791159,97.5787176310875,0.760413417602476
471.99,478,1610,1762,323610,1058962,2024-08-06,2024-08-30,517.38,152,735352,924143158,497753407,0.114588523523971,98.3646889695417,0.694408297937037
477.79,486,1275,1277,312375,1048417,2024-08-06,2024-08-30,517.38,2,736042,924143158,497753407,0.113447466545005,98.4781364360867,0.702050806120084
499.62,527,248,379,416144,1037702,2024-08-06,2024-11-15,517.38,131,621558,494062088,201815377,0.210034735553318,96.221941846305,0.598975428398519
480.61,488,1295,1387,303030,1024993,2024-08-06,2024-08-30,517.38,92,721963,924143158,497753407,0.11091279431406,98.5890492304007,0.704358956597752
506.6,513,1413,1591,158256,1018240,2024-08-06,2024-08-09,517.38,178,859984,330068330,159948781,0.308493698865323,95.9615883171827,0.844578881206788
498.17,533,292,292,645028,1017036,2024-08-06,2024-12-20,517.38,0,372008,1736044285,703482869,0.058583528587809,98.5526843285568,0.365776629342521
263.63,265,7379,7340,457498,1005580,2024-08-06,2024-12-20,517.38,-39,548082,1736044285,703482869,0.0579236375873902,98.6106079661442,0.545040673044412
539.69,577,268,268,999908,999908,2024-08-06,2024-12-20,517.38,0,0,1736044285,703482869,0.0575969178113449,98.6682048839555,0
509.22,535,381,384,511302,989952,2024-08-06,2024-09-06,517.38,3,478650,84474231,47638935,1.17189820881589,69.8472733063412,0.483508291311094
481.75,489,1572,1365,377280,989625,2024-08-06,2024-08-30,517.38,-207,612345,924143158,497753407,0.107085681632023,98.6961349120327,0.61876468359227
447.25,450,1966,3597,125824,989175,2024-08-06,2024-08-23,517.38,1631,863351,319007115,143080978,0.310079290864719,98.0370672923706,0.872799049713145
514.67,568,186,185,563394,986605,2024-08-06,2024-12-20,517.38,-1,423211,1736044285,703482869,0.0568306355157294,98.7250355194712,0.428956877372403
513.65,523,951,1050,265329,981750,2024-08-06,2024-08-09,517.38,99,716421,330068330,159948781,0.2974384122221,96.2590267294048,0.729738731856379
501.73,534,291,304,619539,981008,2024-08-06,2024-12-20,517.38,13,361469,1736044285,703482869,0.0565082359059752,98.7815437553772,0.368466923817135
454.7,459,2262,2280,255606,980400,2024-08-06,2024-08-30,517.38,18,724794,924143158,497753407,0.106087459666071,98.8022223716988,0.739283965728274
475.87,483,1397,1375,280797,980375,2024-08-06,2024-08-30,517.38,-22,699578,924143158,497753407,0.106084754457491,98.9083071261563,0.713582047685835
505.88,519,0,728,0,955136,2024-08-06,2024-08-23,517.38,728,955136,319007115,143080978,0.29940899594042,98.336476288311,1
518.36,575,174,168,741414,951552,2024-08-06,2024-10-18,517.38,-6,210138,1031157015,459478397,0.092280029729517,97.670997660817,0.220837116626312
338.66,340,4337,7070,186491,947380,2024-08-06,2024-09-20,517.38,2733,760889,2879465219,1426353565,0.0329012482508475,99.6646863821695,0.803150794823619
510.32,548,246,251,727176,945768,2024-08-06,2024-12-20,517.38,5,218592,1736044285,703482869,0.054478333771307,98.8360220891485,0.231126449615551
433.45,435,6052,6042,175508,936510,2024-08-06,2024-08-16,517.38,-10,761002,1842365397,980146470,0.050831936027726,99.3120263754064,0.812593565471805
470.66,474,2480,2797,168640,934198,2024-08-06,2024-08-16,517.38,317,765558,1842365397,980146470,0.0507064451775524,99.3627328205839,0.819481523188874
518.86,559,234,229,674622,919206,2024-08-06,2024-08-09,517.38,-5,244584,330068330,159948781,0.278489608500155,96.537516337905,0.266081814087376
508.13,514,737,1563,89914,917481,2024-08-06,2024-08-09,517.38,826,827567,330068330,159948781,0.277966989441247,96.8154833273462,0.901999060471007
343.58,345,6067,6392,327618,907664,2024-08-06,2024-09-20,517.38,325,580046,2879465219,1426353565,0.0315219643568127,99.6962083465263,0.639053658622574
514.4,549,194,262,442320,906520,2024-08-06,2024-09-06,517.38,68,464200,84474231,47638935,1.07313199453689,70.9204053008781,0.512068128667873
453.8,458,2301,2153,384267,904260,2024-08-06,2024-08-30,517.38,-148,519993,924143158,497753407,0.0978484764153824,99.0061556025717,0.575048105633336
472.22,479,1319,1332,249291,903096,2024-08-06,2024-08-30,517.38,13,653805,924143158,497753407,0.0977225219039062,99.1038781244756,0.723959579048075
473.41,477,2285,2494,205650,895346,2024-08-06,2024-08-16,517.38,209,689696,1842365397,980146470,0.0485976344029219,99.4113304549868,0.770312259171315
478.51,480,4434,5949,88680,886401,2024-08-06,2024-08-09,517.38,1515,797721,330068330,159948781,0.268550757353788,97.0840340847,0.899954986512876
474.7,481,1430,1405,286000,885150,2024-08-06,2024-08-30,517.38,-25,599150,924143158,497753407,0.0957806149769709,99.1996587394526,0.676890922442524
519.02,553,1732,260,3709944,883480,2024-08-06,2024-08-09,517.38,-1472,-2826464,330068330,159948781,0.267665789080703,97.3516998737807,-3.19923937157604
511.32,540,312,308,483600,883344,2024-08-06,2024-09-06,517.38,-4,399744,84474231,47638935,1.04569640888474,71.9661017097628,0.452534912785959
469.43,476,1187,1342,202977,881694,2024-08-06,2024-08-30,517.38,155,678717,924143158,497753407,0.0954066469428971,99.2950653863955,0.769787477288039
478.82,485,766,1419,111070,876942,2024-08-06,2024-08-23,517.38,653,765872,319007115,143080978,0.274897316945423,98.6113736052564,0.873343961174171
517.3,559,1150,210,3203900,875700,2024-08-06,2024-08-23,517.38,-940,-2328200,319007115,143080978,0.274507983936346,98.8858815891928,-2.65867306155076
413.98,415,8456,8564,270592,873528,2024-08-06,2024-08-16,517.38,108,602936,1842365397,980146470,0.0474133959214824,99.4587438509083,0.690230879834419
307.85,310,4044,4029,436752,866235,2024-08-06,2024-12-20,517.38,-15,429483,1736044285,703482869,0.0498970566295203,98.885919145778,0.495804256350759
503.5,534,283,282,594583,860100,2024-08-06,2024-11-15,517.38,-1,265517,494062088,201815377,0.174087431699475,96.3960292780044,0.308704801767236
524.76,558,258,258,857592,857592,2024-08-06,2024-11-15,517.38,0,0,494062088,201815377,0.173579803192671,96.5696090811971,0
516.55,573,4,151,13300,852395,2024-08-06,2024-10-18,517.38,147,839095,1031157015,459478397,0.082663938430366,97.7536615992473,0.984396905190669
504.91,538,313,257,656987,850413,2024-08-06,2024-11-15,517.38,-56,193426,494062088,201815377,0.1721267469525,96.7417358281496,0.227449486308417
508.29,549,200,207,6e+05,842697,2024-08-06,2024-12-20,517.38,7,242697,1736044285,703482869,0.0485412156407058,98.9344603614187,0.288000313279862
119.81,120,54066,44019,378462,836361,2024-08-06,2024-12-20,517.38,-10047,457899,1736044285,703482869,0.0481762479924295,98.9826366094112,0.547489660565234
509.98,534,345,345,415380,828690,2024-08-06,2024-09-06,517.38,0,413310,84474231,47638935,0.980997388422512,72.9470990981853,0.498751040799334
513,558,185,184,463425,828000,2024-08-06,2024-12-20,517.38,-1,364575,1736044285,703482869,0.0476946358542922,99.0303312452654,0.440307971014493
333.83,335,7091,7064,340368,826488,2024-08-06,2024-09-20,517.38,-27,486120,2879465219,1426353565,0.0287028297666686,99.724911176293,0.588175508900311
477.16,481,1283,2139,89810,821376,2024-08-06,2024-08-16,517.38,856,731566,1842365397,980146470,0.0445826870900572,99.5033265379984,0.890659089138227
487.19,496,1099,928,384650,817568,2024-08-06,2024-08-30,517.38,-171,432918,924143158,497753407,0.0884676787273255,99.3835330651228,0.529519257113781
537.65,571,245,245,817075,817075,2024-08-06,2024-12-20,517.38,0,0,1736044285,703482869,0.0470653316312147,99.0773965768967,0
497.95,515,654,479,479382,816695,2024-08-06,2024-09-13,517.38,-175,337313,26808473,6971441,3.04640626118466,72.3008020635864,0.413021997196016
394.22,395,10391,10410,145474,811980,2024-08-06,2024-08-16,517.38,19,666506,1842365397,980146470,0.044072690538054,99.5473992285364,0.820840414788542
514.06,547,245,245,481915,807030,2024-08-06,2024-09-06,517.38,0,325115,84474231,47638935,0.955356432898454,73.9024555310838,0.402853673345476
487.15,500,3756,622,1787856,799270,2024-08-06,2024-09-13,517.38,-3134,-988586,26808473,6971441,2.98140815405637,75.2822102176428,-1.2368611357864
511.73,539,290,293,414410,799011,2024-08-06,2024-09-06,517.38,3,384601,84474231,47638935,0.945863597148342,74.8483191282321,0.481346314381154
506.53,512,912,1447,93936,791509,2024-08-06,2024-08-09,517.38,535,697573,330068330,159948781,0.239801558665141,97.5915014324458,0.881320364013549
363.13,365,4175,4166,229625,779042,2024-08-06,2024-09-20,517.38,-9,549417,2879465219,1426353565,0.0270550932464658,99.7519662695395,0.705246957160204
503.06,526,329,338,479353,775372,2024-08-06,2024-10-18,517.38,9,296019,1031157015,459478397,0.0751943679498704,97.8288559671972,0.381776747161363
504.18,537,225,236,517725,774552,2024-08-06,2024-12-20,517.38,11,256827,1736044285,703482869,0.0446159125485673,99.1220124894452,0.331581352833638
506.85,539,239,238,537750,765170,2024-08-06,2024-11-15,517.38,-1,227420,494062088,201815377,0.154873247428773,96.8966090755784,0.297214997974306
513.55,545,239,242,414665,761090,2024-08-06,2024-09-06,517.38,3,346425,84474231,47638935,0.900972984293873,75.749292112526,0.455169559447634
492.91,505,561,629,260304,760461,2024-08-06,2024-09-06,517.38,68,500157,84474231,47638935,0.900228378521729,76.6495204910477,0.657702367379787
505.77,521,431,493,240929,750839,2024-08-06,2024-08-23,517.38,62,509910,319007115,143080978,0.235367477618799,99.1212490668116,0.679120290768061
503.36,537,221,223,491725,750172,2024-08-06,2024-11-15,517.38,2,258447,494062088,201815377,0.15183759657349,97.0484466721519,0.344516990770117
421.84,428,1127,1186,361767,730576,2024-08-06,2024-10-18,517.38,59,368809,1031157015,459478397,0.070850121695579,97.8997060888928,0.504819484899586
278.01,280,3657,3655,270618,727345,2024-08-06,2024-12-20,517.38,-2,456727,1736044285,703482869,0.0418966846804832,99.1639091741257,0.627937223738391
500.73,520,335,372,287430,716844,2024-08-06,2024-09-13,517.38,37,429414,26808473,6971441,2.67394565889672,77.9561558765395,0.599034099469341
319.02,320,7249,7261,304458,711578,2024-08-06,2024-09-20,517.38,12,407120,2879465219,1426353565,0.0247121581918993,99.7766784277314,0.572136856395223
473.91,475,6267,6511,131607,709699,2024-08-06,2024-08-09,517.38,244,578092,330068330,159948781,0.215015781732225,97.806517214178,0.814559411806977
258.75,260,5703,5673,359289,709125,2024-08-06,2024-12-20,517.38,-30,349836,1736044285,703482869,0.04084717228282,99.2047563464085,0.493334743521946
379.38,380,11540,11387,253880,705994,2024-08-06,2024-08-16,517.38,-153,452114,1842365397,980146470,0.0383199771961414,99.5857192057326,0.640393544421058
537.81,566,249,249,701931,701931,2024-08-06,2024-11-15,517.38,0,0,494062088,201815377,0.142073439158521,97.1905201113104,0
403.91,410,1082,1152,320272,701568,2024-08-06,2024-11-15,517.38,70,381296,494062088,201815377,0.141999966611484,97.3325200779219,0.543491151249772
500.98,518,125,412,93625,701224,2024-08-06,2024-09-06,517.38,287,607599,84474231,47638935,0.830104034921608,77.4796245259693,0.866483463201488
507.15,528,268,335,264248,698475,2024-08-06,2024-09-06,517.38,67,434227,84474231,47638935,0.826849788073241,78.3064743140426,0.621678657074341
481.62,492,27,671,9828,696498,2024-08-06,2024-09-06,517.38,644,686670,84474231,47638935,0.824509429390366,79.130983743433,0.985889406717607
312.75,315,3090,3088,395520,694800,2024-08-06,2024-12-20,517.38,-2,299280,1736044285,703482869,0.0400220205212104,99.2447783669297,0.430742659758204
520.33,558,542,184,1392398,693128,2024-08-06,2024-08-09,517.38,-358,-699270,330068330,159948781,0.209995306123432,98.0165125203015,-1.00886127814776
397.4,401,1829,1843,327391,663480,2024-08-06,2024-10-18,517.38,14,336089,1031157015,459478397,0.0643432562013846,97.9640493450942,0.506554832097426
483.63,493,697,707,218858,662459,2024-08-06,2024-08-30,517.38,10,443601,924143158,497753407,0.0716835908230573,99.4552166559459,0.669627856214498
503.04,508,0,1333,0,661168,2024-08-06,2024-08-09,517.38,1333,661168,330068330,159948781,0.200312462574037,98.2168249828755,1
302.98,305,3400,3266,343400,659732,2024-08-06,2024-12-20,517.38,-134,316332,1736044285,703482869,0.0380020259679032,99.2827803928976,0.479485609308022
283.42,285,5347,4175,411719,659650,2024-08-06,2024-12-20,517.38,-1172,247931,1736044285,703482869,0.0379973025860916,99.3207776954837,0.375852345941029
293.18,295,3585,3583,308310,652106,2024-08-06,2024-12-20,517.38,-2,343796,1736044285,703482869,0.0375627514594191,99.3583404469432,0.527208766672903
468.97,472,2319,2151,157692,651753,2024-08-06,2024-08-16,517.38,-168,494061,1842365397,980146470,0.0353758815195551,99.6210950872521,0.758049445111875
218.99,220,6417,6400,243846,646400,2024-08-06,2024-12-20,517.38,-17,402554,1736044285,703482869,0.0372340732079885,99.3955745201512,0.622762995049505
497.45,513,32,414,23648,643770,2024-08-06,2024-09-06,517.38,382,620122,84474231,47638935,0.762090394170028,79.893074137603,0.963266383957003
404.1,405,7294,7138,123998,642420,2024-08-06,2024-08-16,517.38,-156,518422,1842365397,980146470,0.034869304484663,99.6559643917368,0.806982970642259
514.25,548,189,190,362124,641250,2024-08-06,2024-09-06,517.38,1,279126,84474231,47638935,0.759107235909611,80.6521813735126,0.435284210526316
378.05,381,2170,2169,232190,639855,2024-08-06,2024-10-18,517.38,-1,407665,1031157015,459478397,0.0620521405268237,98.026101485621,0.637120910206219
358.28,360,3758,3705,210448,637260,2024-08-06,2024-09-20,517.38,-53,426812,2879465219,1426353565,0.0221311928268858,99.7988096205582,0.669761164987603
426.42,433,927,944,270684,621152,2024-08-06,2024-10-18,517.38,17,350468,1031157015,459478397,0.0602383527401014,98.0863398383611,0.564222605739014
510.22,532,264,278,430056,605484,2024-08-06,2024-10-18,517.38,14,175428,1031157015,459478397,0.0587188945225767,98.1450587328837,0.28973185088293
515.52,536,298,293,327800,600064,2024-08-06,2024-08-23,517.38,-5,272264,319007115,143080978,0.188103641512823,99.3093527083244,0.453724936006826
428.16,435,776,868,197104,593712,2024-08-06,2024-10-18,517.38,92,396608,1031157015,459478397,0.0575772643121669,98.2026359971958,0.668014121324817
408.67,414,878,1113,116774,593229,2024-08-06,2024-10-18,517.38,235,476455,1031157015,459478397,0.0575304237250425,98.2601664209209,0.803155273933001
507.62,547,145,150,429345,590700,2024-08-06,2024-12-20,517.38,5,161355,1736044285,703482869,0.0340256297090947,99.4296001498602,0.273158963941087
520.77,547,225,225,590175,590175,2024-08-06,2024-11-15,517.38,0,0,494062088,201815377,0.119453610049108,97.451973687971,0
520.24,542.5,264,265,448800,589890,2024-08-06,2024-09-06,517.38,1,141090,84474231,47638935,0.698307629459213,81.3504890029718,0.239180186136398
472.04,480,609,740,139461,589040,2024-08-06,2024-09-06,517.38,131,449579,84474231,47638935,0.697301405442803,82.0477904084146,0.763240187423605
515,557,139,140,338326,588000,2024-08-06,2024-11-15,517.38,1,249674,494062088,201815377,0.119013381978016,97.570987069949,0.424615646258503
528.47,547.5,305,305,580415,580415,2024-08-06,2024-09-06,517.38,0,0,84474231,47638935,0.687091191158639,82.7348815995732,0
472.94,476,1729,1887,174629,577422,2024-08-06,2024-08-16,517.38,158,402793,1842365397,980146470,0.0313413398308631,99.6873057315677,0.697571273695841
361.31,365,1753,1543,268209,569367,2024-08-06,2024-11-15,517.38,-210,301158,494062088,201815377,0.115241993633804,97.6862290635828,0.528934764396251
384.79,390,1083,1084,219849,564764,2024-08-06,2024-11-15,517.38,1,344915,494062088,201815377,0.114310329352776,97.8005393929356,0.61072412547542
502.2,536,150,167,346800,564460,2024-08-06,2024-12-20,517.38,17,217660,1736044285,703482869,0.0325141475293644,99.4621142973896,0.385607483258335
524.64,554,192,192,563712,563712,2024-08-06,2024-11-15,517.38,0,0,494062088,201815377,0.114097400648965,97.9146367935845,0
264.47,265,10788,10598,172608,561694,2024-08-06,2024-09-20,517.38,-190,389086,2879465219,1426353565,0.0195068860805712,99.8183165066388,0.692701008022162
323.84,325,4843,4834,184034,560744,2024-08-06,2024-09-20,517.38,-9,376710,2879465219,1426353565,0.0194738938432026,99.837790400482,0.671803889118742
516.59,566,111,111,394494,548451,2024-08-06,2024-10-18,517.38,0,153957,1031157015,459478397,0.0531879230826937,98.3133543440036,0.280712406395466
506.77,529,162,246,173502,546858,2024-08-06,2024-09-06,517.38,84,373356,84474231,47638935,0.647366650783717,83.382248250357,0.682729337414832
513.42,536,237,242,328008,546436,2024-08-06,2024-09-06,517.38,5,218428,84474231,47638935,0.646867090154393,84.0291153405114,0.399732082073655
464.58,469,1227,1232,246627,544544,2024-08-06,2024-08-30,517.38,5,297917,924143158,497753407,0.0589242040354964,99.5141408599814,0.547094449667979
269.46,270,10322,9992,206440,539568,2024-08-06,2024-09-20,517.38,-330,333128,2879465219,1426353565,0.01873847950792,99.8565288799899,0.617397621801145
430.99,438,743,764,267480,535564,2024-08-06,2024-10-18,517.38,21,268084,1031157015,459478397,0.0519381619102887,98.3652925059139,0.500563891523702
367.1,370,655,1830,86460,530700,2024-08-06,2024-10-18,517.38,1175,444240,1031157015,459478397,0.0514664587720426,98.4167589646859,0.837083097795365
517.19,552,155,152,335730,529112,2024-08-06,2024-09-06,517.38,-3,193382,84474231,47638935,0.626359060906989,84.6554744014184,0.365484056305659
129.72,130,21874,18774,153118,525672,2024-08-06,2024-12-20,517.38,-3100,372554,1736044285,703482869,0.0302798727280163,99.4923941701176,0.708719505699372
456.55,461,1179,1180,141480,525100,2024-08-06,2024-08-30,517.38,1,383620,924143158,497753407,0.0568202010104586,99.5709610609918,0.730565606551133
407.1,412,1050,1054,185850,516460,2024-08-06,2024-10-18,517.38,4,330610,1031157015,459478397,0.0500854857686247,98.4668444504545,0.640146381133098
394.7,399,1191,1191,206043,512130,2024-08-06,2024-10-18,517.38,0,306087,1031157015,459478397,0.0496655691180067,98.5165100195725,0.597674418604651
515.14,569,95,95,354825,511670,2024-08-06,2024-10-18,517.38,0,156845,1031157015,459478397,0.0496209590350312,98.5661309786076,0.306535462309692
535.48,562,184,184,487968,487968,2024-08-06,2024-12-20,517.38,0,0,1736044285,703482869,0.0281080387301295,99.5205022088478,0
334.3,335,4938,6964,74070,487480,2024-08-06,2024-08-30,517.38,2026,413410,924143158,497753407,0.0527494031395512,99.6237104641314,0.848055304833019
399.44,404,1067,1065,174988,485640,2024-08-06,2024-10-18,517.38,-2,310652,1031157015,459478397,0.0470966102092609,98.6132275888168,0.63967547977926
529.97,561,156,156,484068,484068,2024-08-06,2024-11-15,517.38,0,0,494062088,201815377,0.0979771595022689,98.0126139530868,0
346.91,350,1862,1565,230888,483585,2024-08-06,2024-11-15,517.38,-297,252697,494062088,201815377,0.0978793985099298,98.1104933515967,0.522549293299006
390.63,395,1087,1097,172833,479389,2024-08-06,2024-10-18,517.38,10,306556,1031157015,459478397,0.0464903979729993,98.6597179867898,0.639472328317921
304.36,305,5072,7423,116656,475072,2024-08-06,2024-09-20,517.38,2351,358416,2879465219,1426353565,0.0164986191486274,99.8730274991386,0.754445641923751
507,530,3833,205,4404117,471500,2024-08-06,2024-09-13,517.38,-3628,-3932617,26808473,6971441,1.75877231053033,79.7149281870698,-8.34065111346766
517.52,567,94,94,300330,465112,2024-08-06,2024-10-18,517.38,0,164782,1031157015,459478397,0.0451058367672551,98.7048238235571,0.354284559417947
465.96,470,774,1150,76626,464600,2024-08-06,2024-08-23,517.38,376,387974,319007115,143080978,0.145639384877043,99.4549920932014,0.835071028842015
189.32,190,6885,6771,179010,460428,2024-08-06,2024-12-20,517.38,-114,281418,1736044285,703482869,0.0265216736680194,99.5470238825158,0.611209570225964
479.04,490,165,417,63690,457032,2024-08-06,2024-09-13,517.38,252,393342,26808473,6971441,1.70480429825302,81.4197324853228,0.860644331250328
509.14,524,300,305,196500,453230,2024-08-06,2024-08-23,517.38,5,256730,319007115,143080978,0.142075201049983,99.5970672942514,0.566445292677007
412.89,420,159,637,47700,452907,2024-08-06,2024-11-15,517.38,478,405207,494062088,201815377,0.0916700574685666,98.2021634090653,0.894680364843114
199.2,200,7901,5638,221228,451040,2024-08-06,2024-12-20,517.38,-2263,229812,1736044285,703482869,0.0259809040528019,99.5730047865686,0.509515785739624
314,315,4412,4413,119124,441300,2024-08-06,2024-09-20,517.38,1,322176,2879465219,1426353565,0.0153257624745076,99.8883532616131,0.730061182868797
513.33,575,70,70,238280,431690,2024-08-06,2024-11-15,517.38,0,193410,494062088,201815377,0.0873756579355265,98.2895390670008,0.448029836225069
504.6,532,155,155,323175,424700,2024-08-06,2024-12-20,517.38,0,101525,1736044285,703482869,0.0244636616513501,99.5974684482199,0.239051094890511
427.93,435,433,596,199613,421372,2024-08-06,2024-11-15,517.38,163,221759,494062088,201815377,0.0852872564470075,98.3748263234478,0.526278442801135
500.65,528,53,154,98951,421190,2024-08-06,2024-11-15,517.38,101,322239,494062088,201815377,0.0852504189716334,98.4600767424195,0.765068021557967
401.21,405,1185,1107,284400,419553,2024-08-06,2024-10-18,517.38,-78,135153,1031157015,459478397,0.040687595962289,98.7455114195194,0.322135701568097
431.87,439,467,587,135430,418531,2024-08-06,2024-10-18,517.38,120,283101,1031157015,459478397,0.0405884839953302,98.7860999035147,0.676415844943385
456.57,460,1105,1214,95030,416402,2024-08-06,2024-08-23,517.38,109,321372,319007115,143080978,0.130530630954736,99.7275979252062,0.771783036584839
342.08,345,1418,1423,161652,415516,2024-08-06,2024-11-15,517.38,5,253864,494062088,201815377,0.0841019803162877,98.5441787227358,0.610960829426544
407.93,413,674,818,68074,414726,2024-08-06,2024-10-18,517.38,144,346652,1031157015,459478397,0.0402194810263692,98.8263193845411,0.835857891716459
440.87,445,832,1000,89024,413000,2024-08-06,2024-09-06,517.38,168,323976,84474231,47638935,0.488906492679407,85.1443808940978,0.784445520581114
491.86,504,335,339,156780,411546,2024-08-06,2024-09-06,517.38,4,254766,84474231,47638935,0.487185257714865,85.6315661518126,0.619046230555029
505.6,538,122,127,278648,411480,2024-08-06,2024-12-20,517.38,5,132832,1736044285,703482869,0.0237021603397635,99.6211706085597,0.322815203655099
389.75,393,1251,1265,122598,411125,2024-08-06,2024-10-18,517.38,14,288527,1031157015,459478397,0.0398702616594234,98.8661896462005,0.701798723016114
474.3,483,19,471,6403,409770,2024-08-06,2024-09-06,517.38,452,403367,84474231,47638935,0.485082841417047,86.1166489932297,0.984374161114772
313.42,315,2413,2561,159258,404638,2024-08-06,2024-10-18,517.38,148,245380,1031157015,459478397,0.0392411625110265,98.9054308087115,0.606418576604273
204.13,205,4650,4649,139500,404463,2024-08-06,2024-12-20,517.38,-1,264963,1736044285,703482869,0.0232979655815635,99.6444685741412,0.655098241371893
433.71,441,548,547,163852,398763,2024-08-06,2024-10-18,517.38,-1,234911,1031157015,459478397,0.0386714141686754,98.9441022228802,0.589099289552943
509.5,542,122,122,292800,396500,2024-08-06,2024-11-15,517.38,0,103700,494062088,201815377,0.0802530713508218,98.6244317940866,0.261538461538462
465.23,468,1391,1412,97370,391124,2024-08-06,2024-08-16,517.38,21,293754,1842365397,980146470,0.0212294477868985,99.7085351793545,0.75105081764351
518.71,551,1361,121,2540987,390709,2024-08-06,2024-08-09,517.38,-1240,-2150278,330068330,159948781,0.11837215645621,98.3351971393317,-5.5035282012956
269.04,270,4804,4041,158532,387936,2024-08-06,2024-10-18,517.38,-763,229404,1031157015,459478397,0.037621428585248,98.9817236514654,0.591344964117793
423.94,430,521,640,134418,387840,2024-08-06,2024-10-18,517.38,119,253422,1031157015,459478397,0.0376121186548879,99.0193357701203,0.653418935643564
238.81,240,3883,3235,182501,384965,2024-08-06,2024-12-20,517.38,-648,202464,1736044285,703482869,0.022174837550299,99.6666434116915,0.525928331146987
149.6,150,13569,9592,149259,383680,2024-08-06,2024-12-20,517.38,-3977,234421,1736044285,703482869,0.0221008187011773,99.6887442303927,0.610980504587156
228.9,230,3526,3483,148092,383130,2024-08-06,2024-12-20,517.38,-43,235038,1736044285,703482869,0.0220691374817089,99.7108133678744,0.613468013468014
495.9,511,89,252,51353,380520,2024-08-06,2024-09-06,517.38,163,329167,84474231,47638935,0.450456897322925,86.5671058905526,0.865045201303479
547.25,578,123,123,378225,378225,2024-08-06,2024-12-20,517.38,0,0,1736044285,703482869,0.0217865986062677,99.7325999664807,0
463.94,470,510,617,109140,373902,2024-08-06,2024-09-06,517.38,107,264762,84474231,47638935,0.442622555510449,87.009728446063,0.708105332413306
467.75,475,86,500,17200,362500,2024-08-06,2024-09-06,517.38,414,345300,84474231,47638935,0.429124948175024,87.4388533942381,0.952551724137931
521.45,555,105,108,267120,362340,2024-08-06,2024-09-06,517.38,3,95219.9999999999,84474231,47638935,0.428935541301347,87.8677889355394,0.262791852955787
139.69,140,11638,11558,174570,358298,2024-08-06,2024-12-20,517.38,-80,183728,1736044285,703482869,0.0206387592238178,99.7532387257045,0.512779864805274
466.89,473,572,577,124696,352547,2024-08-06,2024-08-30,517.38,5,227851,924143158,497753407,0.0381485267675379,99.6618589908989,0.646299642317195
409.04,410,3519,3653,102051,350688,2024-08-06,2024-08-16,517.38,134,248637,1842365397,980146470,0.0190346605820452,99.7275698399366,0.708997741582261
517.73,580,56,56,286552,348712,2024-08-06,2024-12-20,517.38,0,62160.0000000001,1736044285,703482869,0.0200865843695917,99.7733253100741,0.178255982013811
436.21,440,10,910,1090,344890,2024-08-06,2024-09-06,517.38,900,343800,84474231,47638935,0.408278354140921,88.2760672896803,0.996839572037461
432.08,435,846,1168,60912,341056,2024-08-06,2024-08-30,517.38,322,280144,924143158,497753407,0.0369051046959112,99.6987640955948,0.821401763933196
407.77,410,1816,1527,88984,340521,2024-08-06,2024-08-30,517.38,-289,251537,924143158,497753407,0.0368472132323031,99.7356113088271,0.738682783147001
539.44,579,85,85,336260,336260,2024-08-06,2024-12-20,517.38,0,0,1736044285,703482869,0.0193693215608264,99.7926946316349,0
495.04,498,1123,1134,39305,335664,2024-08-06,2024-08-09,517.38,11,296359,330068330,159948781,0.101695306544557,98.4368924458763,0.882903737070404
405.19,410,934,695,185866,334295,2024-08-06,2024-10-18,517.38,-239,148429,1031157015,459478397,0.0324194080180893,99.0517551781384,0.444006042567194
303.55,305,2382,2293,223908,332485,2024-08-06,2024-11-15,517.38,-89,108577,494062088,201815377,0.0672961978009533,98.6917279918875,0.326562100545889
264.02,265,4232,3363,114264,329574,2024-08-06,2024-10-18,517.38,-869,215310,1031157015,459478397,0.0319615727969421,99.0837167509354,0.653297893644523
208.84,210,2792,2836,86552,328976,2024-08-06,2024-12-20,517.38,44,242424,1736044285,703482869,0.01894974701063,99.8116443786456,0.736904819804484
477.39,485,208,431,65104,327991,2024-08-06,2024-09-06,517.38,223,262887,84474231,47638935,0.388273436901722,88.6643407265821,0.801506748660786
509,535,128,126,171520,327600,2024-08-06,2024-09-13,517.38,-2,156080,26808473,6971441,1.22200171565162,82.6417342009744,0.476434676434676
483.4,495,45,281,18900,325960,2024-08-06,2024-09-13,517.38,236,307060,26808473,6971441,1.21588424674542,83.8576184477199,0.942017425450975
517.21,563,1979,70,6370401,320530,2024-08-06,2024-08-30,517.38,-1909,-6049871,924143158,497753407,0.0346840202435389,99.7702953290707,-18.8745858421989
540.18,576,89,89,318798,318798,2024-08-06,2024-12-20,517.38,0,0,1736044285,703482869,0.0183634716438124,99.8300078502894,0
508.95,531,177,144,190983,317520,2024-08-06,2024-09-06,517.38,-33,126537,84474231,47638935,0.375877940812507,89.0402186673946,0.398516628873772
499.83,514,73,223,48837,315991,2024-08-06,2024-09-06,517.38,150,267154,84474231,47638935,0.374067921375928,89.4142865887705,0.8454481298518
169.45,170,8078,5739,145404,315645,2024-08-06,2024-12-20,517.38,-2339,170241,1736044285,703482869,0.0181818518529324,99.8481897021423,0.539343249536663
430.08,437,437,452,160816,312784,2024-08-06,2024-10-18,517.38,15,151968,1031157015,459478397,0.0303333047683335,99.1140500557037,0.485856054018108
348,353,619,618,60043,309000,2024-08-06,2024-10-18,517.38,-1,248957,1031157015,459478397,0.0299663383466387,99.1440163940503,0.805686084142395
474.95,485,35,302,11235,303510,2024-08-06,2024-09-13,517.38,267,292275,26808473,6971441,1.132142065682,84.9897605134019,0.962983097756252
496.18,499,752,1074,27824,302868,2024-08-06,2024-08-09,517.38,322,275044,330068330,159948781,0.0917591821063233,98.5286516279826,0.908131595282433
339.74,340,15193,11491,91158,298766,2024-08-06,2024-08-16,517.38,-3702,207608,1842365397,980146470,0.0162164357019782,99.7437862756386,0.694884960136026
458.9,464,569,584,71125,297840,2024-08-06,2024-08-30,517.38,15,226715,924143158,497753407,0.0322287729364978,99.8025241020071,0.761197287134032
411.31,417,474,523,124188,297587,2024-08-06,2024-10-18,517.38,49,173399,1031157015,459478397,0.0288595233966381,99.172875917447,0.582683383346719
263.74,265,2720,2350,125120,296100,2024-08-06,2024-11-15,517.38,-370,170980,494062088,201815377,0.0599317387817865,98.7516597306693,0.577440054035799
249.61,250,7288,7534,94744,293826,2024-08-06,2024-09-20,517.38,246,199082,2879465219,1426353565,0.0102041864600831,99.8985574480731,0.677550659233696
436.24,444,361,378,112993,293328,2024-08-06,2024-10-18,517.38,17,180335,1031157015,459478397,0.028446492215349,99.2013224096623,0.614789587083402
498.7,502,0,882,0,291060,2024-08-06,2024-08-09,517.38,882,291060,330068330,159948781,0.0881817410352578,98.6168333690179,1
503.23,533,108,96,208008,285792,2024-08-06,2024-11-15,517.38,-12,77784,494062088,201815377,0.0578453613303759,98.8095050919997,0.272169969768223
511,556,63,63,190575,283500,2024-08-06,2024-11-15,517.38,0,92925,494062088,201815377,0.0573814520251147,98.8668865440248,0.327777777777778
516.52,610,61,30,473421,280440,2024-08-06,2024-12-20,517.38,-31,-192981,1736044285,703482869,0.0161539657958668,99.8643436679382,-0.688136499786051
511.8,533,131,132,155366,279840,2024-08-06,2024-09-06,517.38,1,124474,84474231,47638935,0.331272622061514,89.745559210832,0.444804173813608
504.25,509,0,587,0,278825,2024-08-06,2024-08-09,517.38,587,278825,330068330,159948781,0.0844749328116393,98.7013083018295,1
501.17,516,99,188,74052,278804,2024-08-06,2024-09-06,517.38,89,204752,84474231,47638935,0.330046212554453,90.0756054233864,0.734394054604669
309.18,310,3765,3394,90360,278308,2024-08-06,2024-09-20,517.38,-371,187948,2879465219,1426353565,0.00966526694483404,99.908222715018,0.675323742041192
527.9,572,63,63,277830,277830,2024-08-06,2024-12-20,517.38,0,0,1736044285,703482869,0.0160036240089348,99.8803472919471,0
223.96,225,2621,2600,107461,270400,2024-08-06,2024-12-20,517.38,-21,162939,1736044285,703482869,0.0155756395350249,99.8959229314821,0.602585059171598
434.41,442,341,353,111848,267927,2024-08-06,2024-10-18,517.38,12,156079,1031157015,459478397,0.0259831428291258,99.2273055524915,0.582543006117338
513.55,537,101,114,146854,267330,2024-08-06,2024-09-13,517.38,13,120476,26808473,6971441,0.997184733349042,85.9869452467509,0.450663973366252
384.41,385,4518,4519,108432,266621,2024-08-06,2024-08-16,517.38,1,158189,1842365397,980146470,0.0144716678045598,99.7582579434431,0.593310354398191
402.99,405,1378,1319,82680,265119,2024-08-06,2024-08-30,517.38,-59,182439,924143158,497753407,0.0286880877388912,99.831212189746,0.688140042773245
500.26,504,0,708,0,264792,2024-08-06,2024-08-09,517.38,708,264792,330068330,159948781,0.0802233888964749,98.781531690726,1
516.37,569,72,50,260784,263150,2024-08-06,2024-08-16,517.38,-22,2366,1842365397,980146470,0.0142832686951512,99.7725412121383,0.00899106973209196
458.76,465,175,418,41475,260832,2024-08-06,2024-09-06,517.38,243,219357,84474231,47638935,0.308771085468656,90.3843765088551,0.840989602502761
435.26,445,227,266,103512,259084,2024-08-06,2024-11-15,517.38,39,155572,494062088,201815377,0.0524395630210752,98.9193261070459,0.600469345849223
518.67,541,116,116,259028,259028,2024-08-06,2024-11-15,517.38,0,0,494062088,201815377,0.0524282284132678,98.9717543354592,0
501.76,519,58,149,44834,256876,2024-08-06,2024-09-06,517.38,91,212042,84474231,47638935,0.304088000516986,90.6884645093721,0.825464426415858
454.62,460,248,471,34472,253398,2024-08-06,2024-09-06,517.38,223,218926,84474231,47638935,0.299970768600427,90.9884352779725,0.863961041523611
274.17,275,3131,3009,97061,249747,2024-08-06,2024-10-18,517.38,-122,152686,1031157015,459478397,0.0242200747671779,99.2515256272586,0.61136269905144
327.4,330,785,958,87135,249080,2024-08-06,2024-11-15,517.38,173,161945,494062088,201815377,0.0504147162977622,99.0221690517569,0.650172635297896
423.83,425,2145,2125,51480,248625,2024-08-06,2024-08-16,517.38,-20,197145,1842365397,980146470,0.0134948800278624,99.7860360921661,0.792941176470588
409.49,415,458,451,89310,248501,2024-08-06,2024-10-18,517.38,-7,159191,1031157015,459478397,0.0240992396293788,99.275624866888,0.640605067987654
515.82,573,45,43,155070,245874,2024-08-06,2024-12-20,517.38,-2,90804,1736044285,703482869,0.0141628875556017,99.9100858190377,0.369311110568828
514.14,541,90,91,144090,244426,2024-08-06,2024-09-06,517.38,1,100336,84474231,47638935,0.289349778158975,91.2777850561315,0.410496428366868
512.96,540,100,90,155600,243360,2024-08-06,2024-09-13,517.38,-10,87760,26808473,6971441,0.907772703055485,86.8947179498064,0.360618014464168
513.83,537,106,103,145644,238651,2024-08-06,2024-09-06,517.38,-3,93007,84474231,47638935,0.282513373812187,91.5602984299437,0.389719716238357
449.39,450,3782,3889,52948,237229,2024-08-06,2024-08-09,517.38,107,184281,330068330,159948781,0.0718726937540478,98.85340438448,0.776806376960658
362.1,365,807,818,91191,237220,2024-08-06,2024-10-18,517.38,11,146029,1031157015,459478397,0.0230052258336234,99.2986300927216,0.615584689317933
513,562,47,47,160176,230300,2024-08-06,2024-11-15,517.38,0,70124,494062088,201815377,0.0466135746080562,99.068782626365,0.304489795918367
243.55,245,1695,1587,86445,230115,2024-08-06,2024-12-20,517.38,-108,143670,1736044285,703482869,0.0132551342145054,99.9233409532522,0.624340003911088
511.9,531,113,120,136391,229200,2024-08-06,2024-09-13,517.38,7,92809,26808473,6971441,0.854953581280068,87.7496715310865,0.404925828970332
518.86,565,810,49,2651940,226086,2024-08-06,2024-08-16,517.38,-761,-2425854,1842365397,980146470,0.0122715070728177,99.798307599239,-10.7297842413949
512.95,559,51,49,175287,225645,2024-08-06,2024-11-15,517.38,-2,50358,494062088,201815377,0.0456713853340635,99.114454011699,0.223173569101908
471,472,1644,2255,72336,225500,2024-08-06,2024-08-09,517.38,611,153164,330068330,159948781,0.0683191871210425,98.9217235716011,0.679219512195122
214.76,215,9321,9308,65247,223392,2024-08-06,2024-09-20,517.38,-13,158145,2879465219,1426353565,0.00775810725290098,99.9159808222709,0.707925977653631
519.55,567,47,47,137522,223015,2024-08-06,2024-11-15,517.38,0,85493,494062088,201815377,0.045139063574536,99.1595930752736,0.383350895679663
499.41,503,0,620,0,222580,2024-08-06,2024-08-09,517.38,620,222580,330068330,159948781,0.0674345218155283,98.9891580934166,1
370.75,375,518,516,91168,219300,2024-08-06,2024-11-15,517.38,-2,128132,494062088,201815377,0.0443871337887395,99.2039802090623,0.584277245782034
529.89,562,68,68,218348,218348,2024-08-06,2024-09-06,517.38,0,0,84474231,47638935,0.258478825335504,91.8187772552792,0
279.38,280,3523,3516,52845,217992,2024-08-06,2024-09-20,517.38,-7,165147,2879465219,1426353565,0.00757057242996343,99.9235513947009,0.757582847076957
214.27,215,2986,2986,107496,217978,2024-08-06,2024-12-20,517.38,0,110482,1736044285,703482869,0.0125560161041629,99.9358969693564,0.506849315068493
505.66,526,144,107,146736,217638,2024-08-06,2024-09-06,517.38,-37,70902,84474231,47638935,0.257638332333561,92.0764155876127,0.325779505417253
354.65,355,6412,6209,64120,217315,2024-08-06,2024-08-16,517.38,-203,153195,1842365397,980146470,0.0117954343016789,99.8101030335406,0.704944435496859
288.33,290,263,1300,15780,217100,2024-08-06,2024-11-15,517.38,1037,201320,494062088,201815377,0.0439418456248762,99.2479220546872,0.927314601566099
494.18,497,472,768,16048,216576,2024-08-06,2024-08-09,517.38,296,200528,330068330,159948781,0.0656155045229574,99.0547735979396,0.925901300236407
518.17,553,62,62,148862,215946,2024-08-06,2024-09-06,517.38,0,67084,84474231,47638935,0.255635354644424,92.3320509422572,0.310651737008326
294.24,295,2864,2825,54416,214700,2024-08-06,2024-09-20,517.38,-39,160284,2879465219,1426353565,0.00745624564531335,99.9310076403462,0.746548672566372
503.44,518,0,146,0,212576,2024-08-06,2024-08-23,517.38,146,212576,319007115,143080978,0.0666367582428373,99.794234683449,1
376.56,379,865,864,48440,210816,2024-08-06,2024-10-18,517.38,-1,162376,1031157015,459478397,0.0204446070708252,99.3190746997924,0.770226168791743
513.59,551,55,55,122375,205755,2024-08-06,2024-09-06,517.38,0,83380,84474231,47638935,0.243571320584144,92.5756222628413,0.405239240844694
366.73,370,628,626,104248,204702,2024-08-06,2024-11-15,517.38,-2,100454,494062088,201815377,0.0414324444177955,99.289354499105,0.490732870221102
516.64,570,70,38,260540,202768,2024-08-06,2024-08-16,517.38,-32,-57772,1842365397,980146470,0.0110058515173035,99.8211088850579,-0.284916752150241
505.27,522,98,121,80752,202433,2024-08-06,2024-09-06,517.38,23,121681,84474231,47638935,0.23963876036942,92.8152610232107,0.601092707216709
372.72,376,207,606,26703,198768,2024-08-06,2024-10-18,517.38,399,172065,1031157015,459478397,0.01927621081063,99.3383509106031,0.86565744989133
500.49,532,64,63,119360,198513,2024-08-06,2024-11-15,517.38,-1,79153,494062088,201815377,0.0401797678513637,99.3295342669563,0.398729554235743
515.5,556,56,49,152152,198450,2024-08-06,2024-09-06,517.38,-7,46298,84474231,47638935,0.234923713007817,93.0501847362186,0.233298059964727
278.9,280,1803,1804,70317,198440,2024-08-06,2024-10-18,517.38,1,128123,1031157015,459478397,0.0192444018818996,99.357595312485,0.645651078411611
504.45,517,0,158,0,198290,2024-08-06,2024-08-23,517.38,158,198290,319007115,143080978,0.0621584882205527,99.8563931716695,1
397.72,403,374,375,79662,198000,2024-08-06,2024-10-18,517.38,1,118338,1031157015,459478397,0.0192017313677491,99.3767970438527,0.597666666666667
259.51,260,4002,4026,44022,197274,2024-08-06,2024-09-20,517.38,24,153252,2879465219,1426353565,0.00685106382595969,99.9378587041721,0.776848444295751
331.97,334,227,968,23381,196504,2024-08-06,2024-10-18,517.38,741,173123,1031157015,459478397,0.0190566516196372,99.3958536954724,0.881015144729878
502.17,507,0,405,0,195615,2024-08-06,2024-08-09,517.38,405,195615,330068330,159948781,0.0592650012801895,99.1140385992198,1
514.31,563,40,40,103320,194760,2024-08-06,2024-11-15,517.38,0,91440,494062088,201815377,0.039420146724555,99.3689544136809,0.469500924214418
514.5,533,105,105,131880,194250,2024-08-06,2024-09-13,517.38,0,62370,26808473,6971441,0.724584350626759,88.4742558817132,0.321081081081081
537.47,564,73,73,193669,193669,2024-08-06,2024-11-15,517.38,0,0,494062088,201815377,0.039199324276021,99.4081537379569,0
515.15,542,72,72,132984,193320,2024-08-06,2024-09-13,517.38,0,60336,26808473,6971441,0.721115298137272,89.1953711798505,0.312104283054004
514.93,554,44,49,102740,191443,2024-08-06,2024-09-06,517.38,5,88703,84474231,47638935,0.226628875733713,93.2768136119523,0.463338957287548
475.61,484,218,226,62348,189614,2024-08-06,2024-09-06,517.38,8,127266,84474231,47638935,0.22446371840899,93.5012773303613,0.671184617169618
501.12,531,62,63,117180,188244,2024-08-06,2024-11-15,517.38,1,71064,494062088,201815377,0.0381012841446762,99.4462550221016,0.377510040160642
455.59,461,34,347,5678,187727,2024-08-06,2024-09-06,517.38,313,182049,84474231,47638935,0.222229901092559,93.7235072314538,0.969753951216394
493.85,508,98,131,53018,185365,2024-08-06,2024-09-06,517.38,33,132347,84474231,47638935,0.219433782119899,93.9429410135737,0.713980524910312
351.67,355,547,548,97366,182484,2024-08-06,2024-11-15,517.38,1,85118,494062088,201815377,0.0369354387701976,99.4831904608718,0.466440893448193
483.62,485,1110,1316,23310,181608,2024-08-06,2024-08-09,517.38,206,158298,330068330,159948781,0.0550213345218549,99.1690599337416,0.871646623496762
344.73,345,6860,6719,48020,181413,2024-08-06,2024-08-16,517.38,-141,133393,1842365397,980146470,0.00984674377272838,99.8309556288307,0.735300116309195
283.28,285,1038,1050,62280,180600,2024-08-06,2024-10-18,517.38,12,118320,1031157015,459478397,0.0175143064899772,99.4133680019623,0.65514950166113
508.23,527,84,96,84504,180192,2024-08-06,2024-09-06,517.38,12,95688,84474231,47638935,0.213310021135321,94.156251034709,0.531033564198189
483.42,494,73,169,38617,178802,2024-08-06,2024-09-06,517.38,96,140185,84474231,47638935,0.21166454892025,94.3679155836293,0.784023668639053
517.11,564,628,38,2155924,178182,2024-08-06,2024-08-30,517.38,-590,-1977742,924143158,497753407,0.0192807790067521,99.8504929687528,-11.0995611228968
224.71,225,6116,6119,48928,177451,2024-08-06,2024-09-20,517.38,3,128523,2879465219,1426353565,0.00616263738242431,99.9440213415545,0.724273179638323
471.47,480,108,208,34452,177424,2024-08-06,2024-09-13,517.38,100,142972,26808473,6971441,0.661820611714811,89.8571917915653,0.805821083957074
468.94,470,1022,1671,15330,177126,2024-08-06,2024-08-09,517.38,649,161796,330068330,159948781,0.0536634338714048,99.222723367613,0.913451441346838
460.73,463,753,777,51204,176379,2024-08-06,2024-08-16,517.38,24,125175,1842365397,980146470,0.00957350807213408,99.8405291369028,0.709693330838705
502.82,521,74,97,61050,176346,2024-08-06,2024-09-06,517.38,23,115296,84474231,47638935,0.208757153409304,94.5766727370386,0.653805586744241
520.57,560,44,44,130724,173492,2024-08-06,2024-09-06,517.38,0,42768,84474231,47638935,0.205378608300086,94.7820513453387,0.246512807506974
513.83,580,28,26,126196,172042,2024-08-06,2024-11-15,517.38,-2,45846,494062088,201815377,0.0348219392215336,99.5180124000933,0.266481440578463
389.26,390,2428,2318,31564,171532,2024-08-06,2024-08-16,517.38,-110,139968,1842365397,980146470,0.0093104223667744,99.8498395592696,0.815987687428585
338.17,340,900,936,94500,171288,2024-08-06,2024-11-15,517.38,36,76788,494062088,201815377,0.034669326823555,99.5526817269169,0.448297604035309
334.79,335,8068,8047,56476,168987,2024-08-06,2024-08-16,517.38,-21,112511,1842365397,980146470,0.00917228473109452,99.8590118440007,0.66579677726689
427.33,434,240,253,60480,168751,2024-08-06,2024-10-18,517.38,13,108271,1031157015,459478397,0.016365208939591,99.4297332109019,0.641602123839266
388.61,390,63,1211,4095,168329,2024-08-06,2024-09-06,517.38,1148,164234,84474231,47638935,0.199266685245113,94.9813180305838,0.975672641077889
388.16,391,591,590,108744,167560,2024-08-06,2024-10-18,517.38,-1,58816,1031157015,459478397,0.0162497076160608,99.445982918518,0.351014561947959
209.76,210,2567,6926,12835,166224,2024-08-06,2024-09-20,517.38,4359,153389,2879465219,1426353565,0.00577273859406878,99.9497940801486,0.922784916738858
356.54,360,276,468,43056,161928,2024-08-06,2024-11-15,517.38,192,118872,494062088,201815377,0.0327748280900274,99.5854565550069,0.734104046242775
289.36,290,2576,2517,56672,161088,2024-08-06,2024-09-20,517.38,-59,104416,2879465219,1426353565,0.00559437214025262,99.9553884522889,0.648192292411601
393.08,395,633,837,38613,160704,2024-08-06,2024-08-30,517.38,204,122091,924143158,497753407,0.017389513584431,99.8678824823372,0.759725955794504
233.51,235,1080,1076,60480,160324,2024-08-06,2024-12-20,517.38,-4,99844,1736044285,703482869,0.00923501787283036,99.9451319872292,0.62276390309623
515.46,561,600,35,1132800,159390,2024-08-06,2024-08-23,517.38,-565,-973410,319007115,143080978,0.0499644028315795,99.9063575745011,-6.10709580274798
381.29,385,44,424,8932,157304,2024-08-06,2024-11-15,517.38,380,148372,494062088,201815377,0.0318389133310711,99.617295468338,0.943218227127091
348.92,350,88,1456,2024,157248,2024-08-06,2024-09-06,517.38,1368,155224,84474231,47638935,0.186149075450003,95.1674671060338,0.987128612128612
398.56,402,464,457,83056,157208,2024-08-06,2024-10-18,517.38,-7,74152,1031157015,459478397,0.0152457867922278,99.4612287053102,0.471680830492087
501.43,506,0,340,0,155380,2024-08-06,2024-08-09,517.38,340,155380,330068330,159948781,0.0470751010858873,99.2697984686989,1
253.7,255,1192,1185,90592,154050,2024-08-06,2024-12-20,517.38,-7,63458,1736044285,703482869,0.00887362156202139,99.9540056087913,0.411931191171698
481.63,490,131,184,39038,154008,2024-08-06,2024-09-06,517.38,53,114970,84474231,47638935,0.182313586258039,95.3497806922918,0.746519661316295
429.18,436,193,223,69094,152086,2024-08-06,2024-10-18,517.38,30,82992,1031157015,459478397,0.0147490632161388,99.4759777685264,0.545691253632813
278.15,280,815,819,50530,151515,2024-08-06,2024-11-15,517.38,4,100985,494062088,201815377,0.030667198248978,99.647962666587,0.666501666501667
184.37,185,2375,2381,47500,150003,2024-08-06,2024-12-20,517.38,6,102503,1736044285,703482869,0.00864050538895095,99.9626461141802,0.683339666540003
497.47,501,0,424,0,149672,2024-08-06,2024-08-09,517.38,424,149672,330068330,159948781,0.0453457621941493,99.315144230893,1
465,472,0,213,0,149100,2024-08-06,2024-09-06,517.38,213,149100,84474231,47638935,0.176503530407989,95.5262842226998,1
329.77,330,6514,6482,32570,149086,2024-08-06,2024-08-16,517.38,-32,116516,1842365397,980146470,0.00809209727032232,99.867103941271,0.781535489583194
424.67,431,222,235,58830,148755,2024-08-06,2024-10-18,517.38,13,89925,1031157015,459478397,0.0144260280283309,99.4904037965547,0.604517495210245
488.8,491,189,673,5292,148060,2024-08-06,2024-08-09,517.38,484,142768,330068330,159948781,0.0448573784706942,99.3600016093637,0.964257733351344
319.81,320,7994,7768,39970,147592,2024-08-06,2024-08-16,517.38,-226,107622,1842365397,980146470,0.00801100586454404,99.8751149471356,0.729185863732452
244.62,245,3580,3868,42960,146984,2024-08-06,2024-09-20,517.38,288,104024,2879465219,1426353565,0.00510455896567647,99.9604930112545,0.707723289609753
460.48,466,276,266,42780,146832,2024-08-06,2024-08-30,517.38,-10,104052,924143158,497753407,0.0158884474476626,99.8837709297849,0.708646616541353
344.13,345,1615,1680,66215,146160,2024-08-06,2024-08-30,517.38,65,79945,924143158,497753407,0.0158157314410372,99.8995866612259,0.546969074986316
404.52,408,417,418,37530,145464,2024-08-06,2024-10-18,517.38,1,107934,1031157015,459478397,0.014106871978173,99.5045106685329,0.741998020128692
388.78,390,1327,1192,86255,145424,2024-08-06,2024-08-30,517.38,-135,59169,924143158,497753407,0.0157360901004474,99.9153227513264,0.406872318186819
159.54,160,3136,3152,40768,144992,2024-08-06,2024-12-20,517.38,16,104224,1736044285,703482869,0.00835186067848494,99.9709979748587,0.71882586625469
472.25,479,10,214,2740,144450,2024-08-06,2024-09-06,517.38,204,141710,84474231,47638935,0.170998893141744,95.6972831158416,0.981031498788508
376.32,380,328,392,56416,144256,2024-08-06,2024-11-15,517.38,64,87840,494062088,201815377,0.0291979497119399,99.6771606162989,0.608917480035493
288.79,290,973,1183,53515,143143,2024-08-06,2024-10-18,517.38,210,89628,1031157015,459478397,0.0138817850160288,99.5183924535489,0.626143087681549
425.77,432,221,228,61880,142044,2024-08-06,2024-10-18,517.38,7,80164,1031157015,459478397,0.0137752057090937,99.532167659258,0.564360339049872
364.63,365,3947,3838,114463,142006,2024-08-06,2024-08-16,517.38,-109,27543,1842365397,980146470,0.00770780868069028,99.8828227558162,0.193956593383378
417.18,423,257,242,67848,140844,2024-08-06,2024-10-18,517.38,-15,72996,1031157015,459478397,0.0136588315795922,99.5458264908376,0.518275538894096
375.55,378,178,567,22072,138915,2024-08-06,2024-10-18,517.38,389,116843,1031157015,459478397,0.0134717601664185,99.559298251004,0.841111471043444
515.41,557,26,33,70408,137247,2024-08-06,2024-09-13,517.38,7,66839,26808473,6971441,0.511953814004998,90.3691456055703,0.486997894307344
445.5,450,83,304,10292,136800,2024-08-06,2024-09-06,517.38,221,126508,84474231,47638935,0.16194287699405,95.8592259928356,0.924766081871345
430.82,435,0,326,0,136268,2024-08-06,2024-09-13,517.38,326,136268,26808473,6971441,0.508301983481118,90.8774475890514,1
332.36,335,516,515,56760,135960,2024-08-06,2024-11-15,517.38,-1,79200,494062088,201815377,0.0275188085267534,99.7046794248257,0.58252427184466
323.43,325,801,850,49662,133450,2024-08-06,2024-10-18,517.38,49,83788,1031157015,459478397,0.0129417729849804,99.572240023989,0.627860621955789
453.94,460,228,219,41952,132714,2024-08-06,2024-09-13,517.38,-9,90762,26808473,6971441,0.495044980741723,91.3724925697931,0.683891676838917
324.79,325,6302,6316,31510,132636,2024-08-06,2024-08-16,517.38,14,101126,1842365397,980146470,0.00719922335797105,99.8900219791742,0.762432522090534
404.16,409,282,274,26226,132616,2024-08-06,2024-10-18,517.38,-8,106390,1031157015,459478397,0.0128608929649768,99.5851009169539,0.802241056886047
490.13,492,360,709,13320,132583,2024-08-06,2024-08-09,517.38,349,119263,330068330,159948781,0.0401683493838988,99.4001699587476,0.899534631136722
412.24,418,219,230,48837,132480,2024-08-06,2024-10-18,517.38,11,83643,1031157015,459478397,0.0128477038969667,99.5979486208509,0.631363224637681
393.59,397,385,385,29645,131285,2024-08-06,2024-10-18,517.38,0,101640,1031157015,459478397,0.0127318146596714,99.6106804355106,0.774193548387097
409.61,415,244,243,65392,130977,2024-08-06,2024-11-15,517.38,-1,65585,494062088,201815377,0.026510230835603,99.7311896556613,0.50073677057804
514.43,569,23,24,65665,130968,2024-08-06,2024-11-15,517.38,1,65303,494062088,201815377,0.0265084092022054,99.7576980648635,0.498617983018753
474.94,476,687,1225,38472,129850,2024-08-06,2024-08-09,517.38,538,91378,330068330,159948781,0.039340339014046,99.4395102977617,0.703719676549865
284.35,285,1814,1971,36280,128115,2024-08-06,2024-09-20,517.38,157,91835,2879465219,1426353565,0.00444926367419339,99.9649422749287,0.716816922296374
456,458,276,633,13248,126600,2024-08-06,2024-08-16,517.38,357,113352,1842365397,980146470,0.00687160105189492,99.8968935802261,0.895355450236967
545.31,574,44,44,126236,126236,2024-08-06,2024-12-20,517.38,0,0,1736044285,703482869,0.00727147349239424,99.9782694483511,0
314.81,315,5517,6524,33102,123956,2024-08-06,2024-08-16,517.38,1007,90854,1842365397,980146470,0.00672808988932612,99.9036216701154,0.732953628706961
283.35,285,502,739,40160,121935,2024-08-06,2024-11-15,517.38,237,81775,494062088,201815377,0.0246800964821247,99.7823781613456,0.670644195678025
454.23,455,1075,1578,15050,121506,2024-08-06,2024-08-09,517.38,503,106456,330068330,159948781,0.0368123776067822,99.4763226753685,0.876137803894458
381.4,384,464,467,70992,121420,2024-08-06,2024-10-18,517.38,3,50428,1031157015,459478397,0.0117751223367277,99.6224555578473,0.415318728380827
199.85,200,8307,8036,24921,120540,2024-08-06,2024-09-20,517.38,-271,95619,2879465219,1426353565,0.0041861939920171,99.9691284689207,0.793255350920856
464.29,467,372,444,31248,120324,2024-08-06,2024-08-16,517.38,72,89076,1842365397,980146470,0.00653095201396686,99.9101526221294,0.740301186795652
328.9,330,1,1093,36,120230,2024-08-06,2024-09-13,517.38,1092,120194,26808473,6971441,0.448477613775316,91.8209701835685,0.999700573900025
518.97,567,49,25,170177,120075,2024-08-06,2024-08-16,517.38,-24,-50102,1842365397,980146470,0.00651743677967048,99.9166700589091,-0.417255881740579
371.82,375,355,377,50410,119886,2024-08-06,2024-10-18,517.38,22,69476,1031157015,459478397,0.0116263574078483,99.6340819152552,0.57951720801428
407.65,410,20,506,1360,118910,2024-08-06,2024-09-06,517.38,486,117550,84474231,47638935,0.140764820931013,95.9999908137666,0.988562778572029
293.59,295,591,842,26595,118722,2024-08-06,2024-10-18,517.38,251,92127,1031157015,459478397,0.0115134745022318,99.6455953897574,0.775989285894779
368.66,370,10,885,650,118590,2024-08-06,2024-09-13,517.38,875,117940,26808473,6971441,0.442360144869124,92.2633303284376,0.994518930769879
179.36,180,3541,1837,70820,117568,2024-08-06,2024-12-20,517.38,-1704,46748,1736044285,703482869,0.00677217747357177,99.9850416258247,0.39762520413718
373.42,375,1,742,71,117236,2024-08-06,2024-09-06,517.38,741,117165,84474231,47638935,0.138783151515164,96.1387739652818,0.999394383977618
413.47,419,188,212,38916,117236,2024-08-06,2024-10-18,517.38,24,78320,1031157015,459478397,0.0113693645385325,99.6569647542959,0.668054181309496
333.94,336,210,567,21420,116802,2024-08-06,2024-10-18,517.38,357,95382,1031157015,459478397,0.0113272758950294,99.668292030191,0.816612729234089
349.12,350,1489,1320,28291,116160,2024-08-06,2024-08-30,517.38,-169,87869,924143158,497753407,0.0125694811452578,99.9278922324716,0.756448002754821
318.23,320,508,655,37084,115935,2024-08-06,2024-10-18,517.38,147,78851,1031157015,459478397,0.0112431955864646,99.6795352257774,0.680131107948419
274.39,275,1921,1890,34578,115290,2024-08-06,2024-09-20,517.38,-31,80712,2879465219,1426353565,0.0040038684697167,99.9731323373905,0.70007806401249
498.37,512,75,84,46725,114492,2024-08-06,2024-09-06,517.38,9,67767,84474231,47638935,0.1355348236316,96.2743087889134,0.591892883345561
397.46,400,11,450,1122,114300,2024-08-06,2024-09-13,517.38,439,113178,26808473,6971441,0.426357741449877,92.6896880698875,0.990183727034121
368.53,370,385,777,16170,114219,2024-08-06,2024-09-06,517.38,392,98049,84474231,47638935,0.135211648153388,96.4095204370668,0.858429858429858
348.78,352,378,353,36288,113666,2024-08-06,2024-10-18,517.38,-25,77378,1031157015,459478397,0.0110231515032655,99.6905583772807,0.68074886069713
541.68,577,32,32,113024,113024,2024-08-06,2024-11-15,517.38,0,0,494062088,201815377,0.0228764770147674,99.8052546383604,0
466.17,469,336,399,36624,112917,2024-08-06,2024-08-16,517.38,63,76293,1842365397,980146470,0.00612891450218656,99.9227989734113,0.675655570020458
368.75,370,511,899,12775,112375,2024-08-06,2024-08-30,517.38,388,99600,924143158,497753407,0.0121599125662736,99.9400521450379,0.886318131256952
373.6,375,820,794,37720,111160,2024-08-06,2024-08-30,517.38,-26,73440,924143158,497753407,0.0120284394292946,99.9520805844672,0.660669305505578
458.87,461,427,519,22204,110547,2024-08-06,2024-08-16,517.38,92,88343,1842365397,980146470,0.00600027552514872,99.9287992489364,0.799144255384588
421.59,425,137,324,13289,110484,2024-08-06,2024-09-06,517.38,187,97195,84474231,47638935,0.130790181445984,96.5403106185128,0.879720140472829
359.67,360,4792,3333,81464,109989,2024-08-06,2024-08-16,517.38,-1459,28525,1842365397,980146470,0.00596998837359297,99.93476923731,0.259344116229805
363.84,365,21,948,1071,109968,2024-08-06,2024-09-06,517.38,927,108897,84474231,47638935,0.130179344278375,96.6704899627911,0.990260803142732
466.67,475,36,132,9108,109956,2024-08-06,2024-09-13,517.38,96,100848,26808473,6971441,0.410153909176401,93.0998419790639,0.917166866746699
513.56,537.5,50,45,73650,107730,2024-08-06,2024-09-06,517.38,-5,34080,84474231,47638935,0.127530015632815,96.798019978424,0.31634642160958
461.01,465,133,269,12901,107331,2024-08-06,2024-08-23,517.38,136,94430,319007115,143080978,0.0336453310767065,99.9400029055778,0.879801734820322
304.85,305,7068,7058,28272,105870,2024-08-06,2024-08-16,517.38,-10,77598,1842365397,980146470,0.00574641708818416,99.9405156543982,0.732955511476339
516.24,560,1389,24,4064214,105024,2024-08-06,2024-08-23,517.38,-1365,-3959190,319007115,143080978,0.0329221497144351,99.9729250552923,-37.6979547531993
459.26,460,666,1408,11322,104192,2024-08-06,2024-08-09,517.38,742,92870,330068330,159948781,0.0315667970931958,99.5078894724617,0.891335227272727
398.97,405,171,172,47880,103716,2024-08-06,2024-11-15,517.38,1,55836,494062088,201815377,0.0209925032742039,99.8262471416346,0.538354737938216
471.01,478,13,148,3614,103452,2024-08-06,2024-09-06,517.38,135,99838,84474231,47638935,0.122465749347869,96.9204857277718,0.965065924293392
425.82,430,192,244,22464,101992,2024-08-06,2024-09-13,517.38,52,79528,26808473,6971441,0.380446883341696,93.4802888624055,0.779747431171072
490.3,502,87,87,40629,101790,2024-08-06,2024-09-06,517.38,0,61161,84474231,47638935,0.120498285447547,97.0409840132194,0.600854700854701
339.26,340,655,1374,15720,101676,2024-08-06,2024-08-30,517.38,719,85956,924143158,497753407,0.0110021915024555,99.9630827759697,0.845391242771155
422.75,429,142,162,44162,101250,2024-08-06,2024-10-18,517.38,20,57088,1031157015,459478397,0.00981906717668987,99.7003774444574,0.563832098765432
239.62,240,2703,2662,27030,101156,2024-08-06,2024-09-20,517.38,-41,74126,2879465219,1426353565,0.00351301343501312,99.9766453508255,0.732788959626715
435.51,440,6,225,1092,101025,2024-08-06,2024-09-13,517.38,219,99933,26808473,6971441,0.376839814785423,93.857128677191,0.989190794357832
298.53,300,611,685,33605,100695,2024-08-06,2024-10-18,517.38,74,67090,1031157015,459478397,0.00976524414179542,99.7101426885992,0.666269427479021
479.09,487,26,127,9984,100457,2024-08-06,2024-09-06,517.38,101,90473,84474231,47638935,0.118920289431223,97.1599043026506,0.900614193137362
358.76,360,8,804,344,99696,2024-08-06,2024-09-06,517.38,796,99352,84474231,47638935,0.118019422988296,97.2779237256389,0.996549510511956
505.44,524,60,53,56640,98368,2024-08-06,2024-09-06,517.38,-7,41728,84474231,47638935,0.116447345936774,97.3943710715757,0.424202992843201
466.15,467,132,1135,2112,96475,2024-08-06,2024-08-09,517.38,1003,94363,330068330,159948781,0.0292287963525613,99.5371182688142,0.978108318217155
484.23,486,579,542,21423,95934,2024-08-06,2024-08-09,517.38,-37,74511,330068330,159948781,0.0290648908969849,99.5661831597112,0.776690224529364
511.17,532,50,46,67300,95818,2024-08-06,2024-09-13,517.38,-4,28518,26808473,6971441,0.357416851008261,94.2145455281992,0.297626750714897
468.85,476,72,134,18288,95810,2024-08-06,2024-09-06,517.38,62,77522,84474231,47638935,0.113419203543859,97.5077902751195,0.80912222106252
353.92,355,714,882,15708,95256,2024-08-06,2024-08-30,517.38,168,79548,924143158,497753407,0.0103074939391587,99.9733902699088,0.835097001763668
358.88,360,653,850,31344,95200,2024-08-06,2024-08-30,517.38,197,63856,924143158,497753407,0.0103014342719399,99.9836917041807,0.670756302521009
516.7,576,16,16,70944,94880,2024-08-06,2024-10-18,517.38,0,23936,1031157015,459478397,0.00920131450591935,99.7193440031051,0.252276559865093
279.9,280,8863,9376,17726,93760,2024-08-06,2024-08-16,517.38,513,76034,1842365397,980146470,0.00508910991015535,99.9456047643083,0.810942832764505
539.41,574,27,27,93393,93393,2024-08-06,2024-11-15,517.38,0,0,494062088,201815377,0.0189030897671306,99.8451502314017,0
484.8,496,71,83,30175,92960,2024-08-06,2024-09-06,517.38,12,62785,84474231,47638935,0.110045393606483,97.617835668726,0.675398020654045
494.62,509,59,64,32863,92032,2024-08-06,2024-09-06,517.38,5,59169,84474231,47638935,0.108946833739155,97.7267825024652,0.642917680806676
401.33,406,197,196,41370,91532,2024-08-06,2024-10-18,517.38,-1,50162,1031157015,459478397,0.00887663068461014,99.7282206337897,0.548026919547262
355.5,361,164,165,15580,90750,2024-08-06,2024-10-18,517.38,1,75170,1031157015,459478397,0.00880079354355166,99.7370214273333,0.82831955922865
268.71,270,694,699,32618,90171,2024-08-06,2024-11-15,517.38,5,57553,494062088,201815377,0.0182509450107817,99.8634011764125,0.638265074136918
515.06,571,15,16,45330,89504,2024-08-06,2024-11-15,517.38,1,44174,494062088,201815377,0.0181159417356468,99.8815171181481,0.493542188058634
457,459,385,446,15785,89200,2024-08-06,2024-08-16,517.38,61,73415,1842365397,980146470,0.00484160200496862,99.9504463663133,0.823038116591928
194.31,195,1283,1288,33358,88872,2024-08-06,2024-12-20,517.38,5,55514,1736044285,703482869,0.00511922424836069,99.990160850073,0.624651183724908
459.83,462,177,409,11682,88753,2024-08-06,2024-08-16,517.38,232,77071,1842365397,980146470,0.00481733971689439,99.9552637060302,0.868376280238415
463.48,468,8,195,1416,88140,2024-08-06,2024-09-06,517.38,187,86724,84474231,47638935,0.104339511536956,97.8311220140021,0.983934649421375
520.12,564,39,20,133341,87760,2024-08-06,2024-08-16,517.38,-19,-45581,1842365397,980146470,0.00476344161385702,99.960027147644,-0.519382406563355
366.7,368,657,657,85410,85410,2024-08-06,2024-10-18,517.38,0,0,1031157015,459478397,0.00828292866726994,99.7453043560005,0
457.61,463,0,156,0,84084,2024-08-06,2024-09-06,517.38,156,84084,84474231,47638935,0.0995380472892378,97.9306600612914,1
472.02,473,150,856,3150,83888,2024-08-06,2024-08-09,517.38,706,80738,330068330,159948781,0.0254153435441686,99.5915985032554,0.962449933244326
324.39,326,466,521,36348,83881,2024-08-06,2024-10-18,517.38,55,47533,1031157015,459478397,0.00813464863059677,99.7534390046311,0.566671832715394
382.07,385,269,286,39543,83798,2024-08-06,2024-10-18,517.38,17,44255,1031157015,459478397,0.00812659941997291,99.7615656040511,0.528115229480417
327.97,330,422,409,30806,83027,2024-08-06,2024-10-18,517.38,-13,52221,1031157015,459478397,0.00805182904176819,99.7696174330929,0.628964071928409
219.78,220,3716,3711,52024,81642,2024-08-06,2024-09-20,517.38,-5,29618,2879465219,1426353565,0.00283531815079028,99.9794806689763,0.362778961808873
383.85,385,0,709,0,81535,2024-08-06,2024-09-06,517.38,709,81535,84474231,47638935,0.0965205590329671,98.0271806203243,1
149.93,150,12395,11591,24790,81137,2024-08-06,2024-09-20,517.38,-804,56347,2879465219,1426353565,0.00281778017197853,99.9822984491482,0.694467382328654
540,585,18,18,81000,81000,2024-08-06,2024-12-20,517.38,0,0,1736044285,703482869,0.00466577959444162,99.9948266296675,0
394.95,396,770,770,80850,80850,2024-08-06,2024-10-18,517.38,0,0,1031157015,459478397,0.0078407069751642,99.777458140068,0
462.32,470,41,105,9225,80640,2024-08-06,2024-09-13,517.38,64,71415,26808473,6971441,0.300800422314244,94.5153459505135,0.885602678571429
517.97,580,13,13,59800,80639,2024-08-06,2024-10-18,517.38,0,20839,1031157015,459478397,0.00782024452406019,99.7852783845921,0.258423343543447
469.63,477,18,109,4086,80333,2024-08-06,2024-09-06,517.38,91,76247,84474231,47638935,0.0950976398944668,98.1222782602188,0.94913671840962
506.5,534,29,29,40745,79750,2024-08-06,2024-09-13,517.38,0,39005,26808473,6971441,0.297480576383444,94.8128265268969,0.489090909090909
254.53,255,1637,1682,21281,79054,2024-08-06,2024-09-20,517.38,45,57773,2879465219,1426353565,0.00274544035046391,99.9850438894987,0.730804260378982
462.83,469,6,128,1512,78976,2024-08-06,2024-09-06,517.38,122,77464,84474231,47638935,0.0934912328470916,98.2157694930659,0.980854943273906
516.05,571,8,14,31192,76930,2024-08-06,2024-10-18,517.38,6,45738,1031157015,459478397,0.00746055148545927,99.7927389360775,0.594540491355778
402.4,405,22,294,1276,76440,2024-08-06,2024-09-06,517.38,272,75164,84474231,47638935,0.0904891338993071,98.3062586269652,0.983307169021455
376.44,380,212,206,27772,73336,2024-08-06,2024-10-18,517.38,-6,45564,1031157015,459478397,0.00711201096760225,99.7998509470452,0.621304679829824
388.51,389,1494,1494,73206,73206,2024-08-06,2024-10-18,517.38,0,0,1031157015,459478397,0.00709940377023959,99.8069503508154,0
390.14,395,142,149,32660,72414,2024-08-06,2024-11-15,517.38,7,39754,494062088,201815377,0.0146568623172722,99.8961739804654,0.548982241003121
520.13,568,17,15,60775,71805,2024-08-06,2024-08-16,517.38,-2,11030,1842365397,980146470,0.00389743533595035,99.96392458298,0.1536104728083
474.48,482,60,95,19860,71440,2024-08-06,2024-09-06,517.38,35,51580,84474231,47638935,0.084570169096893,98.3908287960621,0.722004479283315
528.57,561,22,22,71346,71346,2024-08-06,2024-09-13,517.38,0,0,26808473,6971441,0.266132278403175,95.0789588053001,0
540.68,573,22,22,71104,71104,2024-08-06,2024-11-15,517.38,0,0,494062088,201815377,0.0143917134560626,99.9105656939215,0
511.5,541,23,24,38525,70800,2024-08-06,2024-09-13,517.38,1,32275,26808473,6971441,0.264095608877089,95.3430544141772,0.455861581920904
415.18,421,104,121,22152,70422,2024-08-06,2024-10-18,517.38,17,48270,1031157015,459478397,0.00682941578979609,99.8137797666052,0.685439209337991
458.5,465,18,107,4374,69550,2024-08-06,2024-09-13,517.38,89,65176,26808473,6971441,0.259432903918101,95.6024873180953,0.937109992810927
402.47,407,152,152,26296,68856,2024-08-06,2024-10-18,517.38,0,42560,1031157015,459478397,0.00667754755079662,99.820457314156,0.618101545253863
517.71,558,17,17,47447,68493,2024-08-06,2024-09-06,517.38,0,21046,84474231,47638935,0.0810815312423501,98.4719103273044,0.307272275999007
369.83,372,356,315,49128,68355,2024-08-06,2024-10-18,517.38,-41,19227,1031157015,459478397,0.00662896135172974,99.8270862755077,0.281281544876015
480.73,482,579,538,27213,68326,2024-08-06,2024-08-09,517.38,-41,41113,330068330,159948781,0.0207005622138907,99.6122990654693,0.601718233176243
383.86,385,630,598,25200,68172,2024-08-06,2024-08-30,517.38,-32,42972,924143158,497753407,0.00737677917212909,99.9910684833529,0.630346769934871
485.64,497,45,60,17325,68160,2024-08-06,2024-09-06,517.38,15,50835,84474231,47638935,0.0806873281865093,98.5525976554909,0.745818661971831
399.82,400,0,3777,0,67986,2024-08-06,2024-08-09,517.38,3777,67986,330068330,159948781,0.020597553239961,99.6328966187092,1
487.72,499,45,60,19350,67680,2024-08-06,2024-09-06,517.38,15,48330,84474231,47638935,0.0801191075654776,98.6327167630564,0.714095744680851
514.88,536,43,32,64715,67584,2024-08-06,2024-09-13,517.38,-11,2869,26808473,6971441,0.252099401558604,95.8545867196539,0.0424508759469697
318,320,318,332,32436,66400,2024-08-06,2024-11-15,517.38,14,33964,494062088,201815377,0.0134396064002385,99.9240053003217,0.511506024096386
485.1,487,188,347,7144,65930,2024-08-06,2024-08-09,517.38,159,58786,330068330,159948781,0.0199746519152565,99.6528712706245,0.89164265129683
518.92,560,1,16,2194,65728,2024-08-06,2024-09-13,517.38,15,63534,26808473,6971441,0.245176217235499,96.0997629368894,0.966620009737098
479.58,481,295,450,7375,63900,2024-08-06,2024-08-09,517.38,155,56525,330068330,159948781,0.0193596277473819,99.6722308983719,0.884585289514867
338.16,340,185,347,18500,63848,2024-08-06,2024-10-18,517.38,162,45348,1031157015,459478397,0.00619187951701032,99.8332781550247,0.710249342187696
234.69,235,1851,2047,20361,63457,2024-08-06,2024-09-20,517.38,196,43096,2879465219,1426353565,0.00220377727021262,99.9872476667689,0.679137053437761
475.94,477,388,594,18624,62964,2024-08-06,2024-08-09,517.38,206,44340,330068330,159948781,0.0190760501015047,99.6913069484734,0.704211930627025
476.9,478,82,569,4100,62590,2024-08-06,2024-08-09,517.38,487,58490,330068330,159948781,0.018962740230182,99.7102696887035,0.934494328167439
481.68,483,183,468,8784,61776,2024-08-06,2024-08-09,517.38,285,52992,330068330,159948781,0.0187161246278914,99.7289858133314,0.857808857808858
514.95,543,28,22,49392,61710,2024-08-06,2024-09-13,517.38,-6,12318,26808473,6971441,0.230188418415327,96.3299513553047,0.199611084103063
356.08,357,666,666,61272,61272,2024-08-06,2024-10-18,517.38,0,0,1031157015,459478397,0.00594206305234708,99.8392202180771,0
530.4,561,20,20,61200,61200,2024-08-06,2024-09-06,517.38,0,0,84474231,47638935,0.0724481291815489,98.705164892238,0
493.3,506,23,48,12673,60960,2024-08-06,2024-09-06,517.38,25,48287,84474231,47638935,0.072164018871033,98.777328911109,0.792109580052494
491.9,494,332,288,9960,60480,2024-08-06,2024-08-09,517.38,-44,50520,330068330,159948781,0.0183234786566769,99.7473092919881,0.83531746031746
378.73,380,15,476,750,60452,2024-08-06,2024-09-06,517.38,461,59702,84474231,47638935,0.0715626520471077,98.8488915631561,0.987593462581883
299.88,300,3773,5017,15092,60204,2024-08-06,2024-08-16,517.38,1244,45112,1842365397,980146470,0.00326775568505752,99.9671923386651,0.749318982127433
384.31,387,224,223,43680,59987,2024-08-06,2024-10-18,517.38,-1,16307,1031157015,459478397,0.00581744575533921,99.8450376638324,0.271842232483705
514.79,550,13,17,29848,59857,2024-08-06,2024-09-13,517.38,4,30009,26808473,6971441,0.223276424584123,96.5532277798889,0.501344871944802
490.38,503,44,47,19844,59314,2024-08-06,2024-09-06,517.38,3,39470,84474231,47638935,0.0702154956580783,98.9191070588142,0.665441548369694
353.84,355,10,510,470,59160,2024-08-06,2024-09-06,517.38,500,58690,84474231,47638935,0.0700331915421639,98.9891402503564,0.992055442866802
309.83,310,3550,3477,14200,59109,2024-08-06,2024-08-16,517.38,-73,44909,1842365397,980146470,0.00320832122098307,99.970400659886,0.759765856299379
480.91,491,24,58,9000,58522,2024-08-06,2024-09-06,517.38,34,49522,84474231,47638935,0.0692779316333759,99.0584181819897,0.846211681077202
356.97,358,565,565,58195,58195,2024-08-06,2024-10-18,517.38,0,0,1031157015,459478397,0.00564366038861696,99.850681324221,0
406.01,411,115,116,10695,57884,2024-08-06,2024-10-18,517.38,1,47189,1031157015,459478397,0.00561350009338781,99.8562948243144,0.815233916108078
516.45,545,17,20,32640,57100,2024-08-06,2024-09-13,517.38,3,24460,26808473,6971441,0.212992362526579,96.7662201424154,0.428371278458844
397.71,400,30,248,1680,56792,2024-08-06,2024-09-06,517.38,218,55112,84474231,47638935,0.0672299698117406,99.1256481518015,0.970418368784336
418.15,424,82,97,21238,56745,2024-08-06,2024-10-18,517.38,15,35507,1031157015,459478397,0.00550304164880263,99.8617978659632,0.625729139131201
229.69,230,1624,1815,25984,56265,2024-08-06,2024-09-20,517.38,191,30281,2879465219,1426353565,0.00195400866899653,99.9892016754379,0.538185372789478
426.75,430,74,173,6364,56225,2024-08-06,2024-09-06,517.38,99,49861,84474231,47638935,0.0665587592031468,99.1922069110046,0.886811916407292
390.71,394,172,170,25800,55930,2024-08-06,2024-10-18,517.38,-2,30130,1031157015,459478397,0.00542400421918286,99.8672218701824,0.538709100661541
515.28,552.5,6,15,7422,55830,2024-08-06,2024-09-13,517.38,9,48408,26808473,6971441,0.208255054288247,96.9744751967037,0.867060720042988
449.85,455,60,108,10920,55620,2024-08-06,2024-09-06,517.38,48,44700,84474231,47638935,0.0658425644620547,99.2580494754667,0.803667745415318
339.73,342,111,243,2109,55161,2024-08-06,2024-10-18,517.38,132,53052,1031157015,459478397,0.00534942779786064,99.8725712979803,0.961766465437537
332.96,335,189,268,4914,54672,2024-08-06,2024-10-18,517.38,79,49758,1031157015,459478397,0.00530200534008877,99.8778733033203,0.910118525021949
494.72,507,24,42,12000,51576,2024-08-06,2024-09-06,517.38,18,39576,84474231,47638935,0.0610553057298622,99.3191047811965,0.767333643555142
461.47,464,183,203,15738,51359,2024-08-06,2024-08-16,517.38,20,35621,1842365397,980146470,0.00278766633826438,99.9731883262243,0.693568800015577
416.25,422,65,89,9685,51175,2024-08-06,2024-10-18,517.38,24,41490,1031157015,459478397,0.00496287173103313,99.8828361750514,0.810747435271128
273.86,275,433,440,22516,50160,2024-08-06,2024-11-15,517.38,7,27644,494062088,201815377,0.0101525701360838,99.9341578704578,0.551116427432217
528.03,557.5,17,17,50099,50099,2024-08-06,2024-09-13,517.38,0,0,26808473,6971441,0.186877484592278,97.1613526812959,0
469.88,471,222,443,9768,49616,2024-08-06,2024-08-09,517.38,221,39848,330068330,159948781,0.0150320389720516,99.7623413309602,0.803128023218317
380,383,162,162,8586,48600,2024-08-06,2024-10-18,517.38,0,40014,1031157015,459478397,0.00471315224481114,99.8875493272962,0.823333333333333
516.28,570,52,9,195936,48348,2024-08-06,2024-08-23,517.38,-43,-147588,319007115,143080978,0.0151557748171228,99.9880808301094,-3.05261851576074
528.57,563,14,14,48202,48202,2024-08-06,2024-09-13,517.38,0,0,26808473,6971441,0.179801363546518,97.3411540448425,0
357.45,360,289,189,29189,48195,2024-08-06,2024-10-18,517.38,-100,19006,1031157015,459478397,0.00467387597610438,99.8922232032723,0.394356261022928
329.09,331,212,252,17384,48132,2024-08-06,2024-10-18,517.38,40,30748,1031157015,459478397,0.00466776633430555,99.8968909696066,0.638826560292529
520.08,557,220,13,538780,47996,2024-08-06,2024-08-09,517.38,-207,-490784,330068330,159948781,0.0145412315080335,99.7768825624682,-10.2255187932328
382.29,386,126,128,6048,47488,2024-08-06,2024-10-18,517.38,2,41440,1031157015,459478397,0.00460531221813974,99.9014962818247,0.872641509433962
517.63,557,11,12,29909,47244,2024-08-06,2024-09-06,517.38,1,17335,84474231,47638935,0.0559271146250506,99.3750318958216,0.366924900516468
515.99,575,17,8,72199,47208,2024-08-06,2024-09-20,517.38,-9,-24991,2879465219,1426353565,0.00163947109652516,99.9908411465344,-0.529380613455347
487.05,489,149,242,11175,47190,2024-08-06,2024-08-09,517.38,93,36015,330068330,159948781,0.014297039646306,99.7911796021145,0.763191354100445
154.93,155,7048,6720,7048,47040,2024-08-06,2024-09-20,517.38,-328,39992,2879465219,1426353565,0.00163363667981155,99.9924747832143,0.850170068027211
331.31,333,214,277,5778,46813,2024-08-06,2024-10-18,517.38,63,41035,1031157015,459478397,0.00453985177029514,99.906036133595,0.876572746886549
515.59,574,11,8,35497,46728,2024-08-06,2024-10-18,517.38,-3,11231,1031157015,459478397,0.00453160860278878,99.9105677421978,0.240348399246704
445,450,43,93,6579,46500,2024-08-06,2024-09-13,517.38,50,39921,26808473,6971441,0.173452624474359,97.5146066693168,0.858516129032258
539.76,559,24,24,46176,46176,2024-08-06,2024-09-06,517.38,0,0,84474231,47638935,0.0546628237432549,99.4296947195648,0
392.92,395,12,220,888,45760,2024-08-06,2024-09-06,517.38,208,44872,84474231,47638935,0.0541703658716941,99.4838650854365,0.980594405594406
244.96,245,11342,11242,34026,44968,2024-08-06,2024-08-16,517.38,-100,10942,1842365397,980146470,0.00244077532465727,99.975629101549,0.243328589219
518.62,556,11,12,29502,44856,2024-08-06,2024-09-13,517.38,1,15354,26808473,6971441,0.167320234912298,97.6819269042291,0.342295345104334
307.96,310,218,218,22890,44472,2024-08-06,2024-11-15,517.38,0,21582,494062088,201815377,0.00900129782878625,99.9431591682866,0.485294117647059
477.55,479,190,306,4560,44370,2024-08-06,2024-08-09,517.38,116,39810,330068330,159948781,0.01344267109783,99.8046222732123,0.897227856659905
540.26,555,30,30,44220,44220,2024-08-06,2024-09-13,517.38,0,0,26808473,6971441,0.164947850629165,97.8468747548583,0
294.93,295,6302,6303,12604,44121,2024-08-06,2024-08-16,517.38,1,31517,1842365397,980146470,0.00239480181682982,99.9780239033658,0.714331044173976
322.67,325,237,189,22989,44037,2024-08-06,2024-11-15,517.38,-48,21048,494062088,201815377,0.00891325221456782,99.9520724205011,0.477961714013216
326,328,164,220,12956,44000,2024-08-06,2024-10-18,517.38,56,31044,1031157015,459478397,0.00426705141505535,99.9148347936129,0.705545454545455
440.2,445,0,91,0,43680,2024-08-06,2024-09-13,517.38,91,43680,26808473,6971441,0.162933562086882,98.0098083169452,1
461.2,462,0,544,0,43520,2024-08-06,2024-08-09,517.38,544,43520,330068330,159948781,0.0131851486630056,99.8178074218754,1
519.81,568,9,9,18270,43371,2024-08-06,2024-11-15,517.38,0,25101,494062088,201815377,0.00877845134314374,99.9608508718443,0.578750778169745
488.71,501,34,35,13974,43015,2024-08-06,2024-09-06,517.38,1,29041,84474231,47638935,0.0509208541951687,99.5347859396317,0.675136580262699
456.12,462,6,73,666,42924,2024-08-06,2024-09-06,517.38,67,42258,84474231,47638935,0.0508131290357648,99.5855990686675,0.98448420464076
482.29,484,18,248,630,42408,2024-08-06,2024-08-09,517.38,230,41778,330068330,159948781,0.0128482487247413,99.8306556706001,0.985144312393888
532.81,552,22,22,42218,42218,2024-08-06,2024-09-13,517.38,0,0,26808473,6971441,0.157480062366849,98.167288379312,0
519.75,546,16,16,29536,42000,2024-08-06,2024-09-13,517.38,0,12464,26808473,6971441,0.156666886622002,98.323955265934,0.296761904761905
541.31,576,12,12,41628,41628,2024-08-06,2024-11-15,517.38,0,0,494062088,201815377,0.00842566167513748,99.9692765335194,0
312.9,315,245,196,24990,41160,2024-08-06,2024-11-15,517.38,-49,16170,494062088,201815377,0.0083309367384611,99.9776074702579,0.392857142857143
364.52,366,278,278,41144,41144,2024-08-06,2024-10-18,517.38,0,0,1031157015,459478397,0.00399008098684176,99.9188248745997,0
289.88,290,3937,3427,11811,41124,2024-08-06,2024-08-16,517.38,-510,29313,1842365397,980146470,0.0022321305028288,99.9802560338686,0.712795447913627
528.39,562.5,12,12,40932,40932,2024-08-06,2024-09-13,517.38,0,0,26808473,6971441,0.152683071505042,98.4766383374391,0
478.24,486,51,52,15300,40352,2024-08-06,2024-09-06,517.38,1,25052,84474231,47638935,0.0477684135414029,99.6333674822089,0.620836637589215
269.93,270,4426,5728,8852,40096,2024-08-06,2024-08-16,517.38,1302,31244,1842365397,980146470,0.00217633266806302,99.9824323665367,0.779229848363927
380.54,382,271,271,39566,39566,2024-08-06,2024-10-18,517.38,0,0,1031157015,459478397,0.00383704900654727,99.9226619236063,0
259.94,260,4291,6592,8582,39552,2024-08-06,2024-08-16,517.38,2301,30970,1842365397,980146470,0.00214680540919864,99.9845791719459,0.783019822006473
479.94,488,23,49,7636,39494,2024-08-06,2024-09-06,517.38,26,31858,84474231,47638935,0.0467527191813087,99.6801202013902,0.80665417531777
329.96,332,48,191,3792,38964,2024-08-06,2024-10-18,517.38,143,35172,1031157015,459478397,0.00377866798491402,99.9264405915912,0.902679396365876
355.91,359,125,124,13000,38316,2024-08-06,2024-10-18,517.38,-1,25316,1031157015,459478397,0.0037158259549832,99.9301564175462,0.660716149911264
517.6,565,2354,8,7763492,37920,2024-08-06,2024-08-30,517.38,-2346,-7725572,924143158,497753407,0.00410326037386515,99.9951717437268,-203.733438818565
431.42,435,5,105,635,37590,2024-08-06,2024-09-06,517.38,100,36955,84474231,47638935,0.0444987773845494,99.7246189787747,0.983107209364193
338.79,341,10,168,210,37128,2024-08-06,2024-10-18,517.38,158,36918,1031157015,459478397,0.0036006155667767,99.9337570331129,0.994343891402715
486.4,488,114,231,3420,36960,2024-08-06,2024-08-09,517.38,117,33540,330068330,159948781,0.0111976814013026,99.8418533520014,0.907467532467532
264.94,265,4505,6127,4505,36762,2024-08-06,2024-08-16,517.38,1622,32257,1842365397,980146470,0.00199536965141991,99.9865745415973,0.877454980686579
249.94,250,6869,6093,13738,36558,2024-08-06,2024-08-16,517.38,-776,22820,1842365397,980146470,0.00198429692934577,99.9885588385266,0.624213578423327
343.24,345,133,206,4788,36256,2024-08-06,2024-10-18,517.38,73,31468,1031157015,459478397,0.00351605036600561,99.9372730834789,0.867939099735216
467,468,24,362,1536,36200,2024-08-06,2024-08-09,517.38,338,34664,330068330,159948781,0.0109674260478126,99.8528207780492,0.957569060773481
542.6,720,2,2,35480,35480,2024-08-06,2024-12-20,517.38,0,0,1736044285,703482869,0.00204372666679986,99.9968703563343,0
510.73,538,12,13,17868,35451,2024-08-06,2024-09-13,517.38,1,17583,26808473,6971441,0.132238042800871,98.6088763802399,0.495980367267496
184.79,185,1702,1677,1702,35217,2024-08-06,2024-09-20,517.38,-25,33515,2879465219,1426353565,0.00122303960359106,99.9936978228178,0.951671067950138
299.35,300,69,540,1587,35100,2024-08-06,2024-09-13,517.38,471,33513,26808473,6971441,0.130928755248387,98.7398051354883,0.954786324786325
514.07,539,15,14,21930,34902,2024-08-06,2024-09-13,517.38,-1,12972,26808473,6971441,0.130190182782884,98.8699953182712,0.371669245315455
369.63,371,254,254,34798,34798,2024-08-06,2024-10-18,517.38,0,0,1031157015,459478397,0.00337465579866127,99.9406477392776,0
456.28,457,0,479,0,34488,2024-08-06,2024-08-09,517.38,479,34488,330068330,159948781,0.0104487455673193,99.8632695236165,1
409.71,410,0,1182,0,34278,2024-08-06,2024-08-09,517.38,1182,34278,330068330,159948781,0.0103851223775392,99.8736546459941,1
336.78,339,154,154,17402,34188,2024-08-06,2024-10-18,517.38,0,16786,1031157015,459478397,0.00331549894949801,99.9439632382271,0.490990990990991
515.17,572,5,6,21750,34098,2024-08-06,2024-11-15,517.38,1,12348,494062088,201815377,0.00690156173245983,99.9845090319903,0.362132676403308
284.89,285,3007,3020,9021,33220,2024-08-06,2024-08-16,517.38,13,24199,1842365397,980146470,0.00180311680050513,99.9903619553272,0.72844671884407
338.85,340,11,286,165,32890,2024-08-06,2024-09-13,517.38,275,32725,26808473,6971441,0.122685092880896,98.9926804111521,0.994983277591973
420.05,426,20,55,6100,32725,2024-08-06,2024-10-18,517.38,35,26625,1031157015,459478397,0.00317361948994742,99.9471368577171,0.813598166539343
345.21,347,170,180,4590,32220,2024-08-06,2024-10-18,517.38,10,27630,1031157015,459478397,0.00312464537711553,99.9502615030942,0.857541899441341
520.83,561,9,8,26640,32136,2024-08-06,2024-08-09,517.38,-1,5496,330068330,159948781,0.00973616584178191,99.8833908118358,0.171023151605676
344,346,161,160,16100,32000,2024-08-06,2024-10-18,517.38,-1,15900,1031157015,459478397,0.00310331012004025,99.9533648132142,0.496875
516.29,580,5,5,23845,31855,2024-08-06,2024-08-16,517.38,0,8010,1842365397,980146470,0.00172902726309726,99.9920909825902,0.251451891382828
353.99,355,314,314,31714,31714,2024-08-06,2024-10-18,517.38,0,0,1031157015,459478397,0.00307557428584239,99.9564403875001,0
464.91,471,5,52,1150,31668,2024-08-06,2024-09-06,517.38,47,30518,84474231,47638935,0.0374883554725701,99.7621073342473,0.963685739547808
349.12,351,230,168,19320,31584,2024-08-06,2024-10-18,517.38,-62,12264,1031157015,459478397,0.00306296708847973,99.9595033545885,0.388297872340425
546.75,578,10,10,31250,31250,2024-08-06,2024-10-18,517.38,0,0,1031157015,459478397,0.00303057628910181,99.9625339308776,0
322.64,324,169,228,9971,31008,2024-08-06,2024-10-18,517.38,59,21037,1031157015,459478397,0.00300710750631901,99.965541038384,0.67843782249742
462.29,463,0,429,0,30459,2024-08-06,2024-08-09,517.38,429,30459,330068330,159948781,0.00922808922625203,99.8926189010621,1
526.86,547,15,15,30210,30210,2024-08-06,2024-09-13,517.38,0,0,26808473,6971441,0.112688253448826,99.1053686646009,0
556.59,578,14,14,29974,29974,2024-08-06,2024-11-15,517.38,0,0,494062088,201815377,0.00606684882892694,99.9905758808193,0
326.98,329,147,148,14112,29896,2024-08-06,2024-10-18,517.38,1,15784,1031157015,459478397,0.00289926747964761,99.9684403058636,0.527963607171528
461.16,467,0,51,0,29784,2024-08-06,2024-09-06,517.38,51,29784,84474231,47638935,0.0352580895350204,99.7973654237823,1
460.21,461,0,377,0,29783,2024-08-06,2024-08-09,517.38,377,29783,330068330,159948781,0.0090232831486741,99.9016421842108,1
463.24,464,0,383,0,29108,2024-08-06,2024-08-09,517.38,383,29108,330068330,159948781,0.00881878003866654,99.9104609642495,1
274.91,275,3199,3225,6398,29025,2024-08-06,2024-08-16,517.38,26,22627,1842365397,980146470,0.00157542038334321,99.9936664029736,0.779569336778639
542.04,600,5,5,28980,28980,2024-08-06,2024-12-20,517.38,0,0,1736044285,703482869,0.00166931225490023,99.9985396685892,0
472.88,474,32,254,544,28448,2024-08-06,2024-08-09,517.38,222,27904,330068330,159948781,0.00861882144221471,99.9190797856917,0.980877390326209
528.78,564,17,8,59874,28176,2024-08-06,2024-09-06,517.38,-9,-31698,84474231,47638935,0.0333545504545641,99.8307199742369,-1.125
529.09,564,8,8,27928,27928,2024-08-06,2024-09-13,517.38,0,0,26808473,6971441,0.104176019275697,99.2095446838766,0
528.71,562,8,8,26632,26632,2024-08-06,2024-09-13,517.38,0,0,26808473,6971441,0.099341726774218,99.3088864106508,0
519.54,572,1163,5,4168192,26230,2024-08-06,2024-09-20,517.38,-1158,-4141962,2879465219,1426353565,0.000910933038083694,99.9946087558559,-157.909340449867
404.79,405,0,1213,0,25473,2024-08-06,2024-08-09,517.38,1213,25473,330068330,159948781,0.00771749292032956,99.926797278612,1
362.89,364,229,229,25419,25419,2024-08-06,2024-10-18,517.38,0,0,1031157015,459478397,0.00246509499816573,99.9709054008618,0
520.02,560,98,6,267540,23988,2024-08-06,2024-08-09,517.38,-92,-243552,330068330,159948781,0.00726758607831294,99.9340648646903,-10.1530765382691
199.97,200,8040,7935,16080,23805,2024-08-06,2024-08-16,517.38,-105,7725,1842365397,980146470,0.00129208896556365,99.9949584919392,0.324511657214871
532.03,566,8,7,27176,23779,2024-08-06,2024-08-16,517.38,-1,-3397,1842365397,980146470,0.00129067773627969,99.9962491696754,-0.142857142857143
474.41,481,35,36,10850,23724,2024-08-06,2024-09-06,517.38,1,12874,84474231,47638935,0.0280843041944945,99.8588042784314,0.542657224751307
444.5,445,0,463,0,23150,2024-08-06,2024-08-09,517.38,463,23150,330068330,159948781,0.00701369925433319,99.9410785639446,1
457.29,458,0,323,0,22933,2024-08-06,2024-08-09,517.38,323,22933,330068330,159948781,0.00694795529156039,99.9480265192362,1
465.7,473,8,31,2048,22630,2024-08-06,2024-09-06,517.38,23,20582,84474231,47638935,0.0267892346957263,99.8855935131271,0.909500662836942
515.54,572,4,4,16296,22584,2024-08-06,2024-10-18,517.38,0,6288,1031157015,459478397,0.00219016111721841,99.973095561979,0.278427205100956
254.94,255,3054,3745,6108,22470,2024-08-06,2024-08-16,517.38,691,16362,1842365397,980146470,0.00121962776963727,99.9974687974451,0.728170894526035
541.64,579,6,6,22416,22416,2024-08-06,2024-10-18,517.38,0,0,1031157015,459478397,0.0021738687390882,99.9752694307181,0
465.14,466,65,257,1950,22102,2024-08-06,2024-08-09,517.38,192,20152,330068330,159948781,0.00669618924057331,99.9547227084768,0.911772690254276
517.73,554,5,6,12165,21762,2024-08-06,2024-09-13,517.38,1,9597,26808473,6971441,0.0811758282540001,99.3900622389048,0.440998070030328
342.07,344,39,109,3744,21037,2024-08-06,2024-10-18,517.38,70,17293,1031157015,459478397,0.00204013546860271,99.9773095661867,0.822027855682845
407.12,410,21,73,2268,21024,2024-08-06,2024-09-13,517.38,52,18756,26808473,6971441,0.0784229672462135,99.4684852061511,0.892123287671233
325.47,327,111,136,8769,20808,2024-08-06,2024-10-18,517.38,25,12039,1031157015,459478397,0.00201792740555618,99.9793274935922,0.578575547866205
532.3,600,3,3,20310,20310,2024-08-06,2024-08-09,517.38,0,0,330068330,159948781,0.00615327135444955,99.9608759798312,0
194.92,195,2675,2491,8025,19928,2024-08-06,2024-09-20,517.38,-184,11903,2879465219,1426353565,0.00069207295398139,99.9953008288099,0.597300281011642
334.95,337,31,96,2232,19680,2024-08-06,2024-10-18,517.38,65,17448,1031157015,459478397,0.00190853572382476,99.9812360293161,0.886585365853659
519.91,548,6,7,8472,19663,2024-08-06,2024-09-13,517.38,1,11191,26808473,6971441,0.0733462140868672,99.5418314202379,0.569140009154249
204.86,205,1363,1372,5452,19208,2024-08-06,2024-09-20,517.38,9,13756,2879465219,1426353565,0.00066706831092305,99.9959678971208,0.7161599333611
335.95,338,6,91,120,18655,2024-08-06,2024-10-18,517.38,85,18535,1031157015,459478397,0.00180913282154222,99.9830451621376,0.993567408201555
553.5,590,6,5,21900,18250,2024-08-06,2024-12-20,517.38,-1,-3650,1736044285,703482869,0.00105124046417975,99.9995909090534,-0.2
466.99,474,3,26,591,18226,2024-08-06,2024-09-06,517.38,23,17635,84474231,47638935,0.02157581049776,99.9071693236249,0.967573795676506
234.96,235,4579,4490,4579,17960,2024-08-06,2024-08-16,517.38,-89,13381,1842365397,980146470,0.00097483376691969,99.998443631212,0.745044543429844
344.86,348,55,57,5775,17898,2024-08-06,2024-10-18,517.38,2,12123,1031157015,459478397,0.00173572014151501,99.9847808822791,0.677338250083808
520,563,6,4,18840,17200,2024-08-06,2024-08-09,517.38,-2,-1640,330068330,159948781,0.00521104221056289,99.9660870220418,-0.0953488372093021
367.79,373,36,33,5148,17193,2024-08-06,2024-10-18,517.38,-3,12045,1031157015,459478397,0.00166735034043288,99.9864482326196,0.700575815738964
174.95,175,3428,3421,10284,17105,2024-08-06,2024-09-20,517.38,-7,6821,2879465219,1426353565,0.000594033915990148,99.9965619310368,0.398772288804443
364.01,367,54,57,6210,17043,2024-08-06,2024-10-18,517.38,3,10833,1031157015,459478397,0.00165280357424519,99.9881010361938,0.635627530364373
517.59,600,2,2,10316,16482,2024-08-06,2024-09-20,517.38,0,6166,2879465219,1426353565,0.000572397954010501,99.9971343289908,0.374105084334425
394.95,398,54,54,8532,16470,2024-08-06,2024-10-18,517.38,0,7938,1031157015,459478397,0.00159723492740822,99.9896982711212,0.481967213114754
518.98,600,1,2,6897,16204,2024-08-06,2024-08-30,517.38,1,9307,924143158,497753407,0.00175340799309364,99.9969251517198,0.574364354480375
468.02,469,261,165,10962,16170,2024-08-06,2024-08-09,517.38,-96,5208,330068330,159948781,0.00489898561306988,99.9709860076548,0.322077922077922
483.05,493,7,16,2303,15920,2024-08-06,2024-09-06,517.38,9,13617,84474231,47638935,0.0188459839308866,99.9260153075558,0.8553391959799
169.92,170,1992,1982,5976,15856,2024-08-06,2024-09-20,517.38,-10,9880,2879465219,1426353565,0.000550657806018111,99.9976849867969,0.623107971745711
517.88,570,11,3,41393,15636,2024-08-06,2024-08-30,517.38,-8,-25757,924143158,497753407,0.00169194565416022,99.998617097374,-1.64728830903044
518.09,544,5,6,7425,15546,2024-08-06,2024-09-13,517.38,1,8121,26808473,6971441,0.0579891290339439,99.5998205492719,0.522385179467387
511.51,585,3,2,14586,14698,2024-08-06,2024-11-15,517.38,-1,112,494062088,201815377,0.0029749297420287,99.9935508105613,0.00762008436521976
341.39,343,6,91,126,14651,2024-08-06,2024-10-18,517.38,85,14525,1031157015,459478397,0.00142083114277218,99.991119102264,0.991399904443383
439.56,440,0,320,0,14080,2024-08-06,2024-08-09,517.38,320,14080,330068330,159948781,0.00426578339097241,99.9752517910458,1
387.31,388,199,199,13731,13731,2024-08-06,2024-10-18,517.38,0,0,1031157015,459478397,0.00133161097682102,99.9924507132408,0
189.89,190,1295,1244,9065,13684,2024-08-06,2024-09-20,517.38,-51,4619,2879465219,1426353565,0.000475227132792119,99.9981602139296,0.337547500730781
358.73,360,0,106,0,13462,2024-08-06,2024-09-13,517.38,106,13462,26808473,6971441,0.0502154673263188,99.6500360165982,1
519.35,650,0,1,0,13065,2024-08-06,2024-11-15,517.38,1,13065,494062088,201815377,0.0026444044822156,99.9961952150435,1
412.04,415,20,42,1600,12432,2024-08-06,2024-09-06,517.38,22,10832,84474231,47638935,0.0147169140847225,99.9407322216405,0.871299871299871
355.35,356,191,191,12415,12415,2024-08-06,2024-10-18,517.38,0,0,1031157015,459478397,0.00120398734813437,99.9936547005889,0
526.19,551,5,5,12405,12405,2024-08-06,2024-09-13,517.38,0,0,26808473,6971441,0.0462726840129984,99.6963087006112,0
159.92,160,1457,1460,4371,11680,2024-08-06,2024-09-20,517.38,3,7309,2879465219,1426353565,0.000405630876279739,99.9985658448059,0.625770547945206
518.43,547.5,6,4,12270,11628,2024-08-06,2024-09-13,517.38,-2,-641.999999999998,26808473,6971441,0.0433743466104914,99.7396830472217,-0.0552115583075334
345.83,349,36,36,3312,11412,2024-08-06,2024-10-18,517.38,0,8100,1031157015,459478397,0.00110671797155936,99.9947614185605,0.709779179810726
516.71,630,0,1,0,11329,2024-08-06,2024-08-09,517.38,1,11329,330068330,159948781,0.00343231960485273,99.9786841106507,1
516.4,573,2,2,4050,11320,2024-08-06,2024-08-23,517.38,0,7270,319007115,143080978,0.00354851019545442,99.9916293403049,0.642226148409894
518.57,625,0,1,0,10643,2024-08-06,2024-11-15,517.38,1,10643,494062088,201815377,0.00215418269454425,99.9983493977381,1
532.34,585,2,2,10532,10532,2024-08-06,2024-09-20,517.38,0,0,2879465219,1426353565,0.000365762362070052,99.998931607168,0
531.01,635,1,1,10399,10399,2024-08-06,2024-09-20,517.38,0,0,2879465219,1426353565,0.000361143448838442,99.9992927506168,0
527.53,553,4,4,10188,10188,2024-08-06,2024-09-13,517.38,0,0,26808473,6971441,0.038002910497737,99.7776859577194,0
429.61,430,0,257,0,10023,2024-08-06,2024-08-09,517.38,257,10023,330068330,159948781,0.00303664395793441,99.9817207546086,1
530,580,2,2,10000,10000,2024-08-06,2024-09-20,517.38,0,0,2879465219,1426353565,0.000347286709143612,99.999640037326,0
516.05,565,4,2,9304,9790,2024-08-06,2024-08-09,517.38,-2,486,330068330,159948781,0.0029660525140355,99.9846868071226,0.0496424923391216
461.15,466,16,20,3696,9700,2024-08-06,2024-09-06,517.38,4,6004,84474231,47638935,0.0114827917166834,99.9522150133572,0.618969072164949
416.37,420,16,26,1584,9438,2024-08-06,2024-09-13,517.38,10,7854,26808473,6971441,0.0352052875223442,99.8128912452417,0.832167832167832
520.12,565,441,2,1575693,8976,2024-08-06,2024-08-23,517.38,-439,-1566717,319007115,143080978,0.00281373034579495,99.9944430706506,-174.545120320856
458.24,459,0,118,0,8968,2024-08-06,2024-08-09,517.38,118,8968,330068330,159948781,0.00271701317118186,99.9874038202938,1
541,585,2,2,8800,8800,2024-08-06,2024-10-18,517.38,0,0,1031157015,459478397,0.00085341028301107,99.9956148288435,0
480.55,489,3,10,1068,8450,2024-08-06,2024-09-06,517.38,7,7382,84474231,47638935,0.0100030505160799,99.9622180638732,0.873609467455621
520.13,562,17,2,49895,8374,2024-08-06,2024-08-09,517.38,-15,-41521,330068330,159948781,0.00253705043437521,99.9899408707282,-4.95832338189635
419.66,420,0,241,0,8194,2024-08-06,2024-08-09,517.38,241,8194,330068330,159948781,0.00248251627170653,99.9924233869999,1
179.94,180,1326,1318,5304,7908,2024-08-06,2024-09-20,517.38,-8,2604,2879465219,1426353565,0.000274634329590768,99.9999146716556,0.329286798179059
434.52,435,0,164,0,7872,2024-08-06,2024-08-09,517.38,164,7872,330068330,159948781,0.00238496071404366,99.994808347714,1
516.63,595,5,1,31900,7837,2024-08-06,2024-10-18,517.38,-4,-24063,1031157015,459478397,0.000760020044086109,99.9963748488876,-3.07043511547786
229.97,230,2595,2563,2595,7689,2024-08-06,2024-08-16,517.38,-32,5094,1842365397,980146470,0.000417343921706319,99.9988609751337,0.662504877097152
458.63,464,4,14,816,7518,2024-08-06,2024-09-06,517.38,10,6702,84474231,47638935,0.00889975547690988,99.9711178193501,0.89146049481245
520.62,558,1,2,2841,7476,2024-08-06,2024-09-13,517.38,1,4635,26808473,6971441,0.0278867058187163,99.8407779510605,0.619983948635634
548.98,620,2,1,14204,7102,2024-08-06,2024-12-20,517.38,-1,-7102,1736044285,703482869,0.000409090946663264,100,-1
368.57,369,165,165,7095,7095,2024-08-06,2024-10-18,517.38,0,0,1031157015,459478397,0.000688062040677675,99.9970629109283,0
531.24,600,1,1,6876,6876,2024-08-06,2024-10-18,517.38,0,0,1031157015,459478397,0.00066682376204365,99.9977297346903,0
239.96,240,1663,1718,3326,6872,2024-08-06,2024-08-16,517.38,55,3546,1842365397,980146470,0.000372998755360362,99.9992339738891,0.516006984866123
516.4,585,1,1,5389,6860,2024-08-06,2024-08-30,517.38,0,1471,924143158,497753407,0.000742309234301554,99.9993594066083,0.214431486880466
424.6,425,0,163,0,6520,2024-08-06,2024-08-09,517.38,163,6520,330068330,159948781,0.00197534855888779,99.9967836962728,1
515.28,580,1,1,4468,6472,2024-08-06,2024-09-13,517.38,0,2004,26808473,6971441,0.0241416211956571,99.8649195722561,0.309641532756489
527.77,549,3,3,6369,6369,2024-08-06,2024-09-13,517.38,0,0,26808473,6971441,0.0237574143070364,99.8886769865632,0
511.63,575,0,1,0,6337,2024-08-06,2024-09-06,517.38,1,6337,84474231,47638935,0.00750169599057966,99.9786195153407,1
372.74,374,50,50,6300,6300,2024-08-06,2024-10-18,517.38,0,0,1031157015,459478397,0.000610964179882925,99.9983406988702,0
517.93,580,1,1,4897,6207,2024-08-06,2024-09-06,517.38,0,1310,84474231,47638935,0.00734780290571689,99.9859673182464,0.211052038021589
378.29,380,8,36,480,6156,2024-08-06,2024-09-13,517.38,28,5676,26808473,6971441,0.0229628893820249,99.9116398759452,0.922027290448343
542.4,572,4,2,11840,5920,2024-08-06,2024-08-30,517.38,-2,-5920,924143158,497753407,0.000640593391700466,100,-1
516.31,575,2,1,8450,5869,2024-08-06,2024-08-16,517.38,-1,-2581,1842365397,980146470,0.000318557871829157,99.9995525317609,-0.439768273981939
376.63,377,156,156,5772,5772,2024-08-06,2024-10-18,517.38,0,0,1031157015,459478397,0.000559759562902261,99.9989004584331,0
421.17,425,0,15,0,5745,2024-08-06,2024-09-13,517.38,15,5745,26808473,6971441,0.0214297919915096,99.9330696679367,1
529.99,557.5,2,2,5502,5502,2024-08-06,2024-09-06,517.38,0,0,84474231,47638935,0.0065132288685765,99.992480547115,0
542.21,595,1,1,5279,5279,2024-08-06,2024-11-15,517.38,0,0,494062088,201815377,0.00106848918956113,99.9994178869276,0
387.76,390,20,22,1160,4928,2024-08-06,2024-09-13,517.38,2,3768,26808473,6971441,0.0183822480303149,99.951451915967,0.76461038961039
530.98,580,1,1,4902,4902,2024-08-06,2024-08-23,517.38,0,0,319007115,143080978,0.00153664284258989,99.9959797134932,0
540.26,564,2,2,4748,4748,2024-08-06,2024-08-09,517.38,0,0,330068330,159948781,0.00143849002417166,99.998222186297,0
531.44,542.5,4,4,4424,4424,2024-08-06,2024-09-13,517.38,0,0,26808473,6971441,0.0165022453908509,99.9679541613579,0
520.12,564,522,1,1189116,4388,2024-08-06,2024-08-23,517.38,-521,-1184728,319007115,143080978,0.00137551790968675,99.9973552314029,-269.992707383774
361.04,362,45,45,4320,4320,2024-08-06,2024-10-18,517.38,0,0,1031157015,459478397,0.000418946866205434,99.9993194052993,0
520.51,563,1187,1,3811457,4249,2024-08-06,2024-08-23,517.38,-1186,-3807208,319007115,143080978,0.00133194521382384,99.9986871766167,-896.024476347376
520.12,562,476,1,1514632,4188,2024-08-06,2024-08-23,517.38,-475,-1510444,319007115,143080978,0.00131282338326529,100,-360.659980897803
532.53,570,1,1,3747,3747,2024-08-06,2024-09-13,517.38,0,0,26808473,6971441,0.0139769243850629,99.9819310857429,0
224.98,225,1765,1779,3530,3558,2024-08-06,2024-08-16,517.38,14,27.9999999999995,1842365397,980146470,0.000193121299704914,99.9997456530606,0.00786958965711061
528.7,563,1,1,3430,3430,2024-08-06,2024-09-06,517.38,0,0,84474231,47638935,0.00406040985445609,99.9965409569695,0
414.72,415,0,116,0,3248,2024-08-06,2024-08-09,517.38,116,3248,330068330,159948781,0.000984038668599317,99.9992062249656,1
352.92,354,28,28,3024,3024,2024-08-06,2024-10-18,517.38,0,0,1031157015,459478397,0.000293262806343804,99.9996126681057,0
542.76,552.5,3,3,2922,2922,2024-08-06,2024-09-06,517.38,0,0,84474231,47638935,0.00345904303053081,100,0
550.24,579,1,1,2876,2876,2024-08-06,2024-11-15,517.38,0,0,494062088,201815377,0.000582113072395873,100,0
528.39,537.5,3,3,2733,2733,2024-08-06,2024-09-13,517.38,0,0,26808473,6971441,0.0101945381223317,99.9921256238652,0
219.98,220,1430,1312,2860,2624,2024-08-06,2024-08-16,517.38,-118,-236,1842365397,980146470,0.00014242560158114,99.9998880786622,-0.0899390243902439
542.8,569,1,1,2620,2620,2024-08-06,2024-08-09,517.38,0,0,330068330,159948781,0.000793775034399695,100,0
164.91,165,282,273,846,2457,2024-08-06,2024-09-20,517.38,-9,1611,2879465219,1426353565,8.53283444365855e-05,100,0.655677655677656
552.46,577,1,1,2454,2454,2024-08-06,2024-10-18,517.38,0,0,1031157015,459478397,0.000237985094830587,99.9998506532005,0
348.79,350,0,17,0,2057,2024-08-06,2024-09-13,517.38,17,2057,26808473,6971441,0.00767294728051091,99.9997985711458,1
362.56,363,35,35,1540,1540,2024-08-06,2024-10-18,517.38,0,0,1031157015,459478397,0.000149346799526937,100,0
209.99,210,930,931,930,931,2024-08-06,2024-08-16,517.38,1,0.999999999999886,1842365397,980146470,5.05328639756254e-05,99.9999386115262,0.00107411385606862
214.98,215,378,390,378,780,2024-08-06,2024-08-16,517.38,12,402,1842365397,980146470,4.23368785187839e-05,99.9999809484047,0.515384615384615
204.99,205,362,351,724,351,2024-08-06,2024-08-16,517.38,-11,-373,1842365397,980146470,1.90515953334527e-05,100,-1.06267806267806
319.46,320,0,1,0,54,2024-08-06,2024-09-13,517.38,1,54,26808473,6971441,0.000201428854228288,100,1
520.15,557.5,26,0,69264,0,2024-08-06,2024-08-09,517.38,-26,-69264,330068330,159948781,0,100,-Inf
547.2,566,0,0,0,0,2024-08-06,2024-08-09,517.38,0,0,330068330,159948781,0,100,
550,567,0,0,0,0,2024-08-06,2024-08-09,517.38,0,0,330068330,159948781,0,100,
540.24,567.5,1,0,2726,0,2024-08-06,2024-08-09,517.38,-1,-2726,330068330,159948781,0,100,-Inf
532.46,568,14,0,49756,0,2024-08-06,2024-08-09,517.38,-14,-49756,330068330,159948781,0,100,-Inf
512.5,570,2,0,7688,0,2024-08-06,2024-08-09,517.38,-2,-7688,330068330,159948781,0,100,-Inf
552.9,571,0,0,0,0,2024-08-06,2024-08-09,517.38,0,0,330068330,159948781,0,100,
544.03,572,0,0,0,0,2024-08-06,2024-08-09,517.38,0,0,330068330,159948781,0,100,
542.28,572.5,0,0,0,0,2024-08-06,2024-08-09,517.38,0,0,330068330,159948781,0,100,
532.45,573,0,0,0,0,2024-08-06,2024-08-09,517.38,0,0,330068330,159948781,0,100,
574,574,0,0,0,0,2024-08-06,2024-08-09,517.38,0,0,330068330,159948781,0,100,
518.1,575,0,0,0,0,2024-08-06,2024-08-09,517.38,0,0,330068330,159948781,0,100,
576,576,0,0,0,0,2024-08-06,2024-08-09,517.38,0,0,330068330,159948781,0,100,
577,577,0,0,0,0,2024-08-06,2024-08-09,517.38,0,0,330068330,159948781,0,100,
532.44,578,0,0,0,0,2024-08-06,2024-08-09,517.38,0,0,330068330,159948781,0,100,
579,579,0,0,0,0,2024-08-06,2024-08-09,517.38,0,0,330068330,159948781,0,100,
542.95,580,0,0,0,0,2024-08-06,2024-08-09,517.38,0,0,330068330,159948781,0,100,
560.13,585,0,0,0,0,2024-08-06,2024-08-09,517.38,0,0,330068330,159948781,0,100,
590,590,0,0,0,0,2024-08-06,2024-08-09,517.38,0,0,330068330,159948781,0,100,
538.2,595,0,0,0,0,2024-08-06,2024-08-09,517.38,0,0,330068330,159948781,0,100,
532.29,605,0,0,0,0,2024-08-06,2024-08-09,517.38,0,0,330068330,159948781,0,100,
532.28,610,0,0,0,0,2024-08-06,2024-08-09,517.38,0,0,330068330,159948781,0,100,
615,615,0,0,0,0,2024-08-06,2024-08-09,517.38,0,0,330068330,159948781,0,100,
620,620,0,0,0,0,2024-08-06,2024-08-09,517.38,0,0,330068330,159948781,0,100,
625,625,0,0,0,0,2024-08-06,2024-08-09,517.38,0,0,330068330,159948781,0,100,
635,635,0,0,0,0,2024-08-06,2024-08-09,517.38,0,0,330068330,159948781,0,100,
640,640,0,0,0,0,2024-08-06,2024-08-09,517.38,0,0,330068330,159948781,0,100,
516.72,645,0,0,0,0,2024-08-06,2024-08-09,517.38,0,0,330068330,159948781,0,100,
516.3,571,2,0,4378,0,2024-08-06,2024-08-16,517.38,-2,-4378,1842365397,980146470,0,100,-Inf
516.3,572,2,0,8392,0,2024-08-06,2024-08-16,517.38,-2,-8392,1842365397,980146470,0,100,-Inf
516.28,573,0,0,0,0,2024-08-06,2024-08-16,517.38,0,0,1842365397,980146470,0,100,
574,574,0,0,0,0,2024-08-06,2024-08-16,517.38,0,0,1842365397,980146470,0,100,
516.29,576,0,0,0,0,2024-08-06,2024-08-16,517.38,0,0,1842365397,980146470,0,100,
538.86,577,0,0,0,0,2024-08-06,2024-08-16,517.38,0,0,1842365397,980146470,0,100,
516.27,585,0,0,0,0,2024-08-06,2024-08-16,517.38,0,0,1842365397,980146470,0,100,
532.29,590,0,0,0,0,2024-08-06,2024-08-16,517.38,0,0,1842365397,980146470,0,100,
544.09,595,0,0,0,0,2024-08-06,2024-08-16,517.38,0,0,1842365397,980146470,0,100,
553.42,600,0,0,0,0,2024-08-06,2024-08-16,517.38,0,0,1842365397,980146470,0,100,
529.7,605,0,0,0,0,2024-08-06,2024-08-16,517.38,0,0,1842365397,980146470,0,100,
545.99,610,0,0,0,0,2024-08-06,2024-08-16,517.38,0,0,1842365397,980146470,0,100,
532.54,615,0,0,0,0,2024-08-06,2024-08-16,517.38,0,0,1842365397,980146470,0,100,
532.53,620,0,0,0,0,2024-08-06,2024-08-16,517.38,0,0,1842365397,980146470,0,100,
532.52,625,0,0,0,0,2024-08-06,2024-08-16,517.38,0,0,1842365397,980146470,0,100,
544.74,630,0,0,0,0,2024-08-06,2024-08-16,517.38,0,0,1842365397,980146470,0,100,
504.99,635,0,0,0,0,2024-08-06,2024-08-16,517.38,0,0,1842365397,980146470,0,100,
559.46,640,0,0,0,0,2024-08-06,2024-08-16,517.38,0,0,1842365397,980146470,0,100,
544.02,645,0,0,0,0,2024-08-06,2024-08-16,517.38,0,0,1842365397,980146470,0,100,
544.55,650,0,0,0,0,2024-08-06,2024-08-16,517.38,0,0,1842365397,980146470,0,100,
536.43,566,2,0,5914,0,2024-08-06,2024-08-23,517.38,-2,-5914,319007115,143080978,0,100,-Inf
518.93,567,25,0,89475,0,2024-08-06,2024-08-23,517.38,-25,-89475,319007115,143080978,0,100,-Inf
550.65,567.5,2,0,3370,0,2024-08-06,2024-08-23,517.38,-2,-3370,319007115,143080978,0,100,-Inf
550.29,568,0,0,0,0,2024-08-06,2024-08-23,517.38,0,0,319007115,143080978,0,100,
546.92,569,0,0,0,0,2024-08-06,2024-08-23,517.38,0,0,319007115,143080978,0,100,
516.45,571,2,0,5082,0,2024-08-06,2024-08-23,517.38,-2,-5082,319007115,143080978,0,100,-Inf
516.4,572,1,0,3009,0,2024-08-06,2024-08-23,517.38,-1,-3009,319007115,143080978,0,100,-Inf
516.38,572.5,0,0,0,0,2024-08-06,2024-08-23,517.38,0,0,319007115,143080978,0,100,
516.38,574,0,0,0,0,2024-08-06,2024-08-23,517.38,0,0,319007115,143080978,0,100,
532.71,575,0,0,0,0,2024-08-06,2024-08-23,517.38,0,0,319007115,143080978,0,100,
530.96,585,0,0,0,0,2024-08-06,2024-08-23,517.38,0,0,319007115,143080978,0,100,
559.03,590,0,0,0,0,2024-08-06,2024-08-23,517.38,0,0,319007115,143080978,0,100,
559.99,595,0,0,0,0,2024-08-06,2024-08-23,517.38,0,0,319007115,143080978,0,100,
551,600,0,0,0,0,2024-08-06,2024-08-23,517.38,0,0,319007115,143080978,0,100,
542.69,605,0,0,0,0,2024-08-06,2024-08-23,517.38,0,0,319007115,143080978,0,100,
610,610,0,0,0,0,2024-08-06,2024-08-23,517.38,0,0,319007115,143080978,0,100,
615,615,0,0,0,0,2024-08-06,2024-08-23,517.38,0,0,319007115,143080978,0,100,
620,620,0,0,0,0,2024-08-06,2024-08-23,517.38,0,0,319007115,143080978,0,100,
625,625,0,0,0,0,2024-08-06,2024-08-23,517.38,0,0,319007115,143080978,0,100,
630,630,0,0,0,0,2024-08-06,2024-08-23,517.38,0,0,319007115,143080978,0,100,
635,635,0,0,0,0,2024-08-06,2024-08-23,517.38,0,0,319007115,143080978,0,100,
640,640,0,0,0,0,2024-08-06,2024-08-23,517.38,0,0,319007115,143080978,0,100,
645,645,0,0,0,0,2024-08-06,2024-08-23,517.38,0,0,319007115,143080978,0,100,
520.52,566,415,0,944540,0,2024-08-06,2024-08-30,517.38,-415,-944540,924143158,497753407,0,100,-Inf
518.74,567,66,0,133254,0,2024-08-06,2024-08-30,517.38,-66,-133254,924143158,497753407,0,100,-Inf
515.85,568,8,0,19824,0,2024-08-06,2024-08-30,517.38,-8,-19824,924143158,497753407,0,100,-Inf
519.5,569,0,0,0,0,2024-08-06,2024-08-30,517.38,0,0,924143158,497753407,0,100,
547.97,571,2,0,4606,0,2024-08-06,2024-08-30,517.38,-2,-4606,924143158,497753407,0,100,-Inf
554.3,573,0,0,0,0,2024-08-06,2024-08-30,517.38,0,0,924143158,497753407,0,100,
547,574,0,0,0,0,2024-08-06,2024-08-30,517.38,0,0,924143158,497753407,0,100,
515.15,575,1,0,4269,0,2024-08-06,2024-08-30,517.38,-1,-4269,924143158,497753407,0,100,-Inf
535,576,0,0,0,0,2024-08-06,2024-08-30,517.38,0,0,924143158,497753407,0,100,
548.7,577,0,0,0,0,2024-08-06,2024-08-30,517.38,0,0,924143158,497753407,0,100,
542.8,580,0,0,0,0,2024-08-06,2024-08-30,517.38,0,0,924143158,497753407,0,100,
516.38,590,0,0,0,0,2024-08-06,2024-08-30,517.38,0,0,924143158,497753407,0,100,
560.89,595,0,0,0,0,2024-08-06,2024-08-30,517.38,0,0,924143158,497753407,0,100,
516.36,605,0,0,0,0,2024-08-06,2024-08-30,517.38,0,0,924143158,497753407,0,100,
555.11,610,0,0,0,0,2024-08-06,2024-08-30,517.38,0,0,924143158,497753407,0,100,
615,615,0,0,0,0,2024-08-06,2024-08-30,517.38,0,0,924143158,497753407,0,100,
620,620,0,0,0,0,2024-08-06,2024-08-30,517.38,0,0,924143158,497753407,0,100,
625,625,0,0,0,0,2024-08-06,2024-08-30,517.38,0,0,924143158,497753407,0,100,
630,630,0,0,0,0,2024-08-06,2024-08-30,517.38,0,0,924143158,497753407,0,100,
554.79,635,0,0,0,0,2024-08-06,2024-08-30,517.38,0,0,924143158,497753407,0,100,
545.92,640,0,0,0,0,2024-08-06,2024-08-30,517.38,0,0,924143158,497753407,0,100,
545.9,645,0,0,0,0,2024-08-06,2024-08-30,517.38,0,0,924143158,497753407,0,100,
532.97,570,0,0,0,0,2024-08-06,2024-09-06,517.38,0,0,84474231,47638935,0,100,
531.01,585,0,0,0,0,2024-08-06,2024-09-06,517.38,0,0,84474231,47638935,0,100,
590,590,0,0,0,0,2024-08-06,2024-09-06,517.38,0,0,84474231,47638935,0,100,
541.59,595,0,0,0,0,2024-08-06,2024-09-06,517.38,0,0,84474231,47638935,0,100,
600,600,0,0,0,0,2024-08-06,2024-09-06,517.38,0,0,84474231,47638935,0,100,
605,605,0,0,0,0,2024-08-06,2024-09-06,517.38,0,0,84474231,47638935,0,100,
610,610,0,0,0,0,2024-08-06,2024-09-06,517.38,0,0,84474231,47638935,0,100,
615,615,0,0,0,0,2024-08-06,2024-09-06,517.38,0,0,84474231,47638935,0,100,
620,620,0,0,0,0,2024-08-06,2024-09-06,517.38,0,0,84474231,47638935,0,100,
625,625,0,0,0,0,2024-08-06,2024-09-06,517.38,0,0,84474231,47638935,0,100,
630,630,0,0,0,0,2024-08-06,2024-09-06,517.38,0,0,84474231,47638935,0,100,
635,635,0,0,0,0,2024-08-06,2024-09-06,517.38,0,0,84474231,47638935,0,100,
640,640,0,0,0,0,2024-08-06,2024-09-06,517.38,0,0,84474231,47638935,0,100,
645,645,0,0,0,0,2024-08-06,2024-09-06,517.38,0,0,84474231,47638935,0,100,
310,310,0,0,0,0,2024-08-06,2024-09-13,517.38,0,0,26808473,6971441,0,100,
559,559,0,0,0,0,2024-08-06,2024-09-13,517.38,0,0,26808473,6971441,0,100,
550.2,575,0,0,0,0,2024-08-06,2024-09-13,517.38,0,0,26808473,6971441,0,100,
515.26,585,0,0,0,0,2024-08-06,2024-09-13,517.38,0,0,26808473,6971441,0,100,
590,590,0,0,0,0,2024-08-06,2024-09-13,517.38,0,0,26808473,6971441,0,100,
595,595,0,0,0,0,2024-08-06,2024-09-13,517.38,0,0,26808473,6971441,0,100,
600,600,0,0,0,0,2024-08-06,2024-09-13,517.38,0,0,26808473,6971441,0,100,
605,605,0,0,0,0,2024-08-06,2024-09-13,517.38,0,0,26808473,6971441,0,100,
610,610,0,0,0,0,2024-08-06,2024-09-13,517.38,0,0,26808473,6971441,0,100,
615,615,0,0,0,0,2024-08-06,2024-09-13,517.38,0,0,26808473,6971441,0,100,
620,620,0,0,0,0,2024-08-06,2024-09-13,517.38,0,0,26808473,6971441,0,100,
625,625,0,0,0,0,2024-08-06,2024-09-13,517.38,0,0,26808473,6971441,0,100,
630,630,0,0,0,0,2024-08-06,2024-09-13,517.38,0,0,26808473,6971441,0,100,
635,635,0,0,0,0,2024-08-06,2024-09-13,517.38,0,0,26808473,6971441,0,100,
640,640,0,0,0,0,2024-08-06,2024-09-13,517.38,0,0,26808473,6971441,0,100,
645,645,0,0,0,0,2024-08-06,2024-09-13,517.38,0,0,26808473,6971441,0,100,
518.81,573,2034,0,7796322,0,2024-08-06,2024-09-20,517.38,-2034,-7796322,2879465219,1426353565,0,100,-Inf
515.42,574,10,0,43380,0,2024-08-06,2024-09-20,517.38,-10,-43380,2879465219,1426353565,0,100,-Inf
545.66,576,0,0,0,0,2024-08-06,2024-09-20,517.38,0,0,2879465219,1426353565,0,100,
550.12,577,0,0,0,0,2024-08-06,2024-09-20,517.38,0,0,2879465219,1426353565,0,100,
550.28,578,0,0,0,0,2024-08-06,2024-09-20,517.38,0,0,2879465219,1426353565,0,100,
550.08,579,0,0,0,0,2024-08-06,2024-09-20,517.38,0,0,2879465219,1426353565,0,100,
543.09,581,0,0,0,0,2024-08-06,2024-09-20,517.38,0,0,2879465219,1426353565,0,100,
553.78,582,0,0,0,0,2024-08-06,2024-09-20,517.38,0,0,2879465219,1426353565,0,100,
516.43,590,1,0,5766,0,2024-08-06,2024-09-20,517.38,-1,-5766,2879465219,1426353565,0,100,-Inf
516.41,595,0,0,0,0,2024-08-06,2024-09-20,517.38,0,0,2879465219,1426353565,0,100,
516.43,605,1,0,5671,0,2024-08-06,2024-09-20,517.38,-1,-5671,2879465219,1426353565,0,100,-Inf
516.41,610,0,0,0,0,2024-08-06,2024-09-20,517.38,0,0,2879465219,1426353565,0,100,
544.54,615,0,0,0,0,2024-08-06,2024-09-20,517.38,0,0,2879465219,1426353565,0,100,
620,620,0,0,0,0,2024-08-06,2024-09-20,517.38,0,0,2879465219,1426353565,0,100,
498,625,0,0,0,0,2024-08-06,2024-09-20,517.38,0,0,2879465219,1426353565,0,100,
630,630,0,0,0,0,2024-08-06,2024-09-20,517.38,0,0,2879465219,1426353565,0,100,
530.99,640,0,0,0,0,2024-08-06,2024-09-20,517.38,0,0,2879465219,1426353565,0,100,
645,645,0,0,0,0,2024-08-06,2024-09-20,517.38,0,0,2879465219,1426353565,0,100,
545.05,650,0,0,0,0,2024-08-06,2024-09-20,517.38,0,0,2879465219,1426353565,0,100,
434.75,655,0,0,0,0,2024-08-06,2024-09-20,517.38,0,0,2879465219,1426353565,0,100,
660,660,0,0,0,0,2024-08-06,2024-09-20,517.38,0,0,2879465219,1426353565,0,100,
435,665,0,0,0,0,2024-08-06,2024-09-20,517.38,0,0,2879465219,1426353565,0,100,
434.73,670,0,0,0,0,2024-08-06,2024-09-20,517.38,0,0,2879465219,1426353565,0,100,
434.51,675,0,0,0,0,2024-08-06,2024-09-20,517.38,0,0,2879465219,1426353565,0,100,
434.79,680,0,0,0,0,2024-08-06,2024-09-20,517.38,0,0,2879465219,1426353565,0,100,
450.5,685,0,0,0,0,2024-08-06,2024-09-20,517.38,0,0,2879465219,1426353565,0,100,
434.75,690,0,0,0,0,2024-08-06,2024-09-20,517.38,0,0,2879465219,1426353565,0,100,
434.68,695,0,0,0,0,2024-08-06,2024-09-20,517.38,0,0,2879465219,1426353565,0,100,
563.09,700,0,0,0,0,2024-08-06,2024-09-20,517.38,0,0,2879465219,1426353565,0,100,
558.8,590,0,0,0,0,2024-08-06,2024-10-18,517.38,0,0,1031157015,459478397,0,100,
531.22,605,0,0,0,0,2024-08-06,2024-10-18,517.38,0,0,1031157015,459478397,0,100,
540.47,610,0,0,0,0,2024-08-06,2024-10-18,517.38,0,0,1031157015,459478397,0,100,
540.45,615,0,0,0,0,2024-08-06,2024-10-18,517.38,0,0,1031157015,459478397,0,100,
620,620,0,0,0,0,2024-08-06,2024-10-18,517.38,0,0,1031157015,459478397,0,100,
625,625,0,0,0,0,2024-08-06,2024-10-18,517.38,0,0,1031157015,459478397,0,100,
630,630,0,0,0,0,2024-08-06,2024-10-18,517.38,0,0,1031157015,459478397,0,100,
635,635,0,0,0,0,2024-08-06,2024-10-18,517.38,0,0,1031157015,459478397,0,100,
640,640,0,0,0,0,2024-08-06,2024-10-18,517.38,0,0,1031157015,459478397,0,100,
645,645,0,0,0,0,2024-08-06,2024-10-18,517.38,0,0,1031157015,459478397,0,100,
521.61,650,0,0,0,0,2024-08-06,2024-10-18,517.38,0,0,1031157015,459478397,0,100,
655,655,0,0,0,0,2024-08-06,2024-10-18,517.38,0,0,1031157015,459478397,0,100,
660,660,0,0,0,0,2024-08-06,2024-10-18,517.38,0,0,1031157015,459478397,0,100,
551.27,665,0,0,0,0,2024-08-06,2024-10-18,517.38,0,0,1031157015,459478397,0,100,
670,670,0,0,0,0,2024-08-06,2024-10-18,517.38,0,0,1031157015,459478397,0,100,
675,675,0,0,0,0,2024-08-06,2024-10-18,517.38,0,0,1031157015,459478397,0,100,
680,680,0,0,0,0,2024-08-06,2024-10-18,517.38,0,0,1031157015,459478397,0,100,
515.4,590,1,0,4170,0,2024-08-06,2024-11-15,517.38,-1,-4170,494062088,201815377,0,100,-Inf
541.38,600,0,0,0,0,2024-08-06,2024-11-15,517.38,0,0,494062088,201815377,0,100,
605,605,0,0,0,0,2024-08-06,2024-11-15,517.38,0,0,494062088,201815377,0,100,
610,610,0,0,0,0,2024-08-06,2024-11-15,517.38,0,0,494062088,201815377,0,100,
552.29,615,0,0,0,0,2024-08-06,2024-11-15,517.38,0,0,494062088,201815377,0,100,
620,620,0,0,0,0,2024-08-06,2024-11-15,517.38,0,0,494062088,201815377,0,100,
630,630,0,0,0,0,2024-08-06,2024-11-15,517.38,0,0,494062088,201815377,0,100,
635,635,0,0,0,0,2024-08-06,2024-11-15,517.38,0,0,494062088,201815377,0,100,
640,640,0,0,0,0,2024-08-06,2024-11-15,517.38,0,0,494062088,201815377,0,100,
645,645,0,0,0,0,2024-08-06,2024-11-15,517.38,0,0,494062088,201815377,0,100,
655,655,0,0,0,0,2024-08-06,2024-11-15,517.38,0,0,494062088,201815377,0,100,
520.67,660,0,0,0,0,2024-08-06,2024-11-15,517.38,0,0,494062088,201815377,0,100,
520.08,665,0,0,0,0,2024-08-06,2024-11-15,517.38,0,0,494062088,201815377,0,100,
670,670,0,0,0,0,2024-08-06,2024-11-15,517.38,0,0,494062088,201815377,0,100,
675,675,0,0,0,0,2024-08-06,2024-11-15,517.38,0,0,494062088,201815377,0,100,
546.36,680,0,0,0,0,2024-08-06,2024-11-15,517.38,0,0,494062088,201815377,0,100,
553.86,595,0,0,0,0,2024-08-06,2024-12-20,517.38,0,0,1736044285,703482869,0,100,
546.34,605,0,0,0,0,2024-08-06,2024-12-20,517.38,0,0,1736044285,703482869,0,100,
558.6,615,0,0,0,0,2024-08-06,2024-12-20,517.38,0,0,1736044285,703482869,0,100,
538.01,625,0,0,0,0,2024-08-06,2024-12-20,517.38,0,0,1736044285,703482869,0,100,
501.25,630,0,0,0,0,2024-08-06,2024-12-20,517.38,0,0,1736044285,703482869,0,100,
514.35,635,0,0,0,0,2024-08-06,2024-12-20,517.38,0,0,1736044285,703482869,0,100,
545.03,640,0,0,0,0,2024-08-06,2024-12-20,517.38,0,0,1736044285,703482869,0,100,
493.79,645,0,0,0,0,2024-08-06,2024-12-20,517.38,0,0,1736044285,703482869,0,100,
544.86,650,0,0,0,0,2024-08-06,2024-12-20,517.38,0,0,1736044285,703482869,0,100,
453.98,655,0,0,0,0,2024-08-06,2024-12-20,517.38,0,0,1736044285,703482869,0,100,
418.16,660,0,0,0,0,2024-08-06,2024-12-20,517.38,0,0,1736044285,703482869,0,100,
665,665,0,0,0,0,2024-08-06,2024-12-20,517.38,0,0,1736044285,703482869,0,100,
670,670,0,0,0,0,2024-08-06,2024-12-20,517.38,0,0,1736044285,703482869,0,100,
675,675,0,0,0,0,2024-08-06,2024-12-20,517.38,0,0,1736044285,703482869,0,100,
680,680,0,0,0,0,2024-08-06,2024-12-20,517.38,0,0,1736044285,703482869,0,100,
685,685,0,0,0,0,2024-08-06,2024-12-20,517.38,0,0,1736044285,703482869,0,100,
690,690,0,0,0,0,2024-08-06,2024-12-20,517.38,0,0,1736044285,703482869,0,100,
493.35,695,0,0,0,0,2024-08-06,2024-12-20,517.38,0,0,1736044285,703482869,0,100,
498.41,700,0,0,0,0,2024-08-06,2024-12-20,517.38,0,0,1736044285,703482869,0,100,
705,705,0,0,0,0,2024-08-06,2024-12-20,517.38,0,0,1736044285,703482869,0,100,
418.57,710,0,0,0,0,2024-08-06,2024-12-20,517.38,0,0,1736044285,703482869,0,100,
494.27,715,0,0,0,0,2024-08-06,2024-12-20,517.38,0,0,1736044285,703482869,0,100,
542.55,725,0,0,0,0,2024-08-06,2024-12-20,517.38,0,0,1736044285,703482869,0,100,
730,730,0,0,0,0,2024-08-06,2024-12-20,517.38,0,0,1736044285,703482869,0,100,
735,735,0,0,0,0,2024-08-06,2024-12-20,517.38,0,0,1736044285,703482869,0,100,
740,740,0,0,0,0,2024-08-06,2024-12-20,517.38,0,0,1736044285,703482869,0,100,
544.46,745,0,0,0,0,2024-08-06,2024-12-20,517.38,0,0,1736044285,703482869,0,100,
544.42,750,0,0,0,0,2024-08-06,2024-12-20,517.38,0,0,1736044285,703482869,0,100,
755,755,0,0,0,0,2024-08-06,2024-12-20,517.38,0,0,1736044285,703482869,0,100,
760,760,0,0,0,0,2024-08-06,2024-12-20,517.38,0,0,1736044285,703482869,0,100,
765,765,0,0,0,0,2024-08-06,2024-12-20,517.38,0,0,1736044285,703482869,0,100,
557.26,770,0,0,0,0,2024-08-06,2024-12-20,517.38,0,0,1736044285,703482869,0,100,
