Watch,strike,open_interest.yt,open_interest.td,OI_Dollar.yt,OI_Dollar.td,Date.td,expiry,stkClose,diff_oi,diff_oi_d,totalOI,totalOIdiff,OI_pct,cum_sep_OI,pct
426.81,430,106074,103555,49642632,33034045,2023-08-30,2023-10-20,449.16,-2519,-16608587,439236584,-173917488,7.52078633777919,7.52078633777919,-0.50277182222159
434.94,440,54755,57439,40244925,29064134,2023-08-30,2023-10-20,449.16,2684,-11180791,439236584,-173917488,6.61696567606491,14.1377520138441,-0.384693760357697
423.4,430,44934,43772,37519890,28889520,2023-08-30,2023-12-15,449.16,-1162,-8630370,465107462,-111417443,6.21136454697431,6.21136454697431,-0.298737050667509
438.04,450,24077,24141,35465421,28872636,2023-08-30,2023-12-15,449.16,64,-6592785,465107462,-111417443,6.20773441815905,12.4190989651334,-0.2283402526877
443.49,450,42993,43396,44712720,28250796,2023-08-30,2023-09-29,449.16,403,-16461924,180435358,-99854918,15.6570177337415,15.6570177337415,-0.582706554533897
430.99,435,60660,63846,35486100,25602246,2023-08-30,2023-10-20,449.16,3186,-9883854,439236584,-173917488,5.82880546216068,19.9665574760048,-0.386054176653095
445.77,465,12872,12873,30249200,24754779,2023-08-30,2023-11-17,449.16,1,-5494421,295018058,-71005898,8.39093686936276,8.39093686936276,-0.221953950790674
441.77,450,30033,29285,35258742,24101555,2023-08-30,2023-10-20,449.16,-748,-11157187,439236584,-173917488,5.4871465351347,25.4537040111395,-0.462923948268068
396.95,400,77431,77942,29578642,23772310,2023-08-30,2023-12-15,449.16,511,-5806332,465107462,-111417443,5.11114354041475,17.5302425055481,-0.244247698267438
427.4,435,27547,27717,26748137,21064920,2023-08-30,2023-12-15,449.16,170,-5683217,465107462,-111417443,4.52904365572187,22.05928616127,-0.269795327967066
443.41,460,12590,12601,26061300,20905059,2023-08-30,2023-12-15,449.16,11,-5156241,465107462,-111417443,4.49467288916556,26.5539590504355,-0.246650392137138
445.03,450,41979,42032,38200890,20889904,2023-08-30,2023-09-15,449.16,53,-17310986,256608621,-212570102,8.14076468615604,8.14076468615604,-0.82867714471067
419.24,425,34194,32952,24688068,18980352,2023-08-30,2023-12-15,449.16,-1242,-5707716,465107462,-111417443,4.08085303950681,30.6348120899423,-0.300717078376629
438.55,445,27049,29365,25047374,18940425,2023-08-30,2023-10-20,449.16,2316,-6106949,439236584,-173917488,4.31212373694264,29.7658277480821,-0.32242935414596
438.16,440,97267,101200,37447795,18620800,2023-08-30,2023-09-15,449.16,3933,-18826995,256608621,-212570102,7.25649821406429,15.3972629002203,-1.01107336956522
446.22,460,13404,13433,24864420,18510674,2023-08-30,2023-10-20,449.16,29,-6353746,439236584,-173917488,4.21428329840576,33.9801110464879,-0.343247685092396
417.92,420,88815,88496,26999760,18407168,2023-08-30,2023-10-20,449.16,-319,-8592592,439236584,-173917488,4.19071832140467,38.1708293678925,-0.466806843942534
444.6,460,11841,11851,23397816,18250540,2023-08-30,2023-11-17,449.16,10,-5147276,295018058,-71005898,6.18624504673541,14.5771819160982,-0.282034175427138
406.11,410,43492,43628,21354572,16971292,2023-08-30,2023-12-15,449.16,136,-4383280,465107462,-111417443,3.64889695104483,34.2837090409872,-0.258276152457927
439.79,450,17273,16509,23266731,16855689,2023-08-30,2023-11-17,449.16,-764,-6411042,295018058,-71005898,5.71344314116528,20.2906250572634,-0.380348854324495
398.05,400,84677,85642,21761989,16700190,2023-08-30,2023-11-17,449.16,965,-5061799,295018058,-71005898,5.66073484220413,25.9513598994676,-0.303098288103309
432.93,440,22778,23300,21365764,16473100,2023-08-30,2023-11-17,449.16,522,-4892664,295018058,-71005898,5.5837598930978,31.5351197925654,-0.297009306080823
426.57,434,22231,21839,21786380,16226377,2023-08-30,2023-12-15,449.16,-392,-5560003,465107462,-111417443,3.48873718994429,37.7724462309315,-0.342652152110111
413.33,415,91509,93092,22419705,15546364,2023-08-30,2023-10-20,449.16,1583,-6873341,439236584,-173917488,3.53940554277692,41.7102349106695,-0.442118877442983
441.98,445,48198,50139,28918800,15141978,2023-08-30,2023-09-15,449.16,1941,-13776822,256608621,-212570102,5.90080642692047,21.2980693271408,-0.909842954467375
414.92,420,28619,28986,18173065,14724888,2023-08-30,2023-12-15,449.16,367,-3448177,465107462,-111417443,3.16591093522383,40.9383571661553,-0.234173394052301
436.47,445,15732,17052,17729964,14545356,2023-08-30,2023-11-17,449.16,1320,-3184608,295018058,-71005898,4.93032734965668,36.4654471422221,-0.218943283340745
444.35,455,13528,13569,20156720,14450985,2023-08-30,2023-10-20,449.16,41,-5705735,439236584,-173917488,3.29002308241246,45.0002579930819,-0.394833639367836
447.07,455,18144,18130,24204096,14377090,2023-08-30,2023-09-15,449.16,-14,-9827006,256608621,-212570102,5.60273070482694,26.9008000319678,-0.683518431059415
442.64,455,11442,11605,19188234,14343780,2023-08-30,2023-11-17,449.16,163,-4844454,295018058,-71005898,4.86200068471741,41.3274478269395,-0.337739006036066
431.21,440,14506,15114,16203202,13285206,2023-08-30,2023-12-15,449.16,608,-2917996,465107462,-111417443,2.85637343741434,43.7947306035696,-0.219642510624224
418.21,424,22294,22638,15784152,13107402,2023-08-30,2023-12-15,449.16,344,-2676750,465107462,-111417443,2.81814485272653,46.6128754562962,-0.20421667085514
432.52,435,48705,50228,20309985,12456544,2023-08-30,2023-09-29,449.16,1523,-7853441,180435358,-99854918,6.90360478016731,22.5606225139088,-0.630467086215888
428.17,430,60971,65960,18961981,12070680,2023-08-30,2023-09-29,449.16,4989,-6891301,180435358,-99854918,6.68975312477281,29.2503756386816,-0.570912409242893
436.62,440,33674,35600,18857440,12032800,2023-08-30,2023-09-29,449.16,1926,-6824640,180435358,-99854918,6.66875945678008,35.9191350954617,-0.567169736054784
423.33,426,43366,43508,17042838,11616636,2023-08-30,2023-10-20,449.16,142,-5426202,439236584,-173917488,2.64473325382205,47.644991246904,-0.467106139849781
408.63,410,85740,84532,17062260,11580884,2023-08-30,2023-10-20,449.16,-1208,-5481376,439236584,-173917488,2.6365936768145,50.2815849237185,-0.473312399986046
429.25,430,152526,152983,23946582,11473725,2023-08-30,2023-09-15,449.16,457,-12472857,256608621,-212570102,4.47129365930383,31.3720936912716,-1.0870800023532
448.23,460,9608,9648,17544208,11355696,2023-08-30,2023-09-15,449.16,40,-6188512,256608621,-212570102,4.42529793260531,35.7973916238769,-0.544969854775964
387.57,390,43770,44198,12868380,10740114,2023-08-30,2023-12-15,449.16,428,-2128266,465107462,-111417443,2.30916828421041,48.9220437405066,-0.198160466453149
422.44,425,41803,41565,15717928,10640640,2023-08-30,2023-10-20,449.16,-238,-5077288,439236584,-173917488,2.42253045115204,52.7041153748705,-0.477160020449898
445.96,452,17484,17574,20001696,10614696,2023-08-30,2023-09-15,449.16,90,-9387000,256608621,-212570102,4.13653132877402,39.9339229526509,-0.884339975445364
429.08,435,17145,17718,13475970,10489056,2023-08-30,2023-11-17,449.16,573,-2986914,295018058,-71005898,3.55539456503371,44.8828423919732,-0.284764806289527
446.58,454,14128,14126,17264416,10481492,2023-08-30,2023-09-15,449.16,-2,-6782924,256608621,-212570102,4.08462192702403,44.018544879675,-0.647133442452659
440.32,445,21160,22370,16081600,10469160,2023-08-30,2023-09-29,449.16,1210,-5612440,180435358,-99854918,5.80216655762115,41.7213016530829,-0.536092676012211
425.02,430,21095,20988,13964890,10452024,2023-08-30,2023-11-17,449.16,-107,-3512866,295018058,-71005898,3.54284211307499,48.4256845050482,-0.336094329672416
434.75,445,9995,10021,12823585,10271525,2023-08-30,2023-12-15,449.16,26,-2552060,465107462,-111417443,2.20841973935047,51.1304634798571,-0.248459698048732
415.15,417,55320,55352,15047040,10240120,2023-08-30,2023-10-20,449.16,32,-4806920,439236584,-173917488,2.33134496829618,55.0354603431667,-0.469420280231091
447.35,456,11650,11653,17801200,10079845,2023-08-30,2023-09-15,449.16,3,-7721355,256608621,-212570102,3.92810068528446,47.9466455649594,-0.76601921954157
447.58,458,9320,9322,15219560,9713524,2023-08-30,2023-09-15,449.16,2,-5506036,256608621,-212570102,3.78534593348678,51.7319914984462,-0.566842270632162
422.5,427,3689,21453,2161754,9653850,2023-08-30,2023-11-17,449.16,17764,7492096,295018058,-71005898,3.27229121683121,51.6979757218794,0.776073380050446
445.7,458,7521,7523,13440027,9253290,2023-08-30,2023-10-20,449.16,2,-4186737,439236584,-173917488,2.10667561334099,57.1421359565077,-0.452459287453436
373.24,375,51323,51072,10983122,8988672,2023-08-30,2023-12-15,449.16,-251,-1994450,465107462,-111417443,1.93260111573957,53.0630645955966,-0.221884834600706
444.51,449,18798,19974,16767816,8968326,2023-08-30,2023-09-15,449.16,1176,-7799490,256608621,-212570102,3.49494337526563,55.2269348737118,-0.86967066094609
420.8,425,21360,21201,11961600,8904420,2023-08-30,2023-11-17,449.16,-159,-3057180,295018058,-71005898,3.01826269902434,54.7162384209037,-0.343332861657469
416.4,420,22180,23624,10491140,8504640,2023-08-30,2023-11-17,449.16,1444,-1986500,295018058,-71005898,2.88275235002733,57.5989907709311,-0.233578376039433
425.08,428,28630,28863,12310900,8427996,2023-08-30,2023-10-20,449.16,233,-3882904,439236584,-173917488,1.91878279428564,59.0609187507933,-0.460714978981955
421.55,424,36842,34180,13299962,8374100,2023-08-30,2023-10-20,449.16,-2662,-4925862,439236584,-173917488,1.90651241382025,60.9674311646136,-0.58822583919466
401.56,405,23080,23847,10109040,8203368,2023-08-30,2023-12-15,449.16,767,-1905672,465107462,-111417443,1.76375755502284,54.8268221506195,-0.232303609931921
445.54,464,4426,4431,10662234,8179626,2023-08-30,2023-11-17,449.16,5,-2482608,295018058,-71005898,2.7725848564836,60.3715756274147,-0.303511187430819
433.85,435,61951,69230,15177995,7961450,2023-08-30,2023-09-15,449.16,7279,-7216545,256608621,-212570102,3.10256528754737,58.3295001612592,-0.906436013540247
447.6,465,4332,4357,11423484,7581180,2023-08-30,2023-10-20,449.16,25,-3842304,439236584,-173917488,1.72599011014984,62.6934212747634,-0.506821365539402
437.74,467,2580,2580,7549080,7549080,2023-08-30,2023-12-15,449.16,0,0,465107462,-111417443,1.62308296829691,56.4499051189164,0
424.21,427,11092,26913,4647548,7508727,2023-08-30,2023-10-20,449.16,15821,2861179,439236584,-173917488,1.70949489945036,64.4029161742138,0.381047146873232
378.07,380,37576,38325,9018240,7396725,2023-08-30,2023-12-15,449.16,749,-1621515,465107462,-111417443,1.59032602233331,58.0402311412497,-0.219220668606714
431.6,434,30130,30404,11931480,7296960,2023-08-30,2023-09-29,449.16,274,-4634520,180435358,-99854918,4.04408541700568,45.7653870700886,-0.635130246020261
423.63,425,54932,52705,12854088,7220585,2023-08-30,2023-09-29,449.16,-2227,-5633503,180435358,-99854918,4.00175723873366,49.7671443088222,-0.780200357727247
432.67,442,6323,7646,7454817,7133718,2023-08-30,2023-12-15,449.16,1323,-321098.999999999,465107462,-111417443,1.53377844537786,59.5740095866275,-0.0450114512516473
417.02,419,29707,35761,8615030,7080678,2023-08-30,2023-10-20,449.16,6054,-1534352,439236584,-173917488,1.6120419514054,66.0149581256192,-0.216695632819343
445.62,468,3106,3106,8560136,6951228,2023-08-30,2023-12-15,449.16,0,-1608908,465107462,-111417443,1.494542351591,61.0685519382185,-0.231456657730116
444.87,456,6209,6203,10350403,6903939,2023-08-30,2023-10-20,449.16,-6,-3446464,439236584,-173917488,1.57180418286834,67.5867623084875,-0.499202556685394
425.87,429,21074,21504,9651892,6730752,2023-08-30,2023-10-20,449.16,430,-2921140,439236584,-173917488,1.53237509014049,69.119137398628,-0.433999053894721
420.63,423,27966,27839,9648270,6597843,2023-08-30,2023-10-20,449.16,-127,-3050427,439236584,-173917488,1.50211599860726,70.6212533972352,-0.462337009231654
432.19,439,9914,9464,8922600,6444984,2023-08-30,2023-11-17,449.16,-450,-2477616,295018058,-71005898,2.18460661143665,62.5561822388513,-0.384425469481383
399.05,400,63445,66602,8438185,6327190,2023-08-30,2023-10-20,449.16,3157,-2110995,439236584,-173917488,1.44049704202235,72.0617504392576,-0.333638629470587
443.9,448,15229,15406,12046139,6316460,2023-08-30,2023-09-15,449.16,177,-5729679,256608621,-212570102,2.46151511799754,60.7910152792567,-0.907102870911872
438.16,442,16135,16170,10181185,6209280,2023-08-30,2023-09-29,449.16,35,-3971905,180435358,-99854918,3.44127673690209,53.2084210457243,-0.639672393578644
410.57,415,13873,13952,7644023,6180736,2023-08-30,2023-12-15,449.16,79,-1463287,465107462,-111417443,1.32888343124454,62.3974353694631,-0.236749636289271
443.92,454,6111,6119,10804248,6167952,2023-08-30,2023-10-20,449.16,8,-4636296,439236584,-173917488,1.40424368658691,73.4659941258445,-0.751675110312143
368.44,370,37189,38651,7214666,6029556,2023-08-30,2023-12-15,449.16,1462,-1185110,465107462,-111417443,1.29637911506997,63.693814484533,-0.196550127405733
447.3,475,2144,2144,8072160,5938880,2023-08-30,2023-12-15,449.16,0,-2133280,465107462,-111417443,1.27688340549565,64.9706978900287,-0.359205776173285
431.79,436,13908,13745,8622960,5786645,2023-08-30,2023-10-20,449.16,-163,-2836315,439236584,-173917488,1.31743238400197,74.7834265098465,-0.49014843661569
442.66,446,18350,17004,12257800,5679336,2023-08-30,2023-09-15,449.16,-1346,-6578464,256608621,-212570102,2.21322883770144,63.0042441169582,-1.15831569042578
442.89,452,6403,6173,8106198,5623603,2023-08-30,2023-10-20,449.16,-230,-2482595,439236584,-173917488,1.28031298048707,76.0637394903335,-0.441459861231314
407.36,410,20999,21165,7244655,5587560,2023-08-30,2023-11-17,449.16,166,-1657095,295018058,-71005898,1.89397219881367,64.450154437665,-0.29656862745098
425.81,431,10452,10403,7076004,5399157,2023-08-30,2023-11-17,449.16,-49,-1676847,295018058,-71005898,1.83011068427547,66.2802651219404,-0.310575706540854
441.26,444,18482,18952,10165100,5192848,2023-08-30,2023-09-15,449.16,470,-4972252,256608621,-212570102,2.02364518376801,65.0278893007262,-0.957519264958266
418.95,420,47890,49204,8476530,5166420,2023-08-30,2023-09-29,449.16,1314,-3310110,180435358,-99854918,2.86330797758608,56.0717290233104,-0.640697039729639
447.07,462,3400,3400,6800000,5076200,2023-08-30,2023-10-20,449.16,0,-1723800,439236584,-173917488,1.15568697711209,77.2194264674456,-0.339584728734092
348.93,350,46762,46463,5985536,4971541,2023-08-30,2023-12-15,449.16,-299,-1013995,465107462,-111417443,1.06890157784654,66.0395994678752,-0.20395989895286
440.52,443,18104,19266,9106312,4777968,2023-08-30,2023-09-15,449.16,1162,-4328344,256608621,-212570102,1.86196706150414,66.8898563622303,-0.905896397799232
443.32,447,14749,12929,11504220,4757872,2023-08-30,2023-09-15,449.16,-1820,-6746348,256608621,-212570102,1.85413568003236,68.7439920422627,-1.41793389986111
424.48,425,90442,91472,9134642,4756544,2023-08-30,2023-09-15,449.16,1030,-4378098,256608621,-212570102,1.85361816039688,70.5976102026596,-0.920436770899208
392.25,395,17218,17226,6077954,4737150,2023-08-30,2023-12-15,449.16,8,-1340804,465107462,-111417443,1.01850655752326,67.0581060253985,-0.283040224607623
435.79,444,4446,5687,4846140,4669027,2023-08-30,2023-11-17,449.16,1241,-177113,295018058,-71005898,1.58262413889254,67.862889260833,-0.0379335994415967
436.06,447,4096,4252,5992448,4651688,2023-08-30,2023-12-15,449.16,156,-1340760,465107462,-111417443,1.00013187919999,68.0582379045985,-0.288230852972082
436.72,448,3877,4074,5513094,4595472,2023-08-30,2023-12-15,449.16,197,-917622.000000001,465107462,-111417443,0.988045210076634,69.0462831146751,-0.199679597656128
419.92,424,7731,10988,4368015,4483104,2023-08-30,2023-11-17,449.16,3257,115089,295018058,-71005898,1.5196032508627,69.3824925116957,0.0256717220925502
430.67,437,6382,7074,5367262,4477842,2023-08-30,2023-11-17,449.16,692,-889420,295018058,-71005898,1.51781963123084,70.9003121429265,-0.198626927881779
445.5,455,4685,4670,6980650,4436500,2023-08-30,2023-09-29,449.16,-15,-2544150,180435358,-99854918,2.45877529170308,58.5305043150135,-0.573458807618618
414.22,416,23098,24742,5913088,4404076,2023-08-30,2023-10-20,449.16,1644,-1509012,439236584,-173917488,1.00266602565145,78.2220924930971,-0.342639863617249
433.3,443,4463,4513,5427008,4377610,2023-08-30,2023-12-15,449.16,50,-1049398,465107462,-111417443,0.941203992121718,69.9874871067968,-0.239719390260896
427.35,428,64466,65413,8573978,4251845,2023-08-30,2023-09-15,449.16,947,-4322133,256608621,-212570102,1.65693770670316,72.2545479093627,-1.01653117646575
426.52,432,7705,7710,5470550,4225080,2023-08-30,2023-11-17,449.16,5,-1245470,295018058,-71005898,1.43214284191377,72.3324549848403,-0.29478021717932
384.4,385,36144,69521,2855376,4171260,2023-08-30,2023-10-20,449.16,33377,1315884,439236584,-173917488,0.949661333310069,79.1717538264071,0.315464392054199
389.32,390,61243,61248,5695599,4164864,2023-08-30,2023-10-20,449.16,5,-1530735,439236584,-173917488,0.94820517045092,80.1199589968581,-0.367535410520008
439.75,442,19672,18214,9108136,4098150,2023-08-30,2023-09-15,449.16,-1458,-5009986,256608621,-212570102,1.59704299256571,73.8515909019284,-1.22249942047021
404.29,408,10461,10990,5084046,4077290,2023-08-30,2023-12-15,449.16,529,-1006756,465107462,-111417443,0.876633968087143,70.864121074884,-0.246917928329847
445.45,465,2071,2071,5266553,4048805,2023-08-30,2023-12-15,449.16,0,-1217748,465107462,-111417443,0.870509576988898,71.7346306518729,-0.30076726342711
419.62,420,104539,105963,7108652,4026594,2023-08-30,2023-09-15,449.16,1424,-3082058,256608621,-212570102,1.56915772521922,75.4207486271477,-0.765425568110418
358.72,360,31104,31122,4821120,3983616,2023-08-30,2023-12-15,449.16,18,-837504,465107462,-111417443,0.856493676293674,72.5911243281666,-0.210237131289763
437.83,444,6163,6393,5454255,3944481,2023-08-30,2023-10-20,449.16,230,-1509774,439236584,-173917488,0.898031071109505,81.0179900679676,-0.3827560584016
422.65,424,29486,29115,6516406,3930525,2023-08-30,2023-09-29,449.16,-371,-2585881,180435358,-99854918,2.1783563064175,60.708860621431,-0.657897100260143
436.39,442,6481,6799,5217205,3814239,2023-08-30,2023-10-20,449.16,318,-1402966,439236584,-173917488,0.868379169436397,81.886369237404,-0.367823306300418
439.35,452,2051,3012,3390303,3810180,2023-08-30,2023-12-15,449.16,961,419877.000000001,465107462,-111417443,0.819204229408816,73.4103285575754,0.110198730768625
369.58,370,19332,90706,1005264,3809652,2023-08-30,2023-10-20,449.16,71374,2804388,439236584,-173917488,0.867334857517242,82.7537040949212,0.736127079323781
444.77,462,2187,2199,4844205,3788877,2023-08-30,2023-11-17,449.16,12,-1055328,295018058,-71005898,1.28428646899981,73.6167414538401,-0.27853319070532
440.46,448,4546,4967,4827852,3745118,2023-08-30,2023-10-20,449.16,421,-1082734,439236584,-173917488,0.852642547643527,83.6063466425647,-0.28910544340659
447.09,460,2879,2892,5444189,3733572,2023-08-30,2023-09-29,449.16,13,-1710617,180435358,-99854918,2.06920197980265,62.7780626012336,-0.458171691881126
439.75,453,2798,2803,4770590,3713975,2023-08-30,2023-12-15,449.16,5,-1056615,465107462,-111417443,0.798519762299578,74.208848319875,-0.284497068504769
411.44,413,23508,23564,5312808,3675984,2023-08-30,2023-10-20,449.16,56,-1636824,439236584,-173917488,0.836902966170049,84.4432496087348,-0.445275061044879
434.73,436,28650,28917,7706850,3672459,2023-08-30,2023-09-15,449.16,267,-4034391,256608621,-212570102,1.43115183959466,76.8519004667423,-1.09855304034708
440.46,454,2687,2687,5580899,3638198,2023-08-30,2023-12-15,449.16,0,-1942701,465107462,-111417443,0.782227398450124,74.9910757183251,-0.53397341211226
425.73,433,5010,4955,4579140,3602285,2023-08-30,2023-12-15,449.16,-55,-976855,465107462,-111417443,0.774505957077077,75.7655816754022,-0.271176489367166
447.4,464,2157,2157,5010711,3580620,2023-08-30,2023-10-20,449.16,0,-1430091,439236584,-173917488,0.815191659900533,85.2584412686353,-0.399397590361446
411.92,415,11274,11564,4577244,3561712,2023-08-30,2023-11-17,449.16,290,-1015532,295018058,-71005898,1.20728609772084,74.8240275515609,-0.285124681613785
438.72,451,2893,2888,4704018,3546464,2023-08-30,2023-12-15,449.16,-5,-1157554,465107462,-111417443,0.762504214563644,76.5280858899658,-0.32639665875644
394.21,395,44357,44394,4923627,3507126,2023-08-30,2023-10-20,449.16,37,-1416501,439236584,-173917488,0.798459447084672,86.05690071572,-0.403892246814058
434,444,3202,3480,4005702,3480000,2023-08-30,2023-12-15,449.16,278,-525702,465107462,-111417443,0.748214183671816,77.2763000736376,-0.151063793103448
379.48,380,68561,66606,4730709,3463512,2023-08-30,2023-10-20,449.16,-1955,-1267197,439236584,-173917488,0.788529946312487,86.8454306620325,-0.365870538343739
446.54,457,3307,3311,5340805,3463306,2023-08-30,2023-09-29,449.16,4,-1877499,180435358,-99854918,1.91941648155236,64.697479082786,-0.542111785675305
426.4,427,54322,57240,6572962,3434400,2023-08-30,2023-09-15,449.16,2918,-3138562,256608621,-212570102,1.33838059945772,78.1902810662,-0.913860354064757
444.98,453,4179,4267,5223750,3422134,2023-08-30,2023-09-29,449.16,88,-1801616,180435358,-99854918,1.89659833745002,66.594077420236,-0.526459805489791
421.59,426,7609,7632,4413220,3365712,2023-08-30,2023-11-17,449.16,23,-1047508,295018058,-71005898,1.14084948657617,75.9648770381371,-0.311229243619181
429.8,436,4628,5373,3757936,3331260,2023-08-30,2023-11-17,449.16,745,-426676,295018058,-71005898,1.12917155735599,77.0940485954931,-0.128082467294657
403.87,405,29211,29480,4732182,3331240,2023-08-30,2023-10-20,449.16,269,-1400942,439236584,-173917488,0.758415879129048,87.6038465411615,-0.420546703329691
429.67,438,3951,3988,4180158,3322004,2023-08-30,2023-12-15,449.16,37,-858154,465107462,-111417443,0.714244399716812,77.9905444733544,-0.258324192264669
430.15,434,8225,8467,4630675,3259795,2023-08-30,2023-10-20,449.16,242,-1370880,439236584,-173917488,0.742150157510559,88.3459966986721,-0.420541782535405
428.93,437,3973,4025,4120001,3248175,2023-08-30,2023-12-15,449.16,52,-871826,465107462,-111417443,0.698370863806954,78.6889153371614,-0.268404873505892
431.42,438,5231,4932,4550970,3245256,2023-08-30,2023-11-17,449.16,-299,-1305714,295018058,-71005898,1.10001944355555,78.1940680390487,-0.402345454410993
446.13,456,3278,3279,5248078,3236373,2023-08-30,2023-09-29,449.16,1,-2011705,180435358,-99854918,1.79364678623577,68.3877242064718,-0.62159244314546
447.58,450,8986,13331,6559780,3226102,2023-08-30,2023-09-01,449.16,4345,-3333678,21220665,-27156980,15.2026432724893,15.2026432724893,-1.03334550488484
437.32,439,17999,19106,6335648,3209808,2023-08-30,2023-09-15,449.16,1107,-3125840,256608621,-212570102,1.25085742929892,79.441138495499,-0.973840179848764
416.07,418,16509,16536,4572993,3191448,2023-08-30,2023-10-20,449.16,27,-1381545,439236584,-173917488,0.726589750547737,89.0725864492198,-0.432889710250645
443.24,462,1643,1643,3082268,3082268,2023-08-30,2023-09-15,449.16,0,0,256608621,-212570102,1.20115527997011,80.6422937754691,0
435.12,458,1314,1314,3006432,3006432,2023-08-30,2023-12-15,449.16,0,0,465107462,-111417443,0.646395133518628,79.33531047068,0
440.85,455,2083,2120,3747317,2999800,2023-08-30,2023-12-15,449.16,37,-747517,465107462,-111417443,0.644969226488136,79.9802796971681,-0.249188945929729
363.58,365,21021,21020,3720717,2984840,2023-08-30,2023-12-15,449.16,-1,-735877,465107462,-111417443,0.64175276551465,80.6220324626828,-0.24653817290039
439.19,446,4522,4375,4440604,2979375,2023-08-30,2023-10-20,449.16,-147,-1461229,439236584,-173917488,0.678307570118067,89.7508940193379,-0.490448164464024
431.86,441,3254,3258,3774640,2977812,2023-08-30,2023-12-15,449.16,4,-796828,465107462,-111417443,0.640241716870154,81.2622741795529,-0.267588417267443
427.42,433,5311,5331,3892963,2974698,2023-08-30,2023-11-17,449.16,20,-918265,295018058,-71005898,1.00831048111638,79.202378520165,-0.308691840314546
438.96,441,13390,14442,5637190,2946168,2023-08-30,2023-09-15,449.16,1052,-2691022,256608621,-212570102,1.14811731130421,81.7904110867733,-0.91339733511463
430.46,439,3411,3410,3929472,2912140,2023-08-30,2023-12-15,449.16,-1,-1017332,465107462,-111417443,0.626121969206334,81.8883961487593,-0.349341721208458
439.61,444,4358,6494,3320796,2850866,2023-08-30,2023-09-29,449.16,2136,-469930.000000001,180435358,-99854918,1.57999298563201,69.9677171921038,-0.164837631793287
443.33,445,13441,16982,5967804,2835994,2023-08-30,2023-09-08,449.16,3541,-3131810,30609584,-27922402,9.26505240972893,9.26505240972893,-1.10430769599654
436.47,438,18415,18393,5929630,2814129,2023-08-30,2023-09-15,449.16,-22,-3115501,256608621,-212570102,1.09666190833082,82.8870729951041,-1.10709246093552
418.14,422,7227,7271,3786948,2806606,2023-08-30,2023-11-17,449.16,44,-980342.000000001,295018058,-71005898,0.951333629889191,80.1537121500542,-0.349298048960203
446,459,2149,2150,3803730,2795000,2023-08-30,2023-09-29,449.16,1,-1008730,180435358,-99854918,1.54903120484844,71.5167483969522,-0.36090518783542
399.84,400,179287,173412,3765027,2774592,2023-08-30,2023-09-15,449.16,-5875,-990435,256608621,-212570102,1.0812543979183,83.9683273930224,-0.356965997162826
424.18,429,5056,5748,3225728,2770536,2023-08-30,2023-11-17,449.16,692,-455192,295018058,-71005898,0.939107259664763,81.092819409719,-0.164297450024111
444.02,451,3878,3947,4296824,2755006,2023-08-30,2023-09-29,449.16,69,-1541818,180435358,-99854918,1.52686592613406,73.0436143230863,-0.559642338346995
433.37,438,5594,5945,3753574,2752535,2023-08-30,2023-10-20,449.16,351,-1001039,439236584,-173917488,0.626663420185419,90.3775574395233,-0.363678935962667
382.84,385,12616,12673,3582944,2737368,2023-08-30,2023-12-15,449.16,57,-845576,465107462,-111417443,0.58854527687625,82.4769414256355,-0.308901105003054
404.45,407,10734,10641,3413412,2713455,2023-08-30,2023-11-17,449.16,-93,-699957.000000001,295018058,-71005898,0.919758952518086,82.0125783622371,-0.257957843413656
418.81,421,46193,12152,14643181,2661288,2023-08-30,2023-10-20,449.16,-34041,-11981893,439236584,-173917488,0.605889421997691,90.983446861521,-4.50229099593881
436.27,456,1340,1340,2643820,2643820,2023-08-30,2023-12-15,449.16,0,0,465107462,-111417443,0.568432075596328,83.0453735012319,0
443.06,459,1631,1652,3741514,2633288,2023-08-30,2023-12-15,449.16,21,-1108226,465107462,-111417443,0.566167652670341,83.6115411539022,-0.420852561512452
446.59,450,6912,7615,5391360,2596715,2023-08-30,2023-09-08,449.16,703,-2794645,30609584,-27922402,8.48333972784472,17.7483921375736,-1.07622322819408
402.74,405,11122,11415,3414454,2579790,2023-08-30,2023-11-17,449.16,293,-834664,295018058,-71005898,0.874451556453538,82.8870299186906,-0.323539512906089
445.47,454,2984,2996,3923960,2555588,2023-08-30,2023-09-29,449.16,12,-1368372,180435358,-99854918,1.4163454592974,74.4599597823837,-0.535443115243929
439.17,440,21693,30543,5184627,2535069,2023-08-30,2023-09-08,449.16,8850,-2649558,30609584,-27922402,8.28194528876969,26.0303374263433,-1.04516208434563
404.83,406,21766,21666,3678454,2534922,2023-08-30,2023-10-20,449.16,-100,-1143532,439236584,-173917488,0.577119960481252,91.5605668220022,-0.451111316245628
432.94,434,23213,23442,5222925,2484852,2023-08-30,2023-09-15,449.16,229,-2738073,256608621,-212570102,0.96834314853358,84.936670541556,-1.1019058680356
428.29,434,4161,4317,3162360,2465007,2023-08-30,2023-11-17,449.16,156,-697353,295018058,-71005898,0.835544446570793,83.7225743652614,-0.282901022187767
437.4,449,1446,2119,2581110,2458040,2023-08-30,2023-12-15,449.16,673,-123070,465107462,-111417443,0.528488618400192,84.1400297723024,-0.0500683471383704
414.71,415,84874,84386,4073952,2447194,2023-08-30,2023-09-15,449.16,-488,-1626758,256608621,-212570102,0.953667881641435,85.8903384231974,-0.664744192736661
435.19,463,869,869,2416689,2416689,2023-08-30,2023-12-15,449.16,0,0,465107462,-111417443,0.51959798486312,84.6596277571655,0
429.35,433,6231,6594,3333585,2406810,2023-08-30,2023-10-20,449.16,363,-926775,439236584,-173917488,0.547952991092381,92.1085198130946,-0.385063631944358
442.29,448,3764,4210,3858100,2403910,2023-08-30,2023-09-29,449.16,446,-1454190,180435358,-99854918,1.33228322134069,75.7922430037244,-0.604926973139594
435.48,446,2214,2281,3019896,2399612,2023-08-30,2023-12-15,449.16,67,-620284.000000001,465107462,-111417443,0.515926360261234,85.1755541174268,-0.258493456442125
426.36,428,14429,14138,4025691,2318632,2023-08-30,2023-09-29,449.16,-291,-1707059,180435358,-99854918,1.28502086603226,77.0772638697566,-0.736235418125861
354.33,355,34084,33641,2794888,2253947,2023-08-30,2023-11-17,449.16,-443,-540941,295018058,-71005898,0.764003063161646,84.4865774284231,-0.239997213776544
399.79,402,9812,10140,2698300,2240940,2023-08-30,2023-11-17,449.16,328,-457360,295018058,-71005898,0.759594180502673,85.2461716089257,-0.20409292529028
432.03,433,21347,22888,4440176,2220136,2023-08-30,2023-09-15,449.16,1541,-2220040,256608621,-212570102,0.865183714930606,86.755522138128,-0.99995675940573
435.02,438,8295,7356,4089435,2192088,2023-08-30,2023-09-29,449.16,-939,-1897347,180435358,-99854918,1.21488827040208,78.2921521401587,-0.86554326286171
439.84,447,558,3060,571392,2190960,2023-08-30,2023-10-20,449.16,2502,1619568,439236584,-173917488,0.49881090961221,92.6073307227068,0.739204732172199
414.2,415,20249,27261,2672868,2180880,2023-08-30,2023-09-29,449.16,7012,-491988,180435358,-99854918,1.20867662755988,79.5008287677186,-0.225591504346869
415.79,421,4111,4171,2758481,2173091,2023-08-30,2023-12-15,449.16,60,-585390,465107462,-111417443,0.467223422014244,85.642777539441,-0.269381263831105
428.08,436,2713,2742,2867641,2171664,2023-08-30,2023-12-15,449.16,29,-695977,465107462,-111417443,0.466916611198124,86.1096941506391,-0.320480976799358
319.38,320,34490,34469,2552260,2137078,2023-08-30,2023-12-15,449.16,-21,-415182,465107462,-111417443,0.45948048023362,86.5691746308727,-0.194275548201797
431.11,432,24075,24009,4526100,2136801,2023-08-30,2023-09-15,449.16,-66,-2389299,256608621,-212570102,0.832708188708905,87.5882303268369,-1.11816636177164
425,432,3986,3032,3571456,2122400,2023-08-30,2023-12-15,449.16,-954,-1449056,465107462,-111417443,0.4563246504095,87.0254992812822,-0.682744063324539
441.77,457,1372,1369,2647960,2084987,2023-08-30,2023-12-15,449.16,-3,-562973,465107462,-111417443,0.448280702922801,87.473779984205,-0.270012714707574
388.52,390,13403,14001,2613585,2072148,2023-08-30,2023-11-17,449.16,598,-541437,295018058,-71005898,0.702380055664254,85.94855166459,-0.261292629677031
446.96,461,1456,1455,2845024,2042820,2023-08-30,2023-09-29,449.16,-1,-802204,180435358,-99854918,1.13216169083667,80.6329904585552,-0.392694412625684
448.2,465,1161,1211,2616894,2034480,2023-08-30,2023-09-29,449.16,50,-582414,180435358,-99854918,1.12753953690163,81.7605299954569,-0.286271676300578
417.24,421,8371,5408,4118532,2033408,2023-08-30,2023-11-17,449.16,-2963,-2085124,295018058,-71005898,0.68924865609413,86.6378003206841,-1.0254331644215
395.97,399,6544,6545,2532528,1983135,2023-08-30,2023-12-15,449.16,1,-549393.000000001,465107462,-111417443,0.426382107797703,87.9001620920027,-0.277032577207301
437.11,446,1750,2210,2030000,1964690,2023-08-30,2023-11-17,449.16,460,-65309.9999999998,295018058,-71005898,0.66595584464189,87.303756165326,-0.0332418854882957
428.48,432,4839,5482,2487246,1929664,2023-08-30,2023-10-20,449.16,643,-557582,439236584,-173917488,0.439322240061862,93.0466529627687,-0.288952895426354
447,470,829,833,2709172,1915900,2023-08-30,2023-12-15,449.16,4,-793272,465107462,-111417443,0.411926308763457,88.3120884007662,-0.414046662143118
378.82,380,16356,16147,2437044,1905346,2023-08-30,2023-11-17,449.16,-209,-531698,295018058,-71005898,0.645840465806334,87.9495966311323,-0.27905587751516
435.62,437,13262,13778,3899028,1901364,2023-08-30,2023-09-15,449.16,516,-1997664,256608621,-212570102,0.740958738093215,88.3291890649301,-1.05064785070087
444.5,452,2514,2532,3273228,1899000,2023-08-30,2023-09-29,449.16,18,-1374228,180435358,-99854918,1.05245447513674,82.8129844705936,-0.723658767772512
417.66,418,54459,53697,3213081,1825698,2023-08-30,2023-09-15,449.16,-762,-1387383,256608621,-212570102,0.711471809826685,89.0406608747568,-0.759919219936704
442.54,444,9235,12455,3629355,1818430,2023-08-30,2023-09-08,449.16,3220,-1810925,30609584,-27922402,5.94072104998225,31.9710584763256,-0.995872813360976
409.36,410,24510,27567,2475510,1764288,2023-08-30,2023-09-29,449.16,3057,-711222,180435358,-99854918,0.977795050568747,83.7907795211624,-0.403121259114158
409.14,414,3633,3574,1976352,1736964,2023-08-30,2023-12-15,449.16,-59,-239388,465107462,-111417443,0.373454339461877,88.6855427402281,-0.137819782102565
374.53,375,37039,36185,2222340,1700695,2023-08-30,2023-10-20,449.16,-854,-521645,439236584,-173917488,0.387193385512715,93.4338463482814,-0.306724603764931
383.68,385,13171,12882,2225899,1700424,2023-08-30,2023-11-17,449.16,-289,-525475,295018058,-71005898,0.57637963300538,88.5259762641377,-0.309025866489769
430.17,431,19710,20485,3508380,1700255,2023-08-30,2023-09-15,449.16,775,-1808125,256608621,-212570102,0.66258685829577,89.7032477330526,-1.06344342466277
406.4,409,6449,6455,2166864,1678300,2023-08-30,2023-11-17,449.16,6,-488564,295018058,-71005898,0.568880431041275,89.094856695179,-0.291106476791992
447.5,470,724,745,1993896,1676250,2023-08-30,2023-11-17,449.16,21,-317646,295018058,-71005898,0.568185558322671,89.6630422535016,-0.189497986577181
393.27,395,9508,9542,2262904,1650766,2023-08-30,2023-11-17,449.16,34,-612138,295018058,-71005898,0.559547443024657,90.2225896965263,-0.370820576629274
435.69,441,2769,3092,2118285,1641852,2023-08-30,2023-10-20,449.16,323,-476433,439236584,-173917488,0.373796732742098,93.8076430810235,-0.290180235490166
409.77,410,71746,71365,2511110,1641395,2023-08-30,2023-09-15,449.16,-381,-869715,256608621,-212570102,0.639649203367957,90.3428969364206,-0.529863317482995
390.48,394,4621,4621,1626592,1626592,2023-08-30,2023-12-15,449.16,0,0,465107462,-111417443,0.349723909611237,89.0352666498393,0
434.41,442,1177,2142,1182885,1625778,2023-08-30,2023-11-17,449.16,965,442893,295018058,-71005898,0.551077453028316,90.7736671495546,0.272419112572565
369.84,370,100887,101103,2017740,1617648,2023-08-30,2023-09-29,449.16,216,-400092,180435358,-99854918,0.896524948286466,84.6873044694488,-0.247329456099226
446.92,458,1453,1454,2350954,1611032,2023-08-30,2023-09-29,449.16,1,-739922,180435358,-99854918,0.892858261184041,85.5801627306329,-0.459284483486362
299.57,300,37351,37401,1942252,1608243,2023-08-30,2023-12-15,449.16,50,-334009,465107462,-111417443,0.345778799824975,89.3810454496643,-0.207685654468883
432.6,437,3231,3519,2074302,1548360,2023-08-30,2023-10-20,449.16,288,-525942,439236584,-173917488,0.352511620480137,94.1601547015036,-0.339676819344339
441.16,449,423,1971,471645,1545264,2023-08-30,2023-10-20,449.16,1548,1073619,439236584,-173917488,0.351806761159949,94.5119614626636,0.694780309384028
424.18,431,2830,2248,2580960,1533136,2023-08-30,2023-12-15,449.16,-582,-1047824,465107462,-111417443,0.329630488706285,89.7106759383706,-0.683451435489089
353.84,355,13102,13107,1886688,1520412,2023-08-30,2023-12-15,449.16,5,-366276,465107462,-111417443,0.326894776846216,90.0375707152168,-0.240905754492861
384.89,385,135509,135585,1626108,1491435,2023-08-30,2023-09-15,449.16,76,-134673,256608621,-212570102,0.581210013205285,90.9241069496258,-0.0902975992919571
419.98,426,1539,2459,1152711,1480318,2023-08-30,2023-12-15,449.16,920,327607,465107462,-111417443,0.318274403432384,90.3558451186492,0.221308529653763
339.11,340,16479,16474,1763253,1466186,2023-08-30,2023-12-15,449.16,-5,-297067,465107462,-111417443,0.315235965833634,90.6710810844828,-0.202612083323671
447.06,449,4659,7528,3168120,1460432,2023-08-30,2023-09-01,449.16,2869,-1707688,21220665,-27156980,6.88212174312162,22.084765015611,-1.16930332942581
444.22,445,10706,18646,3811336,1454388,2023-08-30,2023-09-01,449.16,7940,-2356948,21220665,-27156980,6.85364007207126,28.9384050876822,-1.62057717747946
448.38,475,550,546,1850750,1453452,2023-08-30,2023-11-17,449.16,-4,-397298,295018058,-71005898,0.492665435415482,91.2663325849701,-0.273347864256955
441.01,446,2710,2902,2184260,1448098,2023-08-30,2023-09-29,449.16,192,-736162,180435358,-99854918,0.802557778060329,86.3827205086932,-0.50836476536809
419.03,423,3635,3615,1886565,1435155,2023-08-30,2023-11-17,449.16,-20,-451410,295018058,-71005898,0.486463442180207,91.7527960271503,-0.314537454142584
421.57,422,31189,33348,2495120,1433964,2023-08-30,2023-09-15,449.16,2159,-1061156,256608621,-212570102,0.55881364952271,91.4829205991485,-0.74001578840194
428.66,430,10381,10684,2532964,1431656,2023-08-30,2023-09-22,449.16,303,-1101308,23309791,-12618803,6.14186545044527,6.14186545044527,-0.769254625412808
405.52,408,5610,5687,1845690,1410376,2023-08-30,2023-11-17,449.16,77,-435314,295018058,-71005898,0.478064295304933,92.2308603224552,-0.308651026392962
354.69,355,10419,45407,385503,1407617,2023-08-30,2023-10-20,449.16,34988,1022114,439236584,-173917488,0.320468979878962,94.8324304425426,0.726130758579926
419.71,422,6086,6144,2032724,1406976,2023-08-30,2023-10-20,449.16,58,-625748,439236584,-173917488,0.320323044858212,95.1527534874008,-0.444746747634643
384.75,385,56034,56139,1849122,1403475,2023-08-30,2023-09-29,449.16,105,-445647,180435358,-99854918,0.777827037647466,87.1605475463407,-0.31753112809277
441.75,443,6459,11145,2241273,1393125,2023-08-30,2023-09-08,449.16,4686,-848148,30609584,-27922402,4.55127060857802,36.5223290849036,-0.608809690444145
438.04,466,486,486,1358856,1358856,2023-08-30,2023-12-15,449.16,0,0,465107462,-111417443,0.29215957838148,90.9632406628643,0
446.44,448,3805,8653,2146020,1349868,2023-08-30,2023-09-01,449.16,4848,-796152,21220665,-27156980,6.36110131327176,35.299506400954,-0.589799891544951
441,445,3286,3365,2293628,1346000,2023-08-30,2023-09-22,449.16,79,-947628.000000001,23309791,-12618803,5.77439754822341,11.9162629986687,-0.704032689450223
446.6,466,692,693,1765984,1344420,2023-08-30,2023-10-20,449.16,1,-421564,439236584,-173917488,0.306081061772396,95.4588345491732,-0.313565701194567
400.65,404,3937,4009,1708658,1343015,2023-08-30,2023-12-15,449.16,72,-365643,465107462,-111417443,0.288753698817242,91.2519943616815,-0.272255335941892
445.76,447,4258,10738,2120484,1331512,2023-08-30,2023-09-01,449.16,6480,-788972,21220665,-27156980,6.27460072528359,41.5741071262376,-0.592538407464597
413.55,417,3434,3848,1504092,1327560,2023-08-30,2023-11-17,449.16,414,-176532,295018058,-71005898,0.449992793322502,92.6808531157778,-0.132974780800868
438.54,448,628,1402,814516,1326292,2023-08-30,2023-11-17,449.16,774,511776,295018058,-71005898,0.449562989123873,93.1304161049016,0.385869778299198
439.75,440,35286,53035,4940040,1325875,2023-08-30,2023-09-01,449.16,17749,-3614165,21220665,-27156980,6.24803699601308,47.8221441222507,-2.72587159423022
421.68,428,1869,2061,1512021,1302552,2023-08-30,2023-12-15,449.16,192,-209469,465107462,-111417443,0.280053988899451,91.532048350581,-0.160814309140825
445.43,448,2805,5042,1946670,1295794,2023-08-30,2023-09-08,449.16,2237,-650876,30609584,-27922402,4.23329503595998,40.7556241208636,-0.502298976534851
377.1,379,6790,6790,1833300,1290100,2023-08-30,2023-12-15,449.16,0,-543200,465107462,-111417443,0.277376758147991,91.809425108729,-0.421052631578947
379.84,380,79977,80124,1519563,1281984,2023-08-30,2023-09-22,449.16,147,-237579,23309791,-12618803,5.49976617121964,17.4160291698883,-0.18532134566422
428.27,429,17267,17054,2503715,1244942,2023-08-30,2023-09-15,449.16,-213,-1258773,256608621,-212570102,0.485152055744846,91.9680726548934,-1.01110975451065
437.11,443,1618,2112,1362356,1243968,2023-08-30,2023-10-20,449.16,494,-118388,439236584,-173917488,0.283211382046446,95.7420459312196,-0.0951696506662553
402.89,404,1725,11012,272550,1222332,2023-08-30,2023-10-20,449.16,9287,949782,439236584,-173917488,0.278285562843736,96.0203314940633,0.777024572702016
420.6,421,29987,30371,2219038,1214840,2023-08-30,2023-09-15,449.16,384,-1004198,256608621,-212570102,0.473421350875036,92.4414940057684,-0.826609265417668
389.88,390,101144,101219,1517160,1214628,2023-08-30,2023-09-15,449.16,75,-302532,256608621,-212570102,0.473338734788649,92.9148327405571,-0.249073790493879
445.01,446,2227,12244,935340,1212156,2023-08-30,2023-09-01,449.16,10017,276816,21220665,-27156980,5.71214898307852,53.5342931053292,0.228366645877263
420.74,427,1853,1917,1406427,1200042,2023-08-30,2023-12-15,449.16,64,-206385,465107462,-111417443,0.258013921092498,92.0674390298215,-0.171981480648177
434.13,439,2168,2450,1487248,1193150,2023-08-30,2023-10-20,449.16,282,-294098,439236584,-173917488,0.271641762881937,96.2919732569453,-0.246488706365503
437.24,440,4470,4323,2190300,1193148,2023-08-30,2023-09-22,449.16,-147,-997152,23309791,-12618803,5.11865593303689,22.5346851029252,-0.835732029890676
444.76,447,3894,5284,2227368,1183616,2023-08-30,2023-09-08,449.16,1390,-1043752,30609584,-27922402,3.86681504720874,44.6224391680723,-0.881833297285606
427.26,429,6634,6771,1950396,1178154,2023-08-30,2023-09-29,449.16,137,-772242,180435358,-99854918,0.652950737072276,87.813498283413,-0.655467791137661
413.16,418,2354,2428,1483020,1175152,2023-08-30,2023-12-15,449.16,74,-307868,465107462,-111417443,0.252662469646638,92.3201014994681,-0.261981428785383
359.66,360,34499,34487,1414459,1172558,2023-08-30,2023-10-20,449.16,-12,-241901,439236584,-173917488,0.266953628798825,96.5589268857441,-0.206301948389759
429.91,432,5710,5557,2021340,1161413,2023-08-30,2023-09-29,449.16,-153,-859927,180435358,-99854918,0.643672622081089,88.457170905494,-0.740414477881684
447.54,452,2441,2583,2292099,1152018,2023-08-30,2023-09-08,449.16,142,-1140081,30609584,-27922402,3.76358594092621,48.3860251089986,-0.989638182736728
433.62,434,33562,30118,3658258,1144484,2023-08-30,2023-09-08,449.16,-3444,-2513774,30609584,-27922402,3.73897273481404,52.1249978438126,-2.19642563810416
427.62,431,3202,3359,1572182,1135342,2023-08-30,2023-10-20,449.16,157,-436840,439236584,-173917488,0.258480746221267,96.8174076319654,-0.384765119232795
441.61,447,1460,2094,1254140,1128666,2023-08-30,2023-09-29,449.16,634,-125474,180435358,-99854918,0.625523740197307,89.0826946456913,-0.111170177891422
394.76,395,46271,46090,1434401,1106160,2023-08-30,2023-09-22,449.16,-181,-328241,23309791,-12618803,4.74547369386538,27.2801587967906,-0.296739169740363
446.25,461,736,740,1527936,1091500,2023-08-30,2023-10-20,449.16,4,-436436,439236584,-173917488,0.248499337204571,97.06590696917,-0.399849748053138
411.01,414,3746,3614,1472178,1080586,2023-08-30,2023-11-17,449.16,-132,-391592,295018058,-71005898,0.366277917808001,93.4966940227096,-0.362388555839147
424.02,425,10734,10978,1867716,1075844,2023-08-30,2023-09-22,449.16,244,-791872,23309791,-12618803,4.61541675770495,31.8955755544955,-0.736047233613795
416.67,417,34599,31887,1972143,1052271,2023-08-30,2023-09-15,449.16,-2712,-919872,256608621,-212570102,0.410068452064983,93.3249011926221,-0.874177849622388
411.4,416,2285,2284,1339010,1050640,2023-08-30,2023-12-15,449.16,-1,-288370,465107462,-111417443,0.225891882164643,92.5459933816327,-0.274470798751237
404.5,405,23785,20655,1902800,1032750,2023-08-30,2023-09-29,449.16,-3130,-870050,180435358,-99854918,0.572365644653749,89.6550602903451,-0.842459452916969
402.48,406,2587,2919,1158976,1027488,2023-08-30,2023-12-15,449.16,332,-131488,465107462,-111417443,0.220914107802467,92.7669074894352,-0.127970350991934
425.43,426,17596,17601,1953156,1003257,2023-08-30,2023-09-15,449.16,5,-949899,256608621,-212570102,0.390967768771884,93.7158689613939,-0.946815222819278
378.99,381,4932,4933,1277388,991533,2023-08-30,2023-12-15,449.16,1,-285855,465107462,-111417443,0.213183636258237,92.9800911256934,-0.28829600225106
373.98,375,8411,9709,1093430,990318,2023-08-30,2023-11-17,449.16,1298,-103112,295018058,-71005898,0.335680468752865,93.8323744914625,-0.104120090718335
444.06,446,2950,5079,1466150,985326,2023-08-30,2023-09-08,449.16,2129,-480824,30609584,-27922402,3.21901140505536,55.3440092488679,-0.487984687301462
324.32,325,14232,14233,1138560,967844,2023-08-30,2023-12-15,449.16,1,-170716,465107462,-111417443,0.208090404707375,93.1881815304008,-0.176387930286286
433.37,436,2923,3679,1289043,967577,2023-08-30,2023-09-29,449.16,756,-321466,180435358,-99854918,0.536245783933324,90.1913060742784,-0.332238157790026
446.04,449,2499,3225,1761795,954600,2023-08-30,2023-09-08,449.16,726,-807195,30609584,-27922402,3.1186310797298,58.4626403285977,-0.845584538026399
410.13,413,3298,3326,1256538,954562,2023-08-30,2023-11-17,449.16,28,-301976,295018058,-71005898,0.323560532691189,94.1559350241537,-0.316350326118157
433.1,435,5010,4971,1778550,944490,2023-08-30,2023-09-22,449.16,-39,-834060,23309791,-12618803,4.05190248166532,35.9474780361609,-0.883079757329352
442.22,461,500,500,1245000,939000,2023-08-30,2023-12-15,449.16,0,-306000,465107462,-111417443,0.20188882714593,93.3900703575467,-0.325878594249201
423.27,428,1610,1979,1001420,936067,2023-08-30,2023-11-17,449.16,369,-65352.9999999999,295018058,-71005898,0.317291424920165,94.4732264490738,-0.0698165836419828
412.32,417,1992,1998,1227072,935064,2023-08-30,2023-12-15,449.16,6,-292008,465107462,-111417443,0.201042571103708,93.5911129286505,-0.312286645619979
412.4,414,4339,5792,1037021,926720,2023-08-30,2023-10-20,449.16,1453,-110301,439236584,-173917488,0.210984247159157,97.2768912163291,-0.119023005870166
334.19,335,11461,11405,1111717,923805,2023-08-30,2023-12-15,449.16,-56,-187912,465107462,-111417443,0.198621840214638,93.7897347688651,-0.203410892991486
415.5,419,2559,2607,1259028,912450,2023-08-30,2023-11-17,449.16,48,-346578,295018058,-71005898,0.309286152239535,94.7825126013134,-0.379832319579155
438.84,443,2270,2193,1550410,912288,2023-08-30,2023-09-29,449.16,-77,-638122,180435358,-99854918,0.505603785262532,90.6969098595409,-0.699474288821074
395.19,397,5008,5023,1241984,909163,2023-08-30,2023-11-17,449.16,15,-332821,295018058,-71005898,0.308171983153655,95.090684584467,-0.366074070326223
446.81,463,351,553,750087,895307,2023-08-30,2023-10-20,449.16,202,145220,439236584,-173917488,0.203832520471473,97.4807237368006,0.162201345460272
364.64,365,24737,24701,1137902,889236,2023-08-30,2023-10-20,449.16,-36,-248666,439236584,-173917488,0.202450349627526,97.6831740864281,-0.279640050560256
386.63,389,3742,3729,1141310,883773,2023-08-30,2023-12-15,449.16,-13,-257537,465107462,-111417443,0.190014797053503,93.9797495659186,-0.291406277403813
379.49,382,3500,3500,878500,878500,2023-08-30,2023-12-15,449.16,0,0,465107462,-111417443,0.18888108056198,94.1686306464806,0
412.81,416,2372,2744,993868,875336,2023-08-30,2023-11-17,449.16,372,-118532,295018058,-71005898,0.29670590537207,95.3873904898391,-0.135413144209766
406.73,408,6966,6882,1295676,874014,2023-08-30,2023-10-20,449.16,-84,-421662,439236584,-173917488,0.198984791303267,97.8821588777314,-0.482443072994254
414.55,418,2501,2523,1197979,870435,2023-08-30,2023-11-17,449.16,22,-327544,295018058,-71005898,0.295044651131152,95.6824351409703,-0.37629920671848
374.92,375,108337,108057,975033,864456,2023-08-30,2023-09-15,449.16,-280,-110577,256608621,-212570102,0.336877224401592,94.0527461857955,-0.127915128126822
356.42,358,5419,5419,856202,856202,2023-08-30,2023-12-15,449.16,0,0,465107462,-111417443,0.18408691968051,94.3527175661611,0
422.55,429,1593,1327,1271214,855915,2023-08-30,2023-12-15,449.16,-266,-415299,465107462,-111417443,0.184025213510765,94.5367427796719,-0.485210564133121
369.88,370,70493,71269,1057395,855228,2023-08-30,2023-09-22,449.16,776,-202167,23309791,-12618803,3.66896468526895,39.6164427214298,-0.236389594353787
446.37,453,1225,1275,1384250,845325,2023-08-30,2023-09-15,449.16,50,-538925,256608621,-212570102,0.329421902002271,94.3821680877978,-0.637535858989146
408.25,411,3118,3070,1197312,844250,2023-08-30,2023-11-17,449.16,-48,-353062,295018058,-71005898,0.286168923259606,95.9686040642299,-0.418196031981048
400.87,403,4265,3954,1198465,842202,2023-08-30,2023-11-17,449.16,-311,-356263,295018058,-71005898,0.285474728465605,96.2540787926955,-0.423013718799053
437.39,441,1567,2305,926097,832105,2023-08-30,2023-09-29,449.16,738,-93992,180435358,-99854918,0.461165155889235,91.1580750154302,-0.112956898468342
294.6,295,20617,20666,1133935,826640,2023-08-30,2023-12-15,449.16,49,-307295,465107462,-111417443,0.177730969192664,94.7144737488645,-0.371739814187554
369.92,370,102282,101819,818256,814552,2023-08-30,2023-09-15,449.16,-463,-3704,256608621,-212570102,0.317429709425078,94.6995977972229,-0.00454728488788929
349.73,350,29793,29828,983169,805356,2023-08-30,2023-10-20,449.16,35,-177813,439236584,-173917488,0.183353579673591,98.065512457405,-0.220788073845604
369.06,370,7502,8442,862730,793548,2023-08-30,2023-11-17,449.16,940,-69181.9999999999,295018058,-71005898,0.268982856635847,96.5230616493313,-0.0871806116328185
404.82,405,43569,43441,1176363,781938,2023-08-30,2023-09-15,449.16,-128,-394425,256608621,-212570102,0.304720081871295,95.0043178790942,-0.504419787758109
407.88,412,1881,1869,1011978,770028,2023-08-30,2023-12-15,449.16,-12,-241950,465107462,-111417443,0.165559158455299,94.8800329073198,-0.314209353426109
423.53,424,16332,16262,1551540,764314,2023-08-30,2023-09-15,449.16,-70,-787226,256608621,-212570102,0.297852035142654,95.3021699142368,-1.02997720832014
444.7,464,392,392,1043896,756560,2023-08-30,2023-12-15,449.16,0,-287336,465107462,-111417443,0.162663483562859,95.0426963908827,-0.37979274611399
399.72,403,2135,2301,907375,754728,2023-08-30,2023-12-15,449.16,166,-152647,465107462,-111417443,0.162269596096052,95.2049659869787,-0.202254322086898
429.05,431,3459,3867,1182978,754065,2023-08-30,2023-09-29,449.16,408,-428913,180435358,-99854918,0.417914209475507,91.5759892249057,-0.568801098048577
380.94,383,3402,3600,877716,741600,2023-08-30,2023-12-15,449.16,198,-136116,465107462,-111417443,0.159447022589373,95.3644130095681,-0.183543689320388
407.41,408,11865,12459,1103445,735081,2023-08-30,2023-09-29,449.16,594,-368364,180435358,-99854918,0.40739299001474,91.9833822149204,-0.501120284703318
440.29,444,1787,1970,1186568,730870,2023-08-30,2023-09-22,449.16,183,-455698,23309791,-12618803,3.13546354834327,42.7519062697731,-0.623500759368971
405.16,409,2522,1901,1261000,729984,2023-08-30,2023-12-15,449.16,-621,-531016,465107462,-111417443,0.156949535245255,95.5213625448134,-0.727435121865685
329.26,330,9793,9702,851991,717948,2023-08-30,2023-12-15,449.16,-91,-134043,465107462,-111417443,0.154361746189314,95.6757242910027,-0.186702936702937
397.06,399,3155,3699,839230,717606,2023-08-30,2023-11-17,449.16,544,-121624,295018058,-71005898,0.243241381515704,96.766303030847,-0.169485762382143
359.94,360,118664,119009,830648,714054,2023-08-30,2023-09-15,449.16,345,-116594,256608621,-212570102,0.278265787492775,95.5804357017296,-0.163284569514351
447.67,452.5,1460,1471,1503800,710493,2023-08-30,2023-09-08,449.16,11,-793307,30609584,-27922402,2.32114556016181,60.7837858887596,-1.1165585023357
379.91,380,79280,77111,872080,693999,2023-08-30,2023-09-15,449.16,-2169,-178081,256608621,-212570102,0.270450383660337,95.8508860853899,-0.256601234295727
440.91,442,3010,6309,918050,687681,2023-08-30,2023-09-08,449.16,3299,-230369,30609584,-27922402,2.24661988219115,63.0304057709507,-0.334993987037594
399.6,400,17218,17036,1050298,681440,2023-08-30,2023-09-29,449.16,-182,-368858,180435358,-99854918,0.377664337828953,92.3610465527494,-0.541291969945997
420.79,422,5141,5564,1028200,673244,2023-08-30,2023-09-29,449.16,423,-354956,180435358,-99854918,0.373121990868331,92.7341685436177,-0.527232325872938
425.45,427,4337,4295,1266404,665725,2023-08-30,2023-09-29,449.16,-42,-600679,180435358,-99854918,0.368954847530493,93.1031233911482,-0.902292988846746
436.44,437,6342,11867,1014720,664552,2023-08-30,2023-09-08,449.16,5525,-350168,30609584,-27922402,2.17105858086801,65.2014643518187,-0.526923401028061
412.74,413,25716,25420,1157220,660920,2023-08-30,2023-09-15,449.16,-296,-496300,256608621,-212570102,0.257559546294433,96.1084456316844,-0.750922955879683
444.48,459,451,455,861410,660660,2023-08-30,2023-10-20,449.16,4,-200750,439236584,-173917488,0.150410968499837,98.2159234259048,-0.303862803862804
357.69,359,4889,5030,787129,658930,2023-08-30,2023-12-15,449.16,141,-128199,465107462,-111417443,0.141672635645652,95.8173969266483,-0.194556326165147
409.22,412,2105,2369,835685,658582,2023-08-30,2023-11-17,449.16,264,-177103,295018058,-71005898,0.223234470616711,96.9895375014637,-0.268915639965866
443.38,444,3953,10587,1185900,656394,2023-08-30,2023-09-01,449.16,6634,-529506,21220665,-27156980,3.09318298931725,56.6274760946464,-0.806689275039077
383.72,386,2881,2875,904634,655500,2023-08-30,2023-12-15,449.16,-6,-249134,465107462,-111417443,0.140935171665769,95.9583320983141,-0.380067124332571
430.78,433,2678,2942,990860,653124,2023-08-30,2023-09-29,449.16,264,-337736,180435358,-99854918,0.361971183053823,93.465094574202,-0.51710854294131
384.82,385,35865,36073,789030,649314,2023-08-30,2023-09-22,449.16,208,-139716,23309791,-12618803,2.78558482141689,45.53749109119,-0.215174784464835
419.85,420,41921,41947,964183,629205,2023-08-30,2023-09-08,449.16,26,-334978,30609584,-27922402,2.05558167664088,67.2570460284596,-0.532382927662686
434.19,437,1690,2235,763880,628035,2023-08-30,2023-09-29,449.16,545,-135845,180435358,-99854918,0.348066480406795,93.8131610546088,-0.216301639239851
394.96,398,1901,2064,703370,627456,2023-08-30,2023-12-15,449.16,163,-75914.0000000001,465107462,-111417443,0.134905597364938,96.093237695679,-0.120986969604243
434.56,435,10908,14246,1363500,626824,2023-08-30,2023-09-08,449.16,3338,-736676,30609584,-27922402,2.04780306717007,69.3048490956297,-1.1752517453065
401.91,403,5737,5719,872024,623371,2023-08-30,2023-10-20,449.16,-18,-248653,439236584,-173917488,0.141921466177326,98.3578448920821,-0.398884452436831
441.29,442.5,2384,5027,781952,608267,2023-08-30,2023-09-08,449.16,2643,-173685,30609584,-27922402,1.9871782641672,71.2920273597969,-0.28554072471464
381.9,382,60422,60530,725064,605300,2023-08-30,2023-09-15,449.16,108,-119764,256608621,-212570102,0.235884514573655,96.344330146258,-0.197858912935734
442.25,472,203,203,603925,603925,2023-08-30,2023-10-20,449.16,0,0,439236584,-173917488,0.137494239323198,98.4953391314053,0
429.74,430,24943,23180,1621295,602680,2023-08-30,2023-09-08,449.16,-1763,-1018615,30609584,-27922402,1.96892581094862,73.2609531707455,-1.69014236410699
394.86,395,42792,42696,727464,597744,2023-08-30,2023-09-15,449.16,-96,-129720,256608621,-212570102,0.232939952551321,96.5772700988094,-0.21701598008512
413.92,419,1160,1158,720360,588264,2023-08-30,2023-12-15,449.16,-2,-132096,465107462,-111417443,0.126479157627447,96.2197168533065,-0.224552241850598
344.02,345,5874,5968,710754,584864,2023-08-30,2023-12-15,449.16,94,-125890,465107462,-111417443,0.125748143769837,96.3454649970763,-0.215246621436778
409.55,411,3913,4023,825643,583335,2023-08-30,2023-10-20,449.16,110,-242308,439236584,-173917488,0.132806560575564,98.6281456919809,-0.41538395604584
444.09,450,1021,979,1031210,578589,2023-08-30,2023-09-22,449.16,-42,-452621,23309791,-12618803,2.48217154756986,48.0196626387598,-0.782284142975411
440.7,441,12133,18900,2086876,567000,2023-08-30,2023-09-01,449.16,6767,-1519876,21220665,-27156980,2.67192380634631,59.2993999009928,-2.68055731922399
406.97,411,1228,1401,642244,564603,2023-08-30,2023-12-15,449.16,173,-77640.9999999999,465107462,-111417443,0.121391946190706,96.466856943267,-0.137514324224278
416.65,422,1046,1054,730108,563890,2023-08-30,2023-12-15,449.16,8,-166218,465107462,-111417443,0.121238648284684,96.5880955915517,-0.294770256610332
448.47,452,1354,1561,1284946,551033,2023-08-30,2023-09-01,449.16,207,-733913,21220665,-27156980,2.59668111249106,61.8960810134838,-1.33188574912936
442.89,449,682,898,685410,548678,2023-08-30,2023-09-29,449.16,216,-136732,180435358,-99854918,0.304085632706202,94.117246687315,-0.249202628864288
389.95,390,109549,109216,657294,546080,2023-08-30,2023-09-08,449.16,-333,-111214,30609584,-27922402,1.78401640479662,75.0449695755421,-0.203658804570759
448.64,453,724,1243,747892,541948,2023-08-30,2023-09-01,449.16,519,-205944,21220665,-27156980,2.55386907054986,64.4499500840337,-0.380006937935005
417.19,423,814,923,596662,536263,2023-08-30,2023-12-15,449.16,109,-60399.0000000001,465107462,-111417443,0.115298730683448,96.7033943222351,-0.112629437421564
447.11,451,940,1374,950340,534486,2023-08-30,2023-09-08,449.16,434,-415854,30609584,-27922402,1.7461393790912,76.7911089546333,-0.778044700890201
440.05,441,4653,5566,1247004,528770,2023-08-30,2023-09-08,449.16,913,-718234,30609584,-27922402,1.72746548924023,78.5185744438735,-1.35831079675473
309.48,310,9671,10165,589931,528580,2023-08-30,2023-12-15,449.16,494,-61351,465107462,-111417443,0.113646854369324,96.8170411766045,-0.116067577282531
440.99,452,204,479,300900,527379,2023-08-30,2023-11-17,449.16,275,226479,295018058,-71005898,0.178761599739091,97.1682991012028,0.429442583038005
408.75,413,1279,1236,675312,525300,2023-08-30,2023-12-15,449.16,-43,-150012,465107462,-111417443,0.112941641000806,96.9299828176053,-0.285573957738435
447.7,470,233,234,680593,521820,2023-08-30,2023-10-20,449.16,1,-158773,439236584,-173917488,0.118801579606129,98.746947271587,-0.304267755164616
419.3,420,5007,7335,625875,513450,2023-08-30,2023-09-22,449.16,2328,-112425,23309791,-12618803,2.20272245255223,50.2223850913121,-0.218959976628688
447.63,460,378,415,737100,513355,2023-08-30,2023-09-22,449.16,37,-223745,23309791,-12618803,2.20231489849051,52.4246999898026,-0.435848486914514
354.88,355,42239,42256,591346,507072,2023-08-30,2023-09-29,449.16,17,-84274.0000000001,180435358,-99854918,0.281026959250415,94.3982736465654,-0.166197305313644
449,454,981,1003,1143846,501500,2023-08-30,2023-09-01,449.16,22,-642346,21220665,-27156980,2.36326241425516,66.8132124982888,-1.28084945164506
437.95,441,1799,1633,942676,498065,2023-08-30,2023-09-22,449.16,-166,-444611,23309791,-12618803,2.13672014476663,54.5614201345692,-0.892676658669049
436.45,439,1115,1934,519590,493170,2023-08-30,2023-09-22,449.16,819,-26420.0000000001,23309791,-12618803,2.11572038548093,56.6771405200501,-0.0535717906604215
416.09,417,5331,5396,783657,491036,2023-08-30,2023-09-29,449.16,65,-292621,180435358,-99854918,0.272139565904816,94.6704132124703,-0.595925756970976
391.35,393,2946,2948,665796,486420,2023-08-30,2023-11-17,449.16,2,-179376,295018058,-71005898,0.164878042821365,97.3331771440242,-0.368767731589984
422.55,423,10890,10763,936540,484335,2023-08-30,2023-09-15,449.16,-127,-452205,256608621,-212570102,0.18874463301839,96.7660147318277,-0.933661618507851
364.17,365,6371,5791,662584,480653,2023-08-30,2023-11-17,449.16,-580,-181931,295018058,-71005898,0.162923247227124,97.4961003912513,-0.378507988091201
389.7,390,15884,15945,635360,478350,2023-08-30,2023-09-29,449.16,61,-157010,180435358,-99854918,0.265108793144634,94.9355220056149,-0.328232465767743
442.52,443,5122,9913,1290744,475824,2023-08-30,2023-09-01,449.16,4791,-814920,21220665,-27156980,2.24226714855543,69.0554796468443,-1.7126500554827
442.96,448,410,938,399750,472752,2023-08-30,2023-09-22,449.16,528,73002.0000000001,23309791,-12618803,2.02812629250944,58.7052668125596,0.154419230378719
369.98,372,2338,2338,472276,472276,2023-08-30,2023-12-15,449.16,0,0,465107462,-111417443,0.101541264887296,97.0315240824926,0
402.53,403,9563,9972,669410,468684,2023-08-30,2023-09-29,449.16,409,-200726,180435358,-99854918,0.259751749986829,95.1952737556017,-0.428275767894786
409.58,410,14994,10998,1034586,461916,2023-08-30,2023-09-22,449.16,-3996,-572670,23309791,-12618803,1.98163938921632,60.6869062017759,-1.23977086743044
411.75,412,19974,18366,778986,459150,2023-08-30,2023-09-15,449.16,-1608,-319836,256608621,-212570102,0.178930075774812,96.9449448076026,-0.696582816073179
394.65,395,13107,13090,668457,458150,2023-08-30,2023-09-29,449.16,-17,-210307,180435358,-99854918,0.253913648122116,95.4491874037238,-0.459035250463822
358.81,361,2086,2086,456834,456834,2023-08-30,2023-12-15,449.16,0,0,465107462,-111417443,0.0982211719492903,97.1297452544419,0
448.05,451,428,1548,422864,456660,2023-08-30,2023-09-01,449.16,1120,33796,21220665,-27156980,2.15195895133352,71.2074385981778,0.0740069198090483
441.62,442,9273,12003,1928784,456114,2023-08-30,2023-09-01,449.16,2730,-1472670,21220665,-27156980,2.14938598766815,73.3568245858459,-3.22873229061156
408.77,409,19844,19806,714384,455538,2023-08-30,2023-09-15,449.16,-38,-258846,256608621,-212570102,0.17752248471808,97.1224672923206,-0.568220433860622
435.64,438,1800,1888,777600,445568,2023-08-30,2023-09-22,449.16,88,-332032,23309791,-12618803,1.91150577025766,62.5984119720336,-0.745188164320598
438.82,442,1313,1391,737906,442338,2023-08-30,2023-09-22,449.16,78,-295568,23309791,-12618803,1.89764893215902,64.4960609041926,-0.668194909774878
446.11,447.5,2254,3172,1183350,440908,2023-08-30,2023-09-01,449.16,918,-742442,21220665,-27156980,2.07772942082635,75.4345540066723,-1.68389323849873
438.28,439,7143,6123,1485744,440856,2023-08-30,2023-09-08,449.16,-1020,-1044888,30609584,-27922402,1.44025479078709,79.9588292346606,-2.37013446567587
404.92,405,55032,55004,550320,440032,2023-08-30,2023-09-08,449.16,-28,-110288,30609584,-27922402,1.43756282346078,81.3963920581214,-0.250636317358738
389.35,392,1639,1647,514646,436455,2023-08-30,2023-12-15,449.16,8,-78191,465107462,-111417443,0.093839603889219,97.2235848583311,-0.179150198760468
364.88,365,35638,36054,463294,432648,2023-08-30,2023-09-22,449.16,416,-30646.0000000001,23309791,-12618803,1.85607841786312,66.3521393220557,-0.0708335644681129
427.74,429,3361,3392,762947,427392,2023-08-30,2023-09-22,449.16,31,-335555,23309791,-12618803,1.83352995314287,68.1856692751986,-0.785122323300389
379.79,380,20241,20213,566748,424473,2023-08-30,2023-09-29,449.16,-28,-142275,180435358,-99854918,0.235249346195217,95.684436749919,-0.335180329490922
400.02,401,4306,4300,602840,421400,2023-08-30,2023-10-20,449.16,-6,-181440,439236584,-173917488,0.0959391852478299,98.8428864568349,-0.430564784053156
445.08,447.5,1600,1712,1060800,414304,2023-08-30,2023-09-08,449.16,112,-646496,30609584,-27922402,1.35351071742759,82.749902775549,-1.56043871167066
434.73,437,1281,1818,512400,412686,2023-08-30,2023-09-22,449.16,537,-99714.0000000001,23309791,-12618803,1.77044058438791,69.9561098595865,-0.241621959552784
388.3,391,1510,1511,496790,407970,2023-08-30,2023-12-15,449.16,1,-88819.9999999999,465107462,-111417443,0.0877152127909743,97.3113000711221,-0.21771208667304
441.67,446,836,932,667964,403556,2023-08-30,2023-09-22,449.16,96,-264408,23309791,-12618803,1.7312724940348,71.6873823536213,-0.655195313661549
384.65,387,1702,1714,502090,402790,2023-08-30,2023-12-15,449.16,12,-99300.0000000001,465107462,-111417443,0.0866014916784973,97.3979015628006,-0.24653045011048
435.8,439,1083,1250,551247,4e+05,2023-08-30,2023-09-29,449.16,167,-151247,180435358,-99854918,0.221686040049867,95.9061227899689,-0.3781175
393.16,396,1398,1398,539628,397032,2023-08-30,2023-12-15,449.16,0,-142596,465107462,-111417443,0.0853634982102265,97.4832650610108,-0.359154929577465
274.72,275,14057,14141,491995,395948,2023-08-30,2023-12-15,449.16,84,-96046.9999999999,465107462,-111417443,0.0851304337920943,97.5683954948029,-0.242574782547203
401.8,404,1889,1798,602591,395560,2023-08-30,2023-11-17,449.16,-91,-207031,295018058,-71005898,0.134079928083589,97.6301803193349,-0.523387096774193
344.44,345,7031,7044,478108,394464,2023-08-30,2023-11-17,449.16,13,-83644,295018058,-71005898,0.133708425400861,97.7638887447358,-0.212044698629026
403.62,406,1478,1655,472960,393890,2023-08-30,2023-11-17,449.16,177,-79070.0000000001,295018058,-71005898,0.133513861039652,97.8974026057754,-0.200741323719821
431.67,432,6430,11889,565840,392337,2023-08-30,2023-09-08,449.16,5459,-173503,30609584,-27922402,1.28174561274665,84.0316483882956,-0.442229511873721
397.85,401,1236,1234,496872,388710,2023-08-30,2023-12-15,449.16,-2,-108162,465107462,-111417443,0.0835742342916872,97.6519697290946,-0.278258856216717
349.39,350,6635,6327,490990,385947,2023-08-30,2023-11-17,449.16,-308,-105043,295018058,-71005898,0.130821483476784,98.0282240892522,-0.272169494775189
435.5,436,7351,7677,1043842,383850,2023-08-30,2023-09-08,449.16,326,-659992,30609584,-27922402,1.25401900267576,85.2856673909714,-1.71940080760714
339.5,340,7698,7675,469578,383750,2023-08-30,2023-11-17,449.16,-23,-85828,295018058,-71005898,0.130076783299821,98.158300872552,-0.223656026058632
396.03,398,1705,1932,443300,380604,2023-08-30,2023-11-17,449.16,227,-62696,295018058,-71005898,0.129010407898489,98.2873112804505,-0.164727643429917
374.81,375,19812,20000,475488,380000,2023-08-30,2023-09-29,449.16,188,-95488,180435358,-99854918,0.210601738047373,96.1167245280163,-0.251284210526316
449,470,198,177,543114,371700,2023-08-30,2023-09-15,449.16,-21,-171414,256608621,-212570102,0.144850940140472,97.2673182324611,-0.461162227602906
424.54,426,2383,2539,590984,370694,2023-08-30,2023-09-29,449.16,156,-220290,180435358,-99854918,0.205444212325613,96.3221687403419,-0.594263732350672
448.48,467,200,200,509800,370400,2023-08-30,2023-09-01,449.16,0,-139400,21220665,-27156980,1.7454683913063,77.1800223979786,-0.376349892008639
354.9,355,36084,36320,360840,363200,2023-08-30,2023-09-22,449.16,236,2360,23309791,-12618803,1.55814352861422,73.2455258822355,0.00649779735682819
394.19,396,1969,1970,480436,356570,2023-08-30,2023-11-17,449.16,1,-123866,295018058,-71005898,0.120863787938025,98.4081750683885,-0.347382000729169
304.53,305,7537,7563,422072,355461,2023-08-30,2023-12-15,449.16,26,-66611.0000000001,465107462,-111417443,0.0764255637764848,97.728395292871,-0.187393272398379
390.4,392,2172,2207,443088,353120,2023-08-30,2023-11-17,449.16,35,-89968,295018058,-71005898,0.119694367996958,98.5278694363855,-0.254780244676031
443.57,449,272,647,269552,351321,2023-08-30,2023-09-22,449.16,375,81769,23309791,-12618803,1.50718211072763,74.7527079929631,0.232747259628659
417.96,419,2750,3351,467500,348504,2023-08-30,2023-09-29,449.16,601,-118996,180435358,-99854918,0.193146179253847,96.5153149195957,-0.341448017813282
425.86,427,2996,3045,599200,347130,2023-08-30,2023-09-22,449.16,49,-252070,23309791,-12618803,1.48920254154145,76.2419105345046,-0.726154466626336
444,462,191,192,480747,345600,2023-08-30,2023-12-15,449.16,1,-135147,465107462,-111417443,0.0743054085853389,97.8027007014564,-0.391050347222222
437.35,438,5013,5310,917379,345150,2023-08-30,2023-09-08,449.16,297,-572229,30609584,-27922402,1.12758801295699,86.4132554039284,-1.65791395045632
361.63,363,2516,2516,425204,344692,2023-08-30,2023-12-15,449.16,0,-80512,465107462,-111417443,0.0741101848845418,97.8768108863409,-0.233576642335766
314.67,315,10291,10290,411640,339570,2023-08-30,2023-11-17,449.16,-1,-72070.0000000001,295018058,-71005898,0.115101428808131,98.6429708651936,-0.212239008157376
433.96,436,1508,1660,557960,338640,2023-08-30,2023-09-22,449.16,152,-219320,23309791,-12618803,1.45278007855154,77.6946906130561,-0.647649421214269
446.55,462,215,218,501380,336810,2023-08-30,2023-09-29,449.16,3,-164570,180435358,-99854918,0.186665187872989,96.7019801074687,-0.488613758498857
442.21,451,153,383,208998,336657,2023-08-30,2023-10-20,449.16,230,127659,439236584,-173917488,0.0766459380350704,98.9195323948699,0.379196036321835
421.85,422,23316,22370,629532,335550,2023-08-30,2023-09-08,449.16,-946,-293982,30609584,-27922402,1.0962252868252,87.5094806907536,-0.876119803308002
239.85,240,22178,22265,399204,333975,2023-08-30,2023-12-15,449.16,87,-65229,465107462,-111417443,0.0718059862045387,97.9486168725455,-0.195311026274422
389.47,391,2237,2169,467533,331857,2023-08-30,2023-11-17,449.16,-68,-135676,295018058,-71005898,0.112487012574668,98.7554578777683,-0.40883874680962
324.62,325,8608,8732,404576,331816,2023-08-30,2023-11-17,449.16,124,-72760,295018058,-71005898,0.112473115120295,98.8679309928886,-0.219278154157726
379.96,380,83067,82872,415335,331488,2023-08-30,2023-09-08,449.16,-195,-83847.0000000001,30609584,-27922402,1.08295493333068,88.5924356240843,-0.252941282942369
446.12,455,342,372,456570,330336,2023-08-30,2023-09-22,449.16,30,-126234,23309791,-12618803,1.41715556351406,79.1118461765702,-0.38213818657367
369.4,371,2009,2013,401800,322080,2023-08-30,2023-12-15,449.16,4,-79720,465107462,-111417443,0.0692485127232811,98.0178653852688,-0.247516145057129
418.64,419,9206,8868,589184,319248,2023-08-30,2023-09-15,449.16,-338,-269936,256608621,-212570102,0.12441047333324,97.3917287057943,-0.845537011978149
442.34,447,429,681,360360,317346,2023-08-30,2023-09-22,449.16,252,-43014.0000000001,23309791,-12618803,1.36142790812668,80.4732740846969,-0.135542909001532
403.23,407,943,835,440381,314795,2023-08-30,2023-12-15,449.16,-108,-125586,465107462,-111417443,0.067682208031313,98.0855475933001,-0.398945345383503
443.42,453,15,326,21345,312308,2023-08-30,2023-10-20,449.16,311,290963,439236584,-173917488,0.0711024562562393,98.9906348511262,0.931654008222652
359.25,360,8164,4083,751088,306225,2023-08-30,2023-11-17,449.16,-4081,-444863,295018058,-71005898,0.103798730855994,98.9717297237446,-1.45273246795657
289.6,290,7643,7643,328649,305720,2023-08-30,2023-12-15,449.16,0,-22929,465107462,-111417443,0.0657310460437205,98.1512786393438,-0.075
444.77,457,246,249,420906,304527,2023-08-30,2023-10-20,449.16,3,-116379,439236584,-173917488,0.0693309735784668,99.0599658247046,-0.382163157946586
439.14,442.5,1164,902,690252,303072,2023-08-30,2023-09-22,449.16,-262,-387180,23309791,-12618803,1.30019183784188,81.7734659225387,-1.27751821349382
441.73,476,88,88,301576,301576,2023-08-30,2023-12-15,449.16,0,0,465107462,-111417443,0.0648400691537389,98.2161187084975,0
334.53,335,6340,6341,367720,298027,2023-08-30,2023-11-17,449.16,1,-69693,295018058,-71005898,0.101019917906178,99.0727496416508,-0.233847939951749
314.42,315,5117,5112,337722,296496,2023-08-30,2023-12-15,449.16,-5,-41226.0000000001,465107462,-111417443,0.0637478484488387,98.2798665569464,-0.139044034320868
417.05,418,3130,3117,532100,296115,2023-08-30,2023-09-29,449.16,-13,-235985,180435358,-99854918,0.164111404373416,96.8660915118421,-0.796937000827382
432.21,434,1768,1648,565760,294992,2023-08-30,2023-09-22,449.16,-120,-270768,23309791,-12618803,1.26552829238151,83.0389942149203,-0.917882518847969
374.75,377,1308,1308,294300,294300,2023-08-30,2023-12-15,449.16,0,0,465107462,-111417443,0.0632756994984527,98.3431422564448,0
448.48,463,200,202,429800,293304,2023-08-30,2023-09-01,449.16,2,-136496,21220665,-27156980,1.38216215184585,78.5621845498244,-0.465373810108284
407.79,408,13996,13937,419880,292677,2023-08-30,2023-09-15,449.16,-59,-127203,256608621,-212570102,0.114055793939986,97.5057844997343,-0.434619051035783
444.38,480,62,82,253580,292084,2023-08-30,2023-12-15,449.16,20,38504,465107462,-111417443,0.0627992504665513,98.4059415069114,0.131825091412059
415.13,416,3247,3321,454580,288927,2023-08-30,2023-09-29,449.16,74,-165653,180435358,-99854918,0.160127706233719,97.0262192180759,-0.573338594177768
373.68,376,1245,1245,288840,288840,2023-08-30,2023-12-15,449.16,0,0,465107462,-111417443,0.0621017772447607,98.4680432841561,0
434.9,435,32816,28777,1509536,287770,2023-08-30,2023-09-01,449.16,-4039,-1221766,21220665,-27156980,1.3560837985049,79.9182683483293,-4.24563366577475
392.33,394,1656,1697,385848,283399,2023-08-30,2023-11-17,449.16,41,-102449,295018058,-71005898,0.0960615773560546,99.1688112190068,-0.361500922727321
446.26,459,222,222,398934,282828,2023-08-30,2023-09-15,449.16,0,-116106,256608621,-212570102,0.11021765320971,97.616002152944,-0.410518053375196
351.81,353,2363,2363,392258,281197,2023-08-30,2023-12-15,449.16,0,-111061,465107462,-111417443,0.0604585010936677,98.5285017852498,-0.394957983193277
413.72,414,10068,10036,442992,281008,2023-08-30,2023-09-15,449.16,-32,-161984,256608621,-212570102,0.109508401902055,97.7255105548461,-0.576439104936514
448.05,454,343,472,396165,280840,2023-08-30,2023-09-08,449.16,129,-115325,30609584,-27922402,0.917490417380387,89.5099260414647,-0.410643070787637
431.35,433,1512,1658,456624,273570,2023-08-30,2023-09-22,449.16,146,-183054,23309791,-12618803,1.17362699648401,84.2126212114043,-0.669130387103849
442.08,442.5,4972,6464,1138588,271488,2023-08-30,2023-09-01,449.16,1492,-867100,21220665,-27156980,1.27935670253501,81.1976250508643,-3.19387965582273
365.48,367,1402,1775,266380,269800,2023-08-30,2023-12-15,449.16,373,3420,465107462,-111417443,0.0580080996421425,98.586509884892,0.0126760563380282
439.57,443,902,785,544808,269255,2023-08-30,2023-09-22,449.16,-117,-275553,23309791,-12618803,1.15511546199621,85.3677366734005,-1.02339046628661
437.83,438,14319,15771,1317348,268107,2023-08-30,2023-09-01,449.16,1452,-1049241,21220665,-27156980,1.2634241198379,82.4610491707023,-3.91351587239423
435.97,466,88,88,264264,264264,2023-08-30,2023-09-29,449.16,0,0,180435358,-99854918,0.146459099219345,97.1726783172952,0
411.3,412,3865,3763,448340,263410,2023-08-30,2023-09-29,449.16,-102,-184930,180435358,-99854918,0.145985799523838,97.3186641168191,-0.702061425154702
410.51,412,1727,1764,374759,262836,2023-08-30,2023-10-20,449.16,37,-111923,439236584,-173917488,0.0598392778685302,99.1198051025732,-0.425828273143709
445.51,451,444,476,485736,261324,2023-08-30,2023-09-15,449.16,32,-224412,256608621,-212570102,0.101837576220793,97.8273481310669,-0.858750057400009
415.7,416,8671,8672,442221,260160,2023-08-30,2023-09-15,449.16,1,-182061,256608621,-212570102,0.10138396714271,97.9287320982096,-0.699803966789668
406.79,407,12419,12325,384989,258825,2023-08-30,2023-09-15,449.16,-94,-126164,256608621,-212570102,0.100863719617588,98.0295958178272,-0.487449048584951
406.42,407,4494,4457,386484,258506,2023-08-30,2023-09-29,449.16,-37,-127978,180435358,-99854918,0.143267928672827,97.4619320454919,-0.495067812739356
349.89,350,23245,23495,278940,258445,2023-08-30,2023-09-29,449.16,250,-20495,180435358,-99854918,0.143234121551719,97.6051661670436,-0.0793012052854574
438.8,439,10360,12882,1191400,257640,2023-08-30,2023-09-01,449.16,2522,-933760,21220665,-27156980,1.21409955814297,83.6751487288452,-3.62428194379755
199.93,200,36182,36787,289456,257509,2023-08-30,2023-12-15,449.16,605,-31947,465107462,-111417443,0.0553654845468809,98.6418753694388,-0.124061683280973
395.14,396,2893,2946,384769,253356,2023-08-30,2023-10-20,449.16,53,-131413,439236584,-173917488,0.0576809877020626,99.1774860902752,-0.518689117289506
309.7,310,8383,8381,293405,251430,2023-08-30,2023-11-17,449.16,-2,-41975,295018058,-71005898,0.0852252915311374,99.254036510538,-0.166945074175715
376.09,378,1199,1315,292556,251165,2023-08-30,2023-12-15,449.16,116,-41391,465107462,-111417443,0.0540014986902102,98.695876868129,-0.164796050405112
424.81,425,14326,13185,515736,250515,2023-08-30,2023-09-08,449.16,-1141,-265221,30609584,-27922402,0.818420139260958,90.3283461807256,-1.05870307167235
401.83,402,15225,14681,365400,249577,2023-08-30,2023-09-15,449.16,-544,-115823,256608621,-212570102,0.0972597876982473,98.1268556055254,-0.464077218653963
363.61,366,1042,1042,249038,249038,2023-08-30,2023-12-15,449.16,0,0,465107462,-111417443,0.0535441850210522,98.7494210531501,0
449,455,149,410,189081,246000,2023-08-30,2023-09-01,449.16,261,56919,21220665,-27156980,1.15924736571639,84.8343960945616,0.231378048780488
398.99,401,1213,1216,344492,244416,2023-08-30,2023-11-17,449.16,3,-100076,295018058,-71005898,0.0828478099466033,99.3368843204846,-0.409449463210264
407.68,409,1830,1845,351360,243540,2023-08-30,2023-10-20,449.16,15,-107820,439236584,-173917488,0.0554462011752646,99.2329322914505,-0.442719881744272
430.46,432,1148,1572,331772,242088,2023-08-30,2023-09-22,449.16,424,-89684,23309791,-12618803,1.03856787047125,86.4063045438717,-0.370460328475596
429.92,430,32359,29934,517744,239472,2023-08-30,2023-09-01,449.16,-2425,-278272,21220665,-27156980,1.12848489903592,85.9628809935975,-1.16202311752522
429.57,431,1606,1658,419166,237094,2023-08-30,2023-09-22,449.16,52,-182072,23309791,-12618803,1.01714339695281,87.4234479408245,-0.767931706411803
329.82,330,12804,13053,268884,234954,2023-08-30,2023-10-20,449.16,249,-33929.9999999999,439236584,-173917488,0.0534914459675335,99.286423737418,-0.144411246456753
400.97,402,2262,2275,330252,234325,2023-08-30,2023-10-20,449.16,13,-95927,439236584,-173917488,0.0533482429596529,99.3397719803777,-0.409375866851595
324.83,325,13778,13771,261782,234107,2023-08-30,2023-10-20,449.16,-7,-27675,439236584,-173917488,0.0532986113925337,99.3930705917702,-0.118215175112235
397.12,398,2594,2657,324250,233816,2023-08-30,2023-10-20,449.16,63,-90434,439236584,-173917488,0.0532323600804618,99.4463029518507,-0.386774215622541
329.58,330,5300,5492,265000,230664,2023-08-30,2023-11-17,449.16,192,-34336,295018058,-71005898,0.0781864003728206,99.4150707208574,-0.148857212222107
448.43,455,169,351,208715,230607,2023-08-30,2023-09-08,449.16,182,21892,30609584,-27922402,0.75338168594516,91.0817278666708,0.0949320705789505
447.37,457,233,236,362315,227268,2023-08-30,2023-09-15,449.16,3,-135047,256608621,-212570102,0.0885660034001742,98.2154216089256,-0.594219159758523
394.94,395,37966,37798,303728,226788,2023-08-30,2023-09-08,449.16,-168,-76940,30609584,-27922402,0.740905201455858,91.8226330681266,-0.339259572816904
355.5,357,1508,1508,226200,226200,2023-08-30,2023-12-15,449.16,0,0,465107462,-111417443,0.048633921938668,98.7980549750888,0
284.66,285,6529,6629,261160,225386,2023-08-30,2023-12-15,449.16,100,-35774,465107462,-111417443,0.0484589086209931,98.8465138837097,-0.15872325699023
374.96,375,56156,56177,224624,224708,2023-08-30,2023-09-08,449.16,21,83.9999999999709,30609584,-27922402,0.734109944127303,92.556743012254,0.000373818466632122
436.85,437,13210,14924,964330,223860,2023-08-30,2023-09-01,449.16,1714,-740470,21220665,-27156980,1.05491510280192,87.0177960963994,-3.30773697846869
390.36,393,846,846,281718,223344,2023-08-30,2023-12-15,449.16,0,-58374,465107462,-111417443,0.0480198702982753,98.894533754008,-0.261363636363636
423.82,424,12149,12335,425215,222030,2023-08-30,2023-09-08,449.16,186,-203185,30609584,-27922402,0.72536105031679,93.2821040625707,-0.915124082331216
405.8,406,10671,10644,309459,212880,2023-08-30,2023-09-15,449.16,-27,-96578.9999999999,256608621,-212570102,0.0829590210844865,98.2983806300101,-0.453678128523111
399.73,400,3971,7816,158840,211032,2023-08-30,2023-09-22,449.16,3845,52192,23309791,-12618803,0.905336302672126,88.3287842434967,0.247317942302589
446.71,463,127,128,259715,208512,2023-08-30,2023-09-29,449.16,1,-51203,180435358,-99854918,0.115560498957194,97.7207266660008,-0.245563804481277
376.92,377,25974,26012,259740,208096,2023-08-30,2023-09-15,449.16,38,-51644,256608621,-212570102,0.0810947033615055,98.3794753333716,-0.248173919729356
385.65,388,894,884,257472,207740,2023-08-30,2023-12-15,449.16,-10,-49732,465107462,-111417443,0.0446649466999951,98.939198700708,-0.239395398093771
381.67,384,891,891,233442,207603,2023-08-30,2023-12-15,449.16,0,-25839,465107462,-111417443,0.0446354911416149,98.9838341918496,-0.124463519313305
360.02,362,1040,1040,205920,205920,2023-08-30,2023-12-15,449.16,0,0,465107462,-111417443,0.0442736392820978,99.0281078311317,0
421.73,423,1289,1620,270690,205740,2023-08-30,2023-09-29,449.16,331,-64950,180435358,-99854918,0.114024214699649,97.8347508807004,-0.315689705453485
400.84,401,12681,12684,291663,202944,2023-08-30,2023-09-15,449.16,3,-88719,256608621,-212570102,0.0790869765829107,98.4585623099545,-0.437160004730369
413.23,414,2545,2610,320670,200970,2023-08-30,2023-09-29,449.16,65,-119700,180435358,-99854918,0.111380608672054,97.9461314893725,-0.595611285266458
349.95,350,40049,40045,240294,200225,2023-08-30,2023-09-15,449.16,-4,-40069,256608621,-212570102,0.0780273863051546,98.5365896962597,-0.200119865151704
269.7,270,6671,6671,200130,200130,2023-08-30,2023-12-15,449.16,0,0,465107462,-111417443,0.0430287656834024,99.0711365968151,0
435.2,437.5,621,864,257715,198720,2023-08-30,2023-09-22,449.16,243,-58995,23309791,-12618803,0.852517296272626,89.1813015397693,-0.296875
422.84,423,8466,12407,262446,198512,2023-08-30,2023-09-08,449.16,3941,-63934,30609584,-27922402,0.648528905195183,93.9306329677659,-0.322066172322076
435.88,436,16412,16503,968308,198036,2023-08-30,2023-09-01,449.16,91,-770272,21220665,-27156980,0.933222403727687,87.9510185001271,-3.88955543436547
309.87,310,15182,15108,242912,196404,2023-08-30,2023-10-20,449.16,-74,-46508,439236584,-173917488,0.0447148546260436,99.4910178064767,-0.23679762122971
392.88,393,15595,15647,249520,187764,2023-08-30,2023-09-15,449.16,52,-61756,256608621,-212570102,0.0731713530388365,98.6097610492985,-0.328902238980848
398.8,402,671,583,277794,186560,2023-08-30,2023-12-15,449.16,-88,-91233.9999999999,465107462,-111417443,0.0401111603752339,99.1112477571904,-0.489033018867924
352.85,354,1613,1613,225820,185495,2023-08-30,2023-12-15,449.16,0,-40325,465107462,-111417443,0.0398821810345412,99.1511299382249,-0.217391304347826
443.58,477,55,55,183810,183810,2023-08-30,2023-12-15,449.16,0,0,465107462,-111417443,0.0395198991668725,99.1906498373918,0
339.78,340,8298,8278,224046,182116,2023-08-30,2023-10-20,449.16,-20,-41930,439236584,-173917488,0.0414619379700849,99.5324797444468,-0.230237870368337
219.9,220,15061,18191,195793,181910,2023-08-30,2023-12-15,449.16,3130,-13883,465107462,-111417443,0.0391113914229138,99.2297612288147,-0.0763179594304876
344.75,345,7237,7242,217110,181050,2023-08-30,2023-10-20,449.16,5,-36060,439236584,-173917488,0.0412192441602269,99.573698988607,-0.19917149958575
399.93,400,29336,25838,264024,180866,2023-08-30,2023-09-08,449.16,-3498,-83158,30609584,-27922402,0.590880294224188,94.5215132619901,-0.459776851370628
299.9,300,17951,17965,215412,179650,2023-08-30,2023-10-20,449.16,14,-35762,439236584,-173917488,0.0409005093255165,99.6145994979325,-0.19906484831617
364.85,365,11951,11953,250971,179295,2023-08-30,2023-09-29,449.16,2,-71676,180435358,-99854918,0.099367996376852,98.0454994857494,-0.399765749184305
424.94,425,29457,29522,235656,177132,2023-08-30,2023-09-01,449.16,65,-58524,21220665,-27156980,0.834714651967787,88.7857331520949,-0.330397669534584
366.41,368,1106,1100,206822,174900,2023-08-30,2023-12-15,449.16,-6,-31922,465107462,-111417443,0.0376042128517818,99.2673654416665,-0.18251572327044
319.65,320,4694,4974,201842,174090,2023-08-30,2023-11-17,449.16,280,-27752,295018058,-71005898,0.0590099471131357,99.4740806679705,-0.159411798495031
448.6,452.5,262,446,292130,173940,2023-08-30,2023-09-01,449.16,184,-118190,21220665,-27156980,0.819672710539467,89.6054058626344,-0.67948717948718
414.45,415,3097,3159,281827,173745,2023-08-30,2023-09-22,449.16,62,-108082,23309791,-12618803,0.745373478466624,89.9266750182359,-0.622072577628133
412.26,413,2339,2339,287697,173086,2023-08-30,2023-09-29,449.16,0,-114611,180435358,-99854918,0.095926874820178,98.1414263605695,-0.662162162162162
334.8,335,8642,8637,216050,172740,2023-08-30,2023-10-20,449.16,-5,-43310,439236584,-173917488,0.0393273252484816,99.653926823181,-0.250723630890355
447.03,457,167,172,275383,171484,2023-08-30,2023-09-22,449.16,5,-103899,23309791,-12618803,0.73567369179758,90.6623487100335,-0.605881598283222
279.83,280,10124,10084,222728,171428,2023-08-30,2023-11-17,449.16,-40,-51300,295018058,-71005898,0.0581076294658546,99.5321882974364,-0.299250997503325
445.35,453,221,221,269178,169065,2023-08-30,2023-09-22,449.16,0,-100113,23309791,-12618803,0.725296078373247,91.3876447884067,-0.592156862745098
443.15,456,56,131,113400,168335,2023-08-30,2023-11-17,449.16,75,54935,295018058,-71005898,0.0570592190665156,99.5892475165029,0.326343303531648
443.59,458,113,116,241933,167156,2023-08-30,2023-11-17,449.16,3,-74777,295018058,-71005898,0.0566595825127423,99.6459070990156,-0.447348584555744
399.98,400,83447,83375,166894,166750,2023-08-30,2023-09-01,449.16,-72,-144,21220665,-27156980,0.785790643224423,90.3911965058588,-0.000863568215892054
446.16,469,70,73,192360,166732,2023-08-30,2023-12-15,449.16,3,-25628,465107462,-111417443,0.0358480595609107,99.3032135012274,-0.153707746563347
394.16,397,591,587,209805,166708,2023-08-30,2023-12-15,449.16,-4,-43097,465107462,-111417443,0.0358428994630923,99.3390564006905,-0.258517887563884
437.2,464,62,62,166160,166160,2023-08-30,2023-09-15,449.16,0,0,256608621,-212570102,0.0647523061978498,98.6745133554964,0
444.92,452,136,234,154360,165672,2023-08-30,2023-09-22,449.16,98,11312,23309791,-12618803,0.710739963305548,92.0983847517123,0.0682794920083056
405.75,407,1323,1315,239463,164375,2023-08-30,2023-10-20,449.16,-8,-75088,439236584,-173917488,0.0374228846110869,99.6913497077921,-0.456809125475285
304.89,305,14739,14721,206346,161931,2023-08-30,2023-10-20,449.16,-18,-44415,439236584,-173917488,0.0368664646567782,99.7282161724489,-0.274283491116587
419.89,421,677,1434,132015,159174,2023-08-30,2023-09-29,449.16,757,27159,180435358,-99854918,0.0882166343472436,98.2296429949168,0.170624599494893
444.7,510,6,24,42390,156720,2023-08-30,2023-12-15,449.16,18,114330,465107462,-111417443,0.0336954387543238,99.3727518394448,0.729517611026034
431.92,432,23215,19356,557160,154848,2023-08-30,2023-09-01,449.16,-3859,-402312,21220665,-27156980,0.729703805229478,91.1209003110883,-2.59810911345319
350.9,352,1399,1397,228037,153670,2023-08-30,2023-12-15,449.16,-2,-74367,465107462,-111417443,0.0330396763232322,99.405791515768,-0.483939610854428
384.99,385,152764,152765,305528,152765,2023-08-30,2023-09-01,449.16,1,-152763,21220665,-27156980,0.719887901722213,91.8407882128105,-0.999986907995942
395.63,396,4112,4111,205600,152107,2023-08-30,2023-09-29,449.16,-1,-53493,180435358,-99854918,0.0842999962346626,98.3139429911514,-0.351680067321031
410.77,411,6604,6613,250952,152099,2023-08-30,2023-09-15,449.16,9,-98853,256608621,-212570102,0.0592727552984278,98.7337861107948,-0.649925377550148
432.64,433,3844,4145,365180,149220,2023-08-30,2023-09-08,449.16,301,-215960,30609584,-27922402,0.487494374311,95.0090076363011,-1.4472590805522
264.76,265,5956,6105,166768,146520,2023-08-30,2023-12-15,449.16,149,-20248,465107462,-111417443,0.0315023971814927,99.4372939129495,-0.138192738192738
396.86,397,13460,10181,255740,142534,2023-08-30,2023-09-15,449.16,-3279,-113206,256608621,-212570102,0.055545288948028,98.7893313997428,-0.794238567640002
391.88,392,11814,11873,189024,142476,2023-08-30,2023-09-15,449.16,59,-46548,256608621,-212570102,0.055522686433828,98.8448540861766,-0.326707656026278
424.97,426,1394,1360,305286,140080,2023-08-30,2023-09-22,449.16,-34,-165206,23309791,-12618803,0.600949189119714,92.699333940832,-1.17936893203884
349.4,351,875,875,140000,140000,2023-08-30,2023-12-15,449.16,0,0,465107462,-111417443,0.0301005706074868,99.467394483557,0
279.69,280,4460,4460,156100,138260,2023-08-30,2023-12-15,449.16,0,-17840,465107462,-111417443,0.0297264635156509,99.4971209470727,-0.129032258064516
442.56,447.5,232,278,269816,137332,2023-08-30,2023-09-22,449.16,46,-132484,23309791,-12618803,0.589160151628987,93.288494092461,-0.964698686395014
314.86,315,9680,9693,164560,135702,2023-08-30,2023-10-20,449.16,13,-28858,439236584,-173917488,0.0308949675284789,99.7591111399774,-0.212657145804778
419.95,420,29725,26507,148625,132535,2023-08-30,2023-09-01,449.16,-3218,-16090,21220665,-27156980,0.624556299248869,92.4653445120594,-0.121401893839363
359.87,360,10064,10116,150960,131508,2023-08-30,2023-09-29,449.16,52,-19452,180435358,-99854918,0.0728837193871946,98.3868267105386,-0.147914955744137
409.9,410,12809,13119,153708,131190,2023-08-30,2023-09-08,449.16,310,-22518,30609584,-27922402,0.428591254294733,95.4375988905958,-0.171644180196661
448.69,482,39,39,157170,129909,2023-08-30,2023-11-17,449.16,0,-27261,295018058,-71005898,0.0440342536591438,99.6899413526748,-0.209846892824977
402.83,403,7644,7621,183456,129557,2023-08-30,2023-09-15,449.16,-23,-53899,256608621,-212570102,0.0504881712450339,98.8953422574217,-0.416025378790802
414.88,415,11016,10783,176256,129396,2023-08-30,2023-09-08,449.16,-233,-46860,30609584,-27922402,0.422730344848855,95.8603292354447,-0.362144115737735
367.45,369,824,824,196936,127720,2023-08-30,2023-12-15,449.16,0,-69216,465107462,-111417443,0.0274603205570587,99.5245812676297,-0.541935483870968
209.92,210,13658,15954,150238,127632,2023-08-30,2023-12-15,449.16,2296,-22606,465107462,-111417443,0.0274414001983911,99.5520226678281,-0.177118590948978
437.34,437.5,6592,7951,533952,127216,2023-08-30,2023-09-01,449.16,1359,-406736,21220665,-27156980,0.599491109256001,93.0648356213154,-3.19720789837756
420.25,421,1748,1672,260452,125400,2023-08-30,2023-09-22,449.16,-76,-135052,23309791,-12618803,0.537971361476386,93.8264654539374,-1.0769696969697
294.89,295,11189,11189,123079,123079,2023-08-30,2023-10-20,449.16,0,0,439236584,-173917488,0.0280211176580865,99.7871322576355,0
418.86,419,4546,8774,100012,122836,2023-08-30,2023-09-08,449.16,4228,22824,30609584,-27922402,0.401299148658799,96.2616283841035,0.185808720570517
403.83,404,7206,7201,187356,122417,2023-08-30,2023-09-15,449.16,-5,-64939,256608621,-212570102,0.0477057238073073,98.943047981229,-0.530473708716927
364.93,365,16702,17007,116914,119049,2023-08-30,2023-09-15,449.16,305,2134.99999999999,256608621,-212570102,0.0463932191896234,98.9894412004186,0.017933791968013
441.14,464,51,51,116586,116586,2023-08-30,2023-09-29,449.16,0,0,180435358,-99854918,0.0646137216631343,98.4514404322018,0
438.85,472,35,35,116025,116025,2023-08-30,2023-12-15,449.16,0,0,465107462,-111417443,0.0249458478909547,99.5769685157191,0
447.32,458,101,107,166650,114276,2023-08-30,2023-09-22,449.16,6,-52374,23309791,-12618803,0.49024892586982,94.3167143798072,-0.4583114564738
428.93,429,16630,16207,216190,113449,2023-08-30,2023-09-01,449.16,-423,-102741,21220665,-27156980,0.534615668264873,93.5994512895802,-0.905613976324163
414.96,415,28609,28300,85827,113200,2023-08-30,2023-09-01,449.16,-309,27373,21220665,-27156980,0.53344228373616,94.1328935733164,0.241810954063604
447.8,480,33,35,122100,112700,2023-08-30,2023-10-20,449.16,2,-9400,439236584,-173917488,0.0256581541941871,99.8127904118296,-0.0834072759538598
433.89,434,11206,10151,414622,111661,2023-08-30,2023-09-01,449.16,-1055,-302961,21220665,-27156980,0.526189919118934,94.6590834924353,-2.71322126794494
274.85,275,7330,7362,131940,110430,2023-08-30,2023-11-17,449.16,32,-21510,295018058,-71005898,0.0374316069831902,99.7273729596579,-0.19478402607987
364.97,365,36383,36373,145532,109119,2023-08-30,2023-09-08,449.16,-10,-36413,30609584,-27922402,0.356486386747367,96.6181147708509,-0.333699905607639
372.29,374,637,637,185367,108927,2023-08-30,2023-12-15,449.16,0,-76440,465107462,-111417443,0.0234197489611551,99.6003882646802,-0.701754385964912
339.96,340,26591,26610,106364,106440,2023-08-30,2023-09-15,449.16,19,76,256608621,-212570102,0.0414795105422432,99.0309207109608,0.00071401728673431
427.77,428,4404,4612,229008,106076,2023-08-30,2023-09-08,449.16,208,-122932,30609584,-27922402,0.346545055953717,96.9646598268046,-1.15890493608356
299.75,300,4275,4187,123975,104675,2023-08-30,2023-11-17,449.16,-88,-19300,295018058,-71005898,0.03548087893657,99.7628538385945,-0.184380224504418
370.94,373,506,506,104236,104236,2023-08-30,2023-12-15,449.16,0,0,465107462,-111417443,0.0224111648417286,99.622799429522,0
447.92,453,33,205,37125,104140,2023-08-30,2023-09-08,449.16,172,67015,30609584,-27922402,0.34022023951714,97.3048800663217,0.643508738236989
447.6,470,43,46,141900,103040,2023-08-30,2023-09-29,449.16,3,-38860,180435358,-99854918,0.0571063239168456,98.5085467561186,-0.377135093167702
397.62,398,2445,2671,144255,101498,2023-08-30,2023-09-29,449.16,226,-42757,180435358,-99854918,0.0562517242324534,98.5647984803511,-0.421259532207531
387.9,388,10027,10121,140378,101210,2023-08-30,2023-09-15,449.16,94,-39168,256608621,-212570102,0.0394413872790346,99.0703620982399,-0.386997332279419
385.9,386,9989,10087,129857,100870,2023-08-30,2023-09-15,449.16,98,-28987,256608621,-212570102,0.039308889782,99.1096709880219,-0.287369882026371
234.84,235,6163,6163,98608,98608,2023-08-30,2023-12-15,449.16,0,0,465107462,-111417443,0.0212011219033076,99.6440005514253,0
387.73,388,3657,3651,142623,98577,2023-08-30,2023-09-29,449.16,-6,-44046,180435358,-99854918,0.0546328619249892,98.6194313422761,-0.446818223317812
346,347,938,939,136010,93900,2023-08-30,2023-12-15,449.16,1,-42110,465107462,-111417443,0.020188882714593,99.6641894341398,-0.448455804046858
354.95,355,18542,18543,92710,92715,2023-08-30,2023-09-15,449.16,1,5.00000000001455,256608621,-212570102,0.036130898345773,99.1458018863677,5.3928706250494e-05
304.73,305,3436,3427,106516,92529,2023-08-30,2023-11-17,449.16,-9,-13987,295018058,-71005898,0.0313638428194114,99.7942176814139,-0.151163419036194
441.68,454,30,75,51930,92400,2023-08-30,2023-11-17,449.16,45,40470,295018058,-71005898,0.0313201166824846,99.8255377980964,0.437987012987013
443.33,485,21,22,83538,91674,2023-08-30,2023-10-20,449.16,1,8136,439236584,-173917488,0.020871212312315,99.8336616241419,0.088749263695268
319.85,320,5846,5843,111074,87645,2023-08-30,2023-10-20,449.16,-3,-23429,439236584,-173917488,0.0199539389915663,99.8536155631335,-0.267317017513834
432.91,433,11507,9658,333703,86922,2023-08-30,2023-09-01,449.16,-1849,-246781,21220665,-27156980,0.409610160661789,95.0686936530971,-2.83910862612457
448.9,500,17,17,109225,86870,2023-08-30,2023-12-15,449.16,0,-22355,465107462,-111417443,0.0186774040619456,99.6828668382018,-0.2573385518591
394.98,395,42663,42592,85326,85184,2023-08-30,2023-09-01,449.16,-71,-142,21220665,-27156980,0.401420030899126,95.4701136839962,-0.00166697971450038
448.33,465,38,51,88198,85017,2023-08-30,2023-09-15,449.16,13,-3181,256608621,-212570102,0.0331309991335014,99.1789328855011,-0.0374160462025242
438.15,475,23,23,84755,84755,2023-08-30,2023-10-20,449.16,0,0,439236584,-173917488,0.0192959792256284,99.8729115423591,0
391.68,392,2946,2639,135516,84448,2023-08-30,2023-09-29,449.16,-307,-51068,180435358,-99854918,0.0468023567753278,98.6662336990514,-0.604727169382342
249.82,250,4679,4678,102938,84204,2023-08-30,2023-12-15,449.16,-1,-18734,465107462,-111417443,0.0181042031959487,99.7009710413978,-0.222483492470667
259.78,260,3825,3825,95625,84150,2023-08-30,2023-12-15,449.16,0,-11475,465107462,-111417443,0.0180925929758573,99.7190636343736,-0.136363636363636
444.2,457.5,63,63,83790,83790,2023-08-30,2023-09-22,449.16,0,0,23309791,-12618803,0.35946268244104,94.6761770622482,0
393.87,394,6389,6438,115002,83694,2023-08-30,2023-09-15,449.16,49,-31308,256608621,-212570102,0.0326154279906286,99.2115483134918,-0.37407699476665
430.69,431,1749,2662,127677,82522,2023-08-30,2023-09-08,449.16,913,-45155,30609584,-27922402,0.269595300609116,97.5744753669308,-0.547187416688883
428.74,429,2592,3124,150336,81224,2023-08-30,2023-09-08,449.16,532,-69112,30609584,-27922402,0.265354798680047,97.8398301656109,-0.850881512853344
354.25,356,464,464,81200,81200,2023-08-30,2023-12-15,449.16,0,0,465107462,-111417443,0.0174583309523424,99.7365219653259,0
189.94,190,13194,13524,79164,81144,2023-08-30,2023-12-15,449.16,330,1980,465107462,-111417443,0.0174462907240994,99.75396825605,0.0244010647737356
149.97,150,26218,26317,104872,78951,2023-08-30,2023-12-15,449.16,99,-25921,465107462,-111417443,0.0169747867859407,99.770943042836,-0.32831756405872
388.89,389,7120,7114,106800,78254,2023-08-30,2023-09-15,449.16,-6,-28546,256608621,-212570102,0.030495468038075,99.2420437815299,-0.36478646458967
369.99,370,77995,78054,77995,78054,2023-08-30,2023-09-01,449.16,59,59,21220665,-27156980,0.367820706844013,95.8379343908402,0.000755886950060215
361.83,362,4591,4591,78047,78047,2023-08-30,2023-09-29,449.16,0,0,180435358,-99854918,0.0432548259194298,98.7094885249708,0
410.32,411,1133,1145,122364,77860,2023-08-30,2023-09-29,449.16,12,-44504,180435358,-99854918,0.0431511876957065,98.7526397126665,-0.57159003339327
445.78,456,59,76,101598,77672,2023-08-30,2023-09-22,449.16,17,-23926,23309791,-12618803,0.333216200865979,95.0093932631142,-0.30803893294881
430.93,431,10642,11006,202198,77042,2023-08-30,2023-09-01,449.16,364,-125156,21220665,-27156980,0.363051770526513,96.2009861613668,-1.62451649749487
396.62,397,2036,2022,107908,76836,2023-08-30,2023-09-29,449.16,-14,-31072,180435358,-99854918,0.0425836714331789,98.7952233840997,-0.404393773751887
254.81,255,3996,3997,99900,75943,2023-08-30,2023-12-15,449.16,1,-23957,465107462,-111417443,0.0163280545260312,99.787271097362,-0.315460279420091
415.38,416,1133,1221,112167,75702,2023-08-30,2023-09-22,449.16,88,-36465,23309791,-12618803,0.324764816638639,95.3341580797528,-0.481691368788143
347.91,349,692,693,86500,75537,2023-08-30,2023-12-15,449.16,1,-10963,465107462,-111417443,0.0162407628712695,99.8035118602333,-0.145134172657108
397.85,398,4969,4979,99380,74685,2023-08-30,2023-09-15,449.16,10,-24695,256608621,-212570102,0.0291046340177324,99.2711484155476,-0.330655419428265
421.19,422,874,917,124108,74277,2023-08-30,2023-09-22,449.16,43,-49831,23309791,-12618803,0.318651505712771,95.6528095854656,-0.670880622534566
426.79,428,588,609,147588,73689,2023-08-30,2023-09-22,449.16,21,-73899,23309791,-12618803,0.316128960572834,95.9689385460385,-1.00284981476204
441.23,452.5,64,65,78400,73255,2023-08-30,2023-09-22,449.16,1,-5145,23309791,-12618803,0.314267082017166,96.2832056280556,-0.0702341137123746
379.99,380,72940,72940,145880,72940,2023-08-30,2023-09-01,449.16,0,-72940,21220665,-27156980,0.343721556322575,96.5447077176893,-1
395.86,396,5169,5159,93042,72226,2023-08-30,2023-09-15,449.16,-10,-20816,256608621,-212570102,0.0281463653553557,99.2992947809029,-0.288206463046548
284.81,285,3636,3638,76356,69122,2023-08-30,2023-11-17,449.16,2,-7234,295018058,-71005898,0.0234297522221504,99.8489675503186,-0.104655536587483
412.51,413,1425,1409,132525,69041,2023-08-30,2023-09-22,449.16,-16,-63484,23309791,-12618803,0.296188841847617,96.5793944699032,-0.919511594559754
366.85,367,4600,4598,147200,68970,2023-08-30,2023-09-29,449.16,-2,-78230,180435358,-99854918,0.0382242154555982,98.8334475995553,-1.13426127301725
423.06,424,686,733,111818,68902,2023-08-30,2023-09-22,449.16,47,-42916,23309791,-12618803,0.295592525904672,96.8749869958079,-0.622855650053699
398.84,399,4236,4225,80484,67600,2023-08-30,2023-09-15,449.16,-11,-12884,256608621,-212570102,0.0263436199986438,99.3256384009016,-0.190591715976331
417.37,418,1079,1064,118690,67032,2023-08-30,2023-09-22,449.16,-15,-51658,23309791,-12618803,0.287570145952832,97.1625571417607,-0.770646855233322
344.96,345,16715,16704,66860,66816,2023-08-30,2023-09-15,449.16,-11,-44,256608621,-212570102,0.0260380963584228,99.35167649726,-0.000658524904214559
375.81,376,3503,3503,84072,66557,2023-08-30,2023-09-29,449.16,0,-17515,180435358,-99854918,0.0368868944189974,98.8703344939743,-0.263157894736842
224.89,225,5928,5928,118560,65208,2023-08-30,2023-12-15,449.16,0,-53352,465107462,-111417443,0.0140199857726643,99.817531846006,-0.818181818181818
349.93,350,9161,9224,91610,64568,2023-08-30,2023-09-22,449.16,63,-27042,23309791,-12618803,0.276999480604524,97.4395566223653,-0.418814273324247
448.53,456,32,86,50112,64242,2023-08-30,2023-09-08,449.16,54,14130,30609584,-27922402,0.209875442933168,98.0497056085441,0.219949565704679
373.74,374,2446,2446,63596,63596,2023-08-30,2023-09-29,449.16,0,0,180435358,-99854918,0.0352458635075283,98.9055803574818,0
382.76,383,2642,2643,79260,63432,2023-08-30,2023-09-29,449.16,1,-15828,180435358,-99854918,0.0351549722311078,98.9407353297129,-0.249527052591752
444.42,451,117,96,137124,63168,2023-08-30,2023-09-22,449.16,-21,-73956,23309791,-12618803,0.270993420747531,97.7105500431128,-1.17078267477204
345.02,346,642,641,93732,62818,2023-08-30,2023-12-15,449.16,-1,-30914,465107462,-111417443,0.0135061260315793,99.8310379720375,-0.492120092966984
362.42,364,394,395,87468,62410,2023-08-30,2023-12-15,449.16,1,-25058,465107462,-111417443,0.0134184043686661,99.8444563764062,-0.401506168883192
393.67,394,1896,1891,100488,62403,2023-08-30,2023-09-29,449.16,-5,-38085,180435358,-99854918,0.0345846848930795,98.975320014606,-0.610307196769386
413.89,414,5728,5640,91648,62040,2023-08-30,2023-09-08,449.16,-88,-29608,30609584,-27922402,0.202681617626688,98.2523872261707,-0.477240490006447
426.79,427,4630,2944,212980,61824,2023-08-30,2023-09-08,449.16,-1686,-151156,30609584,-27922402,0.201975956288723,98.4543631824595,-2.44494047619048
425.8,426,3133,3042,125320,60840,2023-08-30,2023-09-08,449.16,-91,-64480,30609584,-27922402,0.198761276860215,98.6531244593197,-1.05982905982906
421.95,422,14724,12102,73620,60510,2023-08-30,2023-09-01,449.16,-2622,-13110,21220665,-27156980,0.285146577640239,96.8298542953296,-0.216658403569658
381.76,382,2510,2502,85340,60048,2023-08-30,2023-09-29,449.16,-8,-25292,180435358,-99854918,0.033279508332286,99.0085995229383,-0.421196376232348
376.81,377,3155,3154,85185,59926,2023-08-30,2023-09-29,449.16,-1,-25259,180435358,-99854918,0.0332118940900708,99.0418114170284,-0.421503187264293
386.74,387,2317,2296,88046,59696,2023-08-30,2023-09-29,449.16,-21,-28350,180435358,-99854918,0.0330844246170421,99.0748958416454,-0.474906191369606
382.92,383,7342,7415,88104,59320,2023-08-30,2023-09-15,449.16,73,-28784,256608621,-212570102,0.0231169162473306,99.3747934135073,-0.485232636547539
346.96,348,564,565,80652,58760,2023-08-30,2023-12-15,449.16,1,-21892,465107462,-111417443,0.0126336394921138,99.8570900158983,-0.372566371681416
388.72,389,2098,2081,83920,58268,2023-08-30,2023-09-29,449.16,-17,-25652,180435358,-99854918,0.0322930054540641,99.1071888470995,-0.440241642067687
448.98,457,10,72,14720,57744,2023-08-30,2023-09-01,449.16,62,43024,21220665,-27156980,0.272112113357428,97.101966408687,0.745081740094209
179.95,180,11795,11543,70770,57715,2023-08-30,2023-12-15,449.16,-252,-13055,465107462,-111417443,0.0124089602329364,99.8694989761312,-0.226197695573075
264.96,265,14070,14070,84420,56280,2023-08-30,2023-10-20,449.16,0,-28140,439236584,-173917488,0.012813140355358,99.8857246827145,-0.5
378.78,379,2538,2519,76140,55418,2023-08-30,2023-09-29,449.16,-19,-20722,180435358,-99854918,0.0307134924187088,99.1379023395182,-0.3739218304522
229.85,230,3647,3647,54705,54705,2023-08-30,2023-12-15,449.16,0,0,465107462,-111417443,0.0117617979648755,99.8812607740961,0
422.16,423,562,649,85424,54516,2023-08-30,2023-09-22,449.16,87,-30908,23309791,-12618803,0.233875970831313,97.9444260139441,-0.566952821190109
383.91,384,6009,6008,72108,54072,2023-08-30,2023-09-15,449.16,-1,-18036,256608621,-212570102,0.0210717784107495,99.3958651919181,-0.333555259653795
448.43,525,6,7,54000,53599,2023-08-30,2023-12-15,449.16,1,-401,465107462,-111417443,0.0115240034570763,99.8927847775532,-0.00748148286348626
371.92,372,6530,6570,58770,52560,2023-08-30,2023-09-15,449.16,40,-6209.99999999999,256608621,-212570102,0.0204825542474662,99.4163477461656,-0.118150684931507
345.89,346,4776,4776,52536,52536,2023-08-30,2023-09-29,449.16,0,0,180435358,-99854918,0.0291162445001495,99.1670185840183,0
372.93,373,7405,7405,74050,51835,2023-08-30,2023-09-15,449.16,0,-22215,256608621,-212570102,0.020200022819966,99.4365477689855,-0.428571428571429
408.4,409,824,849,83224,50940,2023-08-30,2023-09-29,449.16,25,-32284,180435358,-99854918,0.0282317172003505,99.1952503012187,-0.633765213977228
348.95,349,9798,9828,48990,49140,2023-08-30,2023-09-15,449.16,30,150,256608621,-212570102,0.0191497853067064,99.4556975542922,0.00305250305250305
364.99,365,49152,48902,49152,48902,2023-08-30,2023-09-01,449.16,-250,-250,21220665,-27156980,0.230445181618955,97.332411590306,-0.00511226534702057
413.48,414,925,940,87875,48880,2023-08-30,2023-09-22,449.16,15,-38995,23309791,-12618803,0.209697289864161,98.1541233038083,-0.797770049099836
329.98,330,24235,24235,96940,48470,2023-08-30,2023-09-15,449.16,0,-48470,256608621,-212570102,0.0188886872978441,99.4745862415901,-1
423.96,424,9516,12078,66612,48312,2023-08-30,2023-09-01,449.16,2562,-18300,21220665,-27156980,0.227664872896302,97.5600764632023,-0.378787878787879
392.66,393,1418,1412,63810,48008,2023-08-30,2023-09-29,449.16,-6,-15802,180435358,-99854918,0.026606758526785,99.2218570597455,-0.32915347442093
380.9,381,4791,4793,57492,47930,2023-08-30,2023-09-15,449.16,2,-9561.99999999999,256608621,-212570102,0.0186782500966715,99.4932644916867,-0.199499269768412
360.87,361,3608,3608,61336,46904,2023-08-30,2023-09-29,449.16,0,-14432,180435358,-99854918,0.0259949050562473,99.2478519648017,-0.307692307692308
249.97,250,15626,15625,78130,46875,2023-08-30,2023-10-20,449.16,-1,-31255,439236584,-173917488,0.0106719252693214,99.8963966079838,-0.666773333333333
367.85,368,3094,3094,64974,46410,2023-08-30,2023-09-29,449.16,0,-18564,180435358,-99854918,0.0257211227967858,99.2735730875985,-0.4
403.52,404,976,961,77104,46128,2023-08-30,2023-09-29,449.16,-15,-30976,180435358,-99854918,0.0255648341385506,99.2991379217371,-0.671522719389525
385.74,386,1736,1756,65968,45656,2023-08-30,2023-09-29,449.16,20,-20312,180435358,-99854918,0.0253032446112918,99.3244411663483,-0.444892237602944
294.78,295,2063,2068,57764,45496,2023-08-30,2023-11-17,449.16,5,-12268,295018058,-71005898,0.0154214288808043,99.8643889791994,-0.269650079127836
289.93,290,6428,6444,64280,45108,2023-08-30,2023-10-20,449.16,16,-19172,439236584,-173917488,0.010269636374369,99.9066662443582,-0.425024385918241
441,486,10,10,45000,45000,2023-08-30,2023-11-17,449.16,0,0,295018058,-71005898,0.0152533035791321,99.8796422827785,0
401.56,402,983,1013,69793,44572,2023-08-30,2023-09-29,449.16,30,-25221,180435358,-99854918,0.0247024754427566,99.3491436417911,-0.565848514762631
375.91,376,3217,4934,32170,44406,2023-08-30,2023-09-15,449.16,1717,12236,256608621,-212570102,0.01730495250976,99.5105694441965,0.275548349322164
416.86,417,1924,3147,34632,44058,2023-08-30,2023-09-08,449.16,1223,9426.00000000001,30609584,-27922402,0.143935311241081,98.7970597705608,0.213945253983386
427.94,428,7614,7343,83754,44058,2023-08-30,2023-09-01,449.16,-271,-39696,21220665,-27156980,0.207618375767206,97.7676948389695,-0.9009941440828
426.94,427,7525,7315,75250,43890,2023-08-30,2023-09-01,449.16,-210,-31360,21220665,-27156980,0.2068266946394,97.9745215336089,-0.71451355661882
289.79,290,2084,2074,50016,43554,2023-08-30,2023-11-17,449.16,-10,-6462,295018058,-71005898,0.0147631640907893,99.8944054468693,-0.148367543738807
405.48,406,887,829,77169,43108,2023-08-30,2023-09-29,449.16,-58,-34061,180435358,-99854918,0.0238911045361741,99.3730347463273,-0.790131762085923
299.99,300,33675,42500,67350,42500,2023-08-30,2023-09-15,449.16,8825,-24850,256608621,-212570102,0.0165621871293249,99.5271316313258,-0.584705882352941
279.94,280,6979,6984,55832,41904,2023-08-30,2023-10-20,449.16,5,-13928,439236584,-173917488,0.00954018893836038,99.9162064332966,-0.332378770523101
269.86,270,2937,2982,46992,41748,2023-08-30,2023-11-17,449.16,45,-5244,295018058,-71005898,0.0141509981738135,99.9085564450431,-0.125610807703363
184.94,185,6952,6952,41712,41712,2023-08-30,2023-12-15,449.16,0,0,465107462,-111417443,0.00896825000842494,99.9017530275616,0
370.92,371,4582,5167,41238,41336,2023-08-30,2023-09-15,449.16,585,98,256608621,-212570102,0.0161085780512417,99.5432402093771,0.00237081478614283
244.84,245,2570,2568,51400,41088,2023-08-30,2023-12-15,449.16,-2,-10312,465107462,-111417443,0.00883408746514585,99.9105871150268,-0.250973520249221
425.95,426,9634,8196,77072,40980,2023-08-30,2023-09-01,449.16,-1438,-36092,21220665,-27156980,0.193113646532755,98.1676351801416,-0.880722303562714
372.76,373,1701,1701,40824,40824,2023-08-30,2023-09-29,449.16,0,0,180435358,-99854918,0.0226252772474894,99.3956600235748,0
441,468,15,15,40500,40500,2023-08-30,2023-09-15,449.16,0,0,256608621,-212570102,0.0157827900879449,99.559022999465,0
309.98,310,20126,20125,40252,40250,2023-08-30,2023-09-15,449.16,-1,-2,256608621,-212570102,0.0156853654577724,99.5747083649228,-4.96894409937888e-05
339.92,340,5026,5024,50260,40192,2023-08-30,2023-09-29,449.16,-2,-10068,180435358,-99854918,0.0222750133042106,99.417935036879,-0.250497611464968
380.77,381,1736,1736,71176,39928,2023-08-30,2023-09-29,449.16,0,-31248,180435358,-99854918,0.0221287005177777,99.4400637373968,-0.782608695652174
404.66,405,1509,1172,81486,39848,2023-08-30,2023-09-22,449.16,-337,-41638,23309791,-12618803,0.170949623701045,98.3250729275093,-1.04492069865489
357.69,358,1281,1281,39711,39711,2023-08-30,2023-09-29,449.16,0,0,180435358,-99854918,0.0220084358410506,99.4620721732378,0
329.93,330,5655,5672,73515,39704,2023-08-30,2023-09-29,449.16,17,-33811,180435358,-99854918,0.0220045563353498,99.4840767295732,-0.851576667338303
345.92,346,4951,4951,39608,39608,2023-08-30,2023-09-15,449.16,0,0,256608621,-212570102,0.0154351790074894,99.5901435439303,0
438.5,471,12,12,39000,39000,2023-08-30,2023-12-15,449.16,0,0,465107462,-111417443,0.00838515895494276,99.9189722739817,0
284.92,285,4773,4778,47730,38224,2023-08-30,2023-10-20,449.16,5,-9506,439236584,-173917488,0.00870237165855019,99.9249088049551,-0.248691921305986
390.68,391,1185,1185,52140,37920,2023-08-30,2023-09-29,449.16,0,-14220,180435358,-99854918,0.0210158365967273,99.5050925661699,-0.375
418.27,419,511,518,60298,37814,2023-08-30,2023-09-22,449.16,7,-22484,23309791,-12618803,0.162223676737385,98.4872966042467,-0.594594594594595
353.93,354,5332,5332,37324,37324,2023-08-30,2023-09-15,449.16,0,0,256608621,-212570102,0.0145451075862334,99.6046886515165,0
324.97,325,12421,12420,37263,37260,2023-08-30,2023-09-15,449.16,-1,-3,256608621,-212570102,0.0145201668809093,99.6192088183974,-8.05152979066023e-05
350.95,351,7334,7334,36670,36670,2023-08-30,2023-09-15,449.16,0,0,256608621,-212570102,0.0142902447537022,99.6334990631511,0
204.91,205,4069,4069,40690,36621,2023-08-30,2023-12-15,449.16,0,-4069,465107462,-111417443,0.00787366425869125,99.9268459382404,-0.111111111111111
334.97,335,12083,12116,36249,36348,2023-08-30,2023-09-15,449.16,33,98.9999999999927,256608621,-212570102,0.01416476183004,99.6476638249812,0.0027236711786066
390.88,391,3015,3008,48240,36096,2023-08-30,2023-09-15,449.16,-7,-12144,256608621,-212570102,0.0140665578028261,99.661730382784,-0.336436170212766
420.85,421,2612,2386,70524,35790,2023-08-30,2023-09-08,449.16,-226,-34734,30609584,-27922402,0.116924163360077,98.9139839339208,-0.970494551550713
328.74,329,1375,1375,35750,35750,2023-08-30,2023-09-29,449.16,0,0,180435358,-99854918,0.0198131898294568,99.5249057559993,0
386.89,387,3190,3210,44660,35310,2023-08-30,2023-09-15,449.16,20,-9350,256608621,-212570102,0.0137602547655638,99.6754906375496,-0.264797507788162
448.55,482,1,10,4280,33450,2023-08-30,2023-10-20,449.16,9,29170,439236584,-173917488,0.00761548587218773,99.9325242908273,0.872047832585949
438.72,472,10,10,33280,33280,2023-08-30,2023-09-15,449.16,0,0,256608621,-212570102,0.0129691667685631,99.6884598043181,0
411.52,412,708,692,52392,33216,2023-08-30,2023-09-22,449.16,-16,-19176,23309791,-12618803,0.142498060149917,98.6297946643966,-0.577312138728324
442.8,476,10,10,33200,33200,2023-08-30,2023-09-01,449.16,0,0,21220665,-27156980,0.156451270495058,98.3240864506367,0
445.48,500,6,6,34320,32712,2023-08-30,2023-11-17,449.16,0,-1608.00000000001,295018058,-71005898,0.0110881348151238,99.9196445798582,-0.0491562729273663
360.93,361,4649,4649,32543,32543,2023-08-30,2023-09-15,449.16,0,0,256608621,-212570102,0.0126819589588146,99.7011417632769,0
344.9,345,3254,3253,39048,32530,2023-08-30,2023-09-29,449.16,-1,-6517.99999999999,180435358,-99854918,0.0180286172070554,99.5429343732064,-0.200368890255149
441.5,600,2,2,31700,31700,2023-08-30,2023-12-15,449.16,0,0,465107462,-111417443,0.00681562920183809,99.9336615674422,0
412.9,413,3144,3113,47160,31130,2023-08-30,2023-09-08,449.16,-31,-16030,30609584,-27922402,0.101700173383604,99.0156841073044,-0.514937359460328
442.61,462,16,16,31024,31024,2023-08-30,2023-09-08,449.16,0,0,30609584,-27922402,0.101353876615899,99.1170379839203,0
448.97,500,2,6,11660,30618,2023-08-30,2023-10-20,449.16,4,18958,439236584,-173917488,0.00697073083511641,99.9394950216624,0.61917826115357
444.66,475,10,10,37780,30340,2023-08-30,2023-09-15,449.16,0,-7440,256608621,-212570102,0.0118234531177345,99.7129652163947,-0.245220830586684
154.96,155,7531,7531,30124,30124,2023-08-30,2023-12-15,449.16,0,0,465107462,-111417443,0.0064767827784281,99.9401383502207,0
442.81,480,8,8,29752,29752,2023-08-30,2023-09-01,449.16,0,0,21220665,-27156980,0.140202957824366,98.464289408461,0
447.54,466,13,16,33163,29536,2023-08-30,2023-09-15,449.16,3,-3627,256608621,-212570102,0.0115101355070997,99.7244753519018,-0.122799295774648
448.5,459,0,28,0,29400,2023-08-30,2023-09-08,449.16,28,29400,30609584,-27922402,0.0960483487786048,99.2130863326989,1
324.94,325,4817,4817,28902,28902,2023-08-30,2023-09-29,449.16,0,0,180435358,-99854918,0.0160179248238031,99.5589522980302,0
259.95,260,5780,5779,46240,28895,2023-08-30,2023-10-20,449.16,-1,-17345,439236584,-173917488,0.00657845932068354,99.9460734809831,-0.600276864509431
229.9,230,2875,2875,28750,28750,2023-08-30,2023-11-17,449.16,0,0,295018058,-71005898,0.00974516617555662,99.9293897460338,0
362.94,363,4731,4731,37848,28386,2023-08-30,2023-09-15,449.16,0,-9462,256608621,-212570102,0.0110619822083062,99.7355373341101,-0.333333333333333
445.76,454,32,34,65120,28016,2023-08-30,2023-09-22,449.16,2,-37104,23309791,-12618803,0.120189837823943,98.7499845022205,-1.32438606510565
422.96,423,6861,6944,48027,27776,2023-08-30,2023-09-01,449.16,83,-20251,21220665,-27156980,0.130891279797311,98.5951806882584,-0.729082661290323
442.97,720,1,1,27703,27703,2023-08-30,2023-12-15,449.16,0,0,465107462,-111417443,0.00595625791099434,99.9460946081317,0
368.83,369,1628,1625,30932,27625,2023-08-30,2023-09-29,449.16,-3,-3307,180435358,-99854918,0.0153101921409439,99.5742624901711,-0.119710407239819
434.71,469,8,8,27432,27432,2023-08-30,2023-09-29,449.16,0,0,180435358,-99854918,0.0152032286266198,99.5894657187978,0
400.57,401,635,635,44450,27305,2023-08-30,2023-09-29,449.16,0,-17145,180435358,-99854918,0.015132843308904,99.6045985621067,-0.627906976744186
377.79,378,1281,1284,46116,26964,2023-08-30,2023-09-29,449.16,3,-19152,180435358,-99854918,0.0149438559597615,99.6195424180664,-0.710280373831776
447.51,468,12,13,34980,26637,2023-08-30,2023-10-20,449.16,1,-8342.99999999999,439236584,-173917488,0.00606438556584349,99.9521378665489,-0.313210947178736
417.87,418,3084,2039,58596,26507,2023-08-30,2023-09-08,449.16,-1045,-32089,30609584,-27922402,0.0865970605807645,99.2996833932797,-1.21058588297431
383.76,384,1133,1093,38522,26232,2023-08-30,2023-09-29,449.16,-40,-12290,180435358,-99854918,0.0145381705064702,99.6340805885729,-0.468511741384569
319.99,320,26188,26007,78564,26007,2023-08-30,2023-09-15,449.16,-181,-52557,256608621,-212570102,0.0101348894275847,99.7456722235377,-2.02087899411697
449.22,460,6,24,11148,25872,2023-08-30,2023-09-08,449.16,18,14724,30609584,-27922402,0.0845225469251722,99.3842059402049,0.569109461966605
378.91,379,2855,2868,34260,25812,2023-08-30,2023-09-15,449.16,13,-8448,256608621,-212570102,0.0100588982160502,99.7557311217537,-0.327289632728963
404.98,405,12920,12899,25840,25798,2023-08-30,2023-09-01,449.16,-21,-41.9999999999964,21220665,-27156980,0.121570176994925,98.7167508652533,-0.00162803318086659
443.18,480,7,7,25774,25774,2023-08-30,2023-09-15,449.16,0,0,256608621,-212570102,0.010044089672264,99.765775211426,0
346.94,347,4281,4281,25686,25686,2023-08-30,2023-09-15,449.16,0,0,256608621,-212570102,0.0100097962024433,99.7757850076284,0
344.94,345,4170,4170,33360,25020,2023-08-30,2023-09-22,449.16,0,-8340,23309791,-12618803,0.107336869729977,98.8573213719505,-0.333333333333333
249.9,250,2438,2464,26818,24640,2023-08-30,2023-11-17,449.16,26,-2178,295018058,-71005898,0.00835203111532922,99.9377417771491,-0.0883928571428572
365.86,366,1751,1751,47277,24514,2023-08-30,2023-09-29,449.16,0,-22763,180435358,-99854918,0.0135860289644561,99.6476666175374,-0.928571428571429
443.31,565,2,2,24338,24338,2023-08-30,2023-10-20,449.16,0,0,439236584,-173917488,0.0055409774337012,99.9576788439826,0
377.92,378,2930,2997,29300,23976,2023-08-30,2023-09-15,449.16,67,-5324,256608621,-212570102,0.00934341173206336,99.7851284193605,-0.222055388722055
319.95,320,4796,4794,28776,23970,2023-08-30,2023-09-29,449.16,-2,-4806,180435358,-99854918,0.0132845359499883,99.6609511534873,-0.200500625782228
367.94,368,3972,3972,31776,23832,2023-08-30,2023-09-15,449.16,0,-7944,256608621,-212570102,0.009287295145084,99.7944157145056,-0.333333333333333
368.93,369,3290,3310,26320,23170,2023-08-30,2023-09-15,449.16,20,-3150,256608621,-212570102,0.00902931472438722,99.8034450292299,-0.13595166163142
389.8,390,1055,1153,27430,23060,2023-08-30,2023-09-22,449.16,98,-4370,23309791,-12618803,0.0989283859301871,98.9562497578807,-0.189505637467476
373.92,374,2886,2882,28860,23056,2023-08-30,2023-09-15,449.16,-4,-5804,256608621,-212570102,0.00898488909302856,99.812429918323,-0.251734906315059
359.98,360,11483,11489,57415,22978,2023-08-30,2023-09-08,449.16,6,-34437,30609584,-27922402,0.0750679917766932,99.4592739319816,-1.49869440334233
351.75,352,912,912,22800,22800,2023-08-30,2023-09-29,449.16,0,0,180435358,-99854918,0.0126361042828424,99.6735872577702,0
361.94,362,3801,3796,30408,22776,2023-08-30,2023-09-15,449.16,-5,-7632,256608621,-212570102,0.00887577350723536,99.8213056918302,-0.33508956796628
358.95,359,4506,4523,31542,22615,2023-08-30,2023-09-15,449.16,17,-8927,256608621,-212570102,0.00881303204540427,99.8301187238756,-0.394738005748397
342.91,343,2475,2475,24750,22275,2023-08-30,2023-09-29,449.16,0,-2475,180435358,-99854918,0.0123451413552769,99.6859323991255,-0.111111111111111
351.95,352,4208,4440,46288,22200,2023-08-30,2023-09-15,449.16,232,-24088,256608621,-212570102,0.00865130715931793,99.8387700310349,-1.08504504504505
365.94,366,3647,3698,32823,22188,2023-08-30,2023-09-15,449.16,51,-10635,256608621,-212570102,0.00864663077706964,99.847416661812,-0.479313142239048
374.87,375,1398,1704,22368,22152,2023-08-30,2023-09-22,449.16,306,-216,23309791,-12618803,0.0950330271086515,99.0512827849894,-0.00975081256771398
418.96,419,3249,5536,12996,22144,2023-08-30,2023-09-01,449.16,2287,9148,21220665,-27156980,0.104351112465137,98.8211019777184,0.413114161849711
445.19,461,11,14,23210,22134,2023-08-30,2023-09-15,449.16,3,-1076,256608621,-212570102,0.00862558705695239,99.856042248869,-0.0486129935845308
408.61,409,549,564,36234,21996,2023-08-30,2023-09-22,449.16,15,-14238,23309791,-12618803,0.0943637804388722,99.1456465654282,-0.647299509001637
214.95,215,4364,4370,26184,21850,2023-08-30,2023-11-17,449.16,6,-4334,295018058,-71005898,0.00740632629342303,99.9451481034425,-0.198352402745995
416.41,417,329,369,34874,21771,2023-08-30,2023-09-22,449.16,40,-13103,23309791,-12618803,0.0933985208189983,99.2390450862472,-0.601855679573745
448.1,491,0,5,0,21450,2023-08-30,2023-12-15,449.16,5,21450,465107462,-111417443,0.00461183742521852,99.9507064455569,1
209.96,210,7701,5343,38505,21372,2023-08-30,2023-11-17,449.16,-2358,-17133,295018058,-71005898,0.00724430231318247,99.9523924057557,-0.801656372824256
338.81,339,1123,1123,21337,21337,2023-08-30,2023-09-29,449.16,0,0,180435358,-99854918,0.01182528759136,99.6977576867168,0
274.93,275,3037,3035,21259,21245,2023-08-30,2023-10-20,449.16,-2,-14.0000000000036,439236584,-173917488,0.0048368011167303,99.9625156450994,-0.000658978583196217
164.96,165,5296,5296,21184,21184,2023-08-30,2023-12-15,449.16,0,0,465107462,-111417443,0.00455464634106429,99.9552610918979,0
356.94,357,3449,3449,20694,20694,2023-08-30,2023-09-15,449.16,0,0,256608621,-212570102,0.00806442118715879,99.8641066700561,0
447.16,473,8,8,16464,20672,2023-08-30,2023-12-15,449.16,0,4208,465107462,-111417443,0.0044445642542712,99.9597056561522,0.203560371517028
335.85,336,1373,1373,20595,20595,2023-08-30,2023-09-29,449.16,0,0,180435358,-99854918,0.0114140599870675,99.7091717467039,0
214.91,215,2028,2207,22308,19863,2023-08-30,2023-12-15,449.16,179,-2445,465107462,-111417443,0.00427062595697508,99.9639762821092,-0.12309318834013
174.95,175,3966,3971,27762,19855,2023-08-30,2023-12-15,449.16,5,-7907,465107462,-111417443,0.00426890592436894,99.9682451880336,-0.398237219843868
356.89,357,1236,1780,32136,19580,2023-08-30,2023-09-29,449.16,544,-12556,180435358,-99854918,0.010851531660441,99.7200232783643,-0.641266598569969
352.86,353,1387,1387,19418,19418,2023-08-30,2023-09-29,449.16,0,0,180435358,-99854918,0.0107617488142208,99.7307850271785,0
149.99,150,19167,19167,19167,19167,2023-08-30,2023-09-15,449.16,0,0,256608621,-212570102,0.00746935154606516,99.8715760216022,0
314.99,315,19089,19089,38178,19089,2023-08-30,2023-09-15,449.16,0,-19089,256608621,-212570102,0.00743895506145135,99.8790149766636,-1
159.96,160,4758,4758,19032,19032,2023-08-30,2023-12-15,449.16,0,0,465107462,-111417443,0.00409195757001207,99.9723371456036,0
299.96,300,4680,4664,14040,18656,2023-08-30,2023-09-29,449.16,-16,4616,180435358,-99854918,0.0103394369079258,99.7411244640865,0.247427101200686
420.96,421,5245,4651,26225,18604,2023-08-30,2023-09-01,449.16,-594,-7621,21220665,-27156980,0.0876692601292184,98.9087712378476,-0.409643087508063
249.99,250,18043,18313,18043,18313,2023-08-30,2023-09-15,449.16,270,270,256608621,-212570102,0.00713654900939591,99.886151525673,0.0147436247474472
448.6,485,5,5,18200,18200,2023-08-30,2023-12-15,449.16,0,0,465107462,-111417443,0.00391307417897329,99.9762502197825,0
340.9,341,1811,1811,18110,18110,2023-08-30,2023-09-29,449.16,0,0,180435358,-99854918,0.0100368354632577,99.7511612995497,0
264.87,265,1376,1382,22016,17966,2023-08-30,2023-11-17,449.16,6,-4050,295018058,-71005898,0.00608979671339305,99.9584822024691,-0.225425804297005
371.82,372,984,984,25584,17712,2023-08-30,2023-09-29,449.16,0,-7872,180435358,-99854918,0.00981625785340809,99.7609775574031,-0.444444444444444
409.97,410,5864,5847,17592,17541,2023-08-30,2023-09-01,449.16,-17,-51,21220665,-27156980,0.0826599920407772,98.9914312298884,-0.00290747391824867
294.97,295,5828,5823,23312,17469,2023-08-30,2023-09-29,449.16,-5,-5843,180435358,-99854918,0.0096815835840778,99.7706591409872,-0.33447821855859
355.87,356,1343,1342,20145,17446,2023-08-30,2023-09-29,449.16,-1,-2699,180435358,-99854918,0.00966883663677493,99.780327977624,-0.154705949787917
219.95,220,3742,3468,22452,17340,2023-08-30,2023-11-17,449.16,-274,-5112,295018058,-71005898,0.00587760631249223,99.9643598087816,-0.294809688581315
194.94,195,2598,2865,20784,17190,2023-08-30,2023-12-15,449.16,267,-3594,465107462,-111417443,0.00369592006244785,99.979946139845,-0.209075043630017
444.11,530,0,2,0,17178,2023-08-30,2023-09-29,449.16,2,17178,180435358,-99854918,0.00952030698994152,99.7898482846139,1
358.88,359,1408,1408,42240,16896,2023-08-30,2023-09-29,449.16,0,-25344,180435358,-99854918,0.00936401833170636,99.7992123029456,-1.5
438.87,495,3,3,16839,16839,2023-08-30,2023-11-17,449.16,0,0,295018058,-71005898,0.00570778619931123,99.9700675949809,0
314.95,315,3365,3365,16825,16825,2023-08-30,2023-09-29,449.16,0,0,180435358,-99854918,0.00932466905959751,99.8085369720052,0
415.88,416,1398,1391,25164,16692,2023-08-30,2023-09-08,449.16,-7,-8472,30609584,-27922402,0.0545319400616487,99.5138058720432,-0.507548526240115
366.94,367,2752,2753,22016,16518,2023-08-30,2023-09-15,449.16,1,-5498,256608621,-212570102,0.00643704016475736,99.8925885658378,-0.332849013197724
269.95,270,3259,3253,22813,16265,2023-08-30,2023-10-20,449.16,-6,-6548,439236584,-173917488,0.00370301577611759,99.9662186608755,-0.402582231786044
334.92,335,2099,2032,18891,16256,2023-08-30,2023-09-29,449.16,-67,-2635,180435358,-99854918,0.00900932066762658,99.8175462926729,-0.162093996062992
449.1,530,2,2,16688,16180,2023-08-30,2023-09-15,449.16,0,-507.999999999998,256608621,-212570102,0.00630532206476415,99.8988938879025,-0.0313967861557477
234.93,235,2300,2305,18400,16135,2023-08-30,2023-11-17,449.16,5,-2265,295018058,-71005898,0.00546915673887325,99.9755367517198,-0.140378060117756
169.97,170,5286,5302,26430,15906,2023-08-30,2023-12-15,449.16,16,-10524,465107462,-111417443,0.00341985482916204,99.9833659946741,-0.661637118068653
448.79,457,6,19,9618,15599,2023-08-30,2023-09-08,449.16,13,5981,30609584,-27922402,0.0509611630135189,99.5647670350567,0.383422014231682
363.95,364,3097,3098,21679,15490,2023-08-30,2023-09-15,449.16,1,-6189,256608621,-212570102,0.00603643008548805,99.904930317988,-0.399548095545513
449.01,460,16,14,31664,15386,2023-08-30,2023-09-01,449.16,-2,-16278,21220665,-27156980,0.072504796621595,99.06393602651,-1.0579747822696
325.93,326,2186,2187,19674,15309,2023-08-30,2023-09-29,449.16,1,-4365,180435358,-99854918,0.00848447896780852,99.8260307716407,-0.285126396237507
448.5,479,3,5,11958,15250,2023-08-30,2023-12-15,449.16,2,3292,465107462,-111417443,0.00327881215545839,99.9866448068296,0.215868852459016
446.25,468,7,7,15225,15225,2023-08-30,2023-09-29,449.16,0,0,180435358,-99854918,0.00843792489939804,99.8344686965401,0
436.88,467,5,5,15060,15060,2023-08-30,2023-09-15,449.16,0,0,256608621,-212570102,0.00586885972159135,99.9107991777096,0
440.16,590,1,1,14984,14984,2023-08-30,2023-12-15,449.16,0,0,465107462,-111417443,0.00322162107130416,99.9898664279009,0
199.99,200,14758,14758,14758,14758,2023-08-30,2023-09-15,449.16,0,0,256608621,-212570102,0.00575117076834297,99.916550348478,0
370.83,371,860,860,25800,14620,2023-08-30,2023-09-29,449.16,0,-11180,180435358,-99854918,0.00810262476382262,99.8425713213039,-0.764705882352941
443.64,480,4,4,14544,14544,2023-08-30,2023-11-17,449.16,0,0,295018058,-71005898,0.00492986771677549,99.9804666194366,0
406.64,407,349,401,21289,14436,2023-08-30,2023-09-22,449.16,52,-6853,23309791,-12618803,0.0619310572111093,99.3009761434583,-0.474715987808257
304.99,305,14348,14350,28696,14350,2023-08-30,2023-09-15,449.16,2,-14346,256608621,-212570102,0.00559217377190145,99.9221425222499,-0.9997212543554
408.91,409,1574,1575,22036,14175,2023-08-30,2023-09-08,449.16,1,-7861,30609584,-27922402,0.0463090253039702,99.6110760603607,-0.554567901234568
410.56,411,303,316,21210,13904,2023-08-30,2023-09-22,449.16,13,-7306,23309791,-12618803,0.0596487544654519,99.3606248979238,-0.525460299194477
327.91,328,1487,1487,13383,13383,2023-08-30,2023-09-29,449.16,0,0,180435358,-99854918,0.00741706068496841,99.8499883819889,0
449,456,9,19,11457,13300,2023-08-30,2023-09-01,449.16,10,1843,21220665,-27156980,0.0626747559513333,99.1266107824613,0.138571428571429
436.52,463,5,5,13240,13240,2023-08-30,2023-09-08,449.16,0,0,30609584,-27922402,0.0432544264567594,99.6543304868175,0
405.65,406,351,366,22113,12810,2023-08-30,2023-09-22,449.16,15,-9303,23309791,-12618803,0.0549554476914872,99.4155803456153,-0.726229508196721
447.53,490,2,3,8372,12741,2023-08-30,2023-12-15,449.16,1,4369,465107462,-111417443,0.00273936692935707,99.9926057948303,0.3429087198807
411.91,412,1418,1406,18434,12654,2023-08-30,2023-09-08,449.16,-12,-5780,30609584,-27922402,0.0413399933824648,99.6956704801999,-0.45677256203572
350.87,351,964,964,12532,12532,2023-08-30,2023-09-29,449.16,0,0,180435358,-99854918,0.00694542363476232,99.8569338056236,0
347.95,348,2484,2482,12420,12410,2023-08-30,2023-09-15,449.16,-2,-10,256608621,-212570102,0.00483615864176286,99.9269786808916,-0.0008058017727639
239.96,240,3067,3067,9201,12268,2023-08-30,2023-10-20,449.16,0,3067,439236584,-173917488,0.00279302782301941,99.9690116886985,0.25
337.9,338,1224,1224,12240,12240,2023-08-30,2023-09-29,449.16,0,0,180435358,-99854918,0.00678359282552592,99.8637173984491,0
446.8,459,9,10,16506,12200,2023-08-30,2023-09-22,449.16,1,-4306,23309791,-12618803,0.0523385216109402,99.4679188672262,-0.352950819672131
443.53,474,4,4,12188,12188,2023-08-30,2023-10-20,449.16,0,0,439236584,-173917488,0.0027748144038931,99.9717865031024,0
437.02,467,4,4,11992,11992,2023-08-30,2023-09-29,449.16,0,0,180435358,-99854918,0.006646147480695,99.8703635459298,0
444.5,484,1,3,4330,11850,2023-08-30,2023-10-20,449.16,2,7520,439236584,-173917488,0.00269786270808444,99.9744843658105,0.634599156118143
343.73,344,435,435,11745,11745,2023-08-30,2023-09-29,449.16,0,0,180435358,-99854918,0.0065092563509642,99.8768728022808,0
347.85,348,781,781,11715,11715,2023-08-30,2023-09-29,449.16,0,0,180435358,-99854918,0.00649262989796046,99.8833654321788,0
441.92,500,2,2,11616,11616,2023-08-30,2023-09-15,449.16,0,0,256608621,-212570102,0.004526738016335,99.931505418908,0
445.4,484,0,3,0,11580,2023-08-30,2023-09-29,449.16,3,11580,180435358,-99854918,0.00641781085944364,99.8897832430382,1
224.94,225,1871,1871,11226,11226,2023-08-30,2023-11-17,449.16,0,0,295018058,-71005898,0.00380519079954082,99.9842718102361,0
442.81,480,3,3,11157,11157,2023-08-30,2023-09-08,449.16,0,0,30609584,-27922402,0.0364493682762889,99.7321198484762,0
353.87,354,857,855,22282,11115,2023-08-30,2023-09-29,449.16,-2,-11167,180435358,-99854918,0.00616010083788567,99.8959433438761,-1.0046783625731
336.91,337,1230,1230,11070,11070,2023-08-30,2023-09-29,449.16,0,0,180435358,-99854918,0.00613516115838006,99.9020785050345,0
341.85,342,737,737,11055,11055,2023-08-30,2023-09-29,449.16,0,0,180435358,-99854918,0.00612684793187819,99.9082053529663,0
442.5,550,1,1,10750,10750,2023-08-30,2023-10-20,449.16,0,0,439236584,-173917488,0.0024474281950977,99.9769317940056,0
299.99,300,10703,10652,10703,10652,2023-08-30,2023-09-01,449.16,-51,-51,21220665,-27156980,0.0501963534130528,99.1768071358744,-0.00478783327074728
450.31,555,1,1,10469,10469,2023-08-30,2023-12-15,449.16,0,0,465107462,-111417443,0.00225087766921271,99.9948566724995,0
435.56,540,1,1,10444,10444,2023-08-30,2023-12-15,449.16,0,0,465107462,-111417443,0.00224550256731852,99.9971021750668,0
407.61,408,253,267,15180,10413,2023-08-30,2023-09-22,449.16,14,-4767,23309791,-12618803,0.044672215207764,99.512591082434,-0.457793143186401
309.95,310,1513,2044,9078,10220,2023-08-30,2023-09-29,449.16,531,1142,180435358,-99854918,0.00566407832327409,99.9138694312896,0.11174168297456
448.76,550,0,1,0,10124,2023-08-30,2023-09-29,449.16,1,10124,180435358,-99854918,0.00561087367366212,99.9194803049633,1
254.96,255,2517,2512,12585,10048,2023-08-30,2023-10-20,449.16,-5,-2537,439236584,-173917488,0.00228760544226435,99.9792193994478,-0.252488057324841
440.96,465,4,4,9616,9616,2023-08-30,2023-09-01,449.16,0,0,21220665,-27156980,0.0453143197915805,99.222121455666,0
398.71,399,330,331,15180,9599,2023-08-30,2023-09-22,449.16,1,-5581,23309791,-12618803,0.041180120405198,99.5537712028392,-0.581414730701115
259.87,260,735,735,9555,9555,2023-08-30,2023-11-17,449.16,0,0,295018058,-71005898,0.00323878479330238,99.9875105950294,0
346.88,347,789,789,9468,9468,2023-08-30,2023-09-29,449.16,0,0,180435358,-99854918,0.00524730856798034,99.9247276135313,0
234.98,235,4731,4731,9462,9462,2023-08-30,2023-09-15,449.16,0,0,256608621,-212570102,0.00368732740276875,99.9351927463107,0
444.92,492,2,2,9826,9416,2023-08-30,2023-12-15,449.16,0,-410,465107462,-111417443,0.00202447837742926,99.9991266534443,-0.0435429056924384
442.29,461,5,5,9355,9355,2023-08-30,2023-09-01,449.16,0,0,21220665,-27156980,0.0440843866108814,99.2662058422769,0
417.97,418,3075,3066,12300,9198,2023-08-30,2023-09-01,449.16,-9,-3102,21220665,-27156980,0.0433445417473958,99.3095503840243,-0.337247227658187
448.1,540,0,1,0,9190,2023-08-30,2023-09-29,449.16,1,9190,180435358,-99854918,0.00509323677014568,99.9298208503014,1
348.88,349,760,760,9120,9120,2023-08-30,2023-09-29,449.16,0,0,180435358,-99854918,0.00505444171313696,99.9348752920146,0
234.98,235,4541,4541,22705,9082,2023-08-30,2023-10-20,449.16,0,-13623,439236584,-173917488,0.00206767840631417,99.9812870778542,-1.5
326.93,327,1398,1294,9786,9058,2023-08-30,2023-09-29,449.16,-104,-728,180435358,-99854918,0.00502008037692923,99.9398953723915,-0.080370942812983
446.26,461,6,6,8844,8844,2023-08-30,2023-09-22,449.16,0,0,23309791,-12618803,0.0379411381251767,99.5917123409644,0
149.99,150,8539,8812,8539,8812,2023-08-30,2023-10-20,449.16,273,273,439236584,-173917488,0.00200620811676288,99.9832932859709,0.0309804811620517
244.99,245,8734,8734,8734,8734,2023-08-30,2023-09-15,449.16,0,0,256608621,-212570102,0.00340362687970643,99.9385963731904,0
239.91,240,943,943,8487,8487,2023-08-30,2023-11-17,449.16,0,0,295018058,-71005898,0.00287677305502431,99.9903873680844,0
289.99,290,8492,8449,16984,8449,2023-08-30,2023-09-15,449.16,-43,-8535,256608621,-212570102,0.00329256280130978,99.9418889359917,-1.01017871937507
331.91,332,938,938,8442,8442,2023-08-30,2023-09-29,449.16,0,0,180435358,-99854918,0.00467868387525243,99.9445740562667,0
436,464,3,3,8400,8400,2023-08-30,2023-09-22,449.16,0,0,23309791,-12618803,0.0360363591419588,99.6277487001063,0
269.99,270,8347,8347,8347,8347,2023-08-30,2023-09-15,449.16,0,0,256608621,-212570102,0.0032528135521994,99.945141749544,0
441.79,525,1,1,8321,8321,2023-08-30,2023-09-29,449.16,0,0,180435358,-99854918,0.00461162384813735,99.9491856801149,0
413.97,414,2769,2765,8307,8295,2023-08-30,2023-09-01,449.16,-4,-12,21220665,-27156980,0.0390892556854368,99.3486396397097,-0.00144665461121157
304.96,305,2062,2065,10310,8260,2023-08-30,2023-09-29,449.16,3,-2050,180435358,-99854918,0.00457781672702974,99.9537634968419,-0.24818401937046
349.97,350,2750,2750,8250,8250,2023-08-30,2023-09-01,449.16,0,0,21220665,-27156980,0.0388771982404887,99.3875168379502,0
442.5,470,3,3,8250,8250,2023-08-30,2023-09-22,449.16,0,0,23309791,-12618803,0.0353928527287096,99.663141552835,0
352.94,353,1340,1340,8040,8040,2023-08-30,2023-09-15,449.16,0,0,256608621,-212570102,0.00313317610634757,99.9482749256503,0
169.98,170,3883,3883,7766,7766,2023-08-30,2023-10-20,449.16,0,0,439236584,-173917488,0.0017680676616864,99.9850613536326,0
398.61,399,198,199,12672,7761,2023-08-30,2023-09-29,449.16,1,-4911,180435358,-99854918,0.00430126339206753,99.958064760234,-0.632779281020487
446.74,466,3,4,7323,7704,2023-08-30,2023-11-17,449.16,1,381.000000000001,295018058,-71005898,0.00261136557274742,99.9929987336572,0.0494548286604363
357.95,358,1508,1507,9048,7535,2023-08-30,2023-09-15,449.16,-1,-1513,256608621,-212570102,0.00293637835339913,99.9512113040037,-0.200796284007962
401.71,402,241,258,12050,7482,2023-08-30,2023-09-22,449.16,17,-4568,23309791,-12618803,0.0320980998928733,99.6952396527279,-0.610531943330661
362.85,363,458,491,9618,7365,2023-08-30,2023-09-29,449.16,33,-2253,180435358,-99854918,0.00408179421241817,99.9621465544464,-0.305906313645621
397.73,398,258,271,10836,7317,2023-08-30,2023-09-22,449.16,13,-3519,23309791,-12618803,0.0313902428382992,99.7266298955662,-0.480934809348094
214.99,215,7021,7021,7021,7021,2023-08-30,2023-09-15,449.16,0,0,256608621,-212570102,0.00273607331376447,99.9539473773175,0
314.99,315,6860,6860,6860,6860,2023-08-30,2023-09-01,449.16,0,0,21220665,-27156980,0.0323269793854245,99.4198438173356,0
384.96,385,1716,1715,8580,6860,2023-08-30,2023-09-08,449.16,-1,-1720,30609584,-27922402,0.0224112813816744,99.7545311298579,-0.250728862973761
294.99,295,6819,6675,20457,6675,2023-08-30,2023-09-15,449.16,-144,-13782,256608621,-212570102,0.00260123762560573,99.9565486149431,-2.0647191011236
254.9,255,432,657,5184,6570,2023-08-30,2023-11-17,449.16,225,1386,295018058,-71005898,0.00222698232255329,99.9952257159797,0.210958904109589
289.97,290,2146,2154,6438,6462,2023-08-30,2023-09-29,449.16,8,24,180435358,-99854918,0.00358133797700559,99.9657278924234,0.00371402042711235
415.97,416,2269,2147,6807,6441,2023-08-30,2023-09-01,449.16,-122,-365.999999999999,21220665,-27156980,0.0303524889535743,99.4501963062892,-0.0568234746157428
214.98,215,3211,3211,6422,6422,2023-08-30,2023-10-20,449.16,0,0,439236584,-173917488,0.00146208222036441,99.986523435853,0
440.5,504,1,1,6350,6350,2023-08-30,2023-09-29,449.16,0,0,180435358,-99854918,0.00351926588579163,99.9692471583092,0
355.95,356,1225,1235,8575,6175,2023-08-30,2023-09-15,449.16,10,-2400,256608621,-212570102,0.00240638836526073,99.9589550033083,-0.388663967611336
402.65,403,173,174,8996,6090,2023-08-30,2023-09-22,449.16,1,-2906,23309791,-12618803,0.0261263603779202,99.7527562559441,-0.477175697865353
411.97,412,2160,2025,8640,6075,2023-08-30,2023-09-01,449.16,-135,-2565,21220665,-27156980,0.0286277550679962,99.4788240613572,-0.422222222222222
169.99,170,5919,5919,5919,5919,2023-08-30,2023-09-15,449.16,0,0,256608621,-212570102,0.00230662554396409,99.9612616288523,0
244.94,245,982,982,5892,5892,2023-08-30,2023-10-20,449.16,0,0,439236584,-173917488,0.00134141831865262,99.9878648541716,0
436.22,495,1,1,5878,5878,2023-08-30,2023-10-20,449.16,0,0,439236584,-173917488,0.00133823097030552,99.9892030851419,0
438.17,496,1,1,5783,5783,2023-08-30,2023-09-15,449.16,0,0,256608621,-212570102,0.00225362654515025,99.9635152553974,0
332.92,333,721,721,5768,5768,2023-08-30,2023-09-29,449.16,0,0,180435358,-99854918,0.00319671269751908,99.9724438710067,0
436.74,494,1,1,5726,5726,2023-08-30,2023-09-15,449.16,0,0,256608621,-212570102,0.00223141372947092,99.9657466691269,0
219.98,220,2832,2834,5664,5668,2023-08-30,2023-10-20,449.16,2,4,439236584,-173917488,0.00129042074509896,99.990493505887,0.000705716302046577
174.99,175,5624,5624,5624,5624,2023-08-30,2023-09-15,449.16,0,0,256608621,-212570102,0.00219166448036054,99.9679383336073,0
199.99,200,5618,5624,5618,5624,2023-08-30,2023-10-20,449.16,6,6,439236584,-173917488,0.00128040336457949,99.9917739092516,0.00106685633001422
442.12,498,1,1,5588,5588,2023-08-30,2023-09-29,449.16,0,0,180435358,-99854918,0.00309695397949664,99.9755408249862,0
401.97,402,1841,1841,5523,5523,2023-08-30,2023-09-01,449.16,0,0,21220665,-27156980,0.0260265170766326,99.5048505784338,0
324.99,325,5510,5516,5510,5516,2023-08-30,2023-09-08,449.16,6,6,30609584,-27922402,0.0180204997232239,99.7725516295811,0.00108774474256708
435.68,490,1,1,5432,5432,2023-08-30,2023-10-20,449.16,0,0,439236584,-173917488,0.00123669115867635,99.9930106004103,0
448.2,459,1,5,1822,5400,2023-08-30,2023-09-01,449.16,4,3578,21220665,-27156980,0.0254468933937744,99.5302974718276,0.662592592592593
416.96,417,1359,1330,5436,5320,2023-08-30,2023-09-01,449.16,-29,-116,21220665,-27156980,0.0250699023805333,99.5553673742081,-0.0218045112781955
330.93,331,755,755,6040,5285,2023-08-30,2023-09-29,449.16,0,-754.999999999999,180435358,-99854918,0.00292902680415886,99.9784698517904,-0.142857142857143
314.96,315,1204,1298,4816,5192,2023-08-30,2023-09-22,449.16,94,376,23309791,-12618803,0.0222739019839346,99.7750301579281,0.0724191063174114
309.99,310,5180,5180,5180,5180,2023-08-30,2023-09-01,449.16,0,0,21220665,-27156980,0.0244101681073614,99.5797775423155,0
354.99,355,5122,5122,5122,5122,2023-08-30,2023-09-01,449.16,0,0,21220665,-27156980,0.0241368496227616,99.6039143919382,0
254.99,255,5105,5105,5105,5105,2023-08-30,2023-09-15,449.16,0,0,256608621,-212570102,0.00198941094812243,99.9699277445554,0
264.98,265,2543,2546,5086,5092,2023-08-30,2023-09-29,449.16,3,6,180435358,-99854918,0.0028220632898348,99.9812919150802,0.0011783189316575
449.19,457.5,5,6,8370,4986,2023-08-30,2023-09-01,449.16,1,-3384,21220665,-27156980,0.0234959649002517,99.6274103568385,-0.67870036101083
259.99,260,4961,4947,4961,4947,2023-08-30,2023-09-15,449.16,-14,-14,256608621,-212570102,0.00192783858185341,99.9718555831372,-0.00282999797857287
443.3,468,1,2,2609,4940,2023-08-30,2023-09-22,449.16,1,2331,23309791,-12618803,0.0211928112096758,99.7962229691377,0.471862348178138
264.99,265,4869,4869,4869,4869,2023-08-30,2023-09-15,449.16,0,0,256608621,-212570102,0.00189744209723959,99.9737530252345,0
159.99,160,4863,4863,4863,4863,2023-08-30,2023-09-15,449.16,0,0,256608621,-212570102,0.00189510390611545,99.9756481291406,0
437.37,486,1,1,4863,4863,2023-08-30,2023-09-29,449.16,0,0,180435358,-99854918,0.00269514803190625,99.9839870631121,0
447.86,464,2,3,4382,4842,2023-08-30,2023-09-08,449.16,1,460,30609584,-27922402,0.0158185749927212,99.7883702045738,0.0950020652622883
229.99,230,4838,4838,4838,4838,2023-08-30,2023-09-15,449.16,0,0,256608621,-212570102,0.0018853614430982,99.9775334905837,0
437.31,485,1,1,4769,4769,2023-08-30,2023-11-17,449.16,0,0,295018058,-71005898,0.00161651121708624,99.9968422271968,0
159.99,160,4707,4707,4707,4707,2023-08-30,2023-10-20,449.16,0,0,439236584,-173917488,0.00107163204784418,99.9940822324581,0
184.99,185,4646,4646,4646,4646,2023-08-30,2023-09-15,449.16,0,0,256608621,-212570102,0.00181053932712572,99.9793440299108,0
412.97,413,1517,1507,4551,4521,2023-08-30,2023-09-01,449.16,-10,-30,21220665,-27156980,0.0213047046357878,99.6487150614743,-0.006635700066357
374.99,375,4503,4503,4503,4503,2023-08-30,2023-09-01,449.16,0,0,21220665,-27156980,0.0212198816578086,99.6699349431321,0
369.97,370,1492,1500,7460,4500,2023-08-30,2023-09-08,449.16,8,-2960,30609584,-27922402,0.0147012778742762,99.8030714824481,-0.657777777777778
154.99,155,4485,4485,4485,4485,2023-08-30,2023-09-15,449.16,0,0,256608621,-212570102,0.00174779786529464,99.9810918277761,0
439.72,462,2,2,4456,4456,2023-08-30,2023-09-22,449.16,0,0,23309791,-12618803,0.0191164305162582,99.815339399654,0
410.9,411,446,444,6244,4440,2023-08-30,2023-09-08,449.16,-2,-1804,30609584,-27922402,0.0145052608359526,99.8175767432841,-0.406306306306306
403.68,404,137,138,6713,4416,2023-08-30,2023-09-22,449.16,1,-2297,23309791,-12618803,0.0189448288060584,99.8342842284601,-0.520153985507246
442.03,486,1,1,4397,4397,2023-08-30,2023-09-08,449.16,0,0,30609584,-27922402,0.0143647819584873,99.8319415252426,0
442.2,485,1,1,4280,4280,2023-08-30,2023-09-22,449.16,0,0,23309791,-12618803,0.018361382991379,99.8526456114514,0
164.99,165,4248,4248,4248,4248,2023-08-30,2023-09-15,449.16,0,0,256608621,-212570102,0.00165543931589111,99.982747267092,0
442.79,485,1,1,4221,4221,2023-08-30,2023-09-01,449.16,0,0,21220665,-27156980,0.0198909883361337,99.6898259314682,0
448,469,0,2,0,4200,2023-08-30,2023-09-15,449.16,2,4200,256608621,-212570102,0.00163673378689799,99.9843840008789,1
284.99,285,4053,4085,4053,4085,2023-08-30,2023-09-15,449.16,32,32,256608621,-212570102,0.00159191845701864,99.9859759193359,0.00783353733170135
407.91,408,466,452,4660,4068,2023-08-30,2023-09-08,449.16,-14,-592,30609584,-27922402,0.0132899551983457,99.8452314804409,-0.145526057030482
339.98,340,2031,2031,4062,4062,2023-08-30,2023-09-08,449.16,0,0,30609584,-27922402,0.0132703534945134,99.8585018339354,0
440.38,481,1,1,4062,4062,2023-08-30,2023-12-15,449.16,0,0,465107462,-111417443,0.000873346555768654,100,0
224.98,225,2018,2013,8072,4026,2023-08-30,2023-10-20,449.16,-5,-4046,439236584,-173917488,0.000916590317531474,99.9949988227757,-1.00496770988574
189.99,190,3963,3963,3963,3963,2023-08-30,2023-09-15,449.16,0,0,256608621,-212570102,0.00154437523749446,99.9875202945734,0
219.99,220,3932,3932,3932,3932,2023-08-30,2023-09-15,449.16,0,0,256608621,-212570102,0.00153229458335307,99.9890525891568,0
194.98,195,1951,1951,3902,3902,2023-08-30,2023-10-20,449.16,0,0,439236584,-173917488,0.000888359517885696,99.9958871822935,0
244.93,245,473,538,8041,3766,2023-08-30,2023-11-17,449.16,65,-4275,295018058,-71005898,0.00127653202842248,99.9981187592252,-1.13515666489644
406.92,407,455,468,5005,3744,2023-08-30,2023-09-08,449.16,13,-1261,30609584,-27922402,0.0122314631913978,99.8707332971268,-0.336805555555556
363.86,364,267,267,4806,3738,2023-08-30,2023-09-29,449.16,0,-1068,180435358,-99854918,0.002071656044266,99.9860587191564,-0.285714285714285
179.99,180,3733,3733,3733,3733,2023-08-30,2023-09-15,449.16,0,0,256608621,-212570102,0.00145474457773576,99.9905073337345,0
448.77,458,3,4,4542,3692,2023-08-30,2023-09-08,449.16,1,-850,30609584,-27922402,0.012061581758184,99.882794878885,-0.230227518959913
395.98,396,1766,1828,12362,3656,2023-08-30,2023-09-01,449.16,62,-8706,21220665,-27156980,0.0172284893051184,99.7070544207733,-2.38129102844639
441.61,478,1,1,3639,3639,2023-08-30,2023-10-20,449.16,0,0,439236584,-173917488,0.000828482902507957,99.9967156651961,0
339.99,340,3576,3576,3576,3576,2023-08-30,2023-09-01,449.16,0,0,21220665,-27156980,0.0168514982918773,99.7239059190652,0
438.39,474,1,1,3561,3561,2023-08-30,2023-09-29,449.16,0,0,180435358,-99854918,0.00197355997154394,99.9880322791279,0
279.99,280,3469,3469,3469,3469,2023-08-30,2023-09-15,449.16,0,0,256608621,-212570102,0.0013518641682736,99.9918591979028,0
354.98,355,1687,1718,3374,3436,2023-08-30,2023-09-08,449.16,31,62,30609584,-27922402,0.0112252423946696,99.8940201212797,0.0180442374854482
209.99,210,3415,3415,3415,3415,2023-08-30,2023-09-15,449.16,0,0,256608621,-212570102,0.00133082044815634,99.993190018351,0
442.14,476,1,1,3386,3386,2023-08-30,2023-09-22,449.16,0,0,23309791,-12618803,0.0145260847684134,99.8671716962198,0
204.99,205,3384,3384,3384,3384,2023-08-30,2023-09-15,449.16,0,0,256608621,-212570102,0.00131873979401495,99.994508758145,0
254.97,255,1117,1117,3351,3351,2023-08-30,2023-09-29,449.16,0,0,180435358,-99854918,0.00185717480051776,99.9898894539284,0
446.78,480,1,1,3322,3322,2023-08-30,2023-09-29,449.16,0,0,180435358,-99854918,0.00184110256261414,99.991730556491,0
274.99,275,3290,3290,3290,3290,2023-08-30,2023-09-15,449.16,0,0,256608621,-212570102,0.00128210813307009,99.995790866278,0
239.99,240,3270,3271,3270,3271,2023-08-30,2023-09-15,449.16,1,0.999999999999545,256608621,-212570102,0.00127470386117698,99.9970655701392,0.000305716906144771
279.98,280,1679,1632,3358,3264,2023-08-30,2023-09-29,449.16,-47,-94,180435358,-99854918,0.00180895808680691,99.9935395145778,-0.0287990196078431
329.99,330,3237,3238,6474,3238,2023-08-30,2023-09-08,449.16,1,-3236,30609584,-27922402,0.0105783861682014,99.9045985074479,-0.999382334774552
189.99,190,2343,3186,4686,3186,2023-08-30,2023-10-20,449.16,843,-1500,439236584,-173917488,0.000725349416705235,99.9974410146127,-0.470809792843691
436.61,468,1,1,3139,3139,2023-08-30,2023-11-17,449.16,0,0,295018058,-71005898,0.0010640026652199,99.9991827618905,0
319.98,320,1542,1542,3084,3084,2023-08-30,2023-09-08,449.16,0,0,30609584,-27922402,0.0100752757698373,99.9146737832177,0
393.79,394,145,146,6525,3066,2023-08-30,2023-09-22,449.16,1,-3459,23309791,-12618803,0.013153271086815,99.8803249673067,-1.12818003913894
359.9,360,168,303,1848,3030,2023-08-30,2023-09-22,449.16,135,1182,23309791,-12618803,0.0129988295476352,99.8933237968543,0.39009900990099
410.97,411,849,1006,3396,3018,2023-08-30,2023-09-01,449.16,157,-378,21220665,-27156980,0.0142219859745206,99.7381279050397,-0.125248508946322
194.99,195,3004,3004,3004,3004,2023-08-30,2023-09-15,449.16,0,0,256608621,-212570102,0.00117065435615275,99.9982362244954,0
359.99,360,2873,2873,2873,2873,2023-08-30,2023-09-01,449.16,0,0,21220665,-27156980,0.0135386897630211,99.7516665948028,0
319.99,320,2806,2806,2806,2806,2023-08-30,2023-09-01,449.16,0,0,21220665,-27156980,0.0132229597894317,99.7648895545922,0
329.99,330,2791,2791,2791,2791,2023-08-30,2023-09-01,449.16,0,0,21220665,-27156980,0.013152273974449,99.7780418285667,0
274.97,275,922,922,2766,2766,2023-08-30,2023-09-29,449.16,0,0,180435358,-99854918,0.00153295896694483,99.9950724735448,0
309.99,310,2728,2728,2728,2728,2023-08-30,2023-09-08,449.16,0,0,30609584,-27922402,0.00891224134245013,99.9235860245602,0
442.97,470,1,1,2703,2703,2023-08-30,2023-09-01,449.16,0,0,21220665,-27156980,0.0127375838598838,99.7907794124265,0
396.75,397,62,107,2542,2675,2023-08-30,2023-09-22,449.16,45,133,23309791,-12618803,0.0114758643696119,99.9047996612239,0.0497196261682243
154.99,155,2672,2672,2672,2672,2023-08-30,2023-10-20,449.16,0,0,439236584,-173917488,0.000608328198818703,99.9980493428116,0
439.08,465,1,1,2592,2592,2023-08-30,2023-09-22,449.16,0,0,23309791,-12618803,0.0111197908209473,99.9159194520449,0
389.98,390,1357,1285,2714,2570,2023-08-30,2023-09-01,449.16,-72,-144,21220665,-27156980,0.0121108363003704,99.8028902487269,-0.0560311284046693
334.99,335,2545,2545,2545,2545,2023-08-30,2023-09-01,449.16,0,0,21220665,-27156980,0.0119930266087326,99.8148832753356,0
440.76,466,1,1,2524,2524,2023-08-30,2023-09-01,449.16,0,0,21220665,-27156980,0.0118940664677568,99.8267773418034,0
224.99,225,2522,2522,2522,2522,2023-08-30,2023-09-15,449.16,0,0,256608621,-212570102,0.000982819669180171,99.9992190441645,0
393.98,394,1235,1230,3705,2460,2023-08-30,2023-09-01,449.16,-5,-1245,21220665,-27156980,0.0115924736571639,99.8383698154606,-0.50609756097561
447.89,472,0,1,0,2411,2023-08-30,2023-11-17,449.16,1,2411,295018058,-71005898,0.000817238109539722,100,1
447.2,471,1,1,2380,2380,2023-08-30,2023-09-29,449.16,0,0,180435358,-99854918,0.00131903193829671,99.9963915054831,0
400.98,401,1179,1179,2358,2358,2023-08-30,2023-09-01,449.16,0,0,21220665,-27156980,0.0111118101152815,99.8494816255758,0
284.99,285,2338,2337,7014,2337,2023-08-30,2023-09-29,449.16,-1,-4677,180435358,-99854918,0.00129520068899134,99.9976867061721,-2.0012836970475
440.67,464,1,1,2333,2333,2023-08-30,2023-09-01,449.16,0,0,21220665,-27156980,0.0109940004236437,99.8604756259995,0
299.97,300,613,766,1839,2298,2023-08-30,2023-09-22,449.16,153,459,23309791,-12618803,0.00985851825097874,99.9257779702958,0.199738903394256
397.98,398,787,1144,2361,2288,2023-08-30,2023-09-01,449.16,357,-73,21220665,-27156980,0.0107819429786955,99.8712575689782,-0.0319055944055944
447.35,469,0,1,0,2165,2023-08-30,2023-09-22,449.16,1,2165,23309791,-12618803,0.00928794256456439,99.9350659128604,1
395.77,396,79,93,3002,2139,2023-08-30,2023-09-22,449.16,14,-863,23309791,-12618803,0.00917640145293452,99.9442423143133,-0.403459560542309
396.92,397,267,267,2136,2136,2023-08-30,2023-09-08,449.16,0,0,30609584,-27922402,0.00697820656432312,99.9305642311245,0
441.81,463,1,1,2119,2119,2023-08-30,2023-09-22,449.16,0,0,23309791,-12618803,0.00909060059783462,99.9533329149112,0
400.73,401,66,78,3168,2106,2023-08-30,2023-09-22,449.16,12,-1062,23309791,-12618803,0.00903483004201968,99.9623677449532,-0.504273504273504
344.98,345,1019,1019,2038,2038,2023-08-30,2023-09-08,449.16,0,0,30609584,-27922402,0.00665804540172777,99.9372222765262,0
304.99,305,2015,2015,2015,2015,2023-08-30,2023-09-08,449.16,0,0,30609584,-27922402,0.00658290553703703,99.9438051820633,0
442.96,463,1,1,2004,2004,2023-08-30,2023-09-15,449.16,0,0,256608621,-212570102,0.000780955835462753,100,0
229.98,230,1001,1000,3003,2000,2023-08-30,2023-10-20,449.16,-1,-1003,439236584,-173917488,0.000455335478157712,99.9985046782897,-0.5015
405.97,406,653,653,1959,1959,2023-08-30,2023-09-01,449.16,0,0,21220665,-27156980,0.0092315674367415,99.8804891364149,0
269.98,270,968,968,1936,1936,2023-08-30,2023-09-29,449.16,0,0,180435358,-99854918,0.00107296043384135,99.9987596666059,0
204.98,205,964,964,1928,1928,2023-08-30,2023-10-20,449.16,0,0,439236584,-173917488,0.000438943400944034,99.9989436216907,0
398.98,399,921,952,2763,1904,2023-08-30,2023-09-01,449.16,31,-859,21220665,-27156980,0.00897238611513824,99.8894615225301,-0.451155462184874
405.92,406,229,230,2519,1840,2023-08-30,2023-09-08,449.16,1,-679,30609584,-27922402,0.00601118917525962,99.9498163712385,-0.369021739130435
408.98,409,909,909,2727,1818,2023-08-30,2023-09-01,449.16,0,-909,21220665,-27156980,0.00856712077590405,99.898028643306,-0.5
407.98,408,912,906,2736,1812,2023-08-30,2023-09-01,449.16,-6,-924,21220665,-27156980,0.00853884644991097,99.9065674897559,-0.509933774834437
209.99,210,1778,1778,3556,1778,2023-08-30,2023-10-20,449.16,0,-1778,439236584,-173917488,0.000404793240082206,99.9993484149308,-1
440.77,457.5,1,1,1673,1673,2023-08-30,2023-09-08,449.16,0,0,30609584,-27922402,0.00546560841859203,99.9552819796571,0
349.98,350,767,795,2301,1590,2023-08-30,2023-09-08,449.16,28,-711,30609584,-27922402,0.00519445151557761,99.9604764311727,-0.447169811320755
446.72,462.5,1,1,1578,1578,2023-08-30,2023-09-22,449.16,0,0,23309791,-12618803,0.00676968746738227,99.9691374324206,0
304.99,305,1464,1464,1464,1464,2023-08-30,2023-09-01,449.16,0,0,21220665,-27156980,0.00689893554231218,99.9134664252982,0
447.65,462,0,1,0,1435,2023-08-30,2023-09-01,449.16,1,1435,21220665,-27156980,0.00676227630001228,99.9202287015982,1
344.99,345,1433,1433,1433,1433,2023-08-30,2023-09-01,449.16,0,0,21220665,-27156980,0.00675285152468125,99.9269815531229,0
403.93,404,191,200,1719,1400,2023-08-30,2023-09-08,449.16,9,-319,30609584,-27922402,0.00457373089421928,99.9650501620669,-0.227857142857143
329.95,330,191,279,1146,1395,2023-08-30,2023-09-22,449.16,88,249,23309791,-12618803,0.00598460964321817,99.9751220420638,0.178494623655914
393.95,394,267,266,2937,1330,2023-08-30,2023-09-08,449.16,-1,-1607,30609584,-27922402,0.00434504434950831,99.9693952064164,-1.20827067669173
299.99,300,1314,1314,1314,1314,2023-08-30,2023-09-08,449.16,0,0,30609584,-27922402,0.00429277313928866,99.9736879795557,0
309.97,310,322,429,966,1287,2023-08-30,2023-09-22,449.16,107,321,23309791,-12618803,0.0055212850256787,99.9806433270895,0.249417249417249
324.99,325,1285,1285,1285,1285,2023-08-30,2023-09-01,449.16,0,0,21220665,-27156980,0.00605541815018521,99.9330369712731,0
334.99,335,1282,1281,2564,1281,2023-08-30,2023-09-08,449.16,-1,-1283,30609584,-27922402,0.00418496376821064,99.9778729433239,-1.0015612802498
403.96,404,317,317,1268,1268,2023-08-30,2023-09-01,449.16,0,0,21220665,-27156980,0.00597530755987147,99.9390122788329,0
406.97,407,438,421,1752,1263,2023-08-30,2023-09-01,449.16,-17,-489,21220665,-27156980,0.00595174562154391,99.9449640244545,-0.387173396674584
383.96,384,0,300,0,1200,2023-08-30,2023-09-08,449.16,300,1200,30609584,-27922402,0.00392034076647366,99.9817932840904,1
339.94,340,108,197,864,1182,2023-08-30,2023-09-22,449.16,89,318,23309791,-12618803,0.00507083053640421,99.9857141576259,0.269035532994924
333.92,334,145,145,1160,1160,2023-08-30,2023-09-29,449.16,0,0,180435358,-99854918,0.000642889516144613,99.9994025561221,0
314.99,315,1113,1113,1113,1113,2023-08-30,2023-09-08,449.16,0,0,30609584,-27922402,0.00363611606090432,99.9854294001513,0
164.99,165,1093,1098,1093,1098,2023-08-30,2023-10-20,449.16,5,5,439236584,-173917488,0.000249979177508584,99.9995983941083,0.00455373406193078
259.99,260,1130,1078,2260,1078,2023-08-30,2023-09-29,449.16,-52,-1182,180435358,-99854918,0.00059744387793439,100,-1.09647495361781
380.98,381,504,504,1008,1008,2023-08-30,2023-09-01,449.16,0,0,21220665,-27156980,0.00475008676683789,99.9497141112213,0
401.93,402,140,140,1260,980,2023-08-30,2023-09-08,449.16,0,-280,30609584,-27922402,0.00320161162595349,99.9886310117772,-0.285714285714286
324.97,325,325,325,2275,975,2023-08-30,2023-09-22,449.16,0,-1300,23309791,-12618803,0.00418279168612022,99.989896949312,-1.33333333333333
375.96,376,234,234,936,936,2023-08-30,2023-09-01,449.16,0,0,21220665,-27156980,0.0044107948549209,99.9541249060762,0
334.95,335,88,178,528,890,2023-08-30,2023-09-22,449.16,90,362,23309791,-12618803,0.00381813805194564,99.993715087364,0.406741573033708
388.95,389,177,177,885,885,2023-08-30,2023-09-01,449.16,0,0,21220665,-27156980,0.0041704630839797,99.9582953691602,0
376.97,377,281,281,843,843,2023-08-30,2023-09-01,449.16,0,0,21220665,-27156980,0.00397254280202812,99.9622679119622,0
386.98,387,404,404,808,808,2023-08-30,2023-09-01,449.16,0,0,21220665,-27156980,0.00380760923373514,99.966075521196,0
319.96,320,99,202,495,808,2023-08-30,2023-09-22,449.16,103,313,23309791,-12618803,0.00346635454603604,99.99718144191,0.387376237623762
402.98,403,394,394,1182,788,2023-08-30,2023-09-01,449.16,0,-394,21220665,-27156980,0.00371336148042486,99.9697888826764,-0.5
373.99,374,242,776,726,776,2023-08-30,2023-09-01,449.16,534,50,21220665,-27156980,0.00365681282843869,99.9734456955049,0.0644329896907216
383.97,384,240,240,720,720,2023-08-30,2023-09-01,449.16,0,0,21220665,-27156980,0.00339291911916992,99.976838614624,0
376.95,377,136,136,680,680,2023-08-30,2023-09-08,449.16,0,0,30609584,-27922402,0.00222152643433508,99.9908525382116,0
390.96,391,169,169,676,676,2023-08-30,2023-09-01,449.16,0,0,21220665,-27156980,0.00318557406188732,99.9800241886859,0
402.91,403,73,73,657,657,2023-08-30,2023-09-08,449.16,0,0,30609584,-27922402,0.00214638656964433,99.9929989247812,0
304.97,305,110,219,330,657,2023-08-30,2023-09-22,449.16,109,327,23309791,-12618803,0.00281855809003178,100,0.497716894977169
184.99,185,622,612,1244,612,2023-08-30,2023-10-20,449.16,-10,-632,439236584,-173917488,0.00013933265631626,99.9997377267646,-1.03267973856209
174.99,175,612,611,612,611,2023-08-30,2023-10-20,449.16,-1,-1,439236584,-173917488,0.000139104988577181,99.9998768317532,-0.0016366612111293
400.89,401,52,52,572,572,2023-08-30,2023-09-08,449.16,0,0,30609584,-27922402,0.00186869576535245,99.9948676205466,0
378.97,379,190,190,570,570,2023-08-30,2023-09-01,449.16,0,0,21220665,-27156980,0.00268606096934286,99.9827102496552,0
396.98,397,256,272,768,544,2023-08-30,2023-09-01,449.16,16,-224,21220665,-27156980,0.0025635388900395,99.9852737885453,-0.411764705882353
179.99,180,541,541,541,541,2023-08-30,2023-10-20,449.16,0,0,439236584,-173917488,0.000123168246841661,100,0
371.99,372,419,528,1257,528,2023-08-30,2023-09-01,449.16,109,-729,21220665,-27156980,0.00248814068739128,99.9877619292327,-1.38068181818182
397.94,398,90,87,1440,522,2023-08-30,2023-09-08,449.16,-3,-918,30609584,-27922402,0.00170534823341604,99.99657296878,-1.75862068965517
395.9,396,45,45,450,450,2023-08-30,2023-09-08,449.16,0,0,30609584,-27922402,0.00147012778742762,99.9980430965674,0
387.98,388,192,192,384,384,2023-08-30,2023-09-01,449.16,0,0,21220665,-27156980,0.00180955686355729,99.9895714860962,0
392.98,393,182,178,546,356,2023-08-30,2023-09-01,449.16,-4,-190,21220665,-27156980,0.00167761000892291,99.9912490961052,-0.533707865168539
391.98,392,168,168,336,336,2023-08-30,2023-09-01,449.16,0,0,21220665,-27156980,0.00158336225561263,99.9928324583608,0
398.93,399,53,46,424,322,2023-08-30,2023-09-08,449.16,-7,-102,30609584,-27922402,0.00105195810567043,99.9990950546731,-0.316770186335404
382.99,383,294,293,588,293,2023-08-30,2023-09-01,449.16,-1,-295,21220665,-27156980,0.00138072958599554,99.9942131879468,-1.00682593856655
370.99,371,227,279,681,279,2023-08-30,2023-09-01,449.16,52,-402,21220665,-27156980,0.00131475615867834,99.9955279441054,-1.44086021505376
385.99,386,267,267,534,267,2023-08-30,2023-09-01,449.16,0,-267,21220665,-27156980,0.00125820750669218,99.9967861516121,-1
381.99,382,248,248,248,248,2023-08-30,2023-09-01,449.16,0,0,21220665,-27156980,0.00116867214104742,99.9979548237532,0
372.99,373,219,237,876,237,2023-08-30,2023-09-01,449.16,18,-639,21220665,-27156980,0.00111683587672677,99.9990716596299,-2.69620253164557
377.99,378,197,197,197,197,2023-08-30,2023-09-01,449.16,0,0,21220665,-27156980,0.000928340370106215,100,0
381.94,382,25,25,150,150,2023-08-30,2023-09-08,449.16,0,0,30609584,-27922402,0.000490042595809208,99.9995850972689,0
387.95,388,15,16,90,80,2023-08-30,2023-09-08,449.16,1,-9.99999999999999,30609584,-27922402,0.000261356051098244,99.99984645332,-0.125
385.93,386,2,2,14,14,2023-08-30,2023-09-08,449.16,0,0,30609584,-27922402,4.57373089421928e-05,99.9998921906289,0
377.94,378,2,2,12,12,2023-08-30,2023-09-08,449.16,0,0,30609584,-27922402,3.92034076647366e-05,99.9999313940366,0
391.95,392,2,2,14,10,2023-08-30,2023-09-08,449.16,0,-4,30609584,-27922402,3.26695063872805e-05,99.999964063543,-0.4
378.95,379,1,1,5,5,2023-08-30,2023-09-08,449.16,0,0,30609584,-27922402,1.63347531936403e-05,99.9999803982962,0
373.97,374,0,1,0,3,2023-08-30,2023-09-08,449.16,1,3,30609584,-27922402,9.80085191618416e-06,99.9999901991481,1
375.97,376,1,1,3,3,2023-08-30,2023-09-08,449.16,0,0,30609584,-27922402,9.80085191618416e-06,100,0
448.82,458,0,0,0,0,2023-08-30,2023-09-01,449.16,0,0,21220665,-27156980,0,100,
441.88,468,0,0,0,0,2023-08-30,2023-09-01,449.16,0,0,21220665,-27156980,0,100,
442.18,469,0,0,0,0,2023-08-30,2023-09-01,449.16,0,0,21220665,-27156980,0,100,
441.41,471,0,0,0,0,2023-08-30,2023-09-01,449.16,0,0,21220665,-27156980,0,100,
440.87,472,0,0,0,0,2023-08-30,2023-09-01,449.16,0,0,21220665,-27156980,0,100,
443.14,473,0,0,0,0,2023-08-30,2023-09-01,449.16,0,0,21220665,-27156980,0,100,
440.87,474,0,0,0,0,2023-08-30,2023-09-01,449.16,0,0,21220665,-27156980,0,100,
441.3,475,0,0,0,0,2023-08-30,2023-09-01,449.16,0,0,21220665,-27156980,0,100,
442.54,477,0,0,0,0,2023-08-30,2023-09-01,449.16,0,0,21220665,-27156980,0,100,
440.97,478,0,0,0,0,2023-08-30,2023-09-01,449.16,0,0,21220665,-27156980,0,100,
479,479,0,0,0,0,2023-08-30,2023-09-01,449.16,0,0,21220665,-27156980,0,100,
442.79,481,0,0,0,0,2023-08-30,2023-09-01,449.16,0,0,21220665,-27156980,0,100,
441.76,482,0,0,0,0,2023-08-30,2023-09-01,449.16,0,0,21220665,-27156980,0,100,
442.01,483,0,0,0,0,2023-08-30,2023-09-01,449.16,0,0,21220665,-27156980,0,100,
441.19,484,0,0,0,0,2023-08-30,2023-09-01,449.16,0,0,21220665,-27156980,0,100,
441.83,486,0,0,0,0,2023-08-30,2023-09-01,449.16,0,0,21220665,-27156980,0,100,
440.98,487,0,0,0,0,2023-08-30,2023-09-01,449.16,0,0,21220665,-27156980,0,100,
441.08,488,0,0,0,0,2023-08-30,2023-09-01,449.16,0,0,21220665,-27156980,0,100,
441.08,489,0,0,0,0,2023-08-30,2023-09-01,449.16,0,0,21220665,-27156980,0,100,
437.59,490,0,0,0,0,2023-08-30,2023-09-01,449.16,0,0,21220665,-27156980,0,100,
442.06,491,0,0,0,0,2023-08-30,2023-09-01,449.16,0,0,21220665,-27156980,0,100,
442.1,492,0,0,0,0,2023-08-30,2023-09-01,449.16,0,0,21220665,-27156980,0,100,
442.06,493,0,0,0,0,2023-08-30,2023-09-01,449.16,0,0,21220665,-27156980,0,100,
441.47,494,0,0,0,0,2023-08-30,2023-09-01,449.16,0,0,21220665,-27156980,0,100,
440.91,495,0,0,0,0,2023-08-30,2023-09-01,449.16,0,0,21220665,-27156980,0,100,
441.08,496,0,0,0,0,2023-08-30,2023-09-01,449.16,0,0,21220665,-27156980,0,100,
441.93,497,0,0,0,0,2023-08-30,2023-09-01,449.16,0,0,21220665,-27156980,0,100,
442.31,498,0,0,0,0,2023-08-30,2023-09-01,449.16,0,0,21220665,-27156980,0,100,
441.93,499,0,0,0,0,2023-08-30,2023-09-01,449.16,0,0,21220665,-27156980,0,100,
442.95,500,0,0,0,0,2023-08-30,2023-09-01,449.16,0,0,21220665,-27156980,0,100,
441.91,502,0,0,0,0,2023-08-30,2023-09-01,449.16,0,0,21220665,-27156980,0,100,
441.91,504,0,0,0,0,2023-08-30,2023-09-01,449.16,0,0,21220665,-27156980,0,100,
441.08,505,0,0,0,0,2023-08-30,2023-09-01,449.16,0,0,21220665,-27156980,0,100,
441.69,510,0,0,0,0,2023-08-30,2023-09-01,449.16,0,0,21220665,-27156980,0,100,
442.12,515,0,0,0,0,2023-08-30,2023-09-01,449.16,0,0,21220665,-27156980,0,100,
441.68,520,0,0,0,0,2023-08-30,2023-09-01,449.16,0,0,21220665,-27156980,0,100,
442.74,525,0,0,0,0,2023-08-30,2023-09-01,449.16,0,0,21220665,-27156980,0,100,
442.76,530,0,0,0,0,2023-08-30,2023-09-01,449.16,0,0,21220665,-27156980,0,100,
440.66,540,0,0,0,0,2023-08-30,2023-09-01,449.16,0,0,21220665,-27156980,0,100,
381,381,0,0,0,0,2023-08-30,2023-09-08,449.16,0,0,30609584,-27922402,0,100,
383,383,0,0,0,0,2023-08-30,2023-09-08,449.16,0,0,30609584,-27922402,0,100,
387,387,0,0,0,0,2023-08-30,2023-09-08,449.16,0,0,30609584,-27922402,0,100,
389,389,0,0,0,0,2023-08-30,2023-09-08,449.16,0,0,30609584,-27922402,0,100,
391,391,0,0,0,0,2023-08-30,2023-09-08,449.16,0,0,30609584,-27922402,0,100,
393,393,0,0,0,0,2023-08-30,2023-09-08,449.16,0,0,30609584,-27922402,0,100,
438.75,461,0,0,0,0,2023-08-30,2023-09-08,449.16,0,0,30609584,-27922402,0,100,
442.39,462.5,0,0,0,0,2023-08-30,2023-09-08,449.16,0,0,30609584,-27922402,0,100,
442.54,465,0,0,0,0,2023-08-30,2023-09-08,449.16,0,0,30609584,-27922402,0,100,
445.97,466,0,0,0,0,2023-08-30,2023-09-08,449.16,0,0,30609584,-27922402,0,100,
448.94,467,0,0,0,0,2023-08-30,2023-09-08,449.16,0,0,30609584,-27922402,0,100,
446.59,467.5,0,0,0,0,2023-08-30,2023-09-08,449.16,0,0,30609584,-27922402,0,100,
440.15,468,0,0,0,0,2023-08-30,2023-09-08,449.16,0,0,30609584,-27922402,0,100,
446.5,469,0,0,0,0,2023-08-30,2023-09-08,449.16,0,0,30609584,-27922402,0,100,
448.67,470,0,0,0,0,2023-08-30,2023-09-08,449.16,0,0,30609584,-27922402,0,100,
445.75,471,0,0,0,0,2023-08-30,2023-09-08,449.16,0,0,30609584,-27922402,0,100,
448.06,472,0,0,0,0,2023-08-30,2023-09-08,449.16,0,0,30609584,-27922402,0,100,
473,473,0,0,0,0,2023-08-30,2023-09-08,449.16,0,0,30609584,-27922402,0,100,
447.25,474,0,0,0,0,2023-08-30,2023-09-08,449.16,0,0,30609584,-27922402,0,100,
447,475,0,0,0,0,2023-08-30,2023-09-08,449.16,0,0,30609584,-27922402,0,100,
476,476,0,0,0,0,2023-08-30,2023-09-08,449.16,0,0,30609584,-27922402,0,100,
477,477,0,0,0,0,2023-08-30,2023-09-08,449.16,0,0,30609584,-27922402,0,100,
439.66,478,0,0,0,0,2023-08-30,2023-09-08,449.16,0,0,30609584,-27922402,0,100,
479,479,0,0,0,0,2023-08-30,2023-09-08,449.16,0,0,30609584,-27922402,0,100,
442.8,481,0,0,0,0,2023-08-30,2023-09-08,449.16,0,0,30609584,-27922402,0,100,
442.79,482,0,0,0,0,2023-08-30,2023-09-08,449.16,0,0,30609584,-27922402,0,100,
483,483,0,0,0,0,2023-08-30,2023-09-08,449.16,0,0,30609584,-27922402,0,100,
484,484,0,0,0,0,2023-08-30,2023-09-08,449.16,0,0,30609584,-27922402,0,100,
485,485,0,0,0,0,2023-08-30,2023-09-08,449.16,0,0,30609584,-27922402,0,100,
487,487,0,0,0,0,2023-08-30,2023-09-08,449.16,0,0,30609584,-27922402,0,100,
488,488,0,0,0,0,2023-08-30,2023-09-08,449.16,0,0,30609584,-27922402,0,100,
489,489,0,0,0,0,2023-08-30,2023-09-08,449.16,0,0,30609584,-27922402,0,100,
490,490,0,0,0,0,2023-08-30,2023-09-08,449.16,0,0,30609584,-27922402,0,100,
491,491,0,0,0,0,2023-08-30,2023-09-08,449.16,0,0,30609584,-27922402,0,100,
492,492,0,0,0,0,2023-08-30,2023-09-08,449.16,0,0,30609584,-27922402,0,100,
493,493,0,0,0,0,2023-08-30,2023-09-08,449.16,0,0,30609584,-27922402,0,100,
494,494,0,0,0,0,2023-08-30,2023-09-08,449.16,0,0,30609584,-27922402,0,100,
439.83,495,0,0,0,0,2023-08-30,2023-09-08,449.16,0,0,30609584,-27922402,0,100,
496,496,0,0,0,0,2023-08-30,2023-09-08,449.16,0,0,30609584,-27922402,0,100,
497,497,0,0,0,0,2023-08-30,2023-09-08,449.16,0,0,30609584,-27922402,0,100,
498,498,0,0,0,0,2023-08-30,2023-09-08,449.16,0,0,30609584,-27922402,0,100,
499,499,0,0,0,0,2023-08-30,2023-09-08,449.16,0,0,30609584,-27922402,0,100,
442.53,500,0,0,0,0,2023-08-30,2023-09-08,449.16,0,0,30609584,-27922402,0,100,
502,502,0,0,0,0,2023-08-30,2023-09-08,449.16,0,0,30609584,-27922402,0,100,
504,504,0,0,0,0,2023-08-30,2023-09-08,449.16,0,0,30609584,-27922402,0,100,
442.92,505,0,0,0,0,2023-08-30,2023-09-08,449.16,0,0,30609584,-27922402,0,100,
506,506,0,0,0,0,2023-08-30,2023-09-08,449.16,0,0,30609584,-27922402,0,100,
510,510,0,0,0,0,2023-08-30,2023-09-08,449.16,0,0,30609584,-27922402,0,100,
515,515,0,0,0,0,2023-08-30,2023-09-08,449.16,0,0,30609584,-27922402,0,100,
520,520,0,0,0,0,2023-08-30,2023-09-08,449.16,0,0,30609584,-27922402,0,100,
525,525,0,0,0,0,2023-08-30,2023-09-08,449.16,0,0,30609584,-27922402,0,100,
530,530,0,0,0,0,2023-08-30,2023-09-08,449.16,0,0,30609584,-27922402,0,100,
436.99,540,0,0,0,0,2023-08-30,2023-09-08,449.16,0,0,30609584,-27922402,0,100,
471,471,0,0,0,0,2023-08-30,2023-09-15,449.16,0,0,256608621,-212570102,0,100,
436.46,473,0,0,0,0,2023-08-30,2023-09-15,449.16,0,0,256608621,-212570102,0,100,
439.75,474,0,0,0,0,2023-08-30,2023-09-15,449.16,0,0,256608621,-212570102,0,100,
452.97,476,0,0,0,0,2023-08-30,2023-09-15,449.16,0,0,256608621,-212570102,0,100,
455.3,478,0,0,0,0,2023-08-30,2023-09-15,449.16,0,0,256608621,-212570102,0,100,
450.3,482,0,0,0,0,2023-08-30,2023-09-15,449.16,0,0,256608621,-212570102,0,100,
456.74,484,0,0,0,0,2023-08-30,2023-09-15,449.16,0,0,256608621,-212570102,0,100,
457,485,0,0,0,0,2023-08-30,2023-09-15,449.16,0,0,256608621,-212570102,0,100,
486,486,0,0,0,0,2023-08-30,2023-09-15,449.16,0,0,256608621,-212570102,0,100,
488,488,0,0,0,0,2023-08-30,2023-09-15,449.16,0,0,256608621,-212570102,0,100,
449.61,490,0,0,0,0,2023-08-30,2023-09-15,449.16,0,0,256608621,-212570102,0,100,
451,492,0,0,0,0,2023-08-30,2023-09-15,449.16,0,0,256608621,-212570102,0,100,
445.5,495,0,0,0,0,2023-08-30,2023-09-15,449.16,0,0,256608621,-212570102,0,100,
498,498,0,0,0,0,2023-08-30,2023-09-15,449.16,0,0,256608621,-212570102,0,100,
502,502,0,0,0,0,2023-08-30,2023-09-15,449.16,0,0,256608621,-212570102,0,100,
504,504,0,0,0,0,2023-08-30,2023-09-15,449.16,0,0,256608621,-212570102,0,100,
446.03,505,0,0,0,0,2023-08-30,2023-09-15,449.16,0,0,256608621,-212570102,0,100,
435.49,510,0,0,0,0,2023-08-30,2023-09-15,449.16,0,0,256608621,-212570102,0,100,
441.46,515,0,0,0,0,2023-08-30,2023-09-15,449.16,0,0,256608621,-212570102,0,100,
450.27,520,0,0,0,0,2023-08-30,2023-09-15,449.16,0,0,256608621,-212570102,0,100,
454.72,525,0,0,0,0,2023-08-30,2023-09-15,449.16,0,0,256608621,-212570102,0,100,
446.53,535,0,0,0,0,2023-08-30,2023-09-15,449.16,0,0,256608621,-212570102,0,100,
540,540,0,0,0,0,2023-08-30,2023-09-15,449.16,0,0,256608621,-212570102,0,100,
545,545,0,0,0,0,2023-08-30,2023-09-15,449.16,0,0,256608621,-212570102,0,100,
453.46,550,0,0,0,0,2023-08-30,2023-09-15,449.16,0,0,256608621,-212570102,0,100,
555,555,0,0,0,0,2023-08-30,2023-09-15,449.16,0,0,256608621,-212570102,0,100,
442.15,560,1,0,11785,0,2023-08-30,2023-09-15,449.16,-1,-11785,256608621,-212570102,0,100,-Inf
565,565,0,0,0,0,2023-08-30,2023-09-15,449.16,0,0,256608621,-212570102,0,100,
570,570,0,0,0,0,2023-08-30,2023-09-15,449.16,0,0,256608621,-212570102,0,100,
575,575,0,0,0,0,2023-08-30,2023-09-15,449.16,0,0,256608621,-212570102,0,100,
580,580,0,0,0,0,2023-08-30,2023-09-15,449.16,0,0,256608621,-212570102,0,100,
585,585,0,0,0,0,2023-08-30,2023-09-15,449.16,0,0,256608621,-212570102,0,100,
440.13,590,0,0,0,0,2023-08-30,2023-09-15,449.16,0,0,256608621,-212570102,0,100,
595,595,0,0,0,0,2023-08-30,2023-09-15,449.16,0,0,256608621,-212570102,0,100,
420.32,600,0,0,0,0,2023-08-30,2023-09-15,449.16,0,0,256608621,-212570102,0,100,
605,605,0,0,0,0,2023-08-30,2023-09-15,449.16,0,0,256608621,-212570102,0,100,
610,610,0,0,0,0,2023-08-30,2023-09-15,449.16,0,0,256608621,-212570102,0,100,
615,615,0,0,0,0,2023-08-30,2023-09-15,449.16,0,0,256608621,-212570102,0,100,
620,620,0,0,0,0,2023-08-30,2023-09-15,449.16,0,0,256608621,-212570102,0,100,
625,625,0,0,0,0,2023-08-30,2023-09-15,449.16,0,0,256608621,-212570102,0,100,
630,630,0,0,0,0,2023-08-30,2023-09-15,449.16,0,0,256608621,-212570102,0,100,
411.47,635,0,0,0,0,2023-08-30,2023-09-15,449.16,0,0,256608621,-212570102,0,100,
640,640,0,0,0,0,2023-08-30,2023-09-15,449.16,0,0,256608621,-212570102,0,100,
446.16,645,0,0,0,0,2023-08-30,2023-09-15,449.16,0,0,256608621,-212570102,0,100,
449.55,650,0,0,0,0,2023-08-30,2023-09-15,449.16,0,0,256608621,-212570102,0,100,
466,466,0,0,0,0,2023-08-30,2023-09-22,449.16,0,0,23309791,-12618803,0,100,
467,467,0,0,0,0,2023-08-30,2023-09-22,449.16,0,0,23309791,-12618803,0,100,
471,471,0,0,0,0,2023-08-30,2023-09-22,449.16,0,0,23309791,-12618803,0,100,
472,472,0,0,0,0,2023-08-30,2023-09-22,449.16,0,0,23309791,-12618803,0,100,
447.97,474,0,0,0,0,2023-08-30,2023-09-22,449.16,0,0,23309791,-12618803,0,100,
475,475,0,0,0,0,2023-08-30,2023-09-22,449.16,0,0,23309791,-12618803,0,100,
439.77,478,0,0,0,0,2023-08-30,2023-09-22,449.16,0,0,23309791,-12618803,0,100,
444.62,480,0,0,0,0,2023-08-30,2023-09-22,449.16,0,0,23309791,-12618803,0,100,
482,482,0,0,0,0,2023-08-30,2023-09-22,449.16,0,0,23309791,-12618803,0,100,
484,484,0,0,0,0,2023-08-30,2023-09-22,449.16,0,0,23309791,-12618803,0,100,
486,486,0,0,0,0,2023-08-30,2023-09-22,449.16,0,0,23309791,-12618803,0,100,
488,488,0,0,0,0,2023-08-30,2023-09-22,449.16,0,0,23309791,-12618803,0,100,
446.84,490,0,0,0,0,2023-08-30,2023-09-22,449.16,0,0,23309791,-12618803,0,100,
495,495,0,0,0,0,2023-08-30,2023-09-22,449.16,0,0,23309791,-12618803,0,100,
439.34,500,0,0,0,0,2023-08-30,2023-09-22,449.16,0,0,23309791,-12618803,0,100,
505,505,0,0,0,0,2023-08-30,2023-09-22,449.16,0,0,23309791,-12618803,0,100,
510,510,0,0,0,0,2023-08-30,2023-09-22,449.16,0,0,23309791,-12618803,0,100,
515,515,0,0,0,0,2023-08-30,2023-09-22,449.16,0,0,23309791,-12618803,0,100,
437.6,520,0,0,0,0,2023-08-30,2023-09-22,449.16,0,0,23309791,-12618803,0,100,
525,525,0,0,0,0,2023-08-30,2023-09-22,449.16,0,0,23309791,-12618803,0,100,
530,530,0,0,0,0,2023-08-30,2023-09-22,449.16,0,0,23309791,-12618803,0,100,
540,540,0,0,0,0,2023-08-30,2023-09-22,449.16,0,0,23309791,-12618803,0,100,
443.9,472,0,0,0,0,2023-08-30,2023-09-29,449.16,0,0,180435358,-99854918,0,100,
445.11,473,0,0,0,0,2023-08-30,2023-09-29,449.16,0,0,180435358,-99854918,0,100,
449.9,475,0,0,0,0,2023-08-30,2023-09-29,449.16,0,0,180435358,-99854918,0,100,
476,476,0,0,0,0,2023-08-30,2023-09-29,449.16,0,0,180435358,-99854918,0,100,
444.94,477,0,0,0,0,2023-08-30,2023-09-29,449.16,0,0,180435358,-99854918,0,100,
457.53,478,0,0,0,0,2023-08-30,2023-09-29,449.16,0,0,180435358,-99854918,0,100,
455,479,0,0,0,0,2023-08-30,2023-09-29,449.16,0,0,180435358,-99854918,0,100,
481,481,0,0,0,0,2023-08-30,2023-09-29,449.16,0,0,180435358,-99854918,0,100,
482,482,0,0,0,0,2023-08-30,2023-09-29,449.16,0,0,180435358,-99854918,0,100,
483,483,0,0,0,0,2023-08-30,2023-09-29,449.16,0,0,180435358,-99854918,0,100,
450.7,485,0,0,0,0,2023-08-30,2023-09-29,449.16,0,0,180435358,-99854918,0,100,
488,488,0,0,0,0,2023-08-30,2023-09-29,449.16,0,0,180435358,-99854918,0,100,
450.8,490,0,0,0,0,2023-08-30,2023-09-29,449.16,0,0,180435358,-99854918,0,100,
492,492,0,0,0,0,2023-08-30,2023-09-29,449.16,0,0,180435358,-99854918,0,100,
448.95,494,0,0,0,0,2023-08-30,2023-09-29,449.16,0,0,180435358,-99854918,0,100,
411.85,495,0,0,0,0,2023-08-30,2023-09-29,449.16,0,0,180435358,-99854918,0,100,
496,496,0,0,0,0,2023-08-30,2023-09-29,449.16,0,0,180435358,-99854918,0,100,
449.33,500,0,0,0,0,2023-08-30,2023-09-29,449.16,0,0,180435358,-99854918,0,100,
441.73,502,0,0,0,0,2023-08-30,2023-09-29,449.16,0,0,180435358,-99854918,0,100,
447.6,505,0,0,0,0,2023-08-30,2023-09-29,449.16,0,0,180435358,-99854918,0,100,
510,510,0,0,0,0,2023-08-30,2023-09-29,449.16,0,0,180435358,-99854918,0,100,
407,515,0,0,0,0,2023-08-30,2023-09-29,449.16,0,0,180435358,-99854918,0,100,
435.05,520,0,0,0,0,2023-08-30,2023-09-29,449.16,0,0,180435358,-99854918,0,100,
438.6,476,0,0,0,0,2023-08-30,2023-10-20,449.16,0,0,439236584,-173917488,0,100,
456.58,486,0,0,0,0,2023-08-30,2023-10-20,449.16,0,0,439236584,-173917488,0,100,
488,488,0,0,0,0,2023-08-30,2023-10-20,449.16,0,0,439236584,-173917488,0,100,
492,492,0,0,0,0,2023-08-30,2023-10-20,449.16,0,0,439236584,-173917488,0,100,
494,494,0,0,0,0,2023-08-30,2023-10-20,449.16,0,0,439236584,-173917488,0,100,
496,496,0,0,0,0,2023-08-30,2023-10-20,449.16,0,0,439236584,-173917488,0,100,
438.16,498,0,0,0,0,2023-08-30,2023-10-20,449.16,0,0,439236584,-173917488,0,100,
502,502,0,0,0,0,2023-08-30,2023-10-20,449.16,0,0,439236584,-173917488,0,100,
451.26,504,0,0,0,0,2023-08-30,2023-10-20,449.16,0,0,439236584,-173917488,0,100,
449.21,505,0,0,0,0,2023-08-30,2023-10-20,449.16,0,0,439236584,-173917488,0,100,
506,506,0,0,0,0,2023-08-30,2023-10-20,449.16,0,0,439236584,-173917488,0,100,
442.77,510,0,0,0,0,2023-08-30,2023-10-20,449.16,0,0,439236584,-173917488,0,100,
437.86,515,0,0,0,0,2023-08-30,2023-10-20,449.16,0,0,439236584,-173917488,0,100,
455.07,520,0,0,0,0,2023-08-30,2023-10-20,449.16,0,0,439236584,-173917488,0,100,
525,525,0,0,0,0,2023-08-30,2023-10-20,449.16,0,0,439236584,-173917488,0,100,
445.68,530,0,0,0,0,2023-08-30,2023-10-20,449.16,0,0,439236584,-173917488,0,100,
438.84,535,0,0,0,0,2023-08-30,2023-10-20,449.16,0,0,439236584,-173917488,0,100,
445.83,540,0,0,0,0,2023-08-30,2023-10-20,449.16,0,0,439236584,-173917488,0,100,
456.29,545,0,0,0,0,2023-08-30,2023-10-20,449.16,0,0,439236584,-173917488,0,100,
450.59,555,0,0,0,0,2023-08-30,2023-10-20,449.16,0,0,439236584,-173917488,0,100,
443.34,560,0,0,0,0,2023-08-30,2023-10-20,449.16,0,0,439236584,-173917488,0,100,
440.38,570,0,0,0,0,2023-08-30,2023-10-20,449.16,0,0,439236584,-173917488,0,100,
445.25,575,0,0,0,0,2023-08-30,2023-10-20,449.16,0,0,439236584,-173917488,0,100,
452.56,580,0,0,0,0,2023-08-30,2023-10-20,449.16,0,0,439236584,-173917488,0,100,
446.3,585,0,0,0,0,2023-08-30,2023-10-20,449.16,0,0,439236584,-173917488,0,100,
446.27,590,0,0,0,0,2023-08-30,2023-10-20,449.16,0,0,439236584,-173917488,0,100,
456.13,595,0,0,0,0,2023-08-30,2023-10-20,449.16,0,0,439236584,-173917488,0,100,
450.37,600,0,0,0,0,2023-08-30,2023-10-20,449.16,0,0,439236584,-173917488,0,100,
474,474,0,0,0,0,2023-08-30,2023-11-17,449.16,0,0,295018058,-71005898,0,100,
476,476,0,0,0,0,2023-08-30,2023-11-17,449.16,0,0,295018058,-71005898,0,100,
478,478,0,0,0,0,2023-08-30,2023-11-17,449.16,0,0,295018058,-71005898,0,100,
484,484,0,0,0,0,2023-08-30,2023-11-17,449.16,0,0,295018058,-71005898,0,100,
488,488,0,0,0,0,2023-08-30,2023-11-17,449.16,0,0,295018058,-71005898,0,100,
443.58,490,0,0,0,0,2023-08-30,2023-11-17,449.16,0,0,295018058,-71005898,0,100,
440.45,505,0,0,0,0,2023-08-30,2023-11-17,449.16,0,0,295018058,-71005898,0,100,
510,510,0,0,0,0,2023-08-30,2023-11-17,449.16,0,0,295018058,-71005898,0,100,
515,515,0,0,0,0,2023-08-30,2023-11-17,449.16,0,0,295018058,-71005898,0,100,
520,520,0,0,0,0,2023-08-30,2023-11-17,449.16,0,0,295018058,-71005898,0,100,
525,525,0,0,0,0,2023-08-30,2023-11-17,449.16,0,0,295018058,-71005898,0,100,
436.97,530,0,0,0,0,2023-08-30,2023-11-17,449.16,0,0,295018058,-71005898,0,100,
439.89,540,0,0,0,0,2023-08-30,2023-11-17,449.16,0,0,295018058,-71005898,0,100,
434.33,550,0,0,0,0,2023-08-30,2023-11-17,449.16,0,0,295018058,-71005898,0,100,
560,560,0,0,0,0,2023-08-30,2023-11-17,449.16,0,0,295018058,-71005898,0,100,
474,474,0,0,0,0,2023-08-30,2023-12-15,449.16,0,0,465107462,-111417443,0,100,
436,478,0,0,0,0,2023-08-30,2023-12-15,449.16,0,0,465107462,-111417443,0,100,
482,482,0,0,0,0,2023-08-30,2023-12-15,449.16,0,0,465107462,-111417443,0,100,
483,483,0,0,0,0,2023-08-30,2023-12-15,449.16,0,0,465107462,-111417443,0,100,
457.21,484,0,0,0,0,2023-08-30,2023-12-15,449.16,0,0,465107462,-111417443,0,100,
486,486,0,0,0,0,2023-08-30,2023-12-15,449.16,0,0,465107462,-111417443,0,100,
445.56,487,0,0,0,0,2023-08-30,2023-12-15,449.16,0,0,465107462,-111417443,0,100,
454.85,488,0,0,0,0,2023-08-30,2023-12-15,449.16,0,0,465107462,-111417443,0,100,
435.78,489,0,0,0,0,2023-08-30,2023-12-15,449.16,0,0,465107462,-111417443,0,100,
493,493,0,0,0,0,2023-08-30,2023-12-15,449.16,0,0,465107462,-111417443,0,100,
494,494,0,0,0,0,2023-08-30,2023-12-15,449.16,0,0,465107462,-111417443,0,100,
454.22,495,0,0,0,0,2023-08-30,2023-12-15,449.16,0,0,465107462,-111417443,0,100,
496,496,0,0,0,0,2023-08-30,2023-12-15,449.16,0,0,465107462,-111417443,0,100,
497,497,0,0,0,0,2023-08-30,2023-12-15,449.16,0,0,465107462,-111417443,0,100,
450.44,498,0,0,0,0,2023-08-30,2023-12-15,449.16,0,0,465107462,-111417443,0,100,
499,499,0,0,0,0,2023-08-30,2023-12-15,449.16,0,0,465107462,-111417443,0,100,
501,501,0,0,0,0,2023-08-30,2023-12-15,449.16,0,0,465107462,-111417443,0,100,
450.54,505,0,0,0,0,2023-08-30,2023-12-15,449.16,0,0,465107462,-111417443,0,100,
392.75,515,0,0,0,0,2023-08-30,2023-12-15,449.16,0,0,465107462,-111417443,0,100,
390.47,520,0,0,0,0,2023-08-30,2023-12-15,449.16,0,0,465107462,-111417443,0,100,
441.04,530,0,0,0,0,2023-08-30,2023-12-15,449.16,0,0,465107462,-111417443,0,100,
440.46,535,0,0,0,0,2023-08-30,2023-12-15,449.16,0,0,465107462,-111417443,0,100,
411.85,545,0,0,0,0,2023-08-30,2023-12-15,449.16,0,0,465107462,-111417443,0,100,
454.85,550,0,0,0,0,2023-08-30,2023-12-15,449.16,0,0,465107462,-111417443,0,100,
450.28,560,0,0,0,0,2023-08-30,2023-12-15,449.16,0,0,465107462,-111417443,0,100,
565,565,0,0,0,0,2023-08-30,2023-12-15,449.16,0,0,465107462,-111417443,0,100,
570,570,0,0,0,0,2023-08-30,2023-12-15,449.16,0,0,465107462,-111417443,0,100,
575,575,0,0,0,0,2023-08-30,2023-12-15,449.16,0,0,465107462,-111417443,0,100,
580,580,0,0,0,0,2023-08-30,2023-12-15,449.16,0,0,465107462,-111417443,0,100,
585,585,0,0,0,0,2023-08-30,2023-12-15,449.16,0,0,465107462,-111417443,0,100,
450.23,595,0,0,0,0,2023-08-30,2023-12-15,449.16,0,0,465107462,-111417443,0,100,
605,605,0,0,0,0,2023-08-30,2023-12-15,449.16,0,0,465107462,-111417443,0,100,
610,610,0,0,0,0,2023-08-30,2023-12-15,449.16,0,0,465107462,-111417443,0,100,
615,615,0,0,0,0,2023-08-30,2023-12-15,449.16,0,0,465107462,-111417443,0,100,
620,620,0,0,0,0,2023-08-30,2023-12-15,449.16,0,0,465107462,-111417443,0,100,
625,625,0,0,0,0,2023-08-30,2023-12-15,449.16,0,0,465107462,-111417443,0,100,
630,630,0,0,0,0,2023-08-30,2023-12-15,449.16,0,0,465107462,-111417443,0,100,
635,635,0,0,0,0,2023-08-30,2023-12-15,449.16,0,0,465107462,-111417443,0,100,
640,640,0,0,0,0,2023-08-30,2023-12-15,449.16,0,0,465107462,-111417443,0,100,
645,645,0,0,0,0,2023-08-30,2023-12-15,449.16,0,0,465107462,-111417443,0,100,
650,650,0,0,0,0,2023-08-30,2023-12-15,449.16,0,0,465107462,-111417443,0,100,
655,655,0,0,0,0,2023-08-30,2023-12-15,449.16,0,0,465107462,-111417443,0,100,
660,660,0,0,0,0,2023-08-30,2023-12-15,449.16,0,0,465107462,-111417443,0,100,
665,665,0,0,0,0,2023-08-30,2023-12-15,449.16,0,0,465107462,-111417443,0,100,
670,670,0,0,0,0,2023-08-30,2023-12-15,449.16,0,0,465107462,-111417443,0,100,
675,675,0,0,0,0,2023-08-30,2023-12-15,449.16,0,0,465107462,-111417443,0,100,
680,680,0,0,0,0,2023-08-30,2023-12-15,449.16,0,0,465107462,-111417443,0,100,
685,685,0,0,0,0,2023-08-30,2023-12-15,449.16,0,0,465107462,-111417443,0,100,
690,690,0,0,0,0,2023-08-30,2023-12-15,449.16,0,0,465107462,-111417443,0,100,
695,695,0,0,0,0,2023-08-30,2023-12-15,449.16,0,0,465107462,-111417443,0,100,
455.23,700,0,0,0,0,2023-08-30,2023-12-15,449.16,0,0,465107462,-111417443,0,100,
705,705,0,0,0,0,2023-08-30,2023-12-15,449.16,0,0,465107462,-111417443,0,100,
710,710,0,0,0,0,2023-08-30,2023-12-15,449.16,0,0,465107462,-111417443,0,100,
442.92,715,0,0,0,0,2023-08-30,2023-12-15,449.16,0,0,465107462,-111417443,0,100,
