Watch,strike,open_interest.yt,open_interest.td,OI_Dollar.yt,OI_Dollar.td,Date.td,expiry,stkClose,diff_oi,diff_oi_d,totalOI,totalOIdiff,OI_pct,cum_sep_OI,pct
492.86,500,208305,208463,179558910,148842582,2024-07-29,2024-12-20,544.44,158,-30716328,593823985,-103340263,25.0651010669433,25.0651010669433,-0.206367879320986
531.04,540,93756,94475,113444760,84649600,2024-07-29,2024-09-20,544.44,719,-28795160,587695471,-196533337,14.4036502197241,14.4036502197241,-0.340168884436547
523.77,530,92185,93787,80385320,58429301,2024-07-29,2024-09-20,544.44,1602,-21956019,587695471,-196533337,9.94210503282915,24.3457552525532,-0.375770694227542
517.34,530,38409,38306,59533950,48495396,2024-07-29,2024-12-20,544.44,-103,-11038554,593823985,-103340263,8.16662802867419,33.2317290956174,-0.227620659082772
534.85,550,32173,32001,59938299,48481515,2024-07-29,2024-10-18,544.44,-172,-11456784,286531566,-65616371,16.9201305380783,16.9201305380783,-0.23631241721716
515.58,520,90336,91170,58899072,40297140,2024-07-29,2024-09-20,544.44,834,-18601932,587695471,-196533337,6.8568062863292,31.2025615388824,-0.461619162054677
542.33,555,30787,30620,54800860,38795540,2024-07-29,2024-08-16,544.44,-167,-16005320,414964222,-238212976,9.34912889911748,9.34912889911748,-0.412555670058981
534.77,540,61778,64562,52140632,33765926,2024-07-29,2024-08-16,544.44,2784,-18374706,414964222,-238212976,8.13706922424748,17.486198123365,-0.544178945366403
543.7,560,18863,18848,41253381,30722240,2024-07-29,2024-08-16,544.44,-15,-10531141,414964222,-238212976,7.40358767604789,24.8897857994129,-0.34278558464487
540.2,550,33257,26807,46559800,26270860,2024-07-29,2024-08-16,544.44,-6450,-20288940,414964222,-238212976,6.33087350841538,31.2206593078282,-0.772298280299921
530.31,550,12722,12616,29120658,24840904,2024-07-29,2024-12-20,544.44,-106,-4279754,593823985,-103340263,4.1832099456205,37.4149390412379,-0.172286564128262
534.28,545,21502,21685,31134896,23246320,2024-07-29,2024-09-20,544.44,183,-7888576,587695471,-196533337,3.95550436358561,35.1580659024681,-0.339347303143035
511.53,520,25788,25786,27206340,21840742,2024-07-29,2024-11-15,544.44,-2,-5365598,171387260,-32661724,12.7435038053587,12.7435038053587,-0.245669217648375
513.14,525,18167,18188,25052293,21570968,2024-07-29,2024-12-20,544.44,21,-3481325,593823985,-103340263,3.63255249785844,41.0474915390964,-0.161389372975752
535.29,560,8485,8563,23673150,21159173,2024-07-29,2024-12-20,544.44,78,-2513977,593823985,-103340263,3.56320619147777,44.6106977305741,-0.118812630342405
533.06,540,29839,30243,29779322,20988642,2024-07-29,2024-08-30,544.44,404,-8790680,156403479,-58681327,13.4195493183371,13.4195493183371,-0.418830336903169
519.69,525,39081,39296,29388912,20866176,2024-07-29,2024-09-20,544.44,215,-8522736,587695471,-196533337,3.55050821890714,38.7085741213752,-0.408447431862935
524.49,540,13169,13322,24441664,20662422,2024-07-29,2024-12-20,544.44,153,-3779242,593823985,-103340263,3.47955328884198,48.0902510194161,-0.182904114532169
497.52,505,27544,27542,26056624,20601416,2024-07-29,2024-12-20,544.44,-2,-5455208,593823985,-103340263,3.46927987423748,51.5595308936536,-0.264797720700364
484.14,490,33502,33495,23786420,19628070,2024-07-29,2024-12-20,544.44,-7,-4158350,593823985,-103340263,3.30536834075505,54.8648992344087,-0.211857304360541
537.85,545,31413,27434,34083105,19615310,2024-07-29,2024-08-16,544.44,-3979,-14467795,414964222,-238212976,4.72698824623006,35.9476475540583,-0.737576668428896
470.32,475,41298,41293,23209476,19325124,2024-07-29,2024-12-20,544.44,-5,-3884352,593823985,-103340263,3.25435221347619,58.1192514478849,-0.201000107424925
520.76,535,13182,13191,21723936,18783984,2024-07-29,2024-12-20,544.44,9,-2939952,593823985,-103340263,3.16322420018114,61.282475648066,-0.156513761936765
528.65,540,15637,15870,22626739,18012450,2024-07-29,2024-10-18,544.44,233,-4614289,286531566,-65616371,6.2863754424879,23.2065059805662,-0.256172203115068
496.14,500,44949,45780,23418429,17671080,2024-07-29,2024-10-18,544.44,831,-5747349,286531566,-65616371,6.16723673649276,29.373742717059,-0.325240392777351
539.18,555,10763,11057,21644393,17492174,2024-07-29,2024-09-20,544.44,294,-4152219,587695471,-196533337,2.97640102113361,41.6849751425088,-0.237375811605807
478.59,480,123272,123396,25270760,17398836,2024-07-29,2024-09-20,544.44,124,-7871924,587695471,-196533337,2.96051898620127,44.6454941287101,-0.45243969194261
544.04,562,9704,9686,22804400,17396056,2024-07-29,2024-08-16,544.44,-18,-5408344,414964222,-238212976,4.19218213950021,40.1398296935585,-0.31089483731255
527.14,545,9164,9221,18502116,16468706,2024-07-29,2024-12-20,544.44,57,-2033410,593823985,-103340263,2.77333122541354,64.0558068734795,-0.123471145820443
511.27,515,39257,43702,21552093,16300846,2024-07-29,2024-09-20,544.44,4445,-5251247,587695471,-196533337,2.77368923266724,47.4191833613773,-0.322145672684719
497.63,500,66994,66539,22911948,15769743,2024-07-29,2024-09-20,544.44,-455,-7142205,587695471,-196533337,2.68331878977505,50.1025021511524,-0.452905605373531
527.53,535,19620,20593,20679480,15382971,2024-07-29,2024-09-20,544.44,973,-5296509,587695471,-196533337,2.61750715448341,52.7200093056358,-0.344309886562225
509.49,520,14276,14628,17002716,15374028,2024-07-29,2024-12-20,544.44,352,-1628688,593823985,-103340263,2.58898737476897,66.6447942482485,-0.10593762415419
537.18,550,11820,11955,20389500,15326310,2024-07-29,2024-09-20,544.44,135,-5063190,587695471,-196533337,2.60786593674464,55.3278752423804,-0.330359362429704
518.48,520,99029,100171,28619381,15225992,2024-07-29,2024-08-16,544.44,1142,-13393389,414964222,-238212976,3.66923006677911,43.8090597603376,-0.879639829050219
531.16,535,33108,39391,21222228,15126144,2024-07-29,2024-08-16,544.44,6283,-6096084,414964222,-238212976,3.64516823332302,47.4542279936606,-0.40301639333858
506.79,510,47524,46889,21956088,15051369,2024-07-29,2024-09-20,544.44,-635,-6904719,587695471,-196533337,2.56108303410764,57.8889582764881,-0.458743586712943
527.18,530,56240,52467,28007520,14795694,2024-07-29,2024-08-16,544.44,-3773,-13211826,414964222,-238212976,3.56553486194287,51.0197628556035,-0.892950746345525
485.49,490,32355,32342,17180505,14586242,2024-07-29,2024-11-15,544.44,-13,-2594263,171387260,-32661724,8.51069210161829,21.254195906977,-0.177856846197945
541.3,560,7738,7741,17905732,14475670,2024-07-29,2024-09-20,544.44,3,-3430062,587695471,-196533337,2.46312430745276,60.3520825839408,-0.236953591785389
500.66,505,30165,30685,17495700,13317290,2024-07-29,2024-10-18,544.44,520,-4178410,286531566,-65616371,4.64775668032331,34.0214993973823,-0.313758279649989
501.43,510,15122,15403,15666392,13200371,2024-07-29,2024-12-20,544.44,281,-2466021,593823985,-103340263,2.22294338616181,68.8677376344103,-0.186814522106992
502.24,505,50619,47417,21006885,13087092,2024-07-29,2024-09-20,544.44,-3202,-7919793,587695471,-196533337,2.22684921796854,62.5789318019094,-0.605160642257272
538.89,547,15703,15625,18969224,12671875,2024-07-29,2024-08-16,544.44,-78,-6297349,414964222,-238212976,3.05372712349162,54.0734899790951,-0.49695479161529
475.12,480,25716,25713,15455316,12547944,2024-07-29,2024-12-20,544.44,-3,-2907372,593823985,-103340263,2.11307463439693,70.9808122688072,-0.231701065927613
532.09,545,9976,9604,16260880,12398764,2024-07-29,2024-10-18,544.44,-372,-3862116,286531566,-65616371,4.32718955649026,38.3486889538725,-0.311492016462286
494.58,500,22900,22743,15709400,12326706,2024-07-29,2024-11-15,544.44,-157,-3382694,171387260,-32661724,7.19231172725441,28.4465076342314,-0.274419946415531
525.95,533,17211,17261,16436505,12169005,2024-07-29,2024-09-20,544.44,50,-4267500,587695471,-196533337,2.07063106668045,64.6495628685898,-0.350686025685748
537.83,555,6539,6572,13744978,11284124,2024-07-29,2024-10-18,544.44,33,-2460854,286531566,-65616371,3.93817831575318,42.2868672696257,-0.218081084539659
398.48,400,72974,72977,14156956,11092504,2024-07-29,2024-12-20,544.44,3,-3064452,593823985,-103340263,1.86797843808886,72.8487907068961,-0.276263321608899
541.66,568,4148,4148,11075160,10925832,2024-07-29,2024-10-18,544.44,0,-149328,286531566,-65616371,3.81313380320547,46.1000010728312,-0.0136674259681093
519.13,530,9951,10018,13364193,10889566,2024-07-29,2024-11-15,544.44,67,-2474627,171387260,-32661724,6.35377798793213,34.8002856221635,-0.227247532178969
429.4,430,179393,179251,14172047,10755060,2024-07-29,2024-09-20,544.44,-142,-3416987,587695471,-196533337,1.83003962608383,66.4796024946736,-0.317709710592038
533.16,555,4921,4913,11918662,10729992,2024-07-29,2024-12-20,544.44,-8,-1188670,593823985,-103340263,1.80693139230474,74.6557220992008,-0.110780138512685
526.5,540,7715,7751,12992060,10463850,2024-07-29,2024-11-15,544.44,36,-2528210,171387260,-32661724,6.10538379573838,40.9056694179019,-0.241613746374422
540.1,560,5147,5162,12198390,10272380,2024-07-29,2024-10-18,544.44,15,-1926010,286531566,-65616371,3.58507795263297,49.6850790254642,-0.187494037409052
498.87,505,16682,16685,12795094,10227905,2024-07-29,2024-11-15,544.44,3,-2567189,171387260,-32661724,5.9677160367696,46.8733854546715,-0.250998518269382
446.87,450,30588,31527,11348148,9867951,2024-07-29,2024-12-20,544.44,939,-1480197,593823985,-103340263,1.66176362849338,76.3174857276942,-0.150000440820997
535.1,555,5043,4948,11634201,9846520,2024-07-29,2024-11-15,544.44,-95,-1787681,171387260,-32661724,5.74518782784671,52.6185732825182,-0.181554600000812
522.7,535,7580,7606,11248720,9355380,2024-07-29,2024-11-15,544.44,26,-1893340,171387260,-32661724,5.4586204365482,58.0771937190664,-0.202379807127022
529.35,545,5955,5973,11254950,9347745,2024-07-29,2024-11-15,544.44,18,-1907205,171387260,-32661724,5.45416561300998,63.5313593320764,-0.204028351222674
513.61,520,14476,14597,12217744,9327483,2024-07-29,2024-10-18,544.44,121,-2890261,286531566,-65616371,3.25530730530402,52.9403863307682,-0.309865051482806
451.61,455,26508,26511,9489864,8987229,2024-07-29,2024-12-20,544.44,3,-502635,593823985,-103340263,1.51344998299454,77.8309357106888,-0.0559276947321583
531.43,544,6736,6889,10831488,8659473,2024-07-29,2024-10-18,544.44,153,-2172015,286531566,-65616371,3.02217068816774,55.9625570189359,-0.250825310039075
540.82,553,6994,6969,11183406,8488242,2024-07-29,2024-08-16,544.44,-25,-2695164,414964222,-238212976,2.04553586790911,56.1190258470042,-0.317517337512291
513.85,515,80962,73653,18135488,8470095,2024-07-29,2024-08-16,544.44,-7309,-9665393,414964222,-238212976,2.04116271980672,58.160188566811,-1.14111978673203
532.88,550,4891,4925,10241754,8431600,2024-07-29,2024-11-15,544.44,34,-1810154,171387260,-32661724,4.91961887948964,68.450978211566,-0.21468689216756
524.57,527,34349,34340,14392231,8344620,2024-07-29,2024-08-16,544.44,-9,-6047611,414964222,-238212976,2.01092517320686,60.1711137400178,-0.724731743326838
521.6,530,9876,9906,10774716,8321040,2024-07-29,2024-10-18,544.44,30,-2453676,286531566,-65616371,2.90405700012822,58.8666140190641,-0.294876121254074
520.37,526,14807,14730,11105250,8292990,2024-07-29,2024-09-20,544.44,-77,-2812260,587695471,-196533337,1.41110326848171,67.8907057631554,-0.339112913436529
492.94,495,34912,39757,10473600,8189942,2024-07-29,2024-09-20,544.44,4845,-2283658,587695471,-196533337,1.39356901731169,69.2842747804671,-0.27883689530402
539.9,545,12077,16040,10917608,8180400,2024-07-29,2024-08-02,544.44,3963,-2737208,67978121,-40663837,12.0338718982833,12.0338718982833,-0.334605642755855
539.63,556,4847,4909,9766705,8036033,2024-07-29,2024-09-20,544.44,62,-1730672,587695471,-196533337,1.36738045408555,70.6516552345526,-0.21536397374177
541.66,561,4159,4155,10642881,8035770,2024-07-29,2024-10-18,544.44,-4,-2607111,286531566,-65616371,2.80449728879086,61.671111307855,-0.324438230561601
513.85,518,905,19336,493225,8024440,2024-07-29,2024-09-20,544.44,18431,7531215,587695471,-196533337,1.36540783381331,72.0170630683659,0.938534651639242
540.19,563,3469,3469,9498122,7912789,2024-07-29,2024-10-18,544.44,0,-1585333,286531566,-65616371,2.76157671228447,64.4326880201395,-0.200350723366944
454.16,455,93746,93933,9843330,7890372,2024-07-29,2024-09-20,544.44,187,-1952958,587695471,-196533337,1.3425953388026,73.3596584071685,-0.247511524171484
540.67,570,2674,2671,8540756,7834043,2024-07-29,2024-12-20,544.44,-3,-706713.000000001,593823985,-103340263,1.31925338111764,79.1501890918064,-0.0902105081628989
538.07,560,3562,3563,8577296,7813659,2024-07-29,2024-11-15,544.44,1,-763637,171387260,-32661724,4.55906640902013,73.0100446205861,-0.0977310374051389
522.95,525,36369,37368,13638375,7660440,2024-07-29,2024-08-16,544.44,999,-5977935,414964222,-238212976,1.84604830823222,62.01716204825,-0.780364443817849
543.75,561,4389,4374,10305372,7545150,2024-07-29,2024-08-16,544.44,-15,-2760222,414964222,-238212976,1.81826519010114,63.8354272383512,-0.365827319536391
517.05,522,15287,15236,10517456,7541820,2024-07-29,2024-09-20,544.44,-51,-2975636,587695471,-196533337,1.28328707164735,74.6429454788159,-0.394551447793769
488.38,495,10979,11160,8453830,7387920,2024-07-29,2024-12-20,544.44,181,-1065910,593823985,-103340263,1.2441262371711,80.3943153289775,-0.144277415023444
524.94,535,7296,7234,9368064,7277404,2024-07-29,2024-10-18,544.44,-62,-2090660,286531566,-65616371,2.5398262751965,66.972514295336,-0.287281013943983
456.36,460,19661,19778,8650840,7199192,2024-07-29,2024-12-20,544.44,117,-1451648,593823985,-103340263,1.21234442896408,81.6066597579416,-0.201640406312264
520.3,522,41935,42222,13377265,7177740,2024-07-29,2024-08-16,544.44,287,-6199525,414964222,-238212976,1.72972502675182,65.565152265103,-0.863715459183532
473.74,475,55841,55917,10274744,7045542,2024-07-29,2024-09-20,544.44,76,-3229202,587695471,-196533337,1.1988423167549,75.8417877955708,-0.458332659148154
515.53,525,7679,7422,9276232,7028634,2024-07-29,2024-11-15,544.44,-257,-2247598,171387260,-32661724,4.10102477862124,77.1110693992074,-0.319777356453615
536.87,540,19828,22138,12451984,6929194,2024-07-29,2024-08-02,544.44,2310,-5522790,67978121,-40663837,10.1932708613702,22.2271427596535,-0.797032093487353
479.28,480,94924,94966,10916260,6837552,2024-07-29,2024-08-30,544.44,42,-4078708,156403479,-58681327,4.37173907109828,17.7912883894354,-0.596515829056949
543.4,570,2541,2566,7854231,6825560,2024-07-29,2024-09-20,544.44,25,-1028671,587695471,-196533337,1.16141102608565,77.0031988216564,-0.150708659802272
525.39,536,6334,6433,7315770,6825413,2024-07-29,2024-10-18,544.44,99,-490357.000000002,286531566,-65616371,2.38208065355005,69.354594948886,-0.0718428320747773
505.11,510,13642,13555,9071930,6628395,2024-07-29,2024-10-18,544.44,-87,-2443535,286531566,-65616371,2.3133210391207,71.6679159880067,-0.368646557726267
488.21,490,36169,36505,9765630,6534395,2024-07-29,2024-09-20,544.44,336,-3231235,587695471,-196533337,1.11186751003565,78.1150663316921,-0.494496430044404
542.76,559,3825,3824,7431975,6210176,2024-07-29,2024-08-16,544.44,-1,-1221799,414964222,-238212976,1.49655697304911,67.0617092381521,-0.196741445008966
538.91,550,5625,5555,8640000,6160495,2024-07-29,2024-08-30,544.44,-70,-2479505,156403479,-58681327,3.93884780529722,21.7301361947326,-0.402484702933774
525.6,530,13402,13700,9032948,6028000,2024-07-29,2024-08-30,544.44,298,-3004948,156403479,-58681327,3.85413421654131,25.5842704112739,-0.498498341074983
487.01,490,21695,20058,9046815,5997342,2024-07-29,2024-10-18,544.44,-1637,-3049473,286531566,-65616371,2.09308247734213,73.7609984653489,-0.508470752543377
526.75,537,6142,5769,8254848,5913225,2024-07-29,2024-10-18,544.44,-373,-2341623,286531566,-65616371,2.06372550241114,75.82472396776,-0.395997615514377
539.32,548,6950,6770,8798700,5876360,2024-07-29,2024-08-16,544.44,-180,-2922340,414964222,-238212976,1.41611244740034,68.4778216855525,-0.497304453777509
465.71,470,13652,13649,7180952,5855421,2024-07-29,2024-12-20,544.44,-3,-1325531,593823985,-103340263,0.986053299952174,82.5927130578937,-0.226376719965994
543,557,4218,4109,8225100,5752600,2024-07-29,2024-08-16,544.44,-109,-2472500,414964222,-238212976,1.38628818944299,69.8641098749954,-0.429805653095991
538.8,545,9677,9274,9996341,5749880,2024-07-29,2024-08-09,544.44,-403,-4246461,57119361,-21854332,10.0664291394997,10.0664291394997,-0.738530369329447
468.82,470,47982,47955,8060976,5658690,2024-07-29,2024-09-20,544.44,-27,-2402286,587695471,-196533337,0.962860916789335,79.0779272484814,-0.424530412515971
541.75,554,4542,4531,7766820,5550475,2024-07-29,2024-08-16,544.44,-11,-2216345,414964222,-238212976,1.33757917086163,71.2016890458571,-0.39930726649521
529.55,535,9937,9987,8048970,5442915,2024-07-29,2024-08-30,544.44,50,-2606055,156403479,-58681327,3.48004726928101,29.0643176805549,-0.478797666324019
499.43,500,99468,94241,11438820,5371737,2024-07-29,2024-08-16,544.44,-5227,-6067083,414964222,-238212976,1.29450605985014,72.4961951057072,-1.12944527999044
515.7,517,40852,40856,10703224,5311280,2024-07-29,2024-08-16,544.44,4,-5391944,414964222,-238212976,1.27993685200166,73.7761319577089,-1.01518729948336
538.6,556,3029,3031,5170503,5273940,2024-07-29,2024-10-18,544.44,2,103436.999999999,286531566,-65616371,1.84061395874268,77.6653379265027,0.0196128511132093
483.33,485,31048,31497,7575712,5259999,2024-07-29,2024-09-20,544.44,449,-2315713,587695471,-196533337,0.895021190319842,79.9729484388012,-0.440249703469525
404.62,405,137676,137472,6333096,5223936,2024-07-29,2024-09-20,544.44,-204,-1109160,587695471,-196533337,0.888884849003711,80.861833287805,-0.21232266245222
540.16,555,3508,3479,6538912,5162836,2024-07-29,2024-08-30,544.44,-29,-1376076,156403479,-58681327,3.30097260816046,32.3652902887154,-0.266534904459487
517.46,525,6792,6835,6615408,5153590,2024-07-29,2024-10-18,544.44,43,-1461818,286531566,-65616371,1.79861160567559,79.4639495321783,-0.28365042620775
542.14,575,1556,1552,5344860,5099872,2024-07-29,2024-12-20,544.44,-4,-244988.000000001,593823985,-103340263,0.858818796280181,83.4515318541739,-0.0480380684064229
535.74,548,3847,4123,6078260,5054798,2024-07-29,2024-09-20,544.44,276,-1023462,587695471,-196533337,0.860104977735995,81.7219382655409,-0.202473372823207
437.33,440,18699,18708,5684496,4995036,2024-07-29,2024-12-20,544.44,9,-689460,593823985,-103340263,0.841164406654945,84.2926962608289,-0.138029035226173
542.5,558,3099,3147,6222792,4877850,2024-07-29,2024-08-16,544.44,48,-1344942,414964222,-238212976,1.17548688330051,74.9516188410094,-0.27572434576709
535.82,545,4929,5296,6097173,4861728,2024-07-29,2024-08-30,544.44,367,-1235445,156403479,-58681327,3.10845259394773,35.4737428826631,-0.254116437612306
505.59,515,5235,5137,5821320,4833917,2024-07-29,2024-12-20,544.44,-98,-987403,593823985,-103340263,0.814031955950718,85.1067282167796,-0.204265609028868
418.03,420,24445,24427,5695685,4812119,2024-07-29,2024-12-20,544.44,-18,-883566,593823985,-103340263,0.810361171248413,85.917089388028,-0.183612666270306
517.28,520,16638,16734,7254168,4551648,2024-07-29,2024-08-30,544.44,96,-2702520,156403479,-58681327,2.91019613444788,38.383939017111,-0.593745386286462
544.59,600,817,808,4812130,4477128,2024-07-29,2024-11-15,544.44,-9,-335002,171387260,-32661724,2.61228751775365,79.723356916961,-0.074825200440997
459.01,460,44962,45168,5845060,4471632,2024-07-29,2024-09-20,544.44,206,-1373428,587695471,-196533337,0.760875695092774,82.4828139606337,-0.307142448215775
442.2,445,15819,15820,5394279,4429600,2024-07-29,2024-12-20,544.44,1,-964679,593823985,-103340263,0.745944945285428,86.6630343333134,-0.217780160736861
509.2,515,6659,7581,4954296,4396980,2024-07-29,2024-10-18,544.44,922,-557316,286531566,-65616371,1.53455343904413,80.9985029712224,-0.126749723673976
542.31,556,3226,3206,5784218,4389014,2024-07-29,2024-08-16,544.44,-20,-1395204,414964222,-238212976,1.05768492012307,76.0093037611325,-0.317885520529212
543.23,565,1942,1988,5152126,4327876,2024-07-29,2024-09-20,544.44,46,-824250,587695471,-196533337,0.736414727279734,83.2192286879135,-0.190451390012098
542.35,555,2126,3412,2838210,4316180,2024-07-29,2024-08-09,544.44,1286,1477970,57119361,-21854332,7.55642206851719,17.6228512080168,0.342425478084788
545.97,564,1962,2305,5085504,4155915,2024-07-29,2024-08-16,544.44,343,-929589,414964222,-238212976,1.0015116435749,77.0108154047074,-0.223678540104887
540.74,551,4019,4018,5775303,4122468,2024-07-29,2024-08-16,544.44,-1,-1652835,414964222,-238212976,0.993451430615143,78.0042668353225,-0.40093337292127
542.21,550,5209,5269,6828999,4104551,2024-07-29,2024-08-02,544.44,60,-2724448,67978121,-40663837,6.03804715343632,28.2651899130898,-0.663762735558652
541.21,552,3778,3762,5780340,4059198,2024-07-29,2024-08-16,544.44,-16,-1721142,414964222,-238212976,0.978204332999099,78.9824711683216,-0.424010358696472
521.6,525,11801,11856,6443346,4031040,2024-07-29,2024-08-30,544.44,55,-2412306,156403479,-58681327,2.57733397349812,40.9612729906091,-0.5984326625387
422.91,425,18977,18976,4478572,3965984,2024-07-29,2024-12-20,544.44,-1,-512588.000000001,593823985,-103340263,0.667871978933286,87.3309063122467,-0.129246108910172
509.12,510,43488,44824,7610400,3944512,2024-07-29,2024-08-16,544.44,1336,-3665888,414964222,-238212976,0.950566769585258,79.9330379379069,-0.929364139340937
520.15,528,4964,4963,4616520,3895955,2024-07-29,2024-10-18,544.44,-1,-720565.000000001,286531566,-65616371,1.35969486866239,82.3581978398848,-0.184952084918845
539.99,549,4466,4313,5814732,3886013,2024-07-29,2024-08-16,544.44,-153,-1928719,414964222,-238212976,0.93646940964467,80.8695073475515,-0.496323352495218
533.22,538,7453,7983,5612109,3815874,2024-07-29,2024-08-16,544.44,530,-1796235,414964222,-238212976,0.919566988596911,81.7890743361484,-0.470727020860752
429.75,430,151893,151949,5164362,3798725,2024-07-29,2024-08-30,544.44,56,-1365637,156403479,-58681327,2.42879827500512,43.3900712656142,-0.359498779195651
461.09,465,9510,9581,4174890,3746171,2024-07-29,2024-12-20,544.44,71,-428719,593823985,-103340263,0.630855454583903,87.9617617668306,-0.114441919495933
543.96,560,2310,2288,4855620,3669952,2024-07-29,2024-08-09,544.44,-22,-1185668,57119361,-21854332,6.42505787135819,24.047909079375,-0.323074525225398
502.94,510,4903,4902,4270513,3460812,2024-07-29,2024-11-15,544.44,-1,-809701,171387260,-32661724,2.01929361610659,81.7426505330676,-0.233962723199064
413.1,415,17653,17668,3671824,3356920,2024-07-29,2024-12-20,544.44,15,-314904,593823985,-103340263,0.565305559356953,88.5270673261876,-0.0938074187052418
536.72,543,4704,5242,4656960,3291976,2024-07-29,2024-08-16,544.44,538,-1364984,414964222,-238212976,0.793315622280323,82.5823899584288,-0.414639717908029
538.43,546,3998,4341,4469764,3286137,2024-07-29,2024-08-16,544.44,343,-1183627,414964222,-238212976,0.791908513018744,83.3742984714475,-0.360187965383062
543,557,2411,2344,4400075,3281600,2024-07-29,2024-08-02,544.44,-67,-1118475,67978121,-40663837,4.82743558033915,33.092625493429,-0.340832215992199
432.51,435,13075,13076,3752525,3255924,2024-07-29,2024-12-20,544.44,1,-496601,593823985,-103340263,0.548297825996368,89.075365152184,-0.152522294746438
538.68,565,1228,1228,3143680,3232096,2024-07-29,2024-12-20,544.44,0,88415.9999999995,593823985,-103340263,0.544285189154157,89.6196503413381,0.0273556231003038
539.82,552,2634,2626,4267080,3198468,2024-07-29,2024-08-30,544.44,-8,-1068612,156403479,-58681327,2.04501077626285,45.4350820418771,-0.334101200949955
531.66,541,3380,3331,4225000,3111154,2024-07-29,2024-09-20,544.44,-49,-1113846,587695471,-196533337,0.529381993484854,83.7486106813983,-0.358016993051453
535.35,541,5480,5477,4975840,3094505,2024-07-29,2024-08-16,544.44,-3,-1881335,414964222,-238212976,0.745728146172564,84.1200266176201,-0.607959916044731
533.92,540,5056,5086,4686912,3092288,2024-07-29,2024-08-23,544.44,30,-1594624,49138245,-13889440,6.29303712413823,6.29303712413823,-0.515677711778463
521.16,523,15474,16602,5555166,3054768,2024-07-29,2024-08-16,544.44,1128,-2500398,414964222,-238212976,0.736152139882556,84.8561787575026,-0.81852304332113
378.84,380,26328,26330,3896544,3054280,2024-07-29,2024-12-20,544.44,2,-842264,593823985,-103340263,0.514340962499182,90.1339913038373,-0.275765155781395
388.61,390,21544,21543,3317776,2994477,2024-07-29,2024-12-20,544.44,-1,-323299.000000001,593823985,-103340263,0.504270133177595,90.6382614370149,-0.107965097077052
498.73,500,23476,23499,4976912,2984373,2024-07-29,2024-08-30,544.44,23,-1992539,156403479,-58681327,1.90812443500697,47.3432064768841,-0.667657494555808
508.14,510,15990,16036,4717050,2982696,2024-07-29,2024-08-30,544.44,46,-1734354,156403479,-58681327,1.90705220821846,49.2502586851025,-0.581471930092775
543.2,560,1784,1771,3163032,2975280,2024-07-29,2024-08-23,544.44,-13,-187752,49138245,-13889440,6.0549171017402,12.3479542258784,-0.0631039767685729
537.26,544,4206,4413,4449948,2974362,2024-07-29,2024-08-16,544.44,207,-1475586,414964222,-238212976,0.716775529626263,85.5729542871289,-0.49610168500001
532.65,537,6802,6834,4999470,2972790,2024-07-29,2024-08-16,544.44,32,-2026680,414964222,-238212976,0.716396701786016,86.2893509889149,-0.681743412753676
427.65,430,12637,12638,3386716,2969930,2024-07-29,2024-12-20,544.44,1,-416786,593823985,-103340263,0.50013641668583,91.1383978537007,-0.140335294097841
533,543,2710,2955,3598880,2955000,2024-07-29,2024-09-20,544.44,245,-643880,587695471,-196533337,0.502811429697065,84.2514221110954,-0.217895093062606
479.6,485,5455,5456,3338460,2946240,2024-07-29,2024-12-20,544.44,1,-392220,593823985,-103340263,0.496147019053129,91.6345448727538,-0.133125610948192
449.23,450,37894,38032,4016764,2928464,2024-07-29,2024-09-20,544.44,138,-1088300,587695471,-196533337,0.49829616604277,84.7497182771381,-0.371628266558851
522.78,529,4637,4629,3816251,2879238,2024-07-29,2024-09-20,544.44,-8,-937013,587695471,-196533337,0.489920059295471,85.2396383364336,-0.325437841540019
520.39,529,3426,3295,3288960,2836995,2024-07-29,2024-10-18,544.44,-131,-451965.000000001,286531566,-65616371,0.990116041874423,83.3483138817592,-0.159311172561108
530.14,539,2927,3199,3527035,2834314,2024-07-29,2024-09-20,544.44,272,-692721,587695471,-196533337,0.482275964314859,85.7219143007485,-0.244405171762903
537.58,567,959,959,2821378,2821378,2024-07-29,2024-09-20,544.44,0,0,587695471,-196533337,0.480074824330236,86.2019891250787,0
538.46,553,1928,1929,3117576,2804766,2024-07-29,2024-09-20,544.44,1,-312810,587695471,-196533337,0.477248190330192,86.6792373154089,-0.111528020519359
540.98,561,1385,1386,2631500,2774772,2024-07-29,2024-09-20,544.44,1,143272,587695471,-196533337,0.472144526701653,87.1513818421106,0.0516337918935322
539.27,565,1092,1075,3232320,2765975,2024-07-29,2024-11-15,544.44,-17,-466345,171387260,-32661724,1.61387433348313,83.3565248665508,-0.16860058388091
482.23,485,9803,9798,3450656,2714046,2024-07-29,2024-10-18,544.44,-5,-736610,286531566,-65616371,0.947206633422022,84.2955205151812,-0.271406601067189
536.44,549,1763,2154,2908950,2705424,2024-07-29,2024-09-20,544.44,391,-203526,587695471,-196533337,0.460344537860153,87.6117263799707,-0.0752288735517982
408.26,410,15461,15461,2968512,2690214,2024-07-29,2024-12-20,544.44,0,-278298,593823985,-103340263,0.453032223007968,92.0875770957618,-0.103448275862069
537.02,545,3034,3370,3558882,2689260,2024-07-29,2024-08-23,544.44,336,-869622,49138245,-13889440,5.47284503140069,17.8207992572791,-0.323368510296513
464.48,465,51713,51715,3568197,2689180,2024-07-29,2024-08-30,544.44,2,-879017,156403479,-58681327,1.71938630597853,50.9696449910811,-0.326871760164809
520.98,527,4260,4447,3433560,2677094,2024-07-29,2024-09-20,544.44,187,-756466,587695471,-196533337,0.455524014068844,88.0672503940395,-0.282569831317092
541.9,563,1264,1264,2865488,2667040,2024-07-29,2024-08-30,544.44,0,-198448,156403479,-58681327,1.70523061063111,52.6748756017122,-0.0744075829383886
543.92,565,1299,1259,3451443,2653972,2024-07-29,2024-08-30,544.44,-40,-797471.000000001,156403479,-58681327,1.69687529776751,54.3717508994797,-0.300482069893729
540.87,552.5,2287,2273,3659200,2643499,2024-07-29,2024-08-23,544.44,-14,-1015701,49138245,-13889440,5.37971797731075,23.2005172345899,-0.384225982306027
529.56,533,7422,7676,4312182,2640544,2024-07-29,2024-08-16,544.44,254,-1671638,414964222,-238212976,0.636330522008232,86.9256815109231,-0.633065762206576
542.95,552,2957,2908,4287650,2631740,2024-07-29,2024-08-02,544.44,-49,-1655910,67978121,-40663837,3.87145152188011,36.9640770153091,-0.629207292513698
534.08,539,5002,5233,4086634,2574636,2024-07-29,2024-08-16,544.44,231,-1511998,414964222,-238212976,0.620447706935081,87.5461292178582,-0.587266704885661
462.29,465,9433,9432,3131756,2556072,2024-07-29,2024-11-15,544.44,-1,-575684,171387260,-32661724,1.4914014028814,84.8479262694322,-0.22522213771756
543.53,556,2130,2048,3195000,2553856,2024-07-29,2024-08-02,544.44,-82,-641144,67978121,-40663837,3.75687936417072,40.7209563794798,-0.251049393544507
531.92,536,6257,6254,4436213,2551632,2024-07-29,2024-08-16,544.44,-3,-1884581,414964222,-238212976,0.614904096478949,88.1610333143372,-0.738578682192417
545.22,563,1424,1421,2570320,2526538,2024-07-29,2024-08-16,544.44,-3,-43782,414964222,-238212976,0.608856828143608,88.7698901424808,-0.0173288507831665
528.31,537,2646,2906,2955582,2525314,2024-07-29,2024-09-20,544.44,260,-430268,587695471,-196533337,0.429697713290698,88.4969481073303,-0.170381980221074
519.23,527,3198,3198,2897388,2484846,2024-07-29,2024-10-18,544.44,0,-412542,286531566,-65616371,0.867215446691832,85.162735961873,-0.166023166023166
536,558,1127,1127,2479400,2479400,2024-07-29,2024-10-18,544.44,0,0,286531566,-65616371,0.865314783502771,86.0280507453758,0
532.07,542,2208,2491,2872608,2473563,2024-07-29,2024-09-20,544.44,283,-399045,587695471,-196533337,0.420891962259141,88.9178400695894,-0.161323968704254
383.37,385,15135,15135,2467005,2467005,2024-07-29,2024-12-20,544.44,0,0,593823985,-103340263,0.415443812024535,92.5030209077863,0
529.44,538,2784,2853,3151488,2442168,2024-07-29,2024-09-20,544.44,69,-709320,587695471,-196533337,0.415549909861395,89.3333899794508,-0.290446848865434
399.29,400,34376,34388,2990712,2441548,2024-07-29,2024-10-18,544.44,12,-549164,286531566,-65616371,0.852104371634921,86.8801551170107,-0.224924515102714
531.57,552,1135,1171,2692220,2392353,2024-07-29,2024-12-20,544.44,36,-299867,593823985,-103340263,0.402872410079563,92.9058933178659,-0.125343960527564
540.3,548,2177,3096,2383815,2383920,2024-07-29,2024-08-02,544.44,919,105,67978121,-40663837,3.50689304872078,44.2278494282006,4.40451021846371e-05
536.03,542,4331,3985,4045154,2379045,2024-07-29,2024-08-16,544.44,-346,-1666109,414964222,-238212976,0.573313281933978,89.3432034244147,-0.70032681180894
528.03,536,2901,2982,2982228,2376654,2024-07-29,2024-09-20,544.44,81,-605574,587695471,-196533337,0.40440229970736,89.7377922791581,-0.254801077481198
403.38,405,14621,14621,2880337,2368602,2024-07-29,2024-12-20,544.44,0,-511735,593823985,-103340263,0.398872740042658,93.3047660579085,-0.216049382716049
541.23,562,1126,1126,2016666,2338702,2024-07-29,2024-08-30,544.44,0,322036,156403479,-58681327,1.49530049775939,55.8670513972391,0.137698603755416
524.06,528,6003,5931,3679839,2336814,2024-07-29,2024-08-30,544.44,-72,-1343025,156403479,-58681327,1.49409336348586,57.3611447607249,-0.57472481763632
439.36,440,36494,36496,3539918,2335744,2024-07-29,2024-09-20,544.44,2,-1204174,587695471,-196533337,0.397441211521605,90.1352334906797,-0.515541942952652
535.79,540,4080,5533,3035520,2329393,2024-07-29,2024-08-09,544.44,1453,-706127,57119361,-21854332,4.07811459935625,28.1260236787313,-0.303137770225977
463.94,465,21837,21859,3384735,2317054,2024-07-29,2024-09-20,544.44,22,-1067681,587695471,-196533337,0.394260993037328,90.5294944837171,-0.460792454556519
525.42,528,8869,8958,4088609,2311164,2024-07-29,2024-08-16,544.44,89,-1777445,414964222,-238212976,0.556955004183469,89.9001584285982,-0.769069178993789
444.21,445,29221,29221,3155868,2308459,2024-07-29,2024-09-20,544.44,0,-847409,587695471,-196533337,0.392798500909326,90.9222929846264,-0.367088607594937
542.97,560,1349,1351,3025807,2300753,2024-07-29,2024-08-30,544.44,2,-725054,156403479,-58681327,1.47103697098707,58.832181731712,-0.315137696223801
542.67,559,1407,1406,2118942,2295998,2024-07-29,2024-08-30,544.44,-1,177056,156403479,-58681327,1.46799675728441,60.3001784889964,0.0771150497517853
542.39,556,1673,1683,3018092,2290563,2024-07-29,2024-08-09,544.44,10,-727529.000000001,57119361,-21854332,4.01013414698389,32.1361578257152,-0.317620165871884
541.76,554,1870,1870,2827440,2288880,2024-07-29,2024-08-09,544.44,0,-538560,57119361,-21854332,4.00718768545047,36.1433455111656,-0.235294117647059
525.25,532,3258,3372,2788848,2276100,2024-07-29,2024-09-20,544.44,114,-512748.000000001,587695471,-196533337,0.387292417980876,91.3095854026073,-0.225274812178727
469.75,470,90846,90839,4451454,2270975,2024-07-29,2024-08-16,544.44,-7,-2180479,414964222,-238212976,0.547270072840159,90.4474285014384,-0.960151036449102
531.39,538,3407,3355,3246871,2217655,2024-07-29,2024-08-30,544.44,-52,-1029216,156403479,-58681327,1.41790643928068,61.7180849282771,-0.464101043670003
535.25,547,1684,1882,2495688,2211350,2024-07-29,2024-09-20,544.44,198,-284338,587695471,-196533337,0.376274807127108,91.6858602097344,-0.12858118343998
528,533,4242,4350,3334212,2175000,2024-07-29,2024-08-30,544.44,108,-1159212,156403479,-58681327,1.39063402803207,63.1087189563092,-0.532971034482759
523.03,527,5311,5441,3160045,2160077,2024-07-29,2024-08-30,544.44,130,-999968,156403479,-58681327,1.38109268016986,64.489811636479,-0.462931645492267
541.3,550,2443,2476,3312708,2154120,2024-07-29,2024-08-09,544.44,33,-1158588,57119361,-21854332,3.77126067639307,39.9146061875587,-0.537847473678347
521.87,531,2291,2358,2316201,2152854,2024-07-29,2024-10-18,544.44,67,-163347,286531566,-65616371,0.751349678520237,87.631504795531,-0.0758746296776279
533.58,544,1776,2066,2505936,2152772,2024-07-29,2024-09-20,544.44,290,-353164,587695471,-196533337,0.366307400044606,92.052167609779,-0.164050814484767
434.41,435,36209,36206,2607048,2136154,2024-07-29,2024-09-20,544.44,-3,-470894.000000001,587695471,-196533337,0.363479745107649,92.4156473548866,-0.220440099356133
528.52,544,1350,1371,2430000,2122308,2024-07-29,2024-11-15,544.44,21,-307692,171387260,-32661724,1.23831141241187,86.086237681844,-0.144979899241769
543.7,558,1283,1481,2355588,2117830,2024-07-29,2024-08-09,544.44,198,-237758,57119361,-21854332,3.70772705247876,43.6223332400375,-0.112264912670044
528.66,532,6547,6290,3607397,2100860,2024-07-29,2024-08-16,544.44,-257,-1506537,414964222,-238212976,0.506274972303516,90.9537034737419,-0.717104899898137
543,553,2276,2096,3480004,2096000,2024-07-29,2024-08-02,544.44,-180,-1384004,67978121,-40663837,3.08334500743261,47.3111944356332,-0.660307251908397
533.85,557,895,896,2111305,2074240,2024-07-29,2024-12-20,544.44,1,-37065.0000000002,593823985,-103340263,0.349302158955402,93.654068216864,-0.017869195464363
541.76,551,2237,2226,2460700,2056824,2024-07-29,2024-08-02,544.44,-11,-403876,67978121,-40663837,3.02571470017537,50.3369091358086,-0.196359046763359
537.17,548,1622,1897,2351900,2054451,2024-07-29,2024-08-30,544.44,275,-297449,156403479,-58681327,1.31355837679288,65.8033700132719,-0.144782718108147
491.55,495,5944,5933,2680744,2046885,2024-07-29,2024-10-18,544.44,-11,-633859,286531566,-65616371,0.714366318718267,88.3458711142492,-0.30967005962719
537.72,552,1256,1419,2274616,2026332,2024-07-29,2024-09-20,544.44,163,-248284,587695471,-196533337,0.344792856162746,92.7604402110494,-0.122528786003478
414.81,415,105118,105123,2312596,1997337,2024-07-29,2024-08-30,544.44,5,-315259,156403479,-58681327,1.27704128627471,67.0804112995466,-0.157839663511966
519.36,521,12445,12031,3770835,1973084,2024-07-29,2024-08-16,544.44,-414,-1797751,414964222,-238212976,0.475482920067263,91.4291863938091,-0.91113758968194
538.82,551,1544,1616,2475032,1968288,2024-07-29,2024-08-30,544.44,72,-506744.000000001,156403479,-58681327,1.25846817000791,68.3388794695545,-0.257454193695232
526.34,528,11704,11787,4002768,1956642,2024-07-29,2024-08-09,544.44,83,-2046126,57119361,-21854332,3.42553201881933,47.0478652588568,-1.0457334555836
521.99,528,3188,3250,2524896,1953250,2024-07-29,2024-09-20,544.44,62,-571646,587695471,-196533337,0.332357504248999,93.0927977152984,-0.292664021502624
538.8,543,3038,4648,2475970,1952160,2024-07-29,2024-08-02,544.44,1610,-523810,67978121,-40663837,2.87174751417445,53.208656649983,-0.268323293172691
379.76,380,80890,81111,2588480,1946664,2024-07-29,2024-09-20,544.44,221,-641816,587695471,-196533337,0.33123685583073,93.4240345711291,-0.329700451644454
533.22,535,8001,10878,3304413,1936284,2024-07-29,2024-08-02,544.44,2877,-1368129,67978121,-40663837,2.84839294101701,56.057049591,-0.70657455208017
540.85,549,1776,2372,1344432,1933180,2024-07-29,2024-08-09,544.44,596,588748,57119361,-21854332,3.38445662933799,50.4323218881948,0.304548981470944
543.42,554,1847,1815,2822216,1920270,2024-07-29,2024-08-02,544.44,-32,-901946,67978121,-40663837,2.82483536136576,58.8818849523658,-0.469697490457071
541.7,562,897,943,2250573,1914290,2024-07-29,2024-09-20,544.44,46,-336283,587695471,-196533337,0.325728220559998,93.7497627916891,-0.175669830589931
541.52,549,2127,2553,2505606,1909644,2024-07-29,2024-08-02,544.44,426,-595962,67978121,-40663837,2.80920386134239,61.6910888137082,-0.312080157348699
319.42,320,32483,32478,2501191,1883724,2024-07-29,2024-12-20,544.44,-5,-617467,593823985,-103340263,0.317219251425151,93.9712874682891,-0.327790589279534
489.59,490,46945,44960,3755600,1843360,2024-07-29,2024-08-16,544.44,-1985,-1912240,414964222,-238212976,0.444221429769432,91.8734078235786,-1.0373665480427
542.95,559,1164,1147,1601664,1840935,2024-07-29,2024-08-09,544.44,-17,239271,57119361,-21854332,3.22296147535684,53.6552833635516,0.129972541127199
538.42,549,1437,1733,2066406,1833514,2024-07-29,2024-08-30,544.44,296,-232892,156403479,-58681327,1.1722974525394,69.5111769220939,-0.127019482807331
539.44,544,2465,3975,2134690,1812600,2024-07-29,2024-08-02,544.44,1510,-322090,67978121,-40663837,2.6664461643475,64.3575349780557,-0.177695023722829
479.7,480,60319,60349,3679459,1810470,2024-07-29,2024-08-16,544.44,30,-1868989,414964222,-238212976,0.436295445249253,92.3097032688278,-1.03232254607919
541.92,558,1103,1122,2434321,1804176,2024-07-29,2024-09-20,544.44,19,-630145,587695471,-196533337,0.306991646018657,94.0567544377078,-0.349270248578853
540.6,559,984,977,2213016,1797680,2024-07-29,2024-09-20,544.44,-7,-415336,587695471,-196533337,0.305886311654085,94.3626407493618,-0.231040007120288
534.3,546,1478,1525,2143100,1784250,2024-07-29,2024-09-20,544.44,47,-358850,587695471,-196533337,0.303601114530284,94.6662418638921,-0.201120919153706
525.94,531,3611,3522,2502423,1782132,2024-07-29,2024-08-30,544.44,-89,-720291,156403479,-58681327,1.13944524213557,70.6506221642295,-0.404173764906303
349.17,350,21441,21445,2144100,1779935,2024-07-29,2024-12-20,544.44,4,-364165,593823985,-103340263,0.299741176672074,94.2710286449612,-0.204594549800976
544.04,565,132,846,332772,1773216,2024-07-29,2024-08-23,544.44,714,1440444,49138245,-13889440,3.6086270480356,26.8091442826255,0.812334199556061
538.66,550,1502,1542,2182406,1748628,2024-07-29,2024-08-23,544.44,40,-433778,49138245,-13889440,3.55858863091264,30.3677329135381,-0.248067627877399
535.55,538,3812,7001,2058480,1715245,2024-07-29,2024-08-02,544.44,3189,-343235,67978121,-40663837,2.52323096721076,66.8807659452664,-0.200108439319164
393.49,395,11279,11153,1917430,1684103,2024-07-29,2024-12-20,544.44,-126,-233327,593823985,-103340263,0.283603061267389,94.5546317062286,-0.138546751594172
543.66,555,1525,1468,2642825,1664712,2024-07-29,2024-08-02,544.44,-57,-978113,67978121,-40663837,2.44889381393758,69.329659759204,-0.587556886716741
536.67,547,1484,1604,1807512,1656932,2024-07-29,2024-08-30,544.44,120,-150580,156403479,-58681327,1.05939587187827,71.7100180361078,-0.0908788049237989
541.4,565,680,693,1810160,1635480,2024-07-29,2024-10-18,544.44,13,-174680,286531566,-65616371,0.57078527955276,88.916656393802,-0.106806564433683
542.14,563,731,779,1717119,1624994,2024-07-29,2024-09-20,544.44,48,-92125,587695471,-196533337,0.276502726358427,94.9427445902506,-0.0566925170185244
441.47,443,10516,10516,1608948,1608948,2024-07-29,2024-10-18,544.44,0,0,286531566,-65616371,0.561525566785197,89.4781819605872,0
538.87,554,1034,1062,1864302,1606806,2024-07-29,2024-09-20,544.44,28,-257496,587695471,-196533337,0.273407926262546,95.2161525165131,-0.160253322429714
530.31,534,4437,4342,2804184,1602198,2024-07-29,2024-08-16,544.44,-95,-1201986,414964222,-238212976,0.386105094139899,92.6958083629677,-0.750210648122142
526.59,534,2181,2137,2213715,1583517,2024-07-29,2024-09-20,544.44,-44,-630198,587695471,-196533337,0.269445159634385,95.4855976761475,-0.397973624533238
536.93,561,658,656,1506820,1578992,2024-07-29,2024-12-20,544.44,-2,72172,593823985,-103340263,0.265902361623201,94.8205340678518,0.0457076413306717
518.81,524,2977,3032,2119624,1573608,2024-07-29,2024-09-20,544.44,55,-546016,587695471,-196533337,0.267759082322416,95.7533567584699,-0.346983492712289
516.64,518,4862,11516,1273844,1566176,2024-07-29,2024-08-16,544.44,6654,292332,414964222,-238212976,0.377424345754801,93.0732327087225,0.186653351858284
542.12,559,922,924,1995208,1559712,2024-07-29,2024-08-23,544.44,2,-435496,49138245,-13889440,3.17413045581909,33.5418633693572,-0.279215650068731
464.61,465,39976,39976,1559064,1559064,2024-07-29,2024-08-16,544.44,0,0,414964222,-238212976,0.375710463057704,93.4489431717802,0
533.25,541,1822,2008,1924032,1556200,2024-07-29,2024-08-30,544.44,186,-367832,156403479,-58681327,0.994990654907363,72.7050086910151,-0.236365505719059
540.47,557,927,938,1897569,1550514,2024-07-29,2024-09-20,544.44,11,-347055,587695471,-196533337,0.263829496143931,96.0171862546138,-0.223832225958617
449.83,450,91079,91199,2732370,1550383,2024-07-29,2024-08-16,544.44,120,-1181987,414964222,-238212976,0.373618475474254,93.8225616472545,-0.762383875468191
508.98,511,7717,7653,2430855,1545906,2024-07-29,2024-08-30,544.44,-64,-884949,156403479,-58681327,0.988408959879978,73.6934176508951,-0.572446837000439
526.23,529,5444,5524,2553236,1530148,2024-07-29,2024-08-16,544.44,80,-1023088,414964222,-238212976,0.368742151461916,94.1913037987164,-0.668620290324857
477.44,480,5845,5907,1952230,1512192,2024-07-29,2024-10-18,544.44,62,-440038,286531566,-65616371,0.527757559528363,90.0059395201156,-0.290993471728458
528.85,541,1216,1239,1616064,1505385,2024-07-29,2024-10-18,544.44,23,-110679,286531566,-65616371,0.525381905042881,90.5313214251584,-0.0735220558196076
541.47,552,1435,1429,1435000,1504737,2024-07-29,2024-08-09,544.44,-6,69737,57119361,-21854332,2.63437295805883,56.2896563216105,0.0463449758994429
536.91,542,2711,2953,2355859,1503077,2024-07-29,2024-08-09,544.44,242,-852782,57119361,-21854332,2.63146676308231,58.9211230846928,-0.567357493993987
453.45,455,9674,9677,1818712,1499935,2024-07-29,2024-10-18,544.44,3,-318777,286531566,-65616371,0.523479845847072,91.0548012710055,-0.212527209512412
537.31,551,1086,1083,1762578,1482627,2024-07-29,2024-09-20,544.44,-3,-279951,587695471,-196533337,0.252278105440768,96.2694643600546,-0.188820923941086
544.11,557.5,941,1097,1764375,1468883,2024-07-29,2024-08-09,544.44,156,-295492,57119361,-21854332,2.57160264800581,61.4927257326986,-0.201167826164507
501.35,502,22592,22479,2485120,1461135,2024-07-29,2024-08-16,544.44,-113,-1023985,414964222,-238212976,0.352111079108888,94.5434148778253,-0.700814777553067
523.68,525,10939,10956,3008225,1446192,2024-07-29,2024-08-09,544.44,17,-1562033,57119361,-21854332,2.53187706354068,64.0246027962393,-1.08010070585372
509.34,513,15822,3943,8069220,1443138,2024-07-29,2024-09-20,544.44,-11879,-6626082,587695471,-196533337,0.245558809147263,96.5150231692019,-4.59144031963679
532.06,549,842,849,1742940,1438206,2024-07-29,2024-11-15,544.44,7,-304734,171387260,-32661724,0.839155722543204,86.9253934043872,-0.211884806488083
540.4,558,796,795,1674784,1399200,2024-07-29,2024-08-30,544.44,-1,-275584,156403479,-58681327,0.894609256102289,74.5880269069974,-0.196958261863922
543.51,557,1025,1029,1742500,1388121,2024-07-29,2024-08-09,544.44,4,-354379,57119361,-21854332,2.43021101023872,66.454813806478,-0.255294026961627
522.26,525,4849,5061,2264483,1386714,2024-07-29,2024-08-23,544.44,212,-877769,49138245,-13889440,2.82206660005867,36.3639299694159,-0.632984883689066
526.96,532,2953,2749,2220656,1385496,2024-07-29,2024-08-30,544.44,-204,-835160,156403479,-58681327,0.885847302667737,75.4738742096651,-0.602787738109673
476.36,480,3648,3800,1389888,1383200,2024-07-29,2024-11-15,544.44,152,-6688,171387260,-32661724,0.807061154953991,87.7324545593412,-0.00483516483516484
368.87,370,12174,12174,1436532,1375662,2024-07-29,2024-12-20,544.44,0,-60870,593823985,-103340263,0.231661575609816,95.0521956434616,-0.0442477876106195
490.17,495,2837,2842,1705037,1372686,2024-07-29,2024-11-15,544.44,5,-332351,171387260,-32661724,0.800926509940121,88.5333810692814,-0.242117279552644
467.97,470,6780,6760,1844160,1372280,2024-07-29,2024-10-18,544.44,-20,-471880,286531566,-65616371,0.478928035454216,91.5337293064597,-0.34386568338823
539.49,546,659,2103,719628,1369053,2024-07-29,2024-08-09,544.44,1444,649425,57119361,-21854332,2.39682828384582,68.8516420903238,0.474360744251684
539.47,547.5,1350,1694,1521450,1360282,2024-07-29,2024-08-09,544.44,344,-161168,57119361,-21854332,2.38147271990665,71.2331148102305,-0.118481314903821
540.55,546,2363,2489,2367726,1356505,2024-07-29,2024-08-02,544.44,126,-1011221,67978121,-40663837,1.99550234699779,71.3251621062018,-0.745460576997505
541.37,554,1073,1070,1472156,1351410,2024-07-29,2024-08-23,544.44,-3,-120746,49138245,-13889440,2.75022032227647,39.1141502916924,-0.0893481622897568
523.58,536,925,1086,1277425,1348812,2024-07-29,2024-11-15,544.44,161,71387,171387260,-32661724,0.786996653076781,89.3203777223581,0.0529258339931733
541.73,556,938,939,1759688,1339953,2024-07-29,2024-08-23,544.44,1,-419735,49138245,-13889440,2.72690447125248,41.8410547629448,-0.313246061615594
529.02,530,13406,13509,3579402,1323882,2024-07-29,2024-08-02,544.44,103,-2255520,67978121,-40663837,1.94751190607343,73.2726740122752,-1.70371679651208
542.88,564,624,624,1317888,1317888,2024-07-29,2024-08-30,544.44,0,0,156403479,-58681327,0.842620642728798,76.3164948523939,0
544.05,560,816,823,1750320,1312685,2024-07-29,2024-08-02,544.44,7,-437635,67978121,-40663837,1.93104042990538,75.2037144421806,-0.333389198474882
524.06,531,1827,1856,1512756,1288064,2024-07-29,2024-09-20,544.44,29,-224692,587695471,-196533337,0.219172014003831,96.7341951832057,-0.174441642651297
494.48,495,24708,24718,2100180,1285336,2024-07-29,2024-08-16,544.44,10,-814844,414964222,-238212976,0.309746221928502,94.8531610997538,-0.633954078933446
526.19,530,3358,3370,1937566,1283970,2024-07-29,2024-08-23,544.44,12,-653596,49138245,-13889440,2.61297488341311,44.454029646358,-0.509043046177091
512.82,515,5171,5878,1835705,1281404,2024-07-29,2024-08-30,544.44,707,-554301,156403479,-58681327,0.819293795888006,77.1357886482819,-0.432573177545879
542.83,556,1009,965,1954433,1270905,2024-07-29,2024-08-30,544.44,-44,-683528,156403479,-58681327,0.812581029607404,77.9483696778893,-0.537827768401258
448.57,450,8884,8865,1661308,1267695,2024-07-29,2024-10-18,544.44,-19,-393613,286531566,-65616371,0.442427693987475,91.9761570004472,-0.310495032322444
527.95,531,4113,4150,2245698,1265750,2024-07-29,2024-08-16,544.44,37,-979948,414964222,-238212976,0.305026296941812,95.1581873966956,-0.77420343669761
540.92,547,1724,2081,1708484,1265248,2024-07-29,2024-08-02,544.44,357,-443236,67978121,-40663837,1.86125768318898,77.0649721253696,-0.350315511267356
516.21,521,2905,2634,1833055,1261686,2024-07-29,2024-09-20,544.44,-271,-571369,587695471,-196533337,0.214683635021581,96.9488788182273,-0.45286148851616
419.9,420,124915,124942,1873725,1249420,2024-07-29,2024-08-16,544.44,27,-624305,414964222,-238212976,0.301091017914311,95.4592784146099,-0.499675849594212
504.3,505,18377,17791,2591157,1245370,2024-07-29,2024-08-16,544.44,-586,-1345787,414964222,-238212976,0.300115030157949,95.7593934447679,-1.08063226189807
399.66,400,36536,36621,1826800,1245114,2024-07-29,2024-09-20,544.44,85,-581686,587695471,-196533337,0.211863807267625,97.1607426254949,-0.467174893222628
512.71,514,9540,9592,2003400,1237368,2024-07-29,2024-08-16,544.44,52,-766032,414964222,-238212976,0.298186671139084,96.057580115907,-0.619081792967007
493.9,495,10745,11151,1923355,1226610,2024-07-29,2024-08-30,544.44,406,-696745,156403479,-58681327,0.784260048333068,78.7326297262224,-0.568024881584204
540.87,553,1012,1005,1663728,1219065,2024-07-29,2024-08-23,544.44,-7,-444663,49138245,-13889440,2.48088835895543,46.9349180053134,-0.364757416544647
530.36,537,1710,1832,1561230,1216448,2024-07-29,2024-08-30,544.44,122,-344782,156403479,-58681327,0.777762750405316,79.5103924766277,-0.283433406113537
542.55,566,477,514,1316520,1205330,2024-07-29,2024-09-20,544.44,37,-111190,587695471,-196533337,0.205094314909226,97.3658369404041,-0.0922485958202318
542.7,558,795,781,1619415,1194930,2024-07-29,2024-08-23,544.44,-14,-424485,49138245,-13889440,2.43177183067893,49.3666898359923,-0.355238382164646
541.87,552.5,1227,1118,1711665,1188434,2024-07-29,2024-08-02,544.44,-109,-523231,67978121,-40663837,1.74825956133739,78.813231686707,-0.440269295560376
507.28,515,1528,1535,1422568,1185020,2024-07-29,2024-11-15,544.44,7,-237548,171387260,-32661724,0.691428289360598,90.0118060117187,-0.200459063982043
489.29,490,3870,16685,464400,1184635,2024-07-29,2024-08-23,544.44,12815,720235,49138245,-13889440,2.41082073647522,51.7775105724675,0.607980517205722
538.9,562,511,512,1086386,1182720,2024-07-29,2024-10-18,544.44,1,96334,286531566,-65616371,0.412771275608775,92.388928276056,0.0814512310606061
537.78,563,470,467,1204610,1177774,2024-07-29,2024-12-20,544.44,-3,-26836,593823985,-103340263,0.198337222771492,95.2505328662331,-0.0227853561039724
533.58,548,834,813,1409460,1172346,2024-07-29,2024-10-18,544.44,-21,-237114,286531566,-65616371,0.409150732104678,92.7980790081607,-0.202255989272791
543.36,570,449,438,1474516,1166832,2024-07-29,2024-10-18,544.44,-11,-307684,286531566,-65616371,0.407226336800882,93.2053053449616,-0.263691773965747
537.63,541,3356,3449,2258588,1162313,2024-07-29,2024-08-02,544.44,93,-1096275,67978121,-40663837,1.70983396260688,80.5230656493139,-0.943183978842188
543.28,557,849,847,1740450,1162084,2024-07-29,2024-08-30,544.44,-2,-578366,156403479,-58681327,0.74300393279615,80.2533964094239,-0.497697240474871
523.8,526,5196,5275,2083596,1160500,2024-07-29,2024-08-16,544.44,79,-923096,414964222,-238212976,0.279662664507978,96.3372427804149,-0.795429556225764
539.09,552,888,897,1409256,1158027,2024-07-29,2024-08-23,544.44,9,-251229,49138245,-13889440,2.35667146842546,54.134182040893,-0.216945718882202
373.84,375,9924,9922,1290120,1150952,2024-07-29,2024-12-20,544.44,-2,-139168,593823985,-103340263,0.193820396122935,95.444353262356,-0.120915555123064
545.61,566,560,559,1193360,1139801,2024-07-29,2024-08-30,544.44,-1,-53558.9999999998,156403479,-58681327,0.728756807257465,80.9821532166813,-0.0469897815495861
544.36,565,429,550,1172028,1135200,2024-07-29,2024-08-16,544.44,121,-36828,414964222,-238212976,0.27356575333861,96.6108085337535,-0.0324418604651163
537.75,543,1544,2162,1403496,1135050,2024-07-29,2024-08-09,544.44,618,-268446,57119361,-21854332,1.9871545831894,73.2202693934199,-0.236505880798203
541.39,569,409,408,1143155,1126488,2024-07-29,2024-12-20,544.44,-1,-16667,593823985,-103340263,0.189700656836891,95.6340539191929,-0.0147955415414989
523.63,527,3269,3281,1379518,1105697,2024-07-29,2024-08-23,544.44,12,-273821,49138245,-13889440,2.25017600852452,56.3843580494175,-0.247645602728415
466.93,470,3550,3570,1356100,1095990,2024-07-29,2024-11-15,544.44,20,-260110,171387260,-32661724,0.639481604408636,90.6512876161274,-0.237328807744596
409.61,410,28415,27942,1420750,1089738,2024-07-29,2024-09-20,544.44,-473,-331012,587695471,-196533337,0.185425624966234,97.5512625653704,-0.303753746313334
542.16,573,353,353,1088652,1088652,2024-07-29,2024-09-20,544.44,0,0,587695471,-196533337,0.185240835384964,97.7365034007553,0
329.3,330,15450,15448,1344150,1081360,2024-07-29,2024-12-20,544.44,-2,-262790,593823985,-103340263,0.182101098526696,95.8161550177196,-0.243018051342754
447.82,450,3966,4923,939942,1073214,2024-07-29,2024-11-15,544.44,957,133272,171387260,-32661724,0.626192401932326,91.2774800180597,0.12418026600473
541.36,555,770,784,1440670,1069376,2024-07-29,2024-08-23,544.44,14,-371294,49138245,-13889440,2.1762600597559,58.5606181091734,-0.347206221198157
536.08,552,621,670,1057563,1066640,2024-07-29,2024-10-18,544.44,49,9077,286531566,-65616371,0.372259159746469,93.577564504708,0.00850990024750619
529.31,534,2455,2269,1774965,1064161,2024-07-29,2024-08-23,544.44,-186,-710804,49138245,-13889440,2.1656471451107,60.7262652542841,-0.667947801131596
541.21,553,898,899,1364062,1059921,2024-07-29,2024-08-30,544.44,1,-304141,156403479,-58681327,0.677683774540591,81.6598369912219,-0.286946857360124
519.88,523,3206,3307,1612618,1031784,2024-07-29,2024-08-30,544.44,101,-580834,156403479,-58681327,0.659693765507607,82.3195307567295,-0.562941468369349
541.93,557,679,682,1294174,1027774,2024-07-29,2024-08-23,544.44,3,-266400,49138245,-13889440,2.0915968814108,62.8178621356949,-0.259200952738637
530.86,551,500,504,1007500,1015056,2024-07-29,2024-12-20,544.44,4,7556,593823985,-103340263,0.170935500357063,95.9870905180767,0.00744392427609905
540.04,564,429,422,1011582,1011112,2024-07-29,2024-10-18,544.44,-7,-469.999999999884,286531566,-65616371,0.352879794053825,93.9304442987618,-0.00046483475618911
533.62,556,487,449,1058738,1004862,2024-07-29,2024-12-20,544.44,-38,-53876.0000000001,593823985,-103340263,0.169218830054498,96.1563093481312,-0.0536153223029631
496.77,498,7931,8109,1522752,997407,2024-07-29,2024-08-30,544.44,178,-525345,156403479,-58681327,0.637714075401098,82.9572448321306,-0.526710761003281
359.05,360,10505,10490,1124035,996550,2024-07-29,2024-12-20,544.44,-15,-127485,593823985,-103340263,0.16781908868164,96.3241284368128,-0.127926345893332
536.68,546,902,1054,1186130,982328,2024-07-29,2024-08-30,544.44,152,-203802,156403479,-58681327,0.628072985512042,83.5853178176427,-0.207468381233152
538.28,542,2212,2627,1625820,977244,2024-07-29,2024-08-02,544.44,415,-648576,67978121,-40663837,1.43758607273067,81.9606517220445,-0.663678671856773
419.53,420,21108,20772,1308696,976284,2024-07-29,2024-09-20,544.44,-336,-332412,587695471,-196533337,0.166120728876606,97.9026241296319,-0.340486989441597
354.85,355,64494,64506,1354374,967590,2024-07-29,2024-09-20,544.44,12,-386784,587695471,-196533337,0.164641391289537,98.0672655209215,-0.39973955911078
353.95,355,9136,9136,959280,959280,2024-07-29,2024-12-20,544.44,0,0,593823985,-103340263,0.161542818113014,96.4856712549258,0
538.27,544,1573,1653,1494350,947169,2024-07-29,2024-08-09,544.44,80,-547181,57119361,-21854332,1.65822758416363,74.8784969775835,-0.57770155062085
508.69,510,7010,7089,1682400,928659,2024-07-29,2024-08-23,544.44,79,-753741,49138245,-13889440,1.88989045091049,64.7077525866054,-0.811644532600233
517.88,520,4191,4376,1596771,927712,2024-07-29,2024-08-23,544.44,185,-669059,49138245,-13889440,1.88796323515421,66.5957158217596,-0.721192568383291
504.35,506,5507,5518,1415299,910470,2024-07-29,2024-08-30,544.44,11,-504829,156403479,-58681327,0.58212899471373,84.1674468123564,-0.554470767845179
474.71,475,31323,31323,1722765,908367,2024-07-29,2024-08-16,544.44,0,-814398,414964222,-238212976,0.218902486489546,96.8297110202431,-0.896551724137931
541.65,569,322,331,882924,905285,2024-07-29,2024-09-20,544.44,9,22361,587695471,-196533337,0.154039812227854,98.2213053331493,0.0247005086795871
532.72,551,467,495,835930,904860,2024-07-29,2024-11-15,544.44,28,68930.0000000001,171387260,-32661724,0.527962230098083,91.8054422481578,0.0761775302256704
539.83,547,1250,1258,1331250,901986,2024-07-29,2024-08-09,544.44,8,-429264,57119361,-21854332,1.57912480848657,76.4576217860701,-0.475909825651396
540.58,554,679,667,1159053,895114,2024-07-29,2024-08-30,544.44,-12,-263939,156403479,-58681327,0.57231079878984,84.7397576111462,-0.294866352218824
519.13,520,12837,10284,2593074,894708,2024-07-29,2024-08-09,544.44,-2553,-1698366,57119361,-21854332,1.5663830693064,78.0240048553765,-1.89823495486796
539.15,567,315,321,929565,893985,2024-07-29,2024-12-20,544.44,6,-35580,593823985,-103340263,0.150547135612921,96.6362183905387,-0.0397993254920385
535,543,1186,1108,1363900,886400,2024-07-29,2024-08-30,544.44,-78,-477500,156403479,-58681327,0.566739311470175,85.3064969226164,-0.538695848375451
534.75,537,3226,3938,1587192,886050,2024-07-29,2024-08-02,544.44,712,-701142,67978121,-40663837,1.30343408579946,83.264085807844,-0.791312002708651
524.49,525,15547,17293,2627443,881943,2024-07-29,2024-08-02,544.44,1746,-1745500,67978121,-40663837,1.29739243601629,84.5614782438603,-1.9791528477464
532.15,535,2818,3094,1625986,881790,2024-07-29,2024-08-09,544.44,276,-744196,57119361,-21854332,1.54376727008553,79.567772125462,-0.84396058018349
537.73,553,571,576,1141429,879552,2024-07-29,2024-10-18,544.44,5,-261877,286531566,-65616371,0.306965132072045,94.2374094308339,-0.297739076257004
530.35,535,1638,1881,1228500,874665,2024-07-29,2024-08-23,544.44,243,-353835,49138245,-13889440,1.78000862668172,68.3757244484413,-0.404537737305139
532.79,536,2401,2703,1440600,867663,2024-07-29,2024-08-09,544.44,302,-572937,57119361,-21854332,1.51903485054744,81.0868069760094,-0.660322037473075
524.53,534,903,913,986979,864611,2024-07-29,2024-10-18,544.44,10,-122368,286531566,-65616371,0.301750697862029,94.5391601286959,-0.14152954334377
529.75,536,1207,1373,1050090,858125,2024-07-29,2024-08-30,544.44,166,-191965,156403479,-58681327,0.548661069105758,85.8551579917222,-0.223702840495266
544.29,561,514,513,1003842,857223,2024-07-29,2024-08-23,544.44,-1,-146619,49138245,-13889440,1.74451285348103,70.1202373019224,-0.17103950780602
535.62,544,1000,1022,1010000,856436,2024-07-29,2024-08-30,544.44,22,-153564,156403479,-58681327,0.547581169853645,86.4027391615758,-0.179305867572124
484.19,485,10551,10546,1308324,854226,2024-07-29,2024-08-30,544.44,-5,-454098,156403479,-58681327,0.546168157806771,86.9489073193826,-0.531590000772629
520.73,524,2575,2612,1387925,854124,2024-07-29,2024-08-30,544.44,37,-533801,156403479,-58681327,0.546102941866146,87.4950102612487,-0.624968974059973
543.24,563,445,432,931385,853632,2024-07-29,2024-08-23,544.44,-13,-77752.9999999999,49138245,-13889440,1.73720490017501,71.8574422020974,-0.091084917153996
540.2,548,1307,1077,1521348,840060,2024-07-29,2024-08-09,544.44,-230,-681288,57119361,-21854332,1.4707097301036,82.557516706113,-0.810999214341833
536.27,539,2671,2978,1602600,812994,2024-07-29,2024-08-02,544.44,307,-789606,67978121,-40663837,1.19596421325032,85.7574424571106,-0.971232260016679
528.56,534,1373,1486,994052,808384,2024-07-29,2024-08-30,544.44,113,-185668,156403479,-58681327,0.516858068099623,88.0118683293484,-0.229677974823846
521.97,524,4081,3982,1436512,808346,2024-07-29,2024-08-16,544.44,-99,-628166,414964222,-238212976,0.194798962692258,97.0245099829354,-0.777100400076205
339.21,340,10179,10218,855036,807222,2024-07-29,2024-12-20,544.44,39,-47814,593823985,-103340263,0.135936240433266,96.772154630972,-0.0592327761136342
531.96,537.5,1426,1454,1203544,805516,2024-07-29,2024-08-23,544.44,28,-398028,49138245,-13889440,1.63928524512831,73.4967274472257,-0.494127987526008
543.25,558,650,542,1210300,799450,2024-07-29,2024-08-02,544.44,-108,-410850,67978121,-40663837,1.17604015562596,86.9334826127365,-0.513915817124273
517.43,519,4934,5080,1396322,797560,2024-07-29,2024-08-16,544.44,146,-598762,414964222,-238212976,0.192199702460132,97.2167096853955,-0.75074226390491
517.86,521,2407,2507,1042231,787198,2024-07-29,2024-08-30,544.44,100,-255033,156403479,-58681327,0.503312333608641,88.515180662957,-0.323975670669895
536.18,557,378,378,786996,786996,2024-07-29,2024-10-18,544.44,0,0,286531566,-65616371,0.27466293190189,94.8138230605978,0
535.99,541,1306,1554,1038270,778554,2024-07-29,2024-08-09,544.44,248,-259716,57119361,-21854332,1.36302995406409,83.9205466601771,-0.333587650952921
543.94,564,388,387,928484,776322,2024-07-29,2024-08-23,544.44,-1,-152162,49138245,-13889440,1.57987327386234,75.076600721088,-0.196003720105833
506.16,508,4154,4160,1071732,765440,2024-07-29,2024-08-30,544.44,6,-306292,156403479,-58681327,0.489400878352585,89.0045815413096,-0.400151546822742
524.88,529,1934,1831,1081106,754372,2024-07-29,2024-08-30,544.44,-103,-326734,156403479,-58681327,0.48232430942281,89.4869058507324,-0.433120529393986
523.55,538,519,519,749955,749955,2024-07-29,2024-11-15,544.44,0,0,171387260,-32661724,0.437579199294043,92.2430214474518,0
533.74,549,375,490,557625,747740,2024-07-29,2024-10-18,544.44,115,190115,286531566,-65616371,0.260962521665065,95.0747855822629,0.254252815149651
541.08,571,251,249,727900,745008,2024-07-29,2024-12-20,544.44,-2,17108.0000000001,593823985,-103340263,0.125459398545513,96.8976140295175,0.0229635118012157
534.4,542,621,968,661365,735680,2024-07-29,2024-08-30,544.44,347,74314.9999999999,156403479,-58681327,0.470373168617304,89.9572790193497,0.101015387124837
530.82,543,486,601,680400,732018,2024-07-29,2024-10-18,544.44,115,51617.9999999999,286531566,-65616371,0.255475517137264,95.3302610994001,0.0705146594755865
299.5,300,14616,14629,862344,731450,2024-07-29,2024-12-20,544.44,13,-130894,593823985,-103340263,0.123176230411104,97.0207902599286,-0.178951397908264
535.36,543,884,954,967096,728856,2024-07-29,2024-08-23,544.44,70,-238240,49138245,-13889440,1.48327641738121,76.5598771384692,-0.326868407476923
537.17,554,433,433,820535,728739,2024-07-29,2024-10-18,544.44,0,-91796,286531566,-65616371,0.254331140604592,95.5845922400047,-0.125965537730244
472.79,475,3490,3289,1047000,726869,2024-07-29,2024-10-18,544.44,-201,-320131,286531566,-65616371,0.253678507449333,95.8382707474541,-0.440424615714799
538.65,548,701,773,940041,722755,2024-07-29,2024-08-23,544.44,72,-217286,49138245,-13889440,1.47086042653741,78.0307375650067,-0.300635761772662
538.18,547,882,819,1138662,722358,2024-07-29,2024-08-23,544.44,-63,-416304,49138245,-13889440,1.47005250187507,79.5007900668817,-0.576312576312576
525.35,529,2157,1976,1065558,721240,2024-07-29,2024-08-23,544.44,-181,-344318,49138245,-13889440,1.46777728834231,80.968567355224,-0.477397260273973
550.22,577,268,268,717704,717704,2024-07-29,2024-12-20,544.44,0,0,593823985,-103340263,0.120861403063738,97.1416516629924,0
471.63,475,2027,2117,843232,713429,2024-07-29,2024-11-15,544.44,90,-129803,171387260,-32661724,0.416267230131341,92.6592886775832,-0.181942421740636
363.97,365,6865,6864,727690,706992,2024-07-29,2024-12-20,544.44,-1,-20698,593823985,-103340263,0.119057501525473,97.2607091645178,-0.0292761445674067
531.75,539,1003,973,972910,705425,2024-07-29,2024-08-30,544.44,-30,-267485,156403479,-58681327,0.451028969758403,90.4083079891081,-0.379182762164652
517.87,523,1603,1373,1146145,704349,2024-07-29,2024-09-20,544.44,-230,-441796,587695471,-196533337,0.119849315633062,98.3411546487824,-0.627240189167586
533.59,537,1987,2012,1241875,686092,2024-07-29,2024-08-09,544.44,25,-555783,57119361,-21854332,1.20115489387215,85.1217015540493,-0.810070661077523
543.47,552.5,834,759,1050840,685377,2024-07-29,2024-08-09,544.44,-75,-365463,57119361,-21854332,1.19990312916841,86.3216046832177,-0.533229157091644
379.91,380,75945,75945,1139175,683505,2024-07-29,2024-08-30,544.44,0,-455670,156403479,-58681327,0.437013936243707,90.8453219253518,-0.666666666666667
538.45,564,268,267,696532,682185,2024-07-29,2024-12-20,544.44,-1,-14347,593823985,-103340263,0.114880001015789,97.3755891655336,-0.0210309520144829
539.99,566,261,261,684603,678861,2024-07-29,2024-12-20,544.44,0,-5742,593823985,-103340263,0.114320239186701,97.4899094047203,-0.00845828527489427
304.77,305,29358,29358,675234,675234,2024-07-29,2024-10-18,544.44,0,0,286531566,-65616371,0.235657805325365,96.0739285527794,0
541.86,562,320,327,757760,658578,2024-07-29,2024-08-23,544.44,7,-99182,49138245,-13889440,1.34025543647316,82.3088227916972,-0.150600232622408
532.14,553,304,313,656336,652918,2024-07-29,2024-12-20,544.44,9,-3418.00000000012,593823985,-103340263,0.109951436198725,97.599860840919,-0.00523496059229508
399.94,400,108161,108199,865288,649194,2024-07-29,2024-08-16,544.44,38,-216094,414964222,-238212976,0.156445776667464,97.373155462063,-0.332865060367163
537.66,575,176,173,657184,645982,2024-07-29,2024-10-18,544.44,-3,-11201.9999999999,286531566,-65616371,0.225448807968334,96.2993773607478,-0.0173410404624276
444.68,445,804,20179,43416,645728,2024-07-29,2024-08-30,544.44,19375,602312,156403479,-58681327,0.412860381449699,91.2581823068015,0.932764259874127
533.99,536,2998,3203,1376082,643803,2024-07-29,2024-08-02,544.44,205,-732279,67978121,-40663837,0.947073838654646,87.8805564513912,-1.1374271322128
541.08,551,836,647,1170400,641824,2024-07-29,2024-08-09,544.44,-189,-528576,57119361,-21854332,1.1236540268719,87.4452587100896,-0.823552874308222
540.61,566,249,250,665826,634750,2024-07-29,2024-11-15,544.44,1,-31075.9999999999,171387260,-32661724,0.370360083940895,93.0296487615241,-0.0489578574241826
510.72,513,2784,2776,815712,632928,2024-07-29,2024-08-30,544.44,-8,-182784,156403479,-58681327,0.404676420273234,91.6628587270747,-0.288791142120431
541.82,570,226,223,692690,628414,2024-07-29,2024-11-15,544.44,-3,-64276,171387260,-32661724,0.366663193051806,93.3963119545759,-0.102282889941981
537.57,546,573,743,742608,626349,2024-07-29,2024-08-23,544.44,170,-116259,49138245,-13889440,1.2746670134434,83.5834898051406,-0.185613771236164
489.05,490,6396,6572,991380,624340,2024-07-29,2024-08-30,544.44,176,-367040,156403479,-58681327,0.3991854938214,92.0620442208961,-0.587884806355512
533.89,552,287,340,620494,615740,2024-07-29,2024-11-15,544.44,53,-4754,171387260,-32661724,0.359268244325745,93.7555801989016,-0.00772079124305714
500.36,503,2045,2318,787325,611952,2024-07-29,2024-09-20,544.44,273,-175373,587695471,-196533337,0.104127397639925,98.4452820464223,-0.286579666379062
454.71,455,21019,21020,903817,609580,2024-07-29,2024-08-23,544.44,1,-294237,49138245,-13889440,1.24054084552674,84.8240306506673,-0.482688080317596
535.02,542,841,873,831749,609354,2024-07-29,2024-08-23,544.44,32,-222395,49138245,-13889440,1.24008091864087,86.0641115693082,-0.364968474811029
458.37,460,3731,3719,843206,606197,2024-07-29,2024-10-18,544.44,-12,-237009,286531566,-65616371,0.211563775838924,96.5109411365867,-0.390976860657509
541.79,557.5,386,385,611424,604835,2024-07-29,2024-08-23,544.44,-1,-6589,49138245,-13889440,1.23088441599817,87.2949959853064,-0.0108938801491316
541.18,547.5,1206,955,1335042,603560,2024-07-29,2024-08-02,544.44,-251,-731482,67978121,-40663837,0.88787390872425,88.7684303601154,-1.21194578832262
534.87,551,310,370,545600,596810,2024-07-29,2024-10-18,544.44,60,51210,286531566,-65616371,0.208287697000197,96.7192288335869,0.0858062029791726
535.54,558,263,263,590698,590698,2024-07-29,2024-11-15,544.44,0,0,171387260,-32661724,0.344656889899518,94.1002370888011,0
542.42,553,509,556,682060,588248,2024-07-29,2024-08-09,544.44,47,-93812,57119361,-21854332,1.02985745936479,88.4751161694543,-0.159476955297766
459.77,460,25350,25349,836550,583027,2024-07-29,2024-08-16,544.44,-1,-253523,414964222,-238212976,0.140500546574832,97.5136560086378,-0.434839209847914
528.08,530,3049,3013,1216551,578496,2024-07-29,2024-08-09,544.44,-36,-638055,57119361,-21854332,1.01278443923769,89.487900608692,-1.10295490375042
536.16,544,604,737,701244,577808,2024-07-29,2024-08-23,544.44,133,-123436,49138245,-13889440,1.1758824516423,88.4708784369487,-0.213628056378589
512.86,517,894,1394,472032,577116,2024-07-29,2024-09-20,544.44,500,105084,587695471,-196533337,0.0981998379225216,98.5434818843448,0.182084710872684
542.74,561,315,315,620550,575190,2024-07-29,2024-08-30,544.44,0,-45360,156403479,-58681327,0.36776036164771,92.4298045825438,-0.0788608981380066
508.12,509,6349,6532,1060283,574816,2024-07-29,2024-08-16,544.44,183,-485467,414964222,-238212976,0.138521821768046,97.6521778304058,-0.844560694204754
543.62,559,160,373,341120,573674,2024-07-29,2024-08-02,544.44,213,232554,67978121,-40663837,0.843909763260447,89.6123401233759,0.40537657275735
531.32,534,1602,2129,842652,570572,2024-07-29,2024-08-09,544.44,527,-272080,57119361,-21854332,0.998911735024487,90.4868123437165,-0.476854805353225
532.63,554,245,264,556640,564168,2024-07-29,2024-12-20,544.44,19,7528,593823985,-103340263,0.0950059300821269,97.6948667710012,0.0133435430580962
541.62,564,252,252,563976,563976,2024-07-29,2024-09-20,544.44,0,0,587695471,-196533337,0.0959639860828534,98.6394458704277,0
527.09,544,320,328,619840,554648,2024-07-29,2024-12-20,544.44,8,-65192,593823985,-103340263,0.0934027614260141,97.7882695324272,-0.117537609438779
324.34,325,8399,8399,680319,554334,2024-07-29,2024-12-20,544.44,0,-125985,593823985,-103340263,0.0933498838043734,97.8816194162316,-0.227272727272727
518.9,522,1741,1782,771263,552420,2024-07-29,2024-08-30,544.44,41,-218843,156403479,-58681327,0.35320186196114,92.783006444505,-0.396153289164042
469.43,470,9364,9609,852124,547713,2024-07-29,2024-08-30,544.44,245,-304411,156403479,-58681327,0.350192338112888,93.1331987826179,-0.55578560304393
532.44,534,1888,3510,726880,547560,2024-07-29,2024-08-02,544.44,1622,-179320,67978121,-40663837,0.805494461960783,90.4178345853366,-0.327489224925122
344.16,345,6500,6495,481000,545580,2024-07-29,2024-12-20,544.44,-5,64580,593823985,-103340263,0.0918757096010529,97.9734951258326,0.118369441695077
529.92,531,3950,4831,1200800,521748,2024-07-29,2024-08-02,544.44,881,-679052,67978121,-40663837,0.767523421249022,91.1853580065857,-1.3014942079318
425.85,427,4512,4512,518880,518880,2024-07-29,2024-10-18,544.44,0,0,286531566,-65616371,0.181089995508558,96.9003188290954,0
531.59,533,2669,3660,955502,516060,2024-07-29,2024-08-02,544.44,991,-439442,67978121,-40663837,0.759156023156333,91.944514029742,-0.851532767507654
529.92,542,362,427,497026,515816,2024-07-29,2024-10-18,544.44,65,18790,286531566,-65616371,0.180020654338657,97.0803394834341,0.0364277184112164
294.74,295,19546,19618,371374,510068,2024-07-29,2024-11-15,544.44,72,138694,171387260,-32661724,0.297611386050515,94.3978484748516,0.271912764572567
424.45,425,10157,9228,700833,507540,2024-07-29,2024-09-20,544.44,-929,-193293,587695471,-196533337,0.0863610534783243,98.725806923906,-0.380842889230405
364.9,365,50328,50328,503280,503280,2024-07-29,2024-08-30,544.44,0,0,156403479,-58681327,0.321783123507118,93.454981906125,0
513.58,526,405,405,503010,503010,2024-07-29,2024-11-15,544.44,0,0,171387260,-32661724,0.293493226976148,94.6913417018278,0
539.81,568,177,177,488166,498963,2024-07-29,2024-12-20,544.44,0,10797,593823985,-103340263,0.0840254035882367,98.0575205294208,0.0216388790351188
528.25,546,246,281,466662,498775,2024-07-29,2024-12-20,544.44,35,32113,593823985,-103340263,0.0839937443752798,98.1415142737961,0.0643837401634003
525.49,527,3269,3282,970893,495582,2024-07-29,2024-08-09,544.44,13,-475311,57119361,-21854332,0.867625252320312,91.3544375960368,-0.959096577357531
528.39,543,196,333,356132,486513,2024-07-29,2024-11-15,544.44,137,130381,171387260,-32661724,0.2838676573743,94.9752093592021,0.267990783391194
334.29,335,6827,6827,634911,484717,2024-07-29,2024-12-20,544.44,0,-150194,593823985,-103340263,0.0816263762064107,98.2231406500025,-0.309859154929577
540.89,568,177,178,481086,482558,2024-07-29,2024-09-20,544.44,1,1472.00000000006,587695471,-196533337,0.0821102124845199,98.8079171363905,0.00305041052060075
501.5,503,3198,3204,697164,480600,2024-07-29,2024-08-30,544.44,6,-216564,156403479,-58681327,0.30728216729757,93.7622640734226,-0.450611735330836
398.99,400,4615,4641,516880,468741,2024-07-29,2024-11-15,544.44,26,-48139,171387260,-32661724,0.273498158497895,95.2487075177,-0.102698505144632
414.56,415,10569,10488,697554,461472,2024-07-29,2024-09-20,544.44,-81,-236082,587695471,-196533337,0.0785222998596156,98.8864394362501,-0.51158466819222
538.56,542.5,1215,1170,948915,460980,2024-07-29,2024-08-02,544.44,-45,-487935,67978121,-40663837,0.678129953018266,92.6226439827603,-1.05847325263569
537.5,562,188,188,450824,460600,2024-07-29,2024-12-20,544.44,0,9776,593823985,-103340263,0.0775650717442813,98.3007057217468,0.0212244897959184
534.25,554,221,231,484432,456225,2024-07-29,2024-11-15,544.44,10,-28207.0000000001,171387260,-32661724,0.266195398654486,95.5149029163545,-0.0618269494218863
540.04,551,419,412,493582,451552,2024-07-29,2024-08-23,544.44,-7,-42029.9999999999,49138245,-13889440,0.918942058268463,89.3898204952171,-0.0930789809368576
513.46,516,1681,1748,642142,443992,2024-07-29,2024-08-30,544.44,67,-198150,156403479,-58681327,0.283876038332881,94.0461401117554,-0.446291825077929
484.61,485,11839,11209,828730,437151,2024-07-29,2024-08-16,544.44,-630,-391579,414964222,-238212976,0.105346672513854,97.7575245029197,-0.895752268666891
535.12,537.5,1781,1825,922558,434350,2024-07-29,2024-08-02,544.44,44,-488208,67978121,-40663837,0.638955583959139,93.2615995667194,-1.12399677679291
374.71,375,14920,14920,432680,432680,2024-07-29,2024-09-20,544.44,0,0,587695471,-196533337,0.0736231639259987,98.9600626001761,0
532.43,546,324,317,518400,430169,2024-07-29,2024-10-18,544.44,-7,-88231,286531566,-65616371,0.150129706826088,97.2304691902602,-0.205107759973406
483.32,484,6295,6295,428060,428060,2024-07-29,2024-08-16,544.44,0,0,414964222,-238212976,0.103155881231611,97.8606803841513,0
537.92,547.5,447,444,414369,425352,2024-07-29,2024-08-23,544.44,-3,10983.0000000001,49138245,-13889440,0.865623100702925,90.25544359592,0.0258209671048922
529.83,532.5,1467,1577,605871,421059,2024-07-29,2024-08-09,544.44,110,-184812,57119361,-21854332,0.737156355793266,92.0915939518301,-0.438921861306848
507.2,508,4762,5204,752396,416320,2024-07-29,2024-08-16,544.44,442,-336076,414964222,-238212976,0.10032672166132,97.9610071058126,-0.807254035357417
533.04,547,208,297,313248,414612,2024-07-29,2024-10-18,544.44,89,101364,286531566,-65616371,0.144700287576692,97.3751694778369,0.244479175711267
510.91,512,3926,3800,702754,414200,2024-07-29,2024-08-16,544.44,-126,-288554,414964222,-238212976,0.0998158342431748,98.0608229400558,-0.696653790439401
535.07,558,192,180,427200,412740,2024-07-29,2024-12-20,544.44,-12,-14460.0000000001,593823985,-103340263,0.0695054444457982,98.3702111661926,-0.0350341619421429
537.37,542.5,737,797,506319,408861,2024-07-29,2024-08-09,544.44,60,-97458.0000000001,57119361,-21854332,0.71580107487547,92.8073950267056,-0.238364627587371
528.95,531,1929,1993,617280,408565,2024-07-29,2024-08-09,544.44,64,-208715,57119361,-21854332,0.71528286179532,93.5226778885009,-0.51084894692399
523.89,533,416,442,442624,402662,2024-07-29,2024-10-18,544.44,26,-39962,286531566,-65616371,0.140529717413404,97.5156991952503,-0.099244527668367
544.81,610,71,61,509070,397659,2024-07-29,2024-12-20,544.44,-10,-111411,593823985,-103340263,0.0669658030064245,98.437176969199,-0.280167178411654
533.9,537.5,1307,1100,806419,396000,2024-07-29,2024-08-09,544.44,-207,-410419,57119361,-21854332,0.693285066686933,94.2159629551878,-1.03641161616162
535,559,172,165,392504,396000,2024-07-29,2024-12-20,544.44,-7,3496,593823985,-103340263,0.0666864272920872,98.5038633964911,0.00882828282828283
454.79,455,18702,18697,654570,392637,2024-07-29,2024-08-16,544.44,-5,-261933,414964222,-238212976,0.0946194826406022,98.1554424226964,-0.667112370968605
539.24,549,393,402,528192,392352,2024-07-29,2024-08-23,544.44,9,-135840,49138245,-13889440,0.798465635066942,91.053909230987,-0.346219721066797
511.88,514,1765,1842,561270,390504,2024-07-29,2024-08-30,544.44,77,-170766,156403479,-58681327,0.24967731056673,94.2958174223222,-0.437296416938111
452.63,455,1616,1647,378144,390339,2024-07-29,2024-11-15,544.44,31,12195.0000000001,171387260,-32661724,0.227752634589059,95.7426555509435,0.0312420741970444
532.33,538,638,684,564630,387828,2024-07-29,2024-08-23,544.44,46,-176802,49138245,-13889440,0.789258957050664,91.8431681880377,-0.455877347690213
518.15,531,300,300,439200,385500,2024-07-29,2024-12-20,544.44,0,-53700,593823985,-103340263,0.0649182265684334,98.5687816230596,-0.139299610894942
467.42,468,6631,6633,444277,384714,2024-07-29,2024-08-30,544.44,2,-59563.0000000001,156403479,-58681327,0.245975346878313,94.5417927692005,-0.154824103099965
537.84,559,180,180,380880,380880,2024-07-29,2024-10-18,544.44,0,0,286531566,-65616371,0.132927762660537,97.6486269579108,0
466.32,467,5510,5510,374680,374680,2024-07-29,2024-08-30,544.44,0,0,156403479,-58681327,0.239559888562325,94.7813526577628,0
531.19,548,96,219,158880,368139,2024-07-29,2024-11-15,544.44,123,209259,171387260,-32661724,0.214799513102666,95.9574550640462,0.56842388337014
532.86,539,538,587,490656,360418,2024-07-29,2024-08-23,544.44,49,-130238,49138245,-13889440,0.733477559078473,92.5766457471161,-0.36135265164337
519.41,533,258,264,363522,358776,2024-07-29,2024-12-20,544.44,6,-4746,593823985,-103340263,0.060417903126631,98.6291995261862,-0.0132283095859255
530.49,547,186,217,332010,358267,2024-07-29,2024-11-15,544.44,31,26257,171387260,-32661724,0.209039458358807,96.166494522405,0.0732889158086008
534.35,538,888,980,583416,357700,2024-07-29,2024-08-09,544.44,92,-225716,57119361,-21854332,0.626232495843222,94.8421954510311,-0.631020408163265
543.35,561,206,200,311266,353000,2024-07-29,2024-08-02,544.44,-6,41733.9999999999,67978121,-40663837,0.51928472691971,93.7808842936391,0.118226628895184
515.43,518,1254,1359,517902,349263,2024-07-29,2024-08-30,544.44,105,-168639,156403479,-58681327,0.223308971279341,95.0046616290422,-0.482842442514667
534.75,539,831,818,584193,347650,2024-07-29,2024-08-09,544.44,-13,-236543,57119361,-21854332,0.608637761196243,95.4508332122273,-0.68040558032504
531.09,546,233,233,405653,347403,2024-07-29,2024-11-15,544.44,0,-58250,171387260,-32661724,0.202700597465646,96.3691951198706,-0.167672702883971
487.55,488,7760,7702,566480,346590,2024-07-29,2024-08-16,544.44,-58,-219890,414964222,-238212976,0.0835228633277208,98.2389652860241,-0.634438385412159
459.55,460,7613,7615,502458,342675,2024-07-29,2024-08-30,544.44,2,-159783,156403479,-58681327,0.219096788761329,95.2237584178035,-0.466281462026702
480.93,485,805,839,361445,341473,2024-07-29,2024-11-15,544.44,34,-19972,171387260,-32661724,0.199240596996533,96.5684357168672,-0.0584877867357009
550.53,578,124,124,340628,340628,2024-07-29,2024-12-20,544.44,0,0,593823985,-103340263,0.0573617786758816,98.6865613048621,0
503.92,505,3178,3149,486234,340092,2024-07-29,2024-08-23,544.44,-29,-146142,49138245,-13889440,0.692112630396141,93.2687583775123,-0.429713136445432
539.44,579,85,85,336260,336260,2024-07-29,2024-12-20,544.44,0,0,593823985,-103340263,0.0566262071748416,98.7431875120369,0
274.65,275,9556,9556,420464,334460,2024-07-29,2024-12-20,544.44,0,-86004.0000000001,593823985,-103340263,0.0563230870507866,98.7995105990877,-0.257142857142857
389.43,390,5750,5750,362250,327750,2024-07-29,2024-10-18,544.44,0,-34500.0000000001,286531566,-65616371,0.114385303014049,97.7630122609249,-0.105263157894737
389.72,390,11700,11701,503100,327628,2024-07-29,2024-09-20,544.44,1,-175472,587695471,-196533337,0.0557479198270017,99.0158105200032,-0.53558303930067
269.68,270,10178,10170,417298,325440,2024-07-29,2024-12-20,544.44,-8,-91858,593823985,-103340263,0.0548041184291335,98.8543147175169,-0.282257866273353
507.25,509,1749,1848,494967,323400,2024-07-29,2024-08-30,544.44,99,-171567,156403479,-58681327,0.206772894099114,95.4305313119026,-0.530510204081633
527.12,542,199,217,340887,322896,2024-07-29,2024-11-15,544.44,18,-17991,171387260,-32661724,0.188401401597762,96.7568371184649,-0.0557176304444775
465.51,466,6561,6561,321489,321489,2024-07-29,2024-08-16,544.44,0,0,414964222,-238212976,0.0774739080999615,98.3164391941241,0
522,526,798,796,403788,318400,2024-07-29,2024-08-30,544.44,-2,-85388,156403479,-58681327,0.203576034264557,95.6341073461672,-0.268178391959799
514.57,519,706,712,444074,315416,2024-07-29,2024-09-20,544.44,6,-128658,587695471,-196533337,0.0536699728965582,99.0694804928997,-0.407899409034418
299.73,300,11474,11470,344220,309690,2024-07-29,2024-11-15,544.44,-4,-34530,171387260,-32661724,0.18069604473518,96.9375331632001,-0.111498595369563
424.06,425,3291,3287,362010,308978,2024-07-29,2024-10-18,544.44,-4,-53032.0000000001,286531566,-65616371,0.107833843339969,97.8708461042648,-0.171636815566157
539.13,561,141,141,308367,308367,2024-07-29,2024-11-15,544.44,0,0,171387260,-32661724,0.179924108711464,97.1174572719116,0
505.29,507,1696,1794,398560,306774,2024-07-29,2024-08-30,544.44,98,-91786.0000000001,156403479,-58681327,0.196142695777247,95.8302500419444,-0.299197454803862
535.15,542.5,472,416,382792,305760,2024-07-29,2024-08-23,544.44,-56,-77031.9999999999,49138245,-13889440,0.622244445238124,93.8910028227504,-0.251936159079016
525.89,539,233,233,344607,305463,2024-07-29,2024-11-15,544.44,0,-39144.0000000001,171387260,-32661724,0.178229700387298,97.2956869722989,-0.128146453089245
513.34,515,1820,1837,546000,304942,2024-07-29,2024-08-23,544.44,17,-241058,49138245,-13889440,0.620579754120238,94.5115825768706,-0.790504423792065
464.87,465,23341,23313,606866,303069,2024-07-29,2024-08-09,544.44,-28,-303797,57119361,-21854332,0.530588918878137,95.9814221311054,-1.00240209325269
530.53,533,968,1220,468512,301340,2024-07-29,2024-08-09,544.44,252,-167172,57119361,-21854332,0.52756192423091,96.5089840553363,-0.554762062786222
510.02,511,2989,3064,546987,300272,2024-07-29,2024-08-16,544.44,75,-246715,414964222,-238212976,0.0723609371797841,98.3888001313039,-0.821638381201044
457.53,460,1190,1215,362950,300105,2024-07-29,2024-11-15,544.44,25,-62845,171387260,-32661724,0.175103447012339,97.4707904193112,-0.209410039819397
543.05,563,165,150,374880,299250,2024-07-29,2024-08-02,544.44,-15,-75630,67978121,-40663837,0.440215168642275,94.2210994622814,-0.252731829573935
249.76,250,12463,12465,336501,299160,2024-07-29,2024-12-20,544.44,2,-37341,593823985,-103340263,0.0503785646179314,98.9046932821348,-0.124819494584838
384.7,385,9970,9970,358920,299100,2024-07-29,2024-09-20,544.44,0,-59820,587695471,-196533337,0.0508937051175608,99.1203741980173,-0.2
534.29,541,378,444,366282,297924,2024-07-29,2024-08-23,544.44,66,-68358,49138245,-13889440,0.606297599761652,95.1178801766323,-0.229447778628107
329.9,330,29417,29419,411838,294190,2024-07-29,2024-09-20,544.44,2,-117648,587695471,-196533337,0.0500582384103484,99.1704324364276,-0.39990482341344
521.63,522,7712,7934,987136,293558,2024-07-29,2024-08-02,544.44,222,-693578,67978121,-40663837,0.431841886303389,94.6529413485848,-2.36266087110554
438.74,440,2324,2324,350924,292824,2024-07-29,2024-10-18,544.44,0,-58100,286531566,-65616371,0.102196070083252,97.9730421743481,-0.198412698412698
514.59,517,1133,1208,414678,291128,2024-07-29,2024-08-30,544.44,75,-123550,156403479,-58681327,0.186139081982953,96.0163891239274,-0.424383776208403
499.05,500,3793,3050,629638,289750,2024-07-29,2024-08-23,544.44,-743,-339888,49138245,-13889440,0.589662899031091,95.7075430756634,-1.17303882657463
491.56,492,6580,6583,473760,289652,2024-07-29,2024-08-16,544.44,3,-184108,414964222,-238212976,0.0698016803964367,98.4586018117003,-0.635617913910486
289.47,290,5463,5463,289539,289539,2024-07-29,2024-12-20,544.44,0,0,593823985,-103340263,0.0487583875548577,98.9534516696896,0
540.4,566,111,112,289488,286720,2024-07-29,2024-10-18,544.44,1,-2767.99999999994,286531566,-65616371,0.100065763783946,98.073107938132,-0.00965401785714266
509.91,512,1351,1368,440426,285912,2024-07-29,2024-08-30,544.44,17,-154514,156403479,-58681327,0.182804117803543,96.1991932417309,-0.540425025882089
519.71,520,13000,9828,1417000,285012,2024-07-29,2024-08-02,544.44,-3172,-1131988,67978121,-40663837,0.419270194302664,95.0722115428875,-3.97172048896187
496.5,497,5477,5558,339574,277900,2024-07-29,2024-08-16,544.44,81,-61674,414964222,-238212976,0.0669696290105705,98.5255714407109,-0.221928751349406
541.78,569,102,102,277644,277644,2024-07-29,2024-10-18,544.44,0,0,286531566,-65616371,0.0968982244699699,98.170006162602,0
527.83,539,186,243,257424,271431,2024-07-29,2024-10-18,544.44,57,14007,286531566,-65616371,0.0947298769867471,98.2647360395887,0.0516042751196438
309.33,310,4046,4046,271082,271082,2024-07-29,2024-12-20,544.44,0,0,593823985,-103340263,0.0456502274828121,98.9991018971724,0
394.64,395,7491,7491,269676,269676,2024-07-29,2024-09-20,544.44,0,0,587695471,-196533337,0.045887030495765,99.2163194669234,0
506.11,507,3050,3019,484950,268691,2024-07-29,2024-08-16,544.44,-31,-216259,414964222,-238212976,0.0647504015418467,98.5903218422527,-0.804861346304863
520.79,534,213,203,281373,268163,2024-07-29,2024-11-15,544.44,-10,-13210,171387260,-32661724,0.156466122394395,97.6272565417056,-0.0492610837438424
514.78,516,2240,2188,560000,266936,2024-07-29,2024-08-16,544.44,-52,-293064,414964222,-238212976,0.0643274735140901,98.6546493157668,-1.09788114004855
539.01,563,111,111,266289,266289,2024-07-29,2024-08-09,544.44,0,0,57119361,-21854332,0.46619744222979,96.9751814975661,0
522.85,526,823,841,415615,264915,2024-07-29,2024-08-23,544.44,18,-150700,49138245,-13889440,0.539121818453223,96.2466648941166,-0.568861710359927
502.45,504,1681,1706,274003,264430,2024-07-29,2024-08-30,544.44,25,-9573,156403479,-58681327,0.169069129210355,96.3682623709413,-0.0362023976099535
535.44,553,57,149,108528,261644,2024-07-29,2024-11-15,544.44,92,153116,171387260,-32661724,0.152662455774134,97.7799189974797,0.585207381021541
528.07,538,211,262,293290,260166,2024-07-29,2024-10-18,544.44,51,-33124,286531566,-65616371,0.0907983729792619,98.355534412568,-0.127318711899326
428.41,430,1626,1627,274794,258693,2024-07-29,2024-11-15,544.44,1,-16101,171387260,-32661724,0.150940624174749,97.9308596216545,-0.0622397977525483
531.2,532.5,1627,1981,567823,257530,2024-07-29,2024-08-02,544.44,354,-310293,67978121,-40663837,0.378842480803493,95.4510540236909,-1.20488098473964
531.26,537,441,447,362943,256578,2024-07-29,2024-08-23,544.44,6,-106365,49138245,-13889440,0.522155400543914,96.7688202946605,-0.414552299885415
530.77,532,1879,2068,616312,254364,2024-07-29,2024-08-02,544.44,189,-361948,67978121,-40663837,0.374185099938258,95.8252391236292,-1.42295293359123
496.62,499,695,1028,242555,244664,2024-07-29,2024-09-20,544.44,333,2108.99999999997,587695471,-196533337,0.0416310848173952,99.2579505517408,0.00861998495896401
540.5,567,92,92,243800,243800,2024-07-29,2024-10-18,544.44,0,0,286531566,-65616371,0.0850866113648365,98.4406210239328,0
550.09,576,93,93,240963,240963,2024-07-29,2024-12-20,544.44,0,0,593823985,-103340263,0.0405781858070283,99.0396800829795,0
499.76,501,1909,1919,349347,237956,2024-07-29,2024-08-30,544.44,10,-111391,156403479,-58681327,0.152142395758345,96.5204047666996,-0.468115954210022
419.68,420,7403,7403,236896,236896,2024-07-29,2024-08-30,544.44,0,0,156403479,-58681327,0.151464661473419,96.671869428173,0
309.81,310,12418,12407,310450,235733,2024-07-29,2024-10-18,544.44,-11,-74717,286531566,-65616371,0.0822712147533511,98.5228922386862,-0.316956047731968
463.17,465,1282,1285,285886,235155,2024-07-29,2024-10-18,544.44,3,-50731,286531566,-65616371,0.0820694917780891,98.6049617304643,-0.215734302906593
541.96,561,129,123,302634,234192,2024-07-29,2024-08-09,544.44,-6,-68442,57119361,-21854332,0.410004586710975,97.3851860842771,-0.292247386759582
264.69,265,7146,7413,257256,229803,2024-07-29,2024-12-20,544.44,267,-27453,593823985,-103340263,0.0386988410378877,99.0783789240174,-0.119463192386522
536.9,557,114,114,222870,229140,2024-07-29,2024-11-15,544.44,0,6269.99999999997,171387260,-32661724,0.133697218801444,98.0645568404559,0.0273631840796019
527.25,528,1845,3051,404055,228825,2024-07-29,2024-08-02,544.44,1206,-175230,67978121,-40663837,0.336615659029469,96.1618547826587,-0.765781710914454
529.78,532,772,1024,343540,227328,2024-07-29,2024-08-09,544.44,252,-116212,57119361,-21854332,0.397987645555069,97.7831737298322,-0.511208474099099
515,527,183,189,243390,226800,2024-07-29,2024-12-20,544.44,6,-16590,593823985,-103340263,0.0381931356309227,99.1165720596483,-0.0731481481481481
541.7,575,62,68,186992,226440,2024-07-29,2024-11-15,544.44,6,39448,171387260,-32661724,0.132121839161207,98.1966786796171,0.174209503621268
504.88,508,405,725,165240,226200,2024-07-29,2024-09-20,544.44,320,60960,587695471,-196533337,0.0384893216235114,99.2964398733643,0.269496021220159
525.41,526,2863,3818,569737,225262,2024-07-29,2024-08-02,544.44,955,-344475,67978121,-40663837,0.331374266729144,96.4932290493878,-1.52921930907122
511.82,513,2482,1903,503846,224554,2024-07-29,2024-08-16,544.44,-579,-279292,414964222,-238212976,0.0541140628745579,98.7087633786414,-1.24376319281776
424.73,425,8128,8128,219456,219456,2024-07-29,2024-08-30,544.44,0,0,156403479,-58681327,0.140314014370486,96.8121834425435,0
497.46,498,3702,4026,392412,217404,2024-07-29,2024-08-16,544.44,324,-175008,414964222,-238212976,0.0523910227614756,98.7611544014028,-0.804989788596346
529.11,548,115,115,217350,217235,2024-07-29,2024-12-20,544.44,0,-115,593823985,-103340263,0.0365823889717085,99.15315444862,-0.000529380624669137
304.37,305,3429,3429,216027,216027,2024-07-29,2024-12-20,544.44,0,0,593823985,-103340263,0.0363789616884539,99.1895334103084,0
526.88,531,500,517,302000,213004,2024-07-29,2024-08-23,544.44,17,-88996,49138245,-13889440,0.43347905485839,97.2022993495189,-0.417813749976526
479.96,480,52627,52863,789405,211452,2024-07-29,2024-08-02,544.44,236,-577953,67978121,-40663837,0.311058906732653,96.8042879561205,-2.73325861188355
503.07,506,731,720,281435,210960,2024-07-29,2024-09-20,544.44,-11,-70475,587695471,-196533337,0.0358961418642615,99.3323360152285,-0.334068069776261
525.39,542,125,123,215750,204303,2024-07-29,2024-12-20,544.44,-2,-11447,593823985,-103340263,0.0344046392804427,99.2239380495889,-0.0560295247744771
284.62,285,5364,5361,177012,203718,2024-07-29,2024-12-20,544.44,-3,26706,593823985,-103340263,0.0343061252401248,99.258244174829,0.131092981474391
369.96,370,50867,50866,356069,203464,2024-07-29,2024-08-16,544.44,-1,-152605,414964222,-238212976,0.049031697002543,98.8101860984054,-0.750034404120631
490.49,491,3946,3951,323572,201501,2024-07-29,2024-08-16,544.44,5,-122071,414964222,-238212976,0.0485586441714968,98.8587447425769,-0.60580840789872
516.38,519,631,769,278902,201478,2024-07-29,2024-08-30,544.44,138,-77424,156403479,-58681327,0.128819385149355,96.9410028276929,-0.384280169547047
486.59,487,4919,4855,349249,199055,2024-07-29,2024-08-16,544.44,-64,-150194,414964222,-238212976,0.0479691957635808,98.9067139383405,-0.75453517871945
511.71,516,418,462,226138,198198,2024-07-29,2024-09-20,544.44,44,-27940,587695471,-196533337,0.0337246090501181,99.3660606242787,-0.140970140970141
544.46,570,74,77,233914,196658,2024-07-29,2024-08-16,544.44,3,-37256,414964222,-238212976,0.0473915556025936,98.9541054939431,-0.189445636587375
524.58,528,503,572,272123,195624,2024-07-29,2024-08-23,544.44,69,-76499,49138245,-13889440,0.398109456290106,97.600408805809,-0.391051200261727
495.78,497,1381,1602,232008,195444,2024-07-29,2024-08-30,544.44,221,-36564,156403479,-58681327,0.124961414701012,97.0659642423939,-0.187081721618469
493.82,496,880,895,282480,195110,2024-07-29,2024-09-20,544.44,15,-87370,587695471,-196533337,0.0331991668521808,99.3992597911308,-0.447798677669007
349.86,350,13835,13847,249030,193858,2024-07-29,2024-09-20,544.44,12,-55172,587695471,-196533337,0.0329861313496493,99.4322459224805,-0.284600068091077
314.4,315,3217,3217,231624,193020,2024-07-29,2024-12-20,544.44,0,-38604,593823985,-103340263,0.0325045813028249,99.2907487561318,-0.2
499.4,502,161,742,60858,192920,2024-07-29,2024-09-20,544.44,581,132062,587695471,-196533337,0.0328265248789028,99.4650724473594,0.684542815674891
522,537,87,128,152511,192000,2024-07-29,2024-12-20,544.44,41,39489,593823985,-103340263,0.0323328132325271,99.3230815693644,0.205671875
541.14,572,62,62,209746,191332,2024-07-29,2024-12-20,544.44,0,-18414,593823985,-103340263,0.032220321986489,99.3553018913509,-0.0962410887880752
542.57,569,72,72,190296,190296,2024-07-29,2024-08-16,544.44,0,0,414964222,-238212976,0.0458584113788971,98.9999639053219,0
294.54,295,4135,4134,210885,190164,2024-07-29,2024-12-20,544.44,-1,-20721,593823985,-103340263,0.0320236307059911,99.3873255220569,-0.108963841736606
528.58,547,108,103,202608,189726,2024-07-29,2024-12-20,544.44,-5,-12882,593823985,-103340263,0.0319498714758044,99.4192753935327,-0.0678979159419373
495.75,498,329,837,111531,188325,2024-07-29,2024-09-20,544.44,508,76794,587695471,-196533337,0.0320446573596277,99.497117104719,0.407773795300677
485.61,486,4870,4821,336030,188019,2024-07-29,2024-08-16,544.44,-49,-148011,414964222,-238212976,0.045309689373654,99.0452735946956,-0.787212994431414
523.91,537,142,143,200504,187187,2024-07-29,2024-11-15,544.44,1,-13317,171387260,-32661724,0.109218736561866,98.305897416179,-0.0711427609823332
528.15,529,1568,2196,388864,186660,2024-07-29,2024-08-02,544.44,628,-202204,67978121,-40663837,0.274588348801227,97.0788763049217,-1.08327440265724
529.61,549,96,96,185664,186144,2024-07-29,2024-12-20,544.44,0,480,593823985,-103340263,0.0313466624289351,99.4506220559616,0.00257864878803507
503.51,505,1214,1245,293788,185505,2024-07-29,2024-08-30,544.44,31,-108283,156403479,-58681327,0.11860669672188,97.1845709391157,-0.583720115360772
527.72,532,408,433,268464,185324,2024-07-29,2024-08-23,544.44,25,-83140,49138245,-13889440,0.377148186712814,97.9775569925218,-0.448619714661889
544.22,571,69,69,194304,184782,2024-07-29,2024-09-20,544.44,0,-9521.99999999997,587695471,-196533337,0.0314417941124478,99.5285588988315,-0.0515309932785659
538.8,564,74,73,205128,183960,2024-07-29,2024-11-15,544.44,-1,-21168,171387260,-32661724,0.107335866154812,98.4132332823338,-0.115068493150685
503.25,504,2407,2437,276805,182775,2024-07-29,2024-08-16,544.44,30,-94030,414964222,-238212976,0.0440459659676395,99.0893195606632,-0.514457666529887
544.06,567,61,79,165249,181226,2024-07-29,2024-08-16,544.44,18,15977,414964222,-238212976,0.0436726807739102,99.1329922414371,0.0881606392018805
500.72,502,1402,1409,323862,180352,2024-07-29,2024-08-30,544.44,7,-143510,156403479,-58681327,0.115312012976387,97.2998829520921,-0.795721699787083
520.33,534,132,130,178860,177710,2024-07-29,2024-12-20,544.44,-2,-1150,593823985,-103340263,0.0299263762476687,99.4805484322093,-0.00647121715153902
494.68,497,596,763,192508,177016,2024-07-29,2024-09-20,544.44,167,-15492,587695471,-196533337,0.0301203614346043,99.5586792602661,-0.0875175125412392
492.55,493,3917,3918,360364,176310,2024-07-29,2024-08-16,544.44,1,-184054,414964222,-238212976,0.0424880003269294,99.1754802417641,-1.04392263626567
545.98,562,65,110,136370,176220,2024-07-29,2024-08-09,544.44,45,39850,57119361,-21854332,0.308511854675685,98.0916855845079,0.226137782317558
544.31,566,90,81,193500,175689,2024-07-29,2024-08-16,544.44,-9,-17811,414964222,-238212976,0.042338348870954,99.217818590635,-0.101378003176067
490.94,492,1498,1648,179760,174688,2024-07-29,2024-08-30,544.44,150,-5072,156403479,-58681327,0.111690610155801,97.4115735622479,-0.0290346217255908
259.69,260,5632,5632,174592,174592,2024-07-29,2024-12-20,544.44,0,0,593823985,-103340263,0.029401304832778,99.509949737042,0
454.92,455,21799,21799,174392,174392,2024-07-29,2024-08-02,544.44,0,0,67978121,-40663837,0.25654136571383,97.3354176706355,0
526.44,543,55,105,94985,173880,2024-07-29,2024-12-20,544.44,50,78895,593823985,-103340263,0.0292814039837074,99.5392311410257,0.453732459167242
544.25,575,42,55,150612,169125,2024-07-29,2024-09-20,544.44,13,18513,587695471,-196533337,0.0287776592377381,99.5874569195038,0.109463414634146
426.52,428,1140,1140,168720,168720,2024-07-29,2024-10-18,544.44,0,0,286531566,-65616371,0.0588835646820148,98.6638452951463,0
503.98,507,544,557,220864,168214,2024-07-29,2024-09-20,544.44,13,-52650,587695471,-196533337,0.0286226469831005,99.6160795664869,-0.312994162198152
476.25,477,2243,2242,240001,168150,2024-07-29,2024-08-30,544.44,-1,-71851,156403479,-58681327,0.107510396236135,97.5190839584841,-0.427303003270889
497.72,499,1313,1305,225836,167040,2024-07-29,2024-08-30,544.44,-8,-58796,156403479,-58681327,0.106800693352863,97.6258846518369,-0.35198754789272
119.97,120,54890,54751,164670,164253,2024-07-29,2024-12-20,544.44,-139,-417,593823985,-103340263,0.0276602165202202,99.566891357546,-0.00253876641522529
443.67,445,527,1218,85374,161994,2024-07-29,2024-10-18,544.44,691,76620,286531566,-65616371,0.0565361793332048,98.7203814744795,0.472980480758547
505.19,506,2096,1993,318592,161433,2024-07-29,2024-08-16,544.44,-103,-157159,414964222,-238212976,0.0389028719685622,99.2567214626036,-0.97352462012104
540.86,580,41,41,160474,160474,2024-07-29,2024-12-20,544.44,0,0,593823985,-103340263,0.0270238326597738,99.5939151902057,0
525.19,541,77,100,136983,158100,2024-07-29,2024-12-20,544.44,23,21117,593823985,-103340263,0.0266240508961591,99.6205392411019,0.133567362428843
481.21,482,1986,1972,182712,155788,2024-07-29,2024-08-30,544.44,-14,-26924,156403479,-58681327,0.0996064799811774,97.7254911318181,-0.172824607800344
518.15,526,179,198,157878,155430,2024-07-29,2024-10-18,544.44,19,-2448,286531566,-65616371,0.0542453322577381,98.7746268067372,-0.0157498552403011
510.33,514,484,421,235708,154507,2024-07-29,2024-09-20,544.44,-63,-81201,587695471,-196533337,0.0262903166051453,99.6423698830921,-0.525549004252235
507.57,511,245,450,107310,154350,2024-07-29,2024-09-20,544.44,205,47040,587695471,-196533337,0.0262636020892528,99.6686334851813,0.304761904761905
369.79,370,7328,7334,227168,154014,2024-07-29,2024-09-20,544.44,6,-73154,587695471,-196533337,0.0262064296221197,99.6948399148034,-0.474982793771995
488.55,489,3461,3411,259575,153495,2024-07-29,2024-08-16,544.44,-50,-106080,414964222,-238212976,0.036989935966094,99.2937113985697,-0.69109742988371
478.33,479,2278,2278,152626,152626,2024-07-29,2024-08-16,544.44,0,0,414964222,-238212976,0.0367805203215809,99.3304919188913,0
494.24,495,1868,2005,248444,152380,2024-07-29,2024-08-23,544.44,137,-96064,49138245,-13889440,0.310104685260941,98.2876616777828,-0.630423940149626
509.55,510,3028,3375,333080,151875,2024-07-29,2024-08-09,544.44,347,-181205,57119361,-21854332,0.265890579553227,98.3575761640611,-1.19311934156379
541.68,573,48,48,146832,150336,2024-07-29,2024-12-20,544.44,0,3504,593823985,-103340263,0.0253165927610688,99.645855833863,0.0233077905491699
473.22,474,1931,1923,131308,149994,2024-07-29,2024-08-30,544.44,-8,18686,156403479,-58681327,0.0959019588048933,97.821393090623,0.124578316465992
391.17,392,1793,1793,148819,148819,2024-07-29,2024-10-18,544.44,0,0,286531566,-65616371,0.051938082102968,98.8265648888402,0
492.91,494,1181,1354,170064,147586,2024-07-29,2024-08-30,544.44,173,-22478,156403479,-58681327,0.0943623511085709,97.9157554417316,-0.152304419118345
470.44,471,2623,2623,249185,146888,2024-07-29,2024-08-30,544.44,0,-102297,156403479,-58681327,0.0939160694756668,98.0096715112072,-0.696428571428571
527.14,529,828,788,314640,146568,2024-07-29,2024-08-09,544.44,-40,-168072,57119361,-21854332,0.256599509227703,98.6141756732888,-1.14671688226625
478.26,479,1938,1966,168606,145484,2024-07-29,2024-08-30,544.44,28,-23122,156403479,-58681327,0.0930183912341234,98.1026899024414,-0.158931566357813
444.8,445,7138,7091,157036,141820,2024-07-29,2024-08-16,544.44,-47,-15216,414964222,-238212976,0.0341764403968302,99.3646683592881,-0.107290932167536
498.37,499,2239,2248,179120,141624,2024-07-29,2024-08-16,544.44,9,-37496,414964222,-238212976,0.0341292074091149,99.3987975666972,-0.264757385753827
544.09,566,64,64,159360,140224,2024-07-29,2024-08-02,544.44,0,-19136,67978121,-40663837,0.206278134695721,97.5416958053312,-0.136467366499315
518.73,519,1256,5121,115552,138267,2024-07-29,2024-08-02,544.44,3865,22715,67978121,-40663837,0.203399267243647,97.7450950725749,0.164283596230482
504.9,505,11931,13802,453378,138020,2024-07-29,2024-08-02,544.44,1871,-315358,67978121,-40663837,0.203035915040959,97.9481309876159,-2.28487175771627
489.81,490,7068,7118,332196,135242,2024-07-29,2024-08-09,544.44,50,-196954,57119361,-21854332,0.236770856032511,98.8509465293213,-1.45630795167182
521.78,536,95,95,141170,135090,2024-07-29,2024-12-20,544.44,0,-6080,593823985,-103340263,0.0227491653103234,99.6686049991733,-0.0450070323488045
491.89,494,399,635,121296,133985,2024-07-29,2024-09-20,544.44,236,12689,587695471,-196533337,0.0227983720500715,99.7176382868535,0.0947046311154234
528.6,533,303,302,208767,132880,2024-07-29,2024-08-23,544.44,-1,-75887,49138245,-13889440,0.270420728294224,98.558082406077,-0.571094220349187
279.64,280,3678,3677,161832,132372,2024-07-29,2024-12-20,544.44,-1,-29460,593823985,-103340263,0.0222914539230004,99.6908964530963,-0.222554618801559
483.25,484,1767,1756,171399,131700,2024-07-29,2024-08-30,544.44,-11,-39699,156403479,-58681327,0.084205288042218,98.1868951904836,-0.301435079726651
410.91,412,1199,1199,130691,130691,2024-07-29,2024-10-18,544.44,0,0,286531566,-65616371,0.0456113795155121,98.8721762683557,0
486.18,487,1589,1592,149366,130544,2024-07-29,2024-08-30,544.44,3,-18822,156403479,-58681327,0.0834661740484686,98.2703613645321,-0.144181272214732
481.67,482,3950,3939,217250,129987,2024-07-29,2024-08-16,544.44,-11,-87263,414964222,-238212976,0.0313248692558367,99.4301224359531,-0.671320978251671
349.98,350,64623,64837,129246,129674,2024-07-29,2024-08-16,544.44,214,428,414964222,-238212976,0.031249441066271,99.4613718770193,0.0033005845427765
526.34,527,1173,1944,239292,128304,2024-07-29,2024-08-02,544.44,771,-110988,67978121,-40663837,0.188743081027497,98.1368740686434,-0.865039281705948
514.41,515,1641,2134,244509,125906,2024-07-29,2024-08-09,544.44,493,-118603,57119361,-21854332,0.220426135369407,99.0713726646907,-0.941996410020174
545.88,571,49,50,143717,125600,2024-07-29,2024-08-30,544.44,1,-18117,156403479,-58681327,0.0803051190440591,98.3506664835761,-0.144243630573248
495.5,496,2507,2510,177997,125500,2024-07-29,2024-08-16,544.44,3,-52497,414964222,-238212976,0.0302435712156409,99.491615448235,-0.418302788844621
431.62,433,907,907,125166,125166,2024-07-29,2024-10-18,544.44,0,0,286531566,-65616371,0.0436831451931547,98.9158594135489,0
399.86,400,8475,8912,194925,124768,2024-07-29,2024-08-30,544.44,437,-70157,156403479,-58681327,0.0797731615675889,98.4304396451437,-0.562299628109772
543.32,568,0,50,0,123400,2024-07-29,2024-08-23,544.44,50,123400,49138245,-13889440,0.251128219984251,98.8092106260612,1
498.55,501,318,502,117342,122990,2024-07-29,2024-09-20,544.44,184,5648.00000000002,587695471,-196533337,0.0209275051568332,99.7385657920103,0.0459224327181073
524.01,539,97,82,173921,122918,2024-07-29,2024-12-20,544.44,-15,-51003,593823985,-103340263,0.0206993996714363,99.7115958527677,-0.414935160025383
489.91,491,1067,1123,154715,122407,2024-07-29,2024-08-30,544.44,56,-32308,156403479,-58681327,0.0782636043537113,98.5087032494974,-0.263939153806563
544.46,567.5,61,53,150182,122112,2024-07-29,2024-08-02,544.44,-8,-28070,67978121,-40663837,0.179634267913937,98.3165083365573,-0.229870938155137
423.54,425,828,836,129168,122056,2024-07-29,2024-11-15,544.44,8,-7112,171387260,-32661724,0.0712164953217643,98.4844497776556,-0.0582683358458413
543.37,564,67,59,117183,121717,2024-07-29,2024-08-02,544.44,-8,4533.99999999999,67978121,-40663837,0.179053198601944,98.4955615351592,0.0372503430087826
541.14,567,47,47,117030,121542,2024-07-29,2024-11-15,544.44,0,4512,171387260,-32661724,0.0709165897161784,98.5553663673718,0.037122969837587
488.14,489,1146,1413,173046,121518,2024-07-29,2024-08-30,544.44,267,-51528,156403479,-58681327,0.0776952026751272,98.5863984521725,-0.424035945292056
400.34,401,1809,1813,94068,119658,2024-07-29,2024-10-18,544.44,4,25590,286531566,-65616371,0.0417608438994816,98.9576202574484,0.213859499573785
489.21,491,845,665,201955,119035,2024-07-29,2024-09-20,544.44,-180,-82920,587695471,-196533337,0.0202545375749544,99.7588203295853,-0.696601839795018
477.33,478,1778,1774,167132,118858,2024-07-29,2024-08-30,544.44,-4,-48274,156403479,-58681327,0.0759944732431432,98.6623929254157,-0.406148513352067
475.29,476,1632,1632,117504,115872,2024-07-29,2024-08-30,544.44,0,-1632,156403479,-58681327,0.074085308549946,98.7364782339656,-0.0140845070422535
520.67,521,3578,3497,415048,115401,2024-07-29,2024-08-02,544.44,-81,-299647,67978121,-40663837,0.169761973856265,98.6653235090155,-2.59657195344928
471.45,472,2094,2094,150768,115170,2024-07-29,2024-08-30,544.44,0,-35598,156403479,-58681327,0.0736364694291743,98.8101147033948,-0.309090909090909
514.38,526,79,98,103806,113876,2024-07-29,2024-12-20,544.44,19,10070,593823985,-103340263,0.019176726248267,99.730772579016,0.0884295198285855
523.58,532,125,135,134625,113670,2024-07-29,2024-10-18,544.44,10,-20955,286531566,-65616371,0.0396710217959022,98.9972912792443,-0.18434943256796
474.39,475,1858,1857,195090,113277,2024-07-29,2024-08-30,544.44,-1,-81813,156403479,-58681327,0.0724261382958112,98.8825408416906,-0.722238406737467
461.39,462,1856,1856,113216,113216,2024-07-29,2024-08-30,544.44,0,0,156403479,-58681327,0.0723871366058296,98.9549279782964,0
540.48,577,31,31,113212,113212,2024-07-29,2024-11-15,544.44,0,0,171387260,-32661724,0.066056251789077,98.6214226191608,0
470.74,471,4344,4344,165072,112944,2024-07-29,2024-08-16,544.44,0,-52128,414964222,-238212976,0.0272177681862896,99.5188332164212,-0.461538461538462
494.77,495,1478,4870,67988,112010,2024-07-29,2024-08-09,544.44,3392,44022,57119361,-21854332,0.196098132120211,99.2674707968109,0.393018480492813
499.71,500,1091,3837,74188,111273,2024-07-29,2024-08-09,544.44,2746,37085,57119361,-21854332,0.194807851579432,99.4622786483903,0.333279411896866
349.45,350,1945,2010,138095,110550,2024-07-29,2024-11-15,544.44,65,-27545,171387260,-32661724,0.0645030441585915,98.6859256633194,-0.249163274536409
462.5,463,2206,2208,152214,110400,2024-07-29,2024-08-30,544.44,2,-41814,156403479,-58681327,0.0705866651470074,99.0255146434435,-0.37875
449.64,450,3068,3066,165672,110376,2024-07-29,2024-08-30,544.44,-2,-55296,156403479,-58681327,0.0705713202198015,99.0960859636633,-0.500978473581213
380.5,381,2184,2184,152880,109200,2024-07-29,2024-10-18,544.44,0,-43680,286531566,-65616371,0.0381109842536511,99.0354022634979,-0.4
538.77,562,47,47,114962,109181,2024-07-29,2024-11-15,544.44,0,-5781.00000000002,171387260,-32661724,0.0637042683335973,98.749629931653,-0.0529487731381835
518.92,529,104,108,123032,108864,2024-07-29,2024-11-15,544.44,4,-14168,171387260,-32661724,0.0635193070943546,98.8131492387474,-0.130144032921811
439.84,440,6802,6798,115634,108768,2024-07-29,2024-08-16,544.44,-4,-6866.00000000002,414964222,-238212976,0.026211416366397,99.5450446327877,-0.0631251838776112
438.16,440,569,591,116645,108744,2024-07-29,2024-11-15,544.44,22,-7900.99999999999,171387260,-32661724,0.0634492902214552,98.8765985289688,-0.072656882218789
388.3,389,1494,1494,104580,104580,2024-07-29,2024-10-18,544.44,0,0,286531566,-65616371,0.0364985964583044,99.0719008599562,0
433.93,435,820,965,118080,103255,2024-07-29,2024-10-18,544.44,145,-14825,286531566,-65616371,0.0360361692226259,99.1079370291789,-0.143576582247833
538.79,559,51,51,103071,103071,2024-07-29,2024-11-15,544.44,0,0,171387260,-32661724,0.0601392425551351,98.936737771524,0
429.89,430,9334,9334,177346,102674,2024-07-29,2024-08-16,544.44,0,-74672,414964222,-238212976,0.0247428560238622,99.5697874888115,-0.727272727272727
477.7,478,3411,3408,201249,102240,2024-07-29,2024-08-16,544.44,-3,-99009,414964222,-238212976,0.0246382686939213,99.5944257575054,-0.968397887323943
429.99,430,101218,101246,303654,101246,2024-07-29,2024-08-02,544.44,28,-202408,67978121,-40663837,0.148939097625249,98.8142626066407,-1.99917033759358
482.61,483,2593,2591,171138,101049,2024-07-29,2024-08-16,544.44,-2,-70089,414964222,-238212976,0.0243512559981617,99.6187770135036,-0.693613989252739
476.48,477,1902,1902,98904,98904,2024-07-29,2024-08-16,544.44,0,0,414964222,-238212976,0.023834343964237,99.6426113574678,0
458.53,459,2087,2087,135655,98089,2024-07-29,2024-08-30,544.44,0,-37566,156403479,-58681327,0.0627153568623624,99.1588013205256,-0.382978723404255
487.02,488,844,984,124068,96432,2024-07-29,2024-08-30,544.44,140,-27636,156403479,-58681327,0.0616559175131904,99.2204572380388,-0.286585365853659
493.47,494,1824,1819,103968,96407,2024-07-29,2024-08-16,544.44,-5,-7560.99999999999,414964222,-238212976,0.0232326053401298,99.665843962808,-0.0784279149854262
539,563,40,40,96000,96000,2024-07-29,2024-11-15,544.44,0,0,171387260,-32661724,0.0560134983195367,98.9927512698435,0
454.57,455,2219,2219,113169,95417,2024-07-29,2024-08-30,544.44,0,-17752,156403479,-58681327,0.0610069549667754,99.2814641930056,-0.186046511627907
541.39,567,38,37,97318,94757,2024-07-29,2024-08-23,544.44,-1,-2561,49138245,-13889440,0.192837574886934,99.0020482009482,-0.027027027027027
494.82,496,770,794,121660,93692,2024-07-29,2024-08-30,544.44,24,-27968,156403479,-58681327,0.0599040383238534,99.3413682313294,-0.298510011527132
516.52,529,60,75,87900,93600,2024-07-29,2024-12-20,544.44,15,5700,593823985,-103340263,0.015762246450857,99.7465348254669,0.0608974358974359
539.5,574,27,27,93150,93150,2024-07-29,2024-11-15,544.44,0,0,171387260,-32661724,0.0543505975881755,99.0471018674317,0
500.26,501,1256,1253,138160,92722,2024-07-29,2024-08-16,544.44,-3,-45438,414964222,-238212976,0.0223445769741566,99.6881885397821,-0.490045512391881
364.77,365,4028,4028,92644,92644,2024-07-29,2024-09-20,544.44,0,0,587695471,-196533337,0.0157639465627259,99.774584276148,0
521.23,533,77,78,99407,91806,2024-07-29,2024-11-15,544.44,1,-7601,171387260,-32661724,0.053566408611702,99.1006682760434,-0.0827941528876108
439.7,440,3047,3047,127974,91410,2024-07-29,2024-08-30,544.44,0,-36564,156403479,-58681327,0.0584449914953618,99.3998132228248,-0.4
219.86,220,6516,6516,136836,91224,2024-07-29,2024-12-20,544.44,0,-45612,593823985,-103340263,0.0153621278871045,99.7618969533539,-0.5
536.18,556,27,46,51462,91172,2024-07-29,2024-11-15,544.44,19,39710,171387260,-32661724,0.0531964861332167,99.1538647621766,0.435550388277103
389.1,390,950,1002,102600,90180,2024-07-29,2024-11-15,544.44,52,-12420,171387260,-32661724,0.0526176799839148,99.2064824421605,-0.137724550898204
482.27,483,1235,1235,148200,90155,2024-07-29,2024-08-30,544.44,0,-58045,156403479,-58681327,0.0576425796768881,99.4574558025017,-0.643835616438356
501.32,504,269,334,100337,89512,2024-07-29,2024-09-20,544.44,65,-10825,587695471,-196533337,0.0152310174940926,99.7898152936421,-0.120933506122084
457.54,458,1934,1934,88964,88964,2024-07-29,2024-08-30,544.44,0,0,156403479,-58681327,0.0568810876642968,99.514336890166,0
524.51,526,468,595,111384,88655,2024-07-29,2024-08-09,544.44,127,-22729,57119361,-21854332,0.15521006966447,99.6174887180548,-0.256375838926174
543.69,575,33,28,120186,87668,2024-07-29,2024-08-16,544.44,-5,-32518,414964222,-238212976,0.0211266406480701,99.7093151804302,-0.370922115253
517.76,518,3326,3646,309318,87504,2024-07-29,2024-08-02,544.44,320,-221814,67978121,-40663837,0.128723769814114,98.9429863764549,-2.53490126165661
239.78,240,3973,3974,63568,87428,2024-07-29,2024-12-20,544.44,1,23860,593823985,-103340263,0.0147228812254864,99.7766198345794,0.272910280459349
189.91,190,9674,9674,87066,87066,2024-07-29,2024-12-20,544.44,0,0,593823985,-103340263,0.0146619204005375,99.79128175498,0
413.01,414,857,857,84843,84843,2024-07-29,2024-10-18,544.44,0,0,286531566,-65616371,0.0296103501559755,99.1375473793348,0
434.86,435,6060,6054,96960,84756,2024-07-29,2024-08-16,544.44,-6,-12204,414964222,-238212976,0.0204248934020148,99.7297400738322,-0.143989806031431
543.99,600,5,15,28620,84015,2024-07-29,2024-12-20,544.44,10,55395,593823985,-103340263,0.0141481317902644,99.8054298867702,0.659346545259775
404.3,405,1173,1179,99705,82530,2024-07-29,2024-10-18,544.44,6,-17175,286531566,-65616371,0.0288031092532402,99.1663504885881,-0.208106143220647
505.89,509,399,264,179550,82104,2024-07-29,2024-09-20,544.44,-135,-97446,587695471,-196533337,0.0139705007187302,99.8037857943608,-1.18686056708565
409.2,410,885,1023,95580,81840,2024-07-29,2024-10-18,544.44,138,-13740,286531566,-65616371,0.0285622980890001,99.1949127866771,-0.167888563049853
149.94,150,13637,13637,81822,81822,2024-07-29,2024-12-20,544.44,0,0,593823985,-103340263,0.0137788304391241,99.8192087172094,0
540,585,18,18,81000,81000,2024-07-29,2024-12-20,544.44,0,0,593823985,-103340263,0.0136404055824724,99.8328491227918,0
471.64,472,2241,2241,80676,80676,2024-07-29,2024-08-16,544.44,0,0,414964222,-238212976,0.0194416761067175,99.7491817499389,0
474.57,475,1867,1867,136291,80281,2024-07-29,2024-08-23,544.44,0,-56010,49138245,-13889440,0.163377833294616,99.1654260342428,-0.697674418604651
199.9,200,7975,7975,79750,79750,2024-07-29,2024-12-20,544.44,0,0,593823985,-103340263,0.0134299054963231,99.8462790282882,0
502.35,503,1636,1222,186504,79430,2024-07-29,2024-08-16,544.44,-414,-107074,414964222,-238212976,0.0191414092562419,99.7683231591952,-1.34802971169583
299.95,300,15852,15867,110964,79335,2024-07-29,2024-09-20,544.44,15,-31629,587695471,-196533337,0.013499338333339,99.8172851326942,-0.398676498392891
523.07,538,43,53,68628,79129,2024-07-29,2024-12-20,544.44,10,10501,593823985,-103340263,0.0133253290535242,99.8596043573417,0.132707351287139
515.91,528,64,65,94400,78585,2024-07-29,2024-12-20,544.44,1,-15815,593823985,-103340263,0.013233719416032,99.8728380767577,-0.201247057326462
304.65,305,2228,2228,77980,77980,2024-07-29,2024-11-15,544.44,0,0,171387260,-32661724,0.045499297905807,99.2519817400663,0
491.89,493,682,694,106392,77034,2024-07-29,2024-08-30,544.44,12,-29358,156403479,-58681327,0.049253380099045,99.563590270265,-0.381104447386868
485.2,486,844,960,116472,76800,2024-07-29,2024-08-30,544.44,116,-39672,156403479,-58681327,0.0491037670587877,99.6126940373238,-0.5165625
392.4,393,1284,1264,51360,75840,2024-07-29,2024-10-18,544.44,-20,24480,286531566,-65616371,0.0264682879651731,99.2213810746422,0.322784810126582
414.92,415,9736,9475,107096,75800,2024-07-29,2024-08-16,544.44,-261,-31296,414964222,-238212976,0.0182666350449847,99.7865897942402,-0.41287598944591
480.28,481,1056,1042,116160,75024,2024-07-29,2024-08-30,544.44,-14,-41136,156403479,-58681327,0.0479682424455533,99.6606622797694,-0.548304542546385
531.06,536,115,150,69575,74100,2024-07-29,2024-08-23,544.44,35,4525.00000000002,49138245,-13889440,0.150799036473525,99.3162250707163,0.0610661268556007
508.48,512,734,208,338374,73216,2024-07-29,2024-09-20,544.44,-526,-265158,587695471,-196533337,0.0124581528381389,99.8297432855323,-3.6215854458042
344.88,345,6096,6095,121920,73140,2024-07-29,2024-09-20,544.44,-1,-48780,587695471,-196533337,0.012445220970573,99.8421885065029,-0.666940114848236
398.39,399,1191,1191,72651,72651,2024-07-29,2024-10-18,544.44,0,0,286531566,-65616371,0.0253553215843591,99.2467363962266,0
468.43,469,1416,1266,87792,72162,2024-07-29,2024-08-30,544.44,-150,-15630,156403479,-58681327,0.0461383598762531,99.7068006396456,-0.216595992350545
411.93,413,672,672,71904,71904,2024-07-29,2024-10-18,544.44,0,0,286531566,-65616371,0.0250946173239426,99.2718310135505,0
473.71,474,2472,2472,111240,71688,2024-07-29,2024-08-16,544.44,0,-39552,414964222,-238212976,0.0172757062414889,99.8038655004816,-0.551724137931035
479.51,480,1461,1462,130029,71638,2024-07-29,2024-08-23,544.44,1,-58391,49138245,-13889440,0.145788682522137,99.4620137532385,-0.815084173204165
349.68,350,2198,2236,81326,71552,2024-07-29,2024-10-18,544.44,38,-9774,286531566,-65616371,0.0249717687300114,99.2968027822806,-0.136599955277281
334.9,335,7142,7142,135698,71420,2024-07-29,2024-09-20,544.44,0,-64278,587695471,-196533337,0.0121525523888204,99.8543410588917,-0.9
403.3,404,1020,1020,71400,71400,2024-07-29,2024-10-18,544.44,0,0,286531566,-65616371,0.0249187204735411,99.3217215027541,0
544.27,615,10,10,72120,70730,2024-07-29,2024-08-16,544.44,0,-1390,414964222,-238212976,0.017044842964799,99.8209103434464,-0.0196521985013431
514.81,515,3420,3600,242820,68400,2024-07-29,2024-08-02,544.44,180,-174420,67978121,-40663837,0.100620609975377,99.0436069864302,-2.55
408.74,410,531,534,76995,67284,2024-07-29,2024-11-15,544.44,3,-9711,171387260,-32661724,0.0392584606347053,99.291240200701,-0.144328517924024
543.33,562,47,36,81827,67212,2024-07-29,2024-08-02,544.44,-11,-14615,67978121,-40663837,0.0988729888547523,99.142479975285,-0.217446289353091
439.7,441,516,516,67080,67080,2024-07-29,2024-10-18,544.44,0,0,286531566,-65616371,0.0234110331843857,99.3451325359385,0
527.04,541,47,48,74824,67008,2024-07-29,2024-11-15,544.44,1,-7816,171387260,-32661724,0.0390974218270366,99.3303376225281,-0.116642788920726
518.66,531,54,54,66636,66636,2024-07-29,2024-11-15,544.44,0,0,171387260,-32661724,0.0388803695210484,99.3692179920491,0
319.91,320,7355,7355,66195,66195,2024-07-29,2024-09-20,544.44,0,0,587695471,-196533337,0.0112634864936708,99.8656045453854,0
374.97,375,21982,21971,109910,65913,2024-07-29,2024-08-16,544.44,-11,-43997,414964222,-238212976,0.0158840199963071,99.8367943634427,-0.667501099934763
540.12,573,20,20,65760,65760,2024-07-29,2024-11-15,544.44,0,0,171387260,-32661724,0.0383692463488826,99.407587238398,0
540.45,569,23,23,65665,65665,2024-07-29,2024-11-15,544.44,0,0,171387260,-32661724,0.0383138163245039,99.4459010547225,0
518.91,532,35,50,50610,65450,2024-07-29,2024-12-20,544.44,15,14840,593823985,-103340263,0.0110217845107755,99.8838598612685,0.226737967914439
522.59,523,1100,1592,154000,65272,2024-07-29,2024-08-02,544.44,492,-88728,67978121,-40663837,0.0960191294490179,99.238499104734,-1.35935776443192
490.04,492,314,333,90432,65268,2024-07-29,2024-09-20,544.44,19,-25164,587695471,-196533337,0.0111057517405983,99.876710297126,-0.385548814120243
129.97,130,21744,21755,65232,65265,2024-07-29,2024-12-20,544.44,11,33.0000000000073,593823985,-103340263,0.0109906304980254,99.8948504917665,0.000505630889450813
314.85,315,4326,4326,64890,64890,2024-07-29,2024-09-20,544.44,0,0,587695471,-196533337,0.0110414327150736,99.8877517298411,0
523.53,524,1270,1363,184150,64061,2024-07-29,2024-08-02,544.44,93,-120089,67978121,-40663837,0.0942376739127579,99.3327367786468,-1.87460389316433
542.8,580,14,17,51212,63240,2024-07-29,2024-11-15,544.44,3,12028,171387260,-32661724,0.0368988920179948,99.4827999467405,0.190196078431373
433.36,435,379,381,80727,62484,2024-07-29,2024-11-15,544.44,2,-18243,171387260,-32661724,0.0364577857187284,99.5192577324592,-0.29196274246207
519.88,532,51,51,71043,61812,2024-07-29,2024-11-15,544.44,0,-9231,171387260,-32661724,0.0360656912304917,99.5553234236897,-0.149339933993399
359.83,360,3577,3589,85848,61013,2024-07-29,2024-09-20,544.44,12,-24835,587695471,-196533337,0.010381737313065,99.8981334671541,-0.407044400373691
542.19,574,19,19,66975,60439,2024-07-29,2024-12-20,544.44,0,-6536,593823985,-103340263,0.0101779317654204,99.9050284235319,-0.108142093681232
229.83,230,3533,3532,70660,60044,2024-07-29,2024-12-20,544.44,-1,-10616,593823985,-103340263,0.0101114137381972,99.9151398372701,-0.176803677303311
544.43,568,20,25,50900,58925,2024-07-29,2024-08-16,544.44,5,8025,414964222,-238212976,0.0142000193934792,99.8509943828362,0.136190072125583
504.6,505,1321,1469,112285,58760,2024-07-29,2024-08-09,544.44,148,-53525,57119361,-21854332,0.102872299289202,99.720361017344,-0.910908781484002
339.87,340,4472,4474,80496,58162,2024-07-29,2024-09-20,544.44,2,-22334,587695471,-196533337,0.00989662212319482,99.9080300892773,-0.38399642378185
395.27,396,758,758,55334,55334,2024-07-29,2024-10-18,544.44,0,0,286531566,-65616371,0.0193116593653071,99.3644441953038,0
394.95,395,11058,11064,110580,55320,2024-07-29,2024-08-16,544.44,6,-55260,414964222,-238212976,0.013331269798002,99.8643256526342,-0.998915401301518
419.09,420,604,602,73084,54782,2024-07-29,2024-10-18,544.44,-2,-18302,286531566,-65616371,0.019119010433915,99.3835632057377,-0.334087839071228
264.88,265,4551,4551,54612,54612,2024-07-29,2024-10-18,544.44,0,0,286531566,-65616371,0.0190596801470732,99.4026228858848,0
204.88,205,4515,4515,54180,54180,2024-07-29,2024-12-20,544.44,0,0,593823985,-103340263,0.00912391573405375,99.9242637530042,0
442.41,444,339,339,53901,53901,2024-07-29,2024-10-18,544.44,0,0,286531566,-65616371,0.0188115399473997,99.4214344258322,0
490.99,493,194,268,57424,53868,2024-07-29,2024-09-20,544.44,74,-3556.00000000001,587695471,-196533337,0.00916597160572639,99.917196060883,-0.0660132174946166
499.92,500,4999,6731,149970,53848,2024-07-29,2024-08-02,544.44,1732,-96122,67978121,-40663837,0.0792137223092707,99.411950500956,-1.78506165502897
537.39,567,18,18,53298,53298,2024-07-29,2024-08-30,544.44,0,0,156403479,-58681327,0.0340772470924384,99.7408778867381,0
429.01,430,537,534,56385,52866,2024-07-29,2024-10-18,544.44,-3,-3519,286531566,-65616371,0.0184503232010396,99.4398847490332,-0.0665645216207014
437.45,439,340,340,52700,52700,2024-07-29,2024-10-18,544.44,0,0,286531566,-65616371,0.018392388920947,99.4582771379542,0
264.81,265,2755,2756,55100,52364,2024-07-29,2024-11-15,544.44,1,-2736,171387260,-32661724,0.030553029437544,99.5858764531273,-0.0522496371552975
379.99,380,51984,51984,51984,51984,2024-07-29,2024-08-02,544.44,0,0,67978121,-40663837,0.0764716635812867,99.4884221645373,0
541.44,576,15,15,51840,51840,2024-07-29,2024-10-18,544.44,0,0,286531566,-65616371,0.0180922474698652,99.476369385424,0
214.83,215,3024,3024,51408,51408,2024-07-29,2024-12-20,544.44,0,0,593823985,-103340263,0.00865711074300915,99.9329208637472,0
442.95,445,243,250,50058,51250,2024-07-29,2024-11-15,544.44,7,1191.99999999999,171387260,-32661724,0.029903039467461,99.6157794925947,0.0232585365853657
472.01,473,514,514,50886,50886,2024-07-29,2024-08-30,544.44,0,0,156403479,-58681327,0.0325350819082483,99.7734129686463,0
542.65,585,11,12,33033,50820,2024-07-29,2024-11-15,544.44,1,17787,171387260,-32661724,0.0296521456729048,99.6454316382676,0.35
544.49,575,16,16,51536,48816,2024-07-29,2024-08-23,544.44,0,-2720,49138245,-13889440,0.0993442073480646,99.5613579605865,-0.0557194362504097
169.94,170,8083,8083,48498,48498,2024-07-29,2024-12-20,544.44,0,0,593823985,-103340263,0.00816706654245365,99.9410879302896,0
472.53,473,1028,1028,48316,48316,2024-07-29,2024-08-16,544.44,0,0,414964222,-238212976,0.0116434134410749,99.8759690660753,0
269.9,270,4743,4743,47430,47430,2024-07-29,2024-10-18,544.44,0,0,286531566,-65616371,0.0165531500288523,99.4929225354529,0
543.75,570,15,18,40500,47250,2024-07-29,2024-08-23,544.44,3,6750,49138245,-13889440,0.0961572803424298,99.6575152409289,0.142857142857143
314.81,315,2413,2473,50673,46987,2024-07-29,2024-10-18,544.44,60,-3685.99999999999,286531566,-65616371,0.0163985422813764,99.5093210777343,-0.078447230084917
509.86,510,2480,3349,124000,46886,2024-07-29,2024-08-02,544.44,869,-77114,67978121,-40663837,0.0689721918027125,99.55739435634,-1.64471270741799
544.59,580,13,13,48295,46033,2024-07-29,2024-09-20,544.44,0,-2262.00000000001,587695471,-196533337,0.0078327981533824,99.9250288590364,-0.0491386613950863
324.91,325,5107,5104,56177,45936,2024-07-29,2024-09-20,544.44,-3,-10241,587695471,-196533337,0.00781629300662077,99.9328451520431,-0.22294061302682
540.78,571,15,15,45330,45330,2024-07-29,2024-11-15,544.44,0,0,171387260,-32661724,0.0264488737377562,99.6718805120054,0
404.94,405,7477,7479,74770,44874,2024-07-29,2024-08-16,544.44,2,-29896,414964222,-238212976,0.0108139443404834,99.8867830104158,-0.66622097428355
460.51,461,904,906,69608,44394,2024-07-29,2024-08-30,544.44,2,-25214,156403479,-58681327,0.0283842790990602,99.8017972477454,-0.5679596341848
390.25,391,587,587,44025,44025,2024-07-29,2024-10-18,544.44,0,0,286531566,-65616371,0.0153647992835805,99.5246858770178,0
540.12,576,12,12,43056,43056,2024-07-29,2024-11-15,544.44,0,0,171387260,-32661724,0.0251220539963122,99.6970025660017,0
364.33,365,630,630,42210,42210,2024-07-29,2024-11-15,544.44,0,0,171387260,-32661724,0.0246284350423713,99.7216310010441,0
369.3,370,582,602,49470,42140,2024-07-29,2024-11-15,544.44,20,-7330,171387260,-32661724,0.0245875918665133,99.7462185929106,-0.173943996203132
364.48,365,806,806,41912,41912,2024-07-29,2024-10-18,544.44,0,0,286531566,-65616371,0.0146273587183061,99.5393132357361,0
544.43,567,33,18,73953,40626,2024-07-29,2024-08-02,544.44,-15,-33327,67978121,-40663837,0.0597633465037964,99.6171577028438,-0.820336730172796
224.83,225,2375,2370,52250,40290,2024-07-29,2024-12-20,544.44,-5,-11960,593823985,-103340263,0.00678483877676312,99.9478727690664,-0.296847853065277
414.13,415,443,440,41642,38280,2024-07-29,2024-10-18,544.44,-3,-3361.99999999999,286531566,-65616371,0.0133597845900162,99.5526730203262,-0.0878265412748169
469.62,470,925,997,52725,37886,2024-07-29,2024-08-23,544.44,72,-14839,49138245,-13889440,0.0771008406995407,99.7346160816285,-0.391675025075226
544.8,570,15,15,47370,37800,2024-07-29,2024-08-02,544.44,0,-9570,67978121,-40663837,0.0556061265653401,99.6727638294092,-0.253174603174603
269.96,270,9152,9154,64064,36616,2024-07-29,2024-09-20,544.44,2,-27448,587695471,-196533337,0.00623043766828688,99.9390755897113,-0.749617653484816
339.97,340,12183,12183,36549,36549,2024-07-29,2024-08-16,544.44,0,0,414964222,-238212976,0.0088077472857407,99.8955907577015,0
396.07,397,386,386,35898,35898,2024-07-29,2024-10-18,544.44,0,0,286531566,-65616371,0.0125284625708569,99.565201482897,0
540.8,720,2,2,35840,35840,2024-07-29,2024-12-20,544.44,0,0,593823985,-103340263,0.00603545847007173,99.9539082275365,0
544.4,580,15,10,55770,35600,2024-07-29,2024-08-16,544.44,-5,-20170,414964222,-238212976,0.00857905287073159,99.9041698105722,-0.566573033707865
541.73,574,10,11,33190,35497,2024-07-29,2024-10-18,544.44,1,2307,286531566,-65616371,0.0123885128942478,99.5775899957913,0.0649914077245964
480.64,481,957,982,50721,35352,2024-07-29,2024-08-16,544.44,25,-15369,414964222,-238212976,0.00851928868219391,99.9126890992545,-0.434742023082145
139.97,140,11641,11641,58205,34923,2024-07-29,2024-12-20,544.44,0,-23282,593823985,-103340263,0.00588103560687263,99.9597892631434,-0.666666666666667
378.46,379,645,645,34830,34830,2024-07-29,2024-10-18,544.44,0,0,286531566,-65616371,0.0121557287688157,99.5897457245601,0
274.89,275,3153,3153,34683,34683,2024-07-29,2024-10-18,544.44,0,0,286531566,-65616371,0.0121044255207819,99.6018501500809,0
459.67,460,1044,1047,56376,34551,2024-07-29,2024-08-23,544.44,3,-21825,49138245,-13889440,0.0703138665208739,99.8049299481494,-0.631674915342537
379.97,380,11447,11448,68682,34344,2024-07-29,2024-08-16,544.44,1,-34338,414964222,-238212976,0.00827637617394398,99.9209654754284,-0.999825296995108
415.11,416,384,384,34176,34176,2024-07-29,2024-10-18,544.44,0,0,286531566,-65616371,0.0119274816653185,99.6137776317462,0
543.71,568,14,14,34006,34006,2024-07-29,2024-08-09,544.44,0,0,57119361,-21854332,0.0595349797418077,99.7798959970858,0
436.9,438,308,309,48972,33990,2024-07-29,2024-10-18,544.44,1,-14982,286531566,-65616371,0.0118625673514799,99.6256401990976,-0.440776699029126
374.18,375,408,409,35088,33538,2024-07-29,2024-11-15,544.44,1,-1550,171387260,-32661724,0.0195685490275065,99.7657871419381,-0.0462162323334725
401.33,402,496,497,39680,33299,2024-07-29,2024-10-18,544.44,1,-6381,286531566,-65616371,0.0116214071855525,99.6372616062832,-0.191627376197483
542.55,590,7,7,33215,33215,2024-07-29,2024-12-20,544.44,0,0,593823985,-103340263,0.00559340828915828,99.9653826714325,0
413.65,415,245,245,33075,33075,2024-07-29,2024-11-15,544.44,0,0,171387260,-32661724,0.0192984005929029,99.785085542531,0
369.55,370,732,733,43188,32985,2024-07-29,2024-10-18,544.44,1,-10203,286531566,-65616371,0.0115118206557389,99.6487734269389,-0.309322419281492
264.97,265,10991,10991,43964,32973,2024-07-29,2024-09-20,544.44,0,-10991,587695471,-196533337,0.00561055880588877,99.9446861485172,-0.333333333333334
416.3,417,463,463,32410,32410,2024-07-29,2024-10-18,544.44,0,0,286531566,-65616371,0.0113111446855388,99.6600845716245,0
409.9,410,3228,3228,38736,32280,2024-07-29,2024-08-16,544.44,0,-6456,414964222,-238212976,0.00777898389514651,99.9287444593235,-0.2
484.44,485,562,572,46084,32032,2024-07-29,2024-08-23,544.44,10,-14052,49138245,-13889440,0.0651875133106606,99.87011746146,-0.438686313686314
544.46,580,9,9,35100,31986,2024-07-29,2024-10-18,544.44,0,-3114,286531566,-65616371,0.0111631679701217,99.6712477395946,-0.0973550928531232
179.91,180,3544,3544,31896,31896,2024-07-29,2024-12-20,544.44,0,0,593823985,-103340263,0.00537128859825357,99.9707539600308,0
354.95,355,6311,6311,31555,31555,2024-07-29,2024-08-16,544.44,0,0,414964222,-238212976,0.00760427003752627,99.9363487293611,0
515.79,516,1091,1491,85098,31311,2024-07-29,2024-08-02,544.44,400,-53787,67978121,-40663837,0.0460604081716233,99.7188242375808,-1.71783079428955
309.92,310,3864,3864,30912,30912,2024-07-29,2024-09-20,544.44,0,0,587695471,-196533337,0.00525986697624219,99.9499460154935,0
394.33,395,460,460,33580,30820,2024-07-29,2024-10-18,544.44,0,-2760,286531566,-65616371,0.0107562320027246,99.6820039715973,-0.08955223880597
383.31,384,444,444,30636,30636,2024-07-29,2024-10-18,544.44,0,0,286531566,-65616371,0.0106920156922606,99.6926959872896,0
304.94,305,5049,5049,35343,30294,2024-07-29,2024-09-20,544.44,0,-5049,587695471,-196533337,0.00515471047419387,99.9551007259677,-0.166666666666667
249.96,250,7500,7500,30000,30000,2024-07-29,2024-09-20,544.44,0,0,587695471,-196533337,0.00510468456545244,99.9602054105331,0
556.59,578,14,14,29974,29974,2024-07-29,2024-11-15,544.44,0,0,171387260,-32661724,0.0174890479023937,99.8025745904334,0
374.45,375,545,541,35425,29755,2024-07-29,2024-10-18,544.44,-4,-5670,286531566,-65616371,0.0103845452057453,99.7030805324953,-0.190556209040497
375.5,376,589,589,38285,29450,2024-07-29,2024-10-18,544.44,0,-8835,286531566,-65616371,0.0102780996911175,99.7133586321864,-0.3
244.83,245,1724,1724,29308,29308,2024-07-29,2024-12-20,544.44,0,0,593823985,-103340263,0.00493546921989013,99.9756894292507,0
494.93,495,3801,4161,83622,29127,2024-07-29,2024-08-02,544.44,360,-54495,67978121,-40663837,0.0428476097478481,99.7616718473287,-1.87094448449892
542.9,575,9,9,28890,28890,2024-07-29,2024-08-30,544.44,0,0,156403479,-58681327,0.0184714561240674,99.8202687038694,0
409.84,410,1791,1794,42984,28704,2024-07-29,2024-08-30,544.44,3,-14280,156403479,-58681327,0.0183525329382219,99.8386212368077,-0.497491638795987
430.66,432,212,212,28408,28408,2024-07-29,2024-10-18,544.44,0,0,286531566,-65616371,0.00991443993294617,99.7232730721194,0
234.74,235,1082,1082,28132,28132,2024-07-29,2024-12-20,544.44,0,0,593823985,-103340263,0.0047374307388409,99.9804268599895,0
209.9,210,2749,2749,27490,27490,2024-07-29,2024-12-20,544.44,0,0,593823985,-103340263,0.00462931789459464,99.9850561778841,0
356.59,357,667,667,27347,27347,2024-07-29,2024-10-18,544.44,0,0,286531566,-65616371,0.00954414914271609,99.7328172212621,0
449.74,450,812,1042,35728,27092,2024-07-29,2024-08-23,544.44,230,-8636,49138245,-13889440,0.0551342442124256,99.9252517056724,-0.31876568728776
516.78,517,580,1231,43500,27082,2024-07-29,2024-08-02,544.44,651,-16418,67978121,-40663837,0.0398392888794323,99.8015111362081,-0.606232922236172
407.36,408,413,413,26432,26432,2024-07-29,2024-10-18,544.44,0,0,286531566,-65616371,0.00922481259883248,99.7420420338609,0
474.96,475,6540,6589,71940,26356,2024-07-29,2024-08-02,544.44,49,-45584,67978121,-40663837,0.0387712981946059,99.8402824344027,-1.72954924874791
484.94,485,3415,4388,44395,26328,2024-07-29,2024-08-02,544.44,973,-18067,67978121,-40663837,0.0387301084712241,99.8790125428739,-0.686227590398056
440.4,442,164,164,26240,26240,2024-07-29,2024-10-18,544.44,0,0,286531566,-65616371,0.00915780427487002,99.7511998381358,0
359.25,360,347,347,26025,26025,2024-07-29,2024-11-15,544.44,0,0,171387260,-32661724,0.0151849093100619,99.8177594997435,0
544.67,570,7,10,18991,25330,2024-07-29,2024-08-09,544.44,3,6339,57119361,-21854332,0.0443457341898485,99.8242417312757,0.250256612712199
389.84,390,1556,1556,24896,24896,2024-07-29,2024-08-30,544.44,0,0,156403479,-58681327,0.0159178044882237,99.8545390412959,0
424.9,425,2179,2473,41401,24730,2024-07-29,2024-08-16,544.44,294,-16671,414964222,-238212976,0.00595954992958405,99.9423082792907,-0.674120501415285
542.14,572,8,8,23888,23888,2024-07-29,2024-09-20,544.44,0,0,587695471,-196533337,0.00406469016331759,99.9642701006964,0
254.73,255,879,878,23733,23706,2024-07-29,2024-12-20,544.44,-1,-27,593823985,-103340263,0.00399209203380359,99.9890482699179,-0.00113895216400911
429.95,431,225,225,23625,23625,2024-07-29,2024-10-18,544.44,0,0,286531566,-65616371,0.00824516486256876,99.7594450029984,0
463.48,464,449,450,26940,23400,2024-07-29,2024-08-30,544.44,1,-3540,156403479,-58681327,0.0149613040257244,99.8695003453216,-0.151282051282051
545.68,565,11,12,26257,23184,2024-07-29,2024-08-09,544.44,1,-3073,57119361,-21854332,0.0405886893587623,99.8648304206344,-0.132548309178744
541.64,579,6,6,22416,22416,2024-07-29,2024-10-18,544.44,0,0,286531566,-65616371,0.00782322182261762,99.767268224821,0
543.22,568,9,9,22302,22302,2024-07-29,2024-08-30,544.44,0,0,156403479,-58681327,0.0142592736060558,99.8837596189277,0
403.62,405,161,161,22218,22218,2024-07-29,2024-11-15,544.44,0,0,171387260,-32661724,0.0129636240173278,99.8307231237608,0
367.67,368,656,656,21648,21648,2024-07-29,2024-10-18,544.44,0,0,286531566,-65616371,0.00755518852676776,99.7748234133478,0
404.82,405,894,1189,22350,21402,2024-07-29,2024-08-30,544.44,295,-948,156403479,-58681327,0.0136838388358356,99.8974434577635,-0.0442949257078778
184.91,185,2375,2375,21375,21375,2024-07-29,2024-12-20,544.44,0,0,593823985,-103340263,0.00359955147315244,99.9926478213911,0
408.23,409,278,277,25854,21329,2024-07-29,2024-10-18,544.44,-1,-4525,286531566,-65616371,0.00744385698851763,99.7822672703363,-0.212152468470158
352.61,353,536,536,20904,20904,2024-07-29,2024-10-18,544.44,0,0,286531566,-65616371,0.00729553127141322,99.7895628016077,0
434.72,435,704,729,24640,20412,2024-07-29,2024-08-30,544.44,25,-4227.99999999999,156403479,-58681327,0.0130508605885934,99.9104943183521,-0.20713305898491
537.63,571,6,6,20022,20022,2024-07-29,2024-10-18,544.44,0,0,286531566,-65616371,0.00698771178321065,99.7965505133909,0
518.52,528,21,21,19908,19908,2024-07-29,2024-11-15,544.44,0,0,171387260,-32661724,0.0116157992140139,99.8423389229748,0
334.54,335,429,428,24024,19688,2024-07-29,2024-11-15,544.44,-1,-4336,171387260,-32661724,0.0114874349470317,99.8538263579218,-0.220235676554246
555.77,595,5,5,19615,19615,2024-07-29,2024-10-18,544.44,0,0,286531566,-65616371,0.00684566809647772,99.8033961814874,0
344.42,345,337,337,19546,19546,2024-07-29,2024-11-15,544.44,0,0,171387260,-32661724,0.011404581647434,99.8652309395693,0
516.1,527,36,17,40536,18530,2024-07-29,2024-11-15,544.44,-19,-22006,171387260,-32661724,0.0108117721235522,99.8760427116928,-1.18758769562871
538.49,600,3,3,18453,18453,2024-07-29,2024-08-09,544.44,0,0,57119361,-21854332,0.0323060336756919,99.8971364543101,0
432.85,434,159,159,15741,18285,2024-07-29,2024-10-18,544.44,0,2544,286531566,-65616371,0.00638149585236274,99.8097776773398,0.139130434782609
538.44,575,5,5,18280,18280,2024-07-29,2024-08-02,544.44,0,0,67978121,-40663837,0.0268910051220745,99.905903547996,0
547.7,568,9,9,18270,18270,2024-07-29,2024-11-15,544.44,0,0,171387260,-32661724,0.0106600688989368,99.8867027805917,0
384.96,385,4446,4476,35568,17904,2024-07-29,2024-08-16,544.44,30,-17664,414964222,-238212976,0.00431458883701063,99.9466228681277,-0.986595174262735
289.93,290,2537,2537,17759,17759,2024-07-29,2024-09-20,544.44,0,0,587695471,-196533337,0.00302180310659566,99.967291903803,0
402.32,403,261,261,14094,17748,2024-07-29,2024-10-18,544.44,0,3654,286531566,-65616371,0.00619408194628022,99.815971759286,0.205882352941176
214.98,215,8850,8850,17700,17700,2024-07-29,2024-09-20,544.44,0,0,587695471,-196533337,0.00301176389361694,99.9703036676966,0
279.78,280,803,804,13651,17688,2024-07-29,2024-11-15,544.44,1,4037,171387260,-32661724,0.0103204870653746,99.8970232676571,0.228233830845771
538.49,566,6,6,16506,16506,2024-07-29,2024-08-23,544.44,0,0,49138245,-13889440,0.0335909432662888,99.9588426489387,0
475.68,476,506,506,27324,16192,2024-07-29,2024-08-16,544.44,0,-11132,414964222,-238212976,0.00390202314839567,99.9505248912761,-0.6875
279.89,280,1467,1472,22005,16192,2024-07-29,2024-10-18,544.44,5,-5813,286531566,-65616371,0.00565103532083442,99.8216227946069,-0.359004446640316
334.98,335,8029,8029,16058,16058,2024-07-29,2024-08-16,544.44,0,0,414964222,-238212976,0.00386973120781483,99.9543946224839,0
393.74,395,126,126,15876,15876,2024-07-29,2024-11-15,544.44,0,0,171387260,-32661724,0.00926323228459338,99.9062864999417,0
371.51,372,323,323,18734,15827,2024-07-29,2024-10-18,544.44,0,-2906.99999999999,286531566,-65616371,0.00552364970496828,99.8271464443118,-0.183673469387755
379.15,380,183,185,16104,15725,2024-07-29,2024-11-15,544.44,2,-379,171387260,-32661724,0.00917512771952828,99.9154616276612,-0.0241017488076312
159.95,160,3136,3137,15680,15685,2024-07-29,2024-12-20,544.44,1,5,593823985,-103340263,0.00264135508100098,99.995289176472,0.000318775900541919
339.42,340,270,270,15660,15660,2024-07-29,2024-11-15,544.44,0,0,171387260,-32661724,0.00913720191337443,99.9245988295746,0
359.49,360,306,306,15606,15606,2024-07-29,2024-10-18,544.44,0,0,286531566,-65616371,0.00544652033207399,99.8325929646439,0
547,578,5,5,15500,15500,2024-07-29,2024-10-18,544.44,0,0,286531566,-65616371,0.00540952615321971,99.8380024907971,0
386.37,387,246,246,15498,15498,2024-07-29,2024-10-18,544.44,0,0,286531566,-65616371,0.0054088281498451,99.843411318947,0
354.51,355,312,312,15288,15288,2024-07-29,2024-10-18,544.44,0,0,286531566,-65616371,0.00533553779551116,99.8487468567425,0
489.95,490,2918,2997,55442,14985,2024-07-29,2024-08-02,544.44,79,-40457,67978121,-40663837,0.0220438573169741,99.9279474053129,-2.69983316649983
545.28,620,2,2,16394,14944,2024-07-29,2024-12-20,544.44,0,-1450,593823985,-103340263,0.0025165706299317,99.997805747102,-0.0970289079229122
329.48,330,287,287,14924,14924,2024-07-29,2024-11-15,544.44,0,0,171387260,-32661724,0.00870776509292464,99.9333065946676,0
418.57,420,104,104,15184,14872,2024-07-29,2024-11-15,544.44,0,-312,171387260,-32661724,0.00867742444800156,99.9419840191155,-0.020979020979021
279.96,280,3699,3699,14796,14796,2024-07-29,2024-09-20,544.44,0,0,587695471,-196533337,0.00251763042768114,99.9728212981243,0
436.05,437,154,154,14630,14630,2024-07-29,2024-10-18,544.44,0,0,286531566,-65616371,0.0051058946852648,99.8538527514278,0
449.92,450,1780,1828,19580,14624,2024-07-29,2024-08-09,544.44,48,-4956,57119361,-21854332,0.0256025273111861,99.9227389816213,-0.338894967177243
284.85,285,963,963,14445,14445,2024-07-29,2024-10-18,544.44,0,0,286531566,-65616371,0.00504132937311347,99.8588940808009,0
269.79,270,685,685,14385,14385,2024-07-29,2024-11-15,544.44,0,0,171387260,-32661724,0.00839327263881808,99.9503772917544,0
418.15,419,161,167,20930,14195,2024-07-29,2024-10-18,544.44,6,-6735,286531566,-65616371,0.00495407895128734,99.8638481597521,-0.474462839027827
417.31,418,195,195,13455,13455,2024-07-29,2024-10-18,544.44,0,0,286531566,-65616371,0.00469581770268201,99.8685439774548,0
539.75,573,4,4,13300,13300,2024-07-29,2024-10-18,544.44,0,0,286531566,-65616371,0.00464172244114982,99.873185699896,0
435.18,436,162,162,13284,13284,2024-07-29,2024-10-18,544.44,0,0,286531566,-65616371,0.00463613841415295,99.8778218383101,0
469.86,470,544,948,11968,13272,2024-07-29,2024-08-09,544.44,404,1304,57119361,-21854332,0.0232355540532045,99.9459745356745,0.0982519590114527
324.98,325,6592,6592,13184,13184,2024-07-29,2024-08-16,544.44,0,0,414964222,-238212976,0.00317714137774509,99.9575717638616,0
194.9,195,1303,1303,13030,13030,2024-07-29,2024-12-20,544.44,0,0,593823985,-103340263,0.00219425289801994,100,0
542.69,568,5,5,12570,12655,2024-07-29,2024-08-02,544.44,0,85,67978121,-40663837,0.0186162839069941,99.9465636892199,0.00671671276175425
544.84,570,4,5,12120,12580,2024-07-29,2024-08-30,544.44,1,460,156403479,-58681327,0.00804329934374414,99.9185376176958,0.0365659777424483
149.99,150,12558,12558,12558,12558,2024-07-29,2024-09-20,544.44,0,0,587695471,-196533337,0.00213682095909839,99.9749581190834,0
284.75,285,502,502,12550,12550,2024-07-29,2024-11-15,544.44,0,0,171387260,-32661724,0.00732259795739777,99.9576998897118,0
365.56,366,280,280,11480,12320,2024-07-29,2024-10-18,544.44,0,840,286531566,-65616371,0.00429970078759141,99.8821215390977,0.0681818181818182
405.29,406,171,173,17100,12283,2024-07-29,2024-10-18,544.44,2,-4817,286531566,-65616371,0.00428678772516114,99.8864083268229,-0.392168037124481
465.49,466,237,239,15405,12189,2024-07-29,2024-08-30,544.44,2,-3216,156403479,-58681327,0.00779330490468182,99.9263309226005,-0.263844449913857
541.7,572,4,4,12120,12120,2024-07-29,2024-08-30,544.44,0,0,156403479,-58681327,0.00774918823896494,99.9340801108395,0
324.82,325,673,673,12114,12114,2024-07-29,2024-10-18,544.44,0,0,286531566,-65616371,0.00422780644000668,99.8906361332629,0
389.95,390,2369,2370,16583,11850,2024-07-29,2024-08-16,544.44,1,-4733,414964222,-238212976,0.00285566787972386,99.9604274317413,-0.399409282700422
387.39,388,194,194,10476,11834,2024-07-29,2024-10-18,544.44,0,1358,286531566,-65616371,0.00413008596756142,99.8947662192305,0.114754098360656
329.98,330,5888,5892,11776,11784,2024-07-29,2024-08-16,544.44,4,8,414964222,-238212976,0.00283976289406464,99.9632671946354,0.000678886625933469
419.99,421,115,115,11615,11615,2024-07-29,2024-10-18,544.44,0,0,286531566,-65616371,0.00405365459804174,99.8988198738285,0
324.51,325,237,237,11613,11613,2024-07-29,2024-11-15,544.44,0,0,171387260,-32661724,0.00677588287484146,99.9644757725866,0
542.45,600,2,2,11510,11510,2024-07-29,2024-09-20,544.44,0,0,587695471,-196533337,0.00195849731161192,99.976916616395,0
244.99,245,11319,11326,11319,11326,2024-07-29,2024-08-16,544.44,7,7,414964222,-238212976,0.00272939193297489,99.9659965865684,0.000618046971569839
543.76,572,4,4,13788,11296,2024-07-29,2024-10-18,544.44,0,-2492,286531566,-65616371,0.0039423230597916,99.9027621968883,-0.220609065155807
410,411,110,110,11000,11000,2024-07-29,2024-10-18,544.44,0,0,286531566,-65616371,0.00383901856034947,99.9066012154486,0
370.48,371,211,211,10972,10972,2024-07-29,2024-10-18,544.44,0,0,286531566,-65616371,0.00382924651310495,99.9104304619618,0
329.72,330,388,388,12416,10864,2024-07-29,2024-10-18,544.44,0,-1552,286531566,-65616371,0.00379155433087606,99.9142220162926,-0.142857142857143
294.96,295,2703,2703,10812,10812,2024-07-29,2024-09-20,544.44,0,0,587695471,-196533337,0.00183972831738906,99.9787563447124,0
274.74,275,413,413,10738,10738,2024-07-29,2024-11-15,544.44,0,0,171387260,-32661724,0.00626534317661651,99.9707411157632,0
542.21,569,5,4,10845,10716,2024-07-29,2024-08-30,544.44,-1,-129,156403479,-58681327,0.00685150999742148,99.9409316208369,-0.0120380739081747
289.89,290,960,960,10560,10560,2024-07-29,2024-10-18,544.44,0,0,286531566,-65616371,0.00368545781793549,99.9179074741106,0
259.97,260,3288,3488,13152,10464,2024-07-29,2024-09-20,544.44,200,-2688,587695471,-196533337,0.00178051397642981,99.9805368586888,-0.256880733944954
474.85,475,558,656,16740,9840,2024-07-29,2024-08-09,544.44,98,-6900,57119361,-21854332,0.0172270834752511,99.9632016191498,-0.701219512195122
543.06,640,1,1,9871,9694,2024-07-29,2024-08-30,544.44,0,-177,156403479,-58681327,0.00619807184723813,99.9471296926841,-0.0182587167319992
294.8,295,484,484,9680,9680,2024-07-29,2024-10-18,544.44,0,0,286531566,-65616371,0.00337833633310754,99.9212858104437,0
548.13,572,4,4,9548,9548,2024-07-29,2024-11-15,544.44,0,0,171387260,-32661724,0.00557100918703059,99.9763121249502,0
344.94,345,1572,1575,12576,9450,2024-07-29,2024-08-30,544.44,3,-3126,156403479,-58681327,0.00604206508731177,99.9531717577715,-0.330793650793651
381.65,382,270,270,9450,9450,2024-07-29,2024-10-18,544.44,0,0,286531566,-65616371,0.0032980659450275,99.9245838763887,0
355.51,356,192,192,9408,9408,2024-07-29,2024-10-18,544.44,0,0,286531566,-65616371,0.00328340787416071,99.9278672842629,0
379.45,380,169,171,11492,9405,2024-07-29,2024-10-18,544.44,2,-2087,286531566,-65616371,0.0032823608690988,99.9311496451319,-0.221903242955874
359.98,360,4692,4693,23460,9386,2024-07-29,2024-08-16,544.44,1,-14074,414964222,-238212976,0.00226188174844626,99.9682584683168,-1.49946729171106
406.37,407,148,148,9324,9324,2024-07-29,2024-10-18,544.44,0,0,286531566,-65616371,0.00325409173242714,99.9344037368644,0
325.8,326,466,466,9320,9320,2024-07-29,2024-10-18,544.44,0,0,286531566,-65616371,0.00325269572567792,99.93765643259,0
334.96,335,2253,2278,11265,9112,2024-07-29,2024-08-30,544.44,25,-2153,156403479,-58681327,0.00582595736249575,99.958997715134,-0.236281826163301
279.99,280,8843,8843,8843,8843,2024-07-29,2024-08-16,544.44,0,0,414964222,-238212976,0.00213102709370448,99.9703894954105,0
541,585,2,2,8800,8800,2024-07-29,2024-10-18,544.44,0,0,286531566,-65616371,0.00307121484827958,99.9407276474383,0
551.31,595,2,2,8738,8738,2024-07-29,2024-11-15,544.44,0,0,171387260,-32661724,0.0050983952949595,99.9814105202452,0
384.89,385,807,791,13719,8701,2024-07-29,2024-08-30,544.44,-16,-5018,156403479,-58681327,0.00556317548409521,99.9645608906181,-0.576715320078152
542,585,2,2,8600,8600,2024-07-29,2024-09-20,544.44,0,0,587695471,-196533337,0.00146334290876303,99.9820002015976,0
382.47,383,162,162,11826,8586,2024-07-29,2024-10-18,544.44,0,-3240,286531566,-65616371,0.00299652848719642,99.9437241759255,-0.377358490566038
299.86,300,590,599,12980,8386,2024-07-29,2024-10-18,544.44,9,-4594,286531566,-65616371,0.00292672814973552,99.9466509040753,-0.547817791557358
376.48,377,158,158,8216,8216,2024-07-29,2024-10-18,544.44,0,0,286531566,-65616371,0.00286739786289375,99.9495183019382,0
374.91,375,911,911,10021,8199,2024-07-29,2024-08-30,544.44,0,-1822,156403479,-58681327,0.00524221075670574,99.9698031013748,-0.222222222222222
309.6,310,203,203,8120,8120,2024-07-29,2024-11-15,544.44,0,0,171387260,-32661724,0.00473780839952748,99.9861483286447,0
199.99,200,8049,8049,8049,8049,2024-07-29,2024-08-16,544.44,0,0,414964222,-238212976,0.00193968529653142,99.9723291807071,0
359.89,360,728,728,8008,8008,2024-07-29,2024-08-30,544.44,0,0,156403479,-58681327,0.00512009071102568,99.9749231920858,0
427.5,429,53,53,7950,7950,2024-07-29,2024-10-18,544.44,0,0,286531566,-65616371,0.00277456341407076,99.9522928653522,0
239.97,240,2613,2613,7839,7839,2024-07-29,2024-09-20,544.44,0,0,587695471,-196533337,0.00133385407695272,99.9833340556746,0
364.98,365,3915,3915,19575,7830,2024-07-29,2024-08-16,544.44,0,-11745,414964222,-238212976,0.00188690966229855,99.9742160903694,-1.5
244.98,245,3902,3902,11706,7804,2024-07-29,2024-09-20,544.44,0,-3902,587695471,-196533337,0.00132789861162636,99.9846619542862,-0.5
335.63,336,210,210,7770,7770,2024-07-29,2024-10-18,544.44,0,0,286531566,-65616371,0.00271174311035595,99.9550046084626,0
368.53,369,164,165,6724,7755,2024-07-29,2024-10-18,544.44,1,1031,286531566,-65616371,0.00270650808504638,99.9577111165476,0.132946486137976
377.52,378,158,158,9164,7584,2024-07-29,2024-10-18,544.44,0,-1580,286531566,-65616371,0.00264682879651731,99.9603579453441,-0.208333333333333
385.41,386,123,125,9225,7375,2024-07-29,2024-10-18,544.44,2,-1850,286531566,-65616371,0.00257388744387067,99.962931832788,-0.250847457627119
419.99,420,3014,7305,6028,7305,2024-07-29,2024-08-02,544.44,4291,1277,67978121,-40663837,0.0107461046179844,99.9573097938379,0.174811772758385
384.34,385,108,108,7128,7128,2024-07-29,2024-10-18,544.44,0,0,286531566,-65616371,0.00248768402710646,99.9654195168151,0
154.99,155,7046,7046,7046,7046,2024-07-29,2024-09-20,544.44,0,0,587695471,-196533337,0.0011989202482726,99.9858608745345,0
319.79,320,332,332,8300,6972,2024-07-29,2024-10-18,544.44,0,-1328,286531566,-65616371,0.00243323976388696,99.967852756579,-0.19047619047619
346.58,347,164,164,6888,6888,2024-07-29,2024-10-18,544.44,0,0,286531566,-65616371,0.00240392362215338,99.9702566802012,0
542.74,577,2,2,6852,6852,2024-07-29,2024-08-30,544.44,0,0,156403479,-58681327,0.00438097671727622,99.9793041688031,0
344.99,345,6703,6759,26812,6759,2024-07-29,2024-08-16,544.44,56,-20053,414964222,-238212976,0.001628815122283,99.9758449054917,-2.96685900281107
289.71,290,230,230,6670,6670,2024-07-29,2024-11-15,544.44,0,0,171387260,-32661724,0.00389177118532614,99.9900400998301,0
543.67,577,2,2,7686,6666,2024-07-29,2024-09-20,544.44,0,-1020,587695471,-196533337,0.00113426091044353,99.9869951354449,-0.153015301530153
199.99,200,6652,6652,6652,6652,2024-07-29,2024-09-20,544.44,0,0,587695471,-196533337,0.00113187872431299,99.9881270141692,0
274.97,275,2180,2178,13080,6534,2024-07-29,2024-09-20,544.44,-2,-6546,587695471,-196533337,0.00111180029835554,99.9892388144676,-1.00183654729109
284.96,285,1605,1633,9630,6532,2024-07-29,2024-09-20,544.44,28,-3098,587695471,-196533337,0.00111145998605118,99.9903502744536,-0.474280465401102
423.06,424,67,68,6633,6392,2024-07-29,2024-10-18,544.44,1,-241.000000000001,286531566,-65616371,0.00223081878525035,99.9724874989864,-0.0377033792240302
358.49,359,125,125,6375,6375,2024-07-29,2024-10-18,544.44,0,0,286531566,-65616371,0.00222488575656617,99.974712384743,0
249.99,250,6276,6276,6276,6276,2024-07-29,2024-08-16,544.44,0,0,414964222,-238212976,0.00151241954541324,99.9773573250371,0
544.89,576,2,2,6222,6222,2024-07-29,2024-08-30,544.44,0,0,156403479,-58681327,0.0039781723781221,99.9832823411812,0
224.99,225,6217,6217,12434,6217,2024-07-29,2024-09-20,544.44,0,-6217,587695471,-196533337,0.00105786079811393,99.9914081352517,-1
349.95,350,1237,1236,8659,6180,2024-07-29,2024-08-30,544.44,-1,-2479,156403479,-58681327,0.00395131875551183,99.9872336599367,-0.401132686084142
421.01,422,59,61,4425,6039,2024-07-29,2024-10-18,544.44,2,1614,286531566,-65616371,0.00210762118963186,99.9768200059326,0.267262791852956
545.23,605,1,1,5079,5977,2024-07-29,2024-09-20,544.44,0,898,587695471,-196533337,0.00101702332159031,99.9924251585733,0.150242596620378
314.99,315,5927,5932,11854,5932,2024-07-29,2024-08-16,544.44,5,-5922,414964222,-238212976,0.00142952083228033,99.9787868458693,-0.998314227916386
219.98,220,2960,2960,5920,5920,2024-07-29,2024-09-20,544.44,0,0,587695471,-196533337,0.00100732442091595,99.9934324829943,0
460.55,461,131,131,5895,5895,2024-07-29,2024-08-16,544.44,0,0,414964222,-238212976,0.00142060440092592,99.9802074502703,0
333.74,334,222,222,5772,5772,2024-07-29,2024-10-18,544.44,0,0,286531566,-65616371,0.00201443773912156,99.9788344436717,0
466.54,467,124,124,5704,5704,2024-07-29,2024-08-16,544.44,0,0,414964222,-238212976,0.00137457633636666,99.9815820266066,0
332.75,333,225,225,5625,5625,2024-07-29,2024-10-18,544.44,0,0,286531566,-65616371,0.0019631344910878,99.9807975781628,0
363.45,364,102,102,5610,5610,2024-07-29,2024-10-18,544.44,0,0,286531566,-65616371,0.00195789946577823,99.9827554776286,0
234.97,235,1869,1869,5607,5607,2024-07-29,2024-09-20,544.44,0,0,587695471,-196533337,0.00095406554528306,99.9943865485395,0
314.68,315,173,173,6747,5536,2024-07-29,2024-11-15,544.44,0,-1211,171387260,-32661724,0.00323011173642662,99.9932702115665,-0.21875
294.99,295,5388,5399,5388,5399,2024-07-29,2024-08-16,544.44,11,11,414964222,-238212976,0.00130107602385056,99.9828831026305,0.00203741433598815
319.99,320,5262,5265,10524,5265,2024-07-29,2024-08-16,544.44,3,-5259,414964222,-238212976,0.00126878408326971,99.9841518867138,-0.998860398860399
259.98,260,2606,2606,5212,5212,2024-07-29,2024-08-16,544.44,0,0,414964222,-238212976,0.0012560118978161,99.9854078986116,0
394.85,395,345,345,4830,5175,2024-07-29,2024-08-30,544.44,0,345,156403479,-58681327,0.00330874992876597,99.9905424098655,0.0666666666666667
545.59,571,2,2,5082,5082,2024-07-29,2024-08-23,544.44,0,0,49138245,-13889440,0.0103422497079413,99.9691848986467,0
484.83,485,593,298,24313,5066,2024-07-29,2024-08-09,544.44,-295,-19247,57119361,-21854332,0.0088691468379697,99.9720707659877,-3.7992499013028
334.74,335,189,190,6804,4940,2024-07-29,2024-10-18,544.44,1,-1864,286531566,-65616371,0.00172406833528422,99.9844795459639,-0.377327935222672
339.67,340,149,148,6705,4884,2024-07-29,2024-10-18,544.44,-1,-1821,286531566,-65616371,0.00170452424079517,99.9861840702047,-0.372850122850123
541.67,590,1,1,4833,4833,2024-07-29,2024-09-20,544.44,0,0,587695471,-196533337,0.000822364683494387,99.995208913223,0
344.64,345,133,133,6251,4788,2024-07-29,2024-10-18,544.44,0,-1463,286531566,-65616371,0.00167102007881393,99.9878550902835,-0.305555555555556
479.84,480,282,294,9870,4704,2024-07-29,2024-08-09,544.44,12,-5166,57119361,-21854332,0.00823538624670539,99.9803061522344,-1.09821428571429
323.68,324,147,147,4704,4704,2024-07-29,2024-10-18,544.44,0,0,286531566,-65616371,0.00164170393708036,99.9894967942206,0
541.03,564,2,2,4594,4594,2024-07-29,2024-08-09,544.44,0,0,57119361,-21854332,0.00804280706151457,99.988348959296,0
209.98,210,2269,2269,4538,4538,2024-07-29,2024-09-20,544.44,0,0,587695471,-196533337,0.000772168618600772,99.9959810818416,0
354.93,355,637,637,5733,4459,2024-07-29,2024-08-30,544.44,0,-1274,156403479,-58681327,0.00285095960045748,99.9933933694659,-0.285714285714286
549.11,571,2,2,4378,4378,2024-07-29,2024-08-16,544.44,0,0,414964222,-238212976,0.00105503071539503,99.986462929327,0
369.86,370,309,309,4326,4326,2024-07-29,2024-08-30,544.44,0,0,156403479,-58681327,0.00276592312885828,99.9961592925948,0
384.16,385,52,50,5876,4200,2024-07-29,2024-11-15,544.44,-2,-1676,171387260,-32661724,0.00245059055147973,99.995720802118,-0.399047619047619
546.75,567.5,2,2,4150,4150,2024-07-29,2024-08-23,544.44,0,0,49138245,-13889440,0.00844556007240389,99.9776304587191,0
552.75,573,2,2,4050,4050,2024-07-29,2024-08-23,544.44,0,0,49138245,-13889440,0.0082420526007797,99.9858725113199,0
545.49,585,1,1,2530,3951,2024-07-29,2024-08-30,544.44,0,1421,156403479,-58681327,0.00252615864126654,99.998685451236,0.359655783345988
545.35,565,4,2,7656,3930,2024-07-29,2024-08-02,544.44,-2,-3726,67978121,-40663837,0.00578127188893615,99.9630910657269,-0.948091603053435
169.98,170,1948,1948,3896,3896,2024-07-29,2024-09-20,544.44,0,0,587695471,-196533337,0.00066292836890009,99.9966440102105,0
464.59,465,91,95,4641,3895,2024-07-29,2024-08-23,544.44,4,-746,49138245,-13889440,0.0079266160197622,99.9937991273396,-0.191527599486521
459.97,460,1295,1282,12950,3846,2024-07-29,2024-08-02,544.44,-13,-9104,67978121,-40663837,0.00565770271879095,99.9687487684457,-2.36713468538742
304.99,305,3803,3803,3803,3803,2024-07-29,2024-08-16,544.44,0,0,414964222,-238212976,0.000916464552454838,99.9873793938794,0
254.98,255,1878,1878,7512,3756,2024-07-29,2024-09-20,544.44,0,-3756,587695471,-196533337,0.000639106507594645,99.9972831167181,-1
309.99,310,3734,3735,7468,3735,2024-07-29,2024-08-16,544.44,1,-3733,414964222,-238212976,0.000900077597533216,99.988279471477,-0.99946452476573
467.49,468,70,70,3570,3570,2024-07-29,2024-08-16,544.44,0,0,414964222,-238212976,0.000860315133385162,99.9891397866103,0
554.25,572,2,2,3550,3550,2024-07-29,2024-08-16,544.44,0,0,414964222,-238212976,0.000855495440761156,99.9899952820511,0
345.78,346,161,161,3542,3542,2024-07-29,2024-10-18,544.44,0,0,286531566,-65616371,0.00123616397643253,99.990732958197,0
393.49,394,68,68,3468,3468,2024-07-29,2024-10-18,544.44,0,0,286531566,-65616371,0.001210337851572,99.9919432960486,0
457.81,458,102,182,3366,3458,2024-07-29,2024-08-16,544.44,80,91.9999999999995,414964222,-238212976,0.000833324854690726,99.9908286069058,0.0266049739733949
174.99,175,3413,3413,3413,3413,2024-07-29,2024-09-20,544.44,0,0,587695471,-196533337,0.000580742947396306,99.9978638596655,0
469.96,470,1024,837,10240,3348,2024-07-29,2024-08-02,544.44,-187,-6892,67978121,-40663837,0.00492511406721583,99.9736738825129,-2.05854241338112
229.98,230,1650,1650,4950,3300,2024-07-29,2024-09-20,544.44,0,-1650,587695471,-196533337,0.000561515302199768,99.9984253749677,-0.5
264.99,265,3244,3244,3244,3244,2024-07-29,2024-08-16,544.44,0,0,414964222,-238212976,0.000781754143613856,99.9916103610494,0
543.96,576,0,1,0,3204,2024-07-29,2024-08-02,544.44,1,3204,67978121,-40663837,0.00471328120410978,99.978387163717,1
234.99,235,3193,3193,3193,3193,2024-07-29,2024-08-16,544.44,0,0,414964222,-238212976,0.000769463927422639,99.9923798249768,0
254.99,255,3084,3084,3084,3084,2024-07-29,2024-08-16,544.44,0,0,414964222,-238212976,0.000743196602621804,99.9931230215794,0
541.53,572,1,1,3047,3047,2024-07-29,2024-08-23,544.44,0,0,49138245,-13889440,0.00620087266038907,100,0
284.99,285,2965,2965,2965,2965,2024-07-29,2024-08-16,544.44,0,0,414964222,-238212976,0.000714519431508965,99.993837541011,0
289.99,290,2931,2931,2931,2931,2024-07-29,2024-08-16,544.44,0,0,414964222,-238212976,0.000706325954048154,99.994543866965,0
299.99,300,2809,2909,2809,2909,2024-07-29,2024-08-16,544.44,100,100,414964222,-238212976,0.000701024292161747,99.9952448912572,0.0343760742523204
439.98,440,1447,1454,5788,2908,2024-07-29,2024-08-02,544.44,7,-2880,67978121,-40663837,0.00427784698550288,99.9826650107025,-0.990371389270977
550.24,579,1,1,2876,2876,2024-07-29,2024-11-15,544.44,0,0,171387260,-32661724,0.00167807105382279,99.9973988731718,0
319.62,320,75,75,3150,2850,2024-07-29,2024-11-15,544.44,0,-300,171387260,-32661724,0.00166290073136125,99.9990617739032,-0.105263157894737
409.99,410,2693,2773,5386,2773,2024-07-29,2024-08-02,544.44,80,-2613,67978121,-40663837,0.00407925367634095,99.9867442643788,-0.94230075730256
463.53,464,57,57,2679,2679,2024-07-29,2024-08-16,544.44,0,0,414964222,-238212976,0.000645597826985672,99.9958904890842,0
540.83,567.5,1,1,2667,2667,2024-07-29,2024-08-09,544.44,0,0,57119361,-21854332,0.00466916988094457,99.9930181291769,0
194.99,195,2477,2477,2477,2477,2024-07-29,2024-09-20,544.44,0,0,587695471,-196533337,0.00042147678895419,99.9988468517567,0
328.84,329,144,144,2304,2304,2024-07-29,2024-10-18,544.44,0,0,286531566,-65616371,0.000804099887549562,99.9927473959361,0
326.79,327,105,105,2205,2205,2024-07-29,2024-10-18,544.44,0,0,286531566,-65616371,0.000769548720506417,99.9935169446566,0
274.99,275,2113,2113,2113,2113,2024-07-29,2024-08-16,544.44,0,0,414964222,-238212976,0.000509200525726288,99.9963996896099,0
341.81,342,111,111,2109,2109,2024-07-29,2024-10-18,544.44,0,0,286531566,-65616371,0.000736044558525185,99.9942529892152,0
339.96,340,503,514,2515,2056,2024-07-29,2024-08-30,544.44,11,-459,156403479,-58681327,0.00131454876396963,100,-0.223249027237354
454.92,455,250,251,5250,2008,2024-07-29,2024-08-09,544.44,1,-3242,57119361,-21854332,0.00351544548966505,99.9965335746666,-1.61454183266932
468.75,469,1,80,28,2000,2024-07-29,2024-08-16,544.44,79,1972,414964222,-238212976,0.000481969262400651,99.9968816588723,0.986
459.9,460,198,198,3960,1980,2024-07-29,2024-08-09,544.44,0,-1980,57119361,-21854332,0.00346642533343467,100,-1
330.82,331,108,108,1944,1944,2024-07-29,2024-10-18,544.44,0,0,286531566,-65616371,0.000678459280119943,99.9949314484953,0
269.99,270,1940,1940,1940,1940,2024-07-29,2024-08-16,544.44,0,0,414964222,-238212976,0.000467510184528632,99.9973491690568,0
425.04,426,19,20,1387,1920,2024-07-29,2024-10-18,544.44,1,533,286531566,-65616371,0.000670083239624635,99.9956015317349,0.277604166666667
462.64,463,49,49,1764,1764,2024-07-29,2024-08-16,544.44,0,0,414964222,-238212976,0.000425096889437374,99.9977742659462,0
184.99,185,1690,1690,1690,1690,2024-07-29,2024-09-20,544.44,0,0,587695471,-196533337,0.000287563897187154,99.9991344156539,0
224.99,225,1685,1685,1685,1685,2024-07-29,2024-08-16,544.44,0,0,414964222,-238212976,0.000406059103572549,99.9981803250498,0
239.99,240,1608,1608,1608,1608,2024-07-29,2024-08-16,544.44,0,0,414964222,-238212976,0.000387503286970123,99.9985678283368,0
354.33,355,24,24,1608,1608,2024-07-29,2024-11-15,544.44,0,0,171387260,-32661724,0.00093822609685224,100,0
362.55,363,35,35,1575,1575,2024-07-29,2024-10-18,544.44,0,0,286531566,-65616371,0.000549677657504584,99.9961512093924,0
422.25,423,21,21,1575,1575,2024-07-29,2024-10-18,544.44,0,0,286531566,-65616371,0.000549677657504584,99.9967008870499,0
444.98,445,735,777,3675,1554,2024-07-29,2024-08-02,544.44,42,-2121,67978121,-40663837,0.0022860296476862,99.9890302940265,-1.36486486486487
399.99,400,1429,1542,2858,1542,2024-07-29,2024-08-02,544.44,113,-1316,67978121,-40663837,0.00226837690909403,99.9912986709356,-0.853437094682231
159.99,160,1494,1494,1494,1494,2024-07-29,2024-09-20,544.44,0,0,587695471,-196533337,0.000254213291359531,99.9993886289452,0
229.99,230,1441,1441,1441,1441,2024-07-29,2024-08-16,544.44,0,0,414964222,-238212976,0.000347258853559669,99.9989150871903,0
343.56,344,32,32,1408,1408,2024-07-29,2024-10-18,544.44,0,0,286531566,-65616371,0.000491394375724733,99.9971922814257,0
464.97,465,465,468,4650,1404,2024-07-29,2024-08-02,544.44,3,-3246,67978121,-40663837,0.00206537041528406,99.9933640413509,-2.31196581196581
327.76,328,58,58,928,1392,2024-07-29,2024-10-18,544.44,0,464,286531566,-65616371,0.000485810348727861,99.9976780917744,0.333333333333333
204.99,205,1372,1373,1372,1373,2024-07-29,2024-09-20,544.44,1,1,587695471,-196533337,0.00023362439694554,99.9996222533422,0.000728332119446468
461.68,462,42,42,1344,1344,2024-07-29,2024-08-16,544.44,0,0,414964222,-238212976,0.000323883344333238,99.9992389705347,0
179.99,180,1325,1325,1325,1325,2024-07-29,2024-09-20,544.44,0,0,587695471,-196533337,0.000225456901640816,99.9998477102438,0
349.99,350,1243,1247,1243,1247,2024-07-29,2024-08-02,544.44,4,4,67978121,-40663837,0.00183441375203648,99.9951984551029,0.00320769847634322
449.98,450,615,615,3690,1230,2024-07-29,2024-08-02,544.44,0,-2460,67978121,-40663837,0.00180940570569757,99.9970078608086,-2
219.99,220,1227,1227,1227,1227,2024-07-29,2024-08-16,544.44,0,0,414964222,-238212976,0.000295688142482799,99.9995346586772,0
397.45,398,21,21,1155,1155,2024-07-29,2024-10-18,544.44,0,0,286531566,-65616371,0.000403096948836695,99.9980811887232,0
372.46,373,18,18,1116,972,2024-07-29,2024-10-18,544.44,0,-144,286531566,-65616371,0.000339229640059972,99.9984204183633,-0.148148148148148
458.83,459,49,49,833,833,2024-07-29,2024-08-16,544.44,0,0,414964222,-238212976,0.000200740197789871,99.999735398875,0
357.74,358,29,29,754,754,2024-07-29,2024-10-18,544.44,0,0,286531566,-65616371,0.000263147272227591,99.9986835656355,0
434.98,435,236,326,1180,652,2024-07-29,2024-08-02,544.44,90,-528,67978121,-40663837,0.000959132130174648,99.9979669929388,-0.809815950920245
209.99,210,647,647,647,647,2024-07-29,2024-08-16,544.44,0,0,414964222,-238212976,0.000155917056386611,99.9998913159313,0
369.99,370,644,644,644,644,2024-07-29,2024-08-02,544.44,0,0,67978121,-40663837,0.000947363637779867,99.9989143565766,0
361.73,362,23,23,621,621,2024-07-29,2024-10-18,544.44,0,0,286531566,-65616371,0.000216730047816093,99.9989002956833,0
189.99,190,612,612,612,612,2024-07-29,2024-09-20,544.44,0,0,587695471,-196533337,0.00010413556513523,99.9999518458089,0
366.44,367,10,10,560,560,2024-07-29,2024-10-18,544.44,0,0,286531566,-65616371,0.000195440944890519,99.9990957366282,0
389.99,390,402,402,402,402,2024-07-29,2024-08-02,544.44,0,0,67978121,-40663837,0.000591366742837743,99.9995057233194,0
373.5,374,7,8,441,400,2024-07-29,2024-10-18,544.44,1,-41,286531566,-65616371,0.000139600674921799,99.9992353373031,-0.1025
347.56,348,9,9,396,396,2024-07-29,2024-10-18,544.44,0,0,286531566,-65616371,0.000138204668172581,99.9993735419713,0
204.99,205,362,362,362,362,2024-07-29,2024-08-16,544.44,0,0,414964222,-238212976,8.72364364945178e-05,99.9999785523678,0
331.8,332,17,17,340,340,2024-07-29,2024-10-18,544.44,0,0,286531566,-65616371,0.000118660573683529,99.999492202545,0
359.99,360,336,336,336,336,2024-07-29,2024-08-02,544.44,0,0,67978121,-40663837,0.000494276680580801,100,0
350.59,351,7,7,287,287,2024-07-29,2024-10-18,544.44,0,0,286531566,-65616371,0.000100163484256391,99.9995923660292,0
164.99,165,283,283,283,283,2024-07-29,2024-09-20,544.44,0,0,587695471,-196533337,4.81541910674347e-05,100,0
348.79,349,12,12,252,252,2024-07-29,2024-10-18,544.44,0,0,286531566,-65616371,8.79484252007334e-05,99.9996803144544,0
336.81,337,10,10,190,190,2024-07-29,2024-10-18,544.44,0,0,286531566,-65616371,6.63103205878545e-05,99.999746624775,0
338.81,339,9,9,171,171,2024-07-29,2024-10-18,544.44,0,0,286531566,-65616371,5.96792885290691e-05,99.9998063040636,0
360.47,361,3,3,159,159,2024-07-29,2024-10-18,544.44,0,0,286531566,-65616371,5.54912682814151e-05,99.9998617953318,0
342.79,343,6,6,126,126,2024-07-29,2024-10-18,544.44,0,0,286531566,-65616371,4.39742126003667e-05,99.9999057695444,0
337.8,338,6,6,120,120,2024-07-29,2024-10-18,544.44,0,0,286531566,-65616371,4.18802024765397e-05,99.9999476497469,0
340.8,341,6,6,120,120,2024-07-29,2024-10-18,544.44,0,0,286531566,-65616371,4.18802024765397e-05,99.9999895299494,0
214.99,215,89,89,89,89,2024-07-29,2024-08-16,544.44,0,0,414964222,-238212976,2.1447632176829e-05,100,0
351.7,352,1,1,30,30,2024-07-29,2024-10-18,544.44,0,0,286531566,-65616371,1.04700506191349e-05,100,0
549.49,569,0,0,0,0,2024-07-29,2024-08-02,544.44,0,0,67978121,-40663837,0,100,
554.4,571,0,0,0,0,2024-07-29,2024-08-02,544.44,0,0,67978121,-40663837,0,100,
554.21,572,0,0,0,0,2024-07-29,2024-08-02,544.44,0,0,67978121,-40663837,0,100,
561.52,572.5,0,0,0,0,2024-07-29,2024-08-02,544.44,0,0,67978121,-40663837,0,100,
552.67,573,0,0,0,0,2024-07-29,2024-08-02,544.44,0,0,67978121,-40663837,0,100,
574,574,0,0,0,0,2024-07-29,2024-08-02,544.44,0,0,67978121,-40663837,0,100,
577,577,0,0,0,0,2024-07-29,2024-08-02,544.44,0,0,67978121,-40663837,0,100,
578,578,0,0,0,0,2024-07-29,2024-08-02,544.44,0,0,67978121,-40663837,0,100,
579,579,0,0,0,0,2024-07-29,2024-08-02,544.44,0,0,67978121,-40663837,0,100,
557.25,580,0,0,0,0,2024-07-29,2024-08-02,544.44,0,0,67978121,-40663837,0,100,
585,585,0,0,0,0,2024-07-29,2024-08-02,544.44,0,0,67978121,-40663837,0,100,
590,590,0,0,0,0,2024-07-29,2024-08-02,544.44,0,0,67978121,-40663837,0,100,
554.31,595,0,0,0,0,2024-07-29,2024-08-02,544.44,0,0,67978121,-40663837,0,100,
600,600,0,0,0,0,2024-07-29,2024-08-02,544.44,0,0,67978121,-40663837,0,100,
605,605,0,0,0,0,2024-07-29,2024-08-02,544.44,0,0,67978121,-40663837,0,100,
552.85,610,0,0,0,0,2024-07-29,2024-08-02,544.44,0,0,67978121,-40663837,0,100,
615,615,0,0,0,0,2024-07-29,2024-08-02,544.44,0,0,67978121,-40663837,0,100,
620,620,0,0,0,0,2024-07-29,2024-08-02,544.44,0,0,67978121,-40663837,0,100,
625,625,0,0,0,0,2024-07-29,2024-08-02,544.44,0,0,67978121,-40663837,0,100,
630,630,0,0,0,0,2024-07-29,2024-08-02,544.44,0,0,67978121,-40663837,0,100,
635,635,0,0,0,0,2024-07-29,2024-08-02,544.44,0,0,67978121,-40663837,0,100,
640,640,0,0,0,0,2024-07-29,2024-08-02,544.44,0,0,67978121,-40663837,0,100,
542.83,645,0,0,0,0,2024-07-29,2024-08-02,544.44,0,0,67978121,-40663837,0,100,
543.21,566,0,0,0,0,2024-07-29,2024-08-09,544.44,0,0,57119361,-21854332,0,100,
545.98,567,0,0,0,0,2024-07-29,2024-08-09,544.44,0,0,57119361,-21854332,0,100,
542.75,569,0,0,0,0,2024-07-29,2024-08-09,544.44,0,0,57119361,-21854332,0,100,
552.9,571,0,0,0,0,2024-07-29,2024-08-09,544.44,0,0,57119361,-21854332,0,100,
544.03,572,0,0,0,0,2024-07-29,2024-08-09,544.44,0,0,57119361,-21854332,0,100,
542.28,572.5,0,0,0,0,2024-07-29,2024-08-09,544.44,0,0,57119361,-21854332,0,100,
554.52,573,0,0,0,0,2024-07-29,2024-08-09,544.44,0,0,57119361,-21854332,0,100,
574,574,0,0,0,0,2024-07-29,2024-08-09,544.44,0,0,57119361,-21854332,0,100,
555.13,575,0,0,0,0,2024-07-29,2024-08-09,544.44,0,0,57119361,-21854332,0,100,
558.26,580,0,0,0,0,2024-07-29,2024-08-09,544.44,0,0,57119361,-21854332,0,100,
560.13,585,0,0,0,0,2024-07-29,2024-08-09,544.44,0,0,57119361,-21854332,0,100,
590,590,0,0,0,0,2024-07-29,2024-08-09,544.44,0,0,57119361,-21854332,0,100,
538.2,595,0,0,0,0,2024-07-29,2024-08-09,544.44,0,0,57119361,-21854332,0,100,
538.48,605,0,0,0,0,2024-07-29,2024-08-09,544.44,0,0,57119361,-21854332,0,100,
538.47,610,0,0,0,0,2024-07-29,2024-08-09,544.44,0,0,57119361,-21854332,0,100,
615,615,0,0,0,0,2024-07-29,2024-08-09,544.44,0,0,57119361,-21854332,0,100,
620,620,0,0,0,0,2024-07-29,2024-08-09,544.44,0,0,57119361,-21854332,0,100,
625,625,0,0,0,0,2024-07-29,2024-08-09,544.44,0,0,57119361,-21854332,0,100,
630,630,0,0,0,0,2024-07-29,2024-08-09,544.44,0,0,57119361,-21854332,0,100,
635,635,0,0,0,0,2024-07-29,2024-08-09,544.44,0,0,57119361,-21854332,0,100,
640,640,0,0,0,0,2024-07-29,2024-08-09,544.44,0,0,57119361,-21854332,0,100,
645,645,0,0,0,0,2024-07-29,2024-08-09,544.44,0,0,57119361,-21854332,0,100,
573,573,0,0,0,0,2024-07-29,2024-08-16,544.44,0,0,414964222,-238212976,0,100,
574,574,0,0,0,0,2024-07-29,2024-08-16,544.44,0,0,414964222,-238212976,0,100,
541.31,576,0,0,0,0,2024-07-29,2024-08-16,544.44,0,0,414964222,-238212976,0,100,
577,577,0,0,0,0,2024-07-29,2024-08-16,544.44,0,0,414964222,-238212976,0,100,
544.38,585,0,0,0,0,2024-07-29,2024-08-16,544.44,0,0,414964222,-238212976,0,100,
544.39,590,0,0,0,0,2024-07-29,2024-08-16,544.44,0,0,414964222,-238212976,0,100,
544.09,595,0,0,0,0,2024-07-29,2024-08-16,544.44,0,0,414964222,-238212976,0,100,
544.21,600,0,0,0,0,2024-07-29,2024-08-16,544.44,0,0,414964222,-238212976,0,100,
529.7,605,0,0,0,0,2024-07-29,2024-08-16,544.44,0,0,414964222,-238212976,0,100,
610,610,0,0,0,0,2024-07-29,2024-08-16,544.44,0,0,414964222,-238212976,0,100,
544.27,620,0,0,0,0,2024-07-29,2024-08-16,544.44,0,0,414964222,-238212976,0,100,
544.24,625,0,0,0,0,2024-07-29,2024-08-16,544.44,0,0,414964222,-238212976,0,100,
544.74,630,0,0,0,0,2024-07-29,2024-08-16,544.44,0,0,414964222,-238212976,0,100,
504.99,635,0,0,0,0,2024-07-29,2024-08-16,544.44,0,0,414964222,-238212976,0,100,
559.46,640,0,0,0,0,2024-07-29,2024-08-16,544.44,0,0,414964222,-238212976,0,100,
544.02,645,0,0,0,0,2024-07-29,2024-08-16,544.44,0,0,414964222,-238212976,0,100,
544.55,650,0,0,0,0,2024-07-29,2024-08-16,544.44,0,0,414964222,-238212976,0,100,
541.99,569,0,0,0,0,2024-07-29,2024-08-23,544.44,0,0,49138245,-13889440,0,100,
551.68,572.5,0,0,0,0,2024-07-29,2024-08-23,544.44,0,0,49138245,-13889440,0,100,
554.37,574,0,0,0,0,2024-07-29,2024-08-23,544.44,0,0,49138245,-13889440,0,100,
552.9,580,0,0,0,0,2024-07-29,2024-08-23,544.44,0,0,49138245,-13889440,0,100,
555.38,585,0,0,0,0,2024-07-29,2024-08-23,544.44,0,0,49138245,-13889440,0,100,
559.03,590,0,0,0,0,2024-07-29,2024-08-23,544.44,0,0,49138245,-13889440,0,100,
559.99,595,0,0,0,0,2024-07-29,2024-08-23,544.44,0,0,49138245,-13889440,0,100,
559.41,600,0,0,0,0,2024-07-29,2024-08-23,544.44,0,0,49138245,-13889440,0,100,
605,605,0,0,0,0,2024-07-29,2024-08-23,544.44,0,0,49138245,-13889440,0,100,
610,610,0,0,0,0,2024-07-29,2024-08-23,544.44,0,0,49138245,-13889440,0,100,
615,615,0,0,0,0,2024-07-29,2024-08-23,544.44,0,0,49138245,-13889440,0,100,
620,620,0,0,0,0,2024-07-29,2024-08-23,544.44,0,0,49138245,-13889440,0,100,
625,625,0,0,0,0,2024-07-29,2024-08-23,544.44,0,0,49138245,-13889440,0,100,
630,630,0,0,0,0,2024-07-29,2024-08-23,544.44,0,0,49138245,-13889440,0,100,
635,635,0,0,0,0,2024-07-29,2024-08-23,544.44,0,0,49138245,-13889440,0,100,
640,640,0,0,0,0,2024-07-29,2024-08-23,544.44,0,0,49138245,-13889440,0,100,
645,645,0,0,0,0,2024-07-29,2024-08-23,544.44,0,0,49138245,-13889440,0,100,
554.3,573,0,0,0,0,2024-07-29,2024-08-30,544.44,0,0,156403479,-58681327,0,100,
547,574,0,0,0,0,2024-07-29,2024-08-30,544.44,0,0,156403479,-58681327,0,100,
542.8,580,0,0,0,0,2024-07-29,2024-08-30,544.44,0,0,156403479,-58681327,0,100,
561.42,590,0,0,0,0,2024-07-29,2024-08-30,544.44,0,0,156403479,-58681327,0,100,
560.89,595,0,0,0,0,2024-07-29,2024-08-30,544.44,0,0,156403479,-58681327,0,100,
544.72,600,0,0,0,0,2024-07-29,2024-08-30,544.44,0,0,156403479,-58681327,0,100,
554.2,605,0,0,0,0,2024-07-29,2024-08-30,544.44,0,0,156403479,-58681327,0,100,
555.11,610,0,0,0,0,2024-07-29,2024-08-30,544.44,0,0,156403479,-58681327,0,100,
615,615,0,0,0,0,2024-07-29,2024-08-30,544.44,0,0,156403479,-58681327,0,100,
620,620,0,0,0,0,2024-07-29,2024-08-30,544.44,0,0,156403479,-58681327,0,100,
625,625,0,0,0,0,2024-07-29,2024-08-30,544.44,0,0,156403479,-58681327,0,100,
630,630,0,0,0,0,2024-07-29,2024-08-30,544.44,0,0,156403479,-58681327,0,100,
554.79,635,0,0,0,0,2024-07-29,2024-08-30,544.44,0,0,156403479,-58681327,0,100,
548.51,645,0,0,0,0,2024-07-29,2024-08-30,544.44,0,0,156403479,-58681327,0,100,
541.08,574,0,0,0,0,2024-07-29,2024-09-20,544.44,0,0,587695471,-196533337,0,100,
555.15,576,0,0,0,0,2024-07-29,2024-09-20,544.44,0,0,587695471,-196533337,0,100,
554.51,578,0,0,0,0,2024-07-29,2024-09-20,544.44,0,0,587695471,-196533337,0,100,
549.46,579,0,0,0,0,2024-07-29,2024-09-20,544.44,0,0,587695471,-196533337,0,100,
543.09,581,1,0,3570,0,2024-07-29,2024-09-20,544.44,-1,-3570,587695471,-196533337,0,100,-Inf
553.78,582,0,0,0,0,2024-07-29,2024-09-20,544.44,0,0,587695471,-196533337,0,100,
542.45,595,0,0,0,0,2024-07-29,2024-09-20,544.44,0,0,587695471,-196533337,0,100,
554.19,610,0,0,0,0,2024-07-29,2024-09-20,544.44,0,0,587695471,-196533337,0,100,
544.54,615,0,0,0,0,2024-07-29,2024-09-20,544.44,0,0,587695471,-196533337,0,100,
620,620,0,0,0,0,2024-07-29,2024-09-20,544.44,0,0,587695471,-196533337,0,100,
498,625,0,0,0,0,2024-07-29,2024-09-20,544.44,0,0,587695471,-196533337,0,100,
630,630,0,0,0,0,2024-07-29,2024-09-20,544.44,0,0,587695471,-196533337,0,100,
635,635,0,0,0,0,2024-07-29,2024-09-20,544.44,0,0,587695471,-196533337,0,100,
435.01,640,0,0,0,0,2024-07-29,2024-09-20,544.44,0,0,587695471,-196533337,0,100,
645,645,0,0,0,0,2024-07-29,2024-09-20,544.44,0,0,587695471,-196533337,0,100,
545.05,650,0,0,0,0,2024-07-29,2024-09-20,544.44,0,0,587695471,-196533337,0,100,
434.75,655,0,0,0,0,2024-07-29,2024-09-20,544.44,0,0,587695471,-196533337,0,100,
660,660,0,0,0,0,2024-07-29,2024-09-20,544.44,0,0,587695471,-196533337,0,100,
435,665,0,0,0,0,2024-07-29,2024-09-20,544.44,0,0,587695471,-196533337,0,100,
434.73,670,0,0,0,0,2024-07-29,2024-09-20,544.44,0,0,587695471,-196533337,0,100,
434.51,675,0,0,0,0,2024-07-29,2024-09-20,544.44,0,0,587695471,-196533337,0,100,
434.79,680,0,0,0,0,2024-07-29,2024-09-20,544.44,0,0,587695471,-196533337,0,100,
450.5,685,0,0,0,0,2024-07-29,2024-09-20,544.44,0,0,587695471,-196533337,0,100,
434.75,690,0,0,0,0,2024-07-29,2024-09-20,544.44,0,0,587695471,-196533337,0,100,
434.68,695,0,0,0,0,2024-07-29,2024-09-20,544.44,0,0,587695471,-196533337,0,100,
563.09,700,0,0,0,0,2024-07-29,2024-09-20,544.44,0,0,587695471,-196533337,0,100,
354,354,0,0,0,0,2024-07-29,2024-10-18,544.44,0,0,286531566,-65616371,0,100,
545.94,577,0,0,0,0,2024-07-29,2024-10-18,544.44,0,0,286531566,-65616371,0,100,
558.8,590,0,0,0,0,2024-07-29,2024-10-18,544.44,0,0,286531566,-65616371,0,100,
542.57,600,0,0,0,0,2024-07-29,2024-10-18,544.44,0,0,286531566,-65616371,0,100,
605,605,0,0,0,0,2024-07-29,2024-10-18,544.44,0,0,286531566,-65616371,0,100,
540.47,610,0,0,0,0,2024-07-29,2024-10-18,544.44,0,0,286531566,-65616371,0,100,
540.45,615,0,0,0,0,2024-07-29,2024-10-18,544.44,0,0,286531566,-65616371,0,100,
620,620,0,0,0,0,2024-07-29,2024-10-18,544.44,0,0,286531566,-65616371,0,100,
625,625,0,0,0,0,2024-07-29,2024-10-18,544.44,0,0,286531566,-65616371,0,100,
630,630,0,0,0,0,2024-07-29,2024-10-18,544.44,0,0,286531566,-65616371,0,100,
635,635,0,0,0,0,2024-07-29,2024-10-18,544.44,0,0,286531566,-65616371,0,100,
640,640,0,0,0,0,2024-07-29,2024-10-18,544.44,0,0,286531566,-65616371,0,100,
645,645,0,0,0,0,2024-07-29,2024-10-18,544.44,0,0,286531566,-65616371,0,100,
521.61,650,0,0,0,0,2024-07-29,2024-10-18,544.44,0,0,286531566,-65616371,0,100,
655,655,0,0,0,0,2024-07-29,2024-10-18,544.44,0,0,286531566,-65616371,0,100,
660,660,0,0,0,0,2024-07-29,2024-10-18,544.44,0,0,286531566,-65616371,0,100,
665,665,0,0,0,0,2024-07-29,2024-10-18,544.44,0,0,286531566,-65616371,0,100,
670,670,0,0,0,0,2024-07-29,2024-10-18,544.44,0,0,286531566,-65616371,0,100,
675,675,0,0,0,0,2024-07-29,2024-10-18,544.44,0,0,286531566,-65616371,0,100,
680,680,0,0,0,0,2024-07-29,2024-10-18,544.44,0,0,286531566,-65616371,0,100,
543.97,590,0,0,0,0,2024-07-29,2024-11-15,544.44,0,0,171387260,-32661724,0,100,
605,605,0,0,0,0,2024-07-29,2024-11-15,544.44,0,0,171387260,-32661724,0,100,
610,610,0,0,0,0,2024-07-29,2024-11-15,544.44,0,0,171387260,-32661724,0,100,
552.29,615,0,0,0,0,2024-07-29,2024-11-15,544.44,0,0,171387260,-32661724,0,100,
620,620,0,0,0,0,2024-07-29,2024-11-15,544.44,0,0,171387260,-32661724,0,100,
625,625,0,0,0,0,2024-07-29,2024-11-15,544.44,0,0,171387260,-32661724,0,100,
630,630,0,0,0,0,2024-07-29,2024-11-15,544.44,0,0,171387260,-32661724,0,100,
635,635,0,0,0,0,2024-07-29,2024-11-15,544.44,0,0,171387260,-32661724,0,100,
640,640,0,0,0,0,2024-07-29,2024-11-15,544.44,0,0,171387260,-32661724,0,100,
645,645,0,0,0,0,2024-07-29,2024-11-15,544.44,0,0,171387260,-32661724,0,100,
650,650,0,0,0,0,2024-07-29,2024-11-15,544.44,0,0,171387260,-32661724,0,100,
655,655,0,0,0,0,2024-07-29,2024-11-15,544.44,0,0,171387260,-32661724,0,100,
660,660,0,0,0,0,2024-07-29,2024-11-15,544.44,0,0,171387260,-32661724,0,100,
665,665,0,0,0,0,2024-07-29,2024-11-15,544.44,0,0,171387260,-32661724,0,100,
670,670,0,0,0,0,2024-07-29,2024-11-15,544.44,0,0,171387260,-32661724,0,100,
675,675,0,0,0,0,2024-07-29,2024-11-15,544.44,0,0,171387260,-32661724,0,100,
546.36,680,0,0,0,0,2024-07-29,2024-11-15,544.44,0,0,171387260,-32661724,0,100,
553.86,595,0,0,0,0,2024-07-29,2024-12-20,544.44,0,0,593823985,-103340263,0,100,
546.34,605,0,0,0,0,2024-07-29,2024-12-20,544.44,0,0,593823985,-103340263,0,100,
558.6,615,0,0,0,0,2024-07-29,2024-12-20,544.44,0,0,593823985,-103340263,0,100,
538.01,625,0,0,0,0,2024-07-29,2024-12-20,544.44,0,0,593823985,-103340263,0,100,
501.25,630,0,0,0,0,2024-07-29,2024-12-20,544.44,0,0,593823985,-103340263,0,100,
514.35,635,0,0,0,0,2024-07-29,2024-12-20,544.44,0,0,593823985,-103340263,0,100,
545.03,640,0,0,0,0,2024-07-29,2024-12-20,544.44,0,0,593823985,-103340263,0,100,
493.79,645,0,0,0,0,2024-07-29,2024-12-20,544.44,0,0,593823985,-103340263,0,100,
544.86,650,0,0,0,0,2024-07-29,2024-12-20,544.44,0,0,593823985,-103340263,0,100,
453.98,655,0,0,0,0,2024-07-29,2024-12-20,544.44,0,0,593823985,-103340263,0,100,
418.16,660,0,0,0,0,2024-07-29,2024-12-20,544.44,0,0,593823985,-103340263,0,100,
665,665,0,0,0,0,2024-07-29,2024-12-20,544.44,0,0,593823985,-103340263,0,100,
670,670,0,0,0,0,2024-07-29,2024-12-20,544.44,0,0,593823985,-103340263,0,100,
675,675,0,0,0,0,2024-07-29,2024-12-20,544.44,0,0,593823985,-103340263,0,100,
680,680,0,0,0,0,2024-07-29,2024-12-20,544.44,0,0,593823985,-103340263,0,100,
685,685,0,0,0,0,2024-07-29,2024-12-20,544.44,0,0,593823985,-103340263,0,100,
690,690,0,0,0,0,2024-07-29,2024-12-20,544.44,0,0,593823985,-103340263,0,100,
493.35,695,0,0,0,0,2024-07-29,2024-12-20,544.44,0,0,593823985,-103340263,0,100,
498.41,700,0,0,0,0,2024-07-29,2024-12-20,544.44,0,0,593823985,-103340263,0,100,
705,705,0,0,0,0,2024-07-29,2024-12-20,544.44,0,0,593823985,-103340263,0,100,
418.57,710,0,0,0,0,2024-07-29,2024-12-20,544.44,0,0,593823985,-103340263,0,100,
494.27,715,0,0,0,0,2024-07-29,2024-12-20,544.44,0,0,593823985,-103340263,0,100,
540.77,725,0,0,0,0,2024-07-29,2024-12-20,544.44,0,0,593823985,-103340263,0,100,
730,730,0,0,0,0,2024-07-29,2024-12-20,544.44,0,0,593823985,-103340263,0,100,
735,735,0,0,0,0,2024-07-29,2024-12-20,544.44,0,0,593823985,-103340263,0,100,
740,740,0,0,0,0,2024-07-29,2024-12-20,544.44,0,0,593823985,-103340263,0,100,
544.46,745,0,0,0,0,2024-07-29,2024-12-20,544.44,0,0,593823985,-103340263,0,100,
544.42,750,0,0,0,0,2024-07-29,2024-12-20,544.44,0,0,593823985,-103340263,0,100,
755,755,0,0,0,0,2024-07-29,2024-12-20,544.44,0,0,593823985,-103340263,0,100,
760,760,0,0,0,0,2024-07-29,2024-12-20,544.44,0,0,593823985,-103340263,0,100,
765,765,0,0,0,0,2024-07-29,2024-12-20,544.44,0,0,593823985,-103340263,0,100,
557.26,770,0,0,0,0,2024-07-29,2024-12-20,544.44,0,0,593823985,-103340263,0,100,
